total_WL(14901,20704).
[[1,9,2,0,0,0,2,3,1],730,1930].
[[2,9,1,1,2,1,1,2,1],182,535].
[[3,5,0,1,2,1,1,1,1],153,12].
[[1,9,2,1,2,1,0,0,0],143,563].
[[2,9,2,1,2,1,2,2,0],40,154].
[[3,9,1,1,1,1,1,2,1],53,413].
[[1,9,2,0,0,0,2,1,1],307,745].
[[2,9,1,1,2,0,1,2,1],40,130].
[[3,8,0,1,2,0,1,2,1],32,178].
[[2,9,1,1,2,1,2,3,1],96,396].
[[3,9,1,1,2,1,1,2,1],124,1029].
[[2,8,1,1,2,1,2,3,1],639,422].
[[3,8,1,1,2,1,2,3,1],394,296].
[[1,8,0,0,0,0,0,0,0],475,1307].
[[2,7,1,0,0,0,0,0,0],278,180].
[[3,7,1,1,2,0,2,3,1],151,90].
[[1,8,1,0,0,0,2,2,1],746,415].
[[2,7,1,0,0,0,2,2,1],137,74].
[[3,7,1,1,2,0,2,2,1],102,53].
[[1,8,1,0,0,0,2,1,0],55,31].
[[2,8,1,1,2,1,2,1,0],33,35].
[[3,8,1,1,2,1,1,1,0],44,45].
[[1,9,2,1,2,0,0,0,0],11,62].
[[2,9,1,1,1,0,2,3,0],0,7].
[[3,9,1,1,1,0,2,3,0],1,15].
[[1,8,1,0,0,0,2,1,1],436,230].
[[2,7,1,0,0,0,2,1,1],83,43].
[[3,7,1,0,0,0,2,1,1],90,52].
[[1,9,2,0,0,0,1,2,0],164,266].
[[2,8,1,0,0,0,1,2,1],469,271].
[[3,8,1,1,2,1,1,2,1],722,536].
[[1,8,0,1,2,1,0,0,0],142,438].
[[2,8,0,1,2,1,0,0,0],54,330].
[[3,8,0,1,2,1,2,2,1],56,332].
[[1,9,2,1,2,1,1,2,0],80,90].
[[2,8,1,1,2,1,1,2,1],445,217].
[[1,9,2,0,0,0,1,2,1],306,550].
[[2,8,0,0,0,0,1,2,1],76,166].
[[3,6,0,1,2,1,1,2,1],2,11].
[[2,8,0,1,2,0,2,3,0],13,44].
[[3,8,0,1,2,0,2,3,0],15,105].
[[1,9,2,1,1,1,2,3,1],65,85].
[[2,4,1,1,2,0,1,2,1],30,6].
[[3,4,1,1,2,0,1,2,1],155,45].
[[3,8,0,0,0,0,1,1,1],21,105].
[[1,9,2,1,2,1,2,3,1],349,849].
[[2,9,1,1,1,1,2,3,1],35,88].
[[2,9,2,1,1,1,2,3,0],22,32].
[[3,4,1,1,2,0,2,3,0],46,14].
[[1,8,1,1,2,1,2,2,1],240,110].
[[2,6,1,1,2,1,2,2,1],47,6].
[[3,6,1,1,2,1,2,2,1],98,4].
[[3,7,0,1,2,1,0,0,0],10,75].
[[1,8,0,0,0,0,2,3,1],155,342].
[[2,7,1,0,0,0,2,3,1],218,86].
[[3,7,1,1,2,1,2,3,1],464,215].
[[1,3,2,0,0,0,0,0,0],25,1].
[[2,3,2,1,2,1,2,2,1],6,0].
[[3,3,2,1,2,1,1,2,1],9,0].
[[2,8,0,0,0,0,2,3,1],163,505].
[[3,7,0,0,0,0,2,3,1],5,39].
[[1,9,2,0,0,0,2,3,0],552,1036].
[[3,7,1,1,2,1,1,2,1],327,111].
[[2,8,1,0,0,0,2,1,1],278,175].
[[3,8,1,0,0,0,2,3,1],208,145].
[[1,8,1,1,2,1,2,3,1],353,174].
[[3,8,1,1,1,1,1,2,1],255,187].
[[1,8,1,1,2,1,0,0,0],422,311].
[[1,9,2,0,0,0,0,0,0],292,1433].
[[2,9,2,1,2,0,2,3,0],13,58].
[[3,9,1,1,2,0,2,3,0],4,69].
[[2,8,1,0,0,0,1,1,1],170,147].
[[3,8,1,0,0,0,1,1,1],119,95].
[[1,9,2,0,0,0,2,2,1],524,1394].
[[2,8,0,1,2,1,2,2,1],93,358].
[[3,8,0,1,2,1,2,3,1],123,516].
[[1,9,2,1,2,1,2,2,1],247,596].
[[2,9,1,1,2,1,2,2,1],45,259].
[[1,9,2,0,0,0,2,2,0],410,864].
[[2,9,1,0,0,0,2,2,0],82,261].
[[1,9,2,0,0,0,2,1,0],194,421].
[[2,9,2,0,0,0,1,1,0],5,30].
[[3,9,1,0,0,0,1,1,0],5,65].
[[2,9,1,1,2,1,2,2,0],79,293].
[[3,9,1,1,2,1,2,3,0],12,263].
[[2,9,1,0,0,0,1,2,0],87,197].
[[3,8,1,1,2,0,1,1,1],85,97].
[[3,8,0,1,2,1,2,3,0],93,375].
[[2,9,2,0,0,0,2,3,0],62,224].
[[3,9,1,1,2,1,1,2,0],100,360].
[[2,9,1,0,0,0,1,2,1],183,526].
[[3,9,1,1,2,0,1,2,1],36,306].
[[2,8,1,0,0,0,0,0,0],48,96].
[[3,8,1,0,0,0,2,2,0],15,40].
[[3,8,0,0,0,0,1,2,0],30,85].
[[2,8,0,1,2,1,2,2,0],77,219].
[[3,8,0,1,2,1,2,2,0],47,398].
[[3,8,0,0,0,0,2,2,0],25,151].
[[1,8,0,0,0,0,2,1,1],69,138].
[[3,8,0,1,1,1,2,3,1],32,175].
[[1,9,2,1,1,1,0,0,0],31,40].
[[3,4,1,1,2,0,2,2,0],30,6].
[[2,9,2,0,0,0,2,2,1],46,183].
[[3,9,1,0,0,0,1,2,1],62,406].
[[2,8,0,0,0,0,0,0,0],49,387].
[[3,8,0,1,2,1,2,1,0],35,217].
[[2,9,2,1,2,1,1,1,1],35,119].
[[3,8,1,1,2,1,1,1,1],202,243].
[[1,8,0,1,2,1,2,2,0],22,44].
[[2,8,0,1,1,1,1,2,0],9,10].
[[3,8,0,1,1,1,1,2,0],25,45].
[[2,9,1,1,2,1,1,2,0],101,204].
[[2,9,2,1,1,1,2,2,1],12,36].
[[3,9,1,1,1,1,2,2,1],3,41].
[[1,9,2,1,2,1,2,1,0],74,181].
[[3,7,1,1,1,1,2,3,1],134,67].
[[1,8,1,1,2,1,2,1,1],127,81].
[[2,7,1,1,1,1,2,1,1],6,3].
[[3,4,1,1,2,0,2,1,1],15,7].
[[1,9,2,1,2,1,2,3,0],251,433].
[[3,8,1,1,2,1,1,2,0],119,56].
[[2,8,1,1,2,0,2,1,1],66,58].
[[3,8,1,1,2,0,2,3,1],151,129].
[[2,8,0,0,0,0,2,3,0],121,278].
[[3,8,0,1,2,0,1,2,0],29,71].
[[2,8,1,1,1,1,2,1,1],45,30].
[[3,7,2,1,1,1,2,1,1],21,2].
[[2,8,1,1,2,1,2,2,1],403,261].
[[2,8,1,1,1,1,2,1,0],8,7].
[[3,4,1,1,2,0,2,1,0],20,7].
[[1,9,2,0,0,0,1,1,1],117,219].
[[2,8,0,0,0,0,1,1,1],25,72].
[[3,5,0,0,0,0,1,1,1],66,3].
[[3,8,1,1,2,0,1,2,1],266,217].
[[2,9,2,1,2,1,2,2,1],39,185].
[[3,9,1,1,2,1,1,1,1],40,299].
[[1,9,2,1,2,1,2,2,0],186,317].
[[2,9,2,1,2,1,1,2,0],38,64].
[[3,8,0,1,2,1,1,2,0],98,247].
[[2,9,2,0,0,0,0,0,0],6,96].
[[3,8,0,0,0,0,0,0,0],1,64].
[[2,9,2,0,0,0,2,2,0],38,177].
[[1,7,1,0,0,0,2,3,1],50,11].
[[2,7,1,1,2,1,2,3,1],155,62].
[[1,6,1,1,2,1,0,0,0],60,8].
[[2,6,1,1,2,1,0,0,0],84,7].
[[3,3,2,1,2,1,2,3,1],38,1].
[[2,8,1,1,1,1,0,0,0],13,9].
[[3,8,1,1,1,1,2,2,0],15,28].
[[2,9,1,0,0,0,2,3,1],115,400].
[[3,8,0,0,0,0,2,3,1],45,202].
[[2,9,2,0,0,0,2,1,0],22,82].
[[3,8,0,0,0,0,2,1,0],14,97].
[[2,6,0,1,2,1,2,3,1],1,12].
[[3,6,0,1,2,1,2,3,1],10,40].
[[2,6,0,1,2,1,0,0,0],7,35].
[[1,8,1,1,2,1,1,1,1],24,26].
[[2,8,1,1,2,1,1,1,1],102,98].
[[3,7,1,1,1,1,1,1,1],30,16].
[[1,8,1,1,1,1,0,0,0],36,14].
[[3,8,1,1,1,1,2,3,1],124,136].
[[2,8,0,1,2,1,2,3,0],113,252].
[[3,7,1,1,2,1,2,3,0],86,35].
[[1,8,0,1,2,1,2,3,0],49,51].
[[2,8,0,1,2,1,1,2,0],58,48].
[[2,9,2,0,0,0,2,3,1],56,302].
[[3,9,1,0,0,0,2,3,1],13,71].
[[3,8,0,1,1,1,1,2,1],32,205].
[[1,8,1,0,0,0,0,0,0],1272,903].
[[2,8,1,1,2,0,2,3,1],175,146].
[[3,6,1,1,1,0,2,3,1],6,4].
[[1,9,2,1,1,1,2,1,0],10,22].
[[2,8,0,1,1,1,2,1,0],9,22].
[[3,8,0,1,1,1,2,1,0],8,71].
[[2,8,0,0,0,0,2,2,1],128,346].
[[3,7,1,0,0,0,2,2,1],145,76].
[[1,8,1,0,0,0,2,3,1],1112,544].
[[2,8,1,1,2,1,2,1,1],216,162].
[[3,7,1,1,2,1,2,1,1],146,102].
[[2,8,1,0,0,0,2,2,1],530,313].
[[3,7,1,1,2,1,2,2,1],292,166].
[[1,9,2,1,1,1,2,2,1],39,42].
[[1,8,1,1,1,1,2,2,0],6,0].
[[3,4,1,1,2,0,1,1,1],49,22].
[[3,7,1,1,1,1,2,3,0],20,21].
[[2,9,1,1,2,1,0,0,0],3,93].
[[3,7,2,0,0,0,2,1,1],25,6].
[[3,8,1,1,2,1,2,2,1],232,211].
[[3,9,1,1,2,1,2,1,0],17,188].
[[3,9,1,1,2,0,2,2,0],10,85].
[[3,9,1,1,2,0,2,3,1],7,49].
[[2,9,1,1,2,0,2,2,0],15,64].
[[2,8,1,0,0,0,2,3,1],776,459].
[[3,8,1,0,0,0,1,2,1],353,238].
[[3,8,0,1,1,1,2,2,0],15,115].
[[1,8,1,0,0,0,2,3,0],198,59].
[[2,7,2,0,0,0,2,2,1],104,9].
[[3,7,2,0,0,0,2,2,1],61,10].
[[1,8,0,1,2,1,2,1,1],21,47].
[[2,9,1,0,0,0,1,1,1],66,140].
[[3,9,1,0,0,0,1,1,1],18,112].
[[1,9,2,1,2,1,1,1,0],29,54].
[[2,9,1,1,2,1,1,1,0],27,105].
[[1,7,2,0,0,0,2,3,1],97,10].
[[2,7,2,1,2,0,2,3,1],41,10].
[[3,7,2,1,2,0,1,2,1],90,9].
[[2,8,1,1,2,0,1,1,1],42,55].
[[1,7,2,0,0,0,2,1,1],32,3].
[[2,7,2,1,2,1,2,1,1],41,4].
[[3,7,2,1,2,1,2,2,1],118,13].
[[3,9,1,0,0,0,2,2,0],8,113].
[[2,9,1,1,2,1,2,3,0],88,265].
[[3,9,1,1,1,1,2,3,0],6,74].
[[3,8,1,1,1,1,2,1,1],19,35].
[[2,8,1,1,2,1,2,3,0],93,78].
[[3,8,1,1,2,1,2,3,0],34,98].
[[3,8,0,0,0,0,1,2,1],78,269].
[[1,7,1,0,0,0,0,0,0],309,141].
[[2,9,1,0,0,0,2,3,0],98,261].
[[2,7,0,1,2,1,0,0,0],17,41].
[[3,7,0,1,2,1,2,3,1],27,84].
[[1,8,0,1,2,1,1,2,1],1,6].
[[2,8,0,1,2,1,1,2,1],73,152].
[[3,8,0,1,2,1,1,2,1],152,641].
[[2,9,2,1,1,1,2,2,0],20,26].
[[3,9,1,1,1,1,2,2,0],10,105].
[[3,9,1,0,0,0,2,3,0],4,109].
[[2,8,1,1,2,0,2,2,1],122,107].
[[3,7,2,1,2,0,2,3,1],94,9].
[[2,8,1,1,1,1,2,2,1],85,56].
[[3,4,1,1,2,0,2,2,1],48,13].
[[2,7,1,1,2,1,0,0,0],177,131].
[[1,8,0,0,0,0,2,2,1],122,248].
[[3,8,0,1,2,0,2,3,1],35,146].
[[2,8,1,0,0,0,2,2,0],86,61].
[[3,8,1,1,2,0,2,3,0],16,33].
[[3,6,1,1,2,1,1,2,1],76,4].
[[1,8,0,0,0,0,2,2,0],68,123].
[[2,8,0,0,0,0,2,2,0],75,224].
[[3,6,0,0,0,0,2,2,0],4,9].
[[2,5,0,1,2,0,1,1,0],7,2].
[[3,5,0,1,2,0,1,1,0],44,8].
[[2,9,2,0,0,0,2,1,1],17,86].
[[3,8,0,0,0,0,2,1,1],13,55].
[[1,9,2,1,2,1,2,1,1],130,304].
[[1,8,1,1,2,1,1,2,1],105,39].
[[2,8,1,1,1,1,1,2,1],61,40].
[[1,9,2,1,2,0,2,1,1],10,42].
[[2,9,2,1,2,0,1,1,1],10,27].
[[3,9,1,1,2,0,1,1,1],17,93].
[[2,8,0,1,1,1,2,3,1],34,66].
[[3,7,0,1,1,1,2,3,1],7,24].
[[2,4,1,1,2,0,2,3,1],23,5].
[[1,8,1,0,0,0,1,2,1],264,148].
[[1,8,1,1,2,1,2,1,0],17,10].
[[2,7,2,1,2,1,1,2,1],42,13].
[[2,9,1,0,0,0,2,2,1],57,248].
[[3,9,1,1,2,1,2,3,1],26,179].
[[3,8,0,0,0,0,2,2,1],22,116].
[[2,9,2,1,2,0,1,1,0],3,7].
[[3,8,0,1,2,0,1,1,0],10,34].
[[3,9,1,1,2,1,2,2,0],28,284].
[[3,6,0,1,2,1,2,2,1],7,32].
[[1,8,0,0,0,0,2,3,0],114,171].
[[3,8,0,1,1,1,2,3,0],24,134].
[[1,6,1,0,0,0,2,3,1],26,3].
[[2,6,1,0,0,0,2,3,1],77,4].
[[3,6,1,0,0,0,2,3,1],70,3].
[[2,8,1,1,2,1,0,0,0],41,76].
[[3,8,1,1,1,1,2,2,1],85,96].
[[1,6,1,0,0,0,0,0,0],278,19].
[[2,6,1,0,0,0,0,0,0],152,11].
[[3,3,1,0,0,0,0,0,0],38,6].
[[1,8,1,0,0,0,2,2,0],126,47].
[[2,8,1,1,2,1,2,2,0],68,50].
[[2,8,0,0,0,0,2,1,1],83,210].
[[3,6,0,0,0,0,2,1,1],2,12].
[[1,9,2,1,2,1,1,1,1],59,89].
[[2,9,1,1,1,1,1,1,1],24,30].
[[3,8,1,1,1,1,1,1,1],62,79].
[[1,7,2,0,0,0,2,2,1],53,11].
[[2,7,2,0,0,0,1,2,1],76,13].
[[2,9,1,1,2,1,2,1,0],48,173].
[[2,9,1,1,1,1,2,1,0],16,34].
[[3,5,0,1,1,1,1,2,0],58,1].
[[2,8,1,0,0,0,1,2,0],68,28].
[[3,8,1,0,0,0,1,2,0],57,24].
[[3,5,0,1,2,0,1,2,0],43,3].
[[3,9,1,1,1,1,1,2,0],34,151].
[[3,4,1,1,2,0,2,3,1],73,21].
[[2,9,2,1,1,1,2,3,1],34,51].
[[2,7,1,1,2,0,0,0,0],47,24].
[[2,9,2,1,2,1,2,1,1],16,89].
[[3,8,1,1,2,1,2,1,1],106,92].
[[2,9,2,0,0,0,1,2,0],37,63].
[[3,9,1,0,0,0,1,2,0],32,136].
[[2,8,1,1,1,1,1,1,1],37,14].
[[3,6,1,1,2,1,0,0,0],15,1].
[[2,8,1,1,2,0,1,2,1],110,94].
[[3,8,1,1,2,1,2,2,0],29,59].
[[2,3,2,1,2,1,0,0,0],25,1].
[[3,3,2,1,1,1,2,2,1],10,0].
[[3,8,1,0,0,0,2,2,1],121,100].
[[2,9,1,1,2,1,2,1,1],18,89].
[[2,9,2,1,2,0,2,1,1],4,25].
[[3,9,1,1,1,0,1,1,1],1,23].
[[1,7,2,1,2,1,0,0,0],61,9].
[[2,7,2,1,1,1,0,0,0],13,2].
[[3,3,2,1,1,1,0,0,0],9,0].
[[3,9,1,1,2,0,1,2,0],30,109].
[[3,8,0,0,0,0,2,3,0],36,170].
[[3,5,0,1,2,1,1,2,0],152,1].
[[2,6,1,0,0,0,2,2,1],68,7].
[[3,2,1,0,0,0,2,2,1],4,0].
[[2,9,1,0,0,0,0,0,0],4,74].
[[1,9,2,1,1,1,1,2,1],17,16].
[[2,9,1,1,1,1,1,2,1],50,106].
[[2,8,0,1,1,1,1,1,0],2,0].
[[3,8,0,1,1,1,1,1,0],6,27].
[[3,7,0,1,2,1,2,2,1],20,71].
[[1,8,1,0,0,0,1,2,0],24,24].
[[2,7,1,0,0,0,1,2,0],3,1].
[[3,7,1,1,2,0,1,2,0],12,4].
[[3,7,2,1,2,1,1,2,1],205,13].
[[1,8,1,1,2,0,2,3,1],47,43].
[[2,7,1,1,2,0,2,3,1],22,16].
[[3,7,1,1,1,0,1,2,1],8,12].
[[1,7,1,1,2,1,0,0,0],72,24].
[[3,5,0,1,2,1,1,1,0],126,18].
[[1,9,2,1,2,0,2,2,1],22,70].
[[3,9,1,1,1,0,1,2,1],3,74].
[[3,7,1,0,0,0,2,3,1],234,110].
[[3,3,1,1,2,0,2,1,1],6,0].
[[2,8,0,1,2,0,2,2,1],15,51].
[[3,8,0,1,2,0,2,2,1],12,86].
[[2,8,0,1,2,1,2,3,1],156,468].
[[2,9,2,1,2,1,2,3,1],61,253].
[[2,8,1,1,1,1,2,3,1],129,87].
[[2,8,0,1,2,1,1,1,1],18,58].
[[2,9,1,1,2,0,2,3,0],13,68].
[[1,7,2,1,2,0,1,2,1],2,1].
[[2,7,2,1,2,0,1,2,1],18,7].
[[2,3,2,0,0,0,0,0,0],53,0].
[[3,3,2,0,0,0,2,2,1],15,0].
[[1,7,2,0,0,0,0,0,0],304,52].
[[2,7,2,0,0,0,0,0,0],134,26].
[[2,7,2,0,0,0,2,3,1],141,10].
[[3,8,0,1,2,1,1,1,1],48,280].
[[2,7,1,1,2,1,2,1,1],58,31].
[[2,8,0,1,1,1,2,3,0],18,46].
[[3,9,1,1,1,1,1,1,1],12,120].
[[2,8,0,1,1,1,2,1,1],15,24].
[[1,8,1,0,0,0,1,1,1],86,92].
[[3,7,1,1,2,1,1,1,1],103,70].
[[3,7,0,1,2,1,2,2,0],8,36].
[[2,7,0,0,0,0,0,0,0],6,55].
[[3,7,0,0,0,0,2,2,1],15,30].
[[3,9,1,0,0,0,2,2,1],3,50].
[[2,8,0,0,0,0,2,1,0],39,108].
[[3,6,1,1,2,1,2,3,1],155,5].
[[3,8,1,1,1,0,1,2,1],32,85].
[[1,8,0,0,0,0,2,1,0],37,66].
[[2,8,0,1,2,1,2,1,0],20,107].
[[3,7,1,1,2,1,2,2,0],55,23].
[[3,7,1,0,0,0,1,2,1],142,61].
[[1,8,1,1,2,0,0,0,0],72,77].
[[2,8,1,1,1,0,2,2,1],10,15].
[[3,8,1,1,1,0,1,1,1],14,31].
[[2,9,2,1,2,1,1,2,1],69,256].
[[2,8,0,1,2,0,2,1,1],12,40].
[[2,8,0,1,2,0,2,3,1],25,79].
[[3,7,0,1,2,0,2,3,1],2,23].
[[1,9,2,1,2,1,1,2,1],137,269].
[[2,8,0,1,2,1,2,1,1],54,192].
[[3,8,0,1,1,1,1,1,1],23,58].
[[3,7,0,0,0,0,0,0,0],5,42].
[[2,3,2,0,0,0,2,1,1],5,0].
[[3,3,2,1,2,0,2,1,1],7,0].
[[3,7,2,1,2,1,2,3,1],153,14].
[[2,9,1,1,1,1,2,2,1],17,54].
[[2,8,0,1,2,0,2,1,0],4,20].
[[3,7,0,1,1,1,2,3,0],2,16].
[[2,9,2,0,0,0,1,2,1],90,209].
[[2,9,1,1,2,1,1,1,1],51,134].
[[3,7,2,0,0,0,1,2,1],81,8].
[[1,8,0,1,2,1,2,3,1],54,117].
[[1,8,0,1,2,1,2,2,1],34,84].
[[2,6,1,0,0,0,2,2,0],15,0].
[[1,7,2,1,2,1,2,2,1],16,3].
[[2,7,2,1,2,1,2,2,1],71,4].
[[3,7,2,1,1,1,2,2,1],31,4].
[[3,5,0,1,1,1,1,1,1],59,8].
[[2,7,1,1,2,0,2,2,1],24,14].
[[3,7,1,1,2,0,1,2,1],107,49].
[[3,9,1,1,1,0,2,3,1],0,7].
[[2,9,1,1,1,1,2,1,1],10,12].
[[2,7,1,0,0,0,2,1,0],17,4].
[[3,7,1,1,2,1,1,1,0],11,17].
[[2,9,2,1,2,1,2,3,0],58,180].
[[1,9,2,1,1,1,2,1,1],31,32].
[[3,7,1,1,2,0,0,0,0],25,22].
[[2,8,1,0,0,0,2,3,0],140,83].
[[2,9,1,0,0,0,2,1,0],52,172].
[[2,7,2,1,2,1,0,0,0],95,10].
[[3,6,0,0,0,0,2,1,0],1,3].
[[2,9,1,1,2,0,1,1,1],13,30].
[[3,8,0,1,2,0,1,1,1],15,50].
[[3,7,1,1,1,1,2,1,1],37,22].
[[3,8,0,1,2,1,1,1,0],32,86].
[[2,9,1,1,1,1,2,3,0],31,56].
[[2,9,1,1,2,0,2,3,1],21,87].
[[1,8,1,1,1,1,2,3,1],26,12].
[[2,8,0,0,0,0,1,2,0],44,77].
[[2,8,0,1,1,1,1,1,1],10,6].
[[2,8,1,1,2,0,2,3,0],28,26].
[[3,6,1,1,2,1,2,3,0],29,1].
[[3,7,0,1,2,1,2,1,1],11,25].
[[3,9,1,1,1,1,2,3,1],6,58].
[[3,9,1,1,2,0,2,1,1],0,2].
[[1,9,2,0,0,0,1,1,0],57,115].
[[3,7,1,1,1,0,2,2,1],14,14].
[[3,6,0,1,2,1,2,1,0],3,17].
[[3,8,1,0,0,0,2,3,0],16,36].
[[2,6,1,0,0,0,2,1,1],43,0].
[[3,6,1,1,2,1,2,1,1],51,1].
[[2,8,1,1,2,1,1,2,0],50,22].
[[1,8,1,1,2,1,2,3,0],58,21].
[[3,6,1,1,1,1,1,2,1],25,1].
[[3,3,1,1,2,1,0,0,0],58,12].
[[3,7,1,1,2,1,0,0,0],74,62].
[[3,7,1,1,2,0,2,1,1],61,33].
[[1,9,2,1,1,1,1,2,0],13,11].
[[2,7,2,1,2,0,0,0,0],31,7].
[[3,7,1,1,1,0,0,0,0],4,3].
[[3,7,2,1,1,0,1,2,1],8,13].
[[2,7,2,0,0,0,2,1,1],56,10].
[[3,3,2,0,0,0,2,1,1],13,0].
[[3,9,1,1,1,0,2,1,0],0,11].
[[2,9,1,1,2,0,0,0,0],0,23].
[[3,9,1,1,1,0,0,0,0],0,3].
[[1,6,0,0,0,0,0,0,0],19,40].
[[2,6,0,0,0,0,2,3,0],5,8].
[[3,6,0,1,2,1,1,2,0],8,5].
[[2,9,2,0,0,0,1,1,1],43,98].
[[3,3,2,0,0,0,0,0,0],29,0].
[[2,7,1,1,1,1,2,2,1],8,6].
[[2,5,0,0,0,0,1,1,0],23,6].
[[3,5,0,0,0,0,1,1,0],50,9].
[[1,9,2,1,2,0,2,2,0],17,33].
[[2,9,2,1,2,0,2,2,0],14,26].
[[3,9,1,1,2,0,2,1,0],4,52].
[[1,8,1,1,2,1,2,2,0],43,21].
[[3,7,1,1,2,1,1,2,0],42,4].
[[3,8,1,1,1,0,2,3,1],23,41].
[[2,9,2,1,2,1,1,1,0],18,24].
[[3,9,1,1,1,1,1,1,0],13,58].
[[1,6,1,0,0,0,2,1,1],13,1].
[[2,9,1,0,0,0,1,1,0],30,116].
[[3,9,1,1,2,1,1,1,0],21,184].
[[2,7,1,1,2,1,2,2,1],109,46].
[[3,3,1,1,2,1,2,2,1],35,3].
[[3,6,1,0,0,0,2,3,0],16,0].
[[3,7,2,1,1,0,2,3,1],15,8].
[[3,7,1,0,0,0,2,2,0],19,18].
[[3,8,1,1,1,1,2,3,0],11,33].
[[2,8,0,1,2,1,1,1,0],12,31].
[[2,9,2,1,1,1,1,2,1],23,46].
[[2,8,0,1,1,1,2,2,1],18,40].
[[3,7,1,1,1,1,2,2,1],75,38].
[[3,2,1,1,1,1,0,0,0],4,0].
[[3,6,1,1,2,0,1,2,1],28,2].
[[3,9,1,0,0,0,2,1,0],10,73].
[[2,6,1,1,1,1,2,3,1],6,2].
[[3,6,1,1,1,1,2,3,1],26,6].
[[2,9,2,1,1,1,1,1,1],12,25].
[[3,8,1,0,0,0,2,1,1],50,30].
[[1,7,2,0,0,0,1,2,1],17,10].
[[3,9,1,1,2,0,1,1,0],7,40].
[[3,3,1,1,2,0,2,2,1],12,2].
[[1,6,1,1,2,1,2,2,1],6,0].
[[2,6,1,1,1,1,2,2,1],7,0].
[[3,6,1,1,1,1,2,2,1],21,2].
[[3,8,1,1,1,0,2,1,0],0,6].
[[3,8,0,1,1,1,2,2,1],16,116].
[[1,8,0,0,0,0,1,1,1],3,5].
[[3,8,1,1,2,0,2,2,1],82,73].
[[3,9,1,1,2,1,2,2,1],16,119].
[[3,7,0,1,2,1,1,2,0],12,5].
[[2,8,1,1,2,0,1,2,0],13,15].
[[3,8,1,1,2,0,1,2,0],31,26].
[[2,7,1,1,1,1,0,0,0],23,7].
[[2,7,1,1,2,1,1,2,1],49,16].
[[2,7,1,0,0,0,1,2,1],63,18].
[[2,5,0,0,0,0,1,2,0],37,2].
[[1,9,2,1,2,0,2,1,0],4,27].
[[2,8,1,1,1,0,2,1,0],1,3].
[[1,9,2,1,2,0,2,3,1],29,108].
[[3,8,0,1,2,1,2,1,1],30,159].
[[3,7,2,0,0,0,1,1,1],28,13].
[[3,6,1,0,0,0,2,2,1],48,5].
[[2,6,1,1,2,1,2,3,1],75,2].
[[2,6,0,0,0,0,0,0,0],17,58].
[[3,6,0,1,2,1,2,3,0],9,28].
[[1,9,2,1,1,1,2,3,0],24,28].
[[2,9,2,1,2,0,2,1,0],2,24].
[[2,9,2,1,2,0,2,3,1],11,57].
[[2,3,1,0,0,0,0,0,0],45,5].
[[3,3,1,0,0,0,2,3,0],7,1].
[[2,8,1,0,0,0,1,1,0],13,24].
[[3,8,1,0,0,0,1,1,0],23,27].
[[2,8,0,1,2,0,2,2,0],10,30].
[[3,8,0,1,2,0,2,2,0],16,73].
[[2,5,0,1,2,1,1,1,1],37,4].
[[2,8,1,0,0,0,2,1,0],58,29].
[[3,7,1,0,0,0,1,1,1],45,29].
[[3,7,2,1,2,1,2,1,1],55,5].
[[2,7,2,1,2,1,2,3,1],104,7].
[[3,7,2,1,1,1,2,3,1],54,9].
[[3,8,1,1,1,0,2,2,1],9,27].
[[2,7,0,0,0,0,2,3,1],5,16].
[[2,6,1,1,2,1,1,2,1],7,2].
[[3,6,1,1,2,1,1,1,1],18,4].
[[3,8,0,1,1,1,2,1,1],5,36].
[[3,5,0,1,2,0,1,1,1],48,6].
[[2,6,1,1,2,0,0,0,0],20,5].
[[3,8,0,0,0,0,1,1,0],9,53].
[[3,7,1,1,1,1,1,2,1],76,35].
[[2,9,2,1,2,1,2,1,0],20,73].
[[3,8,1,1,2,0,2,2,0],12,37].
[[2,9,1,0,0,0,2,1,1],22,74].
[[2,6,1,0,0,0,2,3,0],21,1].
[[3,6,1,1,2,0,2,3,0],12,2].
[[3,6,0,0,0,0,2,2,1],4,19].
[[2,5,0,0,0,0,1,1,1],32,2].
[[2,9,1,1,2,0,2,2,1],9,52].
[[3,7,2,0,0,0,2,3,1],97,10].
[[3,8,1,1,2,0,2,1,1],43,32].
[[3,6,0,0,0,0,0,0,0],2,14].
[[2,9,1,1,1,1,1,1,0],9,21].
[[2,9,2,1,2,0,1,2,1],7,57].
[[2,9,2,1,2,0,1,2,0],7,27].
[[3,9,1,1,1,0,1,2,0],3,25].
[[3,6,1,1,2,0,2,3,1],43,3].
[[3,9,1,1,1,1,2,1,0],5,61].
[[1,8,1,0,0,0,1,1,0],6,13].
[[2,8,1,1,2,1,1,1,0],21,18].
[[3,7,2,1,1,1,1,1,0],0,1].
[[1,8,0,1,2,1,2,1,0],12,29].
[[3,7,1,1,1,1,1,2,0],14,1].
[[2,9,1,1,1,1,1,2,0],30,37].
[[3,7,1,0,0,0,2,3,0],27,16].
[[1,7,2,0,0,0,1,1,1],11,2].
[[3,8,1,1,2,0,0,0,0],0,1].
[[2,8,0,1,1,1,0,0,0],12,44].
[[3,7,1,1,2,0,1,1,1],29,20].
[[2,8,1,1,1,1,1,2,0],9,5].
[[3,8,1,1,1,1,1,2,0],31,18].
[[2,8,0,1,2,0,0,0,0],5,52].
[[3,8,0,1,1,0,0,0,0],0,7].
[[3,8,1,1,2,0,1,1,0],11,16].
[[3,7,0,1,2,0,2,3,0],2,10].
[[2,7,0,0,0,0,2,1,1],1,5].
[[3,7,0,1,2,0,2,1,1],4,10].
[[1,6,1,0,0,0,2,2,1],28,4].
[[2,6,1,1,2,0,2,2,1],11,3].
[[3,6,1,1,2,0,2,2,1],42,1].
[[2,7,2,0,0,0,1,1,1],21,9].
[[3,7,2,1,2,0,1,1,0],0,5].
[[3,6,1,0,0,0,1,1,1],11,3].
[[3,7,0,1,2,0,2,2,1],5,9].
[[3,7,1,1,1,0,1,1,1],1,5].
[[2,8,1,1,2,0,0,0,0],13,35].
[[3,7,2,1,2,0,2,1,1],28,6].
[[3,7,0,1,2,1,2,1,0],1,30].
[[3,6,0,1,1,1,2,3,0],2,5].
[[3,4,1,1,2,0,1,2,0],59,19].
[[2,6,0,1,2,1,2,2,1],2,6].
[[3,3,1,1,1,1,2,2,1],7,1].
[[3,7,1,0,0,0,0,0,0],29,39].
[[2,1,1,1,2,0,1,2,0],1,0].
[[3,1,1,1,2,0,1,2,0],2,0].
[[2,9,1,1,1,1,2,2,0],33,64].
[[3,8,1,1,2,1,2,1,0],25,52].
[[2,9,2,1,2,1,0,0,0],6,94].
[[1,6,1,1,2,1,2,3,1],5,1].
[[3,2,1,1,2,1,2,3,1],3,0].
[[3,8,0,1,2,0,0,0,0],0,31].
[[2,8,0,1,1,1,1,2,1],14,21].
[[3,7,0,1,1,1,1,2,1],2,7].
[[3,3,1,1,2,1,2,3,1],52,5].
[[1,8,1,1,2,0,2,2,1],43,25].
[[3,9,1,1,2,1,2,1,1],1,18].
[[2,7,1,1,2,1,1,1,1],16,11].
[[3,9,1,1,2,0,2,2,1],0,29].
[[3,6,1,1,2,0,1,1,1],9,5].
[[2,8,1,1,1,0,2,1,1],5,8].
[[3,3,2,1,2,1,2,2,1],25,1].
[[3,7,2,1,2,1,1,1,1],56,18].
[[3,8,0,1,1,0,2,3,1],4,19].
[[2,8,1,1,1,0,2,3,1],9,12].
[[1,9,2,1,2,0,1,2,0],9,6].
[[2,9,1,1,2,0,1,2,0],21,51].
[[3,5,0,1,1,1,1,1,0],57,5].
[[3,8,1,1,1,0,2,3,0],2,12].
[[2,9,1,1,2,0,2,1,0],11,40].
[[3,8,1,1,2,0,2,1,0],11,17].
[[1,7,1,0,0,0,1,2,1],10,4].
[[1,9,2,1,2,0,2,3,0],16,54].
[[3,8,1,1,1,1,0,0,0],0,1].
[[3,7,1,1,2,0,2,1,0],13,2].
[[3,7,0,0,0,0,2,1,0],2,8].
[[3,8,0,1,2,1,0,0,0],0,119].
[[2,7,2,1,2,0,2,2,1],23,6].
[[2,7,2,1,2,0,2,1,1],15,8].
[[1,8,1,1,2,0,1,1,1],4,9].
[[1,7,2,1,2,1,2,1,1],11,0].
[[2,7,2,1,2,1,1,1,1],13,6].
[[3,7,2,1,1,1,1,1,1],17,7].
[[3,5,0,0,0,0,1,2,0],48,0].
[[2,6,1,1,1,1,0,0,0],7,1].
[[3,8,1,0,0,0,2,1,0],23,12].
[[1,7,1,0,0,0,2,1,1],17,6].
[[2,3,1,0,0,0,2,1,1],4,0].
[[3,3,1,0,0,0,1,1,1],5,1].
[[2,9,1,1,1,1,0,0,0],6,11].
[[3,7,0,1,1,1,2,2,0],3,7].
[[2,8,1,1,2,0,2,1,0],12,10].
[[3,8,0,1,1,0,2,3,0],1,9].
[[3,6,0,1,2,1,2,1,1],3,15].
[[2,9,1,1,2,0,2,1,1],1,20].
[[3,7,0,1,2,1,1,2,1],8,40].
[[3,7,2,1,1,1,1,2,1],34,7].
[[2,6,0,0,0,0,2,2,0],0,9].
[[3,6,0,1,2,0,1,2,0],0,1].
[[3,7,1,1,1,0,2,3,1],7,23].
[[3,3,1,0,0,0,2,3,1],30,3].
[[3,5,0,0,0,0,1,2,1],9,3].
[[3,9,1,1,2,1,0,0,0],0,21].
[[1,7,1,0,0,0,2,2,1],29,10].
[[2,9,2,1,1,0,2,1,1],0,2].
[[3,3,1,1,2,1,2,1,1],21,1].
[[1,8,1,1,2,0,1,2,1],12,22].
[[2,8,1,1,1,0,1,2,1],7,12].
[[2,7,1,0,0,0,2,2,0],29,5].
[[3,7,0,1,2,1,2,3,0],18,47].
[[2,7,1,1,2,0,2,1,1],10,7].
[[2,7,1,1,2,1,2,2,0],17,6].
[[3,3,1,1,2,1,2,2,0],5,0].
[[1,6,1,0,0,0,2,3,0],12,0].
[[1,8,1,1,1,1,2,2,1],18,7].
[[3,3,2,1,2,1,0,0,0],31,1].
[[3,8,0,1,1,1,0,0,0],0,30].
[[3,2,1,1,2,0,0,0,0],1,0].
[[2,7,1,1,1,1,2,3,1],20,2].
[[3,3,1,1,1,1,2,3,1],11,0].
[[1,9,2,1,2,0,1,1,1],5,16].
[[2,8,0,1,2,0,1,1,1],2,11].
[[3,6,0,0,0,0,2,3,1],10,22].
[[2,7,2,1,1,1,2,3,1],8,6].
[[3,3,2,1,1,1,2,3,1],2,0].
[[1,8,0,0,0,0,1,2,1],3,14].
[[3,3,1,1,1,1,0,0,0],8,1].
[[3,9,1,1,1,1,2,1,1],1,5].
[[1,7,1,1,2,1,2,3,1],21,5].
[[2,9,2,1,1,1,2,1,0],2,13].
[[2,3,1,1,2,1,0,0,0],21,7].
[[1,9,2,1,1,1,2,2,0],23,32].
[[3,3,1,1,2,0,2,3,1],11,0].
[[3,3,2,1,2,0,2,3,1],18,0].
[[3,9,1,0,0,0,2,1,1],0,5].
[[1,8,1,1,2,0,2,1,1],26,18].
[[2,7,2,1,1,0,2,1,1],1,2].
[[3,7,2,1,1,0,1,1,1],4,7].
[[2,6,1,1,2,1,2,3,0],10,0].
[[2,8,1,1,2,0,1,1,0],6,9].
[[2,7,0,0,0,0,2,3,0],6,8].
[[3,3,2,1,1,1,2,1,1],4,0].
[[2,5,0,1,2,1,1,2,0],40,2].
[[3,7,1,1,1,1,0,0,0],15,20].
[[3,5,0,1,1,0,1,2,0],10,4].
[[2,9,1,1,1,0,2,2,0],0,2].
[[3,8,0,1,1,0,2,2,0],2,16].
[[3,7,2,1,2,0,0,0,0],5,2].
[[3,8,0,1,2,0,2,1,0],9,45].
[[3,7,0,1,1,1,2,1,0],0,8].
[[3,8,0,1,2,0,2,1,1],5,41].
[[3,7,0,0,0,0,1,2,1],5,12].
[[3,3,1,1,2,0,2,3,0],3,0].
[[3,7,2,0,0,0,1,2,0],7,0].
[[3,7,1,1,2,0,2,2,0],16,10].
[[3,7,0,0,0,0,2,3,0],10,30].
[[3,6,1,1,2,1,1,2,0],10,0].
[[3,7,1,1,2,0,1,1,0],5,4].
[[2,2,1,0,0,0,0,0,0],10,0].
[[3,2,1,0,0,0,2,3,1],6,0].
[[2,8,1,1,1,1,2,2,0],22,8].
[[3,6,1,0,0,0,0,0,0],3,2].
[[3,8,1,1,1,0,1,2,0],9,14].
[[3,7,0,1,1,1,1,1,1],0,2].
[[2,9,2,1,1,1,2,1,1],9,18].
[[3,7,0,0,0,0,2,2,0],8,18].
[[3,3,2,0,0,0,2,3,1],24,1].
[[2,8,1,1,1,0,2,2,0],1,3].
[[3,8,1,1,1,0,1,1,0],3,6].
[[3,8,0,1,1,0,2,1,0],0,5].
[[2,7,2,1,1,1,2,2,1],7,2].
[[3,5,0,1,2,1,1,2,1],20,2].
[[3,7,0,0,0,0,2,1,1],9,12].
[[3,6,0,0,0,0,2,3,0],5,20].
[[1,8,0,0,0,0,1,2,0],17,13].
[[2,9,1,1,2,0,1,1,0],4,19].
[[1,8,1,1,2,0,2,3,0],7,3].
[[2,8,1,1,2,0,2,2,0],14,23].
[[3,7,1,1,1,0,2,2,0],2,1].
[[3,8,0,1,1,0,2,2,1],0,14].
[[1,8,1,1,1,1,2,1,1],15,7].
[[3,7,2,1,2,1,1,1,0],0,8].
[[3,6,1,1,2,0,0,0,0],5,0].
[[3,6,1,0,0,0,2,1,1],24,0].
[[2,5,0,1,2,0,1,2,0],9,0].
[[3,3,2,1,2,1,2,1,1],8,0].
[[2,9,2,1,2,0,0,0,0],0,16].
[[3,9,1,1,1,0,2,2,0],3,12].
[[3,3,1,1,2,1,1,1,1],5,0].
[[1,8,0,1,2,1,1,1,0],2,4].
[[2,5,0,1,2,1,1,1,0],26,2].
[[1,9,2,1,2,0,1,2,1],6,28].
[[2,8,0,1,2,0,1,2,1],10,24].
[[2,5,0,1,1,1,1,2,0],6,1].
[[2,4,1,1,2,0,1,2,0],5,1].
[[2,7,0,1,2,1,2,1,1],4,6].
[[2,9,2,1,1,0,0,0,0],0,5].
[[3,7,0,0,0,0,1,2,0],5,6].
[[3,7,1,1,1,1,2,1,0],9,5].
[[2,6,0,0,0,0,2,3,1],12,15].
[[1,7,2,1,2,1,2,3,1],20,0].
[[3,7,1,1,1,1,2,2,0],12,6].
[[3,3,1,1,2,0,0,0,0],15,3].
[[3,6,0,1,1,1,1,2,0],1,0].
[[2,5,0,1,1,1,1,1,1],5,0].
[[3,6,0,1,2,0,1,2,1],0,3].
[[2,4,1,1,2,0,2,2,1],13,6].
[[3,7,2,1,1,0,2,2,1],8,7].
[[3,7,0,1,2,1,1,1,1],1,11].
[[3,7,0,1,2,0,2,1,0],0,3].
[[2,8,1,1,1,1,2,3,0],20,8].
[[3,6,1,1,1,1,2,3,0],5,0].
[[2,9,2,1,1,1,0,0,0],7,18].
[[1,7,2,1,2,0,2,3,1],3,2].
[[2,3,2,1,2,0,2,3,1],2,0].
[[3,3,2,1,2,0,1,2,1],9,0].
[[3,6,1,0,0,0,1,2,1],35,1].
[[3,7,2,0,0,0,0,0,0],14,0].
[[2,8,0,1,2,0,1,2,0],11,11].
[[3,8,0,1,1,0,1,2,0],2,9].
[[2,4,1,1,2,0,2,1,1],6,2].
[[2,7,1,1,2,0,1,2,1],9,2].
[[2,8,1,1,1,0,2,3,0],2,4].
[[2,3,2,0,0,0,2,2,1],8,0].
[[3,3,2,0,0,0,1,2,1],13,0].
[[2,6,1,1,2,1,2,1,1],26,2].
[[1,9,2,1,1,1,1,1,1],9,6].
[[2,6,1,0,0,0,1,2,1],17,3].
[[2,7,1,0,0,0,2,3,0],37,8].
[[2,7,1,0,0,0,1,1,1],16,12].
[[3,6,1,1,2,1,2,2,0],19,0].
[[3,7,1,1,1,0,2,3,0],1,2].
[[3,7,2,1,2,0,1,1,1],22,14].
[[3,6,1,0,0,0,2,1,0],7,1].
[[2,7,0,1,2,1,2,3,0],7,4].
[[3,8,1,1,1,1,1,1,0],18,16].
[[1,2,1,0,0,0,0,0,0],3,0].
[[3,6,1,1,1,0,1,2,1],2,1].
[[1,7,1,0,0,0,2,3,0],7,3].
[[2,3,1,0,0,0,2,2,1],4,0].
[[3,7,2,1,2,0,2,2,1],45,14].
[[3,6,0,1,2,1,0,0,0],2,26].
[[2,3,1,0,0,0,2,3,1],2,0].
[[2,7,2,1,1,0,0,0,0],1,2].
[[1,8,0,0,0,0,1,1,0],1,12].
[[2,8,0,0,0,0,1,1,0],13,29].
[[2,5,0,1,1,0,1,2,0],1,0].
[[3,8,1,1,1,0,2,1,1],2,9].
[[2,8,0,1,1,1,2,2,0],15,19].
[[2,7,0,1,2,1,2,3,1],3,13].
[[3,3,0,1,2,1,2,3,1],0,1].
[[1,8,1,1,1,1,2,3,0],4,3].
[[3,8,1,1,1,0,2,2,0],2,9].
[[2,6,0,0,0,0,2,1,1],3,5].
[[3,6,0,1,2,1,1,1,1],0,7].
[[2,7,1,1,2,0,1,2,0],3,0].
[[3,7,1,1,1,0,1,2,0],2,0].
[[2,7,1,1,2,1,1,2,0],6,0].
[[2,6,1,0,0,0,2,1,0],14,0].
[[3,6,1,1,2,0,1,2,0],1,1].
[[2,9,1,1,1,0,1,2,0],3,5].
[[3,6,1,1,1,1,2,1,1],18,0].
[[2,7,1,1,2,1,2,3,0],35,9].
[[1,7,1,1,2,1,2,3,0],2,1].
[[1,8,1,1,2,0,1,2,0],2,0].
[[3,3,1,1,2,1,1,2,0],3,0].
[[2,9,2,1,2,0,2,2,1],9,41].
[[2,6,0,0,0,0,1,2,0],1,0].
[[3,3,1,0,0,0,2,1,1],10,1].
[[2,5,0,1,1,1,1,1,0],11,1].
[[2,4,1,1,2,0,1,1,0],1,0].
[[3,4,1,1,2,0,1,1,0],24,8].
[[2,7,1,1,2,0,1,1,1],7,4].
[[3,6,0,1,2,0,2,1,1],0,5].
[[3,3,1,0,0,0,2,2,1],20,2].
[[3,6,0,0,0,0,1,2,1],3,3].
[[3,6,1,0,0,0,2,2,0],11,0].
[[2,9,2,1,1,1,1,2,0],11,16].
[[2,9,2,1,1,0,1,1,1],1,3].
[[3,8,0,1,1,0,1,1,1],2,10].
[[2,6,1,1,2,0,2,1,0],2,1].
[[3,3,2,1,1,0,1,1,1],1,0].
[[3,6,1,0,0,0,1,1,0],4,1].
[[3,7,2,1,2,1,0,0,0],11,4].
[[2,9,2,1,1,0,2,1,0],0,2].
[[3,8,1,1,1,1,2,1,0],4,15].
[[2,4,1,1,2,0,2,3,0],11,3].
[[1,7,2,1,2,0,0,0,0],14,4].
[[2,6,0,0,0,0,2,2,1],2,14].
[[2,3,2,0,0,0,2,3,1],15,0].
[[3,6,0,1,2,0,2,2,0],1,7].
[[3,7,0,1,1,1,0,0,0],1,22].
[[3,7,1,1,2,0,2,3,0],19,22].
[[3,7,1,1,2,1,2,1,0],32,11].
[[3,6,1,1,1,1,1,1,1],9,1].
[[3,7,0,1,1,1,2,1,1],1,6].
[[3,7,2,0,0,0,1,1,0],0,2].
[[3,4,1,1,2,0,0,0,0],6,1].
[[3,7,0,1,1,1,2,2,1],6,12].
[[3,3,1,1,2,1,2,3,0],9,1].
[[2,4,1,1,2,0,2,1,0],7,0].
[[3,6,1,1,2,1,2,1,0],9,0].
[[3,7,1,0,0,0,2,1,0],11,7].
[[1,8,1,1,2,1,1,2,0],6,4].
[[3,7,2,1,1,1,0,0,0],3,0].
[[3,1,1,1,2,0,1,1,1],4,0].
[[2,8,0,1,2,0,1,1,0],1,4].
[[2,7,0,1,2,1,2,2,1],3,5].
[[2,6,1,0,0,0,1,1,1],4,1].
[[2,7,1,1,1,1,2,3,0],3,0].
[[1,7,1,1,2,1,2,1,1],3,2].
[[2,7,2,1,1,0,1,2,1],0,1].
[[1,8,1,1,1,1,2,1,0],1,1].
[[2,9,2,1,1,0,1,2,1],0,4].
[[3,7,0,0,0,0,1,1,1],1,9].
[[1,8,1,1,1,1,1,2,1],10,2].
[[2,6,1,1,1,1,1,2,1],2,0].
[[3,9,1,1,1,1,0,0,0],0,7].
[[3,4,0,1,2,0,2,3,0],0,1].
[[2,7,2,1,1,1,1,1,1],2,2].
[[3,3,2,1,1,1,1,1,1],2,0].
[[2,6,0,1,2,1,2,3,0],6,4].
[[3,6,0,1,2,1,2,2,0],3,19].
[[3,8,0,1,1,0,1,1,0],0,6].
[[3,6,1,1,2,0,2,1,1],23,0].
[[2,7,0,1,2,1,2,1,0],1,2].
[[3,6,1,1,1,0,1,1,1],1,2].
[[2,7,2,1,1,1,2,1,1],7,1].
[[3,6,0,1,2,0,0,0,0],0,3].
[[2,2,1,0,0,0,2,3,1],1,0].
[[3,8,0,1,1,0,1,2,1],3,23].
[[2,7,0,0,0,0,2,2,1],8,9].
[[2,4,1,1,2,0,2,2,0],8,1].
[[3,6,0,1,1,1,2,2,0],0,4].
[[3,3,1,1,2,1,1,2,1],6,0].
[[2,9,1,1,1,0,1,1,1],0,3].
[[1,7,1,0,0,0,1,1,1],3,2].
[[1,9,2,1,2,0,1,1,0],2,5].
[[2,9,1,1,1,0,1,1,0],0,4].
[[3,9,1,1,1,0,1,1,0],0,15].
[[1,8,1,1,2,0,2,2,0],10,4].
[[3,9,1,1,2,0,0,0,0],0,8].
[[3,3,1,0,0,0,1,2,1],8,0].
[[3,8,1,1,2,1,0,0,0],0,14].
[[1,7,1,0,0,0,2,1,0],4,1].
[[2,3,1,0,0,0,2,1,0],0,1].
[[3,3,1,1,2,1,2,1,0],5,2].
[[3,2,0,0,0,0,0,0,0],0,2].
[[3,6,0,1,1,1,0,0,0],3,9].
[[2,7,0,0,0,0,2,1,0],2,5].
[[3,7,0,0,0,0,1,1,0],1,2].
[[2,6,1,1,2,0,2,3,1],14,2].
[[2,6,1,0,0,0,1,2,0],2,1].
[[3,6,1,1,2,1,1,1,0],3,2].
[[1,7,2,1,2,0,2,1,1],1,1].
[[1,7,1,0,0,0,2,2,0],4,0].
[[2,3,1,0,0,0,2,2,0],1,0].
[[3,3,1,0,0,0,2,2,0],3,0].
[[3,2,1,1,2,1,0,0,0],6,0].
[[3,7,1,0,0,0,1,2,0],17,5].
[[3,7,2,1,1,0,2,1,1],5,4].
[[3,7,0,1,1,1,1,2,0],1,4].
[[2,3,1,1,2,1,2,2,1],3,1].
[[2,9,2,1,1,0,2,2,1],1,6].
[[2,7,1,1,1,1,1,2,1],7,1].
[[2,6,0,1,2,1,2,2,0],0,3].
[[3,7,2,1,1,0,2,3,0],0,1].
[[3,7,0,1,2,0,0,0,0],3,25].
[[2,6,0,0,0,0,2,1,0],1,3].
[[3,6,0,1,2,0,2,1,0],0,3].
[[2,7,1,1,2,1,2,1,0],6,2].
[[1,3,2,0,0,0,2,3,1],7,0].
[[2,5,0,1,2,0,1,1,1],6,2].
[[2,9,2,1,1,0,2,3,0],1,1].
[[3,2,1,0,0,0,2,1,1],2,0].
[[2,6,1,1,2,0,2,1,1],2,0].
[[1,8,1,1,2,0,2,1,0],2,0].
[[3,7,2,1,2,1,2,3,0],4,0].
[[3,8,0,1,1,0,2,1,1],0,5].
[[3,5,0,1,1,0,1,1,0],3,5].
[[2,7,2,1,1,1,1,2,1],4,0].
[[2,7,1,1,2,0,2,2,0],5,1].
[[2,7,0,0,0,0,2,2,0],4,5].
[[3,5,0,1,1,0,1,1,1],6,6].
[[3,6,1,1,1,0,2,1,1],0,2].
[[3,3,2,1,2,0,2,2,1],7,0].
[[3,7,0,1,1,1,1,1,0],0,2].
[[2,7,2,1,2,0,1,1,1],4,6].
[[3,5,0,1,1,1,1,2,1],4,1].
[[3,7,1,0,0,0,1,1,0],3,5].
[[2,6,1,1,2,0,2,2,0],1,1].
[[3,6,1,1,2,0,2,2,0],4,1].
[[3,7,1,1,1,1,1,1,0],1,5].
[[3,6,0,1,1,1,2,3,1],2,8].
[[2,7,1,1,2,0,2,3,0],3,1].
[[2,3,2,1,2,0,1,2,1],2,0].
[[3,6,0,1,2,1,1,1,0],0,3].
[[3,4,0,1,2,0,1,2,1],0,2].
[[3,9,1,0,0,0,0,0,0],0,7].
[[3,7,0,1,2,0,1,1,1],2,3].
[[1,6,0,0,0,0,2,3,0],0,2].
[[3,7,0,1,2,1,1,1,0],1,4].
[[2,3,2,0,0,0,1,2,1],3,0].
[[1,7,1,1,2,1,2,2,1],5,1].
[[2,7,1,1,1,1,2,1,0],4,0].
[[2,9,1,1,1,0,0,0,0],0,2].
[[3,6,1,1,1,0,2,2,1],3,2].
[[1,6,1,0,0,0,2,2,0],4,0].
[[2,3,1,0,0,0,1,2,1],2,0].
[[2,7,1,1,2,1,1,1,0],0,2].
[[2,9,2,1,1,0,1,2,0],3,1].
[[1,6,1,0,0,0,1,2,1],7,0].
[[2,7,2,1,1,0,2,3,1],0,2].
[[2,6,0,1,2,1,1,2,0],1,2].
[[3,3,2,1,2,0,0,0,0],9,0].
[[3,2,1,0,0,0,0,0,0],4,0].
[[2,3,2,1,2,0,0,0,0],10,0].
[[1,7,2,1,2,1,1,2,1],2,1].
[[3,3,2,1,1,1,1,2,1],1,0].
[[2,9,2,1,1,1,1,1,0],1,3].
[[3,3,1,1,2,0,2,2,0],1,0].
[[3,6,0,1,1,1,2,1,1],1,3].
[[2,9,1,1,1,0,2,1,0],0,2].
[[3,6,0,1,1,1,2,1,0],0,3].
[[3,7,0,1,2,0,1,2,1],3,3].
[[2,9,1,1,1,0,2,3,1],1,6].
[[3,9,1,1,1,0,2,2,1],1,6].
[[3,3,2,1,2,1,1,1,1],4,0].
[[2,9,1,1,1,0,2,1,1],0,1].
[[1,7,1,1,2,1,2,2,0],1,1].
[[3,6,1,0,0,0,1,2,0],7,0].
[[2,6,1,1,1,1,2,1,1],2,0].
[[3,6,1,1,1,0,1,2,0],0,1].
[[2,9,1,1,1,0,1,2,1],1,7].
[[2,9,2,1,1,0,1,1,0],1,0].
[[3,6,1,1,2,0,2,1,0],1,0].
[[3,6,0,1,2,0,2,3,1],1,8].
[[3,7,2,1,1,0,0,0,0],2,1].
[[3,7,2,1,2,1,1,2,0],3,0].
[[1,6,0,0,0,0,2,3,1],1,1].
[[1,6,1,1,2,1,2,1,1],3,0].
[[3,2,1,1,2,1,2,2,1],4,0].
[[2,6,1,1,2,1,2,1,0],4,0].
[[3,7,0,1,2,0,2,2,0],1,6].
[[3,7,2,1,1,1,2,3,0],1,0].
[[2,8,1,1,1,0,0,0,0],0,1].
[[3,6,1,1,1,0,0,0,0],0,1].
[[1,8,1,1,1,1,1,1,1],2,1].
[[2,4,1,1,2,0,1,1,1],3,2].
[[1,7,2,1,2,0,2,2,1],1,0].
[[1,3,2,0,0,0,2,2,1],4,0].
[[3,7,1,1,1,0,2,1,1],2,5].
[[2,3,1,1,2,1,2,3,1],4,1].
[[2,4,1,1,2,0,0,0,0],3,0].
[[2,9,2,1,1,0,2,3,1],0,5].
[[3,6,1,1,1,1,2,2,0],4,0].
[[2,6,1,1,2,0,1,2,1],1,0].
[[1,8,1,1,2,1,1,1,0],2,1].
[[2,7,1,1,2,0,2,1,0],4,1].
[[1,3,2,0,0,0,2,1,1],1,0].
[[2,3,2,1,2,0,2,1,1],1,0].
[[1,7,2,1,2,0,1,1,1],1,0].
[[2,7,2,1,1,0,1,1,1],1,1].
[[2,8,1,1,1,1,1,1,0],3,6].
[[3,6,0,1,2,0,2,3,0],1,5].
[[2,7,1,1,1,1,2,2,0],2,0].
[[1,7,2,0,0,0,2,3,0],1,0].
[[2,3,2,0,0,0,2,3,0],1,0].
[[3,3,2,1,2,1,2,3,0],1,0].
[[3,6,0,1,1,1,1,1,1],0,2].
[[3,6,0,1,2,0,2,2,1],1,7].
[[2,6,0,0,0,0,1,1,0],0,1].
[[3,6,0,1,2,0,1,1,0],0,1].
[[2,7,2,0,0,0,1,1,0],0,1].
[[3,7,2,0,0,0,2,3,0],2,0].
[[3,3,2,0,0,0,1,1,1],4,0].
[[2,7,0,1,2,1,2,2,0],1,3].
[[3,3,1,1,1,1,1,2,1],1,0].
[[3,6,0,1,1,1,1,1,0],0,1].
[[2,6,0,1,2,1,2,1,1],1,2].
[[2,7,1,0,0,0,1,1,0],1,3].
[[2,6,0,1,2,1,2,1,0],1,2].
[[1,7,2,1,2,1,1,1,1],1,1].
[[1,6,0,0,0,0,2,1,0],1,1].
[[3,3,2,1,1,0,0,0,0],2,0].
[[2,3,2,1,2,1,2,1,1],1,0].
[[2,6,1,1,2,1,2,2,0],6,0].
[[1,8,0,1,2,1,1,2,0],4,3].
[[2,9,1,1,1,0,2,2,1],0,4].
[[2,3,2,0,0,0,1,1,1],1,0].
[[2,3,2,1,2,1,2,3,1],3,0].
[[3,2,0,1,2,1,0,0,0],0,2].
[[1,7,1,1,2,1,2,1,0],2,1].
[[3,7,0,1,2,0,1,2,0],5,4].
[[3,8,1,0,0,0,0,0,0],0,2].
[[2,2,1,1,2,1,0,0,0],2,0].
[[3,5,0,1,2,0,1,2,1],3,1].
[[3,3,2,1,1,0,2,1,1],1,0].
[[3,7,0,1,2,0,1,1,0],0,1].
[[2,6,1,1,2,1,1,1,1],1,0].
[[3,6,0,1,1,1,2,2,1],0,5].
[[3,3,1,1,1,1,2,1,1],2,0].
[[2,6,1,1,1,1,2,2,0],2,0].
[[3,6,1,1,1,1,1,2,0],1,0].
[[2,7,2,1,2,0,1,2,0],1,0].
[[3,7,2,1,2,0,1,2,0],1,0].
[[1,6,1,0,0,0,2,1,0],2,0].
[[3,3,1,1,2,0,2,1,0],1,0].
[[3,4,0,1,2,0,2,2,1],0,2].
[[3,3,0,1,2,1,0,0,0],0,2].
[[3,6,0,0,0,0,1,2,0],2,3].
[[3,7,2,1,2,0,2,3,0],1,0].
[[2,3,1,0,0,0,2,3,0],2,1].
[[3,2,0,0,0,0,2,3,0],0,1].
[[3,6,1,1,1,1,0,0,0],3,0].
[[3,3,1,0,0,0,2,1,0],1,0].
[[3,5,0,1,1,0,1,2,1],1,0].
[[3,6,0,1,1,1,1,2,1],1,3].
[[2,2,1,0,0,0,2,1,1],1,0].
[[3,2,1,1,2,0,2,1,1],1,0].
[[3,1,1,1,2,0,1,1,0],1,0].
[[2,8,1,1,1,0,1,2,0],1,0].
[[2,3,2,1,2,0,2,2,1],2,0].
[[1,9,2,1,1,1,1,1,0],4,1].
[[2,8,1,1,1,0,1,1,1],0,2].
[[3,3,1,1,2,0,1,2,1],2,0].
[[3,3,2,1,1,0,2,2,1],2,0].
[[2,6,1,1,1,1,2,3,0],1,0].
[[2,2,1,0,0,0,1,2,1],1,0].
[[3,2,1,0,0,0,1,2,1],2,0].
[[2,7,1,1,1,1,1,1,1],1,1].
[[3,6,0,0,0,0,1,1,1],0,1].
[[3,3,2,1,2,0,1,1,1],3,0].
[[3,3,1,1,2,0,1,1,1],2,0].
[[2,3,1,1,2,1,2,1,0],1,0].
[[1,6,0,0,0,0,2,2,1],0,1].
[[2,6,0,1,2,1,1,2,1],0,1].
[[3,2,1,1,2,0,2,3,1],1,0].
[[3,4,0,1,2,0,1,1,1],0,1].
[[3,2,0,1,2,1,2,3,1],0,1].
[[2,9,2,1,1,0,2,2,0],0,2].
[[2,6,1,1,2,0,2,3,0],1,0].
[[3,3,0,1,2,1,2,1,1],0,1].
[[3,4,0,1,2,0,2,3,1],0,1].
[[3,6,1,1,1,1,1,1,0],1,1].
[[3,4,0,1,2,0,2,2,0],0,1].
[[1,6,1,1,2,1,2,1,0],1,0].
[[3,8,1,1,1,0,0,0,0],0,1].
[[2,7,2,1,2,1,2,3,0],1,0].
[[3,7,2,1,1,0,1,2,0],0,1].
[[3,2,1,0,0,0,2,3,0],1,0].
[[3,3,0,0,0,0,2,3,0],0,1].
[[3,7,1,1,1,0,2,1,0],1,0].
[[1,7,1,1,2,1,1,1,1],1,0].
[[1,7,1,1,2,1,1,2,1],2,0].
[[2,5,0,1,1,0,1,1,1],0,1].
[[3,3,2,1,2,1,1,2,0],1,0].
[[1,8,0,1,2,1,1,1,1],0,1].
[[3,2,1,0,0,0,2,2,0],1,0].
[[3,2,1,1,2,1,2,1,1],1,0].
