total_WL(374,327).
[[1,8,1,0,0,0,2,1,2],5,8].
[[2,8,1,0,0,0,2,1,2],3,2].
[[3,7,2,0,0,0,2,1,2],1,0].
[[1,8,1,0,0,0,2,3,2],13,4].
[[2,8,1,1,2,1,2,2,1],8,4].
[[3,6,1,1,2,1,2,2,1],2,0].
[[1,9,2,1,2,1,1,2,2],9,8].
[[2,8,0,1,2,1,1,2,2],1,6].
[[3,8,0,1,1,1,1,2,2],0,4].
[[1,8,0,0,0,0,2,2,0],2,4].
[[2,6,0,1,2,1,2,2,0],0,2].
[[3,6,0,1,2,1,1,2,0],0,1].
[[1,9,2,0,0,0,2,1,2],3,5].
[[2,9,2,1,2,1,2,1,2],0,1].
[[3,9,2,1,1,1,1,1,2],0,1].
[[1,9,2,0,0,0,0,0,0],9,21].
[[2,8,0,0,0,0,0,0,0],1,6].
[[3,7,1,1,2,1,2,1,1],1,1].
[[2,8,1,0,0,0,2,3,1],11,1].
[[3,5,0,1,2,0,1,2,1],1,0].
[[1,9,2,1,2,1,1,1,2],2,2].
[[2,8,1,1,2,1,1,1,2],2,2].
[[3,5,0,1,1,1,1,2,1],1,0].
[[1,7,2,0,0,0,2,3,2],3,0].
[[2,7,2,0,0,0,1,2,2],2,0].
[[3,3,2,0,0,0,1,2,2],1,0].
[[1,8,1,1,2,1,1,2,2],4,1].
[[2,8,1,1,2,1,1,2,2],9,3].
[[3,8,1,1,2,1,1,2,2],13,5].
[[1,9,2,0,0,0,1,1,2],3,8].
[[2,8,1,0,0,0,1,1,2],7,4].
[[3,7,2,1,2,1,1,1,2],1,3].
[[1,9,2,1,2,1,2,1,1],0,3].
[[2,8,0,1,2,1,2,1,1],0,2].
[[3,8,0,1,2,1,2,1,1],0,1].
[[2,5,0,1,2,1,2,3,0],1,0].
[[3,5,0,1,1,1,2,3,0],2,0].
[[1,9,2,0,0,0,2,3,2],15,18].
[[2,8,0,0,0,0,2,3,2],8,5].
[[3,8,0,1,2,0,2,3,2],2,2].
[[1,8,1,1,2,1,2,2,1],5,1].
[[3,8,1,1,2,1,2,2,1],11,4].
[[1,9,2,0,0,0,2,3,0],15,15].
[[2,8,0,0,0,0,2,3,0],2,5].
[[3,8,0,1,2,0,1,2,0],1,4].
[[1,9,2,0,0,0,1,2,2],20,14].
[[2,9,2,0,0,0,1,2,2],6,10].
[[3,9,2,1,2,1,1,2,2],5,14].
[[1,8,1,0,0,0,2,2,0],2,0].
[[3,8,1,0,0,0,1,2,0],1,1].
[[2,9,2,1,2,0,1,2,2],1,2].
[[3,8,0,1,2,0,1,2,2],0,1].
[[1,9,2,0,0,0,2,2,1],9,6].
[[2,9,2,1,2,1,2,2,1],4,3].
[[3,8,0,1,2,1,2,2,1],6,1].
[[1,9,2,0,0,0,2,2,2],4,14].
[[2,8,0,1,2,1,2,2,2],3,3].
[[3,8,0,1,2,1,2,2,2],1,5].
[[1,9,2,0,0,0,2,2,0],4,20].
[[2,9,2,0,0,0,2,2,2],0,5].
[[3,8,0,1,2,0,2,2,2],0,1].
[[2,8,0,0,0,0,1,2,0],1,4].
[[3,8,0,0,0,0,1,2,0],0,6].
[[1,9,2,1,2,1,2,3,0],11,11].
[[2,9,2,1,2,1,1,2,0],4,3].
[[3,9,2,1,2,1,1,2,0],2,10].
[[1,8,0,0,0,0,1,2,2],0,2].
[[2,8,0,0,0,0,1,2,2],2,5].
[[3,7,0,0,0,0,1,2,2],0,1].
[[2,9,2,0,0,0,1,2,1],1,9].
[[3,9,2,1,2,1,1,2,1],1,2].
[[1,8,1,0,0,0,2,2,1],13,1].
[[2,7,2,0,0,0,2,2,1],1,0].
[[3,7,2,0,0,0,1,2,1],1,0].
[[2,9,2,1,2,1,0,0,0],0,3].
[[3,9,2,1,1,1,2,2,0],0,3].
[[2,9,2,1,2,1,1,2,2],8,11].
[[3,5,0,1,1,1,1,1,1],1,1].
[[2,8,1,0,0,0,2,3,0],3,1].
[[3,8,1,1,2,1,1,2,0],5,2].
[[1,8,0,0,0,0,2,3,2],2,5].
[[3,7,1,1,2,0,2,3,2],1,1].
[[1,9,2,0,0,0,1,2,0],4,10].
[[2,8,1,1,2,1,1,2,0],2,1].
[[3,8,1,1,2,1,1,1,0],4,3].
[[2,8,1,0,0,0,2,3,2],11,4].
[[3,7,2,0,0,0,2,3,2],3,0].
[[1,9,2,1,2,1,2,2,0],6,4].
[[2,9,2,1,1,1,2,2,1],3,1].
[[3,9,2,1,1,1,2,2,1],2,2].
[[3,8,0,0,0,0,1,2,1],1,2].
[[2,7,2,0,0,0,2,3,2],1,1].
[[1,9,2,1,2,1,2,1,0],3,2].
[[2,8,1,1,2,1,2,1,0],2,0].
[[1,8,1,0,0,0,1,2,0],2,0].
[[2,7,2,0,0,0,1,2,0],1,0].
[[3,7,2,1,2,1,1,2,0],2,0].
[[2,8,1,0,0,0,2,2,1],9,1].
[[3,7,1,0,0,0,2,2,1],3,0].
[[2,8,0,0,0,0,1,1,2],1,2].
[[3,7,0,0,0,0,1,1,2],0,1].
[[1,8,1,0,0,0,1,1,1],3,0].
[[2,8,1,0,0,0,1,1,1],3,0].
[[3,7,1,0,0,0,1,1,1],2,0].
[[1,8,1,0,0,0,1,1,2],5,0].
[[2,5,0,1,2,1,1,1,2],2,0].
[[3,5,0,1,1,1,1,1,2],2,0].
[[1,8,1,1,2,0,2,2,2],1,1].
[[2,8,1,1,1,0,1,1,2],1,1].
[[3,5,0,1,1,0,1,1,1],0,1].
[[3,9,2,1,2,0,1,2,2],1,0].
[[1,9,2,1,2,1,2,2,2],7,8].
[[3,8,1,1,1,1,2,2,1],2,1].
[[1,8,1,0,0,0,0,0,0],21,3].
[[2,8,1,0,0,0,2,1,1],1,1].
[[1,9,2,0,0,0,2,1,0],4,13].
[[2,9,2,0,0,0,1,2,0],2,13].
[[1,9,2,1,2,0,2,2,1],1,1].
[[2,9,2,1,2,0,1,1,1],1,1].
[[3,8,0,1,2,0,1,1,1],0,2].
[[1,9,2,1,2,1,0,0,0],3,14].
[[2,9,2,1,2,1,2,2,0],2,4].
[[3,5,0,1,2,1,2,2,0],2,0].
[[1,8,1,1,2,0,2,1,0],1,0].
[[2,7,1,1,2,0,2,1,0],1,0].
[[3,7,1,1,2,0,2,1,1],2,1].
[[2,8,1,1,2,0,1,2,2],2,1].
[[2,8,0,1,2,0,1,2,0],0,1].
[[1,9,2,1,2,1,2,1,2],1,2].
[[2,8,0,1,2,1,2,1,2],0,3].
[[3,8,0,1,2,1,1,2,2],4,11].
[[2,8,1,1,2,1,2,3,2],5,2].
[[3,8,1,1,1,1,2,3,2],2,0].
[[1,8,0,1,2,1,0,0,0],1,3].
[[2,7,1,1,2,1,0,0,0],2,1].
[[3,7,1,1,1,1,2,2,0],0,1].
[[3,9,2,1,2,0,1,1,1],0,2].
[[1,8,1,1,2,1,0,0,0],6,2].
[[2,8,1,1,1,1,2,2,2],5,0].
[[3,8,1,1,1,1,2,2,2],3,0].
[[1,8,0,0,0,0,1,1,2],1,1].
[[2,8,0,1,2,1,1,1,2],1,3].
[[3,8,0,1,2,1,1,2,1],0,3].
[[3,8,1,1,1,1,1,2,2],5,1].
[[2,8,1,1,2,1,0,0,0],0,1].
[[3,8,1,1,2,1,0,0,0],0,1].
[[2,9,2,0,0,0,2,2,1],4,5].
[[2,9,2,1,2,1,2,1,0],1,2].
[[2,8,1,0,0,0,2,2,0],2,0].
[[3,6,0,1,2,1,1,2,2],0,3].
[[1,9,2,0,0,0,1,1,1],2,2].
[[2,9,2,1,2,1,2,2,2],1,4].
[[3,8,1,1,2,0,2,3,1],2,0].
[[2,8,1,1,2,0,1,1,1],1,0].
[[3,8,1,1,2,0,1,1,1],2,0].
[[1,8,0,1,2,1,2,3,2],0,5].
[[2,8,0,1,2,1,1,2,0],1,1].
[[3,7,1,1,2,1,1,2,0],2,0].
[[1,8,1,0,0,0,2,3,1],12,2].
[[3,7,1,1,2,1,2,3,1],4,0].
[[2,7,1,0,0,0,1,1,1],1,0].
[[2,7,2,1,2,1,1,2,2],3,0].
[[3,7,2,1,2,1,1,2,2],4,2].
[[1,8,0,0,0,0,1,2,0],0,1].
[[3,8,0,1,1,1,1,2,0],0,2].
[[1,8,1,0,0,0,2,2,2],20,2].
[[2,7,2,0,0,0,2,2,2],2,0].
[[3,7,2,1,2,1,2,2,2],3,0].
[[3,8,0,1,2,1,1,2,0],5,6].
[[2,8,0,0,0,0,2,1,2],0,2].
[[3,8,0,0,0,0,1,1,2],0,2].
[[2,8,1,1,2,1,2,3,0],2,0].
[[3,7,1,1,2,1,2,3,0],1,0].
[[2,9,2,0,0,0,2,2,0],2,5].
[[3,8,0,1,2,1,2,2,0],0,5].
[[2,9,2,1,2,1,1,2,1],1,0].
[[1,9,2,0,0,0,1,2,1],1,5].
[[2,9,2,0,0,0,1,1,1],1,1].
[[3,8,0,1,2,1,1,1,1],0,3].
[[2,8,1,0,0,0,1,2,2],8,3].
[[3,7,1,1,2,0,1,2,2],1,0].
[[1,8,0,0,0,0,0,0,0],6,13].
[[2,8,0,1,2,1,2,3,0],3,8].
[[1,8,1,0,0,0,2,1,1],2,2].
[[2,8,1,0,0,0,1,2,1],5,0].
[[3,7,1,1,2,1,1,2,1],1,0].
[[2,8,1,1,2,0,2,3,1],1,2].
[[3,8,1,1,1,0,2,3,1],0,1].
[[1,8,0,0,0,0,2,3,0],2,2].
[[2,9,2,0,0,0,2,1,0],0,6].
[[3,8,0,0,0,0,2,1,0],0,2].
[[2,9,2,1,1,1,1,1,2],2,0].
[[3,4,1,1,2,0,1,1,2],2,0].
[[2,8,0,0,0,0,2,2,0],1,5].
[[3,7,0,0,0,0,2,2,0],1,1].
[[1,7,2,0,0,0,2,2,2],0,2].
[[3,7,2,0,0,0,1,2,2],0,1].
[[2,8,0,0,0,0,2,1,0],0,3].
[[3,7,0,0,0,0,2,1,0],0,1].
[[3,8,0,1,2,1,2,3,2],1,5].
[[1,8,0,1,2,1,2,2,2],1,0].
[[2,8,0,1,2,1,0,0,0],1,6].
[[3,6,0,1,2,1,0,0,0],0,2].
[[2,8,1,1,2,1,1,1,1],0,3].
[[3,8,1,1,2,1,1,1,1],2,1].
[[1,9,2,1,2,1,2,3,2],2,3].
[[2,9,2,1,2,0,2,2,0],1,1].
[[3,8,0,1,2,0,2,2,0],0,1].
[[2,7,1,0,0,0,2,3,1],2,0].
[[3,3,1,1,2,1,2,3,1],1,0].
[[2,8,0,1,2,1,2,2,0],3,1].
[[3,8,0,1,1,1,2,3,2],1,1].
[[2,6,1,1,2,1,1,2,2],1,0].
[[3,6,1,1,2,1,1,2,2],1,0].
[[3,6,0,1,2,1,2,3,0],1,2].
[[1,8,1,0,0,0,2,1,0],6,1].
[[2,8,1,1,2,0,1,2,0],1,0].
[[3,7,1,1,2,0,1,2,0],1,1].
[[2,9,2,1,2,1,2,3,0],4,11].
[[3,8,0,1,1,1,2,3,0],0,2].
[[2,9,2,0,0,0,2,3,0],7,7].
[[3,9,2,1,2,0,1,2,0],2,2].
[[3,8,1,1,1,1,1,1,2],1,0].
[[1,9,2,1,2,1,2,3,1],2,3].
[[2,8,0,1,2,1,2,3,1],0,2].
[[3,8,1,1,2,0,1,1,2],2,0].
[[3,8,1,1,2,0,2,3,0],1,1].
[[3,8,1,0,0,0,1,2,1],2,2].
[[3,5,0,1,2,1,1,2,0],2,0].
[[3,8,0,1,2,0,1,2,1],0,2].
[[2,8,1,1,2,1,2,2,2],7,3].
[[2,7,0,0,0,0,0,0,0],0,1].
[[3,7,0,1,2,1,0,0,0],0,1].
[[1,9,2,0,0,0,2,1,1],2,2].
[[2,7,1,1,2,1,1,2,2],2,0].
[[3,7,1,1,2,1,1,2,2],4,0].
[[1,7,1,0,0,0,0,0,0],4,1].
[[2,7,1,1,2,1,2,3,2],3,1].
[[3,7,1,1,2,1,2,3,2],5,2].
[[3,8,1,1,2,1,2,2,0],0,1].
[[1,8,0,0,0,0,2,2,1],1,2].
[[2,8,1,1,2,1,2,2,0],2,1].
[[2,8,1,1,2,1,2,3,1],4,3].
[[3,8,1,1,2,1,1,2,1],9,1].
[[1,9,2,1,2,0,1,1,0],0,1].
[[2,9,2,1,2,0,1,1,0],0,1].
[[3,8,0,1,2,0,1,1,0],0,1].
[[1,9,2,0,0,0,2,3,1],2,8].
[[3,8,1,1,2,1,2,3,1],5,4].
[[3,8,1,1,2,0,2,2,0],1,0].
[[1,9,2,1,2,0,2,2,2],0,2].
[[2,8,1,1,2,0,2,2,2],2,1].
[[3,7,1,1,2,0,2,2,2],1,1].
[[3,7,1,1,2,0,2,3,1],2,1].
[[2,5,0,1,2,1,1,1,1],3,1].
[[3,5,0,1,2,1,1,1,1],8,1].
[[1,7,1,1,2,1,2,2,2],1,0].
[[2,7,1,1,1,1,2,2,2],1,0].
[[3,7,1,1,1,1,2,2,2],2,0].
[[2,8,1,1,2,0,2,3,0],1,0].
[[3,8,1,1,2,0,1,2,0],1,0].
[[1,8,0,0,0,0,2,1,0],1,3].
[[1,9,2,1,2,1,2,2,1],3,6].
[[2,8,1,1,1,1,2,2,1],3,0].
[[2,8,1,1,1,1,0,0,0],0,1].
[[3,8,1,1,1,1,2,1,1],1,3].
[[3,8,1,1,1,1,2,3,1],1,0].
[[2,9,2,1,1,1,0,0,0],1,0].
[[3,8,1,0,0,0,2,3,2],3,0].
[[2,8,0,0,0,0,2,2,1],2,2].
[[1,8,1,1,1,1,2,3,2],1,0].
[[2,8,1,1,1,1,2,3,2],3,0].
[[1,8,1,1,2,1,1,1,2],0,1].
[[3,8,1,1,2,1,1,1,2],5,1].
[[2,8,0,1,2,0,2,3,0],1,0].
[[1,8,1,1,2,1,2,2,2],2,2].
[[2,9,2,0,0,0,0,0,0],0,3].
[[3,9,2,1,2,1,2,3,0],1,5].
[[1,8,1,1,2,1,2,2,0],3,0].
[[2,7,1,0,0,0,2,2,1],2,0].
[[3,7,2,1,2,1,2,3,1],2,0].
[[1,8,0,1,2,1,1,2,2],1,0].
[[3,3,1,1,2,1,1,2,2],1,0].
[[3,8,1,1,2,0,1,2,1],3,1].
[[2,8,1,0,0,0,2,1,0],3,0].
[[1,8,1,0,0,0,1,2,2],9,2].
[[3,8,1,1,2,0,1,2,2],2,1].
[[2,5,0,0,0,0,1,1,2],7,0].
[[3,5,0,1,2,1,1,2,1],3,0].
[[2,8,1,1,2,0,1,2,1],4,0].
[[1,8,0,1,2,1,2,3,0],0,2].
[[3,8,0,1,2,1,2,3,0],1,7].
[[3,3,1,0,0,0,2,2,1],1,0].
[[1,9,2,1,2,1,1,2,0],2,0].
[[2,9,2,0,0,0,2,1,1],0,1].
[[3,8,0,0,0,0,2,1,1],0,1].
[[3,7,2,1,2,0,1,1,2],0,1].
[[3,6,0,1,2,1,2,3,2],1,1].
[[3,8,0,0,0,0,1,2,2],3,4].
[[3,8,1,1,2,1,2,2,2],0,1].
[[1,8,1,1,2,1,1,1,1],0,1].
[[2,7,2,1,1,1,1,1,1],0,1].
[[3,8,1,1,1,0,2,1,1],1,0].
[[2,9,2,1,2,1,2,3,2],1,4].
[[3,9,2,1,2,1,2,2,1],0,4].
[[2,8,0,1,2,1,2,3,2],1,3].
[[1,8,0,1,2,1,2,1,0],1,0].
[[2,8,0,1,1,1,2,1,0],1,0].
[[3,8,0,1,1,1,2,1,0],1,1].
[[2,9,2,1,2,0,2,2,1],3,0].
[[3,8,1,1,2,0,2,2,1],4,0].
[[2,7,1,0,0,0,2,1,2],3,0].
[[3,8,1,0,0,0,1,2,2],3,1].
[[3,8,0,1,2,1,2,1,0],0,4].
[[2,6,1,0,0,0,0,0,0],2,0].
[[3,3,2,0,0,0,0,0,0],1,0].
[[3,7,1,0,0,0,2,3,0],1,0].
[[3,8,0,1,2,1,2,1,2],0,2].
[[3,9,2,0,0,0,1,2,1],0,3].
[[3,9,2,0,0,0,1,2,0],3,3].
[[3,8,0,0,0,0,2,3,0],0,4].
[[3,9,2,0,0,0,1,1,0],0,4].
[[3,6,1,0,0,0,2,1,0],1,0].
[[3,5,0,0,0,0,1,1,2],4,0].
[[2,7,1,0,0,0,0,0,0],5,0].
[[3,3,1,0,0,0,0,0,0],2,0].
[[2,9,2,1,1,1,1,2,2],3,2].
[[3,5,0,1,2,1,1,1,2],6,0].
[[2,8,0,1,2,1,2,2,1],1,3].
[[3,5,0,1,2,1,1,2,2],2,0].
[[1,8,0,0,0,0,2,3,1],1,0].
[[3,9,2,0,0,0,2,3,0],0,1].
[[1,7,2,0,0,0,0,0,0],2,0].
[[2,7,2,1,2,1,2,3,2],1,0].
[[3,7,2,1,2,1,2,3,2],1,0].
[[3,9,2,1,2,1,2,2,0],0,1].
[[2,9,2,0,0,0,2,3,2],0,5].
[[3,7,1,1,2,1,2,1,2],3,1].
[[3,9,2,0,0,0,1,2,2],1,2].
[[3,6,1,0,0,0,2,3,2],1,0].
[[1,8,0,0,0,0,2,2,2],4,3].
[[2,7,1,0,0,0,2,2,2],2,1].
[[3,7,1,0,0,0,2,2,2],3,0].
[[2,8,1,0,0,0,0,0,0],1,0].
[[3,9,2,1,2,0,2,3,0],0,2].
[[3,9,2,1,2,1,2,3,1],1,2].
[[2,8,1,1,2,1,2,1,1],0,2].
[[3,9,2,0,0,0,2,2,0],0,1].
[[2,8,1,0,0,0,1,2,0],2,0].
[[3,7,1,0,0,0,1,2,0],1,0].
[[2,8,1,1,2,1,1,2,1],2,2].
[[3,8,1,1,1,1,1,2,1],0,1].
[[1,9,2,1,2,1,1,1,0],1,1].
[[2,8,0,1,2,1,1,1,0],1,0].
[[3,7,1,1,1,1,1,1,0],1,0].
[[3,8,1,0,0,0,2,2,1],3,3].
[[2,9,2,0,0,0,1,1,0],3,1].
[[3,9,2,1,2,1,1,1,0],1,2].
[[2,9,2,1,1,1,2,3,1],1,0].
[[3,4,1,1,2,0,1,1,0],1,0].
[[1,8,1,1,2,1,2,3,1],2,1].
[[3,8,1,1,2,1,2,3,2],5,1].
[[3,8,0,1,2,1,0,0,0],0,1].
[[1,5,0,0,0,0,1,1,2],3,0].
[[2,9,2,1,2,1,2,3,1],2,2].
[[3,8,1,1,2,0,1,1,0],2,0].
[[1,8,1,1,2,1,2,3,2],5,1].
[[1,7,2,1,2,1,2,2,2],1,0].
[[3,3,2,1,2,1,1,2,2],2,0].
[[3,7,1,1,1,0,1,2,1],1,0].
[[1,8,1,1,2,0,2,2,1],1,1].
[[2,8,1,1,2,0,2,2,1],3,2].
[[3,8,1,1,1,0,1,2,1],0,1].
[[1,9,2,1,2,0,2,3,0],0,1].
[[2,9,2,1,2,0,2,3,0],3,2].
[[3,8,0,0,0,0,2,2,0],0,2].
[[3,9,2,1,1,1,1,1,1],1,0].
[[1,8,0,1,2,1,1,2,0],1,0].
[[2,8,0,1,1,1,1,2,0],1,0].
[[3,7,0,1,1,1,1,2,0],1,0].
[[2,7,2,0,0,0,2,1,2],0,1].
[[3,7,2,1,2,1,2,1,2],0,1].
[[3,7,1,1,2,1,2,2,2],5,0].
[[2,7,2,1,2,1,2,1,2],1,0].
[[3,5,0,0,0,0,1,2,0],1,0].
[[3,8,0,1,1,1,1,1,1],0,1].
[[2,9,2,1,1,1,1,2,0],1,1].
[[3,4,1,1,2,0,1,2,0],1,0].
[[2,8,0,0,0,0,2,3,1],0,3].
[[3,9,2,0,0,0,2,1,0],0,1].
[[1,9,2,0,0,0,1,1,0],2,0].
[[1,6,1,1,2,1,2,3,1],1,0].
[[2,6,1,1,2,1,2,3,1],2,0].
[[1,8,0,0,0,0,2,1,2],1,0].
[[3,8,0,1,1,1,1,1,2],1,1].
[[3,8,0,0,0,0,2,2,1],1,2].
[[1,5,0,1,2,1,1,1,1],0,1].
[[2,8,0,1,2,0,2,3,2],1,1].
[[3,7,0,1,2,0,2,3,2],1,0].
[[2,8,1,1,2,0,2,1,2],1,0].
[[2,8,1,0,0,0,2,2,2],6,0].
[[2,9,2,0,0,0,2,3,1],0,4].
[[3,9,2,0,0,0,2,3,1],0,3].
[[3,7,2,1,1,1,2,3,2],1,0].
[[3,8,0,1,2,0,2,2,1],0,2].
[[2,9,2,1,2,1,1,1,2],2,2].
[[2,8,0,0,0,0,1,2,1],0,2].
[[3,7,2,1,2,0,1,2,2],1,0].
[[3,8,0,0,0,0,2,1,2],0,1].
[[1,8,1,1,2,1,2,1,1],0,1].
[[2,7,1,1,2,1,2,1,1],0,1].
[[3,7,1,1,1,1,2,1,1],0,1].
[[1,7,2,1,2,1,2,1,2],1,0].
[[2,7,2,1,1,1,2,1,2],1,0].
[[3,7,2,1,1,1,1,1,2],1,0].
[[3,8,0,1,1,1,0,0,0],0,1].
[[3,9,2,1,1,1,1,2,0],1,4].
[[1,9,2,1,1,1,1,2,2],1,1].
[[2,8,0,1,1,1,1,2,2],0,1].
[[3,6,1,1,2,0,2,3,2],1,0].
[[3,8,0,0,0,0,1,1,1],0,1].
[[3,9,2,1,1,1,2,1,0],0,1].
[[2,8,0,1,2,1,2,1,0],0,2].
[[1,6,1,0,0,0,2,3,0],1,0].
[[2,6,1,1,2,1,2,2,1],1,0].
[[3,6,1,1,2,1,1,2,0],1,0].
[[1,8,1,0,0,0,1,2,1],3,0].
[[3,8,1,1,1,1,1,1,1],1,2].
[[2,9,2,1,1,1,2,3,0],0,4].
[[3,9,2,1,1,1,2,3,0],0,2].
[[2,5,0,0,0,0,2,3,0],2,0].
[[3,5,0,1,2,1,2,3,0],2,0].
[[2,7,2,1,2,1,2,2,2],1,0].
[[3,8,1,0,0,0,2,2,2],3,0].
[[1,6,1,0,0,0,0,0,0],2,0].
[[2,6,1,1,2,1,0,0,0],3,0].
[[3,6,1,1,2,1,2,3,1],2,0].
[[3,8,0,1,1,1,2,2,1],1,0].
[[1,8,1,1,2,1,2,1,2],1,0].
[[2,8,1,1,1,1,2,3,1],1,0].
[[3,4,1,1,2,0,1,2,1],1,0].
[[1,5,0,1,2,1,2,2,0],1,0].
[[2,5,0,1,2,1,2,2,0],2,0].
[[3,5,0,1,1,1,2,2,0],2,0].
[[2,9,2,0,0,0,1,1,2],2,5].
[[3,9,2,1,2,0,1,1,2],0,2].
[[2,9,2,0,0,0,2,1,2],1,1].
[[3,9,2,1,2,1,1,1,2],1,2].
[[3,6,0,1,2,1,2,2,1],0,1].
[[1,7,1,0,0,0,2,3,1],1,0].
[[2,7,1,0,0,0,1,2,0],1,0].
[[2,7,0,1,2,1,2,2,2],1,0].
[[2,8,0,1,2,0,2,2,1],1,0].
[[3,8,0,1,1,0,2,2,1],1,0].
[[2,8,0,1,1,1,2,3,0],1,0].
[[3,7,0,1,1,1,2,3,0],1,0].
[[3,5,0,0,0,0,1,1,1],3,0].
[[1,6,1,1,2,1,0,0,0],2,0].
[[3,6,1,1,2,1,2,2,2],1,1].
[[3,8,0,1,2,1,1,1,0],0,1].
[[3,7,1,1,2,1,2,2,1],2,1].
[[3,9,2,1,2,1,1,1,1],0,3].
[[2,7,2,1,2,0,2,3,2],1,0].
[[3,8,0,0,0,0,2,2,2],0,3].
[[3,8,1,0,0,0,1,1,1],0,1].
[[1,7,1,0,0,0,2,3,2],3,0].
[[3,9,2,1,1,1,1,2,2],0,2].
[[3,6,1,1,2,1,1,2,1],2,0].
[[1,8,1,1,2,0,2,3,2],1,0].
[[2,9,2,1,2,0,2,1,1],1,0].
[[3,8,0,1,2,0,2,1,1],1,0].
[[3,7,1,0,0,0,1,2,2],1,1].
[[3,6,1,0,0,0,2,2,1],1,0].
[[3,9,2,1,1,1,2,1,1],0,1].
[[2,6,0,1,2,1,2,3,2],0,2].
[[2,8,1,1,2,1,1,1,0],1,0].
[[3,8,1,1,1,1,1,2,0],1,0].
[[2,9,2,1,1,1,1,2,1],2,0].
[[3,8,0,1,1,1,1,2,1],1,0].
[[2,7,1,1,2,1,2,1,2],2,1].
[[3,7,1,1,2,1,1,1,2],0,1].
[[2,7,1,1,1,1,0,0,0],1,0].
[[3,4,1,1,2,0,2,3,2],1,0].
[[3,7,0,1,2,1,1,1,2],0,1].
[[2,9,2,1,1,0,1,1,2],0,1].
[[3,9,2,1,1,0,1,1,2],0,1].
[[3,8,1,1,1,1,2,3,0],0,2].
[[3,7,1,1,2,0,1,1,2],0,1].
[[3,9,2,1,2,0,2,2,1],1,0].
[[3,7,1,0,0,0,2,3,1],1,0].
[[3,6,1,0,0,0,1,2,2],1,0].
[[3,8,1,0,0,0,2,3,1],2,0].
[[3,5,0,0,0,0,1,2,1],1,0].
[[2,7,1,0,0,0,2,1,0],1,1].
[[3,7,1,1,2,1,2,1,0],0,1].
[[3,7,0,0,0,0,2,3,2],1,0].
[[1,5,0,0,0,0,1,1,1],1,0].
[[2,5,0,1,2,0,1,1,1],1,0].
[[3,5,0,1,2,0,1,1,1],2,0].
[[2,4,1,1,2,0,1,2,2],2,0].
[[3,4,1,1,2,0,1,1,1],2,0].
[[2,8,0,0,0,0,2,1,1],0,1].
[[2,8,1,1,1,1,1,2,2],0,1].
[[2,8,0,0,0,0,2,2,2],0,3].
[[3,7,0,0,0,0,2,2,2],0,1].
[[3,9,2,1,2,0,2,3,1],1,1].
[[1,5,0,0,0,0,1,2,0],1,0].
[[2,5,0,1,2,1,1,2,1],1,0].
[[2,7,2,1,2,1,0,0,0],1,0].
[[3,7,2,1,2,1,2,2,0],1,0].
[[3,8,1,0,0,0,1,1,0],1,0].
[[2,6,1,0,0,0,2,3,0],1,0].
[[3,6,1,0,0,0,2,3,1],2,0].
[[1,9,2,1,2,0,2,1,0],1,0].
[[3,7,0,1,2,1,2,2,2],0,2].
[[3,7,2,0,0,0,2,2,2],1,0].
[[3,6,1,1,2,1,0,0,0],1,0].
[[2,3,2,0,0,0,0,0,0],1,0].
[[3,3,2,0,0,0,2,3,2],1,0].
[[1,8,1,1,2,1,1,2,1],1,0].
[[2,5,0,1,1,1,2,3,0],1,0].
[[2,9,2,1,1,1,2,3,2],1,0].
[[3,8,0,1,2,1,2,3,1],1,1].
[[2,9,2,1,1,1,2,2,0],0,2].
[[3,7,2,1,2,1,1,1,1],0,1].
[[3,7,0,1,2,1,1,2,2],0,1].
[[2,9,2,1,2,0,2,3,2],0,2].
[[3,9,2,1,1,0,2,3,2],0,1].
[[1,9,2,1,1,1,2,3,2],1,0].
[[3,9,2,1,1,1,1,2,1],1,0].
[[3,9,2,1,2,0,2,1,0],0,1].
[[1,8,1,1,1,1,2,2,1],2,0].
[[2,4,1,1,2,0,2,2,1],1,0].
[[3,4,1,1,2,0,2,2,1],2,0].
[[3,7,0,1,2,1,2,1,0],0,1].
[[2,9,2,1,1,1,1,1,0],0,1].
[[3,9,2,1,1,1,1,1,0],0,2].
[[3,5,0,0,0,0,2,3,0],2,0].
[[3,8,1,0,0,0,2,1,2],0,1].
[[1,8,0,1,2,1,2,1,2],2,0].
[[3,3,1,1,2,1,2,1,2],1,0].
[[2,7,1,1,1,1,2,2,0],1,0].
[[3,7,1,1,1,1,1,2,0],1,0].
[[2,9,2,1,2,0,1,1,2],0,1].
[[3,8,0,1,2,0,1,1,2],0,2].
[[2,5,0,0,0,0,1,1,1],1,0].
[[3,8,0,1,2,1,1,1,2],1,0].
[[1,7,2,0,0,0,2,2,1],1,0].
[[2,7,2,1,2,1,2,2,1],1,0].
[[3,7,1,0,0,0,2,1,0],1,0].
[[3,7,1,1,1,0,2,2,1],1,0].
[[2,8,1,1,2,1,2,1,2],1,0].
[[3,6,1,1,2,1,2,1,2],1,0].
[[3,9,2,1,1,0,1,2,2],0,1].
[[3,7,1,1,2,1,2,2,0],1,0].
[[1,8,1,1,2,0,2,1,2],1,0].
[[3,5,0,1,1,0,1,1,2],1,0].
[[3,8,0,0,0,0,2,3,2],0,1].
[[2,7,1,0,0,0,2,3,2],1,1].
[[3,3,1,1,2,1,2,3,2],1,0].
[[3,8,1,0,0,0,1,1,2],1,2].
[[2,8,1,1,2,0,1,1,2],1,0].
[[3,5,0,1,2,0,1,1,2],1,0].
[[2,8,1,1,2,0,2,1,1],0,1].
[[2,7,2,1,2,0,1,2,2],0,1].
[[2,8,1,1,2,0,2,3,2],2,0].
[[1,9,2,1,1,1,2,1,2],0,1].
[[2,8,0,1,1,1,2,1,2],0,1].
[[3,8,0,1,1,1,2,1,2],0,1].
[[1,9,2,1,1,1,2,2,1],1,1].
[[1,9,2,1,2,0,0,0,0],1,0].
[[2,5,0,1,1,0,2,3,0],1,0].
[[3,5,0,1,1,0,2,3,0],1,0].
[[3,8,0,1,2,0,2,3,0],0,2].
[[2,7,1,1,2,1,2,2,1],1,0].
[[3,7,1,1,1,1,2,2,1],1,0].
[[3,4,1,1,2,0,1,2,2],3,0].
[[1,8,0,1,2,1,2,1,1],0,1].
[[3,6,0,1,2,1,2,1,1],0,1].
[[1,8,1,0,0,0,1,1,0],0,1].
[[2,8,1,0,0,0,1,1,0],0,1].
[[2,7,1,1,2,1,2,2,2],1,0].
[[3,9,2,1,1,1,2,3,1],0,1].
[[2,9,2,1,2,1,1,1,1],0,1].
[[1,9,2,1,1,1,2,1,0],1,0].
[[2,9,2,1,1,1,2,1,0],1,1].
[[3,5,0,1,1,1,1,2,0],1,0].
[[1,9,2,1,1,1,2,2,2],2,0].
[[2,7,1,1,2,0,2,2,1],1,0].
[[3,7,1,1,2,0,1,2,1],1,0].
[[3,8,1,1,2,1,2,1,1],0,1].
[[3,7,0,1,2,0,2,2,1],1,0].
[[3,8,1,1,2,0,2,3,2],1,0].
[[3,3,1,0,0,0,2,1,2],1,0].
[[1,9,2,1,1,1,2,3,0],0,1].
[[3,9,2,0,0,0,1,1,2],0,1].
[[1,8,1,0,0,0,2,3,0],1,0].
[[2,6,1,1,2,0,0,0,0],1,0].
[[3,3,2,1,1,0,0,0,0],1,0].
[[3,9,2,1,1,1,2,3,2],0,1].
[[2,4,1,1,2,0,2,2,2],1,0].
[[3,7,1,1,1,1,2,3,2],2,0].
[[1,9,2,1,2,1,1,2,1],1,0].
[[3,6,1,0,0,0,2,2,2],1,0].
[[2,8,0,1,2,0,1,1,1],0,1].
[[3,7,2,1,2,0,2,2,2],1,0].
[[3,9,2,1,2,0,1,1,0],0,1].
[[2,5,0,1,1,1,1,1,0],1,0].
[[3,5,0,1,1,1,1,1,0],1,0].
[[3,7,1,1,2,1,0,0,0],1,0].
[[3,8,0,0,0,0,2,3,1],0,1].
[[2,6,0,0,0,0,2,2,1],0,1].
[[3,6,0,0,0,0,2,2,1],0,1].
[[3,7,1,1,1,1,2,1,2],1,0].
[[1,9,2,1,1,1,2,3,1],1,0].
[[2,8,0,1,1,1,2,3,1],1,0].
[[3,7,1,1,1,1,1,2,2],1,0].
[[2,7,1,1,2,0,2,3,1],1,0].
[[2,8,0,1,1,1,2,2,0],1,0].
[[3,7,1,1,1,1,1,1,1],1,0].
[[2,8,0,1,1,1,2,2,1],0,1].
[[3,6,0,1,1,1,2,2,1],0,1].
[[1,7,1,1,2,1,0,0,0],1,0].
[[2,7,1,1,1,1,2,3,2],1,0].
[[3,7,1,0,0,0,2,3,2],1,0].
[[2,9,2,1,2,1,2,1,1],0,1].
[[3,9,2,1,2,1,2,1,1],0,1].
[[2,6,1,1,2,1,2,1,1],1,0].
[[3,3,2,1,2,1,1,1,2],1,0].
[[2,7,0,1,2,1,2,3,2],0,1].
[[3,7,0,1,2,1,2,3,2],0,1].
