total_WL(20347,15925).
[[1,8,0,0,0,0,0,0,0],944,1021].
[[2,8,0,1,2,1,2,3,0],223,194].
[[3,7,1,1,2,1,2,3,0],65,21].
[[1,8,1,1,2,1,1,2,1],92,38].
[[2,6,1,1,2,1,1,2,1],16,0].
[[3,3,2,1,1,1,1,2,1],2,0].
[[1,8,1,0,0,0,2,1,1],445,141].
[[2,7,1,0,0,0,2,1,1],93,20].
[[3,7,1,0,0,0,2,1,1],114,24].
[[1,9,2,0,0,0,2,3,1],1007,1382].
[[2,9,2,0,0,0,2,2,1],230,398].
[[3,9,2,1,2,0,1,2,0],54,122].
[[1,8,1,1,2,1,0,0,0],678,245].
[[2,8,1,1,1,1,2,1,0],7,1].
[[3,8,1,1,1,1,2,2,1],152,48].
[[1,9,2,1,2,1,0,0,0],369,704].
[[2,9,2,1,2,1,0,0,0],5,115].
[[3,9,2,1,2,1,2,1,0],5,76].
[[2,9,2,1,2,1,2,3,1],270,507].
[[3,8,0,1,2,1,2,3,1],229,415].
[[1,8,1,0,0,0,2,3,0],194,42].
[[2,8,1,1,2,1,1,2,0],66,12].
[[3,8,1,1,2,1,1,2,0],181,41].
[[1,9,2,0,0,0,2,3,0],882,926].
[[2,9,2,0,0,0,2,3,0],192,486].
[[3,8,0,0,0,0,2,3,0],70,157].
[[1,6,1,0,0,0,0,0,0],282,19].
[[2,2,1,0,0,0,0,0,0],15,0].
[[3,2,1,1,2,0,0,0,0],3,0].
[[1,9,2,0,0,0,0,0,0],796,1753].
[[2,9,2,1,2,1,2,2,1],232,384].
[[3,9,2,1,2,1,2,2,1],60,191].
[[1,9,2,0,0,0,1,1,0],94,116].
[[2,8,1,1,2,1,1,1,0],22,17].
[[3,8,1,1,2,1,1,1,0],63,43].
[[1,9,2,0,0,0,2,2,0],648,692].
[[2,9,2,0,0,0,1,1,0],64,116].
[[3,9,2,1,2,0,1,1,0],22,47].
[[1,9,2,0,0,0,2,1,0],330,311].
[[2,8,1,1,2,0,2,3,1],187,100].
[[3,6,1,1,2,0,2,3,1],42,1].
[[1,8,1,1,2,1,2,3,1],389,100].
[[2,8,1,1,2,1,2,3,1],717,259].
[[3,7,1,1,2,1,2,3,1],462,136].
[[2,8,0,0,0,0,2,1,0],99,75].
[[3,7,0,0,0,0,2,1,0],13,6].
[[1,7,1,0,0,0,2,1,1],25,3].
[[2,7,1,0,0,0,1,1,1],21,14].
[[3,7,1,0,0,0,1,1,1],47,21].
[[2,6,1,0,0,0,2,2,1],45,4].
[[3,6,1,1,2,1,1,2,1],70,4].
[[1,9,2,1,2,1,1,2,0],132,102].
[[2,9,2,1,2,1,1,2,0],270,293].
[[3,9,2,1,2,1,1,1,0],70,176].
[[1,9,2,0,0,0,2,2,1],706,809].
[[2,8,0,0,0,0,2,2,1],193,221].
[[3,8,0,1,2,1,2,1,1],141,187].
[[2,8,0,1,1,1,0,0,0],36,58].
[[3,8,0,1,1,1,2,3,1],70,137].
[[1,7,1,0,0,0,2,1,0],8,1].
[[2,3,1,0,0,0,2,1,0],2,0].
[[3,3,1,1,2,1,2,1,0],3,0].
[[1,8,1,0,0,0,2,3,1],1109,333].
[[2,8,1,0,0,0,2,3,1],886,316].
[[3,8,1,1,2,1,1,2,1],791,315].
[[1,8,0,0,0,0,2,1,1],83,99].
[[2,8,0,1,2,1,2,1,1],114,141].
[[3,7,0,1,2,1,2,1,1],23,18].
[[2,7,2,0,0,0,2,3,1],145,12].
[[3,7,2,1,2,1,2,2,1],145,5].
[[3,9,2,1,1,1,1,2,1],103,252].
[[1,8,1,0,0,0,0,0,0],2137,720].
[[3,8,1,1,2,1,2,3,1],487,212].
[[2,8,1,0,0,0,2,2,1],590,204].
[[3,7,1,0,0,0,2,2,1],174,60].
[[1,9,2,1,1,1,0,0,0],63,62].
[[2,9,2,1,1,1,2,1,0],27,28].
[[3,8,0,1,1,1,2,1,0],30,59].
[[1,9,2,1,2,1,2,1,0],150,125].
[[2,9,2,1,2,1,2,1,0],85,156].
[[3,9,1,1,2,1,2,3,0],4,18].
[[3,8,1,1,1,1,2,3,1],168,74].
[[2,9,2,0,0,0,2,3,1],277,509].
[[3,8,1,0,0,0,2,3,1],231,83].
[[2,8,1,0,0,0,0,0,0],368,146].
[[3,8,1,1,2,1,2,1,1],304,104].
[[3,8,0,1,1,1,1,1,1],22,67].
[[2,6,1,1,2,1,2,3,1],62,4].
[[3,6,1,1,1,1,2,3,1],30,3].
[[2,9,2,0,0,0,2,1,0],96,188].
[[3,9,2,0,0,0,1,2,0],79,160].
[[2,8,1,1,2,1,0,0,0],284,113].
[[1,9,2,1,2,1,2,2,1],330,361].
[[2,9,2,1,1,1,2,3,1],76,98].
[[2,8,1,0,0,0,1,2,1],497,162].
[[3,8,1,0,0,0,1,2,1],352,139].
[[2,8,1,1,2,1,2,2,1],494,161].
[[3,8,1,1,2,1,1,1,1],238,195].
[[1,8,1,0,0,0,1,2,1],270,113].
[[2,7,1,0,0,0,1,2,1],62,14].
[[3,7,1,0,0,0,1,2,1],154,38].
[[3,8,1,1,2,0,2,3,1],188,83].
[[2,6,1,0,0,0,2,1,1],32,2].
[[3,6,1,0,0,0,2,1,1],28,1].
[[1,8,0,0,0,0,1,2,1],8,5].
[[2,8,0,0,0,0,1,2,1],97,105].
[[3,8,0,1,2,1,1,2,1],231,374].
[[1,9,2,1,2,1,2,3,0],397,374].
[[3,9,2,1,2,1,2,3,0],23,279].
[[3,7,2,1,2,0,2,3,1],91,9].
[[2,8,0,0,0,0,2,2,0],191,175].
[[3,8,0,0,0,0,2,2,0],49,121].
[[1,7,2,0,0,0,0,0,0],359,44].
[[3,7,2,0,0,0,1,2,1],65,3].
[[2,9,2,1,2,0,2,3,0],49,113].
[[1,6,1,1,2,1,2,3,1],9,2].
[[3,6,1,1,2,1,2,3,1],99,12].
[[1,8,0,1,2,1,0,0,0],317,321].
[[2,8,0,1,1,1,2,3,1],51,35].
[[3,6,0,1,1,1,2,3,1],3,4].
[[1,7,1,0,0,0,2,2,1],43,5].
[[2,7,2,0,0,0,2,2,1],108,6].
[[3,7,2,0,0,0,2,2,1],79,2].
[[2,8,0,1,2,1,2,2,1],162,204].
[[3,8,0,1,2,1,1,1,1],81,119].
[[2,8,1,0,0,0,1,1,1],143,113].
[[3,8,1,0,0,0,1,1,1],109,81].
[[3,8,1,1,2,0,2,2,1],134,66].
[[3,6,0,0,0,0,2,2,0],13,7].
[[3,9,2,1,2,1,2,1,1],61,149].
[[2,9,2,0,0,0,1,2,1],317,417].
[[3,8,1,1,2,1,2,2,1],425,155].
[[2,8,1,1,2,1,2,2,0],91,26].
[[3,8,1,1,2,1,2,3,0],57,30].
[[2,8,1,1,2,1,2,1,1],282,110].
[[2,7,1,1,2,1,0,0,0],278,85].
[[3,7,1,1,1,1,2,2,1],68,39].
[[1,9,2,0,0,0,2,1,1],435,489].
[[2,9,2,1,2,1,2,1,1],156,271].
[[3,8,0,1,2,1,2,2,0],132,284].
[[3,9,2,1,2,1,1,2,1],248,558].
[[3,8,0,1,2,1,2,2,1],167,278].
[[2,9,2,0,0,0,2,2,0],176,326].
[[2,8,1,1,2,0,1,2,1],117,70].
[[3,8,1,1,2,0,1,2,1],279,150].
[[3,7,2,1,2,1,1,2,1],143,13].
[[1,8,1,1,2,1,2,2,1],252,68].
[[3,6,1,1,2,1,2,2,1],81,4].
[[2,8,1,0,0,0,2,3,0],138,38].
[[3,8,1,0,0,0,2,2,1],183,63].
[[1,9,2,1,2,1,2,2,0],267,274].
[[2,9,2,1,2,0,0,0,0],3,27].
[[3,8,0,1,1,0,0,0,0],0,3].
[[2,7,2,0,0,0,0,0,0],237,10].
[[3,7,2,0,0,0,0,0,0],64,4].
[[2,8,0,0,0,0,2,3,1],265,365].
[[1,9,2,1,2,1,2,3,1],450,545].
[[3,7,2,1,2,1,2,3,1],196,11].
[[3,8,0,1,2,0,1,2,1],59,117].
[[3,7,1,1,2,1,0,0,0],244,84].
[[3,8,1,1,1,1,2,1,0],10,4].
[[2,7,1,0,0,0,2,3,0],26,2].
[[3,7,1,1,2,0,2,3,1],142,52].
[[2,6,1,1,2,1,1,1,1],4,2].
[[3,6,1,1,2,1,1,1,1],11,5].
[[3,8,1,0,0,0,2,1,0],19,8].
[[2,8,1,1,1,1,2,3,1],144,33].
[[3,7,2,1,1,1,2,3,1],37,7].
[[3,9,2,1,2,1,2,3,1],56,156].
[[2,7,2,1,2,1,2,3,1],95,8].
[[1,8,0,1,2,1,2,1,0],22,18].
[[2,8,0,1,2,1,2,1,0],88,76].
[[3,8,0,1,2,1,2,1,0],63,139].
[[3,7,1,0,0,0,2,3,1],245,71].
[[1,9,2,0,0,0,1,2,1],369,384].
[[2,9,2,1,2,1,1,2,1],320,449].
[[3,8,0,1,1,1,1,2,1],73,115].
[[3,9,2,1,2,1,1,1,1],82,226].
[[2,9,2,1,2,0,2,1,0],16,41].
[[3,9,2,1,2,0,2,1,1],22,44].
[[1,8,1,0,0,0,2,1,0],85,12].
[[3,8,1,1,1,1,1,1,0],24,14].
[[1,9,2,0,0,0,1,1,1],116,111].
[[2,9,2,0,0,0,1,1,1],110,144].
[[3,8,1,1,2,0,1,1,1],88,70].
[[1,8,0,0,0,0,2,3,0],191,132].
[[3,7,1,0,0,0,1,2,0],34,1].
[[2,9,2,0,0,0,2,1,1],166,291].
[[1,8,1,1,2,1,2,1,1],116,34].
[[2,8,1,1,2,1,1,1,1],110,82].
[[3,7,1,1,1,1,1,1,1],34,10].
[[1,7,1,0,0,0,0,0,0],363,100].
[[2,7,1,0,0,0,0,0,0],403,123].
[[2,9,2,1,1,1,2,2,1],62,92].
[[3,9,2,1,1,1,2,1,1],25,56].
[[2,8,0,0,0,0,0,0,0],201,436].
[[3,7,0,1,2,1,0,0,0],45,73].
[[3,8,0,1,2,1,1,2,0],245,215].
[[3,7,1,1,1,1,0,0,0],51,27].
[[2,9,2,1,1,1,1,2,1],85,93].
[[3,9,1,1,1,1,1,2,1],7,20].
[[1,9,2,0,0,0,1,2,0],290,278].
[[2,9,2,0,0,0,1,2,0],242,272].
[[2,8,0,0,0,0,2,3,0],240,236].
[[2,9,2,1,2,1,1,1,0],80,133].
[[3,8,0,1,1,1,1,1,0],33,29].
[[2,8,0,0,0,0,2,1,1],110,124].
[[2,8,0,1,2,1,0,0,0],187,375].
[[3,8,0,1,1,1,2,2,0],44,87].
[[2,9,1,1,2,1,1,1,1],3,7].
[[3,9,1,1,2,1,1,1,1],12,19].
[[2,9,2,1,2,1,2,2,0],185,316].
[[3,9,1,1,2,1,2,2,0],2,13].
[[3,7,1,1,2,1,2,1,1],204,57].
[[3,7,2,0,0,0,2,1,0],5,1].
[[2,9,2,1,1,1,2,2,0],66,75].
[[3,9,2,1,1,1,2,2,0],8,81].
[[3,6,0,1,2,0,2,2,0],2,2].
[[1,8,1,0,0,0,2,2,1],725,226].
[[1,8,1,1,1,1,2,3,1],30,12].
[[1,9,2,1,2,1,1,2,1],139,137].
[[2,5,0,1,2,1,1,1,1],29,2].
[[3,5,0,1,2,1,1,1,1],147,12].
[[1,9,2,1,2,0,2,1,0],16,20].
[[2,9,2,1,2,0,1,1,0],20,31].
[[3,8,0,0,0,0,2,1,0],31,69].
[[1,9,2,1,2,0,2,3,0],24,37].
[[2,8,0,1,2,0,2,3,0],38,41].
[[3,8,0,1,2,0,2,3,0],37,111].
[[3,9,2,0,0,0,2,3,0],6,97].
[[2,8,0,1,2,1,1,2,1],70,80].
[[3,8,0,1,2,0,2,1,0],11,32].
[[2,8,1,0,0,0,2,2,0],119,45].
[[3,6,1,0,0,0,2,2,0],6,0].
[[3,9,2,0,0,0,1,1,0],27,74].
[[3,7,2,1,2,1,0,0,0],97,9].
[[2,6,1,1,2,1,0,0,0],105,11].
[[3,3,2,1,1,1,0,0,0],5,0].
[[2,8,1,1,2,0,2,2,1],124,79].
[[3,7,2,1,1,0,2,3,1],10,11].
[[3,9,2,0,0,0,2,2,1],15,44].
[[1,8,1,0,0,0,2,2,0],155,37].
[[2,8,1,0,0,0,1,1,0],30,16].
[[2,7,1,0,0,0,2,3,1],226,56].
[[2,8,1,1,2,0,2,1,1],99,49].
[[3,9,2,0,0,0,1,2,1],103,243].
[[3,7,0,0,0,0,2,3,1],30,25].
[[3,7,1,0,0,0,2,2,0],29,8].
[[2,9,2,1,1,1,2,1,1],45,59].
[[3,5,0,1,2,1,1,2,0],126,0].
[[1,7,2,1,2,0,0,0,0],29,8].
[[2,7,2,1,2,0,0,0,0],75,19].
[[1,8,0,0,0,0,2,3,1],197,205].
[[2,6,0,0,0,0,2,3,1],6,9].
[[3,6,0,0,0,0,1,2,1],5,4].
[[3,8,0,0,0,0,0,0,0],0,46].
[[2,9,2,1,2,1,2,3,0],226,457].
[[3,8,0,1,2,1,2,3,0],164,367].
[[1,9,2,1,2,0,1,1,1],5,10].
[[2,9,2,1,1,0,1,1,1],3,3].
[[3,8,0,1,1,0,1,1,1],2,5].
[[3,8,1,1,1,1,1,2,1],257,99].
[[1,7,2,1,2,1,0,0,0],69,9].
[[2,7,2,1,2,1,0,0,0],135,16].
[[3,7,1,1,2,0,2,2,1],99,48].
[[2,8,1,1,2,1,1,2,1],389,129].
[[3,7,1,1,1,1,2,1,0],9,2].
[[2,8,0,1,2,1,2,3,1],256,300].
[[3,7,1,1,1,1,2,3,1],115,39].
[[1,9,2,1,1,1,1,2,1],16,11].
[[2,8,0,1,1,1,1,2,1],23,8].
[[3,8,0,1,2,1,0,0,0],2,87].
[[3,9,2,1,1,1,1,2,0],94,140].
[[2,9,2,1,2,0,2,2,0],40,95].
[[3,8,0,1,2,0,2,2,0],31,85].
[[1,9,2,1,1,1,2,2,1],53,35].
[[2,9,2,1,1,1,1,1,1],29,45].
[[3,4,1,1,2,0,1,1,1],60,13].
[[3,8,0,0,0,0,1,2,0],97,84].
[[2,7,1,1,2,1,2,3,1],157,45].
[[2,8,1,1,2,0,2,3,0],39,15].
[[3,6,1,1,2,1,2,3,0],24,1].
[[1,9,2,1,2,0,1,2,1],15,32].
[[2,9,1,1,2,0,1,1,1],0,2].
[[3,8,0,1,2,0,1,1,1],18,47].
[[1,8,1,1,2,1,1,1,1],23,18].
[[2,9,2,0,0,0,0,0,0],7,126].
[[3,9,2,1,2,0,2,2,1],25,65].
[[1,8,0,0,0,0,2,2,0],135,133].
[[2,8,0,1,2,1,2,2,0],145,170].
[[1,7,2,0,0,0,2,3,1],72,9].
[[2,7,2,1,2,1,1,1,0],2,1].
[[3,7,2,1,1,1,1,1,0],0,2].
[[1,9,2,1,2,1,2,1,1],174,224].
[[3,8,1,1,2,0,2,1,1],101,50].
[[3,9,2,1,2,1,1,2,0],213,377].
[[3,8,1,1,1,0,1,2,1],41,66].
[[2,9,2,1,2,1,1,1,1],113,128].
[[2,8,0,0,0,0,1,1,1],32,28].
[[2,7,0,0,0,0,0,0,0],34,34].
[[3,7,0,1,2,0,0,0,0],10,11].
[[3,8,0,1,1,1,2,2,1],52,104].
[[3,9,2,0,0,0,1,1,1],38,76].
[[2,9,2,1,1,1,2,3,0],68,86].
[[3,8,0,1,1,1,2,3,0],48,119].
[[1,8,1,1,2,0,1,2,1],11,9].
[[2,8,1,1,1,0,1,2,1],8,9].
[[3,9,2,1,2,1,2,2,0],33,201].
[[3,7,1,1,1,1,2,1,1],59,19].
[[2,8,1,1,1,1,1,2,1],86,30].
[[3,4,1,1,2,0,1,2,1],141,22].
[[3,8,1,1,1,1,2,1,1],77,40].
[[2,8,1,0,0,0,2,1,1],377,101].
[[3,9,2,1,2,0,2,3,1],17,55].
[[2,8,1,1,2,1,2,3,0],120,28].
[[3,7,0,1,2,1,2,3,1],69,49].
[[3,2,1,0,0,0,2,2,0],3,0].
[[3,6,1,1,2,1,0,0,0],51,2].
[[2,7,2,1,2,0,2,1,1],12,8].
[[3,7,1,1,2,0,2,1,1],74,31].
[[3,7,1,0,0,0,0,0,0],118,25].
[[2,8,1,1,2,0,2,2,0],20,12].
[[3,8,1,1,1,0,2,2,0],4,4].
[[1,8,1,1,2,1,2,1,0],23,2].
[[3,8,1,1,1,1,1,1,1],84,58].
[[2,9,2,1,2,0,2,2,1],51,108].
[[3,9,2,1,1,0,1,2,1],9,45].
[[1,8,0,1,2,1,1,2,1],5,2].
[[2,8,0,1,2,1,1,1,1],35,37].
[[2,8,0,1,2,1,1,1,0],35,24].
[[3,8,0,1,2,1,1,1,0],80,72].
[[2,7,1,0,0,0,2,2,1],151,43].
[[3,7,1,1,2,0,1,1,1],49,22].
[[2,9,2,1,2,0,1,2,0],54,63].
[[1,8,1,1,2,0,2,2,1],28,26].
[[1,7,2,0,0,0,1,2,1],13,2].
[[2,7,2,1,2,1,1,2,1],30,9].
[[2,9,2,1,2,0,1,2,1],79,142].
[[3,5,0,1,1,0,1,1,1],7,4].
[[3,8,1,1,1,0,2,2,1],26,28].
[[2,8,1,1,1,1,2,2,1],105,28].
[[3,7,2,1,1,1,2,2,1],28,3].
[[3,6,0,1,2,1,1,2,1],10,6].
[[2,3,1,0,0,0,0,0,0],48,6].
[[3,3,1,0,0,0,0,0,0],58,5].
[[3,3,2,0,0,0,2,3,1],18,1].
[[2,5,0,1,2,0,1,1,1],5,1].
[[3,5,0,1,2,0,1,1,1],38,5].
[[3,8,0,1,2,0,2,3,1],60,112].
[[3,8,1,1,1,1,2,2,0],13,8].
[[3,5,0,1,1,1,1,1,1],39,6].
[[3,7,1,1,2,1,1,1,1],101,46].
[[1,8,0,0,0,0,1,1,1],5,6].
[[2,7,0,0,0,0,1,1,1],1,1].
[[3,7,0,0,0,0,1,1,1],2,2].
[[3,7,2,1,2,0,2,2,1],56,8].
[[1,9,2,1,2,1,1,1,0],43,56].
[[2,8,0,1,1,1,1,1,0],1,1].
[[3,4,1,1,2,0,1,1,0],29,4].
[[3,8,0,0,0,0,2,3,1],86,170].
[[3,7,2,0,0,0,2,1,1],56,3].
[[3,5,0,1,1,1,1,1,0],20,0].
[[3,6,0,1,2,1,2,3,0],24,16].
[[3,9,2,1,1,1,1,1,1],26,84].
[[3,8,0,0,0,0,2,2,1],66,124].
[[3,6,0,1,2,0,0,0,0],5,2].
[[3,8,0,0,0,0,1,1,1],25,59].
[[1,8,0,0,0,0,2,2,1],128,141].
[[2,7,1,1,2,1,2,2,1],108,18].
[[2,7,1,1,1,1,2,2,1],6,1].
[[3,6,0,1,2,1,0,0,0],23,34].
[[2,9,2,1,2,0,2,3,1],63,125].
[[3,9,2,1,2,0,1,2,1],77,207].
[[1,8,1,1,2,0,2,1,1],18,16].
[[3,9,2,1,1,1,2,1,0],3,21].
[[3,2,1,1,2,1,0,0,0],8,0].
[[1,9,2,1,1,1,2,3,1],61,41].
[[2,4,1,1,2,0,2,3,1],24,1].
[[3,4,1,1,2,0,2,3,1],82,4].
[[3,6,0,1,2,1,2,3,1],21,32].
[[2,7,1,1,1,1,2,3,1],19,6].
[[3,5,0,0,0,0,1,1,1],57,3].
[[3,8,0,1,1,1,1,2,0],77,65].
[[3,9,2,1,1,1,2,2,1],27,72].
[[2,6,1,0,0,0,0,0,0],180,6].
[[3,4,1,1,2,0,1,2,0],72,7].
[[2,9,1,1,1,1,1,2,1],2,4].
[[2,3,2,0,0,0,0,0,0],45,0].
[[3,3,2,0,0,0,0,0,0],35,0].
[[3,8,1,0,0,0,2,2,0],26,11].
[[2,4,1,1,2,0,2,1,0],8,0].
[[3,9,2,0,0,0,2,3,1],16,59].
[[2,7,2,0,0,0,1,2,1],52,6].
[[3,3,2,0,0,0,1,2,1],9,0].
[[3,7,0,0,0,0,1,2,1],12,7].
[[2,8,0,0,0,0,1,2,0],65,70].
[[3,7,0,0,0,0,2,3,0],28,11].
[[2,8,0,1,1,1,2,1,0],16,11].
[[1,6,1,0,0,0,2,2,1],33,5].
[[2,6,1,1,2,1,2,2,1],44,3].
[[3,3,2,1,2,1,2,2,1],23,0].
[[2,9,1,0,0,0,2,2,0],5,3].
[[1,8,1,1,2,1,2,2,0],62,6].
[[2,6,1,1,2,1,2,2,0],5,0].
[[3,3,2,1,1,1,2,3,1],3,0].
[[3,4,1,1,2,0,2,2,0],42,2].
[[3,7,0,1,2,1,2,2,1],48,32].
[[1,8,0,1,2,1,2,3,1],77,53].
[[3,9,2,1,1,0,1,2,0],7,25].
[[1,7,1,0,0,0,1,2,1],8,3].
[[3,7,1,1,2,1,2,2,1],336,92].
[[3,3,2,1,2,1,0,0,0],45,0].
[[3,8,1,0,0,0,1,2,0],97,16].
[[2,8,1,1,2,0,0,0,0],85,42].
[[3,8,1,1,1,0,2,3,1],29,36].
[[2,7,1,1,2,0,2,3,1],33,12].
[[3,8,1,0,0,0,2,1,1],128,37].
[[3,6,0,0,0,0,2,2,1],3,8].
[[1,8,0,0,0,0,1,1,0],4,7].
[[2,8,0,1,2,0,1,1,0],1,4].
[[3,8,0,1,2,0,1,1,0],13,23].
[[2,5,0,0,0,0,1,1,0],16,2].
[[3,5,0,0,0,0,1,1,0],16,1].
[[1,8,0,0,0,0,1,2,0],17,22].
[[2,8,0,1,2,1,1,2,0],77,55].
[[3,7,0,1,2,1,1,2,0],18,4].
[[2,8,0,1,2,0,2,1,1],12,15].
[[2,7,1,0,0,0,2,2,0],31,7].
[[3,8,0,1,1,1,2,1,1],37,66].
[[1,8,1,1,2,0,0,0,0],96,62].
[[3,9,2,0,0,0,2,2,0],13,84].
[[3,6,1,0,0,0,2,3,1],66,1].
[[3,7,1,1,2,0,0,0,0],73,36].
[[2,8,1,1,1,1,2,3,0],31,4].
[[1,9,2,1,2,1,1,1,1],67,53].
[[3,9,2,1,1,1,1,1,0],22,77].
[[3,9,2,1,2,0,1,1,1],37,71].
[[2,8,1,1,2,0,1,1,1],33,36].
[[3,8,1,1,1,0,1,1,1],15,23].
[[1,9,2,1,2,0,2,1,1],13,31].
[[2,9,2,1,1,0,2,1,1],1,4].
[[3,9,2,1,1,0,2,3,1],2,17].
[[3,7,0,1,1,1,2,3,0],13,9].
[[1,9,2,1,1,1,2,1,1],24,15].
[[2,8,0,1,1,1,2,1,1],11,15].
[[3,4,1,1,2,0,2,1,1],52,6].
[[3,7,1,0,0,0,2,3,0],29,9].
[[3,7,2,1,2,1,1,1,1],42,22].
[[3,6,0,1,2,1,2,1,0],10,5].
[[2,8,1,1,1,1,1,1,1],31,6].
[[3,3,2,0,0,0,2,2,1],15,0].
[[2,6,1,1,2,0,2,2,1],6,2].
[[1,9,2,1,2,0,2,2,1],25,56].
[[2,8,0,1,2,0,2,2,1],18,26].
[[3,6,1,1,2,0,0,0,0],13,0].
[[1,8,0,1,2,1,2,2,1],47,35].
[[2,7,0,1,2,1,2,2,1],9,1].
[[3,7,0,1,2,1,1,2,1],15,12].
[[2,8,0,1,1,1,2,2,1],18,27].
[[2,7,2,0,0,0,2,1,1],64,3].
[[3,3,2,1,2,1,2,1,1],17,0].
[[3,7,2,1,1,1,1,2,1],36,8].
[[2,5,0,0,0,0,1,1,1],37,0].
[[3,8,1,1,2,0,1,2,0],49,25].
[[2,8,0,1,2,0,0,0,0],30,69].
[[3,8,0,0,0,0,1,2,1],97,174].
[[1,8,1,1,1,1,0,0,0],64,20].
[[2,4,1,1,2,0,0,0,0],12,2].
[[2,7,1,1,2,0,0,0,0],60,28].
[[2,6,0,0,0,0,0,0,0],43,56].
[[3,6,0,0,0,0,2,3,0],10,10].
[[1,8,1,0,0,0,1,1,1],62,75].
[[3,8,1,0,0,0,1,1,0],30,14].
[[2,8,0,1,1,1,1,2,0],11,5].
[[3,7,0,1,2,0,1,1,1],2,2].
[[2,9,2,1,1,1,0,0,0],7,20].
[[3,8,0,1,1,1,0,0,0],1,21].
[[3,8,0,1,2,0,2,2,1],41,85].
[[3,7,1,1,1,0,2,1,1],5,5].
[[3,9,1,1,2,0,2,3,0],4,6].
[[3,5,0,1,1,0,1,2,0],3,0].
[[3,5,0,1,2,0,1,2,0],35,2].
[[2,5,0,1,1,1,1,2,0],3,1].
[[3,5,0,1,1,1,1,2,0],43,3].
[[3,7,2,1,1,1,0,0,0],23,5].
[[3,9,2,1,2,0,2,3,0],5,52].
[[3,7,1,1,1,0,2,3,0],4,2].
[[2,9,1,1,2,1,1,2,1],6,8].
[[3,9,1,1,2,1,1,2,1],11,25].
[[2,8,1,1,2,0,1,2,0],16,13].
[[2,8,0,0,0,0,1,1,0],34,31].
[[1,8,1,1,2,1,2,3,0],70,12].
[[2,7,2,1,2,1,2,2,1],47,5].
[[3,6,1,0,0,0,2,2,1],48,1].
[[3,7,2,0,0,0,2,3,1],104,4].
[[2,7,1,1,2,1,2,1,1],61,13].
[[2,6,1,1,2,1,2,3,0],8,0].
[[3,9,2,1,1,1,2,3,0],12,102].
[[1,9,2,1,1,1,2,3,0],41,31].
[[2,6,1,1,1,1,2,3,1],8,2].
[[3,6,1,1,1,1,2,3,0],5,0].
[[1,6,1,1,2,1,0,0,0],58,6].
[[3,6,1,1,2,1,2,1,1],58,2].
[[3,7,1,1,2,0,2,2,0],24,9].
[[3,9,2,0,0,0,2,1,1],22,52].
[[2,5,0,1,1,1,1,1,1],3,0].
[[1,8,1,1,1,1,2,2,1],16,6].
[[3,6,1,1,1,1,1,1,1],4,2].
[[1,8,0,0,0,0,2,1,0],67,41].
[[2,9,2,1,2,0,1,1,1],25,39].
[[2,8,1,1,2,1,2,1,0],37,8].
[[3,7,1,1,2,1,2,1,0],36,3].
[[3,7,1,1,2,1,1,2,1],276,73].
[[2,5,0,1,2,1,1,2,1],4,1].
[[3,5,0,1,2,1,1,2,1],51,5].
[[2,7,2,1,1,1,0,0,0],15,2].
[[3,3,1,1,2,1,2,3,1],45,4].
[[3,7,1,1,1,1,1,2,1],71,23].
[[2,8,0,1,2,0,1,2,1],10,20].
[[3,7,0,1,2,1,2,3,0],29,39].
[[3,8,0,0,0,0,2,1,1],55,77].
[[3,8,1,1,1,1,2,3,0],28,8].
[[3,8,1,1,2,1,2,2,0],44,25].
[[3,9,1,1,1,0,2,3,0],0,2].
[[2,7,2,1,2,1,2,1,1],37,2].
[[3,7,2,1,1,1,2,1,1],18,4].
[[2,6,0,1,2,1,0,0,0],29,24].
[[2,7,0,1,2,1,0,0,0],33,41].
[[1,7,1,1,2,1,0,0,0],74,19].
[[1,9,2,1,2,0,2,3,1],35,68].
[[2,8,1,1,1,1,1,1,0],10,4].
[[3,7,1,1,1,1,1,1,0],6,4].
[[3,6,0,1,2,1,2,1,1],10,16].
[[2,8,1,0,0,0,2,1,0],59,23].
[[2,8,0,1,1,1,2,3,0],38,27].
[[3,7,1,1,2,1,2,2,0],64,20].
[[3,7,0,1,2,0,2,3,0],12,6].
[[1,7,1,0,0,0,2,3,1],50,10].
[[1,6,1,0,0,0,2,2,0],5,2].
[[2,6,1,0,0,0,1,2,0],3,2].
[[3,6,1,1,2,0,1,2,0],7,1].
[[2,9,2,1,1,1,1,2,0],79,40].
[[3,8,1,1,1,1,1,2,0],61,12].
[[3,8,0,0,0,0,1,1,0],35,37].
[[3,7,2,1,2,0,0,0,0],50,7].
[[2,7,0,1,2,1,2,3,0],8,10].
[[2,7,1,0,0,0,1,2,0],10,2].
[[3,7,1,1,2,0,1,2,0],16,1].
[[3,9,2,1,1,0,2,3,0],1,14].
[[3,3,1,0,0,0,2,2,1],23,1].
[[3,6,1,1,1,1,0,0,0],12,1].
[[2,6,1,1,2,0,2,3,0],1,1].
[[3,6,1,1,2,0,1,2,1],31,3].
[[3,6,1,0,0,0,1,2,1],33,3].
[[1,7,2,1,2,0,2,3,1],9,3].
[[2,7,2,1,2,0,1,2,1],21,4].
[[3,7,0,1,1,1,2,1,1],4,6].
[[3,6,0,1,2,1,1,2,0],11,4].
[[2,8,1,0,0,0,1,2,0],101,15].
[[3,7,0,1,2,1,2,2,0],42,19].
[[3,4,1,1,2,0,2,2,1],64,7].
[[3,7,0,0,0,0,1,1,0],5,1].
[[1,8,1,1,2,0,2,3,1],53,29].
[[2,3,2,1,2,1,0,0,0],23,0].
[[3,6,1,1,2,1,2,2,0],16,0].
[[1,8,0,1,2,1,2,1,1],32,22].
[[1,8,0,1,2,1,2,2,0],48,29].
[[2,7,1,1,2,1,2,2,0],25,3].
[[3,6,0,1,2,1,2,2,1],13,13].
[[3,7,1,1,2,0,2,3,0],25,9].
[[2,8,1,1,1,1,2,2,0],17,4].
[[3,7,0,1,2,1,1,1,1],4,6].
[[1,7,2,1,2,1,2,3,1],26,3].
[[3,7,2,1,2,1,2,1,1],82,5].
[[1,9,2,1,2,0,1,2,0],10,16].
[[2,9,2,1,1,0,1,2,0],4,6].
[[3,8,0,1,1,0,1,2,0],5,6].
[[3,7,0,1,2,1,2,1,0],27,9].
[[3,8,1,1,2,0,2,2,0],13,17].
[[3,9,2,0,0,0,2,1,0],3,31].
[[1,7,2,0,0,0,2,2,1],46,2].
[[2,7,2,1,2,0,2,3,1],34,8].
[[1,6,1,0,0,0,1,2,1],10,1].
[[3,2,1,1,2,1,1,2,1],1,0].
[[3,8,0,1,1,0,1,2,1],4,19].
[[3,7,2,0,0,0,2,3,0],4,1].
[[2,8,0,1,2,0,1,2,0],15,4].
[[3,7,1,1,2,0,1,2,1],106,25].
[[3,8,1,1,1,0,1,2,0],16,4].
[[3,6,1,1,2,1,1,1,0],3,3].
[[3,4,1,1,2,0,2,3,0],34,3].
[[3,3,1,1,1,1,2,3,1],3,0].
[[2,5,0,0,0,0,1,2,1],7,1].
[[1,7,2,0,0,0,2,1,1],36,0].
[[2,7,1,1,2,0,1,2,1],9,2].
[[3,7,2,1,2,1,2,1,0],8,0].
[[1,6,0,0,0,0,2,2,1],0,1].
[[2,6,0,1,2,1,2,2,1],4,3].
[[3,6,0,1,1,1,2,2,1],3,10].
[[3,9,1,0,0,0,1,2,0],3,4].
[[3,9,1,0,0,0,1,2,1],10,11].
[[3,8,1,1,2,0,1,1,0],33,10].
[[1,8,0,1,2,1,2,3,0],73,34].
[[2,7,1,1,2,1,2,3,0],27,3].
[[3,5,0,1,1,0,1,2,1],2,0].
[[2,6,1,0,0,0,2,3,1],94,2].
[[3,7,1,1,2,1,1,2,0],63,6].
[[3,2,1,1,2,1,2,2,1],3,0].
[[1,9,2,1,2,0,1,1,0],2,3].
[[2,9,2,1,1,0,1,1,0],0,4].
[[3,9,2,1,1,0,1,1,0],1,10].
[[3,9,2,1,2,0,2,1,0],1,32].
[[3,8,0,1,2,0,1,2,0],61,43].
[[3,7,2,1,2,1,1,1,0],7,0].
[[3,7,0,1,1,1,1,1,0],1,1].
[[1,9,2,1,1,1,2,2,0],39,20].
[[2,6,1,1,2,0,2,3,1],16,3].
[[3,3,1,1,2,0,2,3,1],17,2].
[[3,8,1,1,2,1,2,1,0],29,19].
[[1,3,2,0,0,0,2,2,1],2,0].
[[2,3,2,1,2,0,2,3,1],2,1].
[[2,8,0,1,2,0,2,3,1],28,42].
[[2,6,1,0,0,0,1,2,1],23,1].
[[3,5,0,1,1,1,1,2,1],19,1].
[[2,9,1,1,1,1,1,1,1],0,2].
[[3,9,1,1,1,1,1,1,1],2,7].
[[2,7,2,1,2,0,2,2,1],24,7].
[[3,7,2,1,2,0,1,2,1],75,8].
[[2,7,1,1,2,1,1,1,1],14,9].
[[2,7,1,1,2,1,1,2,1],41,11].
[[2,5,0,0,0,0,1,2,0],25,0].
[[3,3,1,0,0,0,2,3,1],31,5].
[[3,9,2,1,2,0,2,2,0],10,63].
[[2,8,1,1,1,0,2,1,1],3,7].
[[3,6,1,0,0,0,0,0,0],32,2].
[[2,8,1,1,1,1,0,0,0],64,28].
[[1,9,2,1,2,0,2,2,0],24,40].
[[2,9,2,1,1,0,2,2,0],2,4].
[[1,8,1,1,1,1,1,1,1],1,0].
[[2,7,2,1,2,1,1,1,1],7,1].
[[3,3,2,1,2,1,1,1,1],3,0].
[[3,9,1,1,2,1,1,2,0],15,8].
[[3,7,2,1,1,1,2,1,0],2,0].
[[1,8,1,1,2,0,1,1,1],5,4].
[[3,7,1,1,2,1,1,1,0],20,2].
[[1,6,0,0,0,0,0,0,0],30,35].
[[2,6,0,1,2,1,2,3,1],7,2].
[[3,7,2,1,2,0,2,1,1],41,5].
[[2,6,1,1,1,1,0,0,0],13,1].
[[3,3,1,1,1,1,0,0,0],11,0].
[[3,6,0,0,0,0,1,1,1],2,1].
[[3,8,1,1,1,0,2,1,1],19,16].
[[2,9,2,1,2,0,2,1,1],35,77].
[[3,6,0,0,0,0,0,0,0],4,21].
[[3,8,1,1,2,0,2,3,0],21,7].
[[2,8,0,1,2,0,2,2,0],19,27].
[[3,9,2,1,1,0,2,1,0],0,9].
[[2,9,1,0,0,0,1,1,1],3,6].
[[3,3,1,1,2,1,0,0,0],62,8].
[[1,8,1,0,0,0,1,2,0],37,7].
[[2,5,0,1,2,1,1,2,0],34,0].
[[3,9,2,1,1,0,2,2,0],2,14].
[[3,3,2,1,2,0,2,2,1],9,0].
[[2,6,1,1,2,1,2,1,1],31,1].
[[3,6,1,1,1,1,2,1,1],13,0].
[[3,9,2,1,1,1,2,3,1],16,36].
[[1,6,1,0,0,0,2,3,1],33,4].
[[2,2,1,0,0,0,2,3,1],1,0].
[[3,2,1,0,0,0,2,3,1],3,0].
[[2,6,1,1,2,0,0,0,0],21,1].
[[3,3,1,1,2,0,0,0,0],28,2].
[[3,7,0,1,1,1,2,2,0],9,10].
[[3,7,0,0,0,0,2,2,0],7,8].
[[2,7,0,0,0,0,2,2,1],10,6].
[[3,7,0,1,2,0,1,2,1],7,3].
[[2,7,2,1,2,1,2,1,0],4,0].
[[3,7,0,1,1,1,0,0,0],3,11].
[[3,6,1,1,2,0,1,1,1],8,6].
[[3,8,1,0,0,0,2,3,0],31,22].
[[2,6,1,1,2,0,1,2,1],2,5].
[[3,6,1,1,1,0,1,1,1],2,1].
[[3,7,2,0,0,0,1,1,1],26,6].
[[3,7,1,0,0,0,2,1,0],19,5].
[[3,6,1,1,2,0,2,2,1],26,5].
[[2,8,0,1,1,1,2,2,0],28,14].
[[3,6,1,1,1,1,2,2,1],34,3].
[[2,4,1,1,2,0,1,1,1],11,1].
[[3,4,1,1,2,0,0,0,0],13,1].
[[3,8,0,1,2,0,2,1,1],28,52].
[[1,9,2,1,2,0,0,0,0],31,74].
[[2,9,2,1,1,0,2,3,0],4,5].
[[3,8,0,1,1,0,2,2,0],3,15].
[[3,7,0,1,1,1,2,2,1],5,7].
[[3,8,1,1,1,0,1,1,0],3,3].
[[3,5,0,1,2,1,1,1,0],38,4].
[[1,8,1,1,2,0,2,3,0],15,8].
[[3,3,2,1,2,0,1,2,1],6,0].
[[3,6,0,1,2,0,2,3,1],3,4].
[[3,6,0,0,0,0,2,3,1],13,15].
[[1,7,1,1,2,1,2,1,1],7,0].
[[2,7,1,1,1,1,1,1,1],2,1].
[[3,5,0,1,2,0,1,2,1],11,1].
[[3,9,1,1,1,1,2,3,0],2,10].
[[2,8,1,1,1,0,2,2,1],2,13].
[[2,3,1,1,2,1,0,0,0],26,2].
[[1,7,2,1,2,1,1,1,1],1,0].
[[2,7,2,1,1,1,1,2,1],3,2].
[[3,6,0,1,2,1,2,2,0],15,14].
[[1,8,1,0,0,0,1,1,0],9,6].
[[2,6,1,1,2,1,1,1,0],3,0].
[[2,9,2,1,1,1,1,1,0],19,21].
[[3,6,1,1,2,0,2,3,0],11,0].
[[3,9,1,0,0,0,1,1,1],2,9].
[[3,7,2,1,2,1,1,2,0],11,0].
[[2,8,0,1,2,0,1,1,1],3,5].
[[3,7,1,1,1,0,1,1,1],1,5].
[[3,6,1,1,2,1,2,1,0],7,1].
[[2,8,1,1,1,1,2,1,1],54,21].
[[1,7,1,1,2,1,2,3,1],14,1].
[[2,8,1,1,2,0,2,1,0],23,1].
[[3,7,1,1,2,0,2,1,0],12,4].
[[2,8,1,1,1,0,2,3,1],5,7].
[[2,7,1,1,1,1,0,0,0],17,10].
[[3,6,0,1,1,1,1,2,1],2,1].
[[1,8,1,1,1,1,2,3,0],7,1].
[[3,7,1,1,1,1,2,3,0],21,6].
[[2,6,1,0,0,0,2,3,0],12,0].
[[1,7,2,0,0,0,1,1,1],4,0].
[[2,3,2,0,0,0,1,1,1],1,0].
[[3,3,2,0,0,0,1,1,1],3,0].
[[1,8,1,1,2,1,1,2,0],14,2].
[[2,8,1,1,1,1,1,2,0],19,2].
[[3,7,0,0,0,0,2,2,1],20,12].
[[2,7,2,1,1,0,0,0,0],3,4].
[[3,3,2,1,1,0,0,0,0],2,1].
[[1,8,1,1,2,0,2,1,0],6,6].
[[2,7,2,0,0,0,1,1,1],14,6].
[[3,4,1,1,2,0,2,1,0],7,1].
[[1,3,2,0,0,0,0,0,0],28,0].
[[2,6,0,0,0,0,1,2,0],1,0].
[[2,7,0,0,0,0,2,3,1],10,8].
[[3,5,0,0,0,0,1,2,0],48,0].
[[3,8,0,1,1,0,2,3,1],3,16].
[[2,8,1,1,1,0,2,3,0],2,2].
[[2,5,0,1,2,1,1,1,0],9,0].
[[1,7,2,1,2,0,2,2,1],5,3].
[[2,3,2,1,2,0,0,0,0],7,0].
[[3,2,1,0,0,0,0,0,0],6,0].
[[3,9,2,1,1,0,1,1,1],4,15].
[[3,7,1,1,1,0,2,3,1],15,17].
[[3,8,1,1,1,0,2,3,0],3,3].
[[3,8,1,1,2,1,0,0,0],5,11].
[[2,7,1,1,2,0,2,1,1],15,4].
[[2,7,0,1,2,1,2,1,0],3,1].
[[3,7,0,1,1,1,2,1,0],2,2].
[[3,6,0,1,1,1,0,0,0],3,12].
[[3,7,0,0,0,0,0,0,0],16,34].
[[3,3,1,0,0,0,1,2,1],6,0].
[[2,9,1,1,2,0,2,3,0],1,3].
[[1,6,1,0,0,0,2,3,0],7,0].
[[1,9,2,1,1,1,2,1,0],23,10].
[[2,7,2,1,1,0,2,3,1],4,2].
[[1,6,1,0,0,0,2,1,1],15,2].
[[3,7,0,1,1,1,2,3,1],14,15].
[[3,6,1,0,0,0,1,1,1],14,5].
[[2,3,1,0,0,0,2,2,1],9,0].
[[3,3,1,1,2,0,2,2,1],10,0].
[[2,3,1,0,0,0,2,3,1],11,2].
[[3,7,0,1,2,0,1,2,0],2,3].
[[3,8,0,1,2,0,0,0,0],1,22].
[[3,6,1,1,2,0,2,1,1],15,2].
[[3,6,1,1,1,0,2,3,1],1,3].
[[2,7,1,1,2,0,1,1,1],7,0].
[[3,3,1,1,2,0,1,1,1],4,0].
[[2,7,1,1,1,1,1,2,1],7,0].
[[2,4,1,1,2,0,2,3,0],9,0].
[[2,5,0,1,1,1,1,1,0],4,0].
[[3,9,1,1,2,0,2,2,0],1,6].
[[3,8,1,1,1,1,0,0,0],1,5].
[[3,8,0,1,1,0,2,2,1],4,11].
[[2,6,0,1,2,1,2,1,1],3,3].
[[3,6,0,1,1,1,1,1,1],1,1].
[[3,6,0,1,2,0,2,3,0],3,5].
[[3,7,2,1,1,1,2,3,0],6,0].
[[1,7,2,0,0,0,2,2,0],5,0].
[[2,3,2,0,0,0,2,2,0],1,0].
[[3,3,2,0,0,0,2,2,0],2,0].
[[2,4,1,1,2,0,2,2,0],12,1].
[[2,6,1,0,0,0,2,2,0],6,0].
[[2,3,2,0,0,0,2,3,1],11,0].
[[3,6,1,1,1,0,2,2,1],3,2].
[[1,6,0,0,0,0,2,2,0],3,1].
[[2,6,0,0,0,0,2,2,0],11,5].
[[3,6,0,1,2,0,1,1,0],2,0].
[[3,8,1,1,2,0,2,1,0],16,9].
[[3,7,0,1,2,0,2,2,0],8,4].
[[3,9,2,1,2,1,0,0,0],0,10].
[[1,6,1,0,0,0,2,1,0],7,0].
[[2,6,1,1,2,0,1,1,0],1,0].
[[3,3,1,1,2,0,1,1,0],1,0].
[[3,8,0,1,1,0,2,3,0],4,7].
[[3,6,1,1,2,0,1,1,0],4,1].
[[3,3,2,1,2,0,2,1,1],5,0].
[[2,6,1,1,2,0,2,1,1],4,0].
[[2,7,0,1,2,1,2,2,0],4,2].
[[2,7,2,1,1,1,2,2,1],5,2].
[[2,7,1,0,0,0,2,1,0],17,0].
[[3,7,0,1,2,0,2,2,1],5,4].
[[2,8,0,1,1,1,1,1,1],1,4].
[[3,6,1,1,1,1,1,2,1],22,3].
[[2,8,1,1,1,0,0,0,0],5,4].
[[1,8,1,1,2,0,1,2,0],1,2].
[[3,6,0,1,1,1,2,3,0],5,2].
[[2,4,1,1,2,0,1,2,1],17,3].
[[3,7,0,0,0,0,2,1,1],8,4].
[[2,9,2,1,1,0,1,2,1],4,8].
[[2,6,0,0,0,0,2,1,1],1,5].
[[3,7,2,1,1,0,0,0,0],9,4].
[[3,7,2,1,2,0,2,3,0],3,2].
[[2,6,0,0,0,0,2,3,0],10,5].
[[3,2,0,0,0,0,2,3,0],1,1].
[[3,3,2,1,2,0,0,0,0],25,0].
[[3,5,0,0,0,0,1,2,1],11,1].
[[2,8,1,1,2,0,1,1,0],10,2].
[[2,8,0,1,2,0,2,1,0],7,10].
[[2,3,1,0,0,0,2,2,0],4,0].
[[3,3,1,0,0,0,2,2,0],6,0].
[[2,7,0,0,0,0,2,2,0],7,7].
[[3,3,2,1,2,0,2,3,1],11,2].
[[2,7,2,1,1,1,2,3,1],11,1].
[[3,3,1,1,2,1,2,2,0],5,0].
[[1,8,1,1,1,1,1,2,1],13,2].
[[2,8,1,1,1,0,1,1,0],0,2].
[[3,7,1,1,1,0,0,0,0],8,12].
[[2,6,0,0,0,0,2,2,1],3,7].
[[3,2,0,0,0,0,2,2,1],0,1].
[[3,7,1,1,1,0,1,2,1],8,8].
[[2,9,2,1,1,0,2,1,0],1,5].
[[1,8,1,1,1,1,2,1,1],15,3].
[[2,4,1,1,2,0,2,1,1],11,4].
[[3,7,1,1,1,1,1,2,0],18,1].
[[3,9,2,1,1,1,0,0,0],0,5].
[[3,3,2,1,1,1,2,1,0],1,0].
[[3,7,1,1,1,0,1,2,0],3,2].
[[3,9,1,1,2,0,1,2,1],7,10].
[[1,2,1,0,0,0,0,0,0],2,0].
[[3,7,2,1,1,1,1,1,1],14,2].
[[3,9,2,1,1,0,2,2,1],3,7].
[[3,8,1,0,0,0,0,0,0],0,2].
[[3,7,2,1,2,1,2,2,0],6,0].
[[3,6,0,1,2,1,1,1,0],8,3].
[[3,7,0,1,2,0,2,1,0],2,2].
[[1,7,2,1,2,1,2,2,1],7,2].
[[2,9,1,0,0,0,1,2,1],7,7].
[[3,6,0,1,2,0,2,1,0],3,1].
[[2,9,1,0,0,0,2,3,0],5,1].
[[3,8,0,1,1,0,2,1,0],1,3].
[[3,9,1,0,0,0,2,2,0],2,4].
[[2,4,1,1,2,0,1,2,0],12,2].
[[3,6,1,0,0,0,2,3,0],13,0].
[[2,8,1,1,1,0,1,2,0],3,0].
[[2,7,1,1,2,0,2,3,0],7,2].
[[3,9,2,1,1,0,2,1,1],4,15].
[[2,9,1,1,2,1,2,3,0],4,7].
[[3,9,1,1,2,1,1,1,0],2,0].
[[3,6,0,0,0,0,2,1,1],11,8].
[[2,3,1,1,2,1,2,1,1],3,0].
[[3,3,1,1,1,1,2,1,1],2,0].
[[2,5,0,1,2,0,1,2,0],6,0].
[[2,6,1,0,0,0,1,1,1],8,4].
[[3,3,1,1,2,1,1,1,1],3,0].
[[2,7,2,1,2,0,2,1,0],1,0].
[[3,7,2,1,2,0,2,1,0],6,1].
[[3,3,2,1,2,1,2,3,1],26,0].
[[3,3,1,1,2,1,2,2,1],30,0].
[[1,9,2,1,1,1,1,1,1],7,5].
[[2,9,2,1,1,0,2,3,1],5,12].
[[3,7,2,1,2,0,1,1,1],16,11].
[[3,7,2,1,1,0,1,2,1],10,12].
[[3,2,1,1,2,0,2,3,1],1,0].
[[2,9,1,1,2,1,1,2,0],4,3].
[[3,4,0,1,2,0,2,2,1],0,2].
[[2,6,0,1,2,1,2,1,0],2,2].
[[3,6,0,1,1,1,2,1,0],1,2].
[[2,2,1,0,0,0,2,2,1],2,0].
[[3,2,1,0,0,0,2,2,1],1,0].
[[3,9,1,1,1,1,1,2,0],5,6].
[[2,9,1,1,1,1,2,3,0],0,2].
[[3,7,2,1,2,1,2,3,0],5,1].
[[2,7,1,1,2,0,2,2,1],9,7].
[[3,7,1,1,1,0,2,2,1],3,10].
[[2,7,2,1,2,0,1,1,1],2,5].
[[3,8,1,1,2,0,0,0,0],1,1].
[[2,7,0,1,2,1,2,3,1],8,6].
[[3,9,1,1,1,0,2,2,0],0,2].
[[3,7,1,0,0,0,1,1,0],6,4].
[[3,6,1,1,2,0,2,2,0],5,0].
[[2,7,1,1,2,1,1,2,0],7,1].
[[3,7,0,1,2,0,2,3,1],9,9].
[[3,3,1,1,2,1,2,3,0],5,0].
[[3,6,1,0,0,0,2,1,0],5,0].
[[2,7,2,1,2,0,2,3,0],2,0].
[[3,6,0,1,2,1,1,1,1],4,3].
[[2,9,1,0,0,0,1,2,0],4,3].
[[2,3,2,0,0,0,1,2,1],5,0].
[[3,3,2,1,2,1,1,2,1],10,0].
[[3,6,0,1,2,0,1,2,1],1,1].
[[2,7,0,1,2,1,1,2,0],2,0].
[[3,6,1,1,1,1,1,2,0],3,0].
[[3,8,0,1,1,0,2,1,1],1,7].
[[3,7,1,1,1,1,2,2,0],16,3].
[[3,9,1,0,0,0,2,3,0],2,4].
[[2,9,1,1,2,0,1,2,1],1,0].
[[1,7,2,0,0,0,2,3,0],5,1].
[[2,7,2,0,0,0,2,3,0],1,1].
[[2,9,2,1,1,0,0,0,0],0,2].
[[2,3,2,1,2,1,2,3,1],4,0].
[[1,7,2,1,2,1,2,1,1],6,0].
[[1,7,1,1,2,1,2,2,1],6,1].
[[2,3,2,0,0,0,2,2,1],10,0].
[[2,6,0,1,2,1,2,3,0],8,2].
[[2,6,1,1,2,0,2,2,0],1,1].
[[1,8,1,1,2,0,2,2,0],7,2].
[[1,8,1,1,1,1,2,1,0],2,0].
[[3,3,1,1,2,1,1,2,1],11,0].
[[3,7,2,1,1,0,1,1,1],2,2].
[[1,8,0,1,2,1,1,2,0],5,4].
[[3,6,1,1,2,1,1,2,0],12,0].
[[2,5,0,1,2,0,1,2,1],2,0].
[[3,9,1,1,1,0,1,2,1],1,4].
[[1,7,1,1,2,1,2,2,0],1,0].
[[3,3,1,1,2,1,2,1,1],15,0].
[[2,7,1,1,2,1,2,1,0],9,1].
[[3,3,1,0,0,0,2,1,1],12,1].
[[1,9,2,1,1,1,1,2,0],11,4].
[[3,7,0,0,0,0,1,2,0],6,3].
[[2,6,0,1,2,1,2,2,0],5,4].
[[2,7,2,0,0,0,1,2,0],4,0].
[[3,3,2,1,2,1,1,2,0],2,0].
[[3,7,0,1,1,1,1,1,1],1,2].
[[2,6,1,0,0,0,1,1,0],1,1].
[[3,3,1,1,2,1,1,1,0],3,0].
[[2,9,1,1,2,1,2,2,0],1,5].
[[1,8,0,1,2,1,1,1,1],1,1].
[[2,6,1,1,2,0,1,2,0],1,0].
[[3,3,2,1,1,0,1,2,1],1,0].
[[2,7,0,0,0,0,2,3,0],7,4].
[[3,4,0,1,2,0,1,1,0],0,1].
[[3,7,2,1,2,0,1,2,0],4,0].
[[2,6,1,1,2,1,2,1,0],1,1].
[[2,7,2,1,1,1,1,1,1],2,1].
[[2,7,2,1,2,0,2,2,0],3,1].
[[2,8,1,1,1,0,1,1,1],1,2].
[[3,4,0,1,2,0,1,1,1],0,3].
[[3,7,0,1,2,1,1,1,0],3,3].
[[3,6,0,0,0,0,1,2,0],5,1].
[[2,4,1,1,2,0,1,1,0],6,2].
[[3,6,1,0,0,0,1,2,0],8,0].
[[1,7,1,0,0,0,2,2,0],5,0].
[[3,3,1,0,0,0,1,1,0],3,0].
[[3,7,2,1,1,0,2,2,1],9,5].
[[2,6,1,1,2,1,1,2,0],3,0].
[[2,3,2,1,2,1,2,3,0],2,0].
[[1,7,2,1,2,0,1,2,1],2,1].
[[2,3,2,1,2,1,2,2,1],3,0].
[[2,6,1,0,0,0,2,1,0],5,0].
[[2,4,1,1,2,0,2,2,1],18,5].
[[3,6,0,1,2,0,2,1,1],2,2].
[[3,7,2,1,1,0,1,2,0],0,1].
[[3,7,2,1,1,0,2,1,1],5,5].
[[3,2,0,1,2,1,0,0,0],3,0].
[[3,7,2,1,2,0,2,2,0],5,0].
[[2,3,1,1,2,1,2,2,1],1,0].
[[3,6,1,1,1,0,0,0,0],3,0].
[[3,8,1,1,1,0,0,0,0],1,0].
[[2,7,1,1,2,0,2,1,0],4,1].
[[3,7,1,1,1,0,2,1,0],0,3].
[[3,6,0,1,2,0,2,2,1],1,5].
[[3,3,2,1,2,0,2,3,0],1,0].
[[3,3,2,0,0,0,2,1,1],9,0].
[[3,9,2,1,2,0,0,0,0],0,2].
[[2,7,1,0,0,0,1,1,0],2,1].
[[3,2,0,1,2,1,2,3,1],1,0].
[[3,6,0,1,1,1,2,1,1],1,1].
[[3,5,0,1,1,0,1,1,0],2,2].
[[1,7,1,1,2,1,2,1,0],3,0].
[[3,6,0,0,0,0,1,1,0],2,2].
[[3,9,1,1,2,0,1,2,0],1,2].
[[3,6,0,1,1,1,2,2,0],3,2].
[[1,3,2,0,0,0,2,3,1],4,0].
[[3,6,0,1,2,0,1,2,0],3,0].
[[3,8,1,1,1,0,2,1,0],2,1].
[[1,6,1,1,2,1,2,1,1],2,0].
[[2,7,0,0,0,0,2,1,1],3,0].
[[2,3,2,1,2,1,2,1,1],3,0].
[[3,3,2,1,1,1,2,1,1],2,0].
[[3,3,0,0,0,0,0,0,0],0,2].
[[1,7,1,0,0,0,1,1,1],1,3].
[[2,7,1,1,2,1,1,1,0],2,2].
[[1,7,2,1,2,0,2,1,1],2,2].
[[2,7,0,1,2,1,1,1,1],1,0].
[[3,7,1,1,2,0,1,1,0],3,2].
[[3,8,0,1,1,0,1,1,0],0,3].
[[2,3,1,0,0,0,2,1,1],6,0].
[[2,7,2,1,1,1,2,1,1],3,0].
[[3,9,1,1,2,0,1,1,1],1,7].
[[1,6,1,1,2,1,2,3,0],1,0].
[[2,8,1,1,1,0,2,1,0],0,2].
[[3,3,1,1,2,0,2,1,1],2,1].
[[2,6,0,0,0,0,1,1,1],1,0].
[[3,6,0,1,2,0,1,1,1],3,0].
[[3,6,0,0,0,0,2,1,0],2,3].
[[3,7,0,1,2,0,2,1,1],1,3].
[[2,3,2,1,2,0,2,1,1],1,0].
[[2,6,0,0,0,0,2,1,0],8,0].
[[1,6,1,1,2,1,2,2,1],3,0].
[[2,6,1,1,1,1,2,2,1],3,0].
[[2,7,2,1,1,0,2,2,1],1,1].
[[3,7,2,1,2,0,1,1,0],2,1].
[[2,3,2,0,0,0,2,1,0],1,0].
[[3,3,2,1,2,0,2,1,0],1,0].
[[1,7,2,0,0,0,2,1,0],2,0].
[[2,7,2,0,0,0,2,1,0],4,0].
[[3,4,0,1,2,0,2,3,1],0,2].
[[1,8,1,1,1,1,2,2,0],6,0].
[[2,7,2,1,2,1,2,3,0],2,0].
[[2,7,2,1,1,0,2,1,1],0,1].
[[1,7,1,0,0,0,2,3,0],7,1].
[[3,3,2,0,0,0,2,1,0],1,0].
[[1,7,1,1,2,1,1,2,1],1,0].
[[2,9,2,1,1,0,2,2,1],0,6].
[[3,3,1,0,0,0,2,3,0],4,0].
[[2,7,2,1,1,1,2,2,0],1,0].
[[3,7,2,1,1,1,2,2,0],1,0].
[[3,7,2,1,1,0,2,3,0],0,1].
[[3,3,1,0,0,0,2,1,0],2,0].
[[2,7,1,1,2,0,1,2,0],1,1].
[[3,9,1,1,1,1,2,2,0],0,2].
[[2,7,0,0,0,0,1,1,0],0,1].
[[1,8,0,1,2,1,1,1,0],4,1].
[[2,7,1,1,2,0,2,2,0],4,1].
[[3,7,1,1,1,0,2,2,0],1,1].
[[3,2,1,0,0,0,2,1,1],2,0].
[[3,7,2,1,1,0,2,2,0],1,0].
[[2,3,2,0,0,0,2,1,1],6,0].
[[3,3,2,1,2,0,1,1,1],2,0].
[[2,5,0,1,1,1,1,2,1],3,0].
[[3,7,2,0,0,0,1,2,0],2,0].
[[2,7,1,1,1,1,2,3,0],4,1].
[[1,8,1,1,2,1,1,1,0],1,2].
[[2,7,2,1,1,1,2,3,0],1,1].
[[1,3,2,0,0,0,2,1,1],2,0].
[[2,5,0,1,2,0,1,1,0],3,0].
[[3,5,0,1,2,0,1,1,0],14,1].
[[3,2,1,0,0,0,2,3,0],1,0].
[[3,7,2,0,0,0,2,2,0],5,0].
[[3,7,0,1,2,0,1,1,0],2,2].
[[3,7,0,1,1,1,1,2,1],4,1].
[[2,9,1,1,1,0,1,2,1],0,1].
[[1,9,2,1,1,1,1,1,0],5,3].
[[3,2,1,1,2,0,2,2,1],3,0].
[[3,6,1,0,0,0,1,1,0],2,1].
[[2,6,0,1,2,1,1,1,0],1,0].
[[3,3,0,1,2,1,2,2,1],0,1].
[[1,7,2,1,2,1,1,2,1],3,0].
[[2,3,2,1,2,1,1,2,1],1,0].
[[2,7,1,1,1,1,2,1,1],6,0].
[[2,3,1,0,0,0,2,3,0],3,0].
[[3,9,1,1,2,0,1,1,0],0,1].
[[2,2,1,1,2,1,0,0,0],1,0].
[[3,2,1,1,2,1,2,3,1],4,0].
[[3,6,1,1,1,1,2,1,0],2,0].
[[2,7,0,0,0,0,2,1,0],1,1].
[[2,3,2,1,2,0,2,2,1],1,0].
[[3,3,2,1,1,0,2,1,1],1,0].
[[2,7,1,1,1,1,2,1,0],0,1].
[[3,6,1,1,1,0,1,2,1],1,3].
[[1,6,0,0,0,0,2,1,0],0,1].
[[3,6,1,1,1,1,1,1,0],3,0].
[[2,6,1,1,2,0,1,1,1],1,1].
[[2,7,0,1,2,1,2,1,1],2,1].
[[1,7,2,1,2,1,2,1,0],1,0].
[[3,3,1,0,0,0,1,2,0],2,0].
[[2,7,2,1,2,1,2,2,0],2,0].
[[3,3,2,1,2,1,2,2,0],2,0].
[[3,1,1,1,2,0,1,2,0],1,0].
[[3,3,2,1,1,1,1,1,1],2,0].
[[3,3,2,0,0,0,1,2,0],1,0].
[[3,7,0,1,1,1,1,2,0],2,2].
[[3,9,1,0,0,0,1,1,0],1,0].
[[3,9,2,0,0,0,0,0,0],0,1].
[[3,3,2,1,1,0,2,3,1],1,0].
[[2,8,1,1,1,0,2,2,0],0,1].
[[2,6,0,0,0,0,1,1,0],0,1].
[[3,4,0,1,2,0,1,2,1],0,1].
[[1,6,1,0,0,0,1,1,1],1,0].
[[2,3,1,1,2,1,1,1,1],1,0].
[[3,2,1,0,0,0,1,2,1],1,0].
[[2,3,2,0,0,0,2,3,0],1,0].
[[3,3,2,0,0,0,2,3,0],1,0].
[[2,7,0,0,0,0,1,2,0],1,0].
[[2,7,1,1,2,0,1,1,0],1,0].
[[1,7,2,1,2,0,2,1,0],1,0].
[[2,7,2,1,2,0,1,1,0],1,0].
[[3,6,1,1,1,0,1,2,0],0,1].
[[1,8,1,1,1,1,1,1,0],1,0].
[[2,7,2,0,0,0,2,2,0],3,0].
[[3,7,1,1,1,0,1,1,0],1,0].
[[3,2,1,1,2,0,2,2,0],1,0].
[[2,6,1,1,1,1,2,1,1],1,0].
[[3,7,2,0,0,0,1,1,0],2,0].
[[2,6,1,1,1,1,2,2,0],1,0].
[[3,3,1,0,0,0,1,1,1],2,0].
[[2,9,1,1,2,0,2,2,0],1,0].
[[3,1,1,1,2,0,1,1,0],1,0].
[[2,6,1,1,1,1,1,2,1],1,0].
[[3,3,0,1,2,1,0,0,0],0,2].
[[2,3,1,0,0,0,1,2,1],1,0].
[[3,3,2,1,1,1,2,2,1],1,0].
[[3,3,1,1,1,1,2,2,1],3,0].
[[3,3,1,1,2,0,1,2,1],1,0].
[[1,6,0,0,0,0,2,3,0],1,1].
[[2,3,1,1,2,1,2,3,1],2,0].
[[1,8,1,1,1,1,1,2,0],1,0].
[[3,3,0,0,0,0,2,2,1],0,1].
[[3,3,2,1,1,1,2,3,0],1,0].
[[3,3,1,1,1,1,1,2,1],1,0].
[[2,6,0,1,2,1,1,2,0],1,0].
[[3,3,1,1,2,1,1,2,0],1,0].
[[3,2,1,1,2,1,2,1,1],2,0].
[[3,7,2,1,1,1,1,2,0],1,0].
[[2,7,2,1,1,0,1,2,1],1,0].
[[1,7,2,1,2,1,2,2,0],1,0].
[[2,7,2,1,2,1,1,2,0],1,0].
[[1,6,0,0,0,0,2,3,1],1,0].
