total_WL(17000,19164).
[[1,9,2,1,2,1,2,3,1],372,593].
[[2,8,0,1,2,1,2,3,1],176,369].
[[3,8,0,1,2,1,1,2,1],200,632].
[[1,9,2,0,0,0,1,2,1],346,568].
[[2,9,2,0,0,0,1,2,1],235,574].
[[1,8,1,1,2,0,2,3,1],63,52].
[[2,8,1,1,2,0,1,2,1],125,99].
[[3,7,2,1,2,0,1,2,1],97,13].
[[1,9,2,1,2,1,1,2,1],164,234].
[[2,9,2,1,2,1,1,2,1],265,498].
[[3,9,1,1,2,1,1,2,1],107,458].
[[1,9,2,1,1,1,2,2,1],62,55].
[[2,9,2,1,1,1,2,2,1],47,98].
[[3,8,1,1,1,1,2,2,1],144,108].
[[1,8,1,1,2,1,1,2,1],102,67].
[[2,8,1,1,1,1,1,1,1],46,30].
[[3,8,1,1,1,1,1,1,1],91,101].
[[1,8,1,1,2,1,0,0,0],474,229].
[[2,6,1,1,2,1,0,0,0],71,9].
[[3,6,1,1,2,1,2,3,1],91,6].
[[1,9,2,0,0,0,2,3,1],714,1563].
[[2,8,0,0,0,0,2,3,1],191,410].
[[3,8,0,0,0,0,2,3,1],35,131].
[[1,9,2,1,2,1,2,3,0],309,443].
[[2,9,2,1,2,1,2,3,0],196,438].
[[3,8,0,1,2,1,2,3,0],140,486].
[[1,9,2,0,0,0,2,3,0],695,1062].
[[2,9,2,1,2,1,2,2,0],88,236].
[[3,8,0,1,2,1,2,2,0],60,232].
[[1,9,2,0,0,0,2,1,1],371,800].
[[2,9,1,0,0,0,1,2,1],72,174].
[[3,9,1,1,2,0,1,2,1],26,152].
[[1,9,2,0,0,0,1,1,1],152,225].
[[2,9,2,0,0,0,1,2,0],108,139].
[[3,8,0,0,0,0,1,2,0],53,75].
[[2,8,1,0,0,0,2,1,1],364,162].
[[3,8,1,1,2,0,2,1,1],61,39].
[[1,7,1,0,0,0,0,0,0],326,111].
[[2,7,2,0,0,0,0,0,0],154,20].
[[3,7,2,0,0,0,2,2,1],99,10].
[[1,9,2,0,0,0,2,2,1],775,1611].
[[2,9,1,0,0,0,1,1,1],46,94].
[[3,8,1,1,2,1,1,1,1],277,291].
[[2,9,2,0,0,0,2,2,1],122,465].
[[3,8,0,1,2,1,2,2,1],144,396].
[[1,8,1,0,0,0,2,1,1],454,204].
[[3,8,1,0,0,0,1,2,1],409,229].
[[1,9,2,1,1,1,2,3,1],69,65].
[[2,8,0,1,1,1,2,3,1],39,61].
[[3,4,1,1,2,0,2,2,1],74,18].
[[1,9,2,1,2,1,2,1,0],108,160].
[[2,8,0,1,2,1,2,1,0],60,94].
[[3,5,0,1,1,1,1,2,0],85,2].
[[2,9,2,0,0,0,2,3,1],100,381].
[[3,8,0,1,2,1,2,3,1],82,335].
[[2,8,0,1,2,1,2,3,0],151,271].
[[3,8,0,1,1,1,2,3,0],57,135].
[[2,9,2,1,2,1,1,1,1],100,209].
[[3,9,2,1,2,1,1,1,1],30,175].
[[2,7,1,0,0,0,2,1,1],87,43].
[[3,7,2,1,2,1,2,1,1],85,8].
[[1,8,1,0,0,0,0,0,0],1336,748].
[[2,7,1,1,2,0,0,0,0],41,24].
[[3,7,1,1,2,0,2,3,1],136,61].
[[3,8,1,1,2,1,2,3,1],292,180].
[[1,8,0,1,2,1,0,0,0],203,360].
[[2,6,0,1,2,1,0,0,0],11,32].
[[3,6,0,1,1,1,2,3,1],1,11].
[[1,6,1,0,0,0,0,0,0],247,23].
[[2,6,1,0,0,0,0,0,0],115,3].
[[3,6,1,1,2,0,2,2,1],48,6].
[[2,8,1,0,0,0,2,2,1],742,375].
[[3,8,1,1,2,1,2,2,1],395,234].
[[3,9,2,1,2,1,2,3,0],15,189].
[[3,5,0,1,2,1,1,1,1],214,17].
[[1,8,0,0,0,0,2,2,1],166,261].
[[2,8,0,1,2,1,2,2,1],180,357].
[[3,8,0,1,1,1,1,2,1],70,204].
[[2,8,1,1,2,0,2,1,1],79,51].
[[3,8,1,1,1,0,2,1,1],11,21].
[[1,9,2,1,2,1,2,1,1],163,335].
[[2,9,2,1,2,1,2,1,1],62,226].
[[3,8,0,1,2,1,2,1,1],61,183].
[[3,8,1,1,2,1,1,2,1],846,478].
[[1,8,0,0,0,0,0,0,0],613,1170].
[[2,8,0,1,2,1,0,0,0],54,328].
[[3,8,0,1,2,1,2,1,0],45,215].
[[1,8,1,0,0,0,2,2,0],100,28].
[[2,8,1,0,0,0,2,2,0],53,36].
[[3,8,1,1,2,1,2,2,0],21,35].
[[1,7,2,0,0,0,0,0,0],320,52].
[[2,7,2,0,0,0,2,3,1],146,12].
[[3,7,1,0,0,0,2,3,1],205,87].
[[1,8,0,0,0,0,2,3,1],168,288].
[[1,8,0,0,0,0,2,3,0],133,176].
[[2,8,0,0,0,0,1,2,0],55,64].
[[3,7,1,0,0,0,1,2,0],17,0].
[[1,9,2,0,0,0,0,0,0],364,1337].
[[3,9,1,1,2,1,2,3,0],29,221].
[[1,8,1,0,0,0,2,2,1],1043,455].
[[3,8,1,1,2,0,1,2,1],279,211].
[[2,9,1,1,2,0,2,3,0],13,25].
[[3,9,1,1,2,0,2,3,0],5,72].
[[2,5,0,0,0,0,1,1,1],46,3].
[[3,5,0,0,0,0,1,1,1],82,6].
[[2,8,0,0,0,0,2,3,0],148,312].
[[3,6,0,0,0,0,2,3,0],9,17].
[[2,8,0,0,0,0,1,2,1],97,168].
[[3,6,0,0,0,0,1,2,1],6,3].
[[1,9,2,0,0,0,2,2,0],405,601].
[[3,5,0,1,2,1,1,1,0],85,10].
[[2,9,1,0,0,0,1,1,0],20,19].
[[3,9,1,1,2,1,1,1,0],31,54].
[[2,9,2,1,2,1,2,3,1],109,389].
[[3,8,1,1,1,1,2,3,1],96,63].
[[1,9,2,1,1,1,1,1,1],13,5].
[[3,7,1,1,1,1,1,1,1],37,27].
[[2,7,1,1,2,1,0,0,0],176,94].
[[3,3,1,1,2,1,0,0,0],45,6].
[[3,8,0,0,0,0,2,3,0],54,234].
[[1,7,1,0,0,0,2,2,1],50,12].
[[2,3,1,0,0,0,2,2,1],7,0].
[[3,3,1,1,2,0,2,2,1],9,0].
[[3,8,0,1,2,1,1,2,0],112,168].
[[2,8,0,0,0,0,2,2,1],195,435].
[[2,8,1,1,2,1,2,2,1],577,295].
[[3,6,0,1,2,1,2,3,0],14,29].
[[1,8,0,1,2,1,2,3,1],65,98].
[[2,6,0,1,2,1,2,3,1],5,10].
[[3,6,0,1,2,1,2,3,1],16,39].
[[1,9,2,0,0,0,1,2,0],184,228].
[[3,9,2,1,2,0,1,2,0],10,31].
[[2,9,2,0,0,0,2,3,0],192,472].
[[3,9,2,0,0,0,2,3,0],4,59].
[[3,6,1,1,2,1,2,2,1],116,5].
[[1,8,1,0,0,0,2,3,1],1132,471].
[[1,9,2,1,2,0,2,2,0],16,37].
[[2,9,2,1,2,0,2,3,0],43,115].
[[2,8,0,1,2,1,1,2,1],76,133].
[[2,8,1,1,1,0,2,3,1],11,9].
[[3,8,1,1,1,0,2,3,1],17,22].
[[3,8,0,1,2,0,2,2,1],26,87].
[[3,8,0,0,0,0,2,2,1],52,204].
[[2,7,1,1,2,1,2,1,1],60,21].
[[3,7,1,1,2,1,1,1,1],116,75].
[[3,3,2,0,0,0,0,0,0],24,1].
[[1,8,1,0,0,0,1,2,1],279,181].
[[2,8,1,0,0,0,1,2,1],540,266].
[[2,4,1,1,2,0,2,2,1],21,6].
[[3,4,1,1,2,0,1,1,1],91,19].
[[3,7,1,1,2,1,2,2,1],431,181].
[[1,9,2,1,2,1,2,2,1],365,654].
[[2,9,2,1,2,1,2,2,1],141,418].
[[3,7,1,0,0,0,2,2,1],215,83].
[[3,7,0,1,2,1,2,2,1],28,57].
[[2,9,2,1,2,0,2,2,0],20,55].
[[3,5,0,1,1,0,1,2,0],10,7].
[[2,8,1,0,0,0,2,3,1],680,371].
[[1,9,2,0,0,0,2,1,0],307,411].
[[2,9,2,1,2,1,2,1,0],53,161].
[[3,5,0,1,1,1,1,1,0],25,4].
[[2,8,1,1,2,1,1,2,1],449,243].
[[3,9,2,1,2,1,1,2,1],94,449].
[[2,9,2,0,0,0,1,1,0],43,58].
[[3,8,0,1,2,0,1,1,0],14,15].
[[2,9,2,0,0,0,2,2,0],95,252].
[[3,8,0,1,2,0,2,2,0],19,73].
[[2,8,1,1,2,1,2,3,1],624,315].
[[1,9,2,1,2,1,0,0,0],161,514].
[[2,9,2,1,2,1,0,0,0],10,165].
[[3,8,0,1,2,1,0,0,0],0,136].
[[3,9,2,1,2,0,1,1,1],7,53].
[[3,8,0,0,0,0,2,2,0],31,105].
[[3,8,1,1,2,1,2,1,1],179,104].
[[2,9,2,0,0,0,2,1,0],72,180].
[[3,9,1,1,2,1,2,2,0],9,92].
[[2,7,1,1,2,1,2,3,1],175,47].
[[3,7,1,1,1,1,2,3,1],109,55].
[[1,9,2,0,0,0,1,1,0],62,71].
[[2,9,2,1,2,1,1,1,0],37,46].
[[3,8,0,1,2,1,1,1,0],34,63].
[[2,8,1,1,2,1,2,3,0],92,71].
[[3,8,1,1,2,1,2,3,0],78,78].
[[2,6,1,1,2,1,2,2,1],56,2].
[[3,6,1,1,2,1,1,1,1],33,6].
[[1,8,0,1,2,1,2,1,1],20,59].
[[2,8,0,1,1,1,2,1,1],16,25].
[[3,8,0,1,1,1,2,1,1],20,58].
[[3,9,2,1,1,1,1,2,1],42,173].
[[2,8,1,0,0,0,1,1,1],175,152].
[[3,8,1,0,0,0,1,1,1],126,102].
[[2,9,2,0,0,0,0,0,0],4,175].
[[1,8,0,0,0,0,2,2,0],74,100].
[[2,8,0,1,2,1,2,2,0],100,162].
[[3,8,0,1,1,1,2,2,0],26,87].
[[1,9,2,1,2,1,2,2,0],162,214].
[[2,8,1,1,2,1,2,2,0],51,29].
[[3,8,1,1,1,1,1,2,0],39,9].
[[3,7,1,1,2,1,1,2,1],348,103].
[[2,8,1,1,2,0,2,3,1],170,120].
[[3,7,2,1,1,0,2,3,1],12,9].
[[2,7,1,0,0,0,2,2,1],229,66].
[[3,7,1,0,0,0,1,1,1],57,40].
[[2,9,2,1,1,1,2,3,1],49,66].
[[3,9,1,1,1,1,1,2,1],40,180].
[[3,7,2,1,2,1,1,2,1],194,23].
[[1,9,2,1,2,1,1,1,1],73,106].
[[3,9,1,1,1,1,1,1,1],14,79].
[[2,7,2,1,2,0,2,2,1],34,11].
[[3,7,2,1,2,1,2,2,1],170,22].
[[3,8,1,0,0,0,1,1,0],11,9].
[[2,9,2,0,0,0,1,1,1],87,220].
[[3,9,1,1,2,1,1,1,1],37,255].
[[3,5,0,0,0,0,1,1,0],26,3].
[[3,7,1,0,0,0,1,2,1],199,63].
[[2,9,2,1,2,0,1,2,0],24,29].
[[2,9,2,1,1,1,1,2,1],89,101].
[[3,4,1,1,2,0,1,2,1],183,36].
[[3,5,0,1,2,0,1,1,1],52,8].
[[3,9,1,0,0,0,1,1,0],12,13].
[[1,9,2,1,2,0,2,3,1],37,79].
[[2,9,2,1,2,0,1,2,1],52,144].
[[3,8,1,0,0,0,2,2,1],185,107].
[[3,6,1,1,2,0,2,3,1],44,2].
[[3,7,1,1,2,0,1,2,1],120,46].
[[3,9,2,1,1,1,1,1,1],8,58].
[[2,9,2,1,2,1,1,2,0],94,125].
[[2,9,2,1,2,0,1,1,1],22,48].
[[3,9,2,1,1,0,1,2,1],2,35].
[[3,8,0,0,0,0,1,2,1],79,270].
[[3,8,0,1,1,1,2,1,0],10,69].
[[3,9,1,1,2,1,1,2,0],67,180].
[[1,8,0,0,0,0,2,1,1],83,136].
[[2,8,0,1,2,1,1,1,1],33,63].
[[3,6,0,1,2,1,1,1,1],4,10].
[[2,7,1,1,2,0,2,3,1],21,16].
[[2,8,0,0,0,0,2,2,0],107,183].
[[1,8,0,1,2,1,2,2,0],35,41].
[[2,8,0,1,1,1,0,0,0],14,36].
[[3,8,0,1,1,1,0,0,0],0,49].
[[2,9,1,1,2,1,1,2,0],51,82].
[[3,9,2,0,0,0,1,2,1],35,188].
[[1,9,2,1,1,1,1,2,1],24,26].
[[2,9,1,1,1,1,1,2,1],25,44].
[[2,9,1,0,0,0,1,2,0],49,68].
[[2,7,1,0,0,0,2,3,0],27,8].
[[3,7,1,1,2,1,2,3,0],60,44].
[[3,8,1,1,2,0,2,2,1],143,110].
[[3,8,0,1,1,1,2,2,1],42,133].
[[3,9,2,1,2,1,1,1,0],22,38].
[[1,8,1,1,2,1,2,2,1],356,128].
[[2,7,2,1,2,1,2,2,1],93,14].
[[3,7,2,1,1,1,1,2,1],52,8].
[[1,9,2,1,2,0,2,1,1],14,40].
[[2,9,2,1,2,0,2,1,1],18,47].
[[3,8,0,1,2,0,2,1,1],15,43].
[[3,8,1,1,1,1,1,2,1],303,190].
[[3,9,1,0,0,0,2,3,0],11,73].
[[2,8,0,0,0,0,2,1,1],89,223].
[[3,8,0,0,0,0,2,1,1],19,62].
[[2,9,1,1,1,1,2,2,0],6,7].
[[3,9,1,1,1,1,2,3,0],15,60].
[[3,8,0,1,2,0,1,2,1],42,178].
[[1,9,2,1,2,0,0,0,0],16,58].
[[3,9,2,1,2,0,1,2,1],24,157].
[[2,8,0,0,0,0,0,0,0],71,370].
[[2,8,0,1,1,1,2,2,1],27,39].
[[2,8,0,1,2,1,2,1,1],67,210].
[[3,7,1,1,2,1,2,1,1],166,101].
[[3,8,0,1,1,1,2,3,1],20,94].
[[1,7,2,1,2,1,2,1,1],8,1].
[[2,7,2,1,2,1,2,3,1],76,15].
[[2,7,1,1,2,1,2,2,1],142,43].
[[3,7,1,0,0,0,2,1,1],101,54].
[[2,9,1,1,2,1,1,2,1],81,171].
[[3,9,2,1,2,1,2,3,1],3,43].
[[3,9,2,0,0,0,1,1,1],12,63].
[[3,3,1,1,2,1,2,3,1],58,8].
[[1,9,2,1,2,1,1,1,0],28,28].
[[1,8,1,1,2,1,2,3,1],366,156].
[[3,9,1,1,2,1,2,2,1],29,104].
[[2,8,0,1,2,1,1,2,0],43,65].
[[3,9,2,1,2,1,1,2,0],39,86].
[[3,7,0,0,0,0,2,3,0],13,23].
[[2,8,1,1,2,1,2,1,0],24,9].
[[3,8,1,1,2,1,1,2,0],103,40].
[[3,8,0,1,1,1,1,1,1],19,96].
[[3,9,1,0,0,0,1,2,1],44,183].
[[2,7,2,1,2,0,0,0,0],25,10].
[[3,7,2,1,1,0,2,1,1],2,4].
[[2,8,0,1,2,0,0,0,0],7,54].
[[3,8,0,1,2,0,2,3,0],32,123].
[[3,8,1,0,0,0,2,3,1],105,72].
[[2,9,1,1,2,1,2,1,1],11,26].
[[2,8,1,1,2,0,2,2,1],199,128].
[[1,9,2,1,2,1,1,2,0],74,81].
[[2,8,1,1,2,1,1,2,0],42,14].
[[3,7,1,1,2,1,1,2,0],44,3].
[[2,9,2,0,0,0,2,1,1],74,199].
[[3,6,0,0,0,0,2,2,0],5,12].
[[2,9,1,1,2,1,1,1,1],40,88].
[[3,8,0,1,2,0,1,1,1],19,68].
[[2,9,2,1,1,1,2,3,0],42,80].
[[3,9,2,1,1,1,2,3,0],7,68].
[[2,8,0,1,2,0,2,3,0],21,38].
[[3,7,1,1,1,0,2,2,1],9,18].
[[3,9,1,1,2,0,2,1,0],5,27].
[[1,8,0,0,0,0,2,1,0],51,66].
[[2,8,0,0,0,0,2,1,0],65,116].
[[3,8,0,0,0,0,2,1,0],19,91].
[[3,9,2,1,1,0,2,2,0],0,5].
[[3,9,1,1,1,0,1,2,0],4,12].
[[1,8,1,1,2,1,1,1,1],29,31].
[[2,8,1,1,2,1,1,1,1],134,147].
[[2,9,2,1,2,0,2,3,1],24,78].
[[3,8,0,1,2,0,2,3,1],23,86].
[[3,7,1,1,2,1,2,3,1],402,170].
[[1,8,1,1,2,0,0,0,0],72,56].
[[3,7,1,1,2,0,2,2,1],161,75].
[[2,9,1,1,2,0,1,2,1],15,43].
[[2,8,0,1,1,1,2,3,0],36,33].
[[3,7,1,1,1,0,0,0,0],1,6].
[[2,9,1,1,1,1,1,1,1],8,22].
[[3,7,1,1,2,1,0,0,0],69,43].
[[3,5,0,1,1,1,1,1,1],76,8].
[[2,7,1,0,0,0,0,0,0],247,126].
[[3,7,2,0,0,0,1,2,1],113,9].
[[2,9,2,1,2,0,2,2,1],17,110].
[[1,7,2,0,0,0,1,2,1],20,6].
[[2,3,2,0,0,0,1,2,1],2,0].
[[3,3,2,0,0,0,1,2,1],6,0].
[[1,9,2,1,2,0,1,1,1],3,16].
[[2,9,1,1,2,0,1,1,1],5,22].
[[3,9,1,1,2,0,1,1,1],17,69].
[[3,9,2,1,1,1,2,2,0],2,33].
[[3,7,0,1,2,1,2,1,0],13,20].
[[2,7,1,1,2,1,2,2,0],23,4].
[[3,3,1,1,2,1,2,2,0],5,0].
[[2,7,2,1,2,0,2,3,1],37,7].
[[3,7,1,0,0,0,0,0,0],32,21].
[[2,9,1,1,2,1,2,1,0],23,58].
[[3,7,0,1,2,1,2,3,0],21,69].
[[3,8,0,1,2,1,1,1,1],86,254].
[[3,8,1,1,2,0,2,3,1],104,66].
[[3,7,1,1,1,1,1,2,1],86,30].
[[3,8,1,1,2,0,1,1,1],109,118].
[[3,7,2,1,2,0,2,2,1],81,7].
[[3,9,1,1,2,1,2,1,0],14,115].
[[3,9,1,0,0,0,1,1,1],21,84].
[[1,8,0,1,2,1,2,3,0],54,53].
[[2,7,1,1,1,1,2,3,1],21,4].
[[3,7,0,1,1,1,2,3,1],10,21].
[[1,9,2,1,2,0,2,2,1],27,94].
[[2,8,0,1,2,0,2,2,1],21,59].
[[2,9,1,1,2,1,2,3,0],47,99].
[[2,8,1,1,2,1,2,1,1],261,152].
[[3,6,1,1,1,1,2,1,1],17,1].
[[3,9,1,1,1,0,1,1,1],3,18].
[[2,7,1,0,0,0,2,2,0],19,3].
[[3,7,1,0,0,0,2,2,0],12,10].
[[1,9,2,1,1,1,2,3,0],41,43].
[[2,4,1,1,2,0,2,3,0],11,5].
[[3,4,1,1,2,0,2,3,0],45,9].
[[2,7,2,1,2,1,0,0,0],99,13].
[[3,3,2,1,2,1,0,0,0],31,2].
[[3,9,1,1,1,1,1,2,0],24,64].
[[3,8,0,1,2,0,1,2,0],30,56].
[[3,9,2,1,2,1,2,1,0],6,69].
[[2,9,1,1,2,0,0,0,0],0,6].
[[3,9,1,1,1,0,2,2,0],0,5].
[[1,7,2,0,0,0,2,3,1],73,10].
[[3,7,2,1,2,1,2,3,1],141,16].
[[1,9,2,1,2,0,1,2,0],9,12].
[[2,9,1,1,2,0,1,2,0],13,22].
[[3,5,0,1,2,0,1,2,0],57,0].
[[3,9,2,0,0,0,1,2,0],18,30].
[[3,6,0,1,2,1,1,2,1],9,16].
[[2,6,1,0,0,0,2,2,0],15,0].
[[3,3,1,0,0,0,2,2,0],2,0].
[[2,8,0,1,2,0,2,1,1],10,37].
[[3,8,0,1,1,0,1,1,1],1,10].
[[2,7,1,1,2,0,2,2,1],38,12].
[[3,7,0,1,2,1,2,3,1],28,71].
[[1,9,2,1,2,0,2,3,0],32,50].
[[1,8,1,0,0,0,1,2,0],17,9].
[[2,8,1,0,0,0,1,2,0],49,18].
[[3,8,1,1,2,0,1,2,0],31,19].
[[2,6,1,0,0,0,2,1,1],45,4].
[[3,6,1,1,2,1,2,1,1],41,0].
[[1,7,2,1,2,0,2,2,1],6,0].
[[3,9,2,1,1,1,1,2,0],24,37].
[[2,7,0,1,2,1,2,3,1],5,11].
[[3,7,0,1,2,1,2,1,1],21,30].
[[2,8,1,0,0,0,2,3,0],131,78].
[[1,6,1,0,0,0,2,2,1],29,3].
[[2,6,1,1,2,0,1,1,1],2,0].
[[3,6,1,1,2,0,1,1,1],18,6].
[[1,9,2,1,2,0,1,2,1],10,25].
[[3,6,0,1,2,1,0,0,0],3,44].
[[1,7,1,0,0,0,2,1,1],16,9].
[[2,7,2,1,2,1,1,1,1],21,7].
[[1,9,2,1,1,1,0,0,0],32,37].
[[2,9,2,1,1,1,0,0,0],12,22].
[[2,8,0,1,2,0,2,3,1],18,56].
[[1,9,2,1,1,1,2,2,0],19,24].
[[3,8,0,0,0,0,0,0,0],0,58].
[[1,8,1,0,0,0,2,3,0],185,62].
[[3,6,1,0,0,0,2,3,0],5,0].
[[1,7,2,1,2,0,0,0,0],22,9].
[[3,7,2,1,1,0,1,2,1],14,5].
[[3,8,0,1,2,0,2,1,0],11,55].
[[1,8,1,1,2,0,2,2,1],52,38].
[[3,8,1,1,2,0,2,2,0],9,8].
[[2,9,1,1,1,1,2,1,0],9,11].
[[3,4,1,1,2,0,1,2,0],38,5].
[[3,5,0,1,2,1,1,2,1],54,12].
[[1,8,1,1,2,1,2,1,1],170,87].
[[2,8,1,1,1,1,2,3,1],132,56].
[[2,9,2,1,2,0,0,0,0],1,45].
[[3,9,2,1,2,0,0,0,0],0,4].
[[3,7,1,1,1,1,2,1,1],60,30].
[[3,4,1,1,2,0,2,2,0],24,6].
[[1,7,2,1,2,1,2,2,1],16,2].
[[3,3,1,1,2,1,2,2,1],44,5].
[[1,8,1,1,2,0,2,1,1],25,18].
[[3,8,1,1,1,0,2,2,1],17,34].
[[2,6,1,1,2,1,2,3,0],10,0].
[[3,6,1,1,2,1,2,3,0],16,0].
[[2,8,1,1,1,1,2,2,1],141,52].
[[3,7,1,1,1,1,2,2,1],134,41].
[[3,8,1,0,0,0,2,1,1],78,45].
[[2,9,2,1,1,1,1,1,1],22,48].
[[2,6,1,0,0,0,2,3,0],17,0].
[[3,6,1,0,0,0,1,2,0],6,0].
[[2,7,1,0,0,0,1,2,1],76,18].
[[2,9,1,1,2,0,2,2,1],2,28].
[[3,3,1,0,0,0,2,2,1],40,1].
[[2,3,2,1,2,1,0,0,0],20,0].
[[1,8,1,1,1,1,2,2,1],34,9].
[[2,7,1,1,1,1,2,2,1],16,5].
[[3,9,1,1,2,0,2,2,1],6,26].
[[2,9,1,1,2,1,2,2,0],18,46].
[[2,8,1,1,2,0,2,3,0],29,24].
[[1,8,1,0,0,0,1,1,1],77,89].
[[2,8,1,1,1,0,2,1,1],7,8].
[[3,4,0,1,2,0,2,1,1],0,1].
[[3,8,0,0,0,0,1,1,1],32,106].
[[2,3,2,0,0,0,0,0,0],38,1].
[[3,5,0,1,2,1,1,2,0],170,3].
[[1,9,2,1,1,1,2,1,0],22,14].
[[2,9,2,1,1,1,1,1,0],4,7].
[[3,8,0,1,1,1,1,1,0],7,11].
[[1,8,0,1,2,1,2,2,1],48,70].
[[3,7,0,1,1,1,2,2,1],3,15].
[[2,9,1,0,0,0,2,1,0],25,48].
[[3,8,1,1,2,1,2,1,0],7,21].
[[3,7,1,1,1,0,2,3,1],11,11].
[[2,6,1,0,0,0,2,2,1],80,6].
[[3,6,1,1,2,1,1,2,1],91,6].
[[2,8,0,1,2,0,2,1,0],5,19].
[[3,8,1,1,1,1,2,1,0],5,7].
[[3,7,1,1,2,1,1,1,0],10,4].
[[3,8,1,1,1,0,1,2,1],49,80].
[[1,7,1,1,2,1,0,0,0],71,22].
[[3,7,2,0,0,0,2,1,1],52,7].
[[2,7,2,1,2,1,2,1,1],31,8].
[[3,7,2,1,2,1,1,1,1],73,30].
[[2,9,1,1,2,1,2,2,1],33,88].
[[3,9,1,1,2,1,0,0,0],0,9].
[[3,9,1,1,2,0,2,2,0],6,19].
[[3,9,1,0,0,0,2,2,1],7,43].
[[1,9,2,1,2,0,2,1,0],6,21].
[[3,5,0,1,1,0,1,2,1],1,6].
[[2,8,1,0,0,0,2,1,0],40,16].
[[3,6,1,1,2,1,1,2,0],7,0].
[[3,9,1,1,1,1,2,2,1],15,52].
[[2,7,1,0,0,0,2,3,1],233,78].
[[1,6,1,1,2,1,2,3,1],14,0].
[[2,6,1,1,2,1,2,3,1],54,1].
[[3,6,1,0,0,0,2,3,1],61,2].
[[2,8,1,1,1,1,0,0,0],8,8].
[[2,7,0,1,2,1,0,0,0],22,37].
[[3,7,0,1,2,1,0,0,0],13,63].
[[3,3,2,1,2,0,2,3,1],19,0].
[[3,3,2,1,2,0,0,0,0],11,0].
[[3,8,1,1,1,1,2,1,1],44,37].
[[2,7,1,1,2,1,1,2,1],39,16].
[[3,9,1,1,1,0,2,3,0],4,23].
[[3,7,2,0,0,0,2,3,1],72,6].
[[3,7,1,0,0,0,2,3,0],37,15].
[[2,6,1,0,0,0,2,3,1],95,5].
[[3,9,2,1,2,1,2,1,1],8,37].
[[2,8,1,1,1,1,1,2,1],108,49].
[[2,5,0,1,2,1,1,1,1],51,1].
[[2,6,1,1,2,0,2,3,1],23,5].
[[2,9,2,1,2,0,2,1,0],17,39].
[[3,9,1,1,2,1,2,1,1],6,19].
[[2,9,1,0,0,0,2,3,0],41,93].
[[3,9,1,0,0,0,1,2,0],26,72].
[[1,8,1,1,1,1,1,2,1],13,4].
[[3,7,0,0,0,0,0,0,0],8,24].
[[3,9,2,0,0,0,2,2,0],4,30].
[[2,8,1,0,0,0,0,0,0],48,52].
[[3,8,1,0,0,0,2,2,0],8,15].
[[3,7,1,1,2,0,2,1,1],58,27].
[[2,6,1,1,2,0,2,1,1],17,1].
[[3,6,1,1,2,0,2,1,1],17,2].
[[3,7,0,1,1,1,1,2,0],2,2].
[[2,2,1,1,2,1,0,0,0],2,0].
[[3,2,1,1,2,1,0,0,0],3,0].
[[3,9,2,1,2,0,2,2,0],2,35].
[[1,8,1,0,0,0,2,1,0],58,16].
[[2,7,1,1,2,1,2,1,0],7,0].
[[1,3,2,0,0,0,0,0,0],13,0].
[[3,6,0,1,2,0,2,3,0],1,5].
[[3,7,1,1,2,0,2,2,0],13,3].
[[3,7,2,1,1,1,1,1,1],17,8].
[[1,8,1,1,1,1,0,0,0],44,22].
[[3,7,0,0,0,0,2,2,1],14,34].
[[2,8,1,1,2,1,1,1,0],9,15].
[[1,7,2,0,0,0,2,2,1],73,4].
[[2,7,2,0,0,0,2,2,1],126,17].
[[3,9,1,1,2,0,1,2,0],24,65].
[[3,5,0,1,2,0,1,2,1],12,6].
[[1,6,1,0,0,0,2,3,1],39,2].
[[2,3,2,0,0,0,2,3,1],12,0].
[[3,7,2,1,2,0,0,0,0],7,3].
[[1,9,2,1,1,1,2,1,1],29,30].
[[3,3,1,0,0,0,2,1,1],8,1].
[[2,7,0,0,0,0,2,1,1],7,5].
[[1,8,0,0,0,0,1,1,1],3,5].
[[1,8,1,1,1,1,2,3,0],2,2].
[[2,7,1,1,1,1,2,3,0],3,1].
[[3,7,1,1,1,1,2,3,0],20,11].
[[3,6,0,0,0,0,2,1,1],4,8].
[[3,7,0,1,2,1,1,1,1],4,12].
[[1,7,2,1,2,1,0,0,0],52,15].
[[2,7,2,1,1,1,2,3,1],8,3].
[[2,6,0,1,2,1,2,2,1],2,7].
[[3,6,0,1,2,1,2,2,1],15,27].
[[3,7,0,0,0,0,2,1,1],7,18].
[[3,3,1,1,2,0,2,3,1],7,3].
[[2,8,0,1,2,0,1,2,1],10,19].
[[3,8,0,1,1,0,1,2,1],3,18].
[[3,7,2,0,0,0,1,1,1],38,13].
[[2,9,1,0,0,0,0,0,0],2,24].
[[3,8,1,1,2,0,2,3,0],10,33].
[[3,3,2,0,0,0,2,2,1],19,0].
[[3,8,1,1,2,1,1,1,0],24,23].
[[3,7,1,1,2,0,0,0,0],18,14].
[[2,9,1,0,0,0,2,2,0],21,49].
[[3,9,1,0,0,0,2,2,0],1,22].
[[3,8,1,1,2,0,2,1,0],5,14].
[[2,8,1,1,1,1,2,1,1],66,27].
[[3,4,1,1,2,0,2,1,1],35,11].
[[3,7,0,1,2,0,2,3,0],5,8].
[[2,3,2,0,0,0,2,1,1],8,0].
[[3,3,2,1,2,1,2,1,1],13,0].
[[2,7,2,0,0,0,1,1,1],23,12].
[[3,7,1,1,2,1,2,1,0],8,5].
[[3,9,2,1,2,0,2,3,0],4,51].
[[2,8,0,1,1,1,1,2,1],14,23].
[[3,7,1,1,2,0,1,1,1],38,29].
[[3,8,0,1,1,0,2,1,1],3,7].
[[3,7,0,1,2,1,2,2,0],13,34].
[[2,9,1,1,1,1,2,3,1],3,5].
[[3,9,2,1,2,1,2,2,1],5,41].
[[1,8,0,0,0,0,1,2,0],16,13].
[[2,7,0,1,2,1,1,2,0],2,1].
[[3,7,0,1,2,1,1,2,0],9,13].
[[3,4,1,1,2,0,2,3,1],57,18].
[[2,8,0,0,0,0,1,1,0],13,19].
[[2,9,2,1,1,1,2,1,1],26,36].
[[2,8,0,0,0,0,1,1,1],35,47].
[[3,9,2,1,2,1,2,2,0],5,84].
[[2,5,0,0,0,0,1,2,0],45,2].
[[3,5,0,0,0,0,1,2,0],64,1].
[[3,9,2,1,1,1,2,1,0],1,23].
[[3,6,1,0,0,0,2,2,1],54,2].
[[3,5,0,1,1,0,1,1,1],4,5].
[[3,8,0,1,1,0,0,0,0],0,4].
[[3,9,1,1,2,0,1,1,0],6,9].
[[3,7,0,1,1,1,2,1,1],1,9].
[[2,7,2,1,1,1,2,2,1],11,4].
[[3,3,2,1,1,1,2,2,1],4,1].
[[2,8,0,1,2,1,1,1,0],16,13].
[[3,8,0,1,1,0,2,3,0],4,17].
[[3,8,1,1,1,0,2,3,0],2,15].
[[1,7,2,0,0,0,2,1,1],37,4].
[[2,7,2,0,0,0,1,2,1],76,12].
[[2,8,1,1,2,1,0,0,0],43,63].
[[3,7,0,0,0,0,1,2,1],7,8].
[[2,7,0,0,0,0,0,0,0],21,38].
[[2,9,2,1,1,1,2,2,0],27,51].
[[1,8,1,1,2,1,2,1,0],15,6].
[[2,8,1,1,1,1,1,1,0],1,2].
[[1,8,1,1,2,1,2,2,0],36,8].
[[3,7,1,1,1,1,1,2,0],8,2].
[[3,9,1,0,0,0,2,1,0],11,40].
[[3,7,2,1,1,1,2,2,1],38,9].
[[3,6,0,1,2,1,2,1,1],7,26].
[[3,9,1,1,1,0,2,2,1],1,5].
[[2,3,1,1,2,1,0,0,0],16,2].
[[3,8,1,1,2,0,0,0,0],0,2].
[[3,7,2,1,2,1,0,0,0],20,6].
[[3,4,1,1,2,0,2,1,0],19,5].
[[3,9,1,1,2,1,2,3,1],3,30].
[[2,4,1,1,2,0,0,0,0],5,2].
[[3,4,1,1,2,0,0,0,0],10,3].
[[3,7,2,1,1,1,2,1,1],25,1].
[[2,4,1,1,2,0,2,1,1],11,2].
[[2,9,1,0,0,0,2,2,1],27,79].
[[3,9,2,0,0,0,2,2,1],1,20].
[[3,6,0,1,2,1,2,1,0],4,11].
[[2,4,1,1,2,0,1,2,1],29,7].
[[3,9,2,0,0,0,2,1,0],1,31].
[[3,7,0,1,2,1,1,2,1],7,28].
[[3,8,0,0,0,0,1,1,0],17,23].
[[3,7,0,1,2,0,2,3,1],3,10].
[[2,9,2,1,1,0,2,2,0],2,4].
[[3,8,0,1,1,0,2,2,0],2,4].
[[3,6,0,0,0,0,1,2,0],6,2].
[[3,7,0,1,1,1,2,2,0],2,6].
[[2,8,1,1,2,0,2,1,0],10,6].
[[3,7,1,1,2,0,2,1,0],14,2].
[[1,6,0,0,0,0,0,0,0],26,46].
[[2,6,0,0,0,0,0,0,0],20,56].
[[3,3,1,0,0,0,0,0,0],28,2].
[[3,5,0,0,0,0,1,2,1],28,7].
[[3,9,1,0,0,0,2,1,1],1,8].
[[3,9,2,1,2,0,1,1,0],7,12].
[[2,9,2,1,1,1,1,2,0],29,26].
[[2,5,0,0,0,0,1,2,1],6,2].
[[2,5,0,1,1,1,1,2,0],9,1].
[[3,3,2,1,2,1,2,2,1],31,1].
[[3,3,2,1,1,0,2,3,1],1,0].
[[3,8,1,0,0,0,1,2,0],35,17].
[[3,7,0,0,0,0,1,1,0],2,1].
[[2,9,1,1,1,1,1,1,0],5,8].
[[3,9,1,1,1,1,1,1,0],13,16].
[[2,5,0,1,2,1,1,1,0],22,2].
[[3,8,0,1,1,1,1,2,0],25,60].
[[3,6,1,1,1,1,1,2,1],16,5].
[[2,3,1,0,0,0,2,3,1],6,0].
[[3,3,1,0,0,0,1,2,1],8,0].
[[2,6,0,1,2,1,2,1,1],1,5].
[[3,6,0,1,1,1,1,2,1],1,2].
[[2,3,1,0,0,0,0,0,0],40,2].
[[3,9,2,1,1,1,1,1,0],6,21].
[[3,8,1,1,1,0,1,1,1],12,28].
[[1,6,1,1,2,1,0,0,0],52,2].
[[3,6,1,0,0,0,2,1,1],33,1].
[[2,8,0,1,1,1,2,2,0],14,10].
[[1,7,1,0,0,0,2,2,0],5,2].
[[2,7,1,0,0,0,1,1,0],2,0].
[[3,9,2,1,1,0,2,1,1],0,2].
[[2,7,0,0,0,0,2,3,1],6,11].
[[1,8,1,1,1,1,2,3,1],34,9].
[[2,6,1,1,2,1,1,2,1],13,2].
[[3,7,1,1,1,0,2,1,1],4,11].
[[2,9,2,1,1,1,2,1,0],24,36].
[[2,8,1,1,1,0,2,2,1],9,18].
[[3,3,1,1,1,1,2,3,1],8,0].
[[2,6,1,1,2,0,2,3,0],3,0].
[[3,6,1,1,2,0,2,3,0],6,2].
[[3,7,2,1,2,0,2,3,1],53,10].
[[2,7,1,1,2,1,2,3,0],35,7].
[[3,3,1,1,2,1,2,1,1],24,2].
[[3,6,0,0,0,0,0,0,0],0,19].
[[3,6,1,1,1,1,2,3,1],22,4].
[[1,7,1,1,2,1,2,3,1],10,3].
[[2,5,0,0,0,0,1,1,0],11,4].
[[3,7,1,1,2,0,1,2,0],10,2].
[[2,9,2,1,1,0,1,2,1],1,17].
[[2,5,0,1,2,0,1,2,0],10,2].
[[1,8,0,1,2,1,2,1,0],14,26].
[[2,8,0,1,1,1,2,1,0],13,11].
[[1,8,1,1,2,0,2,3,0],6,6].
[[2,7,1,1,1,1,1,2,1],6,2].
[[2,9,2,1,1,0,2,3,0],1,13].
[[3,9,2,1,1,0,2,3,0],0,12].
[[1,7,1,0,0,0,2,3,1],47,13].
[[2,3,1,1,2,1,2,3,1],7,0].
[[2,7,1,1,2,0,2,3,0],8,2].
[[2,8,1,1,1,0,1,2,1],8,9].
[[3,7,1,1,1,0,1,2,1],6,11].
[[2,9,2,1,1,0,2,3,1],1,10].
[[3,9,1,1,1,0,1,2,1],7,40].
[[2,7,1,1,1,1,0,0,0],28,11].
[[2,6,1,1,2,1,2,1,1],27,3].
[[3,6,1,1,1,1,1,1,1],11,3].
[[1,7,1,1,2,1,2,2,1],9,4].
[[2,7,1,1,2,1,1,1,1],9,10].
[[2,9,1,0,0,0,2,3,1],12,19].
[[3,7,1,1,1,1,0,0,0],7,11].
[[3,7,0,1,2,1,1,1,0],3,2].
[[3,7,1,1,1,1,2,2,0],9,3].
[[3,6,1,0,0,0,1,1,1],17,3].
[[2,8,1,1,2,0,1,1,1],37,39].
[[2,7,2,0,0,0,2,1,1],60,12].
[[3,3,2,0,0,0,2,1,1],9,0].
[[2,6,1,1,2,0,2,2,1],11,6].
[[3,6,1,1,1,0,2,2,1],5,3].
[[2,8,1,0,0,0,1,1,0],14,15].
[[2,9,1,1,2,1,1,1,0],12,19].
[[3,9,1,0,0,0,2,3,1],0,7].
[[2,8,1,1,2,0,2,2,0],17,6].
[[3,7,2,1,2,0,1,1,1],28,15].
[[3,7,0,1,2,0,2,2,1],6,11].
[[3,6,0,1,2,0,2,2,0],1,2].
[[2,8,0,1,1,1,1,1,1],4,13].
[[2,5,0,1,2,1,1,2,1],8,4].
[[1,6,1,1,2,1,2,1,1],4,0].
[[3,9,2,0,0,0,2,3,1],2,14].
[[3,7,2,1,1,0,1,1,1],5,4].
[[3,3,2,1,2,1,2,3,1],25,0].
[[2,7,1,1,2,0,2,1,1],15,5].
[[2,8,0,1,2,0,2,2,0],5,14].
[[3,8,1,0,0,0,2,3,0],26,27].
[[3,7,0,0,0,0,2,1,0],3,7].
[[3,9,1,1,2,0,2,1,1],2,14].
[[3,7,0,1,1,1,2,3,0],6,15].
[[1,8,1,1,2,0,2,1,0],3,0].
[[2,7,2,1,2,0,1,2,1],18,4].
[[3,3,2,1,1,1,0,0,0],5,0].
[[2,9,1,1,2,0,2,1,0],6,17].
[[3,8,1,1,1,0,2,1,0],2,2].
[[2,9,1,1,2,0,2,2,0],10,12].
[[1,7,1,1,2,1,2,2,0],1,0].
[[3,7,1,1,2,1,2,2,0],31,13].
[[2,7,0,0,0,0,2,2,1],5,8].
[[1,8,1,1,2,1,2,3,0],61,27].
[[3,9,2,1,2,1,0,0,0],0,10].
[[3,9,2,1,1,0,1,1,1],2,11].
[[1,8,0,1,2,1,1,2,1],4,1].
[[2,7,2,1,2,0,2,1,1],20,1].
[[3,3,2,1,1,0,2,1,1],1,0].
[[3,7,0,0,0,0,2,3,1],13,24].
[[2,8,1,1,1,1,1,2,0],10,4].
[[2,5,0,1,2,1,1,2,0],46,1].
[[3,3,2,1,1,1,2,3,1],4,0].
[[3,6,0,0,0,0,2,2,1],11,14].
[[2,4,1,1,2,0,2,2,0],13,0].
[[1,9,2,1,1,1,1,2,0],12,5].
[[2,9,1,1,1,1,1,2,0],12,8].
[[3,6,1,1,1,1,2,2,1],22,0].
[[2,7,0,1,2,1,2,1,0],3,2].
[[1,7,2,0,0,0,1,1,1],11,3].
[[3,7,1,0,0,0,2,1,0],7,1].
[[3,3,1,1,2,1,2,3,0],5,2].
[[3,9,1,1,1,1,2,1,0],3,31].
[[3,2,1,1,2,1,2,2,1],4,0].
[[3,3,1,1,1,1,2,2,1],11,0].
[[2,7,0,0,0,0,1,2,0],1,1].
[[1,7,1,0,0,0,1,1,1],2,4].
[[2,7,1,1,2,0,1,1,1],4,6].
[[2,9,1,1,2,1,0,0,0],0,20].
[[2,7,1,0,0,0,1,1,1],18,11].
[[3,3,1,1,2,1,1,1,1],6,0].
[[3,7,2,1,2,0,2,1,1],34,7].
[[3,7,2,1,1,0,2,2,1],4,7].
[[2,6,1,0,0,0,1,2,1],20,6].
[[3,6,1,0,0,0,1,2,1],42,2].
[[3,8,0,1,1,0,2,3,1],1,10].
[[2,7,0,1,2,1,2,2,1],2,10].
[[3,6,1,1,1,0,1,2,1],6,1].
[[3,6,0,1,2,0,0,0,0],1,6].
[[2,6,0,0,0,0,2,2,1],5,9].
[[3,6,0,0,0,0,2,3,1],8,23].
[[1,7,2,1,2,0,2,1,1],1,0].
[[3,7,0,1,1,1,0,0,0],3,13].
[[3,8,0,1,2,0,0,0,0],0,40].
[[3,8,1,1,1,1,2,2,0],7,9].
[[3,9,2,1,2,0,2,2,1],1,18].
[[2,6,1,1,2,1,1,1,1],6,0].
[[3,9,2,0,0,0,1,1,0],5,12].
[[3,7,2,1,1,1,2,3,1],40,5].
[[3,8,1,1,1,1,2,3,0],20,29].
[[2,6,0,0,0,0,2,1,0],1,2].
[[3,9,2,0,0,0,0,0,0],0,4].
[[2,9,1,1,2,1,2,3,1],8,26].
[[3,9,1,1,2,0,2,3,1],3,10].
[[1,8,1,1,1,1,1,1,1],4,5].
[[2,7,1,1,1,1,1,1,1],2,3].
[[2,5,0,1,1,1,1,1,1],12,1].
[[2,5,0,1,1,1,1,1,0],5,0].
[[2,8,0,1,2,0,1,2,0],4,8].
[[3,7,0,1,2,0,1,2,0],1,5].
[[2,6,1,1,2,1,2,1,0],7,0].
[[3,6,1,1,1,1,2,1,0],3,0].
[[3,5,0,1,2,0,1,1,0],23,2].
[[3,7,1,1,2,0,1,1,0],3,1].
[[3,7,1,1,2,0,2,3,0],12,8].
[[3,8,1,1,2,0,1,1,0],3,14].
[[3,3,1,1,2,0,0,0,0],21,2].
[[3,9,2,0,0,0,2,1,1],4,14].
[[3,6,1,0,0,0,2,1,0],4,1].
[[1,8,1,0,0,0,1,1,0],1,9].
[[2,8,1,1,1,1,2,3,0],25,12].
[[1,7,2,1,2,1,2,3,1],8,1].
[[3,6,1,1,2,0,1,2,1],34,3].
[[2,7,2,1,2,1,1,2,1],36,2].
[[3,7,1,1,1,0,2,3,0],1,2].
[[3,6,0,1,1,1,2,3,0],3,6].
[[3,3,1,0,0,0,2,3,1],38,0].
[[1,7,1,0,0,0,1,2,1],6,0].
[[2,7,0,0,0,0,2,3,0],8,5].
[[2,6,1,1,2,0,1,2,1],4,0].
[[2,8,1,1,2,0,1,2,0],10,7].
[[2,7,1,1,1,1,2,1,1],6,4].
[[1,8,1,1,2,0,1,2,1],11,10].
[[2,6,1,1,2,0,0,0,0],27,1].
[[3,7,1,1,1,1,1,1,0],2,2].
[[1,8,1,1,1,1,2,1,1],17,8].
[[3,3,1,1,1,1,0,0,0],11,1].
[[3,8,1,1,1,0,1,1,0],0,1].
[[3,9,1,1,1,0,2,1,0],1,12].
[[2,9,1,1,1,1,2,3,0],13,18].
[[2,7,1,0,0,0,2,1,0],9,3].
[[2,6,0,0,0,0,2,2,0],4,8].
[[3,6,0,1,2,0,1,2,0],1,2].
[[3,3,1,1,2,1,1,2,1],10,0].
[[3,9,2,1,1,1,2,1,1],2,5].
[[2,7,2,1,1,1,0,0,0],10,2].
[[2,4,1,1,2,0,2,3,1],23,7].
[[2,8,1,1,2,0,0,0,0],9,16].
[[3,3,2,1,2,0,1,1,1],3,0].
[[3,8,1,1,1,0,1,2,0],3,6].
[[2,3,1,0,0,0,2,1,1],4,0].
[[3,9,2,1,1,0,2,1,0],0,6].
[[3,3,2,0,0,0,2,3,1],20,1].
[[1,6,1,1,2,1,2,2,0],3,0].
[[2,6,1,1,2,1,2,2,0],4,0].
[[3,6,1,1,1,1,1,2,0],1,0].
[[3,6,0,1,1,1,2,1,1],2,3].
[[3,6,1,1,2,1,2,2,0],10,0].
[[1,8,1,1,1,1,2,1,0],2,0].
[[2,7,2,1,1,1,1,1,1],4,0].
[[2,6,0,0,0,0,2,1,1],2,8].
[[1,6,1,0,0,0,2,2,0],5,0].
[[3,9,1,1,1,1,2,1,1],0,6].
[[2,7,1,1,2,0,1,2,0],0,2].
[[2,7,1,1,2,0,1,2,1],11,5].
[[3,6,0,1,2,1,2,2,0],11,14].
[[1,2,1,0,0,0,0,0,0],1,0].
[[3,8,1,0,0,0,2,1,0],7,5].
[[3,9,1,1,1,1,2,2,0],5,23].
[[1,8,1,1,1,1,2,2,0],4,1].
[[3,7,0,0,0,0,2,2,0],7,13].
[[3,7,0,0,0,0,1,1,1],2,3].
[[2,9,1,1,2,0,2,1,1],2,11].
[[2,3,2,0,0,0,2,2,1],13,0].
[[3,3,2,1,2,1,1,1,1],11,0].
[[3,6,1,1,1,0,2,1,1],4,0].
[[3,9,2,1,1,1,2,3,1],3,10].
[[3,9,1,1,1,1,2,3,1],2,8].
[[3,7,0,1,2,0,0,0,0],2,16].
[[2,9,1,0,0,0,2,1,1],6,24].
[[2,8,1,1,1,1,2,1,0],7,2].
[[3,7,1,1,1,1,2,1,0],8,0].
[[3,3,2,1,2,1,1,2,1],10,0].
[[1,9,2,1,2,0,1,1,0],1,2].
[[2,8,0,1,2,0,1,1,0],5,1].
[[1,8,0,1,2,1,1,2,0],4,5].
[[2,7,0,1,2,1,2,3,0],6,6].
[[2,9,2,1,1,0,2,2,1],1,9].
[[2,2,0,0,0,0,0,0,0],0,1].
[[3,2,0,0,0,0,2,3,1],0,1].
[[2,4,1,1,2,0,1,1,1],13,1].
[[3,6,0,1,2,1,1,2,0],3,8].
[[2,7,2,1,1,0,0,0,0],1,3].
[[3,9,1,0,0,0,0,0,0],0,3].
[[3,9,2,1,1,1,2,2,1],1,14].
[[2,6,1,1,1,1,2,3,0],3,0].
[[3,3,2,1,1,1,1,2,1],2,0].
[[3,6,1,0,0,0,1,1,0],1,2].
[[3,9,2,1,2,0,2,3,1],3,9].
[[1,8,1,1,2,1,1,2,0],3,2].
[[3,3,0,1,2,1,2,3,1],0,1].
[[3,3,2,1,2,0,2,2,1],18,1].
[[2,7,0,1,2,1,2,1,1],3,8].
[[3,8,0,1,1,0,2,2,1],2,14].
[[1,7,1,1,2,1,2,1,1],4,0].
[[2,6,1,1,1,1,0,0,0],11,1].
[[3,6,1,1,1,1,2,3,0],8,0].
[[3,8,1,1,1,1,1,1,0],3,10].
[[2,9,1,1,2,0,1,1,0],2,5].
[[3,7,0,1,2,0,2,2,0],3,4].
[[3,4,1,1,2,0,1,1,0],11,2].
[[3,9,2,1,2,0,2,1,1],2,7].
[[2,8,1,1,1,0,0,0,0],0,3].
[[2,9,2,1,2,0,1,1,0],10,7].
[[1,6,1,0,0,0,1,1,1],3,1].
[[2,6,1,0,0,0,1,1,1],7,1].
[[3,7,0,1,2,0,1,2,1],4,6].
[[1,6,1,0,0,0,2,1,1],10,1].
[[3,6,0,0,0,0,2,1,0],4,5].
[[2,7,0,1,2,1,2,2,0],3,5].
[[2,6,0,1,2,1,2,2,0],1,2].
[[2,7,2,1,1,1,2,1,1],7,0].
[[1,6,1,0,0,0,1,2,1],6,3].
[[1,8,1,1,2,0,1,1,1],6,2].
[[3,9,1,1,1,0,2,3,1],0,2].
[[1,8,1,1,2,0,2,2,0],3,3].
[[3,4,0,1,2,0,1,1,1],0,5].
[[2,9,1,1,1,1,0,0,0],0,1].
[[2,6,1,1,1,1,2,3,1],5,1].
[[1,8,0,1,2,1,1,1,1],1,2].
[[3,7,0,1,1,1,1,1,1],2,5].
[[3,3,2,1,2,0,1,2,1],6,0].
[[2,6,1,0,0,0,2,1,0],8,0].
[[3,6,1,1,2,1,2,1,0],6,0].
[[3,7,0,1,2,0,1,1,0],1,1].
[[3,7,1,0,0,0,1,1,0],1,4].
[[3,3,1,1,2,1,2,1,0],4,0].
[[2,6,0,1,2,1,2,3,0],2,6].
[[1,7,1,0,0,0,2,1,0],3,1].
[[3,4,0,1,2,0,2,2,1],0,1].
[[1,8,0,0,0,0,1,1,0],7,2].
[[1,8,0,0,0,0,1,2,1],5,11].
[[3,6,1,1,1,0,2,3,1],6,4].
[[2,7,2,1,2,0,1,1,1],6,4].
[[2,6,1,1,1,1,2,2,0],1,0].
[[2,5,0,1,2,0,1,1,1],9,1].
[[3,6,1,1,2,0,1,2,0],6,0].
[[2,6,0,0,0,0,2,3,0],6,7].
[[3,5,0,1,1,1,1,2,1],18,2].
[[1,6,1,0,0,0,2,3,0],7,0].
[[3,9,1,1,1,0,1,1,0],1,2].
[[1,8,1,1,2,0,1,2,0],0,3].
[[1,6,1,1,2,1,2,2,1],5,2].
[[2,6,1,1,1,1,2,2,1],6,1].
[[1,7,2,1,2,0,1,2,1],2,0].
[[3,3,1,0,0,0,2,3,0],4,0].
[[2,8,0,1,1,1,1,2,0],2,3].
[[3,7,0,1,1,1,2,1,0],2,4].
[[3,6,0,1,2,0,2,3,1],2,5].
[[2,8,1,1,1,1,2,2,0],8,2].
[[2,9,1,1,2,0,2,3,1],0,4].
[[2,7,2,1,1,0,2,1,1],0,3].
[[2,7,1,1,2,0,2,1,0],2,1].
[[1,7,1,1,2,1,1,1,1],0,2].
[[2,6,0,0,0,0,2,3,1],4,12].
[[3,9,2,1,2,0,2,1,0],2,18].
[[3,6,1,1,2,1,1,1,0],1,1].
[[3,9,2,1,1,0,1,2,0],2,4].
[[3,7,0,1,1,1,1,2,1],3,5].
[[2,8,0,1,2,0,1,1,1],3,10].
[[3,7,0,1,2,0,1,1,1],0,4].
[[3,6,1,1,2,0,2,1,0],2,0].
[[3,3,0,0,0,0,2,2,1],0,1].
[[3,2,1,0,0,0,0,0,0],1,0].
[[2,7,0,0,0,0,2,2,0],2,3].
[[2,9,1,1,1,1,2,2,1],14,17].
[[2,3,2,1,2,1,2,3,1],1,0].
[[2,4,1,1,2,0,2,1,0],5,1].
[[3,3,1,1,2,0,2,2,0],3,0].
[[3,6,1,1,2,1,0,0,0],8,0].
[[3,6,0,1,1,1,2,2,1],3,8].
[[3,7,0,1,2,0,2,1,0],2,4].
[[3,6,1,1,1,1,0,0,0],2,1].
[[3,4,0,1,2,0,1,2,1],0,5].
[[2,5,0,1,1,0,1,1,1],0,1].
[[3,3,1,1,2,0,1,2,1],2,0].
[[2,9,1,1,1,1,2,1,1],0,3].
[[3,2,1,1,2,1,2,3,1],2,0].
[[2,5,0,1,1,0,1,1,0],0,1].
[[3,5,0,1,1,0,1,1,0],1,1].
[[3,1,1,1,2,0,1,1,1],3,0].
[[2,3,2,1,2,1,2,2,1],6,0].
[[1,7,1,1,2,1,1,2,1],1,2].
[[2,3,1,1,2,1,1,2,1],1,1].
[[3,3,1,1,1,1,2,3,0],3,0].
[[3,7,2,1,1,0,0,0,0],1,1].
[[2,8,1,1,1,0,2,3,0],1,3].
[[3,7,0,1,2,0,2,1,1],3,8].
[[3,7,1,1,1,0,1,1,1],1,6].
[[3,9,1,1,1,1,0,0,0],0,5].
[[1,6,1,1,2,1,1,1,1],1,0].
[[3,2,1,1,2,1,1,1,1],1,0].
[[1,8,0,1,2,1,1,1,0],2,1].
[[2,8,0,1,1,1,1,1,0],4,0].
[[1,7,2,1,2,0,2,3,1],2,0].
[[2,7,2,1,1,0,2,3,1],4,0].
[[3,9,1,1,2,0,0,0,0],0,3].
[[2,8,1,1,1,0,2,1,0],1,0].
[[2,6,0,1,2,1,2,1,0],1,1].
[[3,6,0,1,2,0,1,1,1],0,1].
[[3,6,1,0,0,0,0,0,0],7,0].
[[3,3,0,0,0,0,2,3,1],0,1].
[[2,5,0,1,1,1,1,2,1],0,1].
[[2,7,1,1,2,1,1,2,0],2,0].
[[3,6,1,0,0,0,2,2,0],7,0].
[[3,7,2,0,0,0,0,0,0],6,3].
[[3,9,2,1,1,0,1,1,0],0,3].
[[2,7,2,1,1,1,1,2,1],7,1].
[[2,5,0,1,2,0,1,1,0],3,0].
[[2,9,2,1,1,0,2,1,1],0,3].
[[3,3,1,0,0,0,2,1,0],2,0].
[[2,3,2,1,2,0,2,3,1],1,0].
[[2,3,2,1,2,0,0,0,0],4,0].
[[2,8,1,1,1,0,1,1,1],0,6].
[[2,7,1,1,1,1,2,2,0],3,0].
[[3,6,0,1,1,1,1,1,1],0,3].
[[2,9,1,1,1,0,2,2,0],0,1].
[[3,6,1,1,2,0,0,0,0],4,1].
[[3,6,0,0,0,0,1,1,1],0,3].
[[1,7,1,0,0,0,2,3,0],6,0].
[[2,7,1,0,0,0,1,2,0],4,1].
[[2,6,1,1,1,1,2,1,1],6,0].
[[3,8,1,0,0,0,0,0,0],0,5].
[[3,8,1,1,2,1,0,0,0],0,5].
[[2,6,1,1,1,1,1,1,1],1,0].
[[1,7,2,1,2,1,1,1,1],2,1].
[[3,3,2,1,2,0,2,1,1],4,0].
[[3,8,0,1,1,0,1,2,0],0,3].
[[2,9,1,1,1,0,2,3,0],0,3].
[[2,9,2,1,1,0,2,1,0],0,5].
[[2,3,1,1,2,1,2,2,1],1,0].
[[3,6,0,1,1,1,0,0,0],0,3].
[[3,6,0,1,2,0,1,1,0],2,0].
[[2,7,1,1,2,0,2,2,0],3,0].
[[2,7,2,1,1,0,1,1,1],1,0].
[[1,8,1,1,2,1,1,1,0],1,1].
[[3,9,2,1,1,0,2,2,1],0,5].
[[3,3,1,1,2,0,1,1,0],1,0].
[[3,7,0,0,0,0,1,2,0],4,4].
[[2,9,1,1,1,0,1,1,1],0,3].
[[2,5,0,1,2,0,1,2,1],0,1].
[[3,8,1,1,1,0,2,2,0],0,4].
[[3,6,0,1,2,0,2,1,0],1,0].
[[2,7,0,1,2,1,1,1,0],1,0].
[[3,7,0,1,1,1,1,1,0],3,0].
[[2,4,1,1,2,0,1,1,0],5,0].
[[2,8,1,1,2,0,1,1,0],0,2].
[[3,3,2,1,1,1,2,1,1],2,0].
[[3,2,1,1,2,1,2,1,1],2,0].
[[2,2,1,0,0,0,2,3,1],1,0].
[[3,2,1,0,0,0,2,3,1],4,0].
[[3,8,0,1,1,0,2,1,0],0,6].
[[3,6,0,1,1,1,2,1,0],1,2].
[[2,9,1,1,1,0,1,2,1],0,2].
[[2,9,2,1,1,0,1,1,1],0,5].
[[1,6,0,0,0,0,2,3,0],1,1].
[[3,6,1,1,1,1,1,1,0],1,0].
[[2,4,1,1,2,0,1,2,0],6,1].
[[2,3,1,0,0,0,1,2,1],1,0].
[[2,7,0,0,0,0,2,1,0],2,0].
[[2,9,1,1,1,0,2,3,1],0,1].
[[1,7,1,1,2,1,2,1,0],1,0].
[[2,9,1,1,1,0,1,2,0],1,1].
[[3,3,1,0,0,0,1,1,1],3,0].
[[1,6,0,0,0,0,2,2,1],1,0].
[[3,3,1,1,1,1,2,1,1],1,1].
[[1,7,2,1,2,1,1,2,1],3,0].
[[3,3,1,1,2,0,2,1,1],4,0].
[[3,3,1,1,1,1,1,1,1],2,0].
[[2,9,2,1,1,0,1,2,0],1,1].
[[3,3,1,1,2,0,2,3,0],2,0].
[[3,6,0,1,1,1,1,1,0],0,1].
[[3,3,2,0,0,0,1,1,1],4,0].
[[3,3,1,1,1,1,1,2,1],2,1].
[[1,6,0,0,0,0,2,1,1],0,1].
[[1,6,1,1,2,1,2,1,0],1,0].
[[3,7,2,1,1,1,0,0,0],4,0].
[[1,6,1,0,0,0,2,1,0],2,0].
[[2,3,2,1,2,1,1,1,1],1,0].
[[3,6,0,1,2,1,1,1,0],0,1].
[[2,9,1,1,1,0,2,1,1],0,1].
[[3,6,0,1,2,0,2,1,1],1,5].
[[2,9,2,1,1,0,0,0,0],0,1].
[[2,3,2,0,0,0,1,1,1],2,0].
[[3,2,1,1,2,0,2,3,1],1,0].
[[1,7,1,1,2,1,2,3,0],0,1].
[[3,4,0,1,2,0,2,3,0],0,3].
[[3,6,0,1,2,0,1,2,1],2,2].
[[1,3,2,0,0,0,2,2,1],2,0].
[[2,7,2,1,1,0,2,2,1],1,2].
[[2,9,1,1,1,0,2,2,1],0,1].
[[2,6,0,1,2,1,1,2,1],1,0].
[[3,2,0,0,0,0,0,0,0],0,2].
[[3,4,0,1,2,0,1,2,0],0,1].
[[3,6,1,1,1,1,2,2,0],1,1].
[[1,6,0,0,0,0,2,2,0],0,1].
[[3,9,2,1,1,0,2,3,1],0,1].
[[1,9,2,1,1,1,1,1,0],2,1].
[[3,6,0,1,2,0,2,2,1],0,2].
[[3,3,0,1,2,1,0,0,0],0,1].
[[2,3,2,1,2,1,2,1,1],1,0].
[[1,6,0,0,0,0,2,1,0],1,0].
[[2,6,0,0,0,0,1,1,0],1,0].
[[3,8,1,1,1,1,0,0,0],0,2].
[[3,8,1,1,1,0,0,0,0],0,1].
[[3,4,0,1,2,0,2,3,1],0,1].
[[3,2,0,0,0,0,2,2,1],0,1].
[[1,6,1,1,2,1,2,3,0],1,0].
[[2,3,2,1,2,1,1,2,1],1,0].
[[3,2,1,1,2,1,1,2,1],1,0].
[[3,2,0,1,2,1,2,1,0],1,0].
[[2,1,1,1,2,0,1,1,1],1,0].
[[2,2,1,0,0,0,0,0,0],1,0].
[[3,2,0,0,0,0,2,3,0],0,1].
[[3,6,1,1,2,0,2,2,0],1,0].
[[2,6,0,0,0,0,1,2,0],2,0].
[[3,3,2,1,1,0,0,0,0],1,0].
[[3,2,1,1,2,1,2,3,0],1,0].
[[1,3,2,0,0,0,2,3,1],2,0].
[[2,3,1,0,0,0,2,1,0],1,0].
[[2,6,1,0,0,0,1,2,0],1,0].
[[3,3,1,1,2,1,1,2,0],1,0].
[[2,6,1,1,2,0,1,2,0],1,0].
[[1,6,1,1,2,1,1,2,1],1,0].
[[2,7,2,1,1,0,1,2,1],0,1].
[[2,3,1,0,0,0,2,2,0],1,0].
[[2,3,2,1,2,0,1,1,1],1,0].
