total_WL(7613,4564).
[[1,8,1,1,2,2,0,0,0],284,66].
[[2,8,1,1,1,2,2,1,2],28,5].
[[3,8,1,1,1,2,2,1,2],28,5].
[[1,8,0,0,0,0,0,0,0],127,129].
[[2,8,0,0,0,0,2,3,0],44,47].
[[3,8,0,1,2,0,2,3,0],10,30].
[[1,9,2,1,1,2,1,2,2],56,19].
[[2,9,2,1,1,2,1,2,2],61,45].
[[3,9,2,1,1,2,1,2,2],16,76].
[[1,9,2,0,0,0,2,3,1],54,48].
[[2,9,2,0,0,0,2,3,1],18,24].
[[3,9,2,1,2,0,2,2,1],1,5].
[[1,9,2,0,0,0,1,2,2],94,80].
[[2,9,2,0,0,0,1,2,2],43,74].
[[3,5,0,0,0,0,1,1,2],36,1].
[[1,9,2,1,2,2,2,2,2],214,213].
[[2,9,2,1,2,2,1,2,0],102,145].
[[3,8,1,1,2,2,1,2,0],117,25].
[[1,8,1,0,0,0,0,0,0],342,102].
[[2,8,1,0,0,0,2,2,0],40,17].
[[3,8,1,0,0,0,2,3,0],7,4].
[[1,8,0,1,1,2,2,2,2],19,7].
[[2,8,0,1,1,2,1,1,2],20,19].
[[3,8,0,1,1,2,1,1,2],30,27].
[[2,8,1,1,2,0,0,0,0],26,7].
[[3,8,1,1,1,0,2,1,2],4,5].
[[1,9,2,1,2,0,2,3,0],22,34].
[[2,9,2,1,1,0,1,2,0],1,3].
[[3,8,1,1,1,0,1,2,1],6,5].
[[2,9,2,1,2,2,1,2,2],99,122].
[[3,9,2,1,2,2,1,1,2],28,68].
[[2,8,0,0,0,0,0,0,0],22,57].
[[1,9,2,1,2,2,2,1,2],96,77].
[[2,9,2,1,2,2,1,1,2],47,56].
[[3,9,2,1,1,2,1,1,2],23,50].
[[2,9,2,1,1,2,2,1,2],26,25].
[[3,4,2,1,2,0,1,1,2],93,0].
[[2,8,1,0,0,0,1,2,2],57,15].
[[3,8,1,0,0,0,1,2,2],27,11].
[[1,8,1,0,0,0,1,1,1],8,3].
[[2,8,1,1,2,0,1,1,1],5,2].
[[3,8,1,1,2,2,1,1,1],21,9].
[[1,8,1,0,0,0,2,3,2],96,18].
[[2,8,1,0,0,0,2,3,2],52,11].
[[1,9,2,0,0,0,2,2,0],129,127].
[[2,8,0,0,0,0,2,2,0],51,28].
[[3,8,0,0,0,0,1,2,0],22,20].
[[1,8,1,1,1,2,1,1,2],10,0].
[[2,8,1,1,1,2,1,1,2],21,5].
[[3,8,1,1,1,2,1,1,2],57,10].
[[1,9,2,1,2,2,2,2,1],33,12].
[[2,8,0,1,2,2,2,2,1],11,6].
[[3,8,0,1,1,2,2,2,1],8,7].
[[1,9,2,1,2,2,1,2,2],116,94].
[[3,8,0,1,2,2,1,2,2],49,84].
[[1,9,2,1,1,2,2,3,1],33,17].
[[2,9,2,1,1,2,1,2,1],14,20].
[[1,8,1,1,2,2,2,2,0],45,7].
[[2,8,1,1,2,2,2,2,0],58,19].
[[3,8,1,1,1,2,2,3,1],39,6].
[[1,8,1,1,2,0,2,3,1],12,4].
[[2,8,1,1,2,0,2,3,1],43,5].
[[3,8,1,1,2,2,2,2,2],130,18].
[[1,8,1,1,2,2,2,1,0],25,3].
[[2,8,1,1,2,2,2,1,0],36,13].
[[3,7,1,1,1,2,2,1,0],9,0].
[[3,7,2,1,2,2,2,1,0],6,0].
[[1,8,1,1,1,2,0,0,0],53,7].
[[2,8,1,1,1,2,0,0,0],22,8].
[[3,6,1,1,1,2,0,0,0],3,0].
[[1,7,1,1,2,2,2,1,2],5,0].
[[2,7,1,1,2,2,2,1,2],30,4].
[[3,7,1,1,2,2,1,2,2],54,10].
[[1,8,0,0,0,0,2,3,1],7,7].
[[2,7,1,0,0,0,2,3,1],21,2].
[[3,7,1,1,2,0,2,3,1],24,2].
[[1,8,0,1,2,2,0,0,0],156,147].
[[2,7,0,1,1,2,0,0,0],5,2].
[[3,7,1,1,1,2,2,2,1],17,2].
[[1,8,1,1,2,2,2,3,2],78,11].
[[2,8,1,1,1,2,1,2,2],33,7].
[[3,5,0,1,1,2,1,1,2],78,0].
[[1,9,2,1,2,2,1,1,2],61,39].
[[1,9,2,1,2,2,2,3,0],267,217].
[[2,9,2,1,1,2,2,3,0],70,58].
[[3,8,0,1,1,2,2,3,0],33,75].
[[1,9,2,1,2,2,0,0,0],125,233].
[[2,9,2,1,2,2,0,0,0],8,27].
[[3,9,2,1,1,2,2,2,0],1,26].
[[1,9,2,0,0,0,0,0,0],117,227].
[[2,9,2,0,0,0,2,3,0],34,89].
[[3,9,2,1,2,0,2,3,0],2,30].
[[1,9,2,1,2,2,2,2,0],174,139].
[[2,9,2,1,2,2,1,1,0],43,70].
[[3,9,2,1,2,2,1,1,0],27,98].
[[1,9,2,0,0,0,2,3,0],186,216].
[[2,9,2,1,2,2,2,3,0],79,190].
[[3,8,1,1,2,2,2,2,1],35,17].
[[2,8,1,0,0,0,0,0,0],30,18].
[[3,8,1,0,0,0,2,3,2],14,5].
[[3,8,1,1,2,2,1,1,2],70,26].
[[1,8,1,0,0,0,2,3,0],63,12].
[[2,8,1,0,0,0,2,3,0],50,14].
[[3,8,1,1,2,0,1,1,0],20,15].
[[1,9,2,1,1,2,0,0,0],63,41].
[[2,9,2,1,1,2,2,2,2],60,54].
[[3,8,0,1,1,2,2,2,2],42,67].
[[1,9,2,1,1,2,2,3,0],116,44].
[[2,9,2,1,1,2,2,2,0],50,32].
[[3,8,1,1,1,2,2,2,1],23,7].
[[2,8,0,1,2,2,0,0,0],50,88].
[[3,8,0,1,2,2,2,3,1],25,19].
[[1,8,0,1,2,2,2,2,0],37,23].
[[2,6,0,1,1,2,2,2,0],1,0].
[[3,6,0,1,1,2,1,2,0],3,0].
[[3,9,2,1,2,2,1,2,0],84,169].
[[1,9,2,1,2,2,2,3,2],74,103].
[[2,9,2,1,2,2,2,3,2],21,67].
[[3,9,2,1,1,2,1,2,0],64,134].
[[1,8,1,1,1,2,2,3,1],11,2].
[[2,8,1,1,1,2,2,2,1],17,4].
[[1,9,2,1,1,2,2,1,1],5,1].
[[2,4,2,1,2,0,2,3,1],14,0].
[[3,4,2,1,2,0,2,3,1],32,1].
[[1,8,1,0,0,0,2,2,2],199,54].
[[3,7,1,0,0,0,1,2,2],13,5].
[[2,8,0,1,2,2,2,2,2],90,93].
[[3,8,0,1,2,2,1,2,0],74,87].
[[3,8,0,1,1,2,1,2,0],58,55].
[[1,8,0,1,2,2,2,1,2],36,24].
[[2,7,0,1,2,2,2,1,2],3,0].
[[3,7,0,1,2,2,2,1,2],6,4].
[[1,9,2,0,0,0,1,2,0],54,72].
[[2,9,2,0,0,0,1,2,0],46,68].
[[1,9,2,0,0,0,2,2,2],156,207].
[[2,9,2,1,2,2,2,2,2],90,149].
[[3,8,0,1,1,2,1,2,2],52,51].
[[1,9,2,0,0,0,2,1,2],72,104].
[[2,8,0,1,2,2,2,1,2],40,50].
[[3,8,0,1,2,2,1,1,2],40,51].
[[2,8,0,1,2,2,2,3,2],31,44].
[[3,8,0,1,1,2,2,3,2],9,29].
[[2,7,1,0,0,0,0,0,0],51,17].
[[3,7,1,0,0,0,2,3,0],23,1].
[[2,7,1,1,2,2,0,0,0],93,28].
[[3,7,1,1,2,2,2,2,0],32,8].
[[2,8,0,1,1,2,2,2,0],36,27].
[[3,6,0,1,1,2,2,2,0],2,2].
[[2,8,1,0,0,0,2,2,2],119,39].
[[3,8,1,1,2,0,1,2,2],41,12].
[[2,8,1,1,1,2,2,2,2],63,6].
[[3,6,1,1,1,2,2,2,2],13,0].
[[2,8,0,1,1,2,0,0,0],27,32].
[[3,7,1,1,1,2,2,1,1],13,2].
[[1,9,2,1,1,2,2,2,1],12,1].
[[3,9,2,1,1,2,1,2,1],11,27].
[[1,8,1,0,0,0,2,2,1],76,16].
[[2,8,1,1,2,2,2,2,1],66,13].
[[3,7,2,1,2,2,1,2,2],40,4].
[[1,7,1,0,0,0,0,0,0],56,17].
[[3,7,1,1,2,0,2,2,2],26,9].
[[1,7,1,1,2,2,0,0,0],68,13].
[[2,7,1,1,1,2,2,1,2],8,0].
[[3,7,1,1,1,2,2,1,2],26,3].
[[1,5,0,0,0,0,2,2,0],3,0].
[[2,5,0,1,2,0,2,2,0],3,0].
[[3,5,0,1,1,0,2,2,0],1,0].
[[1,9,2,0,0,0,1,1,2],65,37].
[[2,9,2,1,2,0,1,1,2],15,26].
[[3,8,1,1,2,0,1,1,2],33,8].
[[2,9,2,1,2,2,2,1,0],25,43].
[[3,9,2,1,1,2,2,1,0],0,11].
[[1,9,2,0,0,0,2,3,2],65,102].
[[3,8,0,1,2,2,2,3,2],15,37].
[[2,8,0,1,2,2,1,1,2],30,21].
[[2,8,1,1,2,2,2,3,0],72,15].
[[3,7,1,1,1,2,2,3,0],15,3].
[[3,9,2,1,2,2,2,3,0],8,70].
[[1,6,1,0,0,0,2,1,2],11,0].
[[2,6,1,0,0,0,2,1,2],8,0].
[[3,3,1,1,2,0,2,1,2],1,0].
[[1,8,0,1,2,2,2,3,0],48,26].
[[2,6,0,1,2,2,2,3,0],1,3].
[[3,6,0,1,2,2,2,3,0],5,5].
[[3,9,2,0,0,0,1,2,0],13,35].
[[1,8,1,1,2,2,2,3,1],102,11].
[[2,8,1,1,2,2,1,2,0],62,8].
[[1,9,2,1,2,0,0,0,0],13,25].
[[2,8,1,1,2,0,2,1,1],16,3].
[[3,5,0,1,2,0,1,1,1],6,2].
[[2,9,2,1,2,0,2,3,0],15,45].
[[3,9,2,1,2,2,2,2,0],1,35].
[[2,8,1,1,2,2,2,2,2],186,36].
[[1,6,1,1,2,2,2,3,1],3,0].
[[2,3,1,1,2,2,2,3,1],2,0].
[[3,3,1,1,2,2,2,3,1],6,0].
[[1,9,2,1,1,2,2,2,2],89,48].
[[2,4,2,1,2,0,1,2,1],11,0].
[[3,4,2,1,2,0,1,2,1],45,0].
[[1,8,0,1,2,2,2,3,2],26,23].
[[2,8,0,1,2,2,1,2,1],8,8].
[[3,8,0,1,1,2,1,2,1],14,15].
[[1,8,1,1,2,0,2,2,2],22,8].
[[2,8,1,1,1,0,2,2,2],8,4].
[[3,8,1,1,1,0,2,2,2],19,9].
[[1,8,1,0,0,0,2,1,2],96,18].
[[2,8,1,0,0,0,2,1,2],49,11].
[[1,8,1,0,0,0,1,2,2],31,14].
[[2,8,1,1,2,2,2,3,2],69,12].
[[3,6,1,1,2,2,2,3,2],11,0].
[[2,7,1,1,1,2,2,1,0],4,0].
[[3,7,1,1,1,2,1,1,0],4,1].
[[3,4,2,1,2,0,2,1,0],17,0].
[[1,9,2,1,2,2,2,3,1],51,50].
[[2,8,1,1,2,2,2,1,2],98,10].
[[3,8,1,1,2,2,1,2,2],118,35].
[[1,8,0,1,2,2,2,2,2],55,53].
[[2,8,0,1,1,2,2,2,2],48,29].
[[2,8,0,1,2,2,2,2,0],73,57].
[[3,8,0,1,1,2,2,2,0],18,29].
[[2,8,0,0,0,0,2,2,2],39,43].
[[3,7,1,0,0,0,2,2,2],26,7].
[[2,9,2,1,1,2,1,2,0],88,56].
[[3,4,2,1,2,0,1,2,0],142,2].
[[2,8,0,1,2,2,2,3,1],18,20].
[[3,8,0,1,1,2,2,3,1],10,10].
[[3,7,1,1,2,2,2,3,2],44,10].
[[2,8,1,1,2,0,2,2,2],54,17].
[[1,8,1,0,0,0,2,3,1],115,26].
[[2,8,1,0,0,0,2,3,1],88,17].
[[3,8,1,1,2,0,1,2,1],39,6].
[[1,8,0,1,1,2,0,0,0],57,28].
[[3,7,1,1,2,2,2,3,1],81,12].
[[2,8,0,1,2,2,2,3,0],98,86].
[[3,8,0,1,2,2,2,3,0],42,88].
[[1,8,1,1,2,2,2,3,0],62,9].
[[2,7,2,1,2,2,2,2,2],41,6].
[[3,7,2,1,1,2,2,2,2],22,1].
[[2,9,2,0,0,0,1,1,2],30,33].
[[2,9,2,1,2,2,2,3,1],32,35].
[[3,9,2,1,2,2,2,3,1],6,19].
[[2,5,0,1,2,2,2,3,0],24,1].
[[3,5,0,1,1,2,1,2,0],15,0].
[[1,9,2,1,2,2,1,1,0],24,36].
[[1,4,2,1,2,0,2,3,1],6,0].
[[3,9,2,1,1,2,2,2,2],10,24].
[[3,8,0,1,1,2,2,1,2],18,32].
[[1,9,2,1,2,0,1,1,0],3,5].
[[2,9,2,1,2,0,1,1,0],7,21].
[[2,9,2,0,0,0,2,1,2],13,34].
[[3,8,0,1,2,2,2,1,2],28,41].
[[2,9,2,1,1,2,2,1,0],18,17].
[[1,8,0,0,0,0,2,1,2],21,12].
[[2,8,0,0,0,0,1,1,2],15,12].
[[3,8,0,1,2,0,1,1,2],11,14].
[[1,8,1,1,2,0,2,1,2],9,2].
[[2,7,2,1,2,0,2,1,2],11,2].
[[3,7,2,1,2,0,2,1,2],12,0].
[[1,7,2,1,2,2,0,0,0],16,2].
[[2,7,2,1,2,2,0,0,0],36,1].
[[3,7,2,1,2,2,2,3,0],9,1].
[[1,8,0,0,0,0,1,1,2],7,3].
[[1,8,1,1,2,2,2,2,2],155,35].
[[3,4,2,1,2,0,2,2,2],84,0].
[[1,9,2,0,0,0,2,2,1],30,14].
[[2,9,2,0,0,0,2,2,1],9,5].
[[3,8,1,1,2,0,2,2,1],14,8].
[[3,7,2,1,2,2,0,0,0],25,3].
[[2,8,1,0,0,0,1,2,0],31,13].
[[2,7,1,1,2,2,2,2,2],57,16].
[[3,7,2,1,2,2,2,2,2],51,9].
[[1,9,2,1,2,2,2,1,0],87,85].
[[2,8,0,1,1,2,2,1,0],20,13].
[[3,4,2,1,2,0,2,3,0],71,2].
[[3,7,1,1,2,2,2,2,2],133,25].
[[1,9,2,1,2,0,2,3,2],4,7].
[[2,9,2,1,2,0,2,3,2],11,14].
[[3,9,2,1,2,0,2,2,2],7,19].
[[1,8,0,0,0,0,1,2,2],10,6].
[[3,7,1,0,0,0,1,1,2],11,6].
[[1,8,0,0,0,0,2,3,2],25,25].
[[2,8,0,0,0,0,2,3,2],15,18].
[[3,7,1,0,0,0,2,3,2],23,3].
[[3,7,0,1,2,2,1,1,2],6,5].
[[3,8,1,0,0,0,1,1,0],22,9].
[[1,6,1,0,0,0,0,0,0],66,7].
[[2,6,1,0,0,0,0,0,0],21,3].
[[3,6,1,1,2,2,2,1,2],13,1].
[[2,9,2,1,1,2,0,0,0],8,15].
[[2,9,2,0,0,0,2,3,2],18,29].
[[3,8,0,0,0,0,2,3,2],5,6].
[[2,9,2,0,0,0,2,2,0],17,47].
[[3,8,1,0,0,0,2,3,1],21,7].
[[2,7,2,1,2,0,2,2,2],16,5].
[[3,7,2,1,2,0,1,1,2],11,6].
[[3,7,0,1,2,2,0,0,0],8,12].
[[2,8,1,0,0,0,2,2,1],41,14].
[[3,5,0,0,0,0,1,2,1],8,0].
[[3,8,1,1,2,0,2,2,2],47,16].
[[3,8,1,1,2,2,2,1,1],35,10].
[[2,8,0,1,1,2,2,3,0],56,23].
[[3,8,1,0,0,0,2,2,1],10,3].
[[3,9,2,1,1,2,1,1,0],17,50].
[[2,9,2,1,1,2,1,1,2],47,27].
[[3,8,0,0,0,0,1,2,2],14,20].
[[1,7,2,1,2,2,2,2,2],9,1].
[[3,7,2,1,2,2,1,2,1],8,1].
[[1,9,2,1,1,2,2,1,2],43,18].
[[2,4,2,1,2,0,1,1,2],33,0].
[[3,9,2,1,2,0,1,2,0],22,44].
[[3,7,1,1,1,2,2,2,0],21,5].
[[3,8,0,1,2,0,2,2,2],15,20].
[[2,8,1,1,2,2,1,2,2],72,19].
[[3,8,0,1,2,2,1,1,0],33,49].
[[1,8,1,0,0,0,2,2,0],53,6].
[[3,5,0,1,2,0,1,2,1],14,0].
[[1,9,2,1,2,2,1,2,0],70,70].
[[3,9,2,1,2,2,2,2,2],15,47].
[[1,9,2,1,1,2,1,2,0],36,9].
[[2,8,0,1,1,2,1,2,0],15,8].
[[3,8,0,1,1,2,1,1,0],22,39].
[[3,7,0,1,1,2,2,2,2],12,7].
[[2,9,2,1,2,2,2,1,2],41,66].
[[3,9,2,1,2,2,1,2,2],34,109].
[[3,8,1,1,1,2,1,2,1],62,9].
[[3,8,0,1,2,2,2,2,1],14,6].
[[2,8,1,1,2,0,2,1,2],23,6].
[[3,6,1,1,2,0,2,1,2],5,0].
[[2,5,0,1,2,0,1,1,2],14,1].
[[3,5,0,1,1,0,1,1,2],6,5].
[[1,5,0,0,0,0,1,1,2],23,1].
[[3,5,0,1,2,0,1,1,2],28,1].
[[2,7,1,1,1,2,2,3,1],8,1].
[[2,7,2,1,2,0,2,3,2],6,0].
[[3,7,2,1,2,0,1,2,1],5,0].
[[2,8,1,1,2,2,2,3,1],130,27].
[[1,9,2,1,1,2,2,1,0],44,18].
[[3,8,0,1,2,2,2,2,2],68,81].
[[2,7,2,0,0,0,2,2,2],36,3].
[[2,5,0,0,0,0,1,1,2],35,0].
[[1,7,2,0,0,0,1,2,2],8,1].
[[2,7,2,1,2,0,1,2,2],5,2].
[[3,7,2,1,2,0,1,2,2],21,3].
[[3,8,1,1,1,2,1,2,0],61,11].
[[3,8,1,1,2,2,2,2,0],20,10].
[[3,9,2,1,2,2,2,1,0],0,17].
[[3,8,1,1,2,2,2,3,0],21,12].
[[3,8,1,0,0,0,2,2,2],30,11].
[[3,8,1,1,2,2,2,1,2],51,7].
[[2,8,1,1,2,2,1,1,2],59,24].
[[2,8,0,1,2,2,2,1,0],31,32].
[[3,7,0,1,2,2,2,1,0],8,2].
[[3,8,1,1,2,2,1,1,0],57,17].
[[2,9,2,1,1,2,1,1,0],26,28].
[[3,8,1,1,1,2,1,1,0],20,7].
[[3,7,1,1,2,2,2,3,0],36,11].
[[2,7,2,0,0,0,2,3,2],21,2].
[[3,3,2,0,0,0,2,3,2],3,0].
[[2,9,2,1,1,2,2,3,1],22,12].
[[3,9,2,0,0,0,1,1,0],3,11].
[[1,8,1,0,0,0,1,1,2],31,7].
[[2,5,0,1,2,2,1,1,2],53,1].
[[3,5,0,1,2,2,1,1,2],120,3].
[[3,9,2,1,2,2,2,1,2],9,21].
[[1,8,1,1,1,2,2,2,1],5,1].
[[2,7,2,1,1,2,1,1,2],1,0].
[[3,3,2,1,1,2,1,1,2],1,0].
[[2,8,1,0,0,0,2,1,0],22,3].
[[3,7,1,0,0,0,2,1,0],5,0].
[[1,9,2,1,1,2,1,1,0],22,6].
[[2,8,1,1,1,2,1,2,1],35,7].
[[2,8,1,1,2,2,2,1,1],43,8].
[[3,8,0,1,1,2,1,1,1],6,2].
[[3,9,2,0,0,0,1,2,2],10,26].
[[3,8,1,1,2,2,2,3,1],64,24].
[[2,8,0,1,2,0,1,2,2],3,8].
[[3,8,0,1,2,0,1,2,2],14,15].
[[1,7,1,0,0,0,2,2,2],11,3].
[[2,7,1,1,1,2,2,2,2],14,3].
[[3,7,1,1,1,2,2,2,2],45,10].
[[1,4,2,1,2,0,2,3,0],16,0].
[[2,4,2,1,2,0,1,1,0],20,0].
[[3,4,2,1,2,0,1,1,0],67,1].
[[1,9,2,1,1,2,2,3,2],31,21].
[[2,9,2,1,2,0,2,2,2],9,36].
[[3,8,0,1,1,0,2,2,2],4,9].
[[1,8,1,1,2,2,2,1,1],37,2].
[[2,6,0,1,1,2,2,3,0],2,0].
[[1,6,1,1,2,2,0,0,0],21,2].
[[2,6,1,1,2,2,0,0,0],29,1].
[[3,6,1,1,2,2,2,1,1],5,0].
[[2,6,1,1,2,0,2,1,0],1,0].
[[3,6,1,1,2,2,1,2,0],7,0].
[[3,1,2,1,2,0,1,1,2],6,0].
[[2,8,0,1,1,2,2,2,1],7,3].
[[3,4,2,1,2,0,2,2,1],17,0].
[[1,8,1,1,2,2,2,2,1],55,7].
[[3,8,1,1,1,2,1,1,1],8,6].
[[1,8,1,1,2,2,2,1,2],83,9].
[[3,8,0,0,0,0,2,3,0],7,35].
[[3,7,2,1,2,0,2,2,2],20,6].
[[3,8,0,1,2,2,0,0,0],1,18].
[[3,9,2,0,0,0,2,3,0],0,19].
[[2,8,1,1,2,2,1,1,0],25,11].
[[2,8,1,1,1,2,2,3,0],27,6].
[[3,8,1,1,1,2,2,2,2],56,11].
[[3,6,0,1,1,2,2,3,0],4,5].
[[2,9,2,0,0,0,1,2,1],16,12].
[[3,9,2,1,2,0,1,2,1],4,5].
[[1,9,2,1,2,0,2,1,0],6,13].
[[2,9,2,1,1,0,1,1,0],1,2].
[[1,9,2,1,2,0,1,2,2],11,10].
[[3,8,0,1,2,0,1,2,0],16,22].
[[2,8,0,1,2,2,1,2,0],35,27].
[[1,9,2,1,2,0,2,1,2],6,14].
[[2,9,2,1,1,0,2,1,2],1,1].
[[3,8,0,1,2,2,2,2,0],31,58].
[[2,8,0,1,1,2,2,1,2],27,11].
[[3,4,2,1,2,0,2,1,2],36,2].
[[1,8,1,1,2,2,1,1,2],17,0].
[[2,9,2,1,2,2,2,1,1],7,7].
[[3,8,0,1,1,2,2,1,1],3,5].
[[3,7,1,1,1,2,1,2,2],23,9].
[[3,8,1,1,1,0,2,1,1],3,3].
[[3,8,0,1,1,2,2,1,0],9,20].
[[3,7,1,1,2,2,1,1,0],9,3].
[[1,7,2,0,0,0,2,2,2],30,7].
[[2,7,2,0,0,0,1,2,2],10,3].
[[2,7,2,0,0,0,0,0,0],46,0].
[[2,9,2,0,0,0,2,2,2],39,63].
[[1,9,2,0,0,0,2,1,0],71,49].
[[3,9,2,1,1,2,2,3,0],7,35].
[[1,8,1,1,1,2,1,2,1],3,1].
[[3,7,1,1,1,2,1,2,1],26,4].
[[3,9,2,1,2,0,1,2,2],10,46].
[[3,6,1,1,2,0,2,2,0],5,2].
[[2,9,2,1,2,2,2,2,0],53,92].
[[3,6,0,1,2,2,2,2,2],2,5].
[[3,8,1,1,1,2,2,3,2],22,6].
[[1,9,2,0,0,0,1,1,0],26,40].
[[2,9,2,0,0,0,1,1,0],18,21].
[[2,7,0,1,1,2,2,2,0],2,1].
[[3,7,0,1,1,2,1,1,0],2,1].
[[3,9,2,1,1,0,1,1,2],4,11].
[[3,7,2,1,2,2,1,1,2],25,16].
[[3,7,0,1,2,2,2,3,0],15,13].
[[2,9,2,1,2,2,1,2,1],25,30].
[[3,9,2,1,1,0,1,2,1],0,6].
[[3,8,0,0,0,0,2,2,0],12,11].
[[2,8,0,1,2,0,1,2,0],4,6].
[[3,8,0,1,1,0,1,2,0],3,15].
[[3,8,0,1,2,2,2,1,0],9,34].
[[3,8,0,1,2,2,1,2,1],23,13].
[[3,8,0,0,0,0,1,1,0],5,5].
[[2,8,1,1,1,2,2,3,1],45,7].
[[2,4,2,1,2,0,2,2,1],6,0].
[[1,9,2,1,2,0,1,2,0],4,5].
[[3,7,1,1,2,0,1,2,0],10,1].
[[2,5,0,1,1,2,2,3,0],8,0].
[[3,5,0,1,1,2,2,3,0],21,1].
[[1,9,2,1,1,2,1,2,1],9,3].
[[2,8,0,1,1,2,1,2,1],5,4].
[[1,9,2,0,0,0,2,1,1],6,13].
[[2,9,2,0,0,0,1,1,1],4,1].
[[3,9,2,1,2,2,1,1,1],4,0].
[[3,7,1,1,2,0,2,1,2],15,2].
[[3,8,1,1,1,0,1,2,0],8,9].
[[1,8,1,1,2,2,1,2,0],11,6].
[[2,9,2,1,2,0,2,1,0],3,8].
[[3,9,2,1,2,0,2,1,0],0,5].
[[2,3,2,0,0,0,0,0,0],8,0].
[[3,3,2,1,2,0,2,1,2],3,0].
[[2,9,2,1,2,0,1,2,0],9,44].
[[1,7,2,0,0,0,1,1,2],4,2].
[[2,3,2,0,0,0,1,1,2],2,0].
[[3,3,2,0,0,0,1,1,2],7,0].
[[3,7,1,1,1,2,0,0,0],21,8].
[[1,8,0,1,2,2,2,1,0],19,6].
[[1,7,2,1,2,2,2,3,2],8,2].
[[2,7,2,1,2,2,2,3,2],17,2].
[[3,3,2,1,2,2,2,3,2],4,0].
[[3,8,1,0,0,0,1,2,1],30,7].
[[2,5,0,0,0,0,2,2,0],4,0].
[[3,5,0,1,2,2,2,2,0],10,0].
[[3,8,1,1,2,2,2,3,2],34,8].
[[2,7,2,0,0,0,2,1,2],16,2].
[[3,7,2,0,0,0,2,1,2],8,0].
[[1,8,1,1,2,0,0,0,0],49,23].
[[2,7,1,1,2,0,0,0,0],18,5].
[[3,7,1,1,2,0,2,2,0],8,7].
[[3,6,1,0,0,0,2,3,0],2,0].
[[2,6,1,1,2,0,2,2,2],4,0].
[[3,3,2,1,2,0,2,2,2],9,0].
[[1,8,1,1,2,0,2,1,0],4,1].
[[2,7,1,1,2,0,2,1,0],4,0].
[[3,7,2,1,2,0,2,3,2],9,1].
[[1,8,1,0,0,0,1,2,1],31,18].
[[2,8,1,1,2,2,1,2,1],60,15].
[[3,8,1,1,2,2,1,2,1],81,20].
[[1,8,0,0,0,0,2,1,0],15,8].
[[1,9,2,1,2,0,2,2,0],9,17].
[[3,9,2,1,1,0,2,2,2],3,8].
[[1,7,1,0,0,0,2,1,2],6,0].
[[2,3,1,0,0,0,2,1,2],1,0].
[[3,3,1,1,2,2,1,1,2],3,0].
[[3,7,2,1,2,2,1,1,0],6,1].
[[3,8,1,1,1,2,2,3,0],18,4].
[[1,8,0,1,1,2,2,1,2],8,5].
[[3,7,1,1,1,2,1,1,2],13,7].
[[3,8,0,0,0,0,2,2,2],13,19].
[[3,9,2,1,1,2,2,3,1],4,9].
[[2,8,1,1,2,2,1,1,1],16,7].
[[3,7,1,1,2,2,1,1,1],7,2].
[[2,8,1,1,2,0,1,1,2],8,5].
[[2,7,1,1,1,2,1,1,2],1,0].
[[2,8,0,1,2,2,1,2,2],43,30].
[[3,7,0,1,2,2,2,2,2],18,13].
[[1,8,1,1,2,0,2,3,2],12,5].
[[2,8,1,1,1,0,1,2,2],2,4].
[[3,8,1,1,1,0,1,2,2],7,15].
[[1,9,2,0,0,0,1,2,1],20,8].
[[2,8,0,0,0,0,1,2,1],6,2].
[[3,7,1,1,2,0,1,2,1],16,2].
[[1,6,1,0,0,0,1,1,2],1,0].
[[2,2,1,0,0,0,1,1,2],1,0].
[[3,2,1,0,0,0,1,1,2],1,0].
[[2,8,1,1,2,0,2,3,0],17,11].
[[2,4,2,1,2,0,2,1,1],4,0].
[[3,4,2,1,2,0,2,1,1],12,0].
[[2,9,2,1,2,2,2,2,1],26,13].
[[3,9,2,1,1,2,2,2,1],5,7].
[[1,8,1,1,2,2,1,2,2],33,6].
[[3,6,1,1,1,2,1,2,2],3,0].
[[3,8,1,1,2,2,2,1,0],13,1].
[[2,9,2,1,1,2,2,3,2],21,31].
[[1,9,2,1,2,0,2,2,2],17,31].
[[2,8,1,1,2,0,2,2,0],23,10].
[[1,7,1,0,0,0,2,3,1],9,0].
[[2,7,1,1,2,2,2,3,1],38,3].
[[1,7,1,1,2,2,2,2,1],3,0].
[[2,7,1,1,2,2,1,2,1],8,4].
[[3,7,1,1,2,2,1,2,1],30,7].
[[1,8,0,0,0,0,2,2,2],48,42].
[[3,8,0,1,1,0,1,2,2],1,8].
[[3,7,1,1,2,2,1,1,2],25,8].
[[2,8,1,0,0,0,1,2,1],41,9].
[[3,7,2,1,1,0,1,1,2],3,3].
[[2,8,1,1,2,0,1,2,2],29,9].
[[3,7,1,1,2,0,1,2,2],13,2].
[[3,9,2,1,2,0,1,1,2],8,23].
[[1,8,0,0,0,0,1,1,1],1,0].
[[2,8,0,1,2,2,1,1,1],3,1].
[[3,7,0,1,2,2,1,1,1],1,0].
[[3,5,0,1,1,2,1,1,0],5,0].
[[3,7,1,1,2,2,0,0,0],47,15].
[[3,7,2,1,2,2,2,1,2],27,1].
[[2,7,1,1,1,2,0,0,0],30,4].
[[3,7,2,1,1,2,1,2,2],17,1].
[[2,6,0,1,2,2,0,0,0],15,11].
[[3,6,1,1,2,0,2,3,0],5,2].
[[3,9,2,0,0,0,1,2,1],5,9].
[[3,7,1,1,2,2,2,1,2],53,14].
[[1,4,2,1,2,0,2,1,0],4,0].
[[2,4,2,1,2,0,2,1,0],8,0].
[[2,8,0,0,0,0,2,3,1],8,10].
[[1,7,2,0,0,0,0,0,0],80,6].
[[3,9,2,1,1,0,1,2,2],4,11].
[[2,8,1,1,1,2,2,1,1],16,1].
[[1,9,2,1,1,2,2,2,0],73,34].
[[2,8,1,1,1,2,2,2,0],25,5].
[[1,9,2,1,1,2,1,1,2],35,5].
[[3,5,0,1,2,2,1,2,1],39,3].
[[1,8,1,1,1,2,2,3,2],11,2].
[[2,4,2,1,2,0,2,3,2],20,1].
[[3,4,2,1,2,0,2,3,2],28,2].
[[3,8,1,0,0,0,2,1,2],13,0].
[[1,8,1,1,2,2,1,2,1],17,5].
[[2,7,2,1,2,2,1,1,2],4,10].
[[3,7,2,1,1,2,1,1,2],2,9].
[[2,9,2,0,0,0,0,0,0],3,26].
[[3,6,1,1,1,2,2,1,0],3,0].
[[3,7,2,0,0,0,0,0,0],9,0].
[[1,8,0,1,2,2,1,2,0],7,6].
[[3,7,0,1,1,2,1,2,0],5,0].
[[3,6,0,1,2,2,0,0,0],4,11].
[[3,6,0,1,1,2,0,0,0],1,3].
[[2,4,2,1,2,0,1,2,0],39,1].
[[3,4,2,1,2,0,1,2,2],90,1].
[[1,7,2,0,0,0,2,3,2],12,0].
[[3,7,2,1,2,2,2,3,2],26,0].
[[1,4,2,1,2,0,0,0,0],17,1].
[[2,4,2,1,2,0,0,0,0],13,1].
[[2,7,2,1,2,2,1,2,2],18,2].
[[2,8,1,1,2,0,2,2,1],24,4].
[[3,8,1,1,1,0,2,2,1],3,2].
[[3,5,0,1,2,2,2,3,0],33,2].
[[1,8,1,1,1,2,2,2,2],31,2].
[[2,7,2,1,1,2,2,2,2],7,1].
[[2,8,0,1,2,0,2,2,2],13,21].
[[2,8,0,0,0,0,1,2,0],9,14].
[[1,8,1,1,2,0,1,2,2],4,3].
[[2,7,1,1,2,0,1,2,2],1,0].
[[3,8,1,0,0,0,2,2,0],0,4].
[[1,4,2,1,2,0,1,2,2],5,0].
[[2,4,2,1,2,0,1,2,2],37,0].
[[3,7,2,0,0,0,2,3,2],13,1].
[[3,8,1,1,1,2,1,2,2],64,11].
[[1,7,1,1,2,2,2,3,1],7,0].
[[2,4,2,1,2,0,2,3,0],51,2].
[[2,9,2,1,2,0,2,1,2],10,19].
[[3,9,2,1,1,0,2,1,2],2,4].
[[3,7,1,0,0,0,2,3,1],19,4].
[[1,8,0,1,2,2,1,1,2],14,5].
[[1,7,1,0,0,0,2,3,0],4,0].
[[2,7,1,1,2,2,2,3,0],24,0].
[[3,7,0,1,1,2,0,0,0],2,10].
[[2,8,0,1,1,2,1,2,2],24,22].
[[3,7,0,1,1,2,1,2,2],1,5].
[[2,8,0,1,2,0,0,0,0],3,11].
[[3,7,0,1,2,0,0,0,0],1,2].
[[3,7,1,1,1,2,2,3,2],26,3].
[[2,7,1,0,0,0,2,1,2],11,2].
[[3,7,1,0,0,0,2,1,2],11,1].
[[1,8,0,1,2,2,1,2,2],10,10].
[[2,7,1,1,2,2,1,2,2],11,2].
[[2,8,0,1,2,0,2,3,0],8,14].
[[2,7,1,1,2,0,1,1,2],1,1].
[[3,7,1,1,2,0,1,1,2],4,4].
[[3,6,0,1,2,2,2,2,0],7,6].
[[2,8,0,1,2,2,1,1,0],8,16].
[[1,8,1,1,2,0,2,2,1],8,2].
[[2,7,1,1,2,0,2,2,1],8,1].
[[3,7,1,1,1,0,2,2,1],2,2].
[[2,5,0,1,2,2,1,1,0],3,0].
[[3,5,0,1,2,2,1,2,0],23,0].
[[3,6,0,1,1,2,2,3,2],3,2].
[[3,7,1,1,2,2,2,2,1],44,12].
[[3,7,1,1,2,2,2,1,0],11,9].
[[3,5,0,1,2,0,1,2,2],3,0].
[[3,5,0,1,2,0,1,2,0],5,0].
[[3,7,1,0,0,0,0,0,0],12,4].
[[3,7,0,0,0,0,2,2,2],1,4].
[[1,8,0,1,1,2,2,3,0],15,0].
[[2,7,0,1,1,2,2,3,0],4,0].
[[3,7,0,1,1,2,2,3,0],13,10].
[[3,5,0,0,0,0,1,2,2],2,0].
[[2,8,1,0,0,0,1,1,2],36,6].
[[1,7,2,0,0,0,2,3,0],1,0].
[[2,8,1,1,1,2,1,2,0],20,2].
[[2,6,1,1,1,2,0,0,0],6,1].
[[3,3,1,1,1,2,0,0,0],7,0].
[[2,5,0,1,2,2,1,2,1],12,1].
[[3,4,2,1,2,0,2,2,0],40,2].
[[3,7,0,0,0,0,0,0,0],1,6].
[[3,5,0,1,1,0,1,2,1],4,6].
[[2,8,1,1,2,2,0,0,0],56,23].
[[3,7,2,1,1,0,0,0,0],5,0].
[[2,7,0,1,1,2,2,2,2],3,0].
[[1,4,2,1,2,0,2,2,2],15,0].
[[2,4,2,1,2,0,2,2,2],48,0].
[[3,3,1,1,2,2,0,0,0],19,2].
[[2,6,0,1,2,2,2,2,0],3,1].
[[1,9,2,1,2,2,2,1,1],14,7].
[[2,8,0,1,1,2,2,1,1],4,2].
[[3,6,0,1,1,2,2,1,1],1,0].
[[3,9,2,1,2,2,2,2,1],6,9].
[[1,8,0,0,0,0,2,3,0],34,27].
[[3,8,0,0,0,0,2,2,1],3,2].
[[2,7,1,1,2,2,2,2,1],18,5].
[[2,9,2,1,2,0,1,2,1],9,2].
[[3,8,0,1,2,0,1,2,1],8,4].
[[3,8,0,1,1,0,2,2,1],1,0].
[[3,6,0,1,2,2,1,2,1],0,2].
[[2,7,1,1,2,0,2,2,2],8,2].
[[3,8,1,1,1,2,2,1,1],9,4].
[[1,9,2,1,2,2,1,2,1],22,14].
[[2,8,0,1,2,0,2,3,1],2,7].
[[3,8,0,1,1,0,1,2,1],1,3].
[[3,8,0,0,0,0,2,3,1],5,6].
[[3,6,0,1,2,2,2,3,1],1,2].
[[3,6,1,1,2,2,2,2,2],20,0].
[[3,7,2,0,0,0,2,2,2],24,3].
[[3,8,1,1,2,0,2,1,2],20,5].
[[2,8,1,1,2,0,1,2,1],16,10].
[[1,8,1,0,0,0,2,1,0],38,5].
[[2,8,1,1,2,0,2,1,0],14,4].
[[2,9,2,1,2,0,1,2,2],21,30].
[[3,9,2,0,0,0,2,2,2],5,10].
[[2,8,1,0,0,0,1,1,1],8,3].
[[3,8,1,0,0,0,1,1,1],4,7].
[[3,7,1,0,0,0,2,2,0],8,7].
[[3,9,2,1,2,2,1,2,1],14,23].
[[3,7,2,0,0,0,1,1,2],10,4].
[[1,8,0,1,2,2,2,3,1],15,6].
[[3,7,1,1,1,2,2,3,1],37,5].
[[1,7,2,1,2,2,1,1,2],2,3].
[[2,8,1,0,0,0,2,1,1],27,10].
[[3,8,1,0,0,0,2,1,1],7,4].
[[2,9,2,1,2,0,2,2,1],7,2].
[[3,8,1,1,1,0,1,1,2],6,6].
[[1,8,1,1,2,0,2,3,0],12,2].
[[2,8,1,1,2,0,2,3,2],18,4].
[[2,7,2,1,2,0,0,0,0],16,1].
[[3,9,2,1,1,0,1,2,0],5,19].
[[1,6,1,0,0,0,2,3,2],7,0].
[[2,6,1,0,0,0,2,2,2],14,1].
[[3,6,1,1,2,0,2,2,2],14,1].
[[2,7,2,1,2,2,2,1,2],17,1].
[[3,7,2,1,1,2,2,1,2],14,0].
[[3,7,1,1,1,0,2,3,1],2,5].
[[1,7,1,0,0,0,2,1,1],4,0].
[[2,7,1,0,0,0,1,2,1],8,2].
[[2,9,2,0,0,0,2,1,0],10,21].
[[3,9,2,0,0,0,2,1,0],1,1].
[[3,8,0,1,2,0,2,3,2],6,7].
[[2,8,0,1,2,0,1,1,0],2,2].
[[3,8,0,1,2,0,1,1,0],3,9].
[[2,7,1,0,0,0,2,2,1],11,2].
[[3,7,1,0,0,0,2,2,1],8,7].
[[3,8,0,1,1,2,0,0,0],0,8].
[[1,6,1,0,0,0,2,2,2],10,0].
[[3,6,1,1,2,2,1,2,2],11,0].
[[3,3,2,1,2,0,0,0,0],5,0].
[[2,7,1,1,2,2,2,1,0],7,0].
[[3,7,0,1,1,2,2,2,0],4,8].
[[3,5,0,1,1,2,1,2,1],21,0].
[[3,8,0,1,2,0,2,2,0],4,19].
[[3,7,1,0,0,0,1,2,1],10,1].
[[3,8,1,0,0,0,1,1,2],22,4].
[[2,3,1,1,2,2,0,0,0],10,0].
[[3,3,1,1,2,2,2,3,2],6,0].
[[2,7,1,0,0,0,2,2,2],29,4].
[[2,9,2,0,0,0,2,1,1],3,5].
[[2,6,1,0,0,0,1,1,1],3,0].
[[3,3,1,0,0,0,1,1,1],1,0].
[[3,8,0,1,2,0,2,1,0],1,11].
[[1,8,0,1,1,2,1,2,1],1,0].
[[3,6,1,1,2,2,2,3,0],9,0].
[[3,8,1,1,2,0,1,2,0],39,13].
[[1,8,0,1,1,2,2,3,2],7,5].
[[2,8,0,1,1,2,2,3,2],12,9].
[[3,7,0,1,1,2,2,3,2],3,1].
[[1,6,0,0,0,0,2,1,2],0,1].
[[2,6,0,0,0,0,2,1,2],1,1].
[[3,6,0,0,0,0,2,1,2],1,1].
[[2,9,2,1,2,0,2,2,0],16,22].
[[1,6,1,1,2,2,2,2,2],5,0].
[[2,6,1,1,2,2,2,2,2],12,0].
[[3,3,1,1,2,2,2,2,2],16,0].
[[3,8,0,0,0,0,1,2,1],2,7].
[[1,8,1,0,0,0,2,1,1],47,11].
[[3,9,2,1,1,2,2,3,2],4,8].
[[3,7,0,1,2,2,1,2,2],4,6].
[[2,3,1,1,2,2,2,3,2],2,0].
[[3,3,1,1,2,2,1,2,2],2,0].
[[2,9,2,1,2,0,0,0,0],1,7].
[[3,7,1,1,1,2,1,2,0],18,1].
[[2,7,1,0,0,0,2,3,0],17,0].
[[2,3,1,0,0,0,0,0,0],13,0].
[[3,3,1,1,2,0,2,3,1],1,0].
[[2,7,1,1,2,2,1,1,2],7,1].
[[3,8,1,1,2,0,2,3,0],6,3].
[[3,9,2,0,0,0,2,2,0],1,12].
[[3,5,0,1,1,0,2,3,0],3,1].
[[1,8,0,1,1,2,2,2,0],12,4].
[[1,8,0,1,1,2,2,2,1],3,1].
[[1,4,2,1,2,0,1,2,0],5,0].
[[3,8,1,1,1,2,2,2,0],10,4].
[[3,3,1,1,2,0,0,0,0],6,0].
[[1,7,1,1,2,2,2,2,2],11,3].
[[3,3,1,1,1,2,2,2,2],3,0].
[[3,9,2,1,2,0,1,1,0],8,32].
[[3,3,1,1,2,0,2,2,1],2,0].
[[2,7,1,1,2,2,2,3,2],28,6].
[[1,8,1,1,1,2,1,2,2],6,0].
[[2,5,0,1,1,2,1,1,2],34,0].
[[3,9,2,1,2,2,2,3,2],2,15].
[[3,6,1,1,2,0,0,0,0],2,0].
[[2,8,1,1,1,2,2,1,0],11,2].
[[2,8,1,0,0,0,1,1,0],19,3].
[[3,7,2,1,2,0,1,1,0],3,0].
[[1,6,0,0,0,0,0,0,0],1,1].
[[2,6,0,0,0,0,2,2,2],1,1].
[[3,6,0,1,2,2,1,2,2],4,4].
[[3,9,2,1,1,2,2,1,1],1,2].
[[3,6,1,0,0,0,2,1,2],5,0].
[[3,3,1,0,0,0,2,2,1],1,0].
[[3,6,0,0,0,0,0,0,0],2,0].
[[2,6,1,0,0,0,2,3,1],8,1].
[[3,3,2,0,0,0,1,2,2],3,0].
[[2,8,0,0,0,0,2,1,1],2,4].
[[1,8,0,1,1,2,1,1,2],4,1].
[[3,6,1,1,2,0,1,2,2],3,0].
[[1,7,1,0,0,0,2,3,2],6,1].
[[2,9,2,1,1,0,2,3,0],0,9].
[[1,8,0,0,0,0,2,2,1],3,3].
[[3,8,0,1,2,2,1,1,1],3,2].
[[3,5,0,1,1,2,1,2,2],6,0].
[[1,5,0,1,2,2,1,1,2],17,0].
[[3,5,0,1,2,2,1,1,0],12,3].
[[3,9,2,1,1,0,1,1,0],2,11].
[[1,9,2,0,0,0,1,1,1],6,2].
[[2,5,0,0,0,0,1,1,1],1,0].
[[3,5,0,0,0,0,1,1,1],1,0].
[[3,7,1,1,2,0,2,3,2],13,6].
[[1,8,1,1,1,2,2,3,0],9,1].
[[3,7,1,1,2,2,2,1,1],25,5].
[[3,5,0,1,1,2,1,1,1],4,0].
[[3,9,2,1,1,0,2,1,1],0,1].
[[3,8,1,1,2,0,2,3,2],14,1].
[[1,8,0,1,2,2,2,1,1],5,4].
[[2,7,0,1,1,2,2,1,1],1,0].
[[3,7,0,1,1,2,1,2,1],1,0].
[[3,7,2,1,1,0,1,2,2],2,3].
[[2,9,2,1,1,2,2,2,1],11,5].
[[1,8,1,1,2,0,2,2,0],18,3].
[[2,7,2,0,0,0,1,1,2],9,4].
[[3,8,1,1,1,0,2,2,0],2,2].
[[3,8,0,1,2,2,2,1,1],5,4].
[[1,9,2,1,2,0,2,3,1],2,5].
[[2,9,2,1,2,0,2,3,1],6,9].
[[3,8,1,1,2,0,2,3,1],28,6].
[[2,8,1,1,1,2,2,3,2],29,3].
[[3,8,1,0,0,0,1,2,0],34,8].
[[1,8,1,1,2,0,1,2,0],3,1].
[[2,7,1,1,2,2,1,2,0],7,1].
[[2,8,1,1,2,0,1,2,0],17,4].
[[3,7,1,1,1,0,1,2,0],1,0].
[[2,8,1,1,2,0,1,1,0],3,5].
[[3,8,0,0,0,0,1,1,2],7,14].
[[3,6,1,1,2,2,2,2,1],8,1].
[[1,6,0,1,2,2,0,0,0],11,1].
[[3,5,0,0,0,0,2,2,0],2,0].
[[2,7,0,1,2,2,2,3,0],1,2].
[[3,8,0,0,0,0,2,1,2],4,7].
[[3,8,1,1,2,0,2,1,0],4,1].
[[2,8,0,0,0,0,2,1,0],9,7].
[[3,7,1,1,2,0,2,2,1],13,3].
[[2,7,1,0,0,0,1,1,1],2,1].
[[3,7,1,0,0,0,1,1,1],2,0].
[[1,7,2,1,2,0,2,1,2],2,0].
[[2,6,0,1,2,2,2,1,0],3,0].
[[3,6,0,1,2,2,2,1,0],3,1].
[[1,7,2,0,0,0,2,1,0],3,0].
[[2,7,2,1,2,0,2,3,0],2,0].
[[3,3,2,1,2,0,2,3,0],1,0].
[[2,7,1,0,0,0,2,2,0],5,4].
[[3,7,1,0,0,0,1,1,0],4,1].
[[1,5,0,0,0,0,2,3,0],2,0].
[[2,5,0,0,0,0,1,2,1],3,0].
[[3,6,1,0,0,0,1,1,1],1,0].
[[2,6,1,0,0,0,2,2,0],4,0].
[[3,6,1,0,0,0,2,2,0],4,0].
[[2,8,1,1,1,0,2,1,2],2,2].
[[2,8,0,0,0,0,1,2,2],22,18].
[[3,9,2,1,2,0,1,1,1],1,2].
[[3,7,2,1,2,0,0,0,0],9,0].
[[3,7,0,0,0,0,2,3,2],0,1].
[[2,6,0,1,1,2,0,0,0],3,3].
[[3,4,2,1,2,0,0,0,0],14,1].
[[3,9,2,0,0,0,1,1,2],4,16].
[[3,8,1,1,2,0,2,2,0],8,4].
[[2,7,1,1,2,0,2,1,2],3,1].
[[3,7,1,1,1,0,2,1,2],3,2].
[[1,3,2,0,0,0,0,0,0],5,0].
[[3,3,2,0,0,0,0,0,0],5,0].
[[3,7,2,1,2,2,1,2,0],11,0].
[[1,8,0,0,0,0,2,2,0],14,18].
[[3,8,0,1,2,0,2,1,1],1,2].
[[3,6,1,1,2,2,2,2,0],10,0].
[[2,3,2,0,0,0,2,2,2],3,0].
[[1,8,1,1,2,2,1,1,0],5,4].
[[3,6,1,1,2,2,1,1,0],2,1].
[[3,6,0,1,2,2,1,2,0],2,2].
[[1,8,0,1,1,2,1,2,2],2,1].
[[2,7,1,1,2,2,2,2,0],13,3].
[[2,8,0,0,0,0,1,1,0],7,5].
[[2,3,2,1,2,2,0,0,0],4,0].
[[3,3,2,1,1,2,0,0,0],1,0].
[[1,7,1,0,0,0,2,1,0],2,0].
[[3,7,1,1,2,2,1,2,0],30,1].
[[2,5,0,1,2,0,1,1,1],1,1].
[[2,7,1,0,0,0,2,3,2],15,7].
[[1,6,1,1,2,2,2,3,2],2,0].
[[2,3,2,1,2,2,2,3,2],2,0].
[[3,3,2,1,1,2,2,3,2],3,0].
[[3,7,2,1,1,2,0,0,0],8,0].
[[2,5,0,0,0,0,2,3,0],5,0].
[[3,5,0,1,2,0,2,3,0],7,1].
[[3,8,0,1,2,0,2,3,1],4,13].
[[2,7,0,0,0,0,0,0,0],1,8].
[[3,8,0,1,1,0,2,1,2],0,3].
[[1,7,2,1,2,2,1,2,2],3,0].
[[3,3,2,1,2,2,1,2,2],7,0].
[[2,8,1,1,1,0,2,2,0],2,0].
[[2,6,1,1,2,0,0,0,0],10,4].
[[1,8,0,1,1,2,2,1,0],8,1].
[[2,7,0,1,1,2,2,1,0],2,0].
[[1,8,1,1,1,2,2,2,0],11,2].
[[2,7,1,1,1,2,2,2,0],9,0].
[[3,3,1,1,1,2,2,2,0],1,0].
[[3,9,2,1,2,2,0,0,0],0,1].
[[2,6,1,1,2,2,2,3,2],10,0].
[[3,9,2,1,2,2,2,1,1],4,6].
[[1,5,0,1,2,2,2,3,0],3,1].
[[2,8,0,1,2,0,2,2,1],1,2].
[[3,6,0,1,2,0,2,2,1],0,1].
[[2,4,2,1,2,0,2,1,2],20,2].
[[2,4,2,1,2,0,2,2,0],31,1].
[[3,8,1,1,1,2,2,1,0],6,2].
[[1,7,1,1,2,2,1,2,2],1,0].
[[2,7,1,1,1,2,1,2,2],3,1].
[[3,3,1,1,1,2,1,2,2],2,0].
[[1,1,2,1,2,0,2,3,0],1,0].
[[2,1,2,1,2,0,1,2,1],1,0].
[[3,1,2,1,2,0,1,2,1],1,0].
[[2,7,0,0,0,0,2,2,0],1,2].
[[3,7,0,0,0,0,2,2,0],2,2].
[[1,5,0,0,0,0,1,2,1],2,0].
[[2,6,0,0,0,0,2,2,0],1,0].
[[3,6,0,0,0,0,2,2,0],2,0].
[[3,3,1,0,0,0,0,0,0],4,0].
[[2,3,1,1,2,2,2,2,2],6,0].
[[1,4,2,1,2,0,2,2,0],9,1].
[[2,7,0,1,2,2,0,0,0],10,6].
[[3,7,2,0,0,0,1,2,0],7,0].
[[3,7,1,1,2,0,2,3,0],16,4].
[[2,6,1,1,2,2,2,1,2],10,1].
[[1,8,1,1,1,2,2,1,2],12,6].
[[2,6,0,1,2,2,2,3,2],1,1].
[[3,6,0,1,1,2,1,2,2],0,2].
[[1,9,2,1,2,0,1,1,2],5,5].
[[2,9,2,1,1,0,1,1,2],1,6].
[[3,7,2,1,1,0,2,1,2],2,1].
[[3,7,1,1,2,0,2,1,1],9,2].
[[3,7,0,1,1,2,1,1,2],3,6].
[[2,7,1,0,0,0,1,1,2],4,3].
[[3,8,1,1,1,0,2,3,0],4,1].
[[2,8,0,1,1,2,1,1,0],9,7].
[[2,7,2,1,1,0,2,3,2],1,0].
[[3,7,2,1,1,0,1,2,0],2,0].
[[3,7,1,1,1,0,1,2,2],4,1].
[[1,8,0,1,2,2,1,1,0],1,2].
[[2,6,0,1,2,2,1,2,2],3,1].
[[2,8,0,1,2,2,2,1,1],6,7].
[[1,5,0,1,1,2,1,2,1],1,0].
[[2,5,0,1,1,2,1,2,1],5,0].
[[1,4,2,1,2,0,2,1,2],6,0].
[[3,7,1,0,0,0,1,2,0],8,0].
[[2,5,0,1,2,2,2,2,0],8,1].
[[2,6,1,1,2,2,2,3,1],6,1].
[[2,7,0,1,2,2,1,2,2],0,1].
[[2,7,1,1,1,2,2,3,2],5,1].
[[2,6,1,1,2,0,2,1,2],4,0].
[[3,6,1,1,1,0,1,1,2],1,1].
[[3,6,1,1,2,2,2,3,1],17,0].
[[3,7,2,1,1,0,2,2,0],1,2].
[[3,8,1,1,2,0,2,1,1],10,5].
[[1,8,0,0,0,0,1,2,0],6,5].
[[1,8,0,1,1,2,2,3,1],3,2].
[[2,8,0,1,1,2,2,3,1],20,13].
[[3,6,1,1,1,2,2,3,0],2,1].
[[2,8,0,0,0,0,2,1,2],13,16].
[[3,8,0,1,2,0,2,1,2],3,10].
[[3,7,0,1,2,2,2,2,0],14,8].
[[2,9,2,1,1,2,2,1,1],6,2].
[[2,8,0,1,2,0,2,3,2],2,8].
[[3,7,0,1,2,2,2,3,2],7,2].
[[3,7,0,1,2,0,2,3,2],1,1].
[[3,7,0,0,0,0,2,3,1],1,1].
[[3,7,0,0,0,0,1,2,2],2,2].
[[1,4,2,1,2,0,2,3,2],4,0].
[[1,8,1,1,2,0,1,1,2],0,2].
[[2,8,1,1,1,0,1,1,2],0,2].
[[3,7,0,1,1,2,2,1,0],5,2].
[[2,9,2,1,1,0,1,2,2],1,5].
[[3,7,2,1,1,0,2,2,2],4,5].
[[3,6,1,0,0,0,1,2,2],3,0].
[[2,7,1,1,2,2,2,1,1],16,2].
[[3,8,1,1,1,2,0,0,0],1,4].
[[3,8,0,0,0,0,0,0,0],0,3].
[[3,6,0,1,1,2,2,1,0],3,2].
[[2,6,1,0,0,0,2,3,0],8,0].
[[3,6,1,1,2,0,2,2,1],3,0].
[[1,8,1,1,2,2,1,1,1],7,1].
[[2,8,1,1,1,2,1,1,1],4,1].
[[3,6,1,1,1,0,0,0,0],1,1].
[[1,7,2,0,0,0,2,2,0],2,0].
[[2,7,2,0,0,0,2,2,0],3,1].
[[3,7,2,1,2,0,1,2,0],8,0].
[[3,7,0,0,0,0,1,2,0],2,1].
[[3,7,0,1,2,2,1,2,1],1,2].
[[3,6,0,1,1,2,2,2,2],2,3].
[[1,6,1,1,2,2,2,2,1],1,0].
[[2,6,1,1,2,2,2,2,1],7,0].
[[3,3,1,1,2,2,2,2,1],4,0].
[[3,7,0,1,2,0,2,3,0],2,1].
[[2,6,0,1,2,2,2,2,2],2,2].
[[3,7,0,1,2,0,2,2,0],0,2].
[[3,4,2,1,2,0,1,1,1],4,0].
[[2,7,0,1,1,2,2,3,2],0,1].
[[2,6,1,1,1,2,2,3,2],2,0].
[[3,6,1,1,1,2,2,1,2],6,0].
[[3,6,1,1,2,2,1,1,2],9,2].
[[3,6,1,1,2,2,1,1,1],1,2].
[[2,3,2,0,0,0,1,2,2],2,0].
[[3,3,2,1,2,0,1,2,2],2,0].
[[3,9,2,1,1,0,2,2,0],0,6].
[[3,9,2,0,0,0,1,1,1],2,0].
[[2,7,0,1,2,2,1,1,2],2,2].
[[3,3,2,1,1,2,2,2,2],1,0].
[[3,7,2,1,1,2,1,2,1],2,1].
[[3,3,1,1,1,2,2,3,2],2,0].
[[3,3,0,1,2,2,0,0,0],0,1].
[[2,7,1,0,0,0,2,1,1],7,1].
[[2,9,2,1,1,2,1,1,1],5,2].
[[3,9,2,1,1,2,1,1,1],6,3].
[[2,7,2,1,2,2,1,2,0],1,1].
[[3,6,1,0,0,0,2,2,2],5,2].
[[3,7,0,1,1,2,2,1,2],2,3].
[[3,9,2,1,2,0,2,2,0],0,6].
[[3,5,0,0,0,0,1,2,0],4,0].
[[1,8,0,0,0,0,2,1,1],2,4].
[[2,8,0,1,2,0,2,1,1],1,1].
[[3,8,0,1,1,0,2,1,1],0,1].
[[3,6,1,1,1,0,2,1,2],2,2].
[[1,7,2,1,2,0,2,3,0],1,0].
[[2,7,2,1,2,0,2,2,0],2,0].
[[3,6,1,1,2,2,2,1,0],2,0].
[[3,6,0,0,0,0,2,3,0],3,0].
[[3,8,0,0,0,0,2,1,1],2,3].
[[1,7,1,0,0,0,2,2,1],3,1].
[[2,6,1,0,0,0,2,3,2],8,1].
[[3,3,2,1,2,0,2,3,2],4,0].
[[2,8,1,1,1,0,2,3,2],0,3].
[[3,8,1,1,1,0,2,3,2],5,1].
[[2,6,1,0,0,0,1,1,2],6,0].
[[3,6,1,0,0,0,1,1,2],1,0].
[[3,7,2,1,1,2,2,3,2],6,2].
[[1,7,1,1,2,2,2,1,1],4,1].
[[3,3,1,1,2,2,2,1,1],6,0].
[[3,7,2,0,0,0,2,3,0],5,0].
[[2,8,1,1,1,0,2,3,0],3,2].
[[3,7,2,1,2,0,2,1,0],2,0].
[[3,7,1,1,1,0,2,3,0],2,1].
[[2,6,0,1,2,2,1,2,0],0,2].
[[3,7,0,1,1,2,2,1,1],0,4].
[[1,4,2,1,2,0,2,2,1],2,0].
[[3,8,0,1,1,0,0,0,0],0,2].
[[1,8,0,1,2,2,2,2,1],5,1].
[[2,7,1,1,2,0,2,3,0],4,1].
[[3,6,0,1,2,2,2,3,2],1,1].
[[3,6,1,0,0,0,2,3,1],10,0].
[[3,7,2,1,1,2,2,1,0],2,0].
[[3,7,1,0,0,0,2,1,1],4,0].
[[3,7,2,0,0,0,1,2,2],14,1].
[[3,7,1,1,2,0,0,0,0],10,2].
[[2,6,1,0,0,0,1,2,1],3,0].
[[3,6,1,1,2,2,1,2,1],6,1].
[[3,7,0,1,2,0,1,1,0],0,1].
[[2,7,1,0,0,0,1,2,2],9,3].
[[3,3,2,0,0,0,2,2,2],5,0].
[[3,9,2,1,1,0,2,1,0],0,3].
[[3,9,2,1,1,2,2,1,2],3,9].
[[2,8,0,1,2,0,2,2,0],2,5].
[[3,8,0,0,0,0,2,1,0],1,3].
[[3,7,1,1,1,0,2,2,2],1,4].
[[3,3,2,1,2,2,2,2,2],8,0].
[[3,7,1,1,1,0,0,0,0],1,5].
[[3,6,0,1,2,2,1,1,0],2,1].
[[3,6,0,1,1,2,2,3,1],1,1].
[[2,7,0,1,2,2,2,3,2],2,0].
[[3,7,1,1,2,0,1,1,1],1,2].
[[1,7,1,1,2,2,2,2,0],3,0].
[[3,9,2,0,0,0,2,3,1],2,6].
[[2,7,0,1,2,2,2,2,2],7,2].
[[2,6,1,1,2,2,2,3,0],3,0].
[[1,8,1,0,0,0,1,2,0],16,6].
[[1,8,1,1,2,0,2,1,1],6,0].
[[2,8,1,1,1,0,2,1,1],2,0].
[[1,3,2,0,0,0,2,3,2],1,0].
[[2,7,2,0,0,0,1,2,0],2,0].
[[3,7,2,0,0,0,1,1,0],3,0].
[[3,7,1,1,1,0,2,2,0],4,0].
[[3,8,1,0,0,0,2,1,0],2,1].
[[2,6,1,1,1,2,2,2,2],4,0].
[[2,7,0,1,2,2,2,1,0],1,0].
[[3,7,0,1,2,2,1,1,0],1,0].
[[3,8,0,1,2,0,0,0,0],0,6].
[[3,3,1,1,2,2,2,2,0],3,0].
[[3,8,0,1,2,0,2,2,1],7,3].
[[3,9,2,0,0,0,2,1,2],2,6].
[[3,3,1,1,2,2,1,2,0],2,0].
[[2,7,2,0,0,0,1,2,1],1,0].
[[3,3,2,0,0,0,1,2,1],1,0].
[[1,8,1,1,1,2,2,1,1],3,0].
[[2,7,1,1,1,2,2,1,1],2,1].
[[3,7,0,0,0,0,2,1,1],0,1].
[[3,7,2,1,2,0,2,2,0],4,0].
[[1,7,1,1,2,2,2,3,2],4,2].
[[3,6,1,0,0,0,0,0,0],3,0].
[[2,5,0,1,2,0,2,3,0],4,0].
[[1,4,2,1,2,0,1,1,2],8,0].
[[1,3,2,0,0,0,2,1,2],1,0].
[[2,3,2,1,2,0,2,1,2],2,0].
[[3,6,1,1,2,0,1,2,0],2,0].
[[2,8,0,1,2,0,1,1,2],5,3].
[[3,7,0,1,2,2,2,3,1],2,1].
[[1,7,2,1,2,2,2,1,2],2,4].
[[3,7,1,1,1,0,1,2,1],3,1].
[[3,9,2,1,1,0,2,3,0],0,7].
[[3,6,1,1,2,0,2,3,2],3,0].
[[3,3,1,1,2,2,2,3,0],5,0].
[[3,7,0,1,1,2,2,3,1],3,5].
[[3,7,2,1,1,0,2,3,2],2,0].
[[2,6,1,1,2,2,2,2,0],4,0].
[[2,7,2,1,1,2,0,0,0],4,0].
[[1,6,0,1,2,2,2,2,1],1,0].
[[2,6,0,1,1,2,2,2,1],1,0].
[[3,6,0,1,1,2,2,2,1],1,0].
[[2,7,2,1,2,2,2,3,1],3,0].
[[3,6,1,0,0,0,2,3,2],3,1].
[[2,7,2,1,1,2,2,3,2],1,0].
[[1,6,1,0,0,0,2,2,0],2,0].
[[2,3,2,1,2,0,2,2,2],3,0].
[[3,7,1,1,1,2,1,1,1],3,2].
[[3,5,0,1,1,2,2,2,0],9,1].
[[2,7,0,0,0,0,2,3,0],0,2].
[[3,7,0,0,0,0,2,3,0],2,4].
[[2,9,2,1,1,0,2,2,2],2,4].
[[2,7,1,0,0,0,2,1,0],4,0].
[[3,7,1,1,2,0,2,1,0],5,0].
[[3,7,2,0,0,0,2,2,0],3,0].
[[2,7,1,1,2,0,2,3,2],5,0].
[[1,8,1,1,2,0,1,1,0],4,0].
[[2,7,2,1,2,0,1,1,0],2,0].
[[2,8,1,1,1,2,1,1,0],6,0].
[[2,6,1,1,1,2,2,1,1],1,0].
[[3,6,1,1,1,2,2,1,1],2,0].
[[3,3,1,0,0,0,2,3,0],2,0].
[[3,8,1,1,1,0,1,1,1],3,1].
[[2,7,1,1,1,2,2,3,0],2,0].
[[2,7,2,1,2,2,2,2,0],3,0].
[[3,3,2,1,2,2,2,2,0],1,0].
[[2,8,1,1,1,0,1,2,1],1,1].
[[2,8,0,1,2,0,2,1,0],4,4].
[[1,5,0,1,2,2,1,2,0],2,0].
[[2,5,0,1,2,2,1,2,0],8,0].
[[3,7,2,0,0,0,2,3,1],2,0].
[[3,9,2,1,2,0,2,1,2],4,5].
[[3,3,2,1,2,2,2,1,2],3,0].
[[3,8,1,1,1,0,2,1,0],0,3].
[[3,3,1,0,0,0,2,2,2],2,0].
[[1,9,2,1,1,2,1,1,1],1,2].
[[2,8,0,1,2,0,2,1,2],3,3].
[[1,7,2,1,2,0,0,0,0],3,0].
[[3,6,0,1,2,2,2,1,2],1,3].
[[1,9,2,1,2,2,1,1,1],5,2].
[[3,8,1,1,1,0,2,3,1],8,3].
[[3,9,2,0,0,0,2,3,2],1,3].
[[3,6,1,1,1,0,2,3,0],2,2].
[[2,6,1,1,2,2,1,2,2],4,0].
[[3,3,1,1,2,0,1,1,2],1,0].
[[1,6,1,0,0,0,1,2,1],2,0].
[[2,6,1,1,2,0,1,2,1],2,0].
[[3,2,1,1,2,0,1,2,1],1,0].
[[2,6,0,0,0,0,2,3,2],1,1].
[[3,6,0,1,2,0,2,3,2],1,2].
[[3,5,0,0,0,0,1,1,0],1,1].
[[3,7,0,1,2,2,1,2,0],3,1].
[[1,7,2,1,2,0,1,2,2],1,1].
[[2,3,1,0,0,0,2,1,1],1,0].
[[1,5,0,1,2,2,2,2,0],4,0].
[[3,3,1,1,2,2,2,1,2],2,0].
[[1,5,0,1,1,2,1,1,2],3,0].
[[3,6,1,1,2,0,1,1,2],5,0].
[[2,3,2,0,0,0,2,3,2],1,0].
[[3,8,0,1,1,0,2,3,2],0,3].
[[1,6,1,0,0,0,2,1,1],3,0].
[[2,6,1,0,0,0,2,1,1],3,0].
[[3,6,1,0,0,0,2,1,1],2,0].
[[2,7,1,1,1,2,1,1,0],1,0].
[[1,8,1,1,1,2,2,1,0],2,1].
[[1,6,1,1,2,2,2,3,0],2,0].
[[2,6,1,1,2,2,1,2,0],2,0].
[[3,7,2,1,1,2,2,2,0],2,0].
[[2,5,0,1,2,0,1,2,0],1,0].
[[3,7,2,1,2,2,2,2,0],4,0].
[[3,7,1,1,1,0,2,3,2],2,0].
[[3,3,2,1,2,2,0,0,0],6,0].
[[3,6,0,0,0,0,1,1,2],1,0].
[[2,6,1,0,0,0,2,2,1],6,0].
[[3,8,1,1,1,0,0,0,0],0,1].
[[3,7,1,1,1,0,2,1,0],1,0].
[[2,5,0,1,1,2,2,2,0],5,0].
[[1,7,2,1,2,0,2,2,2],0,4].
[[3,8,0,1,1,0,1,1,2],0,4].
[[3,3,0,1,2,2,2,3,0],0,1].
[[3,6,1,1,1,2,2,3,2],3,0].
[[1,6,1,1,2,2,2,1,2],3,1].
[[2,6,1,1,1,2,2,1,2],2,0].
[[3,2,1,1,2,2,0,0,0],1,0].
[[2,6,1,1,2,2,2,1,1],3,0].
[[3,5,0,1,2,2,1,2,2],6,0].
[[1,8,1,1,2,0,1,2,1],3,1].
[[3,9,2,1,1,2,0,0,0],0,2].
[[3,7,1,1,1,0,2,1,1],2,0].
[[3,5,0,1,2,0,2,2,0],2,0].
[[2,7,0,0,0,0,1,2,2],0,1].
[[2,8,0,1,2,0,1,2,1],1,1].
[[3,8,0,1,1,0,2,3,0],0,9].
[[3,6,1,1,1,2,1,1,1],1,0].
[[2,8,0,0,0,0,2,2,1],7,1].
[[3,9,2,1,2,0,2,3,1],1,1].
[[3,6,1,1,2,0,2,1,1],3,0].
[[3,8,0,1,1,0,2,3,1],2,1].
[[2,7,2,1,2,0,1,1,2],2,3].
[[3,7,2,0,0,0,2,1,0],1,0].
[[1,5,0,1,2,0,2,3,0],2,0].
[[2,6,1,1,2,0,2,2,1],2,0].
[[2,6,0,0,0,0,0,0,0],2,4].
[[3,6,0,1,2,0,2,3,0],0,1].
[[3,6,1,1,1,2,2,3,1],2,0].
[[2,3,2,1,2,2,1,2,2],1,0].
[[2,5,0,1,2,2,1,1,1],5,0].
[[3,5,0,1,2,2,1,1,1],10,1].
[[3,5,0,0,0,0,2,3,0],5,0].
[[2,9,2,1,1,0,2,3,2],0,1].
[[3,7,0,1,2,0,1,2,2],0,1].
[[1,7,1,0,0,0,2,2,0],1,0].
[[2,3,1,0,0,0,2,2,0],1,0].
[[3,9,2,0,0,0,2,2,1],0,1].
[[3,6,1,1,2,0,1,2,1],4,1].
[[2,9,2,1,1,0,2,3,1],0,1].
[[3,3,2,1,2,2,1,1,2],3,0].
[[1,8,1,0,0,0,1,1,0],3,2].
[[2,3,2,1,2,2,2,2,2],3,0].
[[1,5,0,1,1,2,2,3,0],3,0].
[[1,6,1,0,0,0,2,2,1],6,0].
[[2,6,1,1,2,2,1,2,1],2,0].
[[3,6,0,0,0,0,2,2,2],1,0].
[[3,7,2,1,2,0,2,3,1],4,0].
[[2,7,0,0,0,0,2,1,2],1,0].
[[2,6,1,1,2,0,2,3,1],2,1].
[[1,3,2,0,0,0,1,2,2],1,0].
[[1,6,1,0,0,0,2,3,1],4,1].
[[3,8,0,1,1,0,2,1,0],0,3].
[[2,6,1,1,2,0,2,1,1],1,0].
[[3,3,2,1,2,0,1,1,2],2,0].
[[3,9,2,0,0,0,0,0,0],0,1].
[[2,7,1,1,2,0,2,3,1],1,2].
[[3,3,1,0,0,0,2,3,2],5,0].
[[3,6,1,1,1,0,2,2,2],2,0].
[[1,7,2,0,0,0,2,1,2],9,0].
[[3,3,2,1,1,0,1,2,2],2,0].
[[2,9,2,1,1,0,2,2,0],0,3].
[[3,8,0,1,1,0,2,2,0],0,2].
[[1,9,2,1,2,0,2,2,1],3,1].
[[3,3,1,1,1,2,1,1,2],1,0].
[[2,7,1,1,2,0,2,2,0],0,1].
[[3,7,1,1,2,0,1,1,0],1,1].
[[3,7,0,1,2,0,2,2,2],1,0].
[[2,9,2,1,2,2,1,1,1],5,0].
[[1,5,0,1,1,2,2,2,0],2,0].
[[3,9,2,0,0,0,2,1,1],0,1].
[[3,2,0,1,2,2,0,0,0],3,0].
[[2,7,2,1,2,2,2,1,0],1,0].
[[3,7,2,1,2,0,2,3,0],1,0].
[[3,9,2,1,2,0,2,3,2],1,1].
[[2,3,2,1,2,0,0,0,0],4,0].
[[3,8,1,1,1,0,1,1,0],0,2].
[[2,8,1,1,1,0,2,3,1],2,2].
[[3,4,0,1,2,0,1,2,0],0,1].
[[2,7,1,1,2,2,1,1,1],1,0].
[[3,3,2,1,1,0,2,3,2],1,0].
[[2,6,0,1,1,2,2,3,1],1,0].
[[1,8,0,1,1,2,2,1,1],2,1].
[[2,6,0,0,0,0,2,3,0],1,0].
[[3,6,0,0,0,0,1,2,0],1,0].
[[2,9,2,1,2,0,2,1,1],1,1].
[[3,3,2,1,1,0,2,1,2],1,0].
[[2,5,0,1,2,2,1,2,2],2,0].
[[3,3,2,1,2,0,2,3,1],2,0].
[[3,6,1,0,0,0,2,2,1],4,0].
[[1,8,0,0,0,0,1,2,1],0,1].
[[2,8,0,0,0,0,1,1,1],0,1].
[[3,7,2,0,0,0,1,2,1],2,1].
[[2,7,2,1,1,2,2,1,2],1,0].
[[3,7,0,0,0,0,1,1,0],1,0].
[[3,3,1,1,2,0,1,2,1],1,0].
[[1,7,1,1,2,2,2,1,0],1,0].
[[3,7,0,0,0,0,1,1,2],1,0].
[[3,3,1,1,2,0,2,2,2],2,0].
[[3,6,1,1,1,0,2,3,1],1,1].
[[1,6,1,0,0,0,2,3,0],3,0].
[[3,9,2,1,1,0,2,3,2],0,2].
[[3,3,2,0,0,0,2,1,2],3,0].
[[2,7,1,0,0,0,1,2,0],1,0].
[[3,7,0,0,0,0,2,1,2],1,1].
[[3,6,1,1,1,2,1,2,1],2,0].
[[2,7,1,1,1,2,2,2,1],2,0].
[[1,8,0,1,2,2,1,2,1],1,1].
[[1,4,2,1,2,0,1,1,0],2,0].
[[2,6,1,1,2,0,1,2,2],1,0].
[[1,7,2,0,0,0,1,2,1],1,0].
[[2,7,2,1,2,0,1,2,1],1,0].
[[2,6,1,1,1,2,2,3,1],1,0].
[[3,8,0,1,2,0,1,1,1],1,1].
[[2,7,1,1,1,2,1,2,0],1,1].
[[3,3,1,1,1,2,1,2,0],2,0].
[[3,6,0,1,1,2,1,1,0],1,0].
[[3,8,1,1,2,0,1,1,1],2,1].
[[3,6,0,1,1,2,2,1,2],3,1].
[[3,8,0,1,1,0,1,1,0],0,2].
[[2,6,1,1,2,2,1,1,2],2,0].
[[3,6,1,1,2,0,2,1,0],3,0].
[[2,6,1,0,0,0,2,1,0],2,0].
[[3,3,1,1,2,0,2,2,0],1,0].
[[2,7,0,0,0,0,1,1,2],1,0].
[[3,7,0,1,2,0,1,1,2],1,1].
[[3,8,1,1,2,2,0,0,0],0,6].
[[1,7,1,1,2,2,2,3,0],3,0].
[[3,3,1,1,1,2,2,1,2],1,0].
[[2,6,0,1,1,2,2,1,0],2,0].
[[3,3,1,1,1,2,1,2,1],1,0].
[[1,9,2,1,2,0,2,1,1],1,1].
[[2,6,1,1,2,2,2,1,0],1,0].
[[2,5,0,1,1,2,1,2,0],4,0].
[[1,5,0,1,1,2,1,2,0],1,0].
[[3,6,1,1,2,2,0,0,0],2,1].
[[3,3,1,0,0,0,2,1,0],1,0].
[[2,9,2,1,2,0,1,1,1],0,1].
[[1,7,2,1,2,0,2,3,2],2,0].
[[2,3,2,1,2,0,2,3,2],1,0].
[[1,8,1,1,2,0,1,1,1],1,1].
[[2,3,2,1,2,2,1,1,2],1,0].
[[2,5,0,0,0,0,1,2,0],4,0].
[[2,4,2,1,2,0,1,1,1],1,0].
[[3,6,1,0,0,0,1,2,1],3,1].
[[2,8,1,1,1,0,0,0,0],1,3].
[[1,8,1,1,1,2,1,2,0],0,2].
[[2,7,1,1,2,0,1,2,1],1,1].
[[1,8,1,1,1,2,1,1,1],2,0].
[[3,6,0,1,2,0,1,2,2],0,1].
[[2,6,1,1,2,0,2,2,0],1,0].
[[3,7,0,1,1,2,2,2,1],0,1].
[[2,6,1,0,0,0,1,2,2],2,0].
[[2,6,1,1,1,2,2,3,0],1,0].
[[3,5,0,1,1,0,1,1,1],1,0].
[[3,6,0,1,2,2,1,1,2],3,0].
[[2,6,0,1,2,2,2,1,2],1,1].
[[1,6,1,0,0,0,2,1,0],2,0].
[[3,3,1,1,2,2,2,1,0],1,0].
[[2,8,1,1,1,0,1,1,0],2,0].
[[3,7,1,1,1,0,1,1,0],2,0].
[[3,3,1,0,0,0,2,2,0],1,0].
[[3,1,2,1,2,0,1,1,1],1,0].
[[3,7,0,1,2,2,2,1,1],1,0].
[[3,4,0,1,2,0,1,1,2],0,1].
[[1,5,0,0,0,0,1,2,0],2,0].
[[2,5,0,1,1,0,1,1,2],0,1].
[[2,7,2,0,0,0,2,3,1],3,0].
[[2,7,1,1,2,2,1,1,0],1,0].
[[3,8,0,0,0,0,1,1,1],1,0].
[[3,9,2,1,2,0,0,0,0],0,1].
[[3,7,2,1,2,2,2,3,1],2,0].
[[3,6,0,1,2,2,2,1,1],1,0].
[[2,7,0,0,0,0,1,2,0],1,0].
[[3,2,1,0,0,0,0,0,0],1,0].
[[1,6,0,1,2,2,2,3,2],1,0].
[[3,7,0,1,2,0,1,2,0],0,1].
[[3,6,1,1,1,2,1,1,2],3,0].
[[2,5,0,1,2,0,1,2,2],1,0].
[[1,2,1,0,0,0,0,0,0],1,0].
[[2,2,1,0,0,0,0,0,0],1,0].
[[3,2,1,1,2,2,2,1,2],1,0].
[[2,9,2,1,1,0,2,1,0],0,2].
[[1,9,2,1,2,0,1,2,1],0,1].
[[2,9,2,1,1,0,1,2,1],0,1].
[[1,6,0,1,2,2,2,3,0],0,2].
[[1,7,2,1,2,2,1,2,1],1,0].
[[2,7,2,1,1,2,1,2,1],2,0].
[[3,3,1,1,1,2,2,3,1],1,0].
[[2,7,2,1,1,0,2,1,2],2,0].
[[3,5,0,1,1,0,1,2,2],1,0].
[[3,3,2,1,2,2,2,3,0],2,0].
[[2,7,2,1,1,0,2,2,2],0,1].
[[2,3,2,1,2,0,1,1,2],1,0].
[[3,3,2,1,1,0,1,1,2],1,0].
[[2,7,2,1,1,2,1,2,2],1,0].
[[3,4,0,1,2,0,2,3,2],0,1].
[[3,3,2,1,2,0,2,1,0],1,0].
[[2,5,0,1,2,0,1,2,1],2,0].
[[2,7,2,1,1,2,2,3,0],1,0].
[[3,3,1,1,1,2,2,3,0],2,0].
[[1,7,1,1,2,2,1,2,1],1,0].
[[2,7,1,1,1,2,1,2,1],1,0].
[[2,8,0,1,1,2,1,1,1],1,0].
[[2,7,0,1,2,2,2,2,0],0,1].
[[2,7,2,1,2,2,1,2,1],2,0].
[[2,6,0,1,1,2,2,1,2],1,0].
[[2,6,1,1,2,0,2,3,0],2,1].
[[3,6,0,1,2,0,2,2,2],1,0].
[[3,4,0,1,2,0,2,3,0],0,1].
[[3,7,2,1,1,0,2,3,0],0,1].
[[2,3,2,0,0,0,2,1,2],1,0].
[[2,7,0,1,2,2,2,3,1],2,0].
[[3,3,0,1,2,2,1,1,2],0,1].
[[3,7,0,1,2,2,2,2,1],0,1].
[[3,6,1,1,1,0,2,3,2],1,0].
[[3,6,1,0,0,0,2,1,0],1,0].
[[1,7,2,1,2,2,2,3,0],1,1].
[[2,7,2,1,2,2,2,3,0],1,1].
[[2,7,1,0,0,0,1,1,0],1,0].
[[2,7,2,1,2,0,2,3,1],1,0].
[[3,6,1,1,1,0,2,2,0],0,1].
[[2,7,0,1,1,2,2,2,1],1,0].
[[2,1,2,1,2,0,2,3,0],1,0].
[[3,1,2,1,2,0,2,3,0],1,0].
[[1,8,0,0,0,0,1,1,0],0,3].
[[1,3,2,0,0,0,2,2,2],1,0].
[[2,3,1,1,2,2,2,3,0],1,0].
[[3,7,0,0,0,0,2,1,0],0,1].
[[3,9,2,1,1,0,2,3,1],0,1].
[[3,8,1,0,0,0,0,0,0],0,1].
[[2,1,2,1,2,0,1,1,2],1,0].
[[3,3,1,0,0,0,2,3,1],1,0].
[[2,6,1,1,1,2,1,1,2],1,0].
[[3,4,0,1,2,0,2,2,2],0,1].
[[3,6,0,1,2,0,0,0,0],0,1].
