total_WL(11131,23624).
[[1,8,1,0,0,0,0,0,0],910,1105].
[[2,7,1,0,0,0,0,0,0],172,197].
[[3,7,1,0,0,0,0,0,0],33,48].
[[1,9,2,0,0,0,1,1,2],150,346].
[[2,9,1,1,2,0,1,1,2],9,59].
[[3,9,1,1,2,0,1,2,1],0,39].
[[1,9,2,1,1,1,2,3,0],35,73].
[[2,9,1,1,1,1,2,3,0],47,230].
[[3,4,1,1,2,0,2,3,0],71,34].
[[1,9,2,0,0,0,2,2,2],119,802].
[[2,9,1,1,2,1,1,1,2],46,275].
[[3,8,0,1,1,1,1,1,2],0,73].
[[1,9,2,1,2,1,2,2,0],156,587].
[[2,9,1,1,2,1,2,2,0],57,685].
[[3,8,0,1,2,1,2,2,0],0,604].
[[1,8,1,1,1,1,2,3,0],11,4].
[[2,8,1,1,1,1,2,1,0],18,20].
[[3,7,1,1,1,1,2,1,0],21,13].
[[1,8,1,0,0,0,2,2,2],425,343].
[[2,8,1,1,2,0,2,3,2],22,36].
[[3,7,1,1,1,0,2,3,2],3,4].
[[1,8,1,0,0,0,2,1,0],138,80].
[[2,8,1,1,2,1,2,1,0],103,90].
[[3,8,1,1,2,1,1,2,0],299,235].
[[1,9,2,0,0,0,0,0,0],209,1376].
[[2,9,1,1,2,0,2,2,0],13,163].
[[3,9,0,1,2,0,2,2,0],0,74].
[[1,9,2,0,0,0,2,3,0],375,1879].
[[2,9,1,1,2,1,2,3,0],69,969].
[[3,9,1,1,2,1,2,3,0],0,175].
[[1,8,0,1,2,1,2,2,0],16,68].
[[2,8,0,1,2,1,1,2,0],16,147].
[[3,8,0,1,2,1,1,1,0],0,246].
[[1,8,0,0,0,0,2,1,2],42,150].
[[2,8,0,0,0,0,2,1,2],11,126].
[[3,7,1,0,0,0,2,1,2],32,17].
[[2,5,0,1,2,1,2,3,0],39,2].
[[3,5,0,1,1,1,1,1,1],67,6].
[[1,8,1,1,2,1,2,2,2],150,119].
[[2,8,1,1,2,1,2,3,0],277,284].
[[3,7,1,1,1,1,2,3,0],51,38].
[[1,8,1,0,0,0,2,3,1],414,295].
[[2,7,1,0,0,0,2,3,1],88,42].
[[3,7,1,1,2,0,2,3,1],30,29].
[[1,9,2,1,2,1,2,1,0],57,268].
[[2,9,1,1,2,1,2,1,0],42,404].
[[3,8,0,1,2,1,2,1,0],0,312].
[[2,8,0,0,0,0,2,2,2],27,221].
[[3,7,0,0,0,0,2,2,2],0,22].
[[1,9,2,0,0,0,2,1,0],122,692].
[[3,9,0,1,2,1,1,2,0],0,679].
[[2,8,1,0,0,0,2,3,1],178,217].
[[3,8,1,1,2,1,1,2,1],170,197].
[[1,9,2,0,0,0,2,3,2],64,404].
[[2,9,1,1,2,1,1,2,2],64,412].
[[3,8,0,1,2,1,1,2,2],0,344].
[[2,8,0,0,0,0,2,3,0],71,510].
[[3,6,0,1,2,1,2,3,0],0,43].
[[1,9,2,1,2,1,2,3,1],57,288].
[[2,9,1,1,2,1,2,3,1],9,167].
[[3,9,0,1,2,1,2,2,0],0,176].
[[2,8,1,0,0,0,2,2,2],147,161].
[[3,8,1,1,2,1,2,2,0],181,311].
[[1,8,0,1,2,1,0,0,0],68,377].
[[2,8,0,1,2,1,2,1,2],15,122].
[[1,7,2,1,2,1,2,3,1],6,1].
[[2,7,2,1,2,1,2,3,0],30,2].
[[3,7,2,1,2,1,2,3,0],74,9].
[[3,7,1,1,2,0,2,3,0],69,45].
[[1,7,2,0,0,0,2,2,2],69,20].
[[2,3,2,0,0,0,2,2,2],11,2].
[[3,3,1,1,2,0,2,2,2],13,2].
[[1,8,1,1,2,1,2,1,2],97,56].
[[2,7,1,1,2,1,2,1,2],37,24].
[[3,7,1,1,2,1,2,1,2],86,60].
[[1,8,1,0,0,0,2,3,0],413,221].
[[2,7,2,0,0,0,2,3,0],41,1].
[[3,3,2,0,0,0,2,3,0],3,0].
[[1,9,2,0,0,0,2,1,1],16,44].
[[2,8,0,1,2,1,2,1,1],4,16].
[[3,8,0,1,2,1,2,1,1],0,9].
[[1,3,2,0,0,0,2,1,2],3,0].
[[2,3,2,0,0,0,2,1,2],6,0].
[[3,3,2,1,2,1,2,3,1],4,0].
[[1,8,0,0,0,0,0,0,0],183,1198].
[[2,6,0,0,0,0,0,0,0],6,57].
[[3,3,1,1,2,1,0,0,0],48,21].
[[2,8,1,1,2,0,2,3,0],82,117].
[[1,8,1,1,2,1,0,0,0],295,362].
[[2,8,1,1,2,1,2,2,0],225,213].
[[3,7,1,1,2,1,2,2,0],151,120].
[[1,9,2,0,0,0,2,2,0],296,1413].
[[2,9,1,1,2,1,1,2,0],71,667].
[[1,8,1,1,2,1,2,2,0],86,55].
[[2,8,1,0,0,0,2,3,0],397,327].
[[3,8,1,1,2,1,2,3,0],189,460].
[[1,6,1,0,0,0,0,0,0],207,24].
[[2,6,1,0,0,0,2,1,2],19,1].
[[3,6,1,1,2,1,1,1,2],18,3].
[[1,8,0,0,0,0,2,2,0],44,176].
[[3,8,0,1,2,1,1,2,0],0,553].
[[1,8,0,0,0,0,2,3,0],78,291].
[[3,7,0,1,2,1,2,3,0],0,100].
[[2,9,1,0,0,0,2,2,2],0,20].
[[3,9,1,1,2,1,1,1,2],0,200].
[[2,8,1,1,1,1,1,2,0],32,8].
[[3,7,1,1,1,1,1,2,0],32,13].
[[1,8,1,1,2,1,1,2,2],48,37].
[[2,8,1,1,2,1,1,2,2],120,102].
[[3,8,1,1,1,1,1,2,2],55,78].
[[2,8,1,1,2,1,0,0,0],76,161].
[[1,8,1,0,0,0,1,2,0],61,46].
[[2,7,1,0,0,0,1,2,0],10,5].
[[3,7,1,1,2,1,1,2,0],99,15].
[[2,9,1,1,2,0,2,1,0],6,96].
[[3,5,0,1,2,0,1,1,0],28,8].
[[3,5,0,1,2,1,2,3,0],70,4].
[[1,9,2,0,0,0,2,1,2],85,464].
[[3,6,0,1,2,1,2,1,2],0,11].
[[1,9,2,1,2,1,1,1,2],73,129].
[[2,8,1,1,1,1,1,1,2],21,14].
[[3,7,1,1,1,1,1,1,2],23,8].
[[1,9,2,1,1,1,2,2,0],27,52].
[[2,4,1,1,2,0,1,1,0],10,3].
[[3,4,1,1,2,0,1,1,0],37,18].
[[3,8,1,0,0,0,1,2,0],151,121].
[[1,6,0,0,0,0,0,0,0],14,42].
[[3,6,0,1,2,1,0,0,0],0,27].
[[1,8,1,1,1,1,0,0,0],31,24].
[[2,8,1,1,1,1,2,2,0],48,51].
[[3,8,1,1,1,1,2,2,0],64,101].
[[1,8,1,0,0,0,2,3,2],260,181].
[[3,8,1,1,2,0,1,2,2],58,80].
[[2,9,1,0,0,0,2,3,0],81,989].
[[3,9,0,0,0,0,1,2,0],0,280].
[[2,6,1,0,0,0,0,0,0],132,16].
[[3,6,1,1,2,1,0,0,0],29,1].
[[2,8,1,1,2,0,2,2,2],34,63].
[[3,8,1,1,2,0,2,3,1],19,44].
[[1,7,1,0,0,0,2,2,2],44,30].
[[3,7,0,1,2,0,2,3,1],0,7].
[[3,8,0,1,2,0,2,3,0],0,192].
[[1,8,1,1,2,0,1,2,2],8,6].
[[2,5,0,1,2,0,1,1,1],11,6].
[[3,5,0,1,2,0,1,2,1],56,4].
[[3,7,2,1,2,1,1,1,2],58,19].
[[1,9,2,1,2,1,2,3,2],27,196].
[[3,9,0,1,1,1,1,1,0],0,95].
[[2,8,1,0,0,0,2,1,0],131,108].
[[3,7,1,1,2,0,2,1,0],31,16].
[[1,8,1,0,0,0,2,2,0],257,154].
[[2,8,1,0,0,0,2,2,0],264,258].
[[3,8,1,1,2,0,2,2,0],62,125].
[[2,9,1,0,0,0,0,0,0],11,99].
[[3,8,0,0,0,0,0,0,0],0,29].
[[3,9,1,1,2,1,1,2,1],0,172].
[[1,9,2,0,0,0,1,2,0],145,558].
[[2,9,1,1,2,1,1,1,0],16,269].
[[3,9,0,1,2,1,1,1,0],0,289].
[[3,9,1,0,0,0,2,2,0],0,51].
[[1,8,1,1,2,1,2,3,2],81,57].
[[2,8,1,1,2,1,2,3,2],91,80].
[[3,8,1,1,2,1,1,2,2],166,190].
[[1,8,1,0,0,0,2,1,2],246,161].
[[2,8,1,1,2,1,2,1,2],99,66].
[[1,8,1,1,2,1,2,3,0],117,62].
[[3,7,2,1,2,1,2,1,0],26,1].
[[1,8,1,0,0,0,2,2,1],217,172].
[[2,8,1,0,0,0,2,2,1],85,121].
[[3,6,1,1,2,1,2,2,1],23,1].
[[1,9,2,1,2,1,0,0,0],90,613].
[[2,8,0,1,2,1,0,0,0],21,340].
[[3,8,0,1,1,1,2,3,0],0,264].
[[2,8,1,1,2,0,2,2,1],20,34].
[[1,9,2,1,2,1,2,3,0],201,804].
[[1,8,1,1,1,1,1,1,2],6,0].
[[2,7,1,1,1,1,1,1,2],5,1].
[[3,4,1,1,2,0,1,1,2],31,9].
[[2,8,1,0,0,0,2,1,1],17,35].
[[3,8,1,0,0,0,2,3,0],82,193].
[[3,9,1,1,1,1,2,2,0],0,56].
[[1,9,2,1,2,1,1,2,2],87,222].
[[2,8,0,1,2,1,1,2,2],30,170].
[[2,8,1,1,1,1,2,2,1],17,15].
[[3,8,1,1,1,1,2,2,1],6,29].
[[2,8,1,1,2,1,2,3,1],124,208].
[[1,9,2,0,0,0,2,3,1],137,697].
[[2,8,1,1,1,1,0,0,0],22,20].
[[3,7,1,1,1,1,0,0,0],12,24].
[[2,8,1,0,0,0,0,0,0],94,191].
[[3,6,1,0,0,0,0,0,0],15,3].
[[3,8,1,1,2,0,1,2,0],112,117].
[[1,9,2,1,2,1,1,2,1],21,80].
[[2,9,1,1,1,1,1,2,1],21,46].
[[3,9,1,1,1,1,1,2,1],0,55].
[[2,9,1,0,0,0,1,1,0],25,297].
[[1,9,2,1,2,0,1,2,1],4,13].
[[2,9,1,1,2,0,1,1,0],3,66].
[[2,8,0,1,2,1,2,3,2],7,105].
[[2,8,0,1,2,1,1,1,0],10,70].
[[3,7,1,1,1,1,1,1,0],3,4].
[[1,9,2,1,2,0,2,2,2],3,33].
[[3,9,0,1,1,0,1,1,0],0,21].
[[3,8,1,1,2,0,2,3,0],84,176].
[[2,7,1,1,2,1,2,3,0],52,22].
[[3,7,1,1,2,1,2,1,0],73,65].
[[2,8,0,1,2,1,2,2,0],35,332].
[[3,8,0,1,2,1,2,3,0],0,823].
[[3,8,0,1,2,1,2,3,1],0,154].
[[1,8,0,1,2,1,1,2,2],8,32].
[[2,8,0,1,2,1,1,2,1],6,44].
[[3,7,0,1,2,1,1,2,1],0,8].
[[1,8,0,0,0,0,2,2,2],54,295].
[[3,7,1,1,2,0,2,2,2],28,39].
[[3,8,1,1,2,1,2,1,0],104,158].
[[3,8,1,1,2,1,2,2,2],12,10].
[[2,9,1,0,0,0,2,2,0],71,741].
[[3,9,1,1,2,0,2,3,0],0,60].
[[3,7,1,1,2,1,2,3,1],97,122].
[[2,8,1,0,0,0,1,2,2],175,121].
[[3,5,0,0,0,0,1,1,1],71,5].
[[2,8,1,1,2,1,2,2,1],55,88].
[[3,7,1,1,2,1,2,2,1],39,53].
[[1,9,2,0,0,0,1,2,2],221,561].
[[3,7,1,0,0,0,1,2,2],61,36].
[[2,7,1,0,0,0,2,2,2],82,67].
[[3,7,1,0,0,0,1,1,2],42,17].
[[1,7,1,0,0,0,0,0,0],194,145].
[[3,8,1,0,0,0,2,1,0],40,81].
[[3,8,1,1,2,1,2,3,1],57,121].
[[3,5,0,0,0,0,1,2,1],73,3].
[[1,9,2,0,0,0,1,2,1],59,177].
[[2,9,1,1,2,1,1,2,1],34,231].
[[2,8,0,1,2,1,1,1,2],20,97].
[[3,8,1,1,2,0,1,1,2],41,48].
[[1,9,2,1,2,0,2,3,2],2,30].
[[2,8,0,1,2,0,2,3,2],1,21].
[[3,8,0,1,1,0,2,3,0],0,32].
[[3,9,0,1,2,1,2,1,0],0,130].
[[3,8,0,0,0,0,2,3,0],0,349].
[[3,9,1,1,1,1,1,2,0],0,111].
[[3,6,1,0,0,0,2,3,0],57,1].
[[3,8,0,0,0,0,2,2,0],0,251].
[[2,9,1,1,1,1,1,2,0],32,151].
[[3,4,1,1,2,0,1,2,0],98,33].
[[1,9,2,1,1,1,1,1,2],3,21].
[[2,9,1,1,1,1,1,1,2],25,46].
[[3,9,1,1,1,1,1,1,2],0,86].
[[1,8,1,0,0,0,1,2,2],146,83].
[[2,9,1,1,2,0,1,2,0],14,177].
[[3,9,0,1,1,0,1,2,0],0,41].
[[2,9,1,0,0,0,1,2,1],44,217].
[[3,8,0,0,0,0,1,2,1],0,85].
[[3,9,1,1,2,1,2,2,0],0,122].
[[1,9,2,1,2,1,2,2,2],58,319].
[[2,8,0,1,2,1,2,2,2],16,168].
[[2,6,1,0,0,0,1,2,2],15,2].
[[3,6,1,0,0,0,1,2,2],16,0].
[[2,8,0,0,0,0,1,2,1],12,49].
[[3,7,1,0,0,0,1,2,1],55,17].
[[1,9,2,1,2,0,2,2,1],0,19].
[[2,9,1,1,2,0,1,2,1],3,41].
[[3,8,0,1,2,0,1,2,1],0,52].
[[1,8,1,0,0,0,1,1,1],25,28].
[[2,8,1,0,0,0,1,1,1],37,38].
[[3,8,1,1,2,1,1,1,0],92,134].
[[1,7,1,0,0,0,2,3,1],26,12].
[[1,9,2,0,0,0,2,2,1],69,319].
[[3,8,1,1,2,1,2,2,1],27,52].
[[2,4,1,1,2,0,2,3,0],18,9].
[[2,7,2,1,2,0,1,2,2],11,3].
[[3,7,1,1,2,0,1,2,2],23,32].
[[2,8,1,1,2,1,2,2,2],116,140].
[[3,8,1,1,1,1,1,2,1],62,67].
[[3,9,0,1,2,1,1,2,2],0,173].
[[2,7,2,1,1,1,1,1,2],5,1].
[[2,8,0,0,0,0,2,3,2],18,99].
[[3,7,0,1,2,1,2,3,2],0,24].
[[2,9,1,0,0,0,1,2,2],70,370].
[[3,9,0,1,2,1,1,1,1],0,32].
[[1,8,0,0,0,0,2,3,2],36,156].
[[2,8,1,0,0,0,1,2,0],179,91].
[[1,9,2,1,2,1,1,2,0],73,243].
[[3,9,0,1,2,0,2,3,0],0,68].
[[3,8,0,1,2,0,1,2,0],0,146].
[[2,8,0,0,0,0,2,2,0],40,365].
[[3,7,1,1,2,0,2,2,0],41,45].
[[2,7,1,0,0,0,2,2,1],35,29].
[[3,7,1,1,2,1,1,2,1],114,43].
[[3,7,1,1,2,1,2,2,2],100,70].
[[1,8,0,1,2,1,2,1,2],16,46].
[[1,9,2,1,1,1,2,3,2],15,16].
[[2,4,1,1,2,0,2,2,0],15,6].
[[3,4,1,1,2,0,1,2,2],37,17].
[[2,7,1,0,0,0,2,3,0],73,34].
[[3,7,1,1,2,1,2,3,0],233,143].
[[1,8,1,1,2,0,0,0,0],48,65].
[[2,8,1,1,1,0,2,3,0],4,5].
[[3,7,1,1,1,0,2,3,0],5,13].
[[2,8,1,0,0,0,2,3,2],92,94].
[[3,8,0,1,1,1,1,2,0],0,205].
[[3,8,1,1,2,0,2,1,0],23,55].
[[2,7,2,0,0,0,1,2,2],42,12].
[[3,7,2,0,0,0,1,2,0],20,1].
[[2,8,1,1,2,1,1,1,0],33,50].
[[2,9,1,1,1,1,2,1,0],19,77].
[[3,4,1,1,2,0,2,1,0],25,15].
[[3,7,1,1,2,1,0,0,0],79,91].
[[1,8,1,1,2,1,2,3,1],111,93].
[[2,8,1,1,2,1,1,2,1],134,91].
[[2,7,1,1,2,0,2,1,2],6,7].
[[3,7,1,1,2,0,2,1,2],29,19].
[[2,8,0,1,1,1,2,3,1],6,24].
[[3,6,1,1,2,0,2,3,0],38,2].
[[1,8,1,1,2,1,2,1,0],43,31].
[[2,7,1,1,2,1,2,1,0],25,10].
[[2,8,1,0,0,0,1,1,2],109,79].
[[3,6,1,0,0,0,2,3,2],13,0].
[[2,8,1,1,2,1,1,2,0],138,68].
[[3,8,1,1,1,1,1,2,0],89,89].
[[3,9,0,1,1,1,2,1,0],0,53].
[[2,8,0,1,2,1,2,3,0],53,498].
[[3,7,0,1,1,1,2,3,0],0,21].
[[2,7,0,1,2,1,0,0,0],0,39].
[[3,7,0,1,2,1,2,1,0],0,31].
[[2,5,0,1,2,1,2,2,0],33,2].
[[3,5,0,1,2,1,2,2,0],61,2].
[[3,8,1,0,0,0,1,1,0],42,68].
[[1,8,1,1,2,0,2,1,1],6,5].
[[2,8,1,1,1,0,2,2,0],4,9].
[[3,4,0,1,2,0,1,2,1],0,2].
[[3,6,1,1,2,1,2,1,0],30,0].
[[1,8,1,1,2,1,1,1,2],32,20].
[[2,8,1,1,2,1,1,1,2],93,65].
[[1,6,1,0,0,0,2,1,2],16,3].
[[2,6,1,1,2,1,1,1,2],9,1].
[[3,6,1,1,1,1,1,1,2],8,1].
[[1,9,2,1,2,0,2,3,0],17,85].
[[3,9,0,1,2,0,1,2,0],0,201].
[[3,8,0,1,2,1,1,2,1],0,226].
[[1,8,1,1,2,0,2,3,1],17,22].
[[2,8,1,1,2,0,1,2,1],34,26].
[[3,8,0,0,0,0,1,2,2],0,160].
[[3,7,1,1,2,1,1,1,0],42,25].
[[2,9,1,0,0,0,1,1,1],6,42].
[[3,8,1,1,2,1,1,1,1],35,46].
[[3,7,2,1,2,0,1,2,2],42,6].
[[2,8,0,1,2,1,2,1,0],18,165].
[[1,8,0,1,2,1,2,3,1],12,40].
[[3,7,1,1,2,1,1,2,2],99,65].
[[2,8,1,1,2,0,2,1,0],29,31].
[[1,9,2,1,2,0,2,1,0],2,29].
[[3,5,0,1,2,1,1,1,2],135,4].
[[1,8,1,1,1,1,2,3,1],9,7].
[[2,8,0,0,0,0,1,1,2],29,107].
[[3,8,0,0,0,0,1,1,2],0,94].
[[3,9,1,0,0,0,1,2,2],0,52].
[[2,9,1,1,2,0,2,3,0],16,242].
[[1,9,2,1,2,1,2,2,1],24,151].
[[2,9,1,1,2,1,2,2,1],7,107].
[[3,8,0,1,2,1,2,2,1],0,78].
[[3,5,0,1,2,1,1,2,0],103,9].
[[2,9,1,0,0,0,1,1,2],58,207].
[[3,9,1,0,0,0,1,1,2],0,69].
[[3,8,1,0,0,0,1,2,2],80,85].
[[2,8,1,1,1,1,2,3,2],16,15].
[[3,8,1,1,1,1,2,3,0],69,171].
[[2,7,2,1,2,1,0,0,0],65,16].
[[3,3,2,1,2,1,0,0,0],20,0].
[[1,8,0,0,0,0,2,1,0],28,96].
[[3,6,0,1,2,1,1,1,0],0,9].
[[2,8,0,1,2,0,2,2,0],5,54].
[[3,8,0,1,2,0,2,2,0],0,184].
[[3,5,0,1,2,1,1,1,1],206,23].
[[2,8,0,1,2,1,2,3,1],18,156].
[[3,6,0,1,2,1,2,3,1],0,24].
[[2,7,2,1,2,1,2,1,2],28,3].
[[2,9,1,0,0,0,2,3,2],0,24].
[[3,8,0,1,2,0,2,3,2],0,3].
[[1,9,2,0,0,0,1,1,1],11,41].
[[2,9,1,1,2,1,1,1,1],6,33].
[[3,8,0,1,2,1,1,1,1],0,38].
[[3,5,0,1,2,1,1,2,1],147,2].
[[2,9,1,1,2,1,0,0,0],3,96].
[[3,8,0,1,2,1,0,0,0],0,80].
[[1,7,2,1,2,1,0,0,0],40,9].
[[2,7,2,1,2,1,2,2,2],48,17].
[[3,7,2,1,2,1,2,3,1],42,9].
[[3,9,0,0,0,0,2,3,0],0,65].
[[3,8,1,0,0,0,2,2,0],81,139].
[[3,8,1,1,2,0,1,1,1],14,25].
[[3,6,0,0,0,0,2,3,0],0,34].
[[1,9,2,1,1,1,1,2,2],13,18].
[[3,8,0,1,1,1,1,2,1],0,58].
[[3,8,1,1,2,0,2,2,1],7,28].
[[3,7,0,1,2,1,2,2,0],0,58].
[[2,8,1,1,2,0,2,3,1],42,61].
[[1,9,2,0,0,0,1,1,0],35,235].
[[2,8,1,0,0,0,1,1,0],47,52].
[[1,8,1,0,0,0,2,1,1],76,63].
[[2,8,1,1,2,1,1,1,1],12,26].
[[3,8,1,1,1,0,1,1,0],4,13].
[[2,4,1,1,2,0,1,2,2],3,4].
[[2,6,1,0,0,0,2,3,0],38,1].
[[3,6,1,1,2,0,1,2,0],6,1].
[[3,8,0,1,1,1,2,2,1],0,31].
[[3,7,1,0,0,0,1,1,0],19,7].
[[2,8,0,0,0,0,1,2,2],30,182].
[[2,7,1,0,0,0,2,2,0],50,22].
[[3,3,1,0,0,0,2,2,0],10,0].
[[2,8,0,1,2,1,2,2,1],8,91].
[[3,7,1,1,2,1,1,1,2],61,41].
[[2,6,1,1,2,1,0,0,0],72,3].
[[3,6,1,1,2,1,2,2,0],50,6].
[[1,8,0,0,0,0,2,3,1],26,118].
[[2,8,0,0,0,0,2,3,1],18,197].
[[3,6,0,0,0,0,2,3,1],0,10].
[[3,3,1,1,2,1,2,2,1],9,2].
[[2,9,1,1,2,1,2,3,2],3,24].
[[3,9,0,1,1,1,2,2,0],0,91].
[[3,8,0,1,2,1,1,1,2],0,217].
[[3,8,1,1,2,0,1,2,1],71,72].
[[3,7,2,0,0,0,2,3,0],51,4].
[[2,8,1,0,0,0,1,2,1],155,107].
[[1,7,2,0,0,0,2,1,0],4,0].
[[2,7,2,1,2,0,1,2,0],3,1].
[[3,3,2,1,1,0,1,2,0],1,0].
[[3,9,1,1,2,0,2,2,0],0,32].
[[3,7,1,1,2,1,2,1,1],0,20].
[[1,9,2,1,2,0,1,2,2],9,24].
[[2,9,1,1,2,0,1,2,2],13,84].
[[3,9,0,1,1,0,1,2,2],0,11].
[[2,6,1,1,2,0,2,1,2],0,2].
[[3,6,1,1,1,0,2,3,1],0,3].
[[3,9,0,1,2,0,1,2,1],0,21].
[[2,8,0,1,2,0,2,2,2],3,25].
[[2,9,1,0,0,0,2,2,1],5,97].
[[2,7,2,0,0,0,1,1,2],28,17].
[[3,7,2,1,2,0,1,1,2],18,12].
[[3,8,0,1,2,0,1,1,2],0,65].
[[3,9,0,0,0,0,1,1,1],0,17].
[[2,7,1,1,1,1,2,3,1],4,7].
[[3,4,1,1,2,0,1,2,1],42,12].
[[3,7,1,1,1,1,2,2,0],36,40].
[[3,9,0,1,2,1,2,3,0],0,221].
[[3,3,1,1,2,1,2,3,1],15,7].
[[2,8,1,1,2,0,2,2,0],70,87].
[[1,8,1,0,0,0,1,2,1],104,53].
[[3,7,1,1,2,0,1,2,1],32,15].
[[3,7,2,1,1,1,0,0,0],6,2].
[[3,8,0,1,2,1,2,3,2],0,23].
[[3,9,1,1,2,0,1,2,0],0,68].
[[2,7,1,0,0,0,2,1,2],61,28].
[[3,7,1,1,2,0,2,2,1],16,16].
[[2,9,1,1,1,1,0,0,0],5,25].
[[2,7,1,1,2,1,2,3,2],46,31].
[[3,7,1,1,1,1,2,3,2],18,12].
[[1,9,2,1,2,0,1,2,0],2,30].
[[1,7,1,1,2,1,2,3,1],5,3].
[[3,7,1,1,1,1,2,3,1],28,38].
[[2,7,1,1,2,0,2,3,1],10,9].
[[3,9,0,1,1,1,1,2,0],0,278].
[[3,8,0,1,1,1,2,2,0],0,185].
[[3,9,1,1,1,1,2,3,0],0,78].
[[2,9,1,0,0,0,2,1,0],41,382].
[[3,9,0,1,2,0,1,2,2],0,49].
[[3,6,1,1,2,0,0,0,0],11,2].
[[3,9,1,1,2,1,1,2,0],0,276].
[[3,9,0,0,0,0,1,1,0],0,110].
[[1,8,1,0,0,0,1,1,2],86,65].
[[3,8,1,1,1,1,1,1,2],32,43].
[[2,7,1,1,2,1,2,3,1],37,43].
[[1,8,0,1,2,1,2,2,2],21,92].
[[2,7,1,1,2,1,2,2,2],67,47].
[[2,8,1,1,1,1,2,3,0],69,54].
[[2,8,0,1,2,0,2,1,2],1,17].
[[3,7,0,1,2,1,2,3,1],1,38].
[[2,8,0,0,0,0,0,0,0],24,377].
[[3,7,0,0,0,0,0,0,0],0,38].
[[3,7,1,0,0,0,2,2,2],54,39].
[[3,8,1,0,0,0,1,2,1],69,85].
[[3,8,1,1,1,0,1,2,2],9,27].
[[1,9,2,1,1,1,2,1,0],8,29].
[[2,9,1,1,1,1,1,1,0],15,56].
[[3,9,1,1,1,1,1,1,0],0,38].
[[1,5,0,0,0,0,1,1,2],33,3].
[[2,5,0,1,2,1,1,1,2],57,5].
[[3,7,0,1,2,1,1,1,2],0,23].
[[3,7,0,1,1,1,0,0,0],0,15].
[[2,8,1,1,2,0,1,2,0],35,22].
[[3,8,1,1,2,0,1,1,0],36,52].
[[3,9,1,1,2,0,1,1,2],0,59].
[[1,8,1,1,2,1,1,2,0],22,10].
[[3,8,1,1,1,1,2,3,1],12,34].
[[1,8,0,1,2,1,1,2,0],1,15].
[[1,8,1,1,2,0,1,2,1],6,5].
[[3,7,2,1,1,0,1,2,1],2,1].
[[1,7,2,0,0,0,2,3,0],20,1].
[[3,7,1,0,0,0,2,3,0],118,70].
[[2,7,2,1,2,0,0,0,0],24,9].
[[3,7,2,1,2,1,2,3,2],39,5].
[[3,8,0,1,2,0,2,3,1],0,42].
[[3,9,1,0,0,0,1,2,0],0,102].
[[2,7,1,1,2,1,0,0,0],128,132].
[[3,5,0,1,2,1,1,1,0],49,24].
[[2,9,1,0,0,0,1,2,0],89,620].
[[2,6,1,0,0,0,2,2,0],29,1].
[[1,7,2,0,0,0,0,0,0],189,34].
[[2,7,2,0,0,0,2,3,1],33,12].
[[3,7,2,1,2,1,1,2,1],39,10].
[[2,9,1,1,2,0,0,0,0],1,32].
[[3,9,0,0,0,0,2,1,0],0,52].
[[2,6,1,1,2,1,2,3,1],33,3].
[[3,8,0,1,1,1,1,1,0],0,81].
[[2,5,0,1,2,1,1,1,1],79,9].
[[1,8,1,1,1,1,1,2,2],0,4].
[[3,7,2,1,2,0,2,3,0],26,7].
[[3,6,0,1,2,1,2,2,2],0,19].
[[3,6,1,1,2,1,2,3,0],68,0].
[[2,3,1,0,0,0,2,3,1],5,0].
[[3,3,1,1,2,1,1,2,1],9,0].
[[1,5,0,0,0,0,2,2,0],23,0].
[[1,9,2,1,2,1,2,1,1],4,21].
[[3,8,0,1,1,1,2,1,0],0,98].
[[1,8,1,1,2,0,2,3,0],18,13].
[[2,8,1,1,1,0,1,2,0],1,2].
[[3,8,1,1,1,0,1,2,0],13,34].
[[3,7,2,1,2,1,1,2,2],77,11].
[[2,9,1,1,1,1,2,2,0],48,139].
[[1,8,0,0,0,0,1,2,2],32,70].
[[3,7,0,1,2,1,1,2,2],0,32].
[[3,7,2,1,1,1,2,1,0],6,0].
[[3,4,1,1,2,0,2,2,0],52,22].
[[3,7,1,1,2,1,2,3,2],79,43].
[[1,9,2,1,2,0,0,0,0],7,78].
[[3,9,0,1,2,0,2,1,0],0,35].
[[2,7,1,0,0,0,1,2,1],26,9].
[[3,7,2,0,0,0,2,1,0],15,0].
[[1,8,0,1,2,1,2,1,0],6,32].
[[2,7,1,1,1,1,2,2,2],5,6].
[[3,4,1,1,2,0,2,2,2],5,2].
[[2,7,1,1,2,1,1,2,1],18,7].
[[3,7,0,1,2,0,2,1,2],0,4].
[[3,7,1,1,1,1,1,2,2],20,21].
[[2,7,2,1,1,1,2,2,0],3,0].
[[3,7,2,1,1,1,2,2,0],23,1].
[[2,5,0,1,2,1,1,2,1],50,3].
[[1,6,1,0,0,0,2,3,2],22,1].
[[2,3,2,0,0,0,2,3,2],8,0].
[[3,3,2,0,0,0,2,3,1],5,0].
[[3,5,0,1,1,0,1,2,1],7,6].
[[2,7,2,1,2,0,2,3,0],11,2].
[[3,3,2,1,2,0,2,3,0],6,0].
[[2,9,1,0,0,0,2,1,2],4,30].
[[3,8,0,0,0,0,2,1,2],0,18].
[[2,7,1,1,2,1,1,1,2],13,8].
[[3,9,1,1,2,1,0,0,0],0,16].
[[1,9,2,1,2,1,1,1,0],18,100].
[[1,6,0,0,0,0,2,3,2],0,6].
[[2,6,0,1,2,1,2,3,2],0,4].
[[3,6,0,1,1,1,1,2,2],0,4].
[[2,8,0,0,0,0,2,1,0],23,211].
[[2,9,1,1,2,1,2,1,2],0,33].
[[3,7,0,1,2,1,0,0,0],1,76].
[[2,9,1,1,2,0,2,1,2],0,9].
[[1,9,2,1,1,1,2,1,2],6,17].
[[3,9,1,1,1,1,1,2,2],0,48].
[[2,9,1,1,1,0,0,0,0],0,3].
[[3,8,0,1,1,0,0,0,0],0,2].
[[3,7,0,0,0,0,2,3,0],0,31].
[[1,9,2,1,1,1,2,2,2],7,26].
[[2,8,0,1,1,1,2,2,2],4,30].
[[2,7,0,0,0,0,1,2,2],0,2].
[[3,7,0,0,0,0,1,2,2],0,17].
[[3,8,1,1,1,1,1,1,0],26,47].
[[3,7,1,0,0,0,2,2,0],71,55].
[[1,9,2,1,2,1,2,1,2],46,210].
[[3,7,1,1,1,1,2,1,2],13,13].
[[3,9,0,1,1,1,2,3,0],0,83].
[[2,7,2,0,0,0,0,0,0],123,16].
[[3,7,2,1,2,0,0,0,0],9,2].
[[2,8,1,0,0,0,2,1,2],120,104].
[[3,5,0,1,1,1,1,1,0],22,6].
[[2,7,1,0,0,0,1,2,2],32,18].
[[3,3,1,1,2,1,1,2,2],12,0].
[[3,8,1,0,0,0,2,3,1],28,45].
[[2,8,1,1,1,1,1,2,2],36,27].
[[2,8,0,1,2,0,2,1,0],2,26].
[[3,8,0,1,2,0,2,1,0],0,88].
[[2,7,2,1,2,1,1,1,2],20,8].
[[3,4,1,1,2,0,1,1,1],14,5].
[[3,5,0,1,1,1,1,1,2],40,2].
[[3,7,2,0,0,0,1,2,2],49,8].
[[2,3,2,0,0,0,0,0,0],34,1].
[[3,3,2,0,0,0,0,0,0],21,0].
[[2,8,0,1,2,0,1,2,2],1,19].
[[3,8,0,1,2,0,1,2,2],0,95].
[[3,8,0,0,0,0,1,2,0],0,212].
[[1,9,2,1,2,0,1,1,2],4,16].
[[2,9,1,1,1,0,1,1,2],0,6].
[[3,8,0,1,1,0,1,1,2],0,5].
[[3,7,2,1,2,0,2,2,0],20,1].
[[2,7,2,1,2,1,1,1,1],1,6].
[[3,7,2,1,1,1,1,1,1],0,5].
[[2,8,0,0,0,0,1,2,0],25,154].
[[2,8,1,1,2,0,0,0,0],17,52].
[[3,7,1,1,2,0,0,0,0],22,37].
[[3,3,2,1,2,1,2,2,2],13,0].
[[3,7,2,0,0,0,1,2,1],16,5].
[[3,6,1,0,0,0,2,1,0],21,2].
[[2,8,0,1,1,1,2,3,2],3,18].
[[3,8,0,1,1,1,1,2,2],0,115].
[[3,8,0,1,1,1,2,3,1],0,41].
[[2,7,1,1,2,0,0,0,0],29,43].
[[2,9,1,1,1,1,2,2,1],2,25].
[[3,9,0,1,1,1,1,2,1],0,37].
[[2,8,0,1,1,1,1,1,0],0,7].
[[2,6,1,0,0,0,2,2,2],51,2].
[[3,6,1,1,2,1,2,2,2],30,2].
[[3,8,1,1,2,1,1,1,2],116,125].
[[3,8,1,1,2,1,2,1,2],11,11].
[[3,6,1,1,1,1,2,3,0],17,5].
[[2,7,2,0,0,0,2,3,2],45,1].
[[3,8,1,0,0,0,2,1,2],9,11].
[[2,9,1,1,1,1,2,3,1],11,33].
[[2,8,1,1,2,0,2,1,1],4,15].
[[3,7,2,1,1,0,1,2,2],5,6].
[[2,7,0,0,0,0,0,0,0],0,42].
[[2,6,1,1,2,0,0,0,0],21,2].
[[3,3,1,1,2,0,0,0,0],16,5].
[[2,8,1,1,1,1,2,1,2],16,6].
[[3,4,1,1,2,0,2,1,2],6,2].
[[3,9,0,1,2,1,1,2,1],0,124].
[[2,8,1,1,2,0,1,1,2],23,32].
[[2,8,1,1,1,1,2,3,1],31,32].
[[1,9,2,1,1,1,0,0,0],25,59].
[[3,9,0,1,1,1,1,1,1],0,14].
[[3,8,0,0,0,0,2,1,0],0,138].
[[3,9,0,1,1,1,1,2,2],0,73].
[[3,7,1,0,0,0,1,2,0],56,11].
[[3,8,1,1,1,0,2,2,0],7,33].
[[2,5,0,1,2,1,1,2,0],26,4].
[[2,5,0,0,0,0,1,2,0],17,3].
[[3,5,0,0,0,0,1,2,0],35,1].
[[3,7,1,0,0,0,2,2,1],23,27].
[[1,8,1,1,2,1,2,1,1],28,17].
[[3,8,1,1,1,1,1,1,1],14,14].
[[3,7,2,1,2,1,2,2,2],34,10].
[[2,8,0,1,2,0,2,3,0],10,70].
[[3,6,0,1,2,0,2,3,0],0,8].
[[1,8,0,1,2,1,2,3,0],19,79].
[[2,7,1,1,2,1,1,2,2],16,17].
[[2,7,1,0,0,0,2,3,2],43,28].
[[2,5,0,0,0,0,1,1,2],77,5].
[[3,5,0,0,0,0,1,1,2],60,4].
[[2,6,0,1,2,1,2,3,1],1,7].
[[3,6,0,1,2,1,1,1,2],0,16].
[[3,5,0,1,2,0,1,2,0],28,2].
[[1,8,0,0,0,0,2,2,1],11,64].
[[3,7,1,1,1,0,2,2,0],5,5].
[[2,7,1,1,2,1,2,1,1],9,9].
[[2,9,1,1,1,1,1,2,2],22,74].
[[3,7,1,1,2,0,1,2,0],34,11].
[[2,6,0,0,0,0,2,1,0],0,2].
[[3,6,0,1,2,1,2,1,0],0,17].
[[3,5,0,1,2,0,1,1,2],45,3].
[[3,7,2,1,1,1,2,2,1],12,1].
[[3,8,1,1,1,1,2,1,0],25,51].
[[3,8,1,1,2,1,0,0,0],0,21].
[[2,4,1,1,2,0,2,2,2],4,3].
[[2,6,0,0,0,0,2,3,0],3,20].
[[2,9,1,1,2,0,1,1,1],1,12].
[[3,8,0,1,1,0,1,1,1],0,2].
[[3,8,0,0,0,0,1,1,0],0,111].
[[3,9,1,1,2,1,1,2,2],0,132].
[[3,9,0,0,0,0,1,2,1],0,34].
[[3,7,2,0,0,0,2,2,0],23,1].
[[1,8,1,1,2,0,2,2,0],9,18].
[[3,6,0,1,2,1,1,2,2],0,18].
[[1,8,0,0,0,0,1,1,2],19,43].
[[3,8,1,0,0,0,1,1,2],62,46].
[[2,8,0,1,1,1,2,2,0],14,53].
[[3,3,1,0,0,0,2,3,0],13,3].
[[3,7,1,1,1,0,1,1,2],2,6].
[[1,7,1,0,0,0,2,2,1],8,6].
[[2,8,0,0,0,0,1,1,0],8,57].
[[1,7,2,0,0,0,2,3,2],35,3].
[[3,7,2,1,1,0,1,2,0],5,1].
[[2,7,2,0,0,0,2,2,1],13,4].
[[3,7,2,0,0,0,2,2,1],14,4].
[[1,5,0,1,2,1,2,2,0],9,1].
[[1,8,0,1,2,1,2,3,2],15,58].
[[3,6,1,1,1,1,0,0,0],8,0].
[[1,3,2,0,0,0,0,0,0],27,0].
[[2,3,2,1,2,1,0,0,0],16,0].
[[2,5,0,1,1,0,1,1,2],2,1].
[[3,5,0,1,1,0,1,1,2],6,4].
[[3,8,0,0,0,0,2,3,1],0,70].
[[3,8,0,1,2,0,1,1,0],0,51].
[[3,7,2,0,0,0,1,1,2],36,12].
[[1,9,2,1,2,0,1,1,0],1,12].
[[2,8,1,1,1,0,1,1,0],1,2].
[[3,7,1,1,1,0,1,1,0],2,5].
[[3,9,1,1,1,1,2,1,0],0,37].
[[3,7,2,0,0,0,0,0,0],14,5].
[[3,7,1,0,0,0,2,1,0],41,26].
[[2,8,1,1,1,1,1,1,0],7,9].
[[1,7,2,0,0,0,2,2,0],13,1].
[[2,7,2,0,0,0,1,2,0],9,1].
[[3,7,2,1,2,0,1,2,0],18,2].
[[1,8,1,0,0,0,1,1,0],15,19].
[[3,9,0,1,1,0,2,2,0],0,13].
[[3,9,1,0,0,0,2,3,0],0,61].
[[3,7,0,1,2,1,2,2,1],0,17].
[[3,7,1,0,0,0,1,1,1],11,7].
[[3,7,0,1,2,1,2,2,2],1,39].
[[2,8,0,1,2,0,2,2,1],1,8].
[[2,8,1,1,2,1,2,1,1],14,31].
[[2,5,0,0,0,0,1,1,1],70,4].
[[3,9,1,1,2,0,1,1,0],0,43].
[[3,7,0,0,0,0,2,2,0],0,28].
[[2,7,1,0,0,0,2,1,0],26,10].
[[3,8,0,1,1,0,1,2,0],0,21].
[[1,9,2,1,1,1,2,3,1],15,25].
[[3,9,1,1,2,1,1,1,0],0,128].
[[3,7,1,0,0,0,2,3,1],55,46].
[[1,6,0,0,0,0,2,1,2],1,1].
[[2,6,0,0,0,0,1,1,2],0,1].
[[3,3,1,0,0,0,1,1,2],2,1].
[[1,8,1,1,2,1,1,1,0],7,7].
[[2,6,1,1,2,1,1,1,0],2,0].
[[3,6,1,1,2,1,1,2,0],26,1].
[[3,6,1,1,2,0,1,1,2],6,2].
[[2,6,0,0,0,0,2,3,1],0,10].
[[2,6,1,0,0,0,1,1,2],4,2].
[[3,3,1,1,2,0,1,1,2],2,0].
[[2,9,1,0,0,0,2,3,1],13,174].
[[2,7,1,0,0,0,2,1,1],14,11].
[[3,7,1,0,0,0,2,1,1],3,11].
[[3,5,0,1,1,1,1,2,0],30,2].
[[3,3,1,0,0,0,2,2,1],6,1].
[[3,7,2,1,2,0,2,1,0],16,0].
[[2,5,0,0,0,0,2,2,0],36,0].
[[3,5,0,1,2,0,2,2,0],7,2].
[[3,6,1,1,2,0,2,1,0],10,1].
[[2,6,0,0,0,0,2,3,2],1,8].
[[2,9,1,1,2,0,2,3,1],2,39].
[[2,8,0,1,2,0,1,2,0],1,13].
[[1,8,0,0,0,0,1,1,0],4,14].
[[2,6,0,0,0,0,1,1,0],0,1].
[[3,5,0,1,2,0,2,3,0],20,2].
[[3,9,0,1,2,0,1,1,0],0,98].
[[1,8,1,1,2,0,2,1,2],4,11].
[[3,8,1,1,1,0,1,1,2],4,12].
[[1,7,2,1,2,1,1,2,2],5,4].
[[2,3,2,1,2,1,1,2,2],3,0].
[[3,9,0,0,0,0,2,2,0],0,70].
[[2,5,0,0,0,0,2,3,0],42,1].
[[1,8,0,1,2,1,1,1,2],6,7].
[[2,5,0,0,0,0,1,2,1],50,4].
[[1,6,1,0,0,0,2,2,2],42,4].
[[2,6,1,1,2,1,2,2,2],27,3].
[[3,7,0,1,2,1,2,1,2],1,24].
[[3,7,0,1,1,1,1,1,2],0,7].
[[1,6,1,1,2,1,0,0,0],40,4].
[[3,6,1,1,2,1,1,2,2],37,5].
[[2,8,0,0,0,0,2,2,1],10,100].
[[2,7,1,1,2,1,1,2,0],7,5].
[[3,5,0,0,0,0,2,3,0],26,1].
[[1,6,1,0,0,0,2,3,1],28,0].
[[2,6,1,0,0,0,1,2,1],16,0].
[[3,6,1,1,2,1,1,2,1],29,3].
[[3,7,2,1,1,1,2,3,0],23,5].
[[1,8,1,1,2,1,2,2,1],66,45].
[[2,7,1,1,2,1,2,2,1],27,18].
[[1,5,0,1,2,1,1,2,1],7,0].
[[2,5,0,1,1,1,1,2,1],10,1].
[[3,5,0,1,1,1,1,2,1],61,4].
[[2,8,0,0,0,0,1,1,1],2,9].
[[3,8,0,0,0,0,1,1,1],0,16].
[[1,7,1,0,0,0,2,2,0],17,6].
[[2,3,1,1,2,1,2,2,0],1,0].
[[3,3,1,1,2,1,2,2,0],16,0].
[[2,7,1,1,2,1,2,2,0],35,21].
[[2,6,1,1,2,1,2,3,0],28,1].
[[3,3,1,1,2,1,2,3,0],16,0].
[[3,5,0,1,2,0,1,1,1],49,8].
[[3,5,0,1,2,0,2,1,0],3,0].
[[2,5,0,1,1,0,1,1,1],0,1].
[[3,5,0,1,1,0,1,2,0],3,3].
[[3,6,1,0,0,0,2,2,2],13,0].
[[2,9,1,0,0,0,2,1,1],1,7].
[[2,5,0,1,2,0,1,1,2],14,4].
[[2,6,1,0,0,0,2,1,1],9,0].
[[3,6,1,1,2,1,1,1,1],7,2].
[[3,5,0,1,1,1,2,3,0],19,2].
[[1,8,1,1,1,1,2,2,0],13,3].
[[2,4,1,1,2,0,1,2,0],16,3].
[[1,8,1,1,2,0,2,2,2],21,26].
[[3,7,2,1,2,0,2,3,1],20,3].
[[1,8,0,0,0,0,1,2,0],4,45].
[[2,7,0,0,0,0,1,2,0],0,1].
[[3,7,0,1,2,0,1,2,0],0,4].
[[2,5,0,0,0,0,2,1,0],4,0].
[[3,7,1,1,2,0,1,1,2],25,15].
[[2,7,2,0,0,0,2,2,2],72,21].
[[1,8,1,1,2,0,1,1,1],0,2].
[[2,8,1,1,1,0,1,1,1],0,2].
[[3,8,1,1,1,0,1,1,1],2,3].
[[1,9,2,1,2,0,2,2,0],7,64].
[[3,7,0,1,2,0,2,2,2],0,11].
[[2,8,1,1,2,0,2,1,2],18,41].
[[3,8,1,1,1,0,2,1,2],1,4].
[[3,9,1,0,0,0,1,2,1],0,43].
[[3,9,1,1,1,0,1,2,1],0,19].
[[2,7,2,1,2,1,2,3,1],23,6].
[[2,7,2,0,0,0,2,1,2],30,3].
[[3,7,2,1,2,0,2,1,2],8,3].
[[3,4,1,1,2,0,0,0,0],6,1].
[[1,7,2,0,0,0,2,1,2],48,9].
[[2,7,2,0,0,0,2,2,0],22,1].
[[3,7,0,0,0,0,2,2,1],0,12].
[[2,7,0,0,0,0,2,3,0],0,13].
[[1,5,0,0,0,0,1,1,1],35,3].
[[2,8,0,1,2,0,0,0,0],1,57].
[[2,8,1,1,2,0,1,2,2],35,32].
[[3,7,2,0,0,0,2,3,1],20,1].
[[3,8,0,1,2,0,1,1,1],0,19].
[[2,3,2,0,0,0,2,2,0],2,0].
[[3,3,2,1,2,0,1,1,0],1,0].
[[2,7,2,1,1,1,0,0,0],6,1].
[[2,6,0,0,0,0,2,2,2],2,11].
[[3,6,0,0,0,0,2,2,2],0,12].
[[2,8,0,1,1,1,2,3,0],17,70].
[[3,9,1,1,1,1,2,3,1],0,3].
[[3,7,2,1,1,0,2,2,2],4,3].
[[1,6,1,0,0,0,2,3,0],17,1].
[[3,2,1,1,2,1,2,3,0],3,0].
[[2,9,1,1,1,1,2,2,2],0,4].
[[3,8,1,1,1,1,2,2,2],3,5].
[[3,7,1,0,0,0,2,3,2],31,22].
[[1,7,1,1,2,1,2,2,1],3,1].
[[1,8,0,1,2,1,2,1,1],3,2].
[[3,8,1,1,1,0,2,1,0],3,19].
[[2,7,2,1,2,0,2,2,2],14,3].
[[3,7,1,1,1,1,2,2,1],8,15].
[[1,8,1,1,2,0,2,3,2],17,12].
[[2,7,1,1,2,0,2,3,2],9,4].
[[3,8,1,1,2,0,0,0,0],0,6].
[[3,7,0,0,0,0,2,3,1],0,19].
[[3,6,1,1,1,1,2,2,0],19,3].
[[2,6,0,1,2,1,2,2,2],1,9].
[[3,6,0,1,1,1,2,2,2],0,4].
[[2,4,1,1,2,0,0,0,0],5,0].
[[3,4,1,1,2,0,2,2,1],11,0].
[[2,6,1,0,0,0,2,3,2],24,3].
[[3,3,2,0,0,0,2,3,2],5,0].
[[3,9,1,1,2,1,2,1,0],0,77].
[[2,7,2,1,1,1,1,2,2],5,3].
[[2,8,0,1,1,1,2,1,0],6,20].
[[2,9,1,1,2,0,2,2,1],2,17].
[[1,5,0,1,1,1,2,3,0],3,0].
[[2,5,0,1,1,1,2,3,0],8,1].
[[3,5,0,1,1,1,2,2,0],22,0].
[[3,6,0,1,2,0,2,2,0],0,5].
[[3,6,0,1,1,1,2,2,0],0,5].
[[2,9,1,1,2,1,2,1,1],2,12].
[[3,8,1,1,1,1,2,1,1],0,3].
[[1,7,2,1,2,0,1,2,1],1,1].
[[2,7,2,1,2,0,1,2,1],3,1].
[[3,7,2,1,1,0,1,1,0],0,1].
[[3,8,0,1,2,0,2,1,2],0,6].
[[2,8,0,1,1,1,0,0,0],8,48].
[[3,8,0,1,1,1,0,0,0],0,28].
[[2,3,1,1,2,1,2,2,1],3,0].
[[3,3,1,1,1,1,1,2,1],2,0].
[[3,7,2,1,1,1,2,2,2],10,3].
[[3,6,0,1,2,1,2,2,0],0,22].
[[2,9,1,1,1,1,1,1,1],8,6].
[[3,8,0,1,1,1,1,1,1],0,10].
[[3,9,1,0,0,0,2,1,0],0,34].
[[3,6,0,1,2,1,1,2,0],0,8].
[[3,7,2,1,2,1,2,2,0],45,3].
[[2,6,0,0,0,0,2,2,0],2,3].
[[3,8,0,0,0,0,2,2,1],0,38].
[[3,8,0,1,2,1,2,2,2],0,13].
[[2,6,1,0,0,0,2,3,1],43,2].
[[3,6,1,0,0,0,2,3,1],20,2].
[[2,7,1,0,0,0,1,1,2],22,6].
[[3,8,0,1,2,0,0,0,0],0,25].
[[2,7,1,1,1,1,0,0,0],16,11].
[[3,7,2,1,2,1,1,2,0],40,1].
[[3,9,1,1,1,0,2,3,0],0,14].
[[2,5,0,1,2,0,1,1,0],5,3].
[[3,6,1,1,2,0,2,2,2],11,2].
[[3,6,0,0,0,0,1,1,2],0,5].
[[2,7,2,1,2,1,2,2,0],20,2].
[[3,5,0,1,1,0,1,1,0],0,7].
[[3,4,1,1,2,0,2,3,1],13,8].
[[1,6,1,1,2,1,2,3,2],4,0].
[[2,6,1,1,1,1,2,3,2],2,0].
[[3,3,2,1,1,1,2,3,2],2,0].
[[1,9,2,1,1,1,2,2,1],7,8].
[[2,8,0,1,1,1,2,2,1],2,8].
[[1,7,2,0,0,0,2,2,1],7,1].
[[3,8,0,1,1,1,2,1,2],0,8].
[[2,5,0,1,2,0,1,2,0],3,1].
[[1,7,2,1,2,1,2,3,2],9,4].
[[3,3,2,1,2,1,2,3,0],4,0].
[[3,6,1,1,2,0,1,2,2],10,1].
[[2,7,2,1,2,1,1,2,1],7,6].
[[3,7,2,1,1,1,1,2,1],9,3].
[[1,8,0,1,2,1,2,2,1],4,34].
[[2,8,0,1,1,1,1,2,1],2,9].
[[3,6,1,1,1,1,1,2,0],9,1].
[[2,8,1,1,1,0,2,2,2],2,10].
[[3,8,1,1,1,0,2,3,0],12,39].
[[2,6,1,1,2,1,2,2,0],13,0].
[[3,6,1,1,2,1,1,1,0],6,2].
[[3,7,0,0,0,0,2,1,0],0,13].
[[2,8,1,1,1,1,1,2,1],19,16].
[[3,8,1,0,0,0,2,2,1],12,28].
[[1,7,1,0,0,0,2,1,2],18,11].
[[2,9,1,1,1,0,1,2,2],2,10].
[[3,5,0,1,1,0,1,1,1],5,4].
[[2,9,1,1,2,0,2,3,2],1,7].
[[2,8,1,1,2,0,1,1,0],10,13].
[[3,3,2,1,2,1,1,2,0],4,0].
[[2,5,0,0,0,0,1,1,0],19,4].
[[3,5,0,0,0,0,1,1,0],20,6].
[[2,5,0,1,2,1,2,1,0],4,0].
[[3,8,0,1,1,0,1,2,2],0,14].
[[3,7,2,1,2,1,2,1,2],32,4].
[[2,7,2,1,1,0,2,3,1],1,0].
[[3,3,2,1,1,0,2,3,1],1,0].
[[1,9,2,1,1,1,1,2,0],14,20].
[[3,9,0,1,2,0,1,1,1],0,11].
[[2,9,1,1,2,1,2,2,2],4,23].
[[1,7,1,0,0,0,2,3,2],16,15].
[[3,6,1,0,0,0,2,1,2],11,1].
[[2,7,2,1,2,1,1,2,2],27,7].
[[2,3,2,1,2,0,2,2,2],2,0].
[[3,7,1,1,2,0,2,3,2],20,11].
[[2,6,0,1,2,1,2,3,0],2,6].
[[3,6,0,1,1,1,2,3,0],0,8].
[[3,8,0,1,2,0,2,2,1],0,17].
[[1,7,2,1,2,0,0,0,0],10,3].
[[2,7,2,1,1,0,0,0,0],1,2].
[[3,7,2,1,1,0,2,2,0],1,3].
[[3,9,1,1,1,0,2,2,0],0,13].
[[2,7,2,1,2,1,2,1,0],17,1].
[[3,8,1,0,0,0,1,1,1],14,13].
[[3,7,2,1,2,0,2,3,2],14,1].
[[1,9,2,1,2,1,1,1,1],12,11].
[[2,8,1,1,1,1,1,1,1],5,6].
[[3,9,1,1,1,0,2,1,0],0,9].
[[3,7,1,1,2,1,1,1,1],18,17].
[[2,8,0,1,1,1,2,1,2],1,12].
[[3,6,0,1,1,1,2,1,2],0,2].
[[3,3,1,1,2,1,2,3,2],15,1].
[[3,3,2,0,0,0,2,2,2],10,0].
[[3,7,0,1,1,1,2,1,0],0,6].
[[2,7,1,1,2,1,1,1,1],5,2].
[[2,3,1,0,0,0,2,2,2],9,0].
[[1,5,0,1,2,1,1,1,2],12,2].
[[2,7,2,1,2,1,2,3,2],21,4].
[[2,8,1,1,1,0,2,1,0],3,7].
[[3,7,1,1,1,0,2,1,0],2,3].
[[2,6,0,0,0,0,1,2,2],2,4].
[[3,6,0,1,2,0,1,2,2],0,3].
[[1,8,1,1,1,1,2,3,2],8,2].
[[2,4,1,1,2,0,2,3,2],0,1].
[[2,7,2,0,0,0,1,2,1],7,5].
[[3,7,2,1,1,1,1,1,0],2,2].
[[3,9,1,0,0,0,1,1,0],0,47].
[[2,6,1,0,0,0,2,1,0],20,0].
[[1,8,1,1,2,0,1,1,0],4,2].
[[3,7,1,1,2,0,1,1,0],10,4].
[[3,3,1,0,0,0,1,2,1],3,0].
[[3,7,2,1,1,0,1,1,2],3,3].
[[2,7,0,0,0,0,2,1,2],0,6].
[[3,7,0,0,0,0,2,1,2],0,13].
[[3,9,0,0,0,0,1,2,2],0,60].
[[3,7,1,1,1,1,1,2,1],12,14].
[[3,7,2,1,1,1,2,3,1],8,1].
[[3,6,1,1,2,1,2,3,1],27,3].
[[3,6,1,0,0,0,2,2,0],42,1].
[[3,7,2,1,1,1,2,1,2],8,1].
[[2,6,1,1,2,1,2,3,2],12,2].
[[3,6,1,1,1,1,2,3,2],7,1].
[[2,5,0,1,2,0,1,2,1],10,0].
[[3,8,1,1,1,0,1,2,1],7,27].
[[3,6,1,1,2,1,2,3,2],17,0].
[[2,8,0,1,2,0,1,1,2],2,14].
[[3,8,1,1,1,1,0,0,0],0,7].
[[3,7,0,1,1,1,1,2,2],0,6].
[[3,7,2,1,1,1,1,2,2],27,5].
[[3,3,2,1,2,0,0,0,0],14,1].
[[1,5,0,0,0,0,1,2,0],9,0].
[[3,9,1,1,1,0,1,2,0],0,22].
[[3,6,0,0,0,0,1,2,1],0,9].
[[3,8,0,1,1,0,2,1,0],0,10].
[[3,7,1,1,1,1,2,2,2],30,24].
[[3,8,0,0,0,0,2,3,2],0,7].
[[1,6,1,1,2,1,2,1,2],6,0].
[[2,3,2,1,2,1,2,1,2],2,0].
[[3,3,2,1,1,1,2,1,2],4,0].
[[1,8,1,1,1,1,2,2,2],16,10].
[[3,6,1,1,2,0,2,3,2],8,2].
[[3,6,1,1,2,0,2,3,1],18,2].
[[3,7,0,0,0,0,1,2,0],0,18].
[[3,8,0,1,1,0,1,1,0],0,4].
[[2,5,0,1,2,0,2,3,0],10,0].
[[1,9,2,1,2,0,2,3,1],7,35].
[[2,8,0,1,2,0,2,3,1],1,27].
[[3,7,0,1,1,1,2,2,0],0,16].
[[3,6,1,0,0,0,1,2,0],13,1].
[[2,4,1,1,2,0,2,3,1],2,2].
[[2,3,1,0,0,0,0,0,0],32,10].
[[1,7,2,1,2,1,1,2,1],1,0].
[[2,5,0,1,1,1,1,1,1],15,3].
[[2,8,0,1,1,1,1,1,2],4,11].
[[2,8,0,1,1,1,1,2,0],6,23].
[[3,3,2,1,1,1,0,0,0],3,0].
[[3,9,0,1,1,0,2,1,0],0,9].
[[2,8,1,1,2,0,1,1,1],7,6].
[[3,7,1,1,1,0,1,2,1],1,4].
[[3,7,0,1,1,1,2,3,2],0,3].
[[2,6,1,1,1,1,2,3,0],5,2].
[[3,6,0,1,2,1,2,3,2],0,11].
[[3,6,0,0,0,0,1,1,0],0,4].
[[2,7,2,1,2,0,2,1,0],4,2].
[[3,7,2,1,1,0,2,1,0],0,2].
[[3,7,2,1,1,1,2,3,2],5,2].
[[3,6,1,0,0,0,2,2,1],14,0].
[[2,6,0,1,2,1,0,0,0],4,24].
[[3,3,1,1,1,1,2,3,1],3,1].
[[3,7,2,1,2,1,0,0,0],22,3].
[[3,7,0,1,1,1,1,2,0],0,7].
[[1,7,1,0,0,0,2,1,0],4,2].
[[2,7,1,1,2,0,2,1,0],5,0].
[[3,6,0,0,0,0,0,0,0],0,14].
[[3,8,1,1,1,0,2,3,1],1,12].
[[2,7,1,1,1,1,2,2,1],1,4].
[[2,6,1,1,2,1,2,2,1],15,4].
[[3,3,2,1,2,1,2,2,1],4,0].
[[1,7,2,0,0,0,2,3,1],20,6].
[[1,7,1,0,0,0,2,3,0],14,6].
[[2,6,0,1,2,1,2,1,2],0,4].
[[2,8,0,0,0,0,2,1,1],4,13].
[[1,8,1,1,1,1,2,2,1],2,5].
[[2,4,1,1,2,0,2,2,1],3,1].
[[3,7,0,1,2,0,0,0,0],0,12].
[[2,7,2,1,1,1,2,2,2],7,0].
[[1,5,0,1,2,0,1,1,2],1,0].
[[3,3,1,0,0,0,0,0,0],29,11].
[[1,5,0,1,2,1,2,3,0],13,0].
[[3,9,1,1,2,1,2,3,1],0,7].
[[2,7,2,1,2,1,1,2,0],9,0].
[[3,3,2,0,0,0,2,2,0],3,0].
[[2,3,2,0,0,0,2,3,1],7,0].
[[3,9,1,1,2,0,1,2,2],0,38].
[[3,9,1,1,1,0,1,2,2],0,13].
[[3,7,0,1,2,1,2,1,1],0,7].
[[2,6,1,1,1,1,0,0,0],12,0].
[[2,9,1,1,1,0,1,2,0],3,17].
[[2,4,1,1,2,0,2,1,0],6,3].
[[3,6,1,1,1,1,1,2,2],9,2].
[[1,7,1,1,2,1,2,2,0],1,2].
[[3,8,1,0,0,0,2,3,2],2,3].
[[2,9,1,1,1,0,1,1,0],0,5].
[[3,6,0,0,0,0,1,2,0],0,10].
[[3,3,1,1,2,1,2,2,2],27,6].
[[3,7,2,0,0,0,2,1,2],18,1].
[[2,9,1,1,1,0,2,2,0],0,14].
[[3,8,0,1,1,0,2,2,0],0,23].
[[2,7,1,1,2,0,2,2,0],6,4].
[[3,3,2,1,2,0,2,2,0],6,0].
[[3,2,1,0,0,0,2,3,1],3,0].
[[3,6,0,1,2,0,1,1,2],0,3].
[[2,7,1,1,2,0,2,2,2],9,16].
[[3,3,1,1,1,1,2,2,0],3,0].
[[2,4,1,1,2,0,1,1,2],1,1].
[[2,6,1,0,0,0,1,2,0],6,2].
[[2,8,0,1,2,0,1,2,1],2,11].
[[3,6,0,0,0,0,2,1,0],0,8].
[[3,8,0,0,0,0,2,2,2],0,3].
[[3,6,0,1,2,1,1,2,1],0,7].
[[3,9,1,1,2,0,2,1,0],0,20].
[[3,7,2,1,2,1,1,1,0],8,6].
[[3,7,0,1,2,1,1,2,0],0,21].
[[3,8,0,1,2,1,2,1,2],0,27].
[[3,6,1,1,2,0,2,2,0],18,3].
[[3,7,2,0,0,0,1,1,0],6,2].
[[1,7,1,1,2,1,2,2,2],8,7].
[[2,3,1,1,2,1,2,2,2],2,1].
[[3,3,1,1,1,1,2,2,2],3,0].
[[2,7,2,1,1,0,2,2,2],1,1].
[[3,3,2,1,1,0,2,2,2],1,0].
[[3,7,0,1,2,0,2,1,0],0,7].
[[3,7,2,1,2,0,2,2,2],18,6].
[[3,7,2,1,1,1,1,2,0],12,1].
[[1,8,1,1,2,1,1,1,1],6,8].
[[3,6,1,1,2,0,1,2,1],10,1].
[[1,7,1,0,0,0,1,2,1],4,2].
[[3,8,0,1,1,1,2,2,2],0,5].
[[2,6,1,1,2,1,1,1,1],3,0].
[[3,3,1,1,2,1,1,1,1],3,0].
[[2,7,0,1,2,1,2,3,0],0,8].
[[2,6,0,1,2,1,2,1,0],0,2].
[[3,6,0,1,1,1,2,1,0],0,3].
[[1,7,2,1,2,1,2,1,2],12,2].
[[2,8,1,1,1,1,2,2,2],26,26].
[[2,7,1,1,2,0,1,1,0],3,0].
[[3,3,1,1,2,0,1,1,0],2,0].
[[3,3,2,1,2,1,2,1,2],5,0].
[[3,8,0,1,1,1,2,1,1],0,6].
[[3,7,0,0,0,0,1,1,1],0,1].
[[2,7,1,1,2,0,1,2,2],5,2].
[[3,3,1,0,0,0,2,1,0],3,0].
[[1,9,2,1,1,1,1,1,0],3,13].
[[1,8,1,1,1,1,2,1,2],9,4].
[[2,7,2,1,2,0,2,3,1],12,5].
[[3,7,2,1,1,0,2,3,0],3,6].
[[2,6,1,1,2,1,2,1,0],6,0].
[[3,6,1,0,0,0,1,1,2],8,1].
[[1,5,0,1,1,1,1,1,2],2,0].
[[2,5,0,1,1,1,1,1,2],8,1].
[[2,8,1,1,1,1,2,1,1],2,5].
[[1,8,1,1,2,0,1,1,2],6,3].
[[2,8,1,1,1,0,1,1,2],2,3].
[[1,8,0,0,0,0,2,1,1],4,14].
[[2,3,1,1,2,1,0,0,0],15,3].
[[1,6,1,0,0,0,2,1,1],10,0].
[[3,3,1,1,2,1,1,2,0],2,0].
[[3,7,0,1,1,1,1,1,0],0,3].
[[3,7,1,1,1,0,0,0,0],2,9].
[[2,6,1,1,1,1,1,1,2],2,0].
[[2,3,2,0,0,0,2,3,0],3,0].
[[3,3,2,0,0,0,1,2,0],3,0].
[[3,3,2,1,2,0,2,3,1],7,0].
[[1,5,0,0,0,0,2,3,0],25,1].
[[3,7,2,1,1,1,1,1,2],20,3].
[[3,6,1,0,0,0,1,2,1],15,0].
[[3,7,2,1,2,1,2,2,1],18,5].
[[2,7,1,1,2,0,2,3,0],8,11].
[[3,6,1,1,1,1,2,1,2],3,1].
[[3,4,0,1,2,0,1,1,0],0,1].
[[3,3,1,0,0,0,2,1,2],7,1].
[[2,6,0,1,2,1,1,2,2],0,2].
[[3,8,1,1,1,0,2,3,2],1,2].
[[2,7,0,0,0,0,2,2,2],0,16].
[[1,7,2,1,2,1,2,2,0],3,0].
[[3,8,1,1,1,1,2,1,2],4,2].
[[3,6,0,1,2,1,2,2,1],0,11].
[[3,7,0,0,0,0,1,1,2],0,7].
[[1,8,1,1,2,1,1,2,1],30,29].
[[1,9,2,1,2,0,2,1,2],4,19].
[[2,7,0,0,0,0,2,2,0],0,6].
[[1,7,2,1,2,1,2,3,0],3,0].
[[2,6,1,1,2,0,2,2,2],7,1].
[[2,7,0,1,2,1,2,2,2],0,13].
[[3,8,1,0,0,0,0,0,0],0,11].
[[1,5,0,1,1,1,2,2,0],2,0].
[[2,5,0,1,1,1,2,2,0],12,0].
[[2,7,1,1,2,0,2,1,1],2,3].
[[3,7,2,1,1,0,2,3,1],4,3].
[[1,7,1,1,2,1,0,0,0],38,25].
[[3,7,2,0,0,0,2,2,2],21,4].
[[1,5,0,1,2,1,1,2,0],3,1].
[[3,5,0,1,2,1,2,1,0],15,0].
[[1,6,1,0,0,0,2,1,0],4,0].
[[3,6,1,1,1,1,2,1,0],8,0].
[[1,8,1,1,1,1,1,1,1],1,0].
[[3,9,0,1,1,0,2,3,0],0,16].
[[2,7,2,1,2,0,2,2,0],5,1].
[[3,7,2,1,2,0,1,1,0],4,1].
[[3,3,1,0,0,0,2,1,1],4,0].
[[3,3,2,0,0,0,1,2,2],11,0].
[[1,7,2,1,2,1,2,2,2],19,1].
[[1,8,1,1,2,0,1,2,0],1,3].
[[3,7,2,0,0,0,1,1,1],3,3].
[[3,3,1,1,2,1,2,1,2],11,1].
[[3,5,0,0,0,0,2,2,0],19,1].
[[3,3,2,0,0,0,2,1,2],8,0].
[[1,7,2,0,0,0,1,2,2],12,9].
[[2,3,2,1,2,1,2,2,2],2,0].
[[3,8,1,1,1,0,2,2,1],2,6].
[[2,6,1,0,0,0,2,2,1],20,0].
[[1,7,2,1,2,0,2,2,1],0,2].
[[2,7,2,1,2,0,2,2,1],3,3].
[[3,5,0,1,1,0,2,1,0],0,1].
[[3,6,0,0,0,0,2,2,1],0,4].
[[2,7,0,1,2,1,2,3,1],0,3].
[[2,6,1,1,2,1,2,1,1],4,0].
[[1,5,0,1,2,1,1,1,1],14,3].
[[3,9,1,1,1,0,1,1,0],0,5].
[[1,7,1,0,0,0,2,1,1],4,7].
[[2,6,1,1,2,1,2,1,2],13,2].
[[3,3,2,1,2,0,2,1,0],1,0].
[[2,3,2,1,2,0,0,0,0],6,0].
[[3,7,2,1,2,0,1,2,1],13,9].
[[1,6,1,1,2,1,2,3,0],5,0].
[[3,6,0,0,0,0,1,2,2],0,13].
[[2,7,0,1,2,1,2,2,0],0,7].
[[2,2,1,0,0,0,2,1,1],1,0].
[[3,2,1,1,2,0,2,1,1],1,0].
[[3,9,1,1,1,0,1,1,2],0,13].
[[3,6,0,1,2,1,2,1,1],0,2].
[[1,8,1,1,2,0,2,1,0],5,4].
[[3,6,1,1,2,0,1,1,0],5,2].
[[3,8,1,1,1,1,2,3,2],1,5].
[[3,3,1,1,1,1,0,0,0],11,2].
[[3,7,0,1,2,0,1,1,0],0,1].
[[3,7,0,1,2,0,1,2,2],1,7].
[[3,7,1,1,1,1,1,1,1],4,6].
[[3,9,1,0,0,0,0,0,0],0,3].
[[3,7,2,1,2,1,1,1,1],4,12].
[[3,8,0,0,0,0,2,1,1],0,5].
[[3,9,1,1,1,1,0,0,0],0,1].
[[2,4,1,1,2,0,2,1,2],1,1].
[[3,7,1,1,2,0,2,1,1],1,6].
[[2,9,1,1,1,0,2,3,0],0,22].
[[3,8,1,0,0,0,2,2,2],4,4].
[[1,9,2,1,1,1,1,2,1],6,5].
[[2,4,1,1,2,0,1,2,1],4,1].
[[2,8,1,1,1,0,1,2,1],1,4].
[[3,6,1,1,2,1,2,1,2],20,0].
[[2,6,0,0,0,0,2,1,1],0,2].
[[3,8,1,1,2,0,2,1,1],0,5].
[[3,8,0,1,2,0,2,2,2],0,5].
[[2,7,0,1,2,1,1,2,2],1,3].
[[3,3,2,1,2,1,2,3,2],6,0].
[[3,3,2,1,2,1,1,1,2],8,0].
[[3,9,1,1,2,1,2,2,1],0,1].
[[3,7,1,1,1,0,2,2,2],4,6].
[[1,7,1,1,2,1,2,3,2],3,4].
[[2,3,1,1,2,1,2,3,2],5,2].
[[1,8,1,1,2,0,2,2,1],9,8].
[[2,8,0,1,1,1,1,2,2],10,16].
[[3,8,1,1,2,1,2,3,2],12,8].
[[2,7,2,0,0,0,1,1,1],1,3].
[[3,6,1,1,1,1,2,2,1],5,1].
[[1,8,1,1,1,1,2,1,1],3,2].
[[2,6,1,1,1,1,2,1,1],1,1].
[[3,6,1,1,1,1,2,1,1],0,1].
[[2,8,0,1,2,1,1,1,1],3,10].
[[3,7,0,1,2,1,1,1,1],0,7].
[[1,5,0,1,2,0,2,2,0],1,1].
[[2,5,0,1,2,0,2,2,0],7,1].
[[2,6,1,1,2,0,2,3,1],4,0].
[[3,7,1,1,1,0,2,3,1],2,7].
[[2,7,2,1,1,0,1,2,0],0,1].
[[3,4,0,1,2,0,1,2,0],0,2].
[[3,3,1,1,2,1,2,1,0],8,1].
[[2,5,0,1,2,1,1,1,0],10,3].
[[2,7,0,1,2,1,2,3,2],0,9].
[[2,6,0,1,2,1,2,2,0],0,5].
[[3,4,1,1,2,0,2,3,2],2,0].
[[3,7,0,1,2,1,1,1,0],0,6].
[[3,7,1,1,1,0,2,1,2],2,5].
[[3,7,0,1,2,0,2,3,0],0,17].
[[1,8,1,1,1,1,1,2,0],2,0].
[[2,7,1,1,1,1,1,2,0],3,0].
[[3,7,0,1,1,1,2,2,2],0,11].
[[1,5,0,0,0,0,1,2,1],13,0].
[[2,7,1,1,2,0,2,2,1],7,3].
[[3,3,1,0,0,0,2,3,2],4,1].
[[1,8,0,1,2,1,1,1,0],1,3].
[[1,6,1,0,0,0,2,2,0],12,1].
[[2,6,1,1,2,0,2,2,0],2,1].
[[1,6,0,0,0,0,2,2,2],0,7].
[[3,9,1,1,2,0,2,3,1],0,4].
[[2,7,2,0,0,0,2,1,0],18,0].
[[3,7,1,1,1,0,1,2,2],1,7].
[[1,7,2,0,0,0,1,1,2],13,8].
[[3,7,2,1,2,0,1,1,1],1,8].
[[2,9,1,1,1,0,2,1,0],1,5].
[[3,6,0,1,1,1,1,2,0],0,2].
[[2,8,1,1,1,0,2,3,1],0,5].
[[2,2,1,0,0,0,2,3,2],1,0].
[[3,2,1,1,2,0,2,3,2],1,0].
[[2,7,2,1,2,1,1,1,0],2,1].
[[2,7,2,1,2,0,1,1,2],8,9].
[[1,5,0,1,1,1,1,1,1],2,0].
[[2,7,2,1,1,1,2,1,2],3,0].
[[2,7,0,0,0,0,2,3,1],1,3].
[[3,6,1,1,1,0,2,1,2],0,2].
[[3,6,0,1,1,1,1,1,0],0,2].
[[3,6,1,0,0,0,1,1,1],6,1].
[[3,6,1,1,1,1,1,1,0],2,0].
[[2,2,1,0,0,0,0,0,0],3,0].
[[3,2,1,1,2,1,2,2,2],4,0].
[[2,9,1,1,2,0,2,2,2],1,1].
[[3,6,1,1,1,1,2,3,1],7,1].
[[1,7,1,0,0,0,1,1,1],2,0].
[[2,7,1,0,0,0,1,1,1],9,4].
[[3,7,0,1,2,0,2,2,0],0,16].
[[3,4,0,1,2,0,2,2,0],0,4].
[[1,7,2,1,2,0,2,2,0],1,0].
[[3,7,0,1,1,1,1,1,1],0,1].
[[2,4,1,1,2,0,1,1,1],2,2].
[[3,3,1,1,1,1,1,2,2],1,0].
[[2,7,0,0,0,0,2,2,1],0,4].
[[3,7,0,0,0,0,1,2,1],0,5].
[[3,3,1,0,0,0,1,2,2],6,0].
[[3,8,1,1,2,0,2,1,2],3,2].
[[3,9,0,1,1,0,1,2,1],0,5].
[[3,3,2,1,1,1,2,1,0],2,0].
[[3,6,1,0,0,0,2,1,1],7,1].
[[2,6,1,1,2,1,1,2,1],8,0].
[[3,8,1,1,2,1,2,1,1],0,7].
[[3,3,2,1,2,0,1,2,2],5,0].
[[3,3,1,0,0,0,2,2,2],14,6].
[[2,7,2,1,2,0,2,1,2],7,6].
[[2,6,1,1,1,1,2,2,2],1,2].
[[1,7,2,0,0,0,1,2,1],3,2].
[[1,7,2,1,2,0,2,3,2],2,0].
[[2,7,2,1,2,0,2,3,2],13,1].
[[2,3,1,0,0,0,1,1,1],1,0].
[[3,7,2,0,0,0,2,3,2],12,2].
[[3,6,0,0,0,0,2,2,0],0,13].
[[3,7,0,1,2,0,2,2,1],0,4].
[[3,6,0,1,1,1,2,3,1],0,2].
[[3,8,1,1,2,0,2,2,2],2,4].
[[1,6,1,0,0,0,1,1,2],1,1].
[[1,7,1,0,0,0,1,1,2],1,0].
[[3,3,1,1,2,0,2,2,0],5,0].
[[2,7,1,0,0,0,1,1,0],3,4].
[[3,3,2,1,2,1,1,1,1],1,0].
[[3,8,0,1,1,0,1,2,1],0,8].
[[2,5,0,1,1,1,1,2,0],6,1].
[[3,6,0,1,2,0,2,2,2],0,4].
[[3,2,0,0,0,0,2,3,0],0,1].
[[2,7,1,1,1,1,2,1,2],6,4].
[[2,8,0,1,2,0,1,1,0],3,6].
[[1,2,1,0,0,0,0,0,0],4,0].
[[2,2,1,1,2,1,2,1,2],1,0].
[[3,2,1,1,2,1,2,1,2],1,0].
[[1,8,0,0,0,0,1,1,1],0,2].
[[3,6,1,0,0,0,1,1,0],5,0].
[[3,9,1,0,0,0,1,1,1],0,2].
[[3,7,1,1,2,0,1,1,1],10,4].
[[2,7,1,1,2,1,1,1,0],4,2].
[[3,3,2,0,0,0,2,1,0],4,0].
[[1,8,1,1,1,1,1,2,1],5,0].
[[3,3,1,0,0,0,2,3,1],19,3].
[[2,8,1,1,1,0,2,1,2],0,4].
[[1,6,0,0,0,0,2,3,0],1,1].
[[3,3,1,1,1,1,2,3,0],4,0].
[[2,3,2,1,2,0,2,3,0],1,0].
[[2,9,1,1,1,0,1,2,1],0,3].
[[1,5,0,1,2,0,1,2,0],1,1].
[[3,7,2,1,2,0,2,2,1],7,0].
[[3,3,1,1,2,1,1,1,2],4,1].
[[3,7,0,0,0,0,2,3,2],0,8].
[[3,3,2,1,2,1,2,2,0],6,0].
[[1,8,0,0,0,0,1,2,1],2,3].
[[3,3,2,1,2,1,1,2,2],10,0].
[[2,3,2,1,2,0,2,1,2],2,0].
[[3,3,2,1,1,0,2,1,2],1,0].
[[2,8,1,1,1,0,2,3,2],0,3].
[[3,3,2,1,1,1,1,1,2],3,0].
[[1,7,2,1,2,1,1,1,2],0,1].
[[2,6,0,0,0,0,2,2,1],2,1].
[[3,3,1,1,2,0,2,2,1],1,1].
[[3,2,1,1,2,1,2,3,1],2,0].
[[3,6,0,1,1,1,0,0,0],0,4].
[[1,6,1,1,2,1,2,2,2],10,0].
[[2,2,1,1,2,1,2,2,2],1,0].
[[2,7,0,0,0,0,1,1,2],0,3].
[[1,7,1,1,2,1,1,1,1],1,0].
[[3,8,0,1,1,0,2,3,1],0,7].
[[2,7,2,1,2,0,1,1,1],0,2].
[[3,7,2,1,1,0,1,1,1],0,3].
[[2,7,1,1,2,0,1,1,2],3,1].
[[2,7,2,0,0,0,1,1,0],2,0].
[[1,6,1,0,0,0,2,2,1],5,2].
[[2,2,1,0,0,0,2,2,1],1,0].
[[3,2,1,0,0,0,2,2,1],2,0].
[[3,3,2,0,0,0,1,1,2],10,0].
[[3,6,0,0,0,0,2,1,1],0,2].
[[2,6,0,1,2,1,1,1,2],1,0].
[[3,4,0,1,2,0,1,1,2],0,2].
[[2,5,0,1,1,0,1,2,1],1,0].
[[2,6,1,1,2,1,1,2,2],13,1].
[[2,7,2,1,2,1,2,2,1],10,0].
[[3,6,1,1,2,1,2,1,1],6,0].
[[2,7,0,0,0,0,2,1,0],0,2].
[[3,3,1,1,2,0,2,3,0],3,0].
[[3,3,2,1,2,0,1,2,0],1,0].
[[3,6,0,1,2,0,2,1,0],0,7].
[[3,6,1,1,1,1,1,2,1],3,1].
[[3,6,1,1,1,1,1,1,1],1,0].
[[3,3,1,1,2,0,2,3,2],3,1].
[[3,3,0,0,0,0,0,0,0],0,2].
[[3,8,0,1,2,0,2,1,1],0,1].
[[3,7,0,1,1,1,1,2,1],0,1].
[[1,6,1,0,0,0,1,1,1],1,0].
[[2,6,1,0,0,0,1,1,1],4,0].
[[3,2,1,0,0,0,1,1,1],1,0].
[[2,7,2,1,1,0,2,2,0],0,1].
[[3,6,0,0,0,0,2,3,2],0,2].
[[3,3,1,0,0,0,1,2,0],3,0].
[[2,7,2,1,1,1,1,2,1],2,0].
[[2,8,0,1,2,0,1,1,1],0,3].
[[3,5,0,1,1,0,2,2,0],1,1].
[[2,3,1,0,0,0,2,3,0],1,0].
[[3,6,1,1,1,0,2,3,0],2,1].
[[2,9,1,1,1,0,2,3,1],0,7].
[[2,6,1,1,2,0,1,1,2],2,0].
[[3,3,2,1,2,0,1,1,2],2,0].
[[2,3,1,0,0,0,2,2,1],3,0].
[[2,7,1,1,1,1,2,3,0],3,4].
[[3,5,0,1,1,1,2,1,0],4,0].
[[3,8,0,1,1,1,2,3,2],0,7].
[[2,9,1,1,1,1,2,3,2],1,5].
[[3,7,0,1,1,1,2,1,2],1,2].
[[3,7,2,1,1,0,0,0,0],0,1].
[[2,6,0,0,0,0,2,1,2],0,5].
[[3,6,0,0,0,0,2,1,2],0,6].
[[1,6,1,0,0,0,1,2,1],3,0].
[[3,3,2,0,0,0,2,2,1],3,0].
[[2,7,2,1,1,1,2,1,0],2,1].
[[2,7,2,1,1,1,2,3,0],1,0].
[[2,6,1,1,2,1,1,2,0],1,0].
[[1,8,1,1,1,1,2,1,0],5,1].
[[3,2,1,0,0,0,2,2,2],3,0].
[[2,7,0,0,0,0,2,3,2],0,4].
[[3,8,1,0,0,0,2,1,1],0,5].
[[1,7,2,1,2,0,2,1,2],1,0].
[[3,3,1,1,2,1,2,1,1],2,0].
[[1,7,1,1,2,1,2,1,1],1,1].
[[3,3,1,1,1,1,2,2,1],1,1].
[[2,7,0,1,2,1,2,1,0],0,3].
[[1,3,2,0,0,0,2,2,2],2,0].
[[3,6,1,1,2,0,2,2,1],10,1].
[[2,9,1,1,1,1,2,1,2],0,7].
[[2,7,1,1,1,1,2,1,0],2,2].
[[3,2,0,1,2,1,2,2,0],0,1].
[[2,7,2,1,1,1,2,3,2],3,0].
[[3,8,0,1,1,0,2,3,2],0,1].
[[3,6,0,1,1,1,2,3,2],0,2].
[[3,6,1,1,2,0,2,1,2],7,0].
[[3,3,1,1,1,1,2,1,0],1,0].
[[3,3,1,1,2,0,2,1,2],3,0].
[[2,3,1,0,0,0,2,1,2],3,0].
[[3,8,1,1,1,0,0,0,0],0,2].
[[2,7,1,1,1,1,2,2,0],4,1].
[[3,3,2,1,2,0,2,2,1],1,0].
[[3,3,1,1,1,1,2,3,2],2,1].
[[2,7,1,1,1,1,2,3,2],2,2].
[[3,7,1,1,1,1,2,1,1],1,3].
[[1,9,2,1,1,1,2,1,1],0,2].
[[2,9,1,1,1,1,2,1,1],0,2].
[[3,7,2,1,1,0,2,1,2],3,3].
[[2,6,1,1,1,1,2,3,1],1,0].
[[1,9,2,1,2,0,2,1,1],1,3].
[[2,9,1,1,1,0,2,1,1],0,1].
[[3,6,0,1,2,0,0,0,0],0,4].
[[3,6,1,1,1,1,2,2,2],4,1].
[[1,7,1,1,2,1,2,1,2],2,2].
[[2,7,1,1,1,1,2,1,1],1,1].
[[2,6,1,1,2,0,1,1,0],1,0].
[[3,2,1,1,2,1,2,2,1],2,0].
[[3,3,2,1,1,1,1,2,2],3,0].
[[3,7,0,1,1,1,2,2,1],0,4].
[[3,2,1,1,1,1,0,0,0],2,0].
[[2,3,2,1,2,0,2,3,2],1,0].
[[3,3,2,1,1,0,2,3,2],1,0].
[[1,6,0,0,0,0,2,2,1],0,1].
[[2,6,0,1,2,1,1,2,1],0,1].
[[3,3,2,1,2,0,2,2,2],4,0].
[[2,8,1,1,1,0,0,0,0],1,3].
[[2,6,1,1,2,0,2,3,2],3,0].
[[3,9,1,1,2,0,0,0,0],0,1].
[[3,7,0,0,0,0,1,1,0],0,2].
[[3,7,0,1,2,0,1,1,2],0,4].
[[2,6,0,1,2,1,2,2,1],0,3].
[[3,2,0,1,2,1,2,2,1],0,1].
[[2,6,0,0,0,0,1,2,0],0,2].
[[3,2,1,0,0,0,1,2,1],1,0].
[[1,6,1,1,2,1,2,2,1],3,0].
[[2,6,1,1,1,1,2,2,1],1,0].
[[2,7,2,1,1,1,2,2,1],2,0].
[[3,3,2,1,2,1,1,2,1],5,0].
[[2,8,1,1,1,0,1,2,2],2,3].
[[3,2,1,0,0,0,0,0,0],5,0].
[[2,7,2,1,1,0,2,3,2],0,2].
[[1,7,2,0,0,0,1,1,1],0,2].
[[2,7,0,1,2,1,2,2,1],0,1].
[[2,6,1,1,1,1,2,2,0],2,0].
[[2,6,1,1,1,1,2,1,2],2,0].
[[3,5,0,0,0,0,2,1,0],4,0].
[[3,8,1,1,2,0,2,3,2],0,6].
[[2,8,0,1,2,0,2,1,1],1,1].
[[1,7,2,1,2,0,1,2,2],0,1].
[[2,7,2,1,1,0,1,2,2],1,1].
[[3,6,1,1,1,0,0,0,0],0,1].
[[1,9,2,1,1,1,1,1,1],2,0].
[[3,2,1,1,2,1,2,3,2],2,0].
[[1,7,1,1,2,1,2,1,0],1,0].
[[2,3,1,1,2,1,2,1,0],1,0].
[[3,3,1,1,2,1,1,1,0],4,0].
[[3,7,1,1,1,0,2,1,1],2,0].
[[2,6,1,1,1,1,1,2,2],1,0].
[[1,3,2,0,0,0,2,3,2],2,0].
[[2,3,2,0,0,0,1,2,2],3,0].
[[3,8,1,1,1,0,2,2,2],1,1].
[[2,5,0,1,1,1,1,1,0],3,1].
[[1,7,2,1,2,0,2,3,1],1,0].
[[3,3,2,1,1,0,2,2,0],1,0].
[[2,6,1,1,1,1,1,2,0],1,0].
[[1,6,1,1,2,1,2,3,1],1,0].
[[2,7,2,1,1,0,1,2,1],1,0].
[[1,7,1,1,2,1,2,3,0],2,0].
[[3,9,0,1,1,0,1,1,1],0,2].
[[3,9,1,1,1,0,0,0,0],0,1].
[[3,2,0,1,2,1,2,3,2],0,1].
[[3,8,0,1,1,0,2,1,2],0,2].
[[1,7,2,1,2,0,2,2,2],6,2].
[[2,7,0,1,2,1,2,1,2],0,1].
[[3,7,0,1,2,0,2,1,1],0,1].
[[3,3,2,1,2,0,2,1,2],5,1].
[[3,6,0,1,2,0,1,1,0],0,1].
[[2,6,1,1,2,0,2,3,0],1,0].
[[3,7,1,1,1,0,1,2,0],0,3].
[[3,8,1,1,1,0,2,1,1],0,1].
[[2,6,1,1,2,0,1,2,2],1,0].
[[2,8,1,1,1,0,2,2,1],3,0].
[[3,7,1,1,1,0,2,2,1],3,2].
[[3,3,1,1,2,0,2,1,0],3,0].
[[3,6,1,1,1,0,2,2,2],1,1].
[[2,6,1,1,1,1,1,2,1],1,0].
[[3,3,1,0,0,0,1,1,1],1,0].
[[2,2,1,1,2,1,0,0,0],2,0].
[[2,8,1,1,1,0,2,1,1],1,0].
[[2,7,1,1,2,0,1,1,1],1,1].
[[2,6,1,1,2,0,1,2,1],1,1].
[[3,6,1,1,2,0,1,1,1],0,1].
[[1,7,1,0,0,0,1,2,2],1,0].
[[3,5,0,1,1,0,2,3,0],1,1].
[[3,4,0,1,2,0,2,3,0],0,2].
[[3,2,0,0,0,0,0,0,0],0,1].
[[3,6,0,1,2,0,2,1,2],0,3].
[[3,9,1,1,2,1,1,1,1],0,1].
[[3,2,1,1,2,1,0,0,0],1,0].
[[3,3,0,1,2,1,0,0,0],0,2].
[[3,7,0,1,2,0,2,3,2],0,4].
[[3,3,2,1,2,1,1,1,0],1,0].
[[2,3,2,0,0,0,1,1,2],5,0].
[[3,7,1,1,1,0,1,1,1],0,1].
[[3,2,1,1,1,1,2,1,1],1,0].
[[3,7,0,1,2,0,1,1,1],0,2].
[[1,3,2,0,0,0,2,3,1],2,0].
[[2,7,1,1,1,1,1,2,1],1,1].
[[1,5,0,1,2,0,2,3,0],2,0].
[[3,6,0,1,2,0,2,3,2],0,2].
[[1,3,2,0,0,0,1,1,2],2,0].
[[1,7,2,1,2,1,2,2,1],1,0].
[[1,5,0,1,2,1,1,1,0],1,0].
[[3,4,0,1,2,0,2,1,0],0,1].
[[2,2,1,0,0,0,2,2,2],1,0].
[[2,7,2,1,1,1,2,3,1],1,1].
[[1,9,2,1,2,0,1,1,1],0,2].
[[1,5,0,1,2,0,1,1,1],0,1].
[[2,3,1,1,2,1,2,1,2],2,0].
[[3,2,1,1,2,0,2,3,0],1,0].
[[1,6,1,1,2,1,2,2,0],1,0].
[[2,7,1,1,2,0,1,2,1],1,2].
[[2,7,2,1,1,0,2,3,0],0,1].
[[3,6,1,1,1,0,1,2,1],2,0].
[[3,7,0,0,0,0,2,1,1],0,1].
[[2,9,1,1,2,0,2,1,1],0,3].
[[3,3,2,1,2,0,1,2,1],1,0].
[[2,9,1,1,1,0,2,2,1],0,1].
[[3,8,0,1,1,0,2,2,1],0,1].
[[3,2,0,0,0,0,1,2,0],0,1].
[[2,1,1,1,2,0,1,1,1],1,0].
[[3,1,1,1,2,0,1,1,1],3,0].
[[2,1,1,1,2,0,1,1,0],1,0].
[[3,1,1,1,2,0,1,1,0],1,0].
[[3,7,2,1,1,0,2,3,2],0,1].
[[3,2,0,1,2,1,0,0,0],0,1].
[[3,7,0,1,1,1,2,3,1],0,3].
[[3,7,0,1,2,0,1,2,1],0,1].
[[3,3,1,1,1,1,2,1,2],1,0].
[[3,6,0,1,2,0,1,2,1],0,1].
[[2,7,1,1,2,0,1,2,0],1,0].
[[2,3,1,0,0,0,2,2,0],1,0].
[[3,4,0,1,2,0,1,2,2],0,1].
[[2,3,2,1,2,1,2,2,0],2,0].
[[3,3,2,1,1,1,1,2,0],1,0].
[[3,7,0,1,1,1,2,1,1],0,1].
[[3,2,0,0,0,0,2,1,2],0,1].
[[2,2,1,0,0,0,2,1,2],1,0].
[[3,2,1,1,2,0,2,1,2],1,0].
[[3,9,1,0,0,0,2,2,1],0,2].
[[3,3,1,1,2,0,1,2,1],1,0].
[[2,9,1,1,1,0,2,1,2],0,1].
[[3,6,0,1,1,1,1,2,1],0,2].
[[1,5,0,0,0,0,1,1,0],1,0].
[[3,3,2,1,2,0,2,3,2],2,0].
[[2,3,2,0,0,0,2,1,0],1,0].
[[3,3,1,1,1,1,2,1,1],1,0].
[[1,7,2,1,2,1,2,1,0],1,0].
[[2,4,1,1,2,0,2,1,1],1,0].
[[3,3,0,1,2,1,2,2,0],0,1].
[[2,2,1,0,0,0,2,3,1],2,0].
[[2,3,1,0,0,0,2,1,1],3,0].
[[3,6,0,1,2,0,1,2,0],0,2].
[[3,3,2,1,1,1,2,2,2],1,0].
[[2,3,2,1,2,0,2,2,0],1,0].
[[3,9,1,1,1,0,1,1,1],0,1].
[[2,6,1,1,2,0,2,1,0],1,0].
[[1,5,0,1,1,1,1,2,1],1,0].
[[3,2,1,1,2,0,0,0,0],1,0].
[[3,9,1,0,0,0,2,3,1],0,1].
[[2,3,1,1,2,1,2,1,1],1,0].
[[2,7,2,1,1,1,1,2,0],1,0].
[[1,6,1,1,2,1,2,1,0],1,0].
[[3,3,1,1,2,0,2,3,1],1,0].
[[3,3,2,1,2,1,2,1,0],1,0].
