total_WL(7075,5129).
[[1,9,2,0,0,0,2,2,1],28,36].
[[2,9,2,1,2,0,2,2,1],5,9].
[[3,9,2,1,2,0,1,2,0],6,40].
[[1,9,2,0,0,0,2,3,0],147,181].
[[2,9,2,0,0,0,2,2,0],18,29].
[[1,8,1,0,0,0,2,3,1],156,36].
[[2,8,1,0,0,0,2,3,1],92,17].
[[3,8,1,0,0,0,2,2,1],17,6].
[[1,9,2,0,0,0,1,1,2],77,62].
[[2,8,0,0,0,0,1,1,2],21,16].
[[3,5,0,1,2,0,1,1,2],40,5].
[[1,9,2,0,0,0,2,2,2],98,142].
[[2,8,0,1,2,2,2,2,2],36,76].
[[3,7,1,1,2,2,2,2,2],61,21].
[[1,8,1,1,2,2,0,0,0],173,61].
[[2,8,1,1,2,2,2,2,1],107,28].
[[3,8,1,1,1,2,2,2,1],27,12].
[[1,9,2,1,2,2,1,1,2],89,59].
[[2,8,1,1,2,2,1,1,2],68,29].
[[3,8,1,1,2,2,1,1,2],71,35].
[[1,9,2,1,1,2,1,2,0],30,7].
[[2,4,2,1,2,0,1,1,0],13,1].
[[3,4,2,1,2,0,1,1,0],49,3].
[[2,9,2,1,2,2,2,3,0],56,148].
[[3,9,2,1,1,2,1,1,0],15,41].
[[1,8,0,1,2,2,2,3,2],37,63].
[[2,8,0,1,2,2,1,2,2],53,106].
[[3,8,0,1,1,2,1,2,2],41,109].
[[1,9,2,1,2,2,2,3,2],128,176].
[[2,9,2,1,1,2,2,3,2],29,34].
[[3,8,1,1,1,2,2,3,2],30,9].
[[1,8,1,1,2,2,2,3,2],138,31].
[[2,8,1,1,2,2,2,3,2],137,40].
[[3,8,1,1,2,2,2,3,2],71,18].
[[1,9,2,1,2,2,2,3,0],177,187].
[[2,9,2,1,1,2,2,3,0],37,48].
[[3,9,2,1,1,2,2,3,0],3,35].
[[1,9,2,1,1,2,0,0,0],57,56].
[[2,5,0,1,1,2,2,1,0],13,1].
[[3,5,0,1,1,2,2,1,0],34,2].
[[1,9,2,1,2,2,1,2,2],162,155].
[[2,9,2,1,1,2,1,1,2],35,25].
[[3,9,2,1,1,2,1,1,2],14,46].
[[1,9,2,0,0,0,2,3,1],59,30].
[[2,8,0,1,2,2,2,3,1],22,13].
[[3,8,0,1,2,2,1,2,1],5,8].
[[2,9,2,1,2,0,2,3,1],10,5].
[[3,9,2,1,2,0,2,2,1],1,5].
[[2,9,2,0,0,0,1,1,2],30,48].
[[3,9,2,1,2,0,1,1,2],5,27].
[[1,9,2,1,2,0,1,2,0],6,12].
[[2,9,2,1,2,0,1,2,0],17,27].
[[3,9,2,1,1,0,1,2,0],5,10].
[[1,8,0,1,1,2,2,2,0],8,6].
[[2,8,0,1,1,2,1,1,0],9,6].
[[3,8,0,1,1,2,1,1,0],9,35].
[[1,8,0,0,0,0,2,3,2],36,37].
[[2,8,0,0,0,0,2,3,2],21,39].
[[3,8,0,1,2,2,1,2,0],58,96].
[[1,8,1,0,0,0,0,0,0],232,82].
[[3,7,1,0,0,0,2,3,1],19,5].
[[3,8,1,1,2,2,2,3,1],58,48].
[[3,7,1,1,2,0,2,3,2],28,12].
[[2,9,2,1,2,2,2,2,2],32,92].
[[3,9,2,1,2,2,1,2,2],55,193].
[[1,7,1,0,0,0,0,0,0],47,17].
[[2,7,1,1,2,0,0,0,0],9,6].
[[1,8,0,1,1,2,0,0,0],45,35].
[[2,7,0,1,1,2,0,0,0],6,4].
[[3,4,2,1,2,0,2,2,2],26,2].
[[1,8,1,0,0,0,1,2,2],89,29].
[[2,8,1,1,2,0,1,2,2],37,16].
[[3,8,1,1,2,0,1,2,2],78,31].
[[1,8,1,1,2,2,2,3,1],111,24].
[[2,7,2,1,2,2,2,2,2],26,5].
[[3,7,2,1,2,2,2,2,2],24,7].
[[2,9,2,0,0,0,2,2,2],17,34].
[[3,9,2,0,0,0,1,2,2],10,42].
[[2,9,2,0,0,0,2,1,0],12,28].
[[3,8,0,1,2,2,2,1,0],2,70].
[[2,8,1,0,0,0,1,2,2],104,41].
[[3,7,2,0,0,0,1,2,2],32,7].
[[1,8,1,0,0,0,2,3,2],174,50].
[[2,8,1,1,2,2,2,1,2],83,34].
[[3,8,1,1,2,2,1,2,2],215,74].
[[1,9,2,1,1,2,2,2,2],53,29].
[[1,9,2,0,0,0,2,1,2],83,109].
[[2,9,2,0,0,0,2,1,2],6,30].
[[3,8,0,1,2,2,2,1,2],18,40].
[[1,9,2,0,0,0,1,2,2],159,169].
[[2,9,2,0,0,0,1,2,2],77,113].
[[3,9,2,1,2,0,1,2,2],14,62].
[[1,9,2,1,2,2,2,1,2],70,130].
[[2,9,2,1,2,2,2,1,2],14,58].
[[2,6,1,0,0,0,2,3,2],16,0].
[[3,6,1,0,0,0,1,1,2],3,1].
[[1,8,0,1,2,2,0,0,0],135,202].
[[2,7,1,1,2,2,0,0,0],54,13].
[[3,7,1,1,2,2,2,3,0],34,5].
[[2,8,0,1,2,0,1,2,0],3,5].
[[3,8,0,1,2,0,1,2,0],11,19].
[[1,9,2,1,1,2,2,3,0],72,27].
[[3,5,0,1,1,2,2,3,0],25,0].
[[1,7,1,1,2,2,0,0,0],53,10].
[[3,7,1,1,2,2,2,1,0],15,1].
[[2,9,2,1,2,2,1,1,2],56,84].
[[3,9,2,1,2,2,1,1,2],10,61].
[[1,8,1,0,0,0,2,1,2],140,38].
[[2,8,1,1,2,0,2,1,2],27,12].
[[3,8,1,1,2,0,2,1,2],20,3].
[[2,8,0,1,1,2,2,3,0],43,31].
[[2,7,1,1,1,2,2,1,2],6,4].
[[3,7,1,1,1,2,2,1,2],23,7].
[[1,7,2,0,0,0,2,1,2],30,8].
[[2,7,2,0,0,0,2,1,2],21,7].
[[3,7,1,1,2,0,2,1,2],17,4].
[[1,9,2,1,2,0,1,1,0],3,3].
[[2,8,1,1,2,0,1,1,0],4,3].
[[3,8,1,1,2,2,1,1,0],42,18].
[[3,5,0,1,2,2,1,2,1],74,0].
[[1,8,1,1,2,2,2,3,0],40,8].
[[2,8,1,1,2,2,2,3,0],41,13].
[[1,9,2,0,0,0,0,0,0],93,181].
[[2,8,0,1,2,2,0,0,0],25,118].
[[3,8,0,1,2,2,0,0,0],0,46].
[[2,8,0,0,0,0,1,2,2],30,30].
[[3,8,0,1,2,0,1,2,2],13,36].
[[1,8,1,1,1,2,2,3,0],7,1].
[[2,8,1,1,1,2,2,2,1],38,1].
[[3,7,1,1,1,2,2,2,1],28,4].
[[2,8,1,1,2,2,2,1,0],30,6].
[[1,9,2,1,2,2,2,2,1],37,27].
[[2,5,0,1,2,2,1,1,1],46,0].
[[3,5,0,1,2,2,1,1,1],101,3].
[[3,7,2,0,0,0,1,1,2],10,7].
[[1,8,1,0,0,0,2,2,0],39,9].
[[2,8,1,1,2,2,1,2,0],40,9].
[[3,8,1,1,2,2,1,2,0],86,11].
[[2,7,1,0,0,0,1,2,2],16,8].
[[3,7,1,0,0,0,1,2,2],27,12].
[[1,9,2,1,1,2,2,1,2],43,22].
[[2,8,0,1,1,2,2,1,2],12,23].
[[3,6,0,1,1,2,2,1,2],2,4].
[[1,9,2,1,2,2,2,3,1],48,38].
[[2,9,2,1,2,2,2,3,1],31,34].
[[3,9,2,1,1,2,2,3,1],4,13].
[[1,9,2,1,1,2,1,1,2],35,13].
[[3,5,0,1,1,2,1,1,1],65,1].
[[1,9,2,0,0,0,2,2,0],92,129].
[[2,8,0,0,0,0,2,2,0],19,33].
[[3,8,0,0,0,0,2,2,0],3,12].
[[2,9,2,1,2,2,1,2,0],91,150].
[[3,9,2,1,2,2,1,2,0],45,162].
[[2,9,2,1,2,2,1,2,2],129,200].
[[1,9,2,1,2,2,2,2,0],92,137].
[[2,9,2,1,1,2,1,2,0],50,49].
[[3,8,0,1,1,2,1,2,0],44,68].
[[1,9,2,1,2,0,2,3,0],18,40].
[[2,9,2,1,2,0,2,3,0],10,31].
[[2,8,1,1,2,2,2,3,1],123,46].
[[3,6,1,1,2,2,2,3,1],15,2].
[[2,8,1,0,0,0,1,1,2],52,17].
[[3,8,1,0,0,0,1,1,2],22,13].
[[2,8,0,0,0,0,2,3,0],35,37].
[[3,5,0,1,2,2,1,1,2],106,7].
[[2,8,1,0,0,0,2,1,2],79,18].
[[2,8,0,1,1,2,0,0,0],21,49].
[[3,8,0,1,1,2,2,3,0],16,76].
[[1,9,2,1,2,2,0,0,0],88,205].
[[2,9,2,1,2,2,2,1,0],25,88].
[[2,9,2,0,0,0,2,3,0],25,75].
[[3,8,0,0,0,0,2,3,0],2,29].
[[1,9,2,1,2,2,1,1,0],25,34].
[[2,9,2,1,2,2,1,1,0],28,72].
[[3,8,0,1,2,2,1,1,0],8,45].
[[1,8,1,1,2,2,2,1,2],109,23].
[[2,9,2,1,2,2,0,0,0],9,43].
[[2,8,0,1,1,2,2,2,2],25,21].
[[3,8,0,1,1,2,1,1,2],17,31].
[[2,8,1,1,1,2,0,0,0],4,8].
[[3,7,1,1,1,2,0,0,0],3,8].
[[1,9,2,1,2,2,2,1,0],67,129].
[[2,8,0,1,2,2,2,1,0],25,52].
[[3,8,0,1,1,2,2,1,0],2,33].
[[3,7,0,0,0,0,2,3,0],5,2].
[[1,8,1,1,2,2,2,1,0],34,2].
[[2,8,1,1,1,2,2,1,0],9,0].
[[3,8,1,1,1,2,1,1,0],21,7].
[[2,7,2,1,2,0,2,1,2],5,0].
[[3,3,2,1,2,0,2,1,2],2,0].
[[1,8,1,1,2,0,2,3,2],19,13].
[[2,7,1,1,2,0,2,3,2],4,5].
[[2,9,2,0,0,0,2,3,1],12,16].
[[3,9,2,1,2,0,2,3,1],1,4].
[[1,8,0,0,0,0,2,1,0],20,16].
[[2,7,1,0,0,0,1,2,1],11,0].
[[3,7,1,0,0,0,1,2,1],12,2].
[[1,9,2,1,2,2,1,2,0],69,67].
[[2,5,0,1,1,2,1,2,0],7,0].
[[3,4,2,1,2,0,1,2,0],81,4].
[[3,8,1,0,0,0,2,1,2],12,2].
[[1,5,0,1,2,2,2,1,0],10,1].
[[2,5,0,1,2,2,2,1,0],26,0].
[[3,5,0,1,2,2,2,1,0],55,1].
[[2,8,1,1,2,2,1,2,2],185,44].
[[3,8,1,1,1,2,1,1,2],42,8].
[[3,8,0,1,2,2,2,3,0],27,107].
[[2,8,1,0,0,0,2,3,0],35,7].
[[3,7,1,0,0,0,2,3,0],7,2].
[[3,7,1,1,2,0,1,2,2],29,6].
[[1,8,1,0,0,0,2,3,0],60,8].
[[2,8,1,0,0,0,2,2,1],71,15].
[[3,7,1,1,2,2,2,2,1],54,17].
[[1,8,0,0,0,0,2,2,0],20,12].
[[2,8,0,1,2,0,2,2,0],1,14].
[[2,7,2,1,2,2,2,1,2],27,8].
[[3,7,2,1,1,2,2,1,2],6,1].
[[1,4,2,1,2,0,2,2,0],8,0].
[[2,4,2,1,2,0,1,2,0],22,1].
[[1,8,1,1,2,0,2,2,0],3,1].
[[2,8,1,1,2,0,2,2,0],7,6].
[[3,7,2,1,2,0,2,3,2],11,6].
[[2,7,1,0,0,0,2,2,2],25,6].
[[3,7,1,1,2,0,2,2,2],22,4].
[[3,7,2,1,2,2,1,2,2],72,6].
[[1,9,2,1,1,2,1,2,2],72,40].
[[2,5,0,1,1,2,1,1,2],47,2].
[[3,4,2,1,2,0,1,1,2],76,4].
[[2,8,0,1,2,2,2,3,2],46,80].
[[3,8,0,1,1,2,2,3,2],21,31].
[[3,9,2,1,2,2,2,2,0],3,40].
[[2,7,1,1,1,2,0,0,0],12,3].
[[3,7,1,1,1,2,2,3,0],11,1].
[[1,8,1,1,2,2,1,2,2],69,18].
[[3,6,0,0,0,0,2,3,0],2,0].
[[1,9,2,1,2,0,2,2,0],8,14].
[[2,9,2,1,1,0,1,1,0],0,1].
[[3,9,2,1,1,0,1,1,0],2,9].
[[1,4,2,1,2,0,2,2,2],6,1].
[[2,4,2,1,2,0,2,2,2],23,2].
[[1,8,1,1,2,2,2,2,2],119,44].
[[2,8,1,1,2,2,2,2,2],98,41].
[[2,9,2,1,2,2,2,3,2],39,78].
[[1,9,2,0,0,0,1,2,0],48,51].
[[2,9,2,0,0,0,1,2,0],40,54].
[[3,9,2,0,0,0,1,2,0],6,24].
[[2,5,0,1,2,2,1,2,1],29,2].
[[1,8,1,0,0,0,2,2,1],101,26].
[[3,8,1,1,2,0,2,2,1],29,15].
[[3,8,0,1,2,2,1,2,2],73,145].
[[1,8,0,0,0,0,0,0,0],71,145].
[[3,5,0,1,2,2,2,3,0],38,3].
[[2,7,2,1,2,0,2,3,2],9,2].
[[3,7,2,1,2,2,2,3,2],50,7].
[[3,9,2,1,2,2,2,2,2],1,26].
[[1,9,2,0,0,0,1,1,0],8,28].
[[2,9,2,1,2,0,1,1,0],6,11].
[[1,4,2,1,2,0,1,1,0],3,0].
[[1,8,1,0,0,0,2,1,0],27,7].
[[1,9,2,0,0,0,2,3,2],79,165].
[[2,8,0,1,2,0,2,3,2],8,11].
[[3,6,0,1,2,2,2,3,2],1,8].
[[1,7,2,0,0,0,0,0,0],32,4].
[[2,3,2,0,0,0,0,0,0],9,0].
[[3,3,2,1,2,2,2,2,2],13,0].
[[2,9,2,1,2,2,2,2,0],40,84].
[[3,8,1,1,2,2,2,2,1],84,29].
[[2,9,2,1,1,2,2,1,0],24,24].
[[3,8,0,1,2,2,1,1,2],32,72].
[[2,8,1,1,1,2,2,3,1],40,10].
[[3,8,1,1,1,2,2,3,1],28,15].
[[1,9,2,1,1,2,2,2,0],45,26].
[[2,8,0,1,1,2,2,2,0],26,24].
[[2,9,2,1,2,0,1,2,2],32,50].
[[2,8,0,1,2,2,2,3,0],66,99].
[[1,8,0,1,2,2,2,1,2],44,48].
[[1,9,2,1,1,2,2,1,0],35,23].
[[2,8,0,1,1,2,2,1,0],12,24].
[[3,7,0,1,1,2,2,1,0],2,10].
[[2,8,0,1,2,0,1,2,2],12,7].
[[1,4,2,1,2,0,2,3,0],15,1].
[[2,4,2,1,2,0,2,3,0],44,3].
[[3,9,2,0,0,0,2,3,0],3,10].
[[3,9,2,1,2,2,2,1,0],0,39].
[[1,8,1,0,0,0,2,2,2],144,39].
[[2,8,1,0,0,0,2,2,2],79,20].
[[3,7,1,0,0,0,2,2,2],25,4].
[[2,4,2,1,2,0,1,1,2],24,2].
[[1,5,0,0,0,0,2,1,0],11,0].
[[2,5,0,0,0,0,1,1,1],23,0].
[[3,8,0,0,0,0,1,2,0],9,16].
[[1,9,2,0,0,0,2,1,0],64,79].
[[2,8,0,1,2,0,2,1,0],1,5].
[[3,9,2,1,1,2,1,2,0],30,124].
[[3,8,1,0,0,0,1,2,2],51,17].
[[1,8,0,0,0,0,2,3,1],4,6].
[[2,8,0,0,0,0,2,3,1],13,6].
[[3,8,0,0,0,0,1,1,0],6,13].
[[2,8,0,1,2,2,2,2,1],10,16].
[[3,8,0,1,1,2,2,2,1],9,14].
[[2,7,2,1,2,2,2,3,2],39,2].
[[3,7,2,1,1,0,2,3,2],4,3].
[[1,5,0,1,2,2,1,1,1],14,1].
[[3,8,0,0,0,0,1,2,2],19,25].
[[1,9,2,1,1,2,2,3,2],52,33].
[[2,4,2,1,2,0,1,2,2],53,2].
[[3,1,2,1,2,0,1,1,2],12,0].
[[3,8,1,0,0,0,2,3,1],21,5].
[[3,8,0,1,2,0,2,3,1],3,4].
[[3,5,0,0,0,0,1,2,1],16,0].
[[1,8,0,0,0,0,1,1,2],9,7].
[[2,6,0,1,2,2,1,1,2],1,1].
[[3,6,0,1,1,2,1,1,2],2,2].
[[3,8,1,1,1,2,1,2,2],90,47].
[[1,8,0,1,2,2,2,2,0],20,23].
[[3,8,0,1,1,2,2,2,0],7,49].
[[1,8,0,1,2,2,1,2,2],21,21].
[[2,5,0,1,2,2,1,1,2],61,6].
[[2,9,2,1,1,2,0,0,0],13,17].
[[3,9,2,1,1,2,2,2,0],0,24].
[[2,9,2,1,1,2,1,2,1],9,3].
[[3,9,2,1,1,2,1,2,1],8,6].
[[3,9,2,1,2,2,2,3,1],5,14].
[[3,7,2,1,2,2,0,0,0],8,1].
[[2,6,0,1,2,2,0,0,0],9,9].
[[3,6,0,1,2,2,0,0,0],2,4].
[[1,6,1,0,0,0,2,1,2],12,1].
[[2,6,1,1,2,0,2,1,2],4,0].
[[3,6,1,1,2,0,2,1,2],7,0].
[[2,8,0,1,2,2,1,1,2],38,28].
[[2,4,2,1,2,0,2,2,0],27,0].
[[3,4,2,1,2,0,2,2,0],33,1].
[[3,8,0,1,2,2,2,3,2],20,55].
[[2,8,0,1,2,2,2,2,0],24,71].
[[1,9,2,1,1,2,1,2,1],4,2].
[[2,8,1,1,1,2,1,1,2],27,2].
[[3,7,2,1,1,2,1,1,2],4,4].
[[1,5,0,0,0,0,1,2,1],5,0].
[[1,9,2,1,2,0,0,0,0],13,32].
[[2,9,2,1,2,0,2,1,0],8,17].
[[3,8,0,1,2,2,2,2,0],8,46].
[[2,5,0,1,2,0,2,1,0],7,1].
[[3,5,0,1,2,0,1,2,1],25,3].
[[1,8,1,1,2,2,2,2,1],84,18].
[[1,5,0,0,0,0,2,3,0],10,0].
[[2,5,0,0,0,0,2,3,0],14,0].
[[3,5,0,0,0,0,2,3,0],8,0].
[[3,4,2,1,2,0,1,2,2],151,5].
[[2,9,2,1,2,2,2,2,1],30,27].
[[3,8,1,1,2,2,1,1,1],17,5].
[[1,8,0,0,0,0,1,2,0],3,2].
[[2,7,1,0,0,0,1,1,1],2,1].
[[3,7,1,1,2,0,1,1,1],3,0].
[[3,9,2,1,1,2,2,1,0],0,26].
[[1,6,1,1,2,2,0,0,0],17,0].
[[2,6,1,1,2,2,0,0,0],18,1].
[[3,6,1,1,2,2,2,2,2],11,0].
[[1,9,2,1,2,2,2,2,2],91,146].
[[3,7,1,1,2,2,1,2,2],109,30].
[[1,8,1,1,1,2,2,3,2],22,0].
[[2,8,1,1,1,2,1,2,2],57,23].
[[3,8,0,1,2,2,2,3,1],23,13].
[[3,9,2,1,1,0,2,3,1],0,7].
[[1,8,1,1,2,2,1,2,1],37,6].
[[2,8,1,1,1,2,1,2,1],24,4].
[[2,8,0,0,0,0,1,2,0],11,19].
[[1,9,2,1,1,2,2,3,1],25,8].
[[2,9,2,1,1,2,2,2,1],17,9].
[[3,4,2,1,2,0,2,2,1],25,1].
[[2,7,1,1,2,2,2,2,2],37,17].
[[1,7,1,0,0,0,2,2,1],10,0].
[[2,7,1,1,2,2,1,1,1],6,0].
[[3,7,1,1,1,2,1,1,1],6,3].
[[3,8,1,1,2,0,1,2,1],32,4].
[[2,9,2,0,0,0,0,0,0],4,20].
[[2,9,2,1,1,2,1,2,2],85,83].
[[1,8,1,1,2,2,1,1,2],28,12].
[[2,6,1,1,2,2,1,1,2],6,1].
[[3,6,1,1,1,2,1,1,2],5,1].
[[2,8,0,0,0,0,0,0,0],9,49].
[[3,8,0,1,2,0,0,0,0],0,7].
[[3,8,1,1,1,2,2,2,2],31,8].
[[2,8,1,1,2,2,1,2,1],62,15].
[[3,7,1,1,2,2,1,2,1],40,3].
[[3,8,1,1,2,2,2,2,2],48,21].
[[2,7,2,0,0,0,2,3,2],29,7].
[[3,7,2,0,0,0,2,3,2],8,3].
[[1,7,2,0,0,0,2,2,2],21,5].
[[2,7,2,1,2,0,1,2,2],10,2].
[[3,7,2,1,1,0,1,2,2],9,7].
[[3,4,2,1,2,0,1,2,1],33,0].
[[2,8,1,1,2,0,2,3,1],26,10].
[[3,8,1,1,1,0,2,3,1],6,9].
[[3,8,0,1,1,2,2,1,2],8,34].
[[3,8,0,0,0,0,2,2,1],2,9].
[[1,6,1,0,0,0,2,2,1],9,0].
[[2,6,1,0,0,0,1,1,1],2,0].
[[3,6,1,1,2,0,1,1,1],1,0].
[[3,5,0,1,1,2,1,1,0],14,2].
[[2,8,1,1,2,0,2,2,1],36,10].
[[2,8,1,0,0,0,2,3,2],92,34].
[[1,6,0,1,2,2,2,3,0],0,1].
[[2,6,0,1,1,2,2,3,0],0,2].
[[3,6,0,1,1,2,2,3,0],4,4].
[[3,8,1,1,2,0,2,3,1],32,13].
[[3,8,1,1,2,2,1,2,1],70,12].
[[1,7,1,1,2,2,1,2,1],2,0].
[[2,7,1,1,2,2,1,2,1],12,2].
[[3,3,1,1,2,2,1,2,1],4,0].
[[3,5,0,1,1,2,1,1,2],85,4].
[[1,8,0,1,2,2,1,1,0],4,4].
[[2,8,0,1,2,2,1,1,0],7,17].
[[3,7,1,1,2,2,1,1,0],7,0].
[[3,7,1,1,1,2,1,1,0],7,0].
[[1,8,0,1,2,2,2,2,2],30,46].
[[2,4,2,1,2,0,0,0,0],15,2].
[[3,4,2,1,2,0,0,0,0],11,6].
[[1,9,2,1,2,2,1,2,1],11,11].
[[2,7,1,1,2,2,2,2,1],25,5].
[[1,7,2,1,2,2,0,0,0],12,6].
[[2,3,2,1,2,2,0,0,0],2,0].
[[3,3,2,1,2,2,0,0,0],4,0].
[[3,8,1,1,2,2,2,1,2],40,17].
[[2,8,0,1,1,2,2,3,2],26,21].
[[1,8,0,0,0,0,2,2,2],29,42].
[[2,8,0,0,0,0,2,2,2],18,33].
[[3,8,0,1,2,0,2,2,2],3,11].
[[2,9,2,0,0,0,1,1,0],18,31].
[[3,9,2,1,2,0,1,1,0],0,18].
[[3,8,1,1,1,2,1,2,1],46,7].
[[1,8,1,0,0,0,1,2,1],36,11].
[[1,8,1,1,1,2,2,1,2],13,1].
[[2,8,1,1,1,2,2,1,2],27,0].
[[2,7,1,0,0,0,2,2,0],9,0].
[[3,7,1,1,2,0,2,2,0],3,1].
[[2,5,0,1,1,2,1,1,1],23,1].
[[1,5,0,0,0,0,1,1,2],17,0].
[[2,5,0,0,0,0,1,1,2],34,2].
[[3,5,0,0,0,0,1,1,2],27,1].
[[1,8,1,0,0,0,1,1,1],9,4].
[[3,7,1,1,2,2,1,1,1],12,4].
[[1,8,0,1,2,2,2,3,1],11,5].
[[2,8,0,1,1,2,2,3,1],16,6].
[[1,8,0,1,1,2,2,2,2],12,10].
[[3,8,0,1,2,2,2,2,1],9,21].
[[2,9,2,0,0,0,2,2,1],12,19].
[[3,7,2,1,2,0,2,1,2],12,3].
[[1,8,1,1,2,0,2,1,2],12,8].
[[2,8,1,1,1,0,1,2,2],1,4].
[[3,7,1,1,1,0,1,2,2],3,3].
[[1,7,2,0,0,0,2,3,2],24,7].
[[3,7,2,1,1,2,2,3,2],14,0].
[[3,9,2,0,0,0,2,1,1],0,1].
[[3,8,1,1,1,2,2,3,0],4,7].
[[1,7,1,0,0,0,2,2,2],7,2].
[[2,7,1,1,2,2,1,2,2],13,3].
[[2,8,0,1,2,2,2,1,2],44,62].
[[1,4,2,1,2,0,2,3,2],13,1].
[[2,4,2,1,2,0,2,3,2],27,0].
[[3,4,2,1,2,0,2,3,2],37,1].
[[2,9,2,1,1,2,2,1,2],13,22].
[[3,5,0,0,0,0,2,1,0],11,0].
[[3,7,1,1,2,2,2,3,2],69,21].
[[2,8,0,1,2,0,2,2,2],5,14].
[[1,4,2,1,2,0,1,2,2],18,1].
[[2,7,1,1,1,2,2,3,2],9,0].
[[3,3,1,1,1,2,2,3,2],3,0].
[[2,7,1,0,0,0,2,1,2],17,7].
[[3,7,1,0,0,0,2,1,2],24,3].
[[3,8,0,1,2,2,2,2,2],10,54].
[[2,8,0,1,1,2,1,2,2],30,32].
[[3,7,1,1,1,2,1,2,2],43,16].
[[1,5,0,1,1,2,2,3,0],5,0].
[[2,5,0,1,1,2,1,1,0],5,0].
[[2,5,0,1,2,2,2,3,0],29,1].
[[1,6,1,0,0,0,0,0,0],53,6].
[[2,6,1,0,0,0,2,1,2],7,1].
[[3,6,1,1,2,0,1,2,2],7,1].
[[2,8,0,1,1,2,2,2,1],7,2].
[[3,8,0,1,1,2,1,2,1],7,4].
[[3,8,1,1,2,0,2,3,2],19,10].
[[3,8,0,1,2,0,2,3,2],3,12].
[[2,7,2,0,0,0,1,2,2],31,3].
[[2,7,1,1,2,2,1,1,2],13,2].
[[3,3,1,1,2,2,1,1,2],2,0].
[[3,7,1,1,1,2,2,3,1],26,10].
[[2,9,2,0,0,0,2,3,2],11,45].
[[3,9,2,0,0,0,1,1,2],3,18].
[[3,6,1,1,2,2,2,1,0],7,1].
[[3,9,2,1,1,2,1,2,2],31,118].
[[2,7,1,0,0,0,0,0,0],37,13].
[[3,7,1,1,2,2,2,1,2],64,21].
[[3,8,0,0,0,0,2,1,2],5,9].
[[3,7,1,1,1,0,1,2,0],1,0].
[[2,8,0,1,2,2,1,2,0],33,27].
[[2,7,1,1,2,2,2,1,2],32,12].
[[3,4,2,1,2,0,2,3,0],65,2].
[[1,6,1,1,2,2,2,3,1],3,0].
[[2,6,1,1,1,2,2,3,1],2,0].
[[3,6,1,1,1,2,2,3,1],9,0].
[[2,8,0,0,0,0,2,1,0],9,21].
[[1,8,0,0,0,0,2,3,0],29,19].
[[2,7,0,0,0,0,2,3,0],2,0].
[[3,7,1,0,0,0,2,3,2],30,5].
[[1,7,2,1,2,2,2,2,2],16,1].
[[1,9,2,1,2,0,1,2,2],16,21].
[[3,8,1,1,2,0,1,1,2],25,10].
[[1,7,1,1,2,2,2,1,2],10,1].
[[3,7,1,1,2,2,1,1,2],39,12].
[[1,8,1,1,2,2,2,2,0],28,3].
[[3,7,1,1,2,2,1,2,0],29,3].
[[2,9,2,1,1,2,1,1,0],14,20].
[[2,8,1,1,1,2,2,1,1],12,2].
[[3,8,1,1,1,2,2,1,1],12,8].
[[1,5,0,1,1,2,1,1,2],12,1].
[[3,7,0,1,2,0,2,2,2],0,2].
[[2,8,1,0,0,0,2,2,0],14,5].
[[3,8,1,0,0,0,1,2,0],29,5].
[[1,8,0,0,0,0,2,1,2],24,28].
[[2,7,1,1,2,2,2,3,2],40,14].
[[2,8,1,1,2,2,2,2,0],38,14].
[[2,8,1,0,0,0,1,2,1],40,12].
[[3,8,1,0,0,0,1,2,1],24,6].
[[1,8,1,0,0,0,2,1,1],26,6].
[[2,7,1,0,0,0,2,1,1],5,1].
[[3,7,1,1,2,2,2,1,1],10,5].
[[1,6,0,1,2,2,0,0,0],9,6].
[[2,6,0,1,1,2,0,0,0],4,8].
[[3,6,0,1,1,2,0,0,0],1,3].
[[2,6,1,0,0,0,2,3,1],22,1].
[[1,8,0,0,0,0,1,2,2],20,11].
[[2,7,0,1,2,2,1,2,2],1,1].
[[3,7,1,1,2,2,2,3,1],79,21].
[[3,7,1,0,0,0,1,2,0],9,0].
[[3,7,1,1,1,2,1,1,2],16,4].
[[1,8,0,1,1,2,1,2,2],8,2].
[[3,5,0,1,2,2,1,1,0],19,3].
[[2,7,1,0,0,0,2,3,0],8,2].
[[3,3,2,1,2,2,2,1,2],7,0].
[[1,8,0,1,2,2,2,3,0],40,27].
[[3,5,0,1,2,2,1,2,2],17,2].
[[2,8,0,1,2,0,2,1,2],4,7].
[[3,8,0,0,0,0,0,0,0],0,5].
[[3,9,2,1,2,2,2,3,0],2,63].
[[3,6,0,1,1,2,1,2,2],0,4].
[[2,8,0,0,0,0,1,1,0],2,7].
[[3,8,0,1,2,0,1,1,0],4,20].
[[1,9,2,1,1,2,1,1,0],6,4].
[[2,8,1,0,0,0,2,1,1],12,5].
[[3,8,1,0,0,0,2,1,1],4,3].
[[3,7,2,1,2,2,1,1,2],21,11].
[[1,8,1,1,1,2,0,0,0],36,4].
[[2,8,1,1,1,2,2,2,0],21,1].
[[3,8,1,1,1,2,2,1,2],20,5].
[[3,7,1,1,2,0,2,2,1],15,4].
[[2,6,0,1,1,2,1,2,2],1,1].
[[2,6,0,1,2,2,2,3,2],3,3].
[[3,3,1,1,2,2,2,3,2],14,0].
[[2,8,1,0,0,0,1,1,1],14,3].
[[3,8,1,0,0,0,1,1,1],7,1].
[[1,9,2,1,1,2,2,1,1],4,0].
[[2,5,0,1,1,2,1,2,1],14,0].
[[2,9,2,1,2,0,2,2,2],3,14].
[[3,6,0,1,2,2,2,1,2],1,1].
[[3,8,0,1,1,2,2,3,1],15,14].
[[1,8,0,1,1,2,1,1,2],6,0].
[[2,1,2,1,2,0,1,1,2],3,0].
[[2,9,2,1,1,2,2,3,1],22,14].
[[2,7,1,1,2,2,2,1,1],8,4].
[[1,8,1,1,1,2,2,2,2],20,6].
[[3,6,1,1,1,2,1,2,2],14,1].
[[2,9,2,1,1,2,2,2,0],16,24].
[[3,7,0,1,2,2,2,1,0],2,8].
[[2,5,0,1,2,0,1,1,1],7,3].
[[3,5,0,1,2,0,1,1,1],24,2].
[[3,8,0,1,2,0,2,3,0],4,28].
[[2,7,1,1,2,2,2,3,1],40,7].
[[3,3,1,1,2,2,2,3,1],8,0].
[[2,8,1,0,0,0,1,2,0],21,5].
[[1,9,2,1,2,0,2,3,2],10,14].
[[2,9,2,1,2,0,2,3,2],4,24].
[[3,9,2,1,2,0,2,3,2],1,8].
[[2,8,1,1,2,2,1,1,0],13,7].
[[2,8,0,1,1,2,1,1,2],9,12].
[[3,7,2,1,2,0,0,0,0],3,0].
[[3,6,0,1,1,2,2,3,2],2,5].
[[3,8,1,1,2,0,1,1,0],10,12].
[[3,9,2,0,0,0,2,3,1],1,3].
[[3,4,2,1,2,0,2,1,0],28,1].
[[3,8,0,1,1,2,2,2,2],14,45].
[[3,6,1,1,1,2,2,2,1],3,0].
[[3,7,0,1,1,2,1,2,2],2,9].
[[1,5,0,1,2,0,1,1,2],2,2].
[[3,8,0,0,0,0,2,3,1],7,7].
[[1,8,1,0,0,0,1,1,2],33,15].
[[2,7,2,0,0,0,1,1,2],15,10].
[[3,7,2,1,2,0,1,1,2],14,9].
[[2,7,1,1,2,2,2,3,0],15,0].
[[3,6,1,0,0,0,2,3,1],9,0].
[[3,6,0,1,1,2,2,2,0],1,5].
[[2,8,1,1,2,0,1,2,1],20,9].
[[3,5,0,1,2,0,1,2,2],7,0].
[[3,6,1,1,2,2,2,1,2],17,1].
[[2,9,2,1,2,0,0,0,0],3,16].
[[3,9,2,1,2,0,0,0,0],0,4].
[[2,8,0,1,2,0,2,3,0],5,10].
[[2,7,2,1,2,2,1,1,1],0,1].
[[3,7,2,1,1,2,1,1,1],0,3].
[[3,9,2,0,0,0,1,1,0],1,13].
[[2,7,1,1,2,0,2,1,2],6,1].
[[3,7,1,1,2,0,1,1,2],12,0].
[[1,5,0,1,2,0,2,3,0],1,2].
[[3,5,0,1,1,0,2,3,0],5,2].
[[3,6,1,1,2,2,1,2,2],16,0].
[[2,4,2,1,2,0,2,2,1],13,0].
[[3,9,2,0,0,0,2,2,2],0,3].
[[1,8,1,1,1,2,2,3,1],9,1].
[[3,4,2,1,2,0,2,3,1],38,0].
[[3,5,0,0,0,0,1,1,1],25,0].
[[2,6,1,0,0,0,0,0,0],25,1].
[[3,3,1,1,2,2,0,0,0],12,0].
[[3,8,0,1,1,0,2,3,0],1,7].
[[3,6,1,0,0,0,0,0,0],2,2].
[[3,5,0,1,1,2,1,2,0],13,0].
[[2,4,2,1,2,0,2,1,2],29,3].
[[2,8,1,0,0,0,2,1,0],21,6].
[[1,9,2,0,0,0,1,2,1],10,11].
[[2,9,2,0,0,0,1,2,1],14,10].
[[3,8,0,1,2,0,1,2,1],1,1].
[[1,9,2,1,1,2,2,2,1],17,7].
[[3,8,0,1,1,0,2,2,2],1,5].
[[2,8,1,1,2,0,2,3,2],27,14].
[[1,8,1,1,2,0,2,2,2],12,7].
[[2,8,1,1,1,0,2,3,2],2,7].
[[3,8,1,1,1,0,1,1,2],5,9].
[[1,8,1,1,2,0,0,0,0],19,19].
[[2,8,1,1,2,0,2,1,0],7,6].
[[3,7,2,1,2,2,2,1,2],31,5].
[[3,5,0,1,2,0,1,2,0],9,0].
[[3,9,2,1,1,0,1,2,2],1,21].
[[1,7,2,1,2,0,2,3,2],1,1].
[[2,7,2,1,1,0,1,2,2],0,1].
[[3,7,2,1,1,0,1,1,2],5,6].
[[3,8,1,1,2,0,2,3,0],2,4].
[[3,7,1,1,1,2,2,2,2],34,9].
[[3,5,0,1,2,0,2,1,0],12,1].
[[2,9,2,1,2,2,1,2,1],13,15].
[[3,9,2,1,2,2,1,2,1],11,9].
[[3,8,0,0,0,0,1,1,2],4,17].
[[2,5,0,1,2,2,1,1,0],7,0].
[[2,8,1,1,1,2,2,2,2],34,7].
[[3,6,1,1,1,2,2,2,2],7,0].
[[3,9,2,0,0,0,2,3,2],2,2].
[[1,7,2,0,0,0,1,1,2],5,3].
[[2,8,1,1,2,0,2,2,2],33,12].
[[3,8,1,1,1,0,1,2,2],17,21].
[[3,8,1,1,2,2,2,3,0],7,7].
[[3,8,1,1,2,2,2,2,0],3,6].
[[1,5,0,1,2,2,2,3,0],12,2].
[[3,7,0,1,2,2,2,3,2],2,11].
[[3,7,1,0,0,0,1,1,2],9,8].
[[2,9,2,1,2,0,2,2,0],3,18].
[[3,8,0,1,2,0,2,2,0],2,9].
[[2,9,2,1,1,0,2,3,0],2,5].
[[3,5,0,1,1,0,2,1,0],2,2].
[[3,8,1,0,0,0,2,3,2],19,3].
[[3,9,2,1,2,0,2,3,0],0,17].
[[1,7,1,0,0,0,2,3,1],12,2].
[[2,7,1,0,0,0,2,3,1],25,2].
[[3,7,1,0,0,0,1,1,0],3,2].
[[2,6,1,1,2,2,2,3,2],12,0].
[[3,6,1,1,1,2,2,3,2],6,0].
[[1,8,1,1,2,2,2,1,1],19,2].
[[2,8,1,1,2,2,2,1,1],17,4].
[[3,7,1,1,2,2,0,0,0],2,10].
[[3,7,1,1,2,0,1,2,1],11,3].
[[2,6,1,1,2,2,2,3,1],8,1].
[[3,3,1,1,1,2,2,3,1],1,1].
[[1,8,1,1,1,2,1,2,2],14,3].
[[2,1,2,1,2,0,1,1,1],2,0].
[[3,1,2,1,2,0,1,1,1],4,0].
[[2,7,1,1,1,2,2,3,1],5,1].
[[2,5,0,0,0,0,2,1,0],18,0].
[[3,8,1,1,1,2,1,2,0],44,12].
[[2,7,1,1,2,0,2,1,1],2,0].
[[3,7,0,1,1,2,1,2,0],2,3].
[[1,7,1,1,2,2,2,2,1],4,1].
[[3,6,1,1,2,0,0,0,0],2,0].
[[3,1,2,1,2,0,1,2,2],1,0].
[[3,6,0,1,2,2,2,2,0],5,5].
[[1,8,0,1,1,2,2,3,2],11,8].
[[1,8,1,1,1,2,2,2,1],17,0].
[[2,7,0,1,2,2,0,0,0],8,7].
[[2,5,0,1,1,0,2,3,0],0,1].
[[2,8,0,0,0,0,2,1,2],15,24].
[[3,9,2,0,0,0,2,2,1],1,4].
[[3,7,0,1,1,2,2,3,2],5,7].
[[3,6,1,1,2,2,1,1,2],13,0].
[[3,5,0,0,0,0,1,1,0],5,0].
[[3,6,0,1,2,2,1,2,2],2,9].
[[1,7,2,1,2,2,2,3,2],12,0].
[[3,3,2,1,2,2,2,3,2],7,0].
[[3,7,1,1,1,2,2,2,0],6,3].
[[2,6,1,1,2,2,2,2,2],6,0].
[[3,8,0,1,1,2,0,0,0],0,19].
[[2,8,0,1,2,0,2,3,1],0,4].
[[3,7,1,1,1,2,2,3,2],37,4].
[[3,6,1,1,2,2,1,2,0],3,0].
[[2,7,1,1,1,2,2,2,2],11,2].
[[2,9,2,1,1,2,2,2,2],21,40].
[[1,5,0,1,2,2,1,1,2],29,1].
[[2,8,1,0,0,0,1,1,0],7,6].
[[3,7,0,1,2,2,2,2,0],4,9].
[[2,5,0,0,0,0,1,1,0],6,0].
[[1,8,1,1,2,0,2,3,1],14,6].
[[2,7,1,1,2,0,2,3,1],7,3].
[[2,9,2,1,1,0,0,0,0],1,2].
[[3,8,0,1,1,0,0,0,0],0,4].
[[1,8,1,1,2,0,1,2,2],6,5].
[[2,8,1,1,2,0,1,1,2],12,6].
[[3,7,1,1,2,0,2,1,1],5,0].
[[1,7,1,0,0,0,2,3,2],11,5].
[[2,7,1,0,0,0,2,3,2],32,7].
[[3,9,2,1,1,2,0,0,0],0,5].
[[2,8,1,1,2,0,2,3,0],14,8].
[[3,8,1,1,1,0,2,3,0],1,4].
[[3,6,1,0,0,0,1,2,2],11,0].
[[2,7,2,0,0,0,2,2,2],30,3].
[[3,8,1,1,2,0,2,1,1],3,1].
[[2,7,2,1,2,2,1,1,2],7,4].
[[1,9,2,1,2,0,1,1,2],7,7].
[[2,7,2,1,2,2,1,2,2],28,9].
[[3,5,0,1,1,2,1,2,1],40,0].
[[3,4,2,1,2,0,2,1,2],28,2].
[[1,9,2,1,2,0,2,1,0],4,10].
[[3,7,0,1,1,2,1,1,2],1,3].
[[3,7,0,1,1,2,2,1,2],5,9].
[[3,8,0,0,0,0,2,1,0],1,15].
[[3,5,0,1,1,2,1,2,2],13,0].
[[2,9,2,1,2,0,1,1,2],12,21].
[[3,1,2,1,2,0,1,2,1],6,0].
[[2,8,1,1,1,0,2,3,1],4,4].
[[3,8,1,1,1,0,2,2,1],9,7].
[[3,5,0,1,2,2,1,2,0],30,0].
[[2,8,1,1,1,0,1,1,1],0,1].
[[3,7,1,1,1,0,1,1,1],0,2].
[[2,8,0,1,2,0,0,0,0],2,18].
[[3,7,0,1,2,2,0,0,0],2,16].
[[1,8,0,1,1,2,2,1,0],5,4].
[[2,4,2,1,2,0,2,3,1],9,0].
[[2,6,1,0,0,0,2,3,0],4,0].
[[3,6,1,1,2,0,1,2,0],3,0].
[[3,9,2,1,2,2,1,1,0],17,66].
[[2,8,1,1,2,0,1,2,0],10,3].
[[3,7,2,1,2,0,1,2,2],28,3].
[[1,8,1,1,1,2,2,1,0],4,0].
[[2,8,1,1,1,2,1,1,0],5,2].
[[2,9,2,1,1,0,2,3,2],0,2].
[[3,8,1,1,1,0,2,3,2],5,6].
[[1,8,1,1,2,0,2,2,1],8,3].
[[2,7,1,1,2,0,2,2,1],4,1].
[[3,7,0,1,2,2,2,2,2],4,13].
[[2,5,0,0,0,0,1,2,1],10,1].
[[3,6,1,0,0,0,2,3,2],7,0].
[[2,5,0,1,1,2,2,3,0],14,0].
[[3,8,0,1,2,0,2,1,0],1,15].
[[2,5,0,1,2,0,1,1,2],9,2].
[[3,7,0,1,1,2,0,0,0],2,9].
[[3,9,2,1,1,0,2,3,0],0,4].
[[3,9,2,1,2,2,2,1,2],0,6].
[[3,8,1,0,0,0,2,2,2],18,4].
[[1,6,1,0,0,0,2,2,2],14,0].
[[3,6,1,1,2,2,2,3,2],22,0].
[[2,6,0,1,1,2,2,1,2],2,2].
[[3,8,0,0,0,0,2,3,2],1,18].
[[3,8,0,0,0,0,2,2,2],5,13].
[[3,7,2,1,2,0,1,1,0],1,2].
[[1,3,2,0,0,0,2,2,2],1,0].
[[2,3,2,1,2,0,1,2,2],3,0].
[[3,3,2,1,1,0,1,2,2],1,0].
[[3,7,2,1,1,2,1,2,2],26,4].
[[2,6,0,1,1,2,2,2,0],0,1].
[[1,5,0,0,0,0,1,2,0],2,0].
[[2,5,0,1,2,0,1,2,0],4,1].
[[3,5,0,1,2,0,1,1,0],6,0].
[[2,7,2,0,0,0,0,0,0],9,2].
[[2,6,1,1,1,2,2,3,2],3,0].
[[1,9,2,1,2,0,2,2,2],7,22].
[[2,9,2,1,1,0,1,2,2],3,5].
[[3,6,0,0,0,0,1,2,2],1,0].
[[2,8,1,0,0,0,0,0,0],9,10].
[[1,4,2,1,2,0,2,1,0],8,0].
[[2,4,2,1,2,0,2,1,0],19,1].
[[1,7,2,0,0,0,1,2,2],12,6].
[[1,7,1,1,2,2,2,3,0],3,0].
[[2,5,0,1,2,0,2,3,0],7,1].
[[3,7,1,1,1,0,2,3,2],6,6].
[[1,5,0,1,2,2,1,2,1],8,0].
[[1,8,0,1,1,2,2,3,1],4,1].
[[1,7,1,1,2,2,2,3,2],8,2].
[[3,7,1,1,1,2,1,2,0],8,1].
[[2,7,2,1,1,2,2,3,2],5,0].
[[2,7,1,1,2,0,1,2,2],6,1].
[[3,8,0,1,2,0,2,1,1],0,2].
[[1,6,1,1,2,2,2,2,2],4,0].
[[2,6,1,1,2,2,1,2,2],8,0].
[[1,8,1,1,1,2,1,1,1],2,0].
[[2,8,1,1,1,2,1,1,1],3,1].
[[3,7,1,1,1,0,2,1,2],0,1].
[[1,8,0,1,1,2,1,1,1],1,0].
[[2,8,0,1,1,2,1,1,1],1,2].
[[3,8,0,1,1,2,1,1,1],1,2].
[[3,8,0,1,1,0,2,1,0],0,4].
[[3,8,0,1,1,0,1,2,0],2,4].
[[1,8,1,1,2,2,1,2,0],9,2].
[[2,7,2,1,2,2,1,2,0],3,0].
[[3,7,2,1,2,2,1,2,0],6,0].
[[2,8,1,1,2,2,0,0,0],7,24].
[[2,7,0,0,0,0,2,1,2],1,0].
[[3,7,0,1,2,2,2,1,2],4,4].
[[2,9,2,0,0,0,2,1,1],2,0].
[[3,9,2,1,2,2,2,1,1],2,2].
[[3,8,0,1,2,0,1,1,2],7,18].
[[2,6,1,1,2,0,2,3,2],4,2].
[[3,6,1,1,1,0,1,2,2],0,3].
[[2,9,2,1,1,0,1,2,0],0,3].
[[2,5,0,1,2,2,1,2,2],7,0].
[[3,9,2,1,2,2,2,3,2],3,11].
[[1,9,2,1,2,0,2,2,1],0,6].
[[2,7,1,0,0,0,1,1,2],4,2].
[[3,6,1,1,2,2,2,2,0],6,0].
[[3,7,2,0,0,0,2,1,2],11,1].
[[3,7,0,1,2,2,2,3,0],8,10].
[[2,7,1,1,1,2,1,1,2],2,1].
[[3,9,2,1,2,2,2,2,1],4,11].
[[3,8,1,1,2,0,2,2,2],22,6].
[[1,8,0,1,2,2,1,1,2],10,9].
[[3,7,1,1,2,0,2,3,0],3,4].
[[3,9,2,1,2,2,0,0,0],0,3].
[[2,8,1,1,1,2,2,3,0],6,4].
[[1,8,0,1,1,2,2,1,2],9,12].
[[1,4,2,1,2,0,0,0,0],11,0].
[[1,6,0,1,2,2,2,1,1],1,0].
[[2,6,0,1,2,2,2,1,1],1,0].
[[3,6,0,1,2,2,2,3,1],4,2].
[[2,8,1,1,1,2,2,3,2],52,8].
[[3,7,0,1,1,2,2,2,0],5,3].
[[3,8,0,1,2,0,2,1,2],6,10].
[[2,9,2,1,2,0,2,1,2],6,15].
[[2,6,1,1,1,2,2,2,2],1,0].
[[3,6,0,0,0,0,0,0,0],1,5].
[[3,7,2,1,2,0,2,2,2],13,3].
[[2,9,2,1,1,2,2,1,1],6,6].
[[3,9,2,1,1,2,2,1,1],0,1].
[[3,7,1,1,2,0,2,3,1],19,5].
[[1,8,1,1,1,2,1,2,1],1,1].
[[1,8,0,1,2,2,2,1,0],11,15].
[[3,7,0,1,2,2,1,2,2],1,12].
[[3,6,1,1,1,2,2,2,0],4,0].
[[3,9,2,1,2,0,2,2,0],1,11].
[[3,7,1,1,1,2,1,2,1],22,2].
[[2,7,1,1,2,0,2,1,0],3,0].
[[3,7,1,1,1,0,2,2,1],4,1].
[[3,7,2,0,0,0,2,2,2],14,1].
[[2,7,1,1,2,0,2,2,2],5,2].
[[3,7,1,1,1,0,2,2,2],3,4].
[[1,7,1,1,2,2,2,1,1],4,2].
[[3,3,1,1,2,2,2,1,1],1,1].
[[2,8,1,1,2,0,2,1,1],6,3].
[[3,8,1,1,1,0,2,1,1],1,2].
[[3,6,0,1,2,2,2,2,1],0,2].
[[1,8,0,0,0,0,2,2,1],4,6].
[[2,8,0,1,2,0,2,2,1],1,3].
[[3,7,0,0,0,0,2,2,0],2,3].
[[3,8,1,1,1,2,1,1,1],14,3].
[[1,8,0,0,0,0,1,1,0],0,3].
[[2,2,1,0,0,0,0,0,0],1,0].
[[3,2,1,0,0,0,2,2,2],3,0].
[[2,6,1,1,2,2,2,1,0],6,0].
[[3,6,1,1,2,2,1,1,0],3,1].
[[2,5,0,1,1,0,2,1,0],0,1].
[[2,7,0,1,2,2,2,3,2],1,4].
[[1,6,1,0,0,0,2,3,2],9,0].
[[3,6,1,1,2,0,2,3,2],6,1].
[[3,8,1,1,2,0,2,2,0],2,3].
[[3,8,1,0,0,0,1,1,0],12,5].
[[2,7,1,1,2,2,2,1,0],6,0].
[[3,3,1,1,2,2,2,1,0],3,0].
[[2,8,0,1,1,2,1,2,0],12,12].
[[2,7,1,1,2,2,1,2,0],6,0].
[[3,7,1,0,0,0,2,2,1],7,3].
[[3,7,0,1,1,2,2,3,0],4,8].
[[3,3,1,1,1,2,1,2,2],4,0].
[[3,8,0,1,1,2,2,1,1],0,5].
[[1,9,2,0,0,0,2,1,1],7,2].
[[2,9,2,1,2,2,2,1,1],8,3].
[[3,6,1,1,1,2,1,1,1],0,1].
[[3,7,1,1,2,0,1,2,0],4,0].
[[3,8,1,1,1,2,2,2,0],1,0].
[[1,7,2,1,2,0,0,0,0],6,1].
[[2,7,2,1,2,0,2,3,0],1,0].
[[1,9,2,1,2,0,2,3,1],11,8].
[[1,9,2,1,2,2,2,1,1],10,6].
[[3,7,2,1,2,2,1,1,0],2,0].
[[2,8,0,0,0,0,2,2,1],4,4].
[[3,8,1,1,1,0,2,1,0],0,1].
[[3,6,1,0,0,0,2,2,2],7,1].
[[1,5,0,1,2,2,1,2,0],4,0].
[[3,5,0,1,1,0,1,1,2],5,5].
[[2,5,0,1,2,2,1,2,0],8,0].
[[3,8,1,1,2,0,1,2,0],34,6].
[[1,8,1,0,0,0,1,2,0],13,3].
[[2,8,1,1,1,0,2,2,1],2,4].
[[3,6,0,1,2,2,2,2,2],1,7].
[[2,7,0,1,2,2,2,1,2],2,1].
[[3,7,0,1,2,2,1,1,2],1,6].
[[2,8,1,1,2,0,1,1,1],1,2].
[[1,7,1,1,2,2,2,3,1],9,2].
[[1,8,1,1,2,0,1,1,2],6,5].
[[2,6,1,1,2,2,2,1,2],11,1].
[[2,7,0,1,2,2,2,2,0],0,2].
[[1,7,1,1,2,2,2,2,2],10,1].
[[2,3,1,1,2,2,2,2,2],2,0].
[[3,3,1,1,2,2,2,2,2],7,0].
[[3,6,1,1,2,2,2,2,1],12,1].
[[1,5,0,1,1,2,1,1,1],5,0].
[[2,7,1,1,1,2,2,2,1],6,1].
[[2,7,1,1,2,2,2,2,0],13,1].
[[3,7,1,1,2,2,2,2,0],23,5].
[[1,5,0,1,2,0,1,2,0],1,0].
[[3,5,0,1,1,0,1,2,0],2,1].
[[2,3,2,1,2,2,2,3,2],3,0].
[[1,9,2,1,2,0,1,2,1],0,2].
[[2,9,2,1,2,0,1,2,1],0,8].
[[3,9,2,1,2,0,1,2,1],3,10].
[[3,3,2,0,0,0,2,2,2],8,0].
[[2,7,2,1,2,2,0,0,0],16,4].
[[3,7,2,1,1,2,2,2,2],5,2].
[[3,3,1,1,2,2,2,3,0],4,0].
[[2,7,0,0,0,0,2,1,0],1,1].
[[3,3,1,1,2,2,1,2,2],3,0].
[[3,7,2,1,1,0,2,2,2],5,0].
[[3,6,1,1,1,2,2,1,1],3,0].
[[1,9,2,1,1,2,1,1,1],1,2].
[[1,4,2,1,2,0,1,1,2],3,0].
[[3,6,1,1,1,2,2,1,2],4,0].
[[3,7,0,1,2,0,2,3,0],0,2].
[[2,8,0,1,1,2,1,2,1],3,1].
[[3,3,1,0,0,0,2,2,2],2,0].
[[3,3,1,0,0,0,2,3,1],3,0].
[[2,8,1,1,1,0,1,1,2],3,4].
[[3,7,0,0,0,0,2,2,2],1,5].
[[3,7,0,0,0,0,0,0,0],0,4].
[[3,3,1,1,2,2,2,2,1],2,0].
[[3,3,1,1,2,0,2,3,1],3,0].
[[1,7,1,0,0,0,2,1,2],8,3].
[[3,8,0,1,1,0,1,1,0],1,5].
[[1,8,0,1,2,2,1,2,0],8,3].
[[3,6,0,1,2,2,1,1,0],2,1].
[[2,6,0,1,2,2,2,1,2],3,3].
[[1,8,0,1,1,2,2,3,0],8,2].
[[2,7,0,1,1,2,2,3,0],2,1].
[[3,7,1,1,1,0,2,3,1],3,5].
[[2,8,0,1,2,0,1,1,0],0,3].
[[1,8,1,0,0,0,1,1,0],2,2].
[[2,7,2,1,2,0,1,1,0],0,1].
[[2,7,2,1,1,2,2,1,2],2,0].
[[3,7,0,0,0,0,1,2,2],1,2].
[[2,8,1,1,1,0,2,1,0],2,0].
[[3,7,2,1,1,0,2,1,2],4,5].
[[3,7,2,1,1,2,2,1,0],4,0].
[[2,3,1,1,2,2,2,3,1],1,0].
[[3,7,0,1,2,2,1,2,0],2,5].
[[2,6,1,0,0,0,1,2,2],9,0].
[[2,7,0,1,1,2,2,2,2],0,3].
[[2,6,1,1,2,2,2,3,0],4,0].
[[3,7,0,1,2,0,2,2,0],0,5].
[[3,7,0,1,2,0,2,3,2],0,2].
[[2,6,0,1,2,2,2,3,0],2,3].
[[3,6,0,1,2,2,2,3,0],3,4].
[[3,6,1,0,0,0,2,2,1],9,0].
[[1,6,1,1,2,2,2,1,0],1,0].
[[3,8,1,0,0,0,2,2,0],1,2].
[[3,9,2,0,0,0,1,2,1],4,3].
[[2,8,1,1,1,2,1,2,0],10,2].
[[3,5,0,1,1,0,1,1,0],1,0].
[[1,6,1,0,0,0,2,3,1],14,1].
[[2,3,2,0,0,0,1,2,2],3,0].
[[3,3,2,1,2,0,1,2,2],7,0].
[[2,8,1,1,1,0,2,2,2],0,2].
[[3,3,1,0,0,0,0,0,0],5,1].
[[3,3,2,0,0,0,0,0,0],7,0].
[[3,8,1,1,1,0,2,2,2],5,10].
[[2,5,0,0,0,0,1,2,2],4,1].
[[3,5,0,0,0,0,1,2,2],9,1].
[[1,8,1,1,2,0,1,2,1],4,0].
[[2,8,1,1,1,0,1,2,1],2,3].
[[3,7,1,1,1,0,1,2,1],2,4].
[[3,7,0,0,0,0,2,3,2],3,2].
[[2,7,1,1,1,2,2,2,0],2,0].
[[3,7,1,1,1,2,2,1,1],6,0].
[[2,6,1,0,0,0,2,1,1],3,0].
[[3,6,1,1,2,0,2,1,1],3,0].
[[2,6,1,0,0,0,2,2,0],2,0].
[[3,6,1,1,2,0,2,2,1],6,0].
[[2,3,2,0,0,0,2,1,2],3,0].
[[3,3,2,1,2,2,1,2,2],9,0].
[[3,7,0,1,1,2,2,2,2],3,4].
[[3,8,1,0,0,0,2,1,0],0,2].
[[3,7,2,1,1,2,0,0,0],1,0].
[[1,6,0,0,0,0,0,0,0],4,2].
[[2,6,0,0,0,0,2,3,1],1,0].
[[3,3,1,1,2,0,1,2,2],1,0].
[[2,8,0,1,2,0,1,1,2],1,4].
[[3,7,0,1,2,0,1,1,2],0,1].
[[3,7,2,0,0,0,1,1,1],0,2].
[[2,7,2,1,2,0,2,2,2],8,3].
[[3,5,0,1,2,0,2,3,0],8,0].
[[1,6,1,1,2,2,2,2,1],4,0].
[[2,4,2,1,2,0,1,1,1],2,0].
[[3,4,2,1,2,0,1,1,1],12,0].
[[3,6,0,1,2,2,1,1,2],3,6].
[[2,8,1,1,1,0,0,0,0],0,2].
[[2,1,2,1,2,0,2,3,0],3,0].
[[3,1,2,1,2,0,2,3,0],4,0].
[[1,7,2,1,2,0,2,1,2],2,1].
[[3,6,1,1,2,0,2,3,1],10,1].
[[3,5,0,0,0,0,1,2,0],2,0].
[[3,8,1,1,2,2,2,1,1],13,7].
[[3,7,1,1,1,0,2,3,0],3,1].
[[1,5,0,1,2,0,2,1,0],2,0].
[[3,7,1,1,1,2,2,1,0],3,3].
[[2,7,0,1,1,2,2,1,2],2,3].
[[3,7,0,1,2,2,2,2,1],1,1].
[[3,9,2,1,1,0,2,2,0],0,4].
[[3,9,2,1,1,2,2,3,2],4,12].
[[2,6,0,1,2,2,2,2,2],1,4].
[[1,8,1,1,2,2,1,1,0],1,3].
[[3,6,1,1,1,2,1,2,1],10,0].
[[2,8,0,0,0,0,1,2,1],0,2].
[[3,9,2,1,1,2,2,2,1],4,7].
[[1,7,2,1,2,2,2,2,0],1,0].
[[2,9,2,1,2,0,2,1,1],0,1].
[[1,8,1,1,1,2,2,2,0],6,0].
[[2,7,0,1,2,2,2,2,2],1,2].
[[1,7,2,1,2,2,2,1,2],10,3].
[[3,9,2,1,2,2,1,1,1],0,3].
[[3,3,2,1,2,0,2,3,2],4,0].
[[2,8,0,1,2,2,2,1,1],3,3].
[[3,8,0,1,2,2,2,1,1],4,2].
[[3,6,0,1,1,2,2,2,2],0,1].
[[2,8,1,1,2,2,1,1,1],19,10].
[[3,7,0,1,2,0,1,2,2],3,2].
[[3,6,1,1,2,2,1,1,1],3,1].
[[3,7,1,0,0,0,2,1,0],4,1].
[[1,8,0,1,1,2,2,2,1],1,0].
[[3,8,1,1,2,0,1,1,1],6,4].
[[3,7,1,1,1,0,0,0,0],0,1].
[[3,6,0,1,1,2,2,1,0],0,3].
[[2,8,1,1,1,0,1,2,0],0,1].
[[3,8,1,1,1,0,1,1,0],1,3].
[[2,7,0,0,0,0,0,0,0],0,4].
[[2,3,1,0,0,0,0,0,0],8,1].
[[3,3,1,0,0,0,2,1,2],4,0].
[[1,8,1,1,2,0,2,1,1],4,0].
[[2,6,1,1,2,0,2,1,1],3,0].
[[3,3,2,1,2,0,1,1,2],2,0].
[[3,9,2,1,2,0,1,1,1],0,1].
[[2,3,2,0,0,0,2,2,2],3,0].
[[3,3,1,1,2,0,2,1,2],2,0].
[[3,7,0,1,2,2,2,3,1],2,1].
[[2,6,1,1,1,2,1,2,2],5,0].
[[2,8,1,1,2,0,0,0,0],2,6].
[[3,8,1,1,1,0,1,2,1],3,7].
[[3,5,0,1,1,0,1,2,2],4,0].
[[2,6,1,1,2,2,2,2,1],9,0].
[[3,6,1,1,2,0,1,1,2],5,0].
[[3,8,0,1,1,0,1,2,2],4,9].
[[1,8,0,1,2,2,2,1,1],3,1].
[[2,7,0,1,2,2,2,1,1],1,0].
[[3,7,0,1,2,2,2,1,1],1,0].
[[3,8,0,1,1,0,1,1,2],1,7].
[[3,7,1,1,1,0,2,1,0],1,1].
[[1,5,0,0,0,0,1,1,1],10,0].
[[3,7,0,1,1,2,2,3,1],2,3].
[[3,7,1,0,0,0,2,2,0],4,1].
[[2,6,1,0,0,0,2,2,2],13,0].
[[2,7,0,0,0,0,2,2,2],2,2].
[[3,8,1,1,1,2,2,1,0],1,2].
[[3,6,1,1,1,2,2,1,0],1,0].
[[2,6,1,1,2,0,1,2,1],1,0].
[[3,6,1,1,2,0,1,2,1],7,0].
[[2,7,1,1,1,2,2,3,0],3,0].
[[3,3,1,1,1,2,2,3,0],2,0].
[[3,2,1,1,2,2,2,1,2],1,0].
[[3,3,1,1,2,2,2,1,2],5,0].
[[3,6,1,1,2,2,2,3,0],6,0].
[[3,8,1,1,2,2,2,1,0],0,3].
[[3,9,2,1,1,2,2,2,2],0,7].
[[2,9,2,1,1,0,2,1,2],0,2].
[[3,8,0,1,1,0,2,1,2],0,3].
[[2,7,1,0,0,0,2,2,1],9,3].
[[1,8,0,1,1,2,1,2,0],2,1].
[[2,7,2,1,2,0,1,1,2],1,1].
[[1,6,1,1,2,2,2,1,1],1,0].
[[2,6,1,1,2,2,2,1,1],3,0].
[[3,6,1,0,0,0,1,2,1],7,0].
[[2,7,2,1,1,0,2,3,2],2,1].
[[2,4,2,1,2,0,1,2,1],4,0].
[[3,9,2,1,1,0,1,2,1],1,2].
[[2,6,0,1,1,2,2,3,2],1,1].
[[1,6,1,1,2,2,2,1,2],6,1].
[[2,3,1,1,2,2,2,1,2],1,0].
[[2,5,0,1,2,0,1,2,1],2,0].
[[2,2,1,0,0,0,2,3,2],2,0].
[[3,2,1,0,0,0,2,3,2],2,0].
[[3,3,2,0,0,0,2,3,2],4,0].
[[2,6,0,0,0,0,2,2,2],1,1].
[[3,7,0,1,2,0,0,0,0],0,2].
[[1,7,1,1,2,2,2,2,0],2,0].
[[2,7,1,1,1,2,1,1,0],1,0].
[[2,3,1,0,0,0,2,2,2],1,0].
[[3,3,1,1,2,0,2,2,2],3,0].
[[3,7,1,0,0,0,2,1,1],3,0].
[[3,7,2,1,2,2,1,1,1],0,4].
[[3,4,2,1,2,0,2,1,1],6,0].
[[1,4,2,1,2,0,2,1,2],11,1].
[[2,7,0,1,2,2,2,3,0],2,2].
[[1,3,2,0,0,0,0,0,0],10,0].
[[2,6,1,0,0,0,2,2,1],7,0].
[[2,3,2,1,2,2,2,2,2],4,0].
[[3,3,2,1,1,2,1,1,2],2,0].
[[1,7,1,1,2,2,1,1,2],2,0].
[[3,3,2,1,1,2,2,3,2],1,0].
[[3,8,0,0,0,0,1,2,1],1,1].
[[3,6,1,0,0,0,2,1,2],5,0].
[[3,3,2,1,2,0,2,2,2],3,0].
[[2,7,1,1,1,2,1,2,1],7,0].
[[2,3,1,1,2,2,0,0,0],6,0].
[[3,3,2,1,2,0,0,0,0],3,0].
[[1,6,1,0,0,0,2,2,0],2,0].
[[1,8,0,1,2,2,2,2,1],5,1].
[[3,8,1,1,2,0,2,1,0],1,0].
[[1,9,2,1,2,0,2,1,2],8,17].
[[3,5,0,1,1,0,1,1,1],5,1].
[[1,8,1,1,2,2,1,1,1],7,4].
[[1,7,2,1,2,2,1,2,2],1,4].
[[2,7,2,1,1,2,1,1,1],0,1].
[[3,3,2,1,1,2,1,2,2],1,0].
[[3,3,1,0,0,0,1,2,2],1,0].
[[3,3,1,0,0,0,2,3,2],4,0].
[[2,6,1,0,0,0,1,1,2],3,1].
[[3,9,2,1,1,0,1,1,2],1,10].
[[3,5,0,1,1,0,1,2,1],3,4].
[[1,7,2,1,2,2,1,1,2],1,1].
[[3,9,2,1,2,0,2,1,0],0,7].
[[1,6,1,1,2,2,2,3,2],4,0].
[[3,6,1,1,2,2,1,2,1],7,0].
[[3,6,1,1,2,0,2,2,0],2,0].
[[3,7,1,0,0,0,0,0,0],3,5].
[[1,5,0,0,0,0,1,1,0],1,0].
[[1,9,2,0,0,0,1,1,1],4,2].
[[2,9,2,0,0,0,1,1,1],1,0].
[[1,9,2,1,2,2,1,1,1],1,3].
[[2,8,0,1,2,2,1,1,1],0,1].
[[2,3,2,1,2,2,2,1,2],3,0].
[[2,7,2,1,2,0,0,0,0],6,2].
[[3,9,2,1,1,2,1,1,1],0,2].
[[2,6,0,1,2,2,2,1,0],1,1].
[[3,6,0,1,2,2,2,1,0],0,2].
[[2,7,1,1,1,2,1,2,2],8,1].
[[2,7,1,1,2,0,1,1,1],1,0].
[[3,3,1,1,2,0,1,1,1],1,0].
[[3,6,1,1,2,0,2,2,2],6,1].
[[3,7,2,0,0,0,0,0,0],1,0].
[[1,6,1,0,0,0,2,1,1],3,0].
[[2,6,1,0,0,0,1,2,1],4,0].
[[3,3,1,1,2,2,2,2,0],3,0].
[[1,8,0,0,0,0,2,1,1],0,1].
[[1,8,1,1,2,0,1,2,0],2,1].
[[3,6,1,1,2,2,2,1,1],4,0].
[[3,7,2,1,2,0,2,3,0],1,0].
[[3,8,0,1,1,0,2,2,0],0,3].
[[3,8,1,1,1,0,2,1,2],2,8].
[[2,7,0,0,0,0,2,3,2],0,1].
[[3,6,1,1,2,2,0,0,0],0,1].
[[3,7,1,1,2,0,2,1,0],6,1].
[[2,2,1,1,2,2,0,0,0],1,0].
[[3,2,1,1,2,2,0,0,0],1,0].
[[1,8,1,1,1,2,1,2,0],2,0].
[[2,7,1,1,1,2,1,2,0],1,0].
[[1,8,1,1,1,2,1,1,2],5,1].
[[2,7,2,1,1,0,2,1,2],0,2].
[[3,7,1,1,1,0,1,1,2],3,2].
[[3,6,0,1,1,2,1,2,0],0,1].
[[3,9,2,1,1,0,2,2,2],0,1].
[[2,7,1,0,0,0,2,1,0],3,0].
[[3,7,0,1,2,0,2,3,1],0,1].
[[1,8,1,1,1,2,1,1,0],1,1].
[[3,7,1,1,1,0,2,2,0],0,1].
[[3,6,1,1,2,0,2,3,0],1,0].
[[3,7,2,0,0,0,1,2,0],4,0].
[[3,6,0,1,2,0,1,1,2],0,1].
[[2,6,0,0,0,0,0,0,0],1,2].
[[2,7,0,1,2,2,1,2,0],2,0].
[[2,9,2,1,1,0,2,1,0],0,2].
[[3,4,0,1,2,0,1,2,0],0,1].
[[3,9,2,0,0,0,0,0,0],0,1].
[[2,6,0,1,2,2,1,2,2],1,0].
[[1,4,2,1,2,0,2,2,1],1,0].
[[3,7,0,1,2,0,2,1,0],0,1].
[[3,3,1,1,2,0,0,0,0],3,0].
[[3,9,2,1,1,0,2,2,1],1,3].
[[2,6,1,1,2,0,2,2,1],4,0].
[[1,8,1,1,2,0,2,3,0],2,1].
[[2,5,0,1,2,0,1,1,0],1,0].
[[3,7,0,0,0,0,2,1,0],1,2].
[[3,3,1,1,1,2,1,2,1],1,0].
[[2,6,0,0,0,0,2,1,0],0,2].
[[3,6,0,0,0,0,1,2,0],0,1].
[[3,8,0,1,1,0,2,2,1],0,2].
[[3,7,2,1,1,2,2,3,0],1,0].
[[3,8,1,1,1,0,1,2,0],5,5].
[[1,6,1,0,0,0,1,2,2],2,0].
[[2,3,1,0,0,0,1,2,2],1,0].
[[2,6,1,1,2,0,2,2,2],6,0].
[[2,6,1,1,1,2,1,2,1],2,0].
[[3,9,2,1,1,2,2,1,2],1,3].
[[3,6,0,1,2,2,1,2,0],2,2].
[[1,8,1,1,2,0,2,1,0],2,0].
[[3,6,0,1,2,0,2,2,2],1,0].
[[2,7,0,1,2,2,1,1,2],1,0].
[[2,7,0,0,0,0,2,2,0],1,1].
[[3,7,0,0,0,0,1,2,0],0,1].
[[2,5,0,1,2,0,1,2,2],1,0].
[[2,9,2,1,2,0,1,1,1],0,2].
[[2,6,1,1,2,2,2,2,0],3,0].
[[3,9,2,0,0,0,2,2,0],0,4].
[[1,9,2,1,2,0,2,1,1],1,0].
[[2,9,2,1,2,2,1,1,1],3,2].
[[2,5,0,1,1,0,1,1,2],2,1].
[[2,9,2,1,1,0,2,3,1],0,1].
[[3,7,2,1,1,0,2,2,0],0,1].
[[3,9,2,1,1,0,2,3,2],0,1].
[[1,7,2,1,2,0,2,2,2],3,1].
[[2,8,0,0,0,0,2,1,1],1,0].
[[3,8,1,1,1,2,0,0,0],0,1].
[[2,3,2,0,0,0,2,3,2],3,0].
[[2,4,2,1,2,0,2,1,1],1,0].
[[3,8,1,1,1,0,2,2,0],0,1].
[[2,7,1,1,2,0,2,3,0],5,0].
[[2,8,1,1,1,0,2,2,0],1,0].
[[1,4,2,1,2,0,1,2,0],3,0].
[[3,6,1,1,1,2,2,3,0],1,1].
[[2,9,2,1,1,0,2,1,1],0,1].
[[3,4,0,1,2,0,2,1,1],0,1].
[[1,5,0,1,1,2,2,1,0],2,0].
[[1,6,1,0,0,0,2,3,0],1,0].
[[3,1,2,1,2,0,1,1,0],4,0].
[[2,7,2,1,1,0,0,0,0],2,0].
[[2,6,1,1,2,0,2,3,1],4,0].
[[3,6,1,1,1,0,1,1,1],1,0].
[[1,6,1,0,0,0,1,1,2],1,0].
[[3,3,1,0,0,0,1,1,2],2,0].
[[3,3,1,0,0,0,2,3,0],1,0].
[[2,8,1,1,1,0,2,3,0],1,0].
[[3,7,1,1,2,0,0,0,0],4,5].
[[2,6,1,1,2,2,1,2,1],6,0].
[[1,7,1,0,0,0,2,1,0],3,0].
[[2,7,0,1,2,2,2,3,1],2,1].
[[1,7,1,0,0,0,2,1,1],1,0].
[[2,3,2,1,2,0,0,0,0],1,0].
[[3,3,2,1,1,2,2,1,2],2,0].
[[2,6,1,1,2,0,0,0,0],4,1].
[[2,6,1,1,1,2,1,1,2],2,0].
[[3,3,2,0,0,0,1,2,2],1,0].
[[2,7,2,1,1,2,1,2,2],3,1].
[[2,6,1,1,2,0,1,2,2],1,1].
[[3,6,1,0,0,0,2,1,1],2,0].
[[3,9,2,0,0,0,2,1,0],0,1].
[[3,8,0,1,1,0,2,3,2],0,3].
[[2,6,1,1,1,2,2,2,1],2,0].
[[3,7,2,1,2,2,2,2,0],1,0].
[[3,9,2,0,0,0,2,1,2],2,0].
[[3,3,1,1,1,2,1,1,2],2,0].
[[3,6,1,1,1,0,1,2,1],1,0].
[[2,6,0,1,1,2,2,2,2],2,1].
[[2,7,0,0,0,0,1,2,2],1,0].
[[3,6,0,0,0,0,2,2,1],0,1].
[[3,9,2,1,1,0,2,1,0],0,2].
[[1,7,2,1,2,2,2,3,0],1,0].
[[3,6,0,1,2,0,0,0,0],0,2].
[[3,1,2,1,2,0,2,1,0],1,0].
[[2,5,0,0,0,0,1,2,0],3,0].
[[2,7,1,1,1,2,1,1,1],2,0].
[[1,8,1,1,2,0,1,1,1],0,1].
[[3,7,0,1,1,2,1,1,0],0,2].
[[2,3,1,0,0,0,2,3,1],2,0].
[[3,3,1,0,0,0,1,2,1],2,0].
[[1,6,0,1,2,2,2,2,0],1,0].
[[2,6,0,1,2,2,2,2,0],3,0].
[[3,8,1,0,0,0,2,3,0],0,2].
[[3,3,2,0,0,0,1,1,2],1,0].
[[3,7,0,0,0,0,2,3,1],1,0].
[[2,8,0,1,2,2,1,2,1],2,3].
[[3,6,1,1,1,2,1,2,0],1,0].
[[3,7,2,1,2,0,1,2,0],2,0].
[[3,3,1,1,1,2,2,2,1],2,0].
[[3,9,2,1,2,0,2,2,2],1,5].
[[2,3,1,0,0,0,2,3,2],3,0].
[[3,3,1,1,2,0,2,3,2],3,0].
[[2,6,1,1,2,0,2,2,0],1,1].
[[3,3,1,1,2,0,2,2,0],1,0].
[[3,2,1,1,2,0,2,2,2],1,0].
[[3,9,2,1,2,0,2,1,1],1,0].
[[2,9,2,1,1,0,2,2,0],0,1].
[[2,9,2,1,1,0,1,1,2],0,4].
[[1,7,2,0,0,0,2,1,0],2,0].
[[2,3,2,1,2,0,2,1,0],1,0].
[[1,7,1,0,0,0,1,2,1],2,0].
[[2,7,2,0,0,0,2,1,0],2,0].
[[3,7,2,1,2,2,2,1,0],2,0].
[[1,8,1,1,1,2,2,1,1],2,0].
[[3,7,0,1,2,0,2,1,2],0,2].
[[3,3,1,1,1,2,2,2,2],2,0].
[[3,7,2,1,2,2,2,3,0],3,0].
[[1,7,2,0,0,0,2,2,0],1,0].
[[3,6,0,1,1,2,2,3,1],1,0].
[[2,7,1,1,1,2,2,1,0],2,0].
[[1,6,0,1,2,2,2,2,2],0,1].
[[3,3,0,1,2,2,2,2,2],0,1].
[[2,6,0,1,1,2,1,1,2],2,0].
[[1,1,2,1,2,0,1,1,2],1,0].
[[2,7,0,0,0,0,2,3,1],1,0].
[[3,7,0,1,2,0,1,2,1],1,0].
[[1,7,1,0,0,0,2,2,0],1,0].
[[2,7,0,1,1,2,1,1,2],0,1].
[[2,7,2,1,1,2,2,2,2],1,1].
[[2,7,1,1,1,2,2,1,1],2,0].
[[2,6,1,1,2,0,1,1,2],0,1].
[[3,6,1,1,1,0,1,1,2],0,1].
[[3,3,1,0,0,0,2,1,0],1,0].
[[3,8,1,1,2,2,0,0,0],0,1].
[[3,4,0,1,2,0,1,2,2],0,1].
[[3,3,2,0,0,0,2,1,2],2,0].
[[2,3,2,0,0,0,2,3,0],1,0].
[[3,3,2,1,2,2,1,2,0],1,0].
[[3,6,0,0,0,0,2,2,2],0,1].
[[1,1,2,1,2,0,1,1,0],1,0].
[[2,1,2,1,2,0,1,1,0],1,0].
[[2,6,1,1,1,2,0,0,0],1,0].
[[2,8,1,1,1,0,2,1,2],0,1].
[[3,6,1,1,1,0,2,1,2],0,1].
[[3,7,2,1,2,0,2,2,0],1,0].
[[2,3,1,1,2,2,2,3,2],2,0].
[[1,6,0,1,2,2,2,1,2],1,0].
[[2,7,2,0,0,0,1,1,1],0,1].
[[3,7,2,1,2,0,1,1,1],0,1].
[[1,5,0,1,2,0,1,1,1],1,0].
[[2,9,2,1,1,2,1,1,1],0,1].
[[3,8,0,1,2,2,1,1,1],1,1].
[[1,8,0,1,1,2,2,1,1],0,1].
[[2,6,0,1,1,2,2,1,1],0,1].
[[3,6,0,1,1,2,2,1,1],0,1].
[[2,5,0,1,1,0,1,2,1],0,1].
[[3,6,1,0,0,0,2,3,0],1,0].
[[2,3,1,0,0,0,2,1,2],2,0].
[[3,3,1,1,2,0,1,1,2],1,0].
[[3,3,2,1,1,0,0,0,0],1,0].
[[3,8,0,1,2,0,2,2,1],0,1].
[[2,6,1,1,2,2,1,1,1],2,0].
[[2,7,2,1,1,2,1,1,2],1,0].
[[3,2,1,1,2,2,2,3,2],1,0].
[[3,6,0,1,2,0,2,3,2],1,0].
[[3,6,0,1,2,0,2,3,0],0,1].
[[2,9,2,1,1,0,2,2,1],1,0].
[[3,8,0,1,2,0,1,1,1],0,1].
[[2,6,1,1,1,2,1,1,1],1,0].
[[3,3,2,1,1,2,1,1,1],1,0].
[[1,7,1,0,0,0,2,3,0],2,0].
[[2,7,1,0,0,0,1,2,0],1,0].
[[1,6,1,1,2,2,1,2,1],1,0].
[[1,6,0,0,0,0,2,2,2],0,1].
[[2,3,2,0,0,0,1,1,2],1,0].
[[3,3,2,1,2,2,1,1,2],3,0].
[[3,9,2,1,2,0,2,1,2],0,2].
[[2,2,0,1,2,2,0,0,0],0,1].
[[3,2,0,1,2,2,2,3,0],0,1].
[[2,3,2,1,2,2,1,1,2],1,0].
[[3,6,1,1,1,2,1,1,0],1,0].
[[3,6,1,0,0,0,2,2,0],2,0].
[[3,3,1,1,1,2,2,1,2],1,0].
[[3,7,2,1,1,2,2,2,0],1,0].
[[2,7,1,1,2,0,1,1,2],0,1].
[[1,3,2,0,0,0,1,2,2],1,0].
[[2,3,2,1,2,2,1,2,2],1,0].
[[2,6,1,1,1,2,2,2,0],1,0].
[[1,6,0,1,2,2,2,2,1],1,0].
[[2,6,0,1,2,2,1,2,1],1,0].
[[3,6,0,1,2,2,1,2,1],1,0].
[[2,6,1,1,1,2,2,1,2],1,0].
[[3,6,1,1,1,0,2,2,1],1,1].
[[2,7,1,0,0,0,1,1,0],1,0].
[[2,7,1,1,2,0,1,2,1],2,1].
[[3,7,1,1,2,0,1,1,0],1,0].
[[2,6,0,1,2,2,2,3,1],1,0].
[[3,6,0,1,1,2,1,2,1],1,0].
[[3,3,1,1,2,0,2,2,1],1,0].
[[1,8,1,1,2,0,1,1,0],1,0].
[[1,6,1,0,0,0,1,2,1],1,0].
[[3,8,1,1,1,0,1,1,1],0,1].
[[2,6,1,1,2,2,1,2,0],1,0].
[[2,7,0,1,1,2,2,2,0],1,0].
[[2,3,2,1,2,0,2,3,2],1,0].
[[2,7,1,1,2,0,1,1,0],0,1].
[[3,7,1,1,1,0,1,1,0],0,1].
[[2,3,2,1,2,0,2,1,2],1,0].
[[3,6,0,1,2,0,1,2,0],0,1].
