total_WL(4402,7503).
[[1,8,0,0,0,0,2,3,1],10,55].
[[2,7,0,0,0,0,2,3,1],0,2].
[[3,7,0,1,2,0,2,3,1],0,7].
[[1,8,1,1,2,0,2,1,1],2,6].
[[2,8,1,1,2,0,1,2,1],26,30].
[[3,8,1,1,1,0,1,1,1],6,12].
[[1,9,2,1,2,2,0,0,0],82,463].
[[2,9,1,1,1,2,2,3,0],53,131].
[[3,4,2,1,2,0,2,3,0],119,5].
[[1,9,2,1,1,2,0,0,0],79,85].
[[2,9,1,1,1,2,2,2,0],37,79].
[[3,8,0,1,1,2,2,2,0],5,123].
[[1,4,2,1,2,0,2,2,1],16,1].
[[2,4,2,1,2,0,2,2,1],35,1].
[[3,4,2,1,2,0,1,2,1],154,3].
[[1,9,2,0,0,0,2,3,1],67,345].
[[2,9,1,0,0,0,1,2,1],26,113].
[[3,8,0,1,2,0,1,2,1],5,40].
[[1,8,1,0,0,0,2,3,1],190,140].
[[2,8,1,0,0,0,1,2,1],68,50].
[[3,5,0,0,0,0,1,1,1],6,1].
[[2,9,1,1,2,2,2,3,0],50,303].
[[3,9,1,1,1,2,1,2,0],10,107].
[[1,7,1,0,0,0,0,0,0],66,35].
[[2,7,1,1,2,2,0,0,0],90,82].
[[3,7,1,1,1,2,2,3,1],53,36].
[[1,8,0,0,0,0,2,2,1],9,32].
[[2,7,1,1,2,0,2,2,1],4,3].
[[3,7,1,1,2,2,2,2,1],59,47].
[[1,8,0,1,2,2,2,3,1],18,80].
[[2,8,0,1,2,2,2,3,1],27,205].
[[3,8,0,1,1,2,1,2,1],7,108].
[[1,9,2,0,0,0,2,2,1],43,209].
[[2,9,1,0,0,0,2,2,1],8,68].
[[3,9,1,0,0,0,1,2,1],2,40].
[[1,8,1,1,2,2,2,3,1],143,95].
[[2,8,1,1,1,2,2,3,1],69,27].
[[3,4,2,1,2,0,2,3,1],59,4].
[[2,8,1,1,2,2,2,3,1],153,148].
[[3,8,1,1,1,2,2,3,1],36,29].
[[2,7,2,1,2,0,2,3,1],14,4].
[[3,7,2,1,2,2,2,3,1],40,2].
[[1,8,1,1,2,2,2,3,0],56,22].
[[2,8,1,1,2,2,2,3,0],77,69].
[[3,7,1,1,2,2,2,3,0],49,31].
[[1,9,2,1,2,2,2,2,0],79,226].
[[2,9,1,1,2,2,2,1,0],16,101].
[[3,9,1,1,2,2,2,1,0],3,60].
[[1,9,2,1,2,2,2,1,1],41,122].
[[2,9,1,1,2,2,2,3,1],16,190].
[[3,9,1,1,2,2,1,1,1],2,81].
[[1,9,2,1,1,2,2,2,0],50,65].
[[3,9,1,1,1,2,2,2,0],1,81].
[[1,9,2,1,2,2,2,3,0],99,298].
[[3,9,1,1,2,2,2,3,0],8,137].
[[2,8,1,1,1,2,2,1,0],12,6].
[[3,8,1,1,1,2,2,1,0],17,18].
[[1,8,1,0,0,0,0,0,0],341,334].
[[2,8,1,1,2,0,2,2,1],20,35].
[[3,8,1,1,2,2,2,2,1],37,50].
[[1,8,1,0,0,0,2,1,0],24,13].
[[2,7,2,0,0,0,2,1,0],5,0].
[[3,7,2,0,0,0,1,1,0],3,2].
[[1,8,1,1,2,2,0,0,0],273,211].
[[2,8,1,1,2,2,0,0,0],70,93].
[[3,6,1,1,2,2,0,0,0],18,6].
[[1,8,0,0,0,0,2,1,0],5,19].
[[2,8,0,1,2,0,2,1,0],2,9].
[[3,6,0,1,2,2,2,1,0],0,2].
[[1,8,1,1,2,0,2,3,1],16,21].
[[3,8,1,1,2,2,2,2,0],33,73].
[[2,9,1,1,2,2,2,1,1],8,79].
[[3,8,0,1,1,2,2,1,1],3,28].
[[1,9,2,0,0,0,0,0,0],67,417].
[[2,9,1,1,2,2,2,2,0],33,223].
[[1,8,0,0,0,0,0,0,0],72,277].
[[2,8,0,0,0,0,2,2,0],6,52].
[[3,8,0,1,2,0,2,2,0],1,35].
[[1,9,2,1,2,0,1,2,1],0,13].
[[2,9,1,1,2,0,1,2,1],8,46].
[[3,8,1,1,1,0,1,2,1],9,19].
[[1,8,0,1,2,2,0,0,0],101,347].
[[2,7,1,1,2,2,2,3,1],56,35].
[[3,7,1,1,1,2,1,2,1],44,10].
[[1,8,0,1,2,2,2,2,1],16,44].
[[2,8,0,1,2,2,1,2,1],19,45].
[[3,5,0,1,2,2,1,1,1],32,5].
[[1,9,2,1,1,2,2,3,0],71,80].
[[3,9,1,1,1,2,2,3,0],3,104].
[[1,8,1,1,1,2,2,2,1],24,8].
[[2,8,1,1,1,2,2,2,1],40,18].
[[3,6,1,1,1,2,2,2,1],9,0].
[[1,9,2,1,2,2,2,3,1],99,357].
[[3,7,0,1,2,2,2,3,1],3,32].
[[1,9,2,0,0,0,2,1,0],32,111].
[[2,9,1,0,0,0,1,1,0],5,24].
[[3,8,0,1,2,0,1,1,0],0,10].
[[1,9,2,1,2,2,2,1,0],37,120].
[[2,8,0,1,2,2,2,1,0],11,53].
[[3,8,0,1,2,2,1,2,0],2,111].
[[3,8,1,1,2,2,2,3,1],45,69].
[[2,8,1,0,0,0,2,3,1],109,107].
[[3,5,0,1,2,2,1,2,0],31,0].
[[2,8,1,1,2,0,2,3,0],24,24].
[[3,8,1,1,2,0,1,2,0],32,27].
[[3,7,2,1,2,2,1,2,1],35,7].
[[2,4,2,1,2,0,0,0,0],24,3].
[[3,4,2,1,2,0,0,0,0],22,3].
[[2,9,1,1,2,2,1,2,1],38,230].
[[3,6,0,1,2,2,2,3,1],2,19].
[[2,8,1,1,2,2,1,1,1],26,38].
[[3,8,1,1,2,2,1,2,0],49,38].
[[1,9,2,1,2,0,2,1,1],2,15].
[[3,8,0,1,2,2,2,3,0],8,204].
[[1,8,1,0,0,0,1,2,1],60,42].
[[2,8,1,0,0,0,1,1,1],25,32].
[[3,8,1,1,2,2,1,1,1],43,67].
[[3,8,1,1,2,0,2,3,1],27,32].
[[2,9,1,0,0,0,2,1,0],5,47].
[[1,8,0,1,1,2,2,3,1],11,15].
[[2,6,0,1,1,2,2,3,1],0,2].
[[3,6,0,1,1,2,2,3,0],0,11].
[[1,8,0,1,2,2,2,3,0],10,59].
[[2,7,1,1,2,2,1,2,1],15,6].
[[3,7,1,1,2,2,1,2,1],77,35].
[[2,9,1,1,2,2,0,0,0],1,39].
[[2,8,0,1,1,2,0,0,0],38,74].
[[3,7,0,1,1,2,0,0,0],1,26].
[[3,8,1,1,2,2,2,3,0],58,94].
[[3,8,1,0,0,0,2,3,1],21,18].
[[3,8,1,1,2,0,1,2,1],51,70].
[[1,7,2,0,0,0,0,0,0],97,18].
[[3,7,2,1,1,0,2,3,1],8,7].
[[3,8,1,1,2,2,1,2,1],131,158].
[[2,7,2,0,0,0,0,0,0],59,11].
[[3,7,2,1,2,0,2,1,1],9,1].
[[3,8,1,1,2,0,1,1,1],20,30].
[[1,9,2,1,1,2,2,1,1],22,24].
[[2,9,1,1,1,2,1,2,1],45,83].
[[3,9,1,1,2,0,2,1,0],1,19].
[[2,8,0,1,1,2,2,1,0],16,28].
[[3,4,2,1,2,0,2,1,0],47,4].
[[1,8,1,1,2,2,2,2,0],29,18].
[[2,8,1,1,1,2,2,2,0],20,10].
[[3,8,1,1,1,2,2,2,0],27,32].
[[2,8,1,1,2,2,1,2,0],36,14].
[[3,8,1,1,1,2,1,2,0],23,20].
[[1,9,2,0,0,0,2,1,1],39,114].
[[2,9,1,0,0,0,2,1,1],5,32].
[[3,9,1,0,0,0,2,3,0],2,39].
[[2,8,1,1,2,2,1,2,1],103,79].
[[2,8,1,0,0,0,2,2,1],62,70].
[[1,8,0,0,0,0,2,3,0],10,32].
[[2,8,0,1,2,0,2,2,0],2,18].
[[1,9,2,0,0,0,2,3,0],73,298].
[[2,9,1,0,0,0,2,3,0],21,153].
[[2,9,1,1,2,0,2,2,0],7,44].
[[3,8,1,1,2,0,2,2,0],14,21].
[[1,8,1,1,2,2,1,2,1],42,24].
[[2,6,1,1,2,2,1,2,1],3,1].
[[3,6,1,1,2,2,1,2,1],18,2].
[[2,9,1,0,0,0,2,3,1],11,89].
[[3,8,0,0,0,0,2,3,1],4,27].
[[1,6,1,1,2,2,0,0,0],28,4].
[[2,3,1,1,2,2,0,0,0],15,4].
[[3,3,1,1,1,2,0,0,0],13,4].
[[3,7,1,1,2,2,0,0,0],60,49].
[[3,8,0,1,2,2,0,0,0],1,32].
[[2,8,0,1,1,2,2,1,1],13,29].
[[3,8,0,1,1,2,2,3,1],4,104].
[[2,7,2,1,2,2,2,2,0],2,0].
[[1,9,2,1,2,0,2,2,0],5,35].
[[2,5,0,1,1,0,1,2,0],1,0].
[[3,5,0,1,1,0,1,2,0],6,1].
[[2,7,1,1,2,0,2,1,1],1,4].
[[3,7,1,1,1,0,1,1,1],0,3].
[[2,8,0,1,2,2,0,0,0],22,193].
[[1,9,2,1,1,2,2,3,1],83,87].
[[3,8,1,1,1,2,1,2,1],76,76].
[[3,6,0,1,2,2,0,0,0],0,14].
[[3,8,1,1,2,2,2,1,0],29,35].
[[3,9,1,1,2,0,1,2,1],2,60].
[[1,9,2,0,0,0,2,2,0],54,217].
[[2,9,1,0,0,0,2,2,0],19,127].
[[3,9,1,1,2,0,2,2,0],2,43].
[[3,7,2,1,1,0,2,2,1],1,5].
[[2,8,1,1,2,2,2,1,0],32,24].
[[3,8,1,1,2,2,1,1,0],20,39].
[[3,9,1,1,1,2,2,1,0],0,42].
[[3,8,0,1,2,2,2,1,1],4,46].
[[1,8,1,0,0,0,2,3,0],58,41].
[[2,7,1,0,0,0,2,3,0],16,5].
[[3,7,1,0,0,0,2,3,0],24,7].
[[1,9,2,1,1,2,2,1,0],22,31].
[[2,4,2,1,2,0,2,3,0],62,3].
[[2,9,1,1,2,2,2,2,1],11,100].
[[3,9,1,1,2,2,2,2,0],4,126].
[[2,9,1,1,1,2,2,3,1],24,83].
[[1,9,2,1,2,2,1,2,1],44,116].
[[2,8,1,0,0,0,2,2,0],57,32].
[[3,8,1,0,0,0,1,2,1],55,41].
[[2,8,1,0,0,0,0,0,0],51,59].
[[2,8,1,1,1,2,1,2,1],49,17].
[[2,4,2,1,2,0,2,2,0],35,5].
[[3,4,2,1,2,0,1,1,0],41,2].
[[3,8,0,0,0,0,2,2,1],1,14].
[[2,8,0,0,0,0,0,0,0],7,93].
[[3,8,0,0,0,0,0,0,0],0,6].
[[3,9,1,1,2,2,1,2,1],4,190].
[[1,8,1,0,0,0,1,1,1],12,22].
[[3,8,1,0,0,0,1,1,1],8,22].
[[2,6,0,1,2,2,0,0,0],1,17].
[[1,7,2,0,0,0,2,2,1],15,3].
[[2,3,2,0,0,0,2,2,1],2,0].
[[3,3,2,1,2,2,2,2,1],5,0].
[[2,8,0,0,0,0,2,2,1],6,45].
[[3,8,0,0,0,0,2,2,0],2,39].
[[3,8,1,1,1,0,2,3,0],2,11].
[[1,7,1,1,2,2,0,0,0],46,39].
[[2,7,1,1,2,2,2,1,1],24,16].
[[3,7,1,1,2,2,2,1,1],39,28].
[[2,6,1,0,0,0,2,3,0],10,0].
[[3,3,1,1,2,2,2,3,0],7,0].
[[2,7,2,0,0,0,2,1,1],2,1].
[[3,7,2,1,2,2,2,1,1],20,1].
[[2,8,1,0,0,0,2,1,1],39,42].
[[2,8,1,1,1,2,0,0,0],35,23].
[[3,8,1,1,1,2,0,0,0],2,2].
[[2,9,1,1,1,2,2,1,0],17,48].
[[3,9,0,1,1,2,2,1,0],0,2].
[[2,8,0,1,2,2,2,3,0],17,133].
[[3,7,0,1,1,2,2,3,0],0,20].
[[2,7,2,1,2,2,0,0,0],43,4].
[[3,8,0,1,1,2,2,1,0],2,60].
[[3,8,1,0,0,0,2,3,0],8,27].
[[3,9,1,1,1,0,1,2,1],1,28].
[[2,8,0,1,2,2,2,2,1],12,99].
[[3,8,0,1,2,2,2,2,0],3,168].
[[2,9,1,1,2,0,2,2,1],1,21].
[[3,8,0,1,2,0,2,2,1],2,15].
[[1,9,2,1,2,0,2,3,0],6,48].
[[3,9,1,1,2,2,1,2,0],9,173].
[[3,5,0,1,2,0,1,1,0],4,1].
[[3,8,0,1,2,2,2,3,1],1,128].
[[3,8,0,1,2,2,1,2,1],16,171].
[[3,7,1,1,1,2,2,3,0],25,20].
[[2,8,1,1,2,2,2,2,1],83,85].
[[1,8,1,1,1,2,2,3,1],20,4].
[[2,7,1,1,1,2,2,3,1],18,5].
[[1,9,2,1,2,2,1,1,1],22,27].
[[2,5,0,1,1,2,1,1,1],4,1].
[[3,4,2,1,2,0,1,2,0],84,8].
[[3,8,0,1,2,0,2,1,1],0,13].
[[3,8,0,1,2,2,2,1,0],5,70].
[[3,7,1,1,2,2,2,3,1],105,71].
[[1,8,1,1,1,2,2,3,0],7,1].
[[2,8,1,1,1,2,2,3,0],32,14].
[[2,8,0,1,1,2,2,2,1],18,45].
[[3,8,0,1,1,2,2,2,1],3,52].
[[1,8,1,0,0,0,2,2,1],101,80].
[[3,9,1,1,2,2,1,1,0],5,64].
[[2,8,1,1,2,2,2,2,0],58,53].
[[2,8,0,0,0,0,2,3,0],11,70].
[[3,8,0,1,2,0,2,3,0],2,55].
[[1,9,2,1,2,0,0,0,0],5,50].
[[1,8,1,1,2,0,0,0,0],41,45].
[[2,6,1,1,2,0,0,0,0],9,4].
[[3,6,1,1,2,2,2,2,1],18,2].
[[1,9,2,1,2,2,2,2,1],59,237].
[[2,9,1,1,1,2,1,1,1],16,26].
[[3,4,2,1,2,0,1,1,1],66,2].
[[2,9,1,1,2,0,2,3,1],2,42].
[[3,8,0,1,2,0,2,3,1],2,40].
[[2,8,0,1,2,2,2,1,1],13,47].
[[3,4,2,1,2,0,2,2,0],75,5].
[[3,8,0,1,1,2,2,3,0],8,148].
[[2,8,0,1,2,0,2,1,1],1,6].
[[1,9,2,1,2,2,1,2,0],29,70].
[[2,9,1,1,2,2,1,2,0],21,145].
[[3,5,0,1,2,2,1,1,0],25,2].
[[1,8,0,1,1,2,0,0,0],57,60].
[[3,8,1,1,2,0,2,2,1],16,23].
[[1,8,0,1,2,2,2,1,1],8,18].
[[2,8,0,1,2,2,1,1,1],8,20].
[[3,8,0,1,1,2,1,1,1],2,35].
[[2,7,1,0,0,0,0,0,0],70,48].
[[3,7,0,1,2,2,0,0,0],2,31].
[[1,8,1,1,2,2,2,1,0],13,10].
[[2,9,1,1,2,2,1,1,0],11,68].
[[3,8,0,1,2,2,1,1,0],1,47].
[[1,8,1,0,0,0,2,2,0],40,27].
[[2,8,1,1,2,0,2,2,0],7,12].
[[3,7,1,1,2,0,2,2,1],13,18].
[[2,7,1,1,2,2,2,1,0],7,7].
[[3,7,1,1,2,2,2,1,0],23,13].
[[2,9,1,1,1,2,2,2,1],11,43].
[[1,8,1,0,0,0,2,1,1],74,47].
[[2,8,1,1,2,2,2,1,1],58,61].
[[3,7,1,1,2,0,1,2,1],23,10].
[[2,9,1,0,0,0,0,0,0],1,24].
[[2,5,0,1,2,2,1,2,0],11,1].
[[3,5,0,1,1,2,1,2,0],25,0].
[[3,9,1,0,0,0,2,2,0],0,22].
[[3,9,1,1,1,2,1,1,0],2,64].
[[2,7,0,1,1,2,0,0,0],4,5].
[[3,4,2,1,2,0,2,1,1],22,0].
[[2,7,2,0,0,0,2,2,1],23,7].
[[3,9,1,1,1,2,1,2,1],9,158].
[[2,3,2,0,0,0,0,0,0],10,0].
[[3,3,2,1,2,2,0,0,0],7,0].
[[3,8,0,1,1,2,1,1,0],2,26].
[[3,7,1,1,2,0,2,3,0],16,16].
[[1,8,1,1,2,0,1,2,1],3,4].
[[2,8,1,1,1,0,1,2,1],2,2].
[[3,7,1,1,1,0,1,2,1],1,2].
[[3,7,2,1,2,2,2,2,0],17,2].
[[3,8,1,1,1,2,1,1,0],14,17].
[[2,7,1,1,2,0,0,0,0],18,12].
[[3,7,1,1,2,0,0,0,0],17,12].
[[2,9,1,1,1,2,1,1,0],8,35].
[[1,8,0,1,1,2,2,2,0],3,11].
[[2,7,0,1,1,2,2,2,0],0,2].
[[3,7,0,1,1,2,2,2,0],0,14].
[[2,9,1,1,1,2,1,2,0],31,70].
[[1,8,1,1,2,2,2,2,1],98,48].
[[3,8,1,1,1,2,2,2,1],17,25].
[[2,7,1,0,0,0,1,2,1],9,5].
[[3,7,1,0,0,0,1,1,1],6,1].
[[3,8,0,1,2,0,0,0,0],0,5].
[[1,8,0,1,2,2,2,1,0],8,22].
[[2,8,0,1,2,2,1,1,0],7,20].
[[3,9,1,0,0,0,2,3,1],0,4].
[[2,8,0,1,1,2,1,2,1],14,19].
[[3,8,0,0,0,0,2,1,0],0,24].
[[1,8,0,0,0,0,2,2,0],1,30].
[[2,6,0,1,2,2,2,2,0],0,3].
[[3,6,0,1,2,2,2,2,0],0,11].
[[3,7,0,1,1,2,2,1,1],0,8].
[[2,8,0,1,2,0,2,2,1],3,13].
[[2,8,0,1,2,2,1,2,0],5,38].
[[3,7,0,1,2,2,1,2,0],0,6].
[[2,7,1,0,0,0,2,2,1],13,7].
[[3,7,1,1,2,2,1,1,1],27,22].
[[1,7,1,0,0,0,2,2,1],1,4].
[[2,8,1,1,1,2,1,1,1],15,11].
[[2,6,1,0,0,0,2,3,1],31,3].
[[3,6,1,1,2,2,2,3,1],34,1].
[[3,8,0,1,2,2,1,1,1],3,53].
[[3,5,0,1,2,2,1,2,1],7,2].
[[3,7,2,1,1,0,0,0,0],3,0].
[[2,6,1,1,2,0,2,3,1],6,0].
[[3,6,1,1,2,0,2,3,1],17,2].
[[3,9,1,1,1,2,1,1,1],1,40].
[[1,9,2,0,0,0,1,2,1],33,89].
[[1,7,2,0,0,0,2,3,1],23,2].
[[2,7,2,0,0,0,2,3,1],32,2].
[[3,7,2,1,2,2,2,3,0],9,0].
[[2,4,2,1,2,0,1,2,1],37,1].
[[1,7,2,1,2,2,0,0,0],32,2].
[[1,9,2,1,2,0,2,2,1],5,29].
[[2,8,1,1,1,0,2,2,1],0,6].
[[3,8,1,1,1,0,2,2,1],2,13].
[[2,6,1,0,0,0,2,1,1],10,0].
[[3,6,1,0,0,0,2,3,0],9,2].
[[3,8,1,0,0,0,1,2,0],17,7].
[[1,8,1,1,1,2,2,1,1],9,2].
[[3,8,1,1,1,2,2,3,0],27,52].
[[2,8,0,1,2,2,2,2,0],17,118].
[[3,6,1,0,0,0,2,1,1],5,0].
[[3,8,1,0,0,0,2,1,1],10,6].
[[3,7,2,1,2,2,0,0,0],20,4].
[[2,9,1,0,0,0,1,1,1],6,40].
[[3,8,0,0,0,0,1,1,1],0,13].
[[3,6,0,1,1,2,1,1,1],0,1].
[[2,8,0,0,0,0,2,1,1],8,28].
[[3,7,1,1,2,0,2,1,1],5,8].
[[2,8,1,1,1,0,2,3,1],5,3].
[[1,8,1,1,2,2,2,1,1],36,31].
[[3,7,1,1,1,2,1,1,1],10,13].
[[1,6,1,0,0,0,0,0,0],91,7].
[[2,2,1,0,0,0,0,0,0],3,0].
[[3,2,1,0,0,0,0,0,0],2,0].
[[2,8,1,1,2,0,2,3,1],32,62].
[[3,6,1,1,1,0,2,3,1],2,2].
[[2,9,1,1,2,0,1,2,0],3,37].
[[3,8,0,1,2,0,1,2,0],2,32].
[[2,8,1,0,0,0,2,3,0],52,42].
[[2,7,2,1,2,2,2,3,1],31,4].
[[3,7,2,1,2,2,2,2,1],30,3].
[[2,7,2,1,2,2,2,1,1],8,2].
[[1,8,1,1,2,0,2,2,1],9,16].
[[3,7,1,1,1,0,2,2,1],1,2].
[[1,7,1,1,2,2,1,1,1],1,1].
[[2,7,1,1,1,2,1,1,1],3,3].
[[1,9,2,1,2,2,1,1,0],18,24].
[[2,8,0,1,1,2,2,3,0],29,58].
[[3,6,1,1,1,2,0,0,0],3,0].
[[2,9,1,1,1,2,0,0,0],3,19].
[[3,8,0,1,1,2,0,0,0],0,20].
[[1,9,2,0,0,0,1,2,0],20,82].
[[1,7,2,1,2,2,2,3,1],9,2].
[[2,7,2,1,2,2,1,2,1],16,0].
[[3,3,1,1,1,2,2,3,1],4,1].
[[2,4,2,1,2,0,2,1,0],22,1].
[[3,8,0,1,1,2,1,2,0],3,62].
[[1,9,2,1,2,0,2,3,1],4,44].
[[2,8,0,1,2,0,2,3,1],4,25].
[[3,8,1,1,1,0,1,2,0],9,13].
[[3,9,1,1,1,0,2,2,0],0,15].
[[3,7,2,0,0,0,0,0,0],12,1].
[[2,7,1,1,2,0,2,3,1],6,6].
[[3,7,1,1,2,0,2,3,1],26,18].
[[3,7,2,1,1,2,2,3,1],15,1].
[[2,8,0,1,2,0,2,3,0],2,27].
[[3,8,0,1,1,0,1,2,0],0,8].
[[3,8,0,0,0,0,2,1,1],1,10].
[[3,9,1,1,1,2,2,2,1],0,5].
[[2,5,0,1,2,0,1,1,0],3,2].
[[3,7,1,0,0,0,0,0,0],21,21].
[[3,8,1,1,1,2,2,1,1],19,16].
[[1,7,1,1,2,2,2,3,0],6,2].
[[3,7,1,1,2,2,1,1,0],9,4].
[[1,8,0,1,1,2,2,1,1],3,4].
[[3,5,0,1,1,2,1,1,1],23,2].
[[2,9,1,1,1,0,2,2,0],0,13].
[[3,8,0,1,1,0,2,2,0],0,8].
[[3,8,1,1,2,0,2,3,0],13,36].
[[1,8,1,1,2,0,1,2,0],3,1].
[[2,8,1,1,2,0,1,2,0],9,6].
[[3,7,1,1,2,0,1,2,0],10,0].
[[2,7,1,1,1,2,2,1,0],2,1].
[[3,7,1,1,1,2,1,2,0],14,4].
[[3,8,1,1,1,2,1,1,1],25,39].
[[3,3,1,1,2,2,2,2,1],8,2].
[[1,4,2,1,2,0,2,2,0],11,3].
[[3,6,1,1,2,0,2,1,1],5,1].
[[2,9,1,1,2,0,2,1,0],4,30].
[[2,7,2,1,2,0,0,0,0],18,3].
[[3,9,1,1,2,0,2,1,1],0,2].
[[3,6,1,0,0,0,1,2,1],8,2].
[[2,9,1,0,0,0,1,2,0],17,90].
[[3,9,0,0,0,0,1,2,0],0,3].
[[3,7,1,1,2,2,2,2,0],31,24].
[[2,8,0,0,0,0,2,3,1],13,79].
[[3,8,1,1,2,0,1,1,0],5,12].
[[3,7,1,1,1,0,2,3,1],9,7].
[[2,8,1,1,2,0,2,1,1],16,18].
[[3,9,1,1,2,0,1,2,0],4,45].
[[2,8,0,0,0,0,1,2,0],1,17].
[[3,6,0,1,2,2,1,2,0],0,1].
[[1,8,1,1,2,0,2,3,0],13,8].
[[3,7,0,1,2,2,2,3,0],0,19].
[[3,9,1,1,2,0,2,3,0],1,50].
[[3,8,1,0,0,0,2,2,0],14,31].
[[3,7,2,0,0,0,2,2,0],7,0].
[[3,3,2,1,2,0,0,0,0],9,0].
[[3,8,1,1,2,2,2,1,1],33,26].
[[3,7,2,1,2,0,2,3,1],21,4].
[[1,4,2,1,2,0,2,3,1],10,2].
[[2,4,2,1,2,0,2,3,1],40,4].
[[3,7,1,0,0,0,1,2,1],13,7].
[[3,7,2,0,0,0,2,1,1],8,1].
[[3,9,1,0,0,0,1,1,1],2,19].
[[2,8,1,0,0,0,2,1,0],27,12].
[[3,7,1,0,0,0,2,1,0],5,1].
[[3,3,1,1,2,2,2,3,1],13,4].
[[3,8,0,1,1,0,2,3,0],0,19].
[[2,7,1,1,2,2,2,2,1],30,17].
[[3,7,1,0,0,0,2,2,0],12,10].
[[3,8,1,1,2,0,2,1,0],7,15].
[[3,7,1,1,1,2,2,2,1],26,19].
[[2,9,1,1,2,0,2,3,0],4,77].
[[3,8,0,1,1,0,1,1,1],0,1].
[[1,7,1,0,0,0,2,2,0],2,0].
[[2,3,1,0,0,0,2,2,0],1,0].
[[3,3,1,0,0,0,2,2,0],2,0].
[[1,9,2,1,1,2,1,2,0],22,19].
[[2,4,2,1,2,0,1,2,0],27,6].
[[2,8,1,1,2,0,2,1,0],6,7].
[[3,7,1,1,2,0,2,1,0],11,2].
[[2,8,0,1,1,2,2,3,1],25,67].
[[2,8,0,0,0,0,1,2,1],4,27].
[[3,7,1,1,1,2,2,2,0],15,8].
[[1,8,1,1,2,2,1,2,0],8,0].
[[3,3,1,0,0,0,0,0,0],10,4].
[[1,9,2,1,1,2,1,2,1],17,18].
[[1,7,1,1,2,2,2,1,1],6,0].
[[3,3,1,1,2,2,2,1,1],9,0].
[[3,9,0,1,2,2,1,2,0],0,18].
[[3,8,0,0,0,0,1,2,1],2,28].
[[3,6,0,1,2,0,2,2,1],0,1].
[[3,5,0,1,2,0,1,2,1],4,0].
[[2,6,1,1,2,2,0,0,0],42,4].
[[3,6,1,1,2,2,2,3,0],11,1].
[[1,9,2,1,1,2,1,1,1],15,5].
[[3,6,1,1,1,2,2,3,0],4,0].
[[3,6,1,0,0,0,0,0,0],9,0].
[[1,9,2,1,2,0,1,1,1],1,3].
[[3,5,0,1,2,0,1,2,0],10,1].
[[3,6,1,1,2,0,2,2,0],2,0].
[[3,8,1,1,1,0,2,3,1],3,10].
[[2,8,1,1,1,2,1,2,0],12,7].
[[3,6,0,1,1,2,2,2,1],2,4].
[[2,9,1,1,1,2,2,1,1],6,13].
[[3,7,2,1,2,0,1,2,1],19,5].
[[2,7,2,1,2,2,2,2,1],18,1].
[[3,7,2,1,2,2,1,1,1],7,3].
[[3,7,2,0,0,0,2,3,1],17,1].
[[1,6,0,0,0,0,0,0,0],1,3].
[[2,6,0,0,0,0,2,2,0],0,2].
[[3,7,0,1,2,0,0,0,0],0,13].
[[2,8,0,1,1,2,2,2,0],18,55].
[[3,6,1,0,0,0,2,3,1],21,1].
[[3,5,0,1,1,2,1,1,0],15,4].
[[2,6,0,1,2,2,2,3,1],0,8].
[[3,9,0,0,0,0,1,1,0],0,5].
[[3,8,0,1,1,0,1,2,1],0,11].
[[3,7,1,0,0,0,2,2,1],17,9].
[[1,7,2,1,2,0,2,3,1],2,0].
[[2,7,2,1,2,0,2,2,0],4,0].
[[3,7,2,1,1,2,1,1,1],6,0].
[[2,7,0,1,2,2,2,3,1],0,7].
[[3,3,0,1,2,2,2,3,1],0,1].
[[2,6,0,0,0,0,2,3,0],0,2].
[[3,6,0,1,2,0,1,2,0],0,1].
[[2,9,1,1,2,2,1,1,1],18,68].
[[2,7,2,1,2,0,2,3,0],2,0].
[[3,7,2,1,2,0,2,3,0],8,0].
[[2,8,1,1,2,0,0,0,0],18,25].
[[2,7,2,1,2,2,2,1,0],2,1].
[[3,7,2,1,1,2,2,1,0],3,1].
[[3,8,0,1,2,2,2,2,1],5,63].
[[1,9,2,0,0,0,1,1,1],16,42].
[[1,8,1,1,2,2,1,1,1],12,14].
[[3,3,1,1,1,2,1,1,1],2,0].
[[1,6,1,0,0,0,2,1,0],2,0].
[[2,3,1,0,0,0,2,1,0],1,0].
[[3,3,1,0,0,0,1,1,0],1,0].
[[1,3,2,0,0,0,0,0,0],7,0].
[[2,3,2,1,2,2,0,0,0],8,0].
[[3,3,2,1,2,2,2,3,1],8,0].
[[2,9,1,1,2,0,1,1,1],3,18].
[[3,8,0,1,2,0,1,1,1],1,21].
[[3,6,0,1,2,2,1,2,1],0,8].
[[3,9,1,0,0,0,2,1,0],0,11].
[[3,6,1,1,2,2,2,1,1],9,0].
[[2,6,1,0,0,0,0,0,0],53,4].
[[3,6,1,1,2,0,0,0,0],8,1].
[[3,8,0,0,0,0,2,3,0],1,45].
[[1,8,1,1,1,2,0,0,0],52,19].
[[1,9,2,1,2,0,2,1,0],4,14].
[[2,9,1,1,1,0,2,1,0],0,4].
[[3,8,0,1,1,0,2,1,0],0,7].
[[2,7,2,1,1,2,0,0,0],13,1].
[[2,7,2,0,0,0,2,3,0],4,0].
[[3,7,2,1,2,2,1,2,0],9,1].
[[2,8,1,1,1,2,2,1,1],20,8].
[[3,7,2,1,1,2,2,1,1],5,0].
[[2,9,1,1,1,0,2,3,0],0,9].
[[3,9,1,1,1,0,2,3,0],0,19].
[[2,7,1,1,2,2,2,3,0],21,9].
[[2,8,0,0,0,0,2,1,0],4,29].
[[2,7,2,1,2,0,1,2,1],3,4].
[[1,8,0,1,1,2,2,3,0],10,7].
[[1,4,2,1,2,0,2,1,1],7,0].
[[2,4,2,1,2,0,2,1,1],11,1].
[[1,8,0,0,0,0,1,2,0],1,4].
[[2,8,1,0,0,0,1,1,0],6,14].
[[3,7,1,0,0,0,1,1,0],1,2].
[[3,9,1,1,1,2,2,3,1],0,15].
[[3,7,1,1,1,2,2,1,0],11,5].
[[3,7,1,0,0,0,2,3,1],24,15].
[[3,7,0,0,0,0,2,1,0],0,4].
[[1,9,2,1,2,0,1,2,0],1,16].
[[2,5,0,1,2,2,1,1,0],3,1].
[[3,5,0,1,1,0,1,1,0],2,1].
[[1,7,2,1,2,0,2,2,1],3,1].
[[3,7,2,1,1,0,1,2,1],4,4].
[[1,7,2,1,2,0,0,0,0],7,2].
[[2,7,2,1,1,0,2,3,1],1,0].
[[1,7,1,1,2,2,2,2,1],4,1].
[[3,7,2,1,1,2,0,0,0],4,0].
[[3,8,1,0,0,0,2,1,0],11,3].
[[3,6,1,1,2,2,1,2,0],7,0].
[[3,7,2,0,0,0,2,1,0],6,0].
[[2,6,0,1,2,2,2,2,1],0,3].
[[1,8,0,0,0,0,1,1,0],0,1].
[[2,8,0,1,2,0,1,1,0],0,2].
[[3,8,0,1,1,0,1,1,0],0,5].
[[1,8,0,1,2,2,1,1,0],2,2].
[[3,7,1,1,2,2,1,2,0],23,3].
[[1,9,2,1,1,2,1,1,0],5,7].
[[2,8,1,1,1,2,1,1,0],4,6].
[[3,7,1,1,1,2,1,1,0],6,2].
[[3,6,1,0,0,0,2,2,1],7,0].
[[3,7,0,0,0,0,2,1,1],1,3].
[[2,7,1,0,0,0,2,3,1],29,16].
[[3,3,1,0,0,0,2,3,1],6,1].
[[2,8,0,1,1,2,1,1,0],3,6].
[[1,8,1,0,0,0,1,2,0],9,7].
[[2,8,1,0,0,0,1,2,0],23,11].
[[3,7,1,0,0,0,1,2,0],6,2].
[[3,3,2,1,2,0,2,2,1],3,0].
[[2,6,0,1,1,2,0,0,0],6,4].
[[3,6,0,1,1,2,2,3,1],0,9].
[[1,4,2,1,2,0,1,2,1],5,0].
[[3,7,0,0,0,0,2,3,1],1,5].
[[3,9,1,1,2,0,1,1,0],3,12].
[[2,6,1,1,1,2,2,1,1],1,1].
[[3,6,1,1,1,2,1,2,1],5,1].
[[3,9,0,1,2,0,1,2,0],0,10].
[[3,9,0,1,1,0,1,1,0],0,1].
[[2,9,1,1,1,0,1,2,1],1,7].
[[1,9,2,0,0,0,1,1,0],7,32].
[[2,5,0,1,1,2,1,2,0],5,0].
[[2,9,1,1,1,0,2,3,1],0,4].
[[1,8,1,1,1,2,1,1,0],0,1].
[[3,7,2,1,1,2,2,2,1],14,1].
[[2,4,2,1,2,0,1,1,0],7,1].
[[2,7,1,1,2,0,2,3,0],1,3].
[[2,7,1,1,1,2,0,0,0],33,17].
[[2,8,0,1,1,2,1,2,0],6,5].
[[3,7,1,1,1,0,0,0,0],5,6].
[[2,8,1,1,2,0,1,1,1],9,11].
[[2,7,1,1,1,2,1,2,1],6,1].
[[3,9,1,1,1,0,1,2,0],1,29].
[[3,3,1,1,2,2,0,0,0],27,5].
[[2,7,0,1,2,2,0,0,0],2,19].
[[2,8,1,1,1,0,2,3,0],1,5].
[[3,7,0,1,2,2,2,2,0],1,24].
[[2,9,1,1,2,0,2,1,1],1,16].
[[3,9,1,1,2,0,1,1,1],0,15].
[[3,7,1,1,1,2,0,0,0],23,24].
[[1,8,0,0,0,0,2,1,1],5,18].
[[3,7,0,1,2,2,2,1,1],0,15].
[[3,7,2,0,0,0,1,2,1],9,3].
[[1,9,2,1,1,2,2,2,1],41,49].
[[3,4,2,1,2,0,2,2,1],47,1].
[[3,6,1,1,1,0,2,3,0],1,1].
[[2,7,2,1,2,2,1,2,0],2,0].
[[3,3,2,1,2,2,1,2,0],1,0].
[[2,7,2,1,1,2,2,3,1],6,1].
[[3,7,2,1,1,2,1,2,1],16,1].
[[3,6,1,0,0,0,1,2,0],2,0].
[[1,7,1,1,2,2,2,3,1],7,4].
[[3,5,0,0,0,0,1,2,1],3,0].
[[3,7,2,1,1,0,2,2,0],1,1].
[[3,9,1,0,0,0,1,1,0],0,11].
[[3,8,1,0,0,0,1,1,0],6,7].
[[2,6,1,1,2,2,2,2,1],13,0].
[[3,9,1,1,1,0,2,1,0],0,8].
[[3,8,1,1,2,0,2,1,1],6,11].
[[1,8,0,1,2,2,2,2,0],10,40].
[[3,8,1,1,1,0,2,2,0],2,16].
[[2,7,0,0,0,0,0,0,0],1,14].
[[3,7,1,1,2,0,1,1,1],9,6].
[[3,8,0,1,2,0,2,1,0],0,22].
[[3,9,1,1,2,2,2,1,1],0,8].
[[3,6,1,1,1,2,1,1,1],2,0].
[[3,6,0,1,2,2,2,3,0],0,14].
[[3,8,0,0,0,0,1,2,0],1,34].
[[1,8,1,1,1,2,1,2,0],4,1].
[[2,7,2,1,2,0,2,2,1],8,0].
[[1,6,1,0,0,0,2,3,1],11,0].
[[3,8,0,1,1,0,2,3,1],0,3].
[[2,8,0,1,2,0,0,0,0],2,31].
[[3,8,0,1,1,0,2,1,1],0,4].
[[2,5,0,0,0,0,1,1,1],4,1].
[[3,9,1,1,1,0,2,3,1],0,2].
[[2,7,0,0,0,0,2,2,0],0,1].
[[3,7,0,1,2,0,2,2,0],0,1].
[[2,5,0,0,0,0,1,2,0],7,0].
[[3,5,0,0,0,0,1,2,0],6,0].
[[2,6,0,1,1,2,2,2,0],0,2].
[[3,6,0,1,1,2,1,2,0],0,2].
[[3,3,1,1,2,0,2,1,1],1,0].
[[2,7,0,1,2,2,2,3,0],0,5].
[[3,7,1,1,1,0,1,2,0],0,1].
[[2,8,1,1,2,2,1,1,0],11,10].
[[1,8,0,1,1,2,2,2,1],8,7].
[[2,6,1,1,2,2,2,3,0],3,0].
[[3,9,1,1,1,0,1,1,0],0,13].
[[3,9,1,1,2,0,0,0,0],0,2].
[[2,9,1,1,1,0,2,1,1],1,0].
[[3,8,1,1,1,0,2,1,1],2,7].
[[2,6,0,0,0,0,0,0,0],0,8].
[[3,3,1,1,2,0,0,0,0],8,1].
[[2,3,1,0,0,0,0,0,0],9,2].
[[3,3,1,1,2,0,2,3,1],3,0].
[[2,7,0,1,1,2,2,3,0],0,2].
[[1,8,1,1,1,2,1,2,1],12,1].
[[3,7,2,1,1,2,1,2,0],3,0].
[[3,7,0,0,0,0,2,2,1],0,3].
[[3,7,1,1,1,2,2,1,1],6,7].
[[3,7,2,1,2,0,1,1,0],1,0].
[[3,3,2,0,0,0,0,0,0],5,0].
[[3,7,2,0,0,0,2,2,1],10,1].
[[2,6,1,1,2,2,2,3,1],16,2].
[[1,7,1,0,0,0,2,3,1],9,4].
[[3,6,0,0,0,0,2,2,0],0,4].
[[3,6,1,0,0,0,2,2,0],6,0].
[[1,7,1,1,2,2,1,2,1],6,2].
[[2,6,1,1,1,2,0,0,0],8,0].
[[2,8,0,0,0,0,1,1,0],2,6].
[[3,7,0,0,0,0,1,1,0],0,1].
[[3,3,1,0,0,0,1,2,1],2,0].
[[3,9,1,1,2,0,2,3,1],0,9].
[[3,6,1,1,1,2,2,1,1],3,0].
[[3,8,1,0,0,0,2,2,1],14,16].
[[3,6,0,1,2,0,2,3,1],0,3].
[[1,4,2,1,2,0,0,0,0],19,1].
[[2,9,1,1,2,0,0,0,0],0,8].
[[1,6,1,1,2,2,2,3,1],3,0].
[[3,6,1,1,2,2,2,2,0],11,1].
[[2,9,1,1,1,0,1,2,0],0,6].
[[2,7,1,0,0,0,2,1,0],6,1].
[[3,7,1,1,2,0,1,1,0],3,1].
[[2,6,1,0,0,0,2,1,0],3,0].
[[3,6,1,1,2,0,2,1,0],3,0].
[[3,7,1,1,1,0,2,1,1],2,0].
[[2,4,2,1,2,0,1,1,1],29,1].
[[1,8,1,0,0,0,1,1,0],4,4].
[[2,7,1,0,0,0,1,1,0],0,1].
[[3,9,0,0,0,0,1,1,1],0,1].
[[3,6,0,1,1,2,0,0,0],0,3].
[[2,3,2,1,2,0,0,0,0],4,0].
[[2,7,1,1,1,2,2,2,1],9,5].
[[3,9,1,0,0,0,1,2,0],5,37].
[[3,3,2,1,1,0,2,2,1],1,0].
[[3,5,0,1,2,0,1,1,1],9,2].
[[2,7,1,1,2,2,2,2,0],7,7].
[[3,8,0,0,0,0,1,1,0],0,9].
[[2,5,0,1,1,2,1,1,0],3,2].
[[1,6,1,0,0,0,2,2,1],8,0].
[[3,3,2,0,0,0,2,2,1],5,0].
[[3,6,1,1,2,0,2,2,1],11,2].
[[3,9,1,1,2,2,2,2,1],0,11].
[[3,6,0,0,0,0,2,1,1],1,1].
[[3,9,0,1,1,2,1,2,0],0,11].
[[2,6,1,1,2,0,2,2,1],4,0].
[[3,7,2,1,2,0,2,2,0],6,0].
[[2,7,1,0,0,0,2,2,0],6,4].
[[3,9,1,1,2,0,2,2,1],0,4].
[[1,7,2,1,2,2,1,2,1],0,1].
[[2,7,2,1,2,2,1,1,1],2,1].
[[3,7,0,1,2,2,1,2,1],1,3].
[[3,7,0,1,1,2,1,2,1],0,7].
[[1,7,1,0,0,0,2,3,0],5,1].
[[1,8,0,1,2,2,1,2,1],1,3].
[[3,3,2,0,0,0,2,3,1],5,0].
[[2,6,1,1,2,0,2,3,0],1,0].
[[2,8,0,1,2,0,1,2,1],0,6].
[[2,7,2,1,1,2,2,2,1],5,0].
[[1,8,1,1,2,2,1,1,0],1,3].
[[3,9,0,1,1,2,1,1,1],0,1].
[[2,5,0,0,0,0,1,2,1],2,0].
[[2,6,1,0,0,0,2,2,1],12,1].
[[3,7,1,0,0,0,2,1,1],13,3].
[[1,4,2,1,2,0,2,3,0],14,0].
[[2,7,1,0,0,0,2,1,1],11,5].
[[3,7,2,1,2,0,2,2,1],15,3].
[[2,7,1,1,2,2,1,1,1],7,4].
[[3,7,0,1,1,2,2,2,1],0,16].
[[3,7,0,1,2,2,2,2,1],3,14].
[[3,3,2,1,2,0,2,3,1],8,0].
[[1,8,0,0,0,0,1,2,1],0,4].
[[3,7,0,0,0,0,1,2,1],0,2].
[[3,7,2,1,2,0,1,1,1],3,4].
[[3,7,0,1,1,2,1,2,0],0,6].
[[3,6,1,1,2,0,2,3,0],9,0].
[[3,7,0,0,0,0,2,3,0],0,3].
[[3,7,2,1,2,2,2,1,0],4,1].
[[3,7,0,0,0,0,0,0,0],0,9].
[[2,8,0,0,0,0,1,1,1],3,6].
[[3,3,1,1,2,2,1,2,1],1,1].
[[3,5,0,0,0,0,1,1,0],3,3].
[[2,6,1,0,0,0,1,2,1],3,1].
[[3,6,0,1,1,2,2,1,1],0,3].
[[3,7,0,1,1,2,1,1,0],0,4].
[[3,3,1,0,0,0,2,1,1],2,1].
[[2,9,1,1,2,0,1,1,0],2,11].
[[2,5,0,1,2,2,1,1,1],7,0].
[[3,7,1,1,1,0,2,3,0],3,3].
[[2,7,2,1,2,2,2,3,0],4,0].
[[3,7,2,1,1,2,2,3,0],3,0].
[[2,6,1,1,2,0,2,2,0],2,0].
[[3,6,1,1,2,0,1,2,0],2,0].
[[3,6,1,1,2,2,1,1,1],5,0].
[[2,7,2,0,0,0,1,2,1],11,1].
[[2,8,0,1,2,0,1,2,0],0,10].
[[3,6,0,1,2,2,2,2,1],0,5].
[[1,6,1,0,0,0,2,1,1],3,0].
[[1,8,0,1,2,2,1,2,0],1,2].
[[1,7,1,0,0,0,2,1,1],3,3].
[[2,7,1,1,2,0,1,1,1],0,1].
[[2,6,0,1,2,2,2,3,0],0,3].
[[2,3,2,0,0,0,2,3,1],4,0].
[[3,3,2,1,2,2,2,2,0],2,0].
[[2,7,1,1,2,0,1,2,1],1,2].
[[3,9,0,1,2,2,1,1,0],0,4].
[[3,9,0,1,2,0,1,1,0],0,3].
[[2,6,1,1,2,2,2,1,0],1,0].
[[3,6,1,1,1,2,2,1,0],3,0].
[[2,8,0,1,1,2,1,1,1],6,4].
[[1,8,1,1,2,0,2,1,0],5,1].
[[2,7,0,1,2,2,1,2,1],0,1].
[[3,6,0,1,1,2,2,1,0],0,4].
[[2,7,2,1,1,0,0,0,0],2,1].
[[1,7,2,0,0,0,1,2,1],0,2].
[[2,9,1,1,1,0,1,1,1],0,1].
[[2,7,2,0,0,0,2,2,0],5,1].
[[1,8,1,1,1,2,2,2,0],7,1].
[[3,7,2,1,2,0,0,0,0],7,0].
[[3,6,1,0,0,0,1,1,1],5,3].
[[3,6,0,0,0,0,2,1,0],0,1].
[[1,6,0,1,2,2,0,0,0],4,8].
[[1,7,2,0,0,0,2,1,1],4,0].
[[2,7,0,1,2,2,2,1,0],0,5].
[[3,7,0,1,2,2,1,1,0],0,3].
[[3,8,1,1,1,0,1,1,0],0,2].
[[2,2,1,0,0,0,2,3,1],2,0].
[[3,2,1,0,0,0,2,3,1],1,0].
[[3,7,0,1,1,2,2,1,0],0,4].
[[3,7,0,1,2,0,2,1,0],0,3].
[[1,9,2,1,2,0,1,1,0],0,5].
[[3,6,0,1,2,2,2,1,1],0,6].
[[1,8,1,1,1,2,2,1,0],2,2].
[[3,8,0,1,1,0,2,2,1],0,4].
[[1,8,0,1,1,2,1,2,0],0,3].
[[2,7,0,1,1,2,1,2,0],0,2].
[[3,6,1,1,2,2,2,1,0],7,1].
[[1,8,1,1,1,2,1,1,1],8,3].
[[3,3,2,1,2,2,1,2,1],1,0].
[[3,6,0,0,0,0,2,3,1],0,4].
[[2,8,1,1,2,0,1,1,0],1,2].
[[2,7,2,1,1,0,1,2,1],0,1].
[[3,7,2,1,1,0,1,1,1],1,1].
[[2,6,1,1,2,2,2,1,1],6,0].
[[3,7,2,1,2,0,2,1,0],6,0].
[[1,4,2,1,2,0,1,1,0],2,0].
[[1,4,2,1,2,0,2,1,0],8,0].
[[2,7,0,1,1,2,2,3,1],0,2].
[[3,7,0,1,1,2,2,3,1],0,15].
[[2,7,2,1,2,0,2,1,1],6,0].
[[3,3,2,1,2,0,2,1,1],1,0].
[[3,8,1,1,2,0,0,0,0],1,2].
[[1,7,2,1,2,2,2,2,1],1,0].
[[3,3,2,1,2,2,2,1,1],3,0].
[[3,3,1,1,1,2,2,2,1],6,0].
[[3,9,1,1,1,0,1,1,1],0,6].
[[3,9,1,1,2,2,2,3,1],0,3].
[[1,6,1,1,2,2,2,1,1],3,0].
[[3,3,1,1,1,2,2,1,1],1,0].
[[3,7,0,1,2,0,2,3,0],0,3].
[[3,5,0,1,1,2,1,2,1],6,2].
[[2,8,1,1,1,0,2,1,1],1,2].
[[2,2,1,0,0,0,2,1,0],1,0].
[[3,2,1,1,2,0,2,1,0],1,0].
[[2,9,1,1,1,0,1,1,0],0,5].
[[2,7,1,1,2,2,1,2,0],2,1].
[[3,9,1,0,0,0,2,2,1],0,1].
[[3,3,2,1,1,2,0,0,0],2,0].
[[3,6,1,1,1,2,2,2,0],6,0].
[[2,9,1,1,1,0,0,0,0],0,2].
[[2,8,1,1,1,0,2,1,0],2,1].
[[3,3,2,1,1,0,2,3,1],1,0].
[[3,7,0,1,2,0,2,1,1],1,1].
[[3,7,1,1,2,0,2,2,0],12,7].
[[3,6,1,0,0,0,1,1,0],2,0].
[[1,8,0,1,1,2,2,1,0],2,4].
[[2,8,1,1,1,0,0,0,0],3,2].
[[3,6,1,1,1,2,2,3,1],3,0].
[[1,7,2,0,0,0,2,1,0],2,0].
[[2,6,1,1,2,0,1,1,0],1,0].
[[3,6,1,1,2,2,1,1,0],1,0].
[[1,4,2,1,2,0,1,2,0],1,1].
[[2,6,1,1,1,2,2,2,1],4,0].
[[3,9,0,1,2,2,2,3,0],0,2].
[[2,6,1,1,2,2,2,2,0],4,1].
[[3,8,1,1,1,0,2,1,0],1,6].
[[3,6,1,1,2,0,1,1,0],2,0].
[[2,6,1,1,1,2,2,3,1],1,0].
[[3,3,2,1,1,2,2,3,1],3,0].
[[3,7,0,0,0,0,2,2,0],0,2].
[[3,3,1,0,0,0,2,2,1],5,0].
[[2,8,1,1,1,0,1,1,1],0,4].
[[3,4,0,1,2,0,1,1,1],0,1].
[[3,6,1,1,2,0,1,1,1],3,0].
[[1,2,1,0,0,0,2,3,1],1,0].
[[2,2,1,0,0,0,1,2,1],1,0].
[[3,2,1,1,2,0,1,2,1],2,0].
[[2,6,0,1,2,2,2,1,1],0,2].
[[3,6,0,1,2,2,1,1,1],0,1].
[[1,6,1,1,2,2,1,2,1],1,0].
[[2,6,1,1,1,2,1,2,1],1,0].
[[2,6,1,1,1,2,1,2,0],1,0].
[[3,6,1,1,1,2,1,2,0],2,0].
[[3,7,2,1,1,2,2,2,0],1,0].
[[3,6,0,1,2,0,0,0,0],0,1].
[[3,8,1,0,0,0,0,0,0],0,1].
[[3,8,1,1,2,2,0,0,0],0,5].
[[3,7,1,1,1,0,2,2,0],1,2].
[[2,7,2,1,1,2,2,1,1],2,0].
[[3,6,1,0,0,0,2,1,0],4,0].
[[1,6,1,1,2,2,2,2,1],3,0].
[[3,7,2,0,0,0,1,1,1],2,1].
[[2,6,1,0,0,0,1,1,1],1,0].
[[3,3,2,1,1,0,0,0,0],1,0].
[[3,3,2,1,2,0,2,2,0],2,0].
[[3,9,0,1,1,2,1,1,0],0,4].
[[3,6,0,1,1,2,2,2,0],0,5].
[[2,9,1,1,1,0,2,2,1],0,3].
[[3,4,0,1,2,0,2,2,1],0,1].
[[1,7,2,1,2,2,2,1,1],2,0].
[[3,5,0,1,1,0,1,1,1],1,2].
[[3,6,0,0,0,0,2,2,1],0,1].
[[3,7,0,1,2,2,2,1,0],0,8].
[[3,7,1,1,1,0,2,1,0],3,1].
[[2,7,0,0,0,0,2,2,1],0,2].
[[3,1,1,1,2,0,1,2,0],1,0].
[[3,2,0,1,1,2,0,0,0],0,1].
[[1,7,1,1,2,2,2,1,0],3,0].
[[3,3,1,1,2,2,2,1,0],3,0].
[[2,7,1,1,2,2,1,1,0],0,1].
[[3,9,1,1,1,2,2,1,1],0,1].
[[3,9,0,1,2,0,1,1,1],0,1].
[[1,6,1,0,0,0,1,1,1],1,0].
[[2,3,1,0,0,0,1,1,1],1,0].
[[3,3,1,1,2,0,1,1,1],1,0].
[[3,6,1,1,2,0,1,2,1],4,1].
[[3,7,2,1,1,0,2,3,0],2,0].
[[3,7,0,1,2,0,1,2,1],0,5].
[[1,6,1,0,0,0,2,3,0],1,0].
[[3,7,0,1,2,0,2,2,1],0,2].
[[3,3,2,1,2,0,1,2,1],1,0].
[[3,3,1,0,0,0,2,3,0],2,0].
[[3,6,0,1,2,2,1,1,0],0,4].
[[1,8,0,0,0,0,1,1,1],0,1].
[[2,7,2,0,0,0,1,1,1],3,3].
[[3,3,2,0,0,0,1,1,1],1,0].
[[2,7,1,0,0,0,1,1,1],1,1].
[[2,7,1,0,0,0,1,2,0],3,0].
[[3,9,0,1,2,0,1,2,1],0,2].
[[2,7,1,1,1,2,2,1,1],1,1].
[[1,7,2,1,2,0,2,1,1],1,0].
[[2,5,0,1,2,2,1,2,1],1,2].
[[3,7,0,0,0,0,1,2,0],0,1].
[[3,6,1,1,1,0,0,0,0],0,1].
[[2,7,1,1,1,2,2,3,0],3,2].
[[2,7,2,1,2,0,1,1,1],1,2].
[[1,8,1,1,2,0,1,1,1],0,2].
[[2,7,1,1,2,0,2,1,0],3,0].
[[2,5,0,1,1,2,1,2,1],1,0].
[[3,7,2,1,1,0,2,1,1],0,1].
[[2,8,1,1,1,0,2,2,0],0,1].
[[2,5,0,1,2,0,1,1,1],2,1].
[[3,9,1,0,0,0,2,1,1],1,2].
[[1,8,1,1,2,0,2,2,0],3,0].
[[2,7,1,1,2,0,2,2,0],2,0].
[[1,4,2,1,2,0,1,1,1],2,0].
[[1,3,2,0,0,0,2,3,1],1,0].
[[2,3,2,1,2,2,2,3,1],1,0].
[[3,6,0,1,2,0,2,3,0],0,2].
[[3,8,0,1,1,0,0,0,0],0,1].
[[3,3,0,0,0,0,0,0,0],0,1].
[[2,7,2,1,1,2,1,1,1],1,1].
[[2,7,2,0,0,0,1,2,0],0,1].
[[3,7,2,1,2,0,1,2,0],0,1].
[[2,6,0,1,1,2,2,2,1],1,0].
[[3,7,2,0,0,0,2,3,0],2,0].
[[2,8,0,1,2,0,1,1,1],0,2].
[[3,3,1,1,1,2,2,3,0],1,0].
[[2,6,1,0,0,0,2,2,0],3,0].
[[3,9,1,1,1,2,0,0,0],0,1].
[[3,7,2,0,0,0,1,2,0],1,0].
[[2,6,1,1,2,2,1,1,1],1,0].
[[3,3,2,1,2,2,1,1,1],1,0].
[[3,6,0,0,0,0,0,0,0],0,2].
[[3,3,1,1,2,0,1,2,1],1,0].
[[1,8,0,1,1,2,1,1,1],1,1].
[[3,9,0,1,1,2,2,3,0],0,1].
[[1,7,1,1,2,2,2,2,0],1,0].
[[2,3,1,1,2,2,2,2,0],1,0].
[[3,3,1,1,2,2,2,2,0],3,0].
[[3,9,0,0,0,0,1,2,1],0,1].
[[2,7,2,0,0,0,1,1,0],0,1].
[[2,6,1,1,1,2,2,2,0],1,0].
[[2,6,0,1,2,2,1,1,0],0,1].
[[3,6,1,1,1,0,2,1,0],1,0].
[[1,6,1,1,2,2,2,2,0],1,0].
[[2,3,1,0,0,0,2,3,1],1,0].
[[2,5,0,1,2,0,1,2,0],2,0].
[[2,6,1,1,1,2,2,3,0],1,0].
[[2,6,0,0,0,0,2,2,1],1,0].
[[3,7,0,0,0,0,1,1,1],1,0].
[[2,3,2,1,2,0,2,1,1],1,0].
[[3,3,2,1,1,0,1,1,1],1,0].
[[2,6,0,0,0,0,2,3,1],0,1].
[[3,3,2,0,0,0,2,1,0],1,0].
[[3,6,1,1,1,0,1,2,1],1,0].
[[2,8,1,1,1,0,1,1,0],0,1].
[[3,3,2,0,0,0,2,3,0],1,0].
[[3,6,1,1,1,0,2,2,1],1,0].
[[2,6,0,1,1,2,2,3,0],0,1].
[[3,6,1,1,1,0,2,1,1],1,1].
[[3,2,1,1,2,0,0,0,0],1,0].
[[2,6,0,1,2,2,1,2,1],0,1].
[[3,9,1,1,1,0,2,1,1],0,1].
[[3,3,2,0,0,0,2,1,1],1,0].
[[1,3,2,0,0,0,2,1,1],1,0].
[[2,2,1,0,0,0,2,1,1],1,0].
[[3,2,1,1,2,2,2,1,1],1,0].
[[1,7,1,0,0,0,1,2,1],1,2].
[[2,3,1,1,2,2,1,2,1],1,0].
[[1,7,2,1,2,0,1,2,1],0,1].
[[2,3,1,0,0,0,2,3,0],1,0].
[[3,9,0,1,2,2,2,2,0],0,1].
[[2,3,1,0,0,0,2,2,1],1,1].
[[3,2,0,1,2,2,2,2,1],0,1].
[[2,7,0,1,1,2,2,2,1],0,1].
[[3,3,1,1,2,2,1,1,1],1,0].
[[3,3,1,1,1,2,2,1,0],2,0].
[[3,3,2,1,2,2,2,1,0],2,0].
[[3,6,0,1,1,2,1,2,1],0,2].
[[2,3,1,1,2,2,2,3,1],1,0].
[[1,3,2,0,0,0,2,2,1],1,0].
[[2,2,1,0,0,0,2,2,1],1,0].
[[3,2,1,1,2,2,1,1,1],1,0].
[[3,6,0,0,0,0,2,3,0],0,1].
[[1,7,2,1,2,0,2,2,0],1,0].
[[2,3,2,1,2,0,2,2,0],1,0].
[[3,3,2,1,1,0,2,2,0],1,0].
[[2,3,2,1,2,2,2,3,0],1,0].
[[1,8,0,1,1,2,1,2,1],0,1].
[[3,9,0,1,2,2,1,1,1],0,1].
[[1,7,2,1,2,0,2,1,0],1,0].
[[2,7,2,1,2,0,1,2,0],1,0].
[[3,7,2,1,1,0,1,2,0],1,0].
[[2,7,0,1,2,2,2,2,1],0,1].
[[3,2,1,1,2,2,0,0,0],1,0].
[[2,7,0,1,1,2,2,1,0],0,1].
[[2,7,2,1,1,2,1,2,1],1,0].
[[1,7,2,0,0,0,2,3,0],1,0].
[[2,3,2,0,0,0,2,3,0],1,0].
[[3,3,2,1,2,2,2,3,0],1,0].
[[3,2,1,0,0,0,2,3,0],1,0].
[[2,6,0,1,1,2,2,1,1],0,1].
