total_WL(247,139).
[[1,8,2,0,0,0,2,3,2],20,14].
[[2,7,2,1,2,1,2,3,2],2,2].
[[3,7,0,1,2,1,2,3,2],0,1].
[[1,6,2,1,2,1,2,3,2],2,0].
[[2,3,2,1,2,1,2,3,2],2,0].
[[3,3,2,1,2,1,2,3,2],2,0].
[[1,8,2,0,0,0,1,2,0],5,7].
[[2,8,2,0,0,0,1,2,0],6,5].
[[3,8,2,1,2,0,1,1,0],0,3].
[[1,7,2,0,0,0,2,2,0],3,0].
[[2,7,2,0,0,0,2,2,0],3,2].
[[3,7,2,1,2,1,2,2,0],6,0].
[[1,8,2,0,0,0,2,3,0],19,9].
[[2,8,2,0,0,0,2,3,0],11,6].
[[3,8,2,1,2,1,2,1,0],3,6].
[[1,8,2,0,0,0,2,2,2],11,4].
[[2,8,2,0,0,0,2,2,0],6,2].
[[3,8,2,1,2,1,1,2,2],11,3].
[[1,8,2,1,2,1,0,0,0],9,14].
[[2,8,2,1,2,1,2,2,0],6,3].
[[3,5,0,1,1,1,1,1,0],1,0].
[[2,8,2,1,2,1,2,3,0],7,6].
[[3,8,2,1,2,1,1,2,0],12,6].
[[2,8,2,0,0,0,2,3,2],11,7].
[[3,8,2,0,0,0,2,1,2],1,0].
[[2,8,2,0,0,0,1,2,2],5,3].
[[3,7,2,0,0,0,1,2,2],4,2].
[[1,6,2,1,2,1,0,0,0],2,0].
[[2,6,2,1,2,1,2,3,2],2,0].
[[3,6,2,1,2,1,2,3,2],2,0].
[[3,7,2,1,2,1,2,3,0],6,7].
[[2,8,2,1,2,0,2,3,0],2,2].
[[3,6,2,1,1,0,1,2,2],1,0].
[[1,7,2,1,2,1,2,3,2],2,0].
[[3,3,2,1,1,1,2,3,2],1,0].
[[1,8,2,0,0,0,0,0,0],33,21].
[[3,8,2,0,0,0,2,3,0],4,5].
[[3,5,0,1,2,0,1,1,2],1,0].
[[1,8,2,0,0,0,2,1,2],4,0].
[[1,6,2,0,0,0,0,0,0],12,1].
[[2,6,2,0,0,0,2,2,2],2,0].
[[3,6,2,1,2,0,1,2,2],1,0].
[[1,7,2,1,2,1,0,0,0],6,5].
[[2,7,2,1,1,1,0,0,0],2,1].
[[3,7,2,1,1,1,2,2,2],1,1].
[[3,3,2,1,2,0,2,2,2],2,1].
[[1,8,2,1,2,1,2,3,0],7,7].
[[2,8,2,1,2,1,2,1,0],5,8].
[[3,8,2,1,2,1,1,1,0],2,4].
[[2,7,2,0,0,0,2,1,2],2,1].
[[3,3,2,0,0,0,2,1,2],2,0].
[[2,8,2,1,2,1,1,2,0],6,5].
[[1,6,2,1,2,0,2,3,2],1,0].
[[2,6,2,1,2,0,2,3,2],1,1].
[[3,6,2,1,1,0,2,2,0],2,0].
[[3,7,2,1,2,1,2,3,2],7,5].
[[1,8,2,0,0,0,2,2,0],12,4].
[[3,6,2,1,2,0,2,2,0],2,0].
[[1,8,2,1,2,0,2,3,0],2,1].
[[3,7,2,1,2,0,2,3,0],3,2].
[[2,8,2,1,2,1,1,1,2],4,0].
[[3,5,0,1,1,1,1,1,2],1,0].
[[3,8,2,1,1,1,2,1,0],0,1].
[[1,8,2,0,0,0,2,1,0],5,3].
[[2,6,2,0,0,0,1,1,2],2,0].
[[3,3,2,1,2,1,1,1,2],1,0].
[[1,6,2,0,0,0,2,2,0],1,0].
[[2,6,2,1,2,0,2,3,0],2,0].
[[3,3,2,1,2,1,2,3,0],2,0].
[[1,6,2,0,0,0,2,1,2],2,0].
[[2,6,2,0,0,0,2,1,2],1,0].
[[3,6,2,0,0,0,2,1,2],1,0].
[[1,2,2,0,0,0,2,2,2],1,0].
[[2,2,2,0,0,0,1,2,2],1,0].
[[3,2,2,1,2,0,1,2,2],1,0].
[[2,8,2,0,0,0,2,2,2],7,2].
[[3,8,2,1,2,1,2,2,2],2,0].
[[2,8,2,1,2,1,0,0,0],2,6].
[[3,8,2,1,2,1,2,2,0],1,3].
[[2,8,2,1,2,1,2,2,2],4,1].
[[3,8,2,1,2,1,1,1,2],3,0].
[[1,7,2,0,0,0,0,0,0],17,13].
[[2,7,2,0,0,0,2,1,0],7,2].
[[3,7,2,1,2,0,2,1,0],3,0].
[[2,8,2,1,2,0,2,2,0],3,2].
[[3,5,0,1,2,1,1,1,0],2,1].
[[3,8,2,0,0,0,2,3,2],1,2].
[[1,8,2,1,2,0,2,2,0],0,1].
[[3,7,2,1,2,0,2,2,0],0,1].
[[3,8,2,0,0,0,1,2,2],1,1].
[[2,7,2,1,2,1,0,0,0],6,8].
[[3,7,2,1,1,1,0,0,0],2,0].
[[3,8,2,1,1,1,2,2,0],1,3].
[[1,3,2,0,0,0,0,0,0],2,0].
[[2,3,2,0,0,0,2,3,2],1,0].
[[3,3,2,1,2,1,1,2,2],1,0].
[[2,8,2,0,0,0,2,1,0],2,3].
[[3,8,2,1,2,0,2,1,0],1,1].
[[2,8,2,0,0,0,1,1,2],3,2].
[[3,6,2,1,2,0,1,1,2],1,0].
[[3,8,2,1,2,1,2,1,2],1,0].
[[1,7,2,0,0,0,2,2,2],3,0].
[[2,7,2,0,0,0,1,2,2],3,1].
[[3,7,2,1,2,1,2,1,0],2,3].
[[1,7,2,0,0,0,2,1,2],1,0].
[[2,8,2,1,2,1,2,3,2],14,5].
[[3,8,2,1,1,1,2,3,2],3,0].
[[2,7,2,1,2,1,2,2,2],2,1].
[[3,7,2,1,1,1,2,2,0],1,2].
[[3,7,2,1,2,0,2,2,2],2,1].
[[1,8,2,1,1,1,2,2,2],2,0].
[[2,4,1,1,2,0,2,2,2],1,0].
[[3,4,1,1,2,0,2,3,2],2,1].
[[2,7,2,0,0,0,2,2,2],4,0].
[[2,3,2,0,0,0,0,0,0],1,1].
[[3,3,2,0,0,0,2,2,0],2,0].
[[1,8,2,1,2,0,1,1,2],1,0].
[[2,8,2,1,2,0,1,2,2],1,0].
[[3,7,2,1,2,0,1,2,2],1,0].
[[3,8,2,1,2,1,2,3,2],6,1].
[[1,8,2,1,2,0,0,0,0],0,3].
[[2,8,2,1,2,0,2,3,2],1,1].
[[3,7,2,1,2,1,1,2,0],4,2].
[[3,8,2,1,2,1,2,3,0],3,5].
[[1,8,2,1,2,1,2,1,0],5,2].
[[3,6,2,0,0,0,2,2,2],1,0].
[[3,7,2,1,2,1,2,2,2],3,1].
[[2,7,0,1,2,1,0,0,0],1,0].
[[3,3,2,1,2,1,0,0,0],3,1].
[[1,8,2,1,2,1,1,2,0],1,1].
[[3,7,2,1,1,1,1,2,0],1,2].
[[1,8,2,0,0,0,1,1,2],1,3].
[[2,8,2,1,2,0,1,1,2],2,0].
[[3,8,2,1,2,0,1,1,2],3,0].
[[2,7,2,1,2,0,2,3,0],5,1].
[[1,8,2,0,0,0,1,2,2],5,2].
[[2,8,2,1,2,1,1,2,2],2,5].
[[3,7,2,1,1,1,1,2,2],2,2].
[[1,8,2,1,2,1,2,3,2],7,2].
[[2,8,2,1,1,1,1,2,2],1,0].
[[1,8,2,1,2,1,2,2,2],7,1].
[[2,7,2,1,1,1,2,2,2],1,0].
[[2,7,2,0,0,0,2,3,0],5,2].
[[3,3,2,0,0,0,2,3,0],1,0].
[[1,6,2,0,0,0,2,3,2],4,0].
[[2,6,2,0,0,0,2,3,2],3,1].
[[3,6,2,0,0,0,2,3,0],1,0].
[[1,7,2,1,2,1,2,3,0],1,1].
[[2,7,2,1,2,1,2,3,0],5,4].
[[3,7,2,0,0,0,2,3,0],5,2].
[[3,8,2,1,2,0,2,3,2],1,0].
[[3,8,2,1,1,1,1,1,0],3,2].
[[2,8,2,1,2,0,2,1,2],0,1].
[[3,8,2,1,1,0,1,2,2],0,1].
[[2,8,2,0,0,0,0,0,0],2,0].
[[2,7,2,0,0,0,2,3,2],3,1].
[[3,7,2,0,0,0,2,3,2],3,2].
[[2,5,0,0,0,0,1,1,2],1,1].
[[3,5,0,0,0,0,1,1,2],2,0].
[[2,6,2,0,0,0,0,0,0],5,0].
[[3,3,2,0,0,0,0,0,0],4,0].
[[3,6,2,1,2,0,2,3,2],0,1].
[[2,8,2,1,1,1,2,1,0],2,0].
[[2,7,2,1,1,1,2,2,0],0,2].
[[3,7,2,1,1,1,1,1,0],1,1].
[[3,6,2,1,2,0,2,3,0],2,0].
[[3,8,2,1,2,1,0,0,0],0,3].
[[3,8,2,0,0,0,1,2,0],6,1].
[[2,6,2,0,0,0,1,2,0],1,0].
[[3,3,2,0,0,0,1,2,0],1,0].
[[2,8,2,0,0,0,2,1,2],4,1].
[[3,7,2,0,0,0,2,2,2],2,0].
[[1,7,2,0,0,0,2,3,0],4,3].
[[2,7,2,0,0,0,1,2,0],1,3].
[[3,7,2,0,0,0,1,1,0],1,1].
[[1,7,2,0,0,0,2,3,2],2,0].
[[2,7,2,1,2,1,1,2,0],1,1].
[[2,7,2,1,2,1,2,2,0],3,0].
[[3,7,2,0,0,0,2,1,0],3,1].
[[2,7,2,0,0,0,0,0,0],7,6].
[[3,8,2,0,0,0,1,1,2],2,2].
[[3,7,2,1,2,1,2,1,2],0,1].
[[3,7,2,0,0,0,1,2,0],1,0].
[[3,7,2,0,0,0,2,1,2],2,1].
[[3,7,2,0,0,0,2,2,0],2,1].
[[1,8,2,1,1,1,2,3,2],0,1].
[[2,8,2,1,1,1,2,3,2],1,1].
[[3,7,2,1,2,0,2,1,2],1,0].
[[3,3,2,1,2,0,2,3,0],2,0].
[[2,6,2,0,0,0,2,3,0],1,0].
[[3,6,2,1,2,1,1,1,2],5,0].
[[1,8,2,1,1,1,2,2,0],2,0].
[[2,8,2,1,1,1,2,2,0],1,0].
[[3,8,2,0,0,0,2,1,0],0,1].
[[2,6,2,1,2,1,0,0,0],3,0].
[[3,6,2,1,2,1,0,0,0],1,0].
[[1,8,2,1,2,1,2,1,2],0,3].
[[2,7,2,1,2,1,2,1,2],0,2].
[[3,7,2,1,1,1,1,1,2],1,1].
[[3,8,2,0,0,0,2,2,2],1,0].
[[3,7,2,1,1,1,2,3,0],3,1].
[[3,8,2,1,1,1,2,3,0],0,3].
[[3,6,2,1,2,1,2,3,0],3,0].
[[3,8,2,0,0,0,2,2,0],1,2].
[[2,8,2,1,2,0,0,0,0],0,1].
[[3,8,2,1,2,0,2,2,2],0,1].
[[2,6,2,1,2,1,2,1,0],1,0].
[[3,6,2,1,1,1,1,1,0],1,0].
[[2,7,2,1,2,1,2,1,0],3,1].
[[3,7,2,1,1,1,2,1,0],3,0].
[[1,8,2,0,0,0,1,1,0],2,1].
[[1,8,2,1,1,1,2,3,0],1,0].
[[2,8,2,1,1,1,2,3,0],1,2].
[[3,4,1,1,2,0,1,2,0],2,1].
[[1,3,2,0,0,0,2,1,2],1,0].
[[2,3,2,0,0,0,2,1,2],1,0].
[[3,7,2,1,2,1,0,0,0],1,5].
[[2,6,2,0,0,0,1,2,2],4,0].
[[3,6,2,1,2,1,1,2,2],4,0].
[[1,8,2,1,2,1,2,2,0],2,4].
[[3,5,0,1,2,1,1,2,0],1,0].
[[3,3,2,1,2,1,2,2,0],1,0].
[[3,5,0,1,1,0,1,2,0],1,0].
[[1,7,2,0,0,0,1,2,0],0,2].
[[3,7,2,1,2,0,1,2,0],1,1].
[[1,6,2,0,0,0,2,1,0],1,0].
[[2,6,2,1,2,0,2,1,0],1,0].
[[3,6,2,1,2,0,1,2,0],1,0].
[[2,8,2,1,2,0,1,1,0],0,1].
[[2,7,2,1,1,1,2,3,2],0,1].
[[2,8,2,1,2,0,1,2,0],0,2].
[[3,8,2,1,1,0,1,2,0],0,1].
[[2,2,2,0,0,0,0,0,0],1,0].
[[3,2,2,0,0,0,2,2,2],1,0].
[[3,6,2,0,0,0,1,2,2],1,0].
[[1,6,2,0,0,0,1,1,2],1,0].
[[3,8,2,1,2,0,2,3,0],0,1].
[[1,6,2,0,0,0,1,2,2],2,0].
[[1,6,2,0,0,0,2,3,0],2,0].
[[2,6,2,1,2,1,2,3,0],2,0].
[[3,6,2,1,2,1,2,2,0],1,0].
[[1,7,2,0,0,0,2,1,0],3,1].
[[3,5,0,1,2,0,1,2,2],0,1].
[[3,7,2,1,2,1,1,1,2],2,0].
[[2,6,2,1,2,1,1,1,2],2,0].
[[2,6,2,0,0,0,2,2,0],1,0].
[[3,6,2,0,0,0,1,1,0],1,0].
[[1,3,2,0,0,0,2,1,0],1,0].
[[2,3,2,0,0,0,2,1,0],1,0].
[[3,3,2,0,0,0,1,1,0],2,0].
[[3,7,2,1,1,1,2,1,2],0,1].
[[3,8,2,1,1,1,1,2,2],1,1].
[[1,7,2,1,2,1,2,1,0],3,0].
[[2,7,2,1,1,1,1,1,0],1,0].
[[2,8,2,1,1,1,0,0,0],0,2].
[[3,7,2,1,2,1,1,2,2],2,1].
[[3,8,2,1,2,0,1,2,2],1,1].
[[2,8,2,1,2,0,2,1,0],0,1].
[[3,8,2,1,1,1,2,1,2],0,1].
[[2,7,0,1,2,1,2,3,0],0,1].
[[3,7,0,1,2,1,2,3,0],0,1].
[[2,3,2,0,0,0,2,2,0],1,0].
[[1,2,2,0,0,0,0,0,0],1,0].
[[2,2,2,1,2,1,0,0,0],1,0].
[[3,2,2,1,1,1,2,3,0],1,0].
[[2,7,2,1,2,1,1,2,2],1,1].
[[2,7,2,1,2,1,1,1,0],1,0].
[[3,7,2,1,2,1,1,1,0],1,0].
[[2,7,2,1,2,0,2,3,2],1,0].
[[3,7,2,1,2,0,2,3,2],1,0].
[[2,8,2,0,0,0,1,1,0],1,0].
[[3,8,2,1,2,0,1,2,0],1,2].
[[3,8,2,1,1,1,1,2,0],2,0].
[[1,7,2,1,2,1,1,2,0],0,1].
[[3,7,0,1,2,1,1,2,0],0,1].
[[3,7,2,1,2,0,0,0,0],2,1].
[[1,8,2,1,2,1,1,1,0],0,1].
[[2,8,2,1,2,1,1,1,0],0,1].
[[3,8,2,1,1,1,1,1,2],0,1].
[[1,8,2,1,1,1,1,2,0],1,0].
[[2,4,1,1,2,0,1,2,0],1,0].
[[1,8,2,1,2,0,1,2,0],0,1].
[[2,8,2,1,1,0,1,2,0],0,1].
[[3,8,2,1,1,0,1,1,0],0,1].
[[2,7,2,1,1,1,2,1,0],1,0].
[[3,6,2,0,0,0,2,3,2],1,0].
[[2,6,2,1,1,1,1,1,2],1,0].
[[3,6,2,1,1,1,1,1,2],1,0].
[[2,6,2,1,2,1,1,2,2],1,0].
[[3,6,2,0,0,0,2,2,0],1,0].
[[2,4,1,1,2,0,1,2,2],1,0].
[[3,4,1,1,2,0,1,2,2],1,0].
[[3,6,2,1,1,1,1,2,2],1,0].
[[3,3,2,0,0,0,2,3,2],0,1].
[[1,8,2,1,2,0,2,2,2],0,1].
[[2,8,2,1,2,0,2,2,2],0,1].
[[2,3,2,0,0,0,2,2,2],1,0].
[[3,3,2,1,2,1,2,2,2],1,0].
[[3,7,2,1,1,0,2,3,0],0,1].
[[2,7,2,0,0,0,1,1,0],1,0].
[[3,7,2,1,1,1,2,3,2],2,1].
[[3,7,0,1,2,1,2,2,0],0,1].
[[2,6,2,1,2,0,1,1,2],0,1].
[[3,6,2,1,2,1,1,1,0],0,1].
[[2,3,2,1,2,1,0,0,0],0,1].
[[3,7,2,1,1,0,2,2,0],0,1].
[[3,7,0,0,0,0,2,1,2],0,1].
[[3,3,2,1,2,1,2,1,0],0,1].
[[1,8,2,1,2,1,1,2,2],0,1].
[[1,7,2,1,2,1,2,1,2],1,0].
[[1,7,2,1,2,1,2,2,2],1,0].
[[2,7,2,1,1,1,1,1,2],1,0].
