total_WL(6057,5872).
[[1,9,2,0,0,0,2,3,1],136,250].
[[2,9,1,1,2,0,2,2,1],6,21].
[[3,9,1,1,2,0,1,2,1],12,58].
[[1,8,1,0,0,0,0,0,0],424,250].
[[2,8,1,1,2,2,0,0,0],82,55].
[[3,8,1,1,1,2,0,0,0],2,3].
[[1,9,2,0,0,0,1,2,0],57,77].
[[2,8,0,1,2,2,1,2,0],40,28].
[[3,6,0,1,2,2,1,2,0],8,2].
[[1,9,2,0,0,0,2,2,0],115,168].
[[2,8,0,0,0,0,2,2,0],25,34].
[[3,8,0,0,0,0,2,2,0],10,19].
[[1,9,2,0,0,0,2,3,0],165,291].
[[2,8,0,0,0,0,2,3,0],43,70].
[[3,7,1,0,0,0,2,3,0],15,6].
[[1,8,0,1,2,2,0,0,0],170,238].
[[2,8,0,1,2,2,2,3,1],74,102].
[[3,7,1,1,2,2,2,3,1],105,56].
[[1,8,1,0,0,0,2,3,1],190,91].
[[2,8,1,0,0,0,2,3,1],144,67].
[[3,7,1,0,0,0,2,3,1],43,16].
[[1,9,2,1,2,2,0,0,0],132,337].
[[2,9,1,1,2,2,2,3,0],82,228].
[[3,9,1,1,2,2,1,2,0],61,193].
[[1,8,1,1,2,0,2,3,0],4,11].
[[2,8,1,1,2,0,2,3,0],20,23].
[[3,8,1,1,2,0,1,2,1],64,42].
[[1,9,2,1,2,2,1,1,0],17,30].
[[2,5,0,1,2,2,1,1,0],4,2].
[[3,5,0,1,2,2,1,1,0],19,6].
[[1,9,2,1,2,2,2,1,0],44,75].
[[3,5,0,1,2,2,1,2,0],22,2].
[[1,8,1,1,2,2,0,0,0],330,177].
[[2,8,1,1,2,2,2,1,1],113,59].
[[3,8,1,1,2,2,2,1,1],77,49].
[[2,8,1,0,0,0,0,0,0],54,44].
[[1,9,2,1,2,2,2,2,1],109,187].
[[2,9,1,1,2,2,1,2,1],72,138].
[[3,9,1,1,2,2,1,2,1],49,162].
[[1,8,1,1,2,2,2,1,0],26,4].
[[2,8,1,1,2,2,1,1,0],15,12].
[[3,8,1,1,2,2,1,1,0],26,27].
[[1,8,0,1,2,2,2,3,0],48,35].
[[2,8,0,1,1,2,2,3,0],48,29].
[[3,7,1,1,1,2,2,3,0],24,13].
[[1,9,2,1,1,2,0,0,0],72,77].
[[2,9,1,1,1,2,2,3,1],55,62].
[[3,9,1,1,1,2,1,2,1],21,125].
[[3,8,1,1,2,0,2,2,0],12,15].
[[1,9,2,1,2,2,2,3,0],214,279].
[[2,8,1,1,2,2,1,2,1],106,61].
[[3,7,1,1,2,2,1,2,1],62,19].
[[1,8,1,1,2,0,2,2,0],4,8].
[[3,8,1,1,2,2,2,3,0],51,52].
[[1,9,2,1,1,2,2,3,1],95,54].
[[2,8,1,1,1,2,2,3,1],62,27].
[[3,7,1,1,1,2,2,3,1],56,19].
[[1,9,2,0,0,0,0,0,0],80,292].
[[2,8,0,1,2,2,0,0,0],40,142].
[[3,8,0,1,2,2,2,2,1],21,70].
[[1,8,1,1,2,2,2,3,0],67,24].
[[2,7,1,1,2,2,2,3,0],31,7].
[[3,7,0,1,2,2,2,3,0],15,20].
[[1,9,2,1,2,0,2,3,1],20,38].
[[2,9,1,1,2,0,1,2,1],17,38].
[[3,5,0,1,2,0,1,2,1],1,0].
[[1,9,2,1,2,2,2,2,0],113,182].
[[2,8,1,1,2,2,2,2,0],50,34].
[[3,7,1,1,2,2,2,2,0],32,23].
[[3,9,1,1,1,2,2,2,0],7,38].
[[1,9,2,0,0,0,2,1,0],41,70].
[[2,9,1,0,0,0,2,3,0],47,135].
[[3,8,0,0,0,0,2,3,0],8,31].
[[1,7,1,0,0,0,0,0,0],56,32].
[[2,3,1,1,2,2,0,0,0],12,2].
[[3,3,1,1,1,2,2,3,1],6,0].
[[1,9,2,1,2,2,2,3,1],158,256].
[[2,9,1,1,2,2,1,1,0],16,70].
[[2,8,1,0,0,0,1,2,0],36,13].
[[3,8,1,0,0,0,1,2,0],25,8].
[[1,9,2,1,2,2,2,1,1],92,154].
[[2,9,1,1,2,2,2,1,1],34,120].
[[3,9,1,1,2,2,2,1,1],9,57].
[[1,8,0,0,0,0,0,0,0],137,187].
[[2,8,0,0,0,0,2,3,1],36,59].
[[3,7,0,1,2,2,2,3,1],16,9].
[[2,8,1,1,2,0,2,3,1],36,32].
[[3,8,1,1,2,2,1,2,0],102,49].
[[2,8,1,1,1,2,2,1,0],6,6].
[[3,4,2,1,2,0,2,1,1],57,3].
[[1,9,2,0,0,0,2,1,1],81,142].
[[2,8,0,0,0,0,2,1,1],19,28].
[[3,8,0,1,2,2,2,3,0],63,168].
[[2,7,1,0,0,0,2,3,1],34,12].
[[3,7,1,1,2,0,1,2,1],25,7].
[[1,9,2,0,0,0,1,1,1],17,32].
[[2,9,1,1,2,2,1,1,1],28,79].
[[3,9,1,1,2,2,1,1,1],20,74].
[[2,8,1,0,0,0,2,3,0],55,37].
[[3,8,1,0,0,0,2,3,0],9,18].
[[2,9,1,1,2,0,2,3,1],11,31].
[[1,8,1,1,1,2,2,3,0],15,0].
[[2,8,1,1,1,2,2,3,0],31,13].
[[3,4,2,1,2,0,2,3,0],93,3].
[[1,6,1,0,0,0,0,0,0],92,2].
[[2,6,1,0,0,0,0,0,0],53,2].
[[3,3,1,1,2,2,0,0,0],21,4].
[[3,9,1,1,1,2,2,3,1],6,27].
[[2,8,1,1,2,2,2,3,0],94,54].
[[3,7,1,1,2,2,2,3,0],53,26].
[[2,7,1,1,2,2,0,0,0],106,66].
[[3,7,1,1,2,2,2,2,1],91,48].
[[1,9,2,1,1,2,1,2,1],23,13].
[[2,9,1,1,1,2,1,2,1],44,45].
[[3,8,0,1,1,2,1,2,1],32,59].
[[1,8,1,0,0,0,2,2,0],54,23].
[[2,8,1,0,0,0,2,2,0],43,21].
[[3,8,1,0,0,0,2,2,0],11,14].
[[2,9,1,1,1,2,2,3,0],66,91].
[[1,8,0,0,0,0,2,1,1],13,20].
[[2,7,0,0,0,0,2,1,1],1,1].
[[3,7,0,0,0,0,2,1,1],3,5].
[[3,7,1,1,2,0,2,3,0],13,11].
[[2,8,1,1,2,2,2,1,0],21,15].
[[3,7,1,1,2,2,2,1,0],12,7].
[[1,8,0,1,1,2,0,0,0],58,39].
[[2,8,0,1,1,2,2,2,1],26,34].
[[3,4,2,1,2,0,2,2,1],69,3].
[[1,9,2,1,1,2,2,3,0],75,53].
[[2,4,2,1,2,0,2,3,0],58,4].
[[3,9,1,1,1,2,2,2,1],11,26].
[[2,8,0,1,2,2,2,1,0],20,23].
[[3,8,0,1,2,2,2,1,0],14,31].
[[2,8,0,1,2,2,2,3,0],93,123].
[[2,8,1,1,2,2,2,2,1],156,86].
[[2,9,1,0,0,0,2,1,1],21,63].
[[3,9,1,1,2,0,2,1,1],4,14].
[[1,8,1,1,2,2,2,3,1],141,54].
[[3,8,0,1,1,2,2,2,0],20,63].
[[1,8,0,1,2,2,2,2,1],32,30].
[[2,8,0,1,2,2,1,2,1],31,29].
[[3,8,0,1,2,2,1,2,1],44,100].
[[3,8,0,1,1,2,2,2,1],14,48].
[[2,8,1,1,2,0,2,1,1],32,16].
[[3,8,1,1,1,0,2,1,1],4,14].
[[3,9,1,1,1,2,2,1,1],7,21].
[[3,8,0,1,1,2,2,3,1],18,62].
[[2,8,1,1,2,2,2,3,1],203,115].
[[3,8,1,1,2,2,2,2,0],30,37].
[[1,8,1,1,1,2,0,0,0],57,21].
[[2,8,1,1,1,2,0,0,0],27,21].
[[3,8,1,1,1,2,2,1,1],33,35].
[[1,9,2,1,1,2,1,2,0],30,19].
[[2,9,1,1,1,2,1,2,0],69,58].
[[3,8,1,1,1,2,1,1,1],31,33].
[[3,8,0,1,2,0,2,3,0],12,37].
[[1,6,1,0,0,0,2,1,0],1,1].
[[2,6,1,1,2,2,2,1,0],1,0].
[[3,6,1,1,2,2,1,1,0],3,1].
[[1,9,2,1,2,0,2,2,0],10,22].
[[2,9,1,1,2,2,2,2,0],54,158].
[[3,9,1,1,1,0,1,2,0],3,19].
[[1,8,0,0,0,0,2,3,1],22,51].
[[3,8,0,0,0,0,1,2,1],14,23].
[[2,9,1,1,2,2,2,2,1],27,122].
[[3,8,1,1,2,2,2,2,1],74,49].
[[2,9,1,1,2,2,2,1,0],11,58].
[[3,8,1,1,2,2,1,2,1],156,97].
[[1,8,1,0,0,0,2,1,0],22,5].
[[2,7,1,1,2,2,2,1,0],10,0].
[[3,7,1,1,1,2,1,1,0],3,2].
[[1,4,2,1,2,0,0,0,0],21,0].
[[2,4,2,1,2,0,2,3,1],59,4].
[[3,4,2,1,2,0,2,3,1],88,7].
[[3,9,1,1,2,2,2,3,0],9,74].
[[2,9,1,0,0,0,2,3,1],30,69].
[[3,8,0,0,0,0,2,3,1],8,23].
[[3,8,1,1,1,2,2,3,1],50,50].
[[1,8,1,0,0,0,2,3,0],83,26].
[[2,8,1,1,1,2,2,2,1],58,19].
[[1,7,1,1,2,2,2,3,1],8,2].
[[2,7,1,1,1,2,2,3,1],12,4].
[[3,7,1,1,2,2,0,0,0],65,39].
[[2,9,1,0,0,0,1,2,0],47,89].
[[2,8,0,1,2,2,2,2,0],46,82].
[[3,8,0,1,2,2,2,2,0],23,102].
[[3,9,1,1,1,2,2,1,0],0,11].
[[2,4,2,1,2,0,0,0,0],24,0].
[[1,8,1,0,0,0,2,1,1],103,54].
[[2,7,2,1,2,0,2,3,1],13,2].
[[3,7,2,1,1,0,1,2,1],6,3].
[[3,7,2,1,2,2,2,2,1],36,5].
[[3,7,0,1,2,2,2,2,0],8,7].
[[2,9,1,1,2,0,1,2,0],17,40].
[[3,9,1,1,1,0,2,1,0],0,3].
[[2,8,1,1,2,0,2,2,1],48,20].
[[2,7,1,1,2,2,2,1,1],27,22].
[[3,7,1,1,2,2,2,1,1],77,31].
[[3,7,0,0,0,0,2,2,0],2,1].
[[2,7,1,1,2,0,2,3,1],9,2].
[[3,7,1,1,2,0,2,3,1],35,16].
[[1,4,2,1,2,0,1,2,0],5,1].
[[2,4,2,1,2,0,1,1,0],19,1].
[[3,4,2,1,2,0,1,1,0],48,2].
[[1,6,1,1,2,2,0,0,0],22,1].
[[2,6,1,1,1,2,0,0,0],4,0].
[[3,6,1,1,1,2,2,1,1],5,1].
[[3,5,0,1,1,2,1,2,0],23,4].
[[1,9,2,0,0,0,2,2,1],81,196].
[[3,9,1,1,2,2,2,2,1],2,31].
[[2,8,0,1,1,2,1,2,1],7,16].
[[3,4,2,1,2,0,1,2,1],129,5].
[[1,8,1,1,2,2,2,1,1],76,34].
[[2,8,1,1,1,2,2,1,1],42,25].
[[3,8,1,1,1,2,1,2,1],89,48].
[[1,7,2,0,0,0,0,0,0],92,11].
[[2,7,2,0,0,0,0,0,0],51,6].
[[3,7,2,1,2,0,2,3,0],8,0].
[[1,9,2,1,2,0,0,0,0],8,41].
[[2,9,1,1,2,0,2,1,0],2,9].
[[1,8,1,0,0,0,2,2,1],133,64].
[[3,6,1,1,2,0,2,2,1],11,0].
[[2,8,1,0,0,0,2,1,1],85,47].
[[3,8,1,0,0,0,2,1,1],17,21].
[[1,3,2,0,0,0,2,2,1],1,0].
[[2,3,2,1,2,2,2,2,1],2,0].
[[3,3,2,1,1,2,1,1,1],1,0].
[[1,7,1,1,2,2,2,1,1],2,1].
[[2,7,1,1,2,2,1,1,1],5,2].
[[3,7,1,1,2,2,1,1,1],25,20].
[[1,8,0,0,0,0,2,2,0],15,21].
[[3,8,0,1,2,2,1,2,0],75,101].
[[3,8,0,1,2,2,2,3,1],40,112].
[[1,9,2,1,2,0,1,2,1],5,10].
[[2,8,1,1,1,0,1,2,1],0,3].
[[3,7,1,1,1,0,1,2,1],1,5].
[[1,8,0,0,0,0,1,2,0],2,5].
[[2,8,0,0,0,0,1,2,0],21,10].
[[3,8,0,0,0,0,1,2,0],18,19].
[[2,8,0,1,2,2,2,2,1],42,90].
[[3,8,0,1,2,2,1,1,1],10,52].
[[2,9,1,1,1,2,2,1,1],33,44].
[[1,8,0,1,2,2,2,1,1],14,13].
[[2,8,0,1,2,2,2,1,1],25,64].
[[2,9,1,1,2,2,0,0,0],1,30].
[[3,9,1,1,2,2,2,1,0],0,14].
[[2,6,1,1,2,0,2,1,1],3,0].
[[3,6,1,1,2,0,1,2,1],6,3].
[[1,9,2,1,2,0,2,3,0],15,33].
[[2,9,1,1,1,0,2,2,0],0,4].
[[3,8,0,1,1,0,2,2,0],0,6].
[[1,8,1,1,2,2,2,2,0],36,10].
[[3,8,1,1,1,2,2,2,0],24,16].
[[3,3,1,1,1,2,0,0,0],6,1].
[[3,9,1,1,1,2,2,3,0],5,61].
[[2,8,0,0,0,0,2,2,1],21,33].
[[3,7,1,1,2,0,2,2,1],30,14].
[[1,8,1,1,2,2,1,1,1],11,9].
[[2,8,1,1,1,2,1,2,0],13,4].
[[3,7,1,1,1,2,1,2,0],18,0].
[[2,9,1,1,2,0,1,1,1],4,8].
[[3,9,1,1,2,0,1,1,1],8,21].
[[2,9,1,1,2,0,2,3,0],12,46].
[[3,8,1,1,1,2,2,3,0],22,31].
[[1,9,2,1,1,2,2,2,0],82,41].
[[2,5,0,1,1,2,1,2,0],5,1].
[[2,8,0,0,0,0,0,0,0],13,43].
[[3,7,1,0,0,0,0,0,0],17,18].
[[3,9,1,1,1,2,1,2,0],45,103].
[[2,9,1,1,2,0,2,1,1],14,25].
[[2,7,2,0,0,0,1,1,1],2,2].
[[3,7,2,0,0,0,1,1,1],4,1].
[[2,7,2,1,2,2,1,2,1],12,1].
[[3,7,2,1,1,2,1,2,1],19,1].
[[3,8,1,1,2,2,2,3,1],85,69].
[[1,8,1,1,2,2,1,2,0],10,0].
[[3,8,1,1,1,2,1,2,0],38,21].
[[1,9,2,0,0,0,1,2,1],55,69].
[[2,9,1,0,0,0,1,2,1],27,73].
[[2,8,0,1,2,0,2,2,0],6,14].
[[3,7,1,1,2,0,0,0,0],23,13].
[[3,8,1,1,2,0,2,2,1],31,27].
[[3,8,1,1,2,2,1,1,1],57,59].
[[3,6,0,1,2,2,0,0,0],1,16].
[[2,6,1,1,2,2,0,0,0],38,2].
[[3,6,1,1,2,2,2,3,1],37,0].
[[3,8,1,1,1,0,2,3,1],6,10].
[[2,8,1,0,0,0,1,2,1],63,43].
[[2,7,2,1,2,2,2,1,1],14,0].
[[3,7,2,1,2,2,2,1,1],26,1].
[[1,8,1,1,1,2,2,3,1],23,5].
[[2,8,1,0,0,0,1,1,1],29,19].
[[3,9,1,1,2,2,2,2,0],7,71].
[[1,7,1,1,2,2,0,0,0],73,34].
[[2,7,1,1,2,2,2,2,1],40,17].
[[2,8,0,0,0,0,1,2,1],9,21].
[[2,7,1,0,0,0,2,2,1],16,8].
[[2,8,1,0,0,0,2,2,1],97,58].
[[3,5,0,0,0,0,1,1,0],5,1].
[[1,8,0,1,2,2,2,2,0],24,19].
[[2,8,0,1,1,2,1,1,0],8,5].
[[2,9,1,1,2,2,1,2,0],103,158].
[[3,6,1,1,2,0,2,3,0],3,1].
[[2,8,0,1,2,0,2,2,1],10,18].
[[3,7,1,1,1,0,2,2,1],3,10].
[[3,7,2,1,2,0,1,1,1],6,2].
[[1,8,1,1,1,2,2,2,1],23,6].
[[2,4,2,1,2,0,2,2,1],39,1].
[[1,8,0,1,2,2,2,3,1],45,49].
[[3,9,1,1,2,0,2,3,0],2,32].
[[1,7,2,1,2,2,2,2,1],6,2].
[[2,7,2,1,2,2,2,2,1],17,4].
[[3,7,2,1,2,2,1,2,1],40,2].
[[2,7,2,0,0,0,2,2,1],15,3].
[[3,8,0,1,1,2,1,2,0],49,76].
[[3,8,0,1,2,0,2,2,0],8,21].
[[1,9,2,1,1,2,2,2,1],50,38].
[[2,9,1,1,1,2,2,2,1],34,54].
[[3,8,1,1,1,2,2,2,1],52,36].
[[1,8,1,1,2,2,1,2,1],41,26].
[[2,8,1,1,1,2,1,2,1],43,13].
[[2,9,1,0,0,0,2,2,0],30,84].
[[3,9,1,1,2,0,2,2,0],2,22].
[[1,6,1,0,0,0,2,3,0],1,0].
[[2,6,1,1,2,2,2,3,0],5,1].
[[3,6,1,1,2,2,1,2,0],9,1].
[[1,9,2,0,0,0,1,1,0],14,23].
[[3,8,0,1,2,0,1,2,1],6,26].
[[2,8,0,1,2,0,0,0,0],10,15].
[[1,9,2,1,2,2,1,2,0],71,60].
[[1,9,2,1,1,2,2,1,0],17,11].
[[2,5,0,1,1,2,1,1,0],4,0].
[[3,5,0,1,1,2,1,1,0],13,2].
[[1,7,1,0,0,0,2,2,0],2,0].
[[2,7,1,0,0,0,2,2,0],8,5].
[[3,7,1,1,2,2,1,2,0],28,3].
[[3,7,2,1,1,2,1,2,0],3,0].
[[3,8,1,1,1,0,1,2,1],9,24].
[[1,8,1,0,0,0,1,2,1],45,23].
[[3,7,0,1,2,0,2,2,1],1,3].
[[3,7,1,1,2,0,2,1,1],18,13].
[[2,7,0,1,2,2,0,0,0],4,12].
[[3,7,0,1,2,2,0,0,0],12,23].
[[2,7,2,1,2,0,0,0,0],23,4].
[[3,7,2,1,2,0,2,3,1],24,1].
[[3,8,0,1,1,2,2,3,0],35,82].
[[2,8,0,1,1,2,2,3,1],33,38].
[[2,7,0,0,0,0,0,0,0],6,8].
[[3,7,0,1,2,0,2,2,0],0,1].
[[3,8,1,1,1,2,2,1,0],1,7].
[[2,7,2,1,2,2,0,0,0],41,7].
[[3,7,2,1,1,0,0,0,0],3,0].
[[3,7,0,0,0,0,2,2,1],1,1].
[[1,9,2,1,2,0,2,2,1],9,22].
[[3,8,0,1,2,0,2,2,1],7,20].
[[3,6,1,1,2,2,0,0,0],14,1].
[[1,7,2,1,2,2,2,3,1],4,0].
[[2,7,2,1,1,2,2,3,1],3,1].
[[2,7,1,1,2,2,2,3,1],58,22].
[[3,7,0,1,1,2,2,3,1],10,11].
[[3,4,2,1,2,0,1,1,1],69,2].
[[2,8,0,1,2,0,2,1,1],5,8].
[[3,8,0,1,2,0,2,1,1],9,20].
[[3,9,1,1,2,2,2,3,1],3,29].
[[2,8,0,1,1,2,2,2,0],25,26].
[[3,7,0,1,1,2,2,2,0],5,9].
[[3,9,1,0,0,0,1,2,1],14,40].
[[2,9,1,1,2,2,2,3,1],41,154].
[[1,8,0,1,2,2,2,1,0],13,10].
[[2,7,0,1,2,2,2,1,0],1,1].
[[3,7,0,1,1,2,1,1,0],1,1].
[[1,9,2,1,2,2,1,2,1],48,68].
[[3,7,0,1,1,2,2,2,1],3,11].
[[3,8,0,1,1,2,1,1,1],17,29].
[[2,9,1,1,2,0,2,2,0],12,38].
[[3,9,1,0,0,0,2,1,1],3,9].
[[2,7,2,1,2,2,2,3,1],24,1].
[[3,7,2,1,2,2,2,3,1],47,8].
[[3,7,2,0,0,0,2,2,1],15,2].
[[1,6,1,0,0,0,2,1,1],4,0].
[[2,6,1,1,2,2,2,1,1],10,1].
[[3,6,1,1,2,2,1,1,1],10,1].
[[1,8,0,1,1,2,2,1,1],12,5].
[[2,7,1,1,1,2,2,1,1],5,4].
[[3,3,1,1,1,2,2,1,1],4,0].
[[2,7,1,0,0,0,2,1,1],12,12].
[[3,7,1,0,0,0,2,1,1],19,6].
[[3,3,2,1,2,2,2,1,1],4,0].
[[2,3,2,1,2,2,0,0,0],11,0].
[[3,3,2,1,2,2,2,3,1],6,0].
[[3,7,2,1,1,2,2,2,1],9,1].
[[1,8,0,0,0,0,2,3,0],25,29].
[[2,8,0,1,2,0,2,3,0],8,19].
[[1,4,2,1,2,0,2,3,1],17,1].
[[2,4,2,1,2,0,1,2,1],28,3].
[[3,9,1,0,0,0,2,3,0],3,19].
[[3,7,1,1,1,2,0,0,0],29,7].
[[1,8,1,1,1,2,2,1,1],20,5].
[[2,4,2,1,2,0,2,1,1],30,1].
[[3,8,1,1,1,0,2,3,0],3,7].
[[1,4,2,1,2,0,2,3,0],19,1].
[[3,4,2,1,2,0,2,2,0],59,4].
[[3,7,2,0,0,0,2,1,1],11,0].
[[3,6,0,0,0,0,2,3,0],0,1].
[[2,7,1,1,2,2,1,2,0],5,0].
[[2,4,2,1,2,0,2,2,0],31,1].
[[3,8,0,0,0,0,2,1,1],5,13].
[[3,9,1,1,2,2,1,1,0],10,66].
[[2,4,2,1,2,0,1,2,0],32,0].
[[3,4,2,1,2,0,1,2,0],108,2].
[[3,6,1,0,0,0,2,3,1],20,2].
[[2,7,1,1,1,2,2,2,1],11,2].
[[3,7,1,1,1,2,2,2,1],47,19].
[[3,8,0,1,2,0,2,3,1],9,25].
[[3,9,1,1,1,2,1,1,0],4,38].
[[3,8,1,1,2,0,2,3,0],15,25].
[[2,9,1,0,0,0,2,1,0],10,28].
[[3,9,1,0,0,0,1,2,0],20,42].
[[1,8,1,1,2,0,0,0,0],37,43].
[[2,7,1,1,2,0,0,0,0],12,14].
[[3,9,1,1,1,0,2,2,0],0,12].
[[3,6,1,1,2,2,2,1,1],21,1].
[[2,8,1,1,2,2,1,2,0],43,14].
[[2,8,0,1,2,0,1,2,0],4,6].
[[3,7,1,1,1,0,2,3,1],8,4].
[[2,9,1,0,0,0,0,0,0],0,18].
[[1,7,2,0,0,0,2,2,1],17,3].
[[2,7,2,1,2,0,2,2,1],16,2].
[[1,8,1,1,2,0,2,3,1],30,12].
[[2,9,1,1,1,2,2,2,0],52,61].
[[2,8,1,1,1,0,2,1,1],1,3].
[[3,7,1,1,1,0,2,1,1],2,4].
[[3,8,1,0,0,0,1,1,1],13,14].
[[3,8,0,1,1,2,2,1,1],15,45].
[[3,8,0,1,2,2,2,1,1],28,60].
[[2,8,1,1,2,0,1,2,1],30,19].
[[1,8,0,1,1,2,2,2,0],9,6].
[[2,8,0,1,1,2,1,2,0],21,14].
[[3,8,1,1,2,0,2,3,1],34,22].
[[2,7,2,0,0,0,2,3,1],34,4].
[[3,3,1,1,1,2,2,2,1],3,0].
[[1,8,1,1,2,2,2,2,1],117,56].
[[3,8,1,0,0,0,1,2,1],46,23].
[[1,8,1,0,0,0,1,2,0],14,6].
[[2,7,2,0,0,0,1,2,0],1,0].
[[3,3,2,1,2,0,1,2,0],1,0].
[[3,8,0,1,2,2,1,1,0],13,42].
[[3,9,1,1,2,0,1,2,0],17,55].
[[2,8,0,0,0,0,1,1,1],3,6].
[[2,7,1,1,2,2,2,2,0],15,6].
[[3,7,1,1,2,2,1,1,0],6,4].
[[3,7,2,0,0,0,2,3,1],18,1].
[[3,7,0,1,1,2,0,0,0],6,13].
[[3,8,1,0,0,0,2,3,1],29,12].
[[3,6,0,1,2,2,2,1,1],3,4].
[[2,8,1,1,1,2,2,2,0],23,4].
[[3,7,2,1,1,2,2,2,0],4,0].
[[1,8,1,1,2,0,2,2,1],22,16].
[[3,7,1,1,1,2,1,1,1],12,5].
[[1,8,0,1,2,2,1,2,1],4,2].
[[2,7,0,1,2,2,1,2,1],1,0].
[[3,7,0,1,2,2,1,2,1],11,3].
[[1,7,1,0,0,0,2,3,1],8,1].
[[3,8,1,1,2,2,0,0,0],1,5].
[[2,7,0,0,0,0,2,3,0],2,6].
[[3,7,0,1,2,0,1,2,0],1,1].
[[3,6,1,1,2,0,2,3,1],12,1].
[[3,6,1,0,0,0,2,2,0],5,0].
[[3,8,1,0,0,0,2,2,1],28,10].
[[1,9,2,1,1,2,2,1,1],46,38].
[[1,9,2,1,2,2,1,1,1],20,32].
[[2,8,1,1,2,2,1,1,1],40,35].
[[1,7,2,0,0,0,2,3,1],16,1].
[[2,7,2,0,0,0,2,3,0],3,0].
[[3,3,2,1,2,0,2,3,0],3,0].
[[3,7,1,1,1,2,1,2,1],35,7].
[[2,8,0,0,0,0,2,1,0],12,12].
[[3,8,0,1,2,0,1,2,0],14,33].
[[2,9,1,0,0,0,2,2,1],22,75].
[[3,9,1,0,0,0,1,1,1],4,11].
[[2,6,1,1,2,0,2,3,1],6,0].
[[2,8,1,1,2,0,2,2,0],18,17].
[[3,8,1,1,1,0,2,2,0],0,12].
[[2,7,2,1,2,0,2,1,0],1,0].
[[3,8,0,1,1,2,2,1,0],9,19].
[[2,6,1,1,2,2,2,3,1],14,0].
[[2,9,1,1,1,2,0,0,0],5,26].
[[3,7,2,1,1,0,2,2,0],1,0].
[[2,8,0,1,1,2,2,1,1],27,17].
[[3,7,1,1,1,2,2,1,1],33,19].
[[3,6,1,1,1,2,2,2,1],11,1].
[[2,7,2,1,1,2,2,2,1],6,1].
[[3,7,2,1,1,2,1,1,1],5,4].
[[2,5,0,0,0,0,1,1,1],6,0].
[[3,5,0,0,0,0,1,1,1],5,0].
[[3,2,1,0,0,0,0,0,0],3,0].
[[3,6,1,1,1,2,0,0,0],3,1].
[[2,9,1,1,1,0,2,1,1],0,4].
[[3,4,2,1,2,0,0,0,0],16,1].
[[3,7,1,1,1,0,0,0,0],4,3].
[[3,3,2,1,2,2,2,2,1],7,0].
[[1,7,2,1,2,2,0,0,0],27,4].
[[3,6,1,1,2,2,2,3,0],11,1].
[[3,8,1,1,2,0,2,1,1],34,11].
[[2,8,0,1,1,2,0,0,0],28,35].
[[2,9,1,1,2,0,1,1,0],3,12].
[[3,8,0,1,2,0,1,1,0],4,9].
[[2,8,1,1,1,0,2,3,0],3,1].
[[3,7,1,1,1,0,2,3,0],1,2].
[[2,9,1,0,0,0,1,1,1],12,30].
[[2,9,1,1,1,2,1,1,1],23,22].
[[3,9,1,1,1,2,1,1,1],13,47].
[[2,7,1,0,0,0,0,0,0],80,33].
[[3,7,1,0,0,0,2,2,1],22,11].
[[2,8,0,1,2,0,2,3,1],6,15].
[[3,8,0,1,2,0,1,1,1],4,9].
[[2,9,1,1,1,2,2,1,0],14,17].
[[3,8,1,1,1,0,1,2,0],8,16].
[[3,8,0,1,1,2,0,0,0],0,14].
[[1,8,1,0,0,0,1,1,1],11,10].
[[2,6,1,0,0,0,2,3,1],24,3].
[[2,7,1,0,0,0,1,2,0],4,0].
[[3,7,1,0,0,0,1,2,0],14,0].
[[3,7,2,0,0,0,1,2,1],13,1].
[[3,8,0,0,0,0,2,2,1],6,19].
[[2,7,1,1,1,2,0,0,0],39,13].
[[1,8,1,1,2,0,1,2,1],3,2].
[[3,6,1,0,0,0,2,1,1],11,0].
[[2,7,1,1,2,0,2,2,0],2,1].
[[3,7,1,1,2,0,1,1,0],3,2].
[[2,7,2,1,1,2,2,1,1],6,0].
[[1,7,1,0,0,0,2,1,0],1,0].
[[2,7,1,0,0,0,1,1,0],1,0].
[[3,7,2,1,2,0,2,2,1],17,2].
[[3,3,1,1,2,2,2,2,1],10,2].
[[2,6,1,0,0,0,2,2,1],8,0].
[[3,3,1,0,0,0,2,2,1],3,0].
[[2,6,0,1,2,2,2,3,0],4,2].
[[3,3,1,1,2,2,2,3,0],3,0].
[[1,8,0,1,1,2,1,1,0],3,0].
[[3,8,0,1,1,2,1,1,0],11,23].
[[2,7,0,1,1,2,0,0,0],8,3].
[[2,7,2,0,0,0,1,2,1],7,4].
[[3,8,1,1,1,0,1,1,1],4,13].
[[3,5,0,1,2,2,1,1,1],32,6].
[[2,8,1,1,2,0,1,2,0],9,5].
[[2,7,2,1,1,0,0,0,0],3,0].
[[3,7,2,1,1,0,2,2,1],4,2].
[[2,3,2,0,0,0,0,0,0],27,1].
[[3,3,2,0,0,0,0,0,0],10,1].
[[2,6,1,1,1,2,2,1,1],1,0].
[[3,6,1,1,1,2,1,1,1],2,0].
[[2,6,0,1,2,2,0,0,0],10,17].
[[3,9,1,0,0,0,2,3,1],1,10].
[[1,6,1,0,0,0,2,2,0],8,1].
[[2,6,1,0,0,0,1,2,0],1,0].
[[3,3,2,1,2,0,0,0,0],10,0].
[[1,7,2,1,2,0,2,3,1],3,2].
[[2,3,2,1,2,0,2,3,1],5,0].
[[3,3,2,1,1,0,2,3,1],5,0].
[[1,8,0,0,0,0,2,2,1],14,23].
[[1,7,1,0,0,0,2,3,0],5,0].
[[2,7,1,1,2,0,1,2,0],1,0].
[[1,8,0,1,2,2,1,2,0],8,5].
[[3,6,0,1,2,2,2,3,1],8,10].
[[1,6,0,0,0,0,0,0,0],7,4].
[[2,6,0,0,0,0,2,3,1],1,2].
[[3,6,0,0,0,0,1,2,1],1,0].
[[2,6,1,1,2,0,0,0,0],11,0].
[[3,6,1,1,2,0,2,1,1],11,0].
[[3,7,0,1,1,2,2,3,0],2,10].
[[2,8,1,1,1,0,0,0,0],1,3].
[[3,6,0,1,1,2,2,2,1],9,3].
[[3,7,0,0,0,0,1,2,0],4,1].
[[3,8,0,1,1,0,1,2,1],1,4].
[[1,6,1,0,0,0,2,2,1],8,1].
[[2,6,1,1,2,0,1,1,1],0,2].
[[3,6,1,1,2,0,1,1,1],2,1].
[[1,8,0,1,1,2,2,3,1],12,7].
[[2,8,0,1,2,0,1,2,1],4,4].
[[2,5,0,1,1,2,1,1,1],2,2].
[[3,5,0,1,1,2,1,1,1],10,3].
[[2,5,0,1,2,0,1,1,0],0,2].
[[3,5,0,1,2,0,1,1,0],4,2].
[[3,7,2,1,1,0,1,1,1],2,0].
[[2,5,0,0,0,0,1,2,0],4,0].
[[3,5,0,0,0,0,1,2,0],7,0].
[[3,9,1,0,0,0,2,2,0],4,15].
[[2,5,0,1,2,2,1,1,1],6,1].
[[3,8,0,1,1,0,2,3,0],1,12].
[[1,8,0,0,0,0,2,1,0],11,4].
[[2,7,2,1,2,0,2,3,0],3,0].
[[3,7,2,1,2,0,1,2,0],2,0].
[[1,8,1,0,0,0,1,1,0],4,1].
[[2,8,1,0,0,0,1,1,0],11,5].
[[3,8,1,1,2,0,1,1,0],9,7].
[[3,6,0,1,1,2,1,2,0],4,0].
[[2,6,0,0,0,0,0,0,0],5,7].
[[3,6,0,0,0,0,2,2,1],1,0].
[[3,8,0,1,1,0,1,2,0],3,5].
[[3,9,1,1,2,0,2,1,0],0,5].
[[2,9,1,0,0,0,1,1,0],7,24].
[[3,8,0,0,0,0,1,1,0],3,9].
[[2,7,0,0,0,0,2,2,1],0,1].
[[3,3,0,1,2,2,2,2,1],0,1].
[[1,6,0,1,2,2,2,3,1],1,0].
[[2,6,0,1,2,2,2,3,1],3,5].
[[2,8,1,1,1,0,2,2,0],2,5].
[[3,7,1,1,1,0,2,2,0],3,0].
[[3,5,0,1,2,0,1,1,1],10,0].
[[3,6,0,1,1,2,0,0,0],2,7].
[[2,6,0,1,2,2,2,2,0],1,1].
[[3,6,0,1,2,2,2,2,0],2,6].
[[3,8,1,1,1,2,1,1,0],12,18].
[[3,9,1,1,1,0,1,2,1],3,21].
[[2,9,1,1,2,0,0,0,0],0,7].
[[3,9,1,1,2,2,0,0,0],0,2].
[[2,5,0,1,2,2,1,2,0],6,1].
[[3,8,1,0,0,0,2,1,0],5,3].
[[3,6,1,1,1,0,0,0,0],1,0].
[[2,7,2,1,2,0,1,2,1],4,1].
[[3,7,1,1,2,0,2,1,0],6,1].
[[2,8,1,1,2,0,0,0,0],13,22].
[[3,6,1,0,0,0,2,2,1],11,0].
[[3,6,1,1,2,2,2,1,0],2,0].
[[1,7,2,0,0,0,2,3,0],2,0].
[[2,7,2,1,2,2,2,3,0],10,0].
[[3,7,2,1,2,2,2,3,0],10,1].
[[1,6,1,0,0,0,1,2,1],2,1].
[[2,6,1,1,2,0,1,1,0],1,0].
[[3,3,1,1,2,0,1,1,0],1,0].
[[1,8,1,1,1,2,1,1,1],1,1].
[[2,8,1,1,1,2,1,1,1],11,6].
[[3,4,0,1,2,0,2,2,1],0,1].
[[3,9,1,0,0,0,1,1,0],4,12].
[[3,8,1,1,2,0,1,1,1],24,20].
[[3,7,0,1,2,2,2,2,1],10,14].
[[1,6,1,1,2,2,2,2,1],5,0].
[[2,6,1,1,2,2,1,1,1],2,0].
[[2,9,1,1,1,2,1,1,0],12,25].
[[3,7,1,0,0,0,1,2,1],18,9].
[[1,8,1,1,1,2,1,2,1],3,0].
[[3,7,1,1,2,0,1,1,1],5,5].
[[3,8,0,0,0,0,2,1,0],2,8].
[[1,8,1,1,2,0,2,1,1],11,6].
[[3,6,1,0,0,0,0,0,0],8,0].
[[2,6,1,0,0,0,1,1,1],2,0].
[[3,3,2,1,2,2,0,0,0],10,0].
[[3,7,2,1,1,0,2,3,1],3,1].
[[3,7,2,1,2,0,0,0,0],11,1].
[[2,4,2,1,2,0,2,1,0],12,1].
[[1,4,2,1,2,0,2,1,0],8,0].
[[2,5,0,1,2,0,1,1,1],1,2].
[[3,8,1,1,2,0,1,2,0],40,22].
[[3,8,0,1,2,0,2,1,0],3,10].
[[2,8,0,1,2,2,1,1,1],6,11].
[[3,7,0,1,2,2,1,1,1],2,2].
[[1,7,2,1,2,0,0,0,0],11,5].
[[3,7,2,1,1,0,2,1,1],2,4].
[[3,7,2,1,2,0,1,2,1],20,2].
[[3,7,0,1,2,0,2,3,0],3,3].
[[2,7,2,1,2,0,2,2,0],3,0].
[[3,9,1,1,1,0,1,1,0],0,7].
[[3,9,1,1,2,0,2,3,1],2,10].
[[3,3,1,1,2,2,2,3,1],11,3].
[[3,5,0,1,2,0,1,2,0],10,2].
[[2,8,0,1,1,2,2,1,0],9,6].
[[3,7,0,0,0,0,0,0,0],2,3].
[[3,7,1,0,0,0,1,1,0],4,1].
[[3,7,2,1,1,2,2,3,1],13,1].
[[2,7,2,1,2,0,2,1,1],4,1].
[[1,8,1,1,1,2,2,2,0],6,0].
[[2,7,1,1,1,2,2,2,0],2,0].
[[1,6,1,0,0,0,2,3,1],12,0].
[[3,6,1,1,2,2,1,2,1],24,0].
[[3,7,0,1,2,2,2,1,0],3,5].
[[2,6,0,1,1,2,0,0,0],5,2].
[[3,7,2,0,0,0,0,0,0],13,1].
[[1,8,0,1,1,2,2,3,0],15,5].
[[1,8,1,1,2,0,2,1,0],3,3].
[[2,8,1,1,2,0,1,1,0],4,1].
[[3,5,0,1,2,2,1,2,1],1,1].
[[1,9,2,1,1,2,1,1,0],5,9].
[[2,8,1,1,1,2,1,1,0],3,4].
[[3,7,1,1,2,0,2,2,0],10,10].
[[3,8,0,0,0,0,1,1,1],4,13].
[[2,9,1,1,1,0,2,3,1],1,2].
[[1,9,2,1,1,2,1,1,1],14,4].
[[2,4,2,1,2,0,1,1,1],19,1].
[[2,7,1,0,0,0,2,3,0],17,1].
[[3,3,2,1,2,0,2,2,1],2,0].
[[3,7,2,1,2,2,0,0,0],12,2].
[[3,6,1,1,2,2,2,2,0],17,0].
[[3,9,1,1,2,0,2,2,1],0,11].
[[3,6,0,1,1,2,1,2,1],1,2].
[[3,8,1,1,1,0,2,2,1],7,7].
[[3,3,2,0,0,0,2,3,1],8,0].
[[3,7,1,1,1,2,2,2,0],9,3].
[[2,6,0,1,2,2,2,2,1],2,2].
[[3,6,0,1,2,2,1,2,1],6,4].
[[1,7,1,1,2,2,2,2,0],2,0].
[[3,9,1,1,2,0,1,1,0],3,22].
[[1,8,1,1,2,0,1,1,0],0,1].
[[2,7,2,1,1,0,1,1,0],0,1].
[[3,7,2,1,1,0,1,1,0],1,1].
[[3,9,1,1,1,0,2,3,1],1,3].
[[3,8,0,1,1,0,2,3,1],1,1].
[[3,6,1,1,1,2,2,3,1],6,0].
[[3,7,0,1,2,0,2,3,1],2,2].
[[2,8,1,1,1,0,2,3,1],3,6].
[[2,6,1,1,2,2,2,2,1],15,0].
[[3,7,0,0,0,0,2,3,1],5,3].
[[2,7,0,1,2,2,2,3,1],4,4].
[[2,6,1,1,2,2,2,2,0],5,0].
[[2,6,1,1,1,2,2,3,1],3,0].
[[3,6,1,1,1,2,1,2,1],2,0].
[[1,8,1,1,2,0,1,2,0],2,0].
[[2,9,1,1,1,0,2,3,0],2,7].
[[3,9,1,1,1,0,2,3,0],0,6].
[[2,7,0,1,1,2,2,3,1],0,3].
[[1,4,2,1,2,0,1,1,1],2,0].
[[2,8,0,1,2,0,1,1,0],1,2].
[[3,6,1,1,2,2,2,2,1],21,1].
[[3,7,2,0,0,0,2,3,0],3,0].
[[1,6,0,1,2,2,0,0,0],3,7].
[[2,8,1,1,2,0,1,1,1],12,8].
[[3,5,0,1,1,0,1,1,1],6,1].
[[3,7,0,1,1,2,1,2,0],2,4].
[[1,8,1,1,1,2,2,1,0],4,1].
[[2,8,0,1,1,2,1,1,1],9,5].
[[3,6,0,1,1,2,2,3,1],2,3].
[[3,9,1,1,1,0,1,1,1],1,2].
[[3,7,0,1,2,2,1,2,0],3,0].
[[1,6,0,0,0,0,2,1,0],1,0].
[[2,6,0,0,0,0,1,2,0],1,0].
[[3,6,1,1,1,2,2,2,0],3,0].
[[2,6,1,0,0,0,2,1,1],9,0].
[[3,7,2,1,2,2,1,2,0],8,0].
[[3,9,1,0,0,0,2,2,1],0,6].
[[1,9,2,1,2,0,1,2,0],6,12].
[[3,6,1,1,2,0,0,0,0],3,1].
[[2,7,0,1,2,2,2,2,1],2,2].
[[2,8,0,1,2,2,1,1,0],6,8].
[[2,3,2,0,0,0,2,3,1],5,0].
[[3,3,2,1,2,2,1,2,1],2,0].
[[1,8,0,1,1,2,2,2,1],9,5].
[[2,7,2,1,1,2,0,0,0],6,0].
[[1,4,2,1,2,0,1,1,0],5,0].
[[1,7,2,1,2,0,2,2,1],2,0].
[[2,7,2,1,2,2,2,2,0],5,0].
[[3,7,2,1,2,2,2,1,0],5,0].
[[3,6,1,0,0,0,1,2,0],5,0].
[[3,6,0,0,0,0,2,2,0],3,3].
[[2,7,1,0,0,0,1,2,1],11,2].
[[3,8,0,1,1,0,2,1,1],0,5].
[[2,8,1,0,0,0,2,1,0],14,11].
[[2,5,0,0,0,0,1,1,0],2,0].
[[3,7,0,1,2,2,1,1,0],2,2].
[[3,7,1,0,0,0,2,1,0],4,1].
[[3,6,1,0,0,0,1,1,1],0,1].
[[1,9,2,1,2,0,2,1,1],4,15].
[[1,6,1,1,2,2,2,1,1],2,0].
[[3,6,1,1,2,0,2,2,0],1,1].
[[3,8,0,1,1,0,1,1,1],1,3].
[[3,8,0,1,2,2,0,0,0],1,11].
[[2,7,2,0,0,0,2,1,1],10,1].
[[3,7,2,1,2,2,1,1,1],9,9].
[[1,4,2,1,2,0,2,2,1],9,1].
[[3,7,1,0,0,0,1,1,1],9,5].
[[3,6,0,1,2,2,2,2,1],6,10].
[[2,7,1,1,1,2,2,3,0],6,0].
[[2,7,2,1,1,2,2,3,0],3,0].
[[3,8,1,1,2,2,2,1,0],7,21].
[[2,8,1,1,2,0,2,1,0],4,1].
[[3,7,2,1,1,2,2,1,0],2,0].
[[1,4,2,1,2,0,2,2,0],11,0].
[[3,7,2,1,2,0,2,1,1],9,2].
[[3,8,1,0,0,0,1,1,0],4,4].
[[2,8,1,1,1,0,2,2,1],1,4].
[[1,7,2,0,0,0,1,2,1],3,1].
[[2,3,2,0,0,0,1,2,1],2,0].
[[3,3,2,0,0,0,1,2,1],1,0].
[[2,3,1,0,0,0,0,0,0],7,1].
[[3,3,1,1,2,0,0,0,0],6,1].
[[3,6,1,1,1,2,2,3,0],5,0].
[[3,8,0,1,1,0,0,0,0],0,3].
[[2,8,1,1,1,0,1,1,0],0,3].
[[3,8,1,1,1,0,1,1,0],1,7].
[[1,4,2,1,2,0,2,1,1],10,1].
[[3,7,1,1,1,0,1,2,0],3,1].
[[3,9,1,1,1,2,0,0,0],0,2].
[[2,9,1,1,1,0,1,2,0],2,4].
[[3,5,0,1,1,0,1,1,0],1,2].
[[3,6,0,1,2,2,2,3,0],11,9].
[[2,7,2,1,1,0,2,3,1],2,0].
[[3,7,2,1,2,2,2,2,0],7,1].
[[3,7,0,1,2,2,2,1,1],4,5].
[[3,9,1,1,1,0,2,1,1],1,4].
[[3,3,1,1,2,2,2,1,1],8,1].
[[2,3,1,0,0,0,2,2,0],1,0].
[[3,3,1,1,2,0,2,3,1],6,1].
[[3,6,1,0,0,0,2,3,0],6,0].
[[3,3,1,0,0,0,0,0,0],9,3].
[[2,7,0,0,0,0,2,3,1],2,0].
[[3,7,2,1,2,0,2,2,0],3,0].
[[3,6,0,1,1,2,1,1,1],1,0].
[[3,7,2,1,1,2,2,1,1],11,0].
[[3,3,2,1,1,2,0,0,0],6,0].
[[1,8,0,1,2,2,1,1,0],0,2].
[[3,9,1,0,0,0,0,0,0],0,1].
[[3,7,0,1,1,2,2,1,0],3,1].
[[3,7,1,0,0,0,2,2,0],11,3].
[[1,8,0,1,1,2,2,1,0],3,0].
[[1,7,1,0,0,0,2,2,1],3,1].
[[2,7,1,1,2,0,2,2,1],4,6].
[[2,6,1,1,2,2,1,2,0],2,1].
[[1,7,2,1,2,2,1,1,1],1,0].
[[2,6,0,1,2,2,2,1,0],4,0].
[[2,6,1,0,0,0,1,2,1],6,1].
[[2,6,1,1,1,2,2,1,0],2,0].
[[3,6,1,1,1,2,1,1,0],3,0].
[[1,8,1,1,2,0,1,1,1],0,4].
[[2,7,1,1,2,0,1,1,1],0,1].
[[2,6,1,1,1,2,2,3,0],3,0].
[[3,3,2,1,1,2,2,3,0],1,0].
[[1,4,2,1,2,0,1,2,1],3,0].
[[1,8,0,0,0,0,1,1,0],2,1].
[[3,3,1,0,0,0,1,2,1],1,0].
[[2,7,1,1,1,2,2,1,0],2,0].
[[2,7,2,1,1,0,2,1,1],0,1].
[[2,7,0,1,2,2,2,3,0],2,2].
[[2,7,2,0,0,0,2,1,0],1,0].
[[3,7,0,0,0,0,2,3,0],3,5].
[[2,7,1,1,1,2,1,2,1],1,2].
[[1,6,1,1,2,2,2,3,0],3,0].
[[2,3,1,1,2,2,2,3,0],1,1].
[[3,3,1,1,1,2,1,2,0],2,0].
[[3,4,2,1,2,0,2,1,0],14,0].
[[3,7,1,1,1,0,1,1,1],1,3].
[[3,3,1,0,0,0,2,3,1],5,1].
[[1,3,2,0,0,0,0,0,0],7,0].
[[3,3,2,0,0,0,2,1,1],5,0].
[[1,7,1,1,2,2,2,3,0],3,1].
[[2,6,1,1,2,0,1,2,1],2,0].
[[3,3,1,1,2,0,1,2,1],2,0].
[[3,7,1,1,2,0,1,2,0],8,1].
[[1,9,2,1,2,0,1,1,0],1,4].
[[3,6,1,1,1,0,1,1,0],0,1].
[[1,7,2,1,2,0,2,1,1],2,0].
[[3,6,1,0,0,0,1,2,1],7,1].
[[3,6,1,1,1,2,1,2,0],3,0].
[[1,9,2,1,2,0,2,1,0],4,6].
[[1,8,0,0,0,0,1,2,1],2,1].
[[3,6,0,0,0,0,0,0,0],0,2].
[[2,8,1,1,1,0,1,2,0],1,1].
[[3,7,0,1,2,0,0,0,0],1,4].
[[2,6,0,1,1,2,2,3,0],2,0].
[[3,6,0,1,1,2,2,3,0],5,4].
[[3,5,0,1,1,0,1,2,0],4,0].
[[3,7,0,1,1,2,2,1,1],1,5].
[[3,6,0,1,2,0,2,3,1],1,0].
[[2,9,1,1,1,0,2,2,1],0,2].
[[3,8,0,1,1,0,2,2,1],0,5].
[[1,7,2,1,2,2,2,1,1],5,0].
[[2,3,2,1,2,2,2,1,1],1,0].
[[2,8,0,1,2,0,2,1,0],3,3].
[[3,6,1,1,1,0,2,3,0],1,0].
[[3,7,0,0,0,0,1,2,1],0,1].
[[2,6,0,1,2,2,2,1,1],4,2].
[[1,8,1,1,2,2,1,1,0],4,2].
[[2,7,2,1,2,2,1,2,0],2,0].
[[3,9,1,1,1,0,2,2,1],0,4].
[[2,9,1,1,1,0,1,1,0],0,3].
[[3,4,0,1,2,0,1,2,0],0,2].
[[3,3,1,1,2,2,1,1,1],2,0].
[[2,9,1,1,1,0,1,2,1],2,3].
[[2,6,1,0,0,0,2,3,0],5,0].
[[1,7,2,0,0,0,1,1,1],1,0].
[[2,7,1,1,2,2,1,2,1],13,2].
[[3,3,2,1,2,0,2,1,1],3,0].
[[3,3,1,0,0,0,2,2,0],1,0].
[[2,6,1,0,0,0,2,2,0],7,0].
[[1,3,2,0,0,0,2,3,1],3,0].
[[3,9,1,0,0,0,2,1,0],1,2].
[[1,7,2,0,0,0,2,1,1],8,1].
[[2,8,0,1,2,0,1,1,1],1,1].
[[3,6,0,0,0,0,2,1,1],1,1].
[[3,3,1,1,2,2,1,2,1],4,0].
[[2,7,0,1,2,2,2,2,0],2,2].
[[3,2,1,1,2,0,0,0,0],3,0].
[[3,7,1,1,1,2,2,1,0],5,3].
[[2,6,0,0,0,0,2,2,0],2,1].
[[3,6,0,0,0,0,1,1,0],1,0].
[[3,6,0,1,1,2,2,2,0],0,2].
[[3,6,1,1,2,0,1,2,0],1,0].
[[3,7,0,1,1,2,1,2,1],1,1].
[[1,7,2,1,2,2,2,3,0],2,0].
[[3,6,0,1,2,0,2,2,0],0,1].
[[3,8,1,1,1,0,0,0,0],0,1].
[[2,7,0,1,1,2,2,2,1],1,0].
[[3,7,0,1,1,2,1,1,1],2,1].
[[2,7,2,0,0,0,1,1,0],0,1].
[[3,7,2,1,2,0,1,1,0],1,1].
[[1,6,0,1,2,2,2,1,0],1,0].
[[2,3,1,1,2,2,1,1,1],1,0].
[[2,8,1,1,1,0,1,1,1],0,4].
[[2,8,0,0,0,0,1,1,0],3,4].
[[3,3,1,1,1,2,2,3,0],0,1].
[[2,6,1,1,2,0,2,2,1],4,1].
[[3,8,0,1,1,0,1,1,0],0,3].
[[2,7,0,0,0,0,2,1,0],1,0].
[[1,7,1,1,2,2,2,2,1],1,1].
[[2,5,0,1,1,0,1,2,0],1,0].
[[3,7,0,0,0,0,2,1,0],1,1].
[[2,7,1,1,2,0,2,3,0],4,1].
[[3,3,2,1,2,0,2,3,1],7,0].
[[2,6,0,0,0,0,2,3,0],1,0].
[[3,6,0,0,0,0,1,2,0],2,1].
[[2,5,0,1,2,0,1,2,0],2,0].
[[3,7,0,1,2,0,2,1,1],2,1].
[[3,6,0,0,0,0,2,1,0],0,1].
[[2,3,1,1,2,2,2,1,1],1,0].
[[3,6,0,1,2,2,1,1,1],2,0].
[[1,9,2,1,2,0,1,1,1],2,3].
[[3,6,1,1,1,0,2,3,1],2,0].
[[1,6,0,0,0,0,2,2,0],0,1].
[[3,6,1,1,1,0,1,2,1],0,1].
[[3,3,1,0,0,0,2,3,0],1,0].
[[3,8,1,1,2,0,2,1,0],0,3].
[[3,3,2,0,0,0,2,2,1],5,0].
[[3,6,0,1,1,2,2,1,0],0,1].
[[3,3,2,1,1,0,2,2,1],4,0].
[[3,6,1,1,1,2,2,1,0],1,0].
[[3,6,0,1,2,2,2,1,0],2,1].
[[1,2,1,0,0,0,0,0,0],1,0].
[[2,2,1,1,2,2,0,0,0],1,0].
[[3,2,1,1,1,2,0,0,0],1,0].
[[3,8,0,0,0,0,0,0,0],0,3].
[[2,7,2,0,0,0,2,2,0],2,0].
[[1,7,2,1,2,2,1,2,1],1,0].
[[2,3,2,1,2,0,0,0,0],3,0].
[[3,3,2,1,1,0,2,1,1],1,0].
[[1,6,1,1,2,2,2,3,1],3,0].
[[2,3,2,1,2,2,2,3,1],1,0].
[[2,8,1,1,1,0,2,1,0],1,2].
[[3,7,1,1,1,0,2,1,0],1,0].
[[3,7,2,0,0,0,2,2,0],2,0].
[[2,7,2,1,1,2,1,1,1],1,0].
[[3,3,1,1,1,2,1,2,1],1,0].
[[2,6,1,1,1,2,2,2,1],2,0].
[[3,8,1,1,1,0,2,1,0],0,1].
[[3,7,0,0,0,0,1,1,1],1,0].
[[3,4,0,1,2,0,1,1,0],0,1].
[[3,8,1,0,0,0,0,0,0],0,2].
[[3,5,0,1,1,2,1,2,1],1,0].
[[2,3,2,0,0,0,2,2,1],2,0].
[[1,3,2,0,0,0,2,1,1],1,0].
[[3,3,2,1,2,0,1,2,1],1,0].
[[3,7,2,1,2,2,1,1,0],2,0].
[[3,3,2,0,0,0,2,3,0],1,0].
[[3,7,2,1,1,2,0,0,0],4,0].
[[2,9,1,1,1,0,2,1,0],0,2].
[[3,3,1,1,2,2,2,1,0],1,0].
[[3,3,1,1,2,2,2,2,0],2,0].
[[2,7,2,1,1,2,2,2,0],1,0].
[[2,7,1,1,2,0,2,1,1],2,1].
[[3,3,2,1,1,2,2,2,1],1,0].
[[2,7,0,1,1,2,2,1,1],1,0].
[[2,6,1,1,2,2,1,2,1],3,0].
[[3,7,0,1,2,0,1,1,1],1,0].
[[2,6,0,1,1,2,2,3,1],2,0].
[[3,4,0,1,2,0,1,2,1],0,1].
[[1,8,0,1,1,2,1,2,0],0,2].
[[2,6,0,1,1,2,2,2,0],0,1].
[[1,8,0,1,1,2,1,1,1],0,1].
[[2,9,1,1,1,0,0,0,0],0,1].
[[3,7,0,1,2,0,1,1,0],0,1].
[[2,6,0,1,2,2,1,2,0],0,1].
[[2,7,2,1,2,2,1,1,1],0,1].
[[3,6,1,1,2,0,2,1,0],2,0].
[[1,6,0,1,2,2,2,2,0],2,0].
[[2,6,0,1,1,2,1,2,0],1,0].
[[3,6,1,1,1,0,2,2,1],1,0].
[[3,7,0,1,2,0,1,2,1],0,1].
[[3,6,0,1,2,0,2,2,1],0,1].
[[1,7,1,0,0,0,2,1,1],2,1].
[[3,3,1,0,0,0,2,1,1],1,0].
[[2,7,2,1,2,0,1,1,1],0,1].
[[1,6,1,1,2,2,2,2,0],1,0].
[[2,2,1,1,2,2,2,2,0],1,0].
[[3,2,1,1,2,2,2,2,0],1,0].
[[1,7,1,1,2,2,1,1,1],0,1].
[[2,7,1,1,1,2,1,1,1],0,1].
[[2,2,1,0,0,0,2,2,1],1,0].
[[3,2,1,1,2,2,2,3,0],1,0].
[[3,7,2,1,1,0,1,2,0],1,0].
[[2,7,1,1,2,2,1,1,0],1,0].
[[3,3,2,1,1,0,0,0,0],1,0].
[[3,8,0,1,2,0,0,0,0],0,2].
[[3,6,0,1,1,2,2,1,1],1,0].
[[3,7,2,1,1,2,1,1,0],1,0].
[[3,7,2,1,1,0,2,3,0],1,2].
[[1,7,2,1,2,0,2,2,0],1,0].
[[3,8,0,1,1,0,2,1,0],0,1].
[[2,2,1,0,0,0,0,0,0],1,0].
[[3,3,1,1,2,0,2,1,1],1,0].
[[2,9,1,1,1,0,1,1,1],1,2].
[[3,6,0,1,2,2,1,1,0],0,1].
[[3,7,0,1,2,0,2,1,0],0,1].
[[2,7,0,1,1,2,2,2,0],0,1].
[[3,7,2,1,1,2,2,3,0],1,0].
[[2,7,0,1,1,2,2,1,0],1,0].
[[1,8,0,1,2,2,1,1,1],0,1].
[[3,6,1,1,1,0,2,1,0],1,0].
[[2,7,1,1,2,0,2,1,0],1,0].
[[2,7,1,0,0,0,2,1,0],3,0].
[[2,7,2,1,1,0,2,2,1],1,0].
[[2,3,2,1,2,0,2,2,0],1,0].
[[3,3,2,1,2,0,2,2,0],1,0].
[[2,7,2,1,2,2,2,1,0],1,0].
[[3,7,2,0,0,0,1,1,0],2,0].
[[3,3,0,1,1,2,0,0,0],0,1].
[[2,3,1,0,0,0,2,3,1],1,0].
[[2,6,1,1,2,0,2,2,0],0,1].
[[2,7,0,1,2,2,1,1,0],0,1].
[[2,3,1,1,2,2,2,2,0],1,0].
