total_WL(5330,6484).
[[1,6,1,1,2,2,2,3,2],9,0].
[[2,6,1,1,2,2,2,3,1],20,0].
[[3,6,1,1,1,2,2,3,1],13,0].
[[1,8,1,1,2,2,0,0,0],171,114].
[[2,8,1,1,2,2,2,3,1],177,105].
[[3,6,1,1,2,2,2,3,1],39,0].
[[1,8,1,0,0,0,2,3,1],183,93].
[[2,8,1,0,0,0,2,3,1],81,81].
[[3,8,1,1,2,0,1,2,1],81,58].
[[1,9,2,1,2,2,2,3,1],110,285].
[[2,9,2,1,2,2,2,3,1],30,150].
[[3,9,1,1,2,2,2,2,0],6,56].
[[1,9,2,1,2,0,2,3,0],18,32].
[[2,5,0,1,1,0,1,2,0],0,1].
[[3,5,0,1,1,0,1,2,0],1,3].
[[1,8,1,1,2,2,1,1,1],21,19].
[[2,8,1,1,2,2,1,1,1],53,37].
[[3,8,1,1,1,2,1,2,0],17,15].
[[1,9,2,1,2,2,2,1,0],49,116].
[[2,8,0,1,2,2,2,1,0],18,50].
[[3,7,0,1,2,2,2,1,0],1,8].
[[2,9,2,1,2,2,1,2,1],46,173].
[[3,8,0,1,2,2,1,2,1],16,156].
[[2,6,1,1,2,2,2,2,1],22,0].
[[1,9,2,0,0,0,2,3,2],48,235].
[[2,9,2,1,2,2,1,2,2],25,82].
[[3,8,0,1,1,2,1,2,2],9,43].
[[1,9,2,1,2,2,0,0,0],89,238].
[[2,9,2,1,2,2,2,3,0],59,190].
[[3,9,2,1,2,2,1,2,0],5,34].
[[1,8,1,1,2,2,2,3,2],171,67].
[[2,8,1,1,2,2,2,3,2],113,57].
[[3,8,1,1,2,2,2,2,0],18,40].
[[1,9,2,1,1,2,2,2,1],49,48].
[[2,4,2,1,2,0,2,3,0],44,2].
[[3,4,2,1,2,0,2,3,0],84,4].
[[1,8,1,0,0,0,2,2,0],41,14].
[[2,8,1,0,0,0,2,2,0],29,16].
[[3,8,1,0,0,0,2,2,0],8,13].
[[2,8,1,1,1,2,2,2,1],52,21].
[[3,8,1,1,1,2,2,3,1],36,23].
[[1,9,2,1,2,0,0,0,0],4,26].
[[2,8,1,1,2,0,2,2,1],35,43].
[[3,8,1,1,2,2,2,2,1],45,39].
[[1,9,2,1,1,2,1,1,1],12,6].
[[2,4,2,1,2,0,1,2,2],32,2].
[[3,4,2,1,2,0,1,2,2],76,3].
[[1,9,2,1,2,2,2,2,1],84,170].
[[2,9,2,1,1,2,1,1,1],9,21].
[[3,9,1,1,1,2,1,1,1],4,20].
[[3,8,1,1,1,2,1,2,2],36,21].
[[1,7,1,1,2,2,0,0,0],58,25].
[[2,3,1,1,2,2,0,0,0],8,3].
[[3,3,1,1,2,2,2,2,1],14,1].
[[1,9,2,1,2,2,2,1,1],40,77].
[[2,8,1,1,2,2,2,1,1],41,38].
[[3,8,1,1,2,2,2,1,1],13,19].
[[1,9,2,0,0,0,0,0,0],49,228].
[[3,9,1,1,2,2,2,3,0],4,39].
[[1,9,2,0,0,0,1,2,0],19,45].
[[2,9,1,0,0,0,1,2,0],3,21].
[[3,9,1,1,2,0,1,2,0],7,25].
[[3,9,2,1,2,2,1,2,1],14,152].
[[2,9,2,0,0,0,0,0,0],2,26].
[[3,9,1,0,0,0,2,3,0],1,12].
[[1,8,1,0,0,0,0,0,0],202,182].
[[2,7,1,0,0,0,0,0,0],33,24].
[[3,7,1,1,2,2,2,3,1],101,78].
[[2,8,0,0,0,0,2,3,2],10,47].
[[3,8,0,0,0,0,1,2,2],5,26].
[[1,9,2,1,2,2,2,3,0],125,242].
[[3,8,0,1,2,2,2,3,0],24,161].
[[1,8,0,1,2,2,0,0,0],81,223].
[[2,8,0,1,2,2,2,2,1],23,82].
[[3,8,0,1,1,2,2,3,1],10,65].
[[3,7,2,1,2,0,1,2,1],20,1].
[[2,9,1,1,2,2,2,2,0],12,30].
[[3,8,0,1,2,2,2,2,0],13,106].
[[1,8,0,0,0,0,0,0,0],47,188].
[[2,8,0,0,0,0,0,0,0],11,56].
[[2,8,0,1,2,2,2,3,0],37,109].
[[1,8,1,0,0,0,2,3,2],183,85].
[[3,7,1,1,2,2,2,3,2],75,16].
[[1,8,0,1,1,2,0,0,0],27,46].
[[2,8,0,1,1,2,2,2,0],23,38].
[[3,6,0,1,1,2,2,2,0],2,6].
[[2,8,1,0,0,0,2,3,0],31,22].
[[3,8,1,0,0,0,2,3,0],7,12].
[[3,8,1,1,2,2,1,2,1],160,127].
[[2,9,2,1,2,2,0,0,0],4,48].
[[3,8,1,1,2,2,2,3,1],75,47].
[[2,9,2,1,2,2,2,2,1],15,75].
[[3,7,2,1,2,2,2,3,1],34,12].
[[3,9,2,1,2,2,2,2,1],1,10].
[[1,7,2,0,0,0,2,3,2],27,7].
[[2,7,2,0,0,0,2,3,2],39,9].
[[3,7,2,0,0,0,2,3,2],13,5].
[[1,9,2,0,0,0,1,2,1],37,81].
[[2,9,2,1,2,0,1,2,1],5,34].
[[1,8,1,1,2,0,1,2,1],5,5].
[[2,8,1,1,2,0,1,2,1],43,29].
[[3,7,0,1,2,2,0,0,0],1,29].
[[1,8,1,0,0,0,2,2,1],176,86].
[[2,8,1,0,0,0,2,3,2],67,43].
[[3,8,1,0,0,0,2,3,1],20,21].
[[1,4,2,1,2,0,2,3,1],18,1].
[[2,4,2,1,2,0,2,3,1],53,2].
[[3,4,2,1,2,0,2,3,1],79,3].
[[1,8,0,0,0,0,2,3,2],28,70].
[[2,8,0,1,2,2,2,3,2],23,105].
[[1,9,2,0,0,0,2,1,1],29,96].
[[2,9,2,0,0,0,1,2,1],23,74].
[[3,8,1,0,0,0,1,2,1],59,49].
[[1,9,2,1,1,2,2,3,0],81,53].
[[2,9,2,1,1,2,2,3,0],48,81].
[[3,5,0,1,1,2,1,2,0],40,0].
[[2,9,2,1,2,0,2,2,1],2,20].
[[3,9,1,1,2,0,1,1,1],1,7].
[[1,9,2,1,2,2,2,2,0],84,158].
[[2,9,2,1,2,2,2,2,0],31,129].
[[3,9,1,1,1,2,1,2,0],11,53].
[[2,8,1,1,1,2,2,1,1],23,10].
[[1,8,1,1,2,2,1,2,0],2,1].
[[2,8,1,1,2,2,1,2,0],21,17].
[[3,5,0,1,2,2,1,2,0],67,1].
[[3,3,1,1,1,2,0,0,0],2,1].
[[1,9,2,0,0,0,2,1,0],43,88].
[[2,9,2,1,2,0,2,3,0],18,45].
[[3,9,2,1,2,0,2,3,0],1,19].
[[1,9,2,0,0,0,2,2,0],54,154].
[[3,9,1,1,1,2,2,2,0],2,45].
[[1,8,0,1,2,2,2,3,0],43,35].
[[1,9,2,0,0,0,2,2,1],63,174].
[[2,9,1,0,0,0,1,2,1],8,26].
[[3,8,0,0,0,0,1,2,1],8,33].
[[2,8,1,1,2,2,2,2,1],114,80].
[[3,6,1,1,2,2,2,2,1],24,2].
[[1,8,1,0,0,0,1,1,1],27,30].
[[2,8,1,0,0,0,1,1,1],34,28].
[[3,8,1,0,0,0,1,2,0],17,2].
[[1,8,1,1,2,2,2,2,0],22,14].
[[3,7,2,1,2,2,1,1,1],10,12].
[[2,8,1,1,2,0,2,1,1],13,8].
[[3,8,1,1,2,0,2,3,0],12,18].
[[1,8,0,0,0,0,2,2,1],13,26].
[[2,8,0,0,0,0,2,2,1],13,32].
[[1,8,1,0,0,0,2,3,0],31,11].
[[2,8,1,0,0,0,1,2,0],17,3].
[[3,8,1,1,2,2,1,2,0],46,19].
[[1,5,0,1,1,2,1,1,1],2,0].
[[2,5,0,1,1,2,1,1,1],26,2].
[[3,5,0,1,1,2,1,1,1],46,1].
[[2,8,1,1,1,2,2,3,0],24,9].
[[3,4,2,1,2,0,1,2,1],191,6].
[[1,8,1,1,2,2,2,3,0],33,16].
[[3,7,1,1,2,2,2,2,1],75,36].
[[3,7,1,1,2,2,1,2,0],12,3].
[[1,9,2,0,0,0,1,1,0],8,18].
[[2,8,1,1,2,0,1,1,0],1,3].
[[3,8,1,1,2,2,1,1,0],14,17].
[[2,8,1,0,0,0,2,1,1],34,25].
[[3,8,1,1,2,0,2,3,1],21,31].
[[2,9,1,1,2,0,2,1,0],1,7].
[[3,9,1,1,1,0,2,1,0],3,4].
[[3,9,2,1,2,2,2,1,0],0,24].
[[2,9,2,0,0,0,2,2,1],7,42].
[[3,9,2,0,0,0,2,2,1],0,3].
[[3,7,1,0,0,0,2,3,1],26,10].
[[2,7,2,1,2,0,2,3,2],13,6].
[[3,7,2,1,2,2,1,2,2],31,3].
[[2,5,0,1,1,2,1,2,0],14,0].
[[1,9,2,0,0,0,2,3,0],113,223].
[[2,9,2,1,2,0,1,1,0],0,13].
[[3,9,2,1,1,0,1,1,0],1,1].
[[2,6,0,0,0,0,2,3,2],1,2].
[[3,6,0,1,2,0,2,1,1],0,1].
[[1,8,0,1,2,2,2,3,2],43,77].
[[2,8,0,1,1,2,2,3,2],24,32].
[[3,7,1,1,1,2,2,3,2],40,6].
[[3,8,1,1,2,2,1,1,1],66,62].
[[2,6,1,0,0,0,2,3,2],15,1].
[[3,6,1,0,0,0,2,3,2],6,1].
[[2,7,1,0,0,0,2,3,2],40,18].
[[3,7,1,0,0,0,2,3,2],16,8].
[[1,8,0,1,1,2,2,1,0],3,2].
[[2,7,1,1,1,2,2,1,0],1,0].
[[3,7,1,1,1,2,1,2,0],9,1].
[[1,9,2,1,1,2,1,2,2],34,24].
[[3,8,1,1,2,2,1,2,2],65,46].
[[1,9,2,0,0,0,2,3,1],97,259].
[[2,8,0,0,0,0,2,3,1],18,47].
[[3,7,1,1,2,0,2,3,1],28,10].
[[1,9,2,1,1,2,2,3,2],44,46].
[[2,8,1,1,1,2,2,3,2],41,15].
[[3,4,2,1,2,0,2,3,2],22,2].
[[1,9,2,1,2,2,1,1,0],3,17].
[[2,9,2,1,2,2,1,1,0],2,19].
[[3,8,0,1,2,2,1,1,0],1,21].
[[3,8,1,1,2,2,2,3,0],27,32].
[[2,7,1,1,2,2,2,3,1],54,21].
[[1,9,2,1,2,2,1,2,1],47,83].
[[2,8,0,1,2,2,1,2,1],18,45].
[[3,5,0,1,2,2,1,2,2],5,0].
[[1,8,1,0,0,0,1,2,0],8,4].
[[2,7,1,0,0,0,1,2,0],2,0].
[[3,7,1,1,2,0,1,2,0],4,0].
[[2,8,1,0,0,0,1,2,1],88,39].
[[3,9,2,1,1,2,2,3,0],1,29].
[[2,8,0,1,2,2,0,0,0],14,130].
[[3,8,0,1,2,2,2,3,1],18,85].
[[2,8,1,0,0,0,1,2,2],48,19].
[[2,9,2,1,2,0,1,1,1],2,12].
[[3,8,0,1,2,0,1,1,1],1,7].
[[1,8,0,1,2,2,1,2,2],7,14].
[[2,8,0,1,2,2,1,2,2],7,48].
[[1,8,1,0,0,0,2,1,1],73,41].
[[3,7,2,0,0,0,1,2,2],11,1].
[[1,9,2,1,2,2,1,2,0],19,45].
[[2,9,1,1,2,2,1,2,0],8,32].
[[3,9,1,1,2,2,1,2,0],16,74].
[[2,8,1,0,0,0,2,2,1],104,64].
[[3,8,1,1,2,0,2,2,1],21,21].
[[3,9,2,1,1,2,2,3,1],0,20].
[[2,8,0,1,2,0,2,3,1],5,21].
[[3,7,1,1,1,0,2,3,1],3,7].
[[3,9,1,1,2,0,1,2,1],5,32].
[[1,8,1,1,2,2,2,3,1],147,71].
[[2,8,0,1,1,2,0,0,0],15,52].
[[3,8,0,1,1,2,2,2,0],14,85].
[[2,8,1,1,2,2,2,3,0],50,28].
[[3,7,1,1,1,2,2,3,0],17,9].
[[3,9,2,1,2,0,2,2,1],0,2].
[[3,6,1,1,2,0,2,2,1],12,1].
[[1,9,2,1,1,2,0,0,0],49,57].
[[2,9,2,1,1,2,0,0,0],8,23].
[[3,8,1,1,1,2,2,1,1],4,9].
[[3,9,2,1,2,0,1,2,1],3,33].
[[2,8,1,1,2,2,1,2,1],132,79].
[[3,9,1,1,2,0,2,3,0],1,18].
[[3,7,0,1,1,2,0,0,0],1,14].
[[1,6,1,0,0,0,0,0,0],61,6].
[[2,6,1,1,2,0,0,0,0],5,2].
[[3,6,1,1,2,0,0,0,0],1,0].
[[2,9,2,0,0,0,2,1,1],8,25].
[[2,8,0,1,2,2,2,2,0],22,66].
[[3,7,1,1,2,2,1,1,1],36,15].
[[2,3,2,1,2,0,0,0,0],4,0].
[[3,3,2,1,2,2,2,3,1],6,0].
[[1,8,1,1,1,2,2,3,1],34,6].
[[2,8,1,1,1,2,2,3,1],70,26].
[[2,8,1,1,2,0,0,0,0],0,10].
[[3,7,1,1,2,2,2,1,1],27,25].
[[2,9,1,1,2,0,1,2,0],2,8].
[[1,8,0,0,0,0,2,3,0],22,34].
[[2,7,1,0,0,0,1,2,1],11,5].
[[3,7,1,0,0,0,1,2,1],24,5].
[[3,8,1,1,1,2,2,3,0],24,22].
[[1,8,1,1,2,2,2,1,1],46,26].
[[3,9,2,1,1,2,1,2,0],4,20].
[[3,8,1,1,1,2,2,2,1],30,27].
[[1,9,2,1,2,0,2,2,1],7,28].
[[3,9,2,1,1,0,1,2,1],0,14].
[[1,9,2,1,1,2,1,2,1],30,12].
[[2,8,1,1,1,2,1,2,1],51,16].
[[3,7,1,1,1,2,1,2,1],44,15].
[[1,8,1,1,2,0,2,3,2],18,15].
[[2,7,1,1,2,2,2,3,2],60,14].
[[1,8,1,1,2,0,2,1,1],8,7].
[[3,8,1,1,1,0,1,2,1],13,37].
[[2,9,2,0,0,0,2,3,0],32,93].
[[3,8,0,0,0,0,2,3,0],4,53].
[[2,8,0,0,0,0,2,3,0],22,47].
[[1,8,0,1,2,2,2,2,1],25,35].
[[2,7,1,1,2,2,2,2,1],58,17].
[[3,7,1,1,1,2,2,2,1],37,19].
[[1,9,2,1,2,2,2,3,2],75,209].
[[2,9,2,1,2,2,2,3,2],17,55].
[[3,9,1,1,2,2,1,2,2],3,40].
[[1,8,1,1,2,0,2,3,0],6,2].
[[3,9,1,1,1,2,1,1,0],2,11].
[[1,8,0,0,0,0,2,1,0],7,10].
[[3,7,1,1,2,2,2,1,0],18,4].
[[2,8,0,1,2,2,2,1,1],11,44].
[[3,8,0,1,2,2,1,1,1],8,52].
[[2,9,1,1,2,2,1,1,1],9,13].
[[3,9,1,1,2,2,1,2,1],15,104].
[[2,8,1,1,2,2,0,0,0],6,19].
[[3,7,1,1,1,2,0,0,0],4,3].
[[2,8,0,1,1,2,2,1,1],9,16].
[[3,6,0,1,1,2,2,1,1],1,2].
[[2,8,0,0,0,0,1,1,0],1,5].
[[3,8,0,1,2,2,1,2,0],9,54].
[[1,9,2,1,1,2,1,2,0],14,14].
[[2,9,1,1,1,2,1,2,0],0,17].
[[3,8,0,1,2,2,2,2,1],7,42].
[[1,7,1,0,0,0,0,0,0],41,23].
[[2,7,1,1,2,0,0,0,0],6,7].
[[3,7,1,1,1,0,2,2,1],4,8].
[[2,8,0,1,2,2,2,3,1],37,113].
[[1,7,2,0,0,0,0,0,0],50,14].
[[2,7,2,1,2,2,2,3,2],30,7].
[[3,3,2,1,2,2,2,3,2],7,0].
[[3,9,1,1,2,2,1,1,0],6,39].
[[3,9,1,1,1,2,1,2,1],9,81].
[[1,9,2,1,2,0,2,3,2],7,34].
[[2,9,2,1,2,0,2,3,2],4,14].
[[3,9,1,1,1,0,1,2,2],0,10].
[[1,8,1,0,0,0,1,2,1],57,36].
[[1,9,2,1,1,2,2,1,0],30,28].
[[2,8,0,1,1,2,2,1,0],5,22].
[[3,7,0,1,1,2,2,1,0],0,8].
[[2,8,1,1,2,2,2,1,0],34,12].
[[3,8,1,1,1,2,1,2,1],114,59].
[[2,8,0,0,0,0,2,2,0],12,40].
[[3,7,1,0,0,0,2,2,0],6,4].
[[1,8,1,1,2,0,2,2,1],9,22].
[[2,8,1,1,2,0,1,1,1],14,22].
[[3,7,0,1,2,2,2,2,1],0,14].
[[2,9,1,1,1,2,1,2,2],7,9].
[[3,9,1,1,1,2,1,2,2],3,32].
[[3,9,2,1,1,2,1,2,1],14,79].
[[2,9,2,0,0,0,2,2,0],9,56].
[[3,9,2,1,2,0,2,1,0],0,10].
[[1,8,0,1,1,2,2,3,0],12,10].
[[2,8,0,1,1,2,2,3,0],26,38].
[[3,7,0,1,1,2,2,3,0],2,21].
[[3,7,1,1,2,2,1,2,1],101,31].
[[3,9,2,1,2,2,1,2,2],1,31].
[[1,8,1,0,0,0,2,1,0],22,12].
[[3,5,0,0,0,0,1,2,0],10,1].
[[2,9,2,1,2,2,1,2,0],16,53].
[[2,8,1,1,2,2,1,2,2],52,29].
[[3,8,0,1,1,2,2,3,0],21,103].
[[1,9,2,1,2,0,2,1,0],2,8].
[[2,9,2,1,2,2,2,1,0],24,73].
[[3,8,0,1,2,2,2,1,0],12,64].
[[3,8,0,1,2,0,2,1,0],0,17].
[[3,7,0,1,1,2,2,3,2],3,11].
[[1,9,2,1,1,2,2,1,1],30,19].
[[2,4,2,1,2,0,1,2,1],53,2].
[[3,4,2,1,2,0,1,1,1],74,2].
[[1,9,2,1,1,2,2,3,1],93,50].
[[3,9,1,0,0,0,1,2,1],4,19].
[[3,7,1,1,1,0,0,0,0],0,2].
[[1,8,1,1,2,2,2,2,1],120,49].
[[2,9,1,1,2,2,2,3,0],15,40].
[[2,9,1,1,1,2,2,2,0],10,16].
[[3,5,0,1,1,2,2,2,0],2,0].
[[3,7,2,1,2,0,2,3,2],18,5].
[[3,9,2,0,0,0,2,2,0],0,10].
[[2,9,1,1,2,2,2,1,0],5,22].
[[1,9,2,0,0,0,1,2,2],52,106].
[[2,5,0,0,0,0,1,1,1],17,2].
[[3,5,0,1,2,0,1,2,1],6,2].
[[2,8,1,1,2,0,2,3,2],23,28].
[[3,7,1,1,1,0,2,3,2],2,6].
[[3,9,2,0,0,0,1,2,0],4,5].
[[3,8,0,0,0,0,2,2,0],2,33].
[[1,9,2,1,2,2,1,1,1],26,23].
[[3,9,2,1,1,2,1,1,1],1,30].
[[3,9,2,1,2,2,2,3,1],4,15].
[[2,9,2,0,0,0,1,2,0],8,23].
[[2,7,2,1,2,2,1,2,1],10,2].
[[3,7,2,1,2,2,1,2,1],47,5].
[[3,6,0,1,2,2,2,1,0],0,7].
[[2,9,1,1,2,0,1,2,2],1,5].
[[3,9,1,1,2,0,1,2,2],1,16].
[[1,8,1,1,2,2,1,2,2],33,7].
[[3,8,0,1,2,2,1,2,2],3,93].
[[3,9,2,1,2,2,2,3,0],2,55].
[[2,9,1,1,1,2,1,2,1],9,22].
[[1,8,0,0,0,0,2,3,1],18,42].
[[3,8,0,0,0,0,2,3,2],1,11].
[[3,8,1,1,1,2,1,1,1],38,36].
[[2,9,2,1,1,2,2,3,1],29,49].
[[3,6,0,1,1,2,0,0,0],0,4].
[[1,7,1,1,2,2,2,3,1],8,4].
[[2,7,1,1,1,2,2,3,2],22,5].
[[1,9,2,1,2,0,2,2,0],4,20].
[[3,9,2,1,1,0,1,2,0],0,1].
[[1,8,1,1,2,0,0,0,0],21,20].
[[3,8,1,1,2,0,2,2,0],10,11].
[[2,9,2,0,0,0,1,2,2],6,55].
[[3,7,0,1,2,2,2,3,0],3,9].
[[3,3,2,1,1,0,0,0,0],2,0].
[[1,8,1,1,2,2,1,2,1],55,21].
[[2,8,1,1,1,2,1,1,0],3,1].
[[3,7,1,1,1,2,1,1,0],1,0].
[[3,7,1,0,0,0,2,2,1],20,14].
[[1,8,1,1,1,2,0,0,0],21,10].
[[2,7,1,1,1,2,0,0,0],15,8].
[[3,7,1,1,1,2,2,1,1],12,12].
[[2,9,2,1,1,2,1,2,2],24,32].
[[3,7,2,0,0,0,2,2,1],6,0].
[[2,8,0,0,0,0,1,2,1],8,24].
[[3,8,0,1,2,0,2,3,0],6,38].
[[3,8,1,1,2,2,2,1,0],20,16].
[[1,9,2,1,2,2,1,2,2],58,98].
[[2,8,0,1,2,0,2,2,1],9,11].
[[3,9,1,1,2,2,2,1,0],4,28].
[[1,8,1,1,1,2,2,3,2],32,5].
[[3,8,1,1,1,2,2,3,2],9,6].
[[1,7,2,1,2,0,2,3,0],0,1].
[[2,7,2,1,2,0,1,2,0],0,1].
[[3,7,2,1,2,0,1,2,0],3,1].
[[2,8,1,1,1,2,1,2,2],27,8].
[[1,9,2,1,2,0,1,2,2],3,19].
[[2,9,1,1,2,2,1,2,1],15,47].
[[2,9,2,1,2,0,1,2,2],2,28].
[[3,8,1,1,1,0,1,2,2],7,10].
[[3,8,0,1,2,0,2,2,1],5,11].
[[2,7,2,1,2,0,1,2,2],8,5].
[[3,7,2,1,1,0,1,1,1],2,2].
[[3,8,1,1,2,0,1,2,2],32,15].
[[3,8,0,1,1,2,0,0,0],0,26].
[[2,5,0,1,2,2,1,1,1],34,2].
[[3,5,0,1,2,2,2,1,0],4,1].
[[2,8,0,1,1,2,2,3,1],30,29].
[[3,7,1,1,1,2,2,3,1],46,25].
[[3,8,0,1,2,2,2,1,1],5,29].
[[2,7,0,1,2,2,0,0,0],3,18].
[[2,8,0,1,2,0,0,0,0],2,9].
[[3,7,1,1,2,0,2,2,1],16,10].
[[1,7,2,0,0,0,2,1,1],9,1].
[[2,7,2,0,0,0,2,1,1],8,1].
[[3,7,2,0,0,0,2,1,1],4,0].
[[2,9,2,1,1,2,1,2,1],40,64].
[[3,8,1,1,1,0,2,2,1],2,8].
[[1,8,0,1,1,2,2,3,2],23,12].
[[1,9,2,1,1,2,1,1,0],5,8].
[[2,9,2,1,1,2,1,1,0],5,13].
[[3,5,0,1,1,2,1,1,0],17,4].
[[1,8,0,0,0,0,1,2,0],4,2].
[[2,8,0,1,2,2,1,2,0],7,21].
[[3,6,0,1,1,2,1,2,0],1,0].
[[1,9,2,0,0,0,1,1,1],19,30].
[[2,8,0,0,0,0,1,1,1],4,9].
[[3,8,0,0,0,0,1,1,1],2,9].
[[3,3,1,0,0,0,2,3,2],4,0].
[[2,7,1,0,0,0,2,2,1],23,8].
[[3,3,1,0,0,0,2,2,1],5,0].
[[3,9,2,1,2,0,1,2,2],0,14].
[[1,8,0,1,2,2,2,2,0],14,25].
[[3,8,0,1,1,2,1,2,1],17,91].
[[2,9,2,0,0,0,2,1,0],5,37].
[[3,8,1,1,2,0,1,2,0],7,5].
[[3,7,1,1,2,0,1,2,2],10,7].
[[2,7,1,1,1,2,2,3,1],16,3].
[[3,8,1,1,2,0,2,1,1],3,7].
[[2,9,2,1,2,2,1,1,1],22,45].
[[3,5,0,1,2,2,1,1,1],73,8].
[[2,9,1,1,1,2,2,3,0],9,11].
[[2,4,2,1,2,0,2,1,1],10,1].
[[2,6,1,0,0,0,0,0,0],22,1].
[[3,6,1,0,0,0,2,2,1],6,1].
[[3,7,0,1,2,2,2,3,1],2,21].
[[3,8,1,0,0,0,1,1,1],15,13].
[[3,7,2,1,1,2,2,3,0],2,0].
[[2,9,2,1,1,2,2,2,1],21,34].
[[2,8,0,1,1,2,2,2,1],19,30].
[[2,9,2,1,1,2,2,2,0],30,56].
[[3,4,2,1,2,0,2,2,0],54,5].
[[2,8,1,1,1,2,2,1,0],9,4].
[[3,8,1,1,1,2,2,1,0],14,10].
[[2,9,2,1,2,0,2,1,0],6,16].
[[2,8,1,1,1,0,1,1,1],1,6].
[[3,8,1,1,1,0,1,1,1],5,14].
[[1,8,1,1,1,2,2,3,0],7,2].
[[3,9,2,1,1,2,2,1,0],1,11].
[[2,9,2,0,0,0,2,3,2],8,27].
[[3,8,0,1,2,0,2,3,2],2,10].
[[3,9,1,1,1,2,2,3,0],2,43].
[[3,7,0,0,0,0,2,2,0],0,1].
[[1,9,2,1,1,2,2,2,0],44,45].
[[3,8,1,1,2,2,2,3,2],38,23].
[[2,8,1,1,1,0,2,3,2],2,4].
[[2,4,2,1,2,0,0,0,0],9,3].
[[3,4,2,1,2,0,2,1,0],36,1].
[[2,9,2,1,2,0,2,3,1],4,39].
[[3,8,0,1,2,0,2,3,1],2,18].
[[3,9,2,1,2,2,1,1,0],2,12].
[[3,8,0,1,1,2,2,2,1],7,40].
[[1,8,1,1,1,2,2,2,0],4,0].
[[2,7,2,1,1,2,2,2,0],1,0].
[[3,7,2,1,1,2,2,2,0],2,0].
[[3,7,1,1,1,2,1,2,2],22,7].
[[3,7,2,1,1,2,1,2,2],4,2].
[[3,9,2,1,1,2,2,2,1],1,2].
[[2,9,2,0,0,0,2,3,1],12,80].
[[3,8,0,0,0,0,2,3,1],1,21].
[[2,9,2,1,2,0,2,1,1],1,8].
[[2,7,1,0,0,0,1,1,1],6,4].
[[3,7,2,0,0,0,1,1,1],10,3].
[[3,9,2,1,1,2,2,2,0],0,28].
[[2,7,0,1,2,2,2,3,0],2,3].
[[3,7,0,1,2,2,1,2,0],0,4].
[[1,8,1,1,1,2,2,2,1],33,10].
[[2,9,2,1,2,0,0,0,0],0,16].
[[3,8,0,1,2,0,0,0,0],0,8].
[[2,9,2,1,1,0,2,1,0],1,1].
[[3,8,0,1,1,0,2,1,0],0,3].
[[3,8,0,1,2,0,1,2,1],7,39].
[[1,8,1,0,0,0,1,2,2],29,31].
[[3,3,2,1,1,0,1,2,2],2,0].
[[1,8,0,1,2,2,2,3,1],23,44].
[[2,6,0,1,2,2,2,3,1],1,3].
[[3,6,0,1,2,2,2,3,1],2,7].
[[3,8,0,1,1,2,1,1,0],1,29].
[[3,6,1,0,0,0,2,3,1],8,0].
[[1,7,2,0,0,0,2,3,1],12,2].
[[1,7,1,0,0,0,2,3,2],15,5].
[[3,7,1,1,2,0,2,3,2],16,9].
[[3,9,2,1,2,2,1,1,1],6,28].
[[1,8,0,0,0,0,2,1,1],4,13].
[[2,7,1,0,0,0,2,1,1],12,5].
[[3,9,2,1,2,2,2,2,0],0,29].
[[2,8,1,1,1,2,1,1,1],22,15].
[[3,7,1,1,1,2,1,1,1],12,14].
[[2,8,1,1,2,0,1,2,2],16,15].
[[3,7,2,1,2,0,1,2,2],15,6].
[[3,5,0,1,2,0,1,2,0],13,0].
[[1,7,2,0,0,0,2,2,1],16,2].
[[2,7,2,0,0,0,1,1,1],5,7].
[[3,7,2,1,2,0,1,1,1],5,5].
[[2,6,1,0,0,0,2,2,1],12,2].
[[2,9,2,1,2,2,2,1,1],4,38].
[[3,8,1,1,2,0,1,1,1],23,40].
[[1,9,2,1,2,0,1,1,0],1,5].
[[2,8,0,1,2,0,1,1,0],0,3].
[[3,8,0,1,2,0,1,1,0],0,8].
[[3,7,1,0,0,0,2,3,0],7,3].
[[2,8,0,0,0,0,2,1,0],5,18].
[[2,7,2,0,0,0,1,2,1],16,2].
[[3,7,2,0,0,0,1,2,1],23,2].
[[1,8,0,1,1,2,2,3,1],14,5].
[[2,8,0,1,1,2,1,2,1],20,10].
[[1,7,2,1,2,2,2,3,1],7,3].
[[2,5,0,1,1,2,1,1,0],2,0].
[[3,4,2,1,2,0,1,1,0],32,1].
[[2,9,2,0,0,0,1,1,1],6,22].
[[1,9,2,1,2,0,2,3,1],9,36].
[[2,9,2,1,1,0,1,2,1],0,3].
[[3,7,0,1,2,2,1,2,1],0,9].
[[3,8,0,1,2,2,0,0,0],0,41].
[[1,8,0,0,0,0,2,2,0],6,13].
[[2,8,0,1,2,0,2,2,0],0,11].
[[3,8,0,1,2,0,2,2,0],1,24].
[[3,3,1,1,2,0,2,3,2],4,0].
[[3,5,0,1,2,0,1,1,0],9,1].
[[2,9,1,1,1,2,2,1,1],1,1].
[[3,8,0,1,1,2,2,1,1],1,20].
[[2,4,2,1,2,0,1,1,1],17,2].
[[2,7,1,1,2,0,1,2,2],3,2].
[[3,7,1,1,1,0,1,2,2],1,4].
[[2,9,1,0,0,0,2,2,0],7,10].
[[2,9,1,1,2,2,1,2,2],11,35].
[[3,8,0,1,1,2,2,1,0],2,44].
[[3,8,0,1,2,2,2,3,2],5,43].
[[3,7,1,1,2,0,1,1,1],11,8].
[[2,7,0,1,1,2,2,3,2],3,1].
[[2,8,0,1,1,2,1,1,1],10,7].
[[3,7,1,0,0,0,1,2,2],15,2].
[[3,3,1,1,2,2,2,3,2],12,0].
[[2,7,2,1,2,2,0,0,0],22,5].
[[3,3,2,1,2,2,0,0,0],4,0].
[[2,9,2,1,1,2,1,2,0],18,25].
[[3,5,0,0,0,0,1,2,2],2,1].
[[2,9,2,1,1,2,2,3,2],13,26].
[[3,9,2,0,0,0,1,2,2],0,4].
[[3,8,1,0,0,0,2,1,1],7,6].
[[2,8,1,1,2,0,2,3,0],15,4].
[[2,9,1,1,2,0,2,3,0],6,9].
[[2,6,0,1,2,2,2,3,2],1,5].
[[3,6,0,1,2,2,2,2,1],2,5].
[[3,7,1,0,0,0,1,1,1],15,8].
[[1,4,2,1,2,0,2,2,0],10,1].
[[2,4,2,1,2,0,2,2,0],23,3].
[[3,9,1,1,2,0,2,2,0],1,14].
[[3,9,1,1,2,0,2,1,0],1,11].
[[3,6,1,1,2,0,2,3,2],9,2].
[[3,9,2,1,2,0,1,1,0],0,3].
[[1,6,1,1,2,2,0,0,0],26,2].
[[2,6,1,1,2,2,2,3,0],5,0].
[[3,6,1,1,2,2,1,2,0],7,0].
[[1,7,1,1,2,2,2,2,1],11,0].
[[2,7,1,1,2,2,2,3,0],14,5].
[[3,3,1,1,2,2,2,3,0],4,0].
[[3,9,1,1,1,2,2,1,0],7,20].
[[3,5,0,1,2,2,1,1,0],18,3].
[[2,6,1,1,2,2,2,1,1],8,1].
[[3,6,1,1,2,2,1,2,1],23,3].
[[2,4,2,1,2,0,1,2,0],19,2].
[[3,4,2,1,2,0,1,2,0],65,5].
[[3,9,2,0,0,0,1,2,1],0,25].
[[3,9,2,0,0,0,2,3,1],0,5].
[[2,9,2,1,1,2,2,1,0],17,21].
[[1,4,2,1,2,0,0,0,0],11,1].
[[2,4,2,1,2,0,2,1,0],27,0].
[[2,7,0,1,2,2,2,3,1],1,4].
[[3,3,0,1,2,2,2,3,1],0,1].
[[2,3,1,0,0,0,0,0,0],10,1].
[[2,8,0,1,1,2,1,2,2],15,14].
[[3,7,0,1,1,2,1,2,2],1,2].
[[3,8,1,0,0,0,2,3,2],7,7].
[[2,9,1,0,0,0,1,1,0],2,15].
[[3,9,1,1,2,0,1,1,0],0,12].
[[3,6,0,1,2,2,2,1,1],1,5].
[[2,7,1,1,2,0,2,3,2],8,5].
[[3,7,1,1,1,0,1,2,1],5,5].
[[2,5,0,0,0,0,1,2,0],10,2].
[[3,7,1,1,1,2,2,2,0],10,6].
[[2,6,1,0,0,0,1,1,1],6,1].
[[3,6,1,0,0,0,1,2,1],6,0].
[[2,7,1,1,1,2,2,2,1],6,5].
[[3,3,1,1,1,2,2,2,1],2,1].
[[2,8,1,0,0,0,0,0,0],2,18].
[[3,6,1,0,0,0,0,0,0],1,0].
[[2,9,2,1,1,2,2,1,1],11,13].
[[2,8,1,1,2,2,1,1,0],11,6].
[[3,8,0,1,1,0,2,3,0],0,10].
[[3,7,2,1,2,0,2,1,1],1,1].
[[2,7,2,0,0,0,0,0,0],31,4].
[[2,8,1,1,2,0,1,2,0],4,0].
[[1,6,1,0,0,0,2,3,2],16,2].
[[2,6,1,0,0,0,1,2,2],7,0].
[[3,6,1,1,2,2,1,2,2],10,2].
[[3,5,0,1,1,2,1,2,1],15,0].
[[2,6,0,1,2,2,2,2,1],1,4].
[[3,6,0,1,1,2,2,2,1],0,3].
[[3,8,0,1,1,0,1,2,1],0,5].
[[3,9,2,1,1,2,1,2,2],0,21].
[[1,8,0,0,0,0,1,2,2],5,9].
[[2,8,0,0,0,0,1,2,2],11,29].
[[2,9,1,0,0,0,2,3,0],5,21].
[[3,4,2,1,2,0,2,1,1],12,1].
[[3,7,1,1,2,0,1,2,1],27,14].
[[2,9,2,1,2,0,1,2,0],5,7].
[[3,8,0,1,1,0,1,2,0],1,4].
[[3,9,1,1,2,2,1,1,1],1,16].
[[2,9,2,0,0,0,1,1,0],3,6].
[[3,9,1,0,0,0,1,2,0],6,14].
[[3,8,1,1,1,2,2,2,0],20,13].
[[2,8,1,1,2,0,2,2,0],6,11].
[[2,7,2,1,2,2,2,1,0],2,0].
[[2,7,2,1,2,2,2,1,1],5,0].
[[3,8,0,1,1,0,1,2,2],0,10].
[[2,8,1,1,2,2,2,2,0],33,25].
[[3,7,1,0,0,0,2,1,1],6,5].
[[2,8,0,0,0,0,1,2,0],4,14].
[[3,8,0,1,2,0,1,2,0],4,21].
[[3,7,2,1,1,2,1,2,1],14,1].
[[2,8,0,1,2,0,1,2,2],3,11].
[[3,8,0,1,2,0,1,2,2],4,20].
[[3,6,0,1,1,2,2,3,0],1,7].
[[1,8,1,1,1,2,2,1,1],7,2].
[[1,4,2,1,2,0,1,2,1],6,1].
[[2,7,1,1,2,2,1,2,1],23,6].
[[2,4,2,1,2,0,2,2,1],30,1].
[[3,4,2,1,2,0,2,2,1],39,2].
[[1,7,1,0,0,0,2,2,1],12,2].
[[3,8,1,1,1,0,2,3,1],3,20].
[[1,8,1,1,2,0,2,3,1],11,19].
[[2,9,1,1,2,0,2,2,0],2,9].
[[3,9,1,1,1,0,1,2,0],0,6].
[[2,6,0,1,2,2,0,0,0],5,17].
[[3,6,0,1,2,2,2,2,0],0,11].
[[3,7,2,1,2,2,2,3,2],24,5].
[[3,7,1,1,2,2,2,3,0],25,14].
[[3,8,0,0,0,0,2,1,1],1,10].
[[2,6,1,1,2,2,2,2,0],4,0].
[[3,6,1,1,2,2,2,2,0],9,1].
[[3,7,1,1,1,0,1,1,1],2,5].
[[3,6,0,1,2,2,2,3,2],4,12].
[[3,8,0,1,1,0,2,2,0],1,1].
[[3,9,1,1,1,0,2,2,1],0,2].
[[2,5,0,1,2,2,1,1,0],7,0].
[[3,7,2,0,0,0,2,3,0],1,0].
[[1,7,1,0,0,0,1,1,1],0,1].
[[2,7,1,1,2,2,1,1,1],9,4].
[[3,6,1,1,1,2,2,2,0],5,0].
[[2,9,1,1,2,2,1,1,0],4,23].
[[2,7,1,1,2,2,0,0,0],50,45].
[[2,8,0,1,2,0,2,3,2],2,9].
[[3,9,1,1,1,0,2,2,0],1,10].
[[1,8,1,1,1,2,1,2,1],12,4].
[[3,6,1,1,1,2,1,1,1],2,1].
[[1,7,2,1,2,2,2,3,2],13,2].
[[2,3,2,1,2,2,2,3,2],4,0].
[[3,3,2,1,1,2,2,3,2],3,0].
[[3,9,1,0,0,0,2,2,0],1,8].
[[2,7,0,0,0,0,1,2,0],1,1].
[[3,7,0,1,2,0,1,2,0],0,2].
[[2,9,2,1,2,0,2,2,0],6,30].
[[3,9,2,1,2,0,1,2,0],1,7].
[[3,8,0,1,1,2,2,3,2],3,26].
[[2,5,0,1,2,2,1,2,0],23,3].
[[3,7,2,1,2,2,2,3,0],8,1].
[[3,8,1,0,0,0,1,2,2],19,10].
[[2,9,1,1,1,2,2,1,0],2,11].
[[2,7,1,1,1,2,2,2,0],3,0].
[[3,7,1,1,2,0,2,3,0],6,2].
[[1,7,2,1,2,2,2,2,1],6,0].
[[2,7,2,1,2,2,2,2,1],19,4].
[[3,3,2,1,2,2,2,2,1],12,0].
[[2,8,1,1,2,0,2,3,1],42,44].
[[3,3,2,0,0,0,2,3,2],8,0].
[[3,8,0,0,0,0,2,1,0],3,16].
[[2,6,1,1,2,2,2,3,2],14,2].
[[3,6,1,1,2,2,2,3,2],16,2].
[[2,8,0,1,2,2,1,1,1],6,16].
[[2,7,1,1,1,2,2,3,0],2,1].
[[2,7,1,1,2,0,2,3,1],9,7].
[[3,3,1,1,2,2,2,3,1],16,1].
[[2,5,0,1,1,2,1,2,1],1,0].
[[2,7,2,1,1,2,1,2,1],5,1].
[[1,8,0,1,2,2,2,1,1],9,13].
[[2,7,1,1,2,2,2,1,1],11,9].
[[2,7,0,0,0,0,0,0,0],0,14].
[[3,7,0,1,2,0,2,3,0],0,6].
[[3,8,0,0,0,0,1,2,0],3,13].
[[1,9,2,1,2,0,1,1,1],1,4].
[[2,8,0,1,2,0,1,1,1],2,4].
[[2,7,1,1,2,2,1,2,2],4,3].
[[3,7,1,1,2,2,1,2,2],36,13].
[[3,7,2,1,1,2,2,3,1],14,1].
[[3,7,1,1,2,2,0,0,0],10,16].
[[3,7,0,1,2,0,2,2,0],0,4].
[[3,7,2,1,1,2,2,3,2],11,1].
[[3,7,2,1,2,0,2,3,1],17,3].
[[2,7,0,1,2,2,2,1,1],0,1].
[[3,7,0,1,2,2,2,1,1],0,7].
[[1,4,2,1,2,0,2,3,0],11,0].
[[2,8,0,1,2,0,2,3,0],2,18].
[[2,7,2,1,2,2,2,3,1],17,8].
[[3,6,1,1,2,2,1,1,1],11,2].
[[3,6,0,1,2,2,1,2,1],2,4].
[[1,7,2,1,2,0,2,2,1],0,2].
[[2,7,1,1,2,0,2,2,1],5,7].
[[3,7,2,0,0,0,2,3,1],10,1].
[[3,6,1,0,0,0,2,2,0],7,0].
[[3,7,2,1,1,0,2,3,2],3,6].
[[1,8,0,1,1,2,2,2,0],5,5].
[[2,6,1,0,0,0,2,3,1],23,1].
[[2,7,1,0,0,0,2,2,0],6,2].
[[3,7,2,1,2,2,2,2,1],29,4].
[[2,7,2,0,0,0,1,2,2],8,2].
[[2,5,0,1,2,0,2,1,0],2,0].
[[3,5,0,1,1,0,2,1,0],2,0].
[[3,7,0,0,0,0,2,3,1],1,2].
[[1,7,1,0,0,0,2,3,1],4,1].
[[1,6,0,0,0,0,0,0,0],3,2].
[[3,3,1,0,0,0,0,0,0],5,3].
[[1,8,0,1,1,2,2,2,1],11,5].
[[2,7,0,1,1,2,2,2,1],2,0].
[[2,8,0,0,0,0,2,1,1],3,15].
[[3,5,0,1,2,2,1,2,1],9,0].
[[3,8,1,1,2,0,2,1,0],4,11].
[[1,7,2,1,2,0,2,3,2],5,5].
[[2,7,2,1,1,0,2,3,2],2,2].
[[3,7,2,1,1,0,1,2,2],6,6].
[[3,7,0,1,2,0,2,3,1],1,2].
[[3,7,0,1,2,2,2,2,0],1,16].
[[3,7,2,1,1,2,2,2,1],6,1].
[[1,9,2,1,2,0,2,1,1],0,15].
[[2,9,2,1,1,0,2,1,1],0,1].
[[3,9,2,1,1,0,1,1,1],0,6].
[[1,4,2,1,2,0,1,1,0],4,0].
[[2,4,2,1,2,0,1,1,0],11,0].
[[3,7,2,0,0,0,0,0,0],3,0].
[[2,6,0,1,1,2,2,3,1],1,2].
[[1,8,1,1,1,2,1,2,2],5,2].
[[3,7,2,1,1,0,2,1,1],1,2].
[[1,7,2,1,2,2,0,0,0],12,7].
[[2,8,1,1,1,0,2,3,1],2,6].
[[1,4,2,1,2,0,1,1,1],1,0].
[[3,9,2,1,1,0,2,3,1],0,5].
[[3,7,0,1,2,2,2,3,2],7,18].
[[3,7,2,1,2,0,2,2,1],13,6].
[[3,9,2,1,2,0,2,2,0],0,9].
[[3,6,1,1,2,0,1,2,2],3,1].
[[3,6,1,1,2,0,2,3,0],8,1].
[[1,6,1,0,0,0,2,3,1],9,0].
[[2,2,1,0,0,0,2,3,1],1,0].
[[3,2,1,1,2,2,2,3,1],1,0].
[[3,7,1,0,0,0,2,1,0],3,3].
[[2,7,2,0,0,0,2,2,1],18,0].
[[3,9,2,1,2,0,2,3,1],0,10].
[[2,7,2,1,1,2,2,3,1],2,2].
[[2,8,0,1,2,0,1,2,1],2,9].
[[1,5,0,1,2,2,1,1,1],13,1].
[[3,8,0,0,0,0,1,1,0],0,5].
[[3,8,0,1,1,0,2,3,1],0,5].
[[3,9,2,1,1,2,1,1,0],2,13].
[[1,8,1,1,2,0,1,1,1],4,3].
[[2,9,1,0,0,0,1,2,2],4,17].
[[2,7,1,0,0,0,2,3,1],27,10].
[[3,8,0,1,1,2,1,2,0],11,39].
[[3,9,2,0,0,0,1,1,0],0,3].
[[2,5,0,0,0,0,1,1,0],1,1].
[[2,8,1,1,1,2,1,2,0],8,5].
[[3,5,0,1,2,0,1,1,1],27,4].
[[1,8,0,1,2,2,2,1,0],11,16].
[[2,7,2,1,2,2,1,2,2],11,3].
[[3,7,0,0,0,0,0,0,0],0,3].
[[3,7,0,1,2,2,1,2,2],0,8].
[[1,8,1,1,1,2,2,1,0],2,2].
[[2,6,1,1,1,2,2,1,0],1,0].
[[3,6,1,1,1,2,2,1,0],2,0].
[[2,8,0,1,2,0,2,1,0],0,5].
[[2,7,0,0,0,0,2,3,1],1,1].
[[3,7,0,1,2,0,1,2,2],2,4].
[[3,9,1,0,0,0,1,1,1],1,8].
[[1,3,2,0,0,0,0,0,0],5,0].
[[3,3,2,1,1,0,2,3,1],1,0].
[[2,7,1,1,2,2,2,1,0],8,2].
[[3,7,1,1,1,2,2,1,0],6,4].
[[3,9,2,0,0,0,2,1,0],1,5].
[[3,7,2,1,2,2,2,1,1],11,0].
[[2,8,1,0,0,0,2,1,0],23,12].
[[2,9,1,0,0,0,2,1,0],4,15].
[[2,8,1,1,1,0,2,1,1],1,2].
[[3,4,0,1,2,0,2,2,1],0,1].
[[2,8,1,1,1,2,0,0,0],5,2].
[[3,5,0,1,1,2,2,3,0],4,0].
[[3,8,1,1,1,0,1,2,0],3,3].
[[2,9,1,0,0,0,1,1,1],2,8].
[[2,2,1,0,0,0,0,0,0],2,0].
[[3,2,1,0,0,0,0,0,0],3,0].
[[2,7,0,1,1,2,0,0,0],4,5].
[[3,7,0,1,1,2,2,2,1],2,6].
[[3,8,0,1,1,2,1,1,1],8,32].
[[2,7,1,0,0,0,1,2,2],6,2].
[[3,7,2,0,0,0,2,2,0],4,0].
[[3,7,0,1,1,2,1,1,1],0,1].
[[3,7,1,1,2,2,2,2,0],21,13].
[[1,5,0,0,0,0,2,1,0],2,1].
[[2,5,0,1,2,2,2,1,0],9,1].
[[3,8,1,1,1,0,2,3,0],4,7].
[[3,5,0,0,0,0,1,1,1],23,3].
[[2,9,2,1,1,0,2,2,0],0,5].
[[3,9,2,1,2,2,0,0,0],0,3].
[[2,7,1,1,2,2,2,2,0],5,2].
[[3,6,1,1,2,0,1,1,1],6,3].
[[3,7,2,1,2,2,2,2,0],5,1].
[[2,6,0,1,1,2,0,0,0],1,6].
[[3,6,0,1,1,2,2,1,0],0,4].
[[3,7,1,1,2,0,2,2,0],6,3].
[[2,3,2,0,0,0,0,0,0],6,0].
[[2,7,2,0,0,0,2,3,1],19,2].
[[1,7,2,0,0,0,1,2,2],3,3].
[[3,6,0,1,2,2,2,3,0],0,7].
[[3,9,2,1,1,0,1,2,2],0,3].
[[3,6,1,1,1,2,2,2,1],5,0].
[[3,8,1,1,1,0,1,1,0],1,3].
[[3,9,1,0,0,0,1,2,2],0,16].
[[1,6,1,0,0,0,2,1,0],2,0].
[[2,6,1,1,2,0,2,1,0],2,0].
[[3,6,1,1,2,2,2,1,0],4,0].
[[1,7,2,1,2,2,1,2,2],3,0].
[[2,7,2,1,1,2,1,2,2],2,1].
[[3,7,0,1,1,2,2,3,1],0,8].
[[3,7,0,1,1,2,2,1,1],3,2].
[[2,4,2,1,2,0,2,3,2],21,1].
[[1,6,1,0,0,0,1,2,2],1,0].
[[2,6,1,1,2,2,1,2,2],4,0].
[[3,6,1,1,1,2,1,2,2],5,1].
[[3,7,1,1,2,0,2,1,1],8,5].
[[1,2,1,0,0,0,0,0,0],1,0].
[[2,2,1,0,0,0,2,3,2],1,0].
[[3,2,1,1,2,0,2,2,1],1,0].
[[3,6,1,1,2,0,1,2,1],7,0].
[[2,7,1,1,1,2,2,1,1],3,3].
[[1,8,1,1,2,0,2,2,0],5,2].
[[2,7,1,1,2,0,2,2,0],2,0].
[[3,8,0,1,1,0,2,3,2],0,4].
[[2,9,1,1,1,0,1,2,2],0,4].
[[2,7,2,1,2,0,2,3,1],11,2].
[[3,7,2,1,1,0,2,2,1],3,0].
[[2,7,2,1,2,0,2,2,1],7,1].
[[3,7,2,1,1,0,1,2,1],8,6].
[[3,5,0,1,2,0,2,1,0],3,0].
[[2,9,1,1,2,0,0,0,0],0,3].
[[3,7,0,1,2,2,1,1,1],0,1].
[[1,8,0,1,2,2,1,2,0],2,4].
[[2,7,1,1,2,2,1,2,0],3,2].
[[3,8,0,0,0,0,0,0,0],0,4].
[[1,4,2,1,2,0,2,1,0],6,0].
[[2,7,2,1,1,2,2,3,2],4,0].
[[3,3,1,1,1,2,2,3,2],1,0].
[[2,7,0,1,1,2,2,2,0],1,1].
[[3,7,0,1,1,2,2,2,0],0,5].
[[1,4,2,1,2,0,2,2,1],12,0].
[[3,8,1,0,0,0,2,1,0],4,2].
[[3,8,1,1,2,0,2,3,2],9,12].
[[2,9,1,1,1,0,2,3,0],0,3].
[[3,4,2,1,2,0,0,0,0],14,3].
[[3,3,2,1,2,0,2,3,2],7,0].
[[1,7,2,0,0,0,1,2,1],3,2].
[[2,7,2,1,2,0,1,2,1],4,1].
[[3,8,1,1,1,2,1,1,0],7,9].
[[2,3,2,1,2,0,2,3,2],3,0].
[[3,2,1,1,2,0,2,3,2],1,0].
[[3,9,1,1,1,0,1,1,0],0,7].
[[1,5,0,0,0,0,1,1,1],8,1].
[[2,5,0,1,2,0,1,1,1],8,2].
[[1,9,2,1,2,0,1,2,0],3,6].
[[1,7,1,1,2,2,2,3,2],8,4].
[[3,8,1,0,0,0,2,2,1],15,9].
[[3,7,0,0,0,0,2,3,2],0,5].
[[2,9,1,1,1,2,1,1,1],9,1].
[[2,8,0,1,1,2,1,1,0],0,5].
[[2,9,1,1,1,2,1,1,0],4,3].
[[2,7,2,1,2,0,0,0,0],9,1].
[[3,9,2,0,0,0,2,3,0],0,6].
[[1,7,2,1,2,0,0,0,0],6,1].
[[3,3,1,1,2,2,0,0,0],14,4].
[[3,8,0,0,0,0,2,2,1],2,12].
[[3,8,1,1,1,0,2,2,0],2,6].
[[3,7,1,1,2,0,0,0,0],5,7].
[[3,7,2,1,2,0,0,0,0],2,0].
[[2,8,1,1,1,2,2,2,0],12,4].
[[1,7,1,0,0,0,2,3,0],3,0].
[[3,7,1,0,0,0,1,2,0],2,0].
[[3,9,2,1,1,2,0,0,0],0,4].
[[3,9,1,0,0,0,1,1,0],1,5].
[[3,7,0,0,0,0,2,3,0],1,1].
[[3,7,0,0,0,0,1,2,2],0,1].
[[3,3,2,0,0,0,2,3,1],4,0].
[[2,9,1,1,2,2,2,2,1],0,2].
[[3,9,1,1,2,2,2,2,1],0,2].
[[3,7,1,1,2,0,2,1,0],8,4].
[[2,7,0,1,1,2,2,3,0],0,3].
[[3,7,0,1,1,2,1,2,0],0,2].
[[1,5,0,1,2,2,1,2,0],3,0].
[[3,7,2,1,2,0,2,3,0],8,1].
[[2,8,0,1,2,0,1,2,0],1,4].
[[2,7,2,1,1,0,2,3,1],0,1].
[[2,6,1,1,1,2,0,0,0],3,0].
[[3,6,1,0,0,0,2,3,0],4,0].
[[1,8,0,0,0,0,1,1,1],1,1].
[[1,4,2,1,2,0,2,1,1],5,1].
[[2,6,1,1,2,0,2,3,2],2,1].
[[3,6,0,1,2,0,1,2,2],0,1].
[[1,7,2,1,2,0,2,3,1],2,2].
[[2,7,2,1,1,0,2,1,0],2,0].
[[3,7,2,1,1,0,1,2,0],2,0].
[[1,5,0,0,0,0,2,3,0],2,0].
[[2,5,0,0,0,0,2,3,0],2,0].
[[3,5,0,1,2,2,2,3,0],6,0].
[[1,4,2,1,2,0,2,3,2],9,0].
[[2,7,2,1,1,0,2,1,1],1,0].
[[3,6,0,1,1,2,2,3,1],3,9].
[[3,3,2,0,0,0,0,0,0],3,0].
[[3,8,1,1,2,2,0,0,0],0,4].
[[3,3,2,1,2,0,2,3,1],4,0].
[[3,7,0,0,0,0,2,2,1],1,5].
[[2,7,0,1,2,2,2,3,2],3,5].
[[2,9,1,0,0,0,2,3,1],0,1].
[[1,6,0,1,2,2,0,0,0],3,6].
[[2,6,0,1,2,2,2,3,0],3,3].
[[3,3,1,1,2,2,1,2,1],6,1].
[[3,8,0,1,2,0,2,1,1],2,5].
[[3,6,1,1,2,2,2,1,1],8,0].
[[2,8,1,1,2,0,2,1,0],11,6].
[[3,7,2,1,2,2,2,1,0],1,0].
[[3,3,1,0,0,0,2,3,1],3,1].
[[3,3,1,1,2,0,2,3,1],2,0].
[[2,7,2,1,2,0,2,1,1],1,1].
[[2,7,1,1,2,0,2,1,0],2,1].
[[3,7,1,1,1,0,1,2,0],1,3].
[[1,8,0,1,1,2,1,2,2],7,2].
[[2,7,1,1,1,2,1,2,2],0,1].
[[3,1,2,1,2,0,1,2,1],1,0].
[[3,7,2,1,2,0,2,1,0],1,0].
[[3,9,1,1,2,0,2,2,1],0,2].
[[3,9,1,0,0,0,2,1,0],1,11].
[[3,9,1,1,1,0,2,3,0],1,6].
[[2,6,1,1,2,2,0,0,0],22,1].
[[3,8,1,1,2,0,1,1,0],6,3].
[[3,9,2,0,0,0,1,1,1],1,9].
[[3,3,2,0,0,0,2,2,1],1,0].
[[3,7,0,0,0,0,1,2,0],1,1].
[[3,5,0,0,0,0,1,1,0],6,1].
[[2,8,1,1,1,0,2,2,1],3,3].
[[3,3,2,1,2,0,1,2,2],3,0].
[[2,6,0,0,0,0,2,2,1],1,2].
[[3,6,0,0,0,0,2,2,1],2,2].
[[3,7,2,1,1,0,2,1,0],1,0].
[[1,8,1,1,1,2,1,1,1],2,4].
[[1,8,1,1,2,2,2,1,0],14,3].
[[3,7,1,1,2,2,1,1,0],8,1].
[[2,6,1,1,2,0,1,2,1],3,0].
[[3,3,1,1,2,0,1,2,1],3,0].
[[2,9,1,1,2,0,1,2,1],2,11].
[[1,7,1,1,2,2,2,1,1],3,3].
[[2,3,2,0,0,0,2,3,2],3,0].
[[2,6,0,1,1,2,1,2,2],1,2].
[[3,6,0,1,1,2,1,2,1],2,2].
[[3,7,2,1,2,2,1,2,0],2,0].
[[3,8,1,1,1,0,2,1,1],1,2].
[[1,4,2,1,2,0,1,2,0],2,1].
[[3,7,2,1,2,2,0,0,0],6,0].
[[1,7,1,0,0,0,2,2,0],2,0].
[[2,6,0,1,1,2,2,3,0],2,0].
[[1,8,0,1,1,2,2,1,1],3,3].
[[3,6,0,1,1,2,1,1,1],1,1].
[[3,7,2,1,1,2,2,1,1],2,0].
[[3,7,0,1,2,0,2,1,0],0,1].
[[1,6,1,0,0,0,1,1,1],2,0].
[[3,3,2,1,2,0,1,2,1],3,0].
[[3,6,0,1,1,2,2,3,2],0,2].
[[3,3,1,1,2,0,1,1,1],2,0].
[[3,9,2,1,2,0,1,1,1],0,12].
[[3,7,2,0,0,0,1,2,0],2,0].
[[3,9,2,1,1,0,2,2,0],0,5].
[[1,5,0,1,1,2,2,1,0],2,0].
[[2,5,0,1,1,2,2,1,0],4,0].
[[3,5,0,1,1,2,2,1,0],7,0].
[[2,5,0,1,2,0,1,1,0],4,0].
[[3,5,0,1,1,0,1,1,0],3,0].
[[2,8,1,0,0,0,1,1,0],3,5].
[[2,7,2,1,2,2,2,3,0],4,0].
[[3,3,1,1,2,2,1,2,2],3,0].
[[2,6,1,1,1,2,2,2,1],1,0].
[[3,6,1,1,1,2,2,3,0],4,1].
[[1,8,0,1,1,2,1,2,0],1,1].
[[2,8,0,1,1,2,1,2,0],6,4].
[[2,8,1,1,1,0,2,3,0],0,4].
[[2,9,2,1,1,0,2,3,1],0,4].
[[2,6,0,0,0,0,0,0,0],2,4].
[[3,6,0,1,2,0,2,3,1],1,2].
[[2,7,2,0,0,0,2,1,0],2,0].
[[2,7,1,0,0,0,1,1,0],1,0].
[[2,3,1,0,0,0,2,1,1],1,0].
[[3,3,1,0,0,0,2,1,1],2,0].
[[2,9,1,1,2,2,0,0,0],0,4].
[[3,6,0,0,0,0,2,3,1],0,2].
[[2,6,1,1,2,0,1,2,2],2,1].
[[1,9,2,1,2,0,1,2,1],5,11].
[[1,6,1,1,2,2,2,1,1],2,0].
[[2,6,1,1,2,2,1,1,1],3,0].
[[3,8,1,0,0,0,1,1,0],3,2].
[[2,7,0,0,0,0,2,3,2],0,2].
[[1,6,1,1,2,2,2,3,1],3,0].
[[2,6,1,1,2,2,1,2,1],4,0].
[[3,3,2,1,1,0,2,3,2],2,0].
[[3,8,0,1,1,0,1,1,0],0,3].
[[2,8,1,1,1,0,1,2,2],0,2].
[[3,9,2,0,0,0,2,1,1],0,2].
[[3,3,0,1,1,2,0,0,0],0,2].
[[3,7,1,0,0,0,0,0,0],0,3].
[[2,7,1,1,2,0,1,2,1],3,0].
[[3,4,0,1,2,0,1,2,2],0,2].
[[1,7,1,1,2,2,1,1,1],1,1].
[[3,3,1,1,1,2,1,2,1],1,0].
[[3,8,1,1,1,0,2,3,2],4,3].
[[2,8,0,1,2,0,2,1,1],1,8].
[[2,7,2,1,1,2,2,1,1],0,1].
[[3,7,2,1,1,2,1,1,1],2,2].
[[3,7,0,1,2,0,1,2,1],0,2].
[[1,4,2,1,2,0,1,2,2],8,1].
[[2,3,2,0,0,0,2,2,1],4,0].
[[3,3,1,1,2,0,0,0,0],3,0].
[[1,7,1,1,2,2,2,2,0],2,0].
[[2,7,1,1,1,2,1,2,0],2,0].
[[3,7,0,1,1,2,1,2,1],1,2].
[[3,6,1,0,0,0,2,1,0],2,0].
[[3,7,2,0,0,0,1,1,0],1,2].
[[2,5,0,1,2,2,1,2,1],2,0].
[[2,7,2,1,2,2,1,1,1],2,1].
[[3,8,0,1,1,0,1,1,1],0,3].
[[3,5,0,1,1,2,1,2,2],6,0].
[[2,7,1,1,2,0,2,1,1],2,1].
[[2,5,0,1,2,2,2,3,0],1,0].
[[1,6,1,0,0,0,2,2,1],6,0].
[[2,6,1,0,0,0,1,2,1],4,0].
[[2,9,2,1,1,0,1,1,1],0,2].
[[3,5,0,1,1,0,1,1,1],2,3].
[[2,8,1,1,1,0,1,2,1],4,3].
[[3,9,2,1,1,0,2,3,0],0,2].
[[3,6,1,1,2,2,2,3,0],10,0].
[[3,6,1,0,0,0,2,1,1],4,0].
[[2,7,0,1,1,2,2,3,1],2,1].
[[3,6,0,0,0,0,2,3,0],2,1].
[[3,9,1,1,1,2,2,3,1],0,2].
[[3,7,1,1,1,0,2,3,0],1,2].
[[2,1,2,1,2,0,1,1,1],2,0].
[[3,1,2,1,2,0,1,1,1],4,0].
[[2,7,2,1,2,0,2,2,0],0,2].
[[3,7,2,1,1,0,2,2,0],1,2].
[[2,6,1,0,0,0,2,3,0],2,0].
[[2,5,0,1,2,0,1,2,0],3,1].
[[3,3,2,1,2,2,1,1,1],1,0].
[[3,6,0,1,2,2,0,0,0],1,9].
[[2,9,1,1,1,0,2,2,0],1,1].
[[1,7,2,1,2,2,2,3,0],1,0].
[[1,7,2,1,2,2,1,2,1],1,0].
[[2,6,1,1,2,0,2,1,1],2,0].
[[3,6,1,1,2,0,2,1,1],2,0].
[[3,7,0,1,2,0,0,0,0],0,5].
[[1,7,1,1,2,2,2,3,0],2,0].
[[2,8,0,1,2,2,1,1,0],1,3].
[[3,6,0,1,2,2,1,1,0],0,2].
[[1,8,1,1,2,0,1,2,2],6,1].
[[3,6,0,1,2,0,2,2,1],0,1].
[[3,7,2,1,2,0,2,2,0],2,0].
[[3,7,1,1,2,0,1,1,0],1,1].
[[3,3,1,1,2,0,2,1,0],1,0].
[[2,9,2,1,1,0,2,2,1],0,3].
[[3,9,1,1,1,0,1,1,1],0,4].
[[2,6,1,1,2,0,2,3,1],5,1].
[[1,8,0,1,2,2,1,2,1],0,4].
[[2,6,1,1,1,2,2,3,0],2,0].
[[3,3,1,1,1,2,2,3,0],2,0].
[[2,9,2,1,1,0,2,3,2],0,4].
[[3,6,1,0,0,0,1,2,2],3,0].
[[1,6,0,1,2,2,2,3,2],1,1].
[[2,6,0,1,2,2,1,2,2],2,0].
[[3,8,1,1,1,0,2,1,0],1,5].
[[2,5,0,0,0,0,2,1,0],3,0].
[[2,7,0,0,0,0,2,1,0],0,1].
[[2,5,0,1,2,0,1,2,2],0,1].
[[3,5,0,1,1,0,1,2,2],1,3].
[[3,6,1,1,2,0,2,3,1],6,0].
[[2,7,1,1,1,2,1,2,1],4,1].
[[2,6,1,1,2,0,1,1,1],1,2].
[[2,6,1,1,1,2,2,3,1],3,0].
[[3,6,1,0,0,0,1,1,0],0,1].
[[3,6,1,1,2,2,0,0,0],2,0].
[[3,6,1,1,1,2,1,2,1],5,0].
[[3,7,0,1,2,0,2,2,1],0,3].
[[1,7,1,0,0,0,2,1,1],2,0].
[[3,6,1,0,0,0,1,2,0],1,0].
[[2,7,1,1,2,0,1,1,1],2,0].
[[2,5,0,0,0,0,1,2,2],1,0].
[[1,8,0,0,0,0,1,2,1],2,3].
[[3,2,1,0,0,0,2,3,2],1,0].
[[1,3,2,0,0,0,2,3,1],1,0].
[[2,3,2,0,0,0,2,3,1],1,0].
[[3,2,1,1,2,0,2,3,1],1,0].
[[2,7,0,1,2,2,2,2,1],0,2].
[[1,8,1,1,2,0,2,1,0],1,1].
[[3,6,1,1,2,0,2,2,0],3,0].
[[2,7,2,1,1,2,0,0,0],1,0].
[[2,7,1,0,0,0,2,3,0],5,0].
[[2,6,1,1,2,2,2,1,0],3,0].
[[3,3,1,1,2,2,2,1,0],3,0].
[[2,6,1,0,0,0,2,2,0],4,0].
[[3,6,0,1,2,0,1,2,1],0,1].
[[3,3,1,0,0,0,1,2,1],1,0].
[[2,7,1,0,0,0,2,1,0],4,1].
[[3,3,2,1,2,2,1,2,2],1,0].
[[2,6,1,1,2,0,2,2,1],3,0].
[[1,6,1,0,0,0,2,3,0],3,0].
[[2,7,0,1,2,2,2,2,0],0,1].
[[3,3,1,1,1,2,2,3,1],1,0].
[[3,7,1,0,0,0,1,1,0],1,0].
[[2,9,1,1,2,0,1,1,1],0,4].
[[2,6,1,1,1,2,2,3,2],1,0].
[[3,2,0,1,2,2,2,3,1],0,1].
[[1,6,0,1,2,2,2,1,1],1,0].
[[2,6,0,1,2,2,1,2,1],1,1].
[[1,8,1,0,0,0,1,1,0],1,0].
[[2,7,2,0,0,0,1,1,0],1,0].
[[3,4,0,1,2,0,1,2,1],0,1].
[[3,4,0,1,2,0,1,1,1],0,1].
[[2,7,1,1,1,2,1,1,1],2,2].
[[3,6,0,1,2,2,1,2,2],0,3].
[[2,9,2,1,1,0,1,1,0],0,2].
[[3,2,1,0,0,0,2,2,1],1,0].
[[2,6,0,1,2,2,2,2,0],1,5].
[[3,8,0,1,1,0,2,2,1],1,2].
[[3,6,0,1,2,2,1,1,1],0,2].
[[3,6,1,1,1,0,2,3,1],0,2].
[[1,5,0,1,2,0,1,1,1],1,0].
[[3,5,0,1,1,0,1,2,1],2,2].
[[2,7,2,1,1,0,1,1,1],1,0].
[[3,5,0,1,2,2,2,2,0],1,0].
[[3,9,2,1,2,0,0,0,0],0,1].
[[2,3,2,1,2,2,2,3,1],1,0].
[[1,6,1,1,2,2,2,3,0],1,0].
[[1,5,0,1,2,2,2,1,0],4,0].
[[2,7,0,0,0,0,1,2,2],0,1].
[[3,3,1,1,2,0,2,2,0],1,0].
[[3,2,1,0,0,0,2,3,1],1,0].
[[2,6,1,0,0,0,1,2,0],2,0].
[[3,6,1,1,2,0,1,2,0],2,0].
[[1,5,0,1,2,0,1,2,0],1,0].
[[1,7,1,0,0,0,1,2,1],2,0].
[[2,3,1,0,0,0,1,2,1],1,0].
[[3,5,0,0,0,0,1,2,1],2,0].
[[2,9,2,1,1,0,0,0,0],0,1].
[[2,7,2,1,1,2,2,2,1],4,0].
[[2,3,1,1,2,2,2,3,2],1,0].
[[1,8,1,1,2,2,1,1,0],2,0].
[[3,6,0,0,0,0,0,0,0],0,1].
[[3,9,1,1,1,0,1,2,1],0,7].
[[2,6,1,0,0,0,2,1,1],4,0].
[[1,8,0,1,1,2,1,1,1],0,1].
[[3,7,2,1,1,0,2,3,1],1,2].
[[3,8,1,0,0,0,0,0,0],0,1].
[[3,3,2,0,0,0,1,1,1],2,0].
[[2,9,1,0,0,0,0,0,0],1,2].
[[3,6,1,1,1,2,2,1,1],2,0].
[[1,6,1,0,0,0,1,2,1],2,3].
[[3,6,1,0,0,0,1,1,1],3,1].
[[2,7,2,1,2,0,1,1,1],2,1].
[[3,3,2,1,2,0,1,1,1],1,0].
[[2,9,2,1,1,0,2,3,0],0,1].
[[2,6,0,1,2,2,2,1,0],1,1].
[[1,6,0,1,2,2,2,2,0],1,0].
[[3,3,1,1,2,2,1,1,1],1,0].
[[2,9,1,1,2,2,2,1,1],0,1].
[[2,9,2,1,1,0,1,2,2],1,2].
[[2,5,0,1,1,2,2,3,0],2,0].
[[3,6,1,1,1,2,2,3,2],2,0].
[[3,6,0,1,1,2,1,1,0],0,1].
[[3,7,1,1,1,0,2,2,0],1,0].
[[1,6,0,1,2,2,2,3,1],1,0].
[[3,9,1,1,1,2,0,0,0],0,2].
[[1,7,2,0,0,0,2,3,0],1,0].
[[2,7,2,0,0,0,2,3,0],1,0].
[[3,3,2,1,2,2,2,3,0],1,0].
[[3,3,2,1,2,0,0,0,0],6,0].
[[2,8,1,1,1,0,2,2,0],3,2].
[[3,3,2,1,1,2,2,2,1],1,0].
[[2,7,0,1,2,2,1,2,1],0,1].
[[3,7,0,0,0,0,2,1,1],0,3].
[[3,1,1,1,2,0,1,2,0],1,0].
[[3,4,0,1,2,0,1,2,0],0,2].
[[3,3,2,1,1,2,2,3,1],1,0].
[[3,6,0,1,2,0,2,3,0],0,1].
[[3,8,1,1,2,0,0,0,0],0,1].
[[2,6,1,1,1,2,2,2,0],1,0].
[[3,3,1,1,1,2,2,2,0],1,0].
[[2,7,2,1,1,0,0,0,0],1,0].
[[3,7,1,1,1,0,2,1,1],0,2].
[[2,7,0,0,0,0,2,2,1],0,1].
[[2,5,0,1,2,0,2,3,0],1,0].
[[3,5,0,1,1,0,2,3,0],1,0].
[[3,3,1,1,2,2,2,1,1],2,0].
[[2,7,2,1,1,2,2,3,0],1,0].
[[3,3,2,1,1,2,2,3,0],1,0].
[[3,6,1,1,1,2,1,2,0],1,0].
[[2,9,1,1,2,2,2,3,1],0,2].
[[1,5,0,0,0,0,1,2,0],1,0].
[[3,7,0,1,1,2,1,1,0],0,1].
[[1,8,1,1,2,0,1,1,0],1,1].
[[3,8,0,1,1,0,0,0,0],0,2].
[[1,7,2,1,2,2,2,1,1],1,0].
[[2,6,0,1,1,2,2,3,2],1,0].
[[1,7,1,0,0,0,2,1,0],1,0].
[[1,6,0,1,2,2,2,1,0],0,1].
[[3,6,1,1,1,0,1,2,2],0,1].
[[3,6,0,0,0,0,2,2,0],0,1].
[[3,2,1,1,2,2,0,0,0],2,0].
[[3,6,0,1,1,2,1,2,2],1,2].
[[3,2,1,1,2,2,2,3,2],1,0].
[[1,7,1,0,0,0,1,2,2],1,0].
[[3,3,2,1,2,2,2,1,1],1,0].
[[3,7,2,1,1,2,1,2,0],0,1].
[[2,3,2,1,2,2,0,0,0],1,0].
[[3,9,1,1,2,2,0,0,0],0,1].
[[2,3,1,1,2,2,2,1,1],1,0].
[[2,9,1,1,2,0,1,1,0],0,2].
[[3,3,1,0,0,0,1,1,1],1,0].
[[3,5,0,0,0,0,2,1,0],1,0].
[[1,7,2,0,0,0,1,1,1],2,2].
[[2,3,2,0,0,0,1,1,1],1,0].
[[2,6,0,0,0,0,2,3,1],0,1].
[[3,6,0,0,0,0,1,2,1],0,1].
[[2,9,1,0,0,0,2,2,1],0,1].
[[3,5,0,0,0,0,2,3,0],1,0].
[[2,3,1,1,2,2,2,3,0],1,0].
[[3,6,1,1,1,0,2,2,0],1,0].
[[1,7,2,1,2,0,1,2,2],1,0].
[[2,3,2,1,2,0,1,2,2],1,0].
[[3,6,1,1,1,0,1,2,1],1,0].
[[3,6,1,1,2,2,1,1,0],3,0].
[[1,7,2,1,2,0,1,2,1],1,0].
[[2,7,2,1,2,0,1,1,0],1,0].
[[3,3,2,1,2,0,1,1,0],1,0].
[[3,3,1,0,0,0,2,1,0],1,0].
[[1,7,1,1,2,2,2,1,0],1,0].
[[2,7,1,1,2,2,1,1,0],1,0].
[[3,9,2,1,1,0,2,1,0],1,1].
[[3,6,0,0,0,0,2,3,2],0,1].
[[3,5,0,1,2,0,2,3,0],2,0].
[[1,6,1,0,0,0,2,2,0],1,0].
[[2,2,1,0,0,0,2,2,0],1,0].
[[3,2,1,1,2,2,2,2,0],1,0].
[[3,7,2,0,0,0,2,1,0],0,1].
[[1,3,2,0,0,0,2,3,2],1,0].
[[3,6,0,1,2,2,1,2,0],0,1].
[[2,6,1,1,2,0,2,2,0],1,0].
[[3,3,1,1,2,2,2,2,0],1,0].
[[1,7,2,1,2,2,1,1,1],0,1].
[[1,8,1,1,1,2,1,2,0],0,1].
[[1,8,0,1,2,2,1,1,0],0,1].
[[2,7,0,1,1,2,1,1,0],0,1].
[[3,1,2,1,2,0,1,2,0],1,0].
[[3,9,1,0,0,0,0,0,0],0,1].
[[1,6,1,0,0,0,2,1,1],1,0].
[[3,3,2,1,2,2,1,2,1],2,0].
[[3,9,2,1,2,2,2,1,1],0,1].
[[3,6,0,1,2,0,1,1,1],0,1].
[[2,5,0,1,2,0,1,2,1],1,0].
[[3,7,2,1,1,0,2,3,0],0,1].
[[2,6,1,0,0,0,1,1,0],1,0].
[[3,7,2,1,1,2,2,1,0],1,0].
[[2,3,2,0,0,0,2,1,1],2,0].
[[3,8,1,1,1,0,0,0,0],0,1].
[[3,6,1,1,1,0,2,3,2],0,1].
[[2,6,1,0,0,0,2,1,0],1,0].
[[3,6,1,1,1,2,1,1,0],1,0].
[[3,7,2,1,2,2,1,1,0],1,0].
[[3,6,0,0,0,0,1,1,0],0,1].
[[1,6,1,1,2,2,2,2,1],1,0].
[[1,5,0,1,2,2,2,3,0],1,0].
[[2,6,0,0,0,0,2,3,0],0,1].
[[3,6,0,0,0,0,1,2,0],0,1].
[[3,9,2,1,1,0,0,0,0],0,1].
