total_WL(11527,6632).
[[1,6,2,0,0,0,2,1,0],32,1].
[[2,6,2,0,0,0,2,1,0],40,1].
[[3,3,2,1,2,1,2,1,0],26,3].
[[1,7,2,0,0,0,0,0,0],788,548].
[[2,7,2,0,0,0,0,0,0],351,331].
[[3,7,2,1,2,0,2,2,2],52,22].
[[1,8,2,1,1,1,2,2,0],37,13].
[[2,8,2,1,1,1,2,2,0],78,43].
[[3,4,1,1,2,0,1,2,2],46,14].
[[2,7,2,1,2,0,0,0,0],49,43].
[[3,7,2,1,2,0,2,1,0],46,27].
[[1,8,2,1,2,1,1,2,0],98,83].
[[2,8,2,1,2,1,1,2,0],288,156].
[[3,8,2,1,2,1,1,2,0],349,286].
[[1,8,2,1,1,1,0,0,0],80,46].
[[2,8,2,1,1,1,2,3,2],84,41].
[[3,8,2,1,1,1,2,3,0],77,128].
[[1,6,2,0,0,0,0,0,0],687,45].
[[2,6,2,0,0,0,0,0,0],230,9].
[[3,6,2,0,0,0,2,3,2],67,2].
[[1,8,2,0,0,0,2,3,0],880,527].
[[2,8,2,1,2,1,2,3,0],424,383].
[[3,7,2,1,1,1,2,3,0],112,98].
[[1,8,2,1,2,1,0,0,0],601,489].
[[2,7,2,1,2,1,0,0,0],331,300].
[[3,7,2,1,1,1,0,0,0],32,39].
[[1,8,2,0,0,0,2,2,2],434,260].
[[2,7,2,1,2,1,2,2,2],125,59].
[[3,7,2,1,2,1,2,3,2],282,153].
[[3,6,2,1,2,1,2,3,0],126,2].
[[1,8,2,1,2,1,2,3,0],374,229].
[[2,8,2,1,2,1,2,2,0],323,270].
[[3,8,2,1,2,1,1,1,0],149,151].
[[2,7,2,0,0,0,2,3,0],260,142].
[[3,7,2,0,0,0,2,3,0],148,112].
[[1,7,2,1,2,1,0,0,0],254,176].
[[2,7,2,1,1,1,0,0,0],47,42].
[[1,8,2,1,2,1,2,1,2],94,60].
[[2,8,2,1,2,1,2,1,2],80,50].
[[3,7,2,1,2,1,2,1,2],73,44].
[[1,6,2,1,2,1,1,1,0],1,1].
[[2,6,2,1,2,1,1,1,0],6,2].
[[3,6,2,1,2,1,1,1,0],26,13].
[[2,6,2,0,0,0,2,3,2],208,3].
[[3,6,2,1,2,0,2,3,0],47,7].
[[1,6,2,0,0,0,2,3,2],264,14].
[[3,6,2,1,2,0,2,3,2],58,5].
[[3,8,2,1,1,1,2,3,2],40,29].
[[1,8,2,0,0,0,1,1,2],53,28].
[[2,7,2,0,0,0,1,1,2],17,4].
[[3,7,2,0,0,0,1,1,2],17,11].
[[1,8,2,0,0,0,0,0,0],1199,1221].
[[2,8,2,1,2,1,0,0,0],82,139].
[[3,8,2,1,2,1,2,3,0],224,282].
[[1,8,2,0,0,0,1,2,2],196,86].
[[2,5,0,0,0,0,1,1,2],12,1].
[[3,5,0,1,2,1,1,1,2],59,1].
[[1,8,2,0,0,0,2,3,2],685,460].
[[2,8,2,0,0,0,1,2,2],240,118].
[[2,6,2,0,0,0,2,3,0],93,6].
[[1,8,2,0,0,0,1,2,0],265,164].
[[3,7,2,1,1,1,1,2,0],86,38].
[[2,6,2,0,0,0,1,2,2],143,22].
[[3,6,2,0,0,0,1,2,2],112,11].
[[2,7,2,1,2,1,2,3,2],187,91].
[[2,8,2,1,2,1,2,2,2],156,109].
[[3,8,2,1,2,1,2,2,0],165,224].
[[3,7,2,1,2,1,2,2,2],177,83].
[[2,8,2,0,0,0,2,1,2],68,58].
[[3,7,2,0,0,0,2,1,2],31,18].
[[2,8,2,1,2,1,2,3,2],302,206].
[[3,8,2,1,2,1,2,2,2],39,39].
[[3,8,2,1,2,1,1,2,2],265,204].
[[2,8,2,0,0,0,2,2,2],170,121].
[[3,8,2,0,0,0,1,1,2],42,21].
[[1,8,2,1,2,0,2,3,2],28,35].
[[2,8,2,1,2,0,2,3,2],71,62].
[[1,8,2,1,1,1,2,3,0],45,20].
[[2,8,2,1,1,1,2,3,0],110,98].
[[2,6,2,1,2,0,2,3,2],66,18].
[[3,6,2,1,1,0,1,2,2],9,8].
[[2,8,2,0,0,0,2,3,0],430,350].
[[3,8,2,1,2,0,1,2,0],102,99].
[[1,6,2,0,0,0,1,1,0],5,0].
[[2,6,2,0,0,0,1,1,0],13,4].
[[3,3,2,1,2,0,1,1,0],1,0].
[[1,8,2,1,2,1,2,2,0],273,164].
[[1,8,2,1,2,0,2,2,0],22,31].
[[2,6,2,1,2,0,1,1,2],12,7].
[[3,3,2,1,2,0,1,1,2],16,0].
[[1,8,2,1,2,1,2,3,2],318,167].
[[2,7,2,0,0,0,2,2,0],165,105].
[[3,7,2,0,0,0,2,2,0],114,84].
[[3,7,2,1,2,1,2,3,0],422,279].
[[3,7,2,1,2,1,1,2,0],299,97].
[[1,8,2,0,0,0,2,2,0],629,361].
[[2,8,2,0,0,0,1,2,0],289,172].
[[2,8,2,0,0,0,2,3,2],260,215].
[[3,8,2,0,0,0,1,2,2],111,77].
[[3,8,2,1,2,0,2,3,0],71,100].
[[2,6,2,1,2,1,2,3,0],49,3].
[[3,7,2,1,2,1,1,2,2],233,87].
[[1,7,2,0,0,0,2,1,0],60,30].
[[2,7,2,1,2,1,2,1,0],91,52].
[[3,7,2,1,2,1,2,1,0],153,118].
[[2,8,2,1,2,0,1,2,0],50,55].
[[2,3,2,0,0,0,2,2,2],53,1].
[[3,3,2,1,2,0,2,2,0],25,0].
[[1,8,2,1,2,1,2,2,2],209,103].
[[2,8,2,1,2,1,1,1,2],63,42].
[[2,8,2,1,2,0,0,0,0],23,30].
[[3,7,2,1,2,0,0,0,0],28,30].
[[3,7,2,1,2,0,1,2,0],68,29].
[[1,8,2,1,2,1,2,1,0],158,92].
[[2,8,2,1,1,1,1,2,2],49,28].
[[3,7,2,1,1,1,1,2,2],65,41].
[[1,6,2,0,0,0,2,2,2],179,15].
[[2,6,2,1,2,1,1,2,2],74,8].
[[3,6,2,1,1,1,1,2,2],47,12].
[[2,7,2,0,0,0,2,3,2],199,122].
[[3,7,2,0,0,0,1,2,2],76,37].
[[2,8,2,1,1,1,1,2,0],62,38].
[[1,3,2,0,0,0,0,0,0],110,10].
[[3,3,2,1,2,0,1,2,2],36,0].
[[2,8,2,0,0,0,2,2,0],324,267].
[[3,8,2,1,2,1,2,1,0],101,117].
[[3,8,2,1,2,1,2,3,2],79,53].
[[3,7,2,1,1,1,2,2,0],88,55].
[[3,7,2,1,2,1,0,0,0],108,147].
[[3,7,2,1,2,0,2,3,0],92,86].
[[3,8,2,1,1,1,1,2,2],101,72].
[[2,6,2,1,2,1,2,3,2],120,6].
[[3,3,2,1,2,1,2,3,2],104,11].
[[3,8,2,1,1,1,2,2,2],16,18].
[[3,7,2,0,0,0,2,3,2],119,67].
[[2,7,2,0,0,0,2,1,2],50,41].
[[3,8,2,1,2,0,2,2,0],50,56].
[[1,6,2,1,2,1,2,1,2],16,0].
[[2,6,2,1,2,1,2,1,2],38,4].
[[3,6,2,1,2,1,1,2,2],175,15].
[[3,7,2,1,2,0,2,3,2],59,46].
[[2,6,2,0,0,0,2,2,2],135,13].
[[3,3,2,1,2,1,2,2,2],77,6].
[[1,7,2,0,0,0,2,2,2],71,31].
[[2,7,2,1,2,0,2,2,0],23,18].
[[1,7,2,1,2,1,2,2,0],35,16].
[[2,3,2,1,2,1,2,2,0],8,1].
[[3,3,2,1,2,1,2,2,0],46,4].
[[3,7,2,1,2,1,2,2,0],303,221].
[[2,3,2,1,2,1,0,0,0],89,9].
[[3,2,2,1,2,1,0,0,0],11,0].
[[1,8,2,1,2,0,2,3,0],39,35].
[[2,7,2,1,2,0,2,3,0],35,23].
[[3,7,2,1,1,1,2,2,2],56,29].
[[3,3,2,1,2,1,1,2,2],72,2].
[[1,6,2,0,0,0,2,2,0],53,6].
[[1,8,2,0,0,0,2,1,0],365,195].
[[3,8,2,0,0,0,1,2,0],175,109].
[[3,7,2,0,0,0,0,0,0],42,51].
[[3,8,2,1,2,0,1,2,2],68,61].
[[2,3,2,0,0,0,0,0,0],162,21].
[[3,3,2,1,2,1,0,0,0],137,27].
[[2,7,2,1,1,1,2,3,2],35,15].
[[2,7,2,1,2,1,2,2,0],166,83].
[[1,2,2,0,0,0,0,0,0],29,0].
[[2,2,2,0,0,0,0,0,0],33,0].
[[3,2,2,1,2,0,0,0,0],12,0].
[[2,7,2,0,0,0,2,2,2],118,52].
[[3,8,2,1,1,1,1,1,0],53,79].
[[3,4,1,1,2,0,1,1,0],27,8].
[[2,8,2,1,2,0,2,3,0],94,108].
[[3,6,2,1,1,0,2,3,0],11,4].
[[2,8,2,0,0,0,1,1,0],97,97].
[[3,7,2,1,2,1,1,1,0],84,68].
[[2,8,2,0,0,0,2,1,0],163,133].
[[3,8,2,0,0,0,2,1,0],40,61].
[[3,8,2,1,2,1,1,1,2],64,71].
[[3,3,2,0,0,0,2,3,2],77,4].
[[1,8,2,1,2,1,1,1,0],34,42].
[[1,7,2,0,0,0,2,1,2],39,16].
[[2,7,2,1,2,1,2,1,2],56,26].
[[3,7,2,1,1,1,2,1,2],23,15].
[[2,6,2,1,2,0,2,3,0],33,0].
[[3,6,2,1,2,0,1,2,0],36,6].
[[3,4,1,1,2,0,2,2,0],34,10].
[[3,7,2,1,2,1,1,1,2],48,24].
[[1,7,2,0,0,0,2,3,2],100,60].
[[2,7,2,1,2,1,1,2,2],44,15].
[[3,6,2,0,0,0,2,2,2],40,3].
[[1,7,2,0,0,0,2,3,0],169,73].
[[1,6,2,0,0,0,2,3,0],73,5].
[[2,6,2,0,0,0,1,1,2],34,16].
[[3,6,2,1,2,1,1,1,2],57,22].
[[1,6,2,1,2,1,0,0,0],107,5].
[[1,8,2,1,1,1,1,1,2],6,0].
[[2,8,2,1,1,1,1,1,2],21,9].
[[3,4,1,1,2,0,1,1,2],13,3].
[[3,3,2,1,1,1,0,0,0],20,4].
[[1,8,2,1,2,0,1,2,2],10,8].
[[2,8,2,1,1,0,1,1,2],0,2].
[[3,7,2,1,1,0,1,1,2],0,2].
[[3,7,2,0,0,0,1,1,0],45,26].
[[2,7,2,1,2,1,1,1,0],27,13].
[[1,8,2,1,1,1,2,2,2],23,10].
[[2,4,1,1,2,0,2,2,2],0,2].
[[3,4,1,1,2,0,2,2,2],11,2].
[[2,8,2,1,2,0,2,1,0],46,38].
[[3,8,2,1,2,0,1,1,0],44,59].
[[3,7,2,1,1,1,2,3,2],83,37].
[[2,7,2,1,1,1,2,1,2],8,4].
[[2,8,2,1,2,1,2,1,0],173,134].
[[3,7,2,1,2,0,1,2,2],46,37].
[[2,6,2,1,2,1,0,0,0],129,6].
[[3,6,2,1,2,1,2,2,0],72,0].
[[3,8,2,0,0,0,1,1,0],56,54].
[[3,8,2,0,0,0,2,2,0],83,98].
[[1,8,2,1,1,1,2,1,0],18,5].
[[2,8,2,1,1,1,2,1,0],38,25].
[[3,7,2,1,1,1,2,1,0],50,39].
[[1,8,2,0,0,0,2,1,2],175,129].
[[2,3,2,1,2,0,2,3,2],14,0].
[[3,8,2,1,1,1,2,1,2],6,6].
[[3,7,2,0,0,0,1,2,0],116,38].
[[3,8,2,1,1,1,1,2,0],149,98].
[[3,8,2,0,0,0,2,3,0],101,106].
[[1,8,2,1,2,0,0,0,0],64,63].
[[3,8,2,1,1,0,1,1,0],10,13].
[[3,3,2,0,0,0,2,3,0],35,4].
[[2,8,2,1,2,1,1,1,0],97,124].
[[2,7,2,1,2,0,2,1,0],9,6].
[[3,6,2,0,0,0,2,2,0],48,1].
[[1,6,2,0,0,0,2,1,2],79,6].
[[3,6,2,1,2,1,2,1,0],28,1].
[[3,7,0,0,0,0,2,2,2],0,5].
[[2,7,2,1,2,0,2,2,2],15,12].
[[3,6,2,1,2,1,2,3,2],145,4].
[[3,7,2,0,0,0,2,1,0],74,45].
[[3,6,2,1,1,1,2,1,2],13,1].
[[3,6,2,1,2,1,2,2,2],64,4].
[[1,8,2,0,0,0,1,1,0],80,93].
[[2,8,2,1,2,0,2,1,2],12,18].
[[3,7,2,1,2,0,2,1,2],13,7].
[[2,6,2,1,2,0,1,2,2],36,17].
[[2,4,1,1,2,0,2,3,0],18,3].
[[3,4,1,1,2,0,2,3,0],59,7].
[[2,8,2,1,2,0,2,2,0],64,63].
[[3,3,2,0,0,0,0,0,0],100,13].
[[2,8,2,1,2,1,1,2,2],235,122].
[[3,3,2,1,2,1,2,3,0],78,9].
[[3,8,2,0,0,0,2,3,2],22,24].
[[2,8,2,1,2,0,1,1,0],12,25].
[[3,6,2,1,2,1,1,2,0],66,5].
[[3,7,0,1,2,1,0,0,0],3,33].
[[2,7,0,0,0,0,0,0,0],4,13].
[[3,7,0,1,2,0,0,0,0],0,9].
[[1,7,2,0,0,0,1,2,0],13,6].
[[2,7,2,0,0,0,1,2,0],83,33].
[[2,7,2,0,0,0,1,2,2],67,23].
[[3,3,2,0,0,0,1,2,2],66,1].
[[2,8,2,0,0,0,0,0,0],71,131].
[[3,7,0,1,2,1,2,2,2],1,8].
[[3,8,2,1,2,0,2,1,0],31,41].
[[2,8,2,0,0,0,1,1,2],69,43].
[[2,6,2,1,2,0,0,0,0],68,6].
[[3,3,2,1,2,0,0,0,0],54,5].
[[3,7,2,1,1,1,1,1,2],26,10].
[[2,6,2,0,0,0,2,1,2],58,2].
[[3,3,2,0,0,0,2,1,2],18,1].
[[2,7,2,1,2,1,2,3,0],212,121].
[[3,5,0,0,0,0,1,2,0],15,0].
[[3,8,2,0,0,0,0,0,0],0,6].
[[1,8,2,1,1,1,1,1,0],3,4].
[[2,7,2,1,1,1,1,1,0],5,5].
[[3,7,2,1,1,1,1,1,0],27,23].
[[1,8,2,1,1,1,2,3,2],57,13].
[[3,6,2,1,1,1,2,3,2],26,4].
[[2,8,2,1,2,0,1,2,2],48,33].
[[3,7,2,1,1,0,1,2,2],4,10].
[[3,2,2,0,0,0,0,0,0],17,0].
[[3,8,2,1,1,0,2,3,0],14,31].
[[3,8,2,0,0,0,2,2,2],17,13].
[[3,6,2,1,2,0,1,2,2],109,12].
[[1,8,2,1,2,0,2,1,2],6,9].
[[2,8,2,1,1,0,2,3,2],2,6].
[[2,3,2,1,2,0,0,0,0],24,1].
[[3,3,2,1,2,0,2,3,2],57,0].
[[3,7,2,0,0,0,2,2,2],71,43].
[[3,7,0,1,2,1,2,2,0],1,17].
[[2,3,2,0,0,0,2,3,2],58,1].
[[3,5,0,1,1,0,1,2,0],2,0].
[[2,6,2,1,2,1,2,2,2],62,10].
[[2,4,1,1,2,0,2,2,0],18,1].
[[1,7,2,1,2,1,2,1,0],12,14].
[[2,7,2,1,2,0,2,3,2],24,23].
[[2,7,2,1,2,1,1,2,0],67,31].
[[3,5,0,1,2,1,1,2,0],59,0].
[[3,3,0,1,2,1,0,0,0],0,1].
[[1,8,2,1,2,1,1,2,2],80,32].
[[3,5,0,1,1,1,1,2,2],3,0].
[[1,6,2,1,2,1,2,2,2],40,2].
[[3,5,0,1,1,1,1,1,2],24,0].
[[3,7,0,1,2,1,1,1,0],0,3].
[[1,7,2,0,0,0,2,2,0],97,49].
[[1,3,2,0,0,0,2,2,0],3,0].
[[2,3,2,0,0,0,2,2,0],16,1].
[[3,3,2,0,0,0,2,2,0],26,3].
[[2,8,2,1,1,1,1,1,0],25,18].
[[2,7,2,0,0,0,2,1,0],112,50].
[[3,5,0,0,0,0,1,1,0],14,3].
[[2,8,2,1,1,1,0,0,0],22,32].
[[3,8,2,1,1,0,2,2,0],6,19].
[[2,6,2,1,2,0,2,2,2],39,5].
[[1,6,2,1,2,0,0,0,0],48,7].
[[2,6,2,1,2,0,2,2,0],23,4].
[[3,6,2,1,2,0,2,2,0],47,7].
[[1,6,2,0,0,0,1,2,2],89,26].
[[3,6,2,0,0,0,1,1,0],14,2].
[[3,6,2,1,1,1,2,2,2],15,4].
[[3,3,2,1,1,0,0,0,0],11,0].
[[2,3,2,0,0,0,1,2,2],21,0].
[[3,6,2,1,1,0,2,2,2],4,4].
[[2,6,2,0,0,0,1,2,0],38,4].
[[3,6,2,0,0,0,1,2,0],37,2].
[[1,7,2,1,2,1,2,3,0],53,23].
[[3,3,2,1,1,1,2,2,0],7,1].
[[3,5,0,1,2,1,1,1,0],35,9].
[[3,8,2,1,2,0,2,2,2],12,7].
[[3,5,0,1,1,1,1,1,0],11,3].
[[1,8,2,1,2,0,1,1,0],3,4].
[[3,7,0,1,2,1,2,3,0],1,28].
[[1,8,2,1,2,0,1,2,0],10,16].
[[3,8,2,1,1,0,1,2,0],15,27].
[[3,6,2,0,0,0,2,3,0],52,1].
[[3,6,2,0,0,0,1,1,2],28,12].
[[2,3,2,0,0,0,2,1,2],17,1].
[[3,3,2,1,2,0,2,3,0],21,1].
[[3,7,2,1,2,0,2,2,0],50,46].
[[2,7,2,1,2,0,1,2,2],1,3].
[[2,3,2,1,2,1,2,2,2],21,1].
[[1,8,2,1,2,1,1,1,2],17,12].
[[2,3,2,0,0,0,2,3,0],21,2].
[[2,7,2,1,1,1,2,2,2],19,8].
[[3,7,0,1,1,1,2,2,2],0,3].
[[3,8,2,1,1,1,2,1,0],36,48].
[[3,8,2,1,1,1,2,2,0],86,70].
[[3,7,2,1,1,0,2,1,0],1,6].
[[3,5,0,1,2,0,1,1,2],22,3].
[[2,7,0,0,0,0,2,3,2],1,4].
[[3,7,0,1,2,0,2,3,2],0,1].
[[2,8,2,1,1,1,2,1,2],23,12].
[[3,3,2,1,1,0,2,3,0],6,0].
[[3,5,0,0,0,0,1,1,2],18,3].
[[3,6,2,1,2,1,0,0,0],26,0].
[[1,6,2,1,2,1,1,2,2],10,1].
[[3,6,2,1,1,1,1,1,0],5,2].
[[3,6,2,1,2,1,2,1,2],37,4].
[[2,6,2,0,0,0,2,2,0],69,5].
[[3,8,2,1,2,0,1,1,2],15,18].
[[1,6,2,1,2,0,2,3,2],18,1].
[[3,3,2,1,1,0,2,3,2],8,0].
[[3,3,2,1,2,1,1,2,0],27,0].
[[3,4,1,1,2,0,2,3,2],23,5].
[[2,6,2,1,1,1,2,3,2],12,2].
[[3,6,2,1,1,1,2,2,0],20,1].
[[3,3,2,0,0,0,2,1,0],16,4].
[[1,3,2,0,0,0,2,2,2],13,0].
[[2,3,2,0,0,0,1,1,2],9,0].
[[3,3,2,1,2,1,1,1,2],25,0].
[[3,3,2,0,0,0,1,2,0],13,0].
[[2,3,2,1,2,1,1,1,0],1,0].
[[3,3,2,1,2,1,1,1,0],14,1].
[[2,8,2,1,2,0,1,1,2],11,10].
[[3,8,2,1,1,0,2,1,0],6,15].
[[3,8,2,1,1,0,1,2,2],9,20].
[[3,8,2,1,2,1,0,0,0],0,12].
[[2,6,2,1,1,1,0,0,0],13,1].
[[2,6,2,1,2,1,2,1,0],27,0].
[[3,4,1,1,2,0,1,2,0],48,17].
[[3,7,2,1,2,0,1,1,0],19,10].
[[1,6,2,1,2,1,2,3,0],10,0].
[[2,3,2,1,2,1,2,3,0],14,0].
[[2,2,2,0,0,0,2,3,0],6,0].
[[3,2,2,1,2,0,2,3,0],1,0].
[[3,6,2,1,1,1,2,1,0],12,0].
[[3,8,2,1,1,1,1,1,2],19,22].
[[1,8,2,1,1,1,2,1,2],13,7].
[[2,8,2,1,1,1,2,2,2],41,22].
[[3,6,2,1,1,1,0,0,0],5,0].
[[3,7,2,1,1,0,2,2,0],8,10].
[[2,5,0,1,1,1,1,1,2],2,0].
[[3,3,2,0,0,0,1,1,2],15,0].
[[1,7,2,1,2,1,2,3,2],42,16].
[[2,6,2,1,2,0,2,1,0],18,1].
[[3,6,2,1,2,0,1,1,2],15,13].
[[2,7,2,1,1,1,2,1,0],16,4].
[[3,7,0,1,1,1,2,1,0],0,1].
[[3,6,2,1,2,0,2,2,2],36,4].
[[3,6,2,1,1,0,1,1,2],5,11].
[[3,3,2,0,0,0,2,2,2],47,1].
[[1,7,2,1,2,1,2,2,2],25,14].
[[2,7,2,1,1,1,1,1,2],6,0].
[[3,3,2,1,1,1,1,1,2],5,0].
[[3,2,2,0,0,0,2,3,0],6,0].
[[2,6,2,1,1,1,2,1,2],2,0].
[[3,3,2,1,2,0,2,2,2],33,0].
[[1,8,2,1,2,0,2,1,0],17,12].
[[2,6,2,1,1,0,0,0,0],11,2].
[[2,8,2,1,2,0,2,2,2],28,32].
[[3,8,2,1,2,0,2,3,2],18,17].
[[1,6,2,1,2,0,1,2,2],2,3].
[[2,6,2,1,1,0,1,2,0],1,1].
[[3,6,2,1,1,0,1,1,0],1,4].
[[2,7,2,0,0,0,1,1,0],30,24].
[[1,6,2,0,0,0,1,1,2],17,9].
[[3,2,2,0,0,0,2,3,2],8,0].
[[3,6,2,1,2,0,2,1,0],23,0].
[[3,6,2,1,1,1,1,2,0],15,2].
[[2,5,0,1,2,1,1,1,0],11,1].
[[3,5,0,1,1,1,1,2,0],21,2].
[[3,8,2,1,2,1,2,1,2],18,9].
[[2,3,2,1,2,0,2,2,2],5,0].
[[2,5,0,1,2,1,1,2,0],17,0].
[[1,6,2,1,2,0,2,1,2],5,2].
[[2,7,2,1,2,1,1,1,2],16,3].
[[3,3,2,1,2,1,2,1,2],24,6].
[[2,7,2,1,2,0,1,2,0],7,11].
[[2,5,0,1,1,0,1,1,2],1,0].
[[3,5,0,1,1,0,1,2,2],1,2].
[[3,7,2,1,1,0,2,3,0],10,18].
[[1,6,2,1,2,0,1,1,2],4,3].
[[3,6,2,1,1,0,1,2,0],4,1].
[[2,4,1,1,2,0,1,2,2],8,2].
[[1,6,2,0,0,0,1,2,0],6,5].
[[2,6,2,1,2,0,1,1,0],1,2].
[[2,7,2,1,1,1,2,2,0],30,13].
[[3,7,0,1,1,1,2,2,0],0,6].
[[1,6,2,1,2,0,2,3,0],10,1].
[[2,6,2,1,1,0,2,2,0],0,2].
[[3,4,0,1,2,0,1,2,2],0,1].
[[1,8,2,1,2,0,2,2,2],15,18].
[[2,6,2,1,1,0,2,2,2],3,1].
[[3,6,2,0,0,0,0,0,0],13,0].
[[2,6,2,1,1,1,1,2,2],14,4].
[[3,6,2,1,1,1,1,1,2],23,6].
[[1,6,2,1,2,1,2,3,2],43,3].
[[2,3,2,1,2,1,2,3,2],29,2].
[[1,8,2,1,1,1,1,2,0],11,11].
[[2,7,2,1,1,1,2,3,0],41,10].
[[2,4,1,1,2,0,1,2,0],11,1].
[[2,6,2,1,2,1,1,1,2],24,10].
[[2,7,0,1,2,1,2,3,0],0,7].
[[3,2,2,1,1,0,2,3,0],1,0].
[[3,2,2,1,2,1,2,3,2],8,0].
[[3,6,2,0,0,0,2,1,2],13,3].
[[2,8,2,1,1,0,2,1,0],3,5].
[[3,5,0,1,1,0,1,1,0],3,0].
[[3,7,2,1,2,0,1,1,2],12,2].
[[2,3,2,0,0,0,1,2,0],1,0].
[[3,7,2,1,1,0,0,0,0],1,6].
[[2,6,2,1,2,1,1,2,0],12,0].
[[1,6,2,1,2,0,2,2,2],8,2].
[[2,5,0,1,2,1,1,1,2],13,0].
[[2,5,0,0,0,0,1,1,0],12,1].
[[3,5,0,1,2,0,1,1,0],17,2].
[[2,6,2,1,2,0,2,1,2],16,2].
[[3,7,0,1,2,1,1,2,2],0,4].
[[1,7,2,0,0,0,1,2,2],1,3].
[[2,7,0,1,2,1,2,2,0],0,3].
[[3,7,0,1,1,1,1,2,0],0,4].
[[3,6,2,1,1,1,2,3,0],16,2].
[[1,2,2,0,0,0,2,1,2],2,0].
[[2,2,2,1,2,0,2,1,2],1,0].
[[3,2,2,1,2,0,1,2,2],7,0].
[[2,6,2,1,2,1,2,2,0],43,1].
[[2,3,2,1,2,1,2,1,0],5,1].
[[1,6,2,1,2,1,1,2,0],2,0].
[[1,7,2,1,2,1,1,2,0],5,2].
[[3,7,0,1,2,1,1,2,0],0,10].
[[2,8,2,1,1,0,0,0,0],2,4].
[[3,3,2,1,1,1,2,1,0],5,0].
[[1,6,2,1,2,1,2,1,0],1,0].
[[2,7,2,1,2,0,1,1,0],2,5].
[[3,7,2,1,1,0,1,1,0],1,6].
[[3,7,2,1,1,0,2,2,2],2,6].
[[2,7,2,1,2,0,2,1,2],1,7].
[[3,7,2,1,1,0,2,1,2],1,4].
[[2,3,2,0,0,0,2,1,0],7,0].
[[3,4,1,1,2,0,2,1,0],16,5].
[[2,8,2,1,1,0,2,1,2],1,2].
[[3,8,2,1,1,0,1,1,2],2,9].
[[3,8,2,1,1,0,2,3,2],5,6].
[[3,7,0,0,0,0,0,0,0],2,16].
[[3,7,0,1,2,1,2,1,0],0,11].
[[3,6,2,1,2,0,1,1,0],9,9].
[[3,8,2,1,1,0,2,2,2],2,4].
[[2,3,2,1,2,0,1,2,2],3,0].
[[3,1,1,1,2,0,1,2,0],1,0].
[[3,3,2,1,2,0,2,1,2],7,0].
[[2,3,2,1,2,1,2,1,2],6,0].
[[2,2,2,0,0,0,2,2,2],12,0].
[[2,7,0,0,0,0,2,3,0],0,2].
[[3,7,0,1,2,0,2,3,0],1,6].
[[3,5,0,1,2,0,1,2,0],8,1].
[[2,8,2,1,1,0,2,2,0],7,5].
[[1,3,2,0,0,0,2,1,0],2,0].
[[3,8,2,0,0,0,2,1,2],4,3].
[[2,8,2,1,1,0,2,2,2],1,2].
[[2,6,2,1,1,1,1,2,0],3,1].
[[1,6,2,1,2,1,2,2,0],9,0].
[[2,8,2,1,1,0,1,2,2],0,3].
[[3,2,2,0,0,0,1,1,2],2,0].
[[1,7,2,1,2,1,2,1,2],6,6].
[[3,1,1,1,2,0,1,1,2],2,0].
[[3,7,2,1,1,0,2,3,2],5,8].
[[2,2,2,1,2,1,0,0,0],4,0].
[[3,3,2,1,1,1,2,3,0],10,1].
[[3,3,2,1,1,1,1,2,2],13,0].
[[3,2,2,1,2,1,2,3,0],6,0].
[[3,7,0,0,0,0,1,2,0],0,3].
[[2,7,0,1,2,1,0,0,0],2,14].
[[3,5,0,1,2,0,1,2,2],2,0].
[[2,6,2,1,1,0,1,2,2],2,2].
[[3,6,2,1,1,0,2,3,2],13,4].
[[3,7,0,1,1,1,0,0,0],0,13].
[[3,6,2,1,1,0,2,1,0],4,1].
[[3,3,2,1,1,0,1,2,2],4,0].
[[3,2,2,1,2,0,2,3,2],4,0].
[[3,3,2,1,1,1,2,3,2],21,0].
[[1,7,2,0,0,0,1,1,0],6,8].
[[3,7,0,0,0,0,2,3,0],2,13].
[[3,4,1,1,2,0,2,1,2],3,0].
[[3,6,2,1,2,0,2,1,2],19,0].
[[2,7,0,1,2,1,2,1,0],0,2].
[[3,2,2,1,2,1,1,2,0],2,0].
[[3,6,2,0,0,0,2,1,0],12,0].
[[2,5,0,1,2,0,1,1,2],4,1].
[[2,6,2,1,1,1,2,2,2],9,0].
[[2,3,2,1,2,0,2,3,0],8,0].
[[3,3,2,1,2,0,1,2,0],10,0].
[[3,3,2,0,0,0,1,1,0],8,0].
[[3,7,2,1,1,0,1,2,0],2,2].
[[3,2,2,0,0,0,2,2,2],7,0].
[[2,7,0,0,0,0,2,2,0],0,2].
[[3,7,0,0,0,0,2,2,0],0,12].
[[3,7,0,0,0,0,2,3,2],1,8].
[[1,8,2,1,1,1,1,2,2],7,6].
[[2,6,2,1,2,0,1,2,0],9,5].
[[2,6,2,1,1,0,2,3,0],4,0].
[[2,5,0,0,0,0,1,2,0],9,0].
[[2,8,2,1,1,0,2,3,0],4,11].
[[2,6,2,1,1,0,2,3,2],4,0].
[[2,2,2,0,0,0,2,3,2],6,0].
[[3,2,2,1,2,1,1,2,2],2,0].
[[3,3,2,1,2,0,2,1,0],11,0].
[[2,2,2,1,2,0,0,0,0],4,0].
[[3,2,0,1,2,1,2,2,2],0,1].
[[3,7,0,1,2,0,2,2,0],0,4].
[[3,2,2,1,2,0,2,2,2],5,0].
[[3,6,2,1,1,0,2,2,0],9,3].
[[3,2,2,1,2,0,2,1,2],3,0].
[[1,6,2,1,2,1,1,1,2],2,0].
[[2,6,2,1,1,1,1,1,2],4,0].
[[2,7,2,1,1,1,1,2,2],4,2].
[[3,2,2,1,1,0,2,2,2],2,0].
[[3,3,2,1,1,1,2,2,2],15,0].
[[1,7,2,1,2,1,1,1,0],7,2].
[[2,3,2,1,2,0,1,1,2],2,0].
[[1,6,2,1,2,0,2,1,0],3,1].
[[3,6,2,1,2,0,0,0,0],7,0].
[[3,2,2,0,0,0,2,1,2],1,0].
[[2,5,0,1,1,1,1,1,0],2,0].
[[2,6,2,1,1,1,2,3,0],3,0].
[[3,4,0,1,2,0,2,1,0],0,1].
[[3,3,2,1,1,1,1,1,0],3,0].
[[3,4,0,1,2,0,2,2,0],0,3].
[[3,2,2,1,2,1,2,1,0],2,0].
[[3,5,0,0,0,0,1,2,2],2,0].
[[3,5,0,1,1,0,1,1,2],3,1].
[[3,7,0,0,0,0,2,1,0],0,3].
[[3,2,2,1,2,0,1,1,2],4,0].
[[2,4,1,1,2,0,1,1,2],4,0].
[[2,4,1,1,2,0,2,3,2],10,0].
[[3,7,0,1,2,0,1,2,0],0,3].
[[3,7,0,1,1,1,2,3,0],1,6].
[[2,2,2,1,2,1,2,3,2],2,0].
[[2,5,0,1,1,1,1,2,0],1,0].
[[3,2,2,1,1,0,1,2,0],2,0].
[[1,6,2,1,2,0,1,2,0],1,0].
[[1,2,2,0,0,0,2,2,0],1,0].
[[2,2,2,0,0,0,2,2,0],2,0].
[[3,2,2,0,0,0,2,2,0],3,0].
[[3,8,2,1,1,0,2,1,2],0,2].
[[3,7,0,1,1,1,2,1,2],0,1].
[[3,3,2,1,1,0,2,2,0],5,0].
[[3,2,2,0,0,0,1,2,2],6,0].
[[2,7,2,1,1,1,1,2,0],6,4].
[[3,2,0,1,2,1,2,3,2],0,1].
[[2,2,2,1,2,0,2,2,2],1,0].
[[3,2,2,1,1,0,2,2,0],1,0].
[[3,8,2,1,2,0,2,1,2],2,4].
[[3,5,0,1,2,1,1,2,2],4,0].
[[2,6,2,1,1,1,1,1,0],1,0].
[[3,7,0,0,0,0,2,1,2],0,3].
[[3,4,0,1,2,0,1,2,0],0,1].
[[1,8,2,1,2,0,1,1,2],1,1].
[[3,2,2,0,0,0,1,2,0],1,0].
[[3,7,0,1,2,1,2,3,2],2,11].
[[2,7,0,0,0,0,2,1,0],0,3].
[[1,3,2,0,0,0,2,3,2],14,0].
[[2,3,2,1,2,1,1,2,2],4,0].
[[2,6,2,1,1,1,2,2,0],6,0].
[[2,2,2,1,2,1,2,2,2],1,0].
[[3,7,0,1,2,1,2,1,2],0,4].
[[2,4,1,1,2,0,2,1,0],1,0].
[[2,2,2,1,2,0,1,2,2],2,0].
[[3,2,2,1,2,0,1,2,0],2,0].
[[3,2,2,1,2,0,2,2,0],2,0].
[[2,6,2,1,1,0,2,1,0],2,0].
[[3,2,2,1,2,1,2,1,2],3,0].
[[3,7,0,1,2,0,2,1,2],0,3].
[[1,2,2,0,0,0,2,3,2],2,0].
[[2,3,2,1,2,0,2,1,0],3,0].
[[3,3,0,0,0,0,2,2,0],0,1].
[[1,2,2,0,0,0,2,3,0],1,0].
[[3,7,0,1,2,0,1,1,0],0,2].
[[2,6,2,1,1,0,2,1,2],1,2].
[[3,4,0,1,2,0,2,1,2],0,1].
[[2,4,1,1,2,0,1,1,0],6,0].
[[1,3,2,0,0,0,2,1,2],3,0].
[[2,4,1,1,2,0,0,0,0],2,1].
[[3,6,2,1,1,0,0,0,0],4,0].
[[1,3,2,0,0,0,1,1,2],2,0].
[[2,3,2,0,0,0,1,1,0],1,0].
[[3,3,2,1,1,0,2,1,0],1,1].
[[3,3,0,0,0,0,0,0,0],0,1].
[[3,2,2,1,2,1,2,2,2],4,0].
[[2,3,2,1,2,0,2,2,0],2,0].
[[3,7,0,0,0,0,1,1,0],0,1].
[[1,7,2,0,0,0,1,1,2],1,0].
[[3,3,2,1,1,1,1,2,0],4,0].
[[2,8,2,1,1,0,1,2,0],1,1].
[[2,2,2,0,0,0,2,1,2],2,0].
[[3,7,0,0,0,0,1,2,2],0,2].
[[3,3,2,1,1,0,2,1,2],1,0].
[[3,2,2,0,0,0,2,1,0],2,0].
[[3,3,2,1,1,0,2,2,2],1,0].
[[2,8,2,1,1,0,1,1,0],2,2].
[[2,6,2,1,1,1,2,1,0],2,0].
[[2,7,2,1,2,0,1,1,2],1,0].
[[2,6,2,1,1,0,1,1,2],1,2].
[[2,3,2,1,2,1,1,1,2],2,0].
[[2,2,2,1,2,1,2,1,2],1,0].
[[3,6,2,1,1,0,2,1,2],2,0].
[[1,2,2,0,0,0,1,2,2],1,0].
[[2,2,2,0,0,0,1,2,2],3,0].
[[2,5,0,1,1,0,1,2,0],1,0].
[[2,5,0,1,2,0,1,1,0],2,0].
[[3,8,2,1,1,1,0,0,0],0,3].
[[3,2,2,1,2,0,2,1,0],1,0].
[[1,6,2,1,2,0,2,2,0],0,1].
[[3,4,1,1,2,0,0,0,0],3,0].
[[2,3,2,1,2,0,2,1,2],2,0].
[[2,5,0,1,2,0,1,2,0],2,1].
[[3,2,0,0,0,0,0,0,0],0,1].
[[3,7,0,1,1,1,1,1,0],0,1].
[[3,7,0,1,1,1,2,3,2],0,2].
[[1,2,2,0,0,0,2,1,0],1,0].
[[2,2,2,1,2,1,2,1,0],1,0].
[[3,2,2,1,1,1,1,1,0],1,0].
[[3,2,2,1,1,1,0,0,0],1,0].
[[3,2,2,1,1,1,2,2,2],1,0].
[[3,2,0,1,2,1,0,0,0],0,1].
[[1,3,2,0,0,0,1,2,2],1,0].
[[3,3,2,1,1,1,2,1,2],1,0].
[[2,3,2,1,2,1,1,2,0],1,0].
[[3,8,2,1,2,0,0,0,0],0,1].
[[3,7,0,1,2,0,2,1,0],0,1].
[[2,7,0,1,2,1,2,3,2],1,0].
[[1,2,2,0,0,0,2,2,2],1,0].
[[2,2,2,0,0,0,2,1,0],1,0].
[[2,7,0,1,2,1,2,1,2],0,1].
[[1,3,2,0,0,0,2,3,0],1,0].
