total_WL(16202,19141).
[[1,9,2,0,0,0,0,0,0],344,1168].
[[2,9,2,0,0,0,2,3,1],152,554].
[[3,9,2,1,2,0,2,3,1],13,55].
[[2,9,2,0,0,0,2,3,0],171,419].
[[3,8,1,0,0,0,2,3,0],12,20].
[[1,9,2,1,2,1,2,3,0],259,406].
[[2,9,2,1,2,1,2,3,0],130,460].
[[3,9,2,1,2,1,1,2,0],47,199].
[[1,9,2,1,2,1,2,3,1],309,579].
[[2,8,0,1,2,1,2,3,1],128,376].
[[3,8,0,1,2,1,1,2,1],137,528].
[[1,8,1,0,0,0,2,3,1],942,371].
[[2,7,2,0,0,0,2,3,1],110,11].
[[3,7,2,1,2,1,2,3,1],142,19].
[[1,8,1,1,2,0,2,3,2],44,35].
[[2,8,1,1,2,0,2,3,1],155,119].
[[3,8,1,1,1,0,1,2,1],41,65].
[[2,8,0,0,0,0,0,0,0],59,338].
[[3,8,0,1,2,1,0,0,0],0,135].
[[1,8,0,0,0,0,0,0,0],396,1015].
[[2,8,0,0,0,0,2,2,1],89,257].
[[3,7,0,1,2,1,2,2,1],14,51].
[[1,8,1,0,0,0,2,2,0],111,28].
[[2,8,1,1,2,1,1,1,0],11,11].
[[3,7,1,1,1,1,1,1,0],3,1].
[[1,9,2,1,2,0,2,3,1],17,77].
[[2,9,2,1,2,0,2,3,1],31,114].
[[3,8,1,1,1,0,1,2,2],14,17].
[[1,9,2,0,0,0,2,2,0],350,715].
[[2,8,0,0,0,0,2,2,0],75,212].
[[3,8,0,1,2,1,1,2,0],87,170].
[[1,8,1,0,0,0,2,2,1],714,307].
[[2,7,2,0,0,0,2,2,1],77,12].
[[3,7,2,1,2,1,2,2,1],55,13].
[[1,9,2,0,0,0,2,2,1],422,933].
[[2,8,0,1,2,1,2,2,1],92,213].
[[3,8,0,1,2,1,2,3,0],83,399].
[[1,9,2,1,1,1,0,0,0],24,53].
[[2,8,0,1,1,1,0,0,0],12,54].
[[3,7,0,1,1,1,0,0,0],4,12].
[[1,7,2,0,0,0,2,3,2],131,23].
[[2,7,2,1,2,1,2,3,2],79,11].
[[1,8,0,1,2,1,0,0,0],145,350].
[[2,8,0,1,1,1,2,2,1],7,23].
[[3,8,0,1,1,1,2,3,1],31,133].
[[1,8,1,1,2,1,1,2,2],42,22].
[[2,6,1,1,2,1,1,2,2],11,3].
[[3,6,1,1,1,1,1,2,2],12,2].
[[1,9,2,0,0,0,1,2,0],184,166].
[[2,5,0,0,0,0,1,2,0],63,4].
[[3,5,0,1,2,1,1,2,0],192,3].
[[2,9,2,0,0,0,2,2,1],82,324].
[[3,9,2,0,0,0,2,2,1],4,41].
[[1,9,2,0,0,0,2,3,1],574,1428].
[[2,8,1,1,2,1,2,3,1],561,295].
[[3,8,1,1,2,1,2,3,2],98,48].
[[1,9,2,1,2,1,0,0,0],156,502].
[[2,8,1,1,2,1,2,2,1],364,178].
[[3,7,1,1,2,1,2,2,1],232,118].
[[2,8,0,0,0,0,2,3,0],124,245].
[[3,8,0,1,2,0,1,2,0],23,45].
[[1,9,2,0,0,0,2,3,2],437,1064].
[[2,8,0,0,0,0,2,3,2],93,312].
[[3,8,0,1,2,1,1,2,2],53,312].
[[2,9,2,0,0,0,1,2,1],176,440].
[[3,8,0,0,0,0,1,2,1],50,211].
[[3,8,1,1,2,1,1,2,1],670,384].
[[1,8,1,1,2,0,0,0,0],59,52].
[[3,8,1,1,2,0,1,2,1],266,173].
[[1,9,2,0,0,0,2,3,0],578,905].
[[3,9,2,0,0,0,2,1,0],3,47].
[[1,8,1,1,2,0,2,1,1],21,11].
[[2,8,1,1,2,0,1,2,1],109,89].
[[1,9,2,1,2,1,2,1,0],105,174].
[[2,9,2,1,2,1,2,1,0],64,198].
[[3,8,0,1,2,1,2,1,0],35,208].
[[2,8,1,0,0,0,2,1,1],186,121].
[[3,8,1,1,2,0,2,1,1],31,27].
[[1,8,1,1,2,0,1,2,2],9,4].
[[2,8,1,1,2,0,1,2,2],55,25].
[[3,7,1,1,2,0,1,2,2],48,18].
[[3,7,1,1,2,0,2,3,1],127,46].
[[2,9,1,0,0,0,2,2,0],26,32].
[[1,8,1,0,0,0,2,1,0],65,22].
[[2,8,1,0,0,0,2,1,0],48,24].
[[3,7,2,0,0,0,1,2,1],80,6].
[[2,9,2,0,0,0,2,2,0],103,340].
[[1,9,2,0,0,0,1,2,1],272,458].
[[3,9,2,1,2,1,1,2,1],108,525].
[[2,8,0,1,2,1,2,3,0],119,243].
[[3,7,1,1,2,1,1,2,1],256,73].
[[1,6,1,0,0,0,0,0,0],229,14].
[[2,6,1,0,0,0,2,3,1],94,5].
[[3,6,1,0,0,0,2,3,1],56,1].
[[1,9,2,0,0,0,2,1,1],185,406].
[[3,8,1,1,2,0,2,3,1],138,99].
[[1,8,1,0,0,0,2,3,2],878,317].
[[2,8,1,0,0,0,1,2,2],213,81].
[[3,7,2,0,0,0,1,2,2],45,10].
[[2,8,1,0,0,0,2,2,1],434,252].
[[3,8,1,0,0,0,2,2,1],115,84].
[[1,8,1,1,2,1,2,3,2],268,110].
[[2,8,1,1,2,1,2,3,2],305,133].
[[3,8,1,1,2,1,1,2,2],237,121].
[[1,7,1,0,0,0,0,0,0],236,89].
[[2,7,1,0,0,0,0,0,0],172,90].
[[3,7,1,1,2,0,0,0,0],14,13].
[[3,9,2,1,2,1,2,2,0],3,156].
[[2,7,1,1,2,1,2,3,2],118,39].
[[3,7,1,1,1,1,2,3,2],52,26].
[[1,9,2,1,2,1,1,2,0],85,100].
[[2,9,2,1,2,1,1,2,0],118,192].
[[3,8,1,1,2,1,1,1,1],198,218].
[[2,8,0,0,0,0,2,3,1],135,351].
[[1,8,0,1,2,1,1,2,2],11,15].
[[2,8,0,1,2,1,1,2,2],58,142].
[[2,9,2,1,2,0,2,2,1],16,72].
[[3,9,2,1,2,0,2,2,1],5,24].
[[3,8,0,0,0,0,2,2,0],20,120].
[[2,9,2,1,1,1,1,2,0],26,44].
[[3,9,2,1,1,1,1,2,0],28,87].
[[1,8,0,0,0,0,2,3,0],119,145].
[[2,7,1,0,0,0,2,2,1],138,47].
[[3,7,1,1,2,1,1,1,1],85,64].
[[1,8,1,0,0,0,0,0,0],1015,575].
[[1,8,1,0,0,0,2,1,1],304,150].
[[2,8,1,1,2,1,1,1,1],108,118].
[[2,9,2,1,2,1,2,3,2],39,179].
[[1,8,1,0,0,0,1,2,1],290,125].
[[2,8,1,0,0,0,1,2,1],499,193].
[[2,8,0,1,2,1,2,3,2],84,267].
[[3,8,0,1,2,1,2,2,1],70,217].
[[1,3,2,0,0,0,2,3,2],4,0].
[[2,3,2,0,0,0,2,3,2],19,0].
[[3,3,2,0,0,0,1,2,1],9,0].
[[2,9,2,1,2,1,1,2,1],209,478].
[[2,8,1,1,2,0,2,2,1],122,79].
[[2,8,0,0,0,0,2,1,1],50,117].
[[3,8,0,1,2,1,2,1,1],28,93].
[[3,7,1,1,2,1,2,3,2],223,59].
[[1,8,1,0,0,0,2,3,0],127,45].
[[2,8,1,0,0,0,2,3,0],74,36].
[[3,8,1,1,2,1,1,2,0],79,22].
[[1,9,2,0,0,0,2,1,0],244,413].
[[2,8,0,0,0,0,2,1,0],45,119].
[[1,9,2,0,0,0,1,2,2],298,458].
[[2,8,0,0,0,0,1,2,2],59,141].
[[3,8,0,0,0,0,1,2,2],16,118].
[[1,9,2,1,1,1,2,1,1],12,14].
[[2,9,2,1,1,1,1,2,1],62,106].
[[3,8,1,1,1,1,1,2,1],224,142].
[[1,8,0,1,2,1,2,3,2],55,127].
[[2,7,1,1,2,0,2,3,1],19,15].
[[3,7,1,1,1,0,2,3,1],7,16].
[[1,9,2,1,2,1,2,2,0],179,288].
[[2,8,0,1,2,1,2,2,0],70,198].
[[3,8,0,1,2,1,2,2,0],45,340].
[[1,8,0,0,0,0,2,3,2],160,425].
[[3,7,0,1,2,1,2,3,2],12,46].
[[1,8,0,0,0,0,1,2,2],35,72].
[[2,8,0,1,2,0,1,2,2],10,28].
[[1,8,1,1,2,1,0,0,0],319,180].
[[2,9,1,0,0,0,2,3,0],16,28].
[[3,9,1,1,2,0,2,1,0],7,23].
[[2,7,1,1,2,1,0,0,0],114,60].
[[1,7,2,1,2,1,1,2,2],6,0].
[[2,7,2,1,2,1,1,2,2],28,8].
[[3,7,1,1,2,1,1,2,2],135,46].
[[1,9,2,1,2,1,2,2,1],200,377].
[[2,9,2,1,2,1,2,2,1],100,279].
[[3,8,1,1,1,1,2,2,1],75,57].
[[1,9,2,1,2,1,1,2,2],143,206].
[[2,9,1,1,2,1,1,2,2],19,37].
[[1,8,0,0,0,0,2,3,1],137,222].
[[3,6,0,1,2,1,2,3,1],8,30].
[[1,7,1,1,2,1,0,0,0],49,16].
[[2,7,1,1,2,1,2,3,1],141,44].
[[3,7,1,1,1,1,2,3,1],94,50].
[[3,8,1,0,0,0,1,2,1],373,171].
[[2,8,1,1,1,0,2,3,1],5,11].
[[3,6,1,1,1,0,2,3,1],4,5].
[[1,8,1,1,1,1,2,3,2],21,9].
[[2,4,1,1,2,0,2,3,2],7,0].
[[3,4,1,1,2,0,2,3,2],17,6].
[[1,9,2,1,2,1,2,3,2],199,451].
[[2,9,2,1,2,1,2,1,1],37,140].
[[2,9,2,1,2,1,2,3,1],140,496].
[[3,8,0,1,2,1,2,3,1],96,405].
[[2,7,2,0,0,0,1,2,2],59,13].
[[3,7,2,1,2,0,1,2,2],36,8].
[[3,7,1,1,2,0,2,3,2],73,39].
[[1,8,1,1,2,1,2,3,0],53,20].
[[2,8,1,1,2,1,2,1,0],38,25].
[[3,7,1,1,2,1,2,1,0],28,13].
[[2,8,1,0,0,0,0,0,0],26,72].
[[3,7,1,1,2,1,0,0,0],27,46].
[[2,8,1,0,0,0,2,3,2],419,164].
[[3,8,1,1,2,0,1,2,2],79,49].
[[3,8,1,0,0,0,1,1,1],99,91].
[[3,8,1,1,1,1,2,3,1],115,87].
[[2,9,2,1,1,1,2,1,0],27,42].
[[3,9,2,1,1,1,2,1,0],2,48].
[[1,8,0,1,2,1,2,2,0],27,42].
[[3,8,0,1,1,1,1,2,0],19,72].
[[1,8,1,1,2,1,2,2,1],231,83].
[[2,8,1,1,2,1,1,2,1],325,161].
[[3,7,2,1,2,1,1,2,1],126,10].
[[3,9,2,1,2,0,1,2,1],29,134].
[[1,8,1,1,1,1,2,2,1],21,7].
[[2,7,2,1,1,1,2,2,1],7,1].
[[3,7,2,1,1,1,2,3,2],28,4].
[[3,9,2,0,0,0,2,2,0],4,59].
[[2,8,1,0,0,0,1,1,1],153,131].
[[1,7,1,0,0,0,2,3,2],58,21].
[[2,7,1,0,0,0,2,3,2],175,58].
[[1,8,0,0,0,0,2,2,0],54,130].
[[3,7,0,1,2,1,2,2,0],12,37].
[[2,9,2,1,2,0,2,2,0],15,86].
[[3,8,0,1,2,0,2,2,0],7,84].
[[2,9,2,0,0,0,2,1,0],62,219].
[[3,9,2,1,2,1,2,1,0],5,80].
[[3,7,0,1,1,1,1,2,2],2,9].
[[3,8,0,1,1,1,2,2,0],23,103].
[[1,8,0,1,2,1,2,1,0],7,32].
[[2,7,1,1,1,1,1,2,1],10,3].
[[3,3,1,1,1,1,1,2,1],2,0].
[[2,9,2,0,0,0,1,2,2],98,272].
[[3,9,2,0,0,0,1,2,2],5,81].
[[3,9,2,1,2,1,1,1,1],33,171].
[[3,9,2,1,2,1,2,3,1],31,167].
[[3,9,1,0,0,0,1,2,1],34,95].
[[3,8,1,1,2,0,1,1,1],74,86].
[[1,8,1,1,2,0,2,3,1],41,43].
[[1,8,1,1,2,0,1,2,1],10,7].
[[2,8,1,1,2,1,0,0,0],7,58].
[[2,8,0,1,2,1,0,0,0],62,303].
[[1,8,1,1,2,1,1,2,1],76,45].
[[2,9,2,0,0,0,1,2,0],103,162].
[[3,9,2,1,2,0,1,2,0],17,61].
[[3,7,0,0,0,0,2,3,2],6,25].
[[2,8,1,0,0,0,2,3,1],692,326].
[[3,8,1,1,2,1,2,2,1],213,162].
[[2,8,1,1,1,1,2,1,1],30,19].
[[3,7,1,1,1,1,2,1,1],38,14].
[[2,8,0,1,2,0,2,3,2],10,43].
[[3,8,0,1,1,0,2,2,1],2,12].
[[3,8,1,0,0,0,2,3,1],174,118].
[[3,8,0,1,2,0,2,2,1],17,58].
[[1,9,2,0,0,0,1,1,1],105,146].
[[2,9,2,0,0,0,1,1,1],79,146].
[[3,8,0,0,0,0,1,1,1],14,80].
[[1,8,0,0,0,0,2,2,1],96,151].
[[2,6,0,1,2,1,2,2,1],2,4].
[[3,6,0,1,2,1,1,2,1],5,8].
[[2,8,0,1,1,1,2,3,0],18,27].
[[3,7,0,1,1,1,2,3,0],4,9].
[[2,9,1,1,1,1,1,2,1],13,21].
[[3,9,1,1,1,1,1,2,1],31,116].
[[1,9,2,1,2,1,1,2,1],153,169].
[[3,8,0,1,1,1,1,2,1],43,153].
[[1,8,0,0,0,0,2,1,1],49,83].
[[2,8,0,0,0,0,1,2,1],63,149].
[[3,9,2,1,1,1,1,1,0],7,37].
[[2,8,1,1,1,1,2,2,1],78,36].
[[2,9,2,1,1,1,0,0,0],9,31].
[[3,4,1,1,2,0,2,3,0],41,6].
[[3,8,1,1,1,0,2,3,1],16,31].
[[3,9,2,0,0,0,2,3,0],6,87].
[[2,7,1,0,0,0,2,3,1],183,54].
[[3,7,1,1,2,1,2,3,1],380,140].
[[2,8,1,1,2,0,2,2,0],18,11].
[[3,7,1,1,2,0,2,2,0],20,4].
[[2,8,0,0,0,0,1,1,1],22,44].
[[3,5,0,0,0,0,1,1,1],134,12].
[[3,8,1,1,2,0,2,2,1],77,79].
[[3,7,2,0,0,0,2,3,2],54,6].
[[3,7,0,1,2,1,2,3,1],13,62].
[[3,8,0,1,2,0,2,3,0],19,107].
[[3,8,1,1,2,1,2,1,1],77,67].
[[1,8,1,1,2,0,2,1,0],5,2].
[[3,4,1,1,2,0,2,1,0],25,3].
[[1,8,0,1,2,1,2,3,1],51,82].
[[2,8,0,1,2,1,1,2,1],77,107].
[[2,8,1,0,0,0,1,2,0],51,12].
[[3,8,1,0,0,0,1,2,0],36,8].
[[3,8,0,1,2,0,1,1,1],7,55].
[[3,9,2,1,2,1,2,3,0],17,200].
[[1,7,2,1,2,1,0,0,0],43,10].
[[3,7,1,0,0,0,2,3,1],179,76].
[[3,9,2,1,2,1,1,2,2],17,198].
[[2,8,1,1,2,1,2,2,0],68,26].
[[3,7,1,1,2,1,2,2,0],34,9].
[[2,9,2,1,1,1,2,3,0],54,102].
[[3,9,2,1,1,1,2,2,0],3,65].
[[2,9,2,0,0,0,2,1,1],47,124].
[[3,8,0,1,2,0,0,0,0],0,40].
[[2,8,0,1,2,0,1,2,1],7,20].
[[3,7,0,1,2,0,1,2,1],0,6].
[[2,7,1,1,2,0,2,3,2],33,23].
[[2,8,0,1,1,1,1,2,1],14,9].
[[3,4,1,1,2,0,1,2,1],129,30].
[[3,5,0,1,1,1,1,1,1],104,13].
[[3,9,2,1,1,1,2,2,1],3,35].
[[3,7,1,1,2,1,2,1,1],119,57].
[[2,7,0,1,2,1,2,3,2],7,18].
[[3,9,1,1,2,1,1,1,0],1,59].
[[3,7,2,1,1,1,2,2,1],26,2].
[[2,9,1,1,2,0,2,1,0],3,7].
[[2,6,1,1,2,1,2,3,1],63,1].
[[3,6,1,1,1,1,1,2,1],25,2].
[[1,8,1,1,2,1,2,2,0],30,7].
[[3,9,2,1,2,0,2,3,0],2,61].
[[3,8,1,1,2,1,2,3,1],379,253].
[[3,7,1,1,2,0,1,1,1],37,18].
[[1,8,0,1,2,1,2,1,1],20,27].
[[2,8,0,1,2,1,1,1,1],21,33].
[[3,8,0,1,2,1,1,1,1],60,162].
[[1,7,2,0,0,0,2,2,1],32,6].
[[3,7,2,1,2,0,1,2,1],71,13].
[[2,7,1,1,2,1,2,2,1],94,37].
[[2,9,2,1,2,1,1,1,0],40,92].
[[3,8,1,1,1,1,1,1,0],12,16].
[[3,8,1,1,1,1,2,1,1],26,16].
[[3,8,0,0,0,0,2,3,0],43,189].
[[3,9,1,1,2,0,1,2,2],5,28].
[[2,7,1,0,0,0,2,2,0],23,3].
[[2,7,2,0,0,0,1,2,1],50,8].
[[2,9,2,1,2,0,1,2,2],21,81].
[[3,9,2,1,1,0,1,2,1],3,38].
[[3,8,0,0,0,0,2,2,1],28,113].
[[3,9,2,1,2,0,2,2,0],2,43].
[[2,7,2,1,2,1,2,1,1],16,4].
[[3,7,2,1,1,1,2,3,1],43,5].
[[2,7,1,0,0,0,2,1,1],64,19].
[[3,8,0,1,1,0,2,2,0],2,9].
[[3,7,1,0,0,0,1,2,1],162,31].
[[3,3,1,1,2,1,2,3,2],31,4].
[[2,9,2,1,2,1,0,0,0],13,163].
[[3,9,1,1,2,1,2,3,0],8,62].
[[1,8,1,1,2,1,2,1,0],28,6].
[[3,7,1,1,1,1,2,2,1],72,31].
[[2,8,0,1,2,0,1,1,1],3,13].
[[3,8,0,1,1,0,1,1,1],0,8].
[[1,8,1,1,2,1,2,3,1],316,133].
[[3,6,1,1,2,1,2,3,1],132,3].
[[3,7,2,1,2,0,2,2,1],48,8].
[[1,8,1,1,2,0,2,2,1],25,28].
[[2,8,1,1,1,0,2,2,1],3,8].
[[3,8,1,1,1,0,2,2,1],18,20].
[[1,9,2,0,0,0,1,1,0],49,81].
[[2,9,2,0,0,0,1,1,0],25,83].
[[3,8,0,1,2,1,1,1,0],27,102].
[[3,7,0,1,2,1,0,0,0],5,47].
[[2,9,2,1,2,1,1,2,2],90,297].
[[3,9,2,0,0,0,1,2,1],36,186].
[[2,8,1,1,2,1,1,2,2],168,66].
[[2,7,0,0,0,0,0,0,0],13,44].
[[3,3,0,0,0,0,0,0,0],0,2].
[[2,9,2,0,0,0,2,3,2],42,155].
[[3,8,0,0,0,0,2,3,2],11,58].
[[2,6,1,1,2,0,0,0,0],13,3].
[[3,6,1,1,2,0,2,3,1],42,5].
[[3,5,0,0,0,0,1,2,0],73,0].
[[3,8,0,0,0,0,2,1,0],12,75].
[[1,8,0,0,0,0,2,1,0],32,66].
[[3,8,0,1,2,0,2,1,0],7,59].
[[3,7,2,0,0,0,2,1,1],27,2].
[[2,9,1,1,2,1,1,2,0],8,12].
[[3,9,1,1,2,1,1,2,1],74,286].
[[2,7,1,1,2,0,2,2,0],3,1].
[[1,9,2,1,1,1,2,3,0],42,40].
[[2,7,0,1,2,1,0,0,0],5,38].
[[3,8,1,1,1,1,1,2,2],80,33].
[[1,8,0,1,2,1,1,2,0],9,5].
[[2,8,0,1,2,1,1,2,0],36,62].
[[1,9,2,1,2,1,2,1,1],91,160].
[[2,8,1,1,2,0,1,2,0],16,5].
[[2,8,1,1,2,1,2,1,1],142,81].
[[2,8,1,0,0,0,2,2,0],65,35].
[[3,8,1,1,2,0,2,2,0],12,18].
[[2,9,2,1,2,0,2,3,2],11,29].
[[3,8,1,1,1,0,2,3,2],4,7].
[[3,7,2,1,2,0,2,3,2],44,2].
[[1,8,1,1,1,1,2,3,1],33,8].
[[2,7,1,1,1,1,2,3,1],17,4].
[[2,9,2,0,0,0,0,0,0],16,155].
[[1,9,2,1,2,0,1,2,1],10,16].
[[3,8,0,1,2,0,1,2,1],30,151].
[[1,9,2,1,2,0,2,2,1],15,38].
[[3,7,1,0,0,0,2,2,1],137,53].
[[1,6,0,0,0,0,0,0,0],15,47].
[[2,6,0,1,2,1,0,0,0],12,34].
[[3,3,1,1,2,1,0,0,0],37,8].
[[1,9,2,1,2,1,1,1,1],40,59].
[[2,9,2,1,1,1,1,1,1],28,38].
[[3,4,1,1,2,0,1,1,1],68,18].
[[1,8,1,1,1,1,1,2,1],15,4].
[[2,8,1,1,1,1,1,2,1],69,38].
[[3,9,1,0,0,0,1,1,1],3,16].
[[3,9,1,1,2,1,1,2,2],10,92].
[[3,7,1,1,1,1,1,2,1],81,32].
[[3,5,0,1,2,1,1,2,1],56,4].
[[2,8,1,1,1,1,2,3,1],117,43].
[[3,7,2,1,2,0,2,3,1],54,11].
[[2,7,1,0,0,0,1,2,1],57,11].
[[2,9,2,1,2,1,2,2,0],95,330].
[[3,5,0,1,1,1,1,1,0],48,1].
[[1,9,2,1,1,1,1,2,0],11,5].
[[2,4,1,1,2,0,1,2,0],7,2].
[[3,4,1,1,2,0,1,2,0],40,8].
[[1,9,2,1,2,0,2,3,2],19,52].
[[2,9,2,1,1,0,2,3,2],1,5].
[[3,8,0,1,1,0,2,3,2],1,6].
[[3,7,1,1,2,0,2,1,1],38,20].
[[3,9,1,1,1,1,1,1,1],3,27].
[[2,8,0,1,2,0,2,2,1],19,34].
[[3,7,0,1,2,0,2,2,1],4,12].
[[2,9,2,1,2,0,0,0,0],2,42].
[[3,9,2,1,1,0,0,0,0],0,3].
[[2,8,0,1,2,0,2,3,1],9,47].
[[3,8,0,0,0,0,2,3,1],39,167].
[[3,8,0,1,1,1,2,3,0],30,140].
[[1,8,1,1,1,1,0,0,0],27,19].
[[2,7,2,1,1,1,2,3,1],16,2].
[[3,9,1,0,0,0,2,2,0],2,40].
[[2,5,0,1,2,0,1,1,1],23,9].
[[3,3,1,0,0,0,1,2,1],7,0].
[[3,9,2,0,0,0,2,3,1],12,72].
[[3,7,2,1,1,0,2,2,1],6,6].
[[3,7,0,0,0,0,2,3,1],11,38].
[[2,9,1,1,2,1,2,3,0],11,23].
[[3,9,1,1,2,1,2,1,0],19,72].
[[2,6,1,0,0,0,2,3,2],71,4].
[[2,9,2,1,2,0,2,3,0],31,95].
[[3,9,2,1,2,0,1,1,0],5,32].
[[2,9,1,1,2,1,1,2,1],50,109].
[[2,5,0,1,2,1,2,1,0],18,1].
[[3,5,0,1,2,1,2,1,0],31,2].
[[3,6,1,0,0,0,1,2,2],16,3].
[[2,8,0,1,1,1,2,2,0],21,23].
[[1,7,2,1,2,1,2,3,1],14,0].
[[2,3,2,1,2,1,2,3,1],10,0].
[[3,3,2,1,2,1,2,3,2],27,3].
[[3,7,2,0,0,0,2,2,1],46,6].
[[3,7,0,1,2,1,1,2,0],3,16].
[[2,8,0,1,2,1,2,1,1],45,110].
[[3,7,0,1,2,1,2,1,1],2,28].
[[3,8,1,1,1,1,1,1,1],73,92].
[[1,8,1,0,0,0,1,2,2],165,55].
[[3,9,2,0,0,0,1,1,0],6,41].
[[2,6,1,1,1,1,2,3,2],7,1].
[[3,3,1,1,1,1,2,3,2],7,0].
[[3,7,1,0,0,0,1,1,1],58,29].
[[3,9,1,1,2,0,1,2,0],12,12].
[[2,8,1,1,2,1,2,3,0],83,30].
[[1,7,1,1,2,1,2,3,2],12,4].
[[3,9,2,1,1,1,1,2,1],28,224].
[[1,5,0,1,2,1,1,1,1],13,1].
[[2,5,0,1,2,1,1,1,1],92,7].
[[3,5,0,1,2,1,1,1,1],286,17].
[[2,6,1,0,0,0,0,0,0],91,4].
[[3,6,1,1,2,0,2,2,1],30,6].
[[2,6,0,0,0,0,2,1,1],2,2].
[[3,3,1,0,0,0,1,2,2],1,0].
[[1,7,2,0,0,0,0,0,0],190,42].
[[2,7,2,0,0,0,0,0,0],90,13].
[[3,8,1,1,2,1,2,1,0],26,36].
[[1,7,1,0,0,0,2,2,1],37,11].
[[2,3,1,0,0,0,2,2,1],7,0].
[[3,3,1,1,2,0,2,2,1],9,0].
[[3,8,1,0,0,0,1,2,2],95,51].
[[1,6,1,0,0,0,2,3,2],58,5].
[[3,6,1,0,0,0,2,3,2],36,4].
[[3,6,1,1,2,1,2,1,1],44,2].
[[1,9,2,1,2,0,2,3,0],23,55].
[[2,9,2,1,1,0,2,3,0],4,14].
[[1,8,1,1,1,1,1,1,1],5,4].
[[2,4,1,1,2,0,1,2,1],18,5].
[[2,8,0,0,0,0,1,2,0],47,44].
[[2,9,1,0,0,0,1,1,1],12,20].
[[3,5,0,1,2,0,1,1,1],91,14].
[[2,9,2,1,2,0,2,1,1],6,31].
[[3,9,2,1,2,0,1,1,1],6,73].
[[3,7,0,1,2,0,2,3,0],5,10].
[[2,8,0,1,2,0,2,3,0],21,35].
[[1,8,1,0,0,0,1,1,1],92,102].
[[3,8,0,0,0,0,1,2,0],30,61].
[[3,9,1,1,1,1,2,1,0],7,27].
[[2,9,2,1,1,1,2,2,1],35,64].
[[3,8,0,1,1,1,2,2,1],23,83].
[[3,7,1,0,0,0,1,2,2],70,17].
[[3,7,1,0,0,0,2,3,2],128,31].
[[2,6,1,0,0,0,2,1,1],28,1].
[[3,6,1,1,2,1,1,2,1],75,2].
[[2,7,0,1,2,1,2,2,0],3,2].
[[3,9,2,0,0,0,1,1,1],12,72].
[[2,9,1,0,0,0,1,2,0],15,12].
[[3,9,1,1,2,1,1,2,0],36,42].
[[2,8,0,1,2,1,2,1,0],40,115].
[[3,9,2,1,2,1,2,2,1],13,86].
[[2,9,1,0,0,0,1,2,1],49,100].
[[2,9,2,1,2,1,1,1,1],65,160].
[[2,8,0,1,2,0,2,2,0],9,31].
[[2,8,0,1,1,1,1,2,2],11,11].
[[3,8,1,1,2,0,1,2,0],27,10].
[[3,7,2,0,0,0,2,3,1],78,6].
[[3,7,0,1,2,1,1,2,2],7,41].
[[1,9,2,1,1,1,2,3,2],40,32].
[[2,9,2,1,1,1,1,2,2],43,54].
[[3,4,1,1,2,0,1,2,2],57,4].
[[2,9,2,1,2,0,2,1,0],10,51].
[[3,9,2,1,2,0,2,1,0],2,27].
[[3,8,1,1,1,0,1,2,0],3,4].
[[1,9,2,1,2,0,0,0,0],12,58].
[[2,9,2,1,1,0,2,1,0],0,5].
[[3,8,0,1,1,0,2,1,0],0,9].
[[3,4,1,1,2,0,2,3,1],62,19].
[[2,7,1,1,2,1,2,1,1],55,11].
[[3,7,2,1,2,1,2,1,1],37,5].
[[2,9,2,1,2,0,1,2,1],38,139].
[[1,8,0,0,0,0,1,2,1],5,14].
[[3,9,1,1,2,1,1,1,1],13,74].
[[2,9,2,1,2,0,1,2,0],23,35].
[[3,3,1,1,1,1,2,3,1],6,0].
[[3,9,1,1,1,1,1,2,2],6,36].
[[2,8,1,1,1,1,2,3,2],73,19].
[[3,6,1,0,0,0,1,2,0],3,0].
[[3,6,0,1,2,1,1,2,2],0,20].
[[3,9,1,0,0,0,2,3,0],0,15].
[[2,8,0,1,1,1,2,1,1],9,14].
[[2,9,1,0,0,0,2,1,0],21,26].
[[2,7,2,1,2,1,1,2,1],35,0].
[[3,7,2,1,1,1,1,2,1],44,3].
[[3,6,0,1,2,1,2,2,0],3,23].
[[1,9,2,1,1,1,2,2,0],17,30].
[[2,9,2,1,1,1,1,1,0],12,19].
[[3,8,0,1,1,1,1,1,0],5,34].
[[2,9,2,1,1,1,2,2,0],35,65].
[[3,9,1,0,0,0,1,1,0],2,19].
[[1,5,0,1,2,1,2,1,0],5,0].
[[2,5,0,1,1,1,2,1,0],2,0].
[[3,5,0,1,1,1,2,1,0],8,0].
[[2,8,1,1,1,0,2,3,2],4,7].
[[3,7,0,1,1,1,2,2,1],1,17].
[[3,6,1,1,2,1,1,1,1],25,7].
[[3,9,2,1,2,1,1,1,0],14,102].
[[2,8,0,1,1,1,2,3,1],23,60].
[[3,8,1,1,2,1,2,2,0],50,41].
[[3,8,0,1,2,1,2,3,2],29,131].
[[2,6,1,1,2,1,2,3,2],52,5].
[[2,8,1,1,2,0,2,3,2],74,56].
[[1,8,1,1,2,1,2,1,1],113,46].
[[2,8,1,0,0,0,1,1,0],20,6].
[[3,8,1,0,0,0,1,1,0],16,9].
[[2,8,1,1,1,1,2,2,0],11,8].
[[3,6,1,1,1,1,2,2,0],5,0].
[[2,7,1,1,2,1,1,2,0],5,1].
[[3,7,1,1,2,1,1,2,0],21,2].
[[3,7,2,1,2,1,2,3,2],114,11].
[[1,7,2,0,0,0,1,2,1],16,5].
[[3,3,2,0,0,0,1,2,2],9,0].
[[2,7,1,1,2,0,1,2,1],8,4].
[[3,7,1,1,2,0,1,2,1],69,26].
[[3,7,1,1,2,0,2,2,1],78,37].
[[1,9,2,1,2,0,1,1,0],1,6].
[[2,8,0,1,2,0,1,1,0],0,1].
[[3,8,0,1,2,0,1,1,0],3,18].
[[3,7,1,1,1,1,1,2,0],8,3].
[[3,5,0,1,1,1,2,3,0],5,0].
[[3,9,2,0,0,0,2,1,1],2,6].
[[2,5,0,1,2,1,1,1,0],17,0].
[[3,5,0,1,2,1,1,1,0],112,2].
[[3,7,2,1,2,1,1,2,2],78,14].
[[3,9,1,1,2,1,2,2,0],9,89].
[[3,8,1,1,2,0,2,1,0],12,15].
[[1,8,0,0,0,0,1,2,0],11,19].
[[2,7,1,1,1,1,2,2,1],13,3].
[[2,7,1,0,0,0,2,3,0],22,11].
[[3,7,1,1,2,1,2,3,0],48,19].
[[3,9,2,1,1,1,1,2,2],7,78].
[[3,8,1,1,1,1,2,3,2],28,18].
[[3,9,1,1,1,0,0,0,0],0,1].
[[3,5,0,1,1,1,1,2,2],16,2].
[[3,8,0,1,2,0,2,3,1],18,89].
[[2,9,1,1,2,1,1,1,1],10,30].
[[3,5,0,0,0,0,1,1,0],35,4].
[[1,6,1,0,0,0,2,2,1],40,2].
[[3,3,1,1,2,0,1,2,1],6,0].
[[1,5,0,1,1,1,1,1,1],2,0].
[[2,5,0,1,1,1,1,1,1],21,3].
[[1,9,2,1,2,0,2,2,0],15,33].
[[3,9,2,1,1,0,1,1,1],0,14].
[[3,8,1,1,2,1,2,3,0],38,39].
[[3,9,2,1,1,1,2,3,1],13,51].
[[1,9,2,1,1,1,1,2,1],19,16].
[[3,7,1,0,0,0,0,0,0],14,26].
[[2,7,2,0,0,0,2,3,2],114,17].
[[2,8,1,1,2,1,1,2,0],35,9].
[[2,7,2,1,2,0,2,2,1],21,5].
[[3,7,2,1,1,0,1,2,1],10,10].
[[3,8,1,0,0,0,2,2,0],25,20].
[[2,6,0,1,2,1,2,1,0],0,2].
[[3,6,0,1,2,1,2,1,0],4,8].
[[3,3,1,1,2,1,2,2,1],28,1].
[[3,6,0,1,2,1,2,3,2],8,28].
[[2,6,0,0,0,0,2,3,2],2,19].
[[3,6,0,1,2,0,1,2,2],0,3].
[[2,7,1,1,2,1,1,1,1],12,7].
[[3,3,1,1,2,1,1,1,1],4,1].
[[2,7,2,1,1,1,0,0,0],5,2].
[[1,3,2,0,0,0,2,3,1],5,0].
[[2,3,2,1,2,1,1,2,1],1,0].
[[3,3,2,1,2,1,1,2,1],7,0].
[[2,8,1,1,2,0,2,3,0],18,13].
[[3,5,0,1,2,0,1,2,0],64,1].
[[3,9,2,1,1,0,1,2,2],0,21].
[[2,9,2,1,2,0,1,1,1],14,50].
[[3,9,2,1,2,1,0,0,0],0,12].
[[3,4,1,1,2,0,2,2,1],34,9].
[[1,7,1,0,0,0,2,3,1],44,15].
[[1,3,2,0,0,0,0,0,0],26,0].
[[2,3,2,0,0,0,2,3,1],6,0].
[[3,3,2,1,2,0,2,1,1],6,0].
[[1,9,2,1,2,0,2,1,0],7,14].
[[3,5,0,1,1,0,1,1,0],4,4].
[[1,7,1,0,0,0,2,1,1],14,7].
[[1,6,1,0,0,0,2,3,1],29,3].
[[3,8,0,1,1,1,2,3,2],9,33].
[[3,7,0,0,0,0,0,0,0],2,26].
[[3,7,0,1,1,1,2,3,2],4,9].
[[2,9,2,1,1,0,2,2,0],2,10].
[[3,9,2,1,1,0,2,2,0],0,13].
[[3,8,0,1,1,1,2,1,0],12,63].
[[2,8,1,1,2,0,2,1,1],54,34].
[[3,9,2,1,2,1,2,1,1],2,25].
[[3,8,0,1,1,1,1,2,2],14,84].
[[3,3,2,1,2,1,1,2,2],15,0].
[[3,9,2,1,2,0,1,2,2],6,53].
[[2,8,1,1,1,1,1,1,1],27,21].
[[2,8,1,1,2,0,1,1,1],38,45].
[[3,6,1,1,1,1,2,2,1],12,0].
[[3,7,1,0,0,0,2,1,1],56,25].
[[2,6,1,0,0,0,2,2,1],71,6].
[[3,6,1,1,2,0,1,1,1],5,2].
[[1,6,1,1,2,1,0,0,0],45,2].
[[2,6,1,1,1,1,2,3,1],4,1].
[[2,7,2,1,2,1,2,2,1],42,7].
[[3,8,0,1,1,1,1,1,1],10,61].
[[2,7,0,0,0,0,2,3,2],8,21].
[[3,7,0,1,2,0,2,1,1],0,3].
[[2,7,1,1,2,1,1,2,1],38,16].
[[3,8,1,1,1,0,1,1,1],18,34].
[[3,7,0,1,2,0,2,2,0],0,3].
[[3,6,0,0,0,0,0,0,0],2,23].
[[3,9,1,1,2,0,1,2,1],15,75].
[[1,8,1,0,0,0,1,2,0],20,6].
[[3,9,1,1,2,0,1,1,0],0,11].
[[3,7,1,0,0,0,2,3,0],22,9].
[[2,7,2,1,2,1,2,3,1],56,11].
[[3,9,1,1,1,1,2,2,0],6,36].
[[1,9,2,1,1,1,2,3,1],53,51].
[[2,4,1,1,2,0,2,1,1],9,0].
[[2,7,1,1,2,1,1,2,2],25,7].
[[2,7,0,0,0,0,2,2,0],1,6].
[[1,9,2,1,2,1,1,1,0],20,42].
[[1,7,2,0,0,0,2,3,1],49,3].
[[2,9,2,1,1,1,2,3,2],12,20].
[[3,5,0,1,1,1,1,2,1],19,1].
[[3,8,0,1,2,0,2,3,2],6,32].
[[3,3,1,0,0,0,2,2,1],19,2].
[[3,7,0,0,0,0,1,2,0],2,4].
[[2,8,1,1,2,0,1,1,0],5,9].
[[3,8,1,1,2,0,1,1,0],11,10].
[[3,9,1,1,2,0,1,1,1],2,15].
[[1,7,2,1,2,1,1,2,1],6,0].
[[3,8,0,1,2,0,1,2,2],6,86].
[[2,4,1,1,2,0,2,3,1],17,6].
[[3,4,1,1,2,0,2,1,1],16,2].
[[3,7,0,1,2,1,2,1,0],7,24].
[[2,6,1,1,2,1,0,0,0],64,1].
[[2,9,1,1,2,0,1,1,0],0,3].
[[2,9,1,0,0,0,1,2,2],9,27].
[[3,9,1,0,0,0,1,2,2],6,38].
[[2,9,1,1,2,1,2,2,0],24,31].
[[3,5,0,1,1,1,1,2,0],73,3].
[[2,8,0,1,2,1,1,1,0],11,35].
[[3,7,0,1,2,1,1,1,0],1,4].
[[3,7,1,1,2,0,2,3,0],17,6].
[[1,6,1,0,0,0,2,1,1],18,1].
[[3,3,2,0,0,0,2,3,2],14,0].
[[2,7,0,1,2,1,2,3,1],4,11].
[[3,7,0,1,2,1,1,2,1],7,22].
[[3,9,1,1,1,0,1,2,2],1,6].
[[2,7,2,1,1,1,1,2,1],7,0].
[[2,9,1,1,2,0,1,2,1],6,12].
[[1,7,2,1,2,0,2,3,2],9,6].
[[2,7,2,1,2,0,2,3,1],34,4].
[[3,7,2,1,1,0,1,2,2],5,3].
[[2,7,0,0,0,0,2,3,0],2,2].
[[3,7,0,0,0,0,2,3,0],3,16].
[[1,5,0,0,0,0,1,1,1],27,3].
[[2,5,0,0,0,0,1,1,1],112,9].
[[3,8,0,0,0,0,2,1,1],12,33].
[[2,9,2,1,1,1,2,3,1],58,95].
[[3,7,2,0,0,0,1,1,1],23,11].
[[1,7,2,1,2,1,2,3,2],18,5].
[[3,8,1,1,2,0,2,3,0],11,17].
[[3,7,1,1,1,1,1,2,2],25,8].
[[2,7,2,1,2,0,1,2,1],20,2].
[[3,9,2,0,0,0,1,2,0],20,82].
[[3,5,0,1,2,0,1,1,0],26,4].
[[3,8,1,1,1,1,1,2,0],25,10].
[[1,9,2,1,1,1,1,1,0],2,4].
[[2,7,1,0,0,0,1,2,2],38,4].
[[3,7,1,1,1,1,0,0,0],3,8].
[[3,8,0,1,1,1,2,1,1],10,34].
[[2,7,1,1,2,0,2,2,1],15,8].
[[2,7,1,1,2,1,2,3,0],14,9].
[[3,7,1,1,1,1,2,3,0],12,7].
[[3,6,1,1,2,1,1,2,0],5,0].
[[2,7,2,1,2,0,2,3,2],41,8].
[[3,9,1,1,2,0,2,2,0],4,35].
[[3,7,1,1,1,1,2,2,0],11,5].
[[1,8,0,1,2,1,2,3,0],41,60].
[[2,6,0,1,2,1,2,3,0],2,8].
[[3,6,0,1,2,1,2,3,0],14,32].
[[1,9,2,1,1,1,1,2,2],20,11].
[[1,8,1,1,2,1,1,1,1],24,27].
[[2,6,1,1,2,1,1,1,1],6,1].
[[3,9,1,1,1,0,1,2,1],0,19].
[[3,7,0,0,0,0,1,2,1],4,13].
[[1,6,1,0,0,0,2,3,0],3,0].
[[3,3,2,1,2,0,2,2,1],9,0].
[[2,7,1,1,2,1,2,2,0],14,4].
[[2,6,1,1,2,0,2,3,1],8,1].
[[3,3,1,1,2,0,2,3,1],12,0].
[[3,5,0,0,0,0,1,2,1],22,1].
[[3,3,2,1,2,1,2,3,1],26,0].
[[2,6,0,0,0,0,0,0,0],19,46].
[[3,6,0,0,0,0,2,3,2],0,17].
[[3,9,2,1,1,1,2,3,0],4,79].
[[2,9,2,1,2,0,1,1,0],5,19].
[[1,7,1,1,2,1,2,3,1],3,1].
[[2,9,2,1,1,1,2,1,1],10,24].
[[3,6,1,1,2,0,1,2,1],13,6].
[[1,7,1,0,0,0,2,3,0],4,5].
[[2,7,2,1,1,1,2,1,1],5,2].
[[3,7,2,1,1,1,2,1,1],10,1].
[[1,7,2,0,0,0,1,2,2],18,6].
[[3,8,0,0,0,0,1,1,0],11,40].
[[3,6,0,1,2,1,0,0,0],1,31].
[[2,4,1,1,2,0,0,0,0],7,2].
[[2,6,0,0,0,0,2,2,0],1,7].
[[1,6,1,1,2,1,2,1,1],2,0].
[[2,6,1,1,1,1,1,2,1],6,0].
[[2,9,1,0,0,0,1,1,0],1,13].
[[3,6,1,1,2,1,2,1,0],9,0].
[[2,7,1,1,2,1,2,1,0],9,2].
[[3,8,1,1,2,0,2,3,2],36,16].
[[3,7,1,1,1,1,1,1,1],24,15].
[[3,3,1,0,0,0,0,0,0],32,1].
[[3,3,2,1,2,0,2,3,2],15,0].
[[2,5,0,1,2,1,1,2,0],66,0].
[[2,8,0,1,2,0,2,1,1],1,18].
[[2,7,1,1,2,0,2,1,1],9,11].
[[3,7,1,1,1,0,2,3,2],4,12].
[[3,9,1,1,2,0,0,0,0],0,2].
[[2,7,1,0,0,0,1,1,1],21,11].
[[2,9,1,1,1,1,2,1,0],3,7].
[[2,6,1,1,2,1,2,1,0],3,0].
[[3,3,2,1,2,1,1,1,1],4,0].
[[3,6,1,1,1,1,2,3,2],11,1].
[[3,7,1,0,0,0,1,2,0],23,2].
[[2,9,1,1,2,1,2,1,0],18,25].
[[3,8,0,0,0,0,0,0,0],0,55].
[[2,8,1,1,1,1,1,2,2],34,12].
[[3,7,2,1,2,1,1,1,1],44,21].
[[2,3,2,0,0,0,2,2,1],5,1].
[[3,3,2,1,2,1,2,2,1],13,0].
[[3,9,2,1,1,1,1,1,1],12,55].
[[3,9,1,0,0,0,2,1,0],2,26].
[[2,6,1,0,0,0,1,2,1],23,2].
[[3,3,1,1,2,1,1,2,1],14,1].
[[2,7,2,1,2,0,0,0,0],21,10].
[[2,9,1,1,2,0,1,2,0],3,2].
[[3,7,0,1,1,1,2,3,1],1,19].
[[2,7,2,0,0,0,1,1,1],20,10].
[[3,3,2,0,0,0,1,1,1],3,0].
[[2,8,0,1,2,0,0,0,0],3,38].
[[1,9,2,1,1,1,2,2,1],30,27].
[[2,8,1,1,2,0,2,1,0],12,8].
[[3,6,1,1,2,1,2,3,2],53,2].
[[3,7,2,1,1,1,1,2,2],21,7].
[[3,3,1,1,2,0,2,3,2],7,0].
[[2,8,1,1,1,1,2,1,0],10,2].
[[2,6,1,1,2,1,2,2,1],46,3].
[[3,6,0,1,1,1,0,0,0],0,4].
[[1,7,2,0,0,0,1,1,1],4,3].
[[2,4,1,1,2,0,1,1,1],14,3].
[[1,8,0,1,2,1,2,2,1],32,45].
[[2,3,2,1,2,1,0,0,0],11,0].
[[3,3,2,1,1,1,2,3,2],3,0].
[[2,7,2,1,2,1,0,0,0],50,10].
[[3,5,0,1,2,1,2,3,0],27,1].
[[3,6,1,1,2,0,1,2,2],14,0].
[[3,3,1,0,0,0,2,3,1],16,2].
[[3,5,0,1,1,0,1,2,0],7,3].
[[3,7,0,0,0,0,1,1,1],1,4].
[[2,6,0,0,0,0,2,1,0],3,1].
[[3,6,0,1,2,0,2,1,0],3,4].
[[2,7,1,0,0,0,2,1,0],13,1].
[[3,3,1,0,0,0,2,1,0],3,0].
[[2,5,0,1,1,1,1,1,0],6,1].
[[3,6,1,0,0,0,2,2,1],38,1].
[[3,7,1,1,1,0,1,1,1],1,4].
[[2,3,1,0,0,0,0,0,0],28,3].
[[3,8,1,0,0,0,2,3,2],45,19].
[[3,8,0,1,1,0,2,3,0],1,17].
[[3,6,1,1,2,1,2,2,1],78,6].
[[1,7,2,0,0,0,2,1,1],15,2].
[[3,8,1,0,0,0,2,1,1],43,36].
[[3,7,1,0,0,0,2,2,0],21,4].
[[2,7,1,1,1,1,2,3,2],10,2].
[[3,8,1,1,1,1,2,3,0],17,15].
[[3,6,1,0,0,0,1,1,1],13,5].
[[3,8,0,1,1,1,0,0,0],0,42].
[[1,9,2,1,1,1,1,1,1],17,8].
[[2,6,1,1,2,1,2,2,0],8,0].
[[2,8,1,1,1,0,1,2,2],5,4].
[[3,6,1,1,1,0,1,2,2],2,0].
[[3,8,1,1,1,1,2,1,0],13,8].
[[2,5,0,0,0,0,2,3,0],12,1].
[[3,6,1,1,2,0,2,1,0],4,0].
[[3,8,1,1,2,1,1,1,0],30,32].
[[2,6,1,1,2,1,2,3,0],7,0].
[[3,3,1,1,2,1,2,3,0],8,2].
[[2,8,1,1,1,1,0,0,0],4,10].
[[2,3,2,0,0,0,2,1,1],2,0].
[[3,3,2,0,0,0,2,1,1],5,0].
[[3,7,0,0,0,0,2,2,1],3,24].
[[2,6,1,1,2,0,2,2,1],10,4].
[[3,7,1,0,0,0,2,1,0],15,2].
[[2,7,0,1,2,1,1,2,2],1,3].
[[3,8,1,1,1,0,2,1,1],4,9].
[[3,3,1,1,2,1,2,3,1],44,6].
[[2,7,2,1,1,0,2,3,2],1,2].
[[3,7,2,1,1,0,2,3,2],8,13].
[[2,7,0,1,2,1,2,3,0],4,4].
[[2,8,1,1,2,0,0,0,0],1,16].
[[3,6,0,0,0,0,2,3,1],1,16].
[[2,6,1,1,2,1,2,1,1],20,1].
[[3,3,1,1,2,1,2,1,1],16,0].
[[3,7,0,0,0,0,1,2,2],3,14].
[[3,6,1,1,2,1,1,2,2],22,2].
[[2,7,1,1,1,1,0,0,0],14,7].
[[3,3,1,1,1,1,0,0,0],7,1].
[[2,5,0,1,1,1,1,2,0],16,3].
[[3,6,1,0,0,0,2,3,0],7,1].
[[1,8,1,1,2,1,1,2,0],3,1].
[[3,6,0,0,0,0,2,1,1],1,5].
[[3,7,1,1,2,0,2,1,0],9,0].
[[3,7,0,1,2,1,2,3,0],16,44].
[[3,7,1,1,1,0,1,2,2],2,9].
[[3,1,1,1,2,0,1,2,0],1,0].
[[3,8,1,0,0,0,2,1,0],13,10].
[[3,6,0,0,0,0,2,2,0],2,13].
[[3,8,1,1,1,0,2,2,0],1,5].
[[3,7,2,1,1,1,1,1,1],17,5].
[[2,4,1,1,2,0,2,1,0],5,0].
[[2,8,0,1,1,1,2,3,2],15,26].
[[3,4,1,1,2,0,0,0,0],6,2].
[[3,8,0,1,2,0,2,1,1],7,31].
[[3,5,0,1,1,0,1,1,1],8,14].
[[2,5,0,1,2,1,1,2,2],9,1].
[[2,7,1,1,2,0,0,0,0],22,20].
[[2,8,0,0,0,0,1,1,0],11,32].
[[2,5,0,1,2,1,1,2,1],7,1].
[[2,9,1,1,2,1,1,1,0],6,16].
[[2,6,1,1,2,1,1,2,1],16,2].
[[3,4,1,1,2,0,1,1,0],22,11].
[[2,9,1,1,2,1,0,0,0],0,5].
[[2,7,2,0,0,0,2,1,1],28,4].
[[3,6,0,0,0,0,1,2,0],1,3].
[[3,7,2,1,2,0,1,1,1],20,11].
[[2,6,1,0,0,0,2,1,0],7,0].
[[3,6,1,0,0,0,1,1,0],2,0].
[[1,7,2,1,2,0,0,0,0],11,2].
[[3,3,2,1,2,0,2,3,1],11,0].
[[2,9,2,1,1,0,2,2,1],0,10].
[[3,9,1,1,1,0,1,1,1],0,9].
[[3,9,2,1,1,0,2,1,0],0,4].
[[2,7,2,1,2,0,2,1,1],10,1].
[[3,3,2,0,0,0,2,2,1],12,1].
[[2,9,1,1,1,1,2,2,0],12,8].
[[3,9,1,1,1,1,1,1,0],1,21].
[[2,3,2,0,0,0,0,0,0],27,0].
[[3,3,2,1,2,1,2,1,1],3,0].
[[3,6,1,1,2,0,2,3,2],28,0].
[[2,6,1,1,1,1,1,2,2],1,0].
[[3,3,2,1,1,1,1,2,2],4,0].
[[2,4,1,1,2,0,2,2,0],13,2].
[[2,7,0,0,0,0,2,1,0],0,3].
[[3,5,0,1,2,1,1,2,2],26,0].
[[3,6,1,0,0,0,1,2,1],40,3].
[[2,8,1,1,1,1,2,3,0],16,7].
[[3,6,1,1,1,1,2,3,0],5,1].
[[3,9,2,1,1,0,1,2,0],0,19].
[[3,7,1,1,2,0,1,2,0],11,2].
[[3,7,1,0,0,0,1,1,0],5,0].
[[3,7,0,0,0,0,2,1,0],1,8].
[[2,7,2,1,2,0,1,2,2],7,3].
[[3,9,1,1,1,1,1,2,0],14,22].
[[3,8,1,0,0,0,0,0,0],0,6].
[[2,8,0,1,1,1,1,2,0],4,7].
[[3,9,2,1,1,0,2,3,1],1,10].
[[2,6,1,1,2,0,1,2,1],1,3].
[[2,7,1,1,1,1,1,2,2],0,1].
[[3,4,1,1,2,0,2,2,0],25,9].
[[1,9,2,1,2,0,2,1,1],6,14].
[[2,9,2,1,1,0,1,1,1],0,3].
[[1,5,0,0,0,0,2,3,0],8,1].
[[3,8,0,1,1,0,1,2,2],1,10].
[[2,7,2,1,2,1,1,1,1],7,6].
[[3,6,0,0,0,0,2,3,0],2,14].
[[3,2,1,1,2,1,2,3,1],5,0].
[[2,6,0,1,2,1,2,2,0],3,3].
[[3,7,0,0,0,0,2,1,1],3,8].
[[1,9,2,1,2,0,1,2,2],16,23].
[[2,7,1,1,1,1,2,1,1],3,2].
[[1,6,0,0,0,0,2,2,1],1,0].
[[2,3,1,0,0,0,1,2,2],1,0].
[[3,7,0,1,2,0,1,2,2],4,7].
[[3,6,0,1,2,1,1,1,1],2,2].
[[2,8,0,1,1,1,1,1,1],5,7].
[[3,9,2,1,2,0,2,1,1],0,7].
[[3,9,1,0,0,0,0,0,0],0,3].
[[2,6,1,0,0,0,1,2,2],13,2].
[[1,8,1,1,2,1,1,1,0],2,3].
[[3,7,1,1,2,1,1,1,0],17,5].
[[2,5,0,1,2,0,1,2,0],14,2].
[[3,3,2,1,2,1,0,0,0],13,0].
[[3,5,0,1,2,0,1,2,2],7,2].
[[3,3,2,0,0,0,0,0,0],11,0].
[[2,9,2,1,1,0,1,2,2],0,8].
[[2,5,0,0,0,0,1,1,0],21,2].
[[3,6,1,1,2,0,2,1,1],6,2].
[[3,3,1,0,0,0,2,3,2],19,3].
[[2,9,1,0,0,0,0,0,0],0,4].
[[3,3,1,1,2,0,2,1,1],4,3].
[[3,7,1,1,2,0,1,1,0],4,4].
[[3,5,0,1,2,0,2,1,0],6,0].
[[3,3,2,1,2,0,0,0,0],7,0].
[[3,9,1,1,1,1,2,3,1],0,3].
[[3,9,2,1,1,0,2,3,0],1,12].
[[2,7,2,1,1,0,0,0,0],3,1].
[[3,3,2,1,1,0,0,0,0],3,0].
[[3,6,0,1,1,1,2,3,1],3,10].
[[2,6,0,0,0,0,2,3,1],2,11].
[[3,6,0,1,2,1,2,2,1],5,22].
[[3,9,1,1,2,0,2,3,0],3,17].
[[3,6,0,0,0,0,1,2,2],1,10].
[[2,9,1,1,1,1,1,2,2],7,6].
[[3,8,0,1,1,0,2,3,1],0,17].
[[3,6,0,1,2,0,2,2,1],2,3].
[[1,9,2,1,1,1,2,1,0],13,17].
[[3,6,0,1,2,0,2,3,1],0,4].
[[1,8,0,1,2,1,1,1,0],1,1].
[[2,6,0,1,2,1,1,1,0],1,1].
[[3,6,0,1,2,1,1,1,0],0,4].
[[3,8,0,1,1,0,1,2,1],3,21].
[[3,5,0,1,2,0,2,3,0],4,1].
[[3,9,1,1,2,1,0,0,0],0,10].
[[2,3,2,1,2,0,0,0,0],10,0].
[[3,9,1,0,0,0,1,2,0],14,11].
[[3,6,1,1,1,1,2,3,1],28,1].
[[2,3,2,1,2,1,2,3,2],7,0].
[[2,6,1,0,0,0,2,2,0],9,1].
[[3,6,1,0,0,0,2,2,0],14,0].
[[3,7,1,1,1,0,2,2,1],9,6].
[[3,6,0,1,2,0,1,2,1],1,2].
[[3,7,0,1,2,0,0,0,0],0,15].
[[1,6,0,0,0,0,2,3,2],2,10].
[[3,6,0,1,2,0,0,0,0],0,2].
[[3,3,1,1,1,1,2,2,1],2,0].
[[3,6,0,0,0,0,2,2,1],5,10].
[[2,7,2,1,1,0,2,3,1],1,3].
[[3,5,0,0,0,0,1,2,2],12,1].
[[2,6,0,0,0,0,2,3,0],5,6].
[[3,6,0,1,2,0,1,2,0],0,1].
[[3,5,0,1,2,0,1,2,1],15,1].
[[3,6,0,1,2,0,2,1,1],0,1].
[[3,6,1,1,2,0,2,3,0],5,0].
[[2,6,0,0,0,0,1,2,1],1,0].
[[3,6,0,1,1,1,2,3,0],0,3].
[[2,5,0,1,1,0,1,1,1],3,1].
[[2,4,1,1,2,0,1,2,2],10,3].
[[1,8,1,1,2,0,2,2,0],5,5].
[[3,7,1,1,1,0,2,2,0],1,1].
[[1,5,0,0,0,0,2,1,0],9,1].
[[3,8,1,1,2,1,0,0,0],0,12].
[[3,9,2,1,1,0,2,2,1],1,4].
[[2,6,1,1,1,1,0,0,0],12,1].
[[3,6,1,1,2,1,1,1,0],2,0].
[[1,8,0,0,0,0,1,1,0],3,6].
[[2,7,1,0,0,0,1,1,0],3,1].
[[3,3,2,0,0,0,2,3,1],12,0].
[[1,7,2,1,2,1,2,1,1],2,0].
[[3,9,2,1,1,1,2,1,1],1,12].
[[2,6,0,1,2,1,2,3,2],1,15].
[[2,6,0,0,0,0,2,2,1],3,7].
[[3,6,0,0,0,0,1,2,1],1,8].
[[1,6,1,0,0,0,2,2,0],6,0].
[[3,6,1,1,2,1,2,2,0],12,1].
[[2,6,0,0,0,0,1,1,0],0,1].
[[2,4,1,1,2,0,2,3,0],13,7].
[[2,2,1,0,0,0,0,0,0],6,0].
[[3,2,1,1,2,1,0,0,0],6,0].
[[3,9,2,0,0,0,0,0,0],0,3].
[[1,8,1,1,1,1,1,2,2],7,3].
[[2,5,0,0,0,0,2,1,0],10,2].
[[1,7,1,0,0,0,1,2,2],2,1].
[[3,6,1,1,1,1,2,1,1],14,0].
[[1,5,0,1,1,1,2,3,0],1,0].
[[3,1,1,1,2,0,1,2,2],1,0].
[[3,8,1,1,1,1,2,2,0],23,17].
[[2,6,1,1,2,0,2,3,2],14,3].
[[3,9,1,1,1,0,1,2,0],2,5].
[[2,8,1,1,1,0,1,2,1],9,8].
[[2,9,1,1,1,1,1,1,1],6,5].
[[1,7,1,1,2,1,2,2,1],7,1].
[[2,7,1,1,2,1,1,1,0],2,0].
[[3,2,0,0,0,0,0,0,0],1,3].
[[3,6,1,0,0,0,2,1,1],16,3].
[[2,9,1,1,2,1,2,3,1],0,1].
[[3,9,1,1,2,1,2,3,1],0,8].
[[2,7,1,1,2,0,2,3,0],3,0].
[[3,9,1,1,1,1,2,3,0],0,29].
[[3,9,2,1,2,0,0,0,0],0,2].
[[2,5,0,1,2,0,2,3,0],1,0].
[[3,6,1,1,2,0,2,2,0],5,2].
[[2,8,0,1,1,1,1,1,0],0,6].
[[3,7,2,1,1,0,2,3,1],15,5].
[[2,8,0,1,1,1,2,1,0],10,11].
[[2,8,0,1,2,0,1,2,0],3,13].
[[3,8,0,1,1,0,1,2,0],0,6].
[[3,7,1,1,1,0,1,2,1],10,7].
[[3,5,0,0,0,0,2,1,0],6,2].
[[3,7,1,1,1,0,0,0,0],2,3].
[[2,8,1,1,1,0,2,1,1],1,5].
[[2,7,0,0,0,0,2,3,1],6,5].
[[3,7,0,1,2,0,2,3,1],2,11].
[[2,6,1,1,2,0,2,2,0],3,0].
[[3,3,1,1,2,0,2,2,0],2,0].
[[2,6,1,0,0,0,2,3,0],10,1].
[[3,7,0,0,0,0,2,2,0],3,14].
[[3,6,1,1,2,1,2,3,0],10,0].
[[3,9,2,1,1,1,0,0,0],0,5].
[[3,7,0,1,1,1,2,1,0],1,1].
[[3,7,0,0,0,0,1,1,0],1,2].
[[1,8,0,1,2,1,1,2,1],4,3].
[[2,7,2,1,1,1,2,3,2],6,1].
[[1,5,0,0,0,0,1,2,0],8,1].
[[3,9,2,1,1,0,1,1,0],0,7].
[[2,9,1,1,2,0,1,2,2],5,4].
[[2,7,0,1,2,1,2,1,1],0,5].
[[3,7,0,1,1,1,2,1,1],3,10].
[[3,2,1,0,0,0,2,3,1],6,0].
[[3,6,0,1,2,1,1,2,0],5,4].
[[1,6,1,1,2,1,2,3,0],1,2].
[[3,3,1,1,2,0,0,0,0],10,5].
[[2,9,1,1,2,0,2,2,0],1,5].
[[3,9,1,1,1,1,0,0,0],0,6].
[[2,4,1,1,2,0,2,2,1],10,1].
[[2,3,1,1,2,1,0,0,0],21,0].
[[2,7,0,0,0,0,1,2,2],1,6].
[[3,6,1,1,1,0,1,2,1],1,2].
[[3,9,1,1,1,0,2,2,0],3,4].
[[2,8,1,1,1,0,1,1,1],2,5].
[[3,6,0,1,2,1,2,1,1],3,9].
[[1,7,1,0,0,0,1,2,1],7,2].
[[2,3,1,0,0,0,1,2,1],3,0].
[[3,8,1,1,1,0,2,1,0],2,4].
[[3,7,0,1,1,1,2,2,0],2,4].
[[1,8,1,1,2,0,2,3,0],4,8].
[[1,7,2,1,2,1,2,2,1],8,1].
[[1,8,1,1,1,1,1,2,0],1,1].
[[2,8,1,1,1,1,1,2,0],7,2].
[[2,5,0,1,1,0,2,1,0],0,1].
[[3,5,0,1,1,0,2,1,0],1,1].
[[1,8,1,1,2,0,1,1,1],1,3].
[[1,6,1,1,2,1,2,3,2],15,2].
[[2,7,0,0,0,0,2,2,1],3,7].
[[2,9,1,1,1,0,1,2,2],0,2].
[[2,6,0,1,2,1,1,2,1],1,0].
[[3,6,0,1,1,1,1,2,1],2,2].
[[3,7,1,1,1,0,2,1,1],0,6].
[[2,9,1,1,1,1,2,3,0],3,4].
[[2,7,0,1,2,1,1,2,1],1,1].
[[3,7,0,1,2,1,1,1,1],3,9].
[[2,5,0,0,0,0,1,2,2],4,1].
[[1,7,1,1,2,1,1,2,1],2,1].
[[2,6,1,1,1,1,1,2,0],0,1].
[[3,6,1,1,1,1,1,1,0],0,1].
[[3,7,2,1,2,0,2,1,1],13,2].
[[3,3,2,1,2,0,1,2,2],4,0].
[[2,8,0,1,2,0,2,1,0],3,18].
[[2,5,0,1,1,1,1,2,2],5,0].
[[1,9,2,1,2,0,1,2,0],5,10].
[[2,3,1,0,0,0,2,3,2],5,0].
[[3,3,1,1,2,1,1,2,2],13,1].
[[2,9,2,1,1,0,1,2,1],0,7].
[[2,6,1,0,0,0,1,1,1],8,1].
[[3,7,2,1,1,0,2,1,1],1,1].
[[2,9,1,1,1,1,1,2,0],2,1].
[[3,6,0,1,1,1,2,2,0],0,5].
[[3,3,1,0,0,0,2,3,0],5,0].
[[2,3,2,1,2,1,2,2,1],3,0].
[[2,7,2,1,1,1,1,2,2],5,0].
[[3,6,1,1,1,1,0,0,0],3,0].
[[2,8,1,1,1,0,2,3,0],2,2].
[[3,2,1,1,1,1,0,0,0],1,0].
[[3,8,0,1,1,0,0,0,0],0,3].
[[3,2,1,1,2,0,2,3,1],2,0].
[[3,7,2,0,0,0,0,0,0],5,3].
[[3,3,1,0,0,0,1,1,0],1,0].
[[2,3,1,0,0,0,2,3,1],1,1].
[[3,7,2,1,2,1,0,0,0],5,3].
[[2,7,1,1,2,0,1,2,2],2,5].
[[2,7,1,0,0,0,1,2,0],6,0].
[[2,5,0,1,2,0,1,1,0],8,1].
[[2,7,2,1,1,0,2,1,1],1,0].
[[3,3,2,1,1,0,2,1,1],2,0].
[[3,7,2,1,2,0,0,0,0],2,2].
[[2,6,0,0,0,0,1,2,2],1,3].
[[2,7,0,1,2,1,2,2,1],3,4].
[[1,6,0,0,0,0,2,2,0],1,0].
[[3,6,0,1,1,1,2,1,1],0,2].
[[1,8,1,1,1,1,2,3,0],3,1].
[[3,8,0,1,1,0,2,1,1],0,3].
[[2,9,1,1,2,0,2,3,0],4,2].
[[1,6,1,1,2,1,2,3,1],7,1].
[[3,6,1,0,0,0,2,1,0],4,0].
[[3,7,1,1,1,1,2,1,0],7,5].
[[3,4,0,1,2,0,1,2,1],0,2].
[[3,7,0,1,2,0,2,3,2],4,8].
[[3,5,0,0,0,0,2,3,0],10,0].
[[3,3,1,0,0,0,2,1,1],8,0].
[[1,9,2,1,2,0,1,1,1],2,7].
[[1,6,1,1,2,1,2,2,1],10,1].
[[2,7,1,1,1,1,1,1,1],1,4].
[[3,6,0,1,1,1,2,2,1],2,3].
[[2,5,0,1,2,0,2,1,0],4,0].
[[3,3,1,0,0,0,2,2,0],3,0].
[[3,6,1,1,2,1,0,0,0],5,1].
[[2,9,2,1,1,0,1,1,0],0,1].
[[3,8,0,1,1,0,1,1,0],0,2].
[[2,5,0,1,2,1,2,3,0],7,1].
[[2,7,2,1,1,0,2,2,1],0,1].
[[3,2,1,0,0,0,2,3,2],2,0].
[[3,2,1,1,2,0,0,0,0],2,0].
[[3,3,1,0,0,0,1,2,0],2,0].
[[2,6,0,1,2,1,2,3,1],2,6].
[[3,2,1,1,1,1,2,2,1],1,0].
[[2,7,1,1,1,1,2,3,0],2,0].
[[3,6,0,1,2,0,2,3,0],0,2].
[[3,3,1,1,2,0,1,2,2],2,0].
[[3,6,1,1,1,0,2,2,1],1,2].
[[2,2,1,1,2,1,0,0,0],3,0].
[[3,2,1,1,1,1,2,3,1],1,0].
[[3,7,2,1,1,0,1,1,1],2,3].
[[2,4,1,1,2,0,1,1,0],3,4].
[[3,2,1,0,0,0,0,0,0],2,0].
[[2,6,1,1,1,1,1,1,1],2,1].
[[3,6,1,1,1,1,1,1,1],8,3].
[[1,8,1,1,2,0,1,2,0],0,2].
[[2,7,2,1,2,0,1,1,1],4,4].
[[3,3,1,0,0,0,1,1,1],3,0].
[[3,4,0,1,2,0,2,2,1],0,2].
[[1,8,1,1,1,1,2,1,1],7,2].
[[3,6,1,1,1,0,2,3,2],2,5].
[[3,6,0,1,1,1,2,1,0],0,1].
[[2,9,2,1,1,0,2,3,1],1,9].
[[2,3,1,1,2,1,2,3,2],3,0].
[[2,3,2,1,2,0,2,2,1],1,0].
[[3,3,2,1,2,0,1,2,1],8,0].
[[2,3,2,1,2,0,2,3,2],1,0].
[[3,6,0,1,2,0,2,2,0],0,3].
[[3,2,0,1,2,1,0,0,0],4,2].
[[1,6,1,1,2,1,1,1,1],1,1].
[[2,9,1,1,1,1,1,1,0],0,2].
[[3,7,0,1,1,1,1,2,0],1,3].
[[2,8,1,1,1,1,1,1,0],2,3].
[[3,5,0,1,1,0,1,2,2],1,1].
[[2,6,1,1,2,0,2,3,0],3,0].
[[1,7,2,1,2,0,2,3,1],3,0].
[[2,3,2,1,2,1,2,1,1],1,0].
[[3,3,2,1,1,1,2,3,1],1,0].
[[2,3,1,1,2,1,2,2,0],1,0].
[[3,3,1,1,2,1,2,2,0],5,1].
[[2,7,1,1,2,0,1,1,1],4,2].
[[1,5,0,0,0,0,1,2,1],1,0].
[[2,5,0,0,0,0,1,2,1],7,0].
[[2,9,1,0,0,0,2,2,1],1,3].
[[3,9,1,0,0,0,2,2,1],0,3].
[[1,6,0,0,0,0,2,3,1],0,1].
[[1,7,1,0,0,0,1,1,1],4,0].
[[3,3,1,1,2,0,2,3,0],2,0].
[[1,5,0,1,2,0,2,1,0],1,0].
[[2,9,2,1,1,0,1,2,0],1,5].
[[3,7,0,1,1,1,1,1,0],0,4].
[[2,6,1,1,1,1,2,2,1],2,0].
[[3,9,1,0,0,0,2,3,1],0,3].
[[2,6,1,1,2,0,1,1,1],1,0].
[[3,7,0,1,1,1,1,1,1],2,2].
[[2,3,1,0,0,0,2,1,1],3,0].
[[3,3,1,1,2,0,1,1,1],2,0].
[[3,3,0,1,2,1,2,3,2],0,1].
[[3,7,2,0,0,0,1,1,0],0,1].
[[1,7,1,0,0,0,2,1,0],2,0].
[[2,6,0,1,2,1,1,2,2],0,2].
[[3,6,0,1,1,1,1,2,2],0,1].
[[2,8,1,1,1,0,0,0,0],0,2].
[[3,7,1,1,1,0,2,3,0],1,0].
[[2,2,0,0,0,0,0,0,0],0,3].
[[3,9,1,1,1,0,2,3,0],0,2].
[[3,4,0,1,2,0,1,2,0],0,1].
[[3,8,1,1,1,0,2,3,0],1,6].
[[3,6,1,0,0,0,0,0,0],2,3].
[[3,9,1,1,1,0,1,1,0],0,2].
[[2,5,0,1,1,1,1,2,1],1,0].
[[3,8,1,1,1,0,1,1,0],2,2].
[[1,8,1,0,0,0,1,1,0],3,1].
[[3,9,1,1,2,1,2,1,1],1,1].
[[3,3,1,1,2,1,2,1,0],2,0].
[[3,3,2,1,2,0,1,1,1],2,0].
[[2,9,1,1,2,0,2,2,1],1,0].
[[2,5,0,1,2,0,1,2,2],1,1].
[[3,7,0,1,2,0,2,1,0],0,3].
[[2,9,1,1,2,0,1,1,1],4,6].
[[1,6,1,0,0,0,1,2,1],3,1].
[[1,6,1,1,2,1,1,2,1],1,0].
[[3,4,0,1,2,0,1,1,1],0,2].
[[1,5,0,1,2,1,2,3,0],4,0].
[[3,4,0,1,2,0,1,2,2],0,1].
[[2,3,2,1,2,0,2,3,1],5,0].
[[3,6,1,1,1,0,2,1,1],0,1].
[[3,9,1,1,1,0,2,3,1],0,1].
[[3,3,1,1,1,1,2,2,0],1,0].
[[2,2,1,1,2,1,2,3,1],1,0].
[[2,7,2,1,1,0,1,2,2],0,1].
[[3,3,2,1,1,1,2,1,1],0,1].
[[3,1,1,1,2,0,1,1,0],1,0].
[[2,7,0,0,0,0,1,2,1],0,1].
[[3,6,1,1,2,0,1,2,0],2,0].
[[2,6,1,1,1,1,2,1,1],2,0].
[[3,2,1,1,2,1,2,2,1],5,0].
[[1,7,1,0,0,0,2,2,0],3,0].
[[3,3,0,1,2,1,2,3,1],0,1].
[[2,5,0,1,2,0,1,2,1],1,0].
[[3,8,1,1,2,0,0,0,0],0,1].
[[3,3,0,1,2,1,0,0,0],0,3].
[[2,7,0,1,2,1,1,2,0],0,1].
[[2,9,1,1,1,1,2,2,1],1,0].
[[3,6,0,1,1,1,2,3,2],1,5].
[[3,7,2,1,1,1,0,0,0],2,1].
[[3,3,2,1,1,0,2,3,2],1,0].
[[1,6,0,0,0,0,2,3,0],0,1].
[[2,7,0,0,0,0,2,1,1],1,3].
[[3,7,0,1,2,0,1,2,0],0,1].
[[1,5,0,1,2,1,1,2,0],5,0].
[[2,7,1,1,2,0,1,2,0],0,2].
[[2,6,1,1,2,0,2,1,1],1,1].
[[3,6,0,1,1,1,1,1,1],0,1].
[[2,5,0,1,1,0,1,2,0],0,1].
[[2,9,1,1,1,1,0,0,0],0,2].
[[2,6,1,0,0,0,1,2,0],1,0].
[[3,6,0,1,2,0,2,3,2],0,1].
[[3,7,2,1,2,0,1,1,0],0,1].
[[3,2,0,0,0,0,2,2,1],0,1].
[[1,6,1,0,0,0,2,1,0],2,0].
[[2,6,1,0,0,0,1,1,0],1,0].
[[3,3,1,1,2,1,1,1,0],1,0].
[[2,7,0,1,2,1,2,1,0],1,2].
[[3,5,0,1,1,0,1,2,1],1,1].
[[2,3,1,1,2,1,1,2,1],1,0].
[[2,9,2,1,1,0,2,1,1],1,1].
[[3,7,0,1,1,1,1,2,1],0,4].
[[2,9,2,1,1,0,0,0,0],0,2].
[[2,9,1,1,1,0,1,2,1],0,1].
[[3,6,0,0,0,0,2,1,0],1,2].
[[1,7,2,1,2,0,2,2,1],1,1].
[[2,3,1,1,2,1,2,3,1],1,0].
[[1,6,1,0,0,0,1,1,1],1,0].
[[3,2,1,1,2,1,2,3,2],2,0].
[[3,3,2,1,1,0,2,3,1],2,0].
[[1,7,1,1,2,1,2,1,1],2,0].
[[3,1,1,1,2,0,1,2,1],1,0].
[[3,3,1,1,1,1,2,3,0],1,0].
[[3,8,1,1,1,1,0,0,0],0,2].
[[3,2,1,1,2,1,1,2,2],1,0].
[[2,7,1,1,1,1,2,2,0],1,0].
[[1,7,2,1,2,0,2,1,1],1,0].
[[3,7,1,1,1,0,2,1,0],0,1].
[[1,5,0,1,2,0,1,1,1],1,0].
[[2,3,2,0,0,0,1,1,1],1,0].
[[3,6,1,1,1,1,2,1,0],2,0].
[[1,7,1,1,2,1,2,3,0],1,1].
[[2,9,1,0,0,0,2,1,1],1,1].
[[2,2,1,0,0,0,2,2,1],1,0].
[[3,2,1,1,2,1,1,1,1],1,0].
[[1,7,1,1,2,1,2,1,0],1,1].
[[1,7,2,1,2,0,1,1,1],0,1].
[[2,7,2,1,1,0,1,1,1],0,1].
[[2,3,1,1,2,1,2,1,0],1,0].
[[3,3,1,1,1,1,2,1,0],1,0].
[[3,4,0,1,2,0,2,3,1],0,2].
[[1,8,1,1,2,0,1,1,0],0,1].
[[2,3,1,1,2,1,2,2,1],1,0].
[[1,3,2,0,0,0,1,2,2],1,0].
[[2,3,2,0,0,0,1,2,2],2,0].
[[3,9,1,1,2,0,2,3,1],0,1].
[[3,7,2,1,1,0,1,1,0],0,1].
[[3,2,1,1,2,1,2,1,1],1,0].
[[2,9,1,0,0,0,2,3,1],0,2].
[[2,5,0,1,1,1,2,3,0],1,0].
[[3,6,0,0,0,0,1,1,1],0,1].
[[2,6,0,1,2,1,1,2,0],0,1].
[[3,9,1,1,1,1,2,2,1],0,1].
[[3,6,1,1,2,0,0,0,0],1,0].
[[1,8,1,1,1,1,2,1,0],1,0].
[[2,2,1,0,0,0,2,1,1],1,0].
[[3,2,1,0,0,0,2,1,1],1,0].
[[3,4,0,1,2,0,2,3,2],0,1].
[[3,1,1,1,2,0,1,1,1],1,0].
[[3,6,0,1,1,1,1,2,0],1,1].
[[1,5,0,1,1,1,1,2,0],1,0].
[[3,7,2,1,1,1,1,1,0],0,1].
[[2,7,1,1,1,1,2,1,0],0,1].
[[2,6,1,1,2,0,1,2,2],0,1].
[[3,3,1,1,1,1,2,1,1],1,0].
[[2,9,1,1,1,0,2,3,0],1,0].
[[2,6,1,1,1,1,2,2,0],0,1].
[[3,7,0,1,2,0,1,1,1],1,0].
[[3,3,2,1,1,1,0,0,0],1,0].
