total_WL(18896,17168).
[[1,8,1,0,0,0,2,3,1],895,359].
[[2,8,1,0,0,0,2,3,1],660,318].
[[3,8,1,1,2,0,2,3,1],140,78].
[[1,8,0,0,0,0,0,0,0],784,1099].
[[2,8,0,0,0,0,2,2,1],190,268].
[[3,8,0,1,2,1,1,1,1],88,162].
[[2,8,1,0,0,0,2,2,1],592,274].
[[3,8,1,1,2,0,2,1,1],73,45].
[[1,8,0,1,2,1,2,3,1],70,50].
[[2,7,1,1,2,1,2,3,1],121,42].
[[3,7,1,1,1,1,2,1,1],53,24].
[[2,8,1,0,0,0,1,2,1],384,199].
[[3,8,1,0,0,0,1,2,1],291,150].
[[1,8,0,0,0,0,2,2,1],170,181].
[[2,8,0,1,2,1,2,2,1],187,266].
[[3,8,0,1,1,1,2,1,1],27,51].
[[1,9,2,1,2,1,1,2,0],141,113].
[[2,9,2,1,2,1,1,2,0],148,143].
[[3,9,1,1,2,1,1,2,0],225,441].
[[1,9,2,0,0,0,0,0,0],425,1321].
[[2,9,2,0,0,0,2,3,1],166,341].
[[3,8,1,1,2,1,2,3,1],432,207].
[[1,9,2,0,0,0,2,1,1],461,674].
[[2,9,2,0,0,0,2,1,1],71,134].
[[3,8,1,1,2,1,2,1,1],224,105].
[[1,7,1,0,0,0,0,0,0],334,119].
[[2,7,1,0,0,0,2,1,1],95,31].
[[3,7,1,1,2,1,1,2,1],218,70].
[[3,8,0,1,2,1,2,3,1],171,383].
[[1,9,2,0,0,0,1,1,0],83,128].
[[2,9,1,0,0,0,1,1,0],31,101].
[[3,9,1,0,0,0,1,2,0],68,171].
[[1,9,2,0,0,0,2,3,1],835,1395].
[[2,9,2,1,2,1,2,1,0],57,110].
[[3,9,1,1,2,1,2,3,1],31,129].
[[1,9,2,0,0,0,2,2,0],579,659].
[[2,9,2,1,2,1,2,3,1],157,356].
[[3,9,1,1,2,1,1,2,1],195,529].
[[2,8,0,0,0,0,2,3,1],241,328].
[[3,8,0,1,2,1,1,2,1],233,399].
[[1,8,1,0,0,0,2,2,1],802,294].
[[3,7,1,1,2,1,2,3,1],412,124].
[[1,9,2,0,0,0,2,2,1],748,1143].
[[2,9,1,0,0,0,2,2,1],60,135].
[[3,8,0,0,0,0,2,2,1],55,107].
[[1,7,2,0,0,0,0,0,0],321,32].
[[2,7,2,0,0,0,2,2,1],117,10].
[[3,3,2,0,0,0,2,2,1],11,0].
[[1,9,2,1,2,1,2,3,0],426,474].
[[2,8,1,1,1,1,1,2,1],75,36].
[[3,4,1,1,2,0,1,2,1],149,20].
[[2,9,2,1,2,0,1,2,1],25,70].
[[1,9,2,0,0,0,2,3,0],952,1148].
[[2,9,2,1,2,1,2,3,0],198,398].
[[3,9,1,1,2,1,2,3,0],38,276].
[[2,9,1,0,0,0,2,3,1],52,146].
[[1,8,0,0,0,0,2,3,0],200,152].
[[2,8,0,0,0,0,2,3,0],270,296].
[[3,8,0,0,0,0,2,3,0],100,194].
[[2,8,0,1,2,1,2,1,1],123,137].
[[3,8,0,1,2,1,2,1,1],104,190].
[[1,8,1,0,0,0,1,1,1],74,65].
[[2,7,1,0,0,0,1,1,1],28,9].
[[3,7,1,1,2,1,1,1,1],97,59].
[[3,7,0,1,2,1,2,2,1],47,49].
[[1,9,2,1,2,1,2,1,1],232,263].
[[2,9,2,1,1,1,1,2,1],58,57].
[[3,8,1,1,1,1,1,2,1],216,152].
[[2,8,0,1,2,1,2,2,0],155,141].
[[3,7,1,1,2,1,2,2,0],99,49].
[[2,8,1,1,2,1,1,2,0],102,41].
[[3,8,1,1,2,1,1,2,0],249,109].
[[1,8,1,0,0,0,0,0,0],1894,853].
[[3,8,1,0,0,0,2,3,1],183,95].
[[1,8,1,1,2,1,0,0,0],650,241].
[[2,7,1,1,1,1,0,0,0],35,11].
[[3,7,1,1,1,1,2,3,1],99,46].
[[1,8,1,0,0,0,2,3,0],307,99].
[[3,8,1,1,2,0,1,1,0],15,19].
[[1,7,2,1,2,1,2,1,1],12,1].
[[2,7,2,1,2,1,2,1,1],44,2].
[[3,7,1,1,2,1,2,1,1],206,72].
[[1,8,1,1,2,1,2,3,1],291,126].
[[2,8,1,1,2,1,2,3,1],624,269].
[[2,7,2,1,2,1,2,2,1],63,2].
[[3,7,2,1,2,1,2,2,1],127,5].
[[3,7,1,1,2,1,2,2,1],350,124].
[[1,9,2,1,2,1,0,0,0],187,562].
[[2,9,1,1,2,1,2,3,1],51,141].
[[3,8,0,1,1,1,2,3,1],56,114].
[[3,8,0,0,0,0,2,3,1],77,167].
[[1,9,2,1,2,1,2,3,1],394,530].
[[2,9,1,1,1,1,2,3,1],27,27].
[[3,9,1,1,1,1,2,3,1],8,50].
[[2,8,0,0,0,0,0,0,0],89,353].
[[3,7,1,1,2,0,0,0,0],46,35].
[[1,9,2,1,2,0,2,2,1],26,49].
[[2,9,2,1,2,0,2,2,1],25,54].
[[3,9,1,1,2,0,1,2,1],50,180].
[[2,9,2,0,0,0,1,2,1],211,291].
[[3,5,0,1,2,0,1,1,1],29,6].
[[1,8,0,1,2,1,0,0,0],269,331].
[[2,8,0,1,2,1,2,3,0],220,243].
[[3,8,0,1,2,1,1,2,0],272,240].
[[1,9,2,1,1,1,1,1,0],5,10].
[[2,8,0,1,1,1,1,1,0],9,5].
[[3,4,1,1,2,0,1,1,0],34,4].
[[2,7,1,0,0,0,2,2,1],165,52].
[[3,7,1,0,0,0,1,1,1],50,17].
[[2,8,1,0,0,0,2,1,1],385,171].
[[3,7,2,0,0,0,2,1,1],44,7].
[[1,9,2,0,0,0,1,2,0],313,288].
[[2,8,0,1,2,1,1,2,0],78,51].
[[3,8,1,1,2,0,2,2,1],131,67].
[[3,9,1,0,0,0,1,2,1],83,237].
[[3,8,0,1,2,1,2,3,0],213,480].
[[1,8,1,1,2,0,2,2,0],8,8].
[[2,7,1,1,2,0,2,2,0],6,3].
[[1,9,2,1,2,1,1,2,1],135,186].
[[2,8,1,1,2,1,1,2,1],289,146].
[[3,8,1,1,2,1,1,2,1],638,330].
[[2,6,0,0,0,0,0,0,0],39,54].
[[3,6,0,0,0,0,2,2,1],7,12].
[[2,9,1,1,2,1,2,2,0],53,111].
[[3,8,1,1,2,1,2,2,0],87,71].
[[2,8,1,0,0,0,0,0,0],204,115].
[[3,8,1,1,2,0,0,0,0],2,0].
[[2,9,2,0,0,0,1,1,0],27,45].
[[3,9,1,1,2,0,1,1,0],14,42].
[[2,8,0,0,0,0,2,2,0],180,172].
[[1,9,2,1,2,1,2,2,1],344,444].
[[2,9,2,1,1,1,2,2,0],41,53].
[[3,8,0,1,1,1,2,2,0],47,89].
[[1,8,0,0,0,0,1,1,0],6,4].
[[2,8,0,0,0,0,1,1,0],37,22].
[[3,7,0,1,2,1,1,1,0],4,1].
[[1,7,1,1,2,1,0,0,0],61,24].
[[2,3,1,1,2,1,0,0,0],18,3].
[[3,3,1,1,2,1,2,3,1],36,8].
[[2,7,1,1,2,1,0,0,0],239,102].
[[3,8,1,0,0,0,2,1,1],95,33].
[[1,8,1,0,0,0,2,1,1],454,178].
[[3,7,1,1,2,0,2,3,1],117,55].
[[2,9,1,1,2,0,1,1,0],8,24].
[[3,5,0,1,2,0,1,1,0],24,7].
[[1,8,1,1,2,0,1,1,1],4,5].
[[2,7,1,1,2,0,1,1,1],3,3].
[[3,7,1,1,1,0,1,1,1],6,4].
[[2,8,1,1,2,0,1,2,1],74,64].
[[3,8,1,1,2,0,1,2,1],223,136].
[[1,8,1,1,2,1,2,2,1],248,109].
[[2,7,1,1,2,1,2,2,1],108,37].
[[3,3,1,1,2,1,2,2,1],33,2].
[[1,7,1,1,2,1,2,3,1],11,1].
[[2,7,1,1,2,1,1,2,1],36,9].
[[3,7,1,1,1,1,1,2,1],67,19].
[[1,9,2,1,2,0,1,2,1],11,19].
[[2,8,0,1,2,0,1,2,1],16,16].
[[2,9,2,0,0,0,2,3,0],168,370].
[[3,8,1,1,2,0,2,3,0],39,43].
[[2,8,1,1,2,1,2,3,0],202,101].
[[3,8,1,1,1,1,1,2,0],80,41].
[[2,3,2,0,0,0,0,0,0],50,0].
[[3,3,2,0,0,0,2,3,1],22,0].
[[2,9,2,1,2,1,2,2,1],96,233].
[[3,9,1,1,2,1,2,2,1],32,119].
[[2,7,1,0,0,0,2,3,1],188,58].
[[3,7,1,1,2,0,1,2,1],83,25].
[[2,6,1,0,0,0,2,2,1],73,3].
[[3,3,1,0,0,0,2,2,1],29,2].
[[1,9,2,1,2,0,1,2,0],13,16].
[[2,9,1,1,1,0,1,2,0],1,4].
[[3,8,0,1,1,0,1,2,0],5,7].
[[2,9,2,1,2,1,1,2,1],211,290].
[[3,9,1,1,1,1,1,2,1],59,228].
[[2,9,2,1,2,0,2,3,0],33,94].
[[3,7,0,0,0,0,2,2,0],18,13].
[[2,8,1,0,0,0,2,2,0],147,64].
[[2,7,0,1,2,1,0,0,0],39,22].
[[3,7,0,1,1,1,2,3,1],11,14].
[[3,8,0,1,2,1,1,1,0],63,90].
[[2,8,1,1,2,1,2,2,1],442,191].
[[3,7,1,1,1,1,2,2,1],68,43].
[[3,8,0,1,1,1,2,3,0],70,133].
[[3,3,1,1,1,1,0,0,0],9,0].
[[3,9,1,1,2,0,2,1,1],11,24].
[[2,9,2,1,1,0,2,2,1],0,2].
[[3,8,0,1,1,0,2,2,1],3,16].
[[2,8,0,0,0,0,2,1,0],85,89].
[[3,9,1,1,2,0,2,2,0],6,55].
[[2,8,1,0,0,0,1,2,0],124,39].
[[3,8,1,0,0,0,1,2,0],86,35].
[[2,9,1,1,1,1,2,2,0],23,20].
[[3,9,1,1,1,1,2,2,0],6,64].
[[1,8,0,0,0,0,2,3,1],186,202].
[[1,7,2,0,0,0,2,3,1],72,4].
[[2,7,2,0,0,0,1,2,1],46,8].
[[3,7,2,0,0,0,1,2,1],64,1].
[[1,8,0,0,0,0,2,2,0],127,92].
[[2,8,0,1,2,1,1,1,0],16,21].
[[3,8,0,1,1,1,1,1,0],23,38].
[[2,8,1,1,1,1,0,0,0],40,22].
[[3,7,1,1,1,1,0,0,0],36,22].
[[3,6,1,0,0,0,1,2,1],32,3].
[[2,9,2,0,0,0,2,2,1],109,251].
[[3,8,1,0,0,0,2,2,1],156,81].
[[3,9,2,1,1,1,2,3,0],7,35].
[[1,9,2,1,1,1,0,0,0],42,62].
[[2,9,2,1,1,1,2,3,0],52,81].
[[3,4,1,1,2,0,2,2,1],51,9].
[[2,8,1,0,0,0,2,3,0],217,109].
[[3,7,1,1,2,0,2,3,0],33,18].
[[1,7,2,0,0,0,2,3,0],12,0].
[[2,7,2,1,2,0,2,3,1],27,6].
[[3,7,2,1,2,0,1,2,0],10,0].
[[2,7,2,1,2,0,0,0,0],45,9].
[[2,9,1,0,0,0,1,2,0],128,170].
[[3,8,0,0,0,0,1,2,0],129,97].
[[1,8,1,1,1,1,0,0,0],55,18].
[[2,8,1,1,1,1,2,2,1],96,41].
[[3,8,1,1,1,1,2,1,1],65,33].
[[1,9,2,0,0,0,1,2,1],303,373].
[[2,8,0,0,0,0,1,2,1],99,101].
[[3,6,0,0,0,0,1,2,1],2,3].
[[3,8,0,1,2,0,2,2,1],25,81].
[[3,9,2,1,2,1,1,2,1],34,114].
[[3,9,1,1,1,1,2,3,0],11,91].
[[2,9,1,1,2,1,2,3,0],75,214].
[[2,9,2,1,2,1,2,2,0],126,231].
[[3,8,0,1,2,1,2,2,0],137,290].
[[3,7,1,1,2,0,2,1,1],78,28].
[[2,7,1,1,2,1,2,2,0],26,8].
[[3,7,1,0,0,0,2,1,1],108,36].
[[3,9,1,0,0,0,2,3,0],10,93].
[[2,7,2,1,2,1,0,0,0],107,5].
[[3,7,2,1,1,1,2,3,1],53,3].
[[3,8,1,0,0,0,1,1,1],110,97].
[[2,7,2,1,2,1,2,3,1],91,7].
[[3,3,2,1,2,1,2,3,1],27,0].
[[2,9,2,0,0,0,0,0,0],8,83].
[[3,8,0,1,2,0,0,0,0],0,26].
[[3,7,1,1,2,1,0,0,0],152,75].
[[2,8,1,1,2,0,0,0,0],50,36].
[[1,9,2,1,1,1,2,2,0],42,35].
[[2,4,1,1,2,0,2,2,0],9,3].
[[3,8,0,1,1,1,1,1,1],30,44].
[[3,8,1,1,2,1,2,2,1],312,163].
[[2,8,0,1,2,1,2,3,1],212,284].
[[1,9,2,0,0,0,2,1,0],223,322].
[[2,9,1,0,0,0,2,1,0],17,50].
[[3,8,1,1,2,1,2,1,0],36,31].
[[2,8,1,1,2,0,2,2,1],146,77].
[[2,8,1,1,2,1,0,0,0],132,87].
[[3,6,1,1,2,0,2,3,1],30,2].
[[1,9,2,1,2,1,2,2,0],264,282].
[[2,9,1,1,1,1,1,2,0],50,34].
[[3,9,1,1,1,1,1,2,0],73,178].
[[1,8,1,0,0,0,1,2,1],189,120].
[[1,9,2,0,0,0,1,1,1],133,159].
[[2,8,0,0,0,0,1,1,1],36,42].
[[3,8,0,1,2,0,1,1,1],22,52].
[[3,9,2,1,2,1,2,1,1],2,8].
[[1,9,2,1,1,1,2,3,1],55,48].
[[3,8,1,1,1,1,2,2,1],119,47].
[[2,9,1,1,2,1,1,2,0],155,223].
[[1,8,1,0,0,0,2,2,0],164,63].
[[2,7,1,0,0,0,2,2,0],28,10].
[[3,7,0,0,0,0,0,0,0],11,30].
[[2,8,1,1,2,1,1,1,1],113,108].
[[2,8,0,1,2,1,0,0,0],115,353].
[[3,7,2,1,2,0,1,2,1],65,6].
[[1,9,2,1,1,1,2,1,1],27,19].
[[2,9,2,1,1,1,2,1,1],25,34].
[[2,9,1,1,2,1,1,2,1],100,198].
[[2,8,0,1,2,1,1,2,1],80,96].
[[1,8,1,1,2,0,1,2,1],8,7].
[[3,8,1,1,2,0,1,1,1],105,78].
[[3,8,0,1,1,1,2,2,1],43,76].
[[3,8,0,1,2,0,1,2,1],53,91].
[[3,7,0,0,0,0,2,3,0],20,21].
[[3,6,1,0,0,0,2,1,1],31,3].
[[1,9,2,1,2,1,1,1,1],63,67].
[[2,9,2,1,1,1,1,1,1],27,21].
[[3,5,0,1,1,1,1,1,1],55,8].
[[2,8,1,1,2,1,2,2,0],139,72].
[[3,8,1,1,2,1,1,1,0],50,52].
[[3,8,0,1,2,1,2,2,1],133,285].
[[3,9,1,0,0,0,2,2,1],20,29].
[[3,9,1,1,1,1,2,1,1],7,33].
[[2,5,0,1,1,1,1,1,1],10,0].
[[3,9,2,1,2,1,2,2,0],7,35].
[[2,9,1,0,0,0,2,3,0],85,178].
[[3,5,0,0,0,0,1,1,1],56,2].
[[2,9,2,0,0,0,2,1,0],56,91].
[[3,9,1,1,2,0,1,2,0],50,132].
[[3,6,1,1,2,1,2,3,0],48,3].
[[2,7,0,0,0,0,2,3,0],5,5].
[[3,7,0,1,2,0,2,3,0],14,10].
[[1,6,1,0,0,0,0,0,0],301,16].
[[2,3,1,0,0,0,0,0,0],32,5].
[[3,3,1,1,2,1,2,1,1],17,1].
[[1,9,2,1,2,1,1,1,0],37,51].
[[2,9,1,1,2,1,1,1,0],27,70].
[[3,9,1,1,2,1,1,1,0],51,167].
[[3,7,1,0,0,0,2,3,1],219,86].
[[3,8,0,1,2,0,2,3,0],39,131].
[[2,8,1,0,0,0,1,1,1],134,113].
[[1,8,1,1,1,1,2,3,0],9,4].
[[2,8,1,1,1,1,1,2,0],22,8].
[[3,4,1,1,2,0,1,2,0],75,17].
[[2,8,0,1,1,1,1,1,1],7,8].
[[2,8,0,1,1,1,2,2,1],26,32].
[[2,9,1,0,0,0,2,1,1],42,104].
[[3,9,1,0,0,0,2,1,1],11,24].
[[3,3,2,1,2,0,0,0,0],24,1].
[[3,9,2,1,2,1,1,1,1],27,71].
[[2,7,1,0,0,0,0,0,0],356,134].
[[3,8,1,1,2,1,2,3,0],79,94].
[[3,8,0,1,2,0,2,2,0],36,71].
[[1,8,0,0,0,0,2,1,1],90,88].
[[2,8,0,0,0,0,2,1,1],138,162].
[[3,8,0,0,0,0,1,2,1],94,160].
[[2,9,1,1,1,1,2,1,1],15,22].
[[3,4,1,1,2,0,2,1,1],50,9].
[[2,8,0,1,2,1,2,1,0],64,73].
[[3,8,0,1,1,1,1,2,0],94,76].
[[3,7,0,0,0,0,2,1,0],6,4].
[[3,7,1,1,2,1,2,3,0],114,55].
[[2,9,1,1,2,0,1,2,0],24,59].
[[2,8,0,1,1,1,0,0,0],18,40].
[[1,8,0,1,2,1,2,2,1],54,57].
[[3,7,1,0,0,0,1,2,1],139,32].
[[2,9,1,1,2,0,2,2,1],10,42].
[[2,4,1,1,2,0,1,1,1],9,2].
[[3,4,1,1,2,0,1,1,1],63,8].
[[2,9,2,1,2,1,0,0,0],0,91].
[[2,9,1,1,2,1,1,1,1],48,82].
[[3,9,1,1,1,1,1,1,1],19,90].
[[3,8,0,1,2,1,0,0,0],0,95].
[[1,8,0,0,0,0,2,1,0],62,54].
[[2,8,0,1,2,0,2,1,0],6,11].
[[3,7,0,1,2,0,2,1,0],1,3].
[[2,8,1,1,1,1,2,1,1],65,23].
[[3,7,1,0,0,0,2,2,1],169,62].
[[3,7,2,0,0,0,2,3,0],14,1].
[[3,7,1,0,0,0,0,0,0],76,34].
[[2,8,1,1,1,1,2,3,1],112,42].
[[3,8,0,1,2,1,2,1,0],47,115].
[[3,9,1,1,1,0,2,2,0],2,9].
[[3,7,2,1,2,1,2,3,1],171,10].
[[2,9,2,1,2,1,2,1,1],66,134].
[[3,8,0,1,1,1,2,1,0],13,40].
[[3,7,1,0,0,0,2,1,0],29,7].
[[3,7,2,1,1,1,1,2,1],29,7].
[[2,7,2,0,0,0,0,0,0],200,17].
[[2,8,1,1,2,1,2,1,1],302,127].
[[3,8,1,1,2,1,1,1,1],233,174].
[[1,8,1,1,2,1,1,2,1],78,36].
[[2,7,2,0,0,0,2,3,1],123,12].
[[3,7,2,0,0,0,2,3,1],72,7].
[[3,9,1,1,2,1,2,2,0],22,169].
[[3,9,1,1,2,1,1,1,1],69,194].
[[1,8,1,1,2,1,2,3,0],95,35].
[[3,7,1,1,2,1,1,2,0],87,8].
[[1,9,2,1,2,0,1,1,1],7,8].
[[2,9,2,1,2,0,1,1,1],16,31].
[[3,9,1,1,1,0,1,1,0],2,10].
[[2,9,2,1,2,0,1,2,0],26,40].
[[3,9,1,1,1,0,1,2,0],4,37].
[[3,7,0,1,1,1,0,0,0],2,10].
[[3,8,0,1,2,0,1,1,0],16,27].
[[2,7,0,0,0,0,2,2,0],6,2].
[[3,8,1,1,1,1,2,3,0],38,42].
[[3,8,0,1,1,1,0,0,0],0,28].
[[2,7,0,0,0,0,0,0,0],37,46].
[[3,7,0,1,2,1,2,1,1],25,17].
[[3,8,0,1,1,1,1,2,1],70,125].
[[1,8,1,1,2,1,2,1,1],147,60].
[[3,7,2,0,0,0,2,2,1],90,7].
[[2,8,0,0,0,0,1,2,0],107,64].
[[3,9,2,1,2,0,1,2,1],10,37].
[[3,7,2,0,0,0,0,0,0],21,0].
[[3,8,0,0,0,0,2,1,0],17,54].
[[2,9,2,0,0,0,2,2,0],124,234].
[[3,8,0,0,0,0,2,2,0],48,117].
[[3,8,0,0,0,0,2,1,1],29,70].
[[1,6,0,0,0,0,2,3,0],2,4].
[[2,6,0,0,0,0,2,3,0],13,3].
[[3,6,0,1,2,0,2,3,0],2,8].
[[1,7,1,1,2,1,2,2,1],11,2].
[[2,9,2,0,0,0,1,2,0],140,127].
[[1,9,2,1,1,1,2,3,0],66,46].
[[1,6,1,1,2,1,0,0,0],64,7].
[[2,3,2,1,2,1,0,0,0],27,0].
[[3,3,2,1,2,1,0,0,0],49,1].
[[3,5,0,1,2,1,1,2,0],121,4].
[[2,7,0,1,2,1,2,3,0],15,4].
[[3,7,0,1,2,1,2,1,0],21,17].
[[1,8,1,1,2,1,2,1,0],29,7].
[[2,8,1,1,2,1,2,1,0],53,23].
[[3,7,1,1,2,1,2,1,0],42,10].
[[3,8,0,1,2,0,2,1,1],17,44].
[[3,9,1,1,2,1,2,1,1],21,80].
[[2,7,1,1,2,1,2,1,1],55,23].
[[3,9,1,0,0,0,2,1,0],5,20].
[[3,7,0,0,0,0,1,2,0],14,6].
[[2,9,1,1,2,1,2,2,1],49,120].
[[2,9,1,0,0,0,1,2,1],106,202].
[[3,9,2,1,1,1,1,2,1],12,48].
[[3,9,2,0,0,0,1,1,1],20,31].
[[2,9,2,1,1,1,2,3,1],60,69].
[[3,8,1,1,1,1,2,3,1],143,71].
[[2,8,1,0,0,0,2,1,0],68,27].
[[3,8,1,0,0,0,2,1,0],11,9].
[[3,8,0,1,2,0,2,3,1],56,99].
[[1,8,1,1,2,0,0,0,0],84,66].
[[2,7,1,1,2,0,0,0,0],50,19].
[[1,7,2,0,0,0,2,2,1],66,5].
[[3,8,1,1,1,0,1,2,1],25,48].
[[1,7,2,1,2,1,0,0,0],73,6].
[[3,9,2,1,2,1,2,3,1],6,35].
[[3,7,1,0,0,0,2,3,0],65,26].
[[2,8,0,1,1,1,2,1,1],20,11].
[[1,9,2,1,1,1,1,2,1],23,16].
[[2,4,1,1,2,0,1,2,1],20,1].
[[3,7,0,1,2,1,0,0,0],36,59].
[[2,9,1,1,2,0,2,2,0],12,30].
[[3,7,2,1,2,1,1,1,1],42,20].
[[3,9,2,1,2,1,1,2,0],33,51].
[[3,7,0,1,1,1,2,1,1],4,6].
[[3,5,0,0,0,0,1,1,0],27,12].
[[2,9,1,1,2,0,1,2,1],20,45].
[[3,4,1,1,2,0,2,2,0],44,8].
[[2,8,0,1,1,1,1,2,1],14,14].
[[2,8,0,1,2,0,2,2,0],19,20].
[[3,7,0,1,2,0,2,2,0],7,3].
[[2,6,1,0,0,0,0,0,0],190,15].
[[3,6,1,1,2,1,0,0,0],38,3].
[[2,9,1,1,2,1,2,1,1],48,98].
[[1,8,1,0,0,0,1,2,0],38,24].
[[3,6,1,1,2,1,1,2,0],18,1].
[[1,8,0,1,2,1,2,3,0],73,44].
[[3,7,0,1,1,1,2,3,0],16,15].
[[3,7,1,1,2,0,1,1,0],8,7].
[[3,6,1,1,2,1,2,2,1],78,1].
[[2,8,0,1,2,0,2,3,1],26,52].
[[1,6,0,0,0,0,2,3,1],3,0].
[[2,6,0,0,0,0,2,3,1],6,4].
[[3,6,0,1,2,1,1,2,1],6,10].
[[3,7,2,1,1,1,2,2,1],33,2].
[[2,8,0,1,1,1,2,3,1],34,44].
[[3,9,1,0,0,0,1,1,0],19,71].
[[2,9,2,1,2,0,2,3,1],35,101].
[[2,8,1,1,2,0,2,1,1],86,58].
[[2,8,1,1,1,0,2,2,0],1,2].
[[3,7,2,1,1,0,1,2,1],12,6].
[[1,8,0,0,0,0,1,2,0],29,13].
[[2,6,0,0,0,0,1,2,0],2,0].
[[3,6,0,1,2,0,1,2,0],4,1].
[[1,9,2,1,2,0,2,3,0],43,73].
[[3,7,2,1,2,1,1,2,1],145,10].
[[3,9,1,1,1,1,1,1,0],19,62].
[[3,8,0,0,0,0,0,0,0],0,35].
[[3,4,1,1,2,0,2,3,0],54,5].
[[3,6,1,1,2,1,1,2,1],58,11].
[[3,9,1,1,2,0,2,2,1],7,38].
[[2,9,2,1,2,0,2,2,0],27,58].
[[2,8,0,1,2,0,2,1,1],18,27].
[[3,9,2,1,1,1,1,2,0],15,12].
[[2,7,1,0,0,0,1,2,1],48,13].
[[3,9,2,1,2,1,2,3,0],11,63].
[[3,7,0,1,2,1,2,3,1],50,59].
[[1,9,2,1,2,0,2,3,1],28,78].
[[3,7,0,1,2,0,2,3,1],5,6].
[[2,9,2,0,0,0,1,1,1],78,125].
[[3,5,0,0,0,0,1,2,1],2,0].
[[1,9,2,1,2,0,0,0,0],12,57].
[[2,9,1,1,2,0,2,3,0],10,49].
[[1,7,2,1,2,1,2,3,1],15,6].
[[3,8,0,1,1,0,1,2,1],1,12].
[[1,9,2,1,2,1,2,1,0],121,134].
[[2,9,2,1,2,0,2,1,1],11,33].
[[1,8,1,1,2,0,2,1,1],12,13].
[[3,7,2,1,2,0,2,1,1],29,5].
[[3,6,1,1,2,0,1,1,1],8,3].
[[1,8,1,0,0,0,2,1,0],87,22].
[[2,9,1,1,1,1,1,2,1],29,36].
[[3,9,1,1,1,0,2,1,0],0,8].
[[3,7,1,0,0,0,1,2,0],40,11].
[[2,9,2,1,2,1,1,1,0],35,39].
[[2,6,1,0,0,0,2,3,1],65,5].
[[2,9,1,0,0,0,2,2,0],52,113].
[[3,8,0,1,2,0,1,2,0],66,57].
[[2,6,0,1,2,1,2,2,0],2,3].
[[3,6,0,1,2,1,2,2,0],13,12].
[[1,9,2,1,2,0,2,2,0],22,32].
[[2,9,1,1,2,0,2,1,1],7,25].
[[3,8,1,1,1,1,2,1,0],8,10].
[[3,6,1,1,1,1,2,2,0],8,0].
[[3,7,1,1,2,0,2,2,1],92,41].
[[2,6,1,1,2,1,0,0,0],101,7].
[[3,6,1,1,2,1,2,1,1],60,8].
[[2,8,1,1,1,1,2,1,0],8,4].
[[3,4,1,1,2,0,2,1,0],10,2].
[[2,9,2,1,1,1,1,2,0],36,33].
[[3,5,0,1,1,1,1,2,0],45,3].
[[3,9,1,0,0,0,2,2,0],14,71].
[[2,7,1,1,1,1,2,2,1],14,6].
[[3,7,2,1,2,0,0,0,0],17,1].
[[3,3,1,1,2,1,0,0,0],70,8].
[[2,7,1,1,2,1,2,3,0],46,10].
[[3,7,1,1,1,1,2,3,0],33,18].
[[3,3,2,1,1,1,0,0,0],7,0].
[[3,7,1,1,1,0,2,3,1],11,17].
[[1,9,2,1,1,1,2,2,1],56,43].
[[3,7,2,0,0,0,1,1,1],25,15].
[[3,6,0,0,0,0,2,3,1],15,12].
[[2,9,1,0,0,0,1,1,1],44,83].
[[2,8,0,1,2,0,2,3,0],33,45].
[[3,8,0,1,1,0,2,3,0],3,21].
[[2,6,0,1,2,1,2,3,1],14,6].
[[3,3,2,1,2,1,2,2,1],23,0].
[[2,6,1,1,2,1,2,2,1],41,2].
[[3,6,1,1,1,1,1,1,1],9,3].
[[2,5,0,1,1,1,1,1,0],3,2].
[[3,5,0,1,1,1,1,1,0],20,11].
[[2,8,1,1,2,0,2,3,1],159,89].
[[3,6,1,1,1,0,2,3,1],4,3].
[[3,6,1,1,2,1,2,3,1],87,4].
[[3,7,2,1,2,1,2,3,0],18,2].
[[3,9,1,0,0,0,2,3,1],12,43].
[[2,8,1,1,2,0,2,3,0],49,45].
[[3,8,1,1,1,1,1,1,1],85,84].
[[3,9,2,1,1,1,1,1,1],24,30].
[[3,7,0,1,2,1,2,3,0],43,39].
[[1,7,2,1,2,0,0,0,0],18,6].
[[2,7,2,1,2,0,2,2,1],27,11].
[[3,7,2,1,2,0,2,2,1],54,9].
[[2,8,0,1,1,1,2,3,0],38,30].
[[3,5,0,0,0,0,1,2,0],41,1].
[[2,4,1,1,2,0,2,2,1],19,4].
[[3,7,1,1,2,0,2,2,0],26,11].
[[1,6,1,0,0,0,2,2,1],25,4].
[[2,6,1,0,0,0,1,1,1],4,4].
[[3,7,1,1,2,0,1,1,1],37,14].
[[1,8,0,0,0,0,1,1,1],0,6].
[[3,8,0,0,0,0,1,1,0],21,42].
[[2,8,0,1,2,0,0,0,0],9,54].
[[3,9,1,1,2,0,2,3,0],6,70].
[[1,7,1,0,0,0,2,2,1],35,9].
[[3,7,1,1,1,1,2,2,0],17,14].
[[2,6,0,1,2,1,0,0,0],20,28].
[[3,6,0,1,1,1,0,0,0],2,7].
[[2,8,1,0,0,0,1,1,0],33,24].
[[2,7,1,0,0,0,2,3,0],71,19].
[[3,5,0,1,2,1,1,1,1],155,9].
[[1,6,1,0,0,0,2,3,1],20,2].
[[3,6,1,0,0,0,2,3,1],62,6].
[[2,7,1,1,2,1,1,2,0],12,3].
[[2,8,0,1,2,0,1,2,0],14,6].
[[3,7,1,1,2,0,1,2,0],21,5].
[[1,7,2,0,0,0,2,1,1],28,3].
[[3,7,2,1,1,1,2,1,1],26,2].
[[2,9,1,1,1,1,2,3,0],26,28].
[[2,8,1,1,2,0,1,1,0],7,9].
[[2,8,1,1,1,1,1,1,1],34,19].
[[2,7,2,1,1,1,2,1,1],6,1].
[[2,8,1,1,2,0,2,2,0],37,24].
[[3,8,1,1,2,0,2,2,0],28,31].
[[2,7,2,0,0,0,1,1,1],16,3].
[[3,9,1,1,2,1,2,1,0],3,53].
[[2,7,0,0,0,0,2,1,0],2,2].
[[3,7,2,1,2,1,2,1,1],78,4].
[[3,5,0,1,2,0,1,2,0],32,0].
[[2,9,1,0,0,0,0,0,0],0,24].
[[3,7,2,1,1,1,0,0,0],13,2].
[[1,3,2,0,0,0,0,0,0],30,0].
[[3,3,2,0,0,0,0,0,0],22,0].
[[3,5,0,1,2,1,1,1,0],68,15].
[[1,7,1,0,0,0,2,3,0],17,1].
[[2,3,1,0,0,0,2,2,1],3,0].
[[3,3,1,0,0,0,1,2,1],8,0].
[[1,8,1,1,1,1,1,1,1],4,2].
[[2,6,1,0,0,0,2,1,1],49,1].
[[2,8,1,1,1,1,2,3,0],31,21].
[[3,9,2,1,2,1,2,1,0],3,30].
[[3,8,1,0,0,0,2,3,0],42,43].
[[3,7,1,1,1,1,1,1,1],28,21].
[[1,8,1,1,2,0,2,2,1],36,24].
[[3,7,1,1,1,0,2,2,1],13,17].
[[1,7,2,0,0,0,1,2,1],12,4].
[[2,7,2,1,2,1,1,2,1],31,7].
[[1,9,2,1,1,1,1,2,0],16,10].
[[2,9,2,1,1,1,0,0,0],1,23].
[[2,9,2,1,1,1,2,2,1],35,54].
[[3,9,1,1,1,1,2,2,1],10,55].
[[2,6,1,1,1,1,0,0,0],12,1].
[[3,6,1,1,1,1,2,2,1],23,3].
[[2,9,2,1,1,1,2,1,0],9,22].
[[1,8,1,1,1,1,2,3,1],33,9].
[[3,8,1,1,1,0,1,2,0],10,16].
[[2,8,1,1,2,0,1,1,1],36,26].
[[3,7,1,1,1,1,2,1,0],5,4].
[[2,8,1,1,1,0,2,3,1],4,13].
[[2,5,0,1,2,1,1,1,1],30,1].
[[2,4,1,1,2,0,2,3,0],23,4].
[[3,7,0,1,2,0,0,0,0],3,12].
[[3,6,1,1,2,0,2,2,1],30,1].
[[2,7,0,0,0,0,1,1,0],0,1].
[[3,7,0,0,0,0,1,1,0],4,3].
[[3,3,0,1,2,1,0,0,0],0,3].
[[2,9,1,1,1,1,1,1,1],10,11].
[[1,8,0,1,2,1,2,1,1],27,26].
[[3,6,0,0,0,0,2,2,0],10,4].
[[3,9,2,1,2,0,2,2,0],0,11].
[[2,8,0,1,1,1,2,2,0],31,22].
[[1,6,0,0,0,0,0,0,0],32,31].
[[3,6,0,0,0,0,2,1,1],5,7].
[[2,8,0,1,2,1,1,1,1],31,38].
[[1,6,1,0,0,0,2,1,1],16,1].
[[2,6,1,1,2,1,1,2,1],13,1].
[[2,9,1,1,1,1,1,1,0],12,23].
[[2,7,1,1,2,1,1,1,1],16,8].
[[3,3,1,1,2,1,1,1,1],4,0].
[[2,7,1,1,1,1,2,1,1],9,2].
[[3,8,1,1,1,0,2,2,0],6,6].
[[3,6,0,1,2,1,2,3,0],22,30].
[[1,9,2,1,1,1,1,1,1],10,6].
[[3,7,0,1,2,1,1,2,1],18,12].
[[2,5,0,0,0,0,1,1,0],12,2].
[[2,8,0,1,2,0,2,2,1],23,46].
[[3,7,0,1,2,0,2,2,1],4,5].
[[1,8,0,1,2,1,2,1,0],21,10].
[[3,3,1,0,0,0,0,0,0],41,7].
[[2,5,0,1,2,1,1,1,0],12,8].
[[1,8,1,1,2,1,1,2,0],21,12].
[[2,6,1,1,2,1,1,2,0],2,0].
[[1,9,2,1,2,0,1,1,0],7,9].
[[2,8,1,1,1,0,1,1,0],2,0].
[[3,8,1,1,1,0,1,1,0],4,9].
[[2,8,1,1,2,1,1,1,0],21,24].
[[3,9,2,0,0,0,1,1,0],2,4].
[[3,8,1,1,1,1,2,2,0],29,23].
[[2,9,2,1,2,1,1,1,1],97,126].
[[3,6,1,0,0,0,2,3,0],21,1].
[[2,6,1,0,0,0,1,2,0],4,0].
[[1,8,1,1,2,1,1,1,1],29,27].
[[3,9,2,1,2,0,2,2,1],0,9].
[[3,6,0,1,2,1,0,0,0],1,28].
[[2,4,1,1,2,0,2,3,1],19,3].
[[3,4,1,1,2,0,2,3,1],65,12].
[[2,9,2,1,1,1,1,1,0],10,10].
[[1,7,1,0,0,0,2,3,1],30,17].
[[2,7,1,1,1,1,2,3,1],14,6].
[[2,7,1,1,2,0,1,2,1],10,3].
[[3,7,0,1,2,0,1,2,1],5,8].
[[2,6,0,1,2,1,2,2,1],5,1].
[[3,6,0,1,1,1,1,2,1],2,1].
[[1,8,0,1,2,1,2,2,0],46,33].
[[2,7,2,0,0,0,2,3,0],13,0].
[[2,9,1,1,2,1,2,1,0],21,33].
[[3,8,1,1,2,0,1,2,0],70,29].
[[2,5,0,0,0,0,1,1,1],34,1].
[[1,8,1,1,2,0,2,3,0],9,7].
[[2,8,1,1,1,0,2,3,0],7,5].
[[3,7,2,1,1,0,2,3,0],3,3].
[[2,5,0,1,2,1,1,2,0],18,0].
[[3,2,1,0,0,0,2,3,1],6,0].
[[3,7,1,1,1,0,2,1,1],6,9].
[[3,9,1,1,2,0,1,1,1],26,72].
[[1,6,1,0,0,0,1,2,1],3,4].
[[3,6,1,1,2,1,1,1,1],26,7].
[[1,8,1,1,2,1,1,1,0],5,3].
[[3,3,1,0,0,0,2,1,0],3,0].
[[3,8,1,1,1,0,2,2,1],15,22].
[[3,6,1,0,0,0,2,2,1],54,1].
[[3,7,1,1,2,1,1,1,0],24,3].
[[3,8,0,0,0,0,1,1,1],52,71].
[[2,6,0,0,0,0,2,2,1],9,6].
[[3,9,2,1,2,1,2,2,1],3,11].
[[3,7,1,0,0,0,2,2,0],44,19].
[[2,6,1,1,2,1,1,1,1],4,1].
[[2,8,0,1,1,1,2,1,0],7,6].
[[3,9,2,1,1,1,2,3,1],3,16].
[[3,7,2,1,1,0,2,2,0],0,2].
[[3,6,0,1,2,1,2,3,1],28,20].
[[3,3,1,1,2,0,0,0,0],20,2].
[[3,7,1,0,0,0,1,1,0],9,5].
[[2,7,1,1,2,0,2,2,1],24,14].
[[3,3,1,1,2,0,2,2,1],9,0].
[[2,9,2,1,2,0,2,1,0],11,25].
[[3,8,0,1,2,0,2,1,0],14,26].
[[3,9,1,0,0,0,1,1,1],24,76].
[[3,8,1,1,2,0,2,1,0],15,13].
[[3,7,0,1,2,0,1,2,0],5,0].
[[3,9,2,1,1,1,2,2,0],4,18].
[[3,9,2,0,0,0,1,2,1],13,46].
[[1,9,2,1,2,0,2,1,1],19,29].
[[2,7,2,1,2,1,1,1,1],7,7].
[[3,9,1,1,2,0,2,1,0],3,15].
[[3,8,1,0,0,0,2,2,0],27,32].
[[3,8,1,1,1,0,2,1,1],12,11].
[[3,6,1,1,2,0,0,0,0],14,3].
[[2,6,1,0,0,0,1,2,1],18,5].
[[3,6,1,1,2,0,1,2,1],25,1].
[[2,6,1,0,0,0,2,2,0],19,0].
[[3,6,1,1,2,1,2,2,0],21,2].
[[2,5,0,0,0,0,1,2,0],20,0].
[[2,6,1,1,2,1,2,3,1],48,1].
[[3,6,0,1,2,1,2,1,0],11,9].
[[3,9,1,1,2,0,2,3,1],7,32].
[[1,8,1,1,1,1,2,2,1],31,9].
[[3,8,1,1,1,0,2,3,0],7,16].
[[1,7,2,1,2,1,2,2,1],18,1].
[[2,7,2,1,2,1,2,3,0],8,0].
[[2,8,1,1,1,0,2,2,1],10,8].
[[3,6,1,1,1,0,2,2,1],4,2].
[[3,3,1,0,0,0,2,3,1],14,1].
[[3,6,0,1,2,1,2,2,1],20,17].
[[3,9,1,0,0,0,0,0,0],0,1].
[[2,6,1,1,2,1,2,1,1],21,0].
[[3,6,1,1,1,1,2,1,1],15,0].
[[1,8,1,1,1,1,1,2,1],4,1].
[[2,6,0,0,0,0,2,2,0],11,2].
[[3,3,1,1,2,0,2,2,0],3,0].
[[3,9,2,0,0,0,2,3,0],0,19].
[[3,7,2,1,2,0,2,3,0],4,1].
[[2,8,1,1,2,0,1,2,0],22,20].
[[3,7,2,1,2,0,2,2,0],5,0].
[[3,9,2,1,2,0,2,3,0],2,18].
[[2,9,1,1,1,0,1,1,0],0,3].
[[3,8,0,1,1,0,1,1,0],1,6].
[[3,3,2,0,0,0,2,1,1],16,0].
[[3,9,2,0,0,0,1,2,0],14,10].
[[2,9,2,1,1,0,2,3,0],0,9].
[[3,6,1,1,2,1,2,1,0],8,2].
[[3,6,1,1,1,1,1,2,1],8,1].
[[2,8,1,1,1,0,1,2,1],5,8].
[[3,7,1,1,1,0,1,2,1],8,9].
[[3,7,2,1,2,0,2,3,1],71,8].
[[2,3,2,0,0,0,2,1,1],6,0].
[[2,7,1,1,2,0,2,3,1],29,12].
[[2,7,0,1,2,1,2,1,1],5,2].
[[3,7,0,0,0,0,2,2,1],17,16].
[[2,7,2,1,1,0,2,1,1],1,2].
[[3,7,2,1,1,0,2,3,1],14,4].
[[2,9,2,1,1,0,2,2,0],2,2].
[[3,8,1,1,1,0,2,3,1],24,31].
[[2,7,1,0,0,0,2,1,0],13,3].
[[1,9,2,1,2,0,2,1,0],7,15].
[[2,9,1,1,2,0,2,1,0],4,15].
[[3,2,1,1,2,1,2,3,1],5,0].
[[1,8,1,1,2,1,2,2,0],70,21].
[[3,6,1,1,1,1,1,2,0],6,1].
[[3,7,2,1,1,0,2,2,1],2,6].
[[3,9,1,1,1,0,1,2,1],7,36].
[[2,8,1,1,2,0,2,1,0],17,8].
[[3,7,1,1,2,0,2,1,0],14,4].
[[2,8,1,1,1,1,2,2,0],22,12].
[[2,9,2,1,1,0,2,3,1],1,6].
[[3,9,1,1,1,0,2,3,0],0,10].
[[3,7,0,1,1,1,2,2,0],13,5].
[[2,7,0,1,2,1,2,3,1],12,5].
[[3,3,1,1,2,1,2,2,0],4,1].
[[3,7,0,1,1,1,1,1,0],2,0].
[[2,4,1,1,2,0,2,1,1],12,5].
[[3,3,2,1,2,0,2,2,1],16,0].
[[3,6,0,1,2,0,2,1,0],3,2].
[[3,3,1,1,2,0,2,3,1],12,0].
[[2,9,2,1,1,0,1,2,1],0,5].
[[2,7,1,1,2,0,2,1,1],13,6].
[[3,6,0,1,2,1,1,1,0],1,3].
[[1,6,1,1,2,1,2,2,1],5,0].
[[3,9,2,1,2,0,1,1,1],13,26].
[[3,9,2,0,0,0,2,3,1],1,9].
[[2,7,0,1,2,1,2,2,1],3,11].
[[2,7,2,0,0,0,2,1,1],65,5].
[[3,7,0,0,0,0,2,1,1],23,7].
[[3,6,0,1,2,0,2,1,1],1,3].
[[3,6,1,1,2,0,2,1,1],21,2].
[[2,7,0,1,2,1,2,2,0],6,3].
[[3,7,0,1,2,1,2,2,0],37,29].
[[3,7,1,1,1,1,1,2,0],24,9].
[[3,7,2,1,1,0,1,1,1],3,0].
[[2,9,1,1,2,0,2,3,1],15,34].
[[3,3,2,1,2,0,1,2,1],5,0].
[[2,7,1,1,2,0,2,3,0],10,4].
[[2,6,0,0,0,0,2,1,0],4,5].
[[3,6,0,0,0,0,1,1,0],4,2].
[[1,6,1,0,0,0,2,3,0],10,0].
[[2,3,1,0,0,0,2,3,0],1,0].
[[3,3,2,1,2,1,2,3,0],3,0].
[[1,8,1,1,1,1,1,2,0],1,1].
[[3,3,1,1,2,1,2,1,0],4,0].
[[3,3,2,1,2,0,2,3,1],17,0].
[[3,7,0,1,1,1,2,2,1],9,6].
[[3,9,1,1,1,1,2,1,0],3,18].
[[3,6,0,0,0,0,2,3,0],17,9].
[[2,7,1,1,2,1,2,1,0],11,0].
[[1,8,1,1,2,0,2,3,1],31,28].
[[2,7,2,0,0,0,2,1,0],3,0].
[[3,3,2,0,0,0,2,1,0],1,0].
[[3,7,2,1,2,1,1,2,0],21,1].
[[2,7,0,0,0,0,2,3,1],5,6].
[[2,8,1,1,1,0,1,1,1],2,7].
[[3,8,1,1,1,0,1,1,1],17,36].
[[3,7,0,1,1,1,1,2,0],3,4].
[[3,9,1,1,1,0,2,2,1],2,5].
[[1,6,1,1,2,1,2,1,0],1,0].
[[2,3,1,1,2,1,2,1,0],1,0].
[[1,9,2,1,1,1,2,1,0],12,4].
[[3,7,2,1,1,1,1,1,1],10,10].
[[2,5,0,1,2,0,1,1,1],10,1].
[[3,6,1,1,1,1,2,1,0],1,1].
[[3,7,2,0,0,0,2,2,0],2,0].
[[2,7,2,1,2,0,1,2,1],8,3].
[[2,7,2,1,1,1,0,0,0],16,1].
[[3,6,0,0,0,0,1,2,0],6,2].
[[3,6,1,0,0,0,1,1,1],13,4].
[[2,7,2,1,1,1,2,3,1],14,3].
[[1,3,2,0,0,0,2,3,1],2,0].
[[2,3,2,1,2,0,2,3,0],1,0].
[[3,8,1,1,1,0,0,0,0],0,2].
[[3,8,1,1,2,1,0,0,0],1,17].
[[3,8,1,0,0,0,1,1,0],22,30].
[[2,6,0,0,0,0,2,1,1],2,5].
[[3,6,0,1,2,1,2,1,1],12,17].
[[2,2,1,0,0,0,0,0,0],8,0].
[[3,2,1,1,2,1,2,1,1],2,0].
[[2,9,1,1,2,0,1,1,1],6,17].
[[2,3,1,0,0,0,2,3,1],4,1].
[[3,3,1,1,2,1,1,2,1],6,0].
[[2,6,1,1,2,0,2,3,0],5,0].
[[3,6,1,1,2,0,2,2,0],13,0].
[[3,6,1,1,1,1,1,1,0],0,2].
[[3,9,1,1,1,0,2,1,1],1,9].
[[3,6,0,1,1,1,2,3,0],5,2].
[[3,7,0,1,2,1,1,1,1],5,6].
[[3,7,0,0,0,0,1,1,1],5,0].
[[3,9,2,1,1,0,2,3,0],0,1].
[[2,6,1,0,0,0,2,3,0],25,3].
[[3,6,1,1,2,0,1,2,0],7,1].
[[2,9,2,1,2,0,1,1,0],8,9].
[[2,7,2,1,1,0,0,0,0],3,2].
[[3,7,2,1,1,0,2,1,1],6,4].
[[3,9,2,1,2,0,1,2,0],13,11].
[[3,3,2,1,2,1,2,1,1],12,0].
[[3,9,2,1,1,1,2,1,0],1,7].
[[1,7,2,1,2,1,1,2,1],3,2].
[[2,7,2,1,1,1,1,2,1],3,2].
[[3,6,0,1,2,0,2,3,1],4,2].
[[1,8,0,1,2,1,1,2,0],8,5].
[[2,5,0,1,2,0,1,2,0],2,1].
[[2,6,1,1,2,0,0,0,0],14,5].
[[3,9,2,0,0,0,2,2,1],1,10].
[[2,8,0,1,2,0,1,1,1],4,5].
[[3,6,0,1,2,0,1,1,1],1,1].
[[3,3,2,1,2,1,1,2,1],13,0].
[[3,9,2,1,1,0,2,2,0],0,4].
[[1,7,1,1,2,1,1,1,1],0,1].
[[1,7,1,0,0,0,2,1,1],20,1].
[[2,4,1,1,2,0,0,0,0],7,1].
[[3,9,1,1,1,0,1,1,1],0,9].
[[1,8,1,0,0,0,1,1,0],11,10].
[[3,7,2,1,2,0,1,1,1],20,16].
[[2,7,0,0,0,0,2,2,1],5,8].
[[3,5,0,1,1,0,1,2,0],4,3].
[[2,9,1,1,1,1,2,2,1],20,24].
[[2,6,1,1,2,0,2,3,1],10,0].
[[2,8,1,1,1,0,0,0,0],0,5].
[[3,3,1,0,0,0,2,1,1],12,0].
[[3,7,2,1,2,0,1,1,0],3,0].
[[3,6,0,1,2,1,1,2,0],13,1].
[[3,8,0,1,1,0,2,1,1],3,6].
[[3,6,1,0,0,0,0,0,0],25,1].
[[2,3,2,0,0,0,2,2,1],6,0].
[[2,8,0,1,1,1,1,2,0],12,14].
[[2,7,1,0,0,0,1,2,0],8,1].
[[3,3,1,1,2,1,1,2,0],3,0].
[[1,8,0,0,0,0,1,2,1],11,10].
[[3,9,2,1,1,0,1,2,1],0,8].
[[2,9,2,1,2,0,0,0,0],1,24].
[[2,2,0,0,0,0,2,3,0],0,1].
[[3,2,0,0,0,0,1,2,0],0,1].
[[2,3,2,1,2,1,2,1,1],2,0].
[[3,7,0,0,0,0,2,3,1],15,16].
[[3,7,0,1,2,1,1,2,0],23,3].
[[3,8,1,1,1,1,1,1,0],18,15].
[[2,9,1,1,1,1,2,1,0],6,7].
[[3,6,1,1,1,1,2,3,1],22,1].
[[3,3,2,0,0,0,1,1,1],5,0].
[[3,7,2,1,2,1,0,0,0],31,3].
[[3,5,0,1,2,1,1,2,1],8,2].
[[1,7,2,0,0,0,1,1,1],3,1].
[[2,4,1,1,2,0,1,2,0],10,4].
[[3,9,2,0,0,0,2,1,0],1,8].
[[1,7,1,0,0,0,1,2,1],7,0].
[[3,3,2,0,0,0,1,2,1],6,0].
[[2,7,1,1,1,1,1,1,1],1,1].
[[2,3,2,1,2,1,2,2,1],4,0].
[[3,6,0,1,2,0,0,0,0],2,3].
[[2,8,1,1,1,0,2,1,1],9,7].
[[1,7,2,1,2,0,2,2,0],1,0].
[[2,7,2,1,2,0,2,2,0],3,0].
[[3,7,1,1,1,0,2,3,0],7,1].
[[1,8,1,1,1,1,2,1,1],22,2].
[[3,6,1,1,2,0,2,3,0],9,1].
[[3,4,1,1,2,0,0,0,0],4,5].
[[3,3,1,1,1,1,2,3,1],5,1].
[[1,7,2,1,2,0,2,3,1],5,3].
[[2,9,2,1,1,0,2,1,0],1,4].
[[3,8,0,1,1,0,2,1,0],1,3].
[[3,3,1,1,2,1,2,3,0],8,0].
[[2,8,1,1,1,0,1,2,0],1,1].
[[3,4,0,1,2,0,1,2,0],0,3].
[[2,6,1,1,1,1,2,3,1],7,3].
[[3,5,0,1,1,1,1,2,1],6,0].
[[2,9,2,1,1,0,2,1,1],2,2].
[[2,6,1,1,2,0,2,2,1],11,0].
[[3,2,1,1,2,0,2,2,1],1,0].
[[2,7,1,1,2,1,1,1,0],5,0].
[[3,8,0,1,1,0,2,2,0],1,7].
[[3,6,0,0,0,0,0,0,0],3,16].
[[2,3,2,1,2,0,0,0,0],10,0].
[[3,7,0,0,0,0,1,2,1],10,7].
[[2,7,2,1,1,0,1,2,1],2,0].
[[1,8,0,1,2,1,1,2,1],3,5].
[[2,6,0,1,2,1,1,2,1],0,1].
[[3,9,2,1,2,1,1,1,0],8,5].
[[2,6,1,1,1,1,2,2,1],6,0].
[[3,7,2,1,2,1,2,2,0],13,0].
[[2,9,1,1,1,1,0,0,0],1,6].
[[2,7,2,1,1,1,2,2,1],7,3].
[[3,7,2,1,1,1,1,2,0],3,0].
[[2,7,1,0,0,0,1,1,0],4,1].
[[3,3,1,0,0,0,1,1,0],2,0].
[[3,7,2,1,2,1,2,1,0],5,2].
[[3,9,2,1,1,1,1,1,0],4,2].
[[3,3,0,0,0,0,0,0,0],0,2].
[[3,8,1,0,0,0,0,0,0],0,7].
[[3,9,2,1,1,0,1,1,1],2,9].
[[3,6,1,0,0,0,2,2,0],11,0].
[[3,9,1,1,1,0,2,3,1],0,10].
[[3,9,2,1,1,1,2,2,1],2,6].
[[2,9,1,1,2,1,0,0,0],0,17].
[[3,8,0,1,1,0,1,1,1],2,5].
[[3,6,0,1,1,1,2,2,0],5,3].
[[3,6,1,0,0,0,2,1,0],8,0].
[[3,9,2,1,2,0,2,1,0],1,10].
[[2,7,0,1,2,1,1,2,0],1,0].
[[3,6,0,1,2,0,1,2,1],0,2].
[[3,6,1,0,0,0,1,2,0],13,0].
[[3,3,2,1,1,0,0,0,0],1,0].
[[2,7,2,0,0,0,1,2,0],3,0].
[[3,5,0,1,1,0,1,2,1],1,0].
[[2,8,1,1,1,1,1,1,0],7,5].
[[3,7,1,1,1,1,1,1,0],6,6].
[[1,7,1,0,0,0,2,2,0],7,4].
[[2,3,1,0,0,0,2,2,0],2,0].
[[3,3,1,0,0,0,2,2,0],5,1].
[[3,9,1,1,2,1,0,0,0],0,8].
[[2,7,2,1,2,0,2,1,1],9,2].
[[2,7,2,1,2,1,2,1,0],2,0].
[[3,3,2,1,2,1,2,1,0],2,0].
[[2,3,2,0,0,0,2,3,1],12,0].
[[3,3,2,1,2,1,1,1,1],6,0].
[[3,7,2,1,2,0,2,1,0],4,0].
[[3,7,1,1,1,0,2,2,0],1,3].
[[3,6,0,1,1,1,2,2,1],4,1].
[[2,9,2,1,1,0,1,1,1],2,2].
[[3,6,1,1,1,1,2,3,0],9,0].
[[2,6,0,1,2,1,2,1,0],5,1].
[[3,6,0,1,1,1,1,2,0],4,0].
[[2,9,2,1,1,0,1,1,0],0,2].
[[1,7,1,1,2,1,2,2,0],4,1].
[[1,7,2,0,0,0,2,2,0],4,0].
[[2,7,2,0,0,0,2,2,0],2,0].
[[3,8,0,1,1,0,2,3,1],0,13].
[[2,3,2,1,2,1,2,3,1],4,0].
[[3,2,1,0,0,0,0,0,0],3,0].
[[3,6,0,1,1,1,2,3,1],5,6].
[[3,3,1,1,2,0,2,1,1],3,0].
[[2,6,1,1,2,1,2,3,0],15,2].
[[1,2,1,0,0,0,0,0,0],4,0].
[[2,2,1,1,2,1,0,0,0],1,0].
[[3,9,2,1,1,1,2,1,1],2,6].
[[2,1,1,1,2,0,1,1,0],1,0].
[[3,1,1,1,2,0,1,1,0],2,0].
[[3,4,0,1,2,0,1,1,1],0,5].
[[3,7,2,1,1,1,1,1,0],2,0].
[[3,9,2,0,0,0,2,2,0],0,14].
[[2,3,2,0,0,0,1,2,1],5,0].
[[3,3,2,0,0,0,2,2,0],2,0].
[[2,9,1,1,1,0,2,3,1],0,3].
[[3,6,0,1,2,0,2,2,1],6,3].
[[2,6,1,1,2,1,2,1,0],2,0].
[[2,9,2,1,1,0,1,2,0],1,5].
[[3,3,1,1,1,1,2,1,1],2,0].
[[1,8,1,1,1,1,2,1,0],2,1].
[[2,7,2,1,1,0,2,2,0],0,1].
[[3,7,2,0,0,0,1,2,0],8,0].
[[3,8,1,1,1,1,0,0,0],0,1].
[[3,9,2,1,2,0,2,3,1],2,15].
[[1,6,1,0,0,0,2,1,0],7,0].
[[2,6,1,1,2,1,1,1,0],1,0].
[[3,6,1,1,2,1,1,1,0],5,2].
[[3,7,2,1,1,0,0,0,0],2,2].
[[3,6,0,1,1,1,2,1,1],2,1].
[[3,6,0,1,2,0,2,2,0],1,1].
[[2,6,0,1,2,1,2,3,0],6,1].
[[1,7,1,1,2,1,2,3,0],1,1].
[[3,9,2,1,1,0,1,1,0],1,2].
[[3,4,0,1,2,0,1,1,0],0,1].
[[3,6,1,1,1,1,0,0,0],6,1].
[[1,3,2,0,0,0,2,2,1],2,0].
[[3,7,0,1,1,1,1,2,1],3,5].
[[3,3,1,1,2,0,2,3,0],2,0].
[[2,5,0,1,1,1,1,2,0],5,2].
[[2,9,1,1,2,0,0,0,0],0,5].
[[1,7,1,1,2,1,2,1,1],2,0].
[[1,8,1,1,1,1,2,2,0],5,1].
[[2,7,2,1,1,1,1,1,1],3,0].
[[3,3,1,0,0,0,1,1,1],2,0].
[[3,6,0,1,2,1,1,1,1],0,3].
[[2,6,1,1,1,1,2,1,1],5,0].
[[1,3,2,0,0,0,2,1,1],3,0].
[[2,3,2,1,2,0,2,1,1],1,0].
[[1,6,1,0,0,0,2,2,0],5,0].
[[3,6,0,1,1,1,2,1,0],0,2].
[[2,6,1,1,2,0,1,2,1],5,0].
[[3,6,1,1,1,0,1,1,0],1,1].
[[2,6,0,1,2,1,2,1,1],1,2].
[[2,7,1,1,1,1,1,2,1],2,1].
[[3,3,2,1,1,1,1,2,1],2,0].
[[3,9,2,1,2,0,1,1,0],0,5].
[[3,6,1,1,2,0,1,1,0],1,1].
[[3,7,0,1,1,1,2,1,0],4,0].
[[2,4,1,1,2,0,1,1,0],5,1].
[[3,3,2,1,2,0,1,1,1],1,0].
[[2,7,2,1,1,0,2,3,1],3,2].
[[3,3,1,1,2,0,1,1,1],1,0].
[[2,9,1,1,1,0,1,1,1],0,2].
[[3,3,1,0,0,0,2,3,0],9,0].
[[3,3,1,1,1,1,2,1,0],1,0].
[[1,8,0,1,2,1,1,1,1],1,0].
[[2,7,2,1,2,1,2,2,0],3,0].
[[3,2,1,1,2,1,0,0,0],6,0].
[[2,7,2,1,2,0,1,1,1],2,2].
[[2,6,1,0,0,0,1,1,0],2,0].
[[3,6,1,0,0,0,1,1,0],5,0].
[[1,8,1,1,2,0,2,1,0],1,3].
[[1,7,1,0,0,0,1,1,1],5,1].
[[3,6,0,0,0,0,2,1,0],5,1].
[[2,7,2,1,1,0,2,2,1],0,2].
[[2,6,1,1,2,1,2,2,0],12,0].
[[3,7,1,1,1,0,1,1,0],1,1].
[[3,9,1,1,1,1,0,0,0],0,3].
[[2,5,0,1,1,0,1,2,0],1,1].
[[2,9,1,1,1,0,2,3,0],1,3].
[[1,7,1,1,2,1,2,1,0],2,0].
[[3,6,1,1,1,0,2,1,1],2,0].
[[3,7,2,1,2,1,1,1,0],4,4].
[[1,8,0,1,2,1,1,1,0],0,1].
[[3,3,2,1,1,1,2,2,1],4,0].
[[3,9,2,1,1,0,1,2,0],3,5].
[[1,7,2,1,2,1,2,3,0],3,0].
[[3,3,1,1,2,0,1,2,1],3,0].
[[2,7,1,1,2,0,1,1,0],1,1].
[[1,7,2,1,2,0,2,2,1],2,0].
[[3,7,2,1,1,1,2,1,0],1,0].
[[2,7,0,0,0,0,2,1,1],4,0].
[[2,7,1,1,1,1,2,3,0],2,1].
[[1,8,1,1,2,0,1,2,0],3,2].
[[1,6,1,1,2,1,2,1,1],2,0].
[[2,7,2,1,2,0,2,1,0],2,0].
[[2,2,1,0,0,0,2,2,0],1,0].
[[3,2,1,0,0,0,2,2,0],1,0].
[[3,2,1,1,2,1,1,2,1],1,0].
[[2,3,1,1,2,1,2,2,1],5,1].
[[3,3,1,1,1,1,2,2,1],5,0].
[[3,7,2,1,1,1,2,2,0],3,0].
[[2,7,1,1,1,1,1,2,0],4,0].
[[2,3,1,1,2,1,2,3,1],2,0].
[[2,9,1,1,1,0,2,2,1],2,2].
[[1,7,1,0,0,0,2,1,0],5,0].
[[1,8,1,1,1,1,1,1,0],1,0].
[[3,3,2,1,2,0,2,1,1],4,0].
[[2,4,1,1,2,0,2,1,0],1,0].
[[1,6,1,1,2,1,2,3,0],0,2].
[[2,6,1,1,1,1,2,2,0],0,1].
[[3,5,0,1,1,0,1,1,1],2,4].
[[3,6,1,1,2,0,2,1,0],3,0].
[[3,7,0,1,1,1,1,1,1],2,2].
[[2,7,0,0,0,0,1,2,1],1,1].
[[3,7,0,1,2,0,1,1,1],0,2].
[[3,7,2,1,1,1,2,3,0],5,1].
[[3,7,0,1,2,0,2,1,1],4,4].
[[3,3,2,1,1,0,2,3,1],2,0].
[[3,3,2,1,1,1,2,3,1],4,0].
[[3,7,1,1,1,0,0,0,0],2,3].
[[3,2,0,0,0,0,0,0,0],1,0].
[[3,9,2,0,0,0,2,1,1],0,5].
[[1,6,0,0,0,0,2,1,1],0,1].
[[3,6,0,0,0,0,1,1,1],0,1].
[[2,3,2,0,0,0,1,1,1],1,0].
[[1,8,1,1,2,0,1,1,0],0,1].
[[2,7,0,0,0,0,1,2,0],2,1].
[[2,9,1,1,1,0,2,1,0],0,2].
[[3,9,2,1,1,1,0,0,0],0,1].
[[3,6,1,1,1,0,1,2,1],2,0].
[[2,8,0,1,2,0,1,1,0],3,2].
[[2,6,1,1,2,0,1,1,1],1,1].
[[3,6,1,1,1,0,1,1,1],1,1].
[[3,2,0,0,0,0,2,3,0],1,0].
[[3,5,0,1,1,0,1,1,0],3,4].
[[2,6,1,1,2,0,2,2,0],2,0].
[[2,6,1,0,0,0,2,1,0],6,0].
[[2,7,1,1,2,0,2,1,0],1,1].
[[3,5,0,1,2,0,1,2,1],1,0].
[[1,6,0,0,0,0,2,2,0],2,0].
[[3,3,2,1,1,1,2,1,1],4,0].
[[2,6,1,1,2,0,2,1,1],1,0].
[[2,7,2,1,2,1,1,2,0],1,0].
[[3,2,1,1,2,1,2,2,1],6,0].
[[3,3,2,1,1,0,2,2,1],1,0].
[[2,6,0,1,2,1,1,1,1],0,1].
[[3,6,0,1,1,1,1,1,1],0,4].
[[1,6,1,1,2,1,2,3,1],4,0].
[[2,7,2,1,2,1,1,1,0],1,1].
[[2,7,1,1,2,0,1,2,0],2,0].
[[2,5,0,1,2,0,1,1,0],1,2].
[[3,6,1,1,1,0,0,0,0],1,2].
[[3,9,2,1,2,1,0,0,0],0,1].
[[2,6,1,1,2,0,1,1,0],0,1].
[[1,7,2,1,2,1,1,1,1],2,0].
[[2,3,2,1,2,1,1,1,1],2,0].
[[3,3,1,1,1,1,2,3,0],1,1].
[[2,7,0,1,2,1,2,1,0],1,1].
[[2,6,1,1,2,0,2,1,0],2,0].
[[3,3,2,1,1,0,2,1,0],1,0].
[[2,3,1,0,0,0,2,1,1],2,0].
[[2,9,1,1,1,0,2,1,1],0,2].
[[2,7,1,1,1,1,2,2,0],2,0].
[[3,3,1,1,1,1,2,2,0],2,0].
[[1,7,2,0,0,0,2,1,0],1,0].
[[2,7,2,0,0,0,1,1,0],2,0].
[[3,3,2,1,2,0,1,1,0],1,0].
[[3,9,2,1,1,0,2,1,0],0,2].
[[3,1,1,1,2,0,1,1,1],2,0].
[[3,7,2,1,1,0,2,1,0],1,0].
[[3,7,1,1,1,0,1,2,0],2,1].
[[2,9,1,1,1,0,2,2,0],0,2].
[[3,4,0,1,2,0,1,2,1],0,3].
[[2,9,1,1,1,0,1,2,1],1,2].
[[1,7,2,1,2,0,1,2,1],1,0].
[[2,7,2,1,2,0,2,3,0],1,0].
[[3,9,2,1,1,0,2,3,1],1,0].
[[1,6,0,0,0,0,2,1,0],0,1].
[[2,6,0,1,2,1,1,1,0],0,1].
[[3,6,0,1,1,1,1,1,0],0,1].
[[3,4,0,1,2,0,2,3,1],0,2].
[[3,8,1,1,1,0,2,1,0],1,4].
[[3,3,2,1,2,1,2,2,0],1,0].
[[3,6,1,1,1,0,2,3,0],0,1].
[[3,2,0,1,2,1,0,0,0],4,0].
[[2,3,2,0,0,0,2,3,0],1,0].
[[3,6,0,1,2,0,1,1,0],1,1].
[[3,3,2,0,0,0,2,3,0],1,0].
[[2,2,0,0,0,0,0,0,0],1,0].
[[2,6,1,1,1,1,1,2,1],1,0].
[[1,6,0,0,0,0,2,2,1],1,0].
[[2,7,2,1,2,0,1,1,0],1,0].
[[2,6,0,1,2,1,1,2,0],2,0].
[[3,3,2,1,1,0,2,3,0],1,0].
[[2,2,1,1,2,1,2,2,1],1,0].
[[3,4,0,1,2,0,2,1,1],0,1].
[[3,7,2,1,1,0,1,2,0],1,0].
[[2,6,1,1,1,1,2,3,0],1,0].
[[3,8,0,1,1,0,0,0,0],0,1].
[[2,6,1,1,2,0,1,2,0],0,1].
[[3,9,2,1,2,0,2,1,1],0,1].
[[3,2,1,1,2,1,2,3,0],1,0].
[[3,3,1,1,1,1,1,2,1],1,0].
[[1,6,1,0,0,0,1,1,1],1,0].
[[3,3,2,1,2,0,2,3,0],1,0].
[[2,8,1,1,1,0,2,1,0],2,0].
[[1,7,2,1,2,0,2,1,1],1,0].
[[3,3,2,1,1,1,1,1,1],1,0].
[[3,6,1,1,1,0,2,1,0],1,0].
