total_WL(15406,3269).
[[1,7,2,0,0,0,0,0,0],1305,257].
[[2,7,2,1,2,0,2,3,0],55,10].
[[3,7,2,1,1,0,2,3,0],13,9].
[[1,8,2,1,2,1,1,1,0],60,39].
[[2,7,2,1,2,1,1,1,0],50,8].
[[3,7,2,1,1,1,1,1,0],57,20].
[[1,8,2,0,0,0,2,3,2],562,120].
[[2,8,2,0,0,0,2,3,2],305,56].
[[3,8,2,1,2,1,1,1,0],205,129].
[[1,7,2,0,0,0,2,1,2],37,5].
[[2,3,2,0,0,0,2,1,2],26,0].
[[3,3,2,1,2,0,2,1,2],26,0].
[[2,7,2,0,0,0,0,0,0],729,157].
[[3,7,2,0,0,0,2,1,0],78,15].
[[1,8,2,0,0,0,2,3,0],1400,280].
[[2,8,2,1,2,1,2,3,0],687,174].
[[3,8,2,1,2,1,2,3,0],287,111].
[[1,8,2,1,2,0,1,1,0],5,2].
[[2,7,2,1,2,0,1,1,0],8,0].
[[3,7,2,1,2,1,1,1,0],138,67].
[[2,6,2,1,2,0,2,3,2],52,6].
[[3,6,2,1,2,0,2,3,2],65,2].
[[1,8,2,1,2,1,2,3,0],658,121].
[[2,8,2,1,1,1,1,2,0],134,21].
[[3,4,1,1,2,0,1,2,0],97,4].
[[1,6,2,0,0,0,0,0,0],868,36].
[[2,6,2,0,0,0,2,3,2],169,4].
[[3,6,2,0,0,0,2,3,2],62,1].
[[3,8,2,1,2,1,2,2,2],163,53].
[[1,8,2,0,0,0,1,1,2],39,6].
[[2,8,2,0,0,0,1,1,2],58,12].
[[3,8,2,0,0,0,1,1,2],34,11].
[[1,8,2,0,0,0,2,1,0],426,112].
[[2,8,2,0,0,0,2,1,0],216,65].
[[3,8,2,0,0,0,1,2,0],276,64].
[[1,8,2,1,2,1,0,0,0],985,255].
[[2,8,2,1,1,1,2,1,0],52,14].
[[2,8,2,1,2,1,2,1,0],233,57].
[[3,8,2,1,1,1,1,2,0],296,72].
[[1,7,2,0,0,0,2,3,0],226,21].
[[2,7,2,0,0,0,2,3,0],405,73].
[[3,7,2,1,2,0,1,2,0],99,15].
[[2,8,2,1,2,1,1,1,0],146,106].
[[3,7,2,1,2,0,0,0,0],63,23].
[[1,8,2,1,2,0,2,2,2],18,10].
[[2,8,2,1,2,0,1,1,2],14,8].
[[3,8,2,1,2,0,1,1,2],35,14].
[[1,8,2,1,2,1,2,2,0],424,80].
[[3,7,2,1,2,1,2,3,0],677,116].
[[1,6,2,0,0,0,2,3,2],178,7].
[[2,6,2,0,0,0,1,2,2],70,10].
[[3,6,2,0,0,0,1,2,2],58,5].
[[1,8,2,0,0,0,2,2,0],975,199].
[[2,8,2,0,0,0,2,2,0],525,115].
[[3,8,2,1,2,0,2,3,0],102,30].
[[3,8,2,0,0,0,2,3,0],109,36].
[[1,8,2,0,0,0,0,0,0],2321,648].
[[2,8,2,1,2,1,2,2,0],476,121].
[[2,8,2,1,2,1,2,1,2],193,41].
[[3,7,2,1,2,1,2,1,2],142,32].
[[1,8,2,0,0,0,1,2,0],366,134].
[[2,8,2,1,2,1,1,2,0],512,132].
[[2,7,2,0,0,0,2,1,2],85,18].
[[3,7,2,1,2,0,2,1,2],34,6].
[[3,8,2,0,0,0,2,3,2],92,18].
[[2,6,2,0,0,0,2,2,0],83,4].
[[3,6,2,0,0,0,1,1,0],17,7].
[[1,8,2,1,2,1,2,3,2],208,42].
[[2,8,2,1,2,1,2,3,2],303,75].
[[3,8,2,1,2,1,2,3,2],212,43].
[[1,6,2,1,2,1,0,0,0],126,2].
[[2,6,2,1,2,1,2,3,2],92,1].
[[3,6,2,1,1,1,1,2,2],21,4].
[[2,6,2,1,2,1,0,0,0],153,6].
[[3,6,2,1,2,1,2,2,0],71,1].
[[2,6,2,0,0,0,2,1,0],36,2].
[[3,3,2,1,2,0,2,1,0],8,0].
[[3,8,2,1,2,1,2,2,0],214,68].
[[3,6,2,1,2,0,1,2,2],65,10].
[[3,8,2,1,1,1,1,1,0],98,70].
[[2,8,2,1,1,1,0,0,0],52,14].
[[3,7,2,1,1,1,0,0,0],65,29].
[[2,7,2,1,2,1,0,0,0],603,167].
[[3,7,2,1,2,1,2,2,0],468,81].
[[1,6,2,0,0,0,2,1,0],39,3].
[[2,6,2,0,0,0,1,2,0],44,5].
[[3,6,2,1,2,1,1,2,0],89,6].
[[2,8,2,0,0,0,2,3,0],668,171].
[[2,3,2,0,0,0,0,0,0],275,8].
[[3,3,2,0,0,0,2,2,0],46,1].
[[1,8,2,1,1,1,0,0,0],114,18].
[[2,8,2,1,1,1,2,3,0],173,34].
[[3,6,2,1,1,1,2,2,2],37,2].
[[3,7,2,0,0,0,0,0,0],111,35].
[[2,7,2,1,2,1,2,1,2],55,19].
[[3,7,2,1,2,1,2,2,2],221,51].
[[1,8,2,1,2,1,2,2,2],156,35].
[[2,8,2,1,2,1,2,2,2],249,56].
[[3,8,2,1,2,1,1,2,2],221,58].
[[1,8,2,0,0,0,2,1,2],294,70].
[[2,8,2,0,0,0,2,1,2],185,41].
[[3,8,2,1,2,1,1,2,0],763,163].
[[2,7,2,1,2,1,2,3,2],142,15].
[[3,7,2,1,1,1,2,3,2],78,18].
[[3,7,2,1,1,1,2,3,0],191,53].
[[1,8,2,0,0,0,1,2,2],91,18].
[[2,8,2,1,2,1,1,2,2],132,36].
[[1,7,2,1,2,1,0,0,0],415,98].
[[2,7,2,1,1,1,2,3,0],58,6].
[[3,3,2,1,1,1,2,3,0],5,0].
[[3,3,2,0,0,0,0,0,0],166,5].
[[1,8,2,1,2,1,2,1,0],185,53].
[[2,7,2,1,2,1,1,2,0],109,22].
[[3,7,2,1,2,1,1,2,0],405,71].
[[3,7,2,1,2,1,2,1,0],232,54].
[[2,8,2,1,2,0,2,3,2],55,26].
[[3,7,2,1,2,0,2,3,2],70,12].
[[2,8,2,0,0,0,1,2,0],476,115].
[[2,8,2,0,0,0,0,0,0],207,80].
[[1,8,2,1,2,1,2,1,2],114,24].
[[3,8,2,1,1,1,2,1,2],52,18].
[[1,8,2,0,0,0,1,1,0],117,80].
[[2,7,2,1,2,1,2,2,0],261,35].
[[3,7,2,1,1,1,2,2,0],155,31].
[[2,7,2,0,0,0,2,3,2],181,28].
[[3,7,2,1,2,1,2,3,2],335,45].
[[2,6,2,0,0,0,0,0,0],340,8].
[[3,6,2,1,2,1,2,3,0],101,2].
[[1,8,2,0,0,0,2,2,2],425,100].
[[2,7,2,0,0,0,2,2,2],116,19].
[[3,7,2,0,0,0,2,2,2],103,16].
[[2,3,2,1,2,1,0,0,0],106,4].
[[3,3,2,1,2,1,0,0,0],218,12].
[[2,8,2,1,1,1,2,1,2],33,7].
[[3,7,2,1,1,1,2,1,2],42,12].
[[3,5,0,0,0,0,1,1,0],9,3].
[[2,8,2,1,2,0,2,3,0],167,51].
[[3,5,0,1,2,0,1,2,0],5,0].
[[3,8,2,1,2,0,1,2,0],211,67].
[[1,6,2,1,2,1,2,3,2],22,1].
[[2,3,2,1,2,1,2,3,2],17,1].
[[3,3,2,1,2,1,2,3,2],95,1].
[[2,7,2,1,2,0,2,1,0],11,1].
[[3,7,2,1,2,0,2,1,0],38,13].
[[3,8,2,1,2,0,2,1,0],24,9].
[[1,8,2,1,2,0,1,1,2],3,1].
[[3,8,2,1,1,0,1,1,2],2,7].
[[3,6,2,1,2,1,0,0,0],50,0].
[[1,8,2,1,1,1,2,2,0],60,8].
[[2,8,2,1,1,1,2,2,0],130,24].
[[3,8,2,1,1,1,2,2,0],84,25].
[[2,6,2,1,2,0,2,2,0],21,2].
[[3,6,2,1,2,0,2,2,0],31,4].
[[3,8,2,1,1,1,2,3,2],102,18].
[[3,7,2,1,2,1,0,0,0],307,75].
[[1,7,2,1,2,1,2,1,0],28,1].
[[2,7,2,1,2,1,2,1,0],116,31].
[[2,8,2,0,0,0,1,2,2],142,28].
[[3,5,0,1,2,1,1,1,2],22,0].
[[3,8,2,1,2,1,2,1,0],91,31].
[[3,8,2,1,1,1,2,3,0],119,52].
[[2,4,1,1,2,0,1,2,0],15,1].
[[2,8,2,0,0,0,2,2,2],233,62].
[[3,8,2,0,0,0,2,2,2],80,20].
[[3,7,2,0,0,0,2,3,0],250,69].
[[2,6,2,1,2,1,2,1,0],24,1].
[[3,3,2,1,2,1,2,1,0],28,1].
[[3,3,2,0,0,0,2,3,2],61,1].
[[2,7,2,0,0,0,2,2,0],282,37].
[[1,6,2,1,2,0,0,0,0],70,13].
[[3,3,2,1,2,0,2,3,2],44,0].
[[3,3,2,0,0,0,2,3,0],70,1].
[[3,8,2,1,1,0,1,2,0],31,30].
[[2,7,2,1,1,1,0,0,0],96,20].
[[3,7,2,1,1,1,2,1,0],57,12].
[[2,7,2,1,2,1,2,3,0],375,58].
[[3,8,2,1,2,0,2,3,2],59,9].
[[1,6,2,1,2,1,2,1,0],7,0].
[[2,3,2,1,2,1,2,1,0],7,0].
[[3,3,2,1,2,1,1,1,0],14,0].
[[1,7,2,0,0,0,2,2,0],160,18].
[[2,7,2,1,2,0,2,2,0],30,6].
[[1,8,2,1,1,1,2,3,0],70,11].
[[2,8,2,1,2,0,1,1,0],29,27].
[[3,7,2,0,0,0,2,1,2],80,17].
[[3,6,2,1,2,0,2,1,0],18,0].
[[3,8,2,0,0,0,2,1,2],57,14].
[[3,6,2,1,2,1,2,3,2],150,3].
[[2,3,2,1,2,0,0,0,0],41,0].
[[3,3,2,1,2,0,2,3,0],41,0].
[[2,2,2,1,2,1,0,0,0],4,0].
[[3,2,2,1,2,1,2,2,2],7,0].
[[1,6,2,0,0,0,2,3,0],103,2].
[[2,6,2,0,0,0,2,2,2],154,2].
[[3,6,2,1,2,1,1,2,2],97,6].
[[1,7,2,1,2,1,2,3,0],68,6].
[[2,7,2,0,0,0,1,2,0],120,25].
[[3,7,2,0,0,0,2,2,0],194,30].
[[3,3,2,1,1,1,2,2,0],10,0].
[[1,3,2,0,0,0,2,3,0],5,0].
[[2,3,2,0,0,0,1,2,0],14,0].
[[3,3,2,1,2,1,1,2,0],36,0].
[[3,3,2,1,2,1,2,3,0],68,2].
[[3,8,2,0,0,0,2,2,0],74,20].
[[2,8,2,1,2,0,1,2,0],100,35].
[[1,8,2,1,2,1,1,2,0],185,74].
[[3,8,2,0,0,0,1,1,0],84,40].
[[3,7,2,0,0,0,2,3,2],133,21].
[[1,8,2,1,2,0,1,2,2],6,1].
[[2,5,0,1,2,0,1,1,2],5,0].
[[3,5,0,1,2,0,1,1,2],8,0].
[[3,4,1,1,2,0,2,3,2],34,2].
[[3,3,2,1,2,1,1,2,2],44,0].
[[1,8,2,1,2,0,0,0,0],87,42].
[[2,8,2,1,2,0,2,1,0],43,19].
[[2,8,2,1,2,0,2,1,2],36,12].
[[3,8,2,1,2,0,2,1,2],53,14].
[[2,8,2,1,2,0,2,2,0],94,42].
[[3,7,2,1,2,1,1,1,2],46,16].
[[3,6,2,0,0,0,2,2,2],79,2].
[[3,6,2,1,2,1,1,1,0],30,10].
[[2,6,2,1,2,0,2,2,2],31,3].
[[3,6,2,1,2,0,2,2,2],59,6].
[[1,6,2,1,2,1,2,2,0],9,0].
[[1,6,2,1,2,1,2,1,2],11,1].
[[2,6,2,1,1,1,1,1,2],4,1].
[[3,3,2,1,1,1,1,1,2],2,0].
[[2,8,2,1,2,1,1,1,2],55,14].
[[3,8,2,1,2,1,1,1,2],79,26].
[[1,3,2,0,0,0,0,0,0],162,6].
[[1,7,2,1,2,1,2,2,0],47,6].
[[2,7,2,1,1,1,2,2,0],36,7].
[[3,3,2,1,1,1,2,3,2],13,0].
[[2,6,2,1,2,0,0,0,0],84,13].
[[3,6,2,1,1,0,2,2,0],7,2].
[[3,8,2,1,2,0,1,1,0],56,34].
[[2,8,2,1,1,1,2,3,2],71,13].
[[1,6,2,0,0,0,2,1,2],90,4].
[[2,6,2,1,2,1,2,1,2],56,5].
[[3,6,2,1,2,1,1,1,2],34,17].
[[2,8,2,1,1,1,1,1,0],35,25].
[[3,3,2,1,1,1,2,1,0],5,0].
[[3,7,2,1,2,0,2,2,0],107,31].
[[1,6,2,0,0,0,1,2,0],17,4].
[[2,6,2,1,2,1,1,2,0],18,5].
[[3,7,2,1,2,0,1,1,2],13,6].
[[3,8,2,1,1,1,1,2,2],79,28].
[[3,6,2,0,0,0,0,0,0],42,0].
[[2,7,2,1,2,1,2,2,2],125,16].
[[3,3,2,1,2,1,2,2,2],57,0].
[[1,6,2,0,0,0,2,2,2],124,11].
[[2,2,2,0,0,0,2,2,2],7,0].
[[3,2,2,1,2,0,2,2,2],5,0].
[[1,6,2,0,0,0,2,2,0],72,2].
[[3,6,2,0,0,0,2,3,0],61,0].
[[3,7,2,1,1,1,1,2,2],32,10].
[[2,3,2,0,0,0,2,2,0],31,0].
[[2,7,2,1,1,1,1,1,0],3,0].
[[2,8,2,0,0,0,1,1,0],133,75].
[[3,6,2,1,2,0,1,1,0],12,2].
[[2,8,2,1,2,1,0,0,0],215,71].
[[1,8,2,1,2,0,1,2,0],12,11].
[[2,8,2,1,1,0,1,2,0],5,12].
[[3,3,2,1,2,1,2,2,0],60,2].
[[2,7,2,0,0,0,2,1,0],150,24].
[[3,3,2,1,2,0,1,1,2],9,0].
[[3,3,2,1,2,0,0,0,0],87,2].
[[2,6,2,1,1,1,2,2,0],7,0].
[[3,6,2,1,1,1,1,2,0],17,4].
[[1,6,2,0,0,0,1,2,2],39,12].
[[2,3,2,0,0,0,1,2,2],8,0].
[[3,5,0,1,2,1,1,1,0],17,6].
[[3,8,2,1,2,0,2,2,0],59,30].
[[1,8,2,1,1,1,2,3,2],25,1].
[[3,6,2,1,2,1,2,2,2],107,0].
[[3,6,2,1,2,1,2,1,2],85,4].
[[1,7,2,0,0,0,1,2,0],37,4].
[[3,7,2,1,1,1,2,2,2],81,16].
[[1,6,2,1,2,0,1,1,0],1,0].
[[2,6,2,1,2,0,1,2,0],16,2].
[[3,6,2,1,2,0,1,2,0],37,6].
[[3,8,2,0,0,0,1,2,2],72,14].
[[2,8,2,1,2,0,1,2,2],29,10].
[[3,8,2,1,1,0,1,2,2],5,18].
[[2,8,2,1,1,0,2,3,0],9,6].
[[3,8,2,1,1,0,2,3,0],19,21].
[[2,3,2,0,0,0,2,3,0],38,2].
[[2,8,2,1,1,1,2,2,2],73,13].
[[1,7,2,0,0,0,2,3,2],72,8].
[[3,7,2,1,2,1,1,2,2],116,20].
[[3,8,2,1,2,0,1,2,2],53,20].
[[1,8,2,1,2,1,1,1,2],13,6].
[[3,7,2,1,1,1,1,2,0],130,18].
[[2,6,2,0,0,0,1,1,2],21,16].
[[3,6,2,0,0,0,1,1,2],18,13].
[[3,7,2,0,0,0,1,2,2],53,14].
[[3,7,2,0,0,0,1,2,0],195,23].
[[3,6,2,1,2,0,1,1,2],15,10].
[[3,6,2,1,1,0,1,2,0],13,2].
[[1,8,2,1,1,1,2,2,2],21,4].
[[2,7,2,1,1,1,2,2,2],14,3].
[[2,6,2,0,0,0,2,1,2],83,3].
[[3,8,2,1,2,1,2,1,2],163,48].
[[3,7,2,1,2,0,2,3,0],169,31].
[[3,6,2,0,0,0,2,1,0],20,2].
[[2,5,0,1,2,1,1,2,0],3,0].
[[3,5,0,1,2,1,1,2,0],23,0].
[[3,8,2,1,2,0,2,2,2],42,22].
[[3,3,2,1,2,0,2,2,2],32,0].
[[3,6,2,1,2,0,2,3,0],39,4].
[[2,5,0,1,1,0,1,2,0],1,0].
[[3,5,0,1,1,0,1,2,0],3,0].
[[2,7,2,1,2,0,2,1,2],13,3].
[[3,3,2,1,1,0,2,1,2],5,0].
[[2,2,2,0,0,0,2,2,0],4,0].
[[3,2,2,1,2,1,2,2,0],2,0].
[[1,8,2,1,1,1,2,1,0],20,3].
[[2,6,2,1,1,1,1,2,2],9,0].
[[3,8,2,1,1,1,1,1,2],30,9].
[[2,6,2,1,1,1,2,3,0],9,1].
[[3,6,2,1,1,1,2,3,0],19,0].
[[1,7,2,0,0,0,2,1,0],83,13].
[[2,6,2,1,2,1,2,3,0],59,1].
[[3,8,2,0,0,0,2,1,0],27,10].
[[2,7,2,0,0,0,1,2,2],25,6].
[[3,3,2,0,0,0,1,2,2],24,0].
[[2,7,2,1,2,0,0,0,0],72,27].
[[1,8,2,1,2,1,1,2,2],43,5].
[[2,7,2,1,2,1,1,2,2],18,7].
[[3,6,2,1,1,1,2,3,2],24,1].
[[3,8,2,1,1,1,2,1,0],17,10].
[[3,6,2,0,0,0,2,2,0],38,0].
[[3,6,2,1,1,0,2,2,2],16,11].
[[2,3,2,1,2,0,2,1,0],6,0].
[[3,3,2,1,1,0,1,1,0],2,0].
[[3,7,2,0,0,0,1,1,2],27,0].
[[3,8,2,1,1,1,2,2,2],91,18].
[[2,3,2,1,2,0,2,3,2],10,0].
[[3,3,2,1,2,0,1,2,2],23,0].
[[3,6,2,1,1,1,2,2,0],19,1].
[[3,6,2,1,1,0,2,1,2],7,4].
[[3,7,2,0,0,0,1,1,0],60,24].
[[1,8,2,1,2,0,2,3,2],23,11].
[[2,7,2,1,2,0,2,3,2],32,6].
[[1,8,2,1,2,0,2,1,2],8,6].
[[3,5,0,1,1,1,1,1,2],11,1].
[[1,7,2,1,2,1,2,3,2],28,1].
[[2,6,2,1,2,0,2,1,2],28,2].
[[3,7,2,1,2,0,1,2,2],26,6].
[[2,6,2,1,2,1,1,1,2],11,6].
[[2,8,2,1,1,1,1,2,2],30,6].
[[2,7,2,0,0,0,1,1,0],41,11].
[[2,6,2,1,2,1,2,2,2],70,3].
[[2,8,2,1,2,0,0,0,0],42,22].
[[2,3,2,0,0,0,2,3,2],50,1].
[[3,3,2,0,0,0,1,2,0],28,0].
[[2,2,2,0,0,0,0,0,0],29,0].
[[3,2,2,0,0,0,0,0,0],17,0].
[[2,6,2,0,0,0,2,3,0],126,4].
[[3,4,1,1,2,0,2,2,0],34,1].
[[1,8,2,1,2,0,2,3,0],59,24].
[[3,6,2,0,0,0,1,2,0],60,3].
[[3,7,2,1,2,0,1,1,0],33,13].
[[1,2,2,0,0,0,0,0,0],36,0].
[[3,2,2,1,2,1,2,1,2],5,0].
[[2,8,2,1,2,0,2,2,2],45,24].
[[3,7,2,1,2,0,2,2,2],66,9].
[[3,5,0,0,0,0,1,1,2],10,0].
[[3,4,1,1,2,0,0,0,0],10,1].
[[1,7,2,0,0,0,2,2,2],37,11].
[[3,2,2,0,0,0,2,3,0],4,0].
[[3,2,2,1,2,0,0,0,0],13,0].
[[3,3,2,1,2,0,2,2,0],13,1].
[[3,6,2,1,2,1,2,1,0],28,2].
[[3,3,2,1,2,1,2,1,2],56,0].
[[3,6,2,1,2,0,2,1,2],45,2].
[[3,3,2,1,1,1,0,0,0],33,0].
[[2,2,2,1,2,0,0,0,0],10,0].
[[3,2,2,1,1,0,2,2,0],1,0].
[[2,3,2,0,0,0,2,2,2],26,0].
[[3,3,2,0,0,0,2,2,2],51,2].
[[1,8,2,1,2,0,2,1,0],20,13].
[[3,2,2,0,0,0,2,2,0],2,0].
[[2,7,2,1,1,1,1,2,0],19,2].
[[3,4,1,1,2,0,1,1,0],29,1].
[[2,6,2,1,2,1,1,2,2],37,6].
[[2,6,2,1,2,1,1,1,0],10,2].
[[1,2,2,0,0,0,2,2,2],6,0].
[[2,2,2,1,2,1,2,2,2],3,0].
[[2,4,1,1,2,0,2,3,0],19,0].
[[3,4,1,1,2,0,2,3,0],48,1].
[[3,8,2,1,1,0,2,1,2],7,1].
[[2,7,2,0,0,0,1,1,2],11,4].
[[3,4,1,1,2,0,1,2,2],25,0].
[[1,8,2,1,1,1,1,2,0],22,4].
[[3,2,2,1,2,1,1,1,0],1,0].
[[3,8,2,1,1,0,2,2,0],11,7].
[[3,8,2,1,1,0,2,1,0],1,5].
[[2,4,1,1,2,0,2,2,2],3,0].
[[3,4,1,1,2,0,2,2,2],20,0].
[[3,7,2,1,1,0,2,2,0],7,4].
[[3,3,2,1,1,0,1,1,2],2,0].
[[3,8,2,1,1,0,1,1,0],10,9].
[[2,7,2,1,2,1,1,1,2],10,2].
[[2,8,2,1,1,0,2,2,0],6,4].
[[3,8,2,1,1,0,2,3,2],9,7].
[[2,8,2,1,1,1,1,1,2],13,4].
[[2,3,2,1,2,1,2,2,0],8,0].
[[1,7,2,1,2,1,2,1,2],11,4].
[[2,7,2,1,1,1,2,1,2],6,0].
[[2,8,2,1,1,0,2,2,2],2,2].
[[3,4,1,1,2,0,2,1,0],13,1].
[[2,8,2,1,1,0,2,3,2],3,3].
[[2,6,2,1,1,0,2,3,0],2,2].
[[3,6,2,1,1,0,2,3,0],12,9].
[[1,3,2,0,0,0,2,3,2],9,0].
[[1,3,2,0,0,0,2,1,2],4,0].
[[2,3,2,1,2,0,2,1,2],5,0].
[[1,6,2,1,2,0,2,1,2],4,0].
[[2,6,2,1,1,0,1,1,2],1,2].
[[3,6,2,1,1,0,1,1,2],8,3].
[[3,3,2,1,2,0,1,2,0],19,0].
[[3,5,0,0,0,0,1,2,0],12,0].
[[3,6,2,1,1,1,0,0,0],8,0].
[[3,7,2,1,1,0,2,3,2],8,4].
[[1,8,2,1,1,1,2,1,2],15,1].
[[2,4,1,1,2,0,2,1,2],6,0].
[[3,4,1,1,2,0,1,1,2],14,0].
[[3,6,2,1,1,0,0,0,0],5,0].
[[2,2,2,0,0,0,2,3,2],7,0].
[[3,2,2,0,0,0,2,3,2],11,0].
[[2,6,2,1,2,1,2,2,0],44,0].
[[1,7,2,1,2,1,1,2,0],11,1].
[[2,4,1,1,2,0,2,1,0],4,0].
[[2,6,2,1,2,0,1,2,2],19,6].
[[2,8,2,1,1,0,1,2,2],2,3].
[[3,7,2,1,1,0,1,2,2],6,3].
[[2,6,2,1,2,0,2,3,0],29,4].
[[3,6,2,1,1,1,2,1,0],6,0].
[[2,3,2,1,2,1,2,1,2],9,0].
[[1,6,2,1,2,1,1,1,2],2,1].
[[3,6,2,1,1,1,1,1,2],10,4].
[[3,2,2,0,0,0,2,1,2],5,0].
[[1,8,2,1,2,0,2,2,0],32,17].
[[1,8,2,1,1,1,1,2,2],9,0].
[[1,6,2,1,2,1,1,2,2],11,0].
[[2,3,2,1,2,1,1,2,0],7,0].
[[3,3,2,1,1,1,1,2,0],3,0].
[[2,3,2,0,0,0,2,1,0],13,0].
[[2,6,2,1,1,0,2,2,0],1,0].
[[3,3,2,1,1,0,2,2,0],1,0].
[[3,2,2,1,2,1,0,0,0],12,0].
[[1,6,2,1,2,0,2,3,2],10,4].
[[3,6,2,0,0,0,2,1,2],55,1].
[[3,7,2,1,1,0,2,1,0],1,4].
[[3,5,0,1,2,0,1,1,0],4,1].
[[3,3,2,0,0,0,2,1,2],20,0].
[[2,6,2,1,1,0,0,0,0],10,5].
[[2,8,2,1,1,0,2,1,0],1,5].
[[3,3,2,1,2,0,1,1,0],7,0].
[[1,6,2,1,2,1,2,2,2],15,0].
[[3,3,2,1,1,1,1,2,2],5,0].
[[3,6,2,1,2,0,0,0,0],26,1].
[[1,6,2,1,2,0,2,1,0],3,0].
[[1,7,2,1,2,1,2,2,2],20,2].
[[2,2,2,0,0,0,2,1,2],6,0].
[[3,2,2,1,2,0,2,3,2],10,0].
[[1,6,2,0,0,0,1,1,2],9,4].
[[2,8,2,1,1,0,2,1,2],1,3].
[[3,7,2,1,1,0,2,1,2],2,6].
[[3,3,2,0,0,0,1,1,0],2,0].
[[3,6,2,1,1,0,2,3,2],13,5].
[[1,6,2,0,0,0,1,1,0],5,2].
[[2,5,0,0,0,0,1,2,0],4,0].
[[3,7,2,1,1,0,1,2,0],4,14].
[[1,6,2,1,2,1,1,2,0],3,0].
[[3,7,2,1,1,1,1,1,2],15,3].
[[2,6,2,1,1,1,0,0,0],19,0].
[[3,2,2,1,2,1,2,1,0],2,0].
[[3,2,2,1,2,0,2,2,0],5,0].
[[2,3,2,1,2,0,1,2,2],4,0].
[[2,7,2,1,2,0,2,2,2],15,10].
[[3,7,2,1,1,0,2,2,2],3,6].
[[2,5,0,0,0,0,1,1,0],5,0].
[[2,6,2,1,1,1,2,3,2],9,1].
[[2,7,2,1,2,0,1,2,0],11,6].
[[2,6,2,0,0,0,1,1,0],7,4].
[[3,4,1,1,2,0,2,1,2],20,1].
[[3,8,2,1,1,0,2,2,2],6,9].
[[2,6,2,1,1,0,2,1,0],3,1].
[[3,3,2,1,1,0,2,1,0],4,0].
[[2,3,2,1,2,1,2,3,0],9,0].
[[2,7,2,1,1,1,2,3,2],16,1].
[[3,2,2,0,0,0,2,1,0],1,0].
[[1,7,2,0,0,0,1,2,2],1,0].
[[3,2,2,1,2,1,1,2,0],1,0].
[[2,3,2,1,2,1,2,2,2],9,0].
[[1,7,2,0,0,0,1,1,0],14,3].
[[2,6,2,1,2,0,1,1,2],11,1].
[[3,2,2,1,1,0,1,1,2],1,0].
[[3,2,2,0,0,0,2,2,2],6,0].
[[1,2,2,0,0,0,2,3,0],1,0].
[[2,2,2,0,0,0,2,3,0],2,0].
[[2,3,2,1,2,0,2,3,0],2,0].
[[3,3,2,0,0,0,2,1,0],18,1].
[[1,6,2,1,2,0,1,2,2],2,1].
[[3,6,2,1,1,0,1,2,2],5,2].
[[3,5,0,1,1,0,1,1,2],4,2].
[[2,6,2,1,1,0,2,3,2],3,2].
[[3,3,2,1,1,0,2,2,2],2,0].
[[3,2,2,1,1,0,2,3,2],2,0].
[[3,3,2,1,2,1,1,1,2],14,0].
[[3,7,2,1,1,0,0,0,0],4,0].
[[2,6,2,1,1,1,2,1,0],3,0].
[[3,6,2,1,1,1,2,1,2],14,1].
[[3,3,2,1,1,0,0,0,0],13,0].
[[2,4,1,1,2,0,2,2,0],10,1].
[[3,2,2,1,2,0,2,1,0],3,0].
[[1,2,2,0,0,0,2,1,2],2,0].
[[3,7,2,1,1,0,1,1,0],3,1].
[[3,3,2,1,1,0,2,3,2],5,0].
[[3,6,2,1,1,0,2,1,0],3,2].
[[2,5,0,1,1,1,1,2,0],1,0].
[[3,5,0,1,1,1,1,2,0],10,0].
[[2,3,2,1,2,0,1,1,0],1,0].
[[3,3,2,0,0,0,1,1,2],7,1].
[[1,7,2,1,2,1,1,1,0],1,0].
[[2,4,1,1,2,0,1,1,2],3,0].
[[1,6,2,1,2,0,2,3,0],4,1].
[[2,7,2,1,1,1,2,1,0],13,2].
[[2,3,2,1,2,0,2,2,2],8,0].
[[3,2,2,1,1,0,2,3,0],1,0].
[[2,6,2,1,2,0,2,1,0],8,1].
[[2,7,2,1,1,1,1,2,2],5,0].
[[1,6,2,1,2,0,1,2,0],2,0].
[[3,8,2,1,1,1,0,0,0],1,2].
[[3,8,2,0,0,0,0,0,0],1,5].
[[3,2,2,0,0,0,1,1,2],1,0].
[[2,8,2,1,1,0,0,0,0],1,2].
[[1,3,2,0,0,0,2,2,2],7,0].
[[3,3,2,1,1,0,1,2,2],2,0].
[[1,6,2,1,2,0,2,2,2],8,2].
[[3,8,2,1,2,1,0,0,0],1,6].
[[2,4,1,1,2,0,0,0,0],2,0].
[[1,3,2,0,0,0,2,2,0],3,0].
[[3,6,2,1,1,1,1,1,0],7,1].
[[1,6,2,1,2,0,1,1,2],2,0].
[[2,8,2,1,1,0,1,1,0],0,2].
[[2,5,0,1,2,1,1,1,2],7,0].
[[1,8,2,1,1,1,1,1,0],10,2].
[[3,5,0,1,1,0,1,1,0],1,3].
[[1,6,2,1,2,1,2,3,0],10,0].
[[3,5,0,1,1,1,1,1,0],2,1].
[[2,3,2,1,2,1,1,2,2],5,0].
[[3,7,2,1,1,0,1,1,2],0,2].
[[3,4,0,1,2,0,2,1,0],0,1].
[[2,4,1,1,2,0,1,2,2],3,0].
[[3,2,2,1,1,1,2,3,2],1,0].
[[2,2,2,1,2,0,2,3,0],1,0].
[[2,4,1,1,2,0,2,3,2],5,1].
[[3,2,2,1,1,1,1,2,2],1,0].
[[2,6,2,1,1,1,2,2,2],6,0].
[[2,3,2,0,0,0,1,1,2],2,0].
[[2,6,2,1,1,0,1,2,2],0,1].
[[3,4,0,1,2,0,1,2,2],0,3].
[[1,3,2,0,0,0,1,1,2],1,0].
[[2,2,0,0,0,0,0,0,0],1,1].
[[3,2,0,0,0,0,0,0,0],3,0].
[[2,3,2,1,2,0,2,2,0],2,0].
[[2,5,0,1,2,0,1,2,0],2,0].
[[2,2,2,0,0,0,1,2,2],2,0].
[[3,2,2,0,0,0,1,2,2],5,0].
[[2,2,2,1,2,0,2,1,0],1,0].
[[3,2,2,1,2,0,1,1,0],2,0].
[[3,2,0,1,2,1,2,3,0],0,1].
[[1,3,2,0,0,0,1,2,2],4,0].
[[2,6,2,1,1,0,2,2,2],3,2].
[[3,3,2,1,1,1,2,2,2],5,0].
[[2,3,2,1,2,1,1,1,2],2,0].
[[2,4,1,1,2,0,1,1,0],4,0].
[[3,1,1,1,2,0,1,1,0],2,0].
[[3,2,2,1,2,1,2,3,2],3,0].
[[2,3,2,1,2,1,1,1,0],2,0].
[[3,6,2,1,1,0,1,1,0],1,0].
[[3,2,2,1,2,1,1,2,2],3,0].
[[2,7,2,1,2,0,1,2,2],4,2].
[[2,2,2,0,0,0,2,1,0],3,0].
[[3,3,2,1,1,0,2,3,0],2,0].
[[2,5,0,1,1,1,1,1,2],2,1].
[[3,2,2,1,1,1,0,0,0],1,0].
[[1,6,2,1,2,0,2,2,0],4,0].
[[2,6,2,1,1,1,2,1,2],8,0].
[[3,3,2,1,1,1,2,1,2],4,0].
[[3,2,2,1,1,0,0,0,0],2,0].
[[3,8,2,1,2,0,0,0,0],0,1].
[[2,2,2,1,2,0,2,2,0],1,0].
[[3,2,2,1,2,0,1,2,0],1,0].
[[1,2,2,0,0,0,2,2,0],1,0].
[[2,6,2,1,1,1,1,2,0],2,0].
[[1,8,2,1,1,1,1,1,2],3,0].
[[2,3,2,1,2,0,1,1,2],1,0].
[[2,6,2,1,2,0,1,1,0],2,0].
[[3,2,2,1,2,0,2,3,0],1,0].
[[2,2,2,0,0,0,1,2,0],2,0].
[[3,2,2,0,0,0,1,2,0],2,0].
[[3,4,0,1,2,0,1,2,0],0,1].
[[1,3,2,0,0,0,2,1,0],3,0].
[[3,3,2,1,1,1,1,1,0],1,0].
[[2,3,2,0,0,0,1,1,0],1,0].
[[3,2,2,1,2,0,2,1,2],5,0].
[[2,2,2,1,2,0,2,2,2],1,0].
[[2,3,2,1,2,0,1,2,0],1,0].
[[3,3,2,1,1,0,1,2,0],1,0].
[[2,2,2,1,2,0,2,3,2],2,0].
[[2,5,0,1,2,1,1,1,0],2,0].
[[2,2,2,1,2,1,2,3,2],2,0].
[[2,7,2,1,2,0,1,1,2],1,0].
[[3,1,1,1,2,0,1,1,2],2,0].
[[3,4,0,1,2,0,0,0,0],0,1].
[[3,2,2,1,2,1,1,1,2],2,0].
[[3,4,0,1,2,0,1,1,2],0,1].
[[2,6,2,1,1,0,1,2,0],0,1].
[[2,5,0,0,0,0,1,1,2],2,0].
[[2,8,2,1,1,0,1,1,2],0,1].
[[3,2,2,1,2,1,2,3,0],1,0].
[[3,2,2,1,2,0,1,2,2],1,0].
[[1,2,2,0,0,0,2,3,2],1,0].
[[3,2,0,0,0,0,2,3,0],0,1].
[[3,4,0,1,2,0,1,1,0],0,1].
[[1,6,2,1,2,1,1,1,0],1,0].
[[2,2,2,1,2,1,2,1,2],1,0].
[[3,4,0,1,2,0,2,2,2],0,1].
