total_WL(6405,5663).
[[1,8,1,1,2,0,2,3,0],2,3].
[[2,8,1,1,2,2,2,2,1],189,82].
[[3,7,2,1,1,0,2,2,1],1,1].
[[1,9,2,0,0,0,1,2,2],67,92].
[[2,8,0,0,0,0,1,2,2],14,26].
[[3,7,1,0,0,0,1,2,2],14,6].
[[1,8,1,0,0,0,2,2,1],174,69].
[[2,7,1,1,2,2,2,2,1],48,17].
[[3,7,1,1,2,2,1,2,1],93,22].
[[1,8,1,1,2,2,0,0,0],216,93].
[[2,8,1,1,2,2,2,3,1],161,78].
[[3,8,1,1,2,2,1,2,1],197,108].
[[1,9,2,0,0,0,2,3,1],92,157].
[[2,8,0,0,0,0,2,3,1],15,31].
[[3,8,0,0,0,0,2,3,1],8,12].
[[1,9,2,1,2,2,2,3,0],238,241].
[[2,9,2,1,1,2,2,3,0],73,94].
[[3,8,0,1,1,2,2,3,0],20,113].
[[1,7,1,1,2,2,0,0,0],49,21].
[[2,7,1,1,2,2,0,0,0],81,28].
[[3,7,1,1,1,2,2,2,1],56,18].
[[1,8,1,0,0,0,1,1,1],21,20].
[[2,8,1,0,0,0,1,1,1],24,32].
[[3,8,1,1,2,2,1,1,1],70,66].
[[1,9,2,1,2,0,1,1,1],3,3].
[[2,9,2,1,2,2,1,1,1],27,50].
[[3,8,0,1,1,2,1,1,1],13,29].
[[1,7,2,0,0,0,0,0,0],57,13].
[[2,7,2,1,2,0,2,1,1],3,0].
[[3,7,2,1,2,0,2,1,1],13,0].
[[1,9,2,0,0,0,1,2,1],42,71].
[[2,5,0,0,0,0,1,1,1],29,2].
[[3,5,0,0,0,0,1,1,1],32,2].
[[1,9,2,1,2,2,1,1,1],26,24].
[[2,5,0,1,2,2,1,1,1],37,3].
[[3,5,0,1,2,2,1,1,1],94,10].
[[1,9,2,1,2,2,1,2,0],47,48].
[[2,9,2,1,2,2,1,2,0],83,94].
[[3,9,2,1,1,2,1,2,0],26,65].
[[1,9,2,1,1,2,2,2,1],63,51].
[[2,9,2,1,1,2,2,2,1],49,62].
[[3,9,2,1,1,2,1,2,1],26,88].
[[1,9,2,1,2,2,1,2,2],76,102].
[[2,8,0,1,2,2,1,2,2],27,47].
[[3,8,0,1,2,2,1,2,2],18,101].
[[1,9,2,0,0,0,2,3,2],99,189].
[[2,8,0,0,0,0,2,3,2],30,37].
[[1,8,0,0,0,0,1,2,1],0,1].
[[2,6,0,0,0,0,1,2,1],0,1].
[[3,6,0,1,2,2,1,2,1],0,4].
[[1,9,2,1,2,2,2,3,2],134,220].
[[2,8,1,1,2,2,2,3,2],144,58].
[[3,8,1,1,1,2,1,2,1],99,46].
[[1,8,1,1,1,2,2,3,2],36,2].
[[2,8,1,1,1,2,1,2,2],33,4].
[[3,8,1,1,1,2,1,2,2],41,19].
[[1,8,0,1,1,2,2,3,2],23,12].
[[2,7,0,1,1,2,2,3,2],1,3].
[[3,7,1,1,1,2,2,3,2],29,13].
[[3,7,1,1,2,0,2,3,2],29,6].
[[1,9,2,1,2,2,2,3,1],111,180].
[[3,8,1,1,2,2,2,2,1],134,72].
[[2,9,2,1,2,2,2,1,1],29,65].
[[3,8,0,1,2,2,2,1,1],22,47].
[[1,8,1,1,2,2,2,3,1],156,36].
[[2,8,1,1,2,2,1,2,1],129,46].
[[1,4,2,1,2,0,2,2,1],12,0].
[[2,4,2,1,2,0,2,2,1],46,2].
[[3,4,2,1,2,0,2,2,1],79,4].
[[1,9,2,0,0,0,0,0,0],75,247].
[[2,9,2,0,0,0,2,3,0],32,93].
[[3,5,0,0,0,0,1,2,0],6,0].
[[1,8,0,0,0,0,0,0,0],94,168].
[[2,8,0,1,2,0,2,3,2],7,12].
[[3,8,0,1,2,0,2,2,1],12,27].
[[1,7,1,0,0,0,2,3,2],13,3].
[[2,7,1,0,0,0,2,3,2],30,9].
[[3,7,1,1,2,2,2,2,1],102,34].
[[1,8,0,0,0,0,2,2,1],19,30].
[[2,8,0,0,0,0,1,1,1],5,6].
[[3,8,0,1,2,0,1,1,1],6,14].
[[1,9,2,1,1,2,0,0,0],59,69].
[[2,8,1,1,1,2,2,3,1],58,13].
[[1,9,2,0,0,0,2,2,0],61,97].
[[3,8,1,1,2,0,2,3,1],27,13].
[[2,9,2,1,1,2,1,1,1],18,24].
[[3,4,2,1,2,0,1,1,1],87,1].
[[1,8,0,1,1,2,0,0,0],45,34].
[[2,8,0,1,1,2,0,0,0],27,48].
[[3,7,1,1,1,2,0,0,0],9,9].
[[2,9,2,1,2,2,2,3,2],29,94].
[[3,9,2,1,1,2,1,2,2],6,55].
[[1,9,2,1,1,2,2,3,0],106,60].
[[2,4,2,1,2,0,2,3,0],48,0].
[[3,4,2,1,2,0,2,3,0],78,1].
[[1,9,2,1,1,2,2,1,1],35,17].
[[1,8,1,0,0,0,2,3,1],154,60].
[[2,8,1,0,0,0,2,3,1],91,39].
[[3,8,1,1,2,2,2,3,1],57,36].
[[1,8,1,1,2,2,2,3,2],149,61].
[[3,8,1,1,1,2,2,2,1],61,36].
[[1,8,1,0,0,0,2,1,0],19,9].
[[2,7,1,1,2,2,2,1,0],5,2].
[[3,3,1,1,2,2,2,1,0],1,1].
[[1,9,2,1,1,2,2,3,2],67,53].
[[2,9,2,1,1,2,1,2,2],43,31].
[[3,4,2,1,2,0,1,2,2],67,2].
[[2,9,2,1,2,2,2,3,0],97,183].
[[3,9,2,1,2,2,1,2,0],47,102].
[[1,8,0,1,2,2,2,3,0],33,36].
[[2,8,0,1,2,2,2,3,0],73,117].
[[3,8,1,1,2,2,1,2,2],74,38].
[[1,7,2,0,0,0,2,3,2],51,6].
[[2,7,2,0,0,0,2,3,2],30,3].
[[3,7,2,1,2,2,2,3,2],35,4].
[[1,7,1,1,2,2,2,1,1],3,1].
[[2,3,1,1,2,2,2,1,1],3,0].
[[3,3,1,1,2,2,2,1,1],10,0].
[[2,9,2,1,2,2,2,2,1],71,152].
[[3,8,0,1,2,2,2,2,1],34,96].
[[1,9,2,0,0,0,1,2,0],50,62].
[[2,8,0,1,2,2,1,2,0],18,26].
[[3,5,0,1,2,2,1,2,0],67,1].
[[1,6,1,1,2,2,0,0,0],21,0].
[[2,6,1,1,1,2,2,2,1],6,0].
[[3,6,1,1,1,2,1,2,1],11,0].
[[2,9,2,1,2,2,1,2,2],55,118].
[[3,9,1,1,2,2,1,2,1],10,30].
[[1,9,2,0,0,0,2,3,0],140,228].
[[2,8,0,1,1,2,2,3,0],44,43].
[[3,6,0,1,1,2,2,3,0],4,4].
[[2,8,0,1,2,2,2,3,1],40,90].
[[3,8,0,1,2,2,2,3,2],18,55].
[[1,8,1,1,2,0,2,3,2],15,18].
[[2,8,1,1,2,0,2,3,2],31,20].
[[3,8,1,1,1,0,1,2,2],10,11].
[[1,9,2,0,0,0,2,1,1],51,99].
[[2,8,0,1,2,0,2,1,1],2,8].
[[3,7,1,1,2,0,2,1,1],15,6].
[[1,9,2,1,2,2,2,2,1],141,191].
[[3,9,1,1,1,2,1,2,1],5,14].
[[3,9,2,1,2,2,2,2,1],21,55].
[[2,7,2,0,0,0,0,0,0],26,5].
[[3,7,2,0,0,0,2,2,1],20,1].
[[2,9,2,0,0,0,2,2,1],41,79].
[[1,8,1,1,2,2,1,2,1],43,21].
[[3,7,1,1,1,2,2,3,1],47,15].
[[2,8,1,1,2,0,2,2,1],58,35].
[[3,8,1,1,1,0,1,2,1],17,25].
[[2,9,2,1,2,0,2,1,1],6,13].
[[3,9,2,1,2,0,2,1,1],1,3].
[[2,9,2,1,2,0,1,2,2],7,28].
[[1,9,2,1,2,2,2,2,0],95,111].
[[3,9,2,1,1,2,2,3,0],6,77].
[[1,7,2,0,0,0,2,3,1],16,0].
[[2,7,2,0,0,0,2,3,1],20,3].
[[3,7,2,0,0,0,2,3,1],11,1].
[[3,9,2,1,1,2,2,2,0],4,20].
[[1,8,1,0,0,0,2,3,2],240,78].
[[2,7,1,1,2,2,2,3,2],43,25].
[[3,7,1,1,2,2,2,3,2],85,31].
[[1,6,1,0,0,0,0,0,0],71,3].
[[2,6,1,0,0,0,2,2,1],29,2].
[[3,3,1,0,0,0,2,2,1],7,0].
[[1,8,1,1,2,2,2,2,1],151,50].
[[2,8,1,1,1,2,2,2,1],72,33].
[[1,8,1,1,2,0,2,2,1],22,17].
[[3,7,2,1,2,2,1,2,1],30,3].
[[2,9,2,0,0,0,2,3,1],18,41].
[[3,9,2,0,0,0,2,3,1],0,6].
[[2,9,2,0,0,0,1,2,2],20,63].
[[3,9,2,0,0,0,1,2,1],13,35].
[[2,9,2,1,2,2,2,2,0],36,95].
[[1,4,2,1,2,0,2,3,0],12,0].
[[2,4,2,1,2,0,1,2,0],27,2].
[[3,4,2,1,2,0,1,2,0],90,4].
[[2,8,0,1,1,2,2,2,0],26,21].
[[3,8,0,1,1,2,1,1,0],10,16].
[[1,9,2,1,2,2,1,1,0],20,17].
[[2,9,2,1,2,2,1,1,0],14,31].
[[3,8,1,1,2,2,1,1,0],11,3].
[[1,8,0,1,2,2,1,2,2],11,13].
[[3,8,0,1,2,2,1,1,1],19,37].
[[2,8,1,1,2,2,0,0,0],29,30].
[[1,8,1,1,2,2,2,1,0],13,3].
[[2,8,1,1,2,2,2,1,0],16,8].
[[3,8,1,1,1,2,1,2,0],30,7].
[[1,8,0,1,2,2,0,0,0],138,205].
[[3,8,0,1,1,2,2,3,1],15,28].
[[2,8,1,0,0,0,2,2,1],135,47].
[[3,8,1,0,0,0,1,1,1],17,28].
[[1,9,2,1,2,0,2,3,0],13,19].
[[2,9,2,1,2,0,2,3,0],16,40].
[[3,8,0,1,1,0,2,3,0],3,14].
[[1,8,1,0,0,0,0,0,0],280,135].
[[2,8,1,1,2,0,2,1,1],21,13].
[[3,8,1,1,2,0,2,1,1],23,14].
[[3,8,1,0,0,0,2,3,1],15,9].
[[3,8,0,1,2,2,1,2,0],49,67].
[[1,8,1,0,0,0,1,2,2],36,15].
[[3,9,2,1,2,2,1,1,1],22,48].
[[3,8,1,1,1,2,2,3,2],26,10].
[[1,9,2,1,2,0,1,2,2],8,11].
[[3,8,1,1,2,0,1,2,2],33,25].
[[1,8,0,1,2,2,2,3,2],36,78].
[[1,7,2,1,2,0,0,0,0],8,1].
[[2,7,2,1,1,0,0,0,0],1,1].
[[3,7,2,1,1,0,2,3,2],3,4].
[[3,8,0,1,2,0,2,3,1],2,12].
[[2,8,0,1,2,2,0,0,0],36,120].
[[2,8,1,1,2,2,1,2,2],60,38].
[[3,5,0,1,2,2,1,2,1],18,1].
[[2,9,2,0,0,0,2,1,1],7,42].
[[2,9,2,1,1,2,1,2,1],53,58].
[[3,8,0,1,1,2,1,2,1],23,73].
[[1,9,2,1,2,2,0,0,0],84,280].
[[2,8,1,1,2,2,2,1,1],85,42].
[[1,9,2,0,0,0,2,2,1],105,192].
[[2,8,0,1,2,2,2,2,1],53,74].
[[3,8,0,1,2,2,1,2,1],36,114].
[[1,9,2,1,2,2,2,1,0],59,73].
[[2,9,2,1,1,2,2,1,0],16,21].
[[3,8,1,1,1,2,1,1,1],38,39].
[[2,9,2,1,2,2,2,3,1],32,100].
[[3,9,2,1,1,2,2,2,1],14,37].
[[2,8,1,0,0,0,2,3,2],91,30].
[[3,8,1,0,0,0,2,2,1],40,19].
[[1,8,0,0,0,0,2,2,0],11,11].
[[2,7,1,0,0,0,1,2,1],12,1].
[[3,7,1,1,2,0,1,2,1],28,3].
[[2,8,0,1,2,0,2,3,0],5,15].
[[3,8,0,1,2,0,1,2,0],7,24].
[[2,8,0,0,0,0,0,0,0],15,62].
[[3,8,0,0,0,0,2,2,1],6,26].
[[3,8,1,1,2,0,2,2,1],41,31].
[[1,9,2,0,0,0,2,1,0],39,72].
[[2,8,1,0,0,0,2,1,0],11,7].
[[3,7,2,0,0,0,2,3,2],23,0].
[[2,9,2,1,1,2,2,2,0],24,29].
[[2,9,2,0,0,0,1,1,1],16,24].
[[3,9,2,1,2,2,1,2,2],15,62].
[[3,7,1,1,2,2,0,0,0],35,19].
[[3,9,2,1,2,0,2,3,0],0,22].
[[2,9,2,1,1,2,2,3,1],27,32].
[[3,4,2,1,2,0,2,3,1],45,6].
[[2,9,2,0,0,0,1,2,1],44,81].
[[3,8,0,0,0,0,1,2,1],9,27].
[[3,8,0,0,0,0,2,1,1],7,6].
[[2,9,2,1,2,0,1,2,1],9,36].
[[3,5,0,1,2,0,1,2,2],2,0].
[[2,7,2,0,0,0,1,2,1],13,1].
[[3,7,2,1,2,2,1,1,1],19,4].
[[2,8,0,1,1,2,1,1,0],5,3].
[[2,8,1,1,2,0,1,2,1],43,17].
[[3,8,1,1,2,0,1,2,1],79,46].
[[3,7,0,1,1,2,2,2,1],1,3].
[[2,9,2,1,1,2,0,0,0],3,21].
[[3,9,2,1,1,2,2,1,0],1,10].
[[2,9,2,1,2,2,1,2,1],62,139].
[[3,5,0,1,1,2,1,2,1],7,1].
[[1,7,1,1,2,2,2,2,1],6,2].
[[2,7,1,1,1,2,2,2,1],11,5].
[[1,8,1,1,1,2,2,2,1],35,6].
[[1,8,1,1,1,2,2,3,1],20,5].
[[2,8,1,1,1,2,1,2,1],57,16].
[[3,7,1,1,1,2,1,2,1],31,11].
[[1,9,2,1,2,0,2,2,1],11,24].
[[2,9,2,0,0,0,0,0,0],0,26].
[[3,9,1,0,0,0,2,3,0],1,1].
[[3,9,2,1,2,2,2,3,2],0,6].
[[3,8,0,1,1,2,1,2,2],10,61].
[[2,8,1,1,2,0,1,1,1],16,16].
[[1,9,2,1,1,2,2,1,0],41,15].
[[2,8,1,1,1,2,1,1,1],18,16].
[[1,9,2,1,1,2,1,2,1],25,15].
[[1,8,0,1,2,2,1,1,0],0,2].
[[2,8,0,1,2,2,1,1,0],7,9].
[[2,7,1,1,1,2,2,3,2],14,4].
[[3,7,1,1,1,2,1,2,2],29,4].
[[2,8,0,1,2,2,2,2,0],27,41].
[[3,8,0,1,1,2,2,2,0],6,41].
[[2,7,1,1,1,2,0,0,0],16,8].
[[3,3,1,1,1,2,0,0,0],6,0].
[[1,9,2,1,2,2,2,1,1],66,88].
[[2,9,2,1,1,2,2,1,1],27,25].
[[3,8,1,1,1,2,2,1,1],28,16].
[[2,8,0,1,1,2,1,2,2],16,12].
[[2,8,1,0,0,0,1,2,2],50,21].
[[1,7,2,1,2,0,2,3,2],8,1].
[[2,7,2,1,2,0,2,2,1],5,2].
[[3,7,2,1,2,0,1,1,1],6,5].
[[1,9,2,1,2,0,2,3,1],4,16].
[[2,8,0,1,2,0,2,3,1],2,6].
[[2,9,2,0,0,0,2,3,2],7,40].
[[3,7,1,1,2,2,2,3,1],87,31].
[[2,8,1,1,1,2,2,1,0],10,1].
[[3,8,1,0,0,0,2,3,2],12,5].
[[3,8,0,1,2,2,2,2,0],4,61].
[[3,8,0,1,1,2,2,2,1],23,64].
[[2,8,0,1,2,2,2,3,2],42,112].
[[3,8,0,1,1,2,2,3,2],13,44].
[[3,9,2,1,2,0,1,2,0],7,31].
[[3,5,0,1,1,2,1,2,2],9,0].
[[1,9,2,1,2,2,1,2,1],56,70].
[[1,9,2,1,1,2,2,2,0],39,26].
[[3,6,0,1,2,2,1,2,2],2,6].
[[1,8,0,0,0,0,2,3,1],14,22].
[[3,8,0,1,2,2,2,3,1],20,66].
[[1,8,1,1,2,0,2,3,1],16,7].
[[3,8,1,1,1,2,2,3,1],41,17].
[[1,4,2,1,2,0,2,3,1],11,2].
[[2,4,2,1,2,0,1,2,1],47,3].
[[3,4,2,1,2,0,1,2,1],154,5].
[[3,9,2,1,2,2,2,2,0],5,34].
[[2,8,1,1,2,0,2,3,1],44,21].
[[1,8,1,1,2,0,2,1,1],10,8].
[[3,8,1,1,2,2,2,1,1],56,30].
[[3,9,2,1,2,2,2,3,0],11,89].
[[2,6,0,1,2,2,2,3,2],1,6].
[[3,6,0,1,2,2,2,3,2],2,8].
[[2,8,0,1,2,0,2,1,0],2,7].
[[3,8,0,1,2,2,2,3,0],47,146].
[[2,7,0,1,1,2,0,0,0],4,5].
[[2,9,2,0,0,0,2,1,0],7,17].
[[2,7,2,1,2,2,0,0,0],30,3].
[[3,7,2,1,2,2,2,2,1],35,3].
[[2,7,2,1,2,0,0,0,0],11,5].
[[3,7,2,1,1,0,2,1,1],5,1].
[[1,9,2,1,1,2,2,3,1],54,25].
[[2,8,0,1,1,2,2,3,1],27,24].
[[3,7,2,1,2,2,2,3,1],20,4].
[[3,9,2,1,2,2,1,2,1],35,158].
[[3,7,0,0,0,0,2,3,1],0,6].
[[3,8,1,1,2,2,2,3,2],53,19].
[[3,8,0,1,1,2,2,1,1],10,26].
[[2,9,2,1,1,2,2,3,2],26,29].
[[3,9,2,1,1,2,2,1,1],3,23].
[[1,9,2,1,2,0,1,2,0],2,6].
[[2,9,1,1,1,0,1,2,0],0,1].
[[3,9,1,1,1,0,1,2,0],1,1].
[[3,8,0,0,0,0,2,3,2],6,11].
[[1,8,0,1,2,2,2,2,1],23,35].
[[2,6,0,1,2,2,2,2,1],3,1].
[[3,3,1,1,2,2,2,2,1],12,1].
[[2,4,2,1,2,0,2,2,0],18,1].
[[2,8,0,1,1,2,1,2,1],14,10].
[[3,8,1,1,1,2,2,1,0],9,6].
[[2,8,1,0,0,0,0,0,0],20,27].
[[2,9,1,1,1,2,1,2,1],7,3].
[[3,5,0,1,1,2,1,1,1],57,7].
[[1,8,1,1,2,2,1,2,2],32,13].
[[2,6,1,1,2,2,1,2,2],3,0].
[[3,3,1,1,2,2,1,2,2],5,0].
[[1,8,0,0,0,0,2,3,0],29,30].
[[2,8,0,0,0,0,2,3,0],37,64].
[[3,8,0,1,2,0,2,3,0],7,33].
[[3,7,0,1,2,2,2,3,0],5,7].
[[2,9,2,1,1,2,1,2,0],49,35].
[[2,9,2,1,2,0,2,1,0],7,10].
[[3,5,0,1,2,0,1,2,0],18,1].
[[2,9,2,0,0,0,1,2,0],27,51].
[[3,9,2,1,2,0,1,1,0],2,4].
[[2,9,2,1,2,2,2,1,0],17,58].
[[2,7,1,1,2,2,2,3,1],53,13].
[[1,9,2,0,0,0,1,1,1],23,29].
[[3,7,1,0,0,0,1,1,1],8,6].
[[3,7,1,1,2,2,2,1,1],40,26].
[[3,9,1,1,1,0,2,3,0],0,1].
[[1,8,0,0,0,0,2,1,0],7,14].
[[3,7,0,1,2,2,1,2,0],3,4].
[[3,3,2,1,2,0,2,3,1],4,0].
[[3,8,0,1,2,0,2,3,2],7,9].
[[3,8,1,1,2,2,2,3,0],26,16].
[[2,9,2,0,0,0,2,2,0],12,47].
[[3,9,2,1,2,0,2,2,0],0,10].
[[1,7,1,1,2,2,2,3,2],14,9].
[[2,7,1,1,2,2,1,2,2],8,4].
[[3,7,1,1,2,2,1,2,2],36,20].
[[1,8,1,1,2,2,2,3,0],38,3].
[[2,8,1,1,2,2,2,3,0],53,18].
[[3,8,1,1,1,0,2,3,0],1,0].
[[2,7,0,1,2,2,0,0,0],3,14].
[[3,7,0,1,2,2,0,0,0],3,16].
[[2,9,1,1,2,2,1,1,1],4,3].
[[3,9,1,1,2,2,1,1,1],5,11].
[[1,8,0,0,0,0,2,1,1],12,10].
[[2,7,1,0,0,0,2,1,1],19,7].
[[3,7,1,0,0,0,2,1,1],13,5].
[[2,7,1,0,0,0,2,3,1],20,6].
[[3,7,1,0,0,0,2,2,0],4,1].
[[1,8,1,0,0,0,2,1,1],84,38].
[[2,6,1,0,0,0,2,1,1],12,1].
[[3,6,1,1,2,2,1,2,1],24,1].
[[3,7,1,1,2,0,2,3,1],19,11].
[[1,7,2,1,2,2,2,3,2],17,0].
[[2,7,2,1,2,2,2,3,2],40,4].
[[3,5,0,1,1,2,1,2,0],47,0].
[[2,9,1,1,1,2,1,1,1],1,3].
[[1,8,1,1,2,2,2,1,1],58,15].
[[2,7,1,1,1,2,2,1,1],5,2].
[[2,5,0,0,0,0,1,2,2],1,0].
[[3,5,0,1,2,2,1,2,2],7,0].
[[3,8,0,1,1,2,2,1,0],6,28].
[[1,8,1,1,2,2,2,2,0],27,5].
[[2,5,0,0,0,0,1,2,1],1,0].
[[2,8,0,1,2,2,1,2,1],21,39].
[[2,7,1,1,2,2,2,1,1],24,10].
[[3,9,2,0,0,0,1,2,2],2,16].
[[1,7,1,0,0,0,0,0,0],52,18].
[[2,7,1,1,2,0,0,0,0],7,10].
[[3,9,1,1,1,2,1,2,2],1,6].
[[2,8,1,1,2,2,1,1,1],44,37].
[[2,6,1,0,0,0,0,0,0],24,0].
[[3,6,1,1,2,2,2,3,2],23,0].
[[1,8,1,0,0,0,2,3,0],46,18].
[[2,8,1,1,2,0,2,3,0],14,6].
[[3,8,1,1,1,0,1,2,0],3,4].
[[2,8,0,0,0,0,2,1,1],12,23].
[[3,7,0,1,2,2,2,1,1],1,13].
[[1,8,0,1,2,2,1,2,1],4,3].
[[3,7,0,1,1,2,1,2,1],4,4].
[[1,8,0,1,2,2,2,3,1],37,33].
[[1,9,2,1,2,0,0,0,0],11,35].
[[2,9,2,1,2,0,0,0,0],0,11].
[[3,8,0,1,2,2,0,0,0],0,35].
[[3,7,2,1,2,0,2,2,1],15,5].
[[2,8,0,1,2,2,2,1,0],15,38].
[[3,8,0,1,1,2,1,2,0],33,48].
[[1,9,2,1,1,2,1,2,2],36,21].
[[3,9,2,1,1,2,1,1,1],11,40].
[[3,8,0,0,0,0,2,3,0],12,31].
[[2,6,1,1,2,0,2,2,1],9,1].
[[3,3,2,1,2,0,2,3,2],12,0].
[[1,8,0,0,0,0,2,3,2],38,62].
[[3,8,0,1,2,0,1,2,2],6,20].
[[3,7,1,0,0,0,2,3,2],26,6].
[[2,8,0,0,0,0,2,1,0],7,24].
[[2,7,1,0,0,0,2,3,0],10,0].
[[3,7,1,0,0,0,2,3,0],5,4].
[[2,8,0,1,2,0,2,2,1],3,21].
[[3,8,0,1,1,0,2,2,1],5,6].
[[2,5,0,1,2,2,2,1,0],7,1].
[[3,5,0,1,2,2,2,1,0],7,1].
[[2,8,1,1,2,0,2,1,0],3,3].
[[3,8,1,1,2,0,2,1,0],2,2].
[[3,8,0,1,2,0,2,1,0],2,9].
[[2,9,2,1,2,0,2,2,1],20,40].
[[3,9,2,1,2,0,1,2,1],11,42].
[[2,8,1,0,0,0,2,1,1],50,27].
[[3,8,1,1,2,0,1,1,1],32,23].
[[2,8,0,0,0,0,1,2,0],7,11].
[[1,8,0,1,1,2,2,3,1],8,5].
[[2,7,0,1,1,2,2,3,1],3,1].
[[3,7,0,1,1,2,2,3,2],7,11].
[[2,8,1,0,0,0,1,2,1],75,36].
[[3,7,2,1,2,0,1,2,1],18,3].
[[3,3,1,1,2,2,0,0,0],16,1].
[[1,8,1,1,2,0,0,0,0],31,17].
[[3,8,1,1,2,2,1,2,0],55,5].
[[2,8,1,1,2,0,2,2,0],4,1].
[[3,6,1,1,2,0,2,2,0],2,0].
[[1,9,2,1,2,0,2,1,1],5,15].
[[1,8,0,1,1,2,2,1,1],3,2].
[[2,4,2,1,2,0,2,1,1],25,0].
[[3,4,2,1,2,0,2,1,1],42,2].
[[1,8,1,0,0,0,1,2,1],61,22].
[[3,7,1,1,2,0,1,1,1],11,8].
[[1,9,2,1,2,0,1,2,1],4,11].
[[2,9,2,1,1,0,1,2,1],0,3].
[[3,9,2,1,1,0,1,2,1],3,13].
[[3,9,2,1,2,2,2,1,0],2,24].
[[3,4,2,1,2,0,2,1,0],19,0].
[[3,7,1,1,2,2,2,1,0],6,5].
[[2,8,0,0,0,0,1,2,1],9,14].
[[3,7,1,1,2,0,2,1,0],2,3].
[[3,6,1,1,2,2,2,1,1],8,1].
[[1,8,1,1,2,0,1,2,2],7,6].
[[2,8,1,1,2,0,1,2,2],19,12].
[[2,7,2,1,2,0,2,3,2],17,3].
[[2,9,2,1,1,0,2,2,1],1,6].
[[1,6,1,0,0,0,2,3,1],10,0].
[[2,6,1,1,2,2,1,2,1],8,1].
[[1,7,2,0,0,0,2,2,1],16,0].
[[2,7,2,0,0,0,1,1,1],3,2].
[[1,4,2,1,2,0,2,1,1],7,0].
[[3,6,0,1,2,2,2,3,1],4,8].
[[1,8,1,1,1,2,1,2,1],6,4].
[[1,9,2,1,1,2,1,2,0],26,13].
[[2,9,1,1,1,2,1,2,0],2,1].
[[2,8,1,1,1,0,2,3,1],3,4].
[[3,8,1,1,1,0,2,3,1],5,10].
[[2,9,2,1,2,2,0,0,0],5,49].
[[3,6,0,1,2,2,0,0,0],4,11].
[[2,9,2,1,2,0,1,2,0],15,26].
[[3,7,1,1,2,2,2,3,0],26,7].
[[3,6,1,1,1,2,2,2,1],15,0].
[[3,9,2,1,1,2,2,3,2],2,4].
[[2,7,2,1,2,2,2,2,1],19,1].
[[3,9,1,1,1,2,1,1,1],4,11].
[[2,8,0,1,2,2,2,1,1],14,46].
[[2,6,1,0,0,0,2,3,1],15,0].
[[3,6,1,0,0,0,2,3,1],10,0].
[[1,9,2,1,2,0,2,3,2],9,20].
[[3,7,2,1,1,0,2,3,1],3,3].
[[2,7,1,0,0,0,0,0,0],43,20].
[[2,5,0,1,2,2,1,2,0],23,2].
[[1,8,1,1,1,2,1,2,2],10,0].
[[2,1,2,1,2,0,1,1,1],3,0].
[[3,1,2,1,2,0,1,1,1],6,0].
[[3,5,0,1,2,2,2,3,0],10,0].
[[2,8,0,1,1,2,2,2,1],30,30].
[[3,9,2,1,2,0,1,2,2],2,33].
[[2,9,2,1,1,2,1,1,0],15,11].
[[3,4,2,1,2,0,1,1,0],26,0].
[[2,8,1,0,0,0,2,3,0],23,11].
[[3,8,1,1,2,0,1,2,0],18,1].
[[1,9,2,1,2,0,2,1,0],6,6].
[[3,8,1,1,1,0,2,3,2],6,3].
[[1,9,2,0,0,0,1,1,0],9,6].
[[3,9,2,1,1,2,1,1,0],10,29].
[[3,6,1,0,0,0,1,2,1],11,0].
[[1,8,1,1,1,2,2,3,0],10,1].
[[2,8,1,1,1,2,2,3,0],29,3].
[[3,8,1,1,1,2,2,3,0],12,10].
[[3,8,0,1,2,0,2,1,1],6,9].
[[3,8,0,1,2,0,2,2,0],4,23].
[[3,4,2,1,2,0,0,0,0],4,3].
[[1,7,2,0,0,0,2,3,0],0,1].
[[2,7,2,1,2,2,2,3,0],0,1].
[[3,7,2,1,1,2,2,3,0],0,1].
[[2,7,1,0,0,0,2,2,1],29,9].
[[3,7,0,1,1,2,0,0,0],5,14].
[[1,3,2,0,0,0,0,0,0],10,0].
[[2,3,2,0,0,0,2,3,2],11,0].
[[3,6,1,1,2,0,0,0,0],2,0].
[[3,9,1,1,2,2,2,3,0],4,21].
[[1,7,1,0,0,0,2,2,0],6,0].
[[2,7,1,0,0,0,2,2,0],3,0].
[[3,9,1,1,2,2,1,2,2],0,4].
[[1,6,1,0,0,0,2,1,1],3,1].
[[2,6,1,1,2,0,1,1,1],2,0].
[[3,6,1,1,2,2,1,1,1],6,1].
[[1,8,0,1,2,2,2,2,0],26,17].
[[1,6,1,0,0,0,2,2,1],8,2].
[[3,6,1,0,0,0,2,2,1],12,1].
[[1,4,2,1,2,0,1,2,1],7,1].
[[2,7,1,1,1,2,2,3,1],11,1].
[[3,8,1,0,0,0,2,1,1],15,7].
[[2,6,1,1,2,2,2,3,1],12,0].
[[3,6,1,1,2,2,2,3,1],25,0].
[[2,8,0,1,1,2,2,3,2],27,45].
[[3,7,1,1,1,0,2,1,1],1,3].
[[2,8,0,1,1,2,1,2,0],12,8].
[[3,7,0,1,2,2,2,2,1],8,7].
[[1,8,1,0,0,0,2,2,0],24,9].
[[2,8,1,0,0,0,2,2,0],17,6].
[[3,8,1,1,2,0,2,2,0],3,3].
[[3,5,0,1,1,0,1,2,0],2,0].
[[2,7,0,0,0,0,0,0,0],2,3].
[[3,3,0,1,2,2,0,0,0],0,1].
[[3,7,0,1,1,2,2,2,0],5,5].
[[2,6,1,1,2,2,2,3,2],15,0].
[[3,6,1,1,2,0,1,2,1],15,1].
[[3,8,0,1,2,0,1,2,1],6,27].
[[1,8,0,1,1,2,2,2,1],10,6].
[[3,8,1,1,2,2,0,0,0],0,7].
[[3,8,1,0,0,0,1,2,1],56,22].
[[2,8,1,1,2,0,0,0,0],12,14].
[[3,7,1,1,2,0,0,0,0],12,6].
[[3,7,0,1,1,2,2,3,0],4,11].
[[1,8,0,1,2,2,2,1,1],10,15].
[[2,8,1,1,1,2,2,1,1],24,6].
[[3,5,0,1,2,0,1,1,1],32,3].
[[3,8,1,0,0,0,1,2,0],14,4].
[[3,7,1,1,2,2,1,1,1],29,19].
[[3,3,1,1,2,0,2,3,2],2,0].
[[2,9,2,1,2,0,2,3,2],4,9].
[[3,6,1,1,2,0,2,2,1],11,0].
[[3,7,1,1,1,0,0,0,0],1,3].
[[3,9,2,1,2,2,1,1,0],4,34].
[[3,3,1,1,1,2,2,2,1],4,0].
[[1,8,1,1,1,2,0,0,0],47,7].
[[3,3,1,1,2,2,2,3,2],11,1].
[[3,6,1,1,2,2,2,2,1],36,0].
[[2,9,2,0,0,0,1,1,0],9,7].
[[3,8,1,1,2,0,1,1,0],8,5].
[[1,8,0,1,1,2,2,3,0],11,4].
[[3,7,1,0,0,0,1,2,1],20,5].
[[3,7,2,0,0,0,0,0,0],4,1].
[[3,7,0,1,2,2,2,3,1],3,10].
[[1,8,0,0,0,0,1,1,0],1,1].
[[2,8,0,0,0,0,1,1,0],2,2].
[[2,8,1,1,1,2,2,3,2],41,10].
[[2,6,0,1,2,2,0,0,0],9,12].
[[1,6,0,1,2,2,0,0,0],8,4].
[[1,5,0,0,0,0,1,1,1],5,2].
[[1,9,2,1,1,2,1,1,1],15,5].
[[2,4,2,1,2,0,1,1,1],21,1].
[[3,6,1,1,2,0,2,1,1],5,0].
[[1,8,1,1,2,2,1,2,0],6,1].
[[2,8,1,1,2,2,1,2,0],28,5].
[[3,9,2,1,2,2,2,3,1],4,15].
[[2,4,2,1,2,0,2,3,2],34,2].
[[2,6,1,1,2,2,2,2,1],23,0].
[[2,5,0,1,1,2,1,1,1],10,0].
[[2,7,2,1,1,2,2,3,2],6,0].
[[3,3,2,1,1,2,2,3,2],1,0].
[[3,7,1,1,2,2,2,2,0],17,1].
[[2,7,2,0,0,0,1,2,2],10,2].
[[3,7,2,0,0,0,1,2,2],8,1].
[[3,9,2,0,0,0,1,2,0],5,27].
[[3,8,0,0,0,0,1,1,1],3,9].
[[1,9,2,1,1,2,1,1,0],9,2].
[[2,4,2,1,2,0,1,1,0],11,0].
[[2,8,1,1,2,2,2,2,0],19,7].
[[1,7,1,0,0,0,2,3,1],4,1].
[[3,7,1,1,2,0,2,3,0],5,3].
[[3,7,0,0,0,0,2,3,0],2,5].
[[1,7,1,0,0,0,1,2,1],2,0].
[[2,3,1,1,2,2,1,2,1],1,0].
[[3,3,1,1,1,2,1,2,1],1,0].
[[1,7,1,1,2,2,2,3,1],5,2].
[[3,7,0,1,1,2,2,3,1],4,10].
[[3,9,2,1,1,0,2,3,0],1,12].
[[2,9,2,1,2,0,2,3,1],2,25].
[[3,9,2,1,2,2,2,1,1],5,22].
[[3,7,1,1,1,2,2,3,0],20,5].
[[2,8,0,1,1,2,2,1,0],8,8].
[[1,4,2,1,2,0,2,1,0],6,0].
[[3,7,1,1,2,0,2,2,1],29,17].
[[3,4,2,1,2,0,2,2,0],31,2].
[[2,8,1,0,0,0,1,1,0],5,3].
[[3,7,1,0,0,0,2,2,1],40,14].
[[2,8,0,0,0,0,2,2,1],27,46].
[[2,8,0,1,2,0,1,2,1],3,6].
[[3,7,1,1,2,2,1,1,0],6,1].
[[2,7,2,1,2,2,1,2,1],5,1].
[[3,9,2,0,0,0,2,2,1],5,9].
[[1,7,2,1,2,2,2,3,1],4,0].
[[2,7,2,1,2,2,1,2,2],17,2].
[[2,5,0,1,1,2,1,2,0],10,0].
[[2,5,0,1,1,0,1,2,0],0,1].
[[3,4,0,1,2,0,1,2,0],0,1].
[[3,8,0,1,2,2,2,1,0],4,48].
[[2,7,1,0,0,0,1,2,2],7,2].
[[2,7,1,0,0,0,2,1,0],3,2].
[[3,7,1,0,0,0,2,1,0],1,3].
[[2,4,2,1,2,0,2,3,1],22,3].
[[3,8,0,1,2,2,1,1,0],15,21].
[[1,8,1,1,1,2,2,1,1],10,1].
[[3,8,1,1,2,0,2,3,2],11,5].
[[1,9,2,1,2,0,2,2,0],3,15].
[[3,7,1,0,0,0,0,0,0],7,7].
[[2,7,2,1,2,2,2,1,1],2,3].
[[3,7,2,1,2,2,2,1,1],12,4].
[[2,6,1,1,2,2,2,2,0],5,0].
[[3,3,1,1,2,2,2,2,0],5,0].
[[3,8,0,0,0,0,1,1,0],4,4].
[[3,7,1,0,0,0,2,3,1],19,6].
[[2,9,1,1,2,2,1,2,1],12,16].
[[3,5,0,1,1,0,1,2,1],0,2].
[[3,3,2,1,2,2,1,2,1],8,0].
[[2,7,2,1,2,2,2,3,1],13,1].
[[2,7,2,1,2,0,1,2,1],4,4].
[[3,8,1,0,0,0,2,1,0],4,3].
[[2,8,0,1,1,2,2,1,1],12,11].
[[3,7,1,1,1,2,2,1,1],32,2].
[[2,7,2,0,0,0,2,2,1],16,3].
[[3,9,1,1,2,0,1,2,0],1,2].
[[3,8,1,1,2,2,2,2,0],7,6].
[[2,8,1,0,0,0,1,2,0],18,7].
[[2,9,1,1,1,2,2,1,0],0,6].
[[3,9,1,1,1,2,2,1,0],0,6].
[[2,7,1,1,2,2,1,2,1],16,1].
[[3,9,1,1,1,2,2,3,0],1,10].
[[2,9,1,0,0,0,1,1,1],1,0].
[[3,9,1,1,2,0,1,1,1],2,4].
[[2,5,0,1,2,0,1,2,1],0,1].
[[3,5,0,1,2,0,1,2,1],2,1].
[[3,8,0,0,0,0,1,2,2],3,18].
[[3,8,0,1,1,2,0,0,0],0,18].
[[3,7,2,0,0,0,1,2,1],13,1].
[[3,9,2,0,0,0,2,3,0],1,22].
[[2,7,1,1,1,2,1,2,2],5,1].
[[3,7,1,1,1,2,1,1,1],20,16].
[[1,6,1,0,0,0,2,2,0],2,0].
[[3,8,0,0,0,0,2,1,0],2,9].
[[3,5,0,1,1,2,1,1,0],8,2].
[[2,7,2,1,2,0,1,2,2],6,1].
[[3,7,2,1,2,0,1,2,2],16,1].
[[3,7,1,1,1,0,2,3,2],2,4].
[[3,3,1,1,1,2,2,3,2],6,0].
[[3,6,1,0,0,0,2,1,1],7,0].
[[2,6,1,1,2,2,0,0,0],14,0].
[[2,6,0,1,1,2,0,0,0],4,4].
[[1,7,2,1,2,2,2,1,1],2,0].
[[2,7,2,1,2,2,1,1,1],5,2].
[[1,8,1,0,0,0,1,2,0],7,2].
[[2,7,1,1,2,0,1,2,0],2,0].
[[3,7,1,1,2,0,1,2,0],2,0].
[[1,5,0,0,0,0,1,2,0],2,0].
[[2,5,0,0,0,0,1,2,0],7,0].
[[3,7,0,0,0,0,2,1,0],0,2].
[[3,8,0,0,0,0,2,2,0],5,12].
[[3,9,2,1,1,0,1,2,0],2,5].
[[3,7,0,1,1,2,2,1,1],3,3].
[[3,6,1,1,1,0,2,3,2],4,1].
[[2,8,0,0,0,0,2,2,0],19,23].
[[1,7,2,0,0,0,1,2,1],3,0].
[[2,5,0,1,2,2,2,3,0],3,0].
[[2,9,1,1,1,0,1,2,1],0,1].
[[3,8,0,1,1,0,1,2,1],1,10].
[[3,7,0,1,2,2,2,3,2],6,11].
[[2,5,0,1,1,2,1,1,0],1,0].
[[3,9,2,1,1,2,2,3,1],1,11].
[[2,8,1,1,1,2,0,0,0],17,4].
[[3,3,1,0,0,0,0,0,0],10,1].
[[3,7,2,1,1,0,1,2,1],3,3].
[[1,8,0,1,1,2,1,2,2],3,2].
[[2,6,0,1,2,2,1,2,1],0,1].
[[3,6,0,1,2,2,1,1,1],0,3].
[[3,9,2,0,0,0,1,1,1],0,14].
[[3,7,0,1,1,2,1,2,2],4,7].
[[2,7,1,1,2,2,1,2,0],6,0].
[[3,7,1,1,2,2,1,2,0],32,2].
[[1,8,1,1,2,2,1,1,1],13,15].
[[2,7,1,1,2,2,1,1,1],9,6].
[[3,8,1,1,1,2,2,2,0],5,5].
[[3,9,2,0,0,0,2,2,0],0,10].
[[2,6,1,1,2,0,2,3,1],2,1].
[[3,6,1,1,2,0,2,3,2],7,1].
[[2,9,1,1,2,2,2,3,0],7,10].
[[3,5,0,1,1,2,2,3,0],6,0].
[[3,3,1,0,0,0,2,3,1],2,1].
[[3,9,2,1,2,0,1,1,1],4,18].
[[3,8,1,1,2,0,2,3,0],11,5].
[[3,9,1,0,0,0,1,1,1],0,6].
[[2,7,1,1,1,2,2,3,0],3,2].
[[3,7,2,1,2,2,0,0,0],8,4].
[[1,7,1,1,2,2,2,1,0],1,1].
[[2,7,1,1,1,2,2,1,0],2,1].
[[3,7,1,1,1,2,2,1,0],6,2].
[[1,7,1,1,2,2,1,1,1],1,0].
[[3,8,0,1,1,0,2,1,0],0,5].
[[3,9,1,1,2,0,2,1,0],0,5].
[[3,8,0,1,2,0,0,0,0],0,7].
[[3,7,0,0,0,0,2,3,2],3,2].
[[3,7,0,1,2,2,1,2,1],0,8].
[[3,6,1,1,2,0,1,1,1],5,3].
[[2,9,2,1,1,0,2,1,1],1,4].
[[2,8,0,1,2,0,1,2,2],5,5].
[[2,8,0,1,2,0,2,2,0],3,9].
[[3,8,1,1,2,2,2,1,0],6,8].
[[1,4,2,1,2,0,1,2,2],8,1].
[[2,4,2,1,2,0,1,2,2],26,1].
[[3,7,2,1,1,2,1,2,1],14,0].
[[3,7,0,1,1,2,2,1,0],1,3].
[[2,7,2,1,1,2,0,0,0],5,0].
[[3,7,2,1,1,2,2,3,1],6,0].
[[3,9,2,1,2,0,2,3,1],1,6].
[[2,7,1,1,2,2,2,3,0],15,2].
[[1,5,0,1,2,2,1,1,1],15,0].
[[1,8,1,0,0,0,1,1,0],1,1].
[[2,8,1,1,2,2,1,1,0],8,5].
[[1,7,2,1,2,2,0,0,0],16,2].
[[1,5,0,0,0,0,2,1,0],5,0].
[[1,8,0,1,2,2,1,2,0],7,2].
[[2,9,1,0,0,0,1,2,1],3,7].
[[2,9,2,1,2,0,2,2,0],7,24].
[[2,8,0,1,2,2,1,1,1],17,16].
[[3,8,0,0,0,0,0,0,0],0,5].
[[3,7,2,1,1,2,2,2,1],18,1].
[[3,6,0,1,2,2,1,2,0],2,1].
[[2,8,0,1,1,2,1,1,1],13,5].
[[1,4,2,1,2,0,2,2,0],4,1].
[[3,7,1,1,1,0,2,2,1],2,4].
[[2,6,1,1,2,2,2,1,1],5,0].
[[3,2,1,1,2,2,2,1,1],1,0].
[[2,7,2,0,0,0,2,1,1],19,1].
[[3,7,2,0,0,0,2,1,1],8,1].
[[3,6,1,1,2,2,2,3,0],7,0].
[[1,8,1,1,2,0,2,1,0],1,1].
[[2,6,1,0,0,0,1,2,1],7,3].
[[3,7,2,1,1,2,2,1,1],5,0].
[[3,7,2,1,2,2,1,2,2],26,2].
[[2,3,2,1,2,0,2,3,1],2,0].
[[1,7,1,0,0,0,2,1,1],4,5].
[[2,9,2,1,2,0,1,1,1],11,11].
[[3,9,2,1,2,0,2,2,1],4,18].
[[3,7,2,1,2,0,2,3,2],13,4].
[[2,6,1,1,2,0,2,3,2],4,0].
[[3,6,1,1,2,0,1,2,2],6,1].
[[3,7,2,1,1,2,1,2,2],19,1].
[[1,4,2,1,2,0,2,3,2],11,1].
[[2,3,1,1,2,2,2,2,1],1,0].
[[1,8,0,1,1,2,2,2,0],9,5].
[[1,4,2,1,2,0,0,0,0],14,1].
[[3,8,1,0,0,0,2,2,0],1,1].
[[3,3,2,0,0,0,1,2,1],1,0].
[[2,7,0,1,2,2,2,3,0],1,2].
[[2,8,1,1,2,0,1,2,0],3,2].
[[3,8,1,1,1,0,1,1,0],0,2].
[[2,7,0,0,0,0,2,3,1],1,1].
[[1,8,0,0,0,0,1,2,2],7,9].
[[2,8,1,1,1,0,2,2,1],5,2].
[[3,8,1,1,1,0,2,2,1],9,6].
[[2,7,0,1,1,2,2,2,1],1,1].
[[1,6,1,0,0,0,1,2,1],3,1].
[[3,6,0,1,1,2,0,0,0],1,7].
[[1,3,2,0,0,0,2,3,2],5,0].
[[2,3,2,0,0,0,1,2,2],2,0].
[[3,3,2,0,0,0,1,2,2],3,0].
[[2,8,1,1,2,0,1,1,0],3,0].
[[3,6,0,1,1,2,2,3,1],2,3].
[[2,7,0,1,2,2,2,1,1],1,1].
[[3,7,0,1,2,2,1,1,1],0,2].
[[3,6,1,1,1,2,2,3,2],4,0].
[[3,7,2,1,2,0,2,3,1],16,1].
[[2,4,2,1,2,0,2,1,0],10,0].
[[2,9,2,1,1,0,2,2,0],1,2].
[[3,9,2,1,1,0,2,2,0],1,2].
[[2,9,1,0,0,0,2,1,0],1,2].
[[3,6,0,0,0,0,2,3,0],0,1].
[[3,3,2,0,0,0,2,1,1],5,0].
[[2,3,1,1,2,2,0,0,0],12,0].
[[3,5,0,1,1,0,1,1,1],8,3].
[[3,7,0,1,1,2,1,1,0],2,2].
[[2,7,2,1,1,0,2,3,2],1,1].
[[1,7,1,0,0,0,2,2,1],8,2].
[[2,3,1,0,0,0,2,2,1],1,0].
[[3,3,1,1,2,0,2,2,1],2,0].
[[3,4,2,1,2,0,2,3,2],31,3].
[[2,3,2,0,0,0,2,3,1],3,0].
[[3,6,1,1,2,2,1,2,2],8,0].
[[3,9,1,1,2,0,1,2,1],2,8].
[[2,8,1,1,1,0,1,2,1],3,2].
[[1,6,0,0,0,0,0,0,0],1,4].
[[2,6,0,0,0,0,0,0,0],2,5].
[[3,6,0,0,0,0,2,2,1],1,0].
[[2,3,1,0,0,0,0,0,0],6,0].
[[3,3,1,1,2,0,2,3,1],3,0].
[[3,8,1,0,0,0,1,2,2],26,15].
[[2,8,0,1,2,0,0,0,0],6,10].
[[3,6,1,1,1,2,2,1,1],6,0].
[[2,7,2,1,1,2,2,1,1],2,0].
[[2,8,1,1,1,2,1,2,0],9,1].
[[3,7,1,1,1,2,1,2,0],5,1].
[[3,9,2,0,0,0,1,1,0],1,8].
[[3,5,0,1,2,0,1,1,0],3,0].
[[3,3,2,1,2,2,2,3,2],11,0].
[[1,7,2,1,2,2,1,2,1],1,0].
[[2,3,2,1,2,2,1,2,1],2,0].
[[3,6,1,0,0,0,1,1,1],2,2].
[[3,7,0,0,0,0,1,2,1],1,2].
[[2,5,0,1,2,2,1,2,1],6,2].
[[3,7,1,1,1,0,1,2,1],4,5].
[[3,7,2,1,1,0,0,0,0],2,0].
[[1,5,0,1,1,2,2,1,0],2,0].
[[3,7,2,1,1,2,2,3,2],13,2].
[[2,6,1,0,0,0,2,3,2],24,2].
[[2,8,1,1,1,0,2,3,2],3,2].
[[2,9,2,1,1,0,2,3,1],0,4].
[[2,8,1,1,1,0,2,1,1],2,5].
[[3,6,1,1,1,0,2,1,1],1,2].
[[3,7,2,1,1,0,1,2,2],4,4].
[[3,7,1,1,2,0,1,2,2],7,4].
[[3,7,2,0,0,0,2,1,0],0,1].
[[1,8,0,1,2,2,2,1,0],17,8].
[[3,3,1,1,2,2,1,1,1],2,0].
[[2,9,1,1,2,2,1,2,2],1,1].
[[3,8,0,1,2,0,1,1,0],2,5].
[[2,3,2,0,0,0,0,0,0],9,0].
[[3,3,2,1,2,2,2,2,1],2,0].
[[2,7,1,1,2,0,2,2,1],3,2].
[[2,7,0,1,2,2,2,3,2],0,5].
[[3,7,0,1,2,2,1,2,2],3,5].
[[3,7,0,1,1,2,1,1,1],2,6].
[[2,7,1,1,1,2,1,2,1],3,0].
[[3,9,2,1,1,0,1,2,2],2,9].
[[3,6,0,1,2,2,2,2,1],1,4].
[[2,6,1,1,2,0,0,0,0],3,1].
[[3,6,1,1,1,0,2,2,0],1,0].
[[3,9,1,1,1,2,1,2,0],2,2].
[[2,7,1,1,2,2,2,2,0],11,0].
[[3,6,0,1,1,2,2,2,1],0,5].
[[2,9,1,1,1,2,2,2,0],1,1].
[[3,9,1,1,1,2,2,2,0],1,1].
[[2,7,1,1,2,0,2,3,0],5,1].
[[3,3,1,1,2,0,2,3,0],2,0].
[[3,7,2,1,2,2,2,1,0],3,0].
[[2,7,1,1,2,0,2,3,1],3,2].
[[3,3,2,0,0,0,2,3,2],6,0].
[[3,3,1,1,1,2,2,1,1],3,1].
[[3,6,0,1,2,2,2,2,0],1,3].
[[2,5,0,1,1,2,2,3,0],4,0].
[[3,1,2,1,2,0,1,2,0],1,0].
[[3,7,0,1,2,0,2,3,1],1,4].
[[3,6,1,1,2,2,0,0,0],5,0].
[[3,3,2,1,2,0,1,2,1],4,0].
[[3,5,0,1,2,0,2,1,0],1,0].
[[3,9,2,1,1,0,1,1,1],0,8].
[[1,8,1,1,1,2,1,1,1],4,6].
[[1,8,0,0,0,0,1,1,1],1,0].
[[2,7,1,0,0,0,1,1,1],5,2].
[[3,3,1,0,0,0,1,1,1],2,0].
[[2,7,1,1,2,0,2,3,2],8,2].
[[1,7,2,1,2,2,1,2,2],1,1].
[[3,7,2,1,1,2,1,1,1],3,4].
[[1,4,2,1,2,0,1,1,1],3,0].
[[1,9,2,1,2,0,1,1,0],1,3].
[[3,7,2,1,1,2,0,0,0],7,0].
[[2,6,1,1,2,0,1,2,2],2,0].
[[3,3,1,1,2,0,1,2,2],2,0].
[[3,7,1,0,0,0,1,2,0],3,0].
[[1,8,1,1,1,2,2,1,0],4,0].
[[1,6,1,0,0,0,2,3,2],9,0].
[[3,3,1,1,2,0,0,0,0],4,0].
[[2,3,2,1,2,2,0,0,0],6,0].
[[3,9,1,1,2,2,2,1,0],1,7].
[[3,9,1,1,2,2,2,2,0],1,5].
[[3,6,1,1,2,0,2,3,1],7,2].
[[1,8,0,1,1,2,2,1,0],5,3].
[[2,6,0,1,1,2,2,1,0],1,0].
[[3,6,0,1,1,2,2,1,0],1,3].
[[3,9,2,1,1,0,2,2,1],0,6].
[[2,9,2,1,2,0,1,1,0],2,6].
[[3,9,2,1,1,0,1,1,0],0,6].
[[3,9,2,1,2,2,0,0,0],0,3].
[[2,5,0,0,0,0,2,1,0],3,0].
[[3,8,1,0,0,0,2,3,0],6,3].
[[3,8,1,1,1,0,2,1,1],5,12].
[[2,5,0,1,2,0,1,1,1],4,2].
[[3,6,0,1,2,2,2,3,0],6,4].
[[2,6,0,1,2,2,2,1,0],1,1].
[[1,8,1,1,2,0,1,1,1],1,3].
[[1,6,1,1,2,2,2,2,0],1,0].
[[1,8,1,1,2,0,2,2,0],5,2].
[[3,8,1,1,1,0,1,1,1],4,12].
[[3,5,0,0,0,0,2,1,0],2,0].
[[2,7,0,1,1,2,2,1,1],0,1].
[[2,7,2,1,2,0,2,3,1],10,0].
[[3,3,2,1,1,0,2,3,2],2,0].
[[1,7,2,0,0,0,2,1,1],5,1].
[[2,7,2,1,2,0,1,1,1],2,1].
[[3,8,0,1,1,0,2,3,2],0,4].
[[3,7,1,1,2,0,2,2,0],3,0].
[[2,9,1,0,0,0,2,2,0],3,0].
[[3,8,0,1,1,0,2,1,1],0,5].
[[3,8,1,1,1,2,1,1,0],10,5].
[[3,7,2,0,0,0,1,1,1],3,3].
[[2,3,2,1,2,0,2,2,1],1,0].
[[3,8,0,1,1,0,1,2,0],3,2].
[[2,9,2,1,1,0,2,3,0],1,5].
[[1,6,0,1,2,2,2,2,0],1,0].
[[2,6,0,1,1,2,2,2,0],2,0].
[[3,3,1,1,1,2,2,3,1],3,0].
[[3,8,0,1,1,0,1,2,2],0,5].
[[2,6,1,1,1,2,2,3,0],1,0].
[[3,3,2,1,1,2,2,2,1],1,0].
[[3,9,2,0,0,0,2,1,1],0,2].
[[3,6,0,0,0,0,2,1,1],0,1].
[[2,6,0,1,1,2,1,2,2],0,2].
[[3,3,1,1,1,2,1,2,2],1,1].
[[2,7,2,1,1,2,1,2,2],1,0].
[[3,7,0,1,2,0,2,3,2],0,3].
[[3,3,2,0,0,0,1,1,1],1,0].
[[3,5,0,1,2,2,1,1,0],5,0].
[[2,3,1,0,0,0,1,2,1],1,0].
[[3,3,1,1,2,2,1,2,1],7,0].
[[1,8,1,1,2,2,1,1,0],0,1].
[[3,6,0,1,1,2,1,2,2],2,3].
[[3,6,1,1,2,0,2,3,0],3,0].
[[3,7,0,0,0,0,2,2,1],0,3].
[[2,8,1,1,1,0,2,2,0],1,0].
[[3,7,1,1,1,0,2,3,1],3,2].
[[2,6,1,1,2,0,2,1,1],2,3].
[[2,7,0,1,2,2,1,2,1],1,0].
[[3,8,1,1,2,0,0,0,0],0,2].
[[1,8,1,1,2,0,1,2,1],3,3].
[[3,3,2,1,2,2,0,0,0],12,0].
[[2,9,1,1,2,2,2,1,0],1,2].
[[2,9,1,1,1,2,2,3,0],1,1].
[[1,4,2,1,2,0,1,2,0],2,0].
[[1,8,0,0,0,0,1,2,0],3,0].
[[2,7,0,0,0,0,1,2,0],1,0].
[[2,6,0,1,1,2,2,2,1],1,1].
[[1,7,1,0,0,0,2,3,0],3,0].
[[2,7,1,1,2,0,2,1,0],1,0].
[[3,5,0,0,0,0,1,2,1],5,0].
[[2,6,1,1,2,2,2,3,0],5,0].
[[2,7,2,1,1,2,2,2,1],4,0].
[[1,7,2,1,2,0,2,3,1],1,0].
[[3,6,0,1,1,2,2,3,2],1,6].
[[2,7,0,1,2,2,1,2,2],1,1].
[[2,7,0,1,2,2,2,2,0],0,2].
[[3,7,0,1,2,2,2,2,0],3,6].
[[2,7,0,1,2,2,2,3,1],2,1].
[[1,8,1,1,1,2,2,2,0],3,0].
[[2,8,1,1,1,2,1,1,0],3,1].
[[3,7,1,1,1,2,1,1,0],1,0].
[[1,6,1,1,2,2,2,2,1],4,0].
[[2,7,1,1,2,0,2,1,1],3,4].
[[1,6,1,1,2,2,2,3,2],4,0].
[[2,6,1,1,1,2,1,2,2],1,0].
[[3,6,1,1,1,2,1,2,2],2,1].
[[1,7,2,1,2,2,2,2,1],6,0].
[[2,4,2,1,2,0,0,0,0],12,0].
[[1,6,1,1,2,2,2,1,1],1,0].
[[2,6,1,1,1,2,2,1,1],2,0].
[[3,6,1,1,1,2,1,1,1],3,2].
[[3,8,0,0,0,0,1,2,0],10,14].
[[2,6,0,1,2,2,2,3,1],2,2].
[[3,3,1,1,2,2,2,3,1],9,1].
[[2,8,0,1,2,0,1,1,1],2,2].
[[3,6,0,1,2,0,1,1,1],0,1].
[[2,6,0,1,1,2,2,1,1],1,0].
[[3,6,0,1,1,2,2,1,1],1,0].
[[2,3,1,0,0,0,2,3,1],1,0].
[[3,7,0,1,2,0,1,2,1],1,3].
[[3,7,2,1,2,0,0,0,0],5,1].
[[3,7,1,1,1,0,2,1,0],0,1].
[[3,7,1,1,1,0,1,2,2],1,4].
[[2,9,1,1,1,2,1,2,2],0,3].
[[3,9,1,1,1,0,1,2,1],2,2].
[[3,8,0,1,1,0,2,3,1],0,4].
[[3,9,2,1,1,0,0,0,0],0,3].
[[2,3,1,0,0,0,2,3,2],1,0].
[[2,7,0,0,0,0,2,2,1],2,0].
[[3,7,0,1,2,0,0,0,0],1,1].
[[2,9,1,1,2,2,2,2,0],3,2].
[[2,9,1,1,2,0,2,3,0],1,1].
[[2,6,0,1,2,2,2,2,0],2,2].
[[2,6,1,1,2,0,1,2,1],2,0].
[[3,9,2,1,1,0,2,3,2],1,0].
[[3,6,1,1,1,0,1,2,2],0,1].
[[3,6,1,1,1,0,1,2,1],1,1].
[[3,9,1,1,1,0,2,1,0],0,2].
[[1,8,0,1,2,2,1,1,1],0,3].
[[3,9,1,1,2,0,2,3,0],0,4].
[[2,7,1,1,1,2,1,1,1],2,4].
[[1,6,0,1,2,2,2,3,2],2,3].
[[2,6,0,0,0,0,2,3,1],0,1].
[[3,6,0,0,0,0,2,3,1],2,2].
[[1,7,2,1,2,2,1,1,1],0,1].
[[3,1,1,1,2,0,1,2,0],1,0].
[[3,7,0,0,0,0,2,2,0],1,1].
[[2,7,1,0,0,0,1,2,0],3,0].
[[3,3,1,0,0,0,1,2,0],2,0].
[[1,7,2,1,2,0,2,1,1],1,1].
[[3,3,2,0,0,0,2,3,1],2,0].
[[2,9,1,0,0,0,2,3,0],2,3].
[[1,7,2,1,2,0,1,2,1],1,1].
[[2,7,2,1,1,0,1,2,1],1,0].
[[3,9,1,0,0,0,2,1,0],0,3].
[[3,9,2,1,2,0,2,1,0],0,5].
[[2,3,2,1,2,0,0,0,0],3,0].
[[3,8,1,0,0,0,1,1,0],4,1].
[[3,9,1,0,0,0,1,2,1],2,1].
[[3,7,0,1,2,0,2,3,0],2,2].
[[2,3,1,1,2,2,2,3,2],2,0].
[[2,6,1,0,0,0,2,3,0],4,1].
[[2,7,1,1,2,0,1,1,1],1,0].
[[1,6,1,1,2,2,2,3,1],1,0].
[[3,3,1,1,2,2,2,3,0],1,0].
[[3,7,0,0,0,0,2,1,1],1,2].
[[1,7,1,1,2,2,1,2,1],1,0].
[[3,7,0,1,2,0,1,2,2],2,3].
[[3,9,1,1,1,0,1,1,1],1,3].
[[3,3,2,1,2,2,2,3,1],3,0].
[[2,8,1,1,1,2,2,2,0],4,3].
[[2,8,0,1,2,0,1,2,0],2,5].
[[3,7,1,1,1,0,1,2,0],0,1].
[[1,8,0,1,1,2,1,2,0],0,2].
[[3,6,0,1,1,2,1,2,0],1,1].
[[3,6,1,0,0,0,2,1,0],1,0].
[[3,6,1,0,0,0,2,3,2],9,0].
[[3,9,2,1,1,0,2,1,1],0,4].
[[2,9,2,1,1,0,1,2,2],2,3].
[[2,7,2,1,1,2,2,3,1],2,0].
[[3,9,1,1,2,2,1,2,0],3,5].
[[1,6,1,0,0,0,2,3,0],4,0].
[[3,7,0,1,2,0,2,2,1],1,1].
[[1,8,0,1,1,2,1,1,0],0,1].
[[2,6,1,1,1,2,2,3,2],1,0].
[[3,3,1,0,0,0,2,3,0],1,0].
[[3,8,0,1,1,0,1,1,1],0,2].
[[1,5,0,1,2,2,1,2,0],4,0].
[[3,6,1,0,0,0,1,2,0],1,0].
[[3,7,1,1,1,0,2,3,0],2,1].
[[2,7,0,1,1,2,1,2,2],1,0].
[[3,7,1,1,1,2,2,2,0],5,0].
[[1,6,0,1,2,2,2,2,1],0,1].
[[3,6,0,0,0,0,2,3,2],2,1].
[[3,9,2,0,0,0,2,1,0],1,3].
[[3,3,1,1,2,0,1,2,1],1,0].
[[3,7,2,1,1,2,2,2,0],2,0].
[[1,5,0,0,0,0,2,3,0],1,0].
[[2,5,0,0,0,0,2,3,0],2,0].
[[3,5,0,0,0,0,2,3,0],1,0].
[[1,6,1,1,2,2,2,3,0],1,0].
[[3,6,1,1,2,2,1,2,0],3,0].
[[2,8,1,1,1,0,1,2,2],1,3].
[[3,5,0,1,1,2,2,1,0],4,0].
[[1,7,1,1,2,2,2,3,0],4,0].
[[2,6,1,0,0,0,1,1,1],1,0].
[[3,6,0,1,1,2,1,1,0],0,1].
[[3,9,1,1,2,0,2,2,0],0,1].
[[3,6,0,1,2,2,2,1,0],3,0].
[[2,6,1,1,2,2,1,1,1],1,0].
[[3,3,2,0,0,0,0,0,0],4,0].
[[2,6,0,0,0,0,1,2,0],1,0].
[[3,6,0,1,2,0,1,2,0],1,0].
[[3,3,1,0,0,0,2,3,2],2,0].
[[2,5,0,1,1,2,2,1,0],2,0].
[[2,6,0,1,2,2,2,3,0],3,0].
[[1,7,2,0,0,0,1,2,2],3,0].
[[3,5,0,1,1,0,1,1,0],0,1].
[[2,7,0,1,2,2,2,1,0],2,1].
[[3,9,2,1,1,0,2,3,1],0,1].
[[2,6,0,1,2,2,1,2,2],1,1].
[[3,6,1,0,0,0,2,3,0],4,0].
[[3,9,1,0,0,0,1,2,0],2,1].
[[1,2,1,0,0,0,0,0,0],1,0].
[[2,2,1,1,2,2,2,3,1],1,0].
[[3,2,1,1,2,2,2,3,1],1,0].
[[3,3,2,1,2,0,1,1,1],2,0].
[[3,6,0,0,0,0,0,0,0],0,1].
[[3,6,0,0,0,0,2,1,0],0,2].
[[1,7,1,1,2,2,1,2,2],1,0].
[[3,8,1,1,1,0,2,2,0],0,2].
[[3,6,0,1,2,0,2,3,2],0,2].
[[2,5,0,0,0,0,1,1,0],2,0].
[[3,5,0,0,0,0,1,1,0],1,0].
[[3,7,0,1,2,2,2,1,0],1,4].
[[3,9,1,1,2,2,0,0,0],0,2].
[[2,7,0,1,1,2,2,1,0],0,1].
[[3,7,0,1,1,2,1,2,0],0,3].
[[3,6,1,1,2,2,1,1,0],2,0].
[[3,8,1,1,1,0,2,1,0],0,1].
[[3,8,0,1,1,0,2,2,0],0,2].
[[2,6,1,1,1,2,1,1,1],0,1].
[[2,7,1,1,2,0,1,2,2],2,2].
[[2,8,1,1,1,0,1,1,1],0,1].
[[2,7,0,1,2,2,2,2,1],2,0].
[[3,7,0,0,0,0,1,2,2],0,1].
[[3,8,0,1,1,0,0,0,0],0,2].
[[1,7,2,0,0,0,1,1,1],1,0].
[[2,3,2,1,2,0,1,1,1],1,0].
[[3,3,1,1,2,2,1,2,0],1,0].
[[3,4,0,1,2,0,2,2,1],0,1].
[[2,9,1,1,2,0,2,1,0],0,1].
[[3,9,2,1,1,2,0,0,0],0,3].
[[1,8,0,1,1,2,1,1,1],0,2].
[[2,6,1,1,1,2,0,0,0],3,0].
[[2,7,0,0,0,0,2,3,0],2,0].
[[3,3,1,1,2,0,1,1,1],1,0].
[[2,6,1,0,0,0,2,2,0],4,0].
[[1,5,0,1,2,0,1,1,1],0,1].
[[2,5,0,1,1,0,1,1,1],0,1].
[[3,4,0,1,2,0,1,1,1],0,1].
[[2,9,1,1,2,0,1,2,1],2,5].
[[3,3,1,0,0,0,1,2,1],1,0].
[[3,3,2,1,2,2,2,1,1],3,0].
[[3,5,0,0,0,0,1,2,2],2,0].
[[2,9,2,1,1,0,2,3,2],0,3].
[[2,5,0,1,2,2,1,1,0],1,0].
[[2,6,0,1,2,2,2,1,1],1,1].
[[3,6,0,1,2,2,2,1,1],1,0].
[[2,9,1,1,2,0,1,1,1],1,1].
[[3,9,2,1,2,0,0,0,0],0,2].
[[2,3,2,0,0,0,2,2,1],2,0].
[[3,3,2,0,0,0,2,2,1],1,0].
[[2,7,1,1,2,0,2,2,0],2,0].
[[3,7,1,1,1,0,2,2,0],2,0].
[[3,3,2,1,2,0,2,2,1],2,0].
[[3,6,0,1,1,2,2,2,0],2,2].
[[3,7,1,1,2,0,1,1,0],1,0].
[[3,9,1,0,0,0,1,2,2],1,1].
[[3,3,2,1,1,2,2,3,1],1,0].
[[2,7,2,1,1,2,1,2,1],1,1].
[[3,8,1,0,0,0,0,0,0],0,1].
[[2,6,1,1,2,0,2,1,0],2,0].
[[3,6,1,1,2,2,2,1,0],1,0].
[[3,3,1,0,0,0,2,1,1],1,0].
[[3,6,1,1,2,0,1,1,0],0,1].
[[1,7,2,1,2,2,2,3,0],1,0].
[[2,7,2,1,1,2,1,2,0],1,0].
[[3,7,2,1,1,2,1,2,0],1,0].
[[3,6,1,1,1,2,1,2,0],2,0].
[[2,7,0,1,1,2,2,2,0],2,0].
[[1,8,1,1,2,0,1,2,0],1,1].
[[3,6,1,0,0,0,1,2,2],4,0].
[[3,6,1,1,2,2,2,2,0],1,0].
[[2,7,1,1,1,2,2,2,0],1,0].
[[3,2,0,1,2,2,0,0,0],0,2].
[[2,6,1,0,0,0,1,2,2],4,0].
[[3,2,1,1,2,0,1,2,2],1,0].
[[2,3,2,1,2,2,2,3,2],1,0].
[[3,3,2,1,1,2,1,2,2],1,0].
[[1,5,0,1,1,2,1,1,1],1,0].
[[2,6,0,0,0,0,2,3,2],0,2].
[[3,7,0,0,0,0,0,0,0],0,3].
[[2,6,1,1,1,2,2,3,1],1,0].
[[1,5,0,1,2,2,2,1,0],1,0].
[[3,6,1,1,1,2,2,3,1],5,0].
[[3,6,1,1,1,2,2,2,0],1,0].
[[3,6,1,1,1,0,1,1,1],0,2].
[[3,3,2,1,2,0,0,0,0],1,0].
[[3,7,2,1,1,0,1,1,1],1,1].
[[2,3,2,0,0,0,2,1,1],1,0].
[[3,6,0,1,1,2,1,1,1],0,2].
[[2,6,0,1,1,2,2,3,0],1,0].
[[2,5,0,1,2,0,1,2,0],1,0].
[[2,9,2,1,1,0,1,1,1],1,0].
[[3,7,0,1,2,0,2,1,1],1,1].
[[2,9,1,1,2,2,1,2,0],1,1].
[[2,5,0,1,2,0,1,1,0],1,0].
[[2,7,0,0,0,0,2,3,2],0,1].
[[3,9,1,1,2,0,1,2,2],0,2].
[[2,9,2,1,1,0,0,0,0],0,1].
[[3,7,2,1,2,0,1,2,0],1,0].
[[2,6,1,1,2,2,2,1,0],1,0].
[[3,6,1,1,1,2,2,1,0],1,0].
[[3,9,1,1,1,0,1,2,2],0,1].
[[3,3,2,1,2,0,1,2,2],2,0].
[[2,3,2,1,2,2,2,3,1],1,0].
[[2,3,2,0,0,0,1,2,1],1,0].
[[2,9,1,0,0,0,1,2,0],2,1].
[[3,3,0,1,1,2,0,0,0],0,1].
[[3,3,2,1,2,2,1,1,1],1,0].
[[2,8,1,1,1,0,1,2,0],0,1].
[[2,2,1,0,0,0,2,2,0],1,0].
[[3,2,1,1,2,2,2,2,0],1,0].
[[2,5,0,1,2,0,2,1,0],1,0].
[[2,9,2,1,1,0,1,2,0],0,1].
[[3,7,0,1,2,0,2,1,0],1,1].
[[3,4,0,1,2,0,2,3,1],0,2].
[[3,6,1,0,0,0,2,2,0],3,0].
[[3,6,0,0,0,0,1,2,2],1,1].
[[3,6,1,1,1,2,0,0,0],1,0].
[[1,7,1,0,0,0,1,2,2],0,1].
[[2,2,0,1,2,2,2,3,2],1,0].
[[3,2,0,1,2,2,2,3,2],1,0].
[[2,6,1,1,1,2,1,2,1],1,0].
[[3,6,1,1,2,0,1,2,0],1,0].
[[2,7,0,1,1,2,1,1,0],0,1].
[[3,5,0,1,2,0,2,3,0],1,0].
[[2,7,0,1,2,2,1,2,0],1,0].
[[2,2,1,0,0,0,0,0,0],1,0].
[[3,2,1,0,0,0,0,0,0],1,0].
[[3,9,2,1,2,0,2,3,2],0,1].
[[2,3,2,1,2,2,2,1,1],1,0].
[[3,3,2,1,1,2,2,1,1],1,0].
[[2,6,0,1,1,2,2,3,2],1,0].
[[3,6,1,1,1,0,2,3,1],0,1].
[[2,8,1,1,1,0,2,3,0],1,0].
[[3,7,2,1,2,0,2,1,0],1,0].
[[2,7,2,1,1,0,2,2,1],1,0].
[[3,7,0,0,0,0,1,1,1],1,0].
[[1,8,1,1,1,2,1,2,0],1,0].
[[2,9,1,1,1,0,1,1,1],1,0].
[[3,2,1,0,0,0,2,3,2],1,0].
