total_WL(6563,5398).
[[1,9,2,0,0,0,2,1,0],45,62].
[[2,9,2,0,0,0,2,1,0],6,28].
[[3,9,2,1,2,0,1,1,0],6,14].
[[1,8,1,0,0,0,2,2,1],184,65].
[[2,8,1,0,0,0,2,2,1],138,44].
[[3,8,1,1,2,0,2,2,1],37,23].
[[1,8,1,1,1,2,0,0,0],69,16].
[[2,4,2,1,2,0,0,0,0],25,0].
[[3,4,2,1,2,0,2,3,1],81,5].
[[1,8,1,0,0,0,1,2,1],66,42].
[[2,8,1,0,0,0,1,2,1],109,44].
[[3,8,1,1,2,0,1,2,1],114,56].
[[1,9,2,0,0,0,2,3,1],180,271].
[[2,9,2,1,2,0,1,2,1],25,33].
[[3,9,2,1,1,0,1,2,1],4,28].
[[1,9,2,1,2,2,2,3,1],225,281].
[[2,9,2,1,2,2,2,3,1],100,171].
[[3,9,2,1,2,2,1,2,0],43,76].
[[1,8,1,1,2,2,1,1,1],15,8].
[[2,8,1,1,1,2,1,1,1],29,12].
[[3,8,1,1,1,2,1,1,1],48,34].
[[1,8,1,1,2,2,2,3,1],225,75].
[[2,8,1,1,2,2,2,3,1],293,112].
[[3,6,1,1,2,2,2,3,1],42,1].
[[1,8,1,0,0,0,2,3,1],277,97].
[[2,8,1,0,0,0,2,3,1],176,72].
[[3,8,1,0,0,0,2,2,0],2,5].
[[1,9,2,1,2,2,2,2,0],122,138].
[[2,9,2,1,2,2,2,2,1],55,133].
[[3,9,2,1,2,2,1,1,1],25,79].
[[1,8,0,1,2,2,0,0,0],198,241].
[[2,8,0,1,1,2,2,1,1],26,14].
[[3,8,0,1,1,2,1,2,1],41,85].
[[1,9,2,0,0,0,2,3,0],149,197].
[[2,9,2,1,2,0,2,3,0],19,48].
[[3,8,0,1,2,0,2,3,0],6,29].
[[1,9,2,1,2,2,1,2,0],38,49].
[[2,9,2,1,2,2,1,2,0],68,69].
[[3,8,0,1,1,2,1,2,0],28,29].
[[1,9,2,1,2,2,1,2,1],77,87].
[[2,9,2,1,2,2,1,2,1],105,180].
[[1,8,0,1,2,2,2,1,0],13,15].
[[2,8,0,1,2,2,2,1,0],22,17].
[[3,7,1,1,2,2,1,2,1],94,37].
[[1,9,2,0,0,0,2,2,0],103,120].
[[2,8,1,1,2,0,2,2,0],10,3].
[[3,8,1,1,2,0,2,2,0],8,4].
[[1,9,2,1,2,0,0,0,0],7,43].
[[2,8,1,1,1,0,2,3,1],7,10].
[[3,8,1,1,1,0,2,3,1],9,18].
[[1,8,1,1,2,2,0,0,0],324,122].
[[2,8,1,1,2,2,2,1,1],120,60].
[[3,8,1,1,2,2,2,1,1],90,42].
[[2,9,2,0,0,0,2,3,1],32,80].
[[3,9,2,1,2,0,2,3,1],2,9].
[[3,8,1,1,2,2,2,2,1],100,58].
[[1,8,1,0,0,0,0,0,0],432,196].
[[2,6,1,0,0,0,0,0,0],51,2].
[[3,6,1,1,2,0,2,2,1],11,2].
[[2,8,1,1,2,0,0,0,0],21,24].
[[3,7,2,1,1,0,2,2,1],3,4].
[[3,7,1,0,0,0,2,2,1],33,14].
[[1,9,2,0,0,0,1,1,1],33,27].
[[2,9,1,1,2,2,1,1,1],5,7].
[[3,9,1,1,1,2,1,1,1],3,6].
[[2,9,2,0,0,0,1,2,0],22,51].
[[3,9,1,1,2,0,1,2,0],3,5].
[[1,9,2,1,2,2,0,0,0],160,328].
[[2,9,2,1,2,2,2,1,1],54,116].
[[2,8,1,0,0,0,0,0,0],59,25].
[[3,7,2,0,0,0,0,0,0],7,2].
[[1,9,2,1,1,2,2,2,1],77,47].
[[2,8,1,1,1,2,2,2,1],63,22].
[[3,8,1,1,1,2,1,2,1],150,60].
[[1,9,2,0,0,0,2,2,1],130,196].
[[2,9,2,0,0,0,2,2,1],33,72].
[[3,9,2,0,0,0,2,3,1],1,5].
[[2,8,1,1,2,2,2,2,1],181,77].
[[3,7,1,1,2,2,2,2,1],111,32].
[[1,9,2,1,2,2,2,3,0],153,198].
[[2,9,2,1,2,2,2,3,0],63,158].
[[3,8,0,1,2,2,2,3,0],37,119].
[[1,9,2,0,0,0,1,2,0],37,44].
[[2,8,0,0,0,0,1,2,0],12,14].
[[3,8,0,1,2,0,1,2,0],11,16].
[[3,9,2,1,1,2,1,2,1],33,131].
[[2,7,1,0,0,0,2,2,1],19,11].
[[3,7,1,1,2,2,2,3,0],17,5].
[[2,8,1,1,2,2,2,3,0],23,14].
[[3,8,1,1,2,2,2,3,0],12,10].
[[1,7,1,0,0,0,0,0,0],68,17].
[[2,7,1,0,0,0,0,0,0],65,25].
[[2,8,0,1,2,2,2,2,1],52,79].
[[3,8,0,1,2,2,1,1,1],22,52].
[[2,9,2,0,0,0,1,2,1],58,96].
[[3,9,2,1,2,2,1,2,1],57,172].
[[1,8,0,1,1,2,0,0,0],81,35].
[[2,7,1,1,1,2,2,2,1],12,3].
[[3,7,1,1,1,2,2,2,1],47,18].
[[2,8,1,1,2,2,1,2,1],158,60].
[[3,8,1,1,2,2,1,2,1],262,117].
[[3,7,2,1,2,2,1,2,1],50,4].
[[2,8,0,1,2,2,2,3,0],52,94].
[[3,7,1,1,2,2,2,3,1],158,60].
[[2,8,0,0,0,0,2,3,1],33,54].
[[3,8,0,0,0,0,1,2,1],12,31].
[[1,8,1,1,2,2,2,2,1],139,43].
[[1,9,2,1,2,2,2,2,1],130,214].
[[2,9,2,1,1,2,2,2,1],40,63].
[[3,9,2,1,1,2,1,1,1],11,33].
[[1,9,2,0,0,0,1,1,0],23,25].
[[2,8,0,0,0,0,1,1,0],8,5].
[[3,7,0,0,0,0,1,1,0],1,1].
[[1,7,1,1,2,2,0,0,0],70,25].
[[2,7,1,1,2,2,0,0,0],109,44].
[[3,7,1,1,2,2,2,1,1],81,27].
[[1,8,1,1,2,0,2,3,1],26,24].
[[2,8,1,1,2,0,2,3,1],79,45].
[[3,8,1,1,2,0,2,1,1],43,31].
[[1,8,0,0,0,0,2,1,1],19,20].
[[2,8,0,0,0,0,1,1,1],3,5].
[[3,8,0,1,2,0,1,1,1],4,13].
[[1,9,2,1,2,0,2,3,0],17,33].
[[2,8,1,1,2,0,1,2,1],37,34].
[[1,8,0,0,0,0,2,2,0],23,19].
[[2,8,0,1,2,2,1,2,0],20,19].
[[3,8,0,1,2,2,1,2,0],44,47].
[[2,7,1,0,0,0,2,3,1],43,15].
[[3,7,1,1,2,0,2,3,1],30,12].
[[3,9,2,0,0,0,1,1,0],3,11].
[[2,8,1,1,1,2,1,2,1],75,17].
[[1,9,2,1,1,2,0,0,0],75,75].
[[3,4,2,1,2,0,2,2,1],80,1].
[[2,8,0,1,2,2,1,1,0],9,8].
[[3,6,0,1,1,2,1,1,0],1,0].
[[2,9,2,0,0,0,1,1,0],12,15].
[[3,8,1,0,0,0,1,1,0],13,2].
[[1,9,2,1,1,2,2,3,1],98,73].
[[2,9,2,1,1,2,2,3,1],48,77].
[[3,8,0,1,1,2,2,3,1],30,58].
[[2,8,1,1,2,2,0,0,0],83,53].
[[3,7,1,1,1,2,0,0,0],26,11].
[[2,7,1,1,2,2,2,2,1],54,14].
[[2,8,1,1,1,2,2,3,1],98,23].
[[3,8,1,1,1,2,2,2,1],52,34].
[[2,9,2,1,2,2,2,2,0],50,134].
[[3,9,2,1,1,0,2,2,0],1,11].
[[1,8,0,1,2,2,2,3,0],39,35].
[[2,7,1,1,2,2,1,2,1],22,8].
[[1,9,2,0,0,0,2,1,1],85,140].
[[2,8,0,1,2,2,2,1,1],42,55].
[[3,8,0,1,2,2,2,1,1],35,74].
[[1,9,2,1,1,2,2,2,0],63,37].
[[2,8,0,1,1,2,2,2,0],29,25].
[[3,8,0,1,1,2,2,2,0],17,63].
[[1,7,2,1,2,0,0,0,0],14,7].
[[2,7,2,1,2,0,0,0,0],22,6].
[[2,7,1,1,1,2,0,0,0],33,11].
[[3,7,1,1,1,2,2,1,1],30,10].
[[2,7,1,1,2,2,2,3,1],67,26].
[[3,7,1,1,1,2,2,3,1],76,23].
[[1,8,1,0,0,0,2,1,0],15,3].
[[2,8,1,0,0,0,2,1,1],105,43].
[[3,7,1,1,2,2,0,0,0],61,26].
[[1,8,0,0,0,0,0,0,0],122,198].
[[2,6,0,1,2,2,0,0,0],14,18].
[[3,6,0,1,2,2,0,0,0],4,20].
[[1,8,0,0,0,0,2,2,1],20,29].
[[2,9,2,1,2,0,1,1,0],7,6].
[[3,9,2,1,2,2,2,2,0],0,59].
[[1,7,2,0,0,0,0,0,0],93,8].
[[2,7,2,1,2,2,0,0,0],44,5].
[[3,7,2,1,2,2,0,0,0],19,5].
[[3,5,0,0,0,0,1,2,1],4,1].
[[2,8,0,1,1,2,2,3,1],67,42].
[[2,8,0,1,2,2,2,3,1],94,139].
[[3,8,0,1,2,2,1,2,1],69,124].
[[2,7,2,0,0,0,0,0,0],46,7].
[[2,9,2,0,0,0,2,1,1],34,59].
[[3,8,0,0,0,0,2,1,1],13,15].
[[2,9,2,1,1,2,2,2,0],39,46].
[[3,9,2,1,1,2,1,2,0],29,63].
[[3,5,0,1,2,2,1,1,1],50,2].
[[2,9,2,1,1,2,2,1,1],43,34].
[[3,8,0,1,1,2,2,1,1],25,40].
[[3,8,0,1,2,2,2,3,1],49,106].
[[2,8,0,1,1,2,2,3,0],39,26].
[[3,7,0,1,1,2,2,3,0],6,7].
[[2,7,1,1,2,0,2,3,0],3,0].
[[3,7,1,1,2,0,2,2,1],28,7].
[[3,7,1,1,1,2,2,2,0],6,1].
[[2,8,0,0,0,0,2,3,0],32,46].
[[3,8,0,0,0,0,2,2,0],3,20].
[[3,8,0,1,2,2,2,2,0],22,81].
[[2,8,0,0,0,0,2,2,0],21,28].
[[1,8,0,1,2,2,2,3,1],47,37].
[[2,8,0,1,1,2,1,2,1],15,17].
[[3,4,2,1,2,0,1,1,1],88,2].
[[1,9,2,1,1,2,2,1,1],68,25].
[[2,4,2,1,2,0,2,1,1],34,1].
[[3,4,2,1,2,0,1,2,1],184,6].
[[3,5,0,1,1,2,1,2,0],18,0].
[[1,9,2,1,2,2,2,1,1],101,118].
[[3,9,1,1,2,2,2,1,1],2,2].
[[1,8,0,0,0,0,2,3,1],30,45].
[[2,7,0,0,0,0,2,3,1],1,3].
[[3,7,0,1,2,2,2,3,1],15,15].
[[2,9,2,0,0,0,2,3,0],33,80].
[[3,9,2,1,2,0,1,2,0],10,29].
[[1,8,1,1,2,2,2,1,1],71,28].
[[3,8,1,1,2,2,1,1,1],93,76].
[[2,9,2,1,1,0,0,0,0],0,3].
[[3,9,2,1,1,0,2,3,0],0,11].
[[3,5,0,1,1,2,1,1,1],32,5].
[[1,8,1,1,2,2,1,2,1],51,21].
[[3,8,1,0,0,0,1,1,1],28,21].
[[3,7,1,0,0,0,2,3,1],39,17].
[[2,9,2,1,1,2,2,3,0],57,59].
[[3,4,2,1,2,0,1,2,0],77,2].
[[1,7,2,0,0,0,2,3,1],23,3].
[[2,7,2,0,0,0,2,3,1],45,5].
[[3,3,2,1,2,0,2,3,1],9,0].
[[1,9,2,1,2,0,2,2,1],14,24].
[[2,8,0,1,2,0,2,2,1],7,12].
[[3,8,0,1,2,0,2,2,1],10,16].
[[2,9,2,1,2,0,2,2,0],13,34].
[[3,9,2,1,2,0,2,2,0],2,17].
[[1,8,1,0,0,0,2,1,1],106,42].
[[3,9,2,1,1,2,2,3,0],4,53].
[[2,8,1,1,2,2,1,1,1],42,39].
[[3,7,1,1,2,2,1,1,1],37,17].
[[1,3,2,0,0,0,0,0,0],9,0].
[[2,3,2,0,0,0,0,0,0],19,0].
[[3,3,2,0,0,0,2,3,1],5,0].
[[1,7,2,1,2,2,0,0,0],34,4].
[[2,7,2,1,1,2,2,2,1],4,0].
[[3,7,2,1,1,2,1,2,1],19,1].
[[3,8,1,0,0,0,2,2,1],34,13].
[[3,9,1,1,2,2,2,3,0],5,14].
[[3,8,0,1,2,0,2,1,1],5,17].
[[2,9,2,1,2,2,1,1,1],41,75].
[[3,8,1,0,0,0,1,2,1],86,33].
[[2,8,1,1,2,2,2,2,0],23,13].
[[3,8,1,1,1,2,2,1,1],46,27].
[[2,8,0,1,2,2,2,2,0],51,56].
[[3,7,2,1,1,2,2,2,1],16,1].
[[1,7,2,0,0,0,2,2,1],16,2].
[[2,7,2,1,2,2,2,2,1],28,3].
[[3,7,2,1,2,2,1,1,1],20,8].
[[3,8,1,1,2,2,1,2,0],54,4].
[[1,8,1,1,2,0,2,2,1],20,13].
[[2,8,1,1,2,0,2,2,1],58,28].
[[3,8,1,1,2,0,2,3,0],4,7].
[[1,9,2,0,0,0,0,0,0],135,282].
[[2,9,2,1,2,0,0,0,0],1,12].
[[2,9,1,1,2,2,1,2,1],10,12].
[[3,9,1,1,2,2,1,2,1],10,45].
[[3,8,0,1,2,2,2,2,1],37,83].
[[1,9,2,1,2,0,2,1,1],12,20].
[[2,9,2,1,2,0,1,1,1],4,8].
[[3,9,2,1,1,0,1,1,1],1,11].
[[3,9,2,1,1,0,2,1,1],1,3].
[[3,8,1,0,0,0,2,1,1],42,11].
[[3,7,1,1,2,2,2,2,0],14,10].
[[2,9,2,1,2,0,1,2,0],14,21].
[[3,5,0,1,1,0,1,2,0],6,4].
[[3,8,1,1,2,2,2,3,1],149,69].
[[3,4,2,1,2,0,2,2,0],46,3].
[[1,9,2,1,2,2,1,1,1],31,30].
[[1,9,2,0,0,0,1,2,1],68,101].
[[2,9,2,0,0,0,2,2,0],34,58].
[[3,9,2,1,2,2,2,3,1],13,34].
[[3,9,2,1,1,2,2,2,1],9,37].
[[1,4,2,1,2,0,0,0,0],14,1].
[[3,7,1,1,2,0,0,0,0],21,7].
[[2,8,1,1,1,2,2,1,0],4,1].
[[3,8,1,1,1,2,1,2,0],21,15].
[[3,8,0,1,1,2,1,1,0],8,22].
[[3,8,1,1,2,0,2,3,1],49,38].
[[2,5,0,1,2,2,1,1,1],11,0].
[[3,9,2,1,1,2,2,2,0],3,42].
[[1,8,1,1,2,0,2,2,0],2,3].
[[2,8,1,1,2,0,1,2,0],4,4].
[[3,7,2,1,1,0,1,1,1],2,4].
[[1,9,2,1,1,2,2,3,0],82,36].
[[2,4,2,1,2,0,2,3,0],45,1].
[[3,4,2,1,2,0,2,3,0],81,2].
[[3,3,1,1,2,2,0,0,0],29,4].
[[2,4,2,1,2,0,2,2,1],52,3].
[[3,9,1,1,1,0,1,2,1],0,3].
[[2,9,2,1,1,2,1,2,0],31,32].
[[3,6,1,0,0,0,2,2,1],13,0].
[[1,6,0,1,2,2,0,0,0],12,9].
[[3,6,0,1,2,2,2,1,1],4,4].
[[2,8,0,0,0,0,0,0,0],25,60].
[[3,7,0,0,0,0,0,0,0],2,3].
[[2,8,0,1,1,2,2,2,1],24,33].
[[3,7,2,1,2,0,1,2,1],25,3].
[[2,8,1,1,1,0,2,2,0],0,2].
[[3,7,1,1,1,0,2,2,0],1,1].
[[2,7,1,1,2,0,0,0,0],14,10].
[[3,7,1,1,2,0,2,1,1],27,13].
[[2,8,0,0,0,0,1,2,1],11,18].
[[3,8,0,1,2,0,1,2,1],13,40].
[[2,9,1,0,0,0,1,1,1],3,4].
[[3,9,1,0,0,0,1,1,1],1,7].
[[1,9,2,1,1,2,1,2,1],46,25].
[[2,9,2,1,1,2,1,2,1],75,66].
[[3,9,2,1,2,0,1,2,1],9,41].
[[1,6,1,0,0,0,2,3,1],8,1].
[[2,6,1,1,2,0,2,3,1],6,0].
[[3,6,1,1,2,0,1,2,1],8,3].
[[2,8,0,1,1,2,0,0,0],29,43].
[[2,8,0,1,2,2,0,0,0],53,150].
[[2,7,2,1,2,2,2,3,1],32,3].
[[1,6,1,0,0,0,0,0,0],79,3].
[[2,6,1,0,0,0,2,2,1],20,2].
[[3,6,1,1,2,2,2,2,1],24,1].
[[1,9,2,1,2,0,1,2,1],7,11].
[[2,8,1,0,0,0,1,1,1],44,26].
[[3,7,2,1,2,2,2,1,0],3,0].
[[3,9,2,0,0,0,1,2,1],10,40].
[[1,8,0,1,2,2,2,2,0],17,21].
[[3,6,1,1,2,2,1,1,1],9,3].
[[2,8,0,1,2,0,1,2,1],6,6].
[[3,8,0,1,1,0,1,2,1],2,11].
[[2,9,2,1,2,2,0,0,0],7,51].
[[3,9,1,1,1,2,2,3,0],3,9].
[[1,8,1,0,0,0,2,2,0],22,11].
[[2,7,1,1,2,0,2,2,0],1,1].
[[3,7,1,1,2,0,2,2,0],4,1].
[[1,3,2,0,0,0,2,2,1],1,0].
[[2,3,2,0,0,0,1,2,1],2,0].
[[3,3,2,0,0,0,1,2,1],4,0].
[[3,7,1,1,2,0,1,2,1],26,12].
[[2,9,2,1,1,2,2,1,0],18,22].
[[3,9,2,1,1,2,2,1,0],0,10].
[[3,8,0,0,0,0,1,2,0],14,10].
[[1,9,2,1,2,0,1,2,0],4,12].
[[2,8,0,1,2,0,1,2,0],2,6].
[[3,7,1,1,1,0,1,2,0],1,1].
[[2,8,1,1,1,2,2,3,0],14,4].
[[3,7,1,1,1,2,2,3,0],5,3].
[[3,7,1,1,1,2,1,2,1],60,16].
[[3,9,1,1,1,2,1,1,0],0,1].
[[3,8,0,1,1,2,2,3,0],19,75].
[[3,9,2,0,0,0,2,3,0],0,15].
[[1,9,2,1,2,2,2,1,0],52,45].
[[2,9,2,1,2,2,1,1,0],25,38].
[[3,9,2,1,1,2,1,1,0],6,26].
[[3,8,1,1,1,2,2,3,1],68,42].
[[2,8,0,1,2,2,1,2,1],28,35].
[[3,7,0,1,2,2,2,1,1],5,5].
[[2,8,1,1,1,2,2,1,1],42,14].
[[2,7,2,1,2,0,2,2,1],17,3].
[[3,7,2,1,2,0,2,3,1],34,5].
[[3,8,1,1,2,0,1,1,1],38,26].
[[3,9,2,0,0,0,2,2,1],4,12].
[[2,8,1,1,1,0,2,2,1],4,6].
[[3,8,1,1,1,0,1,2,1],24,40].
[[3,8,1,0,0,0,2,3,1],32,20].
[[1,3,2,0,0,0,2,1,1],2,0].
[[2,3,2,1,2,2,1,2,1],1,0].
[[3,3,2,1,2,2,1,2,1],4,0].
[[3,7,1,0,0,0,2,3,0],4,1].
[[3,8,0,1,1,2,1,1,1],20,39].
[[2,9,2,1,1,0,2,1,1],0,5].
[[2,6,1,0,0,0,2,3,1],27,0].
[[3,3,1,0,0,0,2,3,1],7,0].
[[1,8,1,1,2,0,0,0,0],48,37].
[[3,8,1,1,1,0,2,2,1],10,10].
[[2,9,2,1,1,2,1,1,1],26,23].
[[3,5,0,1,1,2,1,2,1],4,0].
[[1,4,2,1,2,0,2,3,1],13,1].
[[2,4,2,1,2,0,2,3,1],54,4].
[[2,4,2,1,2,0,1,2,0],29,2].
[[1,8,0,1,2,2,2,2,1],32,38].
[[1,8,1,1,2,2,1,2,0],2,3].
[[2,8,1,1,2,2,1,2,0],16,5].
[[1,8,1,0,0,0,1,1,0],1,3].
[[2,8,1,1,2,2,1,1,0],8,7].
[[3,8,1,1,2,2,1,1,0],13,12].
[[1,9,2,1,1,2,1,2,0],23,9].
[[1,8,0,1,1,2,2,3,0],15,5].
[[2,7,1,1,1,2,2,3,0],3,1].
[[2,7,2,0,0,0,2,1,0],2,0].
[[3,7,2,0,0,0,2,1,0],1,0].
[[1,9,2,1,2,2,1,1,0],19,19].
[[3,4,2,1,2,0,1,1,0],35,1].
[[1,9,2,1,2,0,2,3,1],19,33].
[[2,6,1,1,2,2,2,2,1],15,0].
[[3,3,1,1,2,2,2,2,1],11,1].
[[2,7,2,1,2,0,2,3,1],13,4].
[[3,7,1,1,1,0,2,3,1],3,11].
[[3,9,2,1,2,2,2,3,0],3,77].
[[3,8,0,1,1,2,2,2,1],24,55].
[[3,9,2,1,2,2,2,1,1],14,30].
[[2,3,1,0,0,0,0,0,0],10,1].
[[3,3,1,1,2,2,2,3,1],17,0].
[[2,5,0,1,2,0,1,1,1],3,0].
[[3,5,0,1,2,0,1,2,0],17,2].
[[3,8,1,1,2,0,1,2,0],10,5].
[[3,9,1,1,1,2,1,2,1],9,25].
[[3,5,0,1,2,0,1,2,1],6,1].
[[1,9,2,1,2,0,2,2,0],12,18].
[[2,5,0,1,2,2,1,2,0],11,2].
[[1,8,1,1,2,2,2,3,0],34,6].
[[3,9,2,1,2,2,1,1,0],16,35].
[[3,7,0,0,0,0,2,2,0],3,3].
[[1,8,0,0,0,0,1,2,0],7,4].
[[3,7,0,1,2,2,1,2,0],3,3].
[[3,9,2,1,1,2,2,1,1],7,15].
[[3,4,2,1,2,0,2,1,1],58,1].
[[2,5,0,1,1,2,1,1,1],6,0].
[[1,8,1,1,2,2,2,1,0],14,3].
[[3,6,1,1,1,2,2,1,0],2,0].
[[3,8,1,1,1,0,1,1,1],8,13].
[[1,7,2,0,0,0,1,1,1],3,2].
[[2,7,2,0,0,0,1,1,1],4,1].
[[3,7,2,1,2,0,1,1,1],11,6].
[[2,8,1,0,0,0,2,2,0],17,5].
[[3,7,2,0,0,0,1,1,1],7,3].
[[3,9,1,1,1,2,2,2,0],2,11].
[[3,7,0,1,2,2,2,2,0],7,5].
[[3,7,2,1,1,2,2,3,1],22,1].
[[1,6,1,1,2,2,0,0,0],27,0].
[[2,6,1,1,2,2,2,1,1],9,0].
[[3,6,1,1,2,2,2,1,1],17,1].
[[2,8,0,0,0,0,2,1,1],23,30].
[[3,7,2,1,2,2,2,2,1],49,2].
[[3,3,0,0,0,0,2,3,1],0,1].
[[2,3,1,0,0,0,2,3,1],2,0].
[[3,3,1,1,2,2,2,3,0],1,1].
[[2,9,2,1,1,0,2,3,1],2,5].
[[3,4,0,1,2,0,2,1,1],0,2].
[[3,8,0,0,0,0,2,3,0],10,33].
[[2,7,1,1,2,2,2,1,1],26,12].
[[1,4,2,1,2,0,2,2,1],19,2].
[[2,4,2,1,2,0,1,1,1],25,0].
[[2,9,2,0,0,0,1,1,1],16,32].
[[2,4,2,1,2,0,2,2,0],28,0].
[[3,9,2,0,0,0,1,2,0],3,18].
[[3,8,1,0,0,0,0,0,0],2,2].
[[2,7,2,1,1,2,0,0,0],13,0].
[[3,7,2,1,1,2,2,1,1],11,0].
[[1,8,1,0,0,0,1,1,1],16,14].
[[1,8,1,0,0,0,1,2,0],5,0].
[[3,8,1,1,1,0,1,2,0],4,3].
[[2,7,0,1,2,2,2,1,0],1,1].
[[2,8,0,1,2,0,0,0,0],6,23].
[[3,8,0,0,0,0,2,3,1],9,20].
[[2,7,1,1,1,2,2,3,1],18,4].
[[2,9,2,1,1,2,1,1,0],19,19].
[[3,6,1,1,2,0,2,3,1],22,2].
[[3,9,1,1,2,0,2,2,0],1,7].
[[3,7,1,0,0,0,1,1,1],12,6].
[[3,9,1,1,2,0,1,2,1],4,8].
[[3,6,0,1,1,2,1,2,1],0,1].
[[3,9,2,0,0,0,1,1,1],6,17].
[[3,4,2,1,2,0,2,1,0],16,0].
[[1,8,0,1,1,2,2,3,1],15,8].
[[2,9,2,1,2,0,2,2,1],19,25].
[[3,7,1,0,0,0,2,1,1],28,8].
[[3,8,0,1,2,0,2,2,0],13,17].
[[2,9,1,1,2,2,2,2,0],4,9].
[[3,7,1,0,0,0,0,0,0],18,10].
[[3,5,0,1,2,2,1,2,0],46,1].
[[2,9,2,1,1,2,0,0,0],2,22].
[[3,8,0,1,1,2,0,0,0],1,18].
[[3,9,2,1,2,2,2,2,1],6,38].
[[3,7,1,1,1,2,1,1,1],19,16].
[[3,6,0,1,2,2,2,3,0],7,8].
[[3,8,0,1,2,0,0,0,0],0,5].
[[2,7,2,0,0,0,1,2,1],14,3].
[[3,8,0,1,2,0,2,3,1],13,19].
[[3,7,2,0,0,0,2,3,1],20,2].
[[2,9,1,1,2,2,2,3,0],4,8].
[[3,8,0,1,1,0,2,3,0],3,14].
[[1,8,1,1,2,0,1,1,1],3,1].
[[2,8,1,1,2,0,1,1,1],14,8].
[[3,5,0,1,2,2,1,2,1],12,1].
[[2,9,2,1,2,0,2,3,1],14,35].
[[2,8,0,0,0,0,2,2,1],26,37].
[[3,8,0,0,0,0,2,2,1],10,22].
[[3,8,1,1,2,2,2,2,0],10,9].
[[2,9,1,1,1,2,1,2,1],6,8].
[[1,8,1,1,1,2,2,3,1],32,6].
[[3,3,2,0,0,0,2,2,1],5,0].
[[3,6,1,1,1,2,2,3,1],16,0].
[[2,6,1,0,0,0,1,1,1],3,0].
[[3,6,1,0,0,0,1,2,1],12,0].
[[1,9,2,1,1,2,2,1,0],31,16].
[[2,8,0,1,1,2,2,1,0],17,14].
[[3,7,2,0,0,0,2,2,1],15,1].
[[2,6,0,1,2,2,2,2,0],3,1].
[[3,6,0,1,2,2,2,2,0],3,4].
[[3,6,0,1,1,2,2,2,1],4,3].
[[2,5,0,1,2,0,1,1,0],2,0].
[[3,5,0,1,2,0,1,1,0],5,0].
[[2,6,1,1,2,2,2,3,1],24,1].
[[3,6,1,1,2,2,2,3,0],11,0].
[[1,4,2,1,2,0,2,1,0],6,0].
[[2,4,2,1,2,0,2,1,0],10,1].
[[2,5,0,1,2,0,1,2,1],1,0].
[[1,7,1,1,2,2,1,2,1],2,0].
[[2,7,1,1,1,2,1,2,1],5,1].
[[3,6,1,0,0,0,2,3,0],3,0].
[[2,7,2,0,0,0,2,2,1],23,2].
[[3,7,2,1,2,0,2,2,1],25,2].
[[3,7,2,1,1,0,2,3,1],6,4].
[[1,8,1,1,1,2,2,1,1],14,3].
[[2,7,2,0,0,0,2,1,1],23,0].
[[3,7,2,0,0,0,2,1,1],19,1].
[[1,7,1,0,0,0,2,3,1],14,5].
[[2,8,1,1,2,2,2,1,0],6,3].
[[3,9,2,0,0,0,2,1,1],5,6].
[[3,8,1,1,1,2,2,3,0],9,7].
[[2,8,1,1,2,0,2,1,1],26,28].
[[1,4,2,1,2,0,2,1,1],5,0].
[[2,7,1,0,0,0,1,2,1],13,2].
[[3,5,0,1,1,2,1,1,0],10,0].
[[2,5,0,0,0,0,1,2,0],12,0].
[[3,7,0,1,2,2,0,0,0],8,22].
[[3,9,2,1,2,0,1,1,1],3,11].
[[2,3,1,1,2,2,0,0,0],16,1].
[[3,9,2,1,2,0,2,3,0],1,24].
[[1,8,1,1,1,2,2,2,1],21,4].
[[2,9,2,1,2,0,2,1,0],8,11].
[[3,9,2,1,1,0,1,2,0],3,12].
[[1,8,0,1,1,2,2,1,1],9,3].
[[2,4,2,1,2,0,1,2,1],54,2].
[[2,7,1,1,2,0,2,2,1],5,3].
[[1,8,0,0,0,0,2,3,0],24,28].
[[3,8,0,0,0,0,1,1,0],5,6].
[[2,9,2,1,2,0,2,1,1],7,30].
[[3,6,1,1,2,2,1,2,1],14,1].
[[3,8,0,1,2,2,2,1,0],12,27].
[[3,7,0,1,1,2,2,3,1],16,11].
[[3,8,0,1,1,0,2,1,0],0,1].
[[3,7,0,1,1,2,2,2,0],7,5].
[[2,8,0,1,2,2,1,1,1],15,14].
[[2,9,2,1,1,0,1,2,0],0,4].
[[2,9,2,1,2,2,2,1,0],24,46].
[[3,7,1,0,0,0,1,2,1],21,6].
[[1,7,1,1,2,2,2,3,1],5,1].
[[2,8,0,1,1,2,1,1,1],6,8].
[[3,7,2,1,2,2,2,3,1],58,9].
[[3,9,2,1,2,0,2,2,1],3,10].
[[3,6,1,0,0,0,2,2,0],2,1].
[[2,9,1,0,0,0,2,2,0],1,1].
[[2,8,0,1,2,0,2,1,1],8,8].
[[3,6,0,1,2,2,2,2,1],5,6].
[[3,5,0,1,1,0,1,2,1],3,1].
[[2,6,0,1,1,2,0,0,0],2,6].
[[3,6,0,1,1,2,2,2,0],2,6].
[[3,7,2,0,0,0,1,2,1],22,0].
[[1,9,2,1,2,0,2,1,0],5,7].
[[2,8,1,1,1,0,1,1,1],1,2].
[[2,8,1,1,2,0,1,1,0],2,2].
[[3,7,1,1,1,0,1,1,0],1,1].
[[3,4,2,1,2,0,0,0,0],16,2].
[[3,5,0,1,2,0,1,1,1],10,0].
[[2,9,2,1,1,0,1,1,1],0,2].
[[2,9,1,1,2,0,1,2,1],2,5].
[[3,8,0,1,1,0,2,2,1],0,8].
[[1,4,2,1,2,0,2,2,0],11,0].
[[3,7,0,1,2,0,1,2,0],1,2].
[[3,7,2,1,2,2,2,1,1],32,3].
[[1,9,2,1,2,0,1,1,1],2,6].
[[3,7,1,1,2,0,2,3,0],9,4].
[[1,8,0,1,2,2,1,2,0],2,5].
[[2,8,1,0,0,0,1,2,0],8,5].
[[1,8,0,0,0,0,2,1,0],13,4].
[[2,8,0,0,0,0,2,1,0],10,10].
[[3,6,0,1,2,2,1,2,0],2,1].
[[2,6,0,1,1,2,2,3,1],3,2].
[[3,6,0,1,1,2,2,3,1],5,6].
[[2,9,2,0,0,0,0,0,0],4,21].
[[2,8,1,0,0,0,2,1,0],8,4].
[[2,2,1,0,0,0,0,0,0],1,0].
[[3,2,1,1,2,0,0,0,0],1,0].
[[3,9,1,0,0,0,2,3,0],2,4].
[[3,3,2,1,2,0,2,2,1],6,0].
[[1,8,1,1,2,2,2,2,0],16,2].
[[3,8,1,1,1,2,1,1,0],10,4].
[[3,6,0,1,2,2,2,3,1],2,7].
[[2,9,1,1,2,0,1,2,0],1,1].
[[3,9,1,1,2,2,1,2,0],6,10].
[[1,8,0,0,0,0,1,2,1],1,0].
[[3,8,0,0,0,0,2,1,0],2,6].
[[2,6,0,0,0,0,0,0,0],5,7].
[[2,7,2,1,2,0,2,1,1],4,2].
[[3,7,2,1,2,0,2,1,1],11,4].
[[3,6,0,0,0,0,2,2,0],3,2].
[[1,7,1,0,0,0,1,1,1],1,0].
[[2,7,1,0,0,0,1,1,1],5,1].
[[3,7,0,1,2,2,2,2,1],7,5].
[[3,8,1,1,2,0,1,1,0],7,3].
[[3,9,2,1,2,0,2,1,1],5,12].
[[2,8,0,1,2,0,2,1,0],3,4].
[[2,7,0,1,2,2,0,0,0],9,12].
[[3,7,0,1,1,2,0,0,0],6,11].
[[2,9,2,1,1,0,2,3,0],0,9].
[[3,6,1,1,2,2,0,0,0],11,2].
[[2,8,1,1,1,2,0,0,0],21,10].
[[2,6,1,1,2,2,2,3,0],6,0].
[[1,7,1,1,2,2,2,2,1],7,1].
[[3,9,1,1,2,0,1,1,1],3,7].
[[2,9,1,1,1,2,2,3,0],3,3].
[[2,7,2,1,2,2,1,2,1],19,1].
[[3,7,1,1,1,0,2,1,1],5,2].
[[2,9,1,1,2,0,2,2,0],2,0].
[[3,8,0,1,2,2,1,1,0],14,18].
[[3,8,0,1,2,2,0,0,0],1,37].
[[1,8,1,1,1,2,2,3,0],5,1].
[[3,9,1,1,2,2,1,1,1],9,16].
[[2,9,1,0,0,0,1,2,1],5,7].
[[2,6,1,0,0,0,2,2,0],1,0].
[[3,6,1,0,0,0,1,1,0],2,1].
[[2,7,2,1,1,0,2,2,1],2,1].
[[3,3,2,1,1,0,2,2,1],1,0].
[[1,7,2,1,2,2,1,1,1],2,0].
[[2,7,2,1,2,2,1,1,1],5,4].
[[3,9,1,1,1,0,2,2,0],2,4].
[[3,7,2,1,2,0,2,3,0],1,0].
[[2,8,0,1,1,2,1,2,0],11,4].
[[3,7,1,1,1,2,1,2,0],5,0].
[[1,8,1,1,2,0,2,1,1],8,7].
[[2,7,1,1,2,0,2,1,1],10,0].
[[3,3,1,1,2,0,2,1,1],1,0].
[[3,7,1,1,1,2,2,1,0],3,2].
[[1,7,2,1,2,0,2,2,1],2,0].
[[3,8,0,1,1,0,1,1,1],3,2].
[[3,9,2,1,2,0,2,1,0],0,7].
[[2,7,1,0,0,0,2,1,1],16,8].
[[3,7,1,1,2,0,1,1,1],15,5].
[[1,8,1,1,2,2,1,1,0],2,0].
[[2,8,1,1,1,2,1,1,0],3,2].
[[3,7,1,1,1,2,1,1,0],3,0].
[[2,9,1,1,1,2,1,2,0],1,1].
[[3,3,2,1,2,0,0,0,0],9,0].
[[3,9,2,1,1,2,2,3,1],5,37].
[[3,5,0,1,1,0,1,1,0],2,0].
[[3,8,0,1,1,0,1,2,0],0,8].
[[3,9,1,1,1,2,1,2,0],3,6].
[[3,9,2,0,0,0,2,2,0],2,13].
[[1,8,1,0,0,0,2,3,0],36,5].
[[2,8,1,1,2,0,2,3,0],10,3].
[[3,6,1,0,0,0,2,3,1],20,1].
[[2,8,1,1,1,0,1,2,1],0,4].
[[2,7,1,0,0,0,2,3,0],5,2].
[[2,6,1,1,2,2,0,0,0],31,1].
[[3,3,2,1,2,2,0,0,0],13,0].
[[3,7,1,1,2,0,1,2,0],4,2].
[[3,8,1,1,2,2,2,1,0],2,5].
[[1,8,0,1,2,2,2,1,1],16,20].
[[3,7,0,1,2,2,1,2,1],3,9].
[[3,5,0,0,0,0,1,1,0],4,0].
[[2,7,1,1,2,0,2,3,1],9,4].
[[1,8,1,1,1,2,1,2,1],10,2].
[[1,8,1,1,2,0,2,3,0],4,2].
[[3,9,1,0,0,0,1,2,1],6,9].
[[3,3,1,1,2,2,2,1,1],6,0].
[[3,7,1,1,2,2,2,1,0],4,3].
[[1,8,0,1,1,2,2,2,1],8,11].
[[2,6,1,0,0,0,2,1,1],11,0].
[[3,3,1,1,2,0,0,0,0],4,0].
[[1,7,2,1,2,2,2,2,1],5,0].
[[2,5,0,1,2,2,1,2,1],5,0].
[[3,7,0,0,0,0,2,3,0],3,3].
[[3,7,0,1,2,2,2,3,0],7,14].
[[3,8,0,1,1,0,2,3,1],2,8].
[[3,3,1,1,2,0,2,2,1],4,0].
[[3,7,2,1,2,0,0,0,0],9,3].
[[2,8,0,1,2,0,1,1,1],0,6].
[[3,3,1,1,1,2,2,3,0],3,0].
[[3,7,1,0,0,0,2,2,0],3,1].
[[3,8,0,1,1,2,2,1,0],8,25].
[[1,9,2,1,1,2,1,1,1],14,7].
[[3,8,0,1,2,0,2,1,0],2,8].
[[3,7,0,0,0,0,2,3,1],2,3].
[[3,8,0,0,0,0,1,1,1],7,6].
[[3,7,0,1,2,0,1,2,1],2,1].
[[3,8,0,0,0,0,0,0,0],1,7].
[[2,8,1,1,1,2,1,2,0],8,2].
[[3,6,1,1,1,2,1,2,0],2,0].
[[1,8,1,1,1,2,1,1,1],3,0].
[[2,7,0,0,0,0,2,1,1],0,1].
[[3,7,0,1,2,0,2,1,1],0,3].
[[3,5,0,1,2,2,1,1,0],13,4].
[[3,8,1,1,1,0,2,1,1],2,15].
[[2,6,1,1,2,2,2,2,0],1,0].
[[3,6,1,1,2,2,2,2,0],1,0].
[[2,9,1,1,1,2,2,2,0],1,1].
[[2,9,2,1,1,0,1,2,1],1,6].
[[3,3,2,1,2,0,2,1,1],4,0].
[[3,7,0,1,2,2,1,1,0],5,1].
[[2,5,0,1,1,2,1,1,0],3,0].
[[3,9,2,0,0,0,2,1,0],0,6].
[[1,4,2,1,2,0,2,3,0],15,0].
[[2,9,1,1,2,2,1,2,0],4,2].
[[3,7,0,1,2,0,2,3,0],0,3].
[[2,6,1,1,2,0,0,0,0],8,1].
[[2,9,1,1,2,2,2,1,1],1,1].
[[1,6,1,0,0,0,2,1,1],8,0].
[[2,6,1,0,0,0,1,2,1],6,0].
[[2,7,1,1,2,2,1,1,1],3,5].
[[2,7,1,0,0,0,2,2,0],6,1].
[[2,7,2,1,2,2,2,1,1],18,2].
[[3,4,0,1,2,0,1,2,0],0,2].
[[1,6,1,0,0,0,2,2,1],10,0].
[[2,5,0,0,0,0,1,1,1],9,1].
[[3,5,0,0,0,0,1,1,1],13,1].
[[2,8,0,1,2,0,2,3,1],2,24].
[[1,8,1,1,1,2,2,2,0],2,2].
[[2,7,1,1,1,2,2,2,0],1,2].
[[2,7,0,1,1,2,0,0,0],5,4].
[[1,8,1,1,2,0,1,2,1],10,7].
[[3,3,2,1,2,2,2,3,1],6,0].
[[3,6,0,1,2,0,2,3,1],1,0].
[[3,7,2,1,1,2,1,1,1],9,1].
[[2,8,1,1,1,2,2,2,0],9,6].
[[3,8,1,1,1,2,2,2,0],5,6].
[[2,6,1,1,2,0,2,2,1],6,0].
[[1,4,2,1,2,0,1,2,0],2,1].
[[1,6,1,0,0,0,2,3,0],2,0].
[[2,6,1,0,0,0,2,3,0],3,0].
[[3,7,0,0,0,0,2,1,0],3,0].
[[1,8,0,1,1,2,2,2,0],13,3].
[[2,8,0,1,1,2,1,1,0],4,7].
[[1,8,1,1,1,2,1,2,0],2,0].
[[2,7,1,1,1,2,1,2,0],1,0].
[[3,6,1,1,1,0,2,3,1],2,0].
[[3,7,0,1,2,2,1,1,1],2,4].
[[1,7,1,1,2,2,2,2,0],2,1].
[[1,9,2,1,1,2,1,1,0],7,9].
[[3,8,1,1,1,0,1,1,0],2,2].
[[3,9,2,1,1,0,1,1,0],1,3].
[[1,4,2,1,2,0,1,2,1],6,0].
[[3,9,1,1,1,0,1,1,1],0,4].
[[2,3,2,1,2,0,0,0,0],6,0].
[[3,3,2,1,1,0,2,1,1],1,0].
[[1,7,1,0,0,0,2,1,0],1,0].
[[2,7,1,1,2,0,2,1,0],3,0].
[[2,7,1,1,2,2,2,2,0],3,3].
[[3,8,1,0,0,0,2,1,0],0,3].
[[2,9,1,0,0,0,2,1,1],0,1].
[[3,9,1,1,2,2,2,2,0],0,14].
[[1,4,2,1,2,0,1,1,1],2,0].
[[2,5,0,1,1,0,1,2,1],0,1].
[[3,7,0,1,1,2,2,1,1],2,4].
[[3,7,2,1,1,0,1,2,1],4,3].
[[2,8,0,1,2,0,2,3,0],3,18].
[[1,7,2,1,2,2,2,1,1],3,0].
[[2,7,2,1,1,2,2,1,1],2,0].
[[2,7,2,1,1,0,0,0,0],1,1].
[[1,8,1,1,1,2,2,1,0],1,1].
[[2,5,0,1,2,0,1,2,0],4,1].
[[2,9,2,1,1,0,2,2,1],0,4].
[[3,6,0,1,1,2,2,1,1],4,3].
[[2,7,1,0,0,0,2,1,0],2,1].
[[3,7,1,1,2,0,1,1,0],2,1].
[[3,6,1,0,0,0,1,1,1],1,0].
[[3,6,1,0,0,0,2,1,1],7,0].
[[3,3,1,0,0,0,0,0,0],10,1].
[[3,7,1,1,1,0,2,2,1],6,7].
[[3,8,1,0,0,0,2,3,0],4,6].
[[2,7,0,0,0,0,0,0,0],5,8].
[[2,7,2,1,1,2,2,3,1],2,0].
[[2,8,0,1,2,0,2,2,0],6,9].
[[2,8,1,0,0,0,2,3,0],26,10].
[[3,6,1,1,1,2,1,2,1],6,1].
[[2,4,2,1,2,0,1,1,0],11,0].
[[3,7,0,1,2,0,2,2,0],1,2].
[[1,7,2,0,0,0,1,2,1],6,1].
[[1,8,0,1,1,2,2,1,0],2,3].
[[3,3,1,1,1,2,0,0,0],5,1].
[[2,7,1,1,2,2,2,1,0],2,0].
[[3,5,0,0,0,0,1,2,0],8,1].
[[1,6,0,0,0,0,0,0,0],3,7].
[[3,6,0,0,0,0,2,3,1],4,3].
[[1,7,2,0,0,0,2,1,1],11,0].
[[3,9,2,1,1,0,2,3,1],0,3].
[[3,9,1,1,2,2,2,1,0],0,3].
[[2,8,1,0,0,0,1,1,0],3,2].
[[2,9,1,0,0,0,2,3,0],0,4].
[[3,7,0,1,2,0,2,3,1],2,4].
[[3,3,1,1,2,0,2,3,1],5,1].
[[3,9,2,1,1,0,2,2,1],0,5].
[[2,7,1,0,0,0,1,2,0],1,0].
[[3,7,1,1,2,2,1,2,0],7,3].
[[3,6,0,1,2,2,2,1,0],3,5].
[[2,6,0,1,2,2,2,3,1],4,2].
[[3,6,0,1,2,2,1,2,1],1,2].
[[3,7,0,1,2,0,2,2,1],2,4].
[[3,6,1,1,1,2,0,0,0],10,0].
[[1,6,1,1,2,2,2,1,1],1,0].
[[2,6,1,1,1,2,2,1,1],2,0].
[[3,3,1,1,1,2,2,1,1],1,0].
[[2,7,0,1,2,2,2,3,1],3,2].
[[3,6,1,1,2,2,2,1,0],3,0].
[[1,7,1,1,2,2,2,1,1],6,0].
[[2,7,1,1,2,2,2,3,0],7,1].
[[3,7,0,1,2,0,0,0,0],2,3].
[[3,8,1,1,2,0,2,1,0],0,1].
[[3,7,0,1,1,2,1,2,0],1,2].
[[1,7,2,1,2,2,2,3,1],7,0].
[[2,7,1,1,2,0,1,2,1],4,4].
[[2,3,2,1,2,2,2,3,1],1,0].
[[3,3,2,1,1,2,1,2,1],1,0].
[[3,7,2,1,1,2,0,0,0],7,1].
[[3,2,1,0,0,0,2,2,1],2,0].
[[2,8,1,1,1,0,0,0,0],1,3].
[[3,8,1,1,1,0,2,1,0],0,1].
[[3,8,1,0,0,0,1,2,0],8,1].
[[3,7,1,1,2,2,1,1,0],2,3].
[[2,3,2,0,0,0,2,1,1],3,0].
[[3,3,2,1,2,2,2,1,1],3,0].
[[2,9,1,0,0,0,0,0,0],0,1].
[[3,4,0,1,2,0,2,3,1],0,1].
[[2,9,1,1,2,0,2,3,0],0,2].
[[2,6,1,0,0,0,1,2,0],1,0].
[[3,6,1,1,2,0,1,2,0],3,0].
[[2,6,0,0,0,0,2,3,1],1,1].
[[3,7,0,0,0,0,2,2,1],2,2].
[[2,3,2,1,2,0,2,1,1],3,0].
[[3,6,1,1,1,2,2,2,1],7,0].
[[3,8,1,1,2,2,0,0,0],1,1].
[[1,7,1,0,0,0,2,1,1],2,1].
[[3,7,0,1,1,2,1,1,1],0,2].
[[2,7,1,1,1,2,2,1,1],3,2].
[[1,6,1,1,2,2,2,3,1],3,0].
[[3,6,1,1,1,0,2,2,1],1,1].
[[3,7,0,1,1,2,2,2,1],2,9].
[[2,9,2,1,1,0,1,1,0],1,1].
[[3,8,0,1,1,0,1,1,0],2,0].
[[3,6,1,1,2,0,2,1,1],8,0].
[[3,6,1,0,0,0,0,0,0],7,0].
[[3,8,1,1,2,0,0,0,0],0,3].
[[3,3,1,1,2,2,2,2,0],2,1].
[[3,3,1,0,0,0,1,2,1],3,0].
[[1,8,0,1,2,2,1,2,1],1,2].
[[2,9,2,1,1,0,2,1,0],0,1].
[[2,9,1,1,2,2,0,0,0],0,1].
[[2,9,1,1,2,2,2,1,0],0,1].
[[3,1,1,1,2,0,1,2,1],1,0].
[[3,5,0,1,1,0,1,1,1],3,2].
[[3,8,0,1,2,0,1,1,0],1,4].
[[3,9,2,1,1,2,0,0,0],0,3].
[[3,7,2,1,1,0,0,0,0],3,1].
[[2,6,1,1,1,2,2,3,1],7,1].
[[2,7,0,1,1,2,2,3,1],2,1].
[[1,7,1,0,0,0,2,2,1],3,2].
[[3,7,0,0,0,0,1,2,1],2,3].
[[2,6,0,1,1,2,2,2,0],2,0].
[[1,7,2,1,2,2,1,2,1],2,1].
[[3,7,1,0,0,0,1,2,0],8,0].
[[3,8,1,1,1,0,2,2,0],2,1].
[[1,6,1,1,2,2,1,2,1],0,1].
[[2,6,1,1,1,2,1,1,1],0,1].
[[3,6,1,1,1,2,1,1,1],0,1].
[[3,9,2,1,2,2,2,1,0],0,9].
[[1,8,0,0,0,0,1,1,1],0,1].
[[2,7,1,1,1,2,1,1,1],3,0].
[[2,8,1,1,1,0,2,1,1],1,3].
[[3,7,2,1,2,2,1,2,0],1,0].
[[3,3,1,1,1,2,1,2,1],1,0].
[[2,7,2,1,1,2,1,2,1],1,0].
[[1,3,2,0,0,0,2,3,1],1,0].
[[3,3,2,1,2,0,1,2,1],2,0].
[[3,7,2,1,1,0,2,1,1],4,3].
[[2,7,1,1,2,0,1,1,1],1,0].
[[2,7,2,1,1,0,1,2,1],1,0].
[[3,7,0,1,2,2,2,1,0],4,2].
[[2,3,2,0,0,0,2,3,1],3,0].
[[3,3,2,1,2,2,2,2,1],6,0].
[[2,5,0,0,0,0,1,2,1],0,1].
[[3,7,0,1,2,0,1,1,1],0,1].
[[3,8,1,1,1,0,2,3,0],0,2].
[[1,7,2,0,0,0,2,2,0],1,0].
[[3,7,1,1,1,0,1,2,1],2,3].
[[3,6,1,1,2,0,2,2,0],2,0].
[[2,9,1,1,1,2,2,1,1],2,0].
[[2,7,2,1,1,0,2,3,1],2,1].
[[3,3,1,0,0,0,2,2,1],3,0].
[[3,6,1,1,2,0,0,0,0],8,0].
[[1,8,0,1,1,2,1,2,0],2,1].
[[3,6,0,1,1,2,2,3,0],1,5].
[[1,7,2,1,2,0,1,2,1],1,0].
[[2,9,1,1,1,2,1,1,1],2,1].
[[1,6,1,0,0,0,1,2,1],2,0].
[[2,3,1,0,0,0,1,2,1],1,0].
[[3,3,0,1,2,2,0,0,0],0,1].
[[3,7,2,1,2,2,2,2,0],1,0].
[[3,3,2,1,2,2,1,1,1],1,0].
[[2,7,0,0,0,0,2,2,1],1,2].
[[2,7,1,1,2,2,1,2,0],0,2].
[[3,3,2,0,0,0,2,1,1],2,0].
[[2,6,1,1,1,2,0,0,0],8,0].
[[3,6,1,1,1,2,2,1,1],6,0].
[[3,9,1,0,0,0,1,2,0],0,1].
[[3,3,1,1,1,2,1,1,1],1,0].
[[2,7,0,1,2,2,2,3,0],3,1].
[[3,6,0,1,1,2,0,0,0],1,6].
[[3,3,1,1,1,2,2,3,1],4,0].
[[3,9,2,1,2,2,0,0,0],0,1].
[[2,6,0,1,2,2,2,2,1],0,1].
[[3,8,0,1,1,0,2,1,1],0,9].
[[1,8,0,1,2,2,1,1,1],1,1].
[[3,7,1,1,2,0,2,1,0],3,0].
[[3,6,0,1,2,0,2,3,0],1,1].
[[3,2,0,1,2,2,2,2,0],1,0].
[[3,9,1,1,2,2,1,1,0],1,0].
[[2,6,1,1,2,0,1,2,1],2,1].
[[3,6,1,1,1,0,1,2,1],1,1].
[[3,3,2,0,0,0,1,1,1],1,0].
[[2,6,0,0,0,0,2,1,1],1,1].
[[3,6,0,0,0,0,2,1,1],1,2].
[[2,6,0,1,2,2,2,1,0],2,3].
[[3,2,0,1,2,2,2,1,0],1,0].
[[3,7,0,1,1,2,1,2,1],0,4].
[[3,6,0,0,0,0,2,1,0],0,1].
[[3,3,1,1,2,2,1,2,1],2,0].
[[1,7,1,0,0,0,2,2,0],1,0].
[[2,5,0,1,1,2,1,2,0],3,0].
[[1,8,1,1,2,0,2,1,0],1,0].
[[2,8,1,1,2,0,2,1,0],2,0].
[[2,6,1,1,2,0,1,1,1],1,0].
[[3,6,1,1,2,0,1,1,1],4,1].
[[2,7,2,1,2,0,1,1,1],1,2].
[[2,9,2,1,1,0,2,2,0],1,8].
[[1,6,1,0,0,0,1,1,1],2,0].
[[2,7,0,1,2,2,2,1,1],0,2].
[[3,9,1,0,0,0,1,1,0],1,1].
[[2,7,0,0,0,0,2,2,0],0,1].
[[1,7,1,1,2,2,2,3,0],2,0].
[[2,3,1,1,2,2,2,3,0],1,0].
[[3,6,0,0,0,0,2,3,0],1,2].
[[3,8,1,1,1,2,2,1,0],1,1].
[[2,6,1,1,2,0,2,1,1],2,0].
[[3,6,1,1,1,0,0,0,0],1,0].
[[3,6,0,0,0,0,2,2,1],0,2].
[[1,6,0,0,0,0,2,1,0],1,0].
[[2,6,0,0,0,0,2,1,0],1,0].
[[3,6,0,1,2,0,2,1,0],1,0].
[[2,7,2,1,1,2,1,1,1],2,0].
[[3,3,2,0,0,0,0,0,0],6,0].
[[3,8,1,1,1,2,0,0,0],1,1].
[[2,8,0,1,2,0,1,1,0],2,0].
[[2,9,1,1,1,2,2,1,0],0,1].
[[3,4,0,1,2,0,1,2,1],0,3].
[[3,6,0,0,0,0,0,0,0],0,2].
[[2,9,1,1,1,0,1,1,1],1,1].
[[2,7,0,1,1,2,2,3,0],1,0].
[[2,7,0,0,0,0,2,3,0],0,1].
[[3,9,1,1,2,0,1,1,0],1,0].
[[2,6,1,1,2,0,2,3,0],0,1].
[[3,6,0,1,2,0,0,0,0],0,2].
[[2,7,2,1,1,0,1,1,1],1,0].
[[3,7,1,1,1,0,2,3,0],0,1].
[[2,6,0,1,2,2,2,1,1],1,1].
[[2,9,1,1,2,2,1,1,0],0,2].
[[3,9,1,1,1,0,2,3,0],0,2].
[[3,8,0,1,1,0,2,2,0],3,2].
[[3,3,1,1,2,0,2,1,0],1,0].
[[1,7,1,0,0,0,2,3,0],1,0].
[[2,3,2,1,2,2,0,0,0],2,0].
[[3,9,1,1,2,0,2,3,0],1,1].
[[1,8,0,1,2,2,1,1,0],1,0].
[[3,9,1,1,2,0,2,1,1],1,0].
[[2,3,1,1,2,2,2,3,1],3,0].
[[2,3,2,0,0,0,2,2,1],1,0].
[[3,9,1,0,0,0,2,2,0],1,0].
[[2,6,1,1,1,2,2,2,1],2,0].
[[3,3,1,1,2,2,1,1,1],4,0].
[[2,7,2,1,1,0,2,1,1],2,1].
[[3,8,0,1,1,0,0,0,0],0,2].
[[3,7,0,1,1,2,1,1,0],1,0].
[[3,3,2,1,1,2,2,3,1],1,0].
[[1,6,0,1,2,2,2,2,0],1,0].
[[2,7,1,1,1,2,2,1,0],1,0].
[[1,7,2,1,2,0,2,1,1],0,1].
[[2,6,0,1,2,2,2,3,0],0,1].
[[3,9,1,1,1,0,2,1,1],0,1].
[[3,9,2,1,2,0,0,0,0],0,2].
[[2,5,0,1,2,2,1,1,0],3,0].
[[2,6,0,1,1,2,2,3,0],0,1].
[[3,3,1,0,0,0,2,1,1],4,0].
[[3,9,1,1,1,0,1,2,0],0,1].
[[2,3,1,1,2,2,2,2,1],1,0].
[[3,6,0,1,2,0,2,1,1],1,1].
[[2,6,1,1,2,2,1,1,1],3,0].
[[3,6,0,1,1,2,2,1,0],1,1].
[[3,7,2,1,1,0,2,3,0],1,0].
[[2,7,0,0,0,0,1,2,0],1,0].
[[3,7,0,0,0,0,1,2,0],1,0].
[[1,6,1,0,0,0,2,1,0],1,0].
[[2,6,1,0,0,0,2,1,0],1,0].
[[3,3,1,0,0,0,2,3,0],1,0].
[[2,3,1,1,2,2,2,2,0],1,0].
[[1,7,2,0,0,0,2,1,0],1,0].
[[2,7,2,1,2,0,2,1,0],1,0].
[[1,7,2,1,2,0,2,3,1],1,0].
[[2,7,2,1,1,0,1,2,0],1,0].
[[3,7,2,1,1,0,1,2,0],1,0].
[[2,7,2,1,2,0,1,2,1],2,1].
[[2,7,2,0,0,0,2,3,0],1,0].
[[2,7,2,1,2,2,2,2,0],1,0].
[[3,7,2,1,1,2,2,2,0],1,0].
[[2,6,1,1,2,0,2,1,0],0,1].
[[2,3,1,1,2,2,2,1,1],1,0].
[[2,9,1,1,1,2,1,1,0],1,0].
[[3,6,1,1,2,2,1,2,0],1,0].
[[1,8,0,1,1,2,1,1,0],1,0].
[[2,3,1,0,0,0,2,1,1],1,0].
[[2,6,0,0,0,0,2,2,0],1,0].
[[3,7,2,1,2,2,2,3,0],1,0].
[[1,8,0,0,0,0,1,1,0],1,0].
[[3,7,1,1,1,0,0,0,0],1,0].
[[1,7,1,1,2,2,1,1,1],0,1].
[[2,3,1,0,0,0,1,1,1],1,0].
[[3,3,1,1,2,0,1,2,1],1,0].
[[3,6,0,1,2,0,2,2,1],0,1].
[[2,3,2,1,2,0,2,3,1],1,0].
[[2,9,1,0,0,0,1,2,0],1,1].
[[3,6,1,1,2,2,1,1,0],1,0].
[[3,3,2,1,1,0,2,3,1],1,0].
[[3,8,1,1,1,0,0,0,0],0,1].
[[2,7,0,1,1,2,2,1,0],0,1].
[[3,7,0,1,1,2,2,1,0],0,1].
[[1,9,2,1,2,0,1,1,0],0,1].
[[3,3,1,0,0,0,1,1,1],1,0].
[[1,6,0,1,2,2,2,3,0],1,0].
[[2,3,1,1,2,2,1,2,1],1,0].
[[2,6,0,1,1,2,2,1,1],0,1].
[[2,6,1,1,1,2,2,2,0],1,0].
[[3,3,2,1,1,0,1,1,1],1,0].
[[3,2,1,1,2,2,1,1,1],1,0].
[[3,3,1,1,1,2,2,2,1],1,0].
[[3,6,1,1,2,0,2,3,0],1,0].
[[2,7,0,1,1,2,2,2,1],0,1].
[[3,6,0,1,1,2,1,1,1],0,1].
[[2,6,1,1,2,2,1,2,1],1,0].
[[2,9,1,1,2,0,1,1,1],0,1].
[[2,7,0,1,2,2,2,2,1],0,1].
