total_WL(23043,13216).
[[1,8,0,0,0,0,2,1,0],85,69].
[[2,8,0,1,2,0,2,1,0],15,15].
[[3,8,0,1,1,0,1,1,0],2,7].
[[1,9,2,0,0,0,2,1,0],332,328].
[[2,9,2,0,0,0,2,1,0],54,118].
[[3,8,1,1,2,1,1,2,1],381,55].
[[3,9,2,1,2,1,2,1,0],6,41].
[[1,8,1,0,0,0,0,0,0],1465,378].
[[2,8,1,1,2,1,2,3,2],277,44].
[[3,8,1,1,2,1,2,3,2],205,29].
[[2,8,1,0,0,0,2,3,2],284,52].
[[3,8,1,0,0,0,2,3,2],78,8].
[[1,8,1,0,0,0,1,2,0],95,29].
[[2,7,1,0,0,0,1,2,0],18,2].
[[3,7,1,1,2,0,1,2,0],50,10].
[[1,8,0,0,0,0,2,3,0],299,166].
[[2,8,0,0,0,0,1,2,0],166,69].
[[3,8,0,1,2,1,1,2,0],403,257].
[[1,9,2,1,2,0,2,3,2],15,24].
[[2,9,2,1,2,0,2,3,2],23,41].
[[3,9,2,1,2,0,1,1,0],23,66].
[[1,8,1,0,0,0,2,3,1],583,97].
[[2,8,1,0,0,0,2,3,1],412,70].
[[3,8,1,0,0,0,2,3,1],120,28].
[[1,9,2,0,0,0,2,2,2],1071,1099].
[[2,9,2,0,0,0,2,2,2],357,506].
[[3,9,2,1,2,0,2,2,2],26,71].
[[1,9,2,0,0,0,2,3,0],1271,1026].
[[2,9,2,0,0,0,1,2,0],435,415].
[[3,9,2,0,0,0,1,2,0],144,222].
[[1,9,2,1,2,1,1,2,0],188,138].
[[2,9,2,1,2,1,1,2,0],443,396].
[[3,9,2,1,2,1,1,2,0],337,593].
[[1,7,2,0,0,0,0,0,0],227,23].
[[2,7,2,1,2,0,2,2,1],6,1].
[[3,7,2,1,2,0,2,2,1],12,1].
[[2,8,1,0,0,0,2,1,0],140,29].
[[3,8,1,1,2,1,2,3,1],270,35].
[[1,8,0,0,0,0,2,3,2],168,110].
[[2,8,0,0,0,0,2,3,2],145,122].
[[3,7,1,1,2,1,2,3,2],163,24].
[[1,8,0,1,2,1,0,0,0],283,215].
[[2,8,0,1,2,1,0,0,0],129,281].
[[3,8,0,1,1,1,2,2,0],38,72].
[[1,9,2,1,2,1,2,2,2],486,428].
[[2,9,2,1,1,1,1,2,0],98,78].
[[3,9,2,1,1,1,1,2,0],136,229].
[[1,9,2,0,0,0,1,2,2],394,246].
[[2,5,0,0,0,0,1,1,2],90,0].
[[3,5,0,0,0,0,1,1,2],102,0].
[[2,9,2,1,2,1,1,2,1],150,126].
[[3,9,2,1,2,1,1,2,1],114,155].
[[1,8,1,0,0,0,2,2,0],399,64].
[[2,8,1,1,2,1,1,1,0],63,34].
[[3,8,1,1,2,1,1,1,0],131,60].
[[1,9,2,1,2,1,0,0,0],227,417].
[[2,9,2,1,1,1,0,0,0],10,22].
[[3,9,2,1,1,1,0,0,0],0,9].
[[1,8,0,0,0,0,0,0,0],832,736].
[[2,7,0,0,0,0,0,0,0],34,28].
[[3,7,0,1,2,1,2,2,0],61,24].
[[1,8,0,1,2,1,1,2,2],15,5].
[[2,8,0,1,1,1,1,2,2],17,7].
[[3,8,0,1,1,1,1,2,2],55,58].
[[2,8,1,1,1,1,2,2,2],104,24].
[[3,4,1,1,2,0,2,2,2],80,4].
[[2,8,0,0,0,0,2,2,2],307,249].
[[3,8,0,1,2,1,2,2,2],295,304].
[[1,5,0,0,0,0,2,2,0],29,2].
[[2,5,0,0,0,0,2,2,0],30,0].
[[3,5,0,1,2,1,2,2,0],81,1].
[[2,6,1,0,0,0,0,0,0],101,3].
[[3,6,1,1,2,0,2,2,0],17,1].
[[1,8,1,0,0,0,1,1,1],38,31].
[[2,7,1,0,0,0,1,1,1],6,3].
[[3,7,2,0,0,0,1,1,1],7,2].
[[1,9,2,0,0,0,2,3,2],521,473].
[[3,8,0,0,0,0,1,2,0],156,115].
[[2,9,2,0,0,0,2,3,0],249,468].
[[3,8,0,0,0,0,2,3,0],89,158].
[[1,8,1,0,0,0,2,2,2],995,192].
[[2,8,1,0,0,0,1,1,2],108,35].
[[3,8,1,0,0,0,1,1,2],72,15].
[[2,8,1,0,0,0,2,2,0],258,36].
[[3,7,2,0,0,0,2,2,0],11,0].
[[1,9,2,1,2,1,2,3,2],211,196].
[[3,8,1,1,1,1,2,3,2],68,16].
[[1,9,2,0,0,0,2,1,1],96,61].
[[2,9,2,0,0,0,2,1,1],42,35].
[[3,8,0,1,2,1,2,1,1],28,24].
[[1,8,1,0,0,0,2,3,0],609,74].
[[2,7,1,0,0,0,2,3,0],112,21].
[[3,7,1,0,0,0,2,3,0],110,24].
[[1,9,2,0,0,0,0,0,0],509,1120].
[[2,9,2,1,2,1,2,3,0],252,458].
[[3,8,0,1,1,1,2,3,0],65,124].
[[2,8,1,0,0,0,2,3,0],352,81].
[[3,6,1,1,2,1,2,3,0],53,2].
[[1,8,1,1,2,1,1,2,1],37,12].
[[2,7,2,1,2,1,1,2,2],24,9].
[[3,7,1,1,2,1,1,2,2],115,19].
[[2,8,0,0,0,0,0,0,0],122,308].
[[3,8,0,0,0,0,2,2,0],52,89].
[[1,9,2,1,2,1,1,2,2],181,85].
[[2,9,2,1,2,1,1,2,2],228,198].
[[3,8,1,1,2,1,1,2,2],294,69].
[[1,8,1,0,0,0,2,3,2],480,87].
[[2,8,1,1,2,0,2,3,2],55,22].
[[3,8,1,1,1,0,2,3,2],7,11].
[[2,9,2,0,0,0,1,2,2],264,212].
[[3,8,1,1,2,0,1,2,2],117,26].
[[3,8,1,0,0,0,1,1,0],63,28].
[[3,8,1,0,0,0,2,1,1],54,18].
[[2,9,2,1,2,1,2,2,2],329,400].
[[3,9,2,1,2,1,2,2,2],85,186].
[[3,7,2,1,2,0,1,2,2],46,6].
[[2,8,1,0,0,0,0,0,0],102,75].
[[3,8,1,0,0,0,2,2,0],28,16].
[[1,7,1,1,2,1,0,0,0],64,8].
[[2,7,1,1,1,1,0,0,0],28,4].
[[3,7,1,1,1,1,2,3,0],45,13].
[[2,7,1,0,0,0,2,3,2],90,12].
[[3,7,1,0,0,0,2,3,2],74,17].
[[1,8,1,1,2,1,1,2,2],37,8].
[[2,8,1,1,2,1,1,1,2],81,22].
[[3,8,1,1,2,1,1,1,2],156,55].
[[1,9,2,1,2,1,2,3,0],555,408].
[[2,8,0,1,2,1,2,3,0],349,251].
[[3,8,0,1,2,1,2,3,0],212,373].
[[2,8,0,1,2,1,1,2,0],134,59].
[[3,8,0,1,2,1,1,1,0],120,149].
[[2,9,2,0,0,0,1,2,1],144,106].
[[3,8,1,0,0,0,1,2,1],153,41].
[[3,9,2,1,1,1,2,3,0],9,98].
[[2,8,0,0,0,0,2,3,1],105,69].
[[3,8,0,1,2,1,2,3,1],114,114].
[[1,9,2,1,2,0,2,2,0],33,28].
[[2,5,0,1,2,0,2,2,0],8,2].
[[3,5,0,1,2,0,1,2,0],24,3].
[[2,8,1,1,2,1,2,1,0],92,24].
[[3,8,1,1,1,1,2,1,0],7,3].
[[2,8,1,0,0,0,2,2,2],686,130].
[[3,7,1,1,2,1,2,2,2],387,83].
[[3,9,2,1,2,1,1,1,2],95,148].
[[1,8,1,1,2,1,2,2,2],284,47].
[[2,8,1,1,2,1,2,2,2],568,114].
[[3,8,1,1,2,1,2,2,2],487,103].
[[2,7,1,0,0,0,0,0,0],265,77].
[[3,7,1,1,2,1,0,0,0],89,27].
[[1,9,2,1,2,1,2,2,0],368,294].
[[2,9,2,1,1,1,2,2,0],58,52].
[[1,8,1,1,2,1,0,0,0],511,112].
[[2,8,1,1,2,1,2,2,1],143,29].
[[3,8,1,1,1,1,2,2,1],44,6].
[[3,9,2,1,2,1,2,3,0],41,282].
[[3,9,2,1,2,1,1,2,2],141,279].
[[1,6,1,0,0,0,0,0,0],231,11].
[[2,7,1,1,2,1,0,0,0],183,41].
[[3,7,1,1,2,1,2,3,0],207,38].
[[2,8,0,1,2,0,2,3,2],20,21].
[[3,8,0,1,2,0,2,3,2],22,42].
[[3,3,1,1,2,1,0,0,0],45,5].
[[2,8,0,0,0,0,2,3,0],345,272].
[[3,8,0,1,2,0,2,2,0],38,64].
[[1,8,0,0,0,0,2,2,0],201,90].
[[2,8,0,1,2,1,2,2,2],290,253].
[[2,8,0,1,2,1,2,2,0],214,151].
[[3,8,0,0,0,0,1,2,2],67,78].
[[3,7,0,1,2,1,2,2,2],61,39].
[[2,8,1,1,2,0,2,2,2],156,53].
[[3,7,1,1,2,0,2,2,2],140,23].
[[3,8,1,1,1,0,2,2,2],28,25].
[[2,9,2,1,2,1,2,3,2],131,177].
[[3,9,2,1,1,1,1,2,2],47,100].
[[1,9,2,1,2,1,2,3,1],175,117].
[[2,8,0,1,2,1,2,3,1],88,72].
[[3,7,1,1,2,1,2,3,1],231,39].
[[1,9,2,0,0,0,1,1,1],35,33].
[[2,8,0,1,2,1,1,1,1],6,8].
[[3,8,0,1,2,1,1,1,1],26,26].
[[2,9,2,1,1,1,2,3,0],105,72].
[[3,8,0,1,1,1,1,1,0],40,57].
[[3,8,1,1,2,1,2,1,0],25,15].
[[2,7,2,1,2,1,0,0,0],95,12].
[[3,7,2,1,2,1,2,1,0],16,2].
[[2,7,2,0,0,0,2,3,1],19,1].
[[3,7,2,0,0,0,2,3,1],15,4].
[[2,8,0,1,2,0,2,3,1],19,14].
[[3,8,0,1,2,0,2,2,1],14,11].
[[1,9,2,1,2,1,1,1,1],13,6].
[[2,9,2,1,2,1,1,1,1],31,28].
[[3,9,2,1,2,1,1,1,1],25,38].
[[2,9,2,1,2,0,1,1,2],21,28].
[[3,9,2,1,2,0,1,1,2],20,45].
[[1,9,2,0,0,0,2,3,1],371,299].
[[2,8,1,0,0,0,2,1,1],183,40].
[[3,8,1,1,2,1,2,1,1],134,41].
[[3,7,2,1,2,1,2,2,2],222,9].
[[1,8,1,1,2,1,2,2,1],81,13].
[[2,7,1,1,2,1,2,2,1],37,4].
[[3,7,1,1,2,1,2,2,1],108,18].
[[3,6,0,1,2,1,0,0,0],9,24].
[[1,8,1,0,0,0,2,1,0],222,32].
[[2,7,1,1,2,1,2,1,0],31,1].
[[3,7,1,1,2,1,1,2,0],135,7].
[[3,7,1,0,0,0,1,2,0],71,5].
[[2,8,1,1,2,1,2,2,0],193,45].
[[2,9,2,1,2,1,0,0,0],17,139].
[[3,8,1,1,2,1,2,2,0],74,24].
[[1,5,0,0,0,0,1,1,2],47,1].
[[2,8,0,0,0,0,2,1,0],101,71].
[[3,7,0,1,2,1,2,1,0],18,6].
[[1,9,2,0,0,0,2,2,0],895,721].
[[1,7,1,0,0,0,2,3,1],39,4].
[[2,7,1,0,0,0,2,3,1],89,25].
[[3,7,2,0,0,0,2,2,2],125,5].
[[1,8,1,1,1,1,2,2,2],32,9].
[[2,6,1,1,1,1,2,2,2],7,0].
[[3,3,1,1,1,1,2,2,2],6,0].
[[2,8,0,0,0,0,1,2,2],93,63].
[[3,5,0,1,2,1,1,1,2],213,5].
[[1,8,1,1,2,1,2,2,0],142,24].
[[2,8,1,1,1,1,2,2,0],51,6].
[[3,8,1,1,1,1,2,2,0],24,9].
[[2,6,1,1,2,1,2,2,0],20,0].
[[3,6,1,1,1,1,1,1,0],7,2].
[[3,9,2,1,2,1,1,1,0],94,239].
[[2,8,1,0,0,0,1,2,0],226,36].
[[3,8,1,0,0,0,1,2,0],219,30].
[[2,9,2,1,2,1,2,3,1],116,127].
[[1,9,2,0,0,0,1,2,1],152,106].
[[2,8,0,1,2,1,1,2,1],48,22].
[[3,6,0,1,2,1,1,2,1],4,2].
[[1,8,0,0,0,0,2,2,2],304,204].
[[2,8,0,0,0,0,1,2,1],30,26].
[[3,8,0,1,2,0,1,2,1],26,33].
[[1,8,1,1,2,1,2,3,0],208,25].
[[2,7,1,1,2,1,2,3,0],87,13].
[[2,8,1,1,2,1,2,3,1],367,52].
[[1,9,2,0,0,0,1,2,0],454,373].
[[2,9,2,0,0,0,1,1,0],112,162].
[[3,8,0,0,0,0,1,1,0],41,46].
[[1,9,2,0,0,0,1,1,0],137,154].
[[2,8,0,1,2,1,1,1,0],45,46].
[[3,8,0,1,2,1,2,3,2],113,125].
[[3,8,1,1,2,0,2,2,2],191,49].
[[1,7,2,1,2,1,2,2,2],28,2].
[[2,7,2,1,2,1,1,1,2],13,4].
[[3,7,2,1,2,1,1,1,2],53,12].
[[2,9,2,1,1,1,2,2,2],101,93].
[[3,9,2,1,1,1,2,2,2],29,60].
[[2,9,2,1,2,1,1,1,0],110,181].
[[3,7,1,0,0,0,2,1,0],42,4].
[[1,9,2,1,1,1,2,2,2],67,36].
[[2,4,1,1,2,0,2,2,2],22,0].
[[3,4,1,1,2,0,1,2,0],111,4].
[[2,6,1,0,0,0,2,2,2],63,4].
[[3,6,1,0,0,0,2,2,2],44,4].
[[1,9,2,0,0,0,1,1,2],170,129].
[[1,7,1,0,0,0,0,0,0],311,61].
[[3,7,1,0,0,0,2,3,1],104,17].
[[3,9,2,0,0,0,1,1,0],36,89].
[[3,8,1,1,1,1,2,2,2],156,42].
[[3,8,0,1,1,1,1,2,0],122,104].
[[1,9,2,0,0,0,2,2,1],174,119].
[[2,9,2,0,0,0,2,2,1],62,52].
[[3,9,2,1,2,0,2,2,1],6,3].
[[3,8,0,1,1,1,1,2,1],34,28].
[[2,8,0,1,2,1,2,3,2],133,103].
[[3,6,0,1,2,0,2,3,2],5,1].
[[3,7,0,1,2,1,2,3,2],25,12].
[[1,9,2,1,2,0,1,2,0],23,12].
[[2,8,0,1,2,0,1,2,0],12,11].
[[3,8,0,1,2,0,1,1,0],36,35].
[[3,7,1,0,0,0,2,2,0],70,15].
[[1,7,2,0,0,0,2,2,2],135,8].
[[2,7,2,1,2,0,2,2,2],39,8].
[[3,7,2,1,2,0,2,2,2],112,13].
[[1,8,1,1,2,0,2,3,0],27,9].
[[2,7,1,1,2,0,2,3,0],18,6].
[[3,6,0,1,2,1,2,3,2],12,10].
[[3,8,1,1,2,0,1,2,1],134,44].
[[1,8,1,1,2,0,1,1,2],2,5].
[[2,7,2,1,1,0,1,1,2],0,1].
[[3,7,1,1,1,0,1,1,2],4,4].
[[3,7,2,1,2,1,2,3,1],33,2].
[[3,8,1,1,2,0,1,1,1],29,20].
[[2,8,1,1,2,1,2,3,0],305,58].
[[3,8,1,1,2,1,1,2,0],449,78].
[[2,9,2,1,2,0,1,2,2],33,45].
[[3,9,2,1,1,0,1,2,2],3,19].
[[3,8,1,1,1,1,1,1,2],51,21].
[[3,9,2,1,2,0,1,2,1],36,47].
[[2,8,0,1,2,0,1,2,2],11,17].
[[3,7,0,1,2,0,1,2,2],6,2].
[[3,7,2,0,0,0,2,3,2],48,2].
[[2,9,2,1,2,0,0,0,0],3,35].
[[3,8,0,1,2,0,0,0,0],0,24].
[[1,9,2,1,2,0,2,2,2],48,62].
[[2,9,2,1,1,0,1,2,1],1,9].
[[3,9,2,1,1,0,1,2,1],1,21].
[[2,9,2,0,0,0,2,3,2],131,180].
[[3,9,2,0,0,0,2,3,2],6,18].
[[3,9,2,1,2,1,2,2,0],31,129].
[[2,6,1,1,2,1,0,0,0],67,8].
[[3,6,1,1,1,1,2,1,0],10,0].
[[2,7,2,0,0,0,2,2,2],180,8].
[[2,5,0,0,0,0,1,2,2],9,1].
[[3,5,0,1,2,1,1,2,2],26,0].
[[2,8,0,1,1,1,0,0,0],28,30].
[[3,8,0,1,1,1,0,0,0],0,43].
[[2,9,2,0,0,0,2,3,1],136,128].
[[3,5,0,1,2,1,1,2,1],33,4].
[[3,5,0,1,2,1,1,1,0],63,16].
[[3,6,1,1,2,1,2,1,1],23,0].
[[1,9,2,1,2,1,1,2,1],82,49].
[[2,9,2,1,1,1,1,2,1],34,25].
[[3,9,2,1,1,1,1,2,1],50,80].
[[2,9,2,1,2,1,1,1,2],121,128].
[[2,7,0,1,2,1,0,0,0],38,17].
[[3,8,1,1,2,1,2,3,0],114,47].
[[3,8,1,1,1,0,1,2,2],16,18].
[[2,9,2,1,2,0,2,2,2],59,122].
[[2,7,1,1,2,0,0,0,0],40,27].
[[3,7,1,1,2,0,2,1,0],18,9].
[[2,8,0,0,0,0,2,1,1],22,18].
[[1,8,0,1,2,1,2,2,0],75,42].
[[3,6,0,1,2,1,2,2,2],24,18].
[[2,8,0,1,2,0,2,2,1],10,5].
[[3,7,0,1,2,1,2,2,1],20,4].
[[1,7,2,1,2,1,1,2,1],3,0].
[[2,7,2,1,2,1,1,2,1],12,2].
[[3,7,2,1,1,1,1,2,1],8,1].
[[2,8,0,0,0,0,2,2,0],258,169].
[[3,8,1,1,2,0,1,2,0],186,27].
[[1,9,2,1,2,0,2,3,0],55,54].
[[2,9,2,1,2,0,2,2,0],34,61].
[[3,9,2,1,2,0,1,2,0],124,170].
[[3,3,1,0,0,0,2,3,1],11,1].
[[3,8,0,1,1,1,2,2,2],95,103].
[[3,8,0,1,2,1,2,1,0],38,84].
[[1,8,1,0,0,0,2,2,1],225,61].
[[1,8,1,1,2,0,2,3,2],32,9].
[[3,8,1,1,2,0,2,3,2],71,18].
[[3,8,0,1,2,1,1,2,1],122,91].
[[3,8,1,1,1,1,2,3,1],89,22].
[[2,6,1,0,0,0,2,3,2],43,2].
[[3,6,1,0,0,0,2,3,2],29,0].
[[3,7,1,0,0,0,2,2,2],219,37].
[[3,7,0,1,2,1,2,3,1],19,6].
[[3,6,0,1,2,1,2,2,0],20,13].
[[1,8,1,1,2,0,2,1,1],12,3].
[[2,8,1,1,2,0,2,1,1],40,15].
[[3,8,1,1,2,0,2,1,1],61,14].
[[2,8,0,1,2,1,1,2,2],93,54].
[[3,8,0,1,2,1,1,2,2],193,153].
[[3,9,2,0,0,0,2,3,1],10,19].
[[3,8,0,1,2,1,2,2,0],161,217].
[[2,8,0,1,2,1,2,2,1],56,32].
[[3,8,0,1,1,1,1,1,1],9,12].
[[2,7,1,0,0,0,2,2,2],186,29].
[[2,9,2,0,0,0,1,1,2],105,101].
[[3,9,2,0,0,0,1,1,2],30,73].
[[2,7,2,1,2,1,2,2,2],120,6].
[[3,7,2,1,1,1,1,2,2],23,7].
[[3,7,0,1,2,1,0,0,0],29,55].
[[2,6,1,0,0,0,2,2,1],14,0].
[[3,6,1,1,2,1,1,2,1],31,2].
[[3,9,2,0,0,0,1,2,2],55,89].
[[2,9,2,0,0,0,2,2,0],189,280].
[[2,9,2,1,2,1,2,2,0],196,259].
[[1,7,2,0,0,0,2,3,0],17,2].
[[2,7,2,0,0,0,2,3,2],97,6].
[[3,7,2,1,2,1,1,2,0],40,3].
[[2,8,1,0,0,0,1,1,0],75,32].
[[3,8,1,1,2,0,1,1,0],47,28].
[[3,8,0,0,0,0,2,2,2],141,143].
[[2,8,1,0,0,0,1,2,2],204,41].
[[3,6,1,0,0,0,1,2,2],18,0].
[[2,9,2,1,2,0,1,2,0],88,103].
[[3,8,0,1,2,0,1,2,0],88,74].
[[1,9,2,1,2,1,1,1,2],88,54].
[[2,8,0,1,2,0,2,3,0],40,40].
[[3,7,1,1,1,0,2,3,1],2,5].
[[1,8,0,0,0,0,2,2,1],42,24].
[[3,7,0,1,2,1,2,3,0],69,37].
[[3,8,0,1,1,1,2,3,2],34,30].
[[3,7,1,1,2,0,2,2,0],40,10].
[[1,8,1,0,0,0,1,2,2],130,31].
[[2,8,1,1,2,1,1,2,2],159,30].
[[2,8,1,1,2,0,2,3,0],89,25].
[[2,8,0,0,0,0,2,2,1],50,39].
[[1,8,1,1,2,1,2,3,1],196,26].
[[3,9,2,0,0,0,2,2,2],35,85].
[[3,8,0,0,0,0,2,3,2],47,49].
[[3,8,1,0,0,0,2,2,2],222,41].
[[3,7,0,1,2,1,1,2,0],40,4].
[[2,8,0,1,2,0,2,2,0],34,22].
[[3,7,1,1,2,0,2,3,1],72,20].
[[3,9,2,0,0,0,1,2,1],38,64].
[[3,8,0,1,2,0,2,3,0],60,98].
[[3,7,1,1,2,1,2,1,1],134,21].
[[2,8,1,1,1,1,2,3,0],60,11].
[[3,8,1,1,1,1,1,2,0],166,39].
[[1,6,0,0,0,0,2,2,2],6,1].
[[2,6,0,1,2,1,1,2,2],1,2].
[[3,6,0,1,1,1,1,2,2],2,1].
[[1,8,1,0,0,0,1,1,2],63,18].
[[3,8,1,1,2,0,2,3,0],28,18].
[[3,8,1,0,0,0,1,2,2],129,32].
[[2,8,1,0,0,0,1,2,1],229,44].
[[1,9,2,1,1,1,0,0,0],41,41].
[[3,8,0,1,1,1,2,1,0],12,34].
[[3,8,0,1,2,0,1,2,2],37,53].
[[2,5,0,1,2,0,1,1,0],2,4].
[[3,5,0,1,1,0,1,1,0],2,8].
[[1,8,0,1,2,1,2,3,0],106,58].
[[2,8,1,0,0,0,2,2,1],152,43].
[[3,5,0,0,0,0,1,1,1],29,0].
[[1,9,2,1,2,0,1,2,2],13,13].
[[2,8,1,1,2,0,1,2,2],48,20].
[[3,4,0,1,2,0,1,2,1],0,1].
[[3,7,0,1,2,1,1,2,2],22,9].
[[2,6,1,0,0,0,1,2,2],11,0].
[[3,6,1,1,2,1,1,2,2],29,0].
[[3,7,2,1,2,1,0,0,0],50,6].
[[1,6,1,0,0,0,2,1,0],9,0].
[[2,6,1,0,0,0,2,3,0],56,1].
[[3,6,1,0,0,0,1,2,0],20,0].
[[1,8,0,1,2,1,2,2,2],96,64].
[[2,6,1,1,2,1,2,3,1],21,1].
[[3,6,1,1,2,1,2,3,1],52,1].
[[1,8,1,1,2,0,2,2,1],15,4].
[[2,8,1,1,2,0,1,2,1],59,21].
[[3,8,1,1,1,0,1,2,1],20,19].
[[3,7,0,1,2,0,1,2,0],9,1].
[[1,8,0,1,2,1,2,3,2],60,25].
[[2,8,0,1,2,1,2,1,0],93,73].
[[3,6,0,1,2,1,2,1,0],14,6].
[[1,8,1,1,1,1,0,0,0],52,5].
[[1,8,1,1,2,0,2,1,0],9,4].
[[2,8,1,1,2,0,2,1,0],36,18].
[[3,7,1,1,1,1,2,2,0],47,7].
[[1,9,2,1,2,1,2,2,1],81,48].
[[2,9,2,1,2,1,2,2,1],56,43].
[[3,7,1,0,0,0,1,2,2],61,9].
[[1,8,1,0,0,0,2,1,1],254,55].
[[3,6,0,1,2,1,2,3,0],34,17].
[[3,9,2,0,0,0,2,3,0],11,108].
[[3,7,0,1,1,1,2,3,2],3,2].
[[3,7,2,1,2,0,0,0,0],14,2].
[[2,8,1,1,2,0,2,2,0],64,19].
[[3,8,1,1,2,0,2,2,0],18,10].
[[2,7,1,1,2,1,2,2,2],118,19].
[[3,7,1,1,1,1,2,2,2],98,20].
[[3,7,1,0,0,0,1,1,2],31,9].
[[2,9,2,0,0,0,1,1,1],29,41].
[[2,6,1,0,0,0,2,2,0],37,0].
[[3,2,1,0,0,0,2,2,0],1,0].
[[3,8,0,0,0,0,2,1,0],18,41].
[[1,8,0,0,0,0,1,1,2],18,11].
[[2,6,0,0,0,0,1,1,2],1,0].
[[3,6,0,1,2,1,1,1,2],4,3].
[[3,7,1,1,2,0,1,2,2],37,5].
[[1,6,1,1,2,1,0,0,0],41,2].
[[2,6,1,1,1,1,2,3,0],3,0].
[[3,6,1,1,1,1,1,2,0],12,1].
[[2,9,2,1,1,1,2,1,1],17,12].
[[3,8,0,1,1,1,2,1,1],8,12].
[[2,5,0,1,2,0,1,1,2],19,6].
[[3,5,0,1,2,0,1,1,2],59,3].
[[2,8,1,1,2,1,1,2,0],186,39].
[[3,7,1,1,1,1,1,2,0],33,3].
[[3,9,2,1,2,1,2,3,2],15,45].
[[2,8,1,0,0,0,1,1,1],63,39].
[[3,7,1,1,2,1,1,1,1],40,20].
[[3,8,0,0,0,0,2,3,1],40,37].
[[3,5,0,1,2,1,1,2,0],85,4].
[[2,6,1,0,0,0,1,2,0],9,2].
[[3,8,0,1,2,0,2,2,2],57,72].
[[1,9,2,1,1,1,1,2,0],28,11].
[[2,4,1,1,2,0,1,1,0],6,0].
[[3,4,1,1,2,0,1,1,0],46,3].
[[3,7,1,1,2,1,2,2,0],128,28].
[[3,5,0,0,0,0,1,2,0],37,1].
[[2,9,2,1,1,1,2,1,0],12,25].
[[3,8,1,1,1,1,2,1,1],43,14].
[[2,7,1,0,0,0,2,2,0],82,10].
[[2,8,0,1,1,1,2,2,2],47,22].
[[2,9,2,1,2,1,2,1,0],61,112].
[[3,7,1,0,0,0,2,1,1],55,6].
[[3,8,1,1,1,0,1,1,2],5,8].
[[1,9,2,1,2,1,2,1,1],45,24].
[[2,9,2,1,2,1,2,1,1],43,30].
[[3,7,1,1,2,1,1,1,2],53,15].
[[2,8,0,1,2,1,1,1,2],28,31].
[[3,7,0,1,2,1,1,1,2],7,3].
[[3,8,1,1,2,1,2,2,1],112,29].
[[2,8,0,0,0,0,1,1,0],40,34].
[[3,5,0,1,2,0,1,1,0],25,6].
[[2,7,0,0,0,0,2,3,0],15,4].
[[3,7,0,0,0,0,2,2,2],31,25].
[[3,7,1,0,0,0,1,2,1],66,10].
[[2,8,1,1,2,1,1,2,1],172,39].
[[3,5,0,1,1,1,1,1,1],21,4].
[[3,8,1,1,2,0,1,1,2],56,19].
[[2,8,0,1,1,1,2,3,2],23,11].
[[3,4,1,1,2,0,2,3,2],36,1].
[[3,7,2,0,0,0,1,2,2],65,6].
[[2,7,1,1,2,1,2,3,1],89,11].
[[3,7,2,1,1,1,2,3,1],9,1].
[[2,8,1,1,2,1,0,0,0],120,48].
[[3,8,1,1,1,1,2,3,0],39,12].
[[1,8,1,1,2,1,2,1,0],66,11].
[[3,4,1,1,2,0,1,1,2],43,0].
[[2,9,2,1,2,0,2,1,0],12,28].
[[3,9,2,1,2,0,2,3,0],5,90].
[[2,5,0,1,2,1,1,2,2],6,0].
[[3,8,1,1,2,1,1,1,1],87,54].
[[2,8,1,1,1,0,2,3,2],5,3].
[[3,6,1,1,1,0,2,3,2],3,1].
[[2,5,0,1,2,1,1,1,1],19,1].
[[3,5,0,1,2,1,1,1,1],73,2].
[[1,8,0,0,0,0,1,2,0],29,17].
[[2,6,1,1,2,1,1,2,2],7,0].
[[1,8,0,1,2,1,2,1,0],29,11].
[[1,7,1,1,2,1,2,2,2],15,5].
[[3,7,2,1,1,0,2,2,1],3,1].
[[1,9,2,1,1,1,1,2,2],27,4].
[[2,8,1,1,1,1,1,2,2],42,5].
[[3,4,1,1,2,0,1,2,2],77,5].
[[3,8,0,0,0,0,1,2,1],46,31].
[[1,8,0,0,0,0,2,3,1],66,44].
[[1,8,0,0,0,0,2,1,1],18,9].
[[2,6,0,1,2,1,2,2,2],11,6].
[[1,9,2,1,1,1,1,1,2],11,6].
[[2,8,0,1,1,1,1,1,2],3,5].
[[3,8,0,1,1,1,1,1,2],10,31].
[[1,9,2,1,1,1,2,2,0],54,26].
[[2,8,0,1,1,1,2,2,0],27,25].
[[3,4,1,1,2,0,2,2,1],21,0].
[[3,9,2,1,2,0,2,1,0],2,19].
[[3,6,1,1,2,0,2,2,1],4,0].
[[1,8,1,0,0,0,1,1,0],40,17].
[[3,7,1,1,2,1,1,1,0],55,12].
[[3,8,0,1,2,0,1,1,1],6,5].
[[3,3,1,0,0,0,2,2,1],6,0].
[[3,5,0,0,0,0,2,2,0],24,0].
[[2,8,1,1,1,1,0,0,0],19,8].
[[1,8,1,1,2,0,2,3,1],29,12].
[[3,8,1,0,0,0,2,1,0],16,14].
[[2,6,1,1,2,1,2,2,2],41,0].
[[3,6,1,1,2,1,2,2,2],75,3].
[[2,9,2,1,1,1,1,1,0],39,51].
[[3,9,2,1,1,1,1,1,0],30,98].
[[2,6,0,0,0,0,0,0,0],39,42].
[[3,6,0,1,2,0,2,3,0],8,5].
[[1,8,1,1,2,0,1,2,0],3,1].
[[2,8,1,1,2,0,1,2,0],59,15].
[[3,9,2,0,0,0,1,1,1],10,16].
[[2,7,2,1,2,0,2,3,2],34,5].
[[3,7,2,1,2,1,1,2,2],93,16].
[[2,6,0,1,2,1,2,2,1],2,0].
[[3,6,0,1,2,1,2,2,1],3,1].
[[2,9,2,1,1,0,2,2,2],4,5].
[[3,8,0,1,1,0,2,2,2],7,14].
[[2,8,0,1,1,1,2,3,0],46,26].
[[3,7,0,1,1,1,2,3,0],13,8].
[[3,8,1,1,2,0,2,2,1],39,14].
[[3,6,1,1,2,1,0,0,0],15,3].
[[2,8,1,1,2,1,2,1,1],161,27].
[[2,8,0,1,2,0,2,2,2],45,52].
[[3,7,1,1,2,0,2,3,2],53,10].
[[1,9,2,1,2,1,1,1,0],57,71].
[[3,8,1,1,1,1,1,1,0],41,31].
[[1,6,1,0,0,0,2,3,1],18,0].
[[2,3,2,0,0,0,1,2,2],5,0].
[[3,3,2,0,0,0,1,1,2],4,0].
[[2,7,2,0,0,0,1,2,2],61,9].
[[2,7,1,1,1,1,2,2,2],20,5].
[[3,7,1,1,1,1,1,2,1],30,4].
[[2,8,1,1,2,0,2,3,1],97,36].
[[3,8,1,1,1,0,2,3,1],10,20].
[[1,9,2,1,1,1,2,3,0],89,29].
[[3,6,1,1,1,1,2,3,0],10,0].
[[2,7,1,1,2,0,2,2,0],10,4].
[[3,4,1,1,2,0,2,1,0],11,0].
[[3,4,1,1,2,0,1,2,1],44,1].
[[2,8,1,1,2,0,2,2,1],40,11].
[[3,7,1,1,2,0,2,2,1],36,5].
[[3,7,0,1,2,0,2,3,0],11,7].
[[1,6,1,0,0,0,2,2,2],31,2].
[[3,6,1,1,2,0,1,2,1],11,1].
[[3,9,2,1,1,1,2,3,1],9,18].
[[2,9,2,1,1,1,1,1,2],32,24].
[[3,9,2,1,1,1,1,1,2],36,69].
[[3,9,2,1,2,1,2,3,1],19,44].
[[2,7,2,0,0,0,1,2,0],11,1].
[[3,7,2,1,2,0,1,2,0],16,3].
[[1,8,1,1,2,1,1,2,0],36,9].
[[3,7,2,1,2,1,1,2,1],37,2].
[[3,6,1,0,0,0,2,2,1],8,0].
[[2,9,2,1,2,0,2,3,0],67,108].
[[3,7,2,1,2,0,1,1,2],11,7].
[[1,8,1,1,2,1,2,1,1],97,13].
[[2,8,1,1,1,1,2,1,1],41,7].
[[3,6,1,1,1,1,2,1,1],6,1].
[[3,8,1,1,1,1,1,2,1],109,27].
[[2,7,2,1,2,1,2,3,2],63,6].
[[3,7,2,1,2,1,2,3,2],117,12].
[[3,6,1,0,0,0,2,3,1],34,1].
[[3,3,1,1,1,1,2,3,0],2,0].
[[3,8,0,0,0,0,2,1,1],10,15].
[[1,7,2,1,2,1,2,1,0],3,0].
[[2,7,2,1,2,1,2,1,0],8,0].
[[1,7,1,0,0,0,2,3,2],31,1].
[[1,8,1,1,1,1,1,2,1],2,2].
[[3,7,1,1,1,1,1,2,2],29,6].
[[2,7,2,0,0,0,0,0,0],113,6].
[[1,8,0,1,2,1,1,1,2],8,4].
[[3,8,0,1,2,1,1,1,2],75,97].
[[1,8,1,1,2,1,2,3,2],166,34].
[[3,7,1,1,2,1,1,2,1],135,15].
[[1,8,0,0,0,0,1,2,2],33,21].
[[2,7,2,1,1,1,2,2,2],15,1].
[[3,7,2,1,1,1,1,1,2],9,4].
[[3,3,2,1,2,0,2,2,2],20,0].
[[3,8,0,1,2,0,2,3,1],44,33].
[[3,8,1,1,2,0,2,3,1],82,33].
[[3,3,2,0,0,0,0,0,0],18,0].
[[3,3,1,1,2,1,2,3,1],20,2].
[[1,8,1,0,0,0,1,2,1],135,48].
[[2,7,1,0,0,0,2,1,0],48,2].
[[2,3,2,1,2,1,2,2,2],8,0].
[[3,3,2,1,2,1,2,2,2],39,0].
[[1,6,0,0,0,0,0,0,0],44,22].
[[3,6,0,1,2,0,2,2,1],1,2].
[[3,7,2,0,0,0,2,1,0],7,0].
[[3,3,2,1,2,1,0,0,0],23,0].
[[3,6,0,1,2,0,0,0,0],0,8].
[[2,9,2,1,2,0,1,1,1],8,6].
[[3,9,2,1,2,0,1,1,1],3,17].
[[1,8,1,1,2,0,0,0,0],76,36].
[[3,6,0,1,2,1,2,3,1],12,5].
[[3,7,1,1,2,0,1,1,2],13,6].
[[3,6,1,0,0,0,2,3,0],32,2].
[[3,6,1,1,2,1,1,1,0],9,1].
[[3,6,1,1,2,0,1,2,2],9,2].
[[3,8,0,0,0,0,0,0,0],0,46].
[[2,9,2,1,2,0,1,1,0],30,44].
[[1,9,2,1,2,0,2,1,0],14,25].
[[2,9,2,1,1,1,1,2,2],57,42].
[[1,9,2,1,2,0,0,0,0],19,50].
[[2,8,1,1,1,0,2,1,0],4,2].
[[3,7,1,1,1,0,2,1,0],1,4].
[[3,9,2,0,0,0,2,2,0],14,64].
[[3,7,1,1,2,1,2,1,0],74,16].
[[2,7,2,0,0,0,1,2,1],11,3].
[[3,7,2,1,2,1,1,1,1],14,6].
[[2,8,0,1,1,1,2,1,0],19,11].
[[2,9,2,0,0,0,0,0,0],10,140].
[[2,8,1,1,2,0,0,0,0],23,18].
[[2,6,0,0,0,0,1,2,0],3,1].
[[3,6,0,1,2,1,1,1,0],1,2].
[[1,7,2,0,0,0,2,3,2],73,6].
[[3,6,1,1,1,1,2,2,2],24,1].
[[2,5,0,1,1,0,1,2,0],2,0].
[[3,5,0,1,1,0,1,2,0],4,2].
[[3,8,1,0,0,0,2,3,0],43,15].
[[2,6,0,1,2,1,2,1,0],4,2].
[[3,7,0,1,1,1,2,2,2],12,8].
[[3,8,1,1,1,1,1,2,2],116,29].
[[1,6,1,0,0,0,2,2,0],21,1].
[[2,6,1,1,2,1,1,1,0],4,1].
[[3,5,0,1,1,1,1,1,0],27,11].
[[1,6,1,0,0,0,2,1,1],11,0].
[[2,6,1,0,0,0,2,1,1],22,0].
[[3,6,1,0,0,0,2,1,1],12,0].
[[3,7,2,0,0,0,0,0,0],18,1].
[[2,8,1,1,1,1,1,1,1],9,10].
[[3,8,1,1,1,1,1,1,1],29,20].
[[3,6,1,1,2,1,2,2,0],31,1].
[[2,7,1,1,2,1,2,3,2],65,7].
[[3,3,1,1,2,1,2,3,2],24,0].
[[3,6,0,1,1,1,2,2,2],9,2].
[[2,8,1,1,1,1,2,3,1],62,9].
[[3,8,0,1,2,1,2,2,1],50,39].
[[2,7,1,1,2,1,2,2,0],68,7].
[[2,9,2,1,1,1,2,3,2],32,39].
[[3,7,2,1,2,1,2,3,0],62,4].
[[3,6,0,0,0,0,2,2,0],19,7].
[[2,8,1,1,2,0,1,1,2],20,7].
[[1,7,1,0,0,0,2,2,1],23,1].
[[3,7,1,0,0,0,1,1,1],12,10].
[[2,8,1,1,2,1,1,1,1],45,26].
[[3,7,0,0,0,0,2,3,0],29,13].
[[3,9,2,1,1,0,2,3,0],0,21].
[[3,8,1,0,0,0,1,1,1],41,31].
[[1,7,1,0,0,0,2,1,0],4,0].
[[2,8,0,0,0,0,1,1,2],51,33].
[[3,6,0,0,0,0,1,1,2],3,2].
[[3,6,0,0,0,0,2,2,2],20,15].
[[3,6,1,0,0,0,1,1,2],5,0].
[[2,7,2,1,2,1,2,3,1],16,1].
[[3,8,0,1,2,1,0,0,0],0,111].
[[3,3,1,1,1,1,0,0,0],10,0].
[[2,9,2,1,2,0,2,3,1],32,31].
[[1,9,2,1,2,0,1,1,2],3,8].
[[2,8,0,1,2,0,1,1,2],6,9].
[[3,6,0,1,2,0,1,1,2],0,2].
[[2,6,0,0,0,0,2,2,0],7,8].
[[3,6,0,0,0,0,1,2,0],11,5].
[[2,7,1,1,1,1,2,3,1],8,0].
[[2,6,1,1,2,1,2,1,1],11,0].
[[3,7,2,0,0,0,2,3,0],25,1].
[[1,9,2,1,2,0,2,3,1],14,17].
[[1,7,1,0,0,0,2,1,1],12,5].
[[2,7,1,1,2,0,2,1,1],3,2].
[[3,7,0,0,0,0,2,3,2],19,5].
[[2,7,0,1,2,1,2,2,2],11,4].
[[3,3,1,1,2,1,2,3,0],27,1].
[[2,7,2,1,2,1,1,2,0],10,4].
[[1,8,1,1,1,1,2,1,1],8,0].
[[2,9,2,1,1,1,2,3,1],32,21].
[[3,8,0,1,1,1,2,3,1],28,39].
[[2,3,1,0,0,0,2,2,2],7,1].
[[3,3,1,1,2,1,2,2,2],35,0].
[[3,7,2,1,1,1,2,2,2],42,3].
[[2,9,2,1,1,1,1,1,1],8,7].
[[3,9,2,1,1,1,1,1,1],9,15].
[[3,3,1,0,0,0,0,0,0],28,2].
[[1,6,1,1,2,1,2,3,0],7,1].
[[2,6,1,1,2,1,2,3,0],33,2].
[[2,7,2,1,2,1,2,3,0],27,2].
[[2,5,0,1,2,0,1,1,1],3,1].
[[3,5,0,1,2,0,1,1,1],18,1].
[[3,8,0,1,1,0,1,1,2],2,1].
[[3,7,1,1,1,0,2,2,2],10,9].
[[1,9,2,1,2,1,2,1,0],128,155].
[[3,4,1,1,2,0,2,3,0],50,3].
[[2,6,1,1,1,1,2,2,0],3,0].
[[3,6,1,1,1,1,2,2,0],7,0].
[[3,8,0,0,0,0,1,1,2],33,43].
[[2,8,1,1,2,0,1,1,1],18,13].
[[3,7,1,1,2,0,0,0,0],18,17].
[[2,7,1,0,0,0,2,2,1],47,10].
[[2,8,1,1,1,1,2,1,0],27,9].
[[3,8,0,1,2,0,1,1,2],13,25].
[[3,7,2,1,2,1,2,2,0],28,3].
[[3,6,1,1,2,0,2,3,2],9,2].
[[2,7,1,0,0,0,1,2,1],35,6].
[[3,7,1,1,2,0,1,1,1],14,7].
[[2,8,1,1,2,0,1,1,0],12,14].
[[3,8,1,1,1,0,1,2,0],27,19].
[[3,7,0,0,0,0,1,2,1],2,3].
[[3,7,2,1,2,0,2,3,2],43,4].
[[2,7,1,1,2,1,1,1,1],10,5].
[[3,5,0,1,2,0,2,2,0],14,0].
[[2,4,1,1,2,0,2,3,0],25,0].
[[1,8,0,1,2,1,2,1,1],7,3].
[[2,7,1,1,2,1,1,1,2],8,1].
[[3,3,1,1,1,1,2,3,2],2,0].
[[3,8,0,1,2,0,2,1,0],11,26].
[[2,6,1,1,2,1,2,3,2],27,0].
[[2,6,1,0,0,0,2,3,1],41,1].
[[3,7,1,1,1,1,2,1,1],29,7].
[[3,3,2,0,0,0,2,3,1],4,0].
[[3,7,1,1,2,0,1,2,1],40,9].
[[3,6,1,1,2,1,1,1,2],10,1].
[[1,7,2,1,2,1,0,0,0],39,3].
[[2,8,1,1,1,1,1,1,2],15,6].
[[1,7,1,0,0,0,2,3,0],22,2].
[[2,8,0,1,2,1,2,1,1],23,11].
[[3,7,0,1,2,1,2,1,1],6,3].
[[3,7,0,1,1,1,1,2,2],6,3].
[[1,9,2,1,1,1,2,3,1],23,14].
[[3,4,1,1,2,0,2,3,1],31,1].
[[3,7,1,1,1,0,2,3,2],7,4].
[[3,7,2,1,2,0,2,1,0],8,1].
[[2,3,2,0,0,0,0,0,0],27,0].
[[3,3,2,1,2,0,2,2,0],2,0].
[[3,5,0,1,1,1,1,1,2],62,1].
[[2,8,0,1,1,1,2,3,1],14,7].
[[3,7,0,1,1,1,2,3,1],8,1].
[[3,7,1,1,1,0,1,2,1],6,3].
[[2,5,0,0,0,0,1,1,1],17,0].
[[2,7,2,0,0,0,2,3,0],32,1].
[[3,7,2,0,0,0,1,2,0],18,0].
[[2,5,0,0,0,0,1,1,0],14,0].
[[3,9,2,1,1,0,1,1,0],2,16].
[[2,5,0,1,2,1,2,2,0],41,3].
[[3,5,0,1,1,1,1,2,0],37,4].
[[2,7,2,0,0,0,1,1,2],16,4].
[[3,7,2,0,0,0,1,1,2],26,7].
[[3,7,0,0,0,0,1,2,2],6,2].
[[1,8,1,1,2,0,2,2,2],36,13].
[[3,8,0,0,0,0,2,2,1],26,20].
[[3,9,2,1,2,1,2,2,1],8,23].
[[1,5,0,1,2,1,2,2,0],9,0].
[[2,5,0,1,1,1,2,2,0],5,0].
[[2,7,0,0,0,0,2,2,0],7,1].
[[3,7,0,0,0,0,1,2,0],16,2].
[[2,9,2,1,2,0,2,2,1],11,15].
[[3,3,2,1,1,1,2,2,2],4,0].
[[2,6,1,1,2,1,1,2,0],7,0].
[[3,2,1,1,2,1,1,2,0],1,0].
[[2,4,1,1,2,0,1,2,0],14,0].
[[3,7,1,1,1,1,1,1,0],14,4].
[[3,7,1,1,1,1,0,0,0],22,7].
[[1,8,0,1,2,1,1,2,0],7,11].
[[2,7,1,1,1,1,1,2,0],1,0].
[[3,7,0,1,1,1,0,0,0],10,16].
[[3,9,2,1,2,1,2,1,1],20,29].
[[3,7,1,0,0,0,0,0,0],37,26].
[[1,9,2,1,1,1,2,3,2],29,16].
[[3,7,0,1,2,0,2,2,0],8,6].
[[1,7,2,1,2,0,0,0,0],13,2].
[[2,3,2,1,2,0,0,0,0],7,0].
[[3,3,2,1,2,0,0,0,0],17,0].
[[3,7,1,0,0,0,2,2,1],45,6].
[[3,7,2,1,1,0,2,2,2],15,11].
[[3,9,2,1,2,0,2,2,0],7,54].
[[1,9,2,1,1,1,1,2,1],11,5].
[[1,7,1,1,2,1,2,3,2],4,0].
[[2,9,2,1,2,0,1,2,1],24,32].
[[3,7,2,1,1,1,2,3,2],27,2].
[[2,6,0,0,0,0,2,3,2],5,4].
[[3,8,1,0,0,0,2,2,1],52,17].
[[2,8,0,1,2,0,0,0,0],12,39].
[[2,5,0,1,2,1,1,1,2],85,3].
[[1,9,2,1,1,1,2,1,0],16,15].
[[1,8,1,1,2,1,1,1,2],17,5].
[[3,6,0,1,1,1,2,3,0],4,4].
[[2,6,1,1,2,0,1,1,2],1,1].
[[3,3,1,1,2,0,1,1,2],1,0].
[[3,7,1,1,1,1,2,3,2],44,11].
[[3,7,1,1,2,0,1,1,0],14,4].
[[3,7,1,1,1,1,2,3,1],46,13].
[[1,3,2,0,0,0,2,2,2],6,0].
[[2,3,2,0,0,0,2,2,2],15,0].
[[3,7,0,0,0,0,0,0,0],14,19].
[[3,8,1,1,2,0,2,1,0],6,4].
[[3,6,1,1,2,1,2,3,2],45,0].
[[3,6,0,0,0,0,2,3,1],6,4].
[[3,7,2,1,2,0,2,3,1],13,2].
[[3,6,1,1,2,0,0,0,0],3,3].
[[1,5,0,1,2,1,1,1,2],16,0].
[[2,6,1,1,2,0,2,2,2],8,0].
[[3,6,1,1,2,0,2,2,2],34,2].
[[1,7,2,1,2,0,2,2,2],7,3].
[[3,9,2,1,1,1,2,3,2],9,13].
[[3,9,2,1,2,0,1,2,2],46,88].
[[3,7,2,0,0,0,1,1,0],10,1].
[[3,7,0,1,2,0,0,0,0],6,12].
[[2,8,0,1,1,1,2,2,1],13,2].
[[3,8,0,1,1,1,2,2,1],12,13].
[[3,7,2,1,1,1,1,1,0],4,2].
[[3,7,1,0,0,0,1,1,0],21,3].
[[2,8,1,1,1,0,2,2,0],4,2].
[[3,6,1,1,1,0,2,2,0],3,1].
[[3,9,2,1,1,1,2,2,0],12,52].
[[3,7,1,1,2,0,2,3,0],44,18].
[[2,8,0,1,1,1,1,2,0],14,7].
[[3,3,1,1,2,1,2,2,1],11,0].
[[3,6,0,0,0,0,2,3,0],9,7].
[[1,5,0,0,0,0,1,2,0],4,0].
[[2,5,0,1,2,1,1,2,0],19,1].
[[3,5,0,1,1,1,2,2,0],21,1].
[[3,6,1,1,2,1,2,1,0],15,1].
[[1,6,1,1,2,1,2,2,0],2,0].
[[2,6,1,1,1,1,2,3,1],2,0].
[[1,7,2,0,0,0,1,1,1],2,0].
[[2,3,2,1,2,1,1,1,1],1,0].
[[3,3,2,1,2,1,1,1,1],1,0].
[[3,9,2,1,1,0,2,2,2],2,11].
[[2,7,1,1,2,1,2,1,1],55,7].
[[3,7,1,1,1,1,1,1,1],10,2].
[[3,3,1,0,0,0,1,2,0],6,0].
[[3,9,2,1,2,0,2,3,1],9,13].
[[3,6,0,1,2,1,1,2,2],9,3].
[[2,7,1,1,2,0,2,2,2],28,8].
[[2,7,1,1,1,1,2,1,1],7,0].
[[3,7,0,0,0,0,2,2,1],2,4].
[[1,8,0,0,0,0,1,1,0],11,11].
[[1,7,2,0,0,0,2,3,1],19,1].
[[3,7,0,1,2,0,2,3,2],8,8].
[[3,7,1,1,1,0,2,3,0],6,7].
[[3,3,1,1,2,1,2,2,0],16,1].
[[2,4,1,1,2,0,2,2,1],5,0].
[[2,7,2,0,0,0,1,1,1],5,1].
[[2,8,1,1,1,0,2,3,0],3,5].
[[3,9,2,1,2,0,2,1,1],5,7].
[[3,8,1,1,1,0,1,1,0],7,15].
[[3,9,2,1,1,1,2,1,1],5,7].
[[3,3,2,0,0,0,2,3,0],7,0].
[[1,8,1,1,1,1,2,2,1],11,1].
[[2,8,1,1,1,1,1,2,1],34,8].
[[3,5,0,1,1,0,1,2,1],1,3].
[[1,7,2,1,2,1,2,3,2],26,2].
[[1,8,0,1,2,1,1,1,0],6,5].
[[3,3,2,0,0,0,2,2,2],17,0].
[[3,7,0,1,2,0,1,1,2],2,1].
[[2,5,0,1,2,1,1,2,1],13,0].
[[3,7,2,1,2,1,1,1,0],20,5].
[[1,7,1,1,2,1,2,2,1],4,1].
[[2,7,1,1,1,1,2,2,1],10,3].
[[3,7,1,1,1,1,2,2,1],32,4].
[[3,8,0,1,1,0,2,3,1],6,2].
[[3,7,1,1,1,1,2,1,0],17,4].
[[3,7,0,0,0,0,2,3,1],11,3].
[[3,9,2,1,1,0,1,1,2],3,9].
[[2,3,1,1,2,1,2,3,2],8,0].
[[2,3,2,1,2,0,2,2,2],3,0].
[[2,6,1,1,2,0,2,3,1],5,0].
[[3,6,1,1,2,0,2,3,1],19,1].
[[1,7,2,0,0,0,1,2,2],24,6].
[[1,6,1,1,2,1,2,2,2],10,0].
[[3,7,2,1,1,0,1,2,1],3,2].
[[2,8,1,1,1,1,2,3,2],47,4].
[[1,6,1,0,0,0,2,3,2],25,0].
[[3,6,1,0,0,0,2,2,0],17,0].
[[1,6,0,0,0,0,2,3,1],1,0].
[[2,6,0,0,0,0,2,3,1],2,2].
[[2,6,1,1,2,1,1,2,1],8,1].
[[3,6,0,1,2,0,2,2,2],6,2].
[[1,8,1,1,2,0,1,2,1],6,4].
[[2,8,1,1,1,0,1,2,1],2,3].
[[2,6,0,1,2,1,2,3,0],9,1].
[[3,6,1,0,0,0,1,2,1],18,0].
[[1,8,1,1,1,1,2,3,0],18,4].
[[2,7,2,1,2,0,0,0,0],33,2].
[[2,7,1,1,2,1,1,2,0],19,2].
[[3,6,1,1,2,1,1,2,0],29,2].
[[2,3,1,0,0,0,0,0,0],40,1].
[[1,5,0,1,2,1,1,1,1],2,0].
[[1,8,1,1,2,0,1,1,1],3,2].
[[2,8,1,1,1,0,1,1,1],1,2].
[[3,8,1,1,1,0,1,1,1],4,11].
[[1,7,2,0,0,0,2,2,0],17,0].
[[2,7,2,1,2,0,2,2,0],8,3].
[[3,9,2,1,1,1,2,2,1],1,8].
[[2,8,1,1,1,1,2,2,1],28,5].
[[1,9,2,1,2,0,2,2,1],7,10].
[[3,9,2,1,1,0,2,2,1],0,1].
[[3,9,2,1,2,0,2,3,2],5,7].
[[2,8,0,1,1,1,1,1,0],7,3].
[[3,5,0,0,0,0,1,1,0],23,4].
[[1,7,1,0,0,0,1,2,1],2,1].
[[2,7,1,1,2,1,1,2,1],17,5].
[[3,3,1,1,2,1,1,2,1],4,0].
[[3,8,0,1,2,0,2,1,1],13,11].
[[3,6,1,1,1,1,1,2,1],7,0].
[[2,7,1,0,0,0,2,1,1],53,7].
[[3,7,0,1,1,1,2,2,0],8,6].
[[1,8,1,1,2,0,2,2,0],23,8].
[[2,6,0,0,0,0,1,2,2],5,0].
[[2,7,2,1,2,1,2,2,0],14,0].
[[3,7,2,1,1,1,2,2,0],9,1].
[[2,8,1,1,1,1,1,2,0],46,6].
[[1,9,2,1,1,1,2,2,1],9,0].
[[3,6,1,0,0,0,1,1,1],6,4].
[[2,7,0,1,2,1,2,2,0],8,4].
[[3,7,2,1,1,1,2,1,0],5,0].
[[2,4,1,1,2,0,1,1,2],7,0].
[[3,6,1,1,2,1,2,2,1],14,0].
[[2,5,0,1,2,1,1,1,0],20,3].
[[3,7,0,1,2,1,1,1,0],10,5].
[[3,6,1,1,1,1,2,3,1],14,3].
[[2,9,2,1,1,0,2,3,1],3,4].
[[3,9,2,1,1,0,1,2,0],9,31].
[[2,6,0,1,2,1,0,0,0],19,13].
[[1,3,2,0,0,0,2,3,2],5,0].
[[2,3,2,0,0,0,2,3,2],16,0].
[[3,3,2,0,0,0,2,3,2],15,0].
[[2,7,2,0,0,0,2,2,1],8,3].
[[2,8,0,1,2,0,1,2,1],8,2].
[[2,7,2,0,0,0,1,1,0],4,2].
[[2,7,1,1,2,0,2,2,1],11,0].
[[2,6,1,1,2,0,0,0,0],23,1].
[[3,7,0,0,0,0,2,2,0],24,12].
[[3,6,0,0,0,0,0,0,0],3,17].
[[2,6,1,1,1,1,2,1,0],3,0].
[[3,3,1,0,0,0,2,2,2],22,1].
[[3,6,0,1,2,1,1,2,0],16,1].
[[3,3,1,0,0,0,2,3,0],12,0].
[[2,6,0,0,0,0,2,1,0],2,4].
[[3,6,0,1,2,0,2,1,0],0,3].
[[2,9,2,1,1,1,2,2,1],15,12].
[[2,3,1,0,0,0,2,1,1],1,0].
[[3,3,1,1,2,1,2,1,1],6,0].
[[3,5,0,0,0,0,1,2,1],19,1].
[[3,7,2,1,1,1,0,0,0],16,1].
[[3,5,0,1,2,0,1,2,2],10,1].
[[2,9,2,1,1,0,1,2,2],2,7].
[[3,5,0,1,1,0,1,1,2],8,6].
[[3,7,2,1,2,1,2,2,1],19,1].
[[1,8,1,1,1,1,2,1,0],6,1].
[[2,8,1,1,1,1,1,1,0],9,2].
[[3,5,0,1,2,0,1,2,1],11,1].
[[3,7,0,1,2,1,1,2,1],16,2].
[[3,7,2,1,1,1,2,3,0],6,2].
[[2,7,2,1,2,0,1,2,2],13,3].
[[3,6,1,1,2,0,1,1,2],2,1].
[[2,3,2,1,2,1,0,0,0],16,0].
[[3,7,2,1,2,0,2,3,0],25,1].
[[2,7,2,1,2,0,1,2,0],3,0].
[[1,8,0,1,2,1,2,2,1],18,8].
[[2,5,0,1,1,1,1,1,2],17,0].
[[2,8,0,1,1,1,1,2,1],7,1].
[[3,7,2,0,0,0,1,2,1],14,3].
[[2,7,0,0,0,0,2,2,2],18,7].
[[1,7,2,0,0,0,2,2,1],12,0].
[[2,3,2,0,0,0,2,2,1],3,0].
[[3,3,2,0,0,0,1,2,1],4,0].
[[3,7,0,1,1,1,1,2,0],4,1].
[[3,3,2,1,2,1,2,2,1],3,0].
[[1,2,1,0,0,0,0,0,0],4,0].
[[2,2,1,0,0,0,2,1,1],1,0].
[[3,2,1,0,0,0,1,2,1],1,0].
[[3,6,0,1,1,1,1,2,0],3,1].
[[1,9,2,1,1,1,1,1,0],11,7].
[[2,8,1,1,1,0,2,2,2],9,11].
[[2,6,1,0,0,0,2,1,0],17,0].
[[3,3,2,1,2,1,2,3,2],21,0].
[[3,7,0,1,2,0,2,1,0],3,3].
[[1,6,1,0,0,0,2,2,1],10,1].
[[2,6,1,1,2,1,2,2,1],8,1].
[[3,6,1,1,1,1,2,2,1],4,2].
[[2,8,1,1,1,0,2,3,1],4,7].
[[2,6,0,0,0,0,2,2,2],16,9].
[[1,7,1,0,0,0,2,2,2],41,8].
[[3,7,2,1,1,1,1,2,0],16,1].
[[3,7,0,1,2,0,2,2,2],16,7].
[[2,6,1,0,0,0,1,2,1],13,0].
[[3,6,0,0,0,0,2,3,2],13,4].
[[2,6,0,0,0,0,2,3,0],18,9].
[[3,7,0,0,0,0,1,1,2],5,4].
[[2,4,1,1,2,0,2,3,2],10,1].
[[3,4,1,1,2,0,1,1,1],19,1].
[[1,8,0,1,2,1,2,3,1],20,11].
[[2,8,0,1,2,0,2,1,1],3,2].
[[3,8,0,1,1,0,2,1,1],1,1].
[[3,6,1,1,1,0,2,3,1],2,3].
[[3,3,1,1,2,1,2,1,0],9,0].
[[2,7,2,0,0,0,2,2,0],26,1].
[[3,7,2,0,0,0,2,2,1],10,2].
[[2,2,0,0,0,0,0,0,0],1,0].
[[3,2,0,0,0,0,0,0,0],2,0].
[[3,6,1,1,2,0,2,1,0],8,0].
[[2,7,1,1,1,1,2,2,0],4,1].
[[3,3,2,1,2,1,1,2,1],4,0].
[[1,7,2,1,2,0,1,2,2],2,0].
[[3,6,0,0,0,0,1,2,1],4,0].
[[3,9,2,0,0,0,2,1,0],3,19].
[[3,2,0,1,2,1,2,1,0],1,0].
[[3,2,1,1,2,1,0,0,0],6,0].
[[3,8,1,1,1,0,2,3,0],9,2].
[[3,6,0,0,0,0,1,1,0],3,0].
[[3,5,0,1,1,0,1,2,2],4,0].
[[2,8,1,1,1,0,2,2,1],4,3].
[[2,3,2,0,0,0,2,3,0],5,0].
[[3,3,2,1,2,0,1,2,0],3,0].
[[3,5,0,0,0,0,1,2,2],11,1].
[[2,9,2,1,1,0,1,2,0],4,10].
[[3,8,0,1,1,0,1,2,0],4,14].
[[2,7,0,1,2,1,2,2,1],2,0].
[[3,7,2,1,2,0,1,2,1],22,1].
[[3,7,2,1,1,1,1,1,1],2,1].
[[2,8,0,0,0,0,1,1,1],15,7].
[[2,2,1,0,0,0,0,0,0],8,0].
[[3,2,1,0,0,0,2,3,1],4,0].
[[2,5,0,0,0,0,1,2,1],15,1].
[[2,9,2,1,1,0,2,3,2],0,3].
[[1,7,1,1,2,1,2,2,0],5,1].
[[2,3,1,1,2,1,0,0,0],22,1].
[[2,7,1,1,1,1,2,3,2],4,0].
[[1,8,1,1,2,1,1,1,0],6,7].
[[1,7,1,1,2,1,2,1,1],6,0].
[[3,7,1,1,1,0,2,2,1],6,2].
[[3,9,2,1,2,0,0,0,0],0,4].
[[2,9,2,1,1,0,1,1,0],0,6].
[[2,7,1,1,2,0,2,3,1],18,4].
[[2,6,1,0,0,0,1,1,2],4,0].
[[2,9,2,1,2,0,2,1,1],8,10].
[[2,7,1,0,0,0,1,2,2],27,3].
[[3,7,1,1,1,1,1,1,2],13,8].
[[1,3,2,0,0,0,0,0,0],23,0].
[[2,6,0,1,2,1,2,2,0],4,2].
[[3,8,0,1,1,0,2,3,0],3,14].
[[1,8,1,1,2,1,1,1,1],8,13].
[[3,6,0,0,0,0,2,1,0],3,3].
[[2,5,0,1,1,1,1,2,1],2,0].
[[1,7,1,0,0,0,2,2,0],15,2].
[[3,9,2,1,2,1,0,0,0],0,13].
[[3,7,2,1,1,0,2,2,0],1,2].
[[3,3,1,1,2,0,0,0,0],19,1].
[[3,7,1,1,1,0,1,2,2],4,2].
[[2,7,1,1,1,1,2,3,0],12,0].
[[3,4,1,1,2,0,0,0,0],4,3].
[[2,5,0,0,0,0,1,2,0],22,0].
[[3,6,1,1,2,0,2,1,1],7,0].
[[3,7,1,1,2,0,2,1,1],24,9].
[[1,9,2,1,2,0,1,1,0],2,8].
[[2,7,2,1,1,0,0,0,0],2,1].
[[3,7,2,1,1,0,0,0,0],3,2].
[[3,8,1,1,1,0,2,1,1],5,8].
[[3,3,1,0,0,0,2,3,2],15,1].
[[2,5,0,1,2,0,1,2,1],1,1].
[[2,7,2,0,0,0,2,1,0],13,1].
[[1,8,1,1,1,1,2,3,1],8,0].
[[2,4,1,1,2,0,1,2,1],6,0].
[[2,7,0,1,2,1,2,1,1],2,0].
[[2,9,2,1,1,0,2,3,0],0,9].
[[2,7,2,1,1,1,0,0,0],8,1].
[[3,8,0,1,1,0,1,2,1],1,7].
[[2,4,1,1,2,0,1,2,2],14,2].
[[2,5,0,1,2,0,1,2,0],4,0].
[[2,7,2,1,1,0,2,2,2],4,2].
[[2,4,1,1,2,0,0,0,0],4,1].
[[3,7,0,1,1,1,2,1,1],5,0].
[[3,8,1,1,2,1,0,0,0],0,11].
[[3,8,1,1,1,0,2,1,0],2,2].
[[2,6,0,1,2,1,1,1,0],1,0].
[[3,3,1,1,2,1,1,1,0],3,0].
[[2,5,0,1,1,1,1,2,2],6,0].
[[3,5,0,1,1,1,1,2,2],13,1].
[[1,7,2,1,2,1,2,3,1],2,0].
[[3,9,2,0,0,0,2,1,1],6,10].
[[2,6,1,0,0,0,1,1,1],3,2].
[[2,6,1,1,2,0,2,3,2],2,1].
[[2,7,1,0,0,0,1,1,0],5,1].
[[2,7,1,1,2,1,1,1,0],5,0].
[[1,9,2,1,2,0,2,1,1],2,4].
[[3,8,1,1,1,0,2,2,0],3,4].
[[3,7,1,1,1,0,1,1,0],0,3].
[[3,7,2,1,1,0,2,1,0],0,2].
[[2,7,2,1,1,1,1,1,2],3,0].
[[2,8,0,1,2,0,1,1,1],3,1].
[[3,8,0,1,1,0,1,1,1],1,1].
[[3,7,2,1,2,0,1,1,0],10,3].
[[3,3,1,0,0,0,2,1,0],3,0].
[[3,4,1,1,2,0,2,1,1],21,0].
[[3,3,2,1,1,0,2,3,2],1,0].
[[3,9,2,1,1,1,2,1,0],4,22].
[[1,6,1,0,0,0,1,1,1],1,0].
[[3,6,1,1,2,1,1,1,1],7,1].
[[3,7,2,1,2,0,2,2,0],13,0].
[[1,9,2,1,1,1,1,1,1],1,1].
[[3,6,1,1,2,0,1,1,1],3,1].
[[2,7,2,1,2,0,2,3,0],8,3].
[[1,7,1,0,0,0,1,1,1],2,1].
[[2,7,1,1,2,0,1,1,1],1,1].
[[3,7,1,1,1,0,1,1,1],1,1].
[[3,6,0,1,2,1,2,1,1],1,2].
[[1,8,0,1,2,1,1,2,1],4,2].
[[3,7,0,1,2,0,2,1,1],5,1].
[[2,7,1,1,2,0,2,1,0],7,2].
[[3,6,1,1,2,0,1,2,0],7,0].
[[3,3,1,1,2,0,2,2,0],3,0].
[[1,7,2,1,2,0,1,2,0],2,0].
[[2,7,2,1,1,0,1,2,0],1,0].
[[3,7,2,1,1,0,1,2,0],3,1].
[[2,9,2,1,1,0,2,2,0],0,5].
[[3,4,0,1,2,0,1,2,0],0,2].
[[1,7,2,1,2,1,2,3,0],7,0].
[[3,2,1,1,2,1,1,2,1],2,0].
[[3,7,0,1,2,0,1,2,1],1,0].
[[2,7,2,1,2,0,1,1,2],4,6].
[[3,7,2,1,1,0,1,1,2],1,2].
[[3,8,1,0,0,0,0,0,0],0,4].
[[2,7,0,1,2,1,2,3,1],2,0].
[[3,6,1,1,1,0,2,1,1],3,2].
[[1,7,2,0,0,0,2,1,0],9,0].
[[3,7,1,1,1,0,2,1,1],1,3].
[[3,3,1,0,0,0,2,2,0],14,0].
[[2,8,1,1,1,0,2,1,1],4,2].
[[2,7,1,1,2,0,2,3,2],14,6].
[[3,2,1,1,2,1,2,3,0],2,0].
[[2,7,1,1,2,1,1,2,2],12,4].
[[3,3,2,0,0,0,1,1,1],1,0].
[[2,4,1,1,2,0,1,1,1],4,0].
[[2,5,0,1,1,0,1,1,2],2,0].
[[2,3,1,0,0,0,2,3,1],5,0].
[[3,3,2,0,0,0,1,2,2],10,0].
[[3,3,2,1,2,1,1,2,2],12,0].
[[1,6,1,1,2,1,2,3,1],4,0].
[[3,4,1,1,2,0,2,2,0],31,1].
[[2,7,1,0,0,0,1,1,2],9,3].
[[3,3,1,1,2,0,2,3,0],2,0].
[[1,9,2,1,2,0,1,2,1],3,5].
[[2,2,1,0,0,0,2,2,2],2,0].
[[3,2,1,0,0,0,2,2,2],1,0].
[[2,7,1,1,2,0,1,2,1],2,1].
[[3,6,1,1,1,1,1,2,2],3,0].
[[3,5,0,1,1,0,1,1,1],1,4].
[[2,4,1,1,2,0,2,2,0],17,0].
[[2,6,1,1,2,0,2,1,1],2,1].
[[3,6,1,0,0,0,0,0,0],15,0].
[[2,6,1,1,1,1,0,0,0],7,1].
[[1,8,1,1,1,1,1,2,0],7,1].
[[3,6,0,1,2,0,2,2,0],3,3].
[[3,6,0,0,0,0,2,1,1],3,0].
[[3,9,2,1,1,0,1,1,1],0,3].
[[3,3,1,1,2,0,2,1,0],2,0].
[[2,7,2,1,2,0,1,2,1],5,0].
[[3,6,1,1,1,0,0,0,0],3,0].
[[2,7,0,0,0,0,1,1,0],1,0].
[[3,7,0,0,0,0,1,1,0],4,3].
[[3,6,1,1,1,0,1,2,1],1,0].
[[3,6,1,0,0,0,2,1,0],11,0].
[[3,2,0,1,2,1,2,2,2],2,0].
[[3,3,2,1,2,0,1,2,2],5,0].
[[3,3,0,1,2,1,0,0,0],0,3].
[[3,9,2,0,0,0,0,0,0],0,4].
[[1,7,1,1,2,1,2,3,1],9,0].
[[2,7,0,0,0,0,2,3,1],5,1].
[[3,9,2,1,1,0,2,2,0],0,9].
[[2,7,2,1,1,1,2,1,0],2,0].
[[2,8,0,1,2,0,1,1,0],7,5].
[[2,4,1,1,2,0,2,3,1],9,1].
[[3,6,1,1,1,0,1,1,1],0,1].
[[2,7,2,1,2,1,2,2,1],9,1].
[[3,7,2,1,1,1,2,2,1],8,0].
[[3,2,1,0,0,0,0,0,0],2,0].
[[1,8,0,0,0,0,1,1,1],3,1].
[[3,6,1,1,1,0,1,1,2],0,1].
[[3,6,0,1,1,1,2,3,1],1,3].
[[3,7,0,0,0,0,2,1,0],11,3].
[[2,7,2,1,2,0,2,1,0],3,1].
[[3,8,0,1,1,0,1,2,2],1,10].
[[3,7,2,1,2,0,1,1,1],4,3].
[[3,9,2,1,1,0,2,1,0],0,2].
[[3,6,1,1,1,1,0,0,0],6,1].
[[3,8,0,1,1,0,2,2,0],0,6].
[[2,7,0,1,2,1,2,3,0],9,4].
[[3,5,0,1,1,1,1,2,1],15,0].
[[3,7,0,0,0,0,1,1,1],1,0].
[[2,7,2,1,2,0,2,3,1],4,1].
[[3,3,1,0,0,0,1,2,1],4,0].
[[3,7,0,1,1,1,2,2,1],2,1].
[[3,8,0,1,1,0,2,3,2],2,1].
[[3,7,0,1,1,1,2,1,0],3,4].
[[3,7,2,1,1,0,1,2,2],10,4].
[[1,8,1,1,2,0,1,2,2],5,1].
[[2,7,0,0,0,0,2,3,2],7,3].
[[3,6,0,1,1,1,2,2,0],4,3].
[[3,8,1,1,1,0,2,2,1],2,11].
[[1,9,2,1,2,0,1,1,1],3,1].
[[3,6,0,1,2,0,1,1,1],1,0].
[[3,5,0,1,1,0,2,2,0],2,1].
[[1,6,1,1,2,1,2,2,1],1,0].
[[3,3,1,1,2,0,2,2,2],5,1].
[[1,6,1,0,0,0,2,3,0],19,0].
[[2,3,1,0,0,0,2,3,0],3,0].
[[1,7,2,0,0,0,1,2,0],4,3].
[[3,3,1,0,0,0,2,1,1],8,1].
[[3,3,1,1,2,0,2,3,2],6,0].
[[2,7,0,0,0,0,2,2,1],2,1].
[[1,7,2,1,2,1,2,2,1],1,0].
[[2,7,2,1,2,1,1,1,1],2,1].
[[3,3,0,1,2,1,2,2,0],0,1].
[[1,8,1,1,1,1,2,3,2],14,0].
[[3,7,2,1,1,0,1,1,1],2,0].
[[3,2,1,0,0,0,2,3,2],1,0].
[[1,6,0,0,0,0,2,3,2],1,0].
[[2,3,1,0,0,0,2,3,2],4,0].
[[2,8,0,1,1,1,1,1,1],2,1].
[[3,9,2,1,1,0,0,0,0],0,2].
[[3,6,1,1,2,0,2,3,0],18,0].
[[2,3,1,1,2,1,2,2,2],3,0].
[[3,3,1,1,2,0,2,2,1],2,0].
[[1,7,1,1,2,1,2,1,0],2,0].
[[3,7,0,1,2,0,2,3,1],1,2].
[[1,8,0,0,0,0,1,2,1],3,0].
[[2,7,0,1,2,1,2,3,2],5,3].
[[2,7,2,1,1,1,2,3,2],12,0].
[[2,5,0,1,1,1,1,2,0],7,1].
[[3,3,2,1,2,0,2,3,2],8,0].
[[3,6,1,1,1,0,2,2,1],3,0].
[[3,3,1,1,2,0,2,3,1],7,0].
[[3,6,0,1,2,0,2,3,1],1,4].
[[3,8,0,1,1,0,2,2,1],0,2].
[[2,3,1,1,2,1,2,2,1],1,0].
[[3,6,0,1,1,1,2,1,0],1,2].
[[2,8,1,1,1,0,1,1,2],0,1].
[[3,7,0,1,1,1,1,1,0],3,1].
[[3,3,2,1,1,1,2,3,2],2,0].
[[3,2,1,0,0,0,2,3,0],3,0].
[[3,7,0,1,2,0,1,1,0],1,1].
[[2,8,1,1,1,0,1,2,2],2,1].
[[2,2,1,1,2,1,0,0,0],2,0].
[[3,2,1,1,2,1,2,2,2],6,0].
[[3,3,1,1,2,1,1,2,0],5,0].
[[3,6,1,1,1,0,1,2,2],1,0].
[[3,6,1,1,2,0,1,1,0],2,0].
[[2,9,2,1,1,0,1,1,1],0,1].
[[2,6,1,1,2,1,1,1,2],3,0].
[[3,2,1,1,2,1,1,1,2],1,0].
[[1,8,1,1,1,1,1,1,0],1,0].
[[2,3,2,1,2,1,2,3,2],5,0].
[[3,3,1,1,1,1,2,1,1],3,0].
[[2,6,1,1,2,0,1,2,2],1,0].
[[3,3,1,1,2,0,1,2,2],1,0].
[[3,9,2,0,0,0,2,2,1],2,2].
[[1,6,0,0,0,0,2,2,0],3,0].
[[3,7,2,1,1,0,2,3,2],6,1].
[[2,6,1,1,2,1,2,1,0],8,0].
[[3,8,0,1,1,0,0,0,0],0,4].
[[2,7,0,1,2,1,2,1,0],3,3].
[[2,7,0,0,0,0,1,2,2],1,1].
[[2,7,0,0,0,0,2,1,0],5,1].
[[3,3,2,1,2,1,2,2,0],3,0].
[[3,3,1,1,1,1,2,3,1],2,0].
[[2,6,0,1,2,1,2,3,1],1,2].
[[1,6,1,0,0,0,1,2,1],2,0].
[[1,7,2,1,2,1,1,2,2],2,2].
[[3,8,1,1,2,0,0,0,0],0,2].
[[2,7,1,1,2,0,1,1,2],2,2].
[[3,6,0,0,0,0,2,2,1],1,1].
[[3,6,0,1,1,1,2,3,2],3,1].
[[3,6,1,1,1,1,2,3,2],9,0].
[[1,7,2,0,0,0,1,1,2],4,4].
[[3,3,2,1,1,0,1,1,2],1,0].
[[3,3,2,1,2,1,2,3,1],3,0].
[[3,8,0,0,0,0,1,1,1],9,7].
[[2,7,2,1,1,0,2,3,2],3,1].
[[1,5,0,1,2,0,1,1,2],1,0].
[[1,8,0,1,2,1,1,1,1],1,1].
[[1,8,1,1,1,1,2,2,0],12,0].
[[2,7,1,1,1,1,1,2,2],1,2].
[[2,6,1,1,2,0,2,2,1],2,0].
[[3,9,2,1,1,0,2,3,2],0,3].
[[1,6,1,1,2,1,2,3,2],3,0].
[[3,3,1,1,1,1,1,2,2],3,0].
[[1,3,2,0,0,0,1,1,2],1,0].
[[2,3,2,0,0,0,1,1,2],1,0].
[[1,9,2,1,1,1,2,1,1],9,1].
[[2,8,0,1,1,1,2,1,1],5,1].
[[3,9,2,1,1,0,2,1,1],1,0].
[[3,4,0,1,2,0,2,2,2],0,2].
[[1,7,1,1,2,1,2,3,0],4,0].
[[2,4,1,1,2,0,2,1,1],6,0].
[[3,6,1,0,0,0,1,1,0],2,3].
[[3,6,0,1,1,1,1,1,2],3,0].
[[3,8,0,1,1,0,2,1,0],1,4].
[[3,3,2,1,2,0,2,3,0],2,0].
[[3,3,2,1,1,1,0,0,0],5,0].
[[3,3,1,1,1,1,1,2,1],1,0].
[[2,7,0,1,2,1,1,1,0],1,0].
[[2,9,2,1,1,0,2,1,0],1,1].
[[3,7,2,1,1,0,2,3,1],2,2].
[[1,8,1,1,1,1,1,2,2],3,0].
[[2,5,0,1,1,1,1,1,0],4,1].
[[2,6,1,1,2,0,2,2,0],4,1].
[[2,7,2,1,1,1,2,3,1],4,0].
[[1,7,2,1,2,1,1,1,2],0,1].
[[3,8,1,1,1,1,0,0,0],0,1].
[[2,6,0,0,0,0,2,2,1],1,0].
[[2,3,2,1,2,1,2,3,1],1,0].
[[2,9,2,1,1,0,0,0,0],0,3].
[[3,7,0,1,1,1,1,1,2],3,1].
[[2,7,1,1,1,1,1,1,2],2,1].
[[3,3,1,1,2,1,1,1,1],1,0].
[[1,7,2,0,0,0,1,1,0],1,0].
[[2,7,2,1,2,1,1,1,0],1,0].
[[3,6,0,0,0,0,1,2,2],5,0].
[[2,3,2,0,0,0,2,3,1],2,0].
[[2,7,1,1,2,0,1,1,0],1,0].
[[2,6,1,1,2,0,1,1,0],1,0].
[[3,6,1,1,1,0,1,1,0],2,0].
[[2,3,2,1,2,0,2,3,0],1,0].
[[1,7,2,0,0,0,1,2,1],0,2].
[[2,7,1,1,2,0,1,2,2],4,0].
[[3,7,1,1,1,0,1,2,0],5,1].
[[2,6,0,1,2,1,1,1,2],1,0].
[[1,5,0,1,2,1,1,2,1],2,0].
[[2,7,1,1,1,1,1,2,1],3,0].
[[3,3,2,1,2,1,2,1,0],3,0].
[[2,7,0,1,2,1,1,2,0],1,1].
[[2,6,0,1,2,1,2,1,1],0,1].
[[3,6,0,1,1,1,2,1,1],0,1].
[[2,6,0,1,2,1,2,3,2],2,1].
[[3,6,1,1,1,0,2,2,2],4,0].
[[1,7,2,1,2,0,2,3,1],1,0].
[[3,3,2,1,2,1,1,2,0],5,0].
[[2,9,2,1,1,0,1,1,2],1,4].
[[3,3,2,1,2,1,1,1,2],3,0].
[[2,7,2,1,1,1,1,2,1],1,0].
[[3,3,2,1,1,1,1,2,1],1,0].
[[1,6,1,0,0,0,1,2,0],2,0].
[[1,7,1,0,0,0,1,2,0],1,0].
[[3,3,2,1,1,1,1,2,0],1,0].
[[1,7,2,1,2,0,2,3,0],1,1].
[[3,3,1,0,0,0,1,2,2],2,0].
[[1,7,2,1,2,1,2,2,0],1,0].
[[2,3,1,0,0,0,2,1,0],1,0].
[[2,5,0,1,1,0,2,2,0],0,1].
[[3,6,1,1,1,1,1,1,1],4,0].
[[1,6,1,1,2,1,2,1,0],2,0].
[[2,3,2,0,0,0,1,2,0],1,0].
[[3,7,0,1,2,1,1,1,1],3,1].
[[2,7,2,1,2,0,1,1,0],1,1].
[[2,8,1,1,1,0,1,2,0],2,0].
[[3,2,1,1,2,1,2,3,2],3,0].
[[3,1,1,1,2,0,1,1,1],2,0].
[[1,7,2,1,2,0,2,2,1],0,1].
[[2,7,2,1,2,0,1,1,1],0,1].
[[2,7,0,1,2,1,1,1,2],2,0].
[[2,7,1,1,1,1,2,1,0],1,1].
[[3,2,1,1,2,0,0,0,0],1,0].
[[2,6,1,0,0,0,1,1,0],1,0].
[[3,3,1,0,0,0,1,1,0],2,0].
[[2,9,2,1,1,0,2,1,1],0,1].
[[2,3,2,1,2,1,1,2,1],1,0].
[[3,3,2,1,1,1,1,2,2],1,0].
[[3,9,2,1,1,0,2,3,1],1,5].
[[2,6,1,1,2,0,2,3,0],3,0].
[[2,7,2,1,1,1,1,2,0],2,0].
[[2,8,1,1,1,0,1,1,0],0,1].
[[3,7,2,1,1,0,2,3,0],2,1].
[[3,3,1,0,0,0,1,1,2],2,0].
[[3,6,0,1,2,0,1,2,0],1,2].
[[2,5,0,1,2,0,1,2,2],1,0].
[[3,3,2,1,2,1,2,3,0],4,0].
[[1,5,0,0,0,0,1,2,1],2,0].
[[3,1,1,1,2,0,1,1,2],1,0].
[[2,7,0,0,0,0,2,1,1],1,0].
[[3,6,0,1,2,0,1,2,2],0,2].
[[1,6,0,0,0,0,2,3,0],2,2].
[[1,7,2,1,2,0,1,2,1],1,0].
[[3,3,2,1,1,1,1,1,2],2,0].
[[3,3,1,1,2,1,1,2,2],2,0].
[[1,7,2,1,2,0,2,1,0],1,0].
[[2,3,2,1,2,0,2,1,0],1,0].
[[2,4,1,1,2,0,2,1,0],2,0].
[[2,2,1,0,0,0,2,3,2],1,0].
[[1,6,0,0,0,0,2,1,0],2,0].
[[2,6,0,1,2,1,1,2,0],1,0].
[[2,3,2,0,0,0,2,1,0],1,0].
[[2,2,0,0,0,0,2,3,0],1,0].
[[3,2,0,1,2,1,2,3,0],2,0].
[[1,8,1,1,2,0,1,1,0],0,1].
[[2,7,2,1,1,1,1,2,2],1,0].
[[1,5,0,0,0,0,1,1,1],3,0].
[[2,6,1,1,1,1,2,1,1],2,0].
[[2,6,1,1,1,1,1,1,0],1,0].
[[2,3,1,0,0,0,2,2,0],1,0].
[[3,6,1,1,1,0,2,3,0],1,1].
[[3,6,0,1,1,1,0,0,0],0,3].
[[3,3,2,0,0,0,1,2,0],1,0].
[[3,4,0,1,2,0,2,3,1],0,1].
[[3,6,0,1,2,1,1,1,1],1,0].
[[3,6,1,1,1,1,1,1,2],2,0].
[[3,3,2,1,1,1,2,3,1],1,0].
[[3,6,0,1,1,1,1,1,1],1,0].
[[3,3,1,1,1,1,2,1,0],1,0].
[[2,2,1,0,0,0,2,2,0],1,0].
[[3,2,1,1,2,1,2,2,0],2,0].
[[3,3,1,1,2,0,2,1,1],1,0].
[[3,7,1,1,1,0,2,2,0],4,1].
[[1,5,0,1,2,1,1,2,0],1,0].
[[3,7,1,1,1,0,0,0,0],0,1].
[[3,3,2,1,1,0,0,0,0],1,0].
[[1,6,1,1,2,1,1,1,1],1,0].
[[2,6,1,1,2,1,1,1,1],1,0].
[[2,3,1,1,2,1,2,2,0],2,0].
[[1,7,1,1,2,1,1,2,0],1,0].
[[2,3,2,1,2,1,2,3,0],1,0].
[[2,8,1,1,1,0,0,0,0],1,1].
[[1,8,1,1,1,1,1,1,1],0,1].
[[2,6,1,1,2,0,2,1,0],1,0].
[[3,3,2,1,1,0,2,2,2],2,0].
[[3,3,1,1,1,1,2,2,0],2,0].
[[3,3,1,0,0,0,1,1,1],1,0].
[[2,7,2,1,1,0,2,3,1],1,0].
[[3,2,0,1,2,1,0,0,0],1,0].
[[1,7,2,1,2,0,2,3,2],3,0].
[[2,7,2,1,1,0,1,2,2],1,0].
[[1,8,1,1,1,1,1,1,2],1,0].
[[2,6,0,0,0,0,2,1,1],1,0].
[[3,3,0,1,2,1,2,2,2],0,1].
[[2,3,2,1,2,0,2,3,2],1,0].
[[3,2,1,0,0,0,2,1,0],1,0].
[[2,3,2,0,0,0,1,1,0],1,0].
[[3,3,2,1,2,1,1,1,0],1,0].
[[2,7,1,1,1,1,1,1,0],0,1].
[[1,6,1,1,2,1,2,1,1],2,0].
[[2,3,1,1,2,1,2,3,0],1,0].
[[2,6,1,1,1,1,2,3,2],1,0].
[[2,6,0,0,0,0,1,1,0],1,0].
[[3,7,0,1,2,0,2,2,1],0,1].
[[2,7,0,0,0,0,1,1,2],0,1].
[[3,3,2,0,0,0,2,2,0],1,0].
[[3,3,2,0,0,0,2,2,1],1,0].
[[2,7,2,1,1,0,2,1,0],1,0].
[[3,7,2,1,1,0,1,1,0],1,0].
[[3,8,1,1,1,0,0,0,0],0,1].
[[2,7,1,1,2,0,1,2,0],1,0].
[[2,7,2,1,1,0,1,2,1],0,1].
[[3,6,0,1,1,1,2,2,1],1,0].
[[2,6,1,1,1,1,1,2,1],1,0].
[[3,2,1,1,1,1,1,2,1],1,0].
[[3,3,2,1,2,0,2,3,1],1,0].
[[3,6,0,1,1,1,1,2,1],1,0].
[[2,6,1,1,1,1,1,2,0],1,0].
[[3,2,1,1,1,1,1,2,0],1,0].
