total_WL(11526,23306).
[[1,9,2,0,0,0,0,0,0],199,1344].
[[2,9,1,0,0,0,2,1,0],33,363].
[[3,8,1,1,2,0,2,1,0],31,57].
[[1,8,0,0,0,0,2,1,0],13,86].
[[2,8,0,1,2,1,2,1,0],15,154].
[[3,5,0,1,2,1,2,1,0],16,0].
[[1,9,2,1,2,1,1,1,2],34,53].
[[2,5,0,1,2,1,1,1,2],66,2].
[[3,5,0,1,1,1,1,1,2],44,3].
[[1,9,2,1,2,1,1,2,2],132,325].
[[2,8,1,1,2,1,1,2,2],188,137].
[[3,8,1,1,2,1,1,2,2],217,252].
[[1,8,1,0,0,0,1,2,0],66,43].
[[2,7,2,0,0,0,1,2,0],9,3].
[[3,7,2,0,0,0,1,2,0],19,2].
[[1,8,1,0,0,0,0,0,0],863,1036].
[[2,7,2,1,2,1,0,0,0],55,11].
[[3,7,2,1,1,1,2,3,0],10,5].
[[1,8,0,0,0,0,2,2,2],68,284].
[[2,8,0,0,0,0,2,2,2],24,212].
[[3,8,0,0,0,0,2,3,0],3,339].
[[1,9,2,1,2,1,2,2,0],124,535].
[[2,9,1,1,2,1,1,2,0],71,573].
[[3,9,1,1,2,1,1,2,0],3,498].
[[1,9,2,0,0,0,2,3,0],382,1833].
[[2,9,1,1,2,1,2,3,0],116,895].
[[3,9,0,1,2,1,2,3,0],0,77].
[[1,8,1,0,0,0,1,1,0],18,15].
[[2,8,1,1,2,0,1,1,0],12,8].
[[3,8,1,1,2,0,1,1,0],37,60].
[[1,8,1,0,0,0,2,3,1],420,308].
[[2,8,1,1,2,1,2,3,1],160,196].
[[3,8,1,1,2,1,2,2,0],171,285].
[[1,9,2,0,0,0,1,2,2],271,838].
[[2,9,1,0,0,0,1,2,2],76,558].
[[3,9,1,0,0,0,1,2,1],0,121].
[[1,8,0,0,0,0,2,3,2],52,266].
[[2,8,0,1,2,1,2,3,2],19,156].
[[3,8,0,1,2,1,2,3,0],4,772].
[[1,9,2,1,2,1,2,2,2],74,329].
[[2,9,1,1,2,1,1,2,2],84,534].
[[3,9,1,1,1,1,1,2,2],2,173].
[[1,9,2,1,2,1,2,1,0],63,246].
[[2,9,1,1,2,1,2,1,0],48,357].
[[3,9,0,1,1,1,1,1,0],0,71].
[[1,9,2,0,0,0,1,1,0],36,208].
[[2,9,1,0,0,0,1,1,0],13,250].
[[3,9,1,0,0,0,1,1,0],1,95].
[[1,8,0,1,2,1,2,1,1],6,16].
[[2,8,0,1,2,1,2,3,0],61,458].
[[3,7,0,1,2,1,2,3,0],2,100].
[[1,8,0,0,0,0,1,2,2],35,85].
[[2,7,1,1,2,1,1,2,2],29,11].
[[3,7,1,1,2,1,1,2,2],146,81].
[[1,8,0,0,0,0,0,0,0],212,1113].
[[2,8,0,0,0,0,2,3,2],14,155].
[[3,8,0,0,0,0,2,2,0],2,264].
[[1,8,1,1,2,0,2,2,2],26,20].
[[2,8,1,1,2,0,2,2,2],51,43].
[[3,6,1,1,2,0,2,2,2],9,1].
[[2,8,1,0,0,0,2,3,0],321,289].
[[3,8,1,1,2,1,1,2,0],247,220].
[[2,8,0,0,0,0,2,3,0],58,556].
[[1,8,1,0,0,0,2,2,2],414,308].
[[2,8,1,0,0,0,1,2,1],171,124].
[[3,7,1,1,2,1,1,2,1],129,49].
[[1,9,2,0,0,0,2,2,0],327,1277].
[[2,9,1,1,2,1,1,1,0],18,242].
[[3,9,0,1,2,1,1,1,0],0,150].
[[1,9,2,1,2,1,2,3,1],79,342].
[[2,9,1,1,2,1,1,2,1],51,282].
[[3,9,1,1,2,1,1,2,1],0,276].
[[2,8,0,1,2,1,2,2,2],11,212].
[[3,8,0,1,2,1,1,2,2],1,470].
[[1,9,2,0,0,0,2,3,1],147,800].
[[2,8,1,0,0,0,2,3,1],200,228].
[[3,7,1,0,0,0,2,3,1],57,56].
[[1,8,1,1,2,1,0,0,0],284,305].
[[2,8,1,1,2,1,2,2,0],187,171].
[[2,8,0,0,0,0,0,0,0],24,341].
[[3,7,1,0,0,0,0,0,0],36,51].
[[2,8,1,1,2,1,0,0,0],63,119].
[[3,8,1,1,2,1,2,3,0],199,364].
[[2,8,0,1,2,1,2,2,0],44,332].
[[3,7,1,1,2,1,2,2,0],139,89].
[[1,9,2,0,0,0,2,3,2],106,677].
[[2,9,1,0,0,0,2,2,1],6,127].
[[3,8,0,1,2,1,2,2,1],0,99].
[[2,9,1,0,0,0,2,3,0],90,919].
[[2,8,1,0,0,0,2,2,2],162,168].
[[3,7,1,0,0,0,2,2,2],66,45].
[[2,9,1,1,2,0,1,2,1],10,67].
[[3,8,0,1,2,0,1,2,1],0,72].
[[1,8,1,0,0,0,2,3,2],454,346].
[[2,8,1,0,0,0,2,3,2],161,160].
[[3,7,1,0,0,0,2,3,2],47,39].
[[1,9,2,0,0,0,2,1,1],58,185].
[[2,8,1,1,2,1,2,3,2],106,112].
[[2,8,1,0,0,0,0,0,0],55,174].
[[3,6,1,1,2,0,0,0,0],8,4].
[[1,8,1,1,2,1,2,2,0],90,44].
[[2,8,1,1,1,1,2,3,0],67,52].
[[3,8,1,1,1,1,2,2,0],42,105].
[[3,8,1,1,2,1,1,1,0],81,96].
[[2,9,1,1,2,0,2,3,0],17,215].
[[3,9,0,1,2,0,2,2,0],0,20].
[[3,8,1,1,2,1,1,2,1],222,189].
[[2,8,0,0,0,0,2,2,0],47,387].
[[3,9,1,1,1,1,1,2,0],1,203].
[[3,9,1,0,0,0,1,2,2],3,161].
[[3,7,0,0,0,0,2,3,2],0,11].
[[1,5,0,0,0,0,2,2,0],40,2].
[[2,5,0,0,0,0,2,2,0],54,4].
[[3,5,0,0,0,0,2,3,0],31,0].
[[1,9,2,0,0,0,2,2,1],95,473].
[[3,8,0,0,0,0,2,2,1],0,47].
[[1,7,2,0,0,0,0,0,0],190,33].
[[2,7,1,0,0,0,0,0,0],160,167].
[[3,7,1,1,2,1,0,0,0],59,74].
[[1,8,0,1,2,1,0,0,0],81,398].
[[2,7,0,1,2,1,0,0,0],1,54].
[[3,7,0,1,2,1,2,1,0],0,42].
[[2,6,1,1,2,1,0,0,0],70,13].
[[3,3,2,1,2,1,0,0,0],19,0].
[[3,7,0,0,0,0,2,3,0],0,44].
[[2,6,1,0,0,0,0,0,0],110,14].
[[3,6,1,0,0,0,2,2,0],36,1].
[[2,8,1,1,1,1,2,2,1],25,19].
[[3,7,1,1,1,1,2,2,1],12,15].
[[2,9,1,1,2,0,1,2,2],10,125].
[[3,8,1,1,2,0,1,2,2],81,108].
[[1,8,1,1,2,0,2,3,0],16,9].
[[2,7,2,1,1,0,2,3,0],1,0].
[[3,7,2,1,1,0,1,1,1],2,1].
[[1,9,2,1,2,1,1,2,0],64,225].
[[3,9,0,1,1,1,1,2,0],0,144].
[[2,8,1,0,0,0,2,1,0],135,100].
[[3,6,1,1,2,0,2,1,0],12,0].
[[1,9,2,0,0,0,2,1,0],146,624].
[[3,7,1,1,2,1,2,3,0],193,125].
[[3,9,1,1,2,0,1,2,2],0,128].
[[2,8,0,0,0,0,2,3,1],18,196].
[[3,6,0,0,0,0,2,3,1],0,9].
[[1,8,1,1,2,1,2,3,1],133,111].
[[2,8,1,1,1,1,2,2,0],33,36].
[[3,4,1,1,2,0,2,2,0],41,24].
[[1,9,2,0,0,0,2,2,2],137,783].
[[2,9,1,1,2,0,2,2,0],15,151].
[[2,8,1,1,2,1,2,3,0],284,258].
[[3,8,0,1,2,1,2,3,1],0,136].
[[2,8,0,1,2,0,0,0,0],5,65].
[[3,8,0,1,2,0,2,3,0],2,201].
[[3,9,1,0,0,0,2,3,0],1,106].
[[1,6,1,0,0,0,0,0,0],222,16].
[[2,6,1,0,0,0,2,2,1],26,2].
[[3,2,1,0,0,0,2,2,1],3,0].
[[1,8,1,1,2,0,0,0,0],54,70].
[[2,8,1,1,2,0,2,2,0],60,72].
[[3,8,1,1,1,0,1,2,0],12,28].
[[1,9,2,1,2,0,0,0,0],10,64].
[[2,9,1,1,2,0,0,0,0],4,30].
[[3,8,1,1,1,0,2,2,1],0,16].
[[2,9,1,0,0,0,1,2,0],71,564].
[[1,9,2,1,2,1,2,2,1],50,187].
[[1,9,2,0,0,0,1,1,2],81,132].
[[2,5,0,0,0,0,1,1,1],80,8].
[[3,5,0,1,2,1,1,1,1],224,25].
[[2,7,0,1,2,1,2,3,2],1,14].
[[3,7,0,1,1,1,2,3,2],0,12].
[[2,8,1,0,0,0,2,2,0],266,208].
[[3,7,1,0,0,0,2,2,0],77,44].
[[2,8,1,1,2,0,2,3,1],48,76].
[[3,8,1,1,2,0,1,2,1],86,89].
[[3,5,0,1,2,1,1,1,2],136,1].
[[1,9,2,1,2,1,2,3,0],199,690].
[[2,6,1,0,0,0,2,3,1],32,5].
[[3,6,1,1,2,1,2,1,0],23,1].
[[2,8,0,0,0,0,2,1,0],18,167].
[[3,8,0,0,0,0,1,1,0],0,77].
[[3,9,0,1,2,1,1,2,0],0,343].
[[2,8,0,0,0,0,1,2,2],50,239].
[[3,8,0,0,0,0,1,2,2],2,222].
[[3,8,0,1,2,1,2,2,0],3,573].
[[1,9,2,1,1,1,2,3,0],34,59].
[[2,8,0,1,1,1,2,3,0],19,66].
[[3,4,1,1,2,0,2,3,0],64,21].
[[2,9,1,0,0,0,2,2,0],84,671].
[[2,9,1,0,0,0,1,2,1],59,320].
[[3,8,0,1,2,1,1,2,1],8,266].
[[1,8,0,1,2,1,1,2,2],10,30].
[[2,7,1,1,2,1,0,0,0],104,146].
[[2,7,1,0,0,0,1,2,2],41,19].
[[3,7,1,0,0,0,1,2,2],78,52].
[[2,8,1,0,0,0,1,2,2],230,181].
[[1,7,1,1,2,1,2,1,1],2,2].
[[2,7,1,1,1,1,2,1,1],2,0].
[[3,4,1,1,2,0,2,1,1],4,5].
[[1,8,1,0,0,0,2,1,0],119,70].
[[2,7,2,0,0,0,1,2,1],24,5].
[[3,7,1,1,2,0,1,2,1],42,22].
[[2,9,1,0,0,0,0,0,0],13,125].
[[3,9,1,1,2,1,2,3,0],5,267].
[[1,8,0,0,0,0,2,2,1],31,103].
[[2,7,1,0,0,0,2,2,1],69,25].
[[3,7,1,1,2,0,1,1,1],20,7].
[[1,8,1,0,0,0,1,2,2],183,122].
[[2,7,2,0,0,0,1,2,2],69,19].
[[3,7,2,1,2,1,1,2,2],119,19].
[[1,9,2,1,2,1,1,1,0],15,79].
[[2,8,0,1,2,1,1,1,0],4,43].
[[3,8,0,1,2,1,1,1,0],0,194].
[[2,9,1,1,2,0,1,2,0],9,144].
[[3,8,1,1,2,0,2,3,0],54,153].
[[2,9,1,0,0,0,2,1,1],8,58].
[[3,9,0,1,2,1,2,2,0],0,99].
[[1,7,2,0,0,0,2,2,2],91,19].
[[1,8,1,0,0,0,2,2,0],243,161].
[[1,9,2,0,0,0,1,2,1],93,246].
[[3,8,1,0,0,0,1,2,1],94,99].
[[3,9,1,1,2,1,1,2,2],3,447].
[[2,6,1,0,0,0,2,1,0],9,1].
[[3,6,1,1,2,1,2,2,2],29,2].
[[3,7,1,1,2,1,2,3,1],128,128].
[[3,8,0,1,1,1,2,3,0],1,237].
[[2,5,0,1,2,0,1,1,1],19,5].
[[3,5,0,1,1,0,1,2,1],10,2].
[[1,8,1,0,0,0,2,1,1],184,110].
[[2,8,1,1,2,1,1,2,1],140,91].
[[3,7,1,0,0,0,2,3,0],110,81].
[[2,9,1,1,1,1,1,1,0],15,66].
[[3,9,1,1,1,1,1,1,0],1,77].
[[3,5,0,0,0,0,2,2,0],22,3].
[[2,7,1,0,0,0,2,3,2],94,65].
[[3,7,1,1,2,1,2,3,2],129,85].
[[1,7,1,0,0,0,0,0,0],194,129].
[[2,3,1,0,0,0,0,0,0],30,6].
[[3,3,1,0,0,0,0,0,0],28,10].
[[1,7,1,0,0,0,2,2,2],43,21].
[[2,7,1,1,2,1,2,2,2],68,43].
[[3,7,1,1,2,1,2,2,2],101,69].
[[2,8,1,1,2,0,1,2,2],41,65].
[[1,8,1,0,0,0,2,3,0],376,233].
[[3,6,1,1,2,1,2,3,0],90,4].
[[3,8,0,1,2,1,2,1,0],1,277].
[[3,8,1,0,0,0,2,3,1],26,44].
[[1,9,2,1,1,1,1,1,0],4,15].
[[2,8,0,1,1,1,1,1,0],1,9].
[[3,8,0,1,1,1,1,1,0],0,76].
[[3,7,2,1,2,1,0,0,0],16,1].
[[3,9,1,1,2,0,2,3,0],0,86].
[[3,8,1,0,0,0,1,2,0],103,100].
[[1,9,2,1,2,1,1,2,1],36,87].
[[2,5,0,1,1,1,1,2,1],6,1].
[[3,5,0,1,1,1,1,2,1],45,3].
[[2,8,0,1,2,1,1,2,2],35,183].
[[2,8,1,0,0,0,2,2,1],96,141].
[[3,8,0,1,2,1,1,2,0],1,524].
[[2,8,1,1,2,1,1,1,1],61,36].
[[1,9,2,1,1,1,2,2,1],6,15].
[[2,9,1,1,1,1,1,2,2],39,114].
[[3,9,1,1,1,1,1,2,1],1,115].
[[1,9,2,1,2,1,2,3,2],62,278].
[[2,9,1,1,2,1,2,2,0],64,708].
[[1,9,2,1,2,1,0,0,0],98,548].
[[2,8,0,1,2,1,0,0,0],24,352].
[[3,8,1,0,0,0,2,3,0],70,169].
[[3,7,2,1,2,1,1,2,1],55,8].
[[2,8,1,0,0,0,2,1,1],64,75].
[[3,8,1,1,2,1,2,1,1],19,42].
[[3,9,1,1,2,1,2,1,0],0,118].
[[2,9,1,1,1,1,1,2,0],43,126].
[[3,8,1,1,1,1,1,2,0],99,75].
[[3,9,0,1,1,1,2,3,0],0,25].
[[3,7,0,1,2,1,1,2,2],2,52].
[[3,8,1,1,2,0,1,1,2],16,11].
[[1,7,1,0,0,0,2,3,1],27,8].
[[2,3,1,0,0,0,2,3,1],6,1].
[[3,3,1,0,0,0,2,3,1],12,3].
[[1,8,1,1,2,1,2,2,2],135,103].
[[3,6,1,0,0,0,2,1,1],9,0].
[[2,7,2,0,0,0,2,3,0],47,3].
[[3,7,2,1,2,0,2,3,0],28,3].
[[1,9,2,1,2,0,2,3,2],6,36].
[[3,9,0,1,2,0,1,2,0],0,103].
[[3,3,1,1,2,1,2,1,1],13,0].
[[3,8,0,0,0,0,2,1,0],1,128].
[[2,8,1,1,2,1,2,1,0],115,85].
[[3,8,1,1,1,1,1,1,0],32,45].
[[2,8,1,1,1,0,2,1,1],0,4].
[[3,5,0,1,1,0,1,1,1],10,8].
[[3,8,1,0,0,0,1,2,2],91,130].
[[2,7,1,1,2,0,0,0,0],31,33].
[[3,7,1,1,2,0,2,3,0],62,44].
[[1,9,2,1,2,0,2,3,0],9,78].
[[3,5,0,1,2,1,1,2,0],118,3].
[[3,3,1,1,2,1,0,0,0],40,19].
[[3,9,1,1,2,1,1,1,2],0,83].
[[1,9,2,0,0,0,1,2,0],109,486].
[[3,8,1,1,2,0,1,2,0],95,99].
[[2,8,1,1,2,1,2,2,1],86,122].
[[3,8,1,1,2,1,2,3,1],51,96].
[[2,7,1,0,0,0,2,1,1],42,27].
[[3,7,1,0,0,0,1,1,1],17,11].
[[1,8,1,1,2,1,2,3,2],142,122].
[[2,8,1,1,1,1,2,1,0],23,11].
[[3,7,2,1,1,1,2,1,0],9,0].
[[2,9,1,1,1,1,2,3,0],46,179].
[[3,5,0,1,2,1,2,2,0],71,1].
[[2,5,0,0,0,0,1,1,2],62,2].
[[3,5,0,0,0,0,1,1,2],57,0].
[[1,8,1,0,0,0,2,2,1],257,200].
[[3,7,1,1,2,1,2,2,1],67,54].
[[1,8,1,0,0,0,1,1,1],44,33].
[[3,8,1,1,2,1,1,1,1],72,82].
[[2,9,1,0,0,0,2,3,1],15,195].
[[3,8,0,0,0,0,2,3,1],0,58].
[[3,8,1,0,0,0,2,1,0],40,63].
[[1,9,2,1,2,0,2,3,1],5,39].
[[2,8,0,1,2,0,2,3,1],4,24].
[[3,8,0,1,2,0,2,3,1],0,44].
[[3,9,0,0,0,0,1,2,0],0,148].
[[2,6,1,0,0,0,2,2,0],28,0].
[[3,6,1,0,0,0,1,2,0],13,0].
[[3,6,1,1,1,1,0,0,0],4,0].
[[3,8,0,0,0,0,1,2,0],0,221].
[[2,7,2,0,0,0,0,0,0],102,14].
[[3,7,2,1,2,1,2,3,1],48,4].
[[2,8,0,0,0,0,1,2,0],16,150].
[[3,8,0,1,2,0,1,2,0],0,136].
[[2,6,1,0,0,0,2,2,2],52,2].
[[3,6,1,0,0,0,2,2,1],10,2].
[[3,9,1,1,2,0,1,2,1],1,87].
[[3,6,1,0,0,0,2,3,0],32,0].
[[3,6,1,0,0,0,1,2,1],10,4].
[[1,7,2,1,2,0,0,0,0],17,6].
[[2,7,2,1,2,0,2,3,2],18,4].
[[3,7,2,1,1,0,2,3,2],2,2].
[[2,8,1,0,0,0,1,1,0],47,56].
[[3,7,0,1,2,1,0,0,0],1,77].
[[2,8,1,1,2,1,1,1,2],41,30].
[[3,8,1,1,2,1,1,1,2],50,44].
[[2,9,1,1,2,1,2,3,1],17,183].
[[1,8,0,1,2,1,1,2,1],1,1].
[[2,8,0,1,1,1,1,2,1],6,4].
[[3,4,1,1,2,0,1,2,1],48,19].
[[1,8,0,0,0,0,2,2,0],52,188].
[[2,8,0,0,0,0,1,1,0],9,47].
[[2,7,2,1,2,0,2,2,2],21,6].
[[3,3,2,1,2,0,2,2,2],10,0].
[[3,8,1,0,0,0,1,1,0],35,61].
[[1,7,2,0,0,0,2,3,2],87,15].
[[2,3,2,0,0,0,2,3,2],6,0].
[[3,3,2,1,2,1,2,3,1],13,0].
[[2,8,1,1,2,0,2,3,2],34,36].
[[1,8,1,1,1,1,1,1,0],3,2].
[[2,8,1,1,1,1,1,1,0],9,9].
[[2,7,1,1,2,1,2,1,1],28,20].
[[3,7,1,0,0,0,2,1,1],13,30].
[[1,8,0,1,2,1,2,3,0],22,82].
[[3,8,0,1,1,1,2,1,0],0,104].
[[3,8,1,1,1,1,1,1,2],18,21].
[[2,9,1,1,2,1,0,0,0],11,106].
[[3,9,1,1,1,1,2,3,0],0,95].
[[2,5,0,0,0,0,1,2,1],40,1].
[[3,5,0,0,0,0,1,2,0],57,2].
[[1,8,1,1,2,1,2,2,1],85,56].
[[2,6,1,1,2,1,2,2,1],22,0].
[[3,6,1,1,2,1,2,2,0],46,1].
[[2,8,1,1,1,1,2,3,1],41,42].
[[3,5,0,1,2,0,1,1,1],65,12].
[[3,8,1,1,1,0,1,2,2],12,40].
[[3,8,0,1,2,0,1,2,2],2,130].
[[1,9,2,1,1,1,1,2,2],32,31].
[[2,8,1,1,1,1,1,2,2],44,31].
[[3,7,1,1,1,1,1,2,2],39,26].
[[3,7,2,1,2,0,2,2,1],21,1].
[[2,8,0,0,0,0,2,2,1],19,133].
[[3,8,1,1,2,1,2,2,1],54,75].
[[1,8,0,1,2,1,2,2,2],16,99].
[[2,8,0,1,1,1,2,2,2],9,31].
[[3,7,1,1,2,0,2,2,0],46,24].
[[2,8,0,1,2,0,1,2,2],4,39].
[[3,8,0,1,1,0,1,2,2],0,22].
[[1,7,2,0,0,0,2,3,1],35,6].
[[2,7,2,1,2,1,1,2,1],19,1].
[[3,9,1,1,2,1,0,0,0],0,9].
[[3,3,1,1,2,0,2,2,2],4,3].
[[3,9,1,1,2,0,1,2,0],1,140].
[[1,8,0,1,2,1,2,3,2],22,94].
[[3,8,0,1,1,1,1,2,0],0,177].
[[3,8,1,0,0,0,2,2,0],57,127].
[[2,6,1,1,2,1,2,3,2],35,1].
[[3,6,1,1,1,1,2,3,2],15,0].
[[3,7,0,1,2,0,2,3,0],0,17].
[[3,7,1,1,2,0,2,2,1],22,22].
[[2,6,1,0,0,0,2,3,0],36,1].
[[3,7,1,1,2,1,2,1,0],72,60].
[[2,8,1,1,2,1,1,2,0],108,57].
[[3,7,1,1,2,1,1,2,0],101,22].
[[2,8,1,1,2,0,2,1,0],31,28].
[[1,8,0,1,2,1,2,1,0],8,41].
[[3,8,1,1,2,0,1,1,1],14,40].
[[3,9,1,1,1,0,1,2,2],0,25].
[[2,6,1,1,2,0,0,0,0],18,2].
[[3,6,1,1,2,0,2,2,0],19,1].
[[2,8,1,1,2,0,2,2,1],32,51].
[[3,5,0,1,2,0,1,2,1],51,5].
[[3,8,1,1,2,0,2,2,0],67,104].
[[2,9,1,0,0,0,2,2,2],4,21].
[[3,8,0,1,2,1,2,2,2],1,15].
[[3,7,1,0,0,0,2,2,1],37,25].
[[3,7,2,0,0,0,2,3,1],35,0].
[[3,6,1,1,1,1,2,3,0],21,2].
[[2,7,1,1,2,1,2,3,0],52,27].
[[3,3,1,1,2,1,2,3,0],16,1].
[[3,5,0,1,1,1,1,1,1],79,9].
[[2,6,0,0,0,0,0,0,0],6,61].
[[3,5,0,1,2,0,2,3,0],19,0].
[[1,8,0,0,0,0,2,3,0],66,273].
[[2,8,1,1,1,1,2,2,2],36,27].
[[3,6,1,1,1,1,2,2,2],6,1].
[[2,8,1,1,2,1,2,2,2],145,118].
[[3,8,1,1,1,1,1,2,2],82,88].
[[2,7,2,1,1,1,2,2,2],4,1].
[[3,7,2,1,1,1,2,2,0],16,3].
[[3,8,1,1,2,1,2,1,0],91,141].
[[3,5,0,0,0,0,1,2,1],58,0].
[[3,6,1,0,0,0,2,3,1],22,1].
[[2,7,2,1,2,1,2,2,0],28,2].
[[3,7,2,1,2,1,2,2,0],49,2].
[[3,9,1,1,2,1,2,2,0],0,224].
[[3,8,1,1,1,1,2,3,1],14,41].
[[2,8,1,0,0,0,1,1,1],51,63].
[[3,6,1,0,0,0,1,1,1],9,2].
[[2,9,1,0,0,0,1,1,1],22,94].
[[3,8,0,0,0,0,1,1,1],2,32].
[[2,9,1,1,1,1,1,2,1],19,53].
[[3,6,1,1,2,0,2,3,0],17,1].
[[2,8,0,1,1,1,1,2,2],13,32].
[[3,7,0,1,1,1,1,2,2],0,11].
[[3,8,0,1,1,1,1,2,1],2,94].
[[1,8,1,1,2,1,2,1,0],42,20].
[[2,8,1,1,2,1,1,1,0],36,22].
[[3,7,1,1,2,1,1,1,0],39,15].
[[3,9,0,1,1,0,2,2,0],0,6].
[[3,7,2,0,0,0,1,2,2],62,7].
[[2,9,1,1,2,0,2,1,0],16,94].
[[3,8,0,1,1,0,2,1,0],0,9].
[[1,8,1,1,2,1,2,3,0],118,60].
[[3,7,2,1,2,1,2,3,0],66,8].
[[1,3,2,0,0,0,2,2,1],2,0].
[[2,3,2,1,2,1,2,2,1],1,0].
[[3,3,2,1,2,1,2,2,0],9,0].
[[3,9,1,1,2,1,1,1,0],1,212].
[[3,7,1,1,2,0,2,3,1],48,46].
[[1,5,0,1,2,1,1,2,0],2,0].
[[2,5,0,1,2,1,1,2,0],27,2].
[[3,5,0,1,1,1,1,2,0],47,2].
[[3,8,0,0,0,0,0,0,0],0,46].
[[2,8,0,1,1,1,2,1,0],6,20].
[[3,4,1,1,2,0,2,1,0],22,10].
[[1,9,2,1,2,0,1,1,2],4,10].
[[2,8,0,1,2,0,1,1,2],2,10].
[[3,8,0,1,2,0,1,1,2],0,29].
[[2,8,1,1,1,1,1,2,1],25,24].
[[3,4,1,1,2,0,1,2,0],85,31].
[[3,9,1,1,1,0,1,1,0],0,11].
[[2,9,1,1,2,1,2,2,2],1,28].
[[1,6,1,0,0,0,2,2,2],35,2].
[[2,6,1,1,2,1,2,2,2],25,3].
[[3,6,1,1,2,1,1,1,2],16,1].
[[1,8,0,1,2,1,2,2,0],22,74].
[[1,8,1,1,2,0,2,2,1],7,15].
[[2,7,2,1,2,0,2,2,1],9,4].
[[3,7,2,1,1,0,2,2,1],0,3].
[[1,9,2,1,2,1,1,1,1],12,29].
[[2,8,0,1,2,1,2,2,1],14,117].
[[1,5,0,1,2,1,2,2,0],17,2].
[[2,5,0,1,2,1,2,2,0],50,0].
[[3,5,0,1,1,1,2,2,0],29,1].
[[3,3,2,0,0,0,1,2,1],5,0].
[[2,5,0,1,2,1,1,1,1],87,9].
[[3,7,1,0,0,0,2,1,0],47,12].
[[3,8,0,1,2,1,0,0,0],0,93].
[[1,8,0,1,2,1,2,3,1],11,56].
[[2,7,1,1,2,1,2,3,1],66,29].
[[1,9,2,1,2,1,2,1,1],24,81].
[[2,9,1,1,1,1,1,1,1],6,25].
[[3,9,1,1,1,1,1,1,1],2,21].
[[2,8,1,1,2,0,1,2,0],34,31].
[[2,8,0,1,2,1,1,2,0],21,147].
[[3,7,0,1,2,1,1,2,0],0,21].
[[1,8,1,1,2,0,2,3,1],17,17].
[[2,8,1,1,1,0,2,3,0],2,11].
[[3,8,1,1,1,0,2,2,0],8,31].
[[1,7,2,0,0,0,1,2,2],38,9].
[[3,7,2,1,2,1,1,1,1],11,15].
[[2,7,2,0,0,0,2,2,0],23,1].
[[1,9,2,1,2,0,1,1,1],3,3].
[[2,9,1,1,1,0,1,1,1],1,2].
[[3,4,0,1,2,0,1,1,1],0,1].
[[3,7,1,1,1,1,2,3,0],58,49].
[[1,8,1,1,2,0,2,3,2],18,29].
[[2,8,0,1,2,0,2,2,0],7,39].
[[2,7,2,0,0,0,2,3,2],69,14].
[[3,7,2,1,2,0,2,3,1],25,3].
[[3,8,0,1,2,0,2,1,0],1,95].
[[3,9,0,1,1,1,2,2,0],0,47].
[[2,8,1,1,2,0,0,0,0],19,41].
[[3,7,2,1,2,0,2,1,1],8,2].
[[3,8,1,1,1,1,2,3,0],64,159].
[[3,8,0,1,1,1,2,2,0],0,198].
[[3,9,1,1,1,1,0,0,0],0,5].
[[3,8,0,1,2,0,2,2,0],0,155].
[[1,8,0,0,0,0,2,3,1],36,167].
[[2,7,0,1,2,1,2,3,1],1,5].
[[3,7,0,1,2,1,2,2,0],0,71].
[[3,7,1,1,2,0,2,2,2],45,28].
[[2,9,1,1,2,1,2,2,1],11,118].
[[1,7,2,1,2,1,2,2,2],17,6].
[[2,7,2,1,2,1,2,2,2],32,15].
[[3,3,2,1,2,1,2,2,2],19,0].
[[2,9,1,1,1,1,1,1,2],6,12].
[[2,8,0,1,1,1,2,2,0],10,50].
[[2,6,0,1,2,1,0,0,0],6,33].
[[3,6,0,1,2,1,2,2,0],0,29].
[[2,8,1,1,1,0,1,2,2],6,7].
[[3,6,1,1,1,0,1,2,2],2,2].
[[2,7,1,0,0,0,2,2,0],57,17].
[[1,9,2,1,1,1,2,2,2],7,30].
[[3,7,1,1,1,1,2,2,2],26,16].
[[1,7,1,0,0,0,2,3,2],50,19].
[[2,7,1,0,0,0,2,3,0],67,36].
[[3,3,1,0,0,0,2,3,0],9,0].
[[1,8,1,0,0,0,1,2,1],113,72].
[[3,5,0,1,2,1,1,1,0],52,19].
[[3,8,0,1,1,1,1,2,2],0,151].
[[3,9,0,1,2,1,1,2,1],0,48].
[[1,8,0,1,2,1,2,2,1],10,27].
[[2,7,1,1,2,1,2,2,1],28,13].
[[3,6,1,1,2,1,2,3,2],29,2].
[[2,6,0,0,0,0,2,2,1],2,4].
[[3,6,0,0,0,0,2,2,1],0,5].
[[3,9,0,0,0,0,2,2,0],0,60].
[[2,7,1,0,0,0,1,1,0],4,3].
[[3,7,1,0,0,0,1,1,0],19,3].
[[2,9,1,1,1,1,2,1,1],3,19].
[[3,9,0,1,1,1,1,2,1],0,23].
[[3,8,1,1,2,0,2,3,1],19,42].
[[3,6,1,1,2,1,2,3,1],32,3].
[[3,7,2,0,0,0,2,3,2],17,3].
[[1,8,0,0,0,0,2,1,1],14,31].
[[2,9,1,1,1,1,2,2,0],37,141].
[[3,8,1,0,0,0,1,1,1],35,45].
[[3,7,1,1,2,1,2,1,1],27,35].
[[2,8,0,1,2,0,1,2,1],2,10].
[[3,9,1,0,0,0,1,2,0],2,209].
[[3,7,1,1,2,0,0,0,0],10,37].
[[3,7,1,1,2,0,1,2,2],53,36].
[[2,7,1,0,0,0,1,2,1],23,13].
[[1,9,2,1,1,1,2,3,2],21,28].
[[2,4,1,1,2,0,1,2,2],19,6].
[[3,4,1,1,2,0,1,2,2],62,34].
[[3,8,1,0,0,0,2,2,1],13,22].
[[2,7,1,0,0,0,2,3,1],81,60].
[[2,8,1,0,0,0,1,2,0],140,92].
[[3,6,1,0,0,0,0,0,0],12,2].
[[2,8,0,0,0,0,1,2,1],13,65].
[[3,5,0,0,0,0,1,1,0],17,5].
[[3,9,1,1,1,0,2,1,0],0,5].
[[2,7,1,1,2,1,2,2,0],26,20].
[[2,7,2,0,0,0,1,1,2],18,7].
[[3,7,2,0,0,0,1,1,2],12,11].
[[2,9,1,1,2,1,1,1,2],33,90].
[[2,8,0,1,2,1,2,3,1],18,188].
[[1,7,1,0,0,0,2,3,0],23,10].
[[2,7,1,0,0,0,2,1,0],27,14].
[[3,7,0,1,2,1,2,3,1],1,41].
[[1,7,2,0,0,0,2,2,0],15,0].
[[3,9,1,0,0,0,2,3,1],0,3].
[[1,8,1,1,2,1,1,1,1],10,15].
[[3,7,1,1,2,1,1,1,1],45,24].
[[2,5,0,1,1,1,1,1,1],21,3].
[[3,5,0,1,2,0,2,2,0],15,2].
[[2,6,0,1,2,1,2,2,0],1,5].
[[3,3,1,1,2,1,2,2,0],4,1].
[[3,8,1,1,1,1,2,2,1],13,31].
[[3,7,1,1,1,1,1,2,1],28,22].
[[2,9,1,1,2,1,2,1,1],5,61].
[[3,9,1,1,2,1,1,1,1],4,62].
[[3,7,0,1,1,1,2,3,0],0,24].
[[3,6,1,1,2,1,0,0,0],26,3].
[[3,8,0,1,2,1,2,1,1],2,58].
[[3,7,0,1,2,1,2,2,2],0,49].
[[1,9,2,0,0,0,1,1,1],25,68].
[[3,9,1,0,0,0,1,1,1],3,35].
[[3,7,1,1,1,1,2,2,0],30,27].
[[1,7,1,1,2,1,2,3,2],8,11].
[[2,7,1,1,2,1,2,3,2],70,53].
[[3,8,0,0,0,0,1,2,1],2,105].
[[1,8,1,1,1,1,0,0,0],32,30].
[[3,7,2,1,2,1,2,3,2],43,9].
[[1,9,2,1,1,1,1,1,1],1,6].
[[2,8,1,1,1,1,1,1,1],9,11].
[[3,8,1,1,1,1,1,1,1],21,40].
[[1,5,0,0,0,0,1,1,2],34,1].
[[3,7,2,1,2,1,2,2,2],38,14].
[[1,9,2,1,1,1,2,1,1],4,12].
[[3,8,0,1,1,1,1,1,1],2,22].
[[3,7,1,1,2,0,2,3,2],44,24].
[[2,8,1,1,2,0,1,2,1],37,55].
[[1,9,2,1,2,0,1,2,2],7,40].
[[2,8,1,1,2,1,2,1,1],52,57].
[[3,6,1,1,2,1,2,1,1],15,1].
[[3,7,0,1,2,1,2,1,1],1,13].
[[3,7,2,0,0,0,2,1,1],2,3].
[[1,8,1,1,2,1,2,1,1],58,44].
[[2,7,2,1,2,1,1,2,2],49,7].
[[3,3,2,1,2,1,1,2,2],12,0].
[[3,2,0,0,0,0,0,0,0],0,3].
[[1,7,1,1,2,1,0,0,0],43,18].
[[3,7,1,1,1,1,2,3,1],38,38].
[[1,7,2,1,2,1,0,0,0],41,6].
[[1,8,0,1,2,1,1,1,2],3,8].
[[2,8,0,1,2,1,1,1,2],14,53].
[[3,6,0,1,2,1,1,1,2],0,5].
[[3,5,0,1,2,1,2,3,0],62,0].
[[3,7,2,1,1,1,1,2,2],30,5].
[[2,8,0,0,0,0,1,1,2],16,39].
[[3,8,0,0,0,0,1,1,2],0,37].
[[2,7,2,1,2,0,0,0,0],22,7].
[[3,7,2,1,1,0,2,3,0],3,2].
[[3,5,0,1,2,0,1,1,0],18,8].
[[2,5,0,0,0,0,1,2,0],34,2].
[[3,9,1,1,1,1,1,1,2],0,29].
[[3,3,2,1,1,1,2,2,2],6,0].
[[2,7,1,0,0,0,2,2,2],86,56].
[[3,6,1,1,2,1,1,2,2],48,1].
[[3,7,0,0,0,0,2,2,0],0,35].
[[3,9,1,1,1,1,2,1,1],0,1].
[[2,4,1,1,2,0,2,3,0],21,3].
[[2,7,2,0,0,0,2,2,2],65,9].
[[1,8,1,1,2,1,1,2,1],39,17].
[[2,7,2,1,2,1,1,1,2],9,5].
[[3,7,2,1,1,1,1,1,2],3,4].
[[3,7,0,0,0,0,1,1,0],0,3].
[[2,6,1,1,2,1,2,3,1],37,4].
[[3,9,0,0,0,0,1,2,1],0,21].
[[2,7,1,0,0,0,1,1,2],13,4].
[[3,7,1,1,2,0,1,1,2],8,9].
[[2,3,1,1,2,1,2,2,2],2,0].
[[3,3,1,1,2,1,1,1,2],4,1].
[[2,8,1,1,2,0,2,3,0],73,94].
[[3,9,0,1,2,0,1,2,1],0,16].
[[1,7,1,1,2,1,2,2,0],1,2].
[[2,7,1,1,1,1,1,2,0],1,1].
[[3,7,1,1,1,1,1,1,1],13,12].
[[3,7,1,1,1,1,2,3,2],24,19].
[[1,8,1,1,2,0,1,1,1],3,3].
[[2,8,1,1,2,0,1,1,1],11,16].
[[2,7,2,1,1,1,0,0,0],5,2].
[[3,7,2,1,1,1,2,3,2],10,2].
[[1,8,1,1,2,1,1,2,0],19,14].
[[2,9,1,1,2,0,1,1,2],7,22].
[[3,9,0,1,2,1,2,1,0],0,60].
[[3,6,0,1,2,1,1,2,0],0,17].
[[3,7,1,0,0,0,1,2,1],62,28].
[[3,8,0,1,2,0,1,1,0],0,55].
[[3,7,2,1,2,1,2,1,1],11,3].
[[2,8,0,1,1,1,0,0,0],6,39].
[[3,5,0,1,1,1,2,3,0],19,3].
[[3,8,1,1,2,1,0,0,0],0,14].
[[2,2,1,0,0,0,0,0,0],9,0].
[[3,2,1,1,2,0,2,3,0],1,0].
[[3,9,0,0,0,0,2,1,0],0,20].
[[3,7,0,1,2,0,2,3,1],0,8].
[[1,6,1,0,0,0,2,1,1],8,1].
[[2,6,1,1,2,1,2,1,1],13,0].
[[3,6,1,1,1,1,2,2,0],8,1].
[[2,9,1,1,1,1,2,3,1],7,38].
[[3,9,1,1,1,1,2,2,0],0,93].
[[2,8,0,1,2,0,2,3,2],3,18].
[[2,3,1,1,2,1,0,0,0],14,2].
[[3,3,1,1,2,1,2,3,1],20,7].
[[3,9,1,0,0,0,2,2,0],0,92].
[[2,7,2,1,2,1,2,3,1],39,5].
[[2,7,2,0,0,0,2,3,1],57,7].
[[3,7,2,0,0,0,1,2,1],28,6].
[[2,7,2,1,2,1,2,3,0],25,3].
[[2,7,2,1,2,0,2,3,0],12,1].
[[3,7,2,1,2,0,1,2,0],18,1].
[[2,8,1,1,1,1,1,1,2],11,3].
[[3,7,1,1,1,1,1,1,2],16,5].
[[2,9,1,1,1,1,2,1,0],9,74].
[[3,7,2,1,1,1,2,3,1],11,2].
[[2,8,0,1,2,0,2,3,0],4,68].
[[3,6,0,1,2,0,2,3,0],0,11].
[[1,6,1,0,0,0,2,3,2],36,2].
[[2,3,1,0,0,0,2,3,2],8,2].
[[3,3,1,1,2,1,2,3,2],21,6].
[[3,7,2,1,1,0,1,2,1],2,3].
[[3,8,1,1,2,1,2,2,2],8,15].
[[1,7,2,0,0,0,2,2,1],10,5].
[[3,8,0,1,1,1,2,3,1],1,58].
[[3,8,0,1,1,1,0,0,0],0,29].
[[2,6,0,0,0,0,2,2,2],0,12].
[[3,6,0,1,2,0,2,2,2],0,4].
[[2,9,1,0,0,0,1,1,2],26,84].
[[3,9,1,1,2,0,1,1,2],0,23].
[[1,7,2,0,0,0,2,1,0],4,1].
[[3,7,2,0,0,0,2,3,0],27,5].
[[2,7,0,0,0,0,2,3,0],0,15].
[[1,7,1,1,2,1,2,3,1],7,2].
[[2,7,1,1,2,1,1,2,1],21,9].
[[3,8,1,1,1,1,2,1,0],39,47].
[[3,8,0,1,2,1,1,1,2],0,94].
[[3,6,0,1,2,1,2,2,2],0,21].
[[3,7,0,1,1,1,0,0,0],0,20].
[[1,7,2,1,2,0,2,3,1],3,0].
[[2,7,1,1,2,0,2,3,1],16,10].
[[3,7,1,1,1,0,1,2,1],3,2].
[[3,8,1,1,1,1,1,2,1],71,83].
[[3,9,0,1,1,0,1,2,0],0,19].
[[3,3,1,0,0,0,2,2,1],14,2].
[[3,8,1,0,0,0,1,1,2],34,26].
[[3,7,2,1,2,0,0,0,0],6,1].
[[3,8,0,1,2,1,1,1,1],2,79].
[[2,7,2,1,2,1,1,2,0],6,1].
[[3,7,2,1,1,1,1,1,0],3,2].
[[3,8,0,0,0,0,2,1,1],0,21].
[[2,8,1,0,0,0,1,1,2],53,40].
[[1,7,2,1,2,1,1,2,2],7,0].
[[3,9,1,0,0,0,1,1,2],0,30].
[[3,3,1,1,2,1,2,2,1],15,1].
[[2,7,1,0,0,0,1,1,1],9,7].
[[3,3,1,1,2,0,1,1,1],3,0].
[[3,5,0,0,0,0,1,1,1],80,6].
[[3,5,0,1,2,1,1,2,1],160,4].
[[1,8,1,0,0,0,1,1,2],39,27].
[[3,8,0,1,1,0,2,3,0],0,24].
[[3,3,1,1,1,1,2,3,1],6,1].
[[3,7,0,0,0,0,0,0,0],0,37].
[[2,8,0,1,1,1,2,3,1],10,29].
[[2,8,1,1,2,0,2,1,1],8,27].
[[3,3,1,0,0,0,2,3,2],14,3].
[[3,7,0,0,0,0,2,3,1],0,27].
[[1,9,2,1,1,1,2,1,0],6,28].
[[2,4,1,1,2,0,2,1,0],3,3].
[[3,6,0,0,0,0,2,3,2],0,5].
[[2,6,1,0,0,0,1,1,1],8,0].
[[3,6,0,1,2,1,2,3,1],0,19].
[[2,5,0,1,2,0,1,1,2],20,4].
[[3,5,0,1,1,0,1,1,2],4,5].
[[2,9,1,1,2,1,1,1,1],16,70].
[[3,7,1,1,1,0,0,0,0],3,4].
[[1,7,1,0,0,0,2,1,1],19,5].
[[2,5,0,1,1,1,2,3,0],4,1].
[[2,8,0,1,2,0,2,1,0],1,22].
[[2,8,0,1,1,1,2,3,2],7,13].
[[2,8,0,1,1,1,2,2,1],5,14].
[[3,4,1,1,2,0,1,1,1],24,6].
[[2,6,1,1,2,0,2,3,2],10,0].
[[3,6,1,1,1,0,2,1,1],1,1].
[[2,6,1,0,0,0,2,3,2],57,1].
[[3,6,1,1,2,0,1,2,2],12,3].
[[3,3,1,1,2,0,0,0,0],27,1].
[[3,7,2,0,0,0,2,2,0],25,4].
[[3,8,1,1,1,0,1,2,1],8,29].
[[2,8,1,1,1,1,1,2,0],25,12].
[[1,8,0,0,0,0,1,2,0],7,46].
[[2,8,0,1,2,0,1,2,0],0,22].
[[2,9,1,1,1,0,1,2,0],0,13].
[[1,6,0,0,0,0,0,0,0],9,38].
[[2,9,1,1,2,0,2,1,1],3,15].
[[3,8,0,1,2,0,2,1,1],0,15].
[[3,3,1,0,0,0,2,2,0],6,1].
[[3,9,1,1,1,0,2,2,0],0,19].
[[1,8,0,0,0,0,1,1,0],1,12].
[[2,7,2,1,2,0,2,2,0],7,0].
[[3,7,2,1,2,0,2,2,0],31,1].
[[3,5,0,1,2,0,1,2,0],38,4].
[[2,6,1,0,0,0,2,1,1],14,1].
[[2,7,2,1,2,1,2,3,2],47,15].
[[2,8,0,1,2,1,1,1,1],6,21].
[[1,8,1,1,2,1,1,2,2],59,41].
[[3,8,0,1,1,1,1,1,2],0,29].
[[3,6,1,1,2,0,2,3,2],15,0].
[[3,8,1,1,1,0,2,3,0],6,48].
[[1,7,1,0,0,0,2,2,1],14,10].
[[1,5,0,1,2,1,1,1,1],22,3].
[[3,6,1,1,2,1,1,2,1],31,1].
[[2,9,1,1,1,1,2,2,1],5,24].
[[3,9,1,1,1,1,2,1,0],0,56].
[[3,8,1,1,2,0,2,2,1],14,33].
[[1,7,2,1,2,0,2,3,2],0,4].
[[2,7,2,1,2,0,1,2,2],15,8].
[[3,7,1,1,1,0,1,2,2],4,5].
[[3,7,1,0,0,0,1,1,2],16,13].
[[1,8,1,1,1,1,2,2,2],11,5].
[[3,9,1,1,1,0,1,2,1],0,17].
[[1,8,1,1,2,0,1,2,2],7,8].
[[3,7,0,0,0,0,2,2,2],0,24].
[[3,8,1,1,1,1,2,1,1],5,20].
[[1,9,2,1,2,0,2,1,0],4,24].
[[2,5,0,1,1,0,2,1,0],1,0].
[[3,8,0,1,1,1,2,2,1],0,37].
[[1,5,0,1,2,1,1,1,2],21,2].
[[2,8,0,1,2,1,1,2,1],14,68].
[[3,9,1,0,0,0,0,0,0],0,3].
[[3,6,1,1,2,0,2,3,1],15,4].
[[3,8,1,1,1,0,1,1,2],0,7].
[[3,7,2,0,0,0,0,0,0],5,2].
[[2,7,1,1,1,1,2,2,2],6,0].
[[3,4,1,1,2,0,2,2,2],6,3].
[[1,9,2,1,1,1,2,2,0],18,62].
[[3,7,2,1,2,1,2,2,1],30,8].
[[1,9,2,1,1,1,2,3,1],16,28].
[[3,7,0,1,2,1,1,2,1],0,17].
[[3,8,0,1,2,0,1,1,1],2,18].
[[3,9,1,1,2,0,2,2,0],3,61].
[[3,6,1,1,2,1,2,2,1],22,3].
[[3,9,0,0,0,0,1,1,1],0,9].
[[3,4,1,1,2,0,1,1,0],39,16].
[[2,7,0,0,0,0,0,0,0],2,45].
[[2,5,0,0,0,0,2,3,0],33,0].
[[3,7,1,1,1,1,1,2,0],28,5].
[[3,7,2,1,2,1,1,1,2],21,7].
[[3,9,1,1,2,0,1,1,0],0,63].
[[3,8,0,1,2,0,0,0,0],0,25].
[[3,6,1,1,2,0,1,2,0],11,1].
[[3,9,1,1,2,0,2,1,0],1,40].
[[2,8,0,1,2,1,2,1,1],13,37].
[[2,8,0,0,0,0,2,1,1],11,57].
[[3,8,1,1,1,0,2,1,0],11,20].
[[1,8,1,1,2,0,2,2,0],8,7].
[[2,8,1,1,1,0,2,2,0],2,6].
[[3,7,2,1,2,0,1,2,2],54,10].
[[3,7,0,1,1,1,1,2,0],0,7].
[[1,7,1,1,2,1,1,2,1],3,1].
[[3,9,1,1,2,1,2,3,1],0,4].
[[1,7,2,1,2,1,2,3,0],5,3].
[[3,7,2,1,2,1,1,2,0],37,0].
[[3,7,2,1,2,0,2,2,2],31,4].
[[2,7,0,0,0,0,2,2,2],1,20].
[[3,5,0,1,2,0,1,1,2],40,4].
[[3,6,1,1,1,1,1,2,0],8,0].
[[2,7,2,1,2,1,2,2,1],16,8].
[[3,7,2,1,1,1,2,2,1],12,2].
[[3,7,0,1,2,1,1,1,2],0,18].
[[3,9,0,1,2,1,1,1,1],0,25].
[[3,9,0,1,2,0,1,1,0],0,50].
[[3,8,0,1,2,0,2,2,2],0,2].
[[3,9,1,0,0,0,2,1,0],0,48].
[[2,7,1,0,0,0,1,2,0],17,4].
[[3,7,1,0,0,0,1,2,0],55,8].
[[2,6,1,0,0,0,1,2,1],13,1].
[[1,9,2,1,2,0,2,2,0],12,70].
[[2,8,1,1,1,0,1,1,2],2,3].
[[1,9,2,1,1,1,1,2,0],9,18].
[[2,9,1,1,1,0,2,3,0],0,18].
[[1,8,0,0,0,0,1,1,2],18,15].
[[3,6,0,0,0,0,0,0,0],0,21].
[[3,6,1,0,0,0,1,2,2],24,2].
[[1,6,1,0,0,0,2,2,0],12,1].
[[2,3,2,1,2,0,1,2,1],1,0].
[[3,3,2,1,2,0,1,2,0],3,0].
[[2,6,1,0,0,0,1,1,2],5,0].
[[1,9,2,1,1,1,0,0,0],30,43].
[[1,8,1,1,1,1,2,2,1],10,5].
[[2,7,2,1,1,1,1,2,2],3,3].
[[3,6,0,0,0,0,2,3,0],0,22].
[[3,6,1,0,0,0,2,3,2],21,0].
[[3,9,0,0,0,0,1,1,0],0,54].
[[2,6,1,1,2,0,2,2,1],5,2].
[[3,6,1,1,2,0,1,2,1],9,1].
[[2,8,1,1,1,1,2,3,2],29,26].
[[1,7,2,0,0,0,1,1,2],6,5].
[[2,7,2,0,0,0,2,2,1],34,3].
[[3,7,2,0,0,0,1,1,1],10,18].
[[1,6,1,1,2,1,2,3,1],6,0].
[[1,8,1,1,2,0,1,1,2],2,3].
[[2,8,1,1,2,0,1,1,2],12,11].
[[3,7,2,1,2,0,1,1,2],7,8].
[[3,9,0,1,1,1,1,1,1],0,8].
[[3,7,2,0,0,0,2,1,0],7,0].
[[2,7,2,1,2,0,2,3,1],12,4].
[[2,9,1,1,1,1,0,0,0],3,17].
[[1,8,1,1,1,1,2,3,2],10,8].
[[3,7,0,1,2,1,2,3,2],1,34].
[[2,7,2,0,0,0,2,1,0],13,1].
[[3,7,2,1,1,1,1,2,1],13,3].
[[3,8,0,1,1,0,1,2,0],0,15].
[[3,6,1,1,1,1,2,3,1],19,2].
[[2,5,0,1,2,1,1,2,1],49,2].
[[3,7,1,1,2,0,2,1,1],13,10].
[[2,9,1,1,2,0,1,1,0],4,63].
[[3,3,1,1,1,1,0,0,0],9,2].
[[2,7,0,0,0,0,1,2,2],1,5].
[[2,8,0,1,2,0,2,2,1],2,21].
[[3,7,2,1,1,0,2,2,0],8,1].
[[2,5,0,1,1,1,2,2,0],7,0].
[[3,6,1,1,2,1,1,2,0],25,0].
[[1,6,1,1,2,1,2,1,1],3,0].
[[2,7,1,1,2,0,2,3,0],14,8].
[[2,5,0,1,2,1,1,1,0],12,6].
[[3,6,0,1,2,1,1,2,1],0,10].
[[1,6,1,0,0,0,2,3,1],30,1].
[[3,3,1,1,2,1,1,2,1],12,0].
[[1,7,1,1,2,1,2,2,2],4,7].
[[3,7,0,1,2,1,2,2,1],0,28].
[[2,8,1,1,1,0,2,1,0],1,10].
[[3,3,2,1,2,0,2,3,2],7,0].
[[2,5,0,0,0,0,1,1,0],12,3].
[[3,6,1,1,2,0,1,1,2],5,1].
[[2,5,0,1,2,0,1,2,1],8,1].
[[2,7,1,1,1,1,0,0,0],14,12].
[[3,7,1,1,1,1,0,0,0],13,28].
[[3,7,0,0,0,0,2,1,0],0,16].
[[3,7,2,0,0,0,2,2,1],16,2].
[[3,7,0,1,1,1,2,3,1],0,20].
[[3,7,1,1,2,0,1,2,0],24,9].
[[2,7,2,1,2,0,1,2,1],4,0].
[[3,7,2,1,2,0,1,2,1],27,3].
[[2,7,1,1,2,1,2,1,0],19,11].
[[3,9,1,1,1,0,1,2,0],0,39].
[[3,9,1,1,1,0,2,3,0],0,17].
[[1,6,1,0,0,0,2,3,0],19,0].
[[2,6,1,0,0,0,1,2,0],7,0].
[[3,8,1,1,1,1,0,0,0],0,3].
[[2,9,1,1,2,0,2,2,1],3,35].
[[3,8,0,1,2,0,2,2,1],0,26].
[[2,3,2,0,0,0,0,0,0],30,1].
[[3,3,2,0,0,0,2,2,2],13,0].
[[2,9,1,1,1,0,1,2,2],0,15].
[[2,7,2,0,0,0,2,1,1],10,4].
[[3,7,1,1,2,1,1,1,2],42,17].
[[3,7,0,0,0,0,2,1,1],0,9].
[[1,8,1,1,2,0,1,2,1],4,3].
[[2,7,1,1,2,0,1,2,1],2,1].
[[2,9,1,1,2,0,1,1,1],5,20].
[[3,7,0,1,2,0,2,1,1],0,5].
[[2,6,1,1,2,1,1,2,1],8,1].
[[3,6,1,1,1,1,1,2,1],15,0].
[[2,7,1,1,2,0,1,2,2],7,2].
[[2,8,1,1,1,1,2,1,1],12,21].
[[1,9,2,1,2,0,2,2,2],3,40].
[[3,5,0,1,1,1,1,1,0],17,10].
[[3,6,0,0,0,0,2,2,0],0,18].
[[1,7,2,1,2,0,2,2,2],6,3].
[[3,3,2,0,0,0,2,3,1],3,0].
[[3,6,0,1,2,1,1,1,1],0,4].
[[3,7,0,0,0,0,1,2,0],0,10].
[[2,9,1,1,1,0,2,2,0],1,14].
[[3,6,1,0,0,0,2,2,2],21,1].
[[1,8,1,1,2,1,1,1,2],17,10].
[[2,6,0,0,0,0,2,3,0],3,11].
[[3,6,0,1,2,1,2,3,0],1,44].
[[2,8,0,1,2,0,2,1,1],1,8].
[[3,3,2,1,2,1,1,1,2],3,0].
[[3,8,1,0,0,0,0,0,0],0,7].
[[2,8,0,0,0,0,1,1,1],7,16].
[[1,7,2,1,2,1,2,3,1],5,0].
[[2,8,0,1,1,1,1,2,0],4,19].
[[3,9,0,1,2,0,2,1,0],0,23].
[[2,7,1,1,2,0,2,2,1],7,7].
[[1,7,2,1,2,1,2,2,0],5,1].
[[2,6,0,0,0,0,2,2,0],0,9].
[[3,6,0,1,2,1,1,1,0],0,4].
[[1,6,1,1,2,1,0,0,0],40,3].
[[2,2,1,1,2,1,0,0,0],2,0].
[[3,2,1,1,1,1,2,2,0],1,0].
[[2,5,0,0,0,0,2,1,0],5,0].
[[2,6,1,1,1,1,2,3,0],4,0].
[[3,7,1,1,1,0,2,2,0],3,9].
[[2,7,1,1,2,1,1,2,0],7,3].
[[3,9,1,1,2,0,1,1,1],1,22].
[[2,5,0,1,2,1,2,3,0],31,0].
[[3,5,0,1,1,1,2,1,0],3,0].
[[2,8,0,1,2,0,2,2,2],3,27].
[[2,7,0,1,2,1,2,2,1],0,4].
[[3,6,0,1,2,1,1,2,2],0,16].
[[1,7,1,1,2,1,2,2,1],3,0].
[[3,7,1,1,1,1,2,1,0],15,18].
[[1,5,0,0,0,0,1,2,1],9,0].
[[2,7,0,0,0,0,2,3,2],0,7].
[[3,7,0,0,0,0,1,2,2],0,18].
[[3,6,1,0,0,0,2,1,0],12,1].
[[3,6,0,0,0,0,1,2,2],0,8].
[[3,8,0,1,1,0,2,2,0],0,13].
[[3,7,0,1,2,0,1,2,2],0,7].
[[1,7,1,0,0,0,2,2,0],9,3].
[[3,9,0,1,2,0,1,1,1],0,11].
[[3,9,0,0,0,0,2,3,0],0,26].
[[2,7,2,1,2,1,2,1,0],14,0].
[[3,7,2,1,1,1,2,2,2],17,5].
[[2,6,1,1,2,0,2,3,0],8,0].
[[2,7,0,1,2,1,2,3,0],0,9].
[[3,7,1,1,2,0,2,1,0],19,11].
[[2,3,2,0,0,0,2,2,2],14,0].
[[3,3,2,0,0,0,1,1,2],3,0].
[[2,3,2,0,0,0,2,3,1],6,0].
[[3,6,0,1,2,1,0,0,0],0,27].
[[3,7,2,0,0,0,2,2,2],25,5].
[[1,8,1,1,1,1,2,3,0],7,6].
[[2,7,1,1,2,1,1,1,1],4,4].
[[2,7,2,1,2,1,1,1,1],3,10].
[[2,7,1,1,2,0,1,1,2],0,2].
[[3,7,1,1,1,0,1,1,2],2,1].
[[1,9,2,1,2,0,1,2,0],5,25].
[[3,6,0,1,2,0,1,2,0],0,3].
[[2,6,0,0,0,0,2,3,2],2,13].
[[3,3,1,1,2,0,2,3,2],10,0].
[[1,9,2,1,1,1,1,1,2],6,8].
[[2,5,0,1,2,0,2,2,0],9,2].
[[3,6,1,1,1,1,2,1,0],7,0].
[[3,3,1,1,2,1,1,2,2],10,1].
[[3,9,0,1,1,1,2,1,0],0,22].
[[3,7,2,1,1,0,2,2,2],2,0].
[[2,7,2,1,1,0,2,3,2],1,1].
[[3,7,2,1,1,0,2,3,1],0,2].
[[3,4,1,1,2,0,2,3,2],3,2].
[[2,4,1,1,2,0,1,1,0],5,3].
[[2,6,0,1,2,1,2,2,1],0,5].
[[3,6,0,1,1,1,2,3,0],0,13].
[[2,8,1,1,1,1,0,0,0],16,18].
[[2,6,1,1,2,0,2,3,1],9,1].
[[3,3,1,1,2,0,2,3,1],6,0].
[[3,3,0,1,2,1,0,0,0],0,4].
[[2,7,0,0,0,0,2,3,1],0,9].
[[3,3,1,1,2,1,2,1,0],9,0].
[[2,7,1,1,2,0,1,1,0],0,1].
[[3,7,0,1,2,0,1,1,0],0,1].
[[3,7,0,1,2,1,1,1,1],2,4].
[[1,6,0,0,0,0,2,3,0],0,3].
[[2,7,1,1,1,1,2,3,2],3,6].
[[3,6,1,1,2,0,1,1,0],0,1].
[[3,9,1,1,2,0,2,2,1],0,5].
[[3,7,2,1,2,0,2,3,2],24,4].
[[3,3,2,1,2,1,2,1,0],1,0].
[[2,4,1,1,2,0,0,0,0],2,2].
[[3,4,1,1,2,0,2,3,1],10,11].
[[1,8,1,1,1,1,2,2,0],9,3].
[[2,7,1,1,1,1,2,3,0],6,6].
[[2,8,1,1,1,0,2,3,1],2,6].
[[2,6,0,0,0,0,1,2,0],0,4].
[[3,6,0,0,0,0,1,2,0],0,8].
[[1,5,0,0,0,0,1,1,1],37,1].
[[2,4,1,1,2,0,2,2,0],8,5].
[[3,6,0,1,1,1,2,2,0],0,12].
[[1,8,1,1,1,1,2,3,1],14,6].
[[2,7,1,1,1,1,2,3,1],4,5].
[[2,7,0,1,2,1,2,2,0],0,6].
[[3,6,1,1,2,0,1,1,1],6,1].
[[2,5,0,1,1,1,1,2,0],9,0].
[[1,8,1,1,1,1,1,2,2],8,4].
[[2,6,0,1,2,1,2,3,0],2,9].
[[2,7,0,0,0,0,2,2,0],0,6].
[[2,8,0,1,2,0,1,1,1],0,2].
[[3,8,0,1,1,0,1,1,1],0,1].
[[3,7,0,1,1,1,2,2,0],0,16].
[[3,7,0,1,2,0,2,2,1],1,8].
[[2,7,1,1,1,1,2,2,0],1,4].
[[2,6,1,1,2,1,2,2,0],13,0].
[[1,7,2,1,2,1,1,1,1],0,1].
[[3,7,2,1,1,1,1,1,1],5,3].
[[2,7,0,1,2,1,1,2,2],1,3].
[[1,6,1,1,2,1,2,2,2],8,1].
[[2,6,1,1,1,1,1,2,2],2,0].
[[3,6,1,1,1,1,1,2,2],14,0].
[[2,6,1,1,2,1,1,2,2],7,1].
[[2,3,1,0,0,0,2,3,0],3,0].
[[3,3,1,1,2,0,2,2,0],4,1].
[[2,3,1,0,0,0,2,2,2],7,1].
[[3,3,1,0,0,0,2,2,2],15,2].
[[3,7,1,1,1,0,2,2,2],5,3].
[[2,4,1,1,2,0,1,1,1],1,1].
[[3,3,1,1,2,0,2,2,1],9,0].
[[2,7,1,1,2,0,2,2,2],13,9].
[[3,6,0,1,2,1,2,1,0],0,12].
[[1,9,2,1,2,0,1,2,1],3,13].
[[2,9,1,1,1,0,1,2,1],0,8].
[[2,8,1,1,1,0,0,0,0],0,3].
[[2,7,1,1,2,0,2,3,2],6,16].
[[3,7,1,1,1,0,2,3,2],1,8].
[[3,3,1,1,1,1,2,2,1],2,0].
[[3,7,1,1,1,0,2,3,1],4,8].
[[3,7,1,1,2,0,1,1,0],8,4].
[[2,5,0,1,2,0,1,2,0],5,1].
[[2,6,1,1,2,1,2,1,0],11,0].
[[2,7,1,1,1,1,1,2,2],1,3].
[[3,7,0,1,2,0,2,3,2],0,6].
[[2,6,1,1,1,1,2,2,1],2,1].
[[3,7,1,1,1,0,2,3,0],5,11].
[[2,6,0,0,0,0,2,3,1],0,6].
[[2,6,1,1,1,1,2,2,2],7,1].
[[3,6,0,1,2,1,2,3,2],0,14].
[[3,9,0,1,1,0,2,1,0],0,9].
[[3,9,0,1,1,0,1,1,0],0,10].
[[3,3,2,1,2,1,1,2,1],2,0].
[[2,5,0,1,2,0,2,3,0],6,1].
[[2,6,1,1,2,1,1,1,2],5,2].
[[1,6,0,0,0,0,2,3,2],0,3].
[[2,6,0,1,2,1,1,2,2],1,2].
[[2,6,0,1,2,1,2,3,2],0,5].
[[3,6,0,1,1,1,2,3,2],0,2].
[[1,7,1,0,0,0,2,1,0],9,2].
[[3,7,2,1,2,0,1,1,1],6,5].
[[1,6,1,1,2,1,1,1,1],1,1].
[[2,6,1,1,2,1,1,1,1],2,0].
[[3,6,1,1,2,1,1,1,1],10,4].
[[1,8,0,1,2,1,1,2,0],3,10].
[[2,7,1,1,1,1,2,2,1],4,1].
[[3,3,2,1,2,0,0,0,0],11,0].
[[3,2,1,1,2,1,2,3,1],4,0].
[[3,5,0,1,1,0,1,2,0],3,3].
[[1,9,2,1,2,0,2,2,1],3,22].
[[2,5,0,1,2,0,2,1,0],1,1].
[[3,6,0,1,1,1,0,0,0],0,5].
[[1,5,0,1,2,1,2,3,0],4,0].
[[2,4,1,1,2,0,1,1,2],1,1].
[[3,4,1,1,2,0,1,1,2],12,4].
[[2,7,2,1,1,0,1,2,2],0,3].
[[3,7,2,1,1,0,1,2,2],2,6].
[[3,6,0,1,2,0,2,3,2],0,5].
[[3,8,0,1,1,0,2,3,1],0,1].
[[3,8,1,1,1,1,2,2,2],5,1].
[[3,8,1,1,1,0,2,1,1],2,3].
[[2,7,1,1,2,0,2,2,0],6,1].
[[3,7,0,1,2,1,1,1,0],0,8].
[[2,6,1,1,2,1,2,3,0],25,0].
[[3,3,2,1,2,1,2,3,2],10,0].
[[3,3,1,1,2,1,2,2,2],12,1].
[[1,6,1,1,2,1,2,3,2],9,0].
[[3,6,0,1,2,0,0,0,0],0,4].
[[2,8,0,1,2,0,1,1,0],0,5].
[[1,3,2,0,0,0,0,0,0],16,0].
[[2,3,2,1,2,0,2,3,0],1,0].
[[2,4,1,1,2,0,1,2,0],13,4].
[[3,8,1,1,2,0,2,1,1],10,9].
[[3,7,2,1,1,1,1,2,0],5,0].
[[3,7,0,0,0,0,2,2,1],0,12].
[[2,6,0,1,2,1,2,1,0],0,6].
[[3,6,0,1,1,1,1,2,0],0,2].
[[3,7,2,1,2,1,2,1,0],29,3].
[[3,6,1,0,0,0,1,1,2],7,1].
[[3,4,1,1,2,0,2,2,1],8,6].
[[2,3,2,0,0,0,1,2,2],7,0].
[[3,3,2,1,2,0,1,2,2],11,0].
[[3,8,1,1,1,0,1,1,0],0,10].
[[3,2,1,0,0,0,2,3,1],3,0].
[[3,7,0,1,2,0,2,2,2],0,8].
[[2,6,1,1,1,1,2,3,2],4,0].
[[3,6,1,1,1,1,2,1,1],4,0].
[[1,8,1,1,1,1,2,1,1],7,2].
[[3,7,1,1,1,1,2,1,1],8,9].
[[1,9,2,1,1,1,1,2,1],6,9].
[[2,7,1,1,2,1,1,1,2],5,3].
[[3,7,2,1,2,0,2,1,0],10,1].
[[2,3,2,1,2,1,2,2,2],4,0].
[[3,8,1,1,1,0,2,3,1],5,12].
[[1,5,0,0,0,0,1,2,0],10,2].
[[3,8,1,0,0,0,2,1,1],7,19].
[[1,5,0,1,2,0,2,3,0],2,0].
[[2,7,2,1,2,0,2,1,0],2,1].
[[2,9,1,1,2,0,2,3,1],0,41].
[[3,3,2,0,0,0,0,0,0],11,0].
[[1,7,2,0,0,0,2,3,0],16,3].
[[2,3,2,0,0,0,2,3,0],3,0].
[[3,3,2,0,0,0,1,2,0],3,0].
[[2,6,1,1,2,0,2,2,2],3,3].
[[1,8,1,1,1,1,1,1,1],4,1].
[[2,4,1,1,2,0,1,2,1],14,2].
[[3,3,1,1,1,1,2,3,2],2,0].
[[3,9,0,1,2,0,2,3,0],0,19].
[[3,3,2,1,2,1,2,3,0],4,0].
[[1,8,1,1,2,0,2,1,1],11,11].
[[3,7,1,1,1,0,2,1,1],1,2].
[[3,2,0,0,0,0,2,2,1],0,1].
[[1,8,0,0,0,0,1,1,1],0,3].
[[2,6,0,0,0,0,1,1,1],0,1].
[[3,6,0,0,0,0,1,2,1],0,2].
[[1,5,0,1,1,1,2,2,0],1,0].
[[1,8,1,1,2,0,2,1,0],2,4].
[[3,6,0,1,1,1,2,1,0],0,2].
[[2,4,1,1,2,0,2,2,2],1,2].
[[3,6,1,1,1,1,2,2,1],5,1].
[[3,8,0,1,1,1,2,2,2],0,7].
[[3,8,0,1,1,1,2,1,1],0,15].
[[2,9,1,1,1,0,1,1,2],0,2].
[[3,4,0,1,2,0,1,2,1],0,1].
[[1,5,0,0,0,0,2,3,0],11,1].
[[3,9,1,1,1,0,1,1,1],0,4].
[[2,5,0,1,1,1,2,1,0],2,0].
[[2,8,0,1,1,1,1,1,2],4,10].
[[3,9,1,0,0,0,2,2,1],0,4].
[[3,6,0,1,2,0,2,2,1],0,3].
[[2,8,1,1,1,0,2,2,2],1,5].
[[3,7,0,1,1,1,2,2,2],0,6].
[[1,2,1,0,0,0,0,0,0],6,0].
[[3,2,1,0,0,0,0,0,0],5,0].
[[1,7,1,1,2,1,2,3,0],1,3].
[[3,9,0,1,1,0,1,1,1],0,4].
[[3,7,1,1,1,1,1,1,0],8,6].
[[1,6,1,0,0,0,1,2,2],2,0].
[[2,6,1,1,2,0,1,2,2],2,0].
[[3,3,2,0,0,0,2,2,1],6,0].
[[1,8,1,1,2,1,1,1,0],6,4].
[[3,8,0,1,1,0,1,1,0],0,11].
[[2,4,1,1,2,0,2,3,2],1,2].
[[1,6,1,0,0,0,2,1,0],4,0].
[[2,6,1,1,2,1,1,1,0],2,0].
[[3,6,1,1,2,1,1,1,0],9,0].
[[3,8,0,1,1,0,1,2,1],0,12].
[[2,8,1,1,1,0,1,2,0],1,1].
[[2,7,2,1,2,1,2,1,1],7,1].
[[3,8,1,1,1,0,1,1,1],4,7].
[[2,7,2,1,1,1,2,3,0],2,1].
[[3,5,0,1,2,0,2,1,0],6,0].
[[2,6,1,0,0,0,1,2,2],16,3].
[[1,7,2,0,0,0,2,1,1],3,1].
[[3,7,2,1,2,1,1,1,0],9,4].
[[2,3,2,1,2,1,0,0,0],12,0].
[[3,7,0,0,0,0,1,1,2],0,4].
[[3,3,1,0,0,0,1,2,1],3,1].
[[3,3,2,0,0,0,2,3,2],5,0].
[[1,6,0,0,0,0,2,2,1],1,1].
[[3,3,1,1,2,0,1,2,2],3,0].
[[1,8,1,1,1,1,2,1,0],3,1].
[[3,7,2,1,1,1,2,1,1],3,0].
[[2,6,1,1,1,1,0,0,0],10,2].
[[1,6,1,1,2,1,2,2,0],4,0].
[[3,9,1,1,2,1,2,1,1],0,1].
[[1,7,2,1,2,1,2,3,2],17,4].
[[3,6,0,1,2,1,2,2,1],0,12].
[[2,7,1,1,2,1,1,1,0],2,2].
[[2,2,1,0,0,0,2,2,2],3,0].
[[3,2,1,1,2,0,2,2,2],1,0].
[[2,7,2,1,1,0,0,0,0],1,0].
[[3,3,1,1,1,1,2,2,2],6,0].
[[3,2,1,1,2,0,2,3,2],1,0].
[[3,3,1,1,2,0,1,1,2],1,1].
[[3,8,1,0,0,0,2,2,2],7,2].
[[3,3,2,1,2,0,2,2,1],4,0].
[[2,4,1,1,2,0,2,1,1],4,3].
[[3,3,1,0,0,0,1,2,0],2,0].
[[3,7,0,1,1,1,2,1,0],0,10].
[[2,3,2,1,2,1,2,3,2],4,0].
[[3,3,1,0,0,0,2,1,0],4,1].
[[2,7,0,1,2,1,2,2,2],0,13].
[[2,7,1,1,1,1,2,1,0],1,2].
[[3,7,0,1,2,0,0,0,0],1,19].
[[2,6,0,1,2,1,2,2,2],0,6].
[[2,7,2,1,1,1,2,2,1],1,1].
[[3,9,0,1,1,0,2,3,0],0,7].
[[3,7,0,1,1,1,1,2,1],0,2].
[[2,8,1,1,1,0,2,3,2],1,4].
[[3,7,2,1,1,0,0,0,0],1,1].
[[3,6,1,1,1,0,2,3,0],0,1].
[[3,3,2,0,0,0,2,1,1],1,0].
[[3,9,1,1,1,1,2,2,1],0,3].
[[1,8,1,1,1,1,1,2,0],2,2].
[[1,8,0,1,2,1,1,1,0],0,5].
[[2,5,0,1,1,1,1,1,2],9,2].
[[2,7,1,1,2,0,1,2,0],4,1].
[[3,7,0,1,2,0,2,2,0],0,5].
[[2,8,0,1,1,1,2,1,1],2,10].
[[2,3,2,1,2,0,0,0,0],6,0].
[[3,3,2,1,1,0,2,3,2],2,1].
[[2,3,2,1,2,1,2,2,0],2,0].
[[3,2,1,1,2,1,2,2,0],1,0].
[[2,7,1,1,1,1,1,2,1],2,2].
[[3,6,0,0,0,0,2,1,1],0,2].
[[3,6,1,1,1,1,1,1,2],0,1].
[[3,6,1,1,1,0,2,2,1],2,0].
[[3,7,2,1,1,1,0,0,0],2,1].
[[2,3,1,0,0,0,2,2,1],3,1].
[[3,7,1,1,1,0,1,2,0],1,1].
[[2,9,1,1,2,0,2,2,2],0,5].
[[2,6,0,0,0,0,1,2,2],0,2].
[[3,3,1,0,0,0,2,1,1],4,1].
[[2,8,1,1,1,0,1,1,0],1,1].
[[3,7,1,1,1,0,1,1,0],3,2].
[[3,2,1,1,2,0,1,2,0],1,0].
[[3,9,1,1,2,1,2,2,1],0,2].
[[3,2,1,1,1,1,2,2,2],2,0].
[[2,4,1,1,2,0,2,2,1],2,3].
[[3,6,0,1,1,1,1,2,2],0,3].
[[3,3,1,1,1,1,2,1,1],1,0].
[[3,6,0,1,1,1,2,2,2],0,3].
[[2,7,2,0,0,0,1,1,1],5,6].
[[3,6,0,0,0,0,2,2,2],0,9].
[[3,2,1,0,0,0,2,2,2],5,0].
[[2,7,2,1,1,1,1,1,2],2,0].
[[3,3,2,1,1,1,1,1,2],1,0].
[[3,3,2,0,0,0,1,2,2],15,0].
[[3,8,0,0,0,0,2,2,2],1,7].
[[1,7,2,1,2,0,2,2,1],1,1].
[[2,7,2,1,1,0,1,1,1],1,0].
[[1,8,1,1,1,1,1,2,1],6,1].
[[2,7,2,1,1,1,2,2,0],2,0].
[[1,8,0,0,0,0,1,2,1],0,4].
[[2,6,0,0,0,0,1,1,2],1,2].
[[2,5,0,1,1,1,1,1,0],4,0].
[[3,6,0,0,0,0,1,1,2],0,6].
[[3,6,1,1,1,0,2,1,0],0,1].
[[2,9,1,1,1,1,2,2,2],0,4].
[[2,7,0,0,0,0,2,1,0],0,2].
[[3,7,2,0,0,0,1,1,0],6,1].
[[3,5,0,0,0,0,2,1,0],6,0].
[[1,6,1,0,0,0,1,2,1],3,0].
[[3,3,1,0,0,0,1,1,1],2,0].
[[3,2,1,1,2,1,2,1,1],2,0].
[[3,6,0,1,2,0,1,2,1],0,2].
[[3,2,0,0,0,0,2,3,1],0,1].
[[3,7,0,1,2,0,1,2,1],0,4].
[[3,3,2,1,1,1,2,3,2],3,0].
[[2,3,2,0,0,0,2,2,0],4,0].
[[3,3,2,0,0,0,2,2,0],5,0].
[[2,8,1,1,1,0,2,2,1],0,3].
[[3,7,1,1,1,0,2,2,1],0,5].
[[3,7,0,1,1,1,1,1,2],0,5].
[[1,6,1,0,0,0,2,2,1],9,2].
[[2,3,2,0,0,0,2,2,1],2,1].
[[1,9,2,1,2,0,1,1,0],0,7].
[[2,6,1,1,2,0,2,2,0],4,1].
[[2,6,1,1,2,1,1,2,0],7,0].
[[3,3,1,0,0,0,1,2,2],3,0].
[[1,6,0,0,0,0,2,1,0],1,0].
[[2,3,1,0,0,0,2,1,0],1,0].
[[2,7,1,1,2,0,2,1,1],4,2].
[[3,3,1,1,2,0,2,1,1],4,0].
[[3,3,2,1,2,1,2,2,1],1,1].
[[3,7,0,1,1,1,2,2,1],0,6].
[[3,3,2,1,2,0,2,3,1],4,0].
[[2,7,0,1,2,1,1,1,0],0,2].
[[3,7,0,1,1,1,1,1,0],0,3].
[[1,7,1,0,0,0,1,2,2],5,0].
[[3,8,1,1,2,0,0,0,0],0,3].
[[3,8,0,1,1,0,2,1,1],0,2].
[[3,6,0,1,2,1,2,1,1],1,3].
[[3,3,2,1,2,0,1,1,2],2,0].
[[3,6,0,1,2,0,1,2,2],0,5].
[[2,6,1,1,1,1,2,2,0],4,0].
[[2,7,1,1,2,0,2,1,0],2,1].
[[3,7,1,1,1,0,2,1,0],1,3].
[[3,6,1,1,1,0,2,3,2],2,0].
[[3,2,1,1,2,1,0,0,0],4,0].
[[3,5,0,1,1,0,1,1,0],3,7].
[[3,9,1,0,0,0,2,1,1],0,1].
[[1,9,2,1,2,0,2,1,1],4,8].
[[3,3,0,0,0,0,2,3,2],0,1].
[[2,3,2,1,2,0,2,3,2],3,1].
[[2,5,0,1,2,0,1,1,0],1,2].
[[3,3,2,1,2,0,2,2,0],5,0].
[[3,4,1,1,2,0,0,0,0],2,1].
[[3,6,0,1,2,0,2,2,0],0,5].
[[3,6,1,1,2,0,2,2,1],8,2].
[[3,8,1,1,2,0,2,2,2],3,2].
[[3,6,1,1,1,1,1,1,1],2,0].
[[3,7,1,1,1,0,1,1,1],3,2].
[[2,7,2,1,1,1,2,3,1],3,0].
[[3,2,1,1,2,1,2,2,2],2,0].
[[2,6,0,0,0,0,2,1,0],0,5].
[[3,6,0,0,0,0,2,1,0],0,8].
[[3,6,1,1,1,0,2,3,1],2,0].
[[3,6,0,1,1,1,1,1,0],0,2].
[[3,7,2,1,1,0,1,1,2],2,3].
[[1,5,0,1,2,0,2,2,0],1,1].
[[3,3,1,1,1,1,1,2,1],1,0].
[[2,3,1,1,2,1,2,3,2],3,0].
[[3,3,1,1,1,1,1,2,2],1,0].
[[2,3,1,0,0,0,2,1,1],2,0].
[[3,8,0,1,1,0,2,2,1],0,6].
[[2,6,1,1,2,0,1,1,1],1,0].
[[2,7,2,1,2,0,1,1,2],3,4].
[[2,5,0,1,2,1,2,1,0],4,0].
[[3,3,1,1,1,1,2,2,0],1,0].
[[2,3,1,1,2,1,2,3,1],2,0].
[[3,6,1,0,0,0,1,1,0],6,0].
[[3,9,1,1,2,0,0,0,0],0,1].
[[2,7,2,1,1,0,2,2,1],0,1].
[[3,7,0,1,2,0,1,1,2],0,2].
[[3,2,1,0,0,0,2,3,2],1,0].
[[3,3,1,1,2,0,2,3,0],3,2].
[[1,8,1,1,2,0,1,2,0],3,1].
[[1,7,1,1,2,1,2,1,0],1,1].
[[3,6,1,1,2,0,2,1,1],4,0].
[[3,4,0,1,2,0,1,2,2],0,1].
[[2,9,1,1,1,0,2,2,1],0,2].
[[1,7,2,1,2,1,1,1,2],1,1].
[[3,7,0,1,2,0,2,1,0],0,3].
[[3,3,2,1,1,1,0,0,0],1,0].
[[2,2,0,0,0,0,2,2,1],0,1].
[[3,2,0,1,2,1,2,2,1],0,1].
[[2,7,2,1,1,1,2,3,2],2,0].
[[3,4,0,1,2,0,2,3,0],0,1].
[[3,2,1,0,0,0,2,3,0],1,0].
[[2,6,1,1,2,0,2,1,1],2,0].
[[3,3,2,0,0,0,2,3,0],7,0].
[[2,7,1,1,2,0,1,1,1],3,1].
[[3,7,0,1,2,0,1,1,1],0,1].
[[2,7,0,1,2,1,1,2,0],0,5].
[[3,6,0,1,2,0,2,1,0],0,4].
[[3,7,2,1,2,0,1,1,0],1,4].
[[2,6,0,1,2,1,1,1,2],1,1].
[[2,8,1,1,1,0,1,1,1],1,1].
[[3,7,0,1,1,1,2,1,1],0,4].
[[2,9,1,1,1,0,1,1,0],0,4].
[[3,4,0,1,2,0,1,1,0],0,1].
[[2,6,0,0,0,0,2,1,1],0,1].
[[3,3,2,1,2,1,1,1,1],2,0].
[[3,6,0,1,1,1,2,3,1],0,2].
[[3,6,1,1,1,0,2,2,2],1,2].
[[3,9,0,1,1,0,1,2,1],0,4].
[[2,3,1,1,2,1,2,3,0],2,0].
[[1,3,2,0,0,0,1,2,2],2,0].
[[1,5,0,1,1,1,1,1,2],1,0].
[[3,3,1,1,1,1,2,1,0],1,0].
[[2,2,1,0,0,0,2,3,1],2,0].
[[2,8,0,1,1,1,1,1,1],0,3].
[[3,3,2,1,1,1,1,2,2],3,0].
[[2,3,2,1,2,1,1,2,2],3,0].
[[3,9,1,1,1,0,2,2,1],0,1].
[[3,2,0,1,2,1,0,0,0],0,1].
[[1,7,2,0,0,0,1,1,1],1,1].
[[2,6,0,1,2,1,1,2,0],0,1].
[[2,7,0,1,2,1,2,1,0],0,2].
[[3,6,0,1,2,0,2,3,1],0,3].
[[2,7,0,0,0,0,1,1,2],1,0].
[[2,7,2,1,1,1,2,1,0],1,0].
[[1,6,1,1,2,1,2,1,0],1,0].
[[1,6,1,0,0,0,1,1,1],4,0].
[[2,2,1,1,2,1,2,2,2],1,0].
[[1,5,0,1,1,1,1,1,1],1,0].
[[2,7,2,0,0,0,1,1,0],3,0].
[[2,7,2,1,2,0,1,1,1],0,1].
[[2,2,0,0,0,0,0,0,0],0,1].
[[2,5,0,1,1,0,1,2,1],1,0].
[[2,5,0,1,1,0,1,1,1],1,1].
[[3,3,1,0,0,0,1,1,2],2,0].
[[3,7,2,1,1,0,1,1,0],1,0].
[[2,4,1,1,2,0,2,3,1],1,4].
[[3,3,2,1,2,1,2,1,1],2,0].
[[2,8,1,1,1,0,1,2,1],1,0].
[[1,7,2,1,2,1,2,1,1],1,0].
[[2,3,2,1,2,1,2,1,1],1,0].
[[1,7,2,1,2,1,1,2,1],1,0].
[[3,7,0,0,0,0,1,2,1],0,6].
[[3,6,1,1,1,0,0,0,0],0,1].
[[3,6,0,0,0,0,1,1,0],0,3].
[[1,7,2,0,0,0,1,2,1],5,1].
[[2,3,1,0,0,0,2,2,0],1,0].
[[3,9,1,1,1,0,1,1,2],0,4].
[[1,6,1,1,2,1,2,2,1],1,0].
[[2,6,0,1,2,1,2,3,1],1,3].
[[3,9,1,1,1,1,2,3,1],0,2].
[[2,3,2,1,2,0,2,3,1],1,0].
[[2,7,1,1,1,1,1,1,1],4,0].
[[2,2,1,0,0,0,2,2,0],1,0].
[[3,2,1,0,0,0,1,2,0],1,0].
[[3,3,2,1,1,1,2,3,1],2,0].
[[2,3,2,1,2,1,1,1,2],1,0].
[[3,3,2,1,2,0,2,1,0],4,0].
[[2,6,1,1,1,1,1,1,1],1,0].
[[3,8,0,1,1,0,1,1,2],0,2].
[[1,7,2,1,2,1,2,2,1],2,0].
[[3,7,2,1,1,0,2,1,1],0,1].
[[3,2,1,1,1,1,0,0,0],1,0].
[[2,7,0,0,0,0,2,2,1],0,1].
[[3,3,0,0,0,0,2,2,1],0,1].
[[1,6,0,0,0,0,2,2,0],0,1].
[[3,3,0,0,0,0,2,2,0],0,1].
[[2,9,1,1,1,0,2,3,1],2,0].
[[3,7,0,1,2,0,1,2,0],0,1].
[[3,6,1,1,1,1,1,1,0],4,1].
[[3,2,1,0,0,0,2,2,0],1,0].
[[3,6,0,0,0,0,1,1,1],0,2].
[[3,2,0,1,2,1,2,3,0],0,1].
[[3,6,0,1,1,1,2,2,1],0,2].
[[3,6,1,1,1,0,1,2,1],2,0].
[[3,3,1,1,1,1,2,3,0],3,0].
[[1,3,2,0,0,0,2,3,2],1,0].
[[2,9,1,1,1,0,2,1,0],0,7].
[[3,3,1,1,2,1,1,1,1],3,0].
[[2,5,0,1,1,0,2,2,0],0,1].
[[2,3,1,1,2,1,2,1,0],1,0].
[[3,6,1,1,1,0,1,1,2],1,0].
[[1,6,0,0,0,0,2,2,2],2,1].
[[2,3,2,1,2,1,2,3,1],1,0].
[[2,3,2,0,0,0,2,1,0],1,0].
[[2,6,1,0,0,0,1,1,0],2,0].
[[3,3,1,0,0,0,1,1,0],1,0].
[[1,5,0,1,2,1,1,2,1],1,0].
[[3,3,2,1,2,0,2,3,0],2,0].
[[3,2,1,1,2,0,0,0,0],2,0].
[[3,3,1,1,1,1,1,1,1],2,0].
[[2,7,2,1,1,1,1,2,1],0,1].
[[2,2,0,0,0,0,2,3,2],0,1].
[[3,2,0,1,2,1,2,3,2],0,1].
[[1,7,1,0,0,0,1,1,1],2,0].
[[1,6,1,1,2,1,2,3,0],1,0].
[[2,6,1,1,1,1,2,3,1],2,0].
[[2,7,2,1,2,0,2,1,1],0,1].
[[1,3,2,0,0,0,2,2,2],1,0].
[[3,6,0,1,1,1,1,2,1],0,2].
[[3,7,2,1,1,0,2,1,0],0,2].
[[3,5,0,1,1,0,2,3,0],1,0].
[[3,6,1,1,1,0,2,2,0],0,1].
[[3,3,1,1,2,0,1,2,1],1,0].
[[2,9,1,1,1,0,2,2,2],0,2].
[[3,8,0,1,1,0,2,2,2],0,1].
[[3,3,2,1,2,0,2,1,1],1,0].
[[3,2,1,1,2,1,1,2,2],1,0].
[[3,2,1,1,2,0,2,3,1],1,0].
[[2,6,0,1,2,1,2,1,1],1,2].
[[3,7,0,0,0,0,1,1,1],0,1].
[[3,9,1,1,2,0,2,1,1],0,1].
[[2,5,0,1,1,0,1,2,0],0,1].
[[2,7,2,1,2,0,1,2,0],2,0].
[[2,7,0,1,2,1,2,1,1],0,1].
[[1,7,2,1,2,0,1,2,2],1,1].
[[2,7,2,1,1,1,1,1,0],0,1].
[[2,3,2,1,2,0,1,2,2],1,0].
[[2,7,2,1,1,0,2,1,1],1,0].
[[3,3,2,1,1,0,2,1,1],1,0].
[[3,3,2,1,1,0,0,0,0],1,0].
[[3,8,0,1,1,0,0,0,0],0,1].
[[3,9,1,1,1,0,0,0,0],0,1].
[[2,6,1,1,1,1,2,1,1],1,0].
[[1,7,1,0,0,0,1,2,1],0,2].
[[3,2,0,1,2,1,2,1,1],0,1].
[[1,5,0,1,2,0,1,2,0],1,0].
[[1,8,1,1,1,1,1,1,2],1,0].
[[1,3,2,0,0,0,2,1,1],1,0].
[[2,3,2,0,0,0,2,1,1],1,0].
[[3,3,2,0,0,0,1,1,1],1,0].
[[3,6,0,1,1,1,1,1,2],0,1].
[[3,3,2,1,2,1,1,2,0],1,0].
[[1,8,1,1,2,0,1,1,0],1,0].
[[3,5,0,1,1,0,2,2,0],0,1].
[[3,3,1,1,2,1,1,2,0],1,0].
[[3,9,1,1,2,0,2,3,1],0,1].
[[2,7,2,1,1,0,2,2,2],0,1].
[[2,7,2,1,1,1,2,1,1],1,0].
[[2,6,1,1,1,1,1,1,0],0,1].
