total_WL(15759,20103).
[[1,8,1,0,0,0,0,0,0],1604,1118].
[[2,8,1,0,0,0,2,2,1],614,359].
[[3,7,1,1,2,1,2,2,1],351,159].
[[2,8,1,1,2,1,0,0,0],116,143].
[[3,8,1,1,2,1,0,0,0],0,18].
[[1,9,2,0,0,0,2,3,1],643,1501].
[[2,9,1,0,0,0,2,3,1],135,453].
[[3,9,1,1,2,1,1,2,1],123,683].
[[2,6,1,0,0,0,0,0,0],151,8].
[[3,3,2,0,0,0,0,0,0],37,1].
[[1,9,2,0,0,0,2,1,0],192,396].
[[2,9,1,1,2,0,1,2,0],43,99].
[[3,8,0,1,2,0,1,2,0],38,88].
[[1,9,2,0,0,0,0,0,0],343,1477].
[[2,9,1,0,0,0,2,2,1],168,522].
[[3,9,1,1,2,0,1,2,1],51,238].
[[2,9,1,0,0,0,2,3,0],223,644].
[[3,9,1,1,2,0,2,3,0],9,101].
[[1,9,2,0,0,0,2,3,0],769,1404].
[[2,8,1,1,2,0,1,2,1],93,57].
[[3,8,1,1,1,0,1,2,1],22,57].
[[2,9,1,0,0,0,2,2,0],117,337].
[[3,9,1,1,2,1,2,1,0],12,126].
[[3,8,0,1,2,0,2,3,0],29,121].
[[1,8,1,0,0,0,2,2,1],737,390].
[[2,8,1,1,2,1,2,2,1],458,305].
[[3,8,1,1,1,1,1,2,1],186,145].
[[2,8,1,0,0,0,2,1,0],71,42].
[[3,8,1,1,2,0,1,1,0],18,22].
[[1,9,2,1,2,1,2,3,0],332,588].
[[2,9,1,1,2,1,2,3,0],209,667].
[[3,9,1,1,2,1,2,3,0],35,344].
[[1,8,1,0,0,0,2,1,1],411,239].
[[2,8,1,0,0,0,2,3,1],606,369].
[[3,8,1,0,0,0,1,2,1],268,165].
[[1,9,2,0,0,0,2,1,1],318,677].
[[2,8,1,1,2,0,2,1,1],67,62].
[[3,8,1,1,2,0,2,1,1],38,34].
[[1,9,2,1,2,1,2,2,0],188,323].
[[2,8,1,1,2,1,2,2,0],107,67].
[[3,8,1,1,1,1,1,1,0],24,23].
[[1,7,2,0,0,0,2,2,1],64,10].
[[2,7,2,0,0,0,2,2,1],110,17].
[[3,7,2,0,0,0,1,2,1],60,7].
[[2,9,1,0,0,0,1,2,0],202,459].
[[3,9,1,0,0,0,1,2,0],59,223].
[[1,8,1,1,1,1,0,0,0],42,27].
[[2,8,1,1,1,1,0,0,0],18,23].
[[3,8,1,1,1,1,2,1,1],46,41].
[[1,9,2,1,1,1,2,2,1],48,53].
[[2,9,1,1,1,1,2,2,1],48,128].
[[3,9,1,1,1,1,2,3,1],8,58].
[[2,9,1,0,0,0,2,1,0],51,209].
[[3,8,1,1,2,1,2,2,1],361,261].
[[1,9,2,1,2,1,1,1,0],28,56].
[[2,9,1,1,2,1,1,1,0],53,114].
[[3,9,1,1,2,1,1,1,0],35,185].
[[1,9,2,0,0,0,1,1,0],67,146].
[[2,9,1,0,0,0,1,1,1],115,213].
[[3,8,1,1,2,1,1,1,1],199,243].
[[1,9,2,1,2,1,1,2,1],100,185].
[[2,8,1,1,2,1,1,2,1],324,140].
[[3,8,1,1,2,1,1,2,1],617,355].
[[2,9,1,1,2,1,1,2,1],199,536].
[[2,8,1,0,0,0,2,1,1],272,180].
[[2,8,0,0,0,0,2,3,0],171,363].
[[3,8,0,0,0,0,2,3,1],31,150].
[[2,8,1,0,0,0,0,0,0],129,177].
[[3,8,1,0,0,0,2,3,1],134,105].
[[1,8,1,0,0,0,1,2,1],200,109].
[[2,7,1,1,2,0,1,2,1],3,5].
[[3,7,1,1,2,0,1,1,1],29,27].
[[2,3,2,0,0,0,2,2,1],10,0].
[[3,3,2,1,2,0,2,2,1],15,0].
[[1,8,0,1,2,1,2,2,0],34,35].
[[2,8,0,1,2,1,1,2,0],72,83].
[[3,7,0,1,1,1,1,2,0],4,3].
[[1,9,2,1,2,1,1,2,0],102,164].
[[3,8,0,1,2,1,1,2,0],160,357].
[[1,6,0,0,0,0,0,0,0],26,37].
[[2,6,0,1,2,1,2,2,0],5,3].
[[3,6,0,1,2,1,2,3,0],10,29].
[[1,8,1,1,2,1,0,0,0],503,342].
[[2,7,1,1,2,1,0,0,0],196,132].
[[3,7,1,1,2,1,0,0,0],127,91].
[[1,9,2,0,0,0,2,2,1],633,1341].
[[3,8,0,1,2,1,2,3,1],77,360].
[[2,9,1,1,1,1,1,2,0],67,96].
[[3,4,1,1,2,0,1,2,0],87,27].
[[2,8,0,0,0,0,0,0,0],75,358].
[[1,9,2,1,2,1,2,3,1],259,676].
[[3,9,1,1,2,1,1,2,0],146,602].
[[2,7,1,0,0,0,0,0,0],346,184].
[[3,7,1,1,2,0,2,2,1],104,52].
[[3,8,1,1,2,0,2,3,1],117,84].
[[3,8,0,1,2,1,2,3,0],137,550].
[[3,8,1,1,1,1,0,0,0],0,5].
[[2,9,1,1,1,1,2,3,1],37,102].
[[3,9,1,1,1,1,2,2,1],14,81].
[[2,9,1,1,2,1,2,3,1],128,476].
[[3,9,1,1,1,1,1,2,1],43,273].
[[1,9,2,0,0,0,1,1,1],114,158].
[[3,9,1,1,2,1,1,1,1],69,325].
[[2,7,2,1,2,1,0,0,0],111,12].
[[3,7,2,1,1,1,2,2,0],2,0].
[[1,8,0,0,0,0,2,1,1],53,104].
[[2,8,0,1,2,1,2,1,1],63,149].
[[3,6,0,1,1,1,2,1,1],0,3].
[[2,8,1,0,0,0,2,2,0],132,76].
[[3,8,1,0,0,0,2,2,0],29,36].
[[3,7,1,1,2,0,2,3,1],111,78].
[[3,8,1,0,0,0,1,1,1],104,95].
[[2,9,1,1,1,1,2,1,1],25,40].
[[3,8,0,1,1,1,2,1,1],16,54].
[[1,8,0,0,0,0,0,0,0],591,1200].
[[2,8,0,1,2,1,0,0,0],83,348].
[[3,8,0,1,2,1,2,1,0],24,180].
[[2,8,1,0,0,0,1,1,1],139,122].
[[3,7,2,1,2,0,1,1,1],26,10].
[[2,8,1,1,2,1,2,1,1],240,172].
[[3,8,1,1,2,1,2,1,1],132,108].
[[1,9,2,1,2,1,2,1,0],76,159].
[[2,9,1,1,2,1,2,1,0],46,220].
[[1,8,0,0,0,0,2,2,1],128,215].
[[2,8,0,1,2,1,2,2,1],134,328].
[[3,8,0,1,2,1,1,2,1],139,459].
[[3,7,1,0,0,0,2,3,1],179,85].
[[2,8,0,0,0,0,2,2,0],85,220].
[[1,7,1,0,0,0,0,0,0],325,143].
[[3,7,1,1,2,1,2,3,1],319,179].
[[1,9,2,1,2,1,2,2,1],251,562].
[[3,8,0,1,2,1,2,2,1],117,417].
[[1,9,2,0,0,0,1,2,0],251,397].
[[2,8,0,0,0,0,1,2,0],90,96].
[[3,8,0,0,0,0,1,1,0],15,40].
[[1,8,1,1,2,1,2,3,1],259,113].
[[1,8,1,1,2,0,2,2,1],44,30].
[[2,8,1,1,2,0,2,2,1],125,126].
[[1,8,0,1,2,1,0,0,0],214,416].
[[2,8,0,1,2,1,2,3,1],117,372].
[[2,8,0,0,0,0,2,1,1],75,200].
[[3,8,0,1,2,1,2,1,1],57,162].
[[3,9,1,1,2,0,1,2,0],40,175].
[[1,9,2,1,2,1,2,1,1],153,252].
[[2,8,1,1,1,1,2,1,1],48,28].
[[3,7,0,1,2,1,2,3,0],30,54].
[[2,8,0,0,0,0,1,1,1],11,48].
[[3,7,1,0,0,0,1,1,1],60,30].
[[2,8,1,1,2,1,2,3,1],499,251].
[[3,8,1,1,2,1,2,3,1],278,217].
[[1,9,2,1,2,1,0,0,0],185,608].
[[3,8,0,1,2,1,2,2,0],74,305].
[[1,9,2,0,0,0,2,2,0],369,766].
[[2,8,0,1,2,1,2,2,0],109,198].
[[3,6,0,1,2,1,0,0,0],9,33].
[[1,7,2,0,0,0,0,0,0],340,48].
[[2,3,1,0,0,0,0,0,0],43,8].
[[3,3,1,1,2,0,0,0,0],19,5].
[[1,9,2,1,2,0,1,2,1],12,25].
[[2,8,0,1,2,0,1,2,1],8,17].
[[3,5,0,1,2,0,1,1,1],47,7].
[[3,7,1,0,0,0,0,0,0],88,63].
[[1,8,1,0,0,0,2,3,1],841,399].
[[2,7,1,0,0,0,2,3,1],177,70].
[[3,7,1,0,0,0,2,1,0],17,10].
[[1,6,1,0,0,0,0,0,0],265,15].
[[2,6,1,0,0,0,2,3,0],25,0].
[[3,6,1,1,2,1,2,3,0],42,3].
[[3,8,1,1,1,1,1,1,1],67,96].
[[3,8,1,1,2,0,2,2,1],116,104].
[[1,8,1,1,1,1,2,2,1],18,10].
[[2,4,1,1,2,0,2,2,1],23,6].
[[3,4,1,1,2,0,2,2,1],76,15].
[[3,8,0,0,0,0,2,2,1],55,170].
[[3,7,2,1,2,0,2,2,1],72,16].
[[2,9,1,1,2,1,2,2,1],152,508].
[[3,8,0,1,1,1,2,2,0],28,98].
[[2,7,2,1,2,1,2,3,1],82,6].
[[3,7,2,1,2,1,2,3,1],152,7].
[[2,6,0,1,2,1,0,0,0],13,34].
[[3,3,1,1,2,1,2,2,1],33,1].
[[3,5,0,1,2,1,1,2,0],141,4].
[[2,7,2,0,0,0,2,3,1],109,8].
[[1,9,2,0,0,0,1,2,1],237,468].
[[2,8,1,0,0,0,1,2,1],376,199].
[[3,7,1,1,2,1,1,2,1],233,70].
[[3,8,1,0,0,0,1,2,0],113,52].
[[2,8,0,0,0,0,2,1,0],46,101].
[[3,7,1,1,2,0,2,1,0],12,3].
[[2,5,0,0,0,0,1,1,0],12,2].
[[3,5,0,1,2,0,1,1,0],20,3].
[[2,7,1,0,0,0,2,1,1],88,37].
[[3,3,1,0,0,0,2,1,1],12,3].
[[3,7,2,1,2,1,2,3,0],24,2].
[[1,8,1,1,2,1,2,1,1],124,80].
[[1,8,0,0,0,0,2,3,0],152,198].
[[2,7,1,0,0,0,2,3,0],65,12].
[[3,7,1,1,2,0,1,2,0],23,1].
[[2,9,1,0,0,0,1,2,1],202,565].
[[3,5,0,0,0,0,1,1,1],55,2].
[[1,8,1,0,0,0,2,2,0],196,71].
[[2,8,1,1,2,0,1,2,0],32,26].
[[3,8,1,1,2,0,1,2,0],81,53].
[[2,8,0,1,2,1,2,3,0],178,347].
[[2,8,1,1,2,1,2,1,0],49,35].
[[2,8,0,0,0,0,2,2,1],178,347].
[[3,7,1,1,1,1,2,1,1],41,23].
[[2,9,1,1,1,1,2,3,0],84,132].
[[3,9,1,1,1,1,2,3,0],21,148].
[[1,9,2,1,1,1,2,2,0],21,33].
[[2,4,1,1,2,0,1,2,0],11,5].
[[2,8,0,0,0,0,1,2,1],66,123].
[[1,8,1,1,2,1,1,2,1],65,29].
[[3,7,1,1,1,1,1,2,1],67,22].
[[2,7,2,0,0,0,0,0,0],185,29].
[[3,7,2,1,2,0,2,3,1],64,7].
[[1,8,1,1,2,1,2,2,1],279,122].
[[3,4,1,1,2,0,2,3,0],47,13].
[[3,8,0,0,0,0,1,2,0],79,155].
[[3,9,1,1,2,1,2,2,1],51,188].
[[3,5,0,1,2,1,1,2,1],11,2].
[[2,8,0,1,2,0,2,3,1],23,53].
[[3,8,0,1,2,0,1,2,1],32,110].
[[3,8,1,1,2,1,1,2,0],205,107].
[[3,8,0,0,0,0,1,1,1],23,68].
[[3,9,1,1,1,1,2,1,0],5,50].
[[2,7,1,1,2,1,2,3,1],100,46].
[[2,8,1,0,0,0,1,1,0],32,24].
[[3,8,1,0,0,0,1,1,0],32,33].
[[3,9,1,1,2,1,2,2,0],11,150].
[[3,6,1,1,2,1,2,1,1],46,2].
[[2,9,1,1,1,1,1,2,1],56,117].
[[3,8,0,1,1,1,1,2,1],33,153].
[[2,9,1,1,2,1,2,1,1],66,201].
[[3,9,1,1,2,1,2,1,1],25,82].
[[2,9,1,1,2,0,2,1,0],18,59].
[[3,7,0,1,2,1,2,3,1],40,80].
[[2,9,1,1,2,0,1,2,1],49,127].
[[2,8,1,1,2,1,1,1,1],110,119].
[[3,7,1,1,2,1,1,1,1],84,56].
[[3,6,1,1,1,1,2,1,0],2,1].
[[3,5,0,0,0,0,1,2,0],55,2].
[[2,9,1,1,1,1,2,2,0],31,83].
[[3,5,0,1,1,1,1,2,0],47,7].
[[1,9,2,1,2,1,1,1,1],50,72].
[[2,9,1,1,2,1,1,1,1],138,223].
[[3,8,0,1,1,1,2,3,0],52,202].
[[3,9,1,0,0,0,2,2,1],9,77].
[[3,3,1,1,2,1,2,1,1],21,1].
[[2,7,1,1,2,0,0,0,0],51,35].
[[3,7,1,1,2,0,2,2,0],27,14].
[[3,8,1,1,1,1,2,3,1],95,84].
[[1,8,1,0,0,0,1,1,1],53,67].
[[1,8,0,1,2,1,2,3,0],52,55].
[[2,8,0,0,0,0,2,3,1],148,374].
[[2,5,0,1,2,1,1,2,0],23,4].
[[3,7,1,1,2,0,2,1,1],63,37].
[[1,7,2,0,0,0,2,3,1],69,10].
[[2,7,2,1,2,0,2,2,1],28,13].
[[1,8,0,0,0,0,2,3,1],128,220].
[[2,8,0,1,2,1,1,2,1],51,110].
[[3,5,0,1,2,1,1,1,1],133,10].
[[3,9,1,1,1,1,1,1,1],22,124].
[[1,8,1,0,0,0,1,2,0],43,21].
[[2,8,1,0,0,0,1,2,0],120,43].
[[3,7,2,0,0,0,1,2,0],8,0].
[[3,8,0,0,0,0,2,3,0],41,207].
[[3,9,1,0,0,0,1,2,1],61,305].
[[1,9,2,1,2,0,2,2,0],9,36].
[[2,5,0,1,2,0,1,2,0],12,0].
[[3,5,0,1,2,0,1,2,0],41,3].
[[3,8,1,1,2,0,1,2,1],183,171].
[[2,8,1,0,0,0,2,3,0],231,161].
[[3,4,1,1,2,0,1,2,1],91,36].
[[3,9,1,1,1,0,1,2,1],8,56].
[[2,6,1,1,2,0,2,2,1],10,2].
[[3,6,1,1,2,1,2,2,1],97,5].
[[2,3,2,0,0,0,0,0,0],69,1].
[[3,3,2,0,0,0,2,2,1],15,0].
[[3,6,1,1,2,0,1,2,1],18,3].
[[3,7,1,1,1,1,2,2,1],75,53].
[[2,9,1,1,2,0,1,1,0],9,31].
[[3,8,0,1,1,0,1,1,0],1,3].
[[2,6,1,0,0,0,2,2,1],76,7].
[[3,6,1,0,0,0,2,2,1],51,2].
[[3,8,1,1,2,0,2,3,0],27,61].
[[3,9,1,1,1,1,1,2,0],48,207].
[[1,7,1,0,0,0,1,1,1],0,3].
[[2,7,1,0,0,0,1,1,1],18,10].
[[2,9,1,1,2,0,2,3,1],33,139].
[[3,9,1,1,1,0,1,1,1],2,28].
[[1,9,2,1,2,0,2,1,1],14,32].
[[2,9,1,1,1,0,2,2,1],2,10].
[[3,9,1,1,1,0,2,2,1],3,17].
[[1,8,0,0,0,0,2,2,0],97,116].
[[3,7,1,0,0,0,2,2,1],190,82].
[[1,8,0,1,2,1,2,1,0],20,29].
[[2,8,0,1,2,1,2,1,0],66,103].
[[3,8,0,1,1,1,1,2,0],50,116].
[[3,8,1,0,0,0,2,2,1],155,135].
[[3,8,1,1,2,1,1,1,0],61,63].
[[2,7,1,1,2,0,2,3,1],20,16].
[[1,9,2,1,1,1,2,3,0],54,53].
[[3,8,1,1,2,1,2,3,0],102,193].
[[1,8,0,1,2,1,1,2,0],10,5].
[[2,6,0,1,2,1,1,2,0],4,2].
[[3,6,0,1,1,1,1,2,0],0,1].
[[3,7,1,1,2,1,2,2,0],72,43].
[[2,8,0,1,2,0,2,3,0],21,54].
[[2,8,0,1,1,1,2,1,0],7,13].
[[3,7,1,1,1,1,1,1,1],21,25].
[[3,3,1,0,0,0,0,0,0],49,10].
[[1,8,1,0,0,0,2,1,0],83,34].
[[3,7,1,1,2,1,2,1,1],165,78].
[[2,9,1,1,2,1,1,2,0],178,436].
[[2,6,0,0,0,0,0,0,0],33,65].
[[3,3,1,1,2,1,0,0,0],82,13].
[[2,9,1,1,2,0,2,3,0],49,130].
[[3,8,0,1,1,1,2,1,0],12,45].
[[3,8,1,1,2,1,2,2,0],48,74].
[[2,8,1,1,2,1,1,2,0],82,39].
[[1,8,1,1,2,0,0,0,0],84,59].
[[2,8,1,1,2,0,2,3,1],131,108].
[[3,6,0,0,0,0,2,2,0],3,8].
[[3,7,1,0,0,0,2,3,0],60,32].
[[3,7,2,1,1,1,2,3,1],41,4].
[[2,7,2,0,0,0,2,1,1],53,5].
[[3,7,2,1,2,1,1,2,1],115,8].
[[1,9,2,1,1,1,0,0,0],41,64].
[[3,9,1,1,1,1,2,1,1],8,30].
[[3,7,1,1,2,1,2,3,0],123,80].
[[3,8,0,0,0,0,2,2,0],23,122].
[[1,8,0,0,0,0,2,1,0],47,59].
[[2,6,0,0,0,0,2,1,0],4,0].
[[3,3,1,1,2,0,2,1,0],4,0].
[[2,9,1,0,0,0,2,1,1],67,233].
[[3,8,0,1,1,1,2,3,1],24,130].
[[2,7,0,0,0,0,2,3,0],2,9].
[[3,7,0,0,0,0,2,3,0],13,29].
[[3,8,0,1,2,0,2,3,1],27,98].
[[2,6,1,0,0,0,2,3,1],61,4].
[[3,3,1,1,2,1,2,3,1],41,4].
[[2,8,0,1,1,1,2,2,0],16,23].
[[3,4,1,1,2,0,2,2,0],28,6].
[[2,7,2,0,0,0,2,2,0],7,1].
[[3,7,2,1,2,1,2,2,0],10,0].
[[1,6,1,1,2,1,0,0,0],79,5].
[[2,3,2,1,2,1,0,0,0],17,0].
[[3,3,2,1,1,1,0,0,0],3,0].
[[3,8,0,1,2,1,1,1,1],64,184].
[[2,6,1,0,0,0,2,1,1],45,2].
[[3,6,1,0,0,0,2,3,1],60,0].
[[3,9,1,1,2,1,2,3,1],14,105].
[[2,6,1,1,2,1,2,1,0],7,0].
[[3,6,1,1,2,1,2,1,0],15,1].
[[1,9,2,1,2,0,1,2,0],15,21].
[[2,8,0,1,2,0,1,2,0],4,16].
[[3,9,1,1,2,0,2,1,0],6,35].
[[2,7,1,0,0,0,2,1,0],13,2].
[[3,7,1,0,0,0,1,2,0],43,4].
[[2,8,1,1,1,1,2,3,0],45,25].
[[3,9,1,0,0,0,1,1,1],34,131].
[[3,6,0,1,2,1,2,2,0],10,18].
[[2,8,1,1,2,0,0,0,0],29,49].
[[3,8,1,1,2,0,2,2,0],16,41].
[[3,7,1,0,0,0,1,2,1],124,46].
[[1,8,1,1,2,1,2,3,0],88,39].
[[2,8,1,1,2,1,2,3,0],184,123].
[[3,6,1,1,2,1,1,2,1],65,5].
[[3,7,1,1,2,0,1,2,1],66,34].
[[1,9,2,1,2,0,2,2,1],32,68].
[[2,9,1,1,2,0,2,2,1],32,113].
[[3,6,1,1,2,1,2,3,1],97,5].
[[3,8,0,1,2,1,0,0,0],0,104].
[[1,8,0,0,0,0,1,2,0],24,24].
[[3,6,0,0,0,0,1,2,0],3,3].
[[2,9,1,1,2,1,0,0,0],2,112].
[[2,9,1,1,1,1,1,1,1],17,47].
[[3,8,1,1,1,1,2,2,1],105,101].
[[3,7,2,1,2,1,2,2,1],151,16].
[[2,8,1,1,1,1,2,3,1],95,68].
[[3,7,1,1,1,1,2,3,1],87,52].
[[1,8,0,1,2,1,2,2,1],33,78].
[[3,8,1,1,1,1,1,2,0],87,39].
[[3,8,0,1,2,0,2,2,1],32,97].
[[3,9,1,0,0,0,2,3,0],9,149].
[[3,8,0,0,0,0,1,2,1],66,215].
[[1,8,1,1,1,1,2,3,1],36,13].
[[2,8,1,1,1,1,2,2,1],90,58].
[[3,3,1,1,2,0,2,2,1],10,3].
[[3,6,1,0,0,0,1,1,1],14,5].
[[2,9,1,0,0,0,0,0,0],5,147].
[[3,7,2,0,0,0,1,1,1],26,13].
[[2,8,0,1,2,0,0,0,0],6,61].
[[3,7,0,1,2,0,0,0,0],3,18].
[[1,9,2,1,1,1,2,3,1],44,70].
[[1,8,1,1,1,1,1,2,1],8,1].
[[2,4,1,1,2,0,1,2,1],12,6].
[[2,8,0,1,1,1,0,0,0],15,58].
[[3,8,0,1,1,1,0,0,0],0,30].
[[2,9,1,0,0,0,1,1,0],57,148].
[[3,8,0,1,2,1,1,1,0],41,109].
[[2,9,1,1,2,0,2,1,1],13,50].
[[3,8,0,1,1,0,2,1,1],1,7].
[[2,6,1,1,1,1,0,0,0],9,1].
[[3,6,1,1,1,1,2,2,0],6,0].
[[3,7,1,0,0,0,2,1,1],82,37].
[[1,6,1,0,0,0,2,3,1],31,4].
[[3,6,1,0,0,0,2,3,0],24,0].
[[2,6,1,1,2,1,0,0,0],97,4].
[[3,6,1,1,2,1,0,0,0],31,2].
[[3,8,0,1,1,1,1,1,1],19,62].
[[2,7,0,0,0,0,0,0,0],17,44].
[[3,7,0,0,0,0,2,2,1],12,28].
[[3,7,1,1,1,1,2,1,0],15,9].
[[3,6,0,0,0,0,2,2,1],7,14].
[[2,6,1,0,0,0,2,2,0],15,0].
[[3,6,1,1,2,0,1,2,0],11,0].
[[2,8,1,1,2,0,2,3,0],57,54].
[[3,7,1,1,2,0,2,3,0],44,26].
[[2,8,0,1,1,1,2,3,0],38,54].
[[3,7,2,1,1,0,2,2,1],7,13].
[[3,9,1,0,0,0,2,1,0],5,54].
[[3,8,0,1,2,0,2,2,0],7,72].
[[1,9,2,1,1,1,2,1,0],14,17].
[[2,4,1,1,2,0,2,1,0],11,0].
[[2,8,1,1,2,0,1,1,1],26,37].
[[2,9,1,1,2,0,1,1,1],20,55].
[[3,7,1,0,0,0,2,2,0],24,21].
[[3,7,2,0,0,0,2,1,1],45,4].
[[3,7,0,0,0,0,1,1,1],0,5].
[[2,7,0,0,0,0,2,1,0],1,4].
[[3,7,0,1,2,1,1,1,0],4,9].
[[3,8,0,1,2,0,0,0,0],0,22].
[[2,9,1,1,2,1,2,2,0],84,329].
[[1,9,2,1,2,0,0,0,0],16,72].
[[2,7,1,1,2,1,2,2,1],114,61].
[[2,8,1,1,1,1,1,2,0],26,13].
[[3,7,2,1,1,1,1,1,1],9,12].
[[3,8,1,1,2,1,2,1,0],32,41].
[[1,7,2,0,0,0,2,1,1],31,5].
[[3,5,0,1,1,0,1,1,0],2,3].
[[3,7,2,1,2,0,1,2,1],76,7].
[[1,8,1,1,2,0,2,3,1],30,28].
[[2,8,1,1,1,0,2,3,1],5,12].
[[3,9,1,1,2,0,1,1,1],21,99].
[[3,8,1,1,1,1,2,2,0],20,39].
[[1,8,1,1,2,0,2,1,0],7,3].
[[2,7,1,1,2,0,2,1,0],6,0].
[[3,7,1,1,1,0,2,1,0],3,2].
[[3,8,1,0,0,0,2,1,1],64,45].
[[2,4,1,1,2,0,2,3,0],18,5].
[[3,6,1,1,2,0,2,2,1],37,3].
[[1,8,1,1,2,1,2,2,0],55,26].
[[3,5,0,1,1,0,1,1,1],4,7].
[[3,7,0,0,0,0,0,0,0],9,42].
[[3,7,2,1,1,1,2,2,1],49,8].
[[2,8,0,0,0,0,1,1,0],15,36].
[[2,8,0,1,2,0,2,2,1],11,37].
[[3,9,1,0,0,0,2,3,1],9,42].
[[3,7,2,1,2,1,2,1,1],69,4].
[[2,8,0,1,1,1,1,1,0],4,4].
[[3,7,1,1,2,1,1,1,0],24,12].
[[1,8,1,1,2,0,2,1,1],20,15].
[[2,7,2,0,0,0,1,2,0],4,0].
[[3,3,2,1,2,1,1,2,0],3,0].
[[3,7,2,0,0,0,2,2,1],75,13].
[[3,7,0,1,2,1,1,1,1],4,6].
[[3,9,1,0,0,0,2,2,0],4,60].
[[3,3,2,1,2,0,0,0,0],18,1].
[[2,7,2,1,2,0,0,0,0],48,7].
[[3,7,2,1,2,0,2,1,1],36,6].
[[3,8,1,0,0,0,2,3,0],46,54].
[[2,7,2,1,1,1,2,3,1],11,1].
[[3,3,2,1,1,1,2,3,1],7,0].
[[2,8,1,1,1,1,2,2,0],23,12].
[[3,7,0,1,2,1,2,2,1],25,52].
[[3,8,0,0,0,0,2,1,1],27,71].
[[1,8,1,1,2,0,2,3,0],14,12].
[[3,8,1,1,1,0,1,2,0],17,19].
[[3,6,1,1,1,1,2,3,0],7,0].
[[3,7,0,0,0,0,2,3,1],8,27].
[[2,7,0,1,2,1,2,2,0],3,5].
[[3,7,0,1,2,1,2,2,0],19,43].
[[3,7,2,0,0,0,2,1,0],3,0].
[[2,9,1,1,2,0,2,2,0],17,92].
[[3,8,1,1,2,0,1,1,1],83,92].
[[1,9,2,1,2,0,2,3,1],22,84].
[[2,7,2,1,2,0,2,3,1],19,10].
[[2,7,1,1,2,1,1,2,1],41,12].
[[2,9,1,1,1,0,1,2,1],3,14].
[[3,8,0,1,1,1,2,2,1],32,115].
[[2,8,0,1,1,1,2,3,1],33,67].
[[1,8,1,0,0,0,2,3,0],306,129].
[[3,7,1,1,1,1,2,3,0],30,26].
[[1,7,1,0,0,0,2,1,1],16,5].
[[1,8,1,1,2,1,1,1,1],23,33].
[[2,8,1,1,1,1,1,1,1],19,20].
[[1,9,2,1,1,1,1,1,1],8,5].
[[3,5,0,0,0,0,1,1,0],27,4].
[[3,7,2,0,0,0,2,3,1],76,7].
[[3,5,0,1,1,1,1,1,1],43,10].
[[3,7,1,1,2,0,0,0,0],45,38].
[[3,6,1,1,1,1,2,2,1],27,2].
[[3,8,0,1,2,0,1,1,0],11,29].
[[3,7,1,1,2,1,1,2,0],89,11].
[[1,8,0,1,2,1,2,3,1],36,72].
[[3,6,0,1,2,1,1,2,1],8,7].
[[3,7,1,1,2,1,2,1,0],32,18].
[[3,8,1,1,1,0,1,1,1],7,32].
[[1,3,2,0,0,0,0,0,0],35,0].
[[3,3,2,1,2,1,2,1,1],11,0].
[[3,8,0,1,1,0,2,2,1],2,14].
[[1,8,0,1,2,1,2,1,1],13,26].
[[3,7,0,1,2,1,2,1,1],16,33].
[[1,8,0,0,0,0,1,1,1],1,6].
[[2,8,0,1,2,0,2,2,0],9,25].
[[2,7,1,0,0,0,2,2,1],146,65].
[[3,3,1,0,0,0,2,2,1],18,2].
[[2,8,1,1,1,1,2,1,0],9,8].
[[3,8,1,1,1,1,2,1,0],13,24].
[[2,9,1,1,1,1,2,1,0],25,44].
[[2,9,1,1,1,0,2,3,1],1,13].
[[3,9,1,1,1,0,2,3,1],0,9].
[[2,5,0,1,2,0,1,1,1],4,3].
[[2,7,2,1,2,0,1,2,1],10,7].
[[3,7,2,1,1,0,1,2,1],6,8].
[[2,8,0,1,1,1,1,1,1],3,5].
[[1,7,1,0,0,0,2,3,1],33,14].
[[2,8,0,1,1,1,2,2,1],20,41].
[[2,3,1,1,2,1,0,0,0],17,2].
[[3,7,0,1,1,1,2,3,0],5,16].
[[3,6,1,1,2,0,0,0,0],16,1].
[[3,7,0,1,1,1,2,2,1],2,23].
[[2,8,0,1,2,0,2,1,0],8,18].
[[3,8,0,1,2,0,2,1,0],3,45].
[[3,7,0,1,2,0,2,3,1],1,10].
[[2,6,0,1,2,1,2,3,1],5,3].
[[2,7,0,1,2,1,0,0,0],25,34].
[[2,6,0,0,0,0,2,1,1],4,3].
[[3,6,0,1,2,1,1,1,1],2,3].
[[3,5,0,1,2,1,1,1,0],64,15].
[[2,8,1,1,1,1,1,2,1],41,22].
[[3,7,2,1,1,1,1,2,1],51,2].
[[3,7,2,1,1,1,2,1,1],16,3].
[[3,8,1,1,1,1,2,3,0],31,49].
[[1,8,1,0,0,0,1,1,0],13,14].
[[1,8,1,1,2,0,1,1,1],1,3].
[[3,6,0,0,0,0,2,3,1],9,14].
[[1,7,1,1,2,1,0,0,0],48,37].
[[1,7,2,1,2,1,0,0,0],76,8].
[[2,7,2,1,2,1,2,2,1],74,7].
[[2,7,1,1,2,0,2,1,1],10,5].
[[3,7,1,1,1,0,1,2,1],5,11].
[[3,6,0,1,2,1,2,2,1],21,37].
[[2,7,2,0,0,0,2,3,0],15,1].
[[3,7,0,1,2,0,2,2,0],8,10].
[[2,6,1,1,2,1,2,3,1],52,5].
[[1,7,1,0,0,0,2,2,0],9,2].
[[2,7,1,0,0,0,2,2,0],48,9].
[[3,7,1,1,1,1,2,2,0],17,9].
[[1,7,2,0,0,0,1,2,1],11,3].
[[3,7,2,1,2,1,1,2,0],21,2].
[[1,6,1,0,0,0,2,1,1],14,0].
[[2,3,1,0,0,0,2,1,1],2,1].
[[1,7,1,0,0,0,2,2,1],34,12].
[[2,7,1,1,2,0,2,2,1],35,16].
[[3,7,1,1,1,0,2,2,1],12,12].
[[2,9,1,1,1,1,0,0,0],8,23].
[[3,9,1,1,1,1,0,0,0],0,4].
[[3,9,1,0,0,0,1,1,0],13,69].
[[3,7,0,1,2,1,0,0,0],16,67].
[[3,8,0,0,0,0,2,1,0],11,77].
[[1,9,2,1,2,0,2,3,0],26,79].
[[2,9,1,1,1,0,2,3,0],3,15].
[[3,3,1,0,0,0,1,1,1],1,0].
[[3,8,1,1,1,0,2,2,1],20,33].
[[1,6,1,0,0,0,1,1,1],2,0].
[[2,6,1,1,2,1,1,1,1],6,0].
[[3,6,1,1,2,1,1,1,1],21,5].
[[1,7,1,1,2,1,2,3,1],7,0].
[[2,7,1,1,1,1,1,2,1],4,0].
[[1,8,0,1,2,1,1,1,0],2,5].
[[3,8,0,1,2,0,2,1,1],17,36].
[[3,4,1,1,2,0,1,1,1],56,15].
[[2,7,1,1,1,1,2,3,1],12,3].
[[3,3,1,1,1,1,2,3,1],4,0].
[[1,9,2,1,1,1,2,1,1],21,25].
[[3,7,0,0,0,0,2,1,1],1,22].
[[3,7,1,1,1,1,0,0,0],15,16].
[[3,9,1,1,2,0,2,1,1],3,25].
[[3,7,2,1,1,0,2,3,1],13,7].
[[2,8,0,1,2,0,2,1,1],7,22].
[[3,8,0,1,2,0,1,1,1],17,56].
[[3,6,0,0,0,0,2,3,0],6,15].
[[1,9,2,1,2,0,1,1,1],1,12].
[[3,9,1,1,1,0,1,1,0],1,13].
[[2,5,0,0,0,0,1,2,0],22,1].
[[1,8,1,1,2,0,1,2,1],10,9].
[[3,2,1,1,2,1,2,3,1],4,0].
[[2,6,1,1,2,1,2,2,1],57,2].
[[3,7,0,1,2,0,2,3,0],6,17].
[[3,6,1,0,0,0,2,1,1],39,1].
[[2,7,2,0,0,0,1,1,1],9,8].
[[3,9,1,0,0,0,2,1,1],7,32].
[[3,6,0,1,1,1,0,0,0],1,6].
[[2,4,1,1,2,0,2,2,0],10,1].
[[2,7,1,0,0,0,1,2,1],42,13].
[[1,8,1,1,1,1,2,1,0],6,0].
[[1,9,2,1,2,0,2,1,0],7,26].
[[3,9,1,1,2,0,1,1,0],20,64].
[[2,8,1,1,2,1,1,1,0],24,23].
[[2,7,0,1,2,1,2,3,0],7,8].
[[3,8,0,0,0,0,0,0,0],0,35].
[[1,8,1,1,1,1,2,1,1],8,8].
[[3,8,1,1,2,0,2,1,0],8,23].
[[2,7,2,1,2,1,1,2,1],32,5].
[[2,8,1,1,2,0,2,2,0],23,29].
[[3,8,1,1,1,0,2,1,1],5,24].
[[2,7,1,1,1,1,0,0,0],22,15].
[[3,9,1,1,1,0,2,3,0],1,20].
[[2,7,1,1,2,1,2,1,1],58,21].
[[3,6,0,1,1,1,2,3,1],1,8].
[[3,5,0,1,1,1,1,1,0],20,6].
[[3,7,0,1,1,1,2,1,0],3,2].
[[1,7,2,1,2,0,2,1,1],4,0].
[[2,7,2,1,1,0,1,1,1],1,0].
[[3,7,2,1,1,0,1,1,1],3,4].
[[3,7,0,0,0,0,2,1,0],4,8].
[[3,7,2,1,2,1,0,0,0],28,2].
[[3,4,1,1,2,0,2,1,1],27,8].
[[1,9,2,1,2,0,1,1,0],3,3].
[[2,9,1,1,1,0,1,2,0],1,13].
[[3,9,1,1,1,0,1,2,0],2,39].
[[3,4,1,1,2,0,2,1,0],18,5].
[[2,7,2,1,2,1,2,1,1],32,6].
[[3,9,1,1,2,0,2,3,1],3,29].
[[1,8,1,1,2,1,1,1,0],5,4].
[[3,7,0,1,2,0,2,1,1],4,2].
[[3,3,1,1,1,1,0,0,0],7,1].
[[3,7,1,1,2,0,1,1,0],10,4].
[[2,9,1,1,1,1,1,1,0],12,28].
[[3,9,1,1,1,1,1,1,0],11,69].
[[2,7,2,0,0,0,1,2,1],51,10].
[[1,7,1,0,0,0,2,1,0],3,1].
[[2,7,1,1,2,1,1,2,0],7,1].
[[3,3,2,1,2,1,2,2,1],30,0].
[[2,6,1,1,1,1,2,2,1],5,0].
[[3,3,1,1,1,1,2,2,1],8,0].
[[3,6,0,1,2,1,1,2,0],14,7].
[[1,9,2,1,1,1,1,2,0],11,14].
[[1,7,1,0,0,0,2,3,0],15,5].
[[3,7,0,1,2,0,1,2,0],2,0].
[[3,9,1,1,1,1,2,2,0],2,59].
[[2,8,1,1,1,0,1,2,1],2,10].
[[2,8,0,1,1,1,2,1,1],21,19].
[[1,8,1,1,2,1,2,1,0],22,8].
[[2,7,1,1,1,1,2,1,0],3,1].
[[3,7,1,1,1,1,1,2,0],18,5].
[[3,6,1,0,0,0,2,2,0],13,0].
[[2,7,2,1,2,1,2,3,0],11,0].
[[3,3,1,0,0,0,2,2,0],7,0].
[[2,6,1,1,2,0,0,0,0],28,2].
[[3,8,1,1,1,0,2,3,1],10,24].
[[2,7,0,0,0,0,2,2,1],4,10].
[[3,7,0,1,2,1,1,2,0],12,9].
[[2,7,1,1,2,1,2,1,0],9,3].
[[3,9,1,1,2,0,2,2,0],1,38].
[[2,7,2,1,2,0,2,1,1],13,3].
[[2,7,2,1,2,0,1,1,1],4,3].
[[3,3,1,1,2,0,1,2,1],2,0].
[[3,9,1,1,2,0,2,2,1],15,56].
[[3,7,2,0,0,0,2,2,0],7,0].
[[2,7,1,1,2,0,2,2,0],8,2].
[[2,4,1,1,2,0,2,1,1],7,2].
[[2,7,1,1,1,1,1,1,1],4,0].
[[3,3,1,1,1,1,1,1,1],1,0].
[[3,3,1,0,0,0,2,3,0],14,0].
[[3,7,0,1,1,1,0,0,0],3,15].
[[2,7,1,1,2,1,2,3,0],42,15].
[[1,8,1,1,1,1,2,3,0],10,2].
[[1,6,1,0,0,0,2,3,0],13,0].
[[2,3,1,0,0,0,2,3,0],3,1].
[[3,3,1,0,0,0,1,2,0],1,0].
[[2,8,1,1,2,0,2,1,0],18,12].
[[2,6,0,1,2,1,2,1,1],2,4].
[[3,6,0,1,2,1,2,1,1],10,10].
[[1,8,1,1,1,1,1,1,1],5,0].
[[2,4,1,1,2,0,1,1,1],8,3].
[[3,7,1,1,1,0,2,1,1],2,6].
[[2,8,1,1,1,0,1,1,1],1,6].
[[3,7,1,1,1,0,1,1,1],1,6].
[[3,4,1,1,2,0,2,3,1],53,17].
[[2,4,1,1,2,0,0,0,0],4,0].
[[3,6,0,1,1,1,2,2,0],1,2].
[[3,3,2,1,2,1,0,0,0],42,2].
[[3,7,0,1,2,1,2,1,0],11,16].
[[3,6,0,1,2,0,0,0,0],1,5].
[[2,5,0,0,0,0,1,1,1],33,0].
[[1,8,0,0,0,0,1,1,0],6,10].
[[2,8,0,1,2,0,1,1,0],3,4].
[[2,7,1,1,2,1,2,2,0],30,4].
[[2,7,1,1,1,1,1,2,0],1,1].
[[3,3,1,1,1,1,1,2,0],1,0].
[[3,7,1,1,1,0,2,3,1],12,13].
[[3,6,1,1,2,1,2,2,0],21,2].
[[3,7,0,0,0,0,2,2,0],7,20].
[[2,7,2,1,2,0,2,3,0],2,2].
[[2,6,0,0,0,0,2,3,1],4,11].
[[3,6,0,0,0,0,0,0,0],8,19].
[[3,7,2,0,0,0,0,0,0],9,1].
[[2,8,0,1,2,1,1,1,0],18,40].
[[3,3,1,1,2,0,2,1,1],5,1].
[[3,3,2,0,0,0,2,3,1],17,0].
[[3,6,1,0,0,0,0,0,0],14,2].
[[2,6,0,0,0,0,2,2,0],3,5].
[[3,8,0,1,1,0,1,2,1],3,13].
[[2,7,1,1,1,1,2,3,0],5,0].
[[2,8,0,1,1,1,1,2,1],4,8].
[[3,6,0,1,2,1,2,3,1],13,42].
[[2,8,0,1,1,1,1,2,0],9,11].
[[3,3,0,1,2,1,0,0,0],0,3].
[[3,6,1,1,2,1,1,1,0],5,2].
[[3,3,1,0,0,0,2,3,1],18,3].
[[2,6,1,1,1,1,1,2,1],2,0].
[[3,6,1,1,1,1,1,2,1],15,0].
[[2,5,0,1,1,1,1,2,0],6,2].
[[3,6,1,1,2,0,2,3,1],32,3].
[[2,6,1,0,0,0,2,1,0],15,0].
[[3,6,1,0,0,0,2,1,0],6,1].
[[2,8,1,1,2,0,1,1,0],13,9].
[[3,7,2,1,2,1,1,1,1],46,12].
[[1,9,2,1,1,1,1,1,0],5,8].
[[3,1,1,1,2,0,1,2,0],2,0].
[[2,8,1,1,1,0,2,1,1],3,3].
[[3,4,0,1,2,0,2,3,1],0,3].
[[3,8,1,1,1,0,2,3,0],5,16].
[[1,6,0,0,0,0,2,1,0],2,0].
[[2,6,0,1,2,1,2,1,0],2,2].
[[3,6,0,1,2,1,2,1,0],6,6].
[[2,7,1,0,0,0,1,2,0],9,3].
[[3,6,1,1,2,0,2,3,0],22,3].
[[3,7,2,1,2,0,0,0,0],9,3].
[[2,7,0,1,2,1,2,1,1],1,2].
[[3,7,0,1,2,0,2,2,1],3,12].
[[3,6,0,1,1,1,1,1,1],0,1].
[[3,7,2,1,2,0,2,3,0],10,1].
[[3,6,1,0,0,0,1,2,1],40,6].
[[3,6,1,1,2,0,2,1,1],16,4].
[[1,6,1,1,2,1,2,2,1],10,0].
[[2,6,1,1,2,1,1,2,1],15,2].
[[3,3,2,1,2,1,1,2,1],11,0].
[[3,8,0,1,1,0,2,3,1],3,15].
[[1,8,0,0,0,0,1,2,1],4,12].
[[2,8,1,1,1,0,2,2,1],7,11].
[[3,4,0,1,2,0,1,1,1],0,2].
[[3,8,1,1,1,0,2,1,0],2,11].
[[3,7,0,1,2,1,1,2,1],15,19].
[[1,7,1,1,2,1,2,1,1],4,2].
[[2,7,1,1,2,0,1,1,0],0,1].
[[3,8,1,0,0,0,2,1,0],12,23].
[[3,6,1,1,1,1,0,0,0],9,0].
[[1,9,2,1,1,1,1,2,1],13,14].
[[2,8,1,1,1,1,1,1,0],6,2].
[[3,6,1,1,1,1,2,3,1],16,2].
[[3,8,0,1,1,1,1,1,0],21,36].
[[3,7,0,1,1,1,1,2,1],0,4].
[[2,7,2,1,2,1,1,1,1],7,6].
[[3,3,2,1,2,1,1,1,1],6,0].
[[3,7,0,1,1,1,2,3,1],2,22].
[[2,6,1,1,2,1,2,2,0],5,0].
[[1,7,1,0,0,0,1,2,1],1,3].
[[3,8,0,1,1,0,2,3,0],4,14].
[[1,7,2,1,2,1,2,2,1],18,1].
[[1,8,1,1,2,1,1,2,0],14,4].
[[3,3,2,0,0,0,2,1,1],11,0].
[[2,5,0,1,2,1,1,1,0],14,2].
[[2,3,1,0,0,0,2,2,1],8,2].
[[2,8,0,1,2,1,1,1,1],20,34].
[[2,8,1,1,1,0,2,3,0],4,6].
[[3,7,1,1,1,0,2,3,0],5,7].
[[3,8,1,0,0,0,0,0,0],0,5].
[[3,7,0,0,0,0,1,2,0],7,5].
[[1,7,2,0,0,0,2,3,0],7,0].
[[2,3,2,1,2,1,2,3,0],1,0].
[[3,3,2,1,1,1,2,3,0],1,0].
[[2,6,0,0,0,0,1,2,0],3,0].
[[2,9,1,1,1,0,2,2,0],1,10].
[[3,4,0,1,2,0,2,2,0],0,1].
[[3,6,1,1,1,1,2,1,1],11,2].
[[3,4,1,1,2,0,0,0,0],3,4].
[[2,6,0,1,2,1,2,3,0],3,6].
[[2,9,1,1,2,0,0,0,0],0,29].
[[2,6,1,0,0,0,1,2,1],15,4].
[[3,6,1,1,2,0,1,1,1],3,2].
[[2,4,1,1,2,0,1,1,0],1,1].
[[3,4,1,1,2,0,1,1,0],20,1].
[[3,6,1,1,2,0,2,2,0],10,1].
[[1,8,1,1,2,0,2,2,0],14,6].
[[3,7,2,0,0,0,2,3,0],13,1].
[[2,6,0,0,0,0,2,2,1],6,6].
[[3,6,0,1,2,0,2,3,1],1,9].
[[2,6,1,1,1,1,2,3,1],9,0].
[[2,6,1,1,2,0,2,2,0],2,1].
[[3,6,1,1,2,0,1,1,0],5,1].
[[3,3,2,1,2,0,2,3,1],16,0].
[[3,6,1,1,2,0,2,1,0],8,0].
[[1,7,2,1,2,0,1,2,1],1,0].
[[3,7,2,1,2,0,2,1,0],2,0].
[[2,6,0,1,2,1,2,2,1],2,4].
[[2,9,1,1,1,0,2,1,1],0,5].
[[1,7,2,1,2,0,0,0,0],15,8].
[[1,6,1,1,2,1,2,2,0],2,1].
[[2,6,1,1,2,1,1,1,0],0,1].
[[3,7,2,1,2,0,1,1,0],1,1].
[[2,6,0,0,0,0,2,3,0],5,8].
[[3,6,1,0,0,0,1,2,0],6,0].
[[2,3,2,1,2,1,2,3,1],5,0].
[[2,4,1,1,2,0,2,3,1],17,3].
[[1,6,1,0,0,0,2,2,0],4,0].
[[2,6,1,1,2,0,1,2,0],3,0].
[[1,7,1,1,2,1,1,2,1],2,1].
[[2,9,1,1,1,0,2,1,0],1,5].
[[1,8,1,1,1,1,2,2,0],8,2].
[[1,6,1,0,0,0,2,2,1],27,3].
[[3,3,0,0,0,0,0,0,0],0,1].
[[3,8,0,1,1,0,2,2,0],1,10].
[[3,7,2,1,1,0,1,1,0],0,1].
[[1,6,1,0,0,0,1,2,1],5,3].
[[2,5,0,1,2,1,1,1,1],33,2].
[[3,7,0,0,0,0,1,1,0],2,3].
[[1,7,2,1,2,0,2,2,1],5,2].
[[3,7,2,1,1,0,1,2,0],0,1].
[[3,3,1,1,2,1,1,2,1],14,0].
[[3,2,1,0,0,0,0,0,0],5,0].
[[2,6,1,0,0,0,1,1,1],7,2].
[[3,9,1,1,1,0,2,1,1],0,5].
[[3,3,1,1,2,0,2,3,0],2,1].
[[2,7,1,1,2,0,2,3,0],5,4].
[[3,7,0,1,1,1,2,2,0],3,9].
[[2,7,2,1,2,1,2,1,0],2,0].
[[3,7,2,1,2,1,2,1,0],3,0].
[[2,7,1,1,2,0,1,1,1],4,3].
[[3,3,1,0,0,0,2,1,0],5,0].
[[2,6,1,1,2,1,2,3,0],10,0].
[[3,7,1,1,1,0,1,2,0],1,2].
[[3,7,2,1,1,0,2,1,1],3,6].
[[3,9,1,1,2,0,0,0,0],0,5].
[[2,7,2,1,1,1,1,2,1],5,0].
[[2,3,2,0,0,0,2,3,1],12,0].
[[3,3,2,1,2,1,2,3,1],18,0].
[[3,9,1,1,1,0,2,1,0],0,10].
[[3,7,2,1,1,0,0,0,0],2,0].
[[3,2,1,0,0,0,1,2,1],3,0].
[[2,7,0,0,0,0,2,3,1],4,7].
[[3,7,0,0,0,0,1,2,1],2,6].
[[1,7,2,1,2,0,2,3,1],2,3].
[[3,7,1,1,1,0,0,0,0],2,4].
[[1,8,1,1,1,1,1,2,0],1,3].
[[2,9,1,1,1,0,1,1,1],1,6].
[[1,7,2,1,2,1,2,3,1],16,2].
[[3,3,2,1,2,1,2,1,0],1,0].
[[1,3,2,0,0,0,2,3,1],3,0].
[[2,3,2,0,0,0,2,2,0],1,0].
[[3,3,2,1,2,0,2,2,0],2,0].
[[3,7,0,1,1,1,2,1,1],11,10].
[[3,7,1,0,0,0,1,1,0],6,0].
[[2,5,0,1,1,1,1,1,1],5,0].
[[3,6,1,1,1,0,2,3,1],3,2].
[[3,4,0,1,2,0,1,2,1],0,3].
[[1,7,2,0,0,0,2,1,0],2,0].
[[3,9,1,1,2,1,0,0,0],0,7].
[[3,7,0,1,2,0,2,1,0],4,4].
[[3,6,0,1,2,0,2,3,0],2,3].
[[3,8,0,1,1,0,1,2,0],4,14].
[[3,8,1,1,1,0,1,1,0],2,3].
[[1,6,0,0,0,0,2,3,0],2,1].
[[3,6,0,1,2,1,1,1,0],2,2].
[[2,8,1,1,1,0,2,2,0],2,3].
[[3,4,0,1,2,0,2,3,0],0,3].
[[2,7,2,1,1,1,2,2,1],7,0].
[[3,3,1,1,1,1,1,2,1],3,0].
[[1,6,1,1,2,1,2,3,0],1,0].
[[3,3,1,1,2,0,2,3,1],6,4].
[[3,7,1,1,1,1,1,1,0],2,5].
[[2,7,2,1,1,0,2,3,1],3,1].
[[2,3,1,0,0,0,2,3,1],3,0].
[[1,7,2,0,0,0,2,2,0],3,0].
[[3,6,1,1,1,0,2,2,0],0,1].
[[3,6,0,1,2,0,1,2,0],1,1].
[[3,6,0,1,1,1,2,3,0],4,7].
[[2,7,2,1,1,1,0,0,0],14,1].
[[3,6,1,1,1,1,1,1,1],7,2].
[[3,7,2,1,1,1,0,0,0],13,0].
[[2,3,2,1,2,0,2,3,1],2,0].
[[2,3,1,1,2,1,2,2,1],1,0].
[[3,8,1,1,1,0,2,2,0],1,9].
[[3,6,0,1,2,0,2,2,0],0,4].
[[3,2,1,1,2,1,2,1,1],2,0].
[[3,3,2,0,0,0,1,2,1],8,0].
[[3,1,1,1,2,0,1,1,1],2,0].
[[3,5,0,1,1,0,1,2,0],5,4].
[[2,9,1,1,1,0,1,1,0],0,3].
[[2,3,2,1,2,1,2,1,1],2,0].
[[3,3,1,1,2,1,2,3,0],8,1].
[[1,6,1,1,2,1,2,1,1],5,0].
[[3,3,2,1,2,1,2,3,0],2,0].
[[3,8,0,1,1,0,2,1,0],0,12].
[[2,6,1,1,2,1,2,1,1],16,2].
[[3,7,0,1,2,0,1,2,1],1,4].
[[2,7,1,1,2,1,1,1,1],10,9].
[[1,7,2,1,2,1,2,1,1],3,0].
[[3,3,0,0,0,0,2,1,0],0,1].
[[3,6,0,0,0,0,1,1,0],1,2].
[[3,2,1,0,0,0,2,2,1],4,0].
[[2,3,2,0,0,0,2,1,1],3,0].
[[3,3,1,1,1,1,2,1,1],2,0].
[[3,6,0,1,1,1,2,2,1],0,4].
[[3,3,2,1,2,0,1,2,1],1,0].
[[2,8,1,1,1,0,2,1,0],0,1].
[[3,7,2,1,1,1,1,2,0],5,0].
[[3,7,2,1,2,0,1,2,0],7,0].
[[2,7,0,1,2,1,2,2,1],7,6].
[[2,7,2,1,1,1,2,1,1],4,3].
[[3,9,1,1,1,0,0,0,0],0,1].
[[3,7,1,1,1,0,2,2,0],2,3].
[[3,7,2,1,1,0,2,3,0],0,1].
[[1,7,2,0,0,0,1,1,1],1,0].
[[3,6,1,1,2,1,1,2,0],10,0].
[[2,7,2,1,2,1,2,2,0],4,0].
[[2,5,0,1,1,1,1,1,0],4,0].
[[3,6,1,1,1,0,2,1,1],3,1].
[[3,8,0,1,1,0,1,1,1],2,4].
[[2,8,1,1,1,0,0,0,0],2,3].
[[3,2,1,1,1,1,2,1,1],1,0].
[[3,7,0,1,2,0,1,1,0],0,1].
[[3,6,1,1,1,0,2,2,1],2,0].
[[2,7,1,1,1,1,2,1,1],9,4].
[[3,2,1,0,0,0,2,3,1],2,0].
[[1,7,2,1,2,1,1,2,1],4,0].
[[2,6,1,1,2,0,1,2,1],1,2].
[[2,7,1,1,1,1,2,2,1],8,3].
[[3,6,1,1,1,0,0,0,0],1,1].
[[3,8,1,1,2,0,0,0,0],0,3].
[[2,7,0,1,2,1,2,1,0],2,2].
[[2,6,1,1,2,0,2,3,1],8,2].
[[2,7,0,0,0,0,2,2,0],2,5].
[[3,6,0,0,0,0,2,1,0],2,2].
[[3,3,1,1,2,1,1,2,0],2,0].
[[2,7,0,1,2,1,2,3,1],1,7].
[[3,9,1,1,1,0,2,2,0],0,9].
[[1,7,2,1,2,0,2,2,0],1,0].
[[2,7,2,1,2,0,2,2,0],1,0].
[[2,2,1,0,0,0,2,3,1],3,0].
[[3,2,1,1,2,1,1,2,1],1,0].
[[1,8,0,1,2,1,1,1,1],2,2].
[[3,6,0,0,0,0,1,1,1],0,4].
[[1,7,1,1,2,1,2,2,1],5,2].
[[3,2,1,1,2,0,2,2,1],1,0].
[[1,3,2,0,0,0,2,1,1],2,0].
[[2,3,2,1,2,0,2,1,1],1,0].
[[3,3,2,1,2,0,2,1,1],7,0].
[[3,6,0,1,2,0,2,1,1],1,1].
[[2,3,2,1,2,1,1,2,1],3,0].
[[2,6,1,1,2,0,2,3,0],2,0].
[[3,7,2,1,2,1,1,1,0],4,2].
[[3,6,1,1,1,0,1,1,0],1,0].
[[3,3,1,1,2,0,1,1,1],3,0].
[[3,6,1,1,1,0,1,1,1],0,2].
[[1,6,0,0,0,0,2,1,1],0,1].
[[2,7,1,0,0,0,1,1,0],1,1].
[[3,9,1,0,0,0,0,0,0],0,3].
[[2,2,1,0,0,0,0,0,0],6,0].
[[2,8,0,1,2,0,1,1,1],3,9].
[[2,7,2,1,1,1,2,2,0],2,0].
[[3,3,2,1,1,1,2,2,0],1,0].
[[3,6,1,1,1,0,2,3,0],1,1].
[[2,2,1,0,0,0,2,1,1],1,0].
[[3,2,1,0,0,0,2,1,1],2,0].
[[3,6,1,1,1,1,1,2,0],3,0].
[[2,3,1,1,2,1,2,3,1],1,0].
[[1,3,2,0,0,0,2,2,1],2,0].
[[3,5,0,1,1,0,1,2,1],1,0].
[[3,6,1,1,1,0,1,2,1],1,2].
[[3,3,2,1,1,1,2,1,1],1,0].
[[3,6,0,0,0,0,2,1,1],4,6].
[[2,7,1,1,2,1,1,1,0],1,3].
[[3,2,1,1,2,1,2,2,1],2,0].
[[3,3,1,1,2,0,1,2,0],1,0].
[[3,6,0,1,2,0,2,1,0],0,1].
[[3,6,0,1,1,1,1,2,1],1,2].
[[3,6,0,1,2,0,1,2,1],0,2].
[[3,3,1,1,2,1,2,2,0],4,1].
[[2,7,2,1,2,0,1,2,0],1,0].
[[3,3,1,0,0,0,1,2,1],6,1].
[[1,6,0,0,0,0,2,2,0],1,0].
[[1,7,1,1,2,1,2,3,0],1,1].
[[2,6,1,1,1,1,2,1,1],5,0].
[[2,3,2,1,2,0,1,1,1],1,0].
[[3,3,2,1,2,0,1,1,1],2,0].
[[3,2,1,1,2,0,0,0,0],1,0].
[[2,7,0,0,0,0,2,1,1],0,1].
[[2,3,1,1,2,1,1,2,1],1,0].
[[1,6,1,1,2,1,1,1,1],0,1].
[[2,6,1,1,1,1,1,1,1],0,1].
[[2,3,2,1,2,1,2,2,1],7,0].
[[2,7,2,1,1,0,0,0,0],1,1].
[[1,8,1,1,2,0,1,2,0],2,0].
[[2,7,1,1,2,0,1,2,0],2,0].
[[3,5,0,1,1,1,1,2,1],3,2].
[[3,7,0,1,1,1,1,1,0],1,0].
[[3,3,2,1,1,0,2,2,1],1,0].
[[2,6,1,1,2,1,1,2,0],2,0].
[[3,7,2,1,1,1,2,3,0],2,0].
[[3,3,2,0,0,0,2,3,0],1,0].
[[3,3,2,0,0,0,1,1,1],2,0].
[[3,4,0,1,2,0,2,1,1],0,1].
[[3,2,1,1,2,1,0,0,0],3,0].
[[2,3,1,0,0,0,1,2,1],2,0].
[[3,5,0,1,2,0,1,2,1],2,1].
[[2,7,0,1,2,1,1,2,0],1,0].
[[2,7,2,1,1,1,1,1,1],5,0].
[[3,3,1,1,2,0,2,2,0],3,0].
[[3,3,2,1,1,1,2,2,1],1,0].
[[2,7,2,1,1,0,2,2,1],1,0].
[[2,8,1,1,1,0,1,2,0],2,3].
[[1,2,1,0,0,0,0,0,0],1,0].
[[1,6,1,0,0,0,2,1,0],4,0].
[[1,7,1,1,2,1,2,2,0],2,0].
[[2,7,2,1,1,0,2,1,1],1,0].
[[3,3,2,1,1,0,2,1,1],1,0].
[[2,6,1,1,2,0,2,1,1],1,1].
[[2,3,2,0,0,0,1,2,1],1,0].
[[1,8,0,1,2,1,1,2,1],1,2].
[[3,6,0,1,2,0,2,2,1],1,1].
[[3,4,0,1,2,0,1,2,0],0,4].
[[2,7,1,1,1,1,2,2,0],2,1].
[[3,3,2,1,1,1,1,2,1],2,0].
[[3,6,1,0,0,0,1,1,0],4,0].
[[3,7,2,1,2,0,2,2,0],6,0].
[[2,3,2,0,0,0,2,3,0],3,0].
[[3,2,0,1,2,1,2,1,0],0,1].
[[2,7,0,1,2,1,1,1,1],0,1].
[[2,7,0,1,2,1,1,2,1],1,0].
[[2,6,1,1,1,1,2,2,0],1,0].
[[1,6,1,1,2,1,2,3,1],4,0].
[[2,6,1,0,0,0,1,2,0],3,0].
[[3,6,0,1,1,1,2,1,0],0,3].
[[2,7,2,1,1,1,2,3,0],1,0].
[[3,3,2,1,1,0,0,0,0],2,0].
[[2,1,1,1,2,0,1,1,1],1,0].
[[3,3,1,1,2,1,1,1,1],3,0].
[[3,6,1,1,1,1,1,1,0],1,0].
[[3,2,0,0,0,0,0,0,0],1,0].
[[3,2,1,1,2,1,2,3,0],1,0].
[[3,5,0,0,0,0,1,2,1],1,0].
[[2,7,2,0,0,0,2,1,0],3,0].
[[2,3,2,1,2,0,0,0,0],4,0].
[[2,3,1,0,0,0,2,1,0],2,0].
[[2,3,2,1,2,0,2,2,1],1,0].
[[2,7,2,1,1,0,1,2,1],1,0].
[[3,7,2,1,1,1,1,1,0],2,0].
[[3,7,1,1,1,0,1,1,0],1,0].
[[3,2,1,1,2,0,1,2,0],1,0].
[[3,7,2,1,1,0,2,2,0],1,0].
[[3,3,2,1,2,0,2,3,0],2,0].
[[2,2,1,1,2,1,2,1,1],1,0].
[[2,5,0,1,1,0,1,1,1],1,0].
[[1,7,2,1,2,1,1,1,1],2,0].
[[2,3,2,0,0,0,1,1,1],1,0].
[[2,5,0,1,2,0,1,1,0],1,0].
[[1,6,0,0,0,0,2,3,1],1,0].
[[2,6,0,0,0,0,1,1,1],0,1].
[[1,6,1,1,2,1,1,2,1],1,0].
[[3,3,1,1,2,1,2,1,0],1,0].
[[3,6,0,0,0,0,1,2,1],2,1].
[[3,2,1,1,2,0,2,3,1],1,0].
[[3,8,0,1,1,0,0,0,0],0,1].
[[3,3,2,1,1,0,2,3,1],1,0].
[[2,3,2,1,2,0,2,1,0],1,0].
[[3,3,2,1,1,0,2,1,0],1,0].
[[2,2,0,0,0,0,0,0,0],1,0].
[[3,2,0,1,2,1,0,0,0],1,0].
[[3,3,2,1,1,1,1,1,1],1,0].
[[3,4,0,1,2,0,2,2,1],0,1].
[[3,3,1,1,1,1,2,3,0],1,0].
[[2,2,1,1,2,1,0,0,0],1,0].
[[3,2,1,1,1,1,2,3,1],1,0].
[[3,8,1,1,1,0,0,0,0],0,1].
