total_WL(16505,19202).
[[1,9,2,0,0,0,2,3,0],762,1140].
[[2,9,1,0,0,0,2,2,1],57,183].
[[3,8,0,0,0,0,2,2,1],43,162].
[[1,8,0,0,0,0,0,0,0],549,1132].
[[2,7,1,0,0,0,0,0,0],271,146].
[[3,7,1,1,2,0,2,1,1],67,31].
[[2,8,0,1,2,1,2,1,0],34,104].
[[3,7,0,1,2,1,2,1,0],5,26].
[[1,9,2,0,0,0,0,0,0],306,1336].
[[2,9,2,0,0,0,2,2,0],69,157].
[[3,5,0,1,2,1,1,2,0],206,4].
[[1,8,0,1,2,1,1,2,0],5,10].
[[2,8,0,1,2,1,1,2,0],45,79].
[[3,7,1,1,2,1,1,1,1],121,73].
[[1,8,1,0,0,0,2,2,1],1017,472].
[[2,8,1,1,2,0,2,3,0],41,35].
[[3,8,1,1,2,0,2,3,0],20,29].
[[1,9,2,1,2,1,2,3,0],331,443].
[[2,8,1,1,2,1,1,2,1],393,179].
[[3,8,1,1,2,1,1,2,1],775,440].
[[1,9,2,1,2,1,1,2,1],149,200].
[[2,9,2,1,2,1,1,2,1],180,371].
[[3,9,1,1,2,1,1,2,1],149,742].
[[2,8,0,0,0,0,2,3,1],149,374].
[[2,8,0,1,2,1,0,0,0],52,297].
[[3,8,0,1,1,1,0,0,0],0,40].
[[1,9,2,1,2,0,2,3,0],29,55].
[[2,9,2,1,2,0,2,3,0],24,101].
[[3,9,1,1,1,0,2,3,0],1,29].
[[1,9,2,0,0,0,2,2,1],766,1646].
[[2,9,2,1,2,1,2,2,1],103,368].
[[1,8,1,0,0,0,2,3,0],222,92].
[[2,7,1,0,0,0,2,3,0],46,11].
[[3,7,1,1,2,1,2,3,0],102,36].
[[1,8,1,0,0,0,2,3,1],910,436].
[[2,8,1,1,2,0,2,3,1],126,111].
[[3,8,1,1,2,0,1,2,1],258,189].
[[1,7,2,1,2,0,0,0,0],23,4].
[[2,7,2,1,1,0,2,3,1],3,1].
[[3,7,2,1,1,0,2,3,1],11,3].
[[1,9,2,0,0,0,2,3,1],687,1466].
[[2,9,1,1,2,1,2,2,1],57,190].
[[1,8,1,0,0,0,0,0,0],1400,812].
[[2,8,1,0,0,0,0,0,0],73,89].
[[3,8,1,0,0,0,2,3,1],162,78].
[[1,9,2,1,2,1,2,3,1],314,629].
[[2,9,2,1,2,1,2,3,1],101,328].
[[3,9,1,1,1,1,1,2,1],44,318].
[[1,9,2,0,0,0,2,1,0],196,386].
[[2,9,2,1,2,0,2,1,0],12,30].
[[3,8,1,1,1,0,1,1,1],20,29].
[[2,7,0,1,2,1,0,0,0],21,40].
[[3,7,0,1,1,1,2,3,0],3,11].
[[2,8,1,0,0,0,2,3,1],688,345].
[[1,9,2,1,2,1,0,0,0],177,540].
[[2,9,1,1,2,1,0,0,0],1,31].
[[3,8,1,1,2,1,2,3,1],311,209].
[[1,9,2,0,0,0,2,1,1],414,829].
[[2,8,0,0,0,0,2,1,1],99,208].
[[3,8,0,1,2,1,1,1,1],72,231].
[[1,8,0,0,0,0,2,3,0],142,186].
[[2,8,0,1,2,1,2,2,0],78,132].
[[3,8,0,1,1,1,2,3,0],45,159].
[[1,8,1,1,2,1,0,0,0],471,275].
[[2,8,1,1,2,1,2,1,1],268,147].
[[1,9,2,1,2,0,2,3,1],18,77].
[[2,9,1,1,2,0,1,2,1],20,99].
[[2,9,1,1,2,1,2,1,0],25,98].
[[3,9,1,1,2,1,2,1,0],19,131].
[[2,8,1,1,2,0,2,2,1],179,143].
[[3,7,2,1,2,0,2,2,1],74,9].
[[2,8,1,1,2,1,2,3,1],528,269].
[[3,8,1,1,2,1,2,1,1],154,86].
[[2,9,1,0,0,0,1,2,1],122,277].
[[3,5,0,1,2,0,1,1,1],55,13].
[[1,8,0,0,0,0,2,2,1],155,285].
[[2,8,0,0,0,0,2,2,1],182,447].
[[3,8,0,1,2,0,2,3,1],18,94].
[[2,8,1,0,0,0,2,3,0],173,101].
[[3,8,1,1,2,1,2,3,0],64,113].
[[2,9,2,0,0,0,2,2,1],89,343].
[[3,9,1,1,2,0,2,2,1],9,46].
[[2,9,2,1,2,1,0,0,0],8,133].
[[3,8,0,1,2,1,0,0,0],0,122].
[[1,9,2,0,0,0,1,2,0],210,263].
[[2,9,2,1,2,0,1,2,0],21,22].
[[3,9,1,1,2,0,1,2,0],36,102].
[[2,8,1,0,0,0,2,2,1],702,386].
[[3,7,2,0,0,0,2,2,1],95,7].
[[3,8,1,1,2,1,1,1,1],275,273].
[[1,6,1,0,0,0,0,0,0],328,19].
[[2,6,1,0,0,0,0,0,0],143,13].
[[3,6,1,1,2,1,0,0,0],15,3].
[[3,9,1,1,2,1,2,3,0],33,251].
[[2,8,0,0,0,0,2,3,0],189,306].
[[3,8,0,1,2,0,2,3,0],25,111].
[[1,8,1,1,1,1,0,0,0],46,23].
[[2,8,1,1,1,1,0,0,0],17,17].
[[3,8,1,1,1,1,2,2,1],130,108].
[[2,8,1,1,2,1,2,2,1],587,307].
[[3,8,1,1,2,1,2,2,1],401,243].
[[2,8,1,0,0,0,2,1,1],311,184].
[[3,8,1,0,0,0,2,2,1],166,114].
[[3,7,1,1,2,0,2,3,0],30,17].
[[1,9,2,0,0,0,2,2,0],333,560].
[[2,8,0,0,0,0,2,2,0],85,131].
[[3,8,0,1,2,0,2,2,0],17,49].
[[1,8,1,0,0,0,2,2,0],96,47].
[[2,7,1,1,2,1,2,2,0],16,3].
[[2,7,1,0,0,0,2,3,1],166,80].
[[3,7,1,0,0,0,2,3,1],197,90].
[[1,8,1,1,2,1,2,2,1],337,147].
[[2,7,2,1,2,1,2,2,1],100,6].
[[3,7,1,1,2,1,2,2,1],396,178].
[[1,9,2,1,2,1,1,1,1],54,102].
[[2,9,2,1,2,1,1,1,1],73,176].
[[3,8,1,1,2,1,1,2,0],146,65].
[[2,9,1,0,0,0,2,3,1],31,110].
[[3,9,1,0,0,0,1,2,1],59,272].
[[2,9,2,0,0,0,2,1,0],39,134].
[[3,9,2,1,2,1,2,1,0],0,32].
[[1,7,2,0,0,0,0,0,0],316,43].
[[2,7,2,0,0,0,0,0,0],156,15].
[[3,7,2,1,2,1,2,3,1],151,16].
[[1,8,1,1,2,0,2,2,1],41,34].
[[3,8,1,1,1,0,2,2,1],16,33].
[[2,9,1,0,0,0,1,2,0],84,143].
[[3,5,0,1,2,1,1,1,0],63,11].
[[2,9,2,1,2,1,1,2,0],103,142].
[[3,9,1,1,2,1,1,2,0],113,360].
[[1,9,2,1,2,1,2,2,1],348,688].
[[2,8,1,1,2,0,2,1,1],73,50].
[[3,8,1,1,1,0,2,3,1],11,20].
[[2,8,1,1,2,1,2,3,0],140,74].
[[2,8,1,1,2,1,1,1,1],137,145].
[[2,9,2,1,2,1,2,1,0],45,149].
[[3,8,0,1,1,1,2,1,0],14,57].
[[2,8,1,1,2,1,0,0,0],59,76].
[[1,9,2,0,0,0,1,1,0],48,81].
[[2,5,0,1,2,0,1,1,0],1,3].
[[3,5,0,1,2,0,1,1,0],15,7].
[[1,9,2,1,1,1,1,2,1],23,19].
[[2,5,0,1,1,1,1,1,1],8,1].
[[3,5,0,1,1,1,1,1,1],66,8].
[[2,9,2,0,0,0,2,3,1],103,335].
[[3,7,1,1,2,0,2,2,1],137,70].
[[3,6,1,1,2,0,2,3,1],35,3].
[[2,8,0,1,2,1,2,3,1],153,347].
[[3,8,0,1,1,1,2,2,1],41,129].
[[2,9,1,1,2,1,1,2,0],83,169].
[[3,8,0,1,1,1,1,2,0],44,78].
[[2,9,2,1,2,0,1,2,1],32,129].
[[3,9,1,1,2,0,1,2,1],49,251].
[[2,7,2,1,2,1,0,0,0],89,17].
[[3,7,2,1,2,1,0,0,0],30,8].
[[1,8,1,0,0,0,1,1,1],81,81].
[[2,8,1,0,0,0,1,1,1],174,146].
[[3,8,1,0,0,0,1,1,1],132,125].
[[1,8,1,0,0,0,1,2,1],255,145].
[[2,7,2,0,0,0,1,2,1],65,10].
[[3,7,2,1,2,1,1,2,1],176,11].
[[1,7,1,0,0,0,2,3,0],12,1].
[[1,8,0,0,0,0,2,3,1],147,270].
[[3,7,1,1,2,1,2,3,1],367,142].
[[2,9,2,1,2,1,2,3,0],137,366].
[[3,9,2,1,2,1,2,3,0],6,63].
[[2,7,2,0,0,0,2,2,1],147,18].
[[2,8,1,1,1,1,1,2,1],78,40].
[[3,7,1,1,1,1,1,2,1],69,33].
[[3,8,0,1,2,1,2,3,0],141,486].
[[2,9,2,1,2,0,2,2,1],19,105].
[[3,9,1,1,2,0,2,2,0],5,40].
[[2,8,1,1,2,0,1,2,1],97,77].
[[3,7,1,1,2,0,1,2,1],77,41].
[[1,7,1,1,2,1,0,0,0],70,34].
[[2,7,1,1,2,1,2,3,0],23,11].
[[1,8,0,1,2,1,2,3,1],55,75].
[[2,8,0,1,1,1,2,3,1],38,55].
[[3,8,0,1,1,1,1,2,1],46,196].
[[3,8,0,1,2,0,1,2,1],54,162].
[[1,8,1,1,2,1,2,1,0],17,12].
[[2,7,2,1,2,1,1,1,1],26,8].
[[3,7,2,1,2,1,1,1,1],61,18].
[[2,9,2,1,1,1,2,3,1],31,59].
[[3,9,1,1,1,1,2,3,1],4,15].
[[2,9,1,1,2,0,2,3,0],20,41].
[[3,9,1,1,2,0,2,3,0],15,90].
[[2,9,1,1,2,1,1,2,1],124,296].
[[2,9,1,1,2,1,2,3,0],81,168].
[[3,7,1,0,0,0,2,2,1],223,87].
[[1,8,1,0,0,0,2,1,1],481,197].
[[3,6,1,0,0,0,1,1,1],18,5].
[[3,8,0,1,2,0,2,2,1],31,100].
[[3,9,2,0,0,0,1,2,1],13,47].
[[3,6,1,0,0,0,2,2,1],77,1].
[[3,8,1,1,2,0,2,2,1],116,100].
[[2,9,1,1,1,1,2,2,0],12,21].
[[3,5,0,1,1,1,1,2,0],62,3].
[[1,9,2,0,0,0,1,1,1],160,210].
[[3,7,0,1,2,1,2,1,1],18,45].
[[2,9,2,0,0,0,1,2,1],149,359].
[[1,9,2,1,2,1,2,1,1],141,338].
[[3,7,0,1,2,1,0,0,0],14,57].
[[2,9,2,0,0,0,1,1,1],75,172].
[[3,7,1,1,1,1,2,1,1],46,21].
[[3,7,1,1,1,1,2,3,1],103,53].
[[3,7,1,1,1,1,2,2,1],100,44].
[[2,8,1,0,0,0,2,2,0],63,43].
[[2,8,0,1,2,1,2,3,0],167,271].
[[3,8,0,1,2,1,1,2,0],128,245].
[[2,8,1,1,2,0,1,1,1],46,42].
[[2,8,0,1,2,1,2,2,1],176,385].
[[3,8,0,1,2,1,1,2,1],159,544].
[[1,8,1,0,0,0,2,1,0],62,18].
[[2,8,1,0,0,0,2,1,0],33,10].
[[3,7,2,0,0,0,1,2,1],95,8].
[[3,8,0,1,2,1,2,2,1],128,396].
[[2,8,0,0,0,0,1,1,0],11,18].
[[3,7,0,0,0,0,1,1,0],1,1].
[[2,7,0,0,0,0,0,0,0],27,48].
[[3,7,0,1,2,1,2,2,1],31,65].
[[1,9,2,0,0,0,1,2,1],341,554].
[[2,8,1,0,0,0,1,2,1],498,238].
[[3,7,1,0,0,0,1,2,1],147,44].
[[3,7,0,1,2,0,0,0,0],3,16].
[[3,9,1,1,1,1,2,3,0],10,104].
[[3,6,1,0,0,0,2,3,1],52,2].
[[3,8,1,1,1,0,2,1,1],7,16].
[[2,7,2,1,2,0,2,2,1],37,4].
[[1,8,1,1,2,1,2,3,1],304,135].
[[2,9,1,1,2,1,1,1,1],49,134].
[[3,9,1,1,2,1,1,1,1],54,280].
[[3,3,2,0,0,0,2,2,1],28,0].
[[3,9,1,1,2,1,2,2,1],26,152].
[[2,7,1,0,0,0,2,1,0],14,3].
[[3,7,1,1,2,1,1,1,0],15,7].
[[3,7,0,1,2,1,2,3,1],42,67].
[[3,9,2,1,2,0,2,2,1],1,8].
[[3,8,0,0,0,0,2,3,1],36,154].
[[2,9,1,1,2,0,2,2,1],10,54].
[[3,9,1,1,2,0,1,1,1],18,91].
[[3,7,0,0,0,0,2,2,1],15,32].
[[1,8,1,1,2,0,0,0,0],68,59].
[[2,7,2,1,2,0,0,0,0],46,11].
[[3,7,2,1,1,0,2,1,1],3,5].
[[2,9,1,1,2,0,0,0,0],0,6].
[[1,9,2,1,1,1,2,3,0],35,44].
[[2,8,1,1,1,1,2,3,0],31,19].
[[3,4,1,1,2,0,2,3,0],54,12].
[[3,8,0,1,2,1,2,2,0],77,208].
[[3,8,0,0,0,0,1,2,1],71,212].
[[2,9,2,1,1,1,1,2,1],39,82].
[[3,7,1,0,0,0,0,0,0],32,32].
[[1,9,2,1,1,1,1,1,0],5,3].
[[2,4,1,1,2,0,1,1,0],1,0].
[[3,4,1,1,2,0,1,1,0],12,2].
[[2,9,1,1,2,1,2,3,1],23,98].
[[2,7,1,1,2,1,2,3,1],124,44].
[[2,8,0,0,0,0,1,2,1],75,140].
[[2,9,1,0,0,0,1,1,1],57,123].
[[3,8,0,0,0,0,1,1,1],35,98].
[[1,8,1,1,2,1,2,3,0],74,28].
[[2,9,1,1,1,1,1,2,1],37,56].
[[3,8,1,1,1,1,1,2,1],265,162].
[[3,8,0,1,2,1,2,3,1],82,332].
[[2,8,1,1,1,1,2,3,1],117,61].
[[1,8,1,1,2,1,2,1,1],150,71].
[[3,7,1,1,2,1,2,1,1],185,85].
[[1,9,2,1,1,1,2,2,0],29,16].
[[2,9,2,1,1,1,2,2,0],24,34].
[[3,4,1,1,2,0,2,2,0],35,7].
[[1,8,0,1,2,1,2,3,0],41,45].
[[2,9,2,1,1,1,2,3,0],53,86].
[[1,9,2,1,2,0,2,2,0],18,21].
[[2,9,1,1,1,0,1,2,0],2,5].
[[3,9,1,1,1,0,1,1,0],0,4].
[[2,8,0,0,0,0,0,0,0],64,356].
[[3,8,0,0,0,0,2,1,0],20,81].
[[2,6,1,1,2,1,2,1,1],27,1].
[[3,6,1,1,1,1,2,1,1],17,1].
[[3,9,1,0,0,0,2,1,1],1,7].
[[2,6,1,1,2,1,2,1,0],3,0].
[[3,6,1,1,1,1,2,2,1],35,3].
[[3,8,1,1,1,1,2,3,1],97,75].
[[2,8,0,1,2,1,1,2,1],77,124].
[[3,8,0,0,0,0,2,3,0],47,207].
[[2,9,2,0,0,0,1,1,0],21,23].
[[3,8,0,1,2,1,1,1,0],36,59].
[[3,6,0,1,2,1,2,2,1],12,36].
[[3,8,1,0,0,0,1,2,1],357,206].
[[3,7,2,1,1,1,0,0,0],5,1].
[[2,9,2,0,0,0,2,3,0],139,375].
[[3,7,1,0,0,0,2,3,0],45,18].
[[1,9,2,1,1,1,2,1,0],15,17].
[[2,4,1,1,2,0,1,1,1],15,2].
[[3,4,1,1,2,0,1,1,1],85,20].
[[1,8,0,0,0,0,1,1,0],5,1].
[[2,8,0,0,0,0,1,2,0],70,68].
[[3,8,0,0,0,0,1,2,0],64,77].
[[3,8,1,1,1,1,2,2,0],8,20].
[[1,7,1,0,0,0,0,0,0],292,108].
[[3,3,2,1,2,0,0,0,0],19,2].
[[3,9,1,0,0,0,2,2,0],6,64].
[[3,9,2,0,0,0,2,3,0],0,42].
[[3,7,1,0,0,0,1,1,1],60,34].
[[3,8,0,1,2,0,2,1,0],5,41].
[[2,9,1,0,0,0,0,0,0],1,27].
[[3,9,1,1,2,1,2,2,0],7,123].
[[1,8,0,0,0,0,2,2,0],80,100].
[[3,7,1,1,2,1,2,2,0],36,16].
[[1,9,2,1,2,1,2,2,0],172,234].
[[2,8,1,1,1,1,2,1,1],67,24].
[[2,9,2,1,1,0,1,2,1],0,9].
[[3,9,1,1,1,0,1,2,1],11,68].
[[3,7,1,0,0,0,2,1,1],96,46].
[[3,8,0,1,2,1,2,1,0],38,202].
[[1,7,1,0,0,0,2,2,1],40,13].
[[2,7,1,1,2,1,2,2,1],133,51].
[[3,7,1,1,2,1,1,2,1],287,88].
[[3,8,0,1,2,0,1,1,1],12,62].
[[1,8,0,1,2,1,0,0,0],211,366].
[[1,9,2,1,1,1,2,1,1],34,28].
[[2,9,2,1,1,1,2,1,1],21,47].
[[3,8,0,1,1,1,2,1,1],18,72].
[[3,7,0,1,1,1,1,2,1],3,5].
[[2,9,2,1,2,0,2,3,1],31,75].
[[3,9,1,1,1,0,2,2,1],0,16].
[[2,7,1,1,2,0,2,1,1],10,8].
[[3,7,1,1,1,0,1,2,1],16,9].
[[2,7,0,1,2,1,2,2,0],2,2].
[[3,7,0,1,2,1,2,2,0],17,24].
[[1,9,2,1,2,1,2,1,0],100,179].
[[2,9,1,1,2,1,1,1,0],16,44].
[[1,6,1,1,2,1,0,0,0],64,2].
[[2,3,2,1,2,1,0,0,0],28,1].
[[3,3,2,1,2,1,0,0,0],29,2].
[[3,8,1,1,2,0,1,1,1],116,125].
[[1,9,2,1,2,0,2,2,1],38,84].
[[3,7,0,1,2,1,2,3,0],38,67].
[[3,8,1,0,0,0,2,1,1],62,46].
[[3,9,1,0,0,0,1,2,0],43,129].
[[2,8,0,1,1,1,2,2,1],28,52].
[[3,4,1,1,2,0,1,2,1],149,31].
[[3,3,1,1,2,1,2,2,1],32,6].
[[2,9,2,1,2,1,2,1,1],44,149].
[[3,9,1,1,1,1,1,1,1],19,118].
[[2,9,2,0,0,0,1,2,0],80,129].
[[3,8,0,1,2,0,1,2,0],40,65].
[[2,8,0,1,2,0,2,2,1],34,72].
[[3,8,0,1,1,0,1,2,1],2,26].
[[3,9,1,0,0,0,1,1,1],24,107].
[[3,7,2,0,0,0,2,3,1],80,4].
[[2,9,1,1,1,0,2,2,0],1,2].
[[3,8,1,1,1,0,2,2,0],2,7].
[[2,8,0,1,2,0,0,0,0],9,44].
[[3,7,1,1,1,0,2,2,1],11,23].
[[1,8,0,1,2,1,2,2,0],24,26].
[[3,8,0,1,1,1,2,3,1],36,99].
[[3,8,1,1,2,0,2,3,1],107,72].
[[3,9,1,1,2,1,1,1,0],26,90].
[[2,7,1,1,2,1,0,0,0],186,100].
[[3,6,1,1,2,1,2,2,1],118,8].
[[2,8,1,1,1,1,2,2,0],11,8].
[[2,8,0,1,2,1,1,1,1],21,56].
[[3,5,0,1,2,1,1,1,1],199,11].
[[1,8,1,1,1,1,2,3,0],5,3].
[[2,4,1,1,2,0,1,2,0],7,1].
[[3,4,1,1,2,0,1,2,0],44,12].
[[3,9,2,0,0,0,2,2,0],2,11].
[[2,9,1,0,0,0,2,3,0],78,218].
[[3,8,1,0,0,0,2,3,0],21,59].
[[1,8,0,0,0,0,2,1,1],86,143].
[[2,9,1,1,2,1,2,2,0],42,102].
[[2,7,1,1,2,1,2,1,1],57,21].
[[2,6,1,0,0,0,2,1,1],44,1].
[[3,6,1,1,2,1,1,2,1],87,3].
[[3,8,1,1,2,0,2,1,1],49,46].
[[1,8,0,1,2,1,2,1,1],26,44].
[[2,6,0,1,2,1,2,1,1],2,4].
[[3,6,0,1,2,1,2,1,1],5,16].
[[3,6,1,0,0,0,2,1,1],26,1].
[[1,7,2,0,0,0,2,3,1],74,4].
[[3,7,2,1,2,0,1,1,1],15,9].
[[2,9,1,1,2,0,2,3,1],3,24].
[[2,9,2,0,0,0,0,0,0],6,129].
[[3,8,0,0,0,0,0,0,0],0,60].
[[3,8,0,1,2,0,0,0,0],0,26].
[[3,8,1,0,0,0,2,1,0],5,9].
[[2,9,2,1,2,1,1,1,0],16,32].
[[3,9,1,1,1,1,1,2,0],44,130].
[[3,9,2,1,2,0,1,1,1],10,35].
[[1,8,1,1,2,1,1,2,0],11,12].
[[2,8,1,1,2,1,1,2,0],57,37].
[[3,8,1,1,1,1,1,2,0],40,26].
[[3,9,1,1,1,1,2,2,0],3,61].
[[2,9,2,1,2,1,2,2,0],78,168].
[[1,9,2,1,1,1,2,3,1],42,52].
[[2,4,1,1,2,0,2,3,1],17,8].
[[3,4,1,1,2,0,2,3,1],38,14].
[[1,9,2,1,2,1,1,2,0],98,137].
[[2,9,2,1,1,1,1,1,1],25,33].
[[3,9,2,1,1,1,1,1,1],8,40].
[[3,8,1,0,0,0,1,2,0],66,30].
[[3,3,1,1,2,1,2,3,1],39,7].
[[3,3,1,0,0,0,0,0,0],42,6].
[[3,6,1,1,2,0,1,2,1],21,5].
[[1,7,2,0,0,0,2,1,1],41,5].
[[2,7,2,1,2,0,2,1,1],14,3].
[[3,7,2,1,1,0,1,2,1],6,8].
[[3,7,0,1,1,1,2,2,1],6,19].
[[1,7,2,0,0,0,2,2,1],80,9].
[[3,7,2,1,2,1,2,2,1],171,22].
[[1,9,2,1,1,1,2,2,1],50,47].
[[1,7,1,0,0,0,2,3,1],44,11].
[[3,8,1,1,2,1,2,2,0],23,43].
[[3,6,0,1,2,0,2,3,0],2,5].
[[3,7,0,1,2,0,2,3,0],6,14].
[[3,7,2,1,2,0,1,2,1],91,10].
[[1,8,1,1,2,1,1,1,1],48,36].
[[3,8,0,0,0,0,2,1,1],18,80].
[[1,8,1,1,1,1,2,2,1],40,14].
[[2,8,1,1,1,1,2,2,1],159,61].
[[3,9,2,1,2,0,2,2,0],0,8].
[[3,5,0,1,2,0,1,2,0],47,2].
[[3,8,1,1,1,1,0,0,0],0,5].
[[2,9,1,0,0,0,2,2,0],32,111].
[[3,7,1,1,2,1,2,1,0],24,14].
[[2,3,2,1,2,0,0,0,0],10,0].
[[3,3,2,1,2,0,2,3,1],14,0].
[[3,7,0,0,0,0,2,3,1],18,25].
[[3,7,1,1,2,0,2,3,1],104,70].
[[3,8,1,1,2,1,1,1,0],24,37].
[[2,7,1,0,0,0,2,2,1],173,75].
[[3,7,2,1,1,1,1,2,1],50,5].
[[3,9,1,0,0,0,2,3,0],13,122].
[[3,9,1,1,1,0,2,3,1],0,6].
[[1,7,2,1,2,1,2,2,1],17,0].
[[2,7,2,1,2,1,1,2,1],38,6].
[[3,3,2,1,2,1,1,2,1],20,0].
[[2,8,1,1,2,1,2,1,0],37,23].
[[2,9,1,0,0,0,2,1,1],19,68].
[[3,8,0,1,2,0,2,1,1],20,48].
[[3,8,1,1,1,1,1,1,1],98,103].
[[2,7,1,1,2,1,2,1,0],10,3].
[[3,9,2,1,1,1,1,2,0],5,20].
[[3,7,2,1,1,1,1,1,1],21,8].
[[3,7,0,1,2,0,2,1,1],6,8].
[[3,9,2,1,2,1,1,2,1],23,152].
[[2,6,1,1,2,1,0,0,0],92,8].
[[3,6,1,1,1,1,2,3,0],8,0].
[[3,9,1,0,0,0,2,2,1],12,47].
[[2,9,2,1,2,0,0,0,0],2,26].
[[2,8,0,1,1,1,0,0,0],16,45].
[[3,7,0,0,0,0,2,1,1],7,14].
[[2,6,1,0,0,0,2,2,1],101,2].
[[1,7,2,1,2,1,0,0,0],55,10].
[[2,5,0,0,0,0,1,2,0],48,0].
[[2,9,1,1,1,1,2,2,1],24,40].
[[3,9,1,1,1,1,2,2,1],7,76].
[[1,8,1,1,2,1,1,2,1],108,45].
[[3,8,0,1,1,1,1,1,1],19,90].
[[3,8,1,1,2,0,2,2,0],9,15].
[[3,9,1,1,2,1,2,1,1],6,48].
[[3,8,1,1,2,0,1,2,0],39,29].
[[3,9,2,1,2,1,1,2,0],26,41].
[[2,7,1,0,0,0,1,1,1],24,9].
[[3,7,1,1,2,0,1,1,1],37,25].
[[2,4,1,1,2,0,1,2,1],21,2].
[[3,8,1,1,1,0,1,2,1],46,64].
[[2,6,0,1,2,1,1,2,0],0,2].
[[3,6,0,1,1,1,1,1,0],1,1].
[[3,8,0,0,0,0,2,2,0],21,89].
[[3,6,1,1,2,0,2,3,0],12,0].
[[1,9,2,1,2,1,1,1,0],13,33].
[[2,8,0,1,2,1,1,1,0],9,14].
[[2,5,0,1,2,1,1,1,0],19,6].
[[1,9,2,1,2,0,2,1,1],9,42].
[[2,8,0,1,2,0,2,1,1],18,32].
[[3,8,0,1,1,0,1,1,1],1,9].
[[3,9,1,1,2,0,2,3,1],2,15].
[[2,8,0,0,0,0,1,1,1],38,68].
[[3,5,0,0,0,0,1,2,0],85,1].
[[3,7,2,1,1,1,2,1,1],25,1].
[[3,8,0,0,0,0,1,1,0],14,26].
[[1,8,1,1,2,0,2,1,1],22,15].
[[3,7,0,1,2,0,2,3,1],6,10].
[[2,7,1,1,1,1,2,1,1],6,3].
[[2,6,1,1,2,1,1,1,1],5,2].
[[3,6,1,1,2,1,1,1,1],30,6].
[[1,3,2,0,0,0,0,0,0],34,0].
[[3,3,2,1,2,1,2,3,1],36,0].
[[2,7,2,1,1,1,2,3,1],11,1].
[[2,7,2,0,0,0,2,3,1],144,12].
[[3,7,2,1,2,0,2,3,1],54,7].
[[3,9,1,1,1,1,2,1,0],8,53].
[[2,7,1,1,2,0,0,0,0],37,28].
[[3,7,1,1,1,0,0,0,0],4,4].
[[2,3,1,0,0,0,0,0,0],54,3].
[[2,6,1,0,0,0,2,3,0],19,0].
[[3,6,1,1,2,1,2,3,0],33,3].
[[2,8,0,1,2,1,2,1,1],71,198].
[[3,8,0,1,2,1,2,1,1],48,158].
[[2,9,1,1,1,1,2,3,0],24,43].
[[3,9,2,1,2,1,2,1,1],2,16].
[[2,8,1,0,0,0,1,2,0],73,23].
[[3,9,2,1,1,1,1,2,1],5,62].
[[2,8,1,1,1,1,2,1,0],7,4].
[[3,7,1,1,2,0,0,0,0],27,14].
[[3,7,2,1,2,1,2,1,1],79,6].
[[3,7,1,1,1,1,0,0,0],17,16].
[[2,9,1,0,0,0,2,1,0],26,88].
[[3,9,1,1,2,0,2,1,0],4,36].
[[3,6,1,1,1,0,2,1,1],3,1].
[[3,8,1,1,1,1,2,3,0],25,39].
[[3,9,2,1,2,1,2,2,0],2,30].
[[3,8,1,0,0,0,2,2,0],13,25].
[[3,9,2,0,0,0,1,1,1],2,56].
[[1,6,1,0,0,0,2,3,1],36,1].
[[2,6,1,1,2,1,2,3,1],62,1].
[[2,8,1,1,1,1,1,2,0],12,5].
[[1,9,2,1,2,0,0,0,0],23,63].
[[2,9,2,1,1,0,2,3,0],2,6].
[[3,8,0,1,1,0,2,3,0],3,13].
[[3,7,2,1,1,1,2,3,1],38,2].
[[3,7,0,0,0,0,0,0,0],10,27].
[[2,9,2,1,2,0,1,1,0],2,9].
[[1,8,1,1,2,0,2,1,0],3,1].
[[2,7,1,1,2,0,2,1,0],1,0].
[[3,7,1,1,2,0,2,1,0],9,1].
[[3,8,1,1,2,1,2,1,0],20,26].
[[3,7,1,1,1,1,2,3,0],21,18].
[[3,6,0,0,0,0,2,2,1],7,17].
[[1,7,1,1,2,1,2,2,1],4,3].
[[2,9,1,1,1,1,2,1,0],10,19].
[[2,9,1,1,2,1,2,1,1],17,60].
[[3,7,0,0,0,0,2,3,0],12,31].
[[2,9,2,1,1,1,2,2,1],41,67].
[[2,9,1,1,1,1,1,2,0],27,36].
[[3,9,1,1,1,0,2,1,0],0,13].
[[3,8,0,1,1,1,2,2,0],12,86].
[[2,7,2,1,2,1,2,3,1],76,11].
[[2,8,1,1,2,1,2,2,0],68,41].
[[2,8,0,0,0,0,2,1,0],54,107].
[[2,9,1,1,2,0,1,1,1],8,28].
[[3,5,0,1,1,0,1,1,1],6,10].
[[2,8,0,1,1,1,2,1,0],12,12].
[[3,6,0,1,2,1,1,2,0],3,7].
[[2,9,2,1,1,1,2,1,0],11,31].
[[2,9,2,0,0,0,2,1,1],59,171].
[[3,3,1,1,1,1,0,0,0],11,1].
[[2,2,1,0,0,0,0,0,0],6,0].
[[3,2,1,0,0,0,0,0,0],6,0].
[[1,7,1,0,0,0,1,1,1],3,2].
[[2,7,2,0,0,0,2,1,1],61,11].
[[3,3,2,0,0,0,2,1,1],10,0].
[[2,7,1,1,2,1,1,2,1],33,12].
[[2,8,1,1,2,0,2,1,0],7,3].
[[3,8,1,1,1,0,1,2,0],9,10].
[[2,9,2,1,2,0,2,1,1],12,40].
[[3,9,2,1,1,0,2,1,1],0,3].
[[2,9,1,1,2,0,2,1,0],6,29].
[[3,5,0,1,1,0,1,1,0],3,7].
[[2,7,1,0,0,0,2,1,1],102,29].
[[3,9,2,0,0,0,2,2,1],0,10].
[[2,5,0,1,2,0,1,1,1],14,3].
[[2,7,1,1,2,0,2,3,1],24,19].
[[3,3,1,1,2,0,2,3,1],12,0].
[[2,9,1,1,2,0,1,2,0],17,43].
[[2,6,1,1,2,0,2,2,1],15,3].
[[1,8,1,0,0,0,1,1,0],9,4].
[[2,8,1,0,0,0,1,1,0],18,14].
[[3,7,1,0,0,0,1,1,0],7,4].
[[2,7,1,0,0,0,1,2,1],61,22].
[[1,7,1,1,2,1,1,2,1],4,1].
[[2,7,1,1,2,1,1,1,1],14,12].
[[3,3,1,1,2,1,1,1,1],9,0].
[[3,4,1,1,2,0,2,1,1],26,5].
[[2,8,1,1,2,0,0,0,0],12,20].
[[2,5,0,1,2,1,1,1,1],59,1].
[[3,7,2,1,2,0,2,1,1],41,8].
[[2,7,0,0,0,0,2,2,0],2,2].
[[2,8,0,1,2,0,2,3,0],26,41].
[[1,6,0,0,0,0,0,0,0],24,31].
[[2,6,0,0,0,0,0,0,0],29,48].
[[3,6,0,1,2,0,2,3,1],3,10].
[[2,9,1,1,2,0,1,1,0],4,10].
[[3,3,1,1,2,1,0,0,0],57,10].
[[3,3,1,1,2,0,0,0,0],20,2].
[[3,7,1,1,1,1,2,1,0],3,6].
[[3,6,1,1,2,1,2,3,1],98,2].
[[2,7,0,0,0,0,2,3,0],5,8].
[[2,5,0,0,0,0,1,1,1],39,5].
[[3,5,0,0,0,0,1,1,1],70,8].
[[2,6,0,1,2,1,0,0,0],11,34].
[[3,6,0,1,2,1,2,3,1],15,31].
[[1,6,1,0,0,0,2,3,0],6,0].
[[3,6,1,0,0,0,2,3,0],19,1].
[[1,6,1,0,0,0,2,2,1],33,2].
[[3,6,1,1,1,0,1,1,1],2,2].
[[3,3,1,1,2,1,2,1,1],24,2].
[[3,9,2,0,0,0,1,2,0],7,19].
[[2,3,2,0,0,0,2,3,1],17,0].
[[3,3,2,0,0,0,2,3,1],35,0].
[[3,9,1,1,1,0,1,2,0],8,30].
[[2,4,1,1,2,0,2,2,1],16,4].
[[3,7,2,0,0,0,2,1,1],38,5].
[[2,9,1,1,1,1,1,1,1],14,32].
[[3,9,2,1,1,1,2,3,0],2,24].
[[3,7,0,1,2,0,2,2,1],14,13].
[[2,9,1,0,0,0,1,1,0],20,40].
[[3,9,1,0,0,0,1,1,0],6,34].
[[3,3,1,0,0,0,2,2,1],37,6].
[[3,9,2,1,2,1,1,1,1],19,114].
[[2,9,2,1,1,1,0,0,0],10,23].
[[3,3,1,1,2,0,2,2,1],16,1].
[[3,7,0,1,2,1,1,2,1],15,30].
[[1,6,1,0,0,0,2,1,1],18,2].
[[3,6,1,1,2,1,2,1,1],50,2].
[[3,6,0,1,2,1,2,3,0],10,25].
[[3,9,2,1,1,1,2,1,0],0,17].
[[2,6,1,1,1,1,2,3,1],7,0].
[[3,6,1,1,1,1,2,3,1],27,3].
[[3,7,2,1,1,1,2,2,1],49,7].
[[1,9,2,1,1,1,0,0,0],39,34].
[[3,6,1,1,2,1,2,1,0],7,1].
[[2,7,2,1,2,0,2,3,1],32,3].
[[3,8,1,1,1,1,2,1,1],54,31].
[[1,8,0,1,2,1,2,2,1],58,78].
[[2,9,2,1,2,0,2,2,0],10,42].
[[3,9,1,1,2,1,2,3,1],2,51].
[[2,9,1,1,1,1,2,3,1],13,26].
[[3,7,1,1,2,1,0,0,0],83,62].
[[3,7,1,0,0,0,2,2,0],17,12].
[[2,8,0,1,2,0,2,3,1],18,42].
[[1,9,2,1,2,0,2,1,0],7,18].
[[3,9,2,1,2,0,1,2,1],1,57].
[[2,5,0,1,2,1,1,2,0],40,2].
[[2,6,1,0,0,0,2,3,1],81,2].
[[2,4,1,1,2,0,2,2,0],10,5].
[[2,8,0,1,1,1,2,3,0],24,29].
[[3,6,0,1,1,1,2,2,0],2,3].
[[2,6,0,0,0,0,2,2,1],3,14].
[[3,9,1,1,1,1,1,1,0],8,39].
[[1,7,1,1,2,1,2,3,1],7,4].
[[1,8,0,0,0,0,2,1,0],44,56].
[[2,6,1,1,1,1,2,2,1],13,0].
[[3,4,1,1,2,0,2,2,1],84,18].
[[3,9,2,1,2,0,2,3,0],2,17].
[[3,5,0,1,2,1,1,2,1],28,2].
[[2,8,1,1,1,1,1,1,1],36,22].
[[3,4,1,1,2,0,0,0,0],5,2].
[[3,6,0,0,0,0,0,0,0],2,15].
[[2,6,0,0,0,0,2,3,0],7,5].
[[3,6,0,0,0,0,2,3,0],4,12].
[[1,7,2,1,2,1,1,2,1],4,0].
[[1,9,2,1,2,0,1,1,1],3,13].
[[2,9,2,1,1,0,1,1,1],0,2].
[[3,6,0,1,2,1,1,2,1],10,12].
[[2,9,1,1,2,0,2,2,0],7,22].
[[1,9,2,1,2,0,1,2,0],4,16].
[[2,5,0,1,2,0,1,2,0],6,1].
[[3,7,1,1,2,1,1,2,0],33,9].
[[2,9,2,1,1,0,2,2,1],2,7].
[[1,7,1,0,0,0,2,1,1],23,4].
[[2,3,1,0,0,0,2,1,1],6,0].
[[1,8,0,1,2,1,2,1,0],16,22].
[[2,8,0,1,2,0,1,2,1],5,18].
[[1,8,1,1,2,0,1,2,1],5,6].
[[2,8,1,1,1,0,1,2,1],8,10].
[[2,9,1,1,1,0,2,2,1],2,3].
[[2,7,2,0,0,0,1,1,1],14,9].
[[3,7,2,0,0,0,1,1,1],33,15].
[[2,6,1,1,2,0,0,0,0],14,4].
[[3,6,1,1,2,0,2,2,1],41,5].
[[3,6,0,0,0,0,1,1,1],7,2].
[[2,6,1,1,1,1,0,0,0],6,1].
[[2,7,2,1,1,1,0,0,0],9,2].
[[3,7,1,1,1,1,1,1,1],25,21].
[[3,3,1,0,0,0,2,3,1],24,0].
[[3,6,1,0,0,0,1,2,1],42,1].
[[1,8,0,0,0,0,1,2,0],18,14].
[[3,7,1,0,0,0,1,2,0],26,3].
[[2,3,2,0,0,0,0,0,0],41,0].
[[3,3,2,1,2,1,2,2,1],30,0].
[[2,7,0,1,2,1,2,3,0],3,5].
[[3,8,0,1,1,0,0,0,0],0,6].
[[1,7,2,1,2,1,2,1,1],12,2].
[[3,6,1,0,0,0,2,1,0],5,0].
[[3,6,0,1,2,0,1,2,1],0,3].
[[3,9,2,1,2,1,2,3,1],2,22].
[[3,3,1,1,1,1,2,1,1],5,0].
[[3,7,1,1,1,0,2,3,1],11,20].
[[3,7,0,1,1,1,0,0,0],3,18].
[[2,8,0,1,2,0,2,1,0],2,17].
[[3,6,0,1,2,0,2,1,0],1,2].
[[2,4,1,1,2,0,0,0,0],4,1].
[[3,5,0,0,0,0,1,1,0],22,2].
[[1,8,0,0,0,0,1,2,1],9,5].
[[2,6,0,0,0,0,1,2,1],1,1].
[[3,6,0,0,0,0,1,2,1],4,4].
[[3,3,2,0,0,0,0,0,0],22,0].
[[2,9,2,1,1,0,2,3,1],0,10].
[[3,8,0,1,1,0,2,3,1],0,14].
[[1,8,1,1,2,0,2,3,1],50,37].
[[2,6,1,0,0,0,1,2,1],27,3].
[[1,3,2,0,0,0,2,1,1],3,0].
[[2,3,2,1,2,1,2,1,1],5,0].
[[3,3,2,1,1,1,2,1,1],2,0].
[[2,9,1,1,1,1,2,1,1],5,11].
[[1,7,1,0,0,0,1,2,1],6,4].
[[1,8,1,1,1,1,1,2,1],11,3].
[[3,6,1,1,2,0,2,1,0],5,0].
[[2,7,0,1,2,1,2,1,0],1,5].
[[3,9,2,0,0,0,1,1,0],3,2].
[[1,7,1,0,0,0,2,2,0],5,1].
[[2,7,1,0,0,0,1,2,0],6,4].
[[2,6,1,1,2,0,2,1,1],8,2].
[[2,9,1,1,1,0,1,2,1],1,5].
[[1,8,1,1,2,1,2,2,0],33,7].
[[1,8,1,1,1,1,2,3,1],24,7].
[[3,3,1,0,0,0,1,2,1],9,0].
[[2,8,1,1,2,0,1,2,0],12,8].
[[1,7,2,0,0,0,1,1,1],5,2].
[[2,5,0,0,0,0,1,1,0],14,2].
[[3,7,0,1,1,1,2,2,0],2,6].
[[3,6,1,0,0,0,0,0,0],6,3].
[[2,9,2,1,2,0,1,1,1],19,29].
[[2,6,0,0,0,0,2,1,1],4,4].
[[3,8,0,1,1,1,1,1,0],8,15].
[[2,7,1,1,2,0,2,2,1],24,15].
[[2,2,1,1,2,1,0,0,0],3,0].
[[3,2,1,1,2,1,2,2,1],5,0].
[[3,9,1,0,0,0,2,1,0],4,52].
[[2,9,2,1,1,1,1,2,0],26,35].
[[3,9,1,1,1,0,1,1,1],2,22].
[[1,8,1,0,0,0,1,2,0],34,17].
[[2,6,1,1,1,1,2,3,0],3,0].
[[3,6,1,1,1,1,1,2,1],30,1].
[[3,5,0,0,0,0,1,2,1],11,0].
[[3,8,1,1,1,0,2,3,0],1,10].
[[2,6,1,1,2,1,1,2,1],20,1].
[[3,7,0,1,2,1,1,1,0],6,2].
[[3,8,0,1,1,0,2,2,1],1,21].
[[3,6,0,0,0,0,2,1,0],2,6].
[[3,7,0,0,0,0,1,1,1],4,2].
[[2,6,1,1,2,0,2,3,1],9,4].
[[1,7,2,0,0,0,1,2,1],17,4].
[[3,7,0,0,0,0,2,1,0],5,7].
[[1,8,1,1,2,0,1,1,1],4,7].
[[3,9,2,0,0,0,2,3,1],3,5].
[[2,7,2,1,1,1,1,2,1],9,0].
[[2,8,0,1,2,0,2,2,0],14,26].
[[2,8,0,1,1,1,1,2,0],9,9].
[[1,9,2,1,2,0,1,2,1],9,24].
[[2,3,1,0,0,0,2,3,1],8,1].
[[2,8,1,1,2,0,1,1,0],9,8].
[[3,8,1,1,2,0,1,1,0],9,11].
[[3,7,0,1,1,1,2,3,1],5,16].
[[3,9,2,1,1,0,1,2,1],0,10].
[[3,6,0,0,0,0,2,3,1],11,17].
[[2,6,0,1,2,1,2,3,1],3,5].
[[3,3,1,0,0,0,2,3,0],5,0].
[[3,6,0,1,1,1,1,2,1],0,3].
[[2,9,1,1,1,0,1,1,1],0,5].
[[2,7,1,0,0,0,2,2,0],20,5].
[[3,6,0,1,2,1,0,0,0],5,24].
[[2,7,0,1,2,1,2,3,1],9,7].
[[3,7,0,0,0,0,2,2,0],5,8].
[[3,9,2,1,1,1,2,1,1],0,7].
[[3,6,0,1,2,1,2,2,0],11,11].
[[2,8,1,1,2,1,1,1,0],16,19].
[[3,8,0,1,1,0,1,2,0],2,11].
[[2,8,0,1,1,1,1,2,1],16,11].
[[2,8,0,1,2,0,1,1,1],2,10].
[[3,7,1,1,1,0,1,1,1],4,11].
[[3,3,1,1,1,1,2,2,1],7,2].
[[3,9,2,1,2,1,0,0,0],0,4].
[[3,7,0,0,0,0,1,2,0],9,3].
[[3,8,1,1,2,1,0,0,0],0,13].
[[1,8,1,1,2,0,2,3,0],12,6].
[[2,6,1,1,2,1,2,2,1],61,2].
[[3,9,2,1,2,1,2,2,1],2,20].
[[3,2,1,0,0,0,2,3,1],4,0].
[[2,9,1,1,2,0,2,1,1],7,13].
[[2,7,2,1,2,0,1,2,1],10,3].
[[2,7,1,1,1,1,2,2,1],13,3].
[[2,6,1,1,2,1,2,3,0],13,0].
[[3,8,1,0,0,0,1,1,0],6,8].
[[3,9,2,1,2,0,1,2,0],1,11].
[[3,7,1,1,2,0,1,1,0],2,5].
[[3,8,1,1,1,1,2,1,0],6,11].
[[2,7,1,1,1,1,0,0,0],22,14].
[[3,6,1,1,2,1,2,2,0],11,0].
[[3,9,1,1,2,0,1,1,0],3,17].
[[3,2,1,1,2,1,0,0,0],4,0].
[[3,6,0,1,2,1,2,1,0],1,8].
[[2,7,0,0,0,0,2,3,1],5,8].
[[3,7,0,1,2,0,2,1,0],0,2].
[[3,9,2,0,0,0,2,1,1],4,12].
[[2,6,1,0,0,0,1,1,1],10,2].
[[3,9,1,1,2,0,2,1,1],3,18].
[[2,8,1,1,1,0,2,3,1],8,14].
[[3,6,0,1,1,1,2,1,1],1,2].
[[2,7,2,1,1,1,2,1,1],4,2].
[[2,8,0,1,2,0,1,1,0],3,0].
[[3,8,0,1,2,0,1,1,0],9,14].
[[2,7,2,1,2,1,2,1,1],39,3].
[[2,9,1,1,1,1,1,1,0],6,8].
[[2,7,2,1,1,0,0,0,0],6,0].
[[3,7,2,1,1,0,2,2,1],10,6].
[[2,6,1,1,1,1,1,2,1],5,0].
[[2,7,0,1,2,1,2,1,1],1,6].
[[1,8,1,1,2,0,2,2,0],3,3].
[[2,8,1,1,2,0,2,2,0],21,12].
[[3,7,2,0,0,0,0,0,0],9,2].
[[2,3,2,0,0,0,2,2,1],18,0].
[[3,3,2,1,2,0,1,1,1],5,0].
[[2,4,1,1,2,0,2,3,0],8,1].
[[3,7,0,1,2,1,1,2,0],12,13].
[[1,8,0,0,0,0,1,1,1],1,2].
[[2,6,1,0,0,0,2,1,0],8,0].
[[3,7,1,1,2,0,2,2,0],10,8].
[[2,5,0,1,1,1,1,2,0],6,0].
[[3,3,2,1,1,1,2,2,1],5,0].
[[3,9,1,1,1,1,2,1,1],3,16].
[[2,8,1,1,1,0,2,3,0],2,2].
[[3,9,2,1,1,1,2,2,1],0,7].
[[3,6,0,1,1,1,2,2,1],2,4].
[[3,9,1,1,1,0,2,2,0],0,8].
[[2,6,0,0,0,0,2,2,0],0,7].
[[3,7,0,0,0,0,1,2,1],3,11].
[[2,3,2,1,2,1,2,2,1],7,0].
[[3,9,2,1,1,0,2,2,0],1,2].
[[3,8,0,1,1,0,1,1,0],1,2].
[[3,5,0,1,2,0,1,2,1],1,1].
[[2,6,0,1,2,1,2,2,1],7,7].
[[2,5,0,1,1,0,1,2,0],0,2].
[[3,5,0,1,1,0,1,2,0],7,3].
[[3,9,2,1,1,0,1,1,1],5,8].
[[3,9,1,0,0,0,0,0,0],0,3].
[[3,9,2,0,0,0,2,1,0],0,5].
[[2,8,1,1,1,1,1,1,0],1,4].
[[2,3,1,0,0,0,2,3,0],3,0].
[[3,6,1,1,1,1,1,1,1],7,3].
[[2,8,1,1,1,0,2,1,1],4,7].
[[3,7,1,1,1,0,2,1,1],7,6].
[[3,7,0,1,2,1,1,1,1],3,10].
[[3,7,0,1,2,0,1,2,1],5,6].
[[3,6,0,0,0,0,2,1,1],6,6].
[[3,6,0,0,0,0,1,2,0],7,4].
[[2,9,2,1,1,0,2,1,0],0,3].
[[3,8,0,1,1,0,2,1,0],0,6].
[[3,3,1,0,0,0,2,2,0],3,0].
[[2,7,1,1,2,0,2,3,0],9,5].
[[3,7,2,1,2,0,0,0,0],4,1].
[[3,5,0,1,1,1,1,1,0],21,6].
[[3,8,1,1,1,0,1,1,0],0,5].
[[1,8,1,1,1,1,2,2,0],3,1].
[[3,4,1,1,2,0,2,1,0],20,6].
[[2,8,1,1,1,0,1,1,1],2,5].
[[3,7,2,1,1,0,1,1,1],6,3].
[[2,9,2,1,1,0,0,0,0],0,2].
[[3,9,1,0,0,0,2,3,1],2,21].
[[3,6,1,1,1,1,0,0,0],4,1].
[[2,7,0,0,0,0,2,2,1],9,7].
[[2,7,2,1,1,1,2,2,1],9,1].
[[3,6,1,1,2,0,2,1,1],20,4].
[[3,4,0,1,2,0,1,2,1],0,5].
[[1,7,2,1,2,0,1,2,1],0,1].
[[1,8,1,1,2,1,1,1,0],1,3].
[[3,3,2,1,1,0,0,0,0],3,0].
[[3,3,0,0,0,0,2,3,0],0,1].
[[3,6,1,0,0,0,1,2,0],7,0].
[[1,9,2,1,1,1,1,2,0],10,8].
[[3,8,1,1,1,1,1,1,0],7,8].
[[2,6,0,0,0,0,2,1,0],3,1].
[[1,6,1,0,0,0,2,2,0],2,0].
[[2,6,1,0,0,0,1,2,0],3,1].
[[3,6,1,1,2,0,1,2,0],5,1].
[[3,7,1,1,1,1,1,2,0],11,4].
[[2,7,1,1,2,0,1,2,1],7,6].
[[3,3,1,1,2,0,1,2,1],3,0].
[[2,7,1,1,1,1,2,3,1],12,5].
[[3,7,2,1,2,1,2,3,0],2,0].
[[1,6,1,1,2,1,2,1,1],4,1].
[[2,3,1,1,2,1,2,1,1],2,0].
[[3,2,1,0,0,0,2,2,1],4,0].
[[3,6,0,1,1,1,2,3,0],3,4].
[[2,7,0,0,0,0,2,1,0],2,1].
[[1,6,1,1,2,1,2,2,1],4,0].
[[2,8,0,1,1,1,1,1,1],5,5].
[[1,7,2,1,2,1,1,1,1],1,0].
[[2,8,0,1,1,1,2,1,1],15,25].
[[2,6,0,0,0,0,2,3,1],8,7].
[[3,7,1,1,1,0,2,3,0],3,3].
[[1,6,1,1,2,1,2,3,1],6,0].
[[3,8,1,1,2,0,2,1,0],6,8].
[[1,9,2,1,1,1,1,1,1],12,3].
[[2,8,1,1,1,0,2,2,1],10,10].
[[2,8,0,1,1,1,2,2,0],14,14].
[[3,9,2,1,1,0,1,2,0],1,3].
[[1,8,1,1,1,1,2,1,1],9,4].
[[2,6,1,1,2,0,2,3,0],1,0].
[[3,3,2,1,1,0,2,1,1],1,0].
[[3,2,0,0,0,0,0,0,0],0,1].
[[3,3,1,1,2,1,2,3,0],10,0].
[[3,3,1,1,2,1,1,2,1],11,0].
[[2,9,2,1,1,0,1,2,0],1,4].
[[2,9,2,1,1,0,2,2,0],1,2].
[[3,6,0,1,2,0,2,2,0],2,2].
[[3,8,0,1,1,0,2,1,1],0,8].
[[3,7,1,1,2,0,1,2,0],9,2].
[[2,3,1,0,0,0,2,2,1],4,0].
[[2,8,0,1,2,0,1,2,0],7,14].
[[3,6,0,1,2,0,2,2,1],3,5].
[[3,3,1,0,0,0,2,1,1],18,0].
[[3,7,0,1,2,0,1,2,0],2,3].
[[2,9,1,1,1,0,2,1,1],0,3].
[[2,7,2,1,2,0,1,1,1],3,2].
[[2,4,1,1,2,0,2,1,1],8,1].
[[1,7,1,1,2,1,2,1,1],4,0].
[[3,6,1,1,1,0,1,2,1],4,3].
[[2,3,2,1,2,1,1,2,1],4,0].
[[3,3,2,1,1,1,2,3,1],5,0].
[[3,7,2,1,2,1,1,1,0],0,5].
[[2,6,1,1,2,0,1,2,1],2,1].
[[3,9,1,1,2,1,0,0,0],0,13].
[[3,3,1,1,1,1,2,3,1],3,1].
[[3,7,1,0,0,0,2,1,0],6,4].
[[1,7,2,1,2,1,2,3,1],12,1].
[[3,8,1,1,1,0,2,1,0],1,6].
[[3,7,0,1,1,1,2,1,1],6,7].
[[1,8,1,1,1,1,1,1,1],4,1].
[[1,8,0,1,2,1,1,2,1],4,1].
[[3,7,1,1,1,1,2,2,0],8,6].
[[3,9,2,1,2,0,2,3,1],1,6].
[[2,4,1,1,2,0,2,1,0],7,0].
[[2,3,1,1,2,1,0,0,0],14,1].
[[2,3,1,1,2,1,2,3,1],4,1].
[[3,6,0,1,2,0,0,0,0],0,5].
[[3,5,0,1,1,0,1,2,1],2,1].
[[3,9,1,1,1,1,0,0,0],0,6].
[[3,4,0,1,2,0,1,1,1],0,2].
[[2,7,2,1,1,0,1,2,1],1,1].
[[3,2,1,1,2,1,2,3,1],5,0].
[[1,8,0,1,2,1,1,1,0],2,1].
[[2,9,1,1,1,0,2,3,1],0,2].
[[3,3,1,1,1,1,2,3,0],1,0].
[[2,8,1,1,1,0,1,2,0],0,3].
[[3,4,0,1,2,0,1,2,0],0,3].
[[3,9,2,1,1,1,2,3,1],0,6].
[[2,7,1,0,0,0,1,1,0],2,0].
[[3,9,2,1,1,1,2,2,0],1,11].
[[1,8,0,1,2,1,1,1,1],1,1].
[[3,6,0,0,0,0,2,2,0],3,7].
[[3,7,0,1,1,1,2,1,0],4,5].
[[3,6,1,1,2,1,1,2,0],8,0].
[[2,7,2,1,2,1,1,2,0],1,0].
[[3,3,2,1,2,1,2,1,1],7,0].
[[2,8,0,1,1,1,1,1,0],3,0].
[[2,9,1,1,1,0,2,3,0],1,4].
[[2,6,0,1,2,1,2,3,0],3,4].
[[1,9,2,1,2,0,1,1,0],0,6].
[[2,8,1,1,1,0,1,1,0],0,2].
[[1,3,2,0,0,0,2,2,1],5,0].
[[1,7,1,1,2,1,2,3,0],2,0].
[[2,7,1,1,1,1,2,3,0],2,0].
[[3,3,2,0,0,0,1,2,1],9,0].
[[3,6,1,1,1,0,2,2,1],7,3].
[[2,7,2,0,0,0,1,2,0],1,0].
[[3,7,2,0,0,0,1,2,0],1,1].
[[3,6,1,1,2,0,1,1,1],13,2].
[[3,1,1,1,2,0,1,1,1],2,1].
[[2,6,0,1,2,1,2,2,0],4,2].
[[3,9,2,1,2,0,2,1,1],1,2].
[[3,6,1,0,0,0,1,1,0],2,1].
[[1,8,1,1,1,1,1,2,0],1,1].
[[2,7,1,1,1,1,1,2,0],0,1].
[[3,6,1,1,1,0,2,3,1],4,2].
[[3,3,0,1,2,1,0,0,0],0,4].
[[3,6,1,0,0,0,2,2,0],7,0].
[[3,6,0,1,1,1,0,0,0],0,5].
[[2,3,2,0,0,0,2,1,1],5,0].
[[3,7,2,1,2,0,2,3,0],3,0].
[[3,7,2,1,1,1,1,2,0],1,0].
[[2,7,1,1,2,1,1,2,0],5,2].
[[2,9,2,1,1,0,2,1,1],1,2].
[[2,6,1,1,1,1,2,1,1],2,0].
[[2,7,1,1,2,0,1,1,1],5,3].
[[1,6,1,0,0,0,1,2,1],7,0].
[[2,6,1,0,0,0,2,2,0],7,0].
[[3,9,1,1,1,0,2,1,1],0,2].
[[1,7,2,1,2,0,2,1,1],2,0].
[[3,9,2,1,2,1,1,1,0],3,6].
[[1,6,1,0,0,0,1,1,1],4,1].
[[2,3,1,1,2,1,1,1,1],1,0].
[[2,7,1,1,1,1,2,2,0],3,0].
[[2,5,0,1,1,1,1,1,0],6,0].
[[3,6,0,1,2,0,2,1,1],1,1].
[[3,7,0,1,2,0,2,2,0],2,7].
[[2,7,2,1,1,0,2,1,1],2,0].
[[3,9,2,1,2,0,2,1,0],0,5].
[[3,3,2,1,2,0,2,2,1],9,0].
[[1,7,1,0,0,0,2,1,0],2,3].
[[3,3,1,0,0,0,1,1,1],1,0].
[[3,3,1,1,2,1,2,1,0],2,0].
[[1,6,1,1,2,1,1,2,1],6,0].
[[1,7,2,1,2,0,2,2,1],1,3].
[[3,8,0,1,1,0,2,2,0],0,6].
[[2,6,0,0,0,0,1,2,0],2,0].
[[2,1,1,1,2,0,1,1,1],0,1].
[[3,7,2,1,2,0,1,1,0],0,1].
[[2,7,2,1,1,0,2,2,1],3,2].
[[3,3,2,1,1,0,2,2,1],1,0].
[[3,6,0,1,1,1,2,3,1],1,4].
[[2,8,1,1,1,0,0,0,0],0,4].
[[2,9,2,1,1,1,1,1,0],6,8].
[[3,7,1,1,1,0,2,1,0],0,3].
[[2,7,2,0,0,0,2,3,0],1,0].
[[3,7,2,0,0,0,2,3,0],2,0].
[[1,6,0,0,0,0,2,3,0],1,0].
[[2,3,1,0,0,0,1,2,1],1,0].
[[3,8,1,0,0,0,0,0,0],0,4].
[[3,9,2,1,1,0,0,0,0],0,1].
[[3,9,2,0,0,0,0,0,0],0,1].
[[1,2,1,0,0,0,0,0,0],3,0].
[[3,2,1,1,1,1,2,2,1],1,0].
[[3,3,1,1,2,1,2,2,0],8,0].
[[2,7,1,1,1,1,1,2,1],3,1].
[[3,6,1,1,1,1,1,2,0],4,0].
[[3,5,0,1,1,1,1,2,1],8,1].
[[3,3,2,1,2,0,1,2,1],3,0].
[[3,4,0,1,2,0,2,1,1],0,1].
[[1,8,1,1,2,0,1,2,0],1,1].
[[2,2,1,1,2,1,2,3,1],1,0].
[[3,2,1,1,2,1,1,2,1],1,0].
[[3,3,2,1,2,1,1,1,1],6,0].
[[3,9,2,1,1,1,1,1,0],0,3].
[[3,7,1,1,1,1,1,1,0],2,2].
[[3,7,0,1,1,1,1,2,0],3,3].
[[3,7,1,1,1,0,2,2,0],1,1].
[[2,6,1,1,2,0,1,1,1],1,2].
[[3,6,0,1,1,1,1,2,0],2,1].
[[3,6,0,0,0,0,1,1,0],1,1].
[[2,2,1,0,0,0,2,3,1],1,0].
[[3,2,1,0,0,0,2,1,1],4,0].
[[2,7,1,1,2,0,2,2,0],2,0].
[[3,3,1,1,2,0,2,2,0],2,0].
[[2,3,1,0,0,0,2,1,0],1,0].
[[3,3,1,1,2,0,2,1,0],1,0].
[[3,9,1,1,2,0,0,0,0],0,4].
[[3,3,1,1,2,0,2,1,1],3,0].
[[2,9,1,1,1,0,0,0,0],0,1].
[[3,6,1,1,1,0,0,0,0],1,0].
[[2,7,0,0,0,0,2,1,1],2,3].
[[3,2,1,1,2,0,0,0,0],1,0].
[[2,6,0,1,2,1,2,1,0],1,3].
[[3,6,0,1,1,1,2,1,0],0,1].
[[2,9,1,1,1,0,2,1,0],0,1].
[[2,6,1,1,2,1,2,2,0],7,0].
[[3,7,2,1,2,0,1,2,0],2,0].
[[3,9,2,1,1,0,2,1,0],0,3].
[[2,9,1,1,1,1,0,0,0],0,3].
[[1,7,2,1,2,0,2,3,1],6,0].
[[2,3,2,1,2,0,2,3,1],3,0].
[[1,3,2,0,0,0,2,3,1],2,0].
[[2,3,2,0,0,0,1,2,1],2,0].
[[3,4,0,1,2,0,2,3,1],0,2].
[[1,6,1,0,0,0,2,1,0],2,0].
[[2,6,1,1,2,1,1,2,0],2,0].
[[2,6,1,1,2,0,2,2,0],1,0].
[[3,6,1,1,2,0,2,2,0],2,0].
[[2,3,1,1,2,1,2,2,1],2,0].
[[3,2,1,1,2,1,2,1,1],1,0].
[[3,7,0,1,1,1,1,1,0],1,0].
[[3,9,2,1,1,0,2,3,1],0,1].
[[2,7,0,1,2,1,2,2,1],8,3].
[[2,3,2,1,2,1,2,3,1],4,0].
[[3,6,1,1,1,1,2,2,0],1,0].
[[3,3,2,0,0,0,1,1,1],2,0].
[[3,6,1,1,2,0,0,0,0],2,2].
[[3,7,0,1,2,0,1,1,1],0,1].
[[1,6,0,0,0,0,2,3,1],1,1].
[[3,3,2,1,1,1,0,0,0],2,0].
[[3,3,1,1,1,1,2,2,0],1,0].
[[3,7,2,1,1,1,1,1,0],0,1].
[[1,6,0,0,0,0,2,1,0],1,0].
[[3,6,1,1,1,0,2,3,0],0,1].
[[1,7,1,1,2,1,2,2,0],2,0].
[[2,3,1,1,2,1,2,2,0],1,0].
[[3,7,2,1,1,0,2,3,0],1,0].
[[2,8,1,1,1,0,2,1,0],2,2].
[[3,6,1,1,2,0,1,1,0],2,0].
[[3,9,2,1,2,0,1,1,0],1,0].
[[3,6,0,1,1,1,1,1,1],0,3].
[[3,6,0,1,2,0,1,1,0],0,1].
[[2,7,1,1,1,1,2,1,0],0,1].
[[3,6,0,1,2,1,1,1,1],0,4].
[[3,3,1,0,0,0,2,1,0],2,0].
[[2,1,1,1,2,0,1,2,0],1,0].
[[3,1,1,1,2,0,1,2,0],1,0].
[[3,7,1,1,1,0,1,2,0],0,2].
[[3,6,0,1,2,1,1,1,0],1,2].
[[3,3,0,0,0,0,0,0,0],0,2].
[[2,7,2,1,2,0,2,3,0],1,0].
[[3,6,1,1,1,1,2,1,0],1,0].
[[2,7,2,1,1,0,1,1,1],0,1].
[[2,9,1,1,1,0,1,1,0],0,1].
[[3,6,1,1,1,1,1,1,0],0,1].
[[3,6,1,1,2,1,1,1,0],1,0].
[[2,7,1,1,2,0,1,2,0],1,0].
[[2,8,1,1,1,0,2,2,0],1,0].
[[3,2,1,1,2,0,2,3,1],1,0].
[[2,7,0,0,0,0,1,2,0],2,0].
[[3,8,1,1,2,0,0,0,0],0,3].
[[3,3,2,1,1,0,2,3,1],1,0].
[[3,3,2,1,1,0,1,2,1],1,0].
[[3,3,2,1,1,1,1,1,1],1,0].
[[3,3,2,1,2,0,2,1,1],2,0].
[[1,7,2,0,0,0,2,3,0],1,0].
[[3,7,0,1,2,0,1,1,0],1,0].
[[2,3,2,0,0,0,1,1,1],1,0].
[[2,2,1,0,0,0,2,2,1],1,0].
[[2,2,1,0,0,0,2,1,1],1,0].
[[3,3,1,1,1,1,1,2,1],2,0].
[[2,7,1,1,1,1,1,1,1],1,1].
[[3,4,0,1,2,0,2,2,1],0,1].
[[3,9,2,1,1,1,0,0,0],0,1].
[[2,6,1,1,1,1,1,1,1],1,0].
[[2,7,2,1,2,1,2,3,0],1,0].
[[3,7,2,0,0,0,1,1,0],0,1].
[[2,7,2,1,1,1,1,1,1],1,0].
[[2,7,1,1,2,1,1,1,0],1,0].
[[3,9,2,1,1,0,2,3,0],0,2].
[[2,3,2,1,2,0,2,1,1],1,0].
[[3,3,1,1,2,0,1,1,1],1,0].
[[2,3,1,0,0,0,2,2,0],1,0].
[[3,3,1,1,2,1,1,2,0],1,0].
