total_WL(7210,4828).
[[1,8,1,0,0,0,2,2,1],171,51].
[[2,8,1,0,0,0,2,2,1],145,42].
[[3,7,2,1,2,0,2,2,1],23,3].
[[1,8,1,0,0,0,0,0,0],439,179].
[[3,7,1,1,2,2,2,2,1],105,30].
[[1,9,2,1,1,2,2,2,0],64,26].
[[2,4,2,1,2,0,2,2,0],30,0].
[[3,4,2,1,2,0,2,2,0],61,2].
[[1,9,2,1,2,2,2,2,0],128,94].
[[2,9,2,1,2,2,2,3,0],108,139].
[[3,9,1,1,2,2,1,1,0],10,24].
[[1,9,2,1,2,2,2,3,0],201,164].
[[2,9,2,1,2,2,1,2,0],68,55].
[[3,9,2,1,2,2,1,2,0],45,37].
[[1,9,2,1,2,2,2,2,1],164,191].
[[3,8,0,1,2,2,2,3,0],65,95].
[[1,9,2,0,0,0,2,3,0],169,174].
[[2,9,2,0,0,0,2,3,0],52,77].
[[3,9,1,0,0,0,2,3,0],1,6].
[[1,9,2,1,2,2,0,0,0],170,322].
[[3,9,1,1,1,2,1,2,0],15,48].
[[1,9,2,0,0,0,1,2,0],60,46].
[[2,9,1,1,2,2,1,1,0],7,10].
[[1,9,2,1,2,2,2,3,1],284,285].
[[2,8,0,1,2,2,2,3,1],133,116].
[[3,8,0,1,2,2,1,2,1],93,105].
[[2,8,0,1,2,2,2,3,0],89,49].
[[3,7,1,1,2,2,1,2,1],84,26].
[[1,8,1,0,0,0,2,3,1],279,100].
[[2,6,1,0,0,0,2,3,1],32,4].
[[3,6,1,1,2,0,2,3,1],18,4].
[[1,9,2,1,1,2,1,1,1],9,8].
[[2,9,2,1,1,2,1,1,1],19,29].
[[3,9,2,1,1,2,1,1,1],5,18].
[[1,8,1,1,2,0,2,2,1],18,11].
[[2,8,1,1,1,0,1,1,1],1,2].
[[3,8,1,1,1,0,1,1,1],8,14].
[[1,9,2,1,1,2,1,2,0],27,11].
[[2,9,2,1,1,2,1,1,0],17,19].
[[3,4,2,1,2,0,1,1,0],41,0].
[[2,8,1,0,0,0,1,2,1],84,45].
[[3,7,1,0,0,0,1,2,1],22,9].
[[1,9,2,1,1,2,2,3,1],146,81].
[[2,4,2,1,2,0,2,3,1],67,2].
[[3,4,2,1,2,0,1,2,1],191,0].
[[2,8,1,0,0,0,2,3,1],179,75].
[[3,8,1,1,2,0,2,3,1],49,27].
[[1,8,0,1,2,2,0,0,0],223,199].
[[2,7,1,1,2,2,0,0,0],116,36].
[[3,9,1,1,2,2,2,3,0],1,15].
[[2,8,0,1,2,2,0,0,0],51,134].
[[3,8,0,1,2,2,2,3,1],68,101].
[[1,8,0,1,1,2,0,0,0],75,47].
[[2,8,0,1,1,2,2,1,1],23,11].
[[1,9,2,0,0,0,2,2,0],114,121].
[[2,8,1,0,0,0,2,2,0],32,6].
[[3,8,1,1,2,0,1,2,1],85,41].
[[2,8,1,1,2,2,2,3,1],284,116].
[[3,8,1,1,2,2,2,2,1],127,37].
[[2,9,2,1,2,0,1,2,0],11,16].
[[3,9,2,1,1,0,1,1,0],1,2].
[[1,8,1,1,2,2,2,2,1],142,42].
[[2,8,1,1,1,2,2,2,1],79,23].
[[3,8,1,1,1,2,2,2,1],57,31].
[[2,8,0,1,1,2,2,3,1],75,51].
[[3,8,0,1,1,2,2,3,1],48,91].
[[1,9,2,1,2,2,2,1,0],73,57].
[[2,8,0,1,2,2,2,1,0],31,23].
[[3,8,0,1,2,2,2,1,0],15,45].
[[1,9,2,0,0,0,1,2,1],67,52].
[[2,9,2,0,0,0,1,2,1],61,65].
[[3,9,2,0,0,0,1,2,1],15,29].
[[1,8,1,1,2,2,2,3,0],49,12].
[[2,8,1,1,2,2,1,2,0],52,16].
[[3,7,1,1,2,2,1,2,0],30,2].
[[1,8,1,1,2,0,2,3,0],5,4].
[[2,8,1,1,2,2,2,3,0],67,26].
[[3,8,1,1,1,2,2,1,0],8,5].
[[1,6,1,0,0,0,0,0,0],102,8].
[[2,6,1,0,0,0,0,0,0],49,3].
[[3,6,1,0,0,0,2,3,1],13,1].
[[1,7,2,0,0,0,0,0,0],86,9].
[[2,7,2,0,0,0,0,0,0],53,6].
[[1,9,2,0,0,0,2,2,1],151,185].
[[2,9,2,1,2,2,2,2,1],79,112].
[[3,9,2,1,2,2,2,2,1],14,27].
[[1,9,2,0,0,0,2,1,1],78,88].
[[2,8,0,1,2,2,2,1,1],38,33].
[[2,9,2,1,1,2,1,2,1],81,40].
[[3,8,1,1,1,2,1,2,1],108,49].
[[3,7,0,1,1,2,2,3,1],19,8].
[[1,9,2,0,0,0,0,0,0],136,247].
[[2,8,0,0,0,0,0,0,0],33,66].
[[3,8,0,0,0,0,2,1,0],4,7].
[[1,8,1,1,2,2,2,3,1],214,64].
[[2,8,1,1,1,2,2,3,1],92,25].
[[1,8,0,0,0,0,0,0,0],160,140].
[[3,8,0,0,0,0,2,3,1],17,22].
[[1,8,1,1,2,2,1,2,1],34,20].
[[2,7,2,1,2,2,1,2,1],12,2].
[[2,9,2,1,2,0,0,0,0],0,12].
[[3,8,0,1,2,0,0,0,0],0,7].
[[1,9,2,0,0,0,2,1,0],67,64].
[[2,9,2,0,0,0,1,1,0],19,13].
[[3,8,1,0,0,0,1,1,0],8,3].
[[2,9,2,1,2,0,2,2,0],14,28].
[[3,9,2,1,2,2,2,3,0],18,67].
[[2,9,2,0,0,0,2,1,0],21,34].
[[3,9,1,1,2,0,2,1,0],1,1].
[[1,9,2,1,1,2,1,2,1],34,17].
[[2,8,0,1,1,2,1,2,1],20,13].
[[3,6,0,1,1,2,1,2,1],4,1].
[[1,8,1,0,0,0,2,2,0],45,15].
[[3,7,1,0,0,0,2,2,0],11,1].
[[2,9,2,1,2,2,2,2,0],68,101].
[[3,8,1,1,2,2,2,2,0],20,18].
[[1,9,2,1,1,2,0,0,0],93,66].
[[1,9,2,1,2,2,1,2,0],59,46].
[[3,7,1,1,1,2,2,3,1],100,23].
[[2,7,1,0,0,0,0,0,0],77,20].
[[3,7,1,0,0,0,2,3,1],42,14].
[[3,6,0,1,2,2,2,3,1],8,8].
[[1,8,1,1,2,2,0,0,0],332,104].
[[2,8,1,1,2,2,0,0,0],66,43].
[[3,7,1,1,2,2,0,0,0],41,21].
[[1,7,1,0,0,0,0,0,0],72,18].
[[2,7,1,0,0,0,2,1,1],10,2].
[[3,7,1,0,0,0,2,1,1],18,5].
[[3,7,2,1,2,0,2,3,1],30,1].
[[1,9,2,1,1,2,2,3,0],68,40].
[[2,9,1,1,1,2,1,2,0],18,8].
[[3,4,2,1,2,0,1,2,0],93,0].
[[1,8,0,1,2,2,2,3,1],68,36].
[[3,7,1,1,1,2,1,2,1],38,9].
[[2,8,1,0,0,0,2,1,1],63,25].
[[3,8,1,0,0,0,2,1,1],18,6].
[[1,8,1,1,2,0,2,1,1],12,2].
[[2,6,1,1,2,0,2,1,1],1,0].
[[3,6,1,1,2,0,1,2,1],14,0].
[[2,7,0,1,2,2,0,0,0],12,9].
[[1,8,0,1,1,2,2,3,1],25,11].
[[2,9,2,0,0,0,2,2,0],38,58].
[[3,8,0,0,0,0,2,2,0],14,17].
[[3,9,1,1,1,2,1,2,1],21,54].
[[1,9,2,0,0,0,2,3,1],250,326].
[[2,9,2,0,0,0,2,3,1],64,111].
[[3,7,0,1,2,2,2,1,1],4,2].
[[3,9,1,0,0,0,1,1,0],1,7].
[[2,8,0,1,1,2,0,0,0],41,45].
[[3,4,2,1,2,0,0,0,0],16,4].
[[1,8,1,1,2,2,2,1,1],58,23].
[[2,6,1,1,2,2,2,1,1],9,0].
[[3,6,1,1,2,2,1,2,1],23,1].
[[3,5,0,0,0,0,1,1,0],7,0].
[[2,8,0,0,0,0,2,3,0],36,30].
[[1,9,2,1,2,0,2,2,0],7,25].
[[2,9,2,1,2,0,2,3,0],22,29].
[[3,8,0,1,2,0,2,3,0],12,22].
[[1,9,2,1,2,2,2,1,1],87,70].
[[3,8,0,1,1,2,1,1,1],18,20].
[[1,7,1,1,2,2,2,2,1],6,4].
[[2,7,1,1,2,2,1,1,1],5,2].
[[3,7,1,1,2,2,1,1,1],40,11].
[[1,8,1,1,2,2,1,1,1],7,9].
[[2,8,1,1,2,2,1,2,1],113,49].
[[3,8,1,1,2,2,1,2,1],234,101].
[[2,8,1,1,2,2,2,2,1],185,67].
[[3,8,1,1,2,0,2,2,1],53,13].
[[1,8,0,1,2,2,2,3,0],39,15].
[[2,8,0,1,2,2,1,2,0],30,14].
[[3,8,0,1,2,2,1,2,0],55,47].
[[3,8,1,0,0,0,2,3,0],8,11].
[[3,7,2,0,0,0,2,2,1],16,2].
[[2,9,2,1,2,0,2,2,1],20,31].
[[3,9,1,1,1,0,1,2,0],2,10].
[[2,4,2,1,2,0,1,2,0],17,0].
[[1,9,2,1,1,2,2,1,1],33,24].
[[3,4,2,1,2,0,2,3,1],110,3].
[[2,9,2,1,1,2,2,1,0],32,18].
[[3,8,1,1,1,2,1,1,1],42,39].
[[2,9,2,1,1,2,2,1,1],18,20].
[[3,9,2,1,1,2,1,2,1],51,98].
[[2,8,1,1,2,2,2,1,1],83,35].
[[3,8,1,1,2,2,2,1,1],50,26].
[[2,8,1,0,0,0,0,0,0],45,19].
[[3,8,1,1,2,0,0,0,0],0,2].
[[1,3,2,0,0,0,0,0,0],12,0].
[[2,3,2,0,0,0,0,0,0],12,0].
[[3,3,2,0,0,0,0,0,0],4,0].
[[3,7,2,1,2,2,2,3,1],81,2].
[[2,9,2,1,1,2,2,3,0],65,68].
[[3,9,2,1,1,2,2,3,0],10,47].
[[1,8,0,0,0,0,2,2,1],25,17].
[[2,8,0,0,0,0,2,2,1],35,40].
[[3,8,0,0,0,0,2,2,1],10,20].
[[1,9,2,1,2,0,2,3,1],23,37].
[[2,9,2,1,2,2,1,2,1],103,127].
[[2,6,0,1,1,2,0,0,0],4,1].
[[3,6,0,1,1,2,2,2,1],5,1].
[[3,6,1,1,2,2,2,3,1],43,2].
[[3,8,1,0,0,0,2,3,1],43,25].
[[1,9,2,1,1,2,2,2,1],96,43].
[[2,9,2,1,1,2,2,3,1],77,91].
[[3,9,2,1,1,2,2,3,1],17,34].
[[2,8,1,1,2,0,2,3,1],76,53].
[[3,8,1,1,1,0,2,2,1],13,14].
[[2,9,2,1,2,2,2,1,0],32,55].
[[3,9,1,1,1,2,1,1,0],3,18].
[[3,8,0,1,2,2,2,2,1],59,85].
[[2,8,1,1,2,2,2,1,0],20,7].
[[3,8,1,1,2,2,2,1,0],11,11].
[[3,7,0,0,0,0,0,0,0],5,3].
[[2,6,1,1,2,2,0,0,0],46,2].
[[3,6,1,1,2,2,2,1,1],17,0].
[[2,9,1,1,1,2,1,2,1],10,13].
[[2,9,1,1,2,2,1,2,0],15,17].
[[3,8,1,1,2,2,1,2,0],78,28].
[[1,8,0,1,2,2,2,2,1],52,32].
[[2,7,1,1,2,2,2,2,1],63,16].
[[3,7,1,1,1,0,2,1,1],3,1].
[[2,9,2,1,2,2,2,1,1],34,48].
[[3,8,0,1,2,2,2,1,1],22,29].
[[3,5,0,0,0,0,1,1,1],7,2].
[[2,9,2,1,2,2,2,3,1],121,177].
[[3,9,2,1,2,2,2,3,1],19,34].
[[1,9,2,1,2,2,1,2,1],96,61].
[[1,8,0,0,0,0,2,3,1],51,37].
[[2,8,0,0,0,0,2,3,1],71,62].
[[3,7,0,1,2,2,2,3,1],32,8].
[[3,9,1,1,2,2,1,2,0],32,51].
[[3,8,1,1,1,2,1,1,0],16,17].
[[1,8,1,1,1,2,0,0,0],61,14].
[[2,8,1,1,1,2,0,0,0],36,8].
[[3,7,1,1,1,2,0,0,0],22,9].
[[3,8,1,1,2,2,2,3,1],161,71].
[[2,9,2,0,0,0,2,2,1],34,53].
[[3,9,2,1,2,2,1,2,1],53,127].
[[2,8,0,1,1,2,2,2,1],55,29].
[[3,8,0,1,1,2,2,3,0],39,77].
[[2,9,2,1,1,2,2,2,1],37,54].
[[2,9,2,1,1,2,1,2,0],48,23].
[[2,6,1,1,2,2,2,3,1],25,1].
[[1,7,1,1,2,2,0,0,0],76,15].
[[2,7,1,1,2,2,2,3,1],78,22].
[[3,8,0,0,0,0,2,3,0],9,21].
[[1,8,1,1,2,0,2,3,1],23,17].
[[2,8,1,1,2,2,1,1,1],34,28].
[[3,8,1,1,2,2,1,1,1],49,45].
[[1,9,2,1,2,2,1,1,1],29,34].
[[3,5,0,1,1,2,1,1,1],22,0].
[[2,8,1,0,0,0,2,3,0],41,20].
[[3,7,1,1,2,2,2,3,0],37,14].
[[3,7,1,1,1,2,2,1,1],30,12].
[[3,7,1,1,2,2,2,2,0],26,10].
[[3,7,1,0,0,0,2,2,1],36,13].
[[2,8,1,1,2,0,2,2,1],39,24].
[[3,7,2,1,2,2,1,2,1],40,5].
[[1,8,0,1,1,2,2,2,1],16,7].
[[2,7,1,1,1,2,2,2,1],10,4].
[[3,7,1,1,1,2,1,1,1],12,7].
[[2,5,0,1,1,2,1,1,0],3,0].
[[3,5,0,1,1,2,1,1,0],19,3].
[[1,8,0,0,0,0,2,1,1],8,10].
[[2,8,0,1,2,0,1,2,1],4,5].
[[3,8,0,1,2,0,1,2,1],19,24].
[[2,9,2,1,2,2,0,0,0],6,54].
[[3,8,0,0,0,0,1,2,1],25,25].
[[3,9,2,1,1,2,1,2,0],35,20].
[[2,6,0,1,2,2,0,0,0],13,11].
[[3,9,2,1,2,0,1,2,1],18,39].
[[2,4,2,1,2,0,1,1,1],19,0].
[[3,4,2,1,2,0,1,1,1],54,0].
[[2,8,0,1,2,2,2,2,1],71,77].
[[3,7,1,1,2,0,2,3,0],15,5].
[[3,7,1,1,1,2,2,3,0],14,10].
[[3,8,0,1,1,2,2,2,1],38,48].
[[3,9,1,0,0,0,2,1,0],1,2].
[[1,6,1,1,2,2,2,2,1],2,0].
[[2,3,2,1,2,2,2,2,1],4,0].
[[3,3,2,1,1,2,2,2,1],1,0].
[[3,6,0,1,1,2,2,3,1],4,5].
[[1,6,1,1,2,2,0,0,0],34,1].
[[2,9,1,1,2,2,1,2,1],15,27].
[[3,8,0,1,1,2,1,2,1],55,71].
[[3,7,0,1,2,2,0,0,0],10,16].
[[2,9,1,1,2,2,2,2,1],5,7].
[[3,9,1,1,2,2,2,2,1],9,8].
[[2,8,0,1,1,2,2,2,0],34,19].
[[3,7,0,1,1,2,2,2,0],13,0].
[[2,7,2,0,0,0,2,2,1],26,2].
[[3,7,2,1,2,2,2,2,1],52,4].
[[2,9,2,1,2,0,1,2,1],37,30].
[[2,7,2,0,0,0,2,3,1],33,3].
[[3,9,2,1,2,0,2,2,0],4,12].
[[3,7,1,1,2,2,2,3,1],167,63].
[[1,8,1,0,0,0,2,3,0],87,26].
[[3,9,2,1,1,0,2,3,0],2,3].
[[2,9,2,1,2,2,1,1,1],33,40].
[[3,9,2,1,2,2,1,1,1],17,25].
[[1,8,1,1,1,2,2,2,1],28,6].
[[2,9,2,1,2,2,1,1,0],28,26].
[[3,5,0,1,2,2,1,1,0],30,3].
[[2,8,0,1,1,2,2,3,0],31,27].
[[3,8,1,0,0,0,1,2,1],61,38].
[[2,9,2,0,0,0,1,2,0],36,32].
[[1,8,1,0,0,0,2,1,1],76,28].
[[2,8,0,0,0,0,2,2,0],25,19].
[[3,8,0,0,0,0,1,1,0],11,3].
[[3,8,0,1,2,2,1,1,1],23,33].
[[2,8,1,0,0,0,2,1,0],13,1].
[[3,6,1,0,0,0,2,1,0],1,0].
[[2,8,0,1,2,2,2,2,0],50,47].
[[3,8,0,1,2,2,2,2,0],36,68].
[[1,7,2,1,2,2,0,0,0],33,3].
[[2,3,2,1,2,2,0,0,0],4,0].
[[3,3,2,1,2,2,0,0,0],13,0].
[[2,8,0,0,0,0,1,2,0],18,8].
[[3,8,0,0,0,0,1,2,0],19,10].
[[1,9,2,1,2,0,2,2,1],16,23].
[[3,9,2,1,1,0,1,2,1],5,18].
[[2,9,2,0,0,0,0,0,0],2,32].
[[3,8,0,1,2,2,0,0,0],1,43].
[[1,9,2,1,2,0,1,2,1],4,13].
[[2,9,1,1,2,0,1,2,1],4,9].
[[3,9,1,1,2,0,1,2,1],9,22].
[[3,7,0,1,2,2,2,3,0],20,5].
[[2,8,1,1,1,0,2,1,1],3,1].
[[2,7,1,1,2,2,2,3,0],17,5].
[[3,7,1,1,1,2,2,2,0],12,4].
[[2,7,2,1,2,2,2,3,1],44,3].
[[2,8,1,1,2,0,1,2,0],8,8].
[[3,6,1,1,2,0,1,2,0],3,2].
[[3,9,2,1,2,2,2,2,0],11,46].
[[1,8,1,0,0,0,1,2,1],45,34].
[[2,7,2,1,2,0,1,2,1],9,1].
[[3,7,2,1,2,0,1,1,1],4,3].
[[2,8,1,1,1,0,2,2,1],7,2].
[[3,7,2,1,1,0,2,2,1],5,5].
[[1,9,2,1,2,0,2,1,1],5,18].
[[2,9,2,1,2,0,2,1,1],6,20].
[[3,9,2,1,2,2,1,1,0],15,17].
[[2,9,2,1,1,0,1,2,1],2,5].
[[3,8,0,1,1,0,1,2,1],5,7].
[[2,8,1,1,2,0,2,3,0],22,13].
[[1,8,1,1,2,0,0,0,0],43,29].
[[2,8,1,1,2,0,0,0,0],19,12].
[[3,7,2,1,1,0,0,0,0],2,0].
[[3,8,1,1,1,2,1,2,0],47,6].
[[3,8,0,1,1,2,2,2,0],34,51].
[[2,8,1,1,2,0,1,2,1],31,36].
[[3,8,1,1,1,0,1,2,1],20,21].
[[2,8,1,0,0,0,1,2,0],33,10].
[[1,7,1,0,0,0,2,3,1],9,1].
[[2,7,1,1,2,2,1,2,1],15,7].
[[2,8,1,1,2,0,2,1,1],31,6].
[[3,6,1,1,2,0,2,1,1],8,0].
[[3,7,2,0,0,0,2,3,1],28,3].
[[3,8,1,1,2,2,2,3,0],27,24].
[[1,9,2,0,0,0,1,1,0],24,21].
[[2,7,1,1,2,0,2,3,1],16,5].
[[3,7,1,1,1,0,2,3,1],5,6].
[[3,9,1,0,0,0,2,2,0],1,2].
[[2,4,2,1,2,0,2,1,1],17,0].
[[3,4,2,1,2,0,2,1,1],34,0].
[[2,9,2,1,1,2,2,2,0],50,39].
[[3,8,1,1,2,0,1,2,0],31,8].
[[3,4,2,1,2,0,2,3,0],61,1].
[[2,9,1,1,2,2,2,3,0],2,10].
[[1,7,2,1,2,2,2,2,1],7,0].
[[2,7,2,1,1,2,2,2,1],3,0].
[[3,7,2,1,1,2,2,2,1],9,0].
[[2,8,0,1,2,2,1,2,1],49,34].
[[1,7,2,1,2,2,2,3,1],12,0].
[[3,7,2,1,1,2,2,3,1],23,3].
[[1,8,1,1,1,2,2,3,1],36,6].
[[3,7,1,1,2,0,2,3,1],61,18].
[[3,8,0,1,1,2,1,2,0],47,25].
[[1,9,2,1,2,0,0,0,0],10,33].
[[3,8,0,1,1,0,2,2,1],3,9].
[[3,9,2,1,2,2,2,1,1],5,10].
[[1,7,2,0,0,0,1,1,1],3,0].
[[2,7,2,1,2,0,1,1,1],2,1].
[[3,7,2,1,1,0,1,1,1],2,3].
[[3,8,0,1,2,0,2,3,1],17,32].
[[2,8,1,1,2,0,1,1,1],13,9].
[[3,5,0,1,2,0,1,1,1],20,1].
[[3,4,2,1,2,0,2,2,1],79,4].
[[2,9,1,1,2,2,1,1,1],6,11].
[[2,9,1,1,2,2,2,2,0],3,7].
[[3,9,1,1,2,2,2,2,0],3,15].
[[3,9,2,1,2,0,2,3,0],8,18].
[[2,7,2,1,2,0,0,0,0],20,5].
[[2,9,2,0,0,0,2,1,1],11,24].
[[3,8,0,0,0,0,2,1,1],9,6].
[[1,4,2,1,2,0,2,2,1],16,0].
[[2,4,2,1,2,0,1,2,1],55,0].
[[2,8,1,0,0,0,1,1,0],8,5].
[[3,9,1,1,2,2,2,1,1],4,6].
[[1,7,2,0,0,0,2,1,1],9,2].
[[2,7,2,0,0,0,2,1,1],16,1].
[[3,7,2,0,0,0,1,1,1],5,2].
[[3,3,2,0,0,0,2,1,1],3,0].
[[1,9,2,1,2,0,2,3,0],16,19].
[[3,8,0,1,1,0,2,3,0],7,6].
[[2,8,0,1,2,0,2,2,1],11,7].
[[2,8,1,1,2,0,2,2,0],16,12].
[[3,8,1,1,2,2,1,1,0],24,19].
[[3,8,1,1,1,2,2,3,1],72,30].
[[2,8,1,1,1,2,1,2,1],51,14].
[[1,8,1,0,0,0,2,1,0],29,5].
[[3,8,1,0,0,0,1,1,1],22,13].
[[3,9,1,1,2,2,1,2,1],28,60].
[[3,9,2,1,2,0,0,0,0],0,3].
[[3,8,0,1,2,0,2,2,1],13,20].
[[2,7,1,1,1,2,0,0,0],35,6].
[[3,7,1,1,1,2,2,2,1],53,16].
[[3,9,1,1,2,0,2,1,1],0,2].
[[1,7,1,1,2,2,1,2,1],1,1].
[[3,7,1,1,1,0,1,2,1],2,5].
[[3,7,0,0,0,0,2,2,1],2,4].
[[2,7,1,0,0,0,2,3,0],10,4].
[[3,7,1,0,0,0,2,3,0],8,6].
[[2,9,2,1,2,0,2,3,1],18,47].
[[2,8,1,1,1,2,2,1,1],27,14].
[[1,6,0,1,2,2,0,0,0],11,7].
[[3,3,1,1,2,2,0,0,0],28,3].
[[2,8,0,0,0,0,2,1,1],19,20].
[[2,8,0,1,2,0,0,0,0],6,19].
[[1,7,1,1,2,2,2,3,1],6,3].
[[3,9,2,1,1,2,1,1,0],17,11].
[[3,6,1,1,1,2,2,3,1],12,1].
[[2,7,1,0,0,0,2,2,1],33,2].
[[3,3,2,0,0,0,2,3,1],5,0].
[[2,7,2,1,2,2,0,0,0],48,5].
[[3,7,0,1,1,2,2,3,0],6,4].
[[3,7,1,1,2,0,1,2,0],9,3].
[[3,3,2,1,2,0,0,0,0],11,0].
[[2,8,0,1,2,0,1,1,1],1,2].
[[3,8,0,1,2,0,1,1,1],9,11].
[[3,7,1,1,2,0,2,2,1],22,10].
[[2,7,1,1,2,0,2,2,1],7,4].
[[3,3,2,1,2,2,2,3,1],9,0].
[[3,8,0,1,2,0,2,2,0],8,26].
[[2,7,0,1,1,2,0,0,0],11,5].
[[1,8,0,0,0,0,2,3,0],22,18].
[[3,9,2,1,1,2,2,1,0],5,9].
[[2,7,1,1,1,2,2,3,1],20,1].
[[2,8,1,1,1,2,2,2,0],18,2].
[[3,7,2,1,1,2,2,2,0],2,0].
[[3,6,1,0,0,0,0,0,0],4,1].
[[3,7,2,0,0,0,0,0,0],14,0].
[[2,7,1,1,2,2,2,1,1],23,5].
[[3,8,1,0,0,0,2,2,1],42,12].
[[3,8,1,0,0,0,1,2,0],17,6].
[[3,8,0,1,1,2,2,1,0],13,25].
[[1,4,2,1,2,0,2,1,0],7,0].
[[2,4,2,1,2,0,2,1,0],20,0].
[[3,4,2,1,2,0,2,1,0],36,0].
[[2,7,1,0,0,0,2,2,0],5,2].
[[3,7,1,1,2,0,1,1,0],2,1].
[[3,9,1,1,1,0,2,3,0],0,3].
[[1,8,1,1,1,2,1,2,1],8,2].
[[1,8,0,1,2,2,2,2,0],28,18].
[[2,8,0,1,1,2,1,1,0],6,6].
[[3,7,0,1,1,2,1,1,0],1,0].
[[1,8,0,1,2,2,2,1,1],29,16].
[[3,5,0,1,2,2,1,1,1],34,1].
[[1,8,1,1,1,2,1,2,0],5,0].
[[2,8,1,1,1,2,1,1,0],4,6].
[[3,7,2,1,2,0,1,2,1],20,4].
[[2,4,2,1,2,0,0,0,0],26,3].
[[3,3,1,1,2,2,2,3,1],19,1].
[[2,9,1,1,1,2,2,2,1],4,1].
[[3,7,2,1,2,2,0,0,0],24,3].
[[1,7,2,1,2,0,2,1,1],3,0].
[[2,7,2,1,2,0,2,1,1],5,1].
[[3,7,2,1,2,0,2,1,1],9,1].
[[3,8,0,1,1,2,0,0,0],0,27].
[[2,8,1,1,2,2,2,2,0],38,15].
[[2,8,0,1,2,2,1,1,1],13,9].
[[2,7,0,1,2,2,2,3,1],5,2].
[[3,7,0,1,1,2,1,2,1],6,8].
[[3,8,1,1,1,0,2,1,1],8,6].
[[1,8,1,1,2,2,2,1,0],17,4].
[[1,8,0,1,1,2,2,2,0],11,1].
[[3,9,2,0,0,0,1,2,0],10,9].
[[3,9,2,1,2,0,2,2,1],6,11].
[[3,3,2,1,2,2,2,2,1],9,0].
[[2,7,0,1,1,2,2,3,1],4,2].
[[3,7,1,1,2,0,1,1,1],5,3].
[[3,8,0,1,2,2,1,1,0],20,20].
[[3,8,0,1,1,0,2,2,0],3,10].
[[1,9,2,0,0,0,1,1,1],20,25].
[[2,9,2,0,0,0,1,1,1],15,21].
[[2,6,1,1,2,0,2,1,0],1,0].
[[3,6,1,1,2,0,2,1,0],1,1].
[[1,7,1,1,2,2,2,2,0],5,1].
[[2,7,1,1,2,2,2,2,0],9,3].
[[3,3,1,1,2,2,2,2,0],4,1].
[[3,9,1,1,2,2,1,1,1],8,29].
[[2,8,1,1,1,2,2,3,0],24,2].
[[3,7,1,1,1,2,2,1,0],3,2].
[[1,9,2,1,1,2,1,1,0],9,8].
[[2,4,2,1,2,0,1,1,0],12,0].
[[2,8,0,1,1,2,1,2,0],15,5].
[[3,7,1,1,1,2,1,2,0],10,4].
[[3,9,2,1,1,2,2,2,0],10,38].
[[3,9,1,1,2,0,1,2,0],4,22].
[[3,8,1,1,2,0,1,1,0],15,4].
[[3,8,1,1,1,2,2,1,1],23,11].
[[3,6,1,1,2,0,2,2,1],17,2].
[[1,8,1,1,2,2,1,2,0],14,6].
[[3,7,1,1,2,2,2,1,1],56,15].
[[3,9,2,1,1,2,2,1,1],4,13].
[[3,8,1,1,2,0,1,1,1],18,31].
[[2,9,2,1,2,0,2,1,0],8,8].
[[3,3,1,1,2,2,2,3,0],3,0].
[[1,8,0,1,1,2,2,3,0],13,2].
[[2,9,1,1,2,0,2,3,0],2,1].
[[3,8,1,1,2,0,2,3,0],12,8].
[[1,7,1,1,2,2,1,2,0],1,0].
[[2,7,1,1,2,2,1,2,0],6,3].
[[3,9,2,1,1,2,2,2,1],8,17].
[[3,7,0,1,2,2,1,2,1],7,2].
[[3,6,1,0,0,0,1,2,1],11,0].
[[1,4,2,1,2,0,2,1,1],7,0].
[[2,8,0,1,2,0,2,2,0],3,11].
[[2,6,0,0,0,0,2,3,0],1,0].
[[3,6,0,1,2,2,2,3,0],6,3].
[[2,8,1,0,0,0,1,1,1],26,16].
[[3,7,1,0,0,0,1,1,1],8,1].
[[2,7,2,1,1,2,2,1,1],2,0].
[[2,8,1,1,1,2,1,1,1],17,8].
[[3,9,2,0,0,0,2,2,0],5,11].
[[2,7,2,1,1,2,2,3,1],1,0].
[[2,7,0,1,1,2,2,2,0],2,0].
[[1,8,1,1,2,2,1,1,0],4,4].
[[2,7,1,1,1,2,1,1,0],1,1].
[[3,7,1,1,1,2,1,1,0],1,3].
[[3,6,1,1,2,0,2,2,0],3,1].
[[3,9,1,1,2,0,2,2,0],0,5].
[[3,7,1,1,2,0,0,0,0],10,6].
[[1,4,2,1,2,0,1,2,0],7,0].
[[3,7,1,0,0,0,1,2,0],9,0].
[[3,7,1,1,2,0,1,2,1],25,6].
[[2,9,1,0,0,0,1,2,0],8,20].
[[2,9,1,0,0,0,2,3,1],0,1].
[[3,9,1,1,2,2,2,3,1],0,2].
[[3,7,0,1,1,2,2,1,1],3,2].
[[1,6,1,0,0,0,2,2,1],10,3].
[[2,6,1,0,0,0,1,1,1],3,0].
[[3,6,1,1,2,0,1,1,1],5,0].
[[2,7,1,0,0,0,2,3,1],42,13].
[[3,8,1,1,2,0,2,2,0],11,9].
[[1,8,1,1,1,2,2,2,0],8,2].
[[2,6,0,1,1,2,2,2,1],1,2].
[[3,6,0,1,1,2,1,1,1],0,1].
[[1,8,1,0,0,0,1,2,0],15,3].
[[2,7,1,1,2,0,1,2,0],1,0].
[[3,6,0,0,0,0,2,3,0],2,0].
[[3,6,0,1,2,2,2,2,1],5,10].
[[2,9,1,1,1,2,2,3,0],2,6].
[[3,7,2,1,1,0,2,1,1],2,1].
[[1,7,1,0,0,0,2,2,1],4,0].
[[2,7,1,0,0,0,1,2,0],3,0].
[[2,4,2,1,2,0,2,2,1],47,2].
[[2,9,1,1,2,0,2,1,1],1,2].
[[3,8,0,1,2,0,2,1,1],6,12].
[[2,6,1,1,2,0,2,2,1],6,0].
[[3,6,1,1,2,2,2,3,0],12,1].
[[3,8,1,1,2,0,2,1,1],19,8].
[[3,9,1,1,1,2,2,3,1],0,1].
[[2,7,1,1,1,2,2,2,0],4,1].
[[2,9,1,1,1,0,1,1,1],0,2].
[[2,6,0,0,0,0,2,3,1],3,1].
[[3,3,1,0,0,0,2,3,1],10,0].
[[1,8,0,0,0,0,2,2,0],21,10].
[[3,7,2,1,2,2,2,1,1],19,0].
[[3,8,1,1,1,2,2,3,0],17,4].
[[3,8,0,1,2,0,1,2,0],13,11].
[[2,8,0,1,2,2,1,1,0],12,8].
[[2,9,2,1,1,2,0,0,0],4,18].
[[2,2,1,0,0,0,0,0,0],3,0].
[[3,2,1,1,2,0,0,0,0],1,0].
[[2,8,1,1,1,2,1,2,0],21,7].
[[3,8,0,1,1,0,2,3,1],2,9].
[[3,7,0,1,1,2,0,0,0],13,9].
[[2,6,1,1,2,0,2,3,1],8,2].
[[3,6,1,1,1,0,2,3,1],5,3].
[[1,8,0,0,0,0,2,1,0],12,9].
[[2,8,0,0,0,0,2,1,0],14,7].
[[3,9,2,1,1,0,2,2,0],1,4].
[[2,6,1,1,2,2,2,2,1],22,1].
[[3,3,1,1,1,2,2,2,1],3,0].
[[2,7,0,1,2,2,2,2,1],5,1].
[[2,9,1,0,0,0,2,2,1],4,2].
[[2,7,0,1,2,2,2,1,1],3,0].
[[3,9,2,0,0,0,2,2,1],4,6].
[[2,9,1,1,2,0,1,2,0],1,7].
[[1,8,1,0,0,0,1,1,1],18,10].
[[2,7,1,0,0,0,1,1,1],3,1].
[[3,6,1,0,0,0,2,2,1],20,0].
[[3,5,0,1,1,0,1,1,0],3,1].
[[2,3,1,0,0,0,0,0,0],12,0].
[[3,3,1,1,2,0,0,0,0],9,0].
[[1,8,0,1,1,2,2,1,0],4,1].
[[2,7,0,1,1,2,2,1,0],1,0].
[[2,7,2,1,2,0,2,3,1],13,1].
[[3,7,2,1,2,0,1,1,0],1,0].
[[3,9,2,1,2,0,2,3,1],6,16].
[[3,9,2,0,0,0,2,3,1],3,7].
[[3,6,1,1,1,2,2,2,1],13,0].
[[3,9,1,1,2,2,2,1,0],1,13].
[[3,9,1,0,0,0,1,2,1],5,18].
[[3,6,1,1,2,2,0,0,0],9,2].
[[3,7,1,1,1,0,2,2,1],6,1].
[[1,6,0,1,2,2,2,2,1],1,0].
[[2,6,0,1,2,2,2,2,1],3,2].
[[3,6,0,1,2,2,1,2,1],7,3].
[[2,8,1,1,1,0,2,3,1],4,9].
[[3,8,1,1,1,0,2,3,1],11,19].
[[3,5,0,1,2,0,1,2,0],4,3].
[[3,9,1,1,1,2,2,1,1],1,12].
[[2,5,0,1,2,2,1,1,1],6,0].
[[1,9,2,1,2,2,1,1,0],33,20].
[[1,4,2,1,2,0,2,3,0],13,0].
[[2,4,2,1,2,0,2,3,0],34,0].
[[2,8,0,0,0,0,1,1,1],3,6].
[[1,8,1,1,2,2,2,2,0],36,8].
[[2,8,0,0,0,0,1,2,1],13,10].
[[2,6,1,1,2,0,0,0,0],12,2].
[[3,7,1,1,1,0,0,0,0],1,2].
[[2,8,0,0,0,0,1,1,0],5,7].
[[3,9,2,1,2,0,1,2,0],8,7].
[[1,8,1,1,2,0,1,2,1],4,5].
[[2,8,1,1,1,0,1,2,1],1,3].
[[2,9,2,1,2,0,1,1,0],3,6].
[[3,9,2,1,2,0,1,1,0],3,8].
[[3,6,1,1,1,2,2,1,1],5,0].
[[2,7,2,1,2,2,2,1,1],11,0].
[[2,8,1,1,1,2,2,1,0],9,3].
[[3,9,1,1,2,0,1,1,1],2,10].
[[2,3,2,1,2,0,0,0,0],6,0].
[[3,3,2,1,1,0,0,0,0],1,0].
[[1,9,2,1,2,0,1,2,0],4,7].
[[2,9,2,1,1,0,1,2,0],0,3].
[[3,8,0,1,1,0,1,2,0],0,3].
[[3,9,2,0,0,0,2,3,0],1,12].
[[3,8,1,1,1,2,2,2,0],3,6].
[[1,8,1,1,2,0,2,2,0],4,1].
[[3,7,1,1,2,0,2,2,0],6,2].
[[3,7,0,1,2,2,2,2,0],10,7].
[[1,7,2,0,0,0,2,3,1],22,2].
[[1,7,2,1,2,0,2,2,1],2,1].
[[2,7,2,1,2,2,2,2,1],24,0].
[[2,6,1,0,0,0,2,2,1],24,2].
[[3,6,1,1,2,2,2,2,1],28,0].
[[3,6,0,1,2,2,1,1,0],3,0].
[[1,6,1,0,0,0,1,2,1],1,1].
[[2,6,1,1,2,0,1,2,1],2,2].
[[2,3,1,1,2,2,0,0,0],17,1].
[[3,7,0,1,2,2,2,1,0],5,1].
[[2,3,2,0,0,0,2,3,1],5,0].
[[2,8,1,1,2,0,1,1,0],5,0].
[[3,6,1,1,2,0,1,1,0],2,1].
[[3,8,0,1,1,2,2,1,1],14,22].
[[1,9,2,1,2,0,2,1,0],11,10].
[[3,8,0,1,1,0,2,1,0],0,3].
[[3,7,2,0,0,0,2,1,1],7,0].
[[2,5,0,1,2,2,1,1,0],9,1].
[[2,9,1,1,2,2,2,1,1],2,8].
[[1,8,0,1,1,2,1,1,1],1,1].
[[2,8,0,1,1,2,1,1,1],6,6].
[[3,9,2,1,2,0,2,1,1],4,5].
[[3,8,0,1,1,2,1,1,0],21,15].
[[3,5,0,1,2,2,1,2,0],20,2].
[[1,6,1,0,0,0,2,2,0],5,0].
[[2,3,1,0,0,0,2,2,0],4,0].
[[3,3,1,1,2,0,2,2,0],2,0].
[[1,8,0,1,2,2,2,1,0],13,11].
[[3,5,0,1,2,0,1,1,0],9,1].
[[1,4,2,1,2,0,2,3,1],20,0].
[[3,9,1,1,1,0,1,1,1],1,4].
[[2,8,0,1,2,0,2,3,1],14,24].
[[2,9,1,0,0,0,1,2,1],6,18].
[[3,7,2,1,2,0,0,0,0],10,2].
[[3,7,2,1,1,2,1,2,1],19,1].
[[2,6,1,0,0,0,1,2,1],5,2].
[[3,9,1,1,2,0,2,2,1],5,1].
[[3,9,1,0,0,0,1,2,0],9,20].
[[1,9,2,1,1,2,2,1,0],28,16].
[[3,7,1,1,2,2,2,1,0],13,3].
[[3,9,1,1,1,2,1,1,1],5,16].
[[3,5,0,1,2,0,1,2,1],2,0].
[[3,9,2,0,0,0,1,1,1],2,6].
[[3,6,0,1,2,2,1,2,0],6,2].
[[1,8,1,1,1,2,2,1,1],14,3].
[[1,8,0,1,1,2,1,1,0],2,1].
[[3,7,2,1,1,0,2,3,1],10,6].
[[3,6,0,1,2,2,2,1,0],4,1].
[[3,7,0,1,1,2,2,1,0],6,1].
[[2,9,2,1,2,0,1,1,1],5,12].
[[1,8,1,1,1,2,2,3,0],13,1].
[[1,7,1,0,0,0,2,1,1],2,1].
[[3,3,1,1,2,2,2,2,1],14,1].
[[2,7,0,0,0,0,0,0,0],3,4].
[[3,7,0,0,0,0,2,3,1],10,4].
[[2,8,1,1,1,0,2,2,0],1,3].
[[3,7,1,1,1,0,2,2,0],1,1].
[[2,7,1,1,1,2,2,1,1],4,1].
[[3,7,2,0,0,0,1,2,1],18,0].
[[3,9,2,1,1,0,2,2,1],1,2].
[[3,8,1,1,1,0,1,2,0],4,7].
[[2,7,2,1,1,2,0,0,0],5,1].
[[1,9,2,1,2,0,1,1,1],2,5].
[[3,8,1,1,1,0,1,1,0],3,4].
[[3,5,0,1,1,2,1,2,0],14,1].
[[3,7,1,0,0,0,0,0,0],12,5].
[[1,6,0,1,2,2,2,3,0],2,0].
[[2,6,0,1,2,2,2,3,0],7,0].
[[3,6,0,1,2,2,2,2,0],5,4].
[[3,6,1,1,1,2,0,0,0],5,0].
[[3,7,0,1,1,2,2,2,1],10,9].
[[3,7,0,1,1,2,1,1,1],4,0].
[[3,8,0,1,2,0,1,1,0],6,6].
[[2,9,1,1,1,2,2,1,1],3,5].
[[3,5,0,1,1,0,1,1,1],4,3].
[[3,8,0,1,2,0,2,1,0],7,9].
[[1,6,0,0,0,0,0,0,0],5,1].
[[2,6,0,0,0,0,0,0,0],2,3].
[[2,7,2,0,0,0,2,3,0],1,0].
[[3,7,2,1,2,0,2,3,0],3,1].
[[1,8,1,1,2,0,1,2,0],2,1].
[[2,8,1,1,1,0,1,2,0],1,2].
[[3,7,1,1,1,0,1,2,0],2,1].
[[1,4,2,1,2,0,0,0,0],9,0].
[[3,6,1,1,1,2,1,2,0],2,0].
[[2,9,2,1,1,0,2,2,0],1,4].
[[3,9,1,1,1,0,2,2,0],0,2].
[[3,6,0,1,1,2,2,3,0],6,2].
[[3,6,0,1,2,2,2,1,1],3,3].
[[2,8,1,1,1,0,0,0,0],1,2].
[[1,8,0,1,2,2,1,2,0],4,1].
[[3,9,2,1,2,2,2,1,0],5,22].
[[3,7,2,1,1,2,2,1,1],7,0].
[[1,4,2,1,2,0,2,2,0],4,0].
[[3,9,1,1,1,2,2,2,0],3,5].
[[2,6,0,1,1,2,2,2,0],0,1].
[[2,3,2,0,0,0,2,1,1],1,0].
[[3,3,2,1,2,2,1,1,1],3,0].
[[3,7,2,0,0,0,2,3,0],0,1].
[[3,4,0,1,2,0,1,2,0],0,4].
[[2,7,2,1,2,2,1,1,1],2,3].
[[3,7,2,1,2,2,1,1,1],11,4].
[[2,8,0,1,1,2,2,1,0],16,9].
[[3,7,0,1,2,2,2,2,1],15,5].
[[1,6,1,1,2,2,2,3,1],2,0].
[[3,6,1,0,0,0,2,3,0],4,0].
[[1,7,2,0,0,0,2,2,1],6,2].
[[3,7,2,1,1,2,1,1,1],3,3].
[[3,7,1,0,0,0,1,1,0],2,0].
[[2,9,1,0,0,0,1,1,1],0,5].
[[2,8,1,1,1,0,2,3,0],0,2].
[[3,3,1,1,1,2,0,0,0],4,1].
[[2,6,1,1,2,2,2,2,0],6,0].
[[3,6,1,1,2,2,2,2,0],6,0].
[[2,9,1,1,2,0,1,1,1],3,2].
[[2,7,0,1,1,2,2,1,1],0,1].
[[1,8,1,0,0,0,1,1,0],7,4].
[[2,2,0,1,2,2,0,0,0],1,0].
[[3,2,0,1,2,2,0,0,0],1,0].
[[3,8,0,0,0,0,1,1,1],5,7].
[[2,9,2,1,1,0,2,2,1],0,4].
[[3,8,0,1,1,0,0,0,0],0,3].
[[3,2,1,1,2,2,2,3,1],1,0].
[[3,6,1,1,1,2,1,1,1],1,0].
[[1,8,0,0,0,0,1,2,1],1,3].
[[3,4,0,1,2,0,1,2,1],0,4].
[[3,6,0,1,2,2,0,0,0],2,5].
[[3,9,1,1,1,0,1,2,1],0,9].
[[3,9,2,1,2,2,0,0,0],0,5].
[[3,9,2,1,1,0,2,3,1],1,4].
[[3,9,2,0,0,0,2,1,1],3,1].
[[2,3,1,1,2,2,2,2,1],2,0].
[[3,7,0,1,2,0,0,0,0],2,5].
[[3,3,1,0,0,0,0,0,0],7,0].
[[3,7,1,1,2,0,2,1,1],14,0].
[[3,7,0,0,0,0,2,2,0],2,1].
[[2,9,1,1,2,0,2,2,1],4,2].
[[2,7,0,0,0,0,2,3,1],3,0].
[[3,9,1,1,1,2,2,3,0],0,12].
[[2,7,1,1,2,0,2,1,0],2,0].
[[3,9,1,1,2,2,0,0,0],0,2].
[[2,9,1,0,0,0,1,1,0],5,6].
[[1,7,1,1,2,2,2,1,1],5,0].
[[3,7,2,1,1,0,1,2,1],3,2].
[[3,3,1,1,2,0,2,2,1],3,0].
[[3,3,2,0,0,0,2,2,1],4,0].
[[3,9,2,0,0,0,1,1,0],8,3].
[[1,8,1,1,2,0,1,1,1],0,1].
[[2,8,0,1,2,0,2,3,0],8,9].
[[3,9,2,1,1,0,1,2,0],1,9].
[[3,3,1,0,0,0,2,2,1],7,0].
[[2,7,0,1,1,2,2,3,0],1,0].
[[2,6,0,0,0,0,2,2,1],3,2].
[[3,5,0,0,0,0,1,2,0],5,1].
[[2,8,1,1,2,0,2,1,0],7,5].
[[3,7,0,1,2,0,2,3,1],6,4].
[[2,7,1,1,1,2,2,3,0],6,3].
[[2,7,1,0,0,0,2,1,0],6,1].
[[3,7,1,1,2,0,2,1,0],4,1].
[[2,6,1,1,1,2,0,0,0],3,0].
[[3,9,2,1,2,0,2,1,0],4,6].
[[3,6,1,1,2,0,0,0,0],10,0].
[[2,7,2,0,0,0,2,2,0],1,0].
[[3,7,2,0,0,0,2,2,0],1,0].
[[2,8,0,1,2,0,2,1,1],5,6].
[[2,9,1,0,0,0,2,2,0],1,2].
[[2,7,1,1,2,0,0,0,0],8,7].
[[3,6,1,1,2,2,2,1,0],2,0].
[[2,8,0,1,2,0,2,1,0],2,6].
[[2,7,0,1,2,2,2,2,0],3,1].
[[3,8,0,1,1,0,2,1,1],1,4].
[[3,9,1,0,0,0,1,1,1],3,2].
[[3,6,1,0,0,0,1,2,0],3,0].
[[3,6,0,1,2,0,2,2,1],1,1].
[[2,9,1,1,1,2,1,1,0],5,2].
[[1,6,1,1,2,2,2,1,1],3,0].
[[2,6,1,1,2,2,1,1,1],1,0].
[[3,6,1,1,2,2,1,1,1],3,1].
[[3,6,1,1,2,0,2,3,0],4,0].
[[1,6,1,0,0,0,2,3,0],4,0].
[[2,6,1,0,0,0,2,2,0],4,0].
[[3,2,1,0,0,0,2,2,0],1,0].
[[2,8,1,1,2,2,1,1,0],9,14].
[[3,7,0,1,2,2,1,1,1],2,1].
[[3,6,0,1,2,0,0,0,0],0,1].
[[1,8,0,0,0,0,1,1,0],2,0].
[[2,8,0,1,2,0,1,1,0],2,1].
[[1,4,2,1,2,0,1,2,1],6,0].
[[2,1,1,1,2,0,1,1,1],3,0].
[[3,1,1,1,2,0,1,1,1],3,0].
[[2,9,1,1,1,2,1,1,1],7,0].
[[3,8,0,0,0,0,0,0,0],0,10].
[[3,3,2,1,2,0,2,2,1],1,0].
[[3,6,0,1,1,2,2,1,0],1,0].
[[2,5,0,0,0,0,1,2,0],4,0].
[[2,6,1,0,0,0,2,1,1],7,0].
[[3,3,1,1,2,2,2,1,1],3,0].
[[3,7,0,1,2,2,1,2,0],7,0].
[[3,3,2,0,0,0,1,2,1],2,0].
[[1,7,1,1,2,2,2,3,0],2,4].
[[3,3,1,1,1,2,2,3,1],6,0].
[[3,9,2,1,1,0,2,1,0],1,3].
[[2,7,1,1,1,2,1,2,0],1,1].
[[3,8,1,1,1,0,2,2,0],2,6].
[[3,9,2,1,1,0,2,1,1],0,3].
[[1,8,0,0,0,0,1,2,0],3,2].
[[2,7,2,0,0,0,1,2,1],9,4].
[[1,8,0,1,1,2,2,1,1],4,0].
[[3,6,0,1,2,0,2,3,1],1,2].
[[1,8,1,1,1,2,2,1,0],3,0].
[[2,7,1,1,1,2,2,1,0],2,0].
[[3,8,1,1,1,0,2,3,0],2,1].
[[2,9,1,1,1,2,2,1,0],2,2].
[[3,8,0,1,1,0,1,1,1],1,3].
[[1,7,2,1,2,2,1,2,1],4,0].
[[2,7,2,1,1,2,1,2,1],3,0].
[[2,7,0,1,2,2,2,3,0],6,0].
[[3,3,1,1,1,2,2,3,0],4,0].
[[3,3,2,1,2,2,1,2,1],6,0].
[[3,5,0,1,1,0,1,2,0],1,3].
[[2,3,1,1,2,2,2,3,1],4,0].
[[3,6,1,1,1,2,1,2,1],8,1].
[[2,6,1,0,0,0,2,3,0],6,0].
[[3,6,1,0,0,0,1,1,1],1,2].
[[1,9,2,1,2,0,1,1,0],2,6].
[[2,9,2,1,1,0,1,1,0],0,5].
[[3,9,1,1,1,0,1,1,0],1,6].
[[1,8,0,1,2,2,1,1,1],1,0].
[[3,7,0,1,2,0,2,3,0],4,1].
[[2,9,2,1,1,0,2,3,1],2,5].
[[3,7,2,1,2,2,2,3,0],2,0].
[[2,7,0,0,0,0,2,3,0],3,1].
[[3,7,0,0,0,0,2,3,0],3,2].
[[1,6,1,1,2,2,2,1,0],1,0].
[[2,6,1,1,2,2,2,1,0],2,0].
[[3,6,1,1,2,2,1,2,0],8,0].
[[1,7,1,0,0,0,2,2,0],4,0].
[[2,7,1,0,0,0,1,1,0],1,0].
[[2,5,0,1,1,0,1,1,1],1,0].
[[3,9,2,0,0,0,2,1,0],2,10].
[[2,7,1,0,0,0,1,2,1],7,1].
[[3,3,1,1,2,2,1,2,1],5,1].
[[1,8,1,1,2,0,1,1,0],2,0].
[[2,8,1,1,1,0,1,1,0],1,0].
[[3,2,1,0,0,0,2,2,1],1,0].
[[1,3,2,0,0,0,2,3,1],3,0].
[[3,6,0,1,1,2,0,0,0],4,4].
[[3,7,0,1,1,2,1,2,0],5,0].
[[3,8,1,1,2,0,2,1,0],4,2].
[[3,9,1,0,0,0,2,2,1],1,2].
[[3,9,1,1,1,2,2,1,0],2,7].
[[2,6,1,1,1,2,2,2,0],1,0].
[[3,6,1,1,1,2,1,1,0],1,0].
[[3,9,2,1,2,0,1,1,1],2,12].
[[2,6,0,1,2,2,2,2,0],1,2].
[[3,8,1,1,1,0,2,1,0],0,1].
[[2,9,1,1,2,0,2,2,0],1,2].
[[3,7,2,1,2,2,1,2,0],5,1].
[[2,9,1,1,1,0,1,2,0],0,1].
[[1,6,1,1,2,2,2,3,0],1,0].
[[2,6,1,1,2,2,2,3,0],4,0].
[[3,7,0,0,0,0,2,1,1],2,0].
[[3,6,1,1,1,2,2,3,0],4,0].
[[1,7,1,0,0,0,1,2,1],3,0].
[[3,9,1,1,2,0,2,3,0],0,1].
[[3,7,1,0,0,0,2,1,0],2,2].
[[2,9,2,1,1,0,2,3,0],0,5].
[[2,5,0,0,0,0,1,1,1],6,0].
[[2,7,1,1,2,2,2,1,0],4,1].
[[3,6,1,1,1,0,2,1,1],1,0].
[[2,8,0,1,2,0,1,2,0],3,0].
[[2,7,2,1,1,0,2,2,1],0,1].
[[3,7,0,1,2,0,1,2,0],3,0].
[[2,6,1,1,1,2,2,3,0],1,0].
[[2,7,2,1,2,2,2,3,0],2,0].
[[3,3,2,1,2,2,2,3,0],2,0].
[[2,7,1,1,1,2,1,2,1],5,1].
[[2,7,0,1,1,2,2,2,1],1,1].
[[3,9,1,1,2,0,1,1,0],1,8].
[[3,7,1,1,2,2,1,1,0],2,8].
[[2,6,1,1,2,2,1,2,1],2,0].
[[2,7,2,1,2,0,2,2,1],8,1].
[[3,6,0,0,0,0,0,0,0],0,1].
[[3,2,1,1,2,2,0,0,0],4,0].
[[1,7,2,0,0,0,1,2,1],6,1].
[[1,4,2,1,2,0,1,1,1],1,0].
[[2,6,1,1,2,0,2,2,0],1,0].
[[2,7,2,1,2,0,1,2,0],2,0].
[[3,7,2,1,1,0,1,2,0],1,0].
[[2,6,1,0,0,0,1,2,0],3,0].
[[2,7,1,1,2,0,1,2,1],2,0].
[[3,9,2,1,1,2,0,0,0],0,1].
[[2,7,1,1,2,0,2,3,0],3,1].
[[1,7,2,1,2,0,0,0,0],13,1].
[[2,7,2,0,0,0,1,1,1],4,3].
[[2,9,1,1,2,2,2,1,0],2,6].
[[3,3,2,1,2,0,2,3,1],3,1].
[[2,7,2,1,1,0,0,0,0],2,0].
[[2,6,1,0,0,0,1,1,0],0,1].
[[3,6,0,0,0,0,1,2,1],1,0].
[[2,9,1,1,2,0,1,1,0],0,3].
[[3,9,1,1,1,0,2,1,1],1,1].
[[1,7,1,0,0,0,2,1,0],5,1].
[[2,9,2,1,1,0,2,1,1],0,1].
[[3,9,2,1,1,0,1,1,1],2,3].
[[3,7,0,1,2,0,2,2,1],2,1].
[[3,8,1,0,0,0,2,1,0],5,0].
[[2,3,2,1,2,2,1,2,1],2,0].
[[2,9,1,1,1,2,2,2,0],3,2].
[[3,3,0,1,2,2,2,2,0],0,1].
[[3,3,2,1,2,0,1,1,1],1,0].
[[1,7,2,1,2,0,1,2,1],1,2].
[[1,8,1,1,1,2,1,1,0],0,2].
[[2,6,0,1,1,2,2,3,1],0,1].
[[3,8,1,0,0,0,2,2,0],5,1].
[[3,7,0,1,2,0,1,1,1],0,3].
[[3,6,1,1,1,2,2,2,0],1,0].
[[1,6,1,0,0,0,2,3,1],9,0].
[[3,4,0,1,2,0,2,3,1],0,3].
[[3,3,1,0,0,0,2,2,0],2,0].
[[3,6,0,1,2,0,1,2,1],0,1].
[[3,6,0,0,0,0,2,3,1],1,0].
[[1,2,1,0,0,0,0,0,0],2,0].
[[2,2,1,1,2,2,0,0,0],2,0].
[[2,6,0,1,1,2,2,1,1],3,0].
[[2,3,1,0,0,0,2,2,1],2,0].
[[2,6,0,1,1,2,2,3,0],2,0].
[[3,6,0,1,1,2,2,2,0],3,3].
[[3,8,1,1,2,2,0,0,0],0,2].
[[2,9,1,1,2,0,2,1,0],2,1].
[[3,9,1,1,1,0,2,2,1],1,2].
[[1,6,1,1,2,2,1,2,0],1,0].
[[2,6,1,1,2,2,1,2,0],1,0].
[[3,3,1,1,2,2,1,2,0],2,0].
[[2,7,2,1,1,0,2,3,1],2,0].
[[2,5,0,1,2,0,1,1,0],2,0].
[[2,5,0,1,2,2,1,2,0],2,0].
[[2,9,1,0,0,0,2,1,1],1,1].
[[3,3,2,1,2,0,2,1,1],3,0].
[[3,6,1,0,0,0,2,1,1],4,0].
[[3,3,1,0,0,0,1,2,0],2,0].
[[3,2,1,1,2,0,2,2,1],1,0].
[[2,7,1,1,2,0,2,1,1],6,0].
[[3,6,1,0,0,0,2,2,0],3,0].
[[3,7,2,1,2,2,1,1,0],0,1].
[[3,7,2,0,0,0,1,1,0],0,1].
[[3,7,2,0,0,0,1,2,0],1,0].
[[2,5,0,1,1,2,1,1,1],3,0].
[[3,6,1,1,1,0,1,1,0],0,1].
[[2,9,2,1,1,0,1,1,1],0,3].
[[3,3,1,0,0,0,2,1,0],1,0].
[[3,7,2,1,1,2,0,0,0],3,1].
[[1,7,1,0,0,0,2,3,0],1,0].
[[2,6,0,0,0,0,2,2,0],2,0].
[[3,6,0,1,1,2,1,2,0],2,0].
[[2,6,1,1,1,2,2,3,1],2,0].
[[3,9,1,1,1,2,2,2,1],1,7].
[[3,3,2,1,1,0,2,3,1],1,0].
[[3,1,1,1,2,0,1,1,0],1,0].
[[2,3,2,1,2,2,2,3,1],2,0].
[[3,3,2,1,1,2,2,3,1],3,0].
[[3,6,1,1,1,0,1,2,1],0,1].
[[3,3,2,1,2,2,2,1,1],1,0].
[[2,9,1,0,0,0,2,1,0],2,1].
[[3,7,0,0,0,0,1,2,1],1,0].
[[2,9,1,1,1,0,2,1,1],0,2].
[[3,6,0,1,2,2,1,1,1],2,0].
[[2,5,0,1,2,0,1,1,1],2,1].
[[2,7,2,1,1,0,1,1,1],0,1].
[[3,6,1,1,1,0,0,0,0],1,0].
[[1,6,0,1,2,2,2,2,0],1,0].
[[3,2,0,1,2,2,2,2,0],1,0].
[[2,7,1,1,2,2,1,1,0],1,2].
[[3,3,1,1,2,0,2,3,0],2,0].
[[2,9,2,1,1,0,2,1,0],1,1].
[[2,3,1,0,0,0,2,3,1],1,0].
[[3,3,1,1,1,2,2,1,1],1,0].
[[1,8,1,1,2,0,2,1,0],2,0].
[[2,7,0,0,0,0,2,1,0],1,0].
[[3,7,0,0,0,0,1,2,0],1,0].
[[3,2,1,0,0,0,0,0,0],1,0].
[[1,7,2,1,2,0,2,3,1],2,1].
[[1,7,2,1,2,0,2,3,0],1,0].
[[3,3,1,1,2,0,2,3,1],2,0].
[[2,2,1,0,0,0,2,3,1],1,0].
[[3,2,1,0,0,0,2,3,1],1,0].
[[2,6,1,1,1,2,2,2,1],2,0].
[[3,8,1,1,1,2,0,0,0],0,1].
[[2,6,1,1,2,0,1,1,0],1,0].
[[3,3,2,1,1,0,1,2,1],1,0].
[[3,6,1,1,1,0,2,2,0],0,1].
[[3,6,0,1,1,2,2,1,1],1,1].
[[1,6,1,1,2,2,1,2,1],1,0].
[[2,2,1,1,2,2,1,2,1],1,0].
[[3,2,1,1,2,2,1,2,1],1,0].
[[3,6,1,1,1,2,2,1,0],3,0].
[[2,2,1,0,0,0,2,2,1],1,0].
[[3,2,1,0,0,0,1,1,1],1,0].
[[1,7,2,0,0,0,2,2,0],1,0].
[[2,7,2,1,2,2,2,2,0],1,0].
[[1,8,0,1,2,2,1,1,0],1,1].
[[3,3,1,1,2,2,1,1,0],1,0].
[[2,3,2,0,0,0,2,2,1],2,0].
[[2,3,2,1,2,0,2,2,1],1,0].
[[3,3,2,1,1,0,2,2,1],1,0].
[[2,5,0,1,1,0,1,2,0],0,1].
[[3,7,1,1,1,0,2,1,0],1,0].
[[3,8,1,1,1,0,0,0,0],0,1].
[[3,3,1,0,0,0,1,1,0],1,0].
[[3,3,2,1,2,0,1,2,1],1,0].
[[3,7,0,1,2,0,1,2,1],1,0].
[[2,5,0,0,0,0,1,1,0],1,0].
[[2,3,1,1,2,2,2,1,1],1,0].
[[3,3,1,1,2,2,1,1,1],1,0].
[[2,6,0,1,2,2,2,3,1],1,1].
[[2,7,1,1,2,0,2,2,0],1,1].
[[3,4,0,1,2,0,1,1,1],0,2].
[[2,6,1,1,2,0,2,3,0],2,0].
[[3,3,1,1,2,2,2,1,0],2,0].
[[3,7,1,1,1,0,2,3,0],0,2].
[[1,7,1,0,0,0,1,1,1],1,0].
[[2,9,1,0,0,0,2,3,0],0,2].
[[2,3,2,0,0,0,2,3,0],1,0].
[[3,3,2,1,2,0,2,3,0],1,0].
[[1,8,1,1,1,2,1,1,1],1,0].
[[2,7,1,1,1,2,1,1,1],1,0].
[[3,8,0,1,1,0,1,1,0],0,1].
[[1,8,0,1,2,2,1,2,1],0,1].
[[1,7,1,1,2,2,2,1,0],1,0].
[[3,7,0,1,2,0,2,1,0],0,1].
[[2,7,2,1,1,0,1,2,1],0,1].
[[3,5,0,1,1,2,1,2,1],2,0].
[[3,6,0,1,2,0,2,1,1],0,1].
[[3,5,0,1,2,2,1,2,1],0,1].
[[2,3,1,1,2,2,2,3,0],1,0].
[[2,9,1,1,1,0,2,2,1],0,1].
[[3,7,2,1,1,2,2,3,0],3,0].
[[1,7,2,1,2,2,2,3,0],1,0].
[[2,9,1,1,2,0,2,3,1],0,1].
[[2,7,2,1,1,2,2,3,0],1,0].
[[3,7,2,1,1,2,1,2,0],1,0].
[[3,6,0,0,0,0,2,2,0],0,1].
[[3,3,1,0,0,0,1,1,1],1,0].
[[3,7,0,1,2,0,2,2,0],0,1].
[[3,5,0,1,1,0,1,2,1],0,1].
[[3,7,0,0,0,0,2,1,0],1,0].
[[2,7,0,0,0,0,2,2,0],1,0].
