total_WL(293,107).
[[1,8,2,0,0,0,2,3,2],20,6].
[[2,7,2,1,2,1,2,3,2],7,1].
[[3,7,2,1,2,1,2,3,2],15,2].
[[1,8,2,0,0,0,0,0,0],25,15].
[[2,8,2,1,2,1,2,3,0],15,2].
[[3,8,2,1,2,1,2,3,0],7,3].
[[1,8,2,1,2,1,1,2,2],2,2].
[[2,8,2,1,2,1,1,2,2],4,5].
[[3,8,2,1,1,1,1,2,2],4,1].
[[1,8,2,1,1,1,2,1,0],0,1].
[[2,7,2,1,1,1,2,1,0],0,1].
[[3,7,2,1,1,1,2,1,0],1,2].
[[1,8,2,1,2,1,2,2,0],14,3].
[[2,8,2,1,2,1,2,2,0],9,1].
[[3,8,2,1,2,1,2,2,0],5,2].
[[1,6,2,0,0,0,0,0,0],15,0].
[[2,6,2,0,0,0,2,3,2],7,0].
[[3,6,2,1,2,1,1,2,2],1,0].
[[1,8,2,1,1,1,0,0,0],1,0].
[[2,7,2,1,1,1,0,0,0],1,3].
[[3,4,1,1,2,0,2,3,2],1,0].
[[1,8,2,0,0,0,2,1,0],8,3].
[[2,7,2,0,0,0,2,1,0],4,0].
[[3,7,2,0,0,0,2,1,0],4,1].
[[1,6,2,0,0,0,2,3,0],3,0].
[[2,6,2,0,0,0,2,3,0],1,0].
[[3,2,2,0,0,0,2,3,0],1,0].
[[1,8,2,1,2,1,2,3,2],8,2].
[[2,8,2,1,2,1,2,3,2],7,2].
[[3,8,2,1,1,1,2,3,2],2,0].
[[1,7,2,0,0,0,0,0,0],25,8].
[[2,3,2,0,0,0,0,0,0],2,0].
[[3,3,2,0,0,0,2,1,2],2,0].
[[1,8,2,0,0,0,2,2,2],8,2].
[[1,8,2,0,0,0,2,2,0],17,6].
[[2,7,2,0,0,0,2,2,0],11,3].
[[3,7,2,0,0,0,2,2,0],5,3].
[[1,7,2,1,2,1,0,0,0],7,3].
[[2,7,2,1,2,1,0,0,0],10,3].
[[3,7,2,1,1,1,2,2,2],5,2].
[[1,8,2,1,2,1,2,2,2],7,3].
[[2,8,2,1,2,1,2,2,2],8,2].
[[3,8,2,1,2,1,1,2,2],5,4].
[[1,6,2,1,2,1,2,3,2],2,0].
[[2,6,2,1,2,1,1,2,2],3,0].
[[3,3,2,1,2,1,1,2,2],3,0].
[[1,8,2,0,0,0,2,3,0],20,8].
[[2,8,2,0,0,0,2,2,0],6,3].
[[3,8,2,1,2,1,1,2,0],12,10].
[[3,7,2,0,0,0,2,3,0],3,0].
[[1,8,2,1,1,1,2,2,0],2,1].
[[2,8,2,1,1,1,2,2,0],5,2].
[[3,8,2,1,1,1,1,2,0],4,0].
[[3,8,2,1,2,1,1,1,2],2,0].
[[2,8,2,0,0,0,2,3,0],10,5].
[[1,6,2,0,0,0,2,3,2],5,0].
[[2,3,2,1,2,1,2,3,2],1,0].
[[3,3,2,1,2,1,2,3,2],4,0].
[[3,4,1,1,2,0,2,2,0],2,0].
[[2,8,2,0,0,0,1,2,0],6,8].
[[3,8,2,1,2,0,1,2,0],2,3].
[[1,8,2,1,2,1,0,0,0],20,6].
[[3,8,2,1,2,1,2,2,2],3,1].
[[2,8,2,0,0,0,2,1,0],5,2].
[[3,8,2,0,0,0,1,2,0],4,2].
[[1,8,2,1,2,1,2,1,0],2,2].
[[1,8,2,0,0,0,2,1,2],8,3].
[[2,8,2,0,0,0,2,1,2],2,1].
[[1,3,2,0,0,0,2,2,2],1,0].
[[2,3,2,0,0,0,1,2,2],1,0].
[[3,7,2,1,2,1,2,3,0],9,4].
[[1,6,2,0,0,0,2,2,2],3,0].
[[2,3,2,0,0,0,2,2,2],2,0].
[[3,3,2,1,2,1,2,2,2],3,0].
[[3,7,2,1,2,1,2,2,2],6,1].
[[1,8,2,0,0,0,1,2,0],5,6].
[[3,7,2,1,2,0,1,2,0],5,0].
[[1,7,2,0,0,0,2,3,2],6,1].
[[2,6,2,0,0,0,2,2,2],6,0].
[[2,6,2,0,0,0,1,1,2],2,0].
[[3,3,2,0,0,0,1,1,2],1,0].
[[1,7,2,0,0,0,2,3,0],6,0].
[[2,7,2,0,0,0,2,3,0],5,1].
[[3,7,2,1,2,1,1,2,0],9,0].
[[3,4,1,1,2,0,1,2,0],1,1].
[[2,6,2,1,2,1,2,3,2],3,0].
[[3,6,2,1,2,1,2,3,2],3,0].
[[2,7,2,1,2,1,2,3,0],4,2].
[[2,8,2,1,2,0,2,1,2],2,0].
[[3,8,2,1,2,0,2,3,2],3,2].
[[2,8,2,0,0,0,2,3,2],6,4].
[[1,8,2,1,1,1,2,2,2],0,1].
[[2,4,1,1,2,0,2,2,2],0,1].
[[3,4,1,1,2,0,2,2,2],0,1].
[[2,2,2,0,0,0,0,0,0],2,0].
[[3,2,2,0,0,0,2,3,2],1,0].
[[1,6,2,1,2,0,0,0,0],1,0].
[[2,3,2,1,2,0,0,0,0],1,0].
[[3,3,2,1,2,1,0,0,0],2,0].
[[2,7,2,0,0,0,1,2,2],4,0].
[[3,7,2,0,0,0,1,2,2],3,1].
[[3,6,2,1,2,0,2,2,0],2,0].
[[2,7,2,0,0,0,2,3,2],8,1].
[[3,7,2,0,0,0,2,3,2],2,1].
[[3,8,2,0,0,0,2,3,0],1,3].
[[2,8,2,1,2,0,2,2,2],2,1].
[[3,8,2,1,1,0,1,2,2],2,2].
[[2,7,2,0,0,0,0,0,0],8,2].
[[3,7,2,1,2,0,2,2,0],3,0].
[[1,8,2,1,2,1,1,1,0],1,2].
[[2,8,2,1,2,1,1,1,0],4,3].
[[1,8,2,0,0,0,1,1,2],2,3].
[[2,7,2,0,0,0,1,1,2],1,0].
[[3,5,0,0,0,0,1,1,2],2,0].
[[1,8,2,0,0,0,1,2,2],4,2].
[[2,8,2,0,0,0,1,2,2],5,2].
[[3,5,0,0,0,0,1,1,0],1,0].
[[1,8,2,1,2,1,2,3,0],7,3].
[[2,7,2,1,1,1,2,3,0],3,0].
[[3,3,2,1,1,1,2,3,0],1,0].
[[2,8,2,1,2,1,2,1,0],4,4].
[[3,8,2,1,1,1,2,1,0],1,1].
[[2,6,2,1,2,1,2,3,0],1,0].
[[3,6,2,1,2,1,2,3,0],3,0].
[[3,3,2,0,0,0,2,3,2],5,0].
[[2,6,2,1,2,1,2,2,0],2,0].
[[3,3,2,1,2,1,2,2,0],1,0].
[[3,8,2,0,0,0,2,3,2],1,1].
[[1,8,2,0,0,0,1,1,0],2,1].
[[2,8,2,1,2,0,1,1,0],1,1].
[[3,7,2,1,1,0,1,1,0],1,0].
[[1,7,2,0,0,0,2,1,0],3,0].
[[2,7,2,0,0,0,1,1,0],1,1].
[[3,7,2,1,2,0,1,1,0],1,0].
[[3,7,2,1,2,1,2,1,0],2,2].
[[3,8,2,1,2,1,2,3,2],6,0].
[[3,2,2,1,2,1,0,0,0],1,0].
[[1,6,2,0,0,0,1,1,2],2,0].
[[3,6,2,0,0,0,1,1,2],1,0].
[[1,3,2,0,0,0,0,0,0],2,0].
[[2,3,2,1,2,1,0,0,0],3,0].
[[3,3,2,1,1,1,0,0,0],1,0].
[[3,8,2,1,2,1,2,1,0],2,2].
[[2,8,2,1,2,1,0,0,0],4,2].
[[2,8,2,0,0,0,2,2,2],8,0].
[[3,8,2,0,0,0,2,2,2],3,0].
[[3,8,2,1,2,0,1,2,2],1,1].
[[1,8,2,1,2,0,2,3,0],1,1].
[[2,8,2,1,2,0,1,2,0],1,1].
[[1,7,2,1,2,1,2,1,2],0,1].
[[2,7,2,1,2,1,1,2,2],2,3].
[[3,7,2,1,2,1,1,2,2],2,3].
[[2,8,2,1,2,1,1,2,0],9,3].
[[3,8,2,1,1,1,1,1,0],2,2].
[[3,3,2,1,2,1,2,3,0],2,0].
[[2,8,2,0,0,0,0,0,0],2,3].
[[3,8,2,1,2,1,0,0,0],0,2].
[[3,7,2,1,2,1,2,2,0],9,5].
[[3,7,2,1,2,1,0,0,0],4,2].
[[3,8,2,1,1,0,1,2,0],0,3].
[[2,8,2,0,0,0,1,1,2],1,1].
[[3,8,2,0,0,0,1,1,2],0,1].
[[2,7,2,1,2,0,2,3,2],1,0].
[[3,3,2,1,2,0,2,3,2],2,0].
[[1,7,2,1,2,1,2,3,0],4,0].
[[2,3,2,1,2,1,2,3,0],1,0].
[[3,8,2,1,2,0,1,1,0],0,1].
[[3,6,2,1,2,0,1,2,0],2,0].
[[3,7,2,1,1,1,2,3,0],2,1].
[[1,8,2,1,2,1,1,2,0],3,1].
[[2,7,2,1,2,1,1,2,0],1,0].
[[2,8,2,1,1,1,2,3,0],3,0].
[[3,8,2,1,1,1,2,2,0],3,1].
[[2,7,2,1,2,1,2,2,0],5,3].
[[3,6,2,1,2,1,2,1,2],1,0].
[[2,8,2,1,1,1,2,2,2],1,0].
[[2,8,2,1,1,1,2,3,2],1,0].
[[3,8,2,1,1,1,2,3,0],2,0].
[[2,6,2,1,2,0,2,3,2],3,0].
[[2,8,2,1,1,1,1,2,0],1,1].
[[3,7,2,1,1,1,1,2,0],2,0].
[[2,6,2,1,2,1,0,0,0],4,0].
[[3,8,2,1,2,0,2,3,0],3,1].
[[1,7,2,1,2,1,2,2,2],1,1].
[[3,7,0,1,2,1,1,2,2],0,1].
[[2,8,2,1,2,0,2,1,0],0,1].
[[1,8,2,1,1,1,2,3,2],2,0].
[[2,7,2,1,1,1,2,3,2],2,0].
[[1,8,2,1,2,0,1,2,2],0,1].
[[2,8,2,1,2,0,1,2,2],1,1].
[[2,8,2,1,2,0,2,2,0],1,1].
[[3,8,2,1,1,0,2,2,0],0,1].
[[1,7,2,0,0,0,2,2,0],4,0].
[[1,8,2,1,2,0,2,3,2],1,0].
[[2,7,2,1,2,1,2,1,2],1,1].
[[3,7,2,1,1,1,1,1,2],2,0].
[[3,5,0,1,1,1,1,1,0],1,0].
[[2,7,2,1,2,0,0,0,0],1,1].
[[3,7,2,1,2,0,0,0,0],1,1].
[[3,7,2,1,2,1,1,1,0],1,1].
[[2,7,2,0,0,0,1,2,0],2,0].
[[2,8,2,1,2,1,2,1,2],2,0].
[[3,8,2,1,2,1,1,1,0],4,3].
[[3,7,2,0,0,0,1,2,0],2,0].
[[2,6,2,0,0,0,0,0,0],2,0].
[[3,6,2,0,0,0,2,3,2],1,0].
[[2,8,2,1,2,0,0,0,0],2,2].
[[2,7,0,1,2,1,0,0,0],0,1].
[[3,7,0,1,2,1,0,0,0],0,1].
[[2,8,2,1,2,0,2,3,2],1,3].
[[2,5,0,1,2,0,1,1,2],0,1].
[[3,5,0,1,2,1,1,1,2],2,1].
[[2,8,2,1,2,0,2,3,0],2,0].
[[3,6,2,1,2,0,2,3,0],2,0].
[[3,6,2,0,0,0,1,2,2],4,0].
[[1,7,2,0,0,0,2,2,2],2,0].
[[2,7,2,1,2,0,2,2,0],1,1].
[[1,8,2,1,2,0,2,2,0],1,2].
[[3,8,2,0,0,0,1,1,0],1,0].
[[3,7,2,1,1,1,2,2,0],1,2].
[[1,8,2,1,2,1,2,1,2],1,0].
[[3,6,2,1,1,1,2,2,0],1,0].
[[2,8,2,1,2,0,1,1,2],2,0].
[[3,7,2,1,2,1,1,1,2],2,3].
[[3,8,2,1,2,0,2,1,0],2,0].
[[2,7,2,1,2,1,1,1,2],1,2].
[[1,3,2,0,0,0,2,3,2],2,0].
[[2,3,2,0,0,0,2,3,2],2,0].
[[2,8,2,1,1,0,2,3,0],0,1].
[[3,8,2,1,1,0,2,3,0],1,0].
[[3,3,2,0,0,0,2,3,0],1,0].
[[3,7,2,1,2,0,2,2,2],1,1].
[[3,7,2,1,2,0,2,1,0],1,0].
[[3,7,2,1,1,1,1,1,0],3,0].
[[1,6,2,1,2,1,0,0,0],2,0].
[[2,7,2,0,0,0,2,1,2],3,0].
[[3,7,2,1,2,0,2,3,0],2,0].
[[3,3,2,1,2,0,2,3,0],1,0].
[[1,7,2,1,2,1,2,3,2],0,1].
[[1,6,2,1,2,0,2,2,2],0,1].
[[2,6,2,1,2,0,2,2,2],0,1].
[[3,6,2,1,1,0,1,2,2],0,1].
[[2,6,2,1,2,1,1,1,2],1,0].
[[3,6,2,1,2,1,1,1,2],1,0].
[[1,7,2,1,2,1,2,2,0],1,0].
[[2,3,2,1,2,1,1,2,2],1,0].
[[3,3,2,1,1,1,1,2,2],1,0].
[[2,7,2,1,2,1,2,1,0],1,1].
[[3,7,2,0,0,0,1,1,2],1,0].
[[3,7,2,1,2,0,1,1,2],1,0].
[[2,8,2,1,1,1,1,1,0],1,1].
[[3,5,0,1,2,1,1,1,0],1,0].
[[3,7,2,0,0,0,1,1,0],1,0].
[[2,3,2,0,0,0,2,2,0],1,0].
[[3,3,2,1,2,1,1,1,0],1,0].
[[1,8,2,1,2,0,0,0,0],2,3].
[[3,8,2,1,2,0,2,2,0],1,0].
[[3,6,2,1,2,1,2,2,2],1,0].
[[3,3,2,1,2,0,1,2,2],1,0].
[[3,7,2,1,1,1,2,3,2],1,0].
[[3,8,2,1,2,1,2,1,2],1,1].
[[3,5,0,1,1,1,1,2,0],1,0].
[[3,8,2,0,0,0,1,2,2],0,1].
[[3,6,2,1,1,0,0,0,0],0,1].
[[2,6,2,0,0,0,2,1,2],1,0].
[[3,7,2,1,2,0,2,1,2],1,0].
[[2,6,2,1,2,1,2,1,2],1,0].
[[3,2,2,1,2,1,2,1,2],1,0].
[[3,6,2,1,2,0,2,3,2],1,0].
[[3,8,2,1,1,1,2,2,2],1,0].
[[3,6,2,1,1,0,1,1,0],0,1].
[[3,7,2,1,1,1,0,0,0],1,1].
[[3,7,2,0,0,0,2,2,2],2,0].
[[1,8,2,1,2,0,2,2,2],0,1].
[[2,7,2,1,2,0,2,2,2],0,1].
[[3,7,2,1,2,0,1,2,2],2,0].
[[2,7,2,1,2,1,2,2,2],1,1].
[[2,6,2,1,2,0,0,0,0],1,0].
[[2,2,2,1,2,1,2,3,2],1,0].
[[3,2,2,1,2,1,2,2,0],1,0].
[[3,6,2,1,2,1,2,1,0],1,0].
[[2,6,2,0,0,0,1,2,2],1,0].
[[3,3,2,0,0,0,1,2,2],1,0].
[[3,7,0,1,2,1,2,2,0],0,1].
[[2,7,2,1,1,1,1,1,0],1,0].
[[3,8,2,1,1,0,2,3,2],0,1].
[[1,6,2,1,2,1,2,1,2],1,0].
[[3,6,2,1,2,1,1,2,0],2,0].
[[3,4,1,1,2,0,2,3,0],1,0].
[[2,3,2,0,0,0,2,1,0],1,0].
[[3,3,2,1,2,1,1,2,0],1,0].
[[2,8,2,1,1,0,2,2,0],0,1].
[[3,7,2,1,2,0,2,3,2],1,0].
[[3,3,2,0,0,0,2,2,2],2,0].
[[1,6,2,0,0,0,2,1,2],1,1].
[[3,8,2,1,1,0,2,1,0],0,1].
[[2,3,2,0,0,0,2,1,2],0,1].
[[3,3,2,1,2,0,1,1,2],0,1].
[[3,6,2,0,0,0,2,2,2],1,0].
[[3,7,2,0,0,0,0,0,0],0,1].
[[2,7,2,0,0,0,2,2,2],1,0].
