total_WL(20138,15793).
[[1,9,2,1,1,1,1,1,1],12,7].
[[2,9,2,1,1,1,1,1,1],24,19].
[[3,9,1,1,1,1,1,1,1],20,70].
[[1,8,1,0,0,0,2,2,1],695,297].
[[2,8,1,0,0,0,2,2,1],418,190].
[[3,7,2,0,0,0,2,3,1],82,6].
[[1,9,2,0,0,0,2,3,1],868,1188].
[[2,9,1,0,0,0,1,2,1],167,264].
[[3,9,1,0,0,0,1,2,1],92,193].
[[1,9,2,1,2,1,0,0,0],211,511].
[[2,8,1,1,2,1,0,0,0],109,105].
[[3,6,1,1,2,1,0,0,0],30,4].
[[1,9,2,1,2,1,1,2,0],154,145].
[[2,9,2,1,2,1,1,2,0],75,60].
[[3,9,1,1,2,1,1,2,0],296,596].
[[1,8,1,0,0,0,1,2,0],88,21].
[[2,8,1,0,0,0,1,2,0],176,50].
[[3,8,1,0,0,0,1,2,0],145,67].
[[1,9,2,0,0,0,2,3,0],1093,1075].
[[2,9,2,0,0,0,2,3,0],143,188].
[[3,9,1,0,0,0,1,2,0],115,213].
[[1,6,1,0,0,0,0,0,0],254,12].
[[2,3,2,0,0,0,2,3,1],22,0].
[[3,3,2,1,2,1,2,3,1],32,0].
[[1,9,2,1,2,0,2,3,0],37,62].
[[2,9,1,1,1,0,2,3,1],2,7].
[[3,8,0,1,1,0,2,3,1],3,14].
[[1,9,2,1,2,1,2,3,1],396,511].
[[2,9,2,1,2,1,1,2,1],145,204].
[[3,9,1,1,2,1,1,2,1],215,566].
[[1,7,1,0,0,0,0,0,0],304,102].
[[2,7,1,1,2,1,2,2,1],111,38].
[[3,7,1,1,1,1,2,2,1],63,34].
[[1,8,1,1,2,1,2,2,0],99,25].
[[2,8,1,1,1,1,2,3,0],53,28].
[[3,4,1,1,2,0,2,3,0],63,8].
[[1,8,0,1,2,1,0,0,0],255,271].
[[2,8,0,1,2,1,0,0,0],115,273].
[[3,8,0,1,2,1,0,0,0],1,101].
[[1,9,2,0,0,0,2,1,1],412,502].
[[2,8,0,0,0,0,2,1,1],120,121].
[[3,8,0,0,0,0,2,2,1],38,61].
[[2,9,2,1,2,1,2,3,1],70,112].
[[2,9,1,0,0,0,2,3,1],132,240].
[[3,8,0,0,0,0,2,3,1],45,104].
[[2,8,1,0,0,0,1,1,1],158,80].
[[3,7,1,0,0,0,1,1,1],57,12].
[[2,6,1,0,0,0,2,2,1],70,2].
[[3,6,1,1,2,0,1,2,1],19,2].
[[1,8,0,0,0,0,2,3,1],240,231].
[[2,8,0,0,0,0,1,2,1],123,112].
[[3,8,0,0,0,0,1,2,1],124,160].
[[1,8,1,0,0,0,2,3,0],436,140].
[[2,8,1,1,2,1,2,3,0],292,143].
[[3,8,1,1,2,1,2,3,0],205,168].
[[2,9,2,1,2,1,2,1,0],62,59].
[[3,9,1,1,2,1,2,1,0],17,101].
[[2,8,0,1,2,0,2,3,0],34,51].
[[3,8,0,1,2,1,1,2,0],374,258].
[[1,9,2,1,2,1,2,3,0],429,434].
[[2,9,1,1,2,1,1,2,1],163,252].
[[3,8,1,1,2,1,1,2,1],620,265].
[[1,8,1,0,0,0,0,0,0],1391,691].
[[2,8,1,0,0,0,2,1,0],109,47].
[[3,8,1,1,2,1,2,1,0],58,57].
[[2,8,0,1,2,1,2,3,0],241,214].
[[3,7,0,1,2,1,2,3,0],75,26].
[[1,8,1,1,2,1,2,3,1],317,100].
[[2,8,1,1,1,1,2,3,1],96,41].
[[3,8,1,1,1,1,2,3,1],107,53].
[[2,9,1,1,2,1,1,1,1],41,71].
[[3,8,0,1,2,1,1,1,1],100,129].
[[1,9,2,0,0,0,0,0,0],444,1167].
[[2,8,0,1,2,0,0,0,0],8,39].
[[3,8,0,1,2,0,2,3,0],60,105].
[[2,7,1,0,0,0,0,0,0],256,123].
[[3,7,1,0,0,0,2,3,0],108,35].
[[2,8,1,0,0,0,2,3,1],674,315].
[[3,6,1,1,2,1,2,3,1],104,3].
[[3,7,1,1,2,1,2,2,1],260,89].
[[1,9,2,1,2,1,2,1,1],237,212].
[[2,9,2,1,2,1,2,3,0],110,196].
[[3,8,0,1,2,1,2,3,0],244,435].
[[2,9,2,1,1,1,2,3,0],40,37].
[[3,8,1,1,1,1,2,3,0],74,62].
[[2,6,1,0,0,0,0,0,0],143,5].
[[3,6,1,1,2,0,2,3,0],26,1].
[[2,9,1,1,2,1,2,2,0],130,265].
[[3,5,0,1,2,1,1,1,0],93,28].
[[2,9,1,1,2,1,2,3,1],107,256].
[[1,9,2,1,2,1,1,2,1],199,193].
[[2,8,1,1,2,1,1,2,1],326,125].
[[1,8,0,0,0,0,0,0,0],765,785].
[[2,8,0,0,0,0,0,0,0],126,275].
[[3,8,0,0,0,0,2,3,0],103,183].
[[1,8,1,0,0,0,2,3,1],1011,365].
[[2,8,1,0,0,0,2,3,0],373,179].
[[3,8,1,0,0,0,2,2,0],58,63].
[[2,8,1,0,0,0,0,0,0],131,122].
[[3,7,1,1,2,0,0,0,0],38,22].
[[3,6,1,0,0,0,2,1,1],32,0].
[[1,7,1,0,0,0,2,3,1],36,17].
[[2,7,1,1,2,0,1,2,1],9,6].
[[3,7,1,1,1,0,1,1,1],0,6].
[[1,8,1,1,2,1,2,2,1],226,92].
[[2,8,1,1,2,1,2,2,1],340,159].
[[3,8,1,1,2,1,1,1,1],223,128].
[[1,9,2,0,0,0,1,2,1],468,440].
[[1,9,2,1,2,1,2,2,1],278,309].
[[1,9,2,0,0,0,2,2,1],599,764].
[[2,8,0,1,2,1,2,2,1],150,165].
[[1,8,0,1,2,1,2,2,1],66,51].
[[2,8,0,1,1,1,2,2,1],29,17].
[[3,8,0,1,1,1,2,3,0],87,125].
[[3,8,1,1,2,1,2,2,0],149,128].
[[1,9,2,0,0,0,2,1,0],357,368].
[[2,9,1,0,0,0,1,1,0],67,153].
[[3,8,0,1,2,0,1,1,0],28,29].
[[2,8,1,0,0,0,2,1,1],296,119].
[[3,7,2,1,2,1,2,1,1],80,4].
[[2,8,0,0,0,0,2,3,1],258,260].
[[3,8,0,1,2,1,1,2,1],228,328].
[[3,8,0,1,2,1,2,2,0],191,290].
[[1,7,2,0,0,0,0,0,0],265,25].
[[2,7,2,1,2,1,2,2,1],61,2].
[[3,7,2,1,2,1,2,2,1],98,5].
[[1,9,2,0,0,0,1,2,0],371,348].
[[2,8,0,0,0,0,1,2,0],130,70].
[[3,7,0,0,0,0,1,2,0],19,2].
[[2,8,1,1,2,1,1,2,0],164,40].
[[3,7,1,1,2,1,1,2,0],128,17].
[[2,9,1,0,0,0,2,1,0],70,140].
[[3,8,1,0,0,0,1,2,1],287,122].
[[3,7,1,1,2,1,2,3,0],189,73].
[[1,9,2,1,1,1,2,2,0],39,29].
[[2,9,1,1,1,1,1,2,0],67,79].
[[3,9,1,1,1,1,1,2,0],96,241].
[[2,9,1,0,0,0,2,2,1],93,181].
[[3,9,1,0,0,0,2,2,1],11,41].
[[1,6,1,0,0,0,2,3,0],24,0].
[[2,6,1,0,0,0,2,3,0],41,2].
[[3,3,1,0,0,0,2,3,0],14,1].
[[2,9,1,1,2,1,1,2,0],278,317].
[[3,8,1,1,2,1,2,1,1],133,58].
[[2,9,1,1,2,1,2,1,1],54,81].
[[3,9,1,1,1,1,2,1,1],4,28].
[[3,7,1,1,2,0,2,1,1],56,16].
[[2,8,0,1,2,1,2,3,1],230,264].
[[2,9,1,1,1,0,2,3,0],1,6].
[[3,4,0,1,2,0,2,3,0],0,3].
[[2,9,1,1,2,1,2,1,0],70,144].
[[3,9,1,1,1,1,2,1,0],8,55].
[[3,8,0,1,2,0,1,2,1],72,85].
[[2,9,1,1,2,1,2,3,0],186,387].
[[1,8,0,0,0,0,2,1,1],151,133].
[[2,8,0,1,2,1,1,2,1],107,119].
[[2,8,1,1,2,0,2,3,1],157,89].
[[3,7,1,1,2,0,2,3,1],120,63].
[[1,8,1,0,0,0,2,1,1],552,189].
[[2,7,2,1,2,1,2,1,1],66,7].
[[3,7,2,1,1,1,1,2,1],37,3].
[[2,9,1,0,0,0,1,2,0],269,335].
[[3,9,1,1,2,0,1,2,0],104,188].
[[2,8,1,1,2,1,2,3,1],540,206].
[[3,8,1,1,1,1,1,2,1],172,99].
[[1,6,0,0,0,0,0,0,0],34,21].
[[2,6,0,0,0,0,0,0,0],37,28].
[[3,6,0,0,0,0,0,0,0],6,12].
[[1,8,1,1,2,1,0,0,0],466,234].
[[3,8,1,1,2,1,2,3,1],341,163].
[[2,9,1,0,0,0,2,2,0],160,238].
[[3,8,1,1,2,0,1,1,1],68,46].
[[3,8,1,1,2,1,1,2,0],370,123].
[[2,8,0,1,1,1,1,1,1],14,7].
[[3,4,1,1,2,0,1,1,1],65,11].
[[2,9,2,0,0,0,1,2,1],147,175].
[[3,5,0,1,2,1,1,1,1],199,17].
[[2,8,1,0,0,0,1,2,1],421,135].
[[3,9,1,0,0,0,1,1,0],30,124].
[[3,8,0,1,2,1,2,1,0],91,142].
[[1,9,2,0,0,0,1,1,1],201,179].
[[2,5,0,1,2,0,1,1,1],20,5].
[[3,5,0,1,2,0,1,1,1],67,6].
[[2,9,2,0,0,0,2,1,1],28,62].
[[3,8,0,1,2,0,2,1,1],18,31].
[[1,3,2,0,0,0,0,0,0],23,0].
[[1,9,2,0,0,0,2,2,0],739,759].
[[2,9,2,0,0,0,2,2,0],80,162].
[[3,9,1,1,2,0,2,2,0],11,51].
[[2,7,1,0,0,0,2,3,1],192,64].
[[3,7,1,1,2,1,2,2,0],130,53].
[[2,9,1,1,2,1,0,0,0],3,37].
[[3,5,0,1,2,1,2,2,0],45,1].
[[3,6,0,1,2,1,2,3,1],27,22].
[[1,8,0,0,0,0,2,2,1],179,152].
[[2,6,0,0,0,0,2,2,1],6,4].
[[3,6,0,0,0,0,2,2,1],12,3].
[[2,8,1,1,2,1,1,1,1],143,60].
[[3,8,1,1,2,0,2,3,1],124,63].
[[2,9,1,1,2,1,1,1,0],70,153].
[[3,8,0,1,1,1,2,2,1],36,48].
[[2,5,0,1,2,1,1,1,1],77,10].
[[1,8,0,0,0,0,2,3,0],199,133].
[[2,9,1,1,2,0,1,2,0],61,86].
[[3,8,0,1,2,1,2,1,1],60,91].
[[1,9,2,1,1,1,2,3,0],56,28].
[[2,9,1,1,1,1,2,3,0],52,66].
[[3,4,1,1,2,0,2,2,1],44,13].
[[3,8,1,1,1,1,2,2,1],85,37].
[[1,7,2,0,0,0,1,1,1],6,6].
[[2,7,2,0,0,0,1,2,1],56,10].
[[3,7,2,1,2,1,1,1,1],52,12].
[[1,7,1,1,2,1,2,3,1],17,3].
[[2,7,1,1,2,1,1,2,1],33,13].
[[3,7,1,1,1,1,1,2,1],60,26].
[[3,9,1,1,2,0,1,2,1],47,160].
[[1,9,2,1,1,1,2,3,1],51,32].
[[2,9,1,1,1,1,1,2,1],55,56].
[[3,9,1,1,1,1,1,2,1],74,200].
[[2,8,0,0,0,0,2,3,0],320,256].
[[1,8,1,1,2,1,1,1,1],38,19].
[[1,8,0,1,2,1,2,2,0],56,34].
[[2,8,0,1,2,1,2,2,0],179,157].
[[1,7,1,0,0,0,2,3,0],28,4].
[[2,7,1,1,2,1,2,3,0],70,11].
[[3,8,1,1,2,0,2,2,1],69,46].
[[2,7,1,0,0,0,2,1,1],109,31].
[[3,7,1,0,0,0,2,1,1],83,29].
[[3,9,1,0,0,0,2,2,0],11,71].
[[1,8,0,1,2,1,2,3,0],64,36].
[[3,7,1,1,1,1,2,3,0],50,19].
[[3,8,0,1,1,1,2,3,1],51,76].
[[1,8,0,1,2,1,2,3,1],90,64].
[[2,6,0,0,0,0,2,1,1],7,7].
[[3,3,1,1,2,1,2,1,1],24,2].
[[3,7,1,1,2,0,2,2,1],100,38].
[[2,8,1,1,2,0,0,0,0],28,28].
[[3,8,1,1,2,0,2,1,1],52,28].
[[3,8,1,0,0,0,2,3,0],83,86].
[[3,5,0,1,1,1,1,1,0],35,6].
[[2,7,1,0,0,0,2,2,1],145,49].
[[1,8,1,0,0,0,2,2,0],281,90].
[[3,8,0,1,2,0,2,2,1],31,45].
[[1,8,1,1,2,1,2,3,0],152,32].
[[3,7,1,1,2,1,2,3,1],388,145].
[[2,9,1,1,2,0,2,2,0],28,76].
[[2,7,1,1,2,1,2,3,1],120,50].
[[1,5,0,0,0,0,1,2,0],7,0].
[[2,5,0,0,0,0,1,2,0],32,1].
[[3,5,0,1,2,0,1,2,0],26,4].
[[2,9,2,0,0,0,1,1,1],72,102].
[[3,9,1,1,2,1,1,1,1],90,192].
[[2,9,2,1,1,1,2,2,0],33,26].
[[3,7,0,0,0,0,0,0,0],20,21].
[[1,8,1,0,0,0,1,1,1],115,45].
[[3,7,1,1,2,1,1,1,1],112,43].
[[1,8,1,1,2,0,2,3,1],60,30].
[[3,8,1,1,2,0,1,2,1],215,117].
[[2,9,1,1,2,0,2,1,0],13,34].
[[3,9,1,1,1,0,1,1,0],3,19].
[[2,8,0,0,0,0,2,2,1],169,165].
[[3,8,0,1,2,0,1,1,1],11,31].
[[3,8,0,1,1,1,1,2,1],83,107].
[[1,8,0,0,0,0,2,2,0],145,88].
[[3,6,1,0,0,0,0,0,0],21,2].
[[1,8,1,1,2,1,1,2,0],29,12].
[[2,7,1,1,2,1,1,2,0],14,5].
[[2,8,0,1,2,1,1,2,0],115,77].
[[2,9,1,0,0,0,0,0,0],2,43].
[[3,9,1,1,2,1,2,1,1],32,76].
[[3,8,0,1,2,1,1,1,0],111,131].
[[2,9,1,1,2,0,2,3,0],37,82].
[[2,9,1,0,0,0,2,3,0],162,383].
[[2,9,2,0,0,0,0,0,0],11,71].
[[3,8,1,0,0,0,0,0,0],0,3].
[[2,9,1,1,2,0,1,2,1],29,59].
[[3,9,1,1,1,0,1,2,1],12,35].
[[3,8,1,1,1,1,1,1,1],56,48].
[[1,8,0,0,0,0,1,2,0],28,24].
[[3,6,0,1,2,1,1,2,0],18,4].
[[3,8,0,0,0,0,2,1,0],39,72].
[[1,7,2,0,0,0,2,3,1],93,9].
[[2,6,1,1,2,1,0,0,0],81,4].
[[3,3,2,1,2,1,0,0,0],28,2].
[[3,7,1,0,0,0,2,2,1],129,53].
[[2,8,1,0,0,0,2,2,0],219,104].
[[3,9,1,1,2,0,1,1,0],33,91].
[[1,8,1,0,0,0,1,2,1],235,113].
[[3,7,2,0,0,0,1,2,1],81,4].
[[3,8,0,1,2,1,2,3,1],171,246].
[[3,5,0,0,0,0,1,2,0],45,2].
[[3,8,0,1,2,1,2,2,1],112,159].
[[3,8,0,1,1,1,2,2,0],48,98].
[[3,5,0,0,0,0,1,1,1],95,7].
[[2,6,1,0,0,0,2,3,1],99,2].
[[3,6,1,1,2,0,2,3,1],40,1].
[[2,7,2,0,0,0,2,3,1],131,8].
[[3,7,2,1,2,0,1,2,1],66,10].
[[3,7,1,1,2,1,1,2,1],217,74].
[[2,5,0,0,0,0,1,1,1],85,9].
[[3,9,1,1,2,1,2,3,0],26,220].
[[3,7,1,0,0,0,2,3,1],173,73].
[[2,9,1,1,1,1,1,1,0],22,34].
[[3,4,1,1,2,0,1,2,0],105,15].
[[2,9,2,1,1,1,0,0,0],6,15].
[[3,5,0,1,1,1,2,2,0],9,0].
[[2,8,1,1,2,1,2,1,1],246,81].
[[3,8,1,1,2,0,2,2,0],45,56].
[[2,8,1,1,2,0,1,2,1],103,57].
[[3,7,1,1,2,0,1,2,1],70,21].
[[3,8,1,0,0,0,2,1,1],57,36].
[[1,9,2,1,2,0,2,3,1],30,53].
[[3,8,1,1,2,1,2,2,1],241,102].
[[1,9,2,1,2,1,2,1,0],156,153].
[[3,8,0,1,1,1,2,1,0],23,50].
[[3,8,1,1,1,1,2,1,0],30,25].
[[1,9,2,1,2,0,2,1,0],13,12].
[[2,9,1,1,1,0,2,1,0],0,6].
[[1,6,1,0,0,0,2,2,1],37,0].
[[3,6,1,1,2,0,2,2,1],24,1].
[[1,8,1,1,1,1,0,0,0],35,24].
[[3,4,1,1,2,0,1,2,1],108,21].
[[2,8,0,0,0,0,2,2,0],199,161].
[[2,7,1,1,2,1,0,0,0],188,92].
[[3,7,1,1,2,1,2,1,0],52,21].
[[3,8,1,1,1,0,1,2,1],32,54].
[[2,7,2,1,2,1,0,0,0],86,9].
[[3,7,2,1,2,1,2,3,1],145,9].
[[2,8,1,0,0,0,1,1,0],46,39].
[[3,8,1,0,0,0,1,1,0],40,36].
[[2,6,0,0,0,0,2,3,0],13,4].
[[3,6,0,1,2,0,2,1,0],1,2].
[[3,3,1,0,0,0,2,3,1],30,0].
[[2,9,2,0,0,0,2,1,0],51,70].
[[1,8,1,1,2,1,2,1,1],173,48].
[[3,9,1,1,2,1,1,1,0],93,259].
[[2,9,1,0,0,0,2,1,1],50,76].
[[3,9,1,0,0,0,1,1,1],31,72].
[[1,8,1,1,2,0,2,2,1],36,26].
[[2,3,2,1,2,1,2,3,1],8,0].
[[1,7,1,1,2,1,0,0,0],52,20].
[[3,7,1,1,2,1,2,1,1],181,71].
[[1,9,2,1,2,0,0,0,0],18,64].
[[2,8,1,1,2,0,2,3,0],75,51].
[[3,8,1,1,1,0,2,3,0],14,18].
[[2,8,0,1,1,1,2,3,1],47,36].
[[3,7,0,0,0,0,2,2,0],19,9].
[[2,9,2,1,1,1,1,2,0],21,14].
[[3,8,0,1,1,1,1,2,0],115,92].
[[3,7,0,1,2,1,0,0,0],49,36].
[[1,8,1,1,1,1,1,1,0],1,0].
[[2,4,1,1,2,0,1,1,0],3,2].
[[3,4,1,1,2,0,1,1,0],34,7].
[[3,6,0,1,2,1,2,3,0],31,26].
[[1,9,2,0,0,0,1,1,0],107,163].
[[3,8,0,0,0,0,1,1,0],51,66].
[[1,9,2,1,2,1,1,1,1],89,75].
[[2,9,2,1,2,1,1,1,1],93,94].
[[2,9,1,1,2,1,2,2,1],108,179].
[[3,7,2,1,2,1,1,2,1],148,13].
[[3,7,1,0,0,0,2,2,0],68,24].
[[2,8,0,0,0,0,2,1,0],120,93].
[[3,7,1,1,2,0,1,1,1],35,16].
[[3,8,1,0,0,0,1,1,1],96,61].
[[3,8,0,1,1,1,0,0,0],0,32].
[[3,8,0,1,2,0,2,2,0],47,76].
[[1,9,2,1,2,1,2,2,0],323,333].
[[2,8,1,1,2,1,2,2,0],192,93].
[[3,9,1,0,0,0,2,1,0],8,27].
[[1,8,1,1,2,0,0,0,0],74,42].
[[2,8,1,1,1,1,2,2,0],47,13].
[[2,8,1,1,1,1,2,2,1],72,34].
[[3,7,1,1,2,1,0,0,0],99,69].
[[3,7,2,0,0,0,2,3,0],36,2].
[[2,8,1,1,1,1,2,1,1],49,26].
[[2,7,2,0,0,0,0,0,0],134,13].
[[3,7,2,1,2,0,2,1,0],7,0].
[[3,9,1,1,1,1,2,2,0],7,85].
[[2,9,1,1,1,1,0,0,0],5,10].
[[2,8,0,1,2,1,2,1,0],91,85].
[[2,7,0,0,0,0,2,3,0],16,5].
[[2,7,1,0,0,0,2,3,0],101,15].
[[3,8,0,0,0,0,1,2,0],130,93].
[[3,8,1,0,0,0,2,1,0],33,22].
[[2,3,2,0,0,0,2,2,1],12,0].
[[3,3,2,1,2,0,2,2,1],9,0].
[[2,9,2,0,0,0,1,2,0],60,64].
[[2,8,1,1,1,1,1,2,1],60,26].
[[2,8,1,1,2,0,2,1,0],24,16].
[[1,9,2,1,2,0,2,2,0],26,34].
[[3,9,1,1,1,0,1,2,0],10,45].
[[3,9,1,1,2,1,2,3,1],35,153].
[[2,8,0,0,0,0,1,1,1],54,44].
[[1,9,2,1,2,0,1,1,1],6,6].
[[2,6,1,1,2,0,0,0,0],13,5].
[[3,6,1,1,2,1,2,2,0],40,2].
[[1,9,2,1,2,0,1,2,1],22,24].
[[2,9,2,1,2,0,1,2,1],32,40].
[[2,7,1,1,1,1,2,3,1],16,6].
[[3,7,1,1,1,1,2,3,1],97,42].
[[3,9,1,1,2,0,1,1,1],29,53].
[[3,8,0,1,1,1,1,1,1],30,46].
[[1,9,2,1,1,1,1,2,1],21,10].
[[2,5,0,1,1,1,1,1,1],14,0].
[[3,5,0,1,1,1,1,1,1],71,7].
[[2,7,2,0,0,0,1,1,1],26,4].
[[2,8,1,1,2,0,1,1,1],32,29].
[[2,9,2,1,2,0,2,1,0],5,12].
[[3,9,1,1,1,0,2,1,0],0,10].
[[2,7,2,1,2,0,2,2,0],5,1].
[[3,7,2,1,2,0,2,2,0],11,2].
[[3,5,0,0,0,0,1,1,0],33,8].
[[1,6,1,0,0,0,2,3,1],55,0].
[[2,9,2,1,2,0,1,1,1],14,26].
[[1,6,1,0,0,0,2,1,0],4,0].
[[2,6,1,0,0,0,2,1,0],10,0].
[[3,2,1,0,0,0,2,1,0],1,0].
[[3,9,1,1,2,1,2,2,0],33,181].
[[1,8,1,0,0,0,2,1,0],105,41].
[[2,7,1,1,2,1,2,1,0],17,5].
[[3,6,0,0,0,0,2,1,1],5,4].
[[3,9,1,1,2,0,2,1,0],8,40].
[[1,8,1,1,2,0,2,1,1],36,14].
[[2,8,1,1,1,0,2,3,1],8,15].
[[3,7,1,1,1,0,2,3,1],10,15].
[[2,9,2,1,2,1,0,0,0],5,75].
[[3,8,1,1,2,0,1,1,0],31,34].
[[3,8,0,0,0,0,2,1,1],22,56].
[[1,7,2,0,0,0,2,2,1],72,7].
[[2,9,2,1,2,1,2,2,0],101,142].
[[2,7,1,0,0,0,2,2,0],66,12].
[[3,8,1,1,2,0,2,3,0],70,62].
[[2,5,0,0,0,0,2,2,0],22,1].
[[3,5,0,1,2,1,2,1,0],4,0].
[[2,9,1,1,1,1,2,3,1],37,44].
[[3,9,1,1,2,0,2,3,0],7,66].
[[3,8,1,1,2,0,1,2,0],131,56].
[[3,6,1,1,2,1,2,3,0],61,1].
[[2,8,0,1,2,1,2,1,1],113,93].
[[1,8,0,1,2,1,1,2,0],18,9].
[[3,6,0,1,2,1,2,1,1],10,12].
[[2,7,0,0,0,0,0,0,0],45,21].
[[3,7,0,0,0,0,2,3,1],40,12].
[[1,6,1,1,2,1,2,1,1],6,0].
[[2,6,1,1,2,1,1,2,1],10,0].
[[3,3,1,1,2,1,1,2,1],10,0].
[[2,9,2,1,2,0,1,2,0],18,15].
[[3,8,0,1,2,0,2,3,1],38,55].
[[1,8,1,1,2,0,2,3,0],24,16].
[[3,7,2,1,2,0,2,3,0],15,0].
[[3,4,1,1,2,0,2,1,0],24,3].
[[2,7,0,1,2,1,2,2,1],13,7].
[[3,7,0,1,1,1,2,2,1],8,5].
[[3,8,1,0,0,0,2,2,1],101,46].
[[2,8,0,1,1,1,2,1,1],19,14].
[[3,7,0,1,1,1,2,1,1],8,4].
[[2,8,0,0,0,0,1,1,0],49,40].
[[3,7,1,1,1,1,0,0,0],25,17].
[[3,3,1,1,2,0,2,3,1],10,0].
[[1,8,0,0,0,0,1,1,1],21,8].
[[2,8,0,1,2,0,1,1,1],8,6].
[[3,6,0,1,2,0,0,0,0],2,3].
[[2,8,1,1,2,0,1,2,0],45,22].
[[3,8,1,1,1,0,1,2,0],16,19].
[[2,9,2,1,2,1,2,2,1],34,48].
[[2,9,1,1,1,0,1,2,0],3,10].
[[3,8,0,1,1,0,1,2,0],9,13].
[[3,8,1,0,0,0,2,3,1],165,84].
[[1,8,0,1,2,1,2,1,1],50,46].
[[2,7,1,1,2,1,2,1,1],81,21].
[[3,7,1,1,1,1,2,1,1],41,18].
[[3,7,0,0,0,0,2,2,1],18,9].
[[1,8,0,1,2,1,1,1,1],9,2].
[[2,8,0,1,2,1,1,1,1],41,46].
[[3,3,1,1,2,1,2,3,1],31,1].
[[3,7,0,1,2,1,1,1,1],18,7].
[[3,8,0,1,1,0,2,3,0],4,15].
[[3,9,1,1,1,1,1,1,0],41,111].
[[1,7,2,1,2,1,0,0,0],48,8].
[[2,3,2,1,2,1,0,0,0],11,1].
[[3,3,2,1,1,1,2,2,1],3,0].
[[2,5,0,1,2,1,2,2,0],25,1].
[[1,8,1,1,2,0,1,2,0],6,2].
[[2,8,1,1,2,0,1,1,0],9,18].
[[3,7,2,1,2,0,1,1,0],3,3].
[[3,3,2,0,0,0,2,2,1],21,0].
[[2,9,2,1,2,1,1,1,0],23,23].
[[2,9,2,0,0,0,1,1,0],35,35].
[[1,7,1,0,0,0,2,1,1],32,12].
[[2,7,2,1,2,1,2,3,0],19,0].
[[3,5,0,1,2,1,1,2,0],113,3].
[[2,8,1,1,1,0,1,2,1],4,6].
[[3,7,0,1,1,1,2,3,1],21,9].
[[3,6,0,1,2,1,0,0,0],9,23].
[[2,6,1,1,2,1,2,2,1],32,4].
[[3,6,1,1,1,1,2,2,1],18,4].
[[2,5,0,1,2,1,1,2,0],28,0].
[[2,8,0,1,1,1,2,3,0],42,27].
[[3,7,0,1,2,1,2,3,1],74,42].
[[2,8,1,1,2,0,2,1,1],66,38].
[[1,8,1,1,2,0,1,2,1],8,3].
[[2,5,0,1,1,0,2,2,0],1,0].
[[3,5,0,1,1,0,2,2,0],1,0].
[[1,7,2,0,0,0,2,1,1],62,5].
[[2,7,2,0,0,0,2,1,1],75,10].
[[3,7,2,1,2,0,2,3,1],76,4].
[[3,6,1,1,1,0,2,2,1],2,1].
[[3,8,0,0,0,0,0,0,0],1,34].
[[3,8,0,0,0,0,2,2,0],69,134].
[[1,8,0,1,2,1,1,2,1],14,8].
[[3,6,0,1,2,1,1,2,1],14,10].
[[2,9,2,0,0,0,2,2,1],22,45].
[[3,9,1,1,1,1,2,3,0],11,84].
[[1,5,0,1,2,0,1,1,1],1,0].
[[2,9,2,1,1,1,1,2,1],32,34].
[[2,9,2,1,1,1,2,2,1],9,15].
[[3,9,1,1,1,1,2,2,1],19,46].
[[2,6,0,1,2,1,2,3,1],7,4].
[[3,8,0,1,2,0,1,2,0],87,72].
[[2,3,2,0,0,0,1,2,1],6,0].
[[3,3,2,0,0,0,1,2,1],8,0].
[[3,8,0,1,2,0,0,0,0],0,27].
[[2,6,1,1,2,1,2,3,1],51,1].
[[2,9,2,0,0,0,2,3,1],60,129].
[[1,6,1,1,2,1,0,0,0],44,5].
[[3,3,1,1,1,1,2,2,1],1,0].
[[2,7,2,1,2,1,1,2,1],45,3].
[[2,9,1,1,2,0,1,1,1],7,17].
[[1,8,0,0,0,0,1,2,1],41,32].
[[3,7,1,0,0,0,1,2,1],120,34].
[[3,8,1,1,2,1,1,1,0],86,53].
[[3,6,1,1,2,0,2,2,0],19,1].
[[1,9,2,1,2,1,1,1,0],57,72].
[[2,5,0,1,2,0,1,1,0],3,0].
[[3,5,0,1,2,0,1,1,0],18,11].
[[2,6,0,1,2,1,2,1,1],6,4].
[[3,2,0,1,2,1,2,1,1],1,0].
[[3,3,1,1,2,1,0,0,0],58,11].
[[3,7,0,0,0,0,1,2,1],9,7].
[[2,7,1,1,2,1,1,1,1],20,6].
[[1,8,1,1,2,1,1,2,1],83,30].
[[3,3,2,1,2,1,1,2,1],19,0].
[[3,6,1,1,1,1,1,2,1],9,1].
[[1,9,2,1,2,0,2,2,1],22,40].
[[2,9,1,1,2,0,2,2,1],13,44].
[[3,9,1,1,2,1,2,2,1],45,108].
[[2,9,1,1,1,0,2,2,0],0,5].
[[3,8,1,1,1,0,2,3,1],19,25].
[[3,8,0,1,1,1,2,1,1],23,29].
[[3,6,1,0,0,0,2,3,1],51,1].
[[3,3,1,1,2,0,0,0,0],18,5].
[[3,7,0,1,2,1,1,2,0],35,6].
[[3,7,2,1,1,1,0,0,0],5,2].
[[1,8,1,1,2,1,2,1,0],25,8].
[[2,7,2,1,2,1,2,1,0],1,0].
[[3,7,2,1,2,1,1,2,0],27,0].
[[3,9,1,1,1,1,0,0,0],0,4].
[[2,8,1,1,2,0,2,2,0],62,39].
[[2,8,1,1,2,0,2,2,1],124,60].
[[3,8,1,1,1,0,2,2,0],10,19].
[[1,9,2,1,1,1,2,1,1],33,15].
[[2,8,0,1,2,0,2,1,0],10,11].
[[3,7,1,1,1,0,2,1,0],3,4].
[[1,9,2,1,2,0,1,2,0],21,23].
[[2,8,0,1,2,0,1,2,0],11,12].
[[1,7,1,0,0,0,2,2,0],24,2].
[[2,7,1,1,2,1,2,2,0],57,3].
[[3,8,0,0,0,0,1,1,1],31,62].
[[3,6,1,1,2,1,1,1,1],27,3].
[[3,9,1,1,1,0,1,1,1],0,14].
[[3,7,0,0,0,0,2,1,1],20,7].
[[1,7,2,1,2,1,2,2,1],12,0].
[[2,9,2,1,2,0,2,1,1],6,20].
[[3,6,0,1,1,1,2,3,0],3,5].
[[2,9,1,1,1,1,2,1,0],14,23].
[[1,8,1,1,1,1,2,1,1],18,8].
[[2,9,1,1,2,0,2,3,1],25,59].
[[1,8,1,0,0,0,1,1,0],22,19].
[[3,7,1,1,2,1,1,1,0],38,10].
[[1,5,0,1,2,1,1,1,1],19,3].
[[2,8,0,1,1,1,2,2,0],29,26].
[[3,8,1,1,1,1,1,2,0],122,52].
[[2,7,2,1,1,1,2,2,0],1,0].
[[3,7,2,1,1,1,2,3,1],39,3].
[[2,7,2,1,2,0,2,2,1],22,4].
[[3,7,2,1,1,0,1,1,1],2,6].
[[2,8,0,1,1,1,2,1,0],16,10].
[[3,7,0,1,1,1,2,1,0],7,4].
[[2,9,1,1,1,1,2,2,0],39,61].
[[3,8,1,1,1,1,2,2,0],46,63].
[[3,7,1,1,1,1,2,2,0],32,11].
[[2,7,2,1,2,0,0,0,0],29,3].
[[3,3,2,1,2,0,0,0,0],11,1].
[[1,9,2,1,1,1,0,0,0],44,37].
[[2,3,2,0,0,0,0,0,0],29,0].
[[3,3,2,0,0,0,2,3,1],14,0].
[[3,7,0,1,1,1,2,3,0],10,4].
[[2,9,1,1,2,0,1,1,0],19,41].
[[1,3,2,0,0,0,2,3,1],5,0].
[[3,3,2,1,2,1,2,2,1],16,0].
[[1,9,2,1,1,1,2,1,0],16,14].
[[2,7,2,1,2,0,1,2,1],21,5].
[[3,7,2,1,1,0,1,2,1],13,3].
[[2,7,2,0,0,0,2,2,1],98,5].
[[3,7,2,0,0,0,1,1,1],31,10].
[[2,8,0,1,2,0,1,2,1],15,19].
[[2,9,1,1,2,0,2,1,1],11,26].
[[2,6,1,1,2,1,2,3,0],18,1].
[[2,3,1,0,0,0,2,3,1],8,0].
[[3,9,1,1,2,0,2,3,1],8,57].
[[2,9,2,1,1,1,1,1,0],7,6].
[[3,8,1,1,1,1,1,1,0],22,22].
[[1,7,1,0,0,0,2,2,1],47,12].
[[3,7,2,0,0,0,2,2,1],43,5].
[[3,7,0,1,2,1,2,1,0],23,14].
[[2,7,2,1,1,0,0,0,0],1,1].
[[3,7,1,1,1,0,0,0,0],4,5].
[[2,7,2,0,0,0,2,2,0],20,1].
[[3,7,2,1,2,1,2,2,0],22,1].
[[2,8,0,1,2,0,2,2,1],22,28].
[[3,6,0,1,2,0,2,2,1],1,3].
[[2,8,1,1,2,1,1,1,0],33,24].
[[2,7,2,1,1,1,2,2,1],10,3].
[[2,6,1,1,2,0,1,1,1],2,0].
[[3,6,1,1,2,0,1,1,1],3,0].
[[2,9,2,1,2,0,0,0,0],1,22].
[[2,9,2,1,1,0,2,2,0],1,8].
[[3,9,1,1,1,0,2,2,0],0,15].
[[2,3,1,1,2,1,0,0,0],15,2].
[[3,3,1,1,2,1,2,2,1],30,1].
[[3,7,0,1,2,1,2,2,1],41,28].
[[2,7,1,1,1,1,0,0,0],19,10].
[[3,5,0,0,0,0,1,2,1],12,1].
[[2,7,1,1,1,1,2,2,0],5,0].
[[3,7,2,1,1,1,2,2,1],26,1].
[[3,6,0,0,0,0,2,2,0],13,3].
[[1,8,1,1,1,1,2,2,1],20,6].
[[2,6,1,1,1,1,2,2,1],4,0].
[[3,6,1,1,1,1,2,3,0],16,1].
[[3,9,1,1,1,1,2,3,1],14,42].
[[3,5,0,1,1,1,1,2,0],40,4].
[[1,7,1,1,2,1,2,1,1],7,5].
[[2,7,1,1,1,1,2,1,1],11,4].
[[3,6,0,0,0,0,1,2,1],2,6].
[[3,6,0,1,2,1,2,2,0],14,11].
[[2,5,0,0,0,0,1,1,0],25,3].
[[1,8,0,0,0,0,2,1,0],85,56].
[[2,3,2,1,2,1,2,1,1],5,0].
[[3,3,2,1,1,1,1,2,1],3,0].
[[3,7,1,1,1,0,1,2,0],3,4].
[[3,6,1,1,1,1,2,3,1],26,3].
[[3,6,0,0,0,0,2,3,1],20,10].
[[2,2,1,0,0,0,2,2,1],5,0].
[[3,2,1,0,0,0,2,2,1],4,0].
[[2,7,1,1,2,0,0,0,0],47,20].
[[2,9,1,1,1,1,2,2,1],30,30].
[[3,7,0,1,2,1,2,2,0],51,21].
[[2,7,2,0,0,0,2,3,0],17,0].
[[3,7,1,1,1,1,1,2,0],37,3].
[[3,7,1,0,0,0,1,2,0],63,5].
[[2,9,1,1,1,0,1,2,1],3,7].
[[3,8,0,1,1,0,1,2,1],5,13].
[[2,5,0,1,2,0,2,2,0],4,1].
[[3,5,0,1,2,0,2,3,0],11,0].
[[3,7,2,1,2,0,2,2,1],39,10].
[[3,7,1,0,0,0,2,1,0],29,10].
[[1,9,2,1,1,1,1,2,0],20,10].
[[2,8,0,1,1,1,1,2,0],17,10].
[[2,9,1,1,1,1,1,1,1],9,11].
[[2,9,2,1,1,1,2,3,1],33,25].
[[2,9,2,1,2,0,2,3,0],28,46].
[[3,9,1,0,0,0,2,3,0],15,96].
[[2,8,1,1,1,1,1,2,0],38,3].
[[2,8,1,1,1,0,2,1,0],2,3].
[[2,7,0,0,0,0,2,1,1],7,9].
[[3,7,0,1,2,0,2,1,1],6,2].
[[3,3,1,0,0,0,2,2,1],15,1].
[[3,6,1,0,0,0,1,2,1],28,2].
[[3,6,1,1,2,1,2,2,1],65,1].
[[1,7,1,0,0,0,1,1,1],3,2].
[[2,3,1,0,0,0,1,1,1],1,0].
[[3,3,1,0,0,0,1,1,1],1,1].
[[3,5,0,1,2,1,1,2,1],43,3].
[[2,7,1,0,0,0,1,2,1],40,16].
[[2,8,0,1,2,0,2,3,1],31,38].
[[2,9,2,1,2,0,1,1,0],8,9].
[[3,7,0,0,0,0,2,3,0],27,13].
[[2,7,2,1,2,1,2,3,1],71,11].
[[3,8,1,1,1,0,1,1,1],9,18].
[[3,4,1,1,2,0,2,2,0],44,4].
[[2,9,2,1,2,0,2,3,1],10,20].
[[3,3,1,0,0,0,1,2,1],8,0].
[[3,8,0,1,1,0,2,1,0],3,6].
[[3,3,2,0,0,0,1,1,0],1,0].
[[3,9,1,0,0,0,2,1,1],18,35].
[[3,8,1,1,2,0,2,1,0],21,21].
[[3,7,2,1,2,0,1,1,1],22,12].
[[3,7,1,1,1,0,2,2,1],10,8].
[[2,6,1,1,2,1,2,1,1],23,2].
[[3,6,1,1,2,1,1,2,1],61,1].
[[3,7,0,1,1,1,0,0,0],12,13].
[[3,6,0,1,2,1,2,1,0],9,7].
[[2,9,1,0,0,0,1,1,1],47,60].
[[2,8,1,1,1,1,2,1,0],15,6].
[[3,6,1,0,0,0,2,2,0],21,0].
[[2,9,2,1,2,0,2,2,0],19,34].
[[2,6,1,0,0,0,2,2,0],42,0].
[[3,6,1,1,2,1,1,1,0],13,0].
[[2,8,0,1,2,0,2,2,0],28,24].
[[3,7,0,1,2,0,2,2,0],10,9].
[[3,7,1,1,2,0,1,2,0],42,6].
[[3,6,1,0,0,0,1,1,0],3,3].
[[2,7,1,0,0,0,2,1,0],32,4].
[[2,3,1,0,0,0,0,0,0],37,3].
[[3,3,1,0,0,0,0,0,0],41,3].
[[2,5,0,1,2,1,2,3,0],7,0].
[[3,5,0,1,1,1,2,3,0],8,1].
[[1,6,1,0,0,0,2,1,1],22,0].
[[2,6,1,0,0,0,2,1,1],45,2].
[[3,7,1,0,0,0,0,0,0],62,24].
[[3,6,1,0,0,0,2,3,0],35,2].
[[1,8,1,1,1,1,2,3,1],30,7].
[[2,7,2,1,1,1,2,3,1],6,1].
[[2,8,0,1,2,1,1,1,0],35,34].
[[3,8,0,1,1,1,1,1,0],25,52].
[[1,8,0,1,2,1,2,1,0],30,14].
[[3,3,2,1,2,1,2,1,1],15,0].
[[3,8,1,1,1,1,2,1,1],59,23].
[[3,7,1,1,2,0,2,3,0],68,30].
[[3,7,0,1,2,1,1,2,1],24,15].
[[2,7,0,0,0,0,2,3,1],14,6].
[[2,3,2,1,2,1,2,3,0],1,0].
[[2,7,1,0,0,0,1,1,1],20,6].
[[3,6,1,1,2,0,2,1,1],20,0].
[[2,7,2,1,2,0,2,1,1],26,2].
[[3,7,2,1,2,0,2,1,1],31,3].
[[1,6,1,0,0,0,2,2,0],11,0].
[[2,6,1,1,2,1,2,2,0],23,0].
[[3,6,1,1,2,1,1,2,0],23,1].
[[2,3,1,0,0,0,2,2,0],3,0].
[[3,3,1,1,2,1,2,2,0],12,1].
[[2,4,1,1,2,0,2,3,0],16,2].
[[3,7,1,1,2,0,2,2,0],46,20].
[[2,8,0,1,1,1,0,0,0],21,35].
[[3,4,1,1,2,0,2,3,1],58,9].
[[2,4,1,1,2,0,2,1,1],9,3].
[[3,7,2,0,0,0,2,1,1],31,0].
[[2,6,0,1,2,1,0,0,0],25,16].
[[3,6,0,1,1,1,2,2,0],1,1].
[[1,6,0,0,0,0,2,3,1],1,3].
[[2,6,0,0,0,0,2,3,1],8,10].
[[2,8,0,1,2,0,2,1,1],13,25].
[[3,7,2,1,1,1,2,3,0],7,2].
[[3,6,0,0,0,0,2,1,0],2,3].
[[1,8,1,1,1,1,1,2,1],5,1].
[[2,8,1,1,1,1,1,1,1],28,16].
[[3,6,1,0,0,0,2,2,1],30,0].
[[2,8,1,1,1,0,2,1,1],6,4].
[[3,7,1,1,1,0,2,1,1],4,4].
[[2,5,0,0,0,0,2,3,0],14,0].
[[3,7,0,1,2,0,1,2,0],6,3].
[[1,7,2,0,0,0,1,2,1],23,4].
[[3,6,1,1,1,1,2,1,0],3,0].
[[2,4,1,1,2,0,1,2,1],15,0].
[[3,7,0,1,2,0,2,3,0],15,8].
[[2,7,1,0,0,0,1,2,0],20,2].
[[1,7,2,1,2,1,2,3,1],19,4].
[[2,7,1,1,1,1,2,2,1],11,3].
[[1,8,0,1,2,1,1,1,0],4,5].
[[3,7,0,1,2,1,1,1,0],14,5].
[[2,9,1,1,1,0,2,2,1],0,6].
[[3,9,1,0,0,0,2,3,1],12,45].
[[3,7,0,0,0,0,2,1,0],15,4].
[[3,9,1,1,2,0,0,0,0],0,4].
[[2,8,1,1,2,1,2,1,0],89,38].
[[3,7,1,1,1,1,2,1,0],16,8].
[[3,7,2,1,2,1,0,0,0],28,3].
[[2,7,0,0,0,0,2,1,0],4,2].
[[3,7,0,1,2,0,2,1,0],3,2].
[[3,7,2,1,1,1,1,1,1],16,5].
[[2,7,2,1,2,0,2,3,1],26,10].
[[1,8,1,1,2,0,2,2,0],10,14].
[[2,9,1,1,1,1,2,1,1],11,15].
[[3,4,1,1,2,0,2,1,1],20,5].
[[1,9,2,1,2,0,2,1,1],14,23].
[[3,8,0,1,1,0,2,1,1],0,9].
[[2,9,1,1,2,0,0,0,0],0,11].
[[2,6,0,1,2,1,2,2,0],6,1].
[[3,6,0,1,2,1,1,1,0],8,2].
[[3,3,2,1,2,1,2,3,0],4,0].
[[2,8,1,1,1,0,1,2,0],2,6].
[[2,6,1,1,2,0,2,2,1],6,0].
[[2,8,1,1,1,1,0,0,0],22,24].
[[3,3,2,1,2,1,2,2,0],3,0].
[[3,7,2,1,2,0,0,0,0],11,1].
[[1,7,1,0,0,0,1,2,1],4,0].
[[3,7,2,1,2,1,2,3,0],39,2].
[[2,9,2,1,2,1,2,1,1],23,57].
[[2,7,1,1,2,0,1,1,1],3,4].
[[3,3,2,1,2,0,1,2,1],8,0].
[[3,7,2,0,0,0,2,1,0],6,0].
[[2,7,1,1,2,0,2,3,1],31,18].
[[3,9,1,1,2,0,2,1,1],2,18].
[[3,7,2,1,1,1,2,2,0],5,1].
[[2,5,0,1,2,1,1,1,0],20,3].
[[3,7,1,1,1,1,1,1,1],20,11].
[[1,9,2,1,1,1,2,2,1],46,17].
[[2,4,1,1,2,0,2,2,1],14,3].
[[2,6,1,1,2,0,2,3,1],19,0].
[[3,9,1,1,2,0,2,2,1],9,31].
[[2,9,2,1,2,0,2,2,1],4,7].
[[3,5,0,1,1,0,1,1,1],10,8].
[[2,8,0,1,1,1,1,2,1],23,13].
[[3,6,1,0,0,0,2,1,0],19,0].
[[3,6,1,1,2,1,2,1,0],14,0].
[[3,9,1,0,0,0,0,0,0],0,4].
[[2,4,1,1,2,0,2,2,0],13,1].
[[2,5,0,1,2,1,1,2,1],12,2].
[[2,7,1,1,2,1,1,1,0],3,0].
[[3,9,1,1,1,0,2,3,0],0,15].
[[2,6,1,1,1,1,2,3,0],4,0].
[[1,5,0,0,0,0,1,1,0],1,1].
[[2,6,1,1,2,0,2,3,0],7,0].
[[3,8,1,1,1,0,2,2,1],15,16].
[[2,6,1,1,1,1,0,0,0],10,4].
[[3,6,1,1,2,1,2,1,1],31,0].
[[2,7,1,1,2,0,2,2,1],20,7].
[[3,3,1,1,2,0,2,2,1],10,1].
[[3,7,2,0,0,0,0,0,0],11,1].
[[3,6,0,0,0,0,1,1,0],3,2].
[[1,6,1,0,0,0,1,2,0],3,0].
[[2,6,1,0,0,0,1,2,0],8,0].
[[1,5,0,0,0,0,1,1,1],29,2].
[[3,5,0,0,0,0,2,2,0],11,1].
[[2,9,2,1,1,0,2,3,0],2,4].
[[3,7,2,1,1,0,2,2,1],8,4].
[[2,7,0,0,0,0,1,2,1],4,0].
[[3,7,1,1,1,1,1,1,0],3,3].
[[3,8,0,1,1,0,2,2,1],0,7].
[[1,7,1,0,0,0,2,1,0],4,0].
[[2,7,2,1,2,0,2,3,0],2,2].
[[3,5,0,1,2,0,2,2,0],4,0].
[[1,7,2,0,0,0,2,2,0],13,0].
[[3,8,1,1,1,1,0,0,0],0,6].
[[2,7,1,1,2,0,2,2,0],7,3].
[[3,3,2,1,2,0,2,2,0],2,0].
[[1,8,1,1,2,1,1,1,0],3,4].
[[2,5,0,0,0,0,2,1,0],2,0].
[[2,3,1,1,2,1,2,3,1],4,0].
[[3,3,1,1,1,1,2,3,0],4,0].
[[2,6,0,0,0,0,2,2,0],11,3].
[[3,6,0,0,0,0,1,1,1],4,3].
[[2,7,0,0,0,0,2,2,1],9,5].
[[2,6,1,1,2,1,1,1,0],1,0].
[[3,8,0,1,2,0,2,1,0],28,27].
[[2,4,1,1,2,0,1,2,0],13,1].
[[2,9,2,1,1,1,2,1,0],4,15].
[[2,5,0,0,0,0,1,2,1],7,2].
[[3,5,0,1,1,1,1,2,1],13,0].
[[3,6,0,0,0,0,1,2,0],5,2].
[[3,5,0,1,1,0,1,2,0],5,6].
[[3,7,1,1,2,0,2,1,0],21,15].
[[2,9,2,1,1,0,2,3,1],2,4].
[[1,7,2,0,0,0,2,3,0],9,0].
[[3,7,2,1,2,1,1,1,0],4,1].
[[2,7,2,1,2,1,1,1,1],18,4].
[[1,7,1,1,2,1,2,2,1],5,2].
[[3,6,0,0,0,0,2,3,0],29,5].
[[2,8,1,1,1,0,2,3,0],9,4].
[[3,7,1,1,1,0,2,3,0],9,13].
[[2,6,1,1,2,0,2,2,0],4,0].
[[3,3,1,1,2,0,2,2,0],6,0].
[[2,7,2,1,2,0,1,1,1],4,1].
[[3,6,0,1,1,1,1,2,1],2,1].
[[1,9,2,1,2,0,1,1,0],3,10].
[[3,7,1,1,2,0,1,1,0],6,5].
[[3,4,1,1,2,0,0,0,0],8,1].
[[2,3,2,0,0,0,2,1,1],8,0].
[[3,3,2,0,0,0,2,2,0],4,0].
[[2,5,0,1,1,1,1,2,0],5,1].
[[3,7,1,1,1,0,1,2,1],8,12].
[[2,7,0,1,2,1,0,0,0],36,26].
[[2,7,1,1,1,1,2,1,0],2,2].
[[1,5,0,0,0,0,2,2,0],13,1].
[[1,6,1,1,2,1,2,1,0],4,0].
[[2,6,1,1,2,1,2,1,0],6,0].
[[3,2,1,1,2,1,2,1,0],2,0].
[[2,6,1,1,2,0,2,1,1],11,0].
[[3,8,0,1,1,0,0,0,0],0,2].
[[3,6,0,1,1,1,2,1,0],2,1].
[[3,7,2,1,1,0,2,1,1],6,2].
[[2,7,0,1,2,1,2,1,1],9,7].
[[3,7,0,1,2,1,2,1,1],25,14].
[[3,3,2,0,0,0,0,0,0],16,0].
[[2,8,1,1,1,0,2,2,0],3,6].
[[1,8,1,1,2,0,1,1,1],6,3].
[[3,6,0,1,2,1,2,2,1],12,10].
[[3,3,2,1,2,0,2,1,1],6,0].
[[3,7,2,1,2,1,2,1,0],12,1].
[[3,7,0,1,2,0,0,0,0],9,9].
[[2,7,0,1,2,1,2,3,1],10,5].
[[3,8,0,1,1,0,2,2,0],4,15].
[[2,3,2,1,2,1,1,2,1],2,0].
[[3,7,0,1,2,0,2,3,1],9,4].
[[3,6,1,1,2,0,0,0,0],15,1].
[[3,5,0,1,2,1,2,3,0],17,1].
[[3,7,0,1,2,0,1,2,1],3,4].
[[3,7,0,1,2,0,2,2,1],11,8].
[[3,7,0,1,2,0,1,1,0],3,2].
[[3,6,0,1,2,1,1,1,1],4,4].
[[1,8,1,1,1,1,2,3,0],12,1].
[[3,9,1,1,1,0,2,3,1],1,10].
[[2,9,2,1,1,1,2,1,1],8,9].
[[2,6,1,1,1,1,1,2,0],1,0].
[[3,6,1,1,1,1,1,2,0],10,0].
[[3,8,0,1,1,0,1,1,1],4,3].
[[2,7,2,0,0,0,2,1,0],3,0].
[[2,7,1,1,2,0,2,3,0],14,10].
[[2,4,1,1,2,0,2,3,1],18,3].
[[1,7,2,1,2,0,1,1,1],1,0].
[[2,6,1,0,0,0,1,2,1],24,1].
[[1,7,2,1,2,0,0,0,0],12,2].
[[3,1,1,1,2,0,1,1,0],1,0].
[[3,7,1,0,0,0,1,1,0],13,6].
[[2,8,0,1,2,0,1,1,0],4,5].
[[3,8,0,1,1,0,1,1,0],0,5].
[[2,6,1,1,2,0,1,2,0],1,0].
[[3,6,1,1,2,0,1,2,0],11,0].
[[3,2,1,1,1,1,2,2,1],2,0].
[[1,8,0,0,0,0,1,1,0],14,12].
[[1,8,1,1,1,1,1,2,0],4,1].
[[3,7,2,0,0,0,1,2,0],5,0].
[[1,7,1,1,2,1,2,3,0],6,2].
[[2,3,1,0,0,0,2,3,0],1,0].
[[3,3,1,1,2,1,2,3,0],15,1].
[[3,3,0,1,2,1,0,0,0],0,4].
[[3,7,0,0,0,0,1,1,1],2,1].
[[3,7,2,1,1,0,2,3,1],8,3].
[[1,6,1,1,2,1,2,3,1],9,0].
[[3,6,0,1,2,0,2,1,1],1,3].
[[3,5,0,1,2,0,1,2,1],12,1].
[[3,6,1,0,0,0,1,2,0],15,0].
[[1,7,2,1,2,0,2,3,1],4,1].
[[2,3,2,1,2,0,2,3,1],7,0].
[[3,3,2,1,1,0,2,3,1],2,0].
[[3,8,1,1,1,0,2,1,0],5,7].
[[2,5,0,1,2,0,1,2,1],2,0].
[[2,7,2,1,1,1,2,3,0],0,1].
[[3,6,1,1,1,0,2,3,0],4,0].
[[2,7,1,1,1,1,2,3,0],4,0].
[[3,3,2,0,0,0,2,1,1],14,0].
[[3,3,1,1,2,0,2,3,0],4,0].
[[3,7,2,1,1,0,2,3,0],6,3].
[[3,4,0,1,2,0,2,2,1],0,2].
[[3,5,0,0,0,0,2,3,0],10,0].
[[3,6,1,1,1,1,0,0,0],5,0].
[[2,7,1,1,2,0,1,2,0],2,1].
[[3,6,0,1,2,0,2,2,0],4,2].
[[1,7,2,1,2,1,2,1,1],14,0].
[[1,5,0,1,2,1,2,2,0],7,0].
[[3,7,2,1,2,0,1,2,0],11,3].
[[1,5,0,1,2,1,2,3,0],2,0].
[[2,8,1,1,1,0,2,2,1],4,4].
[[3,7,0,0,0,0,1,1,0],7,0].
[[3,3,1,0,0,0,2,2,0],10,0].
[[2,7,2,1,2,1,1,2,0],2,0].
[[3,3,2,1,2,1,1,2,0],2,0].
[[3,8,1,1,2,1,0,0,0],0,16].
[[3,3,1,1,2,0,2,1,0],2,0].
[[3,7,2,0,0,0,1,1,0],5,3].
[[2,6,0,1,2,1,1,2,1],3,0].
[[3,2,1,1,2,0,2,3,1],1,0].
[[1,3,2,0,0,0,2,2,1],4,0].
[[2,3,2,1,2,0,2,2,1],2,0].
[[2,9,2,1,1,0,2,1,0],0,2].
[[3,6,0,1,2,0,2,3,0],2,6].
[[2,9,2,1,1,0,2,1,1],0,2].
[[3,9,1,1,1,0,2,1,1],0,5].
[[3,7,0,1,1,1,2,2,0],8,6].
[[3,6,0,1,2,0,2,3,1],3,7].
[[3,3,1,1,1,1,2,1,1],3,0].
[[1,8,1,1,1,1,1,1,1],1,2].
[[2,7,0,0,0,0,2,2,0],9,2].
[[2,9,2,1,1,0,0,0,0],0,2].
[[2,7,2,1,1,1,0,0,0],11,0].
[[1,9,2,1,1,1,1,1,0],5,11].
[[3,8,1,1,1,0,0,0,0],0,3].
[[2,6,1,1,1,1,2,3,1],10,2].
[[2,5,0,1,1,1,2,3,0],2,0].
[[1,8,1,1,1,1,2,2,0],7,3].
[[2,7,2,1,1,1,1,2,1],7,0].
[[3,6,1,1,1,0,2,3,1],1,1].
[[2,3,2,1,2,0,0,0,0],4,0].
[[3,3,2,1,2,0,2,3,1],9,0].
[[2,7,1,1,2,0,2,1,1],10,6].
[[2,6,1,1,2,1,1,1,1],7,1].
[[2,3,1,0,0,0,2,1,1],3,0].
[[3,3,1,0,0,0,2,1,1],12,0].
[[2,8,1,1,1,1,1,1,0],7,4].
[[3,7,2,1,1,1,2,1,1],13,2].
[[3,3,1,1,2,1,1,1,1],7,0].
[[2,4,1,1,2,0,0,0,0],4,2].
[[2,7,2,1,2,1,2,2,0],4,0].
[[3,7,0,1,1,1,1,1,1],4,2].
[[2,6,0,1,2,1,2,3,0],7,5].
[[1,5,0,1,2,1,1,2,0],6,0].
[[3,5,0,1,1,0,1,1,0],7,4].
[[3,3,2,1,1,1,0,0,0],9,0].
[[3,6,1,1,1,1,2,1,1],6,1].
[[3,8,1,1,1,0,2,1,1],8,9].
[[2,7,0,1,2,1,2,3,0],14,1].
[[3,3,2,1,2,1,1,1,1],10,0].
[[2,5,0,1,2,0,1,2,0],4,2].
[[2,7,2,1,1,0,1,2,1],1,1].
[[1,6,1,0,0,0,1,1,1],2,1].
[[2,6,1,0,0,0,1,1,1],5,2].
[[3,6,1,0,0,0,1,1,1],7,0].
[[3,5,0,1,2,0,2,1,0],3,0].
[[1,7,2,1,2,1,1,2,1],8,1].
[[2,5,0,1,1,0,1,1,1],3,0].
[[2,7,0,0,0,0,1,1,1],3,0].
[[2,7,2,0,0,0,1,1,0],4,2].
[[2,9,2,1,1,0,1,2,1],1,4].
[[2,6,0,0,0,0,1,2,1],0,1].
[[2,8,1,1,1,0,1,1,1],2,2].
[[3,7,0,1,1,1,1,2,0],2,1].
[[3,4,0,1,2,0,1,1,0],0,1].
[[3,6,0,1,2,0,1,2,0],2,0].
[[2,7,0,1,2,1,1,1,1],1,0].
[[3,6,1,1,1,1,2,2,0],6,0].
[[1,7,2,1,2,0,2,2,1],5,1].
[[3,3,1,1,1,1,0,0,0],9,1].
[[3,7,1,1,1,0,2,2,0],3,5].
[[3,3,0,0,0,0,0,0,0],0,1].
[[1,7,1,1,2,1,2,2,0],4,1].
[[3,7,0,1,1,1,1,2,1],7,1].
[[2,6,0,1,2,1,2,1,0],2,1].
[[3,7,2,0,0,0,2,2,0],15,0].
[[3,9,1,1,2,1,0,0,0],0,4].
[[1,8,1,1,2,0,1,1,0],2,2].
[[1,6,1,0,0,0,1,2,1],2,0].
[[3,6,1,1,1,0,1,2,1],2,1].
[[1,6,1,1,2,1,2,2,1],7,1].
[[2,4,1,1,2,0,2,1,0],2,3].
[[3,7,2,1,1,0,2,2,0],1,3].
[[1,2,1,0,0,0,2,3,1],1,0].
[[2,2,1,1,2,1,2,3,1],3,0].
[[3,2,1,1,2,1,2,3,1],4,0].
[[2,9,2,1,1,0,1,1,1],0,2].
[[3,4,0,1,2,0,1,1,1],0,2].
[[1,5,0,1,1,1,2,2,0],2,0].
[[3,6,0,1,1,1,2,3,1],5,2].
[[3,3,2,1,1,1,1,1,1],1,0].
[[3,9,1,1,1,0,2,2,1],1,8].
[[1,6,1,1,2,1,2,3,0],3,0].
[[2,2,1,1,2,1,2,2,1],1,0].
[[3,2,1,1,2,1,2,2,1],4,0].
[[1,7,1,1,2,1,2,1,0],3,1].
[[2,6,1,1,1,1,2,1,1],3,0].
[[3,2,1,1,2,1,0,0,0],6,0].
[[1,6,0,0,0,0,2,2,0],1,2].
[[1,6,0,0,0,0,2,1,1],2,1].
[[1,5,0,0,0,0,2,3,0],6,0].
[[2,5,0,1,2,0,2,3,0],2,0].
[[2,7,0,1,2,1,2,2,0],8,2].
[[3,4,0,1,2,0,1,2,1],0,3].
[[2,2,1,1,2,1,0,0,0],6,0].
[[2,7,0,1,2,1,2,1,0],6,0].
[[2,7,2,1,1,1,1,1,1],1,1].
[[2,6,1,1,1,1,2,1,0],1,0].
[[3,8,1,1,1,0,1,1,0],5,6].
[[2,7,1,0,0,0,1,1,0],7,3].
[[3,7,2,1,1,0,0,0,0],3,1].
[[2,3,1,0,0,0,2,2,1],4,1].
[[3,3,1,1,2,0,1,2,1],0,1].
[[2,3,2,1,2,1,2,2,1],7,0].
[[2,5,0,1,1,1,1,2,1],2,0].
[[3,3,2,1,1,0,2,2,0],1,0].
[[3,6,0,1,1,1,0,0,0],2,2].
[[3,6,1,1,1,1,1,1,1],6,1].
[[3,3,2,0,0,0,1,1,1],5,0].
[[3,7,0,1,2,0,1,1,1],2,0].
[[1,7,2,1,2,1,1,1,1],3,0].
[[2,6,1,1,2,0,2,1,0],2,0].
[[3,6,1,1,2,0,2,1,0],3,0].
[[2,9,1,1,1,0,1,1,0],0,1].
[[1,6,1,1,2,1,1,2,1],1,0].
[[3,6,0,1,1,1,2,1,1],2,2].
[[2,7,2,0,0,0,1,2,0],3,0].
[[1,8,1,1,1,1,2,1,0],1,0].
[[3,3,1,1,1,1,2,1,0],1,0].
[[1,8,1,1,2,0,2,1,0],6,4].
[[2,8,1,1,1,0,0,0,0],4,2].
[[3,6,1,1,1,0,0,0,0],3,0].
[[1,7,1,0,0,0,1,2,0],1,0].
[[2,8,1,1,1,0,1,1,0],1,2].
[[3,7,2,1,1,0,1,1,0],1,0].
[[3,3,1,1,2,1,2,1,0],4,1].
[[2,3,1,1,2,1,2,2,0],3,0].
[[3,6,1,1,2,0,1,1,0],4,1].
[[3,3,1,0,0,0,2,1,0],2,0].
[[3,3,2,1,2,0,1,1,1],1,0].
[[2,8,0,1,1,1,1,1,0],4,2].
[[3,7,0,1,1,1,1,1,0],2,0].
[[3,6,0,1,1,1,1,1,1],0,1].
[[3,6,1,1,1,0,2,1,1],1,0].
[[3,6,1,1,1,0,1,1,0],0,1].
[[3,7,2,1,1,0,1,2,0],1,1].
[[3,8,1,1,2,0,0,0,0],0,7].
[[2,6,0,0,0,0,2,1,0],1,2].
[[3,7,1,1,1,0,1,1,0],0,2].
[[3,6,1,1,1,1,1,1,0],3,0].
[[3,2,1,1,2,1,1,2,1],2,0].
[[1,5,0,0,0,0,1,2,1],1,0].
[[1,7,2,1,2,0,1,2,1],1,0].
[[2,5,0,1,1,1,2,1,0],1,0].
[[1,5,0,1,2,0,2,2,0],1,0].
[[3,5,0,1,1,0,1,2,1],0,2].
[[3,3,1,1,2,0,2,1,1],5,0].
[[3,2,1,0,0,0,1,2,1],1,0].
[[2,7,0,1,2,1,1,2,0],2,1].
[[2,2,1,0,0,0,2,2,0],1,0].
[[2,6,0,1,2,1,1,2,0],2,0].
[[3,3,1,1,2,1,1,2,0],3,0].
[[3,3,1,1,1,1,2,3,1],7,0].
[[2,3,1,1,2,1,2,2,1],1,0].
[[3,6,0,1,2,0,1,1,0],1,0].
[[3,2,1,0,0,0,1,1,1],1,0].
[[3,6,0,1,1,1,2,2,1],2,3].
[[1,7,2,1,2,1,2,3,0],2,0].
[[2,7,1,1,1,1,1,2,0],4,1].
[[2,7,2,1,1,1,2,1,1],5,1].
[[1,2,1,0,0,0,0,0,0],3,0].
[[3,2,1,1,2,1,2,3,0],2,0].
[[3,3,2,0,0,0,2,3,0],2,0].
[[2,5,0,1,1,1,2,2,0],5,0].
[[1,5,0,1,2,0,1,2,0],1,0].
[[2,3,2,0,0,0,2,2,0],1,0].
[[3,3,1,0,0,0,1,1,0],1,0].
[[2,9,2,1,1,0,1,2,0],0,2].
[[2,9,1,1,1,0,2,1,1],0,2].
[[3,3,2,1,1,0,0,0,0],1,0].
[[1,5,0,1,1,1,1,1,1],1,0].
[[1,6,1,1,2,1,1,1,1],2,0].
[[2,6,1,1,1,1,1,1,1],2,0].
[[3,3,2,0,0,0,1,2,0],1,0].
[[2,7,1,1,1,1,1,2,1],2,0].
[[3,2,1,0,0,0,0,0,0],3,0].
[[3,6,0,1,1,1,1,2,0],3,1].
[[2,7,0,1,2,1,1,2,1],0,2].
[[1,3,2,0,0,0,2,1,1],3,0].
[[2,7,0,1,2,1,1,1,0],1,0].
[[1,7,2,0,0,0,2,1,0],3,0].
[[2,2,1,0,0,0,2,3,0],1,0].
[[3,2,1,0,0,0,2,3,0],2,0].
[[3,2,1,0,0,0,2,1,1],1,0].
[[2,6,0,1,2,1,1,1,1],1,0].
[[2,5,0,1,1,1,1,1,0],4,1].
[[2,7,0,0,0,0,1,2,0],3,0].
[[2,6,0,1,2,1,2,2,1],1,0].
[[3,2,1,0,0,0,2,3,1],3,0].
[[2,3,2,1,2,0,2,2,0],1,0].
[[3,3,2,1,2,0,1,2,0],1,0].
[[2,6,1,1,1,1,2,2,0],2,0].
[[3,7,2,1,1,1,1,2,0],4,1].
[[2,3,1,1,2,1,2,3,0],1,0].
[[1,7,2,1,2,0,2,1,1],3,1].
[[2,7,2,1,1,0,1,1,1],1,1].
[[1,6,0,0,0,0,2,2,1],2,0].
[[2,3,2,0,0,0,2,3,0],1,0].
[[3,3,2,1,2,0,2,3,0],1,0].
[[3,6,0,1,2,0,1,2,1],0,1].
[[1,7,1,1,2,1,1,2,1],2,1].
[[3,4,0,1,2,0,2,1,1],0,1].
[[3,4,0,1,2,0,1,2,0],0,1].
[[3,3,0,1,2,1,2,1,0],0,1].
[[3,4,0,1,2,0,2,3,1],0,1].
[[2,7,2,1,1,0,2,2,1],1,0].
[[2,4,1,1,2,0,1,1,1],4,0].
[[3,7,2,1,1,1,1,1,0],2,1].
[[2,9,2,1,1,0,1,1,0],1,1].
[[3,2,1,1,2,1,1,1,1],1,0].
[[3,2,1,0,0,0,2,2,0],1,0].
[[1,6,1,1,2,1,2,2,0],1,0].
[[3,6,1,1,1,0,1,2,0],0,1].
[[2,2,1,0,0,0,0,0,0],3,0].
[[2,7,2,1,1,1,2,1,0],1,0].
[[1,7,2,1,2,0,2,1,0],1,0].
[[2,7,2,1,2,0,2,1,0],1,0].
[[3,3,1,1,1,1,1,2,1],1,0].
[[3,6,0,1,2,0,1,1,1],1,0].
[[3,2,1,1,2,0,0,0,0],1,0].
[[2,7,2,1,1,1,1,2,0],1,0].
[[2,1,1,1,2,0,1,2,0],1,0].
[[3,1,1,1,2,0,1,2,0],1,0].
[[3,6,0,1,1,1,1,1,0],0,1].
[[3,3,1,1,1,1,1,2,0],1,0].
[[1,5,0,1,2,1,1,2,1],1,0].
[[2,3,2,0,0,0,1,1,1],1,0].
[[2,7,2,1,1,0,2,3,1],1,0].
[[3,7,2,1,1,1,2,1,0],1,0].
[[3,2,0,1,2,1,0,0,0],1,0].
[[2,6,1,0,0,0,1,1,0],0,1].
[[3,3,1,1,2,0,1,1,0],1,0].
[[3,3,2,1,1,1,2,2,0],1,0].
[[3,3,2,1,1,1,2,3,1],1,0].
[[3,5,0,1,1,1,2,1,0],1,0].
[[2,7,2,1,1,0,1,2,0],1,0].
[[2,6,1,1,2,1,1,2,0],2,0].
[[3,3,1,1,1,1,2,2,0],2,0].
[[3,2,1,1,2,1,2,2,0],1,0].
[[2,7,1,1,2,0,2,1,0],1,0].
[[3,3,2,1,1,0,1,1,1],1,0].
[[3,3,1,0,0,0,1,2,0],1,0].
[[3,6,1,1,1,0,1,1,1],1,0].
[[1,3,2,0,0,0,1,1,1],1,0].
[[2,3,2,1,2,1,1,1,1],1,0].
[[2,6,0,0,0,0,1,1,0],0,1].
