total_WL(6986,4963).
[[1,8,0,0,0,0,2,3,0],35,24].
[[2,8,0,0,0,0,2,3,0],45,34].
[[3,7,0,1,2,0,2,3,0],7,1].
[[1,8,1,1,2,2,0,0,0],359,124].
[[2,7,1,1,2,2,0,0,0],140,46].
[[3,7,1,1,2,2,0,0,0],65,30].
[[1,8,0,0,0,0,0,0,0],126,199].
[[2,8,0,1,2,0,0,0,0],4,15].
[[3,8,0,1,2,0,2,1,1],7,13].
[[1,9,2,1,2,2,2,3,1],245,278].
[[2,9,2,1,1,2,2,3,1],71,55].
[[3,8,1,1,1,2,2,3,1],86,45].
[[1,9,2,0,0,0,2,2,1],131,174].
[[2,8,0,1,2,2,2,2,1],58,87].
[[3,8,0,1,2,2,2,2,1],55,88].
[[1,9,2,0,0,0,2,3,1],202,270].
[[2,9,2,1,2,0,2,3,1],18,32].
[[3,8,0,1,2,2,2,3,1],59,113].
[[1,8,0,1,1,2,2,1,1],7,3].
[[2,4,2,1,2,0,2,1,1],35,0].
[[3,4,2,1,2,0,1,1,1],90,2].
[[1,9,2,1,1,2,2,3,0],84,42].
[[2,8,1,1,1,2,2,3,0],19,1].
[[3,8,1,1,1,2,2,2,1],63,34].
[[1,9,2,0,0,0,2,2,0],112,124].
[[2,9,2,0,0,0,1,2,0],41,45].
[[3,8,0,0,0,0,1,2,0],18,7].
[[1,7,1,0,0,0,0,0,0],75,33].
[[2,7,1,0,0,0,0,0,0],69,26].
[[3,7,1,0,0,0,2,1,1],21,3].
[[1,8,1,1,2,2,2,3,0],36,15].
[[2,8,1,1,2,2,2,3,0],41,21].
[[3,7,1,1,2,2,2,3,0],16,16].
[[1,9,2,1,2,2,0,0,0],118,282].
[[2,9,2,1,2,2,2,3,0],72,165].
[[3,8,0,1,2,2,2,3,0],45,104].
[[2,8,1,1,2,2,2,3,1],265,97].
[[3,7,1,1,1,2,2,3,1],84,23].
[[2,8,0,1,2,2,2,1,0],30,30].
[[3,8,0,1,1,2,2,1,0],9,18].
[[2,8,1,1,2,2,0,0,0],87,56].
[[3,8,1,1,2,2,2,3,1],156,62].
[[1,9,2,0,0,0,1,2,0],51,55].
[[2,8,0,1,2,2,1,2,0],29,23].
[[3,8,0,1,2,2,1,2,0],72,65].
[[1,9,2,1,1,2,1,2,1],40,26].
[[2,9,2,1,1,2,1,2,1],62,77].
[[3,4,2,1,2,0,1,2,1],182,3].
[[2,8,1,1,1,2,2,2,0],12,3].
[[1,9,2,0,0,0,1,2,1],76,83].
[[2,5,0,0,0,0,1,2,1],2,0].
[[3,5,0,1,2,0,1,2,1],5,0].
[[1,8,1,0,0,0,2,2,1],173,64].
[[2,8,1,1,2,2,1,1,1],49,42].
[[3,8,1,1,2,2,1,1,1],79,74].
[[1,8,1,1,2,0,2,3,1],32,12].
[[2,8,1,1,1,0,2,3,1],6,3].
[[3,8,1,1,1,0,2,3,1],8,15].
[[1,7,1,1,2,2,0,0,0],85,29].
[[2,7,1,1,2,2,2,2,1],49,16].
[[3,7,1,1,2,2,1,1,1],35,22].
[[1,8,1,0,0,0,2,3,1],265,100].
[[2,8,1,0,0,0,2,3,1],188,72].
[[3,8,1,1,2,0,2,3,1],51,31].
[[1,9,2,1,1,2,1,2,0],24,17].
[[2,9,2,1,1,2,1,2,0],49,34].
[[3,9,2,1,1,2,1,2,0],33,56].
[[1,8,1,1,2,0,0,0,0],49,29].
[[3,7,1,1,1,0,2,1,1],10,0].
[[1,9,2,1,2,2,2,3,0],178,175].
[[3,8,1,1,2,2,1,2,1],207,97].
[[1,8,1,0,0,0,0,0,0],463,164].
[[2,8,1,0,0,0,0,0,0],54,23].
[[3,8,1,1,2,0,2,2,1],46,17].
[[2,9,2,1,2,2,2,1,1],60,97].
[[3,8,0,1,2,2,2,1,1],48,61].
[[1,9,2,1,2,2,2,1,1],107,123].
[[3,8,1,1,2,2,2,1,1],93,37].
[[1,9,2,1,2,2,2,2,1],154,166].
[[3,9,2,1,1,2,1,2,1],25,108].
[[2,9,2,0,0,0,2,2,0],34,64].
[[3,9,2,1,2,0,2,2,0],0,20].
[[2,8,0,1,1,2,2,3,0],49,20].
[[3,7,1,1,1,2,2,2,1],49,12].
[[2,8,0,1,2,2,2,3,1],101,126].
[[2,8,0,1,1,2,2,2,1],39,22].
[[3,8,0,1,1,2,1,1,1],17,31].
[[2,8,0,1,2,0,2,2,1],11,13].
[[3,8,0,1,1,0,1,2,1],5,8].
[[2,9,2,1,2,2,2,2,1],84,139].
[[3,9,2,1,2,2,1,2,1],58,173].
[[3,4,2,1,2,0,2,3,0],74,4].
[[2,9,2,0,0,0,2,1,1],19,41].
[[3,8,0,0,0,0,2,1,1],4,11].
[[2,8,1,1,2,0,0,0,0],27,11].
[[2,9,2,0,0,0,1,2,1],66,89].
[[3,9,2,0,0,0,1,2,1],26,37].
[[2,9,2,0,0,0,2,3,1],47,95].
[[1,9,2,1,2,0,2,3,0],13,23].
[[2,9,2,1,2,0,1,2,0],15,18].
[[3,8,1,1,1,0,1,2,1],30,27].
[[1,8,0,1,2,2,2,1,1],20,21].
[[2,8,0,1,1,2,2,3,1],64,45].
[[3,8,0,1,1,2,2,2,1],29,53].
[[2,8,0,1,2,2,0,0,0],56,133].
[[3,8,0,1,2,2,2,2,0],24,74].
[[1,8,1,0,0,0,1,2,1],66,27].
[[2,8,1,0,0,0,1,2,1],103,33].
[[1,8,1,0,0,0,2,1,0],15,6].
[[2,7,1,0,0,0,2,1,0],5,0].
[[3,7,1,0,0,0,1,2,0],3,0].
[[1,8,0,1,1,2,0,0,0],67,22].
[[2,7,1,1,1,2,0,0,0],40,7].
[[3,7,1,1,1,2,0,0,0],37,10].
[[1,9,2,0,0,0,2,3,0],161,174].
[[3,9,1,1,2,0,1,2,0],2,8].
[[1,9,2,1,1,2,2,1,1],41,29].
[[2,4,2,1,2,0,1,2,1],69,0].
[[2,9,2,1,2,2,2,3,1],77,160].
[[1,9,2,1,2,2,2,2,0],133,138].
[[2,9,1,1,1,2,1,2,0],5,1].
[[3,9,1,1,1,2,1,2,0],10,10].
[[1,4,2,1,2,0,2,2,0],10,0].
[[2,4,2,1,2,0,2,2,0],28,1].
[[3,4,2,1,2,0,2,2,0],53,2].
[[3,8,1,1,2,2,2,2,1],121,41].
[[1,9,2,1,2,2,1,2,1],87,95].
[[2,9,2,1,2,2,1,2,1],131,166].
[[1,4,2,1,2,0,2,2,1],15,1].
[[2,4,2,1,2,0,2,2,1],54,2].
[[3,4,2,1,2,0,2,2,1],100,3].
[[2,8,0,1,2,2,2,2,0],57,59].
[[2,6,1,1,2,2,0,0,0],50,1].
[[3,6,1,1,2,2,0,0,0],19,0].
[[1,7,1,1,2,2,2,3,1],12,2].
[[2,7,1,1,2,2,1,2,1],16,4].
[[3,7,1,1,1,2,1,2,1],32,6].
[[3,8,0,1,2,2,1,2,1],77,130].
[[1,8,1,1,2,2,2,3,1],188,55].
[[2,8,1,1,1,2,2,1,0],8,3].
[[3,8,1,1,1,2,1,2,0],20,7].
[[3,5,0,1,2,2,1,1,1],46,3].
[[1,6,1,0,0,0,1,2,1],1,0].
[[2,2,1,0,0,0,1,2,1],1,0].
[[3,2,1,0,0,0,1,2,1],1,0].
[[3,8,0,1,2,0,2,3,1],13,23].
[[3,9,2,1,2,2,2,3,0],6,69].
[[1,9,2,1,2,0,2,1,1],9,18].
[[2,9,2,1,1,0,1,2,1],3,5].
[[3,7,1,1,2,2,2,3,1],161,46].
[[2,8,1,1,2,2,2,2,1],174,78].
[[3,7,1,1,2,2,2,2,1],109,42].
[[1,8,1,1,1,2,2,3,1],43,11].
[[2,4,2,1,2,0,2,3,1],65,3].
[[3,4,2,1,2,0,2,3,1],91,8].
[[1,8,1,1,1,2,0,0,0],63,18].
[[2,8,1,1,1,2,2,1,1],38,19].
[[1,9,2,0,0,0,1,1,0],15,18].
[[2,9,2,0,0,0,1,1,0],19,18].
[[3,9,2,1,2,2,1,1,0],20,31].
[[2,8,1,1,2,0,1,2,1],38,19].
[[3,6,1,1,1,0,1,2,1],1,1].
[[1,9,2,0,0,0,0,0,0],103,299].
[[2,8,1,0,0,0,2,2,1],123,47].
[[3,8,1,0,0,0,2,2,1],30,15].
[[2,7,2,1,2,2,0,0,0],48,7].
[[3,7,2,1,1,2,2,2,1],14,6].
[[1,9,2,0,0,0,2,1,1],80,99].
[[1,9,2,1,2,2,1,2,0],69,51].
[[2,9,2,1,2,2,1,2,0],90,78].
[[3,9,2,1,2,2,1,2,0],52,82].
[[3,9,1,1,2,2,1,2,1],13,35].
[[2,7,1,1,2,0,0,0,0],18,14].
[[3,7,1,1,2,0,2,3,1],46,16].
[[3,8,0,0,0,0,2,3,1],19,25].
[[1,9,2,1,1,2,0,0,0],75,60].
[[2,9,2,1,1,2,2,1,0],17,19].
[[2,9,2,1,2,2,2,2,0],47,111].
[[1,9,2,1,1,2,2,1,0],30,11].
[[3,4,2,1,2,0,1,2,0],82,0].
[[3,8,1,1,2,2,2,1,0],6,3].
[[3,7,1,0,0,0,2,2,1],38,8].
[[3,3,1,1,1,2,0,0,0],9,1].
[[1,7,2,1,2,2,2,3,1],9,1].
[[2,7,2,1,2,2,1,1,1],5,3].
[[3,7,2,1,2,2,1,2,1],44,6].
[[1,8,0,0,0,0,2,1,1],15,11].
[[2,8,0,0,0,0,1,1,1],5,7].
[[3,6,0,0,0,0,1,1,1],1,0].
[[3,8,0,1,1,2,2,3,1],41,65].
[[1,8,1,1,2,2,1,1,1],11,10].
[[3,7,2,1,2,2,1,1,1],14,8].
[[1,9,2,1,1,2,2,3,1],139,59].
[[1,8,1,0,0,0,2,3,0],42,11].
[[3,6,1,0,0,0,2,2,1],9,0].
[[2,8,0,0,0,0,0,0,0],25,64].
[[3,9,2,1,1,0,1,2,1],6,25].
[[2,8,1,1,2,2,1,2,1],133,48].
[[1,8,1,1,2,2,2,2,0],27,6].
[[2,8,1,1,2,2,2,2,0],40,10].
[[3,7,1,1,2,2,2,2,0],18,1].
[[1,8,0,1,2,2,0,0,0],207,193].
[[1,7,2,0,0,0,0,0,0],90,6].
[[2,7,2,1,2,0,2,2,1],13,0].
[[3,7,2,1,1,0,2,2,1],9,4].
[[1,8,0,1,1,2,2,3,1],15,5].
[[2,8,1,0,0,0,1,1,1],29,29].
[[3,8,1,0,0,0,1,1,1],15,20].
[[1,4,2,1,2,0,0,0,0],20,0].
[[2,4,2,1,2,0,2,3,0],44,1].
[[3,7,1,0,0,0,1,2,1],29,9].
[[2,8,0,1,2,2,2,3,0],71,82].
[[3,9,2,1,2,2,2,3,1],13,42].
[[3,7,1,1,2,0,0,0,0],12,8].
[[1,8,0,1,2,2,2,3,1],56,30].
[[2,8,0,1,1,2,1,2,1],19,16].
[[3,8,0,1,1,2,1,2,1],55,76].
[[2,9,2,1,1,2,2,2,0],37,39].
[[3,9,2,1,1,2,1,1,0],16,28].
[[3,5,0,1,2,0,1,2,0],12,0].
[[3,9,1,1,2,2,1,2,0],7,19].
[[3,8,1,1,2,0,2,2,0],8,3].
[[2,8,0,1,2,2,1,2,1],39,31].
[[2,9,2,1,2,0,1,2,1],22,46].
[[3,8,0,1,2,0,1,2,1],18,35].
[[1,8,1,1,2,2,2,1,1],75,27].
[[2,8,1,1,2,2,2,1,1],123,44].
[[3,7,1,1,2,2,2,1,1],70,23].
[[2,8,0,1,1,2,2,2,0],34,17].
[[3,7,0,1,1,2,2,2,0],6,9].
[[1,8,1,1,2,2,2,2,1],159,35].
[[3,7,2,1,2,2,2,2,1],43,5].
[[3,7,0,1,2,2,2,3,1],22,17].
[[1,6,1,1,2,2,0,0,0],33,2].
[[2,6,1,1,2,2,2,2,1],15,0].
[[3,6,1,1,2,2,2,3,1],50,4].
[[1,9,2,0,0,0,1,1,1],26,35].
[[2,8,0,1,2,2,1,1,1],12,14].
[[3,8,0,1,2,2,1,1,1],18,39].
[[1,8,1,1,1,2,2,2,0],9,0].
[[2,8,1,1,1,2,1,1,0],6,1].
[[3,8,1,1,1,2,1,1,0],12,10].
[[3,7,0,1,2,2,2,2,0],15,10].
[[2,3,2,0,0,0,0,0,0],25,0].
[[3,3,2,0,0,0,2,2,1],6,0].
[[3,8,1,0,0,0,2,3,1],41,9].
[[2,8,0,1,1,2,0,0,0],34,46].
[[3,4,2,1,2,0,0,0,0],10,2].
[[2,9,2,1,1,2,2,1,1],33,35].
[[3,9,2,1,1,2,2,1,1],8,22].
[[1,8,0,0,0,0,2,3,1],42,39].
[[2,7,1,0,0,0,2,3,1],51,10].
[[3,7,1,0,0,0,2,2,0],7,3].
[[1,9,2,1,2,2,1,1,1],22,42].
[[2,9,2,1,2,2,1,1,1],29,54].
[[3,9,2,1,2,2,1,1,1],16,53].
[[2,8,1,0,0,0,2,1,1],86,24].
[[3,5,0,1,1,2,1,1,0],15,1].
[[2,9,2,1,2,0,2,2,1],10,30].
[[3,9,2,1,2,0,2,3,1],2,11].
[[3,7,1,1,2,0,1,1,1],11,4].
[[3,7,1,0,0,0,2,3,1],41,11].
[[1,9,2,1,2,0,2,3,1],18,21].
[[3,9,2,1,2,2,2,1,1],10,38].
[[1,8,1,0,0,0,2,1,1],119,29].
[[2,6,1,0,0,0,2,1,1],7,0].
[[3,3,1,0,0,0,2,1,1],4,0].
[[2,7,1,0,0,0,2,2,1],34,8].
[[3,3,1,0,0,0,2,2,1],4,0].
[[2,8,1,1,2,0,2,3,1],80,37].
[[2,8,0,1,1,2,2,1,0],25,9].
[[2,8,0,1,2,2,2,1,1],43,48].
[[2,7,2,0,0,0,1,2,1],22,2].
[[3,7,1,1,2,2,1,2,1],98,18].
[[2,8,1,1,2,0,2,2,0],9,3].
[[3,7,1,1,2,0,2,2,0],2,2].
[[3,9,2,1,2,2,2,2,0],2,53].
[[1,6,1,0,0,0,2,2,1],9,1].
[[2,3,2,0,0,0,2,2,1],6,0].
[[1,9,2,1,2,2,2,1,0],94,61].
[[2,9,2,1,2,2,1,1,0],27,39].
[[3,7,1,1,2,0,2,1,1],19,10].
[[1,8,0,0,0,0,2,2,0],21,14].
[[2,8,0,1,2,0,2,2,0],7,8].
[[3,7,1,1,1,0,2,2,0],2,3].
[[2,8,0,0,0,0,2,1,1],19,20].
[[1,8,1,1,1,2,1,2,1],12,1].
[[2,8,1,1,1,2,1,2,1],68,14].
[[2,9,2,1,1,2,2,3,0],54,51].
[[3,8,0,1,1,2,2,3,0],27,65].
[[3,6,1,1,2,2,2,1,1],15,0].
[[2,9,1,1,1,2,2,3,0],2,1].
[[3,9,1,1,1,2,1,2,1],6,25].
[[2,9,2,0,0,0,2,3,0],41,95].
[[3,9,2,1,2,0,2,3,0],2,28].
[[1,9,2,1,2,0,1,1,1],3,4].
[[2,8,0,1,2,0,1,1,1],2,1].
[[3,8,0,1,2,0,1,1,1],6,18].
[[1,9,2,1,2,0,2,2,0],15,16].
[[2,9,2,1,2,0,2,2,0],14,25].
[[1,8,0,0,0,0,2,2,1],19,19].
[[3,7,0,1,2,2,2,2,1],14,6].
[[3,8,1,1,1,2,2,2,0],19,10].
[[1,9,2,1,1,2,2,2,1],78,44].
[[2,9,2,1,1,2,2,2,1],49,48].
[[1,9,2,1,1,2,2,2,0],68,28].
[[3,9,2,1,1,2,2,3,0],2,37].
[[2,9,2,1,2,2,0,0,0],1,28].
[[3,9,2,1,2,2,2,1,0],0,18].
[[3,8,1,1,2,0,1,1,1],27,20].
[[1,9,2,0,0,0,2,1,0],55,53].
[[2,8,0,1,2,0,2,1,0],4,4].
[[2,8,1,1,1,2,2,3,1],110,33].
[[2,8,1,0,0,0,1,2,0],17,4].
[[3,8,1,1,2,2,1,2,0],47,11].
[[3,7,0,1,1,2,2,2,1],9,7].
[[2,8,0,0,0,0,2,3,1],43,43].
[[3,9,2,1,2,0,1,2,1],18,54].
[[1,6,1,1,2,2,2,3,1],3,0].
[[2,6,1,1,1,2,2,3,1],5,1].
[[3,6,1,1,1,2,1,2,0],1,0].
[[3,5,0,0,0,0,1,2,1],6,0].
[[2,8,0,0,0,0,2,2,1],18,37].
[[3,8,0,0,0,0,2,2,1],12,11].
[[3,4,2,1,2,0,1,1,0],44,0].
[[3,8,1,1,1,2,1,2,1],131,52].
[[2,9,1,1,2,0,1,1,1],2,4].
[[3,9,1,1,1,0,1,1,1],1,5].
[[1,4,2,1,2,0,2,1,0],11,1].
[[2,4,2,1,2,0,2,1,0],17,1].
[[2,8,1,0,0,0,2,1,0],12,7].
[[3,8,1,1,2,2,1,1,0],18,12].
[[3,8,1,0,0,0,1,2,1],88,25].
[[1,8,1,0,0,0,2,2,0],32,6].
[[2,8,1,0,0,0,2,2,0],27,6].
[[2,8,1,1,2,0,2,2,1],54,20].
[[3,8,0,1,2,0,2,2,0],10,19].
[[2,8,1,0,0,0,2,3,0],26,10].
[[3,7,1,0,0,0,2,3,0],9,2].
[[2,3,1,1,2,2,2,3,1],3,0].
[[3,3,1,1,2,2,1,2,1],3,0].
[[3,9,2,0,0,0,2,3,0],4,23].
[[2,8,0,0,0,0,1,2,1],20,22].
[[3,7,0,1,2,2,1,2,1],7,4].
[[3,9,2,1,1,2,2,2,0],2,31].
[[3,6,0,1,1,2,2,2,1],6,4].
[[3,7,0,1,2,2,0,0,0],14,21].
[[2,9,2,0,0,0,2,2,1],34,66].
[[3,9,1,0,0,0,1,2,1],1,4].
[[3,9,2,0,0,0,1,2,0],13,23].
[[3,9,2,1,1,2,2,3,1],12,24].
[[3,7,2,1,2,0,2,3,1],28,1].
[[2,7,2,1,2,2,2,2,1],31,1].
[[3,7,2,1,2,2,2,1,1],37,4].
[[1,8,1,1,2,0,2,1,1],20,3].
[[2,8,1,1,2,0,2,1,1],31,10].
[[3,8,1,1,2,0,1,2,1],83,59].
[[3,8,0,1,2,2,2,1,0],15,29].
[[1,8,0,1,1,2,2,2,1],15,5].
[[3,8,0,1,1,2,2,2,0],28,47].
[[3,9,2,1,2,2,2,2,1],19,35].
[[3,7,1,1,2,0,1,2,1],33,10].
[[2,9,2,0,0,0,1,1,1],24,34].
[[3,9,2,0,0,0,1,1,1],4,13].
[[1,8,1,1,2,2,2,1,0],19,2].
[[2,6,1,1,2,2,2,1,0],2,0].
[[3,3,1,1,1,2,2,1,0],2,0].
[[3,9,2,0,0,0,1,1,0],7,7].
[[3,8,0,0,0,0,2,3,0],7,31].
[[3,5,0,1,1,2,1,2,1],7,0].
[[2,7,2,1,2,0,0,0,0],19,5].
[[3,7,2,1,2,0,0,0,0],11,0].
[[2,9,1,1,2,2,1,2,1],6,11].
[[1,7,1,0,0,0,2,1,1],5,3].
[[2,7,1,1,2,0,2,1,1],2,3].
[[3,7,1,1,1,0,1,1,1],1,3].
[[3,9,2,0,0,0,2,1,1],6,8].
[[2,7,0,1,1,2,2,3,1],3,1].
[[1,4,2,1,2,0,2,3,1],23,1].
[[2,9,2,0,0,0,2,1,0],13,15].
[[3,8,0,1,2,0,2,1,0],1,16].
[[1,8,0,1,2,2,2,3,0],40,29].
[[1,8,0,1,2,2,2,2,1],43,35].
[[2,7,1,1,2,2,2,3,1],65,14].
[[3,3,1,1,2,2,2,3,1],15,2].
[[1,6,1,0,0,0,0,0,0],81,2].
[[2,6,1,1,2,0,2,3,1],7,1].
[[3,6,1,1,2,2,2,2,1],30,0].
[[1,7,1,0,0,0,2,2,1],10,2].
[[3,7,1,0,0,0,1,1,1],3,9].
[[3,8,0,0,0,0,1,1,1],7,12].
[[3,8,1,1,2,0,1,2,0],20,5].
[[2,8,0,0,0,0,1,2,0],14,11].
[[3,8,0,1,2,0,1,2,0],9,20].
[[3,9,2,0,0,0,2,2,1],2,12].
[[2,8,1,1,2,0,2,3,0],18,4].
[[3,8,1,1,1,0,2,3,0],0,2].
[[3,9,1,1,2,2,2,1,1],0,1].
[[3,6,0,1,1,2,2,3,0],6,5].
[[3,7,2,1,2,0,2,2,1],24,1].
[[2,8,0,1,2,0,2,3,1],6,14].
[[3,5,0,1,2,2,1,2,0],25,1].
[[2,9,2,1,1,2,0,0,0],7,16].
[[3,9,2,1,2,0,2,1,1],4,11].
[[2,7,2,1,2,2,2,1,1],18,0].
[[3,3,2,1,2,2,2,1,1],5,0].
[[3,9,1,1,1,2,2,2,0],0,8].
[[2,9,2,1,2,0,1,1,1],7,25].
[[2,8,0,1,1,2,2,1,1],25,23].
[[3,4,2,1,2,0,2,1,1],55,0].
[[1,8,1,1,2,0,2,1,0],2,2].
[[2,8,1,1,2,0,1,2,0],6,4].
[[3,9,1,1,1,2,2,3,0],2,5].
[[2,6,0,1,1,2,0,0,0],5,0].
[[2,7,2,0,0,0,2,3,1],35,1].
[[3,7,2,0,0,0,2,3,1],17,2].
[[3,9,2,1,2,0,1,2,0],19,21].
[[1,8,0,1,2,2,2,2,0],32,25].
[[2,8,0,1,2,2,1,1,0],9,4].
[[3,8,0,1,2,2,1,1,0],15,27].
[[1,8,1,1,2,2,1,2,0],3,5].
[[2,5,0,1,2,2,1,1,1],13,2].
[[3,8,0,1,1,2,1,1,0],16,15].
[[3,9,2,1,1,2,2,2,1],5,21].
[[2,9,2,1,2,2,2,1,0],35,38].
[[3,6,1,1,2,2,1,2,1],29,0].
[[2,8,1,1,1,2,1,1,1],23,5].
[[3,8,1,1,1,2,1,1,1],46,27].
[[1,8,1,1,2,2,1,2,1],44,21].
[[2,8,0,1,2,0,1,1,0],1,1].
[[2,8,1,1,1,2,2,2,1],77,25].
[[1,7,2,1,2,2,0,0,0],32,1].
[[2,7,2,1,1,2,2,1,1],5,0].
[[3,7,2,1,1,2,1,1,1],7,2].
[[2,9,1,1,1,2,1,2,1],3,7].
[[1,7,2,1,2,0,0,0,0],11,1].
[[3,7,2,1,2,2,0,0,0],19,2].
[[3,6,0,1,2,2,2,3,0],14,7].
[[1,8,1,0,0,0,1,2,0],8,3].
[[2,9,1,1,2,2,2,3,0],3,5].
[[1,8,1,1,1,2,2,1,1],25,6].
[[2,7,1,1,1,2,2,1,1],12,1].
[[3,7,1,1,1,2,1,1,1],14,2].
[[1,6,1,0,0,0,2,3,0],2,0].
[[2,6,1,0,0,0,2,3,0],10,0].
[[3,6,1,1,2,0,2,3,0],3,0].
[[3,8,0,1,2,0,1,1,0],5,4].
[[1,8,1,1,1,2,2,2,1],29,9].
[[1,9,2,1,2,0,0,0,0],14,25].
[[2,9,2,1,2,0,2,3,0],14,35].
[[2,5,0,1,2,2,1,1,0],6,0].
[[3,5,0,1,2,2,1,1,0],25,2].
[[3,8,1,1,2,0,2,1,1],27,17].
[[3,8,1,1,1,0,2,1,1],12,11].
[[2,8,1,1,1,0,1,2,1],4,5].
[[2,7,2,1,2,2,2,3,1],35,0].
[[3,7,2,1,2,2,2,3,1],58,2].
[[3,8,1,0,0,0,2,1,0],5,2].
[[2,7,1,1,2,2,2,1,1],28,10].
[[1,4,2,1,2,0,1,1,1],3,1].
[[2,4,2,1,2,0,1,1,1],21,1].
[[3,8,0,1,1,2,1,2,0],43,33].
[[2,8,0,0,0,0,2,2,0],17,25].
[[2,4,2,1,2,0,0,0,0],17,1].
[[2,6,0,0,0,0,2,3,1],3,1].
[[3,6,0,1,2,0,2,3,0],2,2].
[[3,8,0,1,2,0,2,3,0],15,19].
[[3,7,0,1,1,2,2,3,1],17,5].
[[3,8,0,1,1,0,1,1,1],2,4].
[[1,9,2,1,2,0,2,2,1],12,29].
[[2,8,1,1,1,0,2,2,1],3,5].
[[3,8,1,1,1,2,2,1,1],40,20].
[[2,7,1,0,0,0,2,2,0],3,1].
[[3,7,1,1,2,2,1,1,0],5,2].
[[2,9,1,1,2,0,1,2,0],0,2].
[[3,9,1,1,1,0,1,2,0],0,6].
[[1,7,2,0,0,0,2,3,1],20,0].
[[2,3,2,0,0,0,2,3,1],5,0].
[[3,3,2,1,2,0,2,3,1],11,0].
[[2,8,1,1,2,2,2,1,0],16,6].
[[3,8,1,1,1,2,2,1,0],3,6].
[[2,6,1,1,2,2,2,3,1],20,2].
[[2,3,1,1,2,2,0,0,0],10,3].
[[3,3,1,1,1,2,2,3,1],3,1].
[[2,9,2,1,1,2,1,1,0],25,22].
[[3,8,1,1,1,0,2,2,1],17,9].
[[2,3,2,1,2,2,0,0,0],9,0].
[[3,3,2,1,2,2,0,0,0],15,0].
[[2,8,0,0,0,0,2,1,0],7,15].
[[3,6,0,0,0,0,2,1,0],1,1].
[[3,8,0,1,1,2,0,0,0],1,19].
[[3,8,0,1,2,2,0,0,0],2,21].
[[2,5,0,1,1,2,1,2,0],7,0].
[[3,8,1,1,2,0,2,1,0],1,3].
[[3,3,1,1,2,2,2,2,1],15,2].
[[3,7,0,1,2,2,2,3,0],14,13].
[[2,5,0,0,0,0,1,1,0],4,0].
[[3,5,0,1,2,0,1,1,0],8,1].
[[2,6,0,1,2,2,0,0,0],16,12].
[[2,6,1,1,2,0,0,0,0],7,1].
[[3,3,1,1,2,2,0,0,0],32,1].
[[2,9,2,0,0,0,0,0,0],0,19].
[[1,9,2,1,2,2,1,1,0],20,20].
[[2,7,2,0,0,0,0,0,0],42,2].
[[3,7,2,0,0,0,2,1,1],12,1].
[[3,7,1,1,1,2,2,1,1],36,12].
[[3,7,0,1,1,2,0,0,0],6,7].
[[1,8,0,0,0,0,2,1,0],8,7].
[[3,6,1,1,1,2,2,2,1],7,0].
[[3,9,2,1,1,2,1,1,1],15,35].
[[1,9,2,1,1,2,1,1,1],18,7].
[[2,9,2,1,1,2,1,1,1],26,20].
[[3,7,1,1,2,0,2,2,1],28,15].
[[1,4,2,1,2,0,2,3,0],16,0].
[[2,9,1,1,2,2,1,1,1],4,8].
[[3,9,1,1,2,2,1,1,1],8,10].
[[2,8,1,1,2,2,1,2,0],24,8].
[[3,8,1,1,2,2,2,3,0],21,12].
[[2,8,0,1,2,0,1,2,1],1,4].
[[2,7,2,1,2,2,1,2,1],12,4].
[[3,7,2,1,1,2,1,2,1],11,0].
[[3,3,2,0,0,0,1,2,1],3,0].
[[3,6,0,1,2,2,2,3,1],7,10].
[[3,5,0,1,1,2,1,2,0],24,0].
[[3,6,0,1,2,2,2,2,1],5,5].
[[3,7,2,1,1,2,2,3,1],22,1].
[[2,7,0,1,2,2,0,0,0],9,10].
[[2,7,1,1,1,2,2,2,1],15,1].
[[1,6,1,0,0,0,2,2,0],5,0].
[[2,3,2,0,0,0,1,2,1],1,0].
[[2,7,2,1,2,0,2,3,1],11,2].
[[3,9,2,0,0,0,2,2,0],1,14].
[[2,9,1,1,2,2,1,2,0],6,16].
[[3,9,1,1,2,0,1,1,1],2,6].
[[3,9,2,1,1,0,2,3,0],2,7].
[[2,8,1,0,0,0,1,1,0],4,7].
[[3,8,1,0,0,0,1,1,0],8,5].
[[2,6,1,1,2,0,2,2,1],6,0].
[[3,8,1,0,0,0,2,1,1],23,10].
[[3,6,0,1,2,2,0,0,0],8,9].
[[2,7,2,1,2,0,2,1,1],10,3].
[[3,7,2,1,2,0,2,1,1],18,0].
[[3,9,2,1,2,0,2,2,1],4,9].
[[2,6,1,0,0,0,2,2,0],2,0].
[[1,8,1,0,0,0,1,1,1],15,20].
[[3,7,2,1,2,0,1,1,1],6,3].
[[2,7,1,0,0,0,1,2,1],15,3].
[[3,7,1,1,1,2,2,1,0],5,1].
[[3,9,1,0,0,0,1,2,0],3,5].
[[1,4,2,1,2,0,1,2,0],7,0].
[[2,4,2,1,2,0,1,2,0],24,0].
[[3,9,2,1,1,0,1,2,0],4,11].
[[3,8,0,1,1,2,2,1,1],28,39].
[[2,8,0,1,1,2,1,1,1],3,2].
[[2,5,0,1,1,2,1,1,0],4,0].
[[2,8,0,1,2,0,2,3,0],5,16].
[[1,9,2,1,1,2,1,1,0],12,4].
[[2,8,0,1,1,2,1,1,0],5,1].
[[3,9,2,1,1,0,2,3,1],2,8].
[[2,9,1,0,0,0,1,2,1],7,4].
[[1,9,2,1,2,0,1,2,1],9,9].
[[3,6,1,1,2,0,1,2,1],7,0].
[[3,9,1,1,2,0,2,3,0],0,4].
[[3,3,2,1,2,0,0,0,0],11,0].
[[2,6,1,0,0,0,2,2,1],15,1].
[[3,6,1,1,2,0,2,2,1],17,1].
[[2,7,2,1,1,2,2,2,1],7,1].
[[2,8,1,1,1,0,2,1,1],5,4].
[[3,8,0,1,1,0,2,3,1],3,5].
[[3,8,1,0,0,0,2,3,0],4,4].
[[1,8,0,1,1,2,2,2,0],9,2].
[[2,7,1,1,1,2,2,3,1],18,2].
[[3,7,1,1,1,2,1,2,0],10,1].
[[1,6,0,0,0,0,0,0,0],1,3].
[[2,6,0,0,0,0,0,0,0],2,6].
[[3,6,0,0,0,0,2,2,1],1,4].
[[2,8,0,1,2,0,2,1,1],5,9].
[[2,4,2,1,2,0,1,1,0],15,0].
[[1,8,0,1,2,2,2,1,0],13,7].
[[2,7,0,0,0,0,2,3,0],3,3].
[[3,7,2,1,1,2,0,0,0],11,1].
[[3,7,2,0,0,0,2,2,1],17,1].
[[3,7,2,0,0,0,1,2,1],23,0].
[[1,9,2,1,2,0,1,2,0],11,13].
[[2,9,1,1,2,2,2,1,1],0,1].
[[3,8,0,1,1,0,2,1,1],2,7].
[[3,7,2,1,2,0,1,2,1],23,2].
[[3,9,1,1,1,2,2,1,0],0,2].
[[2,6,1,1,2,2,1,2,1],8,0].
[[1,3,2,0,0,0,0,0,0],16,0].
[[2,6,1,0,0,0,0,0,0],41,0].
[[2,7,2,1,1,0,2,2,1],1,3].
[[3,6,0,1,2,0,2,3,1],0,1].
[[1,6,0,1,2,2,0,0,0],11,6].
[[2,3,1,1,2,2,2,2,1],1,0].
[[2,8,0,1,1,2,1,2,0],11,7].
[[2,7,1,1,2,0,2,3,1],16,6].
[[2,9,1,1,1,2,2,2,0],2,0].
[[2,9,1,1,2,2,1,1,0],1,1].
[[2,7,1,1,1,2,1,2,1],3,1].
[[2,9,2,1,2,0,2,1,0],2,18].
[[2,9,1,1,2,0,1,2,1],2,4].
[[3,7,1,1,2,2,2,1,0],9,5].
[[3,5,0,1,2,2,1,2,1],14,5].
[[3,9,2,1,2,0,1,1,1],6,22].
[[2,9,2,1,2,0,1,1,0],6,9].
[[3,8,1,1,2,0,1,1,0],6,3].
[[2,7,2,0,0,0,2,2,1],23,0].
[[1,8,1,1,2,0,2,2,1],21,8].
[[3,5,0,0,0,0,1,1,1],7,0].
[[3,7,2,0,0,0,0,0,0],5,0].
[[3,3,2,0,0,0,0,0,0],14,0].
[[2,7,2,0,0,0,2,1,1],19,2].
[[2,8,1,1,2,2,1,1,0],4,3].
[[2,7,0,0,0,0,0,0,0],6,6].
[[3,7,0,1,2,0,2,2,1],2,4].
[[3,4,2,1,2,0,2,1,0],19,1].
[[3,2,1,0,0,0,0,0,0],6,0].
[[3,7,1,1,2,0,1,2,0],6,1].
[[3,6,0,1,1,2,2,3,1],6,4].
[[3,3,2,0,0,0,2,3,1],9,0].
[[1,7,1,1,2,2,2,2,1],6,0].
[[1,7,2,0,0,0,1,2,1],5,2].
[[3,8,0,1,2,0,2,2,1],12,14].
[[2,9,2,1,2,0,2,1,1],8,19].
[[3,6,1,1,2,0,2,3,1],15,0].
[[3,6,0,1,2,2,2,2,0],5,5].
[[2,8,1,1,2,0,1,1,1],10,14].
[[3,8,1,1,1,0,1,1,1],9,6].
[[1,9,2,1,2,0,2,1,0],10,7].
[[2,9,2,1,1,0,1,1,0],2,3].
[[3,8,0,1,1,0,1,1,0],2,2].
[[3,9,1,1,2,0,1,2,1],3,6].
[[2,6,1,1,1,2,2,2,1],4,0].
[[2,9,2,1,2,0,0,0,0],0,15].
[[3,9,2,1,2,0,2,1,0],0,6].
[[2,5,0,1,2,2,1,2,1],0,1].
[[2,9,1,0,0,0,2,1,1],0,2].
[[3,8,1,1,1,2,2,3,0],13,4].
[[2,7,1,1,2,0,1,2,1],1,2].
[[3,6,1,1,1,0,2,1,1],0,1].
[[3,5,0,0,0,0,1,2,0],11,0].
[[2,8,1,1,1,2,1,2,0],8,3].
[[1,7,2,0,0,0,2,2,1],18,1].
[[1,8,1,1,2,0,1,2,0],2,1].
[[3,8,1,1,2,0,2,3,0],8,4].
[[3,9,1,1,2,2,2,2,0],1,13].
[[3,5,0,1,1,2,1,1,1],33,3].
[[2,9,2,1,1,0,2,1,1],1,6].
[[3,6,1,0,0,0,2,1,1],9,0].
[[3,3,2,1,2,2,2,3,1],15,0].
[[3,8,1,1,2,2,2,2,0],13,15].
[[2,8,1,1,1,2,0,0,0],34,9].
[[3,8,0,0,0,0,2,2,0],5,16].
[[3,7,0,1,1,2,1,2,1],4,3].
[[3,8,0,1,1,0,2,3,0],2,10].
[[3,9,2,1,1,2,2,1,0],1,12].
[[1,8,1,1,2,0,2,3,0],6,3].
[[2,7,1,1,2,0,2,3,0],2,1].
[[3,7,1,1,2,0,2,3,0],6,2].
[[3,9,1,1,1,2,1,1,0],1,2].
[[3,6,1,0,0,0,1,1,1],3,1].
[[3,9,1,1,1,2,1,1,1],6,14].
[[1,6,1,0,0,0,2,3,1],16,0].
[[2,6,1,0,0,0,2,3,1],28,1].
[[3,6,1,0,0,0,2,3,1],19,1].
[[2,8,0,0,0,0,1,1,0],5,1].
[[1,8,1,1,2,0,1,2,1],2,1].
[[3,7,1,1,1,0,1,2,1],3,4].
[[3,7,0,0,0,0,2,2,1],1,3].
[[2,9,2,1,1,0,1,2,0],1,2].
[[3,8,0,1,1,0,1,2,0],2,5].
[[3,9,1,0,0,0,1,1,1],0,5].
[[3,8,1,1,1,2,0,0,0],2,2].
[[3,3,1,1,2,2,2,1,1],7,0].
[[3,6,1,0,0,0,2,3,0],4,0].
[[3,3,1,1,2,0,2,3,1],7,0].
[[1,7,1,0,0,0,2,3,1],7,2].
[[3,7,2,1,1,0,2,3,1],4,4].
[[3,6,1,1,1,2,2,3,1],14,0].
[[1,3,2,0,0,0,2,2,1],2,0].
[[2,6,1,1,1,2,2,2,0],2,0].
[[3,6,1,1,1,2,2,2,0],3,0].
[[2,9,2,1,1,0,2,2,0],1,3].
[[3,8,0,1,1,0,2,2,0],1,7].
[[3,9,2,1,1,0,1,1,0],1,8].
[[2,5,0,0,0,0,1,2,0],8,0].
[[3,3,2,1,2,2,2,2,1],11,0].
[[3,8,1,1,2,2,0,0,0],1,5].
[[3,8,0,0,0,0,1,2,1],6,24].
[[3,6,1,1,2,0,2,1,1],8,0].
[[3,7,0,0,0,0,2,2,0],0,1].
[[1,8,0,0,0,0,1,2,1],1,2].
[[2,9,1,0,0,0,1,2,0],2,4].
[[3,5,0,0,0,0,1,1,0],3,0].
[[2,9,2,1,1,0,2,3,1],2,4].
[[1,7,1,1,2,2,2,1,1],7,1].
[[2,7,0,1,1,2,2,1,0],2,0].
[[2,5,0,1,2,2,1,2,0],8,1].
[[2,7,1,1,2,2,2,2,0],13,1].
[[3,3,1,1,2,2,2,2,0],3,0].
[[2,7,0,0,0,0,1,2,1],0,1].
[[3,7,0,0,0,0,1,1,1],0,2].
[[3,6,0,0,0,0,0,0,0],0,4].
[[3,3,1,0,0,0,0,0,0],9,0].
[[3,8,1,0,0,0,0,0,0],0,2].
[[2,7,1,0,0,0,2,1,1],18,3].
[[3,9,2,1,1,0,2,1,0],0,2].
[[3,2,1,0,0,0,2,2,1],1,0].
[[3,9,1,1,2,2,2,3,0],0,10].
[[3,7,0,0,0,0,2,3,1],8,2].
[[2,9,2,1,1,0,2,1,0],0,3].
[[3,9,1,1,1,0,2,3,0],1,4].
[[1,9,2,1,2,0,1,1,0],2,4].
[[2,7,2,1,1,2,2,3,1],5,0].
[[3,7,0,1,2,2,2,1,1],5,2].
[[2,7,1,1,2,0,2,2,1],6,3].
[[2,7,0,0,0,0,2,3,1],2,1].
[[3,8,0,0,0,0,0,0,0],0,5].
[[2,7,1,1,2,2,2,1,0],5,2].
[[3,6,1,1,1,2,1,2,1],9,0].
[[3,7,0,1,2,0,0,0,0],3,3].
[[2,7,0,0,0,0,2,2,0],1,1].
[[2,5,0,1,2,0,1,1,0],1,1].
[[2,6,0,1,2,2,2,3,1],4,3].
[[3,7,0,0,0,0,0,0,0],2,5].
[[3,3,1,1,2,0,2,1,1],2,0].
[[1,7,2,1,2,2,2,2,1],7,0].
[[1,8,1,0,0,0,1,1,0],1,2].
[[3,7,0,1,2,2,2,1,0],5,1].
[[3,7,1,1,2,2,1,2,0],11,2].
[[3,3,1,0,0,0,2,3,1],6,0].
[[3,8,0,1,2,0,0,0,0],0,2].
[[2,7,1,1,2,2,2,3,0],12,4].
[[3,3,1,1,1,2,2,2,1],6,0].
[[1,8,0,1,1,2,1,2,1],1,1].
[[2,3,1,0,0,0,2,3,1],2,0].
[[3,7,0,1,1,2,2,3,0],7,4].
[[3,9,2,1,1,0,2,1,1],1,3].
[[2,6,1,1,2,2,2,1,1],13,0].
[[3,5,0,1,2,0,1,1,1],9,2].
[[3,7,1,1,1,0,2,2,1],3,10].
[[3,6,0,0,0,0,1,2,1],0,1].
[[2,7,1,0,0,0,1,1,1],5,2].
[[3,6,0,1,1,2,1,2,1],3,2].
[[3,9,1,1,1,0,1,2,1],2,6].
[[1,8,1,1,1,2,2,3,0],3,1].
[[2,6,1,1,2,2,1,1,1],2,1].
[[3,6,1,1,1,2,1,1,1],3,2].
[[2,9,2,1,1,0,2,2,1],1,2].
[[3,4,0,1,2,0,2,2,1],0,4].
[[3,6,1,1,2,2,2,2,0],7,2].
[[3,7,0,1,2,0,1,2,0],3,1].
[[3,3,2,1,2,2,1,2,1],3,0].
[[1,7,2,0,0,0,2,1,1],9,2].
[[1,6,1,0,0,0,2,1,0],3,0].
[[2,3,2,0,0,0,2,1,0],1,0].
[[3,9,1,1,2,2,1,1,0],0,3].
[[1,8,0,1,2,2,1,2,1],2,1].
[[2,7,0,1,1,2,1,2,1],1,0].
[[3,7,1,1,1,2,2,3,0],9,3].
[[3,5,0,1,1,0,1,1,0],2,2].
[[3,7,1,1,1,0,1,1,0],0,2].
[[3,7,1,0,0,0,0,0,0],10,4].
[[1,8,0,0,0,0,1,2,0],5,2].
[[3,7,0,1,2,2,1,2,0],4,3].
[[2,6,1,1,2,2,2,3,0],4,0].
[[3,6,1,1,2,2,1,2,0],3,0].
[[3,9,2,0,0,0,2,3,1],1,5].
[[3,7,0,1,1,2,2,1,1],6,5].
[[2,6,0,1,2,2,2,1,0],1,1].
[[3,6,0,1,2,2,2,1,0],0,2].
[[3,7,2,1,2,2,2,3,0],2,0].
[[2,9,1,1,1,2,1,1,1],1,3].
[[3,7,0,0,0,0,2,1,1],1,1].
[[3,7,2,1,1,0,1,1,1],1,3].
[[3,8,1,0,0,0,2,2,0],2,2].
[[3,6,1,1,2,2,2,3,0],4,0].
[[3,3,1,1,2,2,2,1,0],1,1].
[[1,6,1,1,2,2,2,2,1],6,0].
[[2,3,2,1,2,2,2,2,1],4,0].
[[3,3,2,1,1,2,1,2,1],1,0].
[[3,5,0,1,1,0,1,1,1],0,7].
[[1,8,0,1,1,2,2,1,0],4,1].
[[3,7,0,1,1,2,2,1,0],5,1].
[[3,8,0,0,0,0,1,1,0],9,2].
[[3,7,0,0,0,0,2,1,0],0,1].
[[1,7,2,1,2,0,2,2,1],3,1].
[[2,7,2,1,2,0,1,2,0],2,0].
[[3,7,2,1,2,0,1,2,0],2,0].
[[3,6,1,1,2,2,1,1,1],9,2].
[[2,8,0,1,2,0,1,2,0],4,5].
[[3,9,1,1,1,2,2,1,1],0,3].
[[3,7,0,1,2,0,2,1,0],1,1].
[[2,7,1,1,2,0,2,1,0],0,1].
[[3,7,1,1,1,0,2,1,0],0,1].
[[3,8,0,1,1,0,2,2,1],3,6].
[[2,3,2,1,2,2,2,3,1],1,0].
[[2,7,0,1,2,2,2,2,0],1,3].
[[3,6,1,0,0,0,2,2,0],3,0].
[[1,8,0,1,1,2,2,3,0],12,4].
[[2,8,1,1,1,0,1,1,1],1,2].
[[2,7,0,1,1,2,0,0,0],1,4].
[[3,3,1,1,2,2,2,3,0],5,0].
[[2,5,0,1,2,0,1,1,1],1,0].
[[3,9,2,1,2,0,1,1,0],6,13].
[[3,8,1,0,0,0,1,2,0],10,4].
[[1,8,0,1,1,2,1,1,0],1,0].
[[3,8,1,1,1,0,2,2,0],0,1].
[[3,6,1,1,1,2,0,0,0],5,1].
[[2,7,0,1,1,2,2,2,0],2,1].
[[2,7,2,1,1,2,1,1,1],2,0].
[[1,4,2,1,2,0,1,2,1],5,0].
[[3,9,1,0,0,0,1,1,0],1,1].
[[3,1,1,1,2,0,1,1,1],1,0].
[[3,6,1,1,2,0,1,2,0],2,1].
[[3,8,0,0,0,0,2,1,0],1,5].
[[2,6,0,1,2,2,2,2,1],3,1].
[[3,6,0,1,2,2,1,1,1],1,2].
[[1,4,2,1,2,0,2,1,1],9,0].
[[3,6,0,1,2,0,2,1,0],0,1].
[[1,8,1,1,1,2,1,1,1],2,1].
[[2,9,1,1,2,2,2,2,0],0,7].
[[3,3,2,1,1,2,2,3,1],1,0].
[[3,6,1,1,1,2,2,1,1],6,0].
[[2,5,0,1,1,2,1,1,1],8,0].
[[3,7,2,0,0,0,1,1,1],4,2].
[[3,7,2,1,1,0,2,1,1],4,3].
[[3,7,0,1,2,2,1,1,1],1,2].
[[3,9,1,0,0,0,2,3,0],0,2].
[[3,6,0,1,2,2,1,2,1],3,1].
[[3,9,2,1,1,0,1,1,1],0,11].
[[3,6,0,1,1,2,2,1,1],0,3].
[[3,7,0,0,0,0,2,3,0],6,0].
[[2,7,1,0,0,0,2,3,0],6,4].
[[3,7,2,1,1,2,2,1,1],5,0].
[[1,6,1,1,2,2,2,3,0],1,0].
[[2,6,1,1,2,2,1,2,0],1,0].
[[3,6,0,0,0,0,2,3,0],2,0].
[[3,7,1,1,1,2,1,1,0],3,0].
[[1,8,1,1,1,2,2,1,0],1,0].
[[2,7,1,1,1,2,2,1,0],3,0].
[[2,9,1,1,2,2,2,1,0],0,2].
[[3,3,1,1,2,0,2,2,1],5,0].
[[3,7,1,0,0,0,1,1,0],1,1].
[[2,9,2,1,1,0,2,3,0],2,4].
[[3,7,0,1,2,0,1,1,1],0,1].
[[3,7,2,1,2,2,1,2,0],2,0].
[[2,7,1,0,0,0,1,2,0],3,0].
[[1,8,1,1,2,0,1,1,1],2,0].
[[2,7,2,1,1,0,1,1,1],1,0].
[[3,7,2,1,1,0,1,2,1],7,0].
[[2,9,1,1,1,2,2,1,1],1,3].
[[2,7,1,1,2,2,1,1,1],6,5].
[[3,7,2,1,2,0,2,2,0],1,0].
[[3,7,2,0,0,0,2,2,0],1,0].
[[3,9,2,1,1,0,2,2,0],1,4].
[[2,9,1,0,0,0,2,3,0],2,1].
[[3,9,1,1,2,0,2,2,0],1,1].
[[3,7,0,1,1,2,1,2,0],1,0].
[[3,3,2,1,2,0,1,2,1],5,0].
[[2,7,2,1,1,0,2,3,1],1,1].
[[2,7,2,1,1,2,0,0,0],6,0].
[[2,6,0,1,2,2,2,3,0],3,1].
[[3,7,0,1,2,0,2,3,1],1,2].
[[2,2,1,1,2,2,2,2,1],1,0].
[[3,2,1,1,2,2,2,2,1],1,0].
[[2,7,0,1,2,2,2,1,1],1,1].
[[2,7,0,1,2,2,2,2,1],1,1].
[[2,9,1,0,0,0,1,1,0],0,2].
[[3,9,1,1,2,0,1,1,0],0,1].
[[3,7,1,1,1,2,2,2,0],9,0].
[[3,6,1,0,0,0,1,2,1],6,0].
[[3,9,1,1,2,2,2,1,0],0,2].
[[2,6,0,0,0,0,2,2,1],0,2].
[[3,7,0,0,0,0,1,2,0],1,0].
[[2,6,1,1,2,2,2,2,0],3,0].
[[2,9,2,1,1,0,0,0,0],0,2].
[[3,9,2,1,1,0,2,2,1],0,5].
[[2,8,1,1,2,0,2,1,0],6,0].
[[2,3,1,0,0,0,2,2,1],1,0].
[[3,6,1,1,2,0,0,0,0],4,0].
[[3,6,1,1,1,2,2,3,0],3,0].
[[1,7,1,0,0,0,1,2,1],1,2].
[[2,6,0,0,0,0,2,3,0],2,0].
[[3,3,1,0,0,0,1,2,1],1,0].
[[2,6,1,0,0,0,1,2,1],1,0].
[[1,7,2,1,2,2,2,1,1],4,0].
[[3,3,2,1,1,2,2,1,1],2,0].
[[2,3,2,0,0,0,2,1,1],2,0].
[[2,6,1,1,2,0,1,2,1],1,1].
[[3,4,0,1,2,0,1,2,0],0,1].
[[2,7,1,1,2,0,1,1,1],0,1].
[[1,8,0,0,0,0,1,1,0],1,1].
[[3,2,1,1,2,0,2,3,1],1,0].
[[2,7,0,1,2,2,2,3,1],2,1].
[[1,7,2,1,2,0,2,3,1],4,0].
[[3,7,2,1,1,0,1,2,0],1,0].
[[2,6,0,1,1,2,2,3,1],2,1].
[[3,2,0,1,1,2,2,3,1],0,1].
[[2,6,0,1,2,2,2,2,0],2,1].
[[3,6,0,1,2,2,1,2,0],4,3].
[[1,8,0,1,2,2,1,2,0],0,3].
[[3,7,1,1,2,0,1,1,0],1,0].
[[2,6,0,1,2,2,2,1,1],2,2].
[[3,6,0,1,2,2,2,1,1],4,3].
[[2,6,1,1,2,0,2,1,0],3,0].
[[3,6,1,1,2,0,2,1,0],2,0].
[[1,8,1,1,1,2,1,2,0],2,0].
[[3,3,2,1,1,2,2,2,1],3,0].
[[2,7,2,0,0,0,1,1,1],1,0].
[[3,7,0,1,2,0,2,1,1],1,2].
[[2,6,1,1,1,2,0,0,0],2,0].
[[1,7,2,0,0,0,2,3,0],1,0].
[[3,7,0,1,2,0,1,1,0],1,0].
[[1,8,1,1,2,0,2,2,0],6,0].
[[3,8,1,1,1,0,1,2,0],5,1].
[[3,1,1,1,2,0,1,2,1],1,0].
[[3,7,1,1,2,0,2,1,0],3,0].
[[3,6,1,1,2,0,1,1,1],5,1].
[[3,6,1,0,0,0,2,1,0],1,0].
[[2,6,1,1,1,2,1,2,1],1,0].
[[2,3,2,1,2,0,0,0,0],2,0].
[[3,6,1,0,0,0,1,2,0],1,0].
[[2,7,0,1,2,2,2,3,0],2,2].
[[2,5,0,0,0,0,1,1,1],2,1].
[[3,6,0,1,1,2,1,1,1],0,1].
[[2,7,0,1,1,2,2,2,1],3,1].
[[2,6,0,1,1,2,2,1,1],0,1].
[[3,3,2,1,2,0,2,1,1],5,0].
[[3,1,1,1,2,0,1,2,0],1,0].
[[2,7,0,0,0,0,2,1,1],1,0].
[[3,8,1,1,2,0,0,0,0],1,2].
[[1,7,1,1,2,2,2,3,0],2,0].
[[3,3,2,1,1,2,0,0,0],1,0].
[[3,6,0,1,1,2,2,1,0],2,0].
[[3,3,2,0,0,0,2,1,1],2,0].
[[2,7,2,1,2,0,1,2,1],5,1].
[[2,6,1,1,2,0,2,1,1],3,0].
[[2,7,2,1,2,0,1,1,1],2,0].
[[2,8,1,1,1,0,2,3,0],1,1].
[[3,4,0,1,2,0,1,2,1],0,1].
[[3,2,1,0,0,0,2,3,0],2,0].
[[3,7,1,0,0,0,2,1,0],3,0].
[[3,9,1,1,2,0,2,1,1],0,2].
[[2,9,2,1,1,0,1,1,1],2,1].
[[3,6,0,1,1,2,2,2,0],0,2].
[[3,7,2,1,2,0,2,1,0],1,0].
[[3,9,1,1,1,0,2,2,0],0,1].
[[2,5,0,1,2,0,1,2,1],1,0].
[[3,8,1,1,1,0,0,0,0],1,1].
[[3,6,1,1,2,2,2,1,0],1,0].
[[3,7,0,0,0,0,1,2,1],1,1].
[[3,3,2,1,2,0,2,2,1],2,0].
[[2,7,1,1,1,2,2,3,0],3,0].
[[2,7,1,1,2,0,2,2,0],2,0].
[[3,6,1,1,1,0,2,3,1],4,1].
[[3,3,1,1,2,2,1,1,1],2,0].
[[3,7,1,1,1,0,2,3,1],4,2].
[[1,8,0,1,2,2,1,1,0],2,1].
[[3,6,0,1,2,2,1,1,0],2,0].
[[3,6,0,0,0,0,1,2,0],1,0].
[[2,2,1,0,0,0,0,0,0],5,0].
[[3,2,1,1,2,2,0,0,0],2,0].
[[2,8,1,1,1,0,0,0,0],1,3].
[[3,3,1,1,1,2,2,1,1],2,0].
[[2,6,1,1,2,0,2,3,0],1,1].
[[3,6,1,1,1,0,1,2,0],0,1].
[[3,6,1,1,1,0,1,1,0],1,0].
[[3,3,2,0,0,0,1,1,1],1,0].
[[3,4,0,1,2,0,1,1,1],0,1].
[[1,7,1,0,0,0,2,1,0],2,0].
[[3,7,1,1,1,0,0,0,0],2,2].
[[3,3,1,0,0,0,2,1,0],1,0].
[[2,7,2,1,2,2,2,1,0],1,0].
[[2,3,1,0,0,0,0,0,0],6,0].
[[1,7,2,0,0,0,1,1,1],1,0].
[[2,7,0,1,1,2,2,1,1],1,0].
[[3,7,0,1,1,2,1,1,0],1,1].
[[1,7,2,1,2,0,1,2,1],1,0].
[[2,3,2,1,2,0,1,2,1],1,0].
[[3,3,2,1,1,0,1,2,1],1,0].
[[3,7,0,1,2,0,2,2,0],0,2].
[[3,6,1,1,1,0,2,2,0],0,1].
[[3,8,1,1,1,0,1,1,0],0,2].
[[1,7,1,0,0,0,2,2,0],1,0].
[[2,7,0,1,1,2,2,3,0],1,0].
[[2,8,1,1,1,0,2,1,0],0,1].
[[3,3,1,1,2,0,0,0,0],6,0].
[[2,6,1,1,1,2,1,1,1],0,1].
[[3,7,1,1,1,0,2,3,0],0,2].
[[3,8,0,1,1,0,0,0,0],0,3].
[[3,7,2,1,2,2,1,1,0],1,0].
[[1,8,0,1,1,2,1,2,0],2,0].
[[3,6,0,1,1,2,1,2,0],1,1].
[[3,6,0,1,1,2,0,0,0],0,1].
[[3,4,0,1,2,0,2,1,1],0,1].
[[1,7,2,1,2,2,1,2,1],1,0].
[[2,3,2,1,2,2,1,2,1],1,0].
[[3,3,2,1,2,2,1,1,1],1,0].
[[2,7,1,0,0,0,1,1,0],1,0].
[[3,6,0,1,2,0,2,2,0],1,0].
[[2,9,1,1,2,0,2,3,0],1,0].
[[3,3,1,1,2,0,2,2,0],1,0].
[[2,3,1,0,0,0,2,1,0],1,0].
[[3,3,1,1,2,0,1,1,0],1,0].
[[3,3,0,1,1,2,0,0,0],0,1].
[[2,7,1,1,2,0,1,2,0],1,1].
[[3,7,0,1,1,2,1,1,1],0,1].
[[3,7,2,1,1,0,0,0,0],1,1].
[[3,6,1,0,0,0,0,0,0],2,0].
[[3,9,2,0,0,0,2,1,0],0,1].
[[1,7,1,1,2,2,1,2,1],2,0].
[[1,7,1,1,2,2,2,1,0],1,0].
[[1,6,1,0,0,0,1,1,1],0,1].
[[2,7,1,1,1,2,2,2,0],1,0].
[[2,7,2,1,1,0,1,2,1],1,0].
[[3,7,0,1,2,2,1,1,0],1,0].
[[3,2,1,1,2,2,2,1,1],1,0].
[[1,4,2,1,2,0,1,1,0],3,0].
[[2,7,0,1,2,2,2,1,0],0,1].
[[2,7,2,1,1,2,2,1,0],1,0].
[[3,2,1,1,2,2,1,2,1],1,0].
[[3,7,0,1,2,0,1,2,1],2,0].
[[2,6,1,0,0,0,1,1,0],1,0].
[[3,6,1,0,0,0,1,1,0],1,0].
[[1,6,1,1,2,2,2,1,1],2,0].
[[3,5,0,1,1,0,1,2,1],1,0].
[[2,8,1,1,1,0,2,2,0],1,0].
[[2,9,1,0,0,0,1,1,1],1,1].
[[2,9,1,1,1,2,1,1,0],0,1].
[[2,6,0,0,0,0,2,1,1],1,0].
[[3,3,1,0,0,0,2,2,0],1,0].
[[2,7,0,0,0,0,2,2,1],1,0].
[[2,6,1,1,1,2,2,1,1],1,0].
[[1,7,1,0,0,0,2,3,0],2,0].
[[1,8,1,1,2,2,1,1,0],2,0].
[[2,7,2,1,2,0,2,3,0],1,0].
[[3,3,0,1,2,2,2,3,0],0,1].
[[2,7,1,1,2,2,1,1,0],1,0].
[[3,7,2,1,2,2,2,1,0],2,0].
[[3,2,1,0,0,0,2,3,1],1,0].
[[2,3,2,1,2,0,2,2,1],1,0].
[[3,5,0,1,1,0,1,2,0],1,0].
