total_WL(15975,19715).
[[1,8,1,0,0,0,2,3,1],738,310].
[[2,7,2,0,0,0,2,3,1],38,3].
[[3,7,2,1,2,0,1,1,2],27,28].
[[1,9,2,0,0,0,1,2,0],170,309].
[[2,8,1,0,0,0,1,2,0],97,30].
[[3,8,1,0,0,0,1,2,0],96,42].
[[2,8,0,1,2,1,1,2,0],23,88].
[[3,6,0,1,2,1,1,2,0],3,12].
[[1,9,2,0,0,0,2,3,2],298,752].
[[2,9,2,0,0,0,2,3,2],25,150].
[[3,9,2,0,0,0,1,2,2],13,212].
[[1,9,2,0,0,0,0,0,0],322,1267].
[[2,9,2,1,2,1,2,3,0],140,498].
[[3,8,0,1,2,1,2,3,0],22,452].
[[2,7,1,0,0,0,2,3,1],128,51].
[[3,7,1,1,2,0,2,2,0],27,10].
[[1,8,0,0,0,0,1,1,2],47,40].
[[2,5,0,0,0,0,1,1,2],217,12].
[[3,5,0,0,0,0,1,1,2],181,6].
[[2,8,1,1,2,1,2,3,2],229,113].
[[3,8,1,1,2,1,2,3,2],99,48].
[[1,9,2,1,2,1,1,1,2],145,171].
[[2,9,2,1,1,1,1,1,2],38,55].
[[3,5,0,1,1,1,1,1,2],156,5].
[[1,9,2,0,0,0,2,1,2],190,527].
[[2,9,2,0,0,0,1,2,2],237,675].
[[1,8,1,0,0,0,2,3,2],587,237].
[[2,8,1,0,0,0,1,2,2],412,184].
[[3,8,1,0,0,0,1,2,2],194,131].
[[1,3,2,0,0,0,0,0,0],20,0].
[[2,3,2,0,0,0,2,2,2],12,0].
[[3,3,2,0,0,0,2,2,2],16,0].
[[2,8,1,0,0,0,1,1,2],197,103].
[[3,7,1,0,0,0,1,1,2],75,22].
[[1,8,0,1,2,1,2,3,0],36,56].
[[2,8,0,1,2,1,2,3,0],58,299].
[[3,7,0,1,2,1,2,3,0],3,60].
[[1,8,1,1,2,1,2,3,2],213,83].
[[3,8,1,1,2,1,2,2,0],154,126].
[[1,8,1,0,0,0,2,2,0],168,86].
[[2,7,1,0,0,0,2,2,0],27,15].
[[3,7,1,1,2,1,2,3,1],191,117].
[[1,8,0,0,0,0,2,3,0],83,203].
[[2,7,0,0,0,0,2,3,0],0,12].
[[3,7,0,0,0,0,1,2,0],1,9].
[[1,9,2,0,0,0,2,2,2],239,645].
[[3,8,0,1,2,1,1,2,2],48,645].
[[1,9,2,1,2,1,2,2,2],124,292].
[[2,9,2,1,2,1,2,2,2],31,164].
[[3,9,2,1,1,1,1,1,2],6,68].
[[1,9,2,0,0,0,2,3,0],495,1111].
[[2,9,2,1,2,0,2,3,0],21,134].
[[3,8,0,1,2,0,2,3,0],5,128].
[[2,9,2,1,2,0,2,2,0],30,122].
[[3,9,2,1,1,0,1,2,0],0,28].
[[1,8,1,0,0,0,1,2,2],338,130].
[[2,6,1,1,2,1,1,2,2],18,2].
[[3,6,1,1,2,1,1,2,2],77,3].
[[1,8,0,0,0,0,2,1,2],67,196].
[[2,8,0,0,0,0,2,1,2],34,156].
[[3,8,0,0,0,0,1,1,2],7,106].
[[1,8,1,0,0,0,2,1,2],506,214].
[[2,8,1,1,2,0,2,1,2],40,23].
[[3,7,2,1,2,1,2,1,2],63,14].
[[1,7,2,0,0,0,0,0,0],123,23].
[[2,7,2,0,0,0,2,3,2],101,14].
[[3,7,2,1,2,1,2,3,2],90,14].
[[1,8,1,0,0,0,0,0,0],822,578].
[[2,8,1,0,0,0,0,0,0],100,133].
[[3,8,1,1,2,0,0,0,0],2,3].
[[1,9,2,0,0,0,2,2,0],373,898].
[[2,9,2,1,2,1,2,2,0],116,479].
[[3,8,1,1,1,1,2,2,2],16,13].
[[3,9,2,1,2,1,1,2,2],46,566].
[[1,8,0,0,0,0,2,3,2],96,279].
[[2,7,1,0,0,0,2,3,2],103,55].
[[1,9,2,1,2,1,2,1,0],114,262].
[[2,8,1,1,2,1,2,1,0],75,40].
[[3,8,1,1,1,1,1,2,0],52,23].
[[1,9,2,0,0,0,2,1,0],261,603].
[[2,9,2,1,2,0,1,2,0],24,81].
[[3,9,2,1,2,0,1,2,0],7,112].
[[2,8,0,0,0,0,2,3,0],84,352].
[[3,8,0,0,0,0,2,3,0],10,197].
[[1,7,2,1,2,0,2,1,2],8,2].
[[2,7,2,1,2,0,2,3,2],22,9].
[[3,7,2,1,2,0,1,2,2],76,14].
[[3,8,1,0,0,0,2,3,2],38,20].
[[1,8,1,0,0,0,2,2,1],321,111].
[[2,7,1,1,2,1,2,2,1],35,10].
[[1,6,1,0,0,0,0,0,0],158,15].
[[2,6,1,1,2,0,0,0,0],14,1].
[[3,6,1,1,2,1,2,2,2],33,1].
[[1,8,1,1,2,1,2,3,0],80,28].
[[2,8,1,1,1,1,2,3,0],34,18].
[[3,8,1,1,1,1,2,3,0],52,39].
[[1,8,1,0,0,0,2,1,0],84,37].
[[2,7,1,0,0,0,2,1,0],19,7].
[[3,3,1,0,0,0,2,1,0],3,0].
[[2,7,0,0,0,0,1,1,2],2,1].
[[3,7,0,1,2,1,1,2,2],6,63].
[[1,8,1,0,0,0,2,2,2],512,246].
[[2,7,2,0,0,0,2,2,2],84,17].
[[3,7,2,1,2,1,1,2,2],198,33].
[[1,8,1,1,2,1,1,2,2],118,41].
[[2,8,1,1,2,1,1,2,2],366,179].
[[3,8,1,1,2,1,1,2,2],471,296].
[[1,6,1,1,2,1,0,0,0],38,5].
[[2,6,1,1,2,1,2,1,2],28,2].
[[3,3,1,1,1,1,2,1,2],4,0].
[[2,8,0,0,0,0,2,3,2],54,199].
[[3,8,0,0,0,0,2,3,2],6,65].
[[1,8,0,1,2,1,0,0,0],99,298].
[[2,8,0,1,2,1,2,2,0],64,242].
[[2,9,2,1,2,1,1,2,0],90,291].
[[3,9,2,1,2,1,1,2,0],34,370].
[[2,8,1,1,2,1,1,1,2],168,71].
[[3,8,1,1,2,1,1,2,1],280,158].
[[2,9,2,0,0,0,2,3,0],136,515].
[[3,9,2,1,2,0,2,3,0],3,85].
[[2,8,1,0,0,0,2,2,0],184,100].
[[3,7,2,0,0,0,2,2,0],11,2].
[[1,9,2,0,0,0,1,2,2],595,972].
[[2,5,0,1,2,1,1,1,1],92,3].
[[3,5,0,1,2,1,1,1,1],174,8].
[[2,7,1,1,2,0,0,0,0],23,18].
[[3,7,1,1,1,0,2,3,2],6,9].
[[3,8,0,1,2,1,2,2,2],17,128].
[[2,8,1,1,2,1,2,3,1],299,166].
[[3,7,2,1,2,1,2,3,1],33,9].
[[3,9,1,1,1,0,1,2,0],1,6].
[[1,9,2,0,0,0,1,2,1],91,139].
[[2,9,2,0,0,0,1,2,1],59,109].
[[3,9,2,0,0,0,1,2,1],18,52].
[[1,8,0,0,0,0,0,0,0],293,910].
[[2,8,0,1,2,0,2,1,0],5,27].
[[3,6,0,1,2,0,2,1,0],1,2].
[[1,8,1,0,0,0,1,1,1],26,22].
[[2,7,1,1,2,1,1,1,1],4,5].
[[3,7,1,1,2,1,1,1,1],9,6].
[[1,8,1,1,2,1,2,2,1],108,25].
[[2,8,1,1,2,1,2,3,0],141,80].
[[3,8,1,1,2,1,1,2,0],198,86].
[[1,9,2,1,2,1,2,1,2],92,223].
[[2,9,2,1,2,1,1,2,2],215,645].
[[3,5,0,1,2,1,1,2,0],174,10].
[[3,7,1,1,2,0,2,3,1],59,56].
[[2,8,0,1,2,1,2,1,0],32,195].
[[3,8,0,1,2,1,2,1,0],20,295].
[[1,8,1,1,2,1,2,2,2],163,71].
[[2,8,1,1,1,1,1,2,2],67,26].
[[3,4,1,1,2,0,1,2,2],106,34].
[[1,9,2,0,0,0,2,3,1],258,607].
[[2,8,0,0,0,0,2,3,1],59,159].
[[3,8,0,0,0,0,1,2,1],25,56].
[[1,9,2,1,2,0,2,1,0],9,28].
[[2,9,2,1,2,0,1,1,0],7,48].
[[3,9,2,1,2,0,1,1,0],3,63].
[[3,7,1,1,1,1,1,2,2],61,23].
[[1,8,0,0,0,0,1,2,2],69,124].
[[2,8,0,0,0,0,1,2,2],94,319].
[[3,7,1,0,0,0,1,2,2],135,52].
[[1,9,2,1,1,1,1,2,2],34,35].
[[2,9,2,1,1,1,1,2,2],78,158].
[[2,8,0,1,1,1,2,1,2],13,19].
[[3,7,0,1,1,1,2,1,2],1,8].
[[1,8,1,1,2,0,2,1,2],15,19].
[[2,8,1,1,2,0,1,1,2],39,28].
[[3,7,1,1,2,0,1,1,2],29,19].
[[3,5,0,1,2,1,1,2,2],60,2].
[[1,9,2,1,2,1,0,0,0],168,496].
[[2,9,2,1,2,1,0,0,0],13,98].
[[3,8,0,1,2,1,0,0,0],2,86].
[[1,6,1,0,0,0,2,3,2],44,1].
[[2,6,1,1,2,1,2,3,2],29,2].
[[3,6,1,1,1,1,1,2,2],19,3].
[[3,9,1,0,0,0,1,2,0],13,71].
[[2,9,2,0,0,0,1,2,0],113,334].
[[3,9,2,0,0,0,1,2,0],16,149].
[[2,7,1,0,0,0,0,0,0],147,95].
[[3,7,1,0,0,0,2,2,1],33,25].
[[3,9,2,1,2,1,2,3,0],17,253].
[[2,8,1,1,2,1,2,2,0],148,58].
[[1,9,2,1,2,1,2,3,1],133,248].
[[2,9,2,1,2,1,1,2,1],57,140].
[[3,5,0,1,1,1,1,2,1],76,1].
[[3,8,0,0,0,0,1,2,2],20,268].
[[1,9,2,1,1,1,0,0,0],28,43].
[[2,9,2,1,1,1,2,3,1],22,44].
[[3,9,2,1,1,1,2,3,1],0,20].
[[2,8,0,0,0,0,2,2,0],65,295].
[[3,7,1,0,0,0,1,2,1],73,17].
[[1,9,2,1,2,1,2,2,0],178,383].
[[1,9,2,0,0,0,1,1,2],324,392].
[[2,8,1,1,2,1,0,0,0],90,118].
[[3,8,1,1,2,1,2,1,2],74,39].
[[2,8,1,0,0,0,2,3,2],292,100].
[[2,8,1,1,2,0,2,2,1],32,22].
[[3,8,1,1,2,0,1,2,1],106,59].
[[2,8,1,0,0,0,2,2,2],213,105].
[[1,7,1,0,0,0,0,0,0],187,83].
[[2,7,2,0,0,0,2,1,2],68,21].
[[3,7,2,0,0,0,2,1,2],27,6].
[[1,8,0,0,0,0,1,2,0],11,35].
[[2,8,0,0,0,0,1,2,0],34,110].
[[3,8,0,1,2,1,1,2,0],41,340].
[[3,7,1,0,0,0,2,3,2],82,27].
[[2,8,0,0,0,0,0,0,0],54,385].
[[3,7,0,1,2,1,0,0,0],8,60].
[[3,8,1,1,2,1,2,3,1],135,118].
[[2,9,2,0,0,0,1,1,0],42,187].
[[3,8,1,1,2,0,1,2,2],167,92].
[[2,9,2,1,1,1,1,2,0],45,65].
[[1,9,2,0,0,0,1,1,0],62,198].
[[2,9,2,1,2,1,1,1,0],44,190].
[[3,8,0,1,2,1,1,1,0],25,208].
[[2,9,2,0,0,0,2,1,0],76,306].
[[3,8,1,0,0,0,1,1,2],93,58].
[[2,8,1,0,0,0,2,1,2],182,98].
[[3,7,1,0,0,0,2,1,2],57,19].
[[2,8,1,1,2,1,2,2,2],192,80].
[[3,8,1,1,2,1,2,2,2],83,44].
[[3,8,0,1,1,1,1,2,0],15,105].
[[2,8,1,0,0,0,2,1,0],123,65].
[[3,8,1,0,0,0,2,1,0],37,42].
[[1,8,1,1,2,0,2,2,2],20,23].
[[2,8,1,1,2,0,2,2,2],51,42].
[[3,8,1,1,1,0,2,3,0],4,18].
[[2,9,2,1,2,1,1,1,2],119,255].
[[3,8,1,1,2,1,1,1,2],181,110].
[[2,8,1,0,0,0,2,3,1],370,197].
[[3,7,1,0,0,0,2,3,1],94,50].
[[1,6,0,0,0,0,0,0,0],12,27].
[[2,6,0,1,2,1,0,0,0],3,27].
[[3,6,0,1,2,1,2,2,0],2,28].
[[2,8,1,1,2,0,2,3,1],73,76].
[[3,8,1,1,2,0,2,3,1],42,59].
[[2,8,0,1,2,1,0,0,0],44,293].
[[3,8,1,0,0,0,2,3,0],52,51].
[[2,8,0,1,2,1,2,3,2],47,195].
[[2,8,0,1,2,1,2,1,2],40,142].
[[3,8,0,1,2,1,1,1,2],29,260].
[[1,8,1,1,2,1,1,2,1],68,21].
[[2,8,1,1,1,1,1,2,1],40,13].
[[3,8,1,1,1,1,1,2,1],114,57].
[[3,5,0,1,2,1,1,1,2],452,14].
[[1,9,2,1,2,1,1,2,2],255,400].
[[2,8,0,1,2,1,1,2,2],79,279].
[[3,7,1,1,2,1,1,2,2],229,107].
[[3,8,1,1,1,1,1,2,2],154,93].
[[1,9,2,1,2,0,2,1,2],6,38].
[[2,9,2,1,2,0,2,3,2],8,32].
[[3,9,2,1,1,0,2,2,0],0,25].
[[1,8,1,0,0,0,1,1,2],160,79].
[[2,7,1,0,0,0,1,1,2],33,15].
[[3,3,1,1,2,1,1,1,2],11,0].
[[2,7,1,1,2,1,2,2,2],67,25].
[[3,7,1,1,2,1,1,1,2],117,44].
[[2,8,1,1,2,0,1,2,2],99,61].
[[1,8,0,0,0,0,2,3,1],66,110].
[[3,8,0,1,1,1,2,2,0],11,140].
[[1,8,1,1,1,1,1,2,2],18,2].
[[2,5,0,1,1,1,1,1,1],20,1].
[[3,5,0,1,1,1,1,1,1],73,1].
[[2,9,2,0,0,0,2,2,0],99,466].
[[2,9,2,0,0,0,1,1,2],120,241].
[[1,8,0,0,0,0,2,2,2],83,245].
[[2,8,0,0,0,0,1,1,2],57,134].
[[3,9,2,0,0,0,2,1,0],9,47].
[[2,6,1,0,0,0,0,0,0],83,7].
[[3,6,1,1,2,1,0,0,0],21,8].
[[2,5,0,0,0,0,2,3,0],72,1].
[[3,5,0,0,0,0,2,3,0],56,1].
[[2,9,2,1,2,1,2,1,2],28,123].
[[3,9,2,1,2,1,1,1,2],27,223].
[[1,8,1,1,2,0,2,3,2],39,17].
[[2,8,1,1,2,0,2,3,2],65,36].
[[3,8,1,1,1,0,2,3,2],6,7].
[[2,8,0,1,1,1,2,2,2],4,22].
[[3,8,0,1,1,1,2,2,2],1,33].
[[2,6,1,1,2,0,2,2,1],5,1].
[[3,6,1,1,1,0,1,2,1],0,1].
[[2,9,2,1,2,1,2,3,1],50,191].
[[3,9,2,1,2,1,1,2,1],35,138].
[[1,8,0,1,2,1,2,1,0],15,24].
[[3,6,0,1,2,1,2,3,0],0,30].
[[3,8,0,1,2,0,1,2,0],8,103].
[[1,9,2,1,2,1,1,2,0],65,134].
[[3,9,2,1,1,1,1,2,0],14,145].
[[2,8,0,1,1,1,2,3,2],11,32].
[[3,8,0,1,1,1,2,3,2],10,46].
[[1,7,2,0,0,0,2,1,2],67,25].
[[2,7,2,1,2,1,2,1,2],56,6].
[[3,8,1,1,2,1,1,1,0],87,54].
[[3,7,2,0,0,0,1,2,2],106,17].
[[1,7,2,0,0,0,2,3,2],78,15].
[[1,9,2,1,2,0,1,1,2],11,18].
[[3,6,1,1,2,0,1,1,2],11,2].
[[3,9,2,1,1,1,1,2,1],13,57].
[[3,8,0,0,0,0,1,2,0],15,153].
[[2,7,2,0,0,0,1,2,2],94,23].
[[2,7,1,0,0,0,2,2,2],75,41].
[[3,3,1,0,0,0,2,2,2],13,0].
[[3,9,1,1,2,1,1,2,0],25,159].
[[3,7,0,1,2,1,2,3,1],11,35].
[[2,9,2,1,2,0,1,2,1],17,31].
[[1,6,1,0,0,0,2,3,1],29,0].
[[2,6,1,0,0,0,1,2,1],16,1].
[[3,6,1,1,2,1,1,2,0],17,0].
[[1,9,2,1,2,1,2,2,1],49,41].
[[2,5,0,1,1,1,1,2,1],24,2].
[[1,9,2,1,2,1,2,3,0],224,459].
[[2,9,2,1,2,1,2,1,0],69,270].
[[3,9,2,1,1,1,2,1,0],4,49].
[[3,7,1,1,2,1,2,3,0],89,50].
[[1,8,0,1,2,1,2,3,2],22,96].
[[3,7,0,1,1,1,2,3,2],0,12].
[[2,9,2,1,1,1,2,2,2],6,31].
[[3,9,2,1,1,1,1,2,2],20,231].
[[3,8,0,1,1,1,1,1,2],8,92].
[[1,8,1,1,2,1,2,3,1],197,73].
[[2,8,1,1,1,1,2,3,1],81,34].
[[3,8,1,0,0,0,2,2,2],40,16].
[[1,7,1,0,0,0,2,3,1],55,8].
[[2,7,1,0,0,0,1,2,1],42,7].
[[3,7,2,0,0,0,1,1,2],27,22].
[[3,7,0,0,0,0,1,1,2],0,11].
[[3,9,1,0,0,0,2,3,0],1,9].
[[1,8,1,1,2,0,2,3,0],9,5].
[[2,6,1,1,2,0,2,3,0],5,0].
[[3,6,1,1,1,0,2,3,0],1,1].
[[3,9,2,1,2,0,1,2,2],18,135].
[[3,8,1,0,0,0,1,2,1],149,71].
[[3,9,1,1,2,1,1,1,0],12,106].
[[1,8,1,1,2,1,0,0,0],257,171].
[[2,7,2,1,2,1,0,0,0],35,5].
[[3,7,2,1,2,1,2,2,2],76,14].
[[1,6,1,0,0,0,2,1,2],39,6].
[[2,2,1,0,0,0,2,1,2],1,0].
[[3,2,1,0,0,0,1,1,2],1,0].
[[3,7,1,0,0,0,0,0,0],36,30].
[[1,5,0,0,0,0,1,1,1],45,7].
[[2,5,0,1,2,0,1,1,1],17,5].
[[3,5,0,1,2,0,1,1,1],67,5].
[[3,8,0,1,2,1,2,2,0],23,422].
[[3,8,1,1,2,0,2,1,0],40,31].
[[3,5,0,1,2,0,1,1,2],130,9].
[[3,7,1,1,2,0,2,3,2],48,23].
[[3,9,2,1,2,1,1,1,0],15,227].
[[2,9,1,0,0,0,1,1,0],5,33].
[[3,9,1,0,0,0,1,1,0],6,34].
[[2,9,1,0,0,0,2,3,0],1,4].
[[3,8,1,1,2,0,2,3,0],63,61].
[[2,8,1,1,1,1,2,3,2],51,15].
[[3,4,1,1,2,0,2,3,2],21,4].
[[1,9,2,1,2,1,1,1,0],39,80].
[[2,8,1,1,1,1,2,2,1],37,14].
[[3,7,1,1,1,1,2,2,1],12,12].
[[3,8,1,1,2,0,1,1,2],62,55].
[[2,5,0,1,2,1,2,3,0],88,3].
[[3,5,0,1,2,1,1,1,0],105,30].
[[1,9,2,1,2,0,2,2,2],10,30].
[[2,9,2,1,2,0,2,3,1],12,52].
[[3,8,1,1,1,0,2,3,1],7,19].
[[3,8,1,1,2,1,2,3,0],134,99].
[[1,7,2,0,0,0,1,1,2],14,10].
[[2,7,2,0,0,0,1,1,2],43,28].
[[1,8,1,1,2,1,2,1,2],175,73].
[[1,5,0,1,2,1,2,1,0],17,2].
[[2,8,0,0,0,0,2,1,0],48,166].
[[3,7,0,0,0,0,2,1,0],1,11].
[[2,8,1,0,0,0,2,3,0],176,98].
[[3,8,0,0,0,0,2,1,2],6,38].
[[1,8,0,1,2,1,2,1,2],45,55].
[[3,8,0,1,1,1,2,1,2],4,37].
[[3,7,1,0,0,0,2,2,2],64,25].
[[1,9,2,0,0,0,2,1,1],22,25].
[[3,5,0,1,2,1,1,2,1],249,2].
[[1,8,1,1,2,0,1,2,1],9,9].
[[2,8,1,1,2,0,1,2,1],64,50].
[[3,7,1,1,2,1,2,2,0],81,35].
[[3,8,0,0,0,0,2,1,0],7,115].
[[1,8,0,1,2,1,1,2,2],20,49].
[[2,8,0,1,1,1,1,2,2],17,27].
[[1,8,1,1,2,1,2,2,0],61,18].
[[2,6,1,1,2,1,2,2,0],14,0].
[[3,3,1,1,2,1,2,2,0],5,0].
[[1,8,0,0,0,0,2,2,0],67,128].
[[3,8,0,0,0,0,2,2,0],9,188].
[[3,8,0,1,1,1,2,1,0],9,85].
[[3,8,0,1,2,1,2,3,1],40,155].
[[2,9,2,1,2,1,2,3,2],28,165].
[[3,9,2,1,2,1,2,3,2],1,15].
[[3,6,0,1,2,1,0,0,0],0,21].
[[3,8,0,1,2,0,1,2,2],12,179].
[[1,9,2,0,0,0,2,2,1],98,92].
[[1,9,2,1,2,1,1,2,1],35,51].
[[2,8,0,1,2,1,1,2,1],20,30].
[[3,8,0,1,1,1,1,2,1],11,45].
[[2,8,0,0,0,0,1,2,1],17,42].
[[3,8,0,1,2,1,1,2,1],38,117].
[[2,9,1,1,2,0,1,2,1],2,5].
[[3,9,1,1,2,0,1,2,1],0,12].
[[2,8,0,1,2,0,2,2,2],7,23].
[[3,8,0,0,0,0,1,1,0],9,87].
[[3,7,1,1,2,1,2,1,2],109,35].
[[3,9,2,1,1,1,1,1,0],5,87].
[[3,7,0,1,2,0,2,3,0],0,10].
[[2,9,2,0,0,0,2,3,1],60,172].
[[1,5,0,1,2,1,1,1,1],19,2].
[[3,9,2,1,1,0,2,3,1],0,8].
[[3,9,1,1,2,0,1,2,0],10,52].
[[1,5,0,0,0,0,2,1,0],32,2].
[[2,5,0,1,2,0,1,2,0],12,0].
[[3,5,0,1,2,0,1,2,0],62,3].
[[2,9,2,1,1,1,2,2,0],34,97].
[[3,8,1,1,1,1,2,3,1],48,51].
[[3,9,2,0,0,0,1,1,2],7,70].
[[2,7,2,0,0,0,0,0,0],62,19].
[[3,7,2,0,0,0,2,2,2],25,7].
[[3,9,2,0,0,0,2,2,0],7,95].
[[2,8,1,1,1,0,1,1,2],1,4].
[[3,6,1,1,1,0,1,1,2],0,1].
[[3,9,2,0,0,0,1,1,0],8,87].
[[2,8,1,1,1,1,2,2,0],29,16].
[[3,4,1,1,2,0,2,2,0],50,15].
[[2,7,2,1,2,1,2,2,2],49,8].
[[3,7,1,1,2,0,0,0,0],22,25].
[[1,5,0,0,0,0,2,3,0],51,2].
[[3,5,0,0,0,0,1,1,0],61,14].
[[1,8,1,1,1,1,2,3,2],25,2].
[[3,7,2,1,1,1,2,3,2],12,6].
[[1,8,1,1,1,1,2,2,2],12,4].
[[2,6,1,1,1,1,2,2,2],6,0].
[[3,4,1,1,2,0,2,2,2],12,5].
[[3,7,0,1,2,1,2,2,0],2,50].
[[1,9,2,1,2,1,2,3,2],96,339].
[[1,8,1,0,0,0,2,3,0],204,83].
[[3,7,1,1,2,0,2,3,0],31,17].
[[2,5,0,0,0,0,1,2,1],74,1].
[[3,5,0,1,2,0,1,2,1],58,2].
[[3,4,1,1,2,0,2,3,0],37,14].
[[3,5,0,0,0,0,1,2,0],75,15].
[[3,7,1,1,2,0,1,2,1],55,19].
[[3,5,0,1,1,1,1,1,0],36,8].
[[2,8,0,1,2,0,2,3,1],5,27].
[[3,6,0,1,1,1,2,2,0],1,3].
[[3,7,1,1,2,0,2,1,0],19,11].
[[2,8,1,1,2,1,2,2,1],103,66].
[[1,9,2,1,1,1,2,3,2],24,39].
[[1,9,2,1,1,1,2,2,0],40,31].
[[2,8,1,1,1,1,2,1,2],45,17].
[[2,8,0,0,0,0,2,2,2],34,182].
[[1,8,1,1,1,1,0,0,0],39,12].
[[3,8,1,1,1,1,1,1,2],61,42].
[[1,5,0,1,2,1,1,2,1],12,1].
[[2,5,0,1,2,1,1,2,1],90,1].
[[3,7,1,1,2,1,2,2,2],125,44].
[[2,8,1,1,2,1,2,1,2],166,79].
[[3,5,0,0,0,0,2,1,0],22,2].
[[2,9,1,1,2,1,1,2,1],3,13].
[[3,9,1,1,2,1,1,2,1],6,34].
[[3,8,1,1,2,0,1,2,0],64,43].
[[3,8,1,1,2,0,2,1,2],13,15].
[[2,6,1,1,2,1,2,2,2],28,2].
[[3,7,0,1,2,1,1,2,1],1,12].
[[2,8,1,0,0,0,1,2,1],256,104].
[[2,6,1,0,0,0,2,2,2],50,4].
[[2,3,2,0,0,0,0,0,0],19,0].
[[3,3,1,1,2,0,0,0,0],7,3].
[[1,7,1,0,0,0,2,2,2],48,15].
[[3,9,2,1,1,1,2,3,0],6,114].
[[3,7,1,1,2,1,0,0,0],65,68].
[[2,8,0,1,1,1,2,3,0],17,37].
[[3,7,0,1,1,1,2,3,0],1,11].
[[3,9,1,0,0,0,1,2,1],2,14].
[[2,8,0,1,1,1,0,0,0],11,34].
[[3,8,0,1,2,1,2,3,2],11,149].
[[3,9,2,1,2,1,2,2,0],11,254].
[[3,8,0,1,2,0,1,1,2],9,68].
[[2,8,1,1,2,1,1,1,0],35,27].
[[3,8,1,1,1,1,1,1,0],27,18].
[[3,7,1,1,2,1,1,2,1],141,34].
[[3,7,1,1,1,1,2,3,2],37,18].
[[3,8,0,1,2,0,2,1,2],5,22].
[[3,6,1,0,0,0,2,3,1],29,1].
[[1,9,2,1,1,1,2,3,0],31,43].
[[2,9,2,1,1,1,2,3,0],45,113].
[[2,8,1,1,1,1,2,2,2],38,15].
[[3,7,1,1,1,1,2,2,2],29,8].
[[3,8,0,1,1,1,0,0,0],0,25].
[[2,8,0,1,2,1,2,2,2],39,167].
[[3,7,1,1,2,1,2,1,0],55,20].
[[2,6,1,0,0,0,2,1,2],36,2].
[[3,6,1,0,0,0,1,2,2],34,4].
[[3,7,1,1,2,0,1,2,2],74,42].
[[3,8,1,1,2,0,2,3,2],37,16].
[[3,8,1,1,2,1,2,1,0],93,76].
[[2,9,2,0,0,0,2,2,2],36,132].
[[1,7,2,1,2,1,1,1,2],3,2].
[[2,7,2,1,2,1,1,2,1],3,2].
[[3,6,0,1,2,1,2,1,2],3,15].
[[3,8,0,1,2,0,2,2,0],9,107].
[[2,6,1,0,0,0,2,3,1],70,3].
[[3,3,1,0,0,0,2,3,1],14,1].
[[3,7,2,1,2,1,1,1,2],69,36].
[[3,9,2,0,0,0,2,3,0],7,91].
[[2,8,1,1,2,1,1,2,1],202,100].
[[2,9,2,1,2,0,1,2,2],50,163].
[[3,9,2,1,1,0,1,2,2],1,39].
[[3,8,1,0,0,0,2,2,0],72,51].
[[2,9,2,1,2,0,1,1,2],20,66].
[[3,9,2,1,2,0,1,1,2],4,61].
[[2,9,2,1,2,0,2,1,0],12,72].
[[3,7,2,1,2,1,2,2,0],22,1].
[[2,8,1,1,1,0,2,1,2],4,5].
[[3,8,1,1,1,0,2,1,2],6,6].
[[3,7,1,1,1,1,2,1,2],38,11].
[[2,8,1,0,0,0,1,1,1],30,27].
[[3,8,1,0,0,0,1,1,1],15,13].
[[3,3,2,1,1,1,2,2,2],4,0].
[[2,8,0,1,2,1,1,1,0],16,50].
[[3,8,0,1,1,1,1,1,0],3,70].
[[1,8,1,1,2,0,2,3,1],28,27].
[[2,8,1,1,1,0,1,2,1],1,3].
[[3,8,1,1,1,0,1,2,1],13,28].
[[2,5,0,1,2,1,2,1,0],47,6].
[[3,5,0,1,2,1,2,1,0],56,2].
[[3,8,1,0,0,0,2,3,1],61,58].
[[3,6,1,0,0,0,2,1,2],16,0].
[[2,8,1,0,0,0,2,2,1],151,60].
[[3,8,1,1,2,1,2,2,1],46,65].
[[2,8,0,1,2,1,2,3,1],47,151].
[[3,5,0,1,2,0,2,1,0],12,1].
[[3,8,0,1,1,1,2,3,0],9,150].
[[1,7,1,0,0,0,2,2,1],16,8].
[[3,7,1,1,1,1,1,2,0],7,4].
[[3,8,0,1,1,0,1,2,2],0,25].
[[2,8,1,1,1,1,0,0,0],33,13].
[[3,8,1,1,1,1,0,0,0],4,8].
[[3,8,0,1,1,1,1,2,2],26,219].
[[1,7,2,0,0,0,1,2,2],29,20].
[[2,7,2,1,2,1,1,2,2],62,12].
[[2,7,1,1,2,1,2,3,0],36,11].
[[3,7,2,1,2,0,2,1,2],28,8].
[[2,8,1,1,2,0,2,3,0],41,33].
[[3,5,0,1,2,1,2,3,0],144,3].
[[3,7,2,1,1,1,1,1,2],24,13].
[[1,8,1,0,0,0,1,2,1],189,80].
[[3,4,1,1,2,0,1,2,1],44,11].
[[2,5,0,0,0,0,1,1,0],37,14].
[[1,5,0,0,0,0,1,1,2],112,3].
[[2,9,2,0,0,0,2,1,2],23,127].
[[3,9,1,1,2,0,1,1,0],7,24].
[[3,4,1,1,2,0,2,2,1],11,1].
[[2,7,0,1,2,1,0,0,0],10,35].
[[3,7,0,1,2,1,2,1,2],4,25].
[[3,9,2,1,1,1,2,2,0],5,93].
[[3,7,0,1,2,1,2,3,2],3,41].
[[3,7,2,1,2,1,1,2,1],20,7].
[[3,5,0,1,1,0,1,1,2],7,9].
[[2,3,2,1,2,1,2,3,2],1,0].
[[3,3,2,1,2,1,2,2,2],14,0].
[[2,9,1,0,0,0,1,2,0],16,62].
[[2,3,1,1,2,1,2,1,2],3,1].
[[3,3,1,1,2,1,2,1,2],21,1].
[[3,9,2,1,2,1,2,1,0],12,135].
[[3,8,1,1,1,1,2,1,2],33,18].
[[1,5,0,1,2,1,2,3,0],26,1].
[[1,7,2,0,0,0,2,2,2],74,15].
[[3,7,2,1,2,0,2,2,2],32,5].
[[2,7,1,1,2,1,2,2,0],24,7].
[[2,8,0,1,2,0,1,2,2],5,54].
[[3,7,1,1,1,0,1,2,2],6,11].
[[2,9,2,0,0,0,2,2,1],16,42].
[[3,5,0,0,0,0,1,1,1],86,8].
[[2,7,1,0,0,0,1,2,2],79,33].
[[2,7,2,0,0,0,2,2,0],10,1].
[[1,7,1,0,0,0,2,3,2],50,19].
[[1,9,2,1,1,1,1,1,2],24,16].
[[2,4,1,1,2,0,1,2,0],10,2].
[[3,4,1,1,2,0,1,2,0],79,14].
[[3,6,1,1,2,0,2,3,0],8,2].
[[2,3,1,0,0,0,2,3,2],6,0].
[[3,3,1,0,0,0,2,3,2],25,0].
[[1,8,0,1,2,1,2,2,0],18,61].
[[2,9,1,1,2,1,2,2,0],4,4].
[[3,9,0,1,1,1,1,1,0],0,3].
[[3,6,1,1,2,1,1,2,1],33,0].
[[1,6,1,0,0,0,2,1,1],6,0].
[[3,3,1,1,2,1,2,3,1],28,1].
[[3,9,0,1,2,1,1,2,0],0,5].
[[3,8,0,1,1,1,2,3,1],6,55].
[[1,8,0,1,2,1,1,2,1],2,4].
[[3,8,0,1,1,1,1,1,1],2,3].
[[1,8,0,0,0,0,2,2,1],16,24].
[[2,7,1,1,2,1,0,0,0],109,60].
[[3,7,1,1,2,0,2,1,2],46,20].
[[3,7,1,0,0,0,2,1,0],31,21].
[[2,6,1,1,1,1,0,0,0],9,1].
[[3,3,1,1,1,1,0,0,0],7,1].
[[3,8,0,0,0,0,2,3,1],16,76].
[[2,9,2,1,2,0,2,1,2],3,32].
[[3,6,1,1,1,1,2,3,2],14,2].
[[2,8,0,1,2,0,2,2,0],8,32].
[[3,7,1,1,1,0,2,3,1],3,7].
[[2,9,2,1,2,0,2,2,2],4,32].
[[3,9,2,1,1,0,2,3,0],0,14].
[[2,8,0,1,2,1,2,2,1],17,26].
[[2,7,1,1,2,1,1,2,2],44,13].
[[2,8,1,1,2,0,0,0,0],19,34].
[[1,8,0,1,2,1,2,2,2],32,74].
[[2,8,0,1,2,1,1,1,2],43,105].
[[3,8,1,1,2,1,0,0,0],4,18].
[[2,8,0,1,2,0,1,1,2],6,15].
[[3,6,1,0,0,0,1,2,0],9,1].
[[2,8,0,0,0,0,2,2,1],14,31].
[[3,8,0,1,2,1,2,2,1],8,33].
[[3,7,1,0,0,0,2,3,0],53,22].
[[3,7,1,1,1,1,2,3,0],34,12].
[[2,8,1,1,2,0,2,2,0],36,28].
[[3,8,1,1,2,0,2,2,0],48,57].
[[2,5,0,0,0,0,1,2,2],18,0].
[[3,8,1,1,1,1,2,1,0],36,26].
[[3,8,0,1,2,0,1,1,0],9,54].
[[3,7,0,1,2,1,2,2,2],5,32].
[[1,8,1,1,2,0,0,0,0],35,38].
[[2,8,1,1,2,0,2,1,0],34,26].
[[1,9,2,1,2,0,1,2,2],14,61].
[[2,7,2,1,1,0,2,2,2],1,2].
[[3,7,2,1,1,0,2,3,0],2,1].
[[3,6,1,1,2,1,1,1,2],38,1].
[[3,5,0,1,2,0,1,1,0],31,16].
[[1,9,2,1,2,0,2,3,1],3,30].
[[1,7,2,0,0,0,2,3,0],3,0].
[[2,7,2,0,0,0,2,3,0],8,0].
[[3,3,2,1,2,1,2,3,0],3,0].
[[3,7,1,0,0,0,2,2,0],53,26].
[[2,7,1,0,0,0,2,1,2],98,30].
[[1,2,1,0,0,0,0,0,0],3,0].
[[2,2,1,0,0,0,0,0,0],5,0].
[[3,2,1,1,2,0,2,2,1],1,0].
[[3,7,0,0,0,0,2,3,1],0,16].
[[3,8,1,1,1,0,2,2,0],5,16].
[[3,7,0,0,0,0,2,3,0],1,28].
[[2,8,0,1,1,1,2,2,0],17,40].
[[2,5,0,0,0,0,1,1,1],90,9].
[[2,7,1,1,2,1,2,3,2],69,34].
[[3,7,1,1,2,1,2,3,2],171,66].
[[2,8,0,1,2,0,2,1,2],5,19].
[[2,7,1,0,0,0,2,2,1],59,22].
[[3,9,1,1,1,1,1,1,0],3,34].
[[1,8,0,0,0,0,2,1,0],38,102].
[[2,8,0,0,0,0,1,1,0],15,45].
[[2,8,1,1,2,1,1,2,0],80,28].
[[2,7,1,1,1,1,2,2,2],9,1].
[[1,9,2,1,2,0,2,2,0],13,52].
[[2,7,1,1,2,0,2,3,2],16,17].
[[2,7,2,1,2,1,2,3,2],52,13].
[[3,3,2,1,2,1,2,3,2],20,0].
[[3,8,1,0,0,0,2,1,2],31,16].
[[2,8,0,1,1,1,2,2,1],3,2].
[[3,8,0,1,1,1,2,2,1],1,9].
[[3,7,2,1,2,1,2,3,0],15,0].
[[1,7,1,0,0,0,2,1,2],41,14].
[[2,7,1,1,2,1,1,1,2],25,6].
[[2,5,0,1,2,1,1,1,0],36,11].
[[3,5,0,1,1,1,1,2,0],86,9].
[[1,8,1,1,1,1,2,3,1],27,5].
[[2,7,1,1,1,1,2,3,1],15,2].
[[3,9,1,1,1,1,1,2,0],18,72].
[[1,9,2,1,2,0,0,0,0],16,63].
[[2,9,2,1,2,0,0,0,0],6,25].
[[3,8,0,1,2,0,2,3,1],4,32].
[[3,8,1,1,1,1,2,2,0],45,40].
[[3,3,1,0,0,0,1,2,2],10,5].
[[2,8,1,0,0,0,1,1,0],29,21].
[[3,9,2,1,2,1,2,1,2],5,26].
[[3,6,1,1,2,0,1,2,2],22,0].
[[2,5,0,0,0,0,1,2,0],48,5].
[[2,5,0,1,2,1,1,1,2],199,5].
[[2,9,1,1,2,1,1,1,0],4,31].
[[2,8,1,1,2,1,1,1,1],19,9].
[[3,7,2,1,2,0,2,3,2],20,6].
[[2,8,1,1,1,1,1,1,2],30,24].
[[3,6,0,0,0,0,0,0,0],2,19].
[[3,7,0,1,1,1,0,0,0],1,15].
[[1,6,1,0,0,0,2,2,1],18,0].
[[2,6,1,0,0,0,2,2,1],21,1].
[[3,6,1,1,2,0,2,2,0],9,2].
[[2,9,2,1,1,1,2,1,0],16,64].
[[1,8,1,1,2,0,2,1,0],8,6].
[[2,8,1,1,1,0,2,1,0],0,5].
[[3,7,1,1,1,0,2,1,0],0,4].
[[2,6,1,1,2,1,2,3,0],14,1].
[[3,6,1,1,2,1,2,3,0],30,2].
[[2,9,2,1,1,1,1,1,0],12,38].
[[1,7,2,1,2,1,2,3,2],24,3].
[[3,7,2,1,1,1,1,2,2],53,9].
[[3,7,1,1,1,1,1,1,2],30,14].
[[2,8,1,1,1,0,2,2,2],3,3].
[[3,8,1,1,1,0,2,2,2],6,9].
[[3,8,0,1,1,0,2,2,2],1,7].
[[3,6,1,1,1,1,2,2,0],7,0].
[[3,9,2,1,2,0,2,3,1],0,16].
[[1,7,2,1,2,1,0,0,0],28,2].
[[2,3,2,1,2,1,0,0,0],11,0].
[[3,3,2,1,2,1,0,0,0],10,0].
[[1,5,0,0,0,0,1,1,0],15,2].
[[3,6,0,1,2,1,1,1,2],1,14].
[[3,9,1,1,2,0,1,1,2],0,4].
[[1,8,1,1,1,1,2,1,2],19,9].
[[2,7,1,1,1,1,2,1,2],9,3].
[[3,6,1,1,2,0,1,2,1],13,4].
[[3,9,1,1,1,0,1,2,1],1,3].
[[2,6,1,1,2,1,0,0,0],43,5].
[[2,9,1,0,0,0,2,2,0],3,7].
[[3,4,1,1,2,0,1,1,0],43,7].
[[3,5,0,0,0,0,2,2,0],6,0].
[[1,5,0,0,0,0,1,2,1],26,1].
[[3,5,0,1,1,0,1,1,1],12,7].
[[3,7,1,1,2,0,2,2,1],19,17].
[[3,4,1,1,2,0,2,1,0],22,3].
[[3,7,0,1,2,1,1,2,0],3,18].
[[2,4,1,1,2,0,2,1,0],7,2].
[[3,7,1,1,2,0,2,2,2],38,17].
[[3,9,1,1,2,1,2,3,0],4,11].
[[2,6,0,1,2,1,2,3,0],1,6].
[[3,3,1,1,2,1,2,3,0],15,0].
[[3,4,1,1,2,0,1,1,2],58,15].
[[1,9,2,1,2,1,1,1,1],3,3].
[[2,9,2,1,1,1,1,1,1],1,1].
[[3,8,1,0,0,0,1,1,0],48,18].
[[2,7,1,0,0,0,2,1,1],16,5].
[[1,6,0,0,0,0,2,3,2],2,3].
[[2,6,0,0,0,0,2,3,2],6,12].
[[3,6,0,1,2,1,1,2,2],2,34].
[[2,5,0,1,2,0,1,1,2],35,7].
[[3,8,1,0,0,0,2,2,1],17,24].
[[3,3,2,1,2,1,2,1,2],20,0].
[[2,8,0,1,1,1,1,1,2],6,21].
[[3,7,0,1,1,1,1,1,2],0,7].
[[3,6,0,1,1,1,2,1,0],0,2].
[[3,9,1,1,2,0,2,1,0],3,5].
[[3,5,0,1,1,1,1,2,2],22,2].
[[3,6,1,1,1,1,2,3,1],15,1].
[[3,6,0,1,2,1,2,3,2],1,16].
[[1,8,0,1,2,1,2,3,1],29,39].
[[2,8,0,1,1,1,2,3,1],11,21].
[[3,4,1,1,2,0,2,3,1],30,7].
[[3,9,2,1,1,0,1,2,1],0,11].
[[2,9,2,1,2,0,2,2,1],5,9].
[[2,8,1,1,1,0,2,3,1],2,7].
[[3,8,1,1,2,0,1,1,0],21,23].
[[2,9,2,1,1,1,2,3,2],13,44].
[[2,9,2,1,1,1,1,2,1],21,30].
[[2,8,0,1,2,0,2,3,0],8,55].
[[2,9,1,1,2,0,1,2,0],7,18].
[[3,9,0,1,2,0,1,1,0],0,5].
[[1,8,0,1,2,1,1,1,2],17,13].
[[3,6,0,1,2,1,2,1,0],2,19].
[[3,9,1,1,1,1,1,1,2],3,8].
[[2,7,2,1,1,1,2,3,1],6,1].
[[3,7,2,1,1,1,2,3,1],6,1].
[[3,9,2,1,2,0,1,2,1],12,40].
[[1,8,1,0,0,0,2,1,1],77,23].
[[3,4,1,1,2,0,2,1,2],9,4].
[[3,3,2,0,0,0,1,2,2],18,0].
[[3,9,2,1,1,1,2,3,2],0,13].
[[3,6,0,1,2,1,2,2,2],4,18].
[[3,9,2,1,2,0,2,1,0],3,38].
[[2,8,1,1,1,1,2,1,0],18,5].
[[3,7,2,1,1,1,2,1,0],3,0].
[[3,7,2,1,2,1,0,0,0],22,6].
[[1,9,2,1,1,1,2,3,1],24,21].
[[2,7,0,0,0,0,0,0,0],7,36].
[[3,5,0,1,1,1,2,1,0],14,3].
[[1,9,2,1,1,1,2,1,2],14,19].
[[2,4,1,1,2,0,2,1,2],7,3].
[[1,9,2,1,1,1,2,2,2],21,28].
[[3,9,2,1,2,1,2,3,1],2,47].
[[2,9,2,1,2,1,2,2,1],19,42].
[[1,6,1,0,0,0,2,2,2],39,4].
[[2,7,1,1,2,1,2,1,0],18,4].
[[3,7,1,1,2,1,1,1,0],27,7].
[[3,8,0,1,2,1,2,1,2],12,116].
[[3,5,0,1,2,1,2,2,0],29,0].
[[3,8,1,1,2,1,1,1,1],26,23].
[[1,9,2,1,1,1,1,1,0],4,3].
[[2,4,1,1,2,0,1,1,0],11,1].
[[2,9,2,0,0,0,0,0,0],14,107].
[[3,8,0,0,0,0,0,0,0],1,39].
[[3,5,0,1,1,0,1,2,1],7,9].
[[3,7,1,1,1,1,2,3,1],55,32].
[[2,9,2,1,1,0,1,2,2],0,23].
[[3,4,0,1,2,0,1,2,2],0,5].
[[3,7,0,1,2,0,1,2,0],0,2].
[[3,8,1,1,1,0,1,2,2],29,40].
[[2,4,1,1,2,0,2,3,2],2,3].
[[2,7,1,1,2,1,2,1,2],67,17].
[[2,6,0,1,2,1,1,1,2],1,2].
[[3,6,0,1,1,1,1,2,2],0,11].
[[3,9,2,0,0,0,2,1,2],0,8].
[[2,8,1,1,1,0,2,3,2],5,7].
[[3,7,2,1,1,0,2,3,2],6,2].
[[3,8,0,1,2,0,2,2,2],0,26].
[[1,7,1,1,2,1,2,3,0],0,1].
[[2,7,1,1,1,1,2,3,0],5,2].
[[1,7,1,0,0,0,2,1,1],2,3].
[[2,7,1,0,0,0,1,1,1],6,2].
[[3,7,1,1,2,0,1,1,0],7,5].
[[1,8,1,0,0,0,1,2,0],38,16].
[[2,7,1,0,0,0,1,2,0],5,3].
[[3,7,1,1,2,1,1,2,0],66,5].
[[3,8,1,1,1,1,2,2,1],13,22].
[[2,3,1,0,0,0,0,0,0],16,9].
[[3,3,1,0,0,0,0,0,0],26,7].
[[2,9,2,1,1,0,2,1,2],0,4].
[[2,7,2,1,1,1,0,0,0],7,4].
[[1,8,1,1,2,1,2,1,0],39,17].
[[1,9,2,1,1,1,2,1,0],18,22].
[[1,8,1,1,2,0,2,2,1],14,13].
[[2,7,1,1,2,0,2,2,1],7,5].
[[3,7,1,1,1,1,2,2,0],23,10].
[[3,8,1,1,1,0,1,2,0],14,13].
[[3,9,2,1,2,0,2,2,1],0,5].
[[2,9,2,1,1,0,2,3,0],0,10].
[[3,8,0,1,1,0,2,3,0],0,19].
[[3,9,1,1,2,1,1,2,2],4,22].
[[1,9,2,1,2,0,2,3,0],19,57].
[[2,9,1,1,1,1,2,3,0],1,1].
[[3,7,1,1,1,1,1,2,1],44,12].
[[2,7,1,1,1,1,2,1,0],0,1].
[[3,7,1,1,1,1,2,1,0],17,6].
[[3,6,1,0,0,0,2,2,0],14,0].
[[2,9,1,0,0,0,1,1,2],2,5].
[[1,5,0,1,2,1,1,1,2],48,4].
[[1,8,1,1,2,1,1,1,2],59,24].
[[1,7,2,0,0,0,2,3,1],16,1].
[[2,3,2,0,0,0,2,3,1],1,0].
[[3,3,2,0,0,0,2,1,0],2,0].
[[3,7,1,1,2,1,2,2,1],65,35].
[[2,9,1,1,2,1,1,2,0],13,52].
[[3,7,0,0,0,0,2,2,2],1,12].
[[2,6,0,0,0,0,2,2,0],5,5].
[[3,3,1,1,2,1,1,2,1],8,0].
[[3,9,2,1,2,0,2,2,0],3,76].
[[3,6,1,1,1,0,2,2,0],2,1].
[[3,7,2,1,2,1,2,1,0],23,0].
[[1,5,0,1,1,1,2,3,0],3,1].
[[2,4,1,1,2,0,2,3,0],13,2].
[[2,9,1,1,1,1,1,2,0],2,18].
[[2,8,0,1,2,0,0,0,0],7,41].
[[3,8,0,1,2,0,2,1,0],3,68].
[[3,6,1,1,2,1,2,2,1],20,3].
[[2,4,1,1,2,0,1,2,2],24,4].
[[3,5,0,1,2,0,2,3,0],33,2].
[[2,6,1,1,2,0,2,1,0],3,0].
[[3,6,1,1,1,0,2,2,1],2,0].
[[1,6,1,0,0,0,1,1,2],0,1].
[[2,6,1,1,2,1,1,1,2],14,1].
[[3,6,1,1,1,1,1,1,2],13,2].
[[3,3,1,1,2,1,1,2,2],13,0].
[[1,7,2,1,2,0,2,3,2],6,4].
[[2,3,2,1,2,0,2,3,2],2,0].
[[3,3,2,1,2,0,2,3,2],10,0].
[[2,6,0,0,0,0,2,1,2],4,14].
[[3,6,0,1,2,1,2,3,1],1,12].
[[2,8,1,1,2,1,2,1,1],21,13].
[[2,7,2,1,2,0,2,1,2],24,10].
[[3,9,1,1,2,1,1,1,2],4,13].
[[3,8,0,0,0,0,2,2,2],2,43].
[[3,8,1,1,2,0,2,2,1],18,27].
[[2,6,1,1,2,1,2,3,1],29,0].
[[3,6,1,1,1,1,1,2,1],8,1].
[[3,6,0,0,0,0,2,3,2],2,12].
[[2,5,0,1,2,1,1,2,0],45,2].
[[3,3,2,0,0,0,0,0,0],12,0].
[[3,6,1,1,2,1,2,3,2],38,2].
[[3,7,1,1,1,0,0,0,0],3,4].
[[3,8,1,1,1,1,1,1,1],10,10].
[[2,8,1,1,1,1,1,1,0],10,4].
[[3,5,0,1,1,1,2,3,0],38,3].
[[3,6,1,1,2,0,2,3,1],18,2].
[[2,7,2,1,2,1,1,1,2],22,14].
[[3,7,1,1,1,0,2,3,0],1,4].
[[2,7,2,1,1,1,1,2,2],6,1].
[[2,5,0,0,0,0,2,1,0],35,0].
[[1,6,1,0,0,0,1,2,1],2,1].
[[2,6,1,1,2,1,1,1,0],2,0].
[[3,6,1,1,1,1,1,1,0],1,2].
[[3,9,2,1,1,1,1,1,1],3,3].
[[2,8,1,1,2,0,1,2,0],17,11].
[[3,5,0,1,1,0,1,2,0],4,7].
[[3,5,0,0,0,0,1,2,2],23,1].
[[1,8,1,1,1,1,2,3,0],10,2].
[[3,7,1,1,1,0,1,2,1],2,2].
[[3,3,2,1,2,0,1,1,2],7,0].
[[2,7,0,1,2,1,2,3,1],2,6].
[[3,5,0,0,0,0,1,2,1],112,1].
[[3,7,2,0,0,0,1,1,1],0,7].
[[2,7,1,1,1,1,0,0,0],11,6].
[[3,4,1,1,2,0,0,0,0],8,0].
[[2,5,0,1,2,0,2,3,0],21,3].
[[1,8,1,0,0,0,1,1,0],11,11].
[[3,7,0,0,0,0,2,2,0],2,29].
[[2,6,0,0,0,0,0,0,0],12,30].
[[3,3,1,1,2,0,2,2,1],4,0].
[[2,8,1,1,1,1,1,1,1],2,3].
[[1,6,1,1,2,1,2,2,1],8,0].
[[2,6,1,1,2,1,2,2,1],17,0].
[[2,7,0,0,0,0,2,3,1],1,4].
[[3,7,0,0,0,0,1,2,1],1,5].
[[2,7,0,1,2,1,2,3,2],2,14].
[[2,6,1,1,2,0,2,3,2],8,2].
[[3,6,1,1,2,0,2,3,2],17,2].
[[3,9,1,1,1,1,1,2,1],2,16].
[[3,6,1,1,2,1,2,1,0],11,3].
[[3,6,1,1,1,1,2,2,1],7,0].
[[2,3,1,0,0,0,2,3,1],8,0].
[[3,3,1,1,2,0,2,3,1],7,1].
[[3,3,2,1,2,1,1,2,2],19,0].
[[3,6,1,0,0,0,2,2,1],12,2].
[[2,7,1,0,0,0,2,3,0],43,14].
[[2,7,2,1,2,0,2,2,2],23,6].
[[3,7,2,1,2,0,2,2,0],10,2].
[[3,6,0,1,1,1,0,0,0],0,6].
[[1,9,2,1,1,1,1,2,1],8,6].
[[2,8,0,1,1,1,1,2,1],2,1].
[[1,5,0,1,2,0,1,1,1],3,1].
[[2,7,0,1,2,1,2,2,2],2,7].
[[3,6,0,1,2,0,0,0,0],0,7].
[[2,7,1,1,2,0,2,2,2],15,6].
[[3,3,1,1,2,0,2,2,2],6,2].
[[3,8,1,1,1,1,2,3,2],29,22].
[[1,7,1,1,2,1,0,0,0],30,19].
[[2,7,1,1,2,1,2,3,1],78,30].
[[3,6,1,1,2,1,2,3,1],53,0].
[[3,9,2,1,2,1,2,2,1],2,19].
[[2,5,0,1,2,0,1,2,1],13,3].
[[2,7,1,1,2,0,2,1,2],13,7].
[[3,7,1,1,1,0,2,1,2],6,5].
[[2,9,1,1,1,1,1,1,0],2,4].
[[2,6,0,1,2,1,2,1,0],0,2].
[[2,6,0,0,0,0,2,2,2],5,17].
[[2,6,1,1,2,0,2,3,1],6,0].
[[3,6,1,1,1,0,2,3,1],3,1].
[[2,7,0,1,2,1,2,1,2],2,6].
[[3,6,1,1,2,1,2,2,0],25,0].
[[3,7,1,1,2,0,1,2,0],25,3].
[[2,6,0,1,2,1,2,3,2],3,8].
[[2,7,2,1,2,0,2,3,1],6,1].
[[2,8,0,0,0,0,1,1,1],3,1].
[[3,7,0,0,0,0,1,1,1],1,0].
[[2,9,2,1,1,0,2,2,0],0,5].
[[3,4,0,1,2,0,1,1,0],0,3].
[[2,6,1,0,0,0,1,1,2],15,2].
[[3,7,2,1,2,0,2,1,0],7,1].
[[3,6,1,0,0,0,2,3,2],10,2].
[[1,6,1,0,0,0,2,1,0],2,0].
[[2,6,1,0,0,0,2,1,0],8,0].
[[3,6,1,0,0,0,2,1,0],16,1].
[[3,7,0,1,2,0,2,3,1],3,4].
[[3,8,0,1,1,0,2,2,0],0,13].
[[3,9,2,0,0,0,0,0,0],0,4].
[[3,6,1,0,0,0,0,0,0],7,0].
[[3,7,0,0,0,0,1,2,2],2,18].
[[2,6,0,1,2,1,1,2,0],1,1].
[[1,7,2,1,2,0,0,0,0],8,1].
[[1,9,2,1,2,0,2,3,2],8,34].
[[3,9,2,1,2,0,2,1,2],0,6].
[[3,9,2,0,0,0,2,3,1],3,27].
[[2,8,0,1,1,1,2,1,0],10,15].
[[2,9,2,1,1,1,2,1,2],14,26].
[[3,6,1,0,0,0,2,2,2],16,2].
[[2,7,0,1,2,1,2,2,0],0,5].
[[3,7,0,0,0,0,0,0,0],3,24].
[[3,9,2,1,1,0,1,1,2],0,17].
[[3,8,0,1,1,0,1,1,2],0,9].
[[2,3,1,0,0,0,2,2,2],5,0].
[[2,8,0,1,1,1,1,1,0],5,3].
[[2,7,1,1,2,0,2,3,1],16,12].
[[1,6,0,0,0,0,2,3,0],1,2].
[[2,3,1,0,0,0,1,2,1],0,1].
[[3,3,1,0,0,0,1,2,1],6,1].
[[3,7,0,1,2,1,1,1,2],3,29].
[[2,6,0,0,0,0,2,3,0],4,5].
[[2,9,2,0,0,0,2,1,1],5,6].
[[3,9,2,0,0,0,1,1,1],1,4].
[[2,8,0,0,0,0,2,1,1],2,4].
[[1,9,2,1,2,0,1,2,1],0,7].
[[2,9,1,1,2,0,1,1,0],1,5].
[[3,9,1,1,1,0,1,1,0],0,4].
[[3,7,0,1,2,1,2,1,0],3,37].
[[3,7,2,1,1,1,2,1,2],19,4].
[[2,4,1,1,2,0,2,2,2],6,1].
[[3,3,2,1,2,0,1,2,2],13,0].
[[2,6,0,0,0,0,2,3,1],2,3].
[[3,6,0,1,2,0,1,2,1],0,1].
[[3,8,0,1,2,1,1,1,1],6,3].
[[1,8,0,0,0,0,2,1,1],1,5].
[[1,8,0,1,2,1,2,2,1],3,7].
[[2,7,0,1,2,1,2,2,1],2,0].
[[3,7,2,1,2,0,1,2,1],8,4].
[[1,7,2,1,2,1,2,1,2],19,2].
[[3,7,2,0,0,0,0,0,0],17,5].
[[2,3,2,1,2,1,2,1,2],4,0].
[[3,3,1,1,1,1,2,2,0],1,0].
[[3,8,1,1,2,0,1,1,1],13,10].
[[1,9,2,0,0,0,1,1,1],7,13].
[[2,9,2,1,1,1,0,0,0],7,15].
[[3,9,1,1,1,1,2,3,0],1,8].
[[2,6,1,1,2,0,1,2,0],1,0].
[[1,7,2,1,2,0,2,2,2],4,3].
[[2,7,2,1,2,0,1,1,2],6,9].
[[3,7,2,1,1,0,1,1,2],5,10].
[[3,1,1,1,2,0,1,1,1],1,0].
[[3,5,0,1,2,0,1,2,2],21,2].
[[3,7,2,1,1,1,2,3,0],4,0].
[[2,7,2,1,1,0,2,3,2],1,1].
[[2,7,2,1,2,0,1,2,2],27,8].
[[3,7,0,0,0,0,2,3,2],4,14].
[[1,9,2,1,2,1,2,1,1],7,6].
[[3,9,1,1,1,1,2,1,0],2,7].
[[3,7,2,1,2,1,1,1,0],11,3].
[[2,8,1,1,2,0,1,1,1],12,4].
[[3,6,1,1,2,0,1,1,1],3,0].
[[2,8,1,1,1,1,1,2,0],10,4].
[[2,7,1,1,2,0,1,2,2],12,3].
[[3,8,1,1,2,0,2,2,2],30,20].
[[2,4,1,1,2,0,1,2,1],10,3].
[[3,9,2,1,1,0,1,1,0],0,14].
[[3,6,1,1,2,0,2,2,2],13,0].
[[3,7,0,1,2,0,1,2,2],2,16].
[[3,3,2,0,0,0,2,3,2],13,0].
[[2,5,0,1,2,0,2,1,0],8,1].
[[1,8,1,1,1,1,1,2,1],8,4].
[[2,6,1,0,0,0,2,3,2],40,3].
[[2,9,2,1,1,0,0,0,0],0,2].
[[3,9,2,1,1,0,2,1,0],0,13].
[[1,5,0,1,1,1,2,1,0],2,0].
[[3,7,1,1,1,1,0,0,0],15,17].
[[2,9,1,0,0,0,1,2,2],2,8].
[[3,9,2,1,2,1,1,1,1],2,7].
[[3,7,2,0,0,0,2,3,1],25,3].
[[2,7,0,0,0,0,2,2,2],1,9].
[[3,7,1,0,0,0,1,2,0],29,4].
[[2,9,1,1,2,1,1,1,2],5,7].
[[2,5,0,1,1,1,2,3,0],15,0].
[[2,6,1,0,0,0,2,3,0],11,1].
[[2,8,0,1,2,0,2,3,2],6,21].
[[2,5,0,1,1,1,1,1,2],48,6].
[[3,9,2,0,0,0,2,3,2],0,2].
[[3,6,0,1,1,1,2,1,2],0,2].
[[2,7,1,1,2,1,1,2,1],30,4].
[[3,7,2,1,1,0,1,2,2],11,13].
[[2,9,1,1,1,1,2,1,0],2,1].
[[1,7,1,1,2,1,1,2,1],3,1].
[[2,7,1,1,1,1,1,2,1],3,1].
[[3,9,1,1,2,1,2,2,0],2,18].
[[1,5,0,0,0,0,1,2,0],11,0].
[[2,9,1,1,2,1,2,1,0],3,11].
[[3,9,1,1,2,1,2,1,0],3,21].
[[1,6,1,1,2,1,2,1,2],12,0].
[[2,6,0,1,2,1,2,2,2],3,6].
[[3,7,0,1,1,1,2,2,0],2,12].
[[3,7,0,1,2,0,2,1,0],0,6].
[[2,8,1,0,0,0,2,1,1],32,14].
[[3,8,1,0,0,0,2,1,1],3,9].
[[3,7,0,0,0,0,1,1,0],0,5].
[[3,8,0,1,2,0,2,3,2],6,25].
[[2,8,1,1,1,0,2,2,1],0,5].
[[2,6,0,0,0,0,1,2,2],4,3].
[[3,9,2,0,0,0,2,2,1],1,6].
[[1,8,1,1,2,0,2,2,0],5,6].
[[2,6,1,1,2,0,2,2,0],2,0].
[[3,6,1,1,1,0,1,2,0],1,0].
[[2,9,2,1,1,0,2,3,1],0,5].
[[3,8,0,1,1,0,2,3,1],0,8].
[[1,3,2,0,0,0,2,2,2],5,0].
[[2,3,2,1,2,0,2,3,1],2,0].
[[3,3,2,1,2,0,2,3,1],2,0].
[[2,8,1,1,1,0,1,2,0],1,2].
[[3,7,1,1,1,0,1,2,0],2,2].
[[1,7,2,1,2,1,2,3,0],2,0].
[[2,3,2,1,2,1,2,3,0],1,0].
[[3,3,2,1,1,1,2,3,0],1,0].
[[2,3,2,0,0,0,2,3,2],15,0].
[[1,7,1,0,0,0,2,2,0],7,4].
[[2,9,2,0,0,0,1,1,1],1,6].
[[2,7,1,1,2,0,1,2,0],2,1].
[[2,7,2,1,2,0,0,0,0],14,2].
[[3,7,2,1,1,0,2,2,2],8,3].
[[3,9,1,1,2,0,2,2,0],0,4].
[[3,8,0,1,2,0,0,0,0],1,18].
[[2,8,1,1,1,0,1,2,2],7,11].
[[2,8,0,1,2,1,2,1,1],4,4].
[[3,3,2,0,0,0,1,1,2],10,0].
[[2,8,0,1,2,0,1,2,1],4,6].
[[3,8,0,1,1,0,1,2,0],1,9].
[[3,8,1,1,1,0,1,1,2],9,18].
[[2,3,1,1,2,1,0,0,0],14,1].
[[3,3,1,1,2,1,2,3,2],17,1].
[[2,4,1,1,2,0,2,3,1],13,1].
[[3,6,1,1,1,1,0,0,0],8,0].
[[2,8,1,1,2,0,1,1,0],8,8].
[[2,9,1,0,0,0,2,1,0],0,10].
[[3,9,0,0,0,0,1,2,0],0,4].
[[1,7,1,1,2,1,2,2,2],11,3].
[[3,3,1,1,2,1,2,2,2],18,6].
[[2,7,2,1,1,1,2,1,2],6,1].
[[3,9,2,1,1,1,2,2,2],0,3].
[[3,6,1,0,0,0,2,3,0],20,0].
[[3,3,1,1,2,1,0,0,0],38,4].
[[2,7,2,1,1,1,2,3,2],5,1].
[[3,7,2,1,1,1,2,2,0],8,0].
[[2,6,1,0,0,0,1,2,0],3,0].
[[3,3,1,0,0,0,1,2,0],1,0].
[[3,6,0,1,2,0,2,3,0],0,4].
[[3,7,2,1,1,0,1,2,1],3,2].
[[2,8,0,1,2,0,1,1,0],2,8].
[[3,6,0,1,2,0,1,1,0],0,2].
[[3,6,1,1,2,1,1,1,0],7,1].
[[1,8,0,1,2,1,1,1,1],1,0].
[[2,8,0,1,1,1,1,2,0],7,7].
[[2,6,0,0,0,0,1,2,0],1,1].
[[3,6,0,0,0,0,1,2,0],1,4].
[[3,7,2,1,1,1,0,0,0],9,1].
[[2,9,2,1,2,0,2,1,1],0,2].
[[3,9,2,1,2,0,2,3,2],0,7].
[[3,7,2,1,2,0,2,3,1],21,2].
[[2,9,2,1,1,1,2,2,1],7,9].
[[2,9,2,1,2,1,2,1,1],4,8].
[[1,7,2,1,2,0,1,1,1],0,1].
[[2,7,2,1,2,0,1,1,1],0,2].
[[3,7,2,1,1,0,1,1,1],0,2].
[[2,3,2,1,2,1,2,2,2],3,0].
[[2,8,1,1,1,0,0,0,0],3,6].
[[2,6,1,0,0,0,1,2,2],33,1].
[[2,7,1,1,1,1,1,2,2],7,2].
[[3,3,1,0,0,0,2,3,0],9,0].
[[2,6,1,1,2,0,2,2,2],5,1].
[[3,6,1,1,1,0,1,2,2],2,2].
[[2,7,2,1,1,1,1,1,2],7,2].
[[1,7,1,1,2,1,2,2,1],10,2].
[[1,6,0,0,0,0,2,1,2],0,2].
[[3,8,1,1,1,0,1,1,1],2,3].
[[2,7,2,1,2,1,2,1,0],8,0].
[[3,7,0,0,0,0,2,1,2],4,15].
[[3,3,1,1,2,1,2,2,1],15,1].
[[1,5,0,1,2,0,1,1,2],4,0].
[[3,7,2,0,0,0,2,3,2],38,7].
[[2,9,2,1,2,1,1,1,1],6,10].
[[3,6,1,1,2,1,2,1,2],19,1].
[[3,8,0,1,1,0,1,2,1],1,2].
[[1,8,1,1,1,1,2,2,1],13,2].
[[2,6,0,0,0,0,2,1,0],1,5].
[[3,6,1,1,2,0,2,2,1],13,0].
[[1,9,2,1,2,0,2,2,1],3,6].
[[3,7,0,1,2,0,2,3,2],0,5].
[[2,4,1,1,2,0,2,2,0],12,3].
[[2,7,1,1,2,0,2,2,0],6,2].
[[3,8,0,1,2,0,2,2,1],3,6].
[[1,6,1,1,2,1,1,1,1],1,0].
[[2,3,2,1,2,1,1,1,2],2,0].
[[3,3,2,1,2,1,1,1,2],9,0].
[[3,3,1,0,0,0,1,1,2],5,2].
[[2,7,1,1,2,0,1,2,1],5,2].
[[1,8,0,0,0,0,1,2,1],3,3].
[[1,8,1,1,2,1,2,1,1],17,9].
[[2,6,1,1,2,1,2,1,1],3,1].
[[3,6,1,1,2,1,2,1,1],8,2].
[[1,6,1,1,2,1,2,2,2],7,0].
[[3,6,1,1,1,1,2,2,2],10,1].
[[3,3,2,1,2,0,2,2,2],8,0].
[[3,3,2,1,1,1,2,1,2],2,0].
[[1,9,2,1,1,1,1,2,0],9,10].
[[1,7,2,1,2,1,1,2,2],6,1].
[[2,7,1,1,2,0,1,1,2],3,5].
[[3,9,2,1,1,1,2,1,2],0,6].
[[1,3,2,0,0,0,1,2,2],4,0].
[[2,3,2,0,0,0,1,2,2],6,0].
[[2,6,1,1,2,0,2,1,2],6,0].
[[2,7,1,0,0,0,1,1,0],4,1].
[[3,7,0,1,2,1,1,1,0],1,5].
[[3,9,2,1,2,1,2,2,2],0,14].
[[1,7,1,0,0,0,2,3,0],11,2].
[[3,9,2,1,1,1,2,2,1],0,6].
[[3,6,1,1,1,1,2,3,0],9,0].
[[3,7,0,1,2,0,0,0,0],0,11].
[[3,7,1,1,2,1,2,1,1],11,8].
[[2,6,0,1,2,1,2,2,0],0,5].
[[3,6,0,1,1,1,1,1,0],1,1].
[[3,8,1,1,1,0,2,2,1],4,5].
[[2,9,1,1,1,1,1,2,1],0,3].
[[3,7,2,0,0,0,2,3,0],5,1].
[[3,6,0,1,2,1,1,1,0],1,3].
[[2,7,0,0,0,0,2,1,2],1,8].
[[2,7,0,1,2,1,1,2,2],2,4].
[[1,5,0,1,1,1,1,2,1],1,1].
[[3,7,2,0,0,0,1,2,0],5,1].
[[2,7,2,1,1,0,1,2,2],4,2].
[[3,3,2,1,1,0,1,2,2],4,0].
[[1,6,0,0,0,0,2,2,2],3,6].
[[1,7,2,1,2,1,2,2,2],16,5].
[[2,5,0,1,2,1,2,2,0],9,1].
[[2,7,2,1,1,0,2,1,2],2,2].
[[2,6,1,1,1,1,2,2,1],5,0].
[[3,6,0,0,0,0,1,2,1],0,3].
[[3,4,0,1,2,0,1,2,1],0,1].
[[3,3,1,1,1,1,2,2,1],2,1].
[[3,6,0,0,0,0,1,2,2],3,14].
[[3,8,0,1,2,0,1,2,1],8,26].
[[1,6,1,1,2,1,2,3,2],4,0].
[[3,7,1,0,0,0,1,1,1],9,4].
[[3,2,1,1,2,1,2,3,2],4,0].
[[3,6,1,1,2,0,2,1,2],5,1].
[[1,8,1,1,2,0,1,2,2],17,13].
[[2,9,1,0,0,0,1,2,1],2,7].
[[3,9,1,0,0,0,1,1,2],0,6].
[[3,6,0,1,1,1,2,3,2],3,4].
[[3,6,0,0,0,0,2,2,2],2,7].
[[3,8,1,1,2,1,2,1,1],7,18].
[[3,7,2,1,1,1,2,2,2],8,7].
[[1,7,2,1,2,1,1,2,1],1,1].
[[3,7,2,1,1,1,1,2,0],10,1].
[[1,8,1,1,1,1,2,2,0],6,1].
[[2,7,1,1,1,1,2,2,0],3,0].
[[3,7,1,1,1,1,1,1,0],7,2].
[[2,7,2,0,0,0,1,1,1],1,5].
[[2,7,2,1,2,0,2,2,0],2,0].
[[3,3,1,1,2,0,1,2,0],1,0].
[[2,6,1,1,1,1,2,1,0],1,0].
[[3,6,1,1,1,1,2,1,0],5,0].
[[3,8,0,0,0,0,2,2,1],2,15].
[[2,9,1,1,1,1,2,2,0],2,0].
[[2,7,1,1,2,1,2,1,1],5,3].
[[3,6,1,0,0,0,1,2,1],15,2].
[[3,5,0,1,2,0,2,2,0],6,1].
[[2,9,2,1,1,1,2,1,1],0,3].
[[3,8,0,1,1,1,2,1,1],1,1].
[[3,1,1,1,2,0,1,1,2],4,0].
[[2,6,1,1,1,1,2,3,0],2,0].
[[2,9,2,1,1,0,1,1,2],0,7].
[[1,8,1,1,2,0,2,1,1],2,1].
[[2,6,0,1,2,1,2,1,2],3,11].
[[2,8,1,1,1,0,1,1,0],1,0].
[[3,7,2,1,1,0,1,1,0],1,0].
[[2,7,0,0,0,0,2,3,2],1,14].
[[3,6,1,0,0,0,1,1,2],13,1].
[[1,8,0,0,0,0,1,1,0],6,13].
[[2,6,0,0,0,0,1,1,0],2,1].
[[3,7,0,1,1,1,2,2,2],1,6].
[[1,9,2,1,1,1,2,2,1],8,4].
[[1,8,1,1,2,0,1,1,2],7,4].
[[2,7,2,0,0,0,2,1,0],8,0].
[[2,4,1,1,2,0,0,0,0],6,0].
[[1,8,0,1,2,1,1,2,0],6,5].
[[3,8,1,1,2,0,2,1,1],4,2].
[[3,3,1,1,1,1,2,3,1],2,0].
[[3,7,0,1,2,1,2,2,1],1,2].
[[2,7,0,0,0,0,1,2,0],1,0].
[[3,3,1,0,0,0,2,1,2],9,2].
[[2,7,1,1,2,0,2,1,0],2,2].
[[3,7,1,1,1,0,1,1,0],1,1].
[[3,6,0,1,1,1,2,3,0],0,10].
[[1,7,1,1,2,1,2,1,2],6,3].
[[2,7,2,1,1,1,1,2,1],1,1].
[[2,8,0,1,2,0,1,2,0],10,12].
[[3,9,1,1,1,1,2,2,0],2,7].
[[3,3,1,1,1,1,2,3,0],3,1].
[[3,6,0,1,1,1,2,2,2],0,1].
[[2,7,0,1,2,1,2,1,0],1,2].
[[3,9,1,1,2,0,1,2,2],0,3].
[[1,8,1,1,2,1,1,2,0],13,3].
[[3,9,1,1,1,0,1,2,2],0,1].
[[2,3,2,0,0,0,2,1,2],12,0].
[[1,9,2,1,2,0,1,2,0],2,13].
[[1,9,2,1,2,0,1,1,0],3,10].
[[2,9,1,1,1,0,1,1,0],0,1].
[[3,8,0,1,1,0,1,1,0],0,5].
[[1,8,0,1,2,1,2,1,1],3,2].
[[2,7,2,0,0,0,1,2,1],4,2].
[[3,3,2,1,2,0,2,3,0],1,0].
[[3,9,2,1,2,0,0,0,0],0,1].
[[3,7,2,1,1,1,1,2,1],4,0].
[[2,9,1,1,2,0,1,2,2],0,1].
[[2,5,0,1,1,1,1,1,0],6,1].
[[2,5,0,1,1,0,1,1,2],2,0].
[[1,7,1,1,2,1,2,3,2],11,6].
[[3,9,0,1,2,1,1,1,0],0,12].
[[2,5,0,1,2,1,1,2,2],14,0].
[[3,3,0,1,2,1,1,2,2],0,1].
[[3,9,2,1,1,0,2,1,2],0,1].
[[3,3,1,1,2,0,1,2,2],7,0].
[[1,8,1,1,2,1,1,1,1],4,6].
[[1,5,0,1,1,1,1,1,1],1,0].
[[2,4,1,1,2,0,1,1,1],3,0].
[[3,4,1,1,2,0,1,1,1],8,1].
[[2,7,2,1,1,1,2,2,2],7,2].
[[2,5,0,1,2,0,1,1,0],7,0].
[[3,6,0,1,2,1,2,2,1],1,4].
[[3,9,1,1,1,0,1,1,2],0,3].
[[3,7,2,1,2,0,1,1,1],0,4].
[[3,3,2,0,0,0,2,3,0],1,0].
[[1,7,1,0,0,0,1,1,2],2,0].
[[1,7,2,0,0,0,2,1,0],2,0].
[[3,3,2,0,0,0,2,3,1],5,1].
[[3,9,1,1,1,1,1,2,2],2,8].
[[3,5,0,1,1,1,2,2,0],11,0].
[[1,7,1,1,2,1,2,3,1],5,1].
[[3,7,2,1,1,0,2,1,2],5,1].
[[3,7,2,1,2,1,1,2,0],9,2].
[[2,2,1,0,0,0,2,3,1],2,0].
[[3,2,1,1,2,1,2,3,1],4,0].
[[3,6,1,1,2,0,1,1,0],1,1].
[[3,6,0,1,2,1,1,2,1],3,2].
[[3,7,0,1,2,0,2,2,2],0,5].
[[2,4,1,1,2,0,1,1,2],10,3].
[[3,8,1,1,1,0,1,1,0],5,3].
[[3,9,1,1,1,0,2,1,0],0,3].
[[1,8,1,1,1,1,1,1,2],3,1].
[[3,3,1,0,0,0,2,2,1],2,2].
[[3,1,1,1,2,0,1,2,1],4,0].
[[3,3,1,1,2,0,2,1,2],3,1].
[[2,8,1,1,2,0,2,1,1],5,3].
[[2,3,1,1,2,1,2,3,1],3,0].
[[3,6,0,0,0,0,1,1,2],1,6].
[[2,9,2,1,1,0,1,2,0],1,6].
[[2,6,1,1,1,1,2,1,2],1,0].
[[2,5,0,1,1,1,1,2,0],11,2].
[[1,8,1,1,1,1,1,1,0],1,1].
[[2,6,1,0,0,0,2,2,0],18,0].
[[3,3,1,0,0,0,2,2,0],7,1].
[[3,6,1,1,1,1,2,1,2],8,1].
[[3,8,1,1,1,1,2,1,1],3,4].
[[1,6,1,1,2,1,2,3,1],5,0].
[[3,2,1,0,0,0,2,3,1],5,0].
[[3,6,0,0,0,0,2,2,0],0,16].
[[3,1,1,1,2,0,1,2,0],1,0].
[[2,3,1,0,0,0,2,1,2],8,0].
[[3,7,0,1,1,1,2,3,1],2,8].
[[3,3,2,1,1,0,2,1,2],1,0].
[[2,8,1,1,1,0,2,3,0],0,3].
[[3,6,0,1,2,0,1,2,2],0,7].
[[2,9,1,1,2,1,2,3,0],3,5].
[[3,7,2,1,2,0,0,0,0],8,4].
[[3,4,0,1,2,0,1,2,0],0,3].
[[1,6,1,0,0,0,2,3,0],4,0].
[[1,7,2,0,0,0,1,1,1],1,1].
[[3,3,2,1,2,1,1,1,1],1,0].
[[3,2,1,1,2,1,2,3,0],1,0].
[[3,3,2,1,2,1,2,3,1],3,0].
[[3,9,2,0,0,0,2,1,1],0,3].
[[3,3,1,1,1,1,1,1,2],2,0].
[[1,5,0,1,2,1,1,2,0],8,0].
[[2,3,2,1,2,0,0,0,0],5,0].
[[3,3,2,1,1,0,2,3,1],1,0].
[[2,7,0,0,0,0,1,1,0],0,2].
[[3,3,1,0,0,0,2,1,1],3,0].
[[3,7,0,0,0,0,2,2,1],2,5].
[[3,9,2,1,2,1,0,0,0],0,2].
[[3,7,1,1,1,1,1,1,1],3,2].
[[3,7,1,0,0,0,2,1,1],3,5].
[[1,6,0,0,0,0,2,1,0],0,1].
[[3,3,1,1,2,0,2,1,0],2,0].
[[3,8,0,1,1,0,2,3,2],0,2].
[[3,6,1,1,1,0,0,0,0],1,1].
[[3,7,2,1,2,0,2,3,0],5,0].
[[2,6,1,1,2,1,1,2,1],6,0].
[[2,7,1,1,1,1,2,3,2],8,1].
[[3,3,2,1,2,1,2,1,0],2,0].
[[3,7,2,0,0,0,2,1,0],9,0].
[[3,7,0,1,1,1,1,2,2],0,8].
[[3,6,1,0,0,0,1,1,1],2,2].
[[3,7,0,1,1,1,2,1,0],0,8].
[[3,3,2,0,0,0,2,1,2],10,0].
[[2,2,1,1,2,1,2,1,2],1,0].
[[3,2,1,1,2,1,2,1,2],2,0].
[[3,8,0,1,2,1,2,1,1],0,9].
[[3,3,1,1,1,1,2,3,2],4,0].
[[2,7,2,1,2,1,2,3,0],6,0].
[[3,6,1,1,2,0,0,0,0],2,0].
[[2,3,2,0,0,0,1,1,2],5,0].
[[3,7,2,0,0,0,1,1,0],3,1].
[[3,7,2,0,0,0,1,2,1],5,4].
[[2,6,1,1,1,1,2,3,1],0,1].
[[3,8,1,1,1,0,2,1,0],3,11].
[[2,9,1,1,1,1,1,2,2],1,1].
[[3,3,2,1,1,1,0,0,0],1,0].
[[1,3,2,0,0,0,2,3,2],2,0].
[[2,3,2,1,2,0,2,2,0],1,0].
[[3,3,2,1,2,0,1,2,0],1,0].
[[2,7,2,1,2,1,1,1,0],1,0].
[[2,7,0,0,0,0,2,2,0],2,4].
[[3,9,2,1,2,1,2,1,1],0,5].
[[3,2,1,1,2,0,2,3,1],1,0].
[[2,6,1,1,2,0,1,2,1],2,0].
[[3,2,1,1,2,0,1,2,1],1,0].
[[3,7,2,1,2,0,1,2,0],7,1].
[[1,7,1,0,0,0,2,1,0],6,0].
[[3,6,0,1,2,0,2,1,2],0,6].
[[3,7,0,1,2,0,2,2,0],0,8].
[[3,2,1,1,2,1,2,2,2],4,0].
[[1,5,0,1,1,1,1,2,0],3,0].
[[3,6,1,0,0,0,2,1,1],3,0].
[[1,7,2,0,0,0,1,2,1],1,1].
[[3,6,0,0,0,0,2,3,0],1,11].
[[2,7,2,1,2,1,2,2,0],7,0].
[[3,7,0,1,2,0,1,1,0],2,2].
[[3,9,1,0,0,0,1,2,2],1,7].
[[2,9,1,1,2,0,2,1,0],1,3].
[[3,8,0,1,1,0,2,1,0],0,9].
[[1,9,2,1,2,0,2,1,1],0,2].
[[2,9,2,1,1,0,2,1,1],0,1].
[[3,8,0,1,1,0,2,1,1],0,2].
[[2,9,2,1,1,0,2,1,0],0,4].
[[2,7,1,1,1,1,2,2,1],4,1].
[[2,7,2,1,1,1,2,3,0],1,0].
[[3,5,0,1,1,0,2,3,0],2,3].
[[3,5,0,1,1,0,1,2,2],3,3].
[[3,7,1,0,0,0,1,1,0],10,4].
[[2,6,1,1,2,0,1,2,2],4,2].
[[3,7,1,1,2,0,1,1,1],6,1].
[[1,5,0,0,0,0,2,2,0],2,0].
[[2,5,0,0,0,0,2,2,0],9,0].
[[3,5,0,1,1,0,1,1,0],3,6].
[[3,3,0,1,2,1,0,0,0],0,3].
[[3,3,2,1,2,0,2,1,0],2,0].
[[3,6,0,0,0,0,2,1,2],1,9].
[[2,6,1,0,0,0,1,1,1],1,1].
[[2,6,0,1,2,1,1,2,2],1,4].
[[1,8,1,1,1,1,2,1,1],3,0].
[[2,6,1,1,1,1,2,1,1],1,0].
[[3,2,1,0,0,0,0,0,0],3,0].
[[2,7,2,1,2,1,1,1,1],0,5].
[[3,7,2,1,2,1,1,1,1],0,5].
[[2,3,1,0,0,0,2,2,1],2,0].
[[1,8,1,1,2,1,1,1,0],6,5].
[[3,2,1,1,2,1,1,1,0],1,0].
[[2,7,1,1,2,1,1,2,0],3,1].
[[2,9,2,1,1,0,2,2,2],0,4].
[[2,6,0,0,0,0,1,1,2],1,1].
[[3,6,0,1,2,0,1,1,2],0,2].
[[3,7,1,1,1,0,2,2,2],5,2].
[[1,7,2,1,2,0,1,2,2],4,0].
[[3,9,0,1,1,1,1,2,0],0,1].
[[3,9,1,0,0,0,2,1,0],2,8].
[[2,9,2,1,1,0,2,3,2],0,1].
[[3,9,2,1,1,0,2,3,2],0,1].
[[2,8,0,1,1,1,2,1,1],1,0].
[[3,8,1,1,1,0,0,0,0],1,2].
[[1,7,1,0,0,0,1,2,1],2,0].
[[3,7,2,1,1,1,1,1,1],0,2].
[[3,6,1,1,2,1,1,1,1],2,1].
[[3,9,0,0,0,0,1,1,0],0,2].
[[3,6,0,1,2,0,1,2,0],1,0].
[[2,8,0,1,2,0,2,2,1],0,5].
[[3,6,0,1,2,0,2,2,1],0,1].
[[3,7,0,1,2,0,2,1,2],0,2].
[[1,7,1,0,0,0,1,2,2],5,1].
[[3,6,1,1,1,1,1,2,0],3,0].
[[3,7,2,1,1,1,1,1,0],0,2].
[[2,6,1,1,2,0,2,1,1],1,1].
[[3,3,1,1,2,1,2,1,1],5,1].
[[3,7,2,1,1,0,0,0,0],3,1].
[[3,4,1,1,2,0,2,1,1],1,1].
[[3,7,1,1,1,0,1,1,2],1,2].
[[3,9,2,1,1,0,2,2,2],0,1].
[[3,3,1,1,1,1,2,2,2],3,1].
[[2,7,0,1,2,1,2,3,0],1,6].
[[3,6,0,1,2,0,2,2,0],0,2].
[[3,7,0,1,1,1,1,2,0],1,2].
[[2,6,1,1,2,1,1,1,1],0,2].
[[2,9,2,1,2,0,1,1,1],0,1].
[[3,9,2,1,1,0,1,1,1],0,1].
[[3,9,2,0,0,0,2,2,2],0,3].
[[1,3,2,0,0,0,2,1,2],4,0].
[[1,5,0,1,1,1,1,1,2],3,2].
[[2,1,1,1,2,0,1,1,2],2,0].
[[2,8,1,1,1,1,2,1,1],4,2].
[[3,3,1,0,0,0,1,1,0],2,0].
[[2,3,2,1,2,1,1,2,2],3,0].
[[3,3,2,1,1,1,1,2,2],4,0].
[[2,8,1,1,1,0,2,2,0],0,3].
[[1,7,2,1,2,1,2,3,1],2,0].
[[2,9,2,1,1,0,2,2,1],1,0].
[[2,3,1,1,2,1,2,2,2],1,0].
[[3,9,2,1,2,0,2,2,2],0,2].
[[3,7,0,1,2,0,1,1,2],0,1].
[[3,5,0,1,1,0,2,2,0],4,0].
[[3,6,0,1,2,0,2,3,1],0,5].
[[3,6,1,1,2,0,1,2,0],2,0].
[[2,9,2,1,1,0,1,1,0],0,3].
[[3,9,1,0,0,0,2,2,0],2,7].
[[2,7,1,1,2,0,2,3,0],5,0].
[[3,3,2,1,2,0,0,0,0],3,0].
[[3,3,1,1,2,0,1,1,1],1,0].
[[2,5,0,1,1,1,2,2,0],4,0].
[[3,7,1,1,1,1,2,1,1],5,2].
[[2,6,1,1,1,1,2,3,2],3,0].
[[2,9,1,1,2,0,2,2,0],1,1].
[[3,9,1,1,1,0,2,2,0],2,1].
[[2,7,1,1,2,0,2,1,1],3,0].
[[3,7,1,1,2,0,2,1,1],5,2].
[[1,6,1,1,2,1,2,1,1],1,1].
[[2,6,1,1,1,1,1,1,1],0,1].
[[2,7,0,0,0,0,1,2,2],2,4].
[[3,3,2,1,2,0,2,1,2],9,0].
[[2,7,2,1,2,0,2,3,0],0,2].
[[3,9,2,1,2,0,1,1,1],0,1].
[[1,8,1,1,2,0,1,2,0],0,1].
[[2,7,2,1,2,1,2,3,1],8,2].
[[3,6,0,0,0,0,1,1,0],0,1].
[[1,7,1,1,2,1,2,1,1],1,1].
[[3,7,1,1,1,0,2,2,1],2,2].
[[3,6,0,0,0,0,2,3,1],0,4].
[[1,5,0,1,2,0,2,1,0],2,0].
[[2,7,0,1,2,1,1,2,0],1,1].
[[1,5,0,1,2,0,1,2,1],1,0].
[[2,6,0,1,2,1,1,1,0],0,1].
[[1,8,1,1,2,0,1,1,1],0,1].
[[2,8,1,1,1,0,1,1,1],0,1].
[[2,6,1,0,0,0,2,1,1],2,0].
[[3,8,0,1,1,0,2,1,2],0,6].
[[1,6,1,1,2,1,2,3,0],1,0].
[[1,7,2,1,2,1,2,2,0],3,0].
[[2,3,2,1,2,1,2,2,0],1,0].
[[3,3,2,1,2,1,2,2,0],1,0].
[[3,2,1,0,0,0,2,3,2],2,0].
[[3,2,1,1,2,1,1,1,2],1,0].
[[3,9,0,1,2,0,1,2,0],0,1].
[[3,7,0,1,2,1,2,1,1],0,1].
[[3,3,1,1,2,0,2,3,2],6,0].
[[2,5,0,1,1,1,2,1,0],5,0].
[[2,9,1,1,2,1,1,2,2],0,4].
[[3,2,1,1,2,1,0,0,0],1,0].
[[3,7,0,1,2,0,2,2,1],0,1].
[[3,2,1,1,2,1,2,2,1],1,0].
[[1,7,1,1,2,1,2,2,0],2,0].
[[1,7,2,1,2,0,1,1,2],1,0].
[[3,6,1,1,2,0,2,1,0],4,0].
[[2,3,1,1,2,1,2,3,2],2,0].
[[3,6,0,0,0,0,2,1,0],0,8].
[[2,6,1,1,2,1,2,1,0],2,0].
[[3,3,1,1,2,1,2,1,0],5,0].
[[2,3,1,0,0,0,1,2,2],1,0].
[[1,8,0,1,2,1,1,1,0],1,1].
[[1,5,0,1,2,0,2,3,0],2,0].
[[1,6,0,0,0,0,2,2,1],0,1].
[[2,6,0,0,0,0,2,2,1],1,2].
[[3,3,2,1,1,1,2,3,1],2,0].
[[2,7,2,1,1,0,0,0,0],1,0].
[[3,7,2,1,1,0,1,2,0],1,1].
[[1,6,1,1,2,1,1,2,1],1,0].
[[2,6,0,1,2,1,2,3,1],1,1].
[[3,6,0,1,1,1,2,3,1],0,1].
[[3,2,1,1,2,0,0,0,0],2,0].
[[2,3,2,1,2,1,2,3,1],1,0].
[[2,2,1,0,0,0,2,3,2],1,0].
[[3,3,0,1,2,1,2,3,2],0,1].
[[3,6,1,0,0,0,1,1,0],5,1].
[[3,7,1,1,1,0,2,1,1],0,1].
[[1,9,2,1,1,1,2,1,1],1,1].
[[3,7,2,1,2,0,1,1,0],2,1].
[[2,7,2,1,1,0,2,3,1],0,1].
[[3,9,1,1,1,0,2,3,0],0,2].
[[1,5,0,1,2,1,1,1,0],2,2].
[[2,4,1,1,2,0,2,2,1],3,0].
[[2,3,1,1,2,1,2,2,1],2,0].
[[3,8,1,0,0,0,0,0,0],1,9].
[[2,3,1,0,0,0,2,3,0],2,0].
[[3,6,1,1,2,0,2,1,1],2,0].
[[3,6,0,1,1,1,1,2,0],0,2].
[[2,6,1,1,2,1,1,2,0],0,1].
[[3,6,0,1,1,1,1,1,2],0,2].
[[3,5,0,1,1,0,2,1,0],0,1].
[[3,6,0,1,2,0,2,2,2],0,4].
[[3,8,0,1,2,0,2,1,1],1,1].
[[3,3,0,1,2,1,2,1,2],0,1].
[[1,6,1,0,0,0,2,2,0],2,0].
[[2,7,1,1,1,1,1,2,0],1,1].
[[3,6,0,0,0,0,2,2,1],1,1].
[[2,7,1,1,1,1,1,1,2],2,0].
[[2,9,1,1,2,0,1,1,2],1,1].
[[1,7,2,1,2,1,2,1,0],0,1].
[[2,7,2,1,1,1,2,1,0],0,1].
[[2,7,1,1,1,1,2,1,1],3,1].
[[2,5,0,1,2,0,1,2,2],1,0].
[[3,6,1,1,1,0,2,2,2],1,0].
[[1,8,1,1,1,1,2,1,0],3,1].
[[2,2,1,1,2,1,0,0,0],2,0].
[[3,2,1,1,1,1,0,0,0],1,0].
[[3,7,2,1,1,0,2,3,1],2,0].
[[2,8,0,1,2,0,2,1,1],0,3].
[[2,2,1,1,2,1,2,2,1],1,0].
[[3,2,1,1,2,1,1,1,1],1,0].
[[3,7,2,1,1,0,2,1,0],2,1].
[[2,7,2,1,2,1,1,2,0],1,0].
[[2,7,0,1,2,1,1,1,2],1,1].
[[1,5,0,1,2,0,1,2,0],2,0].
[[2,5,0,1,1,0,1,2,0],1,0].
[[2,7,2,1,2,0,2,1,0],2,0].
[[1,8,0,0,0,0,1,1,1],1,1].
[[1,7,1,0,0,0,1,1,1],0,1].
[[3,8,0,0,0,0,1,1,1],1,2].
[[1,7,2,1,2,0,2,1,0],1,0].
[[3,3,2,0,0,0,1,2,1],1,0].
[[2,3,2,1,2,0,2,2,2],1,0].
[[3,3,2,1,1,0,2,2,2],2,0].
[[3,9,2,1,1,1,2,1,1],0,1].
[[3,3,1,1,1,1,1,2,2],2,0].
[[2,7,2,0,0,0,1,1,0],1,0].
[[3,6,1,1,1,1,2,1,1],1,0].
[[2,7,0,0,0,0,1,2,1],1,0].
[[1,6,1,0,0,0,1,2,2],1,0].
[[1,2,1,0,0,0,2,3,1],1,0].
[[2,2,1,1,2,1,1,2,1],1,0].
[[3,2,1,1,2,1,1,2,1],1,0].
[[2,3,2,0,0,0,1,2,1],1,0].
[[3,3,2,0,0,0,1,1,0],1,0].
[[2,5,0,1,1,1,1,2,2],1,0].
[[2,6,1,1,1,1,1,2,0],1,0].
[[3,3,1,1,1,1,1,2,0],1,0].
[[2,3,1,1,2,1,2,3,0],1,0].
[[3,3,2,1,1,1,1,1,2],1,0].
[[3,2,1,0,0,0,1,2,2],2,0].
[[2,6,1,1,2,0,1,1,2],1,0].
[[3,6,0,1,1,1,2,2,1],0,1].
[[2,9,2,1,1,0,1,2,1],0,2].
[[3,7,0,1,2,0,1,2,1],0,1].
[[2,5,0,1,2,0,2,2,0],0,1].
[[1,6,0,0,0,0,2,2,0],0,1].
[[3,3,1,1,2,1,1,1,1],1,0].
[[2,3,2,1,2,0,2,1,2],1,0].
[[3,3,1,1,2,0,1,2,1],1,0].
[[3,3,2,1,1,1,2,1,0],1,0].
[[2,6,1,1,1,1,1,2,2],2,0].
[[3,6,1,1,1,0,2,1,0],1,0].
[[2,7,1,1,2,0,1,1,0],1,0].
[[3,3,2,1,1,1,2,3,2],2,0].
[[3,3,1,1,2,0,2,3,0],2,0].
[[1,6,1,1,2,1,1,2,2],1,0].
[[3,3,1,1,1,1,2,1,1],1,0].
[[2,7,2,1,1,1,1,2,0],1,0].
[[2,9,1,1,1,0,1,2,2],0,1].
[[2,8,0,1,2,1,1,1,1],0,1].
[[3,7,0,1,2,1,1,1,1],0,1].
[[2,3,1,0,0,0,2,1,1],1,0].
[[2,7,2,1,2,0,1,2,1],1,0].
[[2,3,1,1,2,1,2,1,0],1,0].
[[3,3,1,1,2,1,1,2,0],1,0].
[[2,7,1,1,2,1,1,1,0],1,0].
[[2,7,0,0,0,0,2,1,0],0,2].
[[3,3,1,1,2,0,2,1,1],1,0].
[[3,8,0,1,1,0,2,2,1],0,1].
[[3,9,2,1,1,0,2,2,1],0,1].
[[3,3,1,1,2,0,2,2,0],1,0].
