total_WL(16952,18616).
[[1,8,0,0,0,0,0,0,0],440,924].
[[2,8,0,0,0,0,2,2,1],76,156].
[[3,8,0,0,0,0,1,1,1],12,43].
[[1,9,2,0,0,0,2,2,2],287,608].
[[2,9,2,1,2,1,1,2,2],167,477].
[[3,9,2,1,2,1,1,2,2],43,390].
[[1,9,2,1,2,1,1,1,1],29,42].
[[2,9,2,1,1,1,1,1,1],23,21].
[[3,5,0,1,1,1,1,1,1],103,12].
[[1,8,1,1,2,1,0,0,0],321,168].
[[2,8,1,1,2,1,2,1,0],50,26].
[[3,7,1,1,2,1,2,1,0],36,19].
[[1,5,0,0,0,0,1,2,1],6,1].
[[2,5,0,1,2,1,1,2,1],36,2].
[[3,5,0,1,2,1,1,1,1],264,22].
[[1,9,2,0,0,0,2,3,1],587,1137].
[[1,5,0,0,0,0,2,2,0],37,0].
[[2,5,0,0,0,0,2,2,0],48,2].
[[3,5,0,0,0,0,2,2,0],33,2].
[[1,9,2,1,2,1,2,2,1],142,262].
[[2,8,1,1,2,1,2,2,1],278,146].
[[3,8,1,1,1,1,2,2,1],60,59].
[[2,9,2,0,0,0,2,3,1],188,459].
[[3,8,0,1,2,0,2,3,1],25,98].
[[1,8,1,1,2,1,2,3,1],336,150].
[[2,8,1,1,2,1,2,3,1],502,274].
[[3,8,1,1,2,1,2,3,1],346,283].
[[1,8,1,0,0,0,2,2,1],533,228].
[[2,8,1,0,0,0,1,2,1],392,184].
[[3,8,1,1,2,1,1,2,1],602,322].
[[1,8,0,0,0,0,2,2,2],95,225].
[[2,8,0,1,2,1,2,3,1],119,270].
[[3,8,0,1,2,1,2,3,1],103,387].
[[1,8,1,1,2,0,0,0,0],50,45].
[[2,8,1,1,2,0,2,1,1],33,23].
[[3,8,1,1,2,0,2,1,1],27,24].
[[1,8,1,0,0,0,0,0,0],1020,513].
[[2,8,1,1,2,0,2,3,0],21,11].
[[3,8,1,1,2,0,2,3,0],9,4].
[[2,6,1,1,1,1,2,3,1],5,2].
[[3,5,0,1,1,1,1,2,1],50,5].
[[1,9,2,1,2,1,1,2,2],179,271].
[[2,8,0,1,2,1,1,2,2],81,166].
[[3,8,0,1,2,1,1,2,1],119,374].
[[1,7,2,0,0,0,2,3,1],49,4].
[[2,7,1,0,0,0,2,3,1],171,50].
[[3,3,1,0,0,0,2,3,1],20,2].
[[1,9,2,0,0,0,2,3,0],583,872].
[[2,9,2,1,2,0,2,3,0],43,104].
[[3,5,0,1,2,0,1,2,0],49,3].
[[2,9,2,1,2,1,1,2,1],202,391].
[[3,9,1,1,2,1,1,2,1],43,132].
[[2,8,0,1,2,1,2,2,1],62,171].
[[3,8,0,1,2,1,2,2,1],58,218].
[[2,7,2,0,0,0,2,2,1],48,5].
[[3,7,2,0,0,0,1,1,1],10,7].
[[1,9,2,0,0,0,2,2,1],327,572].
[[2,9,2,0,0,0,2,2,1],99,219].
[[3,9,2,1,2,0,2,2,1],4,31].
[[1,8,1,0,0,0,2,3,2],601,237].
[[2,7,2,0,0,0,2,3,2],81,11].
[[3,7,2,1,2,0,2,3,2],32,4].
[[1,9,2,1,2,1,1,1,2],51,59].
[[2,5,0,1,2,1,1,1,2],56,1].
[[3,5,0,1,2,1,1,1,2],133,2].
[[3,9,2,1,1,1,1,2,1],31,166].
[[2,8,1,1,1,0,2,2,1],7,12].
[[3,8,1,1,1,0,2,2,1],11,14].
[[1,8,1,1,2,1,2,2,1],164,53].
[[2,8,1,1,2,1,1,1,1],94,74].
[[3,8,1,1,2,1,1,1,1],167,172].
[[1,8,0,1,2,1,2,2,1],27,33].
[[2,8,0,1,1,1,1,2,1],7,14].
[[3,7,1,1,1,1,1,2,1],55,25].
[[1,8,1,1,2,1,2,2,2],183,69].
[[2,8,1,1,2,1,2,2,2],223,81].
[[3,7,1,1,2,1,2,2,2],140,47].
[[1,8,0,1,2,1,2,3,0],31,49].
[[2,8,0,1,2,1,2,3,0],103,244].
[[3,8,0,1,1,1,2,3,0],19,122].
[[2,8,0,0,0,0,0,0,0],68,330].
[[3,8,0,1,2,1,2,2,0],52,353].
[[2,7,2,0,0,0,2,3,1],110,8].
[[3,7,2,1,2,1,2,3,1],125,11].
[[1,9,2,0,0,0,0,0,0],401,1318].
[[3,8,0,1,2,0,2,3,0],21,103].
[[2,9,1,0,0,0,2,1,0],6,11].
[[3,9,1,0,0,0,2,1,0],5,24].
[[1,9,2,0,0,0,2,1,0],208,435].
[[2,9,2,0,0,0,2,3,0],146,418].
[[3,9,2,0,0,0,1,2,0],44,129].
[[1,9,2,0,0,0,2,3,2],324,644].
[[2,8,1,1,2,1,2,3,2],206,98].
[[3,6,1,1,2,1,2,3,2],40,3].
[[1,9,2,0,0,0,2,2,0],464,820].
[[2,9,2,0,0,0,1,1,0],36,140].
[[3,8,0,0,0,0,1,1,0],11,46].
[[1,9,2,1,1,1,1,2,2],24,13].
[[2,9,2,1,1,1,1,2,1],49,86].
[[3,4,1,1,2,0,1,2,1],131,21].
[[2,8,0,0,0,0,2,2,2],60,164].
[[3,8,0,1,2,1,1,2,2],78,421].
[[2,9,2,0,0,0,2,2,0],114,377].
[[3,9,2,0,0,0,2,3,0],1,73].
[[1,7,2,0,0,0,2,1,1],8,0].
[[2,7,2,1,2,0,2,1,1],1,0].
[[3,7,2,1,2,0,1,1,1],12,5].
[[1,8,1,0,0,0,1,2,0],29,11].
[[2,7,2,0,0,0,1,2,0],1,1].
[[3,7,2,0,0,0,1,2,1],49,8].
[[1,9,2,0,0,0,1,1,1],83,102].
[[2,9,2,1,2,1,1,1,1],61,96].
[[3,9,2,1,1,1,1,1,1],6,56].
[[2,7,2,0,0,0,1,2,1],35,3].
[[2,8,0,0,0,0,2,3,0],132,252].
[[3,8,0,0,0,0,2,3,0],37,157].
[[2,8,0,1,2,1,2,3,2],63,175].
[[3,8,0,1,1,1,1,2,2],24,120].
[[1,8,1,0,0,0,2,2,2],546,231].
[[2,7,1,0,0,0,2,2,2],111,31].
[[3,7,1,0,0,0,2,3,1],166,84].
[[2,8,0,0,0,0,2,2,0],112,219].
[[3,8,0,0,0,0,2,3,2],3,27].
[[2,9,2,0,0,0,2,2,2],34,154].
[[3,9,2,1,2,1,1,1,0],23,152].
[[1,8,0,0,0,0,2,1,1],23,36].
[[2,6,0,0,0,0,2,1,1],2,3].
[[3,6,0,1,2,1,1,1,1],1,5].
[[1,9,2,1,2,0,2,3,0],21,44].
[[3,9,2,1,2,0,1,2,0],27,97].
[[2,9,2,1,2,1,1,1,0],26,107].
[[3,9,2,1,2,1,2,2,0],10,191].
[[1,8,1,0,0,0,2,3,1],945,348].
[[3,8,1,1,2,1,1,2,2],310,169].
[[2,6,1,0,0,0,2,3,1],84,4].
[[3,6,1,0,0,0,2,3,1],58,6].
[[1,9,2,1,2,1,1,2,1],109,143].
[[2,8,0,1,2,1,1,2,1],58,90].
[[3,8,1,0,0,0,1,2,1],274,131].
[[1,7,2,0,0,0,0,0,0],186,29].
[[2,7,2,1,2,1,2,3,2],62,8].
[[3,7,2,1,2,1,2,3,2],73,6].
[[2,8,1,1,2,1,1,2,1],340,152].
[[1,9,2,1,2,1,2,2,2],130,263].
[[3,8,1,1,1,1,2,3,1],113,99].
[[2,9,2,0,0,0,1,1,2],36,69].
[[3,9,2,1,2,0,1,1,2],1,21].
[[1,9,2,0,0,0,1,2,0],164,227].
[[2,8,0,1,2,1,1,2,0],34,54].
[[3,8,0,1,2,1,1,2,0],99,205].
[[1,9,2,0,0,0,1,1,2],122,134].
[[3,8,0,1,2,0,1,1,2],5,25].
[[3,6,1,1,2,1,1,2,1],61,6].
[[1,9,2,1,2,0,2,1,1],4,9].
[[2,9,2,1,2,0,1,1,1],11,38].
[[3,5,0,1,1,0,1,1,1],11,7].
[[1,8,1,1,2,1,2,2,0],42,19].
[[2,8,1,1,2,1,2,2,0],72,30].
[[3,8,1,1,2,1,1,2,0],110,21].
[[1,9,2,1,2,1,2,3,1],234,468].
[[2,9,2,1,1,1,2,3,1],55,88].
[[1,7,1,0,0,0,2,3,1],48,21].
[[3,7,1,1,2,1,2,3,1],391,163].
[[1,8,1,0,0,0,1,2,2],193,103].
[[2,8,1,0,0,0,1,1,2],68,37].
[[3,8,1,0,0,0,1,1,2],25,20].
[[2,9,1,0,0,0,1,2,1],27,43].
[[3,9,1,1,2,0,1,2,1],12,38].
[[1,9,2,0,0,0,1,2,1],207,362].
[[2,5,0,1,2,0,1,2,1],8,1].
[[3,5,0,1,2,0,1,2,1],46,5].
[[1,8,0,0,0,0,2,3,1],106,209].
[[3,9,1,1,2,1,2,1,0],11,31].
[[3,9,2,1,1,1,2,3,1],13,65].
[[2,9,2,1,2,1,2,2,2],34,157].
[[3,8,0,1,2,1,2,2,2],21,116].
[[2,7,0,1,2,1,0,0,0],13,33].
[[3,7,0,1,2,1,0,0,0],7,60].
[[2,9,1,1,2,1,1,2,1],18,49].
[[1,8,0,1,2,1,0,0,0],147,319].
[[2,8,0,1,2,1,2,2,0],92,222].
[[3,8,0,1,2,1,2,3,0],76,355].
[[2,8,1,0,0,0,2,2,0],79,42].
[[3,8,1,0,0,0,2,2,0],21,18].
[[2,7,1,1,2,1,2,3,1],132,46].
[[3,7,1,1,1,1,1,1,1],18,14].
[[2,9,2,0,0,0,1,1,1],52,111].
[[3,5,0,0,0,0,1,1,1],118,11].
[[2,7,1,1,1,1,2,3,1],17,4].
[[3,7,1,1,1,1,2,3,1],82,42].
[[1,9,2,1,2,1,0,0,0],183,554].
[[2,9,2,1,2,1,2,3,0],130,417].
[[2,8,0,0,0,0,2,3,1],124,298].
[[3,8,0,0,0,0,1,2,1],50,143].
[[2,9,2,0,0,0,2,3,2],23,99].
[[3,9,2,0,0,0,1,1,1],16,36].
[[3,9,2,1,2,0,2,2,0],4,60].
[[2,9,2,1,2,1,2,2,1],71,250].
[[3,8,1,1,1,1,2,2,2],31,8].
[[3,8,1,1,2,1,2,2,1],196,130].
[[1,9,2,1,2,1,2,2,0],193,329].
[[2,9,1,1,2,1,1,1,0],2,7].
[[3,8,0,1,1,1,1,1,0],10,40].
[[1,9,2,1,2,0,2,2,0],21,37].
[[3,9,1,1,2,0,2,1,0],2,15].
[[2,8,1,0,0,0,2,3,1],663,319].
[[3,8,1,0,0,0,2,3,1],173,123].
[[2,9,1,1,2,0,2,3,0],3,1].
[[3,9,1,1,1,0,2,3,0],1,1].
[[2,8,0,1,2,1,2,1,0],40,129].
[[1,9,2,1,1,1,2,2,2],19,17].
[[2,4,1,1,2,0,1,2,2],17,2].
[[3,4,1,1,2,0,1,2,2],65,14].
[[3,8,0,0,0,0,1,2,0],50,74].
[[1,9,2,1,2,1,2,3,0],271,352].
[[2,9,2,1,1,1,2,3,0],48,84].
[[3,9,2,1,1,1,1,1,0],9,60].
[[3,9,1,0,0,0,1,2,0],4,5].
[[2,7,1,1,2,1,2,3,2],80,27].
[[3,7,1,1,2,1,2,3,2],158,49].
[[2,9,2,0,0,0,1,2,1],158,379].
[[3,9,2,0,0,0,1,2,1],44,172].
[[1,9,2,0,0,0,1,1,0],46,125].
[[1,8,0,0,0,0,1,2,1],4,5].
[[2,8,0,1,2,0,1,2,1],7,19].
[[3,7,1,1,2,0,1,1,1],17,17].
[[2,9,2,1,1,1,1,2,2],48,63].
[[2,8,1,1,1,1,2,2,2],33,14].
[[3,8,1,1,1,1,1,2,2],107,61].
[[3,8,1,1,1,1,2,1,0],13,9].
[[2,9,2,1,2,1,2,2,0],110,369].
[[2,7,1,0,0,0,0,0,0],194,97].
[[3,7,1,0,0,0,0,0,0],38,22].
[[2,8,0,0,0,0,2,1,0],52,119].
[[1,9,2,1,2,0,2,3,1],20,58].
[[2,9,2,1,2,0,1,1,2],11,16].
[[3,5,0,1,1,0,1,2,1],7,5].
[[2,9,2,1,2,0,2,3,2],1,22].
[[3,9,2,1,1,0,1,2,1],4,34].
[[1,6,1,0,0,0,0,0,0],196,15].
[[2,6,1,0,0,0,2,2,1],47,1].
[[3,6,1,0,0,0,1,2,1],37,3].
[[2,7,2,0,0,0,0,0,0],92,13].
[[3,7,2,1,2,0,2,2,1],31,3].
[[1,9,2,0,0,0,1,2,2],413,611].
[[2,8,0,0,0,0,1,2,2],88,167].
[[2,9,2,0,0,0,0,0,0],19,162].
[[1,8,1,1,2,1,1,2,1],78,45].
[[3,5,0,1,2,1,1,2,1],146,8].
[[3,8,0,1,2,0,1,2,1],21,92].
[[3,7,0,1,2,1,2,2,2],13,35].
[[2,8,1,1,2,1,1,2,2],227,94].
[[2,8,1,0,0,0,2,3,2],271,105].
[[3,8,1,0,0,0,2,2,1],101,59].
[[2,8,0,0,0,0,1,2,0],46,56].
[[3,7,1,1,2,1,1,2,0],46,3].
[[1,8,1,1,2,1,2,1,1],83,31].
[[2,8,1,1,2,1,2,1,1],131,70].
[[3,7,1,1,2,1,2,1,1],73,45].
[[2,9,2,1,2,1,2,1,0],58,204].
[[3,8,0,1,1,1,2,1,0],4,74].
[[3,8,0,0,0,0,2,2,0],20,150].
[[3,7,1,1,1,1,2,2,1],49,22].
[[2,9,2,1,2,0,2,2,0],34,77].
[[3,9,2,1,2,1,1,2,0],78,295].
[[2,6,1,1,1,1,0,0,0],6,1].
[[3,3,2,1,1,1,0,0,0],1,0].
[[3,7,1,0,0,0,1,1,2],27,12].
[[2,9,2,1,2,1,2,3,1],137,440].
[[3,9,2,1,2,1,2,3,1],23,151].
[[2,8,0,1,2,1,0,0,0],50,318].
[[3,8,0,1,2,1,0,0,0],1,111].
[[3,9,2,1,2,1,2,1,0],7,124].
[[1,7,2,1,2,1,0,0,0],44,3].
[[2,7,2,1,2,1,0,0,0],57,5].
[[3,7,2,1,2,1,2,2,1],63,10].
[[3,6,1,1,2,1,2,3,1],116,4].
[[2,9,2,0,0,0,2,1,0],61,230].
[[3,8,0,0,0,0,2,3,1],49,145].
[[3,8,0,1,1,1,0,0,0],0,47].
[[3,9,2,1,2,1,1,2,1],115,443].
[[2,9,2,1,2,0,1,2,2],38,100].
[[3,9,2,1,2,0,1,2,2],9,106].
[[3,8,1,0,0,0,2,1,1],31,16].
[[3,7,2,1,2,0,1,2,1],44,7].
[[1,7,2,0,0,0,2,3,2],82,14].
[[2,7,2,1,2,1,2,3,1],51,8].
[[3,7,2,1,2,1,1,2,1],104,15].
[[1,8,0,0,0,0,2,1,0],48,81].
[[2,7,1,0,0,0,2,1,0],22,7].
[[1,9,2,1,2,0,2,3,2],14,37].
[[2,8,1,1,2,0,2,3,2],68,31].
[[3,7,1,1,2,0,2,3,2],59,10].
[[1,9,2,0,0,0,2,1,1],121,199].
[[2,8,0,0,0,0,2,1,1],21,52].
[[1,8,1,0,0,0,1,2,1],225,107].
[[3,7,1,1,2,1,1,2,1],248,62].
[[2,8,1,1,2,0,2,2,2],73,37].
[[3,7,1,1,2,0,2,2,2],41,20].
[[3,8,0,0,0,0,2,2,1],15,68].
[[1,7,1,0,0,0,0,0,0],240,90].
[[2,3,1,0,0,0,0,0,0],30,5].
[[3,3,1,1,2,1,2,2,2],24,3].
[[3,7,1,1,2,1,2,2,1],196,81].
[[1,8,1,0,0,0,2,1,1],211,111].
[[3,8,1,1,1,1,2,1,1],23,16].
[[3,9,2,1,2,1,1,1,1],33,125].
[[3,5,0,0,0,0,1,2,0],77,0].
[[3,8,0,1,1,1,1,2,1],39,133].
[[2,9,2,1,2,1,0,0,0],16,148].
[[1,8,0,1,2,1,2,3,2],33,88].
[[3,7,0,1,2,1,2,3,2],9,22].
[[2,9,2,0,0,0,1,2,0],145,246].
[[1,9,2,1,2,1,1,2,0],63,87].
[[2,5,0,1,2,1,1,2,0],54,3].
[[3,5,0,1,2,1,1,2,0],143,0].
[[1,9,2,1,2,1,2,3,2],126,278].
[[2,9,2,1,1,1,2,2,1],30,49].
[[3,8,0,1,1,1,2,2,1],16,64].
[[2,8,1,1,2,1,0,0,0],77,69].
[[3,6,1,1,2,1,0,0,0],22,4].
[[2,6,1,0,0,0,0,0,0],93,7].
[[3,6,1,0,0,0,2,2,1],33,0].
[[2,5,0,1,2,1,2,3,0],19,0].
[[3,5,0,1,2,1,2,3,0],33,0].
[[3,7,0,0,0,0,0,0,0],5,30].
[[3,7,2,1,2,1,0,0,0],24,9].
[[3,9,1,1,2,1,1,1,2],4,14].
[[2,9,2,0,0,0,1,2,2],196,398].
[[3,5,0,0,0,0,1,1,2],61,0].
[[3,9,2,0,0,0,1,2,2],22,143].
[[2,6,1,0,0,0,2,3,2],45,4].
[[3,9,2,1,2,1,2,3,0],11,211].
[[1,8,0,0,0,0,2,3,0],105,160].
[[3,5,0,1,2,1,2,2,0],78,4].
[[1,8,1,0,0,0,1,1,1],63,71].
[[1,9,2,1,1,1,2,1,0],14,17].
[[2,4,1,1,2,0,2,2,2],7,0].
[[3,4,1,1,2,0,1,2,0],42,8].
[[2,8,1,1,2,0,1,1,1],23,25].
[[3,8,1,1,2,0,1,1,1],61,66].
[[2,8,0,1,1,1,2,3,2],12,25].
[[3,4,1,1,2,0,2,3,1],64,14].
[[1,8,1,1,1,1,2,2,1],10,4].
[[2,8,1,1,1,1,2,2,1],56,25].
[[3,8,1,1,1,1,1,2,1],213,111].
[[1,8,0,1,2,1,2,3,1],53,54].
[[2,6,0,1,2,1,2,3,1],2,11].
[[3,6,0,1,1,1,2,3,1],2,7].
[[2,8,0,0,0,0,2,3,2],70,166].
[[3,6,0,0,0,0,2,3,2],6,12].
[[2,9,2,1,2,0,1,1,0],14,36].
[[3,8,0,1,2,0,1,1,0],5,32].
[[3,7,0,1,2,1,1,2,2],10,41].
[[1,9,2,1,1,1,0,0,0],38,52].
[[2,9,2,1,1,1,2,3,2],9,13].
[[3,8,0,1,1,1,2,3,2],4,34].
[[3,5,0,0,0,0,1,2,1],69,1].
[[3,7,1,0,0,0,2,2,1],91,37].
[[2,8,1,1,2,0,1,2,1],77,63].
[[3,7,2,1,1,0,1,2,1],9,6].
[[2,7,0,1,2,1,2,3,0],3,5].
[[3,7,0,1,2,1,2,3,0],11,59].
[[3,7,0,1,2,1,2,3,1],13,60].
[[3,7,0,1,2,0,2,1,0],0,3].
[[2,9,2,1,2,1,2,3,2],14,89].
[[3,8,0,1,2,1,2,3,2],12,87].
[[3,9,2,1,1,0,2,3,0],0,15].
[[1,8,1,1,2,1,2,3,2],196,90].
[[3,7,2,1,2,1,1,2,2],106,21].
[[2,9,2,1,2,0,2,2,2],9,33].
[[3,8,1,1,1,0,2,2,2],10,5].
[[3,7,1,1,1,1,2,2,2],39,11].
[[2,8,1,0,0,0,2,2,2],250,76].
[[3,8,1,1,2,1,2,2,2],106,47].
[[3,8,1,1,2,0,2,2,1],67,47].
[[3,8,0,1,1,1,1,2,0],29,64].
[[3,6,1,1,1,1,2,2,1],15,3].
[[3,9,1,0,0,0,1,2,1],13,42].
[[2,8,1,1,2,1,2,3,0],54,40].
[[3,8,1,1,2,1,2,3,2],56,24].
[[2,9,2,0,0,0,2,1,1],34,85].
[[3,9,2,0,0,0,2,2,0],7,90].
[[2,7,1,1,2,1,0,0,0],133,79].
[[3,7,1,1,2,1,0,0,0],69,56].
[[2,8,0,1,2,1,2,2,2],59,152].
[[3,8,0,1,2,1,1,1,2],11,76].
[[2,8,0,1,2,0,1,2,2],6,21].
[[3,7,0,1,2,0,1,2,2],2,6].
[[3,9,2,1,1,1,1,2,0],30,114].
[[1,9,2,1,2,1,2,1,1],52,82].
[[2,9,2,1,2,1,2,1,1],45,79].
[[2,5,0,0,0,0,1,1,2],62,1].
[[3,5,0,1,2,0,1,1,2],35,1].
[[3,7,2,0,0,0,1,1,2],7,8].
[[3,9,2,1,1,1,1,2,2],17,125].
[[2,8,1,0,0,0,1,2,2],268,135].
[[3,8,1,0,0,0,1,1,1],78,80].
[[1,8,0,0,0,0,2,3,2],126,242].
[[1,8,1,1,2,0,2,3,1],37,35].
[[2,8,1,1,1,0,1,2,1],3,8].
[[3,8,1,1,1,0,1,2,1],31,47].
[[2,7,2,1,2,1,1,2,2],47,6].
[[2,9,1,1,2,0,1,2,1],7,9].
[[2,8,1,1,1,1,2,3,1],118,61].
[[3,6,1,1,1,1,2,3,1],21,2].
[[2,8,0,1,2,0,2,2,1],10,22].
[[3,7,1,1,2,0,2,2,1],70,29].
[[1,7,2,0,0,0,2,2,2],71,19].
[[2,7,2,0,0,0,2,2,2],67,17].
[[3,7,2,0,0,0,1,2,2],64,11].
[[2,8,1,0,0,0,2,2,1],347,163].
[[3,7,2,0,0,0,2,3,1],85,4].
[[1,8,0,0,0,0,2,2,0],93,128].
[[3,8,0,1,2,0,2,2,0],14,85].
[[1,3,2,0,0,0,2,2,2],6,0].
[[2,3,2,0,0,0,2,2,2],20,0].
[[3,3,2,1,2,1,2,2,2],18,0].
[[2,8,1,0,0,0,2,1,1],150,67].
[[3,8,0,0,0,0,2,2,2],9,42].
[[2,9,2,1,2,1,1,2,0],122,228].
[[2,8,1,1,2,0,2,3,1],145,116].
[[3,8,1,1,1,0,2,3,1],19,30].
[[3,7,2,1,2,0,2,3,1],54,12].
[[3,8,1,1,2,1,2,1,1],81,64].
[[3,7,2,1,2,0,0,0,0],13,0].
[[2,8,0,0,0,0,1,2,1],43,105].
[[2,9,2,1,1,1,2,1,0],19,35].
[[2,6,0,0,0,0,0,0,0],17,36].
[[3,6,0,1,2,0,2,2,1],0,3].
[[3,8,0,1,2,0,2,1,0],6,51].
[[1,9,2,1,2,1,1,1,0],25,47].
[[3,5,0,1,1,1,1,1,0],34,2].
[[2,8,1,0,0,0,1,1,1],103,105].
[[2,8,0,0,0,0,1,1,2],30,40].
[[1,6,0,0,0,0,0,0,0],20,26].
[[2,2,0,0,0,0,0,0,0],1,1].
[[3,2,0,1,2,1,2,2,0],0,2].
[[2,5,0,0,0,0,1,1,1],106,7].
[[1,8,1,1,2,1,1,2,2],74,23].
[[3,7,1,1,2,1,1,2,2],180,65].
[[3,8,0,1,2,0,1,2,2],17,79].
[[1,8,1,1,1,1,2,3,2],22,3].
[[2,8,1,1,1,1,1,2,2],40,15].
[[3,5,0,1,1,1,1,1,2],51,5].
[[3,7,1,1,2,0,1,2,2],40,30].
[[1,8,0,0,0,0,2,2,1],55,89].
[[1,5,0,0,0,0,1,1,2],33,0].
[[2,9,2,1,2,1,1,1,2],41,72].
[[3,8,0,0,0,0,1,2,2],34,156].
[[3,8,1,1,2,0,1,2,1],198,134].
[[3,7,2,1,1,1,1,1,1],6,8].
[[2,8,1,0,0,0,2,1,0],67,34].
[[3,8,1,1,2,1,2,1,0],42,31].
[[3,9,1,0,0,0,1,1,0],1,18].
[[3,8,1,1,2,0,1,2,2],105,57].
[[3,7,2,0,0,0,2,3,2],40,6].
[[3,8,0,1,1,1,2,3,1],28,108].
[[3,7,2,1,2,1,2,1,0],1,0].
[[2,5,0,1,2,1,1,1,1],93,6].
[[1,8,1,1,2,1,2,1,0],24,8].
[[2,8,1,1,2,1,1,2,0],45,12].
[[3,9,1,1,2,1,2,3,0],1,15].
[[3,3,1,0,0,0,0,0,0],35,4].
[[1,9,2,1,1,1,2,3,1],39,38].
[[3,8,0,1,2,0,1,2,0],29,55].
[[1,8,0,0,0,0,1,2,2],54,53].
[[3,7,1,0,0,0,1,2,2],73,25].
[[1,8,1,0,0,0,2,3,0],146,30].
[[2,8,1,0,0,0,2,3,0],81,27].
[[3,7,1,0,0,0,2,3,0],14,15].
[[1,9,2,1,1,1,2,3,0],48,38].
[[1,9,2,1,1,1,1,2,0],11,4].
[[2,8,0,1,1,1,1,2,0],6,7].
[[3,7,0,1,1,1,1,2,0],3,1].
[[2,8,0,1,2,0,2,3,0],16,48].
[[3,8,0,1,1,0,2,1,0],0,11].
[[2,6,0,0,0,0,2,3,0],7,9].
[[3,3,1,1,2,1,1,2,1],14,1].
[[1,7,1,0,0,0,2,2,2],39,15].
[[3,7,1,1,2,0,1,1,2],9,3].
[[1,7,1,0,0,0,2,3,2],40,13].
[[2,7,1,0,0,0,2,3,2],117,47].
[[1,7,2,1,2,1,2,3,2],26,4].
[[2,8,0,1,2,0,2,2,0],14,30].
[[3,8,0,1,1,0,2,2,0],3,13].
[[1,6,1,0,0,0,2,2,2],41,7].
[[2,6,1,0,0,0,1,2,2],25,1].
[[3,6,1,1,2,0,1,2,2],25,3].
[[3,9,1,0,0,0,2,2,0],8,16].
[[3,9,2,0,0,0,2,1,0],4,44].
[[2,5,0,0,0,0,1,2,1],42,3].
[[2,4,1,1,2,0,2,3,0],12,2].
[[2,8,0,1,2,0,2,3,2],7,28].
[[3,8,0,1,2,1,2,1,1],25,68].
[[1,9,2,1,1,1,1,1,0],4,5].
[[2,8,0,1,1,1,1,1,0],4,3].
[[3,8,0,0,0,0,0,0,0],0,54].
[[2,7,0,0,0,0,0,0,0],13,41].
[[3,7,1,1,2,0,2,1,1],21,15].
[[3,8,1,1,2,1,2,2,0],43,45].
[[3,8,0,1,2,0,2,1,1],4,16].
[[3,8,0,1,2,0,2,2,1],16,46].
[[2,9,2,1,1,1,2,2,2],17,30].
[[3,9,2,1,1,1,1,1,2],0,27].
[[3,9,2,1,2,0,0,0,0],0,8].
[[2,9,2,1,1,1,2,2,0],49,70].
[[3,9,2,1,1,1,2,2,0],6,86].
[[3,7,1,0,0,0,2,2,0],23,9].
[[1,8,1,0,0,0,1,1,2],41,22].
[[1,8,0,1,2,1,2,2,2],42,85].
[[2,8,0,1,2,1,1,1,2],17,50].
[[2,7,1,1,2,1,2,1,0],14,0].
[[3,7,1,1,2,1,1,1,0],15,4].
[[3,7,0,1,2,1,2,1,0],2,21].
[[3,6,1,1,2,0,2,2,2],11,3].
[[1,8,1,0,0,0,2,1,0],92,33].
[[2,8,1,0,0,0,1,2,0],58,13].
[[3,6,1,0,0,0,1,2,0],9,0].
[[3,9,2,0,0,0,2,3,1],13,76].
[[3,9,2,1,2,0,2,1,0],0,46].
[[2,8,0,0,0,0,1,1,1],14,28].
[[3,7,0,1,2,1,2,2,1],14,38].
[[2,6,1,1,2,1,2,3,0],12,0].
[[3,6,1,1,2,1,2,3,0],15,0].
[[3,8,0,1,1,1,2,2,0],15,103].
[[3,8,1,1,2,0,2,3,1],143,108].
[[3,9,2,1,2,1,2,1,1],1,33].
[[2,6,1,1,2,1,2,2,2],30,1].
[[3,6,1,1,2,1,2,2,2],35,1].
[[2,9,2,1,1,1,1,2,0],44,45].
[[2,8,1,0,0,0,0,0,0],86,93].
[[3,6,0,1,2,1,2,3,0],6,24].
[[1,8,1,1,2,1,2,3,0],41,17].
[[3,8,1,1,1,1,1,1,1],48,44].
[[1,9,2,1,2,1,2,1,0],92,182].
[[1,9,2,1,2,0,1,2,0],7,9].
[[2,8,1,1,1,0,1,2,0],1,3].
[[3,8,1,1,1,0,1,1,0],0,8].
[[3,3,1,1,2,1,0,0,0],51,7].
[[1,8,1,1,1,1,0,0,0],39,14].
[[2,8,1,1,1,1,0,0,0],16,15].
[[3,8,1,1,2,0,2,2,2],41,15].
[[3,7,1,0,0,0,2,1,1],32,18].
[[3,5,0,1,1,1,2,3,0],9,2].
[[3,6,0,0,0,0,2,1,1],1,4].
[[1,9,2,1,2,0,1,1,2],8,10].
[[2,5,0,1,2,0,1,1,1],25,6].
[[2,9,2,1,2,0,2,2,1],12,63].
[[3,9,1,1,1,1,2,2,0],3,18].
[[1,5,0,0,0,0,1,1,1],51,2].
[[3,4,1,1,2,0,2,3,0],30,9].
[[3,9,2,1,1,0,1,2,0],6,20].
[[3,6,0,1,1,1,1,2,0],0,2].
[[1,7,2,0,0,0,1,2,2],25,7].
[[2,7,2,0,0,0,1,1,2],17,10].
[[3,8,1,1,2,1,1,1,2],66,41].
[[3,9,2,1,1,1,2,1,0],0,51].
[[2,8,0,1,2,0,0,0,0],9,44].
[[3,7,2,1,2,0,1,2,2],56,10].
[[3,7,1,1,2,1,1,1,1],67,33].
[[1,9,2,1,1,1,2,3,2],22,26].
[[2,4,1,1,2,0,1,1,1],6,1].
[[3,4,1,1,2,0,1,1,1],54,8].
[[2,8,1,1,1,1,1,2,1],80,26].
[[3,7,2,1,1,1,1,2,2],39,10].
[[2,8,0,1,1,1,2,3,0],20,34].
[[3,5,0,1,2,0,1,1,1],81,17].
[[1,6,1,0,0,0,2,1,1],10,0].
[[2,6,1,0,0,0,2,3,0],16,0].
[[3,6,1,0,0,0,2,3,0],4,0].
[[3,3,1,1,2,1,2,3,0],7,0].
[[2,7,0,1,2,1,2,3,2],0,12].
[[2,6,1,0,0,0,2,2,2],43,5].
[[3,6,1,0,0,0,1,1,2],7,0].
[[3,7,2,1,2,1,1,1,1],21,15].
[[2,6,1,1,2,1,2,1,1],14,0].
[[2,7,2,1,1,1,2,3,2],10,1].
[[3,7,2,1,1,1,2,2,1],13,2].
[[2,8,0,1,1,1,2,2,1],14,12].
[[2,9,2,1,1,0,2,3,1],2,6].
[[3,7,2,0,0,0,2,2,1],23,6].
[[1,9,2,1,1,1,2,2,0],33,21].
[[2,4,1,1,2,0,2,2,0],11,0].
[[3,4,1,1,2,0,2,2,0],39,5].
[[3,9,2,0,0,0,2,2,1],2,29].
[[3,8,1,0,0,0,1,2,2],146,81].
[[1,7,1,0,0,0,2,2,0],8,2].
[[2,7,1,0,0,0,2,2,0],27,5].
[[3,8,1,1,2,0,1,1,0],23,10].
[[3,7,1,1,2,1,2,2,0],40,20].
[[3,7,1,0,0,0,1,1,1],36,28].
[[3,9,1,1,2,1,1,2,0],7,14].
[[3,7,1,0,0,0,2,2,2],66,15].
[[2,8,1,1,2,1,1,1,0],22,21].
[[2,7,1,1,2,1,1,2,1],36,11].
[[3,9,2,0,0,0,1,1,2],3,22].
[[3,8,1,0,0,0,2,3,0],14,14].
[[3,7,0,1,1,1,0,0,0],1,18].
[[3,9,2,1,2,1,1,1,2],2,43].
[[2,9,2,1,2,0,2,1,1],9,21].
[[3,7,0,1,2,1,2,2,0],12,45].
[[3,6,0,1,2,1,2,3,2],4,15].
[[3,3,2,0,0,0,2,2,2],18,0].
[[3,7,1,0,0,0,2,1,0],25,8].
[[2,7,2,0,0,0,1,2,2],62,15].
[[3,7,1,0,0,0,1,2,1],116,35].
[[2,9,1,0,0,0,2,2,0],12,8].
[[3,5,0,0,0,0,1,1,0],40,1].
[[2,8,0,1,1,1,2,1,0],8,18].
[[1,9,2,1,2,0,0,0,0],9,58].
[[2,9,2,1,1,0,0,0,0],0,2].
[[3,4,0,1,2,0,2,3,1],0,2].
[[2,8,1,1,2,0,2,2,1],83,55].
[[3,7,2,1,1,1,2,3,2],28,2].
[[3,6,1,0,0,0,2,1,1],17,4].
[[2,7,1,1,2,0,2,3,1],22,20].
[[2,8,1,1,1,1,2,3,2],38,15].
[[2,7,1,1,2,1,2,2,2],74,26].
[[3,9,2,0,0,0,0,0,0],0,3].
[[3,6,1,1,2,0,2,2,0],4,0].
[[2,6,1,1,2,1,2,3,1],68,3].
[[1,9,2,1,1,1,2,1,1],5,6].
[[2,4,1,1,2,0,2,1,1],6,1].
[[2,6,0,1,2,1,1,2,2],2,2].
[[3,6,0,1,2,1,1,2,2],7,14].
[[3,5,0,1,2,1,1,1,0],77,5].
[[3,8,0,1,2,1,1,1,1],21,87].
[[2,7,1,1,1,1,0,0,0],17,7].
[[3,7,2,1,1,1,0,0,0],2,2].
[[1,9,2,1,2,0,2,2,2],13,27].
[[3,9,1,1,2,0,1,1,1],3,5].
[[3,9,2,0,0,0,1,1,0],3,73].
[[1,6,1,0,0,0,2,3,2],36,2].
[[1,7,2,1,2,0,2,3,2],8,2].
[[2,7,1,1,2,0,2,3,2],19,8].
[[2,6,1,0,0,0,2,1,1],17,1].
[[1,6,1,0,0,0,2,2,1],29,1].
[[2,3,2,0,0,0,2,2,1],4,0].
[[3,3,2,0,0,0,2,2,1],7,0].
[[3,8,1,1,1,1,1,2,0],33,12].
[[3,5,0,1,1,1,1,2,0],60,2].
[[2,8,0,1,1,1,0,0,0],16,52].
[[1,7,1,1,2,1,0,0,0],47,22].
[[3,8,1,1,2,1,2,3,0],24,38].
[[1,7,2,1,2,0,1,1,2],1,0].
[[2,7,2,1,1,0,1,1,2],1,0].
[[1,8,0,1,2,1,1,2,2],24,27].
[[2,8,1,1,2,1,1,1,2],34,29].
[[3,7,2,1,2,1,1,1,2],31,15].
[[2,9,2,1,2,0,2,1,0],14,57].
[[3,9,2,1,2,1,2,2,1],15,89].
[[2,6,0,1,2,1,0,0,0],6,29].
[[3,6,0,1,1,1,2,3,2],2,2].
[[2,8,0,1,2,0,2,3,1],17,39].
[[3,9,2,1,2,1,2,2,2],0,11].
[[2,8,0,1,1,1,2,3,1],35,43].
[[2,8,1,1,1,1,1,1,1],21,14].
[[3,3,2,1,2,1,1,2,2],24,0].
[[2,7,0,0,0,0,2,1,1],1,0].
[[3,7,0,0,0,0,2,1,1],2,8].
[[2,3,1,0,0,0,2,3,2],5,0].
[[3,3,1,0,0,0,2,3,2],16,0].
[[3,8,0,0,0,0,2,1,0],11,81].
[[2,7,1,0,0,0,1,2,2],35,19].
[[2,9,2,1,2,0,1,2,1],28,93].
[[3,8,0,1,1,0,1,2,1],2,17].
[[2,8,0,1,2,0,2,2,2],4,22].
[[3,8,0,1,1,0,2,3,1],3,11].
[[1,6,1,1,2,1,0,0,0],49,5].
[[2,8,1,1,2,0,1,2,0],16,5].
[[3,8,1,1,1,0,1,2,0],10,10].
[[3,9,2,1,1,0,2,2,0],1,11].
[[3,7,1,1,2,0,2,3,1],103,56].
[[1,7,1,0,0,0,2,2,1],21,5].
[[2,7,1,0,0,0,2,2,1],91,31].
[[3,8,0,0,0,0,1,1,2],6,31].
[[3,3,1,1,2,1,2,2,1],18,1].
[[2,8,1,1,2,0,1,1,2],11,13].
[[3,8,1,1,1,0,1,1,2],4,7].
[[3,9,2,1,2,0,1,2,1],23,123].
[[3,7,1,1,1,0,2,2,1],2,8].
[[2,8,1,1,2,0,1,2,2],71,36].
[[2,5,0,0,0,0,1,2,0],46,2].
[[3,8,0,1,2,1,1,1,0],17,120].
[[1,8,0,1,2,1,2,2,0],33,41].
[[3,7,0,1,2,0,2,3,0],3,12].
[[2,8,1,1,1,1,2,1,1],22,9].
[[3,6,0,0,0,0,2,3,1],3,11].
[[2,8,1,1,2,0,2,1,0],22,8].
[[3,7,1,1,2,0,2,1,0],9,2].
[[3,7,0,0,0,0,2,2,2],6,13].
[[3,6,1,1,2,1,2,2,1],52,3].
[[1,7,2,1,2,1,1,2,2],7,2].
[[2,7,1,1,2,1,1,2,2],28,13].
[[3,7,1,1,1,1,1,2,2],38,12].
[[1,9,2,1,1,1,2,2,1],20,23].
[[3,8,0,1,1,1,1,1,1],9,28].
[[3,7,1,1,2,0,0,0,0],16,16].
[[2,8,0,1,2,1,1,1,0],11,32].
[[2,7,2,1,2,0,2,2,1],14,3].
[[3,3,2,1,2,0,2,2,1],6,0].
[[3,8,1,1,1,0,1,2,2],17,18].
[[1,7,1,1,2,1,2,1,1],1,4].
[[3,6,0,1,2,1,1,2,1],3,8].
[[3,8,1,1,1,1,2,3,0],14,12].
[[2,9,2,1,2,0,2,3,1],26,115].
[[2,8,0,0,0,0,1,1,0],8,36].
[[2,7,2,1,2,0,0,0,0],21,6].
[[2,7,2,1,2,1,2,2,1],24,2].
[[2,9,2,1,1,0,1,2,1],1,14].
[[3,9,2,1,1,0,1,2,2],1,32].
[[2,7,2,1,2,1,1,2,1],24,3].
[[3,6,1,0,0,0,1,2,2],21,1].
[[3,3,1,0,0,0,2,1,0],3,0].
[[1,7,2,0,0,0,2,2,1],34,1].
[[2,6,0,1,2,1,2,2,0],4,6].
[[3,6,0,1,2,1,2,2,0],4,22].
[[2,8,1,1,2,0,0,0,0],13,24].
[[3,5,0,0,0,0,1,2,2],14,0].
[[2,7,1,0,0,0,2,3,0],21,7].
[[3,8,0,1,1,1,1,1,2],3,21].
[[1,7,2,1,2,1,2,2,2],16,3].
[[2,7,2,1,2,1,2,2,2],57,12].
[[3,7,2,1,1,1,2,3,1],39,7].
[[3,3,2,1,2,1,0,0,0],22,0].
[[3,9,1,0,0,0,1,1,2],2,7].
[[2,7,2,1,2,0,2,2,2],21,4].
[[3,7,2,1,2,0,2,2,2],37,3].
[[1,8,1,1,2,0,2,2,1],26,11].
[[3,9,2,1,1,1,2,3,0],4,81].
[[2,6,1,1,2,1,1,2,1],16,0].
[[3,7,2,1,1,0,1,1,1],1,4].
[[3,3,2,0,0,0,1,2,2],7,0].
[[3,9,2,1,1,1,2,2,1],8,41].
[[1,9,2,1,2,0,1,2,2],14,30].
[[1,7,1,0,0,0,2,1,0],5,1].
[[2,3,1,0,0,0,2,1,0],1,0].
[[3,3,1,0,0,0,1,2,0],1,0].
[[3,9,2,1,2,0,1,1,1],7,40].
[[3,7,2,1,2,1,2,2,2],78,7].
[[2,7,2,1,2,0,1,2,2],24,4].
[[1,8,1,1,1,1,2,1,1],6,3].
[[3,7,0,1,1,1,1,2,1],2,8].
[[3,7,1,0,0,0,2,3,2],85,19].
[[3,8,1,1,2,0,1,2,0],40,7].
[[3,7,0,0,0,0,2,1,0],3,10].
[[3,9,1,1,2,1,2,2,0],9,34].
[[2,5,0,0,0,0,1,1,0],28,3].
[[3,9,1,1,1,1,1,2,1],18,48].
[[3,7,0,1,2,0,1,2,1],0,6].
[[3,4,1,1,2,0,2,1,0],20,3].
[[3,7,0,1,1,1,2,3,1],8,17].
[[2,6,1,1,2,1,0,0,0],52,4].
[[3,7,1,0,0,0,1,2,0],19,0].
[[2,7,0,0,0,0,2,3,1],3,10].
[[3,8,0,0,0,0,2,1,1],9,31].
[[2,7,1,1,2,1,2,1,1],34,12].
[[2,3,1,1,2,1,0,0,0],14,3].
[[3,7,2,1,1,0,2,2,2],7,2].
[[3,8,0,1,2,0,2,3,2],1,18].
[[3,6,0,0,0,0,0,0,0],3,12].
[[2,7,1,1,2,0,2,3,0],6,4].
[[1,8,1,0,0,0,2,2,0],119,26].
[[2,6,1,1,2,0,0,0,0],18,4].
[[3,6,1,1,1,0,2,3,1],3,1].
[[3,9,2,1,2,0,2,1,1],4,12].
[[1,5,0,1,2,1,1,1,2],15,1].
[[1,5,0,0,0,0,2,3,0],6,0].
[[2,5,0,0,0,0,2,3,0],14,0].
[[3,5,0,0,0,0,2,3,0],17,0].
[[2,3,2,1,2,0,0,0,0],3,0].
[[3,3,2,1,1,0,2,2,2],2,0].
[[2,7,1,0,0,0,1,1,2],12,1].
[[3,7,1,1,2,0,1,2,1],53,25].
[[3,6,1,0,0,0,1,1,1],11,4].
[[3,3,1,0,0,0,2,2,2],9,2].
[[1,8,0,1,2,1,2,1,1],7,14].
[[2,8,0,1,2,1,1,1,1],14,36].
[[3,8,1,1,1,1,1,1,2],24,13].
[[3,6,1,1,2,0,1,2,1],25,4].
[[3,6,1,1,2,0,2,1,1],9,3].
[[3,7,1,1,2,0,2,2,0],16,6].
[[1,9,2,1,2,0,2,2,1],10,25].
[[3,6,0,1,2,1,2,2,2],4,16].
[[1,8,1,1,1,1,1,1,1],3,3].
[[3,8,1,1,1,1,1,1,0],21,13].
[[3,7,2,0,0,0,2,2,2],36,6].
[[2,8,0,1,2,0,2,1,0],5,19].
[[3,8,1,1,1,1,2,3,2],18,8].
[[2,4,1,1,2,0,1,2,1],17,4].
[[2,6,1,1,2,0,2,2,1],7,0].
[[3,6,1,1,2,0,2,2,1],15,2].
[[2,7,1,1,2,1,2,2,1],60,20].
[[1,8,1,1,1,1,2,3,1],29,11].
[[2,7,2,1,1,1,2,2,2],6,1].
[[3,3,2,1,1,1,2,2,2],6,0].
[[1,6,1,0,0,0,2,3,1],42,1].
[[1,7,1,1,2,1,2,3,1],10,0].
[[3,8,0,1,2,0,0,0,0],1,22].
[[3,7,1,1,2,1,2,3,0],31,26].
[[2,5,0,1,2,0,1,2,0],10,1].
[[3,6,1,1,2,0,2,3,0],5,0].
[[2,5,0,0,0,0,1,2,2],4,1].
[[3,5,0,1,2,0,1,2,2],12,2].
[[2,7,1,0,0,0,1,2,1],38,14].
[[2,4,1,1,2,0,2,3,1],14,2].
[[2,7,2,1,1,1,1,2,2],6,2].
[[3,5,0,1,1,0,1,1,2],5,6].
[[3,4,1,1,2,0,2,2,1],38,4].
[[3,8,0,1,2,1,2,1,0],28,217].
[[2,9,2,1,1,1,0,0,0],6,40].
[[2,9,2,1,1,1,1,1,0],22,19].
[[3,4,1,1,2,0,1,1,0],26,4].
[[2,9,2,1,1,0,1,2,2],1,3].
[[1,8,0,0,0,0,1,1,2],14,22].
[[3,7,1,1,2,1,1,1,2],41,11].
[[3,6,0,1,2,1,0,0,0],3,29].
[[2,8,0,1,2,1,2,1,1],15,49].
[[2,5,0,1,1,0,1,2,0],0,1].
[[3,5,0,1,1,0,1,2,0],5,2].
[[2,4,1,1,2,0,0,0,0],5,0].
[[3,4,1,1,2,0,0,0,0],9,1].
[[3,7,0,1,2,1,1,1,0],2,12].
[[1,7,1,1,2,1,2,2,2],7,6].
[[2,7,1,1,1,1,1,2,2],3,1].
[[3,3,1,1,2,0,0,0,0],14,4].
[[2,8,0,1,2,0,1,2,0],7,10].
[[3,7,0,0,0,0,2,3,1],8,27].
[[2,7,2,1,2,0,2,3,1],28,12].
[[2,7,2,1,2,0,1,2,1],7,2].
[[2,9,1,1,1,1,2,1,1],1,0].
[[3,8,0,1,1,1,2,1,1],9,30].
[[3,6,0,1,2,1,1,1,2],1,6].
[[2,9,1,0,0,0,1,1,1],4,4].
[[3,9,1,0,0,0,1,1,1],1,5].
[[1,8,1,1,2,0,2,3,2],27,21].
[[2,6,1,1,1,1,2,2,2],8,0].
[[3,8,1,1,2,0,1,1,2],25,13].
[[1,9,2,1,1,1,1,1,2],8,6].
[[2,9,2,1,1,1,1,1,2],11,12].
[[3,9,2,1,2,0,2,3,0],4,66].
[[3,6,0,1,2,0,2,3,0],3,3].
[[3,8,1,0,0,0,1,1,0],19,31].
[[3,7,1,1,1,1,2,3,0],10,6].
[[3,6,0,1,2,1,2,3,1],11,26].
[[2,6,1,1,2,1,2,2,1],31,2].
[[2,3,1,1,2,1,2,3,1],2,0].
[[3,3,1,1,1,1,2,3,1],8,2].
[[3,7,1,1,1,0,1,2,1],12,11].
[[3,6,1,1,2,0,2,3,2],15,2].
[[2,7,1,1,1,1,2,2,1],13,3].
[[3,6,1,1,1,1,0,0,0],5,0].
[[1,8,1,1,2,0,1,2,2],16,4].
[[1,8,1,1,2,0,2,2,2],36,18].
[[2,6,1,1,2,0,2,2,2],11,2].
[[2,3,2,0,0,0,0,0,0],31,1].
[[2,9,2,1,1,1,2,1,1],8,18].
[[3,9,2,1,2,0,2,3,1],10,50].
[[1,8,0,1,2,1,1,1,2],4,5].
[[2,7,1,1,2,0,2,2,0],3,0].
[[3,8,0,1,2,0,1,1,1],8,34].
[[2,7,2,1,2,0,2,3,2],20,5].
[[2,8,0,1,1,1,1,2,2],13,15].
[[1,5,0,1,2,1,2,2,0],18,1].
[[2,9,2,1,2,0,1,2,0],28,46].
[[3,3,2,1,2,1,1,2,1],11,0].
[[3,8,1,1,2,0,2,1,0],18,12].
[[3,8,1,1,2,0,0,0,0],0,5].
[[1,8,1,0,0,0,1,1,0],14,7].
[[2,6,1,0,0,0,1,1,0],2,0].
[[3,2,1,0,0,0,1,1,0],1,0].
[[1,8,1,1,2,1,1,1,0],6,1].
[[3,6,1,1,2,1,1,1,0],6,2].
[[3,3,2,0,0,0,2,3,1],15,0].
[[3,7,0,1,1,1,1,2,2],0,12].
[[1,7,1,0,0,0,1,2,1],9,2].
[[2,7,1,1,1,1,2,2,2],14,5].
[[2,5,0,1,2,0,1,1,2],19,2].
[[3,3,1,1,2,1,2,3,1],41,5].
[[2,8,0,1,1,1,2,2,0],20,20].
[[3,7,0,1,2,1,1,2,0],7,12].
[[2,8,1,1,2,0,1,1,0],7,4].
[[2,7,1,1,2,0,2,1,0],3,0].
[[3,8,0,1,1,1,2,2,2],6,38].
[[1,8,1,1,2,0,1,2,1],11,15].
[[2,6,1,1,2,0,1,2,1],2,3].
[[3,3,1,0,0,0,2,2,1],7,2].
[[1,8,1,1,2,0,2,3,0],8,5].
[[2,6,1,0,0,0,1,2,1],19,2].
[[3,8,0,1,2,0,2,2,2],6,20].
[[3,8,1,1,2,1,0,0,0],0,14].
[[3,9,2,1,1,0,1,1,0],2,10].
[[3,4,1,1,2,0,1,1,2],17,4].
[[2,6,0,1,2,1,2,2,1],1,4].
[[2,6,1,1,2,0,2,3,2],2,0].
[[3,3,1,1,2,0,2,3,2],7,0].
[[3,7,0,0,0,0,1,1,2],0,5].
[[3,7,1,1,2,0,1,2,0],11,1].
[[3,3,1,1,1,1,2,2,2],3,0].
[[2,5,0,1,2,1,1,2,2],7,0].
[[3,5,0,1,2,1,1,2,2],24,1].
[[2,9,2,1,1,0,2,3,0],4,6].
[[3,8,0,1,1,0,2,3,0],1,8].
[[3,7,2,1,1,0,2,3,1],6,7].
[[2,6,1,1,2,1,2,3,2],32,3].
[[3,7,0,0,0,0,2,3,0],2,15].
[[3,6,1,0,0,0,2,2,2],18,0].
[[2,7,1,1,2,0,0,0,0],26,17].
[[1,8,1,1,2,0,2,2,0],3,5].
[[3,7,1,1,1,0,2,2,0],1,2].
[[2,7,1,0,0,0,2,1,1],48,19].
[[3,7,0,1,2,1,2,1,1],5,10].
[[3,7,2,1,2,1,2,3,0],3,1].
[[2,7,2,1,1,1,2,3,1],7,1].
[[3,3,2,1,1,1,2,3,1],2,0].
[[3,4,1,1,2,0,2,3,2],13,0].
[[2,9,1,1,2,1,1,2,0],4,5].
[[3,9,1,1,2,1,1,1,0],2,19].
[[2,6,0,0,0,0,2,3,2],6,12].
[[3,9,2,1,1,0,1,1,2],0,4].
[[2,7,2,1,2,1,2,1,1],10,2].
[[3,3,2,1,2,1,2,1,1],3,0].
[[3,7,1,1,1,1,2,3,2],38,15].
[[2,6,1,0,0,0,1,1,1],7,2].
[[3,6,1,1,2,0,1,1,1],5,4].
[[3,8,1,1,1,0,1,1,1],4,12].
[[2,7,1,1,2,1,2,3,0],18,5].
[[2,5,0,1,2,1,2,2,0],48,0].
[[2,7,0,1,2,1,2,2,0],5,4].
[[3,7,0,1,1,1,2,2,0],5,7].
[[3,5,0,1,1,1,1,2,2],6,1].
[[1,8,1,1,2,0,2,1,1],12,9].
[[2,7,1,1,2,0,2,1,1],6,7].
[[2,7,0,1,2,1,1,2,2],1,5].
[[3,7,2,1,1,1,2,2,2],16,0].
[[1,8,0,1,2,1,2,1,0],14,25].
[[1,8,1,1,2,0,2,1,0],9,2].
[[3,5,0,1,1,1,2,2,0],30,3].
[[3,6,1,1,2,0,1,2,0],5,0].
[[2,5,0,1,1,1,2,2,0],13,1].
[[3,7,1,1,1,1,1,2,0],9,1].
[[2,9,2,1,1,0,2,2,1],0,8].
[[3,9,2,1,1,0,2,2,1],0,13].
[[2,9,1,1,1,1,2,1,0],2,2].
[[3,3,2,0,0,0,0,0,0],20,0].
[[2,7,1,1,2,1,2,2,0],15,7].
[[3,9,2,0,0,0,2,1,1],2,13].
[[1,5,0,0,0,0,1,2,0],13,2].
[[2,7,2,1,1,1,0,0,0],7,1].
[[1,9,2,1,2,0,1,1,0],3,5].
[[3,9,2,1,2,0,1,1,0],7,55].
[[2,6,1,1,2,0,2,3,1],12,2].
[[3,6,1,1,1,0,1,2,1],4,2].
[[3,6,1,1,2,0,0,0,0],11,0].
[[3,7,0,1,2,0,0,0,0],4,9].
[[2,3,2,1,2,1,2,2,2],4,0].
[[3,3,2,1,2,1,1,1,2],4,0].
[[1,9,2,1,2,0,1,1,1],1,8].
[[2,8,0,1,2,0,1,1,1],0,4].
[[2,9,1,1,2,1,2,1,0],10,16].
[[1,8,1,1,1,1,1,2,1],3,2].
[[2,5,0,1,2,0,1,2,2],0,1].
[[3,5,0,1,1,0,1,2,2],0,1].
[[3,8,0,1,1,0,0,0,0],0,3].
[[3,7,1,1,2,0,2,3,0],14,4].
[[3,6,0,0,0,0,1,2,0],2,2].
[[1,8,0,0,0,0,1,2,0],12,14].
[[2,6,0,0,0,0,2,3,1],2,11].
[[2,7,0,1,2,1,1,1,2],1,0].
[[2,9,1,1,1,0,1,1,1],0,1].
[[3,9,1,1,1,1,1,1,0],1,12].
[[3,6,0,1,2,1,2,2,1],4,18].
[[1,9,2,1,2,0,2,1,0],12,21].
[[3,9,1,1,2,0,1,1,0],0,14].
[[1,3,2,0,0,0,2,3,1],2,0].
[[2,3,2,0,0,0,1,2,1],2,0].
[[3,3,2,0,0,0,1,1,1],4,0].
[[1,9,2,1,1,1,1,2,1],17,12].
[[2,9,1,0,0,0,1,1,2],2,6].
[[1,7,2,1,2,1,2,1,0],1,0].
[[1,8,1,1,2,1,1,1,2],19,7].
[[2,8,1,1,1,1,1,1,2],9,7].
[[3,7,1,1,1,1,1,1,2],7,13].
[[1,8,1,1,2,1,1,2,0],6,4].
[[2,4,1,1,2,0,1,1,0],2,2].
[[1,7,1,0,0,0,2,1,1],14,8].
[[2,8,1,1,1,1,2,1,0],10,8].
[[2,3,1,1,2,1,2,2,2],3,0].
[[3,6,0,0,0,0,2,2,2],1,5].
[[1,8,1,1,1,1,2,2,2],20,4].
[[2,6,0,0,0,0,2,1,0],2,3].
[[3,3,2,1,2,0,2,3,1],7,0].
[[3,7,1,1,1,0,2,3,2],2,6].
[[1,6,1,1,2,1,2,2,2],13,0].
[[2,6,1,1,2,1,1,2,2],16,1].
[[3,6,1,1,2,1,1,2,2],48,0].
[[2,7,2,1,1,0,2,2,2],4,1].
[[2,8,1,1,1,0,0,0,0],0,5].
[[3,8,1,1,1,0,0,0,0],0,1].
[[1,8,1,1,2,1,1,1,1],20,21].
[[2,6,1,1,1,1,2,2,0],2,0].
[[3,6,1,1,1,1,2,2,0],5,0].
[[3,2,1,1,2,1,2,2,2],4,0].
[[2,9,2,1,2,0,0,0,0],2,33].
[[2,7,1,1,2,0,1,2,1],8,2].
[[3,9,1,1,1,1,2,3,0],0,8].
[[2,3,2,1,2,1,0,0,0],15,0].
[[3,8,1,1,2,1,1,1,0],37,46].
[[1,8,0,1,2,1,1,2,0],7,7].
[[3,8,1,0,0,0,1,2,0],47,12].
[[3,9,2,0,0,0,2,2,2],0,3].
[[3,7,1,1,2,0,1,1,0],3,2].
[[3,7,0,0,0,0,2,3,2],2,12].
[[3,7,0,1,2,1,1,1,2],1,12].
[[2,7,2,1,2,1,1,1,2],10,4].
[[3,8,1,0,0,0,2,1,0],15,13].
[[3,3,1,1,2,0,2,2,2],15,1].
[[2,5,0,1,1,1,1,1,2],15,3].
[[2,6,1,1,2,1,2,2,0],6,0].
[[1,6,1,0,0,0,2,3,0],9,0].
[[3,8,1,1,1,0,2,1,0],3,4].
[[3,6,0,1,2,1,2,1,0],5,10].
[[3,9,1,1,2,1,1,1,1],9,21].
[[3,4,1,1,2,0,2,2,2],13,1].
[[3,7,2,1,1,1,2,1,1],2,2].
[[1,9,2,1,2,0,1,2,1],8,13].
[[3,8,1,0,0,0,2,3,2],34,17].
[[3,8,1,1,1,1,2,2,0],14,15].
[[1,8,0,1,2,1,1,1,1],0,2].
[[3,3,2,1,2,0,2,2,2],9,0].
[[3,5,0,1,2,0,2,2,0],26,0].
[[3,7,0,0,0,0,1,2,2],2,11].
[[1,8,0,0,0,0,1,1,1],3,7].
[[2,7,0,0,0,0,1,1,1],0,1].
[[3,7,0,0,0,0,1,1,1],2,2].
[[3,3,2,1,1,0,2,1,1],1,0].
[[2,7,1,1,2,0,2,2,1],17,8].
[[3,7,2,1,2,1,1,2,0],3,0].
[[3,7,2,0,0,0,0,0,0],11,3].
[[3,7,1,1,1,0,0,0,0],3,3].
[[2,7,1,1,1,1,1,2,1],5,1].
[[3,6,1,1,1,1,2,2,2],8,2].
[[2,7,2,1,1,0,1,2,2],3,2].
[[3,3,2,1,1,0,1,2,2],1,0].
[[3,6,1,1,2,1,1,1,1],18,2].
[[2,8,1,1,2,0,2,2,0],29,11].
[[2,5,0,1,1,1,1,1,0],3,0].
[[3,8,1,0,0,0,0,0,0],0,6].
[[2,8,1,1,1,1,2,2,0],18,6].
[[2,8,0,1,2,0,1,1,2],4,16].
[[3,7,2,1,1,1,1,2,1],24,3].
[[3,6,1,1,2,1,2,1,1],18,0].
[[3,3,1,0,0,0,1,2,1],6,0].
[[3,7,2,1,1,0,1,2,2],11,10].
[[2,7,1,1,2,1,1,1,1],11,4].
[[1,6,0,0,0,0,2,3,2],4,3].
[[3,3,1,0,0,0,1,2,2],6,0].
[[2,4,1,1,2,0,2,3,2],8,2].
[[3,7,0,1,2,0,2,2,1],4,7].
[[3,2,1,0,0,0,2,2,1],2,0].
[[1,8,1,1,1,1,1,2,2],6,2].
[[2,7,0,0,0,0,2,2,0],3,6].
[[3,7,0,0,0,0,2,2,0],6,19].
[[2,3,1,0,0,0,2,2,0],1,0].
[[3,3,1,0,0,0,2,2,0],4,0].
[[3,8,1,1,2,0,2,3,2],25,15].
[[2,6,1,0,0,0,2,1,0],8,0].
[[3,6,1,0,0,0,2,1,0],4,0].
[[2,7,2,0,0,0,2,1,1],11,1].
[[3,8,1,1,2,0,2,2,0],18,11].
[[1,7,2,1,2,1,2,3,1],12,1].
[[2,6,0,0,0,0,2,2,2],5,7].
[[3,6,0,1,2,0,1,2,2],1,4].
[[3,8,1,1,1,0,2,3,2],1,2].
[[3,8,0,1,1,0,1,1,0],0,6].
[[3,9,2,1,2,1,0,0,0],0,9].
[[2,8,0,1,1,1,1,1,1],3,2].
[[3,7,0,1,1,1,1,1,1],0,1].
[[2,9,2,1,1,0,1,1,1],1,3].
[[1,7,1,1,2,1,2,3,2],7,4].
[[1,3,2,0,0,0,0,0,0],23,0].
[[3,3,2,1,2,0,0,0,0],9,0].
[[3,7,2,1,2,0,2,1,1],3,2].
[[3,7,0,1,2,0,2,3,1],0,7].
[[3,7,1,1,1,0,2,1,1],1,1].
[[2,9,1,1,2,1,2,3,0],5,1].
[[2,8,1,1,1,1,1,2,0],6,2].
[[3,7,0,1,2,1,1,2,1],6,19].
[[3,6,0,1,2,0,2,1,0],1,1].
[[3,3,2,0,0,0,2,3,2],18,0].
[[3,3,2,1,2,0,1,2,2],13,0].
[[3,8,1,0,0,0,2,2,2],42,14].
[[2,7,1,1,2,0,2,2,2],20,8].
[[1,5,0,1,2,0,2,2,0],2,0].
[[2,5,0,1,2,0,2,2,0],6,0].
[[2,7,1,1,2,0,1,2,2],6,1].
[[3,7,1,1,1,0,1,1,1],6,5].
[[3,9,1,1,1,1,1,2,0],4,2].
[[2,7,1,1,2,1,1,1,2],9,3].
[[3,8,0,1,1,0,2,3,2],0,4].
[[3,8,0,1,1,0,2,1,1],1,1].
[[2,6,1,0,0,0,2,2,0],7,0].
[[1,8,1,1,1,1,2,2,0],6,1].
[[2,7,1,1,1,1,2,2,0],3,1].
[[3,7,1,1,1,1,2,2,0],18,3].
[[2,9,2,1,1,0,1,2,0],1,5].
[[3,4,0,1,2,0,1,2,0],0,2].
[[3,9,1,1,1,1,1,1,1],2,7].
[[2,7,0,1,2,1,2,2,2],5,11].
[[3,6,1,1,2,0,2,3,1],32,2].
[[2,9,1,0,0,0,2,3,0],1,10].
[[2,8,1,1,1,1,2,3,0],11,5].
[[3,3,1,1,2,0,2,2,1],7,1].
[[3,3,1,1,2,1,1,2,2],11,0].
[[3,7,2,1,1,0,2,3,2],7,6].
[[3,3,1,1,2,1,2,1,0],6,0].
[[3,7,1,1,1,1,2,1,0],16,5].
[[2,6,0,0,0,0,1,2,0],1,0].
[[3,6,0,1,2,1,1,2,0],2,3].
[[2,3,1,0,0,0,2,2,2],9,0].
[[2,7,0,0,0,0,2,2,2],1,7].
[[3,2,1,1,2,1,1,2,1],2,0].
[[2,7,1,0,0,0,1,1,1],11,12].
[[2,7,2,1,1,0,2,3,2],1,3].
[[2,9,1,1,2,1,1,1,1],5,3].
[[3,6,1,1,1,1,2,3,2],9,1].
[[2,7,0,1,2,1,2,3,1],5,6].
[[3,7,2,0,0,0,2,2,0],1,1].
[[2,8,1,1,1,0,2,3,2],1,2].
[[3,6,1,1,1,1,1,2,2],17,2].
[[3,4,1,1,2,0,2,1,1],13,0].
[[3,6,0,1,2,0,0,0,0],0,4].
[[3,7,1,1,1,0,2,2,2],5,4].
[[2,8,1,0,0,0,1,1,0],25,20].
[[2,5,0,1,1,1,1,2,0],11,1].
[[2,7,1,1,1,1,2,3,2],9,3].
[[3,9,2,1,1,0,2,3,1],1,12].
[[3,9,1,1,1,1,0,0,0],0,1].
[[2,7,2,1,2,0,1,1,2],1,3].
[[3,7,2,1,2,0,1,1,2],14,7].
[[3,7,2,1,1,0,1,1,2],1,2].
[[3,6,1,1,2,0,1,1,2],2,0].
[[3,7,0,1,2,1,1,1,1],0,7].
[[1,7,1,0,0,0,1,2,2],0,1].
[[1,7,2,1,2,0,0,0,0],14,5].
[[2,6,1,1,2,0,1,2,2],5,1].
[[3,6,1,1,2,0,2,1,0],7,0].
[[3,6,0,1,2,0,2,3,2],1,6].
[[2,8,1,1,1,0,2,3,1],5,9].
[[3,6,0,1,1,1,0,0,0],1,6].
[[3,7,1,1,1,1,0,0,0],14,14].
[[3,7,1,1,1,0,1,2,2],5,2].
[[2,3,2,1,2,1,2,3,2],4,0].
[[3,3,2,1,2,1,2,3,2],19,0].
[[3,8,0,1,1,0,2,2,1],0,9].
[[2,7,0,0,0,0,2,1,0],1,2].
[[2,9,1,1,1,1,1,1,0],0,2].
[[1,6,1,1,2,1,2,2,1],6,0].
[[2,8,1,1,1,0,2,2,0],0,1].
[[3,6,0,1,2,0,1,2,0],1,1].
[[2,5,0,1,1,1,1,1,1],12,2].
[[1,7,2,0,0,0,1,2,1],8,6].
[[3,3,2,1,1,1,1,2,2],2,0].
[[3,8,0,1,1,0,1,2,0],1,6].
[[3,6,1,1,2,1,1,1,2],6,0].
[[3,3,1,1,2,1,2,3,2],23,2].
[[1,7,1,0,0,0,1,1,1],2,2].
[[3,7,0,1,2,0,2,1,1],0,1].
[[1,5,0,1,2,1,2,3,0],5,0].
[[2,5,0,1,1,1,2,3,0],4,1].
[[1,5,0,1,2,1,1,1,1],14,1].
[[2,8,0,1,2,0,2,1,1],2,6].
[[2,3,2,0,0,0,2,3,2],18,0].
[[3,8,0,1,1,0,1,2,2],2,17].
[[3,9,1,1,1,0,1,2,1],1,9].
[[3,5,0,1,2,0,1,1,0],32,3].
[[2,6,0,0,0,0,2,2,1],5,5].
[[3,6,0,0,0,0,1,2,1],2,3].
[[2,6,1,1,1,1,2,3,2],3,1].
[[2,6,1,0,0,0,1,2,0],7,0].
[[1,8,1,1,1,1,2,1,0],2,3].
[[3,7,2,0,0,0,2,1,1],6,2].
[[2,3,2,0,0,0,1,2,2],5,0].
[[1,7,2,1,2,1,2,2,1],3,1].
[[2,3,2,1,2,1,2,2,1],3,0].
[[3,2,1,0,0,0,0,0,0],6,0].
[[2,7,0,0,0,0,2,3,2],2,3].
[[3,7,0,1,2,0,2,3,2],3,3].
[[2,6,1,1,2,1,2,1,0],5,0].
[[3,6,1,1,2,1,2,1,0],11,0].
[[3,6,1,1,1,0,0,0,0],1,1].
[[3,6,1,1,1,1,2,1,1],6,1].
[[3,9,2,1,1,1,0,0,0],0,4].
[[1,5,0,1,2,1,1,2,1],3,0].
[[3,7,2,0,0,0,1,2,0],4,0].
[[1,7,1,1,2,1,2,2,1],10,3].
[[3,6,0,1,1,1,1,2,1],1,4].
[[2,3,1,1,2,1,2,3,2],4,0].
[[3,3,1,1,2,1,2,1,1],9,1].
[[2,6,0,1,2,1,2,1,0],2,0].
[[3,6,1,1,2,1,2,2,0],14,0].
[[2,9,2,1,1,0,2,2,0],1,6].
[[1,7,2,1,2,1,1,1,2],1,1].
[[3,6,1,0,0,0,2,3,2],12,1].
[[3,7,2,0,0,0,2,3,0],3,0].
[[3,3,1,1,2,0,2,1,1],1,0].
[[2,6,0,1,2,1,2,3,0],1,3].
[[3,6,0,1,1,1,2,3,0],4,4].
[[1,8,0,0,0,0,1,1,0],0,7].
[[2,7,1,1,2,0,1,1,0],0,1].
[[3,7,1,1,1,0,1,1,0],0,2].
[[3,9,1,1,1,1,2,1,0],5,14].
[[2,7,2,0,0,0,1,1,1],9,10].
[[3,3,2,1,2,1,2,3,1],12,0].
[[3,3,1,1,1,1,2,2,0],1,1].
[[3,9,1,1,2,1,0,0,0],0,2].
[[2,5,0,1,2,0,1,1,0],4,1].
[[3,5,0,1,1,0,1,1,0],3,2].
[[2,9,1,1,1,1,0,0,0],0,1].
[[1,8,1,1,1,1,2,3,0],4,1].
[[3,5,0,1,2,0,2,3,0],10,0].
[[3,7,2,1,2,1,2,1,1],12,1].
[[3,3,2,1,2,0,2,3,2],4,0].
[[3,9,2,1,1,1,2,1,1],0,15].
[[2,7,2,1,1,1,1,1,2],2,0].
[[3,5,0,1,2,0,2,1,0],1,0].
[[2,6,1,1,1,1,1,2,2],5,0].
[[2,3,2,0,0,0,2,3,1],8,0].
[[1,6,1,0,0,0,1,2,1],2,1].
[[3,7,1,1,1,1,2,1,1],16,13].
[[3,7,0,1,2,0,2,2,0],1,9].
[[2,7,0,1,2,1,2,2,1],2,3].
[[2,7,0,0,0,0,2,3,0],3,9].
[[2,9,1,0,0,0,1,1,0],1,14].
[[2,2,1,1,2,1,2,2,1],1,0].
[[3,2,1,1,2,1,1,1,1],1,0].
[[2,3,1,1,2,1,2,2,1],1,0].
[[3,3,1,1,1,1,2,2,1],7,0].
[[3,7,0,0,0,0,1,2,1],2,11].
[[2,7,2,1,1,0,0,0,0],3,1].
[[3,7,2,1,1,0,0,0,0],3,1].
[[1,7,1,1,2,1,1,2,1],1,0].
[[2,7,1,1,1,1,1,1,1],2,1].
[[3,6,1,1,1,0,2,2,2],3,2].
[[3,7,0,1,1,1,2,2,1],2,3].
[[3,5,0,1,2,1,2,1,0],2,0].
[[2,5,0,1,2,0,2,3,0],6,0].
[[2,3,1,0,0,0,2,2,1],4,0].
[[2,2,1,0,0,0,0,0,0],7,0].
[[2,9,2,1,1,0,2,2,2],0,2].
[[3,8,0,1,1,0,2,2,2],0,4].
[[2,4,1,1,2,0,1,2,0],8,1].
[[3,8,0,1,1,0,1,1,1],0,3].
[[3,6,1,1,1,1,1,2,1],18,0].
[[3,7,1,1,1,0,2,3,1],10,14].
[[3,6,1,0,0,0,2,2,0],6,0].
[[3,6,0,1,2,0,2,2,2],2,3].
[[3,6,0,1,2,1,1,1,0],0,2].
[[2,9,2,1,1,0,1,1,2],1,1].
[[2,6,0,1,2,1,2,1,1],0,1].
[[3,6,0,1,2,1,2,1,1],2,3].
[[1,7,1,1,2,1,2,3,0],1,0].
[[3,6,0,1,2,0,2,3,1],2,4].
[[3,7,0,1,2,0,1,2,0],2,4].
[[3,6,0,0,0,0,2,2,1],4,8].
[[3,3,0,1,2,1,2,3,0],0,1].
[[3,7,2,1,2,1,1,1,0],1,2].
[[2,8,0,1,1,1,1,1,2],3,7].
[[3,7,0,1,1,1,1,1,2],0,1].
[[3,9,2,1,1,0,1,1,1],0,11].
[[3,7,2,1,2,0,1,1,0],3,3].
[[3,2,1,1,2,0,0,0,0],1,0].
[[3,7,0,1,1,1,2,3,2],0,4].
[[2,7,2,0,0,0,2,1,0],1,0].
[[3,7,0,1,2,0,1,1,0],0,1].
[[3,6,0,0,0,0,2,3,0],2,10].
[[3,6,0,1,1,1,2,2,2],1,2].
[[3,7,0,0,0,0,1,2,0],9,5].
[[3,6,0,1,2,0,1,1,2],2,4].
[[3,7,0,1,1,1,2,3,0],3,7].
[[3,5,0,1,1,0,2,1,0],1,0].
[[2,9,1,1,2,1,2,2,0],4,13].
[[2,7,0,1,2,1,2,1,1],1,2].
[[2,7,1,1,1,1,2,3,0],2,0].
[[2,6,0,1,2,1,1,2,0],1,1].
[[2,8,0,1,1,1,2,2,2],10,12].
[[3,9,1,0,0,0,2,3,1],0,2].
[[2,9,1,1,2,0,2,1,0],1,4].
[[3,8,1,1,1,0,2,1,1],3,5].
[[3,9,2,1,1,0,2,1,1],1,3].
[[2,6,0,0,0,0,1,1,2],1,1].
[[3,7,2,1,2,0,1,2,0],2,0].
[[2,6,0,1,2,1,2,3,2],2,5].
[[3,3,1,1,1,1,2,3,2],3,0].
[[3,6,0,0,0,0,2,1,0],1,7].
[[3,9,1,1,2,0,1,2,0],3,3].
[[1,7,2,1,2,1,2,1,1],1,0].
[[1,6,1,1,2,1,2,3,0],2,0].
[[3,7,0,1,1,1,2,1,1],0,5].
[[2,8,0,1,1,1,2,1,1],1,5].
[[1,7,2,0,0,0,1,1,2],9,2].
[[2,7,2,1,2,1,1,1,1],7,3].
[[2,6,0,0,0,0,1,1,1],1,0].
[[3,7,2,0,0,0,1,1,0],2,4].
[[2,7,2,0,0,0,2,3,0],1,0].
[[1,6,1,1,2,1,2,1,1],5,0].
[[3,6,1,1,1,1,1,1,1],2,1].
[[3,9,1,1,1,0,2,1,0],0,3].
[[2,4,1,1,2,0,2,1,0],2,0].
[[1,8,1,1,2,0,1,1,1],0,1].
[[2,7,1,1,2,0,1,1,1],2,2].
[[3,7,0,1,2,0,1,1,1],0,1].
[[3,7,0,1,2,0,2,2,2],1,5].
[[2,9,1,1,1,1,1,2,1],6,4].
[[1,7,2,0,0,0,1,1,1],6,1].
[[2,3,2,0,0,0,1,1,1],2,0].
[[3,3,2,1,2,1,1,1,1],5,0].
[[3,3,1,1,2,0,2,3,1],7,2].
[[2,6,1,1,2,1,1,1,1],4,1].
[[3,6,0,0,0,0,1,2,2],2,7].
[[2,7,1,1,1,1,2,1,1],4,2].
[[2,2,1,1,2,1,2,3,0],1,0].
[[3,2,1,1,1,1,2,3,0],1,0].
[[3,8,0,1,1,0,1,1,2],0,6].
[[1,5,0,1,1,1,1,1,1],1,0].
[[1,7,2,1,2,1,1,2,1],4,0].
[[2,3,2,1,2,1,1,2,1],1,0].
[[3,6,0,0,0,0,2,2,0],4,6].
[[1,8,1,1,2,0,1,2,0],2,1].
[[2,7,1,1,2,0,1,2,0],1,1].
[[3,8,1,1,1,0,2,2,0],2,7].
[[3,7,2,1,2,0,2,2,0],2,0].
[[3,3,2,0,0,0,1,2,1],7,0].
[[3,9,1,1,2,0,2,3,0],0,8].
[[3,6,1,0,0,0,0,0,0],9,1].
[[1,8,0,1,2,1,1,1,0],1,2].
[[3,9,1,1,2,0,2,2,0],2,8].
[[3,8,1,1,1,1,0,0,0],0,3].
[[1,3,2,0,0,0,2,1,1],1,0].
[[2,3,2,1,2,1,1,1,1],1,0].
[[3,7,1,0,0,0,1,1,0],9,2].
[[3,6,0,1,1,1,1,1,2],0,3].
[[2,9,2,1,1,0,2,1,1],0,3].
[[3,4,0,1,2,0,1,2,1],0,4].
[[1,7,1,0,0,0,2,3,0],3,0].
[[2,3,1,0,0,0,2,3,0],1,0].
[[3,3,1,0,0,0,2,3,0],3,0].
[[3,6,1,1,1,0,2,3,0],1,0].
[[1,6,0,0,0,0,2,2,2],3,5].
[[3,2,1,1,2,1,0,0,0],5,0].
[[3,3,1,1,1,1,0,0,0],2,0].
[[2,6,0,1,2,1,2,2,2],1,9].
[[3,3,1,1,2,1,2,2,0],3,0].
[[3,3,1,1,2,0,1,2,2],1,0].
[[2,6,1,1,1,1,1,2,1],2,0].
[[3,9,2,1,1,1,2,2,2],2,1].
[[3,8,1,1,1,0,2,3,0],0,6].
[[2,3,1,0,0,0,2,3,1],4,0].
[[1,7,2,0,0,0,2,2,0],1,0].
[[2,3,2,0,0,0,2,2,0],1,0].
[[1,5,0,1,1,1,1,1,2],0,1].
[[2,5,0,1,2,1,1,1,0],12,0].
[[3,3,2,1,1,1,2,3,2],3,0].
[[2,6,1,1,2,0,2,2,0],1,0].
[[3,6,1,1,2,0,1,1,0],1,1].
[[3,6,0,1,1,1,2,1,1],0,2].
[[3,9,1,1,1,0,2,2,0],1,1].
[[3,9,1,1,1,0,1,1,1],0,1].
[[3,3,1,0,0,0,1,1,2],2,0].
[[2,7,2,1,2,0,1,2,0],0,1].
[[3,7,2,1,1,0,1,2,0],0,1].
[[2,2,1,0,0,0,2,3,1],2,0].
[[3,2,1,1,2,0,2,3,1],1,0].
[[3,7,2,1,2,0,2,1,0],1,0].
[[1,7,2,1,2,0,2,1,1],1,0].
[[3,7,0,0,0,0,2,2,1],2,7].
[[3,7,0,1,1,1,2,1,0],0,6].
[[2,9,1,0,0,0,1,2,0],2,2].
[[3,3,2,1,2,0,1,2,1],3,0].
[[2,6,0,0,0,0,1,2,2],1,1].
[[2,8,0,1,2,0,1,1,0],1,6].
[[1,9,2,1,1,1,1,1,1],5,4].
[[1,5,0,1,2,1,1,2,0],7,0].
[[2,8,1,1,1,1,1,1,0],6,2].
[[3,3,2,1,2,1,2,2,1],9,0].
[[1,6,1,1,2,1,2,1,0],3,0].
[[3,6,1,1,1,1,2,1,0],1,0].
[[2,6,0,0,0,0,2,2,0],2,2].
[[1,7,2,1,2,0,2,2,1],1,1].
[[2,7,2,1,1,0,1,2,1],0,2].
[[1,7,2,1,2,0,1,2,2],2,1].
[[2,7,0,0,0,0,1,2,2],2,2].
[[3,6,1,1,1,0,1,2,0],2,0].
[[2,9,1,1,1,1,1,1,1],1,2].
[[1,3,2,0,0,0,2,3,2],5,0].
[[2,7,1,0,0,0,1,2,0],6,0].
[[1,5,0,1,1,1,2,2,0],1,0].
[[2,9,1,1,1,0,2,1,0],0,1].
[[3,4,0,1,2,0,1,1,0],0,1].
[[2,7,2,1,2,0,1,1,1],2,0].
[[3,3,2,1,2,0,1,1,1],2,0].
[[1,7,2,1,2,0,2,2,2],5,1].
[[3,4,0,1,2,0,1,2,2],0,3].
[[2,7,0,0,0,0,2,2,1],3,3].
[[2,9,2,1,1,0,2,1,0],0,3].
[[2,8,1,1,1,0,1,1,1],0,2].
[[1,6,1,1,2,1,2,3,1],5,0].
[[3,3,1,1,1,1,1,2,2],1,0].
[[2,4,1,1,2,0,2,2,1],7,3].
[[1,6,1,0,0,0,2,1,0],3,0].
[[3,6,0,1,1,1,2,2,1],0,2].
[[3,7,2,1,2,1,2,2,0],4,1].
[[3,6,0,0,0,0,1,1,1],0,2].
[[3,2,1,0,0,0,1,2,2],2,0].
[[1,6,0,0,0,0,2,3,1],1,0].
[[3,3,1,0,0,0,1,1,1],1,1].
[[2,9,2,1,1,0,2,3,2],0,1].
[[3,6,1,1,1,1,1,2,0],4,0].
[[2,2,1,0,0,0,2,2,1],1,0].
[[3,2,1,1,2,0,2,2,1],1,0].
[[3,3,1,0,0,0,2,1,1],6,1].
[[3,5,0,1,1,0,2,2,0],1,0].
[[3,7,1,1,1,0,1,1,2],1,3].
[[2,7,1,1,2,1,1,1,0],1,0].
[[3,6,0,1,1,1,2,2,0],0,3].
[[2,7,1,1,1,1,2,1,0],2,1].
[[3,3,1,1,2,1,1,1,2],1,0].
[[2,4,1,1,2,0,1,1,2],4,1].
[[2,9,1,1,2,0,2,2,0],2,2].
[[2,9,1,1,1,1,2,2,0],3,2].
[[2,8,1,1,1,0,1,2,2],1,4].
[[2,7,2,1,2,1,2,3,0],1,0].
[[3,3,2,1,2,1,2,3,0],1,0].
[[3,3,2,1,1,0,2,3,1],2,0].
[[1,6,1,0,0,0,1,2,2],5,1].
[[3,6,0,0,0,0,1,1,0],0,2].
[[2,6,1,1,1,1,2,1,0],3,0].
[[3,3,1,1,1,1,2,1,0],1,0].
[[1,6,1,1,2,1,2,3,2],8,2].
[[1,7,2,1,2,0,2,3,1],1,3].
[[2,7,1,1,2,1,1,2,0],1,1].
[[2,7,1,0,0,0,1,1,0],2,1].
[[3,6,0,1,2,0,2,2,0],0,4].
[[3,7,1,1,1,1,1,1,0],4,1].
[[3,7,2,1,1,0,2,2,1],2,1].
[[2,7,2,1,1,0,1,1,1],0,1].
[[3,2,1,0,0,0,2,3,2],3,0].
[[3,3,1,1,2,0,2,3,0],3,0].
[[3,2,1,1,2,0,2,2,2],2,0].
[[2,3,2,1,2,0,2,2,2],4,0].
[[3,2,1,0,0,0,2,3,1],3,0].
[[3,3,1,1,1,1,2,1,1],2,0].
[[2,7,2,0,0,0,1,1,0],0,2].
[[3,3,2,0,0,0,1,1,2],2,0].
[[3,7,0,1,1,1,2,2,2],2,6].
[[3,3,1,1,1,1,1,1,1],1,0].
[[3,6,1,1,1,0,2,2,1],2,0].
[[3,3,1,1,2,0,1,2,1],5,0].
[[2,3,2,1,2,1,2,3,1],2,0].
[[2,5,0,1,1,1,1,2,1],7,2].
[[2,8,1,1,1,0,2,2,2],3,2].
[[3,9,1,1,1,1,1,1,2],1,7].
[[3,6,1,1,2,1,1,2,0],10,0].
[[1,2,1,0,0,0,2,2,2],1,0].
[[2,2,1,0,0,0,1,1,2],1,0].
[[3,2,1,1,2,1,1,1,2],1,0].
[[2,6,1,1,2,0,2,1,1],3,0].
[[2,6,1,1,2,0,2,3,0],3,0].
[[3,9,2,1,1,0,2,1,0],2,6].
[[3,9,1,0,0,0,2,3,0],2,5].
[[2,7,0,1,2,1,1,2,0],0,1].
[[3,7,0,0,0,0,1,1,0],0,4].
[[2,7,0,1,2,1,2,1,0],2,2].
[[2,9,1,1,2,0,1,1,0],1,3].
[[3,7,0,1,2,0,1,1,2],0,3].
[[3,5,0,0,0,0,2,1,0],1,0].
[[1,6,0,0,0,0,2,2,1],0,1].
[[3,9,1,1,1,0,1,2,0],0,1].
[[2,9,1,1,2,1,1,1,2],2,4].
[[3,6,1,1,1,0,2,2,0],1,0].
[[3,6,1,1,1,0,2,1,0],1,0].
[[1,6,1,0,0,0,1,1,1],1,1].
[[1,5,0,1,2,0,1,1,2],4,0].
[[3,6,0,1,1,1,1,2,2],1,1].
[[2,6,1,1,1,1,2,1,1],0,2].
[[3,2,0,0,0,0,2,3,2],0,1].
[[3,7,1,1,1,0,2,3,0],0,2].
[[1,8,1,1,1,1,1,1,2],2,1].
[[2,6,1,1,1,1,1,1,2],0,1].
[[3,6,1,1,1,1,1,1,2],1,1].
[[2,9,1,1,1,1,1,1,2],0,1].
[[3,2,0,1,2,1,2,3,1],1,0].
[[1,5,0,1,1,1,1,2,0],1,0].
[[3,3,1,1,2,0,2,1,0],2,0].
[[3,9,1,1,2,0,1,1,2],0,1].
[[3,3,1,1,2,1,1,1,1],3,0].
[[2,9,1,1,1,1,2,3,0],2,0].
[[3,6,1,1,1,0,2,3,2],0,2].
[[3,3,2,1,1,0,0,0,0],1,0].
[[3,4,0,1,2,0,2,2,1],0,2].
[[2,7,2,1,1,1,1,2,1],5,1].
[[2,9,1,1,2,0,1,1,2],0,2].
[[3,5,0,1,1,0,2,3,0],1,0].
[[1,3,2,0,0,0,1,2,2],1,0].
[[3,2,0,1,2,1,2,1,0],1,0].
[[3,7,1,1,1,0,1,2,0],1,0].
[[1,2,1,0,0,0,2,1,1],1,0].
[[2,2,1,0,0,0,2,1,1],1,0].
[[3,2,1,1,2,0,2,1,1],1,0].
[[3,1,1,1,2,0,1,2,0],2,0].
[[3,6,1,1,1,0,1,2,2],1,0].
[[3,7,2,1,1,1,1,1,2],2,0].
[[1,5,0,1,2,0,2,3,0],0,1].
[[1,6,0,0,0,0,2,3,0],0,1].
[[2,6,1,1,2,1,1,1,2],1,0].
[[2,6,1,1,2,0,2,1,0],1,0].
[[3,2,1,0,0,0,2,1,1],1,0].
[[1,6,1,0,0,0,1,1,2],1,0].
[[3,6,0,1,1,1,1,1,0],0,1].
[[3,9,1,1,2,1,2,3,1],0,1].
[[3,2,0,1,2,1,0,0,0],0,2].
[[2,7,2,1,1,0,2,3,1],1,1].
[[3,9,1,1,1,0,1,1,0],0,1].
[[2,6,1,1,1,1,2,2,1],1,0].
[[3,6,1,1,1,1,1,1,0],1,0].
[[3,3,2,0,0,0,2,1,1],2,0].
[[3,3,1,1,1,1,1,1,2],1,0].
[[3,1,1,1,2,0,1,1,2],1,0].
[[2,3,2,0,0,0,1,1,2],1,0].
[[3,3,1,1,1,1,2,3,0],1,0].
[[2,8,1,1,1,0,1,1,0],0,1].
[[2,9,1,1,2,0,0,0,0],0,1].
[[3,9,1,1,2,0,0,0,0],0,1].
[[2,7,2,1,1,1,1,1,1],1,0].
[[1,8,1,1,2,0,1,1,0],1,0].
[[3,6,0,1,2,0,1,2,1],1,1].
[[2,3,1,0,0,0,2,1,1],2,0].
[[3,6,0,0,0,0,1,1,2],0,2].
[[2,7,2,0,0,0,2,2,0],1,1].
[[3,9,2,1,2,0,2,2,2],0,1].
[[2,7,2,1,1,1,2,2,1],2,1].
[[2,7,1,1,1,1,1,1,2],1,0].
[[1,8,0,1,2,1,1,2,1],1,2].
[[2,7,2,1,2,1,2,1,0],1,0].
[[2,6,1,0,0,0,1,1,2],1,0].
[[2,7,0,0,0,0,1,2,0],1,0].
[[2,6,1,1,2,0,1,1,1],1,0].
[[3,6,0,1,2,0,1,1,0],1,1].
[[1,6,1,0,0,0,2,2,0],3,0].
[[3,3,2,0,0,0,2,2,0],2,0].
[[3,7,2,1,1,0,2,1,1],1,0].
[[3,3,2,1,1,1,1,2,1],1,0].
[[2,7,0,1,2,1,1,1,0],0,1].
[[2,9,1,1,1,0,1,2,1],0,2].
[[2,6,1,1,1,1,2,3,0],1,0].
[[3,7,1,1,1,0,2,1,0],1,0].
[[3,2,0,0,0,0,2,3,0],1,0].
[[1,7,2,1,2,1,1,1,1],1,0].
[[3,1,1,1,2,0,1,2,1],1,0].
[[3,7,2,1,1,0,1,1,0],0,1].
[[2,9,1,1,2,0,1,2,0],1,2].
[[2,8,1,1,1,0,2,3,0],1,1].
[[2,5,0,1,1,0,1,1,0],1,0].
[[2,2,1,0,0,0,2,3,2],2,0].
[[2,9,1,0,0,0,2,1,1],0,1].
[[3,9,1,1,2,1,2,1,1],0,2].
[[2,3,2,1,2,0,2,3,2],1,0].
[[3,2,1,1,2,1,1,2,2],1,0].
[[3,3,0,0,0,0,2,3,0],0,1].
[[3,3,0,1,2,1,0,0,0],0,1].
[[1,7,2,0,0,0,2,3,0],1,0].
[[2,7,2,1,1,1,2,1,1],1,0].
[[2,3,1,0,0,0,1,2,2],1,0].
[[3,6,1,1,1,1,2,3,0],1,0].
[[3,7,2,1,1,0,2,3,0],0,1].
[[2,9,1,0,0,0,2,3,1],0,1].
[[2,8,1,1,1,0,2,1,0],1,0].
[[2,3,1,1,2,1,1,2,1],1,0].
[[1,5,0,1,2,0,1,1,1],2,0].
[[2,3,2,1,2,0,2,2,1],1,0].
[[1,8,1,1,2,0,1,1,2],1,2].
[[2,5,0,1,1,1,1,2,2],1,1].
[[3,7,2,0,0,0,2,1,0],1,0].
[[1,7,2,1,2,0,2,1,0],0,1].
[[2,7,2,1,1,0,2,1,0],0,1].
[[3,7,2,1,1,0,2,1,0],0,1].
[[2,7,1,1,2,0,1,1,2],0,1].
[[3,1,1,1,2,0,1,1,0],1,0].
[[1,7,1,1,2,1,2,2,0],1,0].
[[2,3,1,1,2,1,2,2,0],1,0].
[[2,3,1,0,0,0,1,1,1],1,0].
[[3,3,1,1,2,0,1,1,1],1,0].
[[2,8,1,1,1,0,2,1,1],1,0].
[[2,8,1,1,1,0,1,1,2],0,1].
[[2,2,1,1,2,1,0,0,0],1,0].
[[2,9,1,1,2,0,1,1,1],0,1].
[[2,7,0,0,0,0,1,1,2],0,1].
[[1,5,0,1,1,1,1,2,1],1,0].
[[2,1,1,1,2,0,1,1,1],1,0].
[[3,1,1,1,2,0,1,1,1],1,0].
[[3,7,2,1,1,1,1,1,0],1,0].
[[2,5,0,1,1,0,1,1,1],1,0].
[[2,9,1,1,1,0,2,2,0],0,1].
