total_WL(6609,5349).
[[1,8,1,1,2,2,2,3,1],168,51].
[[2,8,1,1,2,2,2,3,1],243,107].
[[3,7,2,1,2,2,2,3,1],49,2].
[[1,9,2,1,2,0,2,1,0],12,8].
[[2,9,1,1,2,2,2,1,0],11,10].
[[3,8,0,1,2,2,2,1,0],13,34].
[[1,8,1,0,0,0,1,1,1],14,11].
[[2,7,1,1,2,2,1,1,1],3,4].
[[3,7,1,1,2,2,1,1,1],26,16].
[[1,9,2,1,2,2,2,3,1],198,307].
[[2,9,1,1,2,2,1,2,1],29,59].
[[3,8,0,1,2,2,1,2,1],72,114].
[[1,8,0,0,0,0,0,0,0],136,154].
[[2,8,0,0,0,0,2,1,0],18,15].
[[3,8,0,1,2,0,2,2,0],12,17].
[[1,8,1,1,2,2,2,1,0],20,7].
[[2,8,1,1,1,2,2,1,0],16,2].
[[3,8,1,1,1,2,2,1,0],7,5].
[[1,9,2,1,1,2,2,1,1],44,35].
[[2,9,2,1,1,2,1,2,1],39,38].
[[3,8,0,1,1,2,1,2,1],39,65].
[[1,9,2,1,2,2,2,2,0],139,131].
[[2,9,2,1,2,2,2,2,0],39,81].
[[3,9,1,1,1,2,1,2,0],41,84].
[[2,8,0,1,1,2,2,2,0],36,21].
[[3,4,2,1,2,0,2,2,0],62,1].
[[1,9,2,0,0,0,2,2,1],125,217].
[[2,9,2,1,2,0,2,3,1],13,28].
[[3,9,1,1,2,0,2,2,0],1,17].
[[1,8,0,1,1,2,2,2,0],14,0].
[[2,9,2,1,2,2,1,2,1],65,114].
[[3,9,1,1,2,2,1,2,1],47,165].
[[1,8,1,0,0,0,2,1,1],115,39].
[[2,7,2,0,0,0,2,1,1],15,1].
[[3,7,2,1,2,0,1,2,1],18,3].
[[1,9,2,1,1,2,2,3,1],91,61].
[[2,9,1,1,1,2,2,1,1],8,13].
[[3,9,1,1,1,2,2,1,1],5,12].
[[1,9,2,1,2,2,1,2,0],79,49].
[[2,8,0,1,2,2,1,2,0],33,13].
[[3,8,0,1,1,2,1,2,0],48,59].
[[1,8,0,1,2,2,2,1,0],8,11].
[[2,8,0,1,2,2,1,1,0],7,4].
[[3,8,0,1,2,2,1,1,0],18,24].
[[1,9,2,1,2,2,2,1,1],103,124].
[[2,8,1,1,2,2,2,1,1],125,47].
[[3,7,2,1,2,2,2,1,1],21,6].
[[1,9,2,0,0,0,2,1,0],52,66].
[[2,9,2,0,0,0,2,1,0],8,19].
[[3,8,1,1,2,0,1,1,1],42,30].
[[2,8,0,1,1,2,2,3,1],45,41].
[[1,9,2,0,0,0,2,1,1],94,132].
[[2,8,0,0,0,0,2,1,1],16,29].
[[3,8,0,0,0,0,2,1,1],7,10].
[[1,8,1,0,0,0,2,3,1],208,99].
[[2,7,1,0,0,0,2,3,1],24,11].
[[3,7,1,0,0,0,2,3,1],36,8].
[[1,9,2,1,2,0,1,1,0],2,7].
[[2,9,1,1,2,0,1,1,0],2,10].
[[3,8,0,1,2,0,1,1,0],4,7].
[[1,8,0,1,2,2,0,0,0],200,203].
[[2,7,1,1,2,2,0,0,0],117,39].
[[3,7,1,1,2,2,0,0,0],46,24].
[[2,9,2,1,2,2,2,2,1],32,79].
[[3,9,2,1,1,2,1,2,1],6,26].
[[1,7,1,0,0,0,0,0,0],75,26].
[[2,7,1,1,2,2,2,2,1],52,17].
[[3,7,1,1,2,2,2,2,1],118,55].
[[2,9,2,1,1,2,2,3,1],38,44].
[[3,8,0,1,1,2,2,3,1],43,69].
[[1,9,2,0,0,0,2,3,0],164,218].
[[2,9,1,0,0,0,2,2,1],8,23].
[[3,9,1,0,0,0,1,2,1],14,34].
[[1,8,1,1,1,2,2,3,1],28,5].
[[2,8,1,1,1,2,2,3,1],85,28].
[[3,4,2,1,2,0,1,2,1],147,2].
[[1,8,1,1,2,2,2,2,1],148,51].
[[2,8,1,1,2,2,1,2,1],125,55].
[[3,8,1,1,2,2,1,2,1],187,107].
[[1,8,1,1,1,2,2,2,1],32,4].
[[2,6,1,1,1,2,2,2,1],5,1].
[[3,6,1,1,1,2,1,2,1],2,0].
[[1,9,2,0,0,0,2,3,1],154,263].
[[3,8,1,1,2,0,2,3,1],47,31].
[[1,8,1,0,0,0,0,0,0],425,188].
[[2,8,1,1,2,0,2,1,1],33,22].
[[3,8,1,1,1,0,2,3,1],11,16].
[[1,9,2,1,2,2,0,0,0],137,283].
[[2,9,2,1,2,2,2,1,1],20,57].
[[3,9,1,1,2,2,2,1,1],13,30].
[[3,9,1,1,1,2,2,3,1],7,24].
[[1,7,2,0,0,0,1,2,1],6,0].
[[2,7,2,0,0,0,1,2,1],17,2].
[[3,3,2,1,2,0,1,2,1],2,0].
[[2,8,1,0,0,0,2,1,1],64,43].
[[3,5,0,1,2,2,1,2,0],42,0].
[[1,9,2,0,0,0,1,2,1],43,83].
[[2,9,2,0,0,0,1,2,1],34,54].
[[3,9,1,1,2,0,1,2,1],13,55].
[[2,9,2,1,2,0,2,3,0],9,27].
[[3,8,1,1,1,0,2,2,1],8,15].
[[1,8,1,1,2,2,0,0,0],304,143].
[[2,8,1,1,2,2,2,3,0],73,34].
[[3,8,1,1,2,2,2,3,0],49,30].
[[1,9,2,1,2,2,2,2,1],167,213].
[[3,7,1,1,1,2,2,2,1],50,13].
[[1,8,0,1,2,2,2,2,0],36,18].
[[2,7,1,1,2,2,1,2,1],16,4].
[[3,9,1,1,1,2,1,1,1],12,30].
[[1,8,1,0,0,0,2,2,1],184,101].
[[2,8,1,0,0,0,2,3,1],143,61].
[[3,8,1,0,0,0,2,3,0],15,4].
[[2,9,2,1,2,2,2,3,1],60,139].
[[3,8,1,1,2,2,2,3,1],129,77].
[[1,9,2,1,2,0,1,2,0],6,7].
[[2,9,1,1,2,0,1,2,0],7,17].
[[3,8,1,1,2,0,1,2,0],27,16].
[[2,8,1,1,2,0,2,2,1],49,31].
[[2,8,0,1,2,2,0,0,0],51,114].
[[1,7,2,0,0,0,0,0,0],81,12].
[[2,7,2,1,2,0,2,3,1],10,2].
[[3,7,2,1,1,0,1,2,1],5,2].
[[2,9,1,0,0,0,1,2,0],19,38].
[[2,8,0,1,1,2,0,0,0],30,54].
[[3,7,1,1,1,2,0,0,0],25,13].
[[1,9,2,0,0,0,0,0,0],84,264].
[[2,9,2,0,0,0,2,3,0],34,72].
[[3,9,1,1,2,0,2,3,1],2,14].
[[2,7,0,1,1,2,2,2,0],1,0].
[[3,7,0,1,1,2,1,1,0],3,0].
[[2,9,1,1,1,2,1,2,1],15,32].
[[3,8,1,1,1,2,1,2,1],100,46].
[[2,7,0,1,2,2,0,0,0],11,12].
[[3,7,0,1,2,2,0,0,0],3,21].
[[1,8,0,0,0,0,2,1,0],10,6].
[[3,8,0,1,2,2,1,2,0],80,71].
[[1,9,2,0,0,0,2,2,0],93,130].
[[2,8,0,1,2,0,2,2,0],9,12].
[[3,7,0,1,2,2,2,2,0],12,10].
[[2,8,1,1,2,0,2,3,0],20,9].
[[3,7,1,1,2,0,2,3,0],9,4].
[[2,5,0,0,0,0,1,2,0],11,1].
[[3,5,0,1,2,0,1,2,0],8,2].
[[2,8,0,1,2,2,2,2,0],65,68].
[[3,8,0,1,2,2,2,2,0],38,80].
[[1,8,0,1,2,2,2,2,1],56,34].
[[2,8,0,1,2,2,2,2,1],72,86].
[[3,8,0,1,2,2,2,2,1],38,55].
[[2,7,1,0,0,0,2,1,1],14,8].
[[3,7,1,1,2,0,2,1,1],24,9].
[[1,9,2,1,1,2,2,2,1],84,44].
[[2,4,2,1,2,0,2,2,1],52,0].
[[3,4,2,1,2,0,2,2,1],99,1].
[[1,8,0,1,1,2,1,2,0],4,0].
[[2,8,0,1,1,2,1,2,0],20,6].
[[2,9,2,0,0,0,2,1,1],17,32].
[[3,9,2,1,2,2,2,1,1],1,5].
[[1,8,1,1,2,0,2,3,1],26,8].
[[3,7,1,1,1,2,1,2,1],27,11].
[[2,8,0,1,2,2,2,3,1],71,112].
[[1,9,2,1,2,2,2,1,0],48,65].
[[2,9,2,1,2,2,1,2,0],58,48].
[[3,8,1,1,2,2,1,2,0],81,29].
[[2,8,1,1,2,2,2,2,1],161,88].
[[2,9,1,0,0,0,2,2,0],8,15].
[[3,8,0,0,0,0,2,2,0],6,17].
[[2,5,0,1,2,2,1,1,0],6,5].
[[3,5,0,1,2,2,1,1,0],25,9].
[[1,9,2,1,2,2,2,3,0],228,225].
[[2,8,0,1,2,2,2,3,0],97,92].
[[1,9,2,1,2,0,2,3,0],13,32].
[[2,8,0,1,2,0,2,3,0],10,10].
[[3,8,0,1,1,0,1,2,1],4,8].
[[1,8,1,1,1,2,2,1,1],15,4].
[[2,7,1,1,1,2,2,1,1],11,0].
[[3,7,1,1,1,2,2,1,1],36,10].
[[2,9,2,1,1,2,1,1,1],25,15].
[[3,5,0,1,1,2,1,1,1],24,4].
[[1,8,1,1,1,2,1,2,1],7,1].
[[2,8,1,1,1,2,1,2,1],44,14].
[[2,8,0,0,0,0,2,3,0],35,51].
[[3,8,0,0,0,0,2,3,0],16,23].
[[1,6,1,1,2,2,0,0,0],27,2].
[[2,3,1,1,2,2,0,0,0],10,1].
[[3,3,1,1,2,2,0,0,0],33,5].
[[2,9,1,1,2,2,2,2,1],20,40].
[[1,8,1,0,0,0,2,1,0],21,7].
[[2,7,2,0,0,0,2,1,0],3,0].
[[3,7,2,0,0,0,1,2,0],3,0].
[[1,7,1,0,0,0,2,3,1],7,0].
[[3,7,1,1,2,0,2,3,1],34,22].
[[1,8,0,0,0,0,2,3,1],22,27].
[[2,7,1,1,2,0,2,3,1],6,7].
[[3,7,1,1,1,0,2,3,1],1,8].
[[3,9,2,1,2,2,1,2,0],9,13].
[[2,9,2,1,2,2,2,3,0],70,132].
[[3,8,0,1,2,2,2,3,0],52,114].
[[3,7,1,1,1,0,2,3,0],1,1].
[[2,8,0,1,2,2,1,2,1],33,25].
[[3,7,0,1,1,2,1,2,1],4,0].
[[2,9,2,1,2,2,1,1,1],41,55].
[[3,8,1,1,2,2,1,1,1],76,67].
[[1,6,1,0,0,0,0,0,0],83,6].
[[2,3,2,1,2,0,0,0,0],3,0].
[[1,7,1,1,2,2,0,0,0],56,18].
[[2,8,0,1,1,2,2,1,0],16,7].
[[3,4,2,1,2,0,1,2,0],125,2].
[[3,7,1,1,1,2,2,3,1],64,27].
[[3,6,1,1,2,2,1,2,1],23,2].
[[2,8,0,1,2,0,1,2,0],3,3].
[[3,7,0,1,2,0,1,2,0],0,2].
[[3,9,1,1,2,0,2,3,0],2,24].
[[2,6,1,1,1,2,0,0,0],6,0].
[[2,7,1,1,2,0,0,0,0],15,11].
[[3,7,1,1,2,2,2,3,1],131,54].
[[2,9,1,1,1,2,1,1,1],13,6].
[[3,8,1,1,1,2,1,1,1],49,41].
[[2,8,0,1,1,2,2,2,1],38,36].
[[1,8,0,1,2,2,2,3,1],41,44].
[[3,7,0,1,1,2,2,3,1],7,13].
[[1,9,2,1,2,0,1,2,1],7,10].
[[2,9,1,1,2,0,2,3,0],4,15].
[[1,4,2,1,2,0,2,3,0],24,1].
[[2,4,2,1,2,0,2,3,0],43,3].
[[3,4,2,1,2,0,2,3,0],78,5].
[[3,8,1,1,1,0,2,3,0],1,9].
[[3,9,1,1,2,2,1,2,0],64,121].
[[3,9,2,1,2,2,1,2,1],14,34].
[[1,4,2,1,2,0,2,2,1],14,0].
[[2,4,2,1,2,0,1,2,1],35,1].
[[2,8,0,1,2,2,2,1,0],21,24].
[[3,8,1,0,0,0,1,2,1],49,37].
[[3,5,0,0,0,0,1,1,1],8,0].
[[3,9,2,1,2,2,2,2,0],1,5].
[[2,9,2,0,0,0,2,3,1],25,61].
[[3,8,1,0,0,0,2,3,1],40,13].
[[2,9,2,1,1,2,2,3,0],37,48].
[[2,9,1,1,1,2,2,2,0],20,17].
[[3,8,0,1,1,2,2,2,0],26,60].
[[1,8,1,1,2,2,1,1,1],16,15].
[[2,8,1,1,2,2,1,1,1],42,37].
[[1,9,2,1,1,2,2,3,0],100,50].
[[2,9,1,1,2,2,2,3,1],25,48].
[[3,9,1,1,1,2,1,2,1],30,94].
[[1,9,2,1,1,2,2,1,0],33,18].
[[3,7,1,1,1,2,2,1,0],6,1].
[[2,9,2,1,1,2,2,1,1],16,19].
[[3,9,2,1,1,2,1,1,1],8,18].
[[2,9,1,0,0,0,2,1,1],10,25].
[[1,6,1,0,0,0,2,3,1],8,0].
[[2,6,1,0,0,0,2,3,1],29,2].
[[3,6,1,1,2,0,2,3,0],9,1].
[[2,8,1,0,0,0,2,2,1],109,65].
[[3,7,1,0,0,0,2,2,1],37,7].
[[2,9,1,1,2,2,1,2,0],53,69].
[[2,6,0,1,2,2,0,0,0],18,15].
[[3,6,0,1,2,2,2,1,0],6,2].
[[2,7,1,0,0,0,0,0,0],70,30].
[[2,7,1,1,2,2,2,3,1],58,25].
[[2,9,1,1,2,0,2,3,1],2,10].
[[3,9,1,1,2,0,1,2,0],14,42].
[[2,8,0,0,0,0,2,2,0],23,23].
[[3,7,0,0,0,0,2,2,0],0,2].
[[1,8,1,0,0,0,2,2,0],53,13].
[[3,7,1,1,2,2,2,1,1],79,25].
[[1,9,2,1,1,2,1,2,1],22,15].
[[3,8,1,0,0,0,2,1,1],22,10].
[[3,9,1,1,2,2,2,2,1],6,37].
[[2,8,1,1,1,2,2,3,0],28,11].
[[3,7,2,1,1,2,1,2,1],20,2].
[[1,4,2,1,2,0,0,0,0],15,0].
[[2,4,2,1,2,0,0,0,0],23,1].
[[3,4,2,1,2,0,2,3,1],93,4].
[[3,6,1,1,2,2,2,2,1],31,0].
[[1,8,0,1,2,2,2,3,0],52,20].
[[2,8,0,1,1,2,2,3,0],47,35].
[[3,6,0,1,1,2,2,3,0],6,5].
[[2,7,2,1,2,2,0,0,0],36,12].
[[3,7,2,1,2,2,2,2,1],52,2].
[[2,9,1,1,2,2,0,0,0],0,10].
[[3,9,1,1,2,2,2,2,0],8,43].
[[1,9,2,0,0,0,1,2,0],50,62].
[[3,9,1,0,0,0,1,2,0],8,29].
[[3,7,2,1,1,2,2,3,1],20,1].
[[2,8,1,0,0,0,2,3,0],60,19].
[[2,8,0,1,2,0,2,1,1],5,5].
[[2,8,0,0,0,0,0,0,0],15,44].
[[2,7,2,1,2,2,1,1,1],6,1].
[[3,7,2,1,1,2,1,1,1],7,0].
[[3,9,1,1,1,2,2,2,0],8,28].
[[3,7,0,0,0,0,2,1,0],5,0].
[[3,9,1,1,2,2,1,1,0],8,53].
[[3,5,0,1,1,2,1,2,0],30,0].
[[3,8,1,1,2,2,2,2,1],90,63].
[[2,6,1,1,2,2,0,0,0],39,1].
[[3,8,1,1,1,2,2,3,1],66,37].
[[3,6,0,1,1,2,0,0,0],2,6].
[[3,8,1,0,0,0,2,2,1],23,12].
[[3,9,2,1,1,0,1,2,1],2,6].
[[3,9,1,0,0,0,2,3,1],1,11].
[[2,4,2,1,2,0,2,3,1],61,3].
[[3,4,2,1,2,0,2,1,1],50,2].
[[3,8,1,1,2,0,2,1,0],5,4].
[[3,6,1,0,0,0,2,3,1],14,0].
[[1,8,1,0,0,0,1,2,1],39,30].
[[3,7,1,1,2,2,1,2,1],72,24].
[[2,9,2,1,1,2,1,2,0],27,17].
[[1,8,0,0,0,0,2,2,1],34,26].
[[1,9,2,1,2,2,1,2,1],72,83].
[[3,5,0,1,2,2,1,1,1],46,5].
[[1,8,1,0,0,0,2,3,0],75,21].
[[1,9,2,1,2,0,2,2,0],15,27].
[[3,8,0,1,2,0,1,2,0],22,16].
[[3,8,1,1,2,2,2,1,1],75,36].
[[1,9,2,1,1,2,1,1,0],10,4].
[[2,9,1,1,1,2,1,1,0],8,12].
[[3,8,0,1,1,2,1,1,0],16,11].
[[1,9,2,0,0,0,1,1,0],16,16].
[[2,8,1,0,0,0,1,1,0],5,9].
[[3,7,1,0,0,0,1,1,0],2,1].
[[2,6,1,1,2,2,2,2,1],16,0].
[[2,8,1,1,1,2,2,2,1],69,17].
[[2,7,2,0,0,0,0,0,0],45,4].
[[3,7,2,1,2,2,0,0,0],16,1].
[[3,8,0,1,2,0,2,3,0],9,36].
[[2,9,2,1,2,0,2,2,1],10,24].
[[3,9,1,1,1,0,2,2,1],0,8].
[[3,8,0,1,2,2,0,0,0],0,16].
[[1,8,1,1,2,2,2,3,0],49,18].
[[3,8,1,1,1,2,2,2,0],9,9].
[[1,8,1,1,2,0,2,2,1],20,10].
[[3,8,0,1,2,2,1,1,1],26,57].
[[2,8,1,1,2,0,1,1,1],6,15].
[[3,7,1,1,2,0,1,1,1],11,6].
[[3,8,1,1,2,0,1,2,1],59,47].
[[2,7,0,1,2,2,2,3,0],2,3].
[[3,7,0,1,2,2,2,3,0],18,11].
[[3,6,0,1,2,2,0,0,0],4,7].
[[3,9,1,1,2,0,2,1,1],0,11].
[[2,8,1,1,2,0,2,3,1],63,45].
[[2,7,1,0,0,0,2,2,1],36,7].
[[3,7,1,1,2,0,2,2,1],35,29].
[[3,8,1,1,2,0,2,2,1],34,21].
[[3,3,2,1,2,0,0,0,0],6,0].
[[2,7,2,0,0,0,2,2,1],22,1].
[[2,8,0,0,0,0,2,3,1],41,43].
[[3,8,0,1,2,0,1,2,1],16,27].
[[2,9,2,0,0,0,0,0,0],1,15].
[[3,9,2,0,0,0,2,1,1],0,4].
[[2,9,2,0,0,0,2,2,0],21,50].
[[3,9,2,1,2,0,2,2,0],0,1].
[[2,7,1,1,1,2,0,0,0],35,6].
[[1,6,1,0,0,0,2,2,0],2,0].
[[2,6,1,1,2,2,1,2,0],1,0].
[[3,6,1,1,2,2,1,2,0],5,0].
[[2,7,1,1,2,2,2,3,0],16,6].
[[3,7,1,1,2,2,2,3,0],50,17].
[[2,4,2,1,2,0,2,1,0],17,1].
[[3,8,1,1,1,2,2,2,1],44,18].
[[2,9,1,1,2,0,1,2,1],5,17].
[[2,8,1,1,2,0,1,2,1],37,19].
[[2,7,2,1,2,0,0,0,0],21,5].
[[3,7,2,1,2,0,2,1,1],14,2].
[[1,9,2,1,2,2,1,1,0],15,17].
[[2,8,0,1,1,2,1,1,0],7,2].
[[3,7,1,1,1,2,1,1,0],6,1].
[[1,8,1,0,0,0,1,1,0],1,6].
[[3,9,1,1,1,2,2,2,1],9,16].
[[3,9,1,1,1,2,2,3,0],2,47].
[[2,9,2,1,1,2,0,0,0],5,13].
[[3,4,2,1,2,0,0,0,0],12,3].
[[3,7,1,1,2,2,2,2,0],34,11].
[[1,8,1,1,2,0,1,2,1],7,4].
[[2,7,1,0,0,0,2,3,0],7,6].
[[1,9,2,1,2,2,1,1,1],29,37].
[[2,9,2,1,1,2,2,2,1],43,30].
[[2,6,1,0,0,0,2,2,0],5,0].
[[3,6,1,1,2,2,2,2,0],11,1].
[[1,8,0,0,0,0,2,1,1],14,21].
[[3,9,2,0,0,0,2,1,0],0,2].
[[3,8,0,1,1,2,2,3,0],31,71].
[[1,7,1,0,0,0,2,1,1],2,0].
[[2,3,1,0,0,0,2,1,1],1,0].
[[3,3,1,1,2,0,2,1,1],3,0].
[[2,9,1,1,2,2,1,1,0],15,33].
[[1,8,1,1,2,2,1,2,1],40,17].
[[2,8,1,1,2,2,1,2,0],46,9].
[[3,7,1,1,2,2,1,2,0],21,5].
[[2,8,1,1,1,2,2,1,1],48,16].
[[3,8,1,1,1,2,2,1,1],28,14].
[[2,8,1,0,0,0,2,1,0],14,9].
[[3,8,1,1,2,2,1,1,0],19,18].
[[2,9,1,0,0,0,2,1,0],6,6].
[[3,9,2,0,0,0,2,3,0],0,1].
[[3,8,1,1,2,0,2,1,1],22,17].
[[2,8,1,0,0,0,1,2,1],64,29].
[[1,8,1,1,2,0,0,0,0],49,33].
[[3,3,1,1,2,2,2,3,1],10,0].
[[1,8,1,1,2,2,2,1,1],70,30].
[[2,9,1,0,0,0,1,2,1],17,39].
[[3,8,0,0,0,0,1,2,1],12,27].
[[2,9,1,1,2,2,2,2,0],24,40].
[[2,8,0,1,1,2,2,1,1],30,21].
[[3,8,0,1,1,2,2,1,1],17,31].
[[2,6,1,0,0,0,0,0,0],33,2].
[[3,6,1,0,0,0,2,2,1],12,1].
[[3,9,1,1,2,2,2,3,0],9,69].
[[1,4,2,1,2,0,2,3,1],25,2].
[[2,7,1,1,1,2,2,2,0],11,1].
[[3,7,1,1,1,2,1,2,0],10,2].
[[2,9,1,0,0,0,1,1,0],9,7].
[[2,8,1,1,2,2,1,1,0],7,12].
[[3,7,1,1,2,2,1,1,0],7,5].
[[2,9,1,0,0,0,2,3,0],12,27].
[[2,6,1,0,0,0,2,3,0],13,0].
[[3,6,1,0,0,0,1,2,0],3,0].
[[2,8,1,0,0,0,2,2,0],33,14].
[[3,7,2,0,0,0,1,2,1],16,0].
[[3,7,1,1,2,0,1,2,1],27,6].
[[2,6,1,0,0,0,1,2,1],6,0].
[[3,3,2,0,0,0,1,2,1],1,0].
[[2,7,1,1,2,2,2,2,0],14,8].
[[1,8,0,1,1,2,0,0,0],71,33].
[[1,8,0,1,1,2,1,2,1],1,0].
[[2,8,0,1,1,2,1,2,1],22,8].
[[3,4,2,1,2,0,1,1,1],85,0].
[[2,9,2,1,2,2,0,0,0],3,38].
[[3,7,2,1,2,2,1,1,1],16,4].
[[2,9,1,1,1,2,1,2,0],31,34].
[[3,7,2,1,2,0,2,3,1],30,0].
[[3,7,2,1,2,0,2,3,0],6,0].
[[2,8,0,1,2,2,1,1,1],12,23].
[[3,7,0,1,1,2,1,1,1],1,0].
[[2,8,0,0,0,0,2,2,1],32,42].
[[2,8,1,0,0,0,1,2,0],32,14].
[[3,8,0,1,2,0,2,1,0],3,7].
[[1,8,0,0,0,0,2,3,0],21,31].
[[2,9,1,1,2,2,2,3,0],31,73].
[[3,5,0,1,2,0,1,1,1],13,1].
[[3,8,1,1,1,0,1,2,1],17,18].
[[3,8,0,1,1,2,1,1,1],23,28].
[[3,6,1,1,2,0,1,2,1],9,4].
[[3,8,0,1,2,0,2,2,1],10,14].
[[2,7,2,0,0,0,2,3,1],37,3].
[[3,7,2,1,2,2,1,2,1],48,3].
[[1,7,2,0,0,0,2,3,1],23,1].
[[3,6,1,1,2,2,2,3,1],40,4].
[[2,8,1,1,2,2,2,2,0],61,18].
[[2,9,1,1,2,2,1,1,1],19,33].
[[2,9,2,0,0,0,2,2,1],15,37].
[[3,9,1,1,2,0,2,2,1],2,11].
[[3,3,1,1,2,2,2,1,1],7,0].
[[1,3,2,0,0,0,0,0,0],12,0].
[[3,3,1,1,2,0,2,3,1],5,0].
[[3,8,0,0,0,0,2,3,1],16,24].
[[3,9,1,1,1,0,1,1,0],0,6].
[[1,9,2,1,1,2,2,2,0],70,36].
[[2,9,2,1,2,0,1,2,0],12,7].
[[1,9,2,1,2,0,0,0,0],5,30].
[[1,8,0,0,0,0,2,2,0],25,17].
[[2,7,0,1,2,2,2,2,0],2,2].
[[3,9,1,1,2,2,1,1,1],22,63].
[[3,8,1,0,0,0,1,2,0],25,6].
[[3,8,0,0,0,0,1,2,0],11,19].
[[1,7,2,1,2,2,0,0,0],34,6].
[[2,3,2,1,2,2,0,0,0],9,0].
[[3,3,2,1,2,2,0,0,0],14,0].
[[1,7,2,0,0,0,2,2,1],17,1].
[[2,7,2,1,2,2,2,2,1],30,3].
[[1,8,1,1,2,2,1,2,0],13,6].
[[3,8,0,1,1,2,2,2,1],31,63].
[[3,9,1,0,0,0,2,2,0],3,11].
[[3,7,2,0,0,0,2,2,1],19,0].
[[3,6,0,0,0,0,2,2,1],2,3].
[[2,9,2,1,1,2,2,2,0],21,24].
[[3,6,0,1,2,2,2,3,0],7,4].
[[3,9,1,1,2,0,1,1,0],4,13].
[[2,7,1,0,0,0,1,1,1],2,1].
[[3,9,1,1,2,2,2,1,0],1,22].
[[2,9,1,1,2,0,2,2,0],5,16].
[[3,9,1,1,1,0,2,2,0],1,5].
[[3,7,0,1,2,0,2,3,0],1,3].
[[1,8,0,1,1,2,2,3,0],17,9].
[[2,8,1,1,2,2,2,1,0],26,12].
[[3,5,0,1,1,2,1,1,0],16,4].
[[1,9,2,1,1,2,0,0,0],62,55].
[[1,9,2,0,0,0,1,1,1],26,33].
[[2,9,1,0,0,0,1,1,1],9,9].
[[3,9,1,0,0,0,1,1,1],5,17].
[[2,8,1,0,0,0,0,0,0],42,25].
[[3,8,0,1,2,0,2,3,1],11,21].
[[2,8,0,1,2,0,2,2,1],5,9].
[[2,9,1,1,1,2,2,3,1],19,27].
[[3,6,0,1,2,2,2,3,1],10,11].
[[2,8,1,1,1,2,1,1,1],17,7].
[[1,9,2,1,2,0,2,3,1],20,37].
[[2,9,2,1,2,2,2,1,0],17,45].
[[2,9,2,1,2,2,1,1,0],10,11].
[[3,7,2,1,2,0,1,1,0],3,2].
[[3,8,0,1,2,2,2,1,1],17,45].
[[1,8,0,1,1,2,2,3,1],15,8].
[[3,7,0,1,1,2,2,1,1],9,0].
[[3,9,1,1,1,0,2,1,1],1,3].
[[3,8,1,1,2,0,2,3,0],11,12].
[[1,8,1,0,0,0,1,2,0],14,6].
[[2,7,1,0,0,0,1,2,0],3,1].
[[3,7,1,1,2,0,1,2,0],6,4].
[[3,8,0,0,0,0,0,0,0],0,7].
[[3,9,2,1,2,2,2,3,0],3,15].
[[2,9,2,1,1,2,2,1,0],12,15].
[[3,8,0,1,1,2,2,1,0],7,21].
[[2,8,1,1,1,2,2,2,0],23,5].
[[3,7,1,0,0,0,1,2,1],24,7].
[[2,3,2,1,2,2,2,3,1],2,0].
[[1,7,1,1,2,2,2,2,1],6,1].
[[2,3,1,1,2,2,2,2,1],2,0].
[[3,3,1,1,1,2,2,2,1],4,0].
[[3,8,1,1,1,2,1,2,0],39,18].
[[2,9,1,1,1,2,2,2,1],21,13].
[[2,8,1,1,2,0,0,0,0],18,14].
[[2,8,0,1,2,2,2,1,1],37,49].
[[3,8,1,0,0,0,1,1,1],22,18].
[[2,8,1,1,2,2,0,0,0],57,46].
[[3,6,0,1,2,2,2,2,1],8,4].
[[3,7,0,1,1,2,2,2,1],7,8].
[[1,6,1,0,0,0,1,2,1],3,0].
[[3,6,1,0,0,0,1,2,1],6,0].
[[1,8,1,1,2,0,1,2,0],1,2].
[[2,6,1,1,2,0,1,2,0],2,0].
[[3,6,1,1,2,0,1,2,0],4,0].
[[3,6,1,1,2,2,1,1,1],6,1].
[[2,9,2,1,1,0,2,2,0],0,2].
[[3,9,2,1,1,0,2,2,0],0,3].
[[1,8,1,1,1,2,0,0,0],59,11].
[[2,8,0,0,0,0,1,1,1],5,2].
[[3,8,0,0,0,0,1,1,1],3,11].
[[2,6,0,0,0,0,2,3,0],1,1].
[[1,7,1,1,2,2,2,3,0],2,2].
[[1,7,1,0,0,0,1,2,1],4,0].
[[2,7,1,0,0,0,1,2,1],16,2].
[[2,9,2,1,2,0,1,2,1],8,24].
[[1,4,2,1,2,0,2,1,1],7,0].
[[2,4,2,1,2,0,2,1,1],24,0].
[[1,8,1,1,2,2,2,2,0],45,5].
[[3,9,2,1,2,0,1,2,0],4,6].
[[2,9,1,0,0,0,2,3,1],13,36].
[[3,9,1,0,0,0,2,1,1],4,9].
[[3,7,1,1,1,2,2,3,0],23,4].
[[2,9,1,1,2,0,2,2,1],3,6].
[[2,7,2,1,2,0,2,2,1],7,4].
[[3,9,1,1,2,2,2,3,1],7,37].
[[1,4,2,1,2,0,2,1,0],5,0].
[[3,4,2,1,2,0,1,1,0],35,1].
[[3,6,1,0,0,0,0,0,0],2,1].
[[3,8,0,1,2,2,2,3,1],56,97].
[[1,8,0,1,2,2,2,1,1],17,17].
[[2,7,0,1,2,2,2,1,1],1,2].
[[2,9,2,0,0,0,1,1,1],19,20].
[[2,6,0,1,1,2,2,3,1],1,1].
[[3,7,0,1,2,2,2,2,1],10,11].
[[3,8,0,1,1,0,2,3,0],3,11].
[[3,8,1,1,1,2,1,1,0],9,13].
[[2,8,1,1,1,0,0,0,0],0,5].
[[3,7,1,1,1,0,0,0,0],1,8].
[[1,6,1,0,0,0,2,1,1],3,0].
[[2,6,1,0,0,0,2,1,1],10,2].
[[3,8,1,1,2,0,2,2,0],8,16].
[[2,6,1,1,2,2,2,3,0],4,1].
[[3,6,1,1,1,2,2,3,0],9,0].
[[2,8,0,0,0,0,1,2,0],8,12].
[[2,4,2,1,2,0,1,1,1],14,0].
[[2,7,1,1,2,0,2,2,1],8,4].
[[3,9,1,0,0,0,1,1,0],3,6].
[[2,5,0,1,1,2,1,2,0],7,0].
[[2,8,1,0,0,0,1,1,1],40,24].
[[3,7,0,1,2,2,2,3,1],11,16].
[[3,7,1,0,0,0,2,1,1],14,5].
[[2,7,1,1,2,2,2,1,1],28,7].
[[2,9,2,1,2,0,2,2,0],4,17].
[[3,9,1,1,1,2,1,1,0],10,35].
[[3,7,0,1,2,2,1,2,1],4,4].
[[3,8,0,1,1,0,2,3,1],2,9].
[[3,8,1,1,2,2,2,2,0],23,23].
[[2,9,1,1,1,0,1,2,1],0,1].
[[1,7,2,1,2,2,2,3,1],13,0].
[[2,7,2,1,2,2,2,3,1],35,2].
[[1,8,0,1,1,2,2,2,1],11,5].
[[3,7,1,1,1,0,1,2,1],3,2].
[[2,5,0,1,1,2,1,1,0],4,2].
[[3,7,0,1,1,2,2,3,0],14,12].
[[3,7,2,1,2,2,2,3,0],3,2].
[[3,9,2,1,1,0,1,1,0],1,1].
[[2,5,0,1,2,2,1,2,0],9,1].
[[2,8,1,1,2,0,1,2,0],8,6].
[[3,4,2,1,2,0,2,1,0],23,0].
[[3,5,0,1,1,0,1,1,1],3,1].
[[3,5,0,0,0,0,1,2,0],13,0].
[[3,7,0,1,2,2,2,1,0],5,3].
[[3,7,2,1,2,2,1,2,0],8,0].
[[3,8,1,1,1,2,2,3,0],11,26].
[[3,8,1,1,1,0,2,1,1],4,9].
[[3,8,0,1,1,0,2,2,1],1,5].
[[3,7,1,0,0,0,0,0,0],15,4].
[[2,7,1,0,0,0,2,2,0],6,1].
[[3,7,1,0,0,0,2,2,0],14,5].
[[2,9,2,1,2,0,2,1,1],5,7].
[[3,9,2,1,2,0,1,2,1],3,11].
[[2,8,0,1,2,0,0,0,0],2,19].
[[3,8,1,0,0,0,1,1,0],3,9].
[[3,9,1,0,0,0,2,3,0],0,10].
[[3,7,1,1,1,0,2,2,1],4,3].
[[1,8,0,1,2,2,1,2,1],3,2].
[[3,3,1,0,0,0,0,0,0],8,3].
[[3,6,0,1,2,0,2,3,0],0,1].
[[2,8,1,1,1,2,0,0,0],25,9].
[[2,9,1,1,1,2,2,1,0],5,9].
[[3,9,1,1,1,2,2,1,0],2,9].
[[2,7,1,1,2,0,2,1,1],4,1].
[[2,9,2,1,2,0,2,1,0],3,7].
[[1,4,2,1,2,0,1,2,1],3,1].
[[1,7,2,0,0,0,2,1,1],13,2].
[[2,8,0,1,2,0,2,1,0],4,3].
[[3,6,0,1,2,0,2,1,0],1,0].
[[3,7,2,1,2,0,0,0,0],10,1].
[[1,7,1,1,2,2,2,3,1],5,0].
[[2,9,1,0,0,0,0,0,0],0,4].
[[2,9,1,1,1,2,2,3,0],19,24].
[[1,9,2,1,1,2,1,2,0],24,14].
[[2,8,0,1,2,0,1,2,1],2,4].
[[2,4,2,1,2,0,2,2,0],34,1].
[[3,8,1,1,1,2,0,0,0],0,1].
[[2,5,0,1,2,2,1,1,1],10,0].
[[2,7,0,1,1,2,0,0,0],8,3].
[[3,7,0,1,1,2,0,0,0],13,12].
[[2,7,2,1,1,2,0,0,0],11,0].
[[3,7,1,0,0,0,2,3,0],9,4].
[[3,6,1,1,2,0,2,3,1],19,2].
[[3,6,1,1,2,2,2,3,0],13,1].
[[1,6,0,0,0,0,0,0,0],0,5].
[[2,6,0,0,0,0,0,0,0],4,7].
[[2,9,2,1,1,2,1,1,0],3,6].
[[3,9,2,1,1,2,2,3,0],2,12].
[[1,8,1,1,1,2,1,1,0],0,2].
[[2,7,1,1,1,2,1,1,0],0,1].
[[3,7,1,1,1,2,1,1,1],8,7].
[[2,8,0,0,0,0,1,2,1],11,15].
[[3,9,2,0,0,0,1,2,1],7,8].
[[2,7,1,1,1,2,2,3,0],5,0].
[[3,7,2,1,1,2,2,2,1],20,1].
[[3,7,1,1,2,0,0,0,0],20,7].
[[1,8,0,0,0,0,1,2,1],3,0].
[[3,3,1,1,2,0,1,2,1],3,0].
[[2,6,1,0,0,0,2,2,1],18,1].
[[1,6,1,0,0,0,2,2,1],4,0].
[[3,7,0,0,0,0,0,0,0],6,3].
[[1,9,2,1,2,0,2,1,1],6,19].
[[1,9,2,1,2,0,2,2,1],9,29].
[[2,6,1,1,2,2,2,2,0],2,0].
[[3,9,2,1,1,2,1,2,0],5,12].
[[3,7,1,1,2,2,2,1,0],7,6].
[[2,9,2,1,2,0,1,1,1],7,12].
[[2,6,1,1,2,2,2,3,1],22,2].
[[1,7,2,1,2,0,2,3,1],6,0].
[[1,7,2,1,2,0,0,0,0],8,5].
[[2,7,2,1,1,0,2,2,1],1,1].
[[3,7,2,1,2,0,2,2,1],11,1].
[[3,8,0,0,0,0,2,1,0],2,9].
[[3,6,0,0,0,0,0,0,0],2,2].
[[3,7,0,1,1,2,1,2,0],4,1].
[[2,7,2,1,2,2,2,1,1],13,2].
[[3,8,0,1,2,0,2,1,1],7,11].
[[3,7,0,0,0,0,2,1,1],0,1].
[[1,8,1,1,2,0,2,3,0],4,5].
[[3,8,0,1,1,2,0,0,0],0,19].
[[3,9,2,1,2,0,2,3,0],1,2].
[[2,7,2,0,0,0,1,1,1],4,0].
[[3,7,2,1,2,0,1,1,1],6,1].
[[3,8,0,1,1,0,1,2,0],5,7].
[[3,7,2,0,0,0,2,2,0],2,0].
[[3,7,2,1,1,0,0,0,0],1,1].
[[3,9,2,1,1,0,1,1,1],1,3].
[[2,9,1,1,2,2,2,1,1],8,38].
[[2,7,1,1,2,0,1,2,0],0,1].
[[1,6,0,1,2,2,0,0,0],8,4].
[[2,3,2,0,0,0,2,2,1],3,0].
[[3,3,2,1,2,2,2,2,1],6,0].
[[3,9,2,1,1,0,2,3,1],0,3].
[[1,7,1,0,0,0,2,2,1],3,1].
[[3,8,1,1,2,2,2,1,0],10,17].
[[2,9,2,0,0,0,1,2,0],20,28].
[[2,7,0,0,0,0,2,2,1],2,0].
[[3,7,0,1,2,0,2,1,1],3,2].
[[3,7,2,0,0,0,0,0,0],5,0].
[[2,7,1,1,1,2,2,2,1],12,1].
[[1,8,1,1,1,2,2,3,0],9,1].
[[3,7,1,0,0,0,1,2,0],10,3].
[[2,8,0,1,1,2,1,1,1],6,2].
[[3,6,1,0,0,0,1,1,1],7,0].
[[3,3,1,0,0,0,2,2,1],3,1].
[[1,8,0,1,2,2,1,2,0],4,1].
[[2,7,1,1,2,2,1,2,0],2,1].
[[3,9,1,1,1,0,2,3,1],1,6].
[[3,9,2,1,2,2,2,3,1],1,10].
[[2,5,0,0,0,0,1,1,0],4,0].
[[3,5,0,0,0,0,1,1,0],9,1].
[[2,4,2,1,2,0,1,2,0],36,1].
[[1,8,1,1,1,2,2,1,0],7,0].
[[2,9,1,1,2,0,2,1,1],5,10].
[[2,9,2,0,0,0,1,1,0],2,12].
[[3,8,0,0,0,0,1,1,0],4,9].
[[1,7,2,1,2,0,2,1,1],1,0].
[[2,7,2,1,2,0,2,1,1],9,1].
[[3,7,2,1,1,0,2,1,1],2,1].
[[2,3,2,0,0,0,0,0,0],11,0].
[[3,3,2,0,0,0,2,2,1],3,0].
[[3,8,1,1,2,2,0,0,0],0,5].
[[3,6,0,0,0,0,2,1,0],1,0].
[[2,8,1,1,2,0,1,1,0],1,3].
[[3,9,2,1,1,2,2,2,0],0,4].
[[3,6,1,1,2,2,2,1,1],11,1].
[[3,9,2,1,2,2,2,1,0],0,7].
[[2,7,2,0,0,0,1,2,0],3,0].
[[3,7,2,1,2,0,1,2,0],4,0].
[[3,9,2,1,2,0,1,1,1],4,6].
[[2,8,1,1,2,0,2,1,0],4,5].
[[2,9,1,1,2,0,1,1,1],7,4].
[[3,7,2,1,1,0,1,1,1],0,4].
[[2,8,1,1,1,0,2,1,0],1,0].
[[3,8,1,1,1,0,1,1,0],4,4].
[[3,7,1,0,0,0,1,1,1],16,1].
[[3,3,1,1,2,0,1,1,1],1,0].
[[3,9,1,1,1,0,1,2,1],2,20].
[[1,8,1,1,2,0,2,2,0],7,0].
[[2,6,1,1,2,0,2,2,0],3,0].
[[3,9,1,1,2,0,2,1,0],1,5].
[[1,7,1,1,2,2,2,1,1],4,0].
[[2,9,1,1,2,0,2,1,0],3,5].
[[3,5,0,1,1,0,1,1,0],1,2].
[[3,7,2,0,0,0,2,3,1],24,2].
[[1,4,2,1,2,0,1,2,0],7,0].
[[2,6,1,1,2,0,2,3,1],8,0].
[[3,6,1,1,2,2,0,0,0],9,0].
[[3,9,1,0,0,0,2,1,0],0,5].
[[2,8,0,1,2,0,2,3,1],12,18].
[[3,6,0,1,2,0,2,3,1],0,1].
[[2,6,0,1,2,2,2,2,1],7,3].
[[3,2,0,1,2,2,2,2,1],1,0].
[[3,3,1,1,1,2,0,0,0],2,1].
[[3,2,1,1,2,2,0,0,0],5,0].
[[2,6,1,1,2,0,0,0,0],11,3].
[[3,7,0,0,0,0,2,2,1],4,3].
[[2,8,0,0,0,0,1,1,0],5,6].
[[2,7,0,1,1,2,2,2,1],1,0].
[[3,9,2,1,2,2,1,1,0],3,4].
[[2,6,0,1,1,2,0,0,0],5,4].
[[3,3,1,1,1,2,2,3,1],1,1].
[[3,6,0,1,1,2,2,2,1],2,2].
[[2,6,1,1,2,2,2,1,1],5,0].
[[2,9,2,1,1,0,2,2,1],1,4].
[[1,8,1,1,2,0,2,1,0],4,3].
[[3,9,2,1,2,2,1,1,1],7,19].
[[2,7,2,1,1,2,2,3,1],5,1].
[[2,8,1,1,1,2,1,2,0],12,5].
[[1,6,1,1,2,2,2,3,1],5,0].
[[3,6,1,1,1,2,2,3,1],11,0].
[[3,8,1,0,0,0,2,1,0],1,1].
[[3,8,1,1,1,0,1,2,0],6,6].
[[2,5,0,1,1,0,1,1,1],0,1].
[[3,5,0,1,1,0,1,2,1],0,1].
[[2,7,0,0,0,0,0,0,0],4,3].
[[3,7,0,1,2,0,0,0,0],0,4].
[[3,6,0,1,2,2,1,2,0],3,0].
[[2,2,0,1,2,2,0,0,0],1,1].
[[3,2,0,1,2,2,0,0,0],0,1].
[[2,7,2,1,1,2,2,2,1],9,0].
[[1,8,1,1,2,2,1,1,0],1,5].
[[2,7,2,1,2,2,1,2,1],12,2].
[[1,8,1,1,2,0,2,1,1],14,5].
[[2,3,1,0,0,0,2,2,1],1,1].
[[2,6,1,0,0,0,2,1,0],1,0].
[[3,6,0,1,1,2,2,1,1],1,2].
[[3,7,1,1,1,2,2,2,0],12,4].
[[2,6,0,1,1,2,2,2,1],1,0].
[[2,8,1,1,2,0,2,2,0],10,10].
[[3,9,2,0,0,0,1,1,1],3,8].
[[2,5,0,0,0,0,1,1,1],7,1].
[[3,7,2,1,1,0,2,2,1],3,0].
[[3,8,0,1,1,0,2,2,0],0,7].
[[3,9,2,1,1,2,1,1,0],1,1].
[[1,9,2,1,1,2,1,1,1],23,4].
[[2,9,1,1,1,0,1,1,0],0,1].
[[3,6,0,0,0,0,2,3,0],0,5].
[[3,3,1,1,2,2,2,3,0],2,0].
[[3,8,1,1,2,0,1,1,0],6,5].
[[3,7,0,1,1,2,2,2,0],7,4].
[[1,3,2,0,0,0,2,3,1],1,0].
[[2,3,2,0,0,0,2,3,1],1,0].
[[3,3,2,1,2,2,2,3,1],3,0].
[[3,9,1,0,0,0,2,2,1],2,3].
[[3,6,0,1,2,2,2,2,0],5,5].
[[1,9,2,1,2,0,1,1,1],4,7].
[[2,9,1,1,1,0,1,2,0],1,5].
[[2,8,1,1,1,0,2,1,1],1,5].
[[2,9,2,1,2,0,0,0,0],0,7].
[[3,8,0,0,0,0,2,2,1],5,19].
[[1,8,0,1,1,2,2,1,1],5,4].
[[2,9,2,1,1,0,2,3,0],3,5].
[[3,9,2,1,1,0,2,3,0],1,1].
[[1,7,1,0,0,0,1,1,1],1,0].
[[3,3,2,0,0,0,0,0,0],7,1].
[[3,9,2,1,2,2,2,2,1],1,5].
[[3,3,2,0,0,0,2,1,1],2,0].
[[3,9,2,1,1,0,2,1,1],0,2].
[[3,9,1,1,1,0,1,1,1],0,8].
[[3,5,0,1,2,0,1,1,0],4,1].
[[2,6,0,1,2,2,2,1,1],2,1].
[[3,6,0,1,2,2,2,1,1],1,3].
[[3,6,1,1,1,0,2,3,0],1,1].
[[1,7,1,0,0,0,2,3,0],2,3].
[[3,7,0,0,0,0,2,3,0],1,2].
[[3,3,2,1,1,0,0,0,0],1,0].
[[2,7,1,1,2,0,1,2,1],2,1].
[[2,7,2,1,2,0,1,2,1],4,0].
[[3,4,0,1,2,0,2,1,1],0,1].
[[3,3,2,1,2,2,2,1,1],6,0].
[[3,7,0,1,2,2,1,1,1],1,2].
[[3,6,0,1,1,2,1,1,0],1,0].
[[3,6,1,1,2,0,2,2,1],10,1].
[[1,8,0,0,0,0,1,2,0],3,7].
[[2,7,0,0,0,0,1,2,0],0,2].
[[3,7,0,1,2,0,1,1,0],1,1].
[[3,9,1,1,2,0,1,1,1],2,16].
[[3,6,1,1,1,2,1,1,1],4,1].
[[3,8,1,1,1,0,2,2,0],2,2].
[[3,6,1,1,2,0,2,1,1],9,0].
[[3,7,1,1,1,0,1,1,1],1,1].
[[3,8,0,1,2,0,1,1,1],7,9].
[[2,6,1,1,2,2,1,2,1],4,0].
[[3,3,1,1,1,2,1,2,1],3,0].
[[3,2,1,1,2,0,2,3,1],1,0].
[[2,7,1,0,0,0,2,1,0],5,2].
[[3,7,2,1,2,2,2,2,0],2,1].
[[3,6,0,1,2,2,1,1,1],2,3].
[[1,7,2,1,2,2,2,2,1],4,0].
[[2,6,1,1,2,0,2,1,1],5,1].
[[1,8,1,1,1,2,1,1,1],2,0].
[[3,9,2,1,1,2,2,3,1],2,8].
[[3,3,1,0,0,0,1,1,1],1,0].
[[2,3,1,0,0,0,0,0,0],9,1].
[[3,3,1,1,2,2,2,2,0],3,1].
[[3,3,1,1,2,0,0,0,0],4,0].
[[3,9,2,1,1,0,1,2,0],2,0].
[[3,3,1,0,0,0,2,1,1],2,0].
[[1,8,1,1,1,2,2,2,0],9,1].
[[3,3,1,0,0,0,2,3,1],5,1].
[[1,7,2,1,2,2,2,1,1],3,0].
[[2,7,2,1,1,2,2,1,1],3,0].
[[3,7,0,1,2,2,1,1,0],0,2].
[[3,9,1,1,1,0,2,3,0],0,8].
[[3,6,0,1,1,2,2,3,1],7,2].
[[2,3,2,1,2,0,2,3,1],2,0].
[[3,3,2,1,1,0,1,2,1],1,0].
[[2,3,2,1,2,0,2,1,1],2,0].
[[3,3,2,1,2,2,1,2,1],4,0].
[[2,9,2,1,2,0,1,1,0],2,3].
[[2,9,2,1,1,0,1,1,1],0,2].
[[2,6,1,0,0,0,1,1,1],1,0].
[[2,7,2,1,2,0,1,1,1],1,1].
[[3,7,1,1,1,0,2,2,0],0,1].
[[3,3,2,1,2,0,2,3,1],8,0].
[[2,7,0,1,2,2,2,3,1],2,1].
[[3,9,2,0,0,0,1,2,0],2,2].
[[3,8,1,0,0,0,2,2,0],12,4].
[[1,7,1,1,2,2,1,2,1],2,1].
[[3,7,1,1,1,0,2,1,1],3,6].
[[3,6,1,1,1,2,0,0,0],3,1].
[[1,7,1,0,0,0,2,2,0],2,1].
[[2,7,1,1,2,0,2,2,0],3,0].
[[3,3,1,1,2,0,2,2,0],1,0].
[[2,8,1,1,1,0,1,2,1],3,3].
[[2,7,0,1,2,2,2,2,1],3,1].
[[3,9,2,1,2,0,1,1,0],1,0].
[[3,5,0,0,0,0,1,2,1],1,0].
[[2,3,2,0,0,0,2,1,1],2,0].
[[3,3,2,1,2,0,2,1,1],1,0].
[[3,6,1,1,2,0,2,1,0],2,0].
[[2,7,0,0,0,0,2,3,1],1,1].
[[3,9,1,1,1,0,1,2,0],2,16].
[[2,8,0,1,2,0,1,1,0],2,2].
[[3,7,1,1,2,0,1,1,0],3,2].
[[3,7,1,1,2,0,2,1,0],4,3].
[[2,8,1,1,1,2,1,1,0],3,3].
[[3,7,0,0,0,0,2,3,1],1,1].
[[1,7,2,1,2,0,2,2,1],3,0].
[[1,4,2,1,2,0,2,2,0],10,0].
[[3,6,1,1,1,2,2,2,1],4,1].
[[3,7,2,0,0,0,2,1,1],2,0].
[[3,9,2,1,1,2,0,0,0],0,2].
[[2,8,1,1,1,0,2,3,1],1,3].
[[2,8,0,1,2,0,1,1,1],1,2].
[[2,5,0,1,2,0,1,2,0],2,1].
[[3,2,1,0,0,0,2,3,1],2,0].
[[3,9,1,1,1,0,2,1,0],0,1].
[[3,3,1,1,2,0,2,2,1],4,0].
[[3,9,2,1,2,0,2,1,0],0,2].
[[2,7,1,1,1,2,1,2,1],2,0].
[[2,6,0,1,2,2,2,3,1],1,1].
[[3,6,0,1,2,2,1,2,1],4,3].
[[3,5,0,1,2,0,1,2,1],1,0].
[[3,6,0,1,1,2,2,1,0],0,1].
[[3,7,2,1,1,0,2,3,1],2,2].
[[1,6,1,1,2,2,2,2,1],1,0].
[[2,7,1,1,2,0,2,3,0],3,3].
[[2,7,1,1,1,2,2,3,1],9,3].
[[2,6,1,1,2,0,2,2,1],3,1].
[[2,7,2,1,2,0,2,1,0],2,0].
[[3,7,2,1,1,0,2,1,0],1,0].
[[2,9,1,1,1,0,2,1,1],1,0].
[[3,3,1,1,2,2,2,2,1],10,1].
[[3,3,1,1,2,0,2,3,0],1,0].
[[3,7,0,1,1,2,2,1,0],1,2].
[[3,7,2,1,1,2,2,1,1],11,0].
[[3,8,0,1,1,0,1,1,0],0,2].
[[1,8,0,1,1,2,2,1,0],6,1].
[[3,6,1,1,1,0,2,2,1],1,1].
[[1,4,2,1,2,0,1,1,0],3,0].
[[2,4,2,1,2,0,1,1,0],10,0].
[[3,7,2,1,1,2,1,1,0],0,1].
[[2,6,0,0,0,0,2,3,1],0,1].
[[3,6,0,0,0,0,2,3,1],0,1].
[[3,9,1,1,2,2,0,0,0],0,2].
[[3,8,1,1,1,0,1,1,1],3,6].
[[1,6,1,0,0,0,2,3,0],3,0].
[[3,3,0,1,1,2,0,0,0],0,1].
[[2,9,2,1,1,0,2,3,1],1,6].
[[1,4,2,1,2,0,1,1,1],3,0].
[[3,6,1,0,0,0,2,1,1],6,1].
[[3,9,1,1,1,2,0,0,0],0,1].
[[3,3,2,1,1,0,2,2,1],1,0].
[[2,9,1,1,1,0,2,3,0],0,3].
[[3,6,0,0,0,0,2,2,0],1,0].
[[3,8,0,1,1,0,1,1,1],0,3].
[[2,7,0,0,0,0,2,3,0],1,1].
[[2,5,0,1,1,2,1,1,1],8,0].
[[3,6,1,0,0,0,2,3,0],9,0].
[[2,6,0,1,1,2,2,2,0],1,0].
[[3,9,2,1,2,0,2,2,1],0,2].
[[3,9,2,0,0,0,2,2,1],0,1].
[[2,7,0,1,1,2,1,2,0],1,0].
[[3,3,1,0,0,0,2,2,0],1,0].
[[3,7,0,1,2,2,1,2,0],3,1].
[[3,9,2,1,2,2,0,0,0],0,1].
[[1,8,0,1,2,2,1,1,1],1,1].
[[3,9,2,1,1,2,2,1,0],0,3].
[[3,3,2,1,1,2,0,0,0],1,0].
[[3,9,2,1,1,2,2,2,1],1,5].
[[1,7,1,1,2,2,2,2,0],3,1].
[[2,7,0,0,0,0,2,2,0],3,0].
[[3,7,0,0,0,0,1,2,0],2,0].
[[3,9,2,1,2,0,2,3,1],0,2].
[[2,8,1,1,1,0,1,1,1],0,1].
[[3,2,0,1,2,2,2,1,0],1,0].
[[1,8,1,1,1,2,1,2,0],2,0].
[[1,7,2,0,0,0,2,2,0],1,0].
[[2,5,0,1,2,0,1,1,0],1,0].
[[2,8,1,1,1,0,2,2,1],3,2].
[[3,7,2,1,1,2,2,3,0],2,0].
[[3,3,2,0,0,0,2,3,1],2,0].
[[1,8,1,1,2,0,1,1,1],0,7].
[[3,5,0,1,1,0,1,2,0],3,1].
[[3,6,1,1,1,2,2,1,0],1,0].
[[3,9,2,0,0,0,2,2,0],0,1].
[[3,6,1,1,1,2,2,1,1],4,0].
[[3,7,0,0,0,0,1,1,1],1,0].
[[2,7,2,1,2,2,1,2,0],1,0].
[[3,7,1,0,0,0,2,1,0],2,3].
[[3,7,0,1,2,2,2,1,1],3,6].
[[2,6,1,1,1,2,2,2,0],1,0].
[[3,6,1,1,1,2,2,2,0],1,0].
[[3,8,0,1,1,0,2,1,1],1,2].
[[2,7,2,0,0,0,2,2,0],3,1].
[[2,5,0,1,1,0,1,2,0],1,1].
[[3,1,0,1,2,0,1,1,0],0,1].
[[2,8,1,1,1,0,2,2,0],2,0].
[[2,7,1,1,2,0,2,1,0],2,0].
[[3,7,0,1,2,0,2,1,0],1,0].
[[2,9,2,1,1,0,1,2,1],1,2].
[[3,3,1,1,2,2,1,2,1],5,0].
[[3,7,2,1,1,2,0,0,0],1,0].
[[3,3,1,1,1,2,2,3,0],2,0].
[[3,6,0,1,1,2,1,1,1],0,2].
[[3,3,2,1,2,0,2,2,1],1,0].
[[2,7,2,1,2,2,2,3,0],2,0].
[[1,7,2,1,2,2,1,2,1],3,0].
[[2,6,1,1,1,2,2,1,1],1,0].
[[3,6,1,0,0,0,2,2,0],2,0].
[[3,6,0,1,1,2,1,2,1],3,0].
[[3,7,1,1,1,0,2,1,0],1,0].
[[3,3,2,1,1,0,2,1,1],2,0].
[[1,7,2,1,2,0,2,1,0],1,0].
[[3,7,2,1,1,0,1,1,0],1,0].
[[2,7,1,1,1,2,1,1,1],0,1].
[[3,7,0,0,0,0,1,1,0],0,1].
[[3,6,1,1,2,2,2,1,0],3,0].
[[2,1,1,1,2,0,1,1,1],1,0].
[[3,1,1,1,2,0,1,1,1],1,0].
[[2,6,0,1,2,2,2,2,0],4,0].
[[3,7,0,1,2,0,2,2,1],1,1].
[[2,3,1,1,2,2,2,3,1],1,0].
[[2,6,0,1,1,2,2,3,0],1,1].
[[3,6,0,1,1,2,2,2,0],2,1].
[[1,6,0,1,2,2,2,3,0],1,1].
[[2,9,2,1,1,0,2,1,1],0,3].
[[3,7,1,1,2,0,2,2,0],4,0].
[[2,9,2,1,1,0,1,2,0],0,2].
[[2,7,2,1,1,2,1,2,1],4,0].
[[3,8,0,1,1,0,2,1,0],0,2].
[[2,7,2,1,2,0,2,2,0],1,0].
[[3,8,0,1,2,0,0,0,0],0,4].
[[3,7,0,1,2,0,2,2,0],1,1].
[[2,3,1,1,2,2,2,2,0],1,0].
[[3,3,1,1,1,2,2,1,1],2,0].
[[3,3,1,0,0,0,2,3,0],2,0].
[[3,6,1,1,2,0,2,2,0],3,1].
[[3,7,0,1,2,0,2,3,1],5,2].
[[3,7,2,0,0,0,1,1,1],4,1].
[[2,3,1,1,2,2,2,3,0],1,0].
[[1,7,2,1,2,0,1,1,1],1,0].
[[2,3,2,1,2,0,1,1,1],1,0].
[[3,3,2,1,2,0,1,1,1],2,0].
[[2,7,1,1,2,2,2,1,0],2,4].
[[3,8,1,1,1,0,2,1,0],0,2].
[[2,9,1,1,1,0,2,2,0],0,2].
[[3,2,0,1,2,2,2,2,0],1,0].
[[3,7,2,0,0,0,2,1,0],1,0].
[[3,3,2,1,2,2,1,1,1],1,0].
[[2,9,1,1,1,2,0,0,0],0,4].
[[3,8,1,0,0,0,0,0,0],0,2].
[[3,7,2,0,0,0,2,3,0],3,0].
[[2,2,1,0,0,0,0,0,0],1,0].
[[3,2,1,0,0,0,0,0,0],1,0].
[[2,6,1,1,2,0,2,1,0],1,0].
[[3,6,1,1,1,0,2,3,1],2,1].
[[3,9,2,0,0,0,1,1,0],1,1].
[[3,3,2,1,1,2,1,2,1],1,0].
[[2,6,1,1,1,2,2,3,0],1,0].
[[3,5,0,1,1,2,1,2,1],2,0].
[[2,9,2,1,1,0,1,1,0],0,1].
[[2,6,0,1,2,2,2,3,0],1,0].
[[1,8,0,1,2,2,1,1,0],3,1].
[[2,7,2,1,1,0,0,0,0],1,0].
[[2,3,1,1,2,2,2,1,1],1,0].
[[2,6,1,1,1,2,1,1,1],1,0].
[[1,7,2,1,2,0,2,3,0],0,1].
[[2,7,1,1,2,2,1,1,0],2,0].
[[2,9,1,1,1,0,2,3,1],1,1].
[[3,7,2,0,0,0,1,1,0],0,1].
[[3,3,1,1,2,0,1,2,0],1,0].
[[3,7,2,1,1,2,2,2,0],1,0].
[[2,3,2,1,2,2,2,1,1],1,0].
[[2,9,1,1,1,0,2,2,1],0,2].
[[3,9,2,1,1,2,2,1,1],0,1].
[[3,3,1,0,0,0,2,1,0],2,0].
[[3,4,0,1,2,0,2,3,1],0,3].
[[3,9,1,0,0,0,0,0,0],0,1].
[[2,8,1,1,1,0,2,3,0],1,1].
[[3,6,1,1,2,0,1,1,1],2,1].
[[1,7,2,0,0,0,2,3,0],1,0].
[[2,5,0,1,2,0,1,1,1],1,1].
[[3,6,0,1,1,2,1,2,0],2,0].
[[3,4,0,1,2,0,1,2,0],0,1].
[[2,6,0,0,0,0,2,1,1],1,0].
[[3,6,0,1,2,0,2,1,1],1,0].
[[3,2,1,0,0,0,2,1,1],1,0].
[[2,6,1,1,1,2,2,3,1],2,0].
[[3,6,0,0,0,0,2,1,1],0,1].
[[2,7,2,0,0,0,2,3,0],1,0].
[[1,7,2,0,0,0,1,1,1],0,1].
[[3,3,2,1,1,2,2,3,1],1,0].
[[3,6,0,1,2,2,1,1,0],1,0].
[[2,6,0,1,2,2,2,1,0],1,0].
[[3,2,1,1,2,2,2,3,0],1,0].
[[3,7,1,1,1,0,1,2,0],1,0].
[[2,6,0,1,2,2,1,2,0],1,0].
[[3,3,1,1,2,2,1,1,1],2,0].
[[2,7,2,1,1,2,1,1,1],1,0].
[[2,7,0,1,1,2,2,3,0],0,2].
[[3,7,2,1,2,0,2,2,0],1,0].
[[2,7,0,0,0,0,2,1,0],1,0].
[[1,8,0,1,1,2,1,1,0],1,0].
[[3,2,1,1,2,0,2,2,0],1,0].
[[3,2,1,1,2,0,0,0,0],1,0].
[[3,4,0,1,2,0,1,2,1],0,1].
[[2,6,0,0,0,0,2,2,0],1,0].
[[2,7,2,1,1,2,2,3,0],1,0].
[[1,8,0,0,0,0,1,1,0],0,1].
[[3,5,0,1,2,2,1,2,1],1,0].
[[3,8,1,1,1,0,0,0,0],0,1].
[[3,7,2,1,2,2,2,1,0],1,0].
[[1,6,1,1,2,2,1,2,1],1,0].
[[2,3,1,1,2,2,1,2,1],1,0].
[[1,6,1,1,2,2,2,2,0],1,0].
