total_WL(4791,6883).
[[1,9,2,1,1,2,0,0,0],52,79].
[[2,9,2,1,1,2,2,2,2],5,14].
[[3,9,1,1,1,2,2,1,0],1,23].
[[1,8,1,1,2,2,1,2,2],50,18].
[[2,8,1,1,2,2,1,2,2],102,64].
[[3,8,1,1,2,2,1,2,2],93,82].
[[1,9,2,0,0,0,0,0,0],49,233].
[[2,9,1,1,2,0,0,0,0],0,2].
[[3,9,1,1,1,0,2,2,0],1,6].
[[1,9,2,0,0,0,2,1,2],15,43].
[[2,8,1,0,0,0,2,1,2],21,11].
[[3,7,2,0,0,0,2,1,2],6,0].
[[1,8,0,0,0,0,0,0,0],36,177].
[[2,8,0,0,0,0,2,1,0],6,27].
[[3,8,0,0,0,0,1,2,0],0,32].
[[2,4,2,1,2,0,0,0,0],21,1].
[[3,4,2,1,2,0,2,2,1],13,0].
[[1,9,2,1,2,2,0,0,0],73,256].
[[2,9,1,1,2,2,2,3,0],19,116].
[[3,5,0,1,2,2,1,2,0],47,3].
[[1,8,1,1,2,2,2,2,2],89,34].
[[2,7,1,1,2,2,2,2,2],26,11].
[[3,7,1,1,2,2,2,3,0],55,32].
[[1,8,1,0,0,0,2,3,2],123,59].
[[2,8,1,1,2,0,1,2,2],29,28].
[[3,8,1,1,1,0,1,2,2],11,21].
[[1,9,2,1,2,2,2,3,0],114,312].
[[2,8,1,1,2,2,2,3,0],86,66].
[[3,7,1,1,1,2,2,3,0],28,16].
[[1,8,1,0,0,0,0,0,0],178,186].
[[2,7,1,1,2,2,0,0,0],50,57].
[[3,7,1,1,2,2,2,2,0],28,23].
[[1,7,2,1,2,2,0,0,0],23,2].
[[2,7,2,1,2,2,2,3,2],23,1].
[[3,7,2,1,2,2,2,3,2],23,1].
[[1,9,2,0,0,0,2,2,0],41,221].
[[2,8,0,0,0,0,2,2,0],14,53].
[[3,8,0,0,0,0,1,1,0],0,11].
[[1,9,2,1,2,2,1,2,1],18,40].
[[2,8,0,1,2,2,1,2,1],2,15].
[[3,7,1,1,2,2,1,1,2],22,10].
[[1,9,2,0,0,0,2,3,0],74,321].
[[2,9,1,1,2,2,2,1,0],4,50].
[[3,9,0,1,1,2,2,1,0],0,3].
[[3,8,0,1,2,0,2,2,0],1,38].
[[1,8,0,1,1,2,0,0,0],35,37].
[[2,7,1,1,1,2,0,0,0],15,11].
[[3,7,0,1,1,2,0,0,0],0,22].
[[1,9,2,1,2,0,2,3,1],8,21].
[[2,9,2,1,2,0,1,1,2],0,11].
[[3,8,0,1,1,0,1,1,2],0,6].
[[1,9,2,1,2,2,2,2,0],69,227].
[[2,8,0,1,2,2,2,2,0],8,90].
[[3,8,0,1,1,2,1,2,1],4,37].
[[1,9,2,0,0,0,2,2,1],24,69].
[[2,9,2,1,2,2,2,2,1],5,27].
[[3,9,2,1,2,2,1,2,2],0,68].
[[2,9,1,1,1,2,1,1,0],9,22].
[[3,4,2,1,2,0,1,1,0],59,1].
[[1,9,2,1,2,2,1,2,2],100,173].
[[2,9,2,1,2,2,1,2,2],37,181].
[[3,9,1,1,1,2,1,2,2],0,47].
[[1,8,1,0,0,0,2,2,1],64,49].
[[2,8,1,1,2,0,2,3,0],24,25].
[[3,7,1,1,1,0,2,3,0],4,4].
[[1,8,1,1,2,2,2,3,0],45,30].
[[3,8,1,1,2,2,1,2,0],60,39].
[[2,9,2,1,2,2,1,2,1],4,40].
[[3,8,1,1,2,2,1,2,1],90,63].
[[2,9,1,0,0,0,2,3,0],6,54].
[[3,8,0,1,2,2,2,3,0],5,203].
[[1,8,1,1,2,2,2,3,2],91,54].
[[2,8,1,1,1,2,1,2,2],48,5].
[[3,7,1,1,1,2,1,2,2],34,15].
[[2,5,0,1,2,2,1,2,0],19,2].
[[1,9,2,1,1,2,2,3,0],73,74].
[[2,9,1,1,1,2,2,3,0],24,50].
[[3,8,0,1,1,2,2,3,0],2,146].
[[1,9,2,1,1,2,2,3,2],41,43].
[[2,9,1,1,1,2,1,2,2],10,15].
[[3,8,0,1,1,2,1,2,2],3,105].
[[1,9,2,0,0,0,1,2,2],77,184].
[[2,9,1,0,0,0,1,2,2],4,22].
[[3,8,0,1,2,0,1,2,2],0,55].
[[1,8,1,1,2,2,0,0,0],141,152].
[[2,8,1,1,1,2,2,1,2],12,5].
[[3,6,1,1,1,2,2,1,2],4,0].
[[1,9,2,1,2,0,2,2,0],2,26].
[[2,9,2,1,1,0,2,2,0],2,1].
[[3,4,0,1,2,0,2,3,0],0,2].
[[2,6,1,1,2,2,2,3,0],9,0].
[[3,3,1,1,2,2,2,3,0],8,1].
[[3,8,0,1,2,2,1,2,1],1,52].
[[1,9,2,1,2,0,2,3,2],3,17].
[[2,8,1,1,2,0,2,3,2],13,11].
[[3,8,1,1,2,0,1,2,2],41,29].
[[2,8,1,1,2,0,2,3,1],23,18].
[[3,8,1,1,2,0,2,3,1],6,17].
[[1,8,0,1,2,2,2,3,0],14,49].
[[2,7,1,1,2,2,2,3,0],20,7].
[[3,7,2,1,2,2,2,3,0],16,1].
[[1,9,2,1,1,2,2,1,0],34,26].
[[3,4,2,1,2,0,1,2,0],118,3].
[[1,8,0,0,0,0,1,2,2],3,16].
[[2,7,1,0,0,0,1,2,2],6,3].
[[3,3,1,1,2,2,1,2,2],7,0].
[[2,9,1,1,2,2,1,2,1],9,40].
[[2,9,1,1,2,2,2,2,0],11,92].
[[3,8,0,1,2,2,2,2,0],2,138].
[[1,8,1,0,0,0,1,1,0],3,2].
[[2,8,1,1,2,0,1,1,0],8,4].
[[3,7,2,1,2,0,1,1,0],3,0].
[[2,8,1,1,2,0,2,2,1],10,16].
[[1,9,2,1,2,2,2,1,0],44,111].
[[2,9,1,1,1,2,1,2,0],26,47].
[[3,8,1,1,1,2,1,2,0],43,38].
[[1,9,2,1,2,2,2,2,1],30,73].
[[2,9,2,1,2,2,2,3,0],29,174].
[[2,8,0,0,0,0,2,3,0],9,79].
[[3,8,0,0,0,0,2,1,0],0,21].
[[1,8,1,1,2,2,2,2,1],63,34].
[[2,8,1,1,1,2,2,2,1],20,12].
[[3,8,1,1,1,2,1,2,1],37,26].
[[1,9,2,0,0,0,2,2,2],31,154].
[[2,9,2,1,2,2,2,3,1],12,53].
[[3,9,1,1,2,2,1,2,1],3,55].
[[1,9,2,0,0,0,2,1,0],35,125].
[[2,9,1,1,2,0,1,2,0],3,23].
[[3,5,0,1,2,0,1,1,0],3,2].
[[1,8,1,1,2,2,1,1,1],10,6].
[[2,7,1,1,2,2,1,1,1],5,2].
[[3,7,1,1,1,2,1,2,1],29,8].
[[1,9,2,0,0,0,1,1,2],30,48].
[[2,9,2,0,0,0,1,1,2],10,18].
[[3,8,0,1,2,2,1,1,2],0,47].
[[2,8,0,1,2,2,0,0,0],7,116].
[[3,8,0,1,2,2,2,2,1],0,24].
[[2,8,1,0,0,0,2,2,1],22,32].
[[3,5,0,1,2,2,1,1,1],70,6].
[[1,9,2,0,0,0,2,3,2],34,149].
[[2,9,2,1,2,2,2,2,0],24,131].
[[3,9,1,1,2,2,1,2,0],4,150].
[[2,9,2,0,0,0,2,3,2],2,18].
[[3,9,1,0,0,0,2,2,1],0,3].
[[1,8,0,1,2,2,2,3,2],21,63].
[[2,8,0,1,1,2,1,2,2],26,42].
[[1,9,2,1,2,2,2,2,2],44,165].
[[3,8,1,1,2,2,2,3,0],56,92].
[[1,5,0,1,1,2,2,3,0],1,0].
[[2,5,0,1,1,2,2,3,0],4,0].
[[3,5,0,1,1,2,2,2,0],17,0].
[[2,7,1,0,0,0,0,0,0],20,31].
[[3,7,1,0,0,0,2,2,0],9,10].
[[1,7,1,1,2,2,2,2,0],4,1].
[[2,7,1,1,2,2,2,2,0],14,5].
[[3,7,1,1,2,2,1,2,0],23,6].
[[2,8,1,1,2,2,2,3,2],70,44].
[[3,8,1,1,1,2,2,3,0],27,42].
[[1,8,1,1,2,0,2,3,2],10,7].
[[2,8,1,1,2,2,2,2,1],55,51].
[[1,8,0,1,2,2,0,0,0],64,228].
[[2,8,0,1,1,2,0,0,0],16,36].
[[3,8,0,1,1,2,2,1,0],0,52].
[[3,4,2,1,2,0,2,2,0],84,6].
[[1,8,1,1,1,2,0,0,0],27,15].
[[3,7,2,1,1,2,2,2,1],3,0].
[[1,8,0,0,0,0,2,2,0],10,27].
[[2,7,1,0,0,0,2,2,0],9,4].
[[2,9,2,1,2,2,0,0,0],4,49].
[[3,8,0,1,2,2,0,0,0],0,31].
[[1,9,2,1,2,2,2,3,2],52,174].
[[2,8,0,1,2,2,2,3,2],9,67].
[[3,7,1,1,2,2,2,3,2],53,30].
[[1,8,0,0,0,0,2,3,0],13,33].
[[2,8,0,1,2,2,2,1,0],8,43].
[[1,8,0,1,1,2,1,2,2],9,6].
[[1,9,2,1,2,2,2,1,2],11,59].
[[2,8,0,1,2,2,2,3,0],17,161].
[[3,6,0,1,2,2,2,3,0],0,10].
[[2,8,1,0,0,0,2,3,1],49,46].
[[2,9,2,1,2,2,1,1,2],13,33].
[[3,5,0,1,1,2,1,1,1],33,4].
[[1,8,1,1,2,2,2,1,2],28,13].
[[2,8,1,1,2,2,2,3,1],82,71].
[[3,7,1,1,1,2,2,3,1],21,15].
[[1,8,1,0,0,0,2,3,1],114,59].
[[2,7,1,0,0,0,2,3,1],17,3].
[[3,7,1,1,2,0,1,2,1],5,4].
[[1,8,1,1,1,2,2,3,2],19,9].
[[2,8,1,1,1,2,2,3,2],29,21].
[[3,8,1,1,1,2,2,3,1],8,15].
[[1,8,0,1,2,2,2,2,2],17,70].
[[2,8,0,1,2,2,2,3,1],10,66].
[[3,7,0,1,2,2,2,3,1],0,10].
[[1,7,2,0,0,0,0,0,0],36,8].
[[2,7,2,0,0,0,2,2,2],22,4].
[[3,7,2,0,0,0,1,2,2],20,9].
[[1,5,0,1,1,2,1,1,2],7,2].
[[2,5,0,1,1,2,1,1,2],32,0].
[[3,5,0,1,1,2,1,1,2],58,1].
[[1,8,1,0,0,0,2,1,0],28,11].
[[2,8,1,0,0,0,1,1,0],3,5].
[[3,8,1,1,2,0,1,2,0],24,25].
[[3,8,1,1,1,2,1,2,2],66,49].
[[2,8,0,1,2,0,2,1,0],0,12].
[[3,8,0,1,1,0,2,1,0],0,7].
[[1,9,2,1,1,2,1,2,2],55,43].
[[3,8,0,1,2,0,1,2,0],0,30].
[[2,8,1,0,0,0,2,3,0],56,48].
[[3,8,1,0,0,0,1,1,0],12,10].
[[3,7,1,1,2,2,0,0,0],18,22].
[[1,8,1,1,2,2,2,2,0],29,21].
[[2,6,1,1,2,2,2,2,0],5,0].
[[3,6,1,1,2,2,2,3,0],23,1].
[[1,8,0,1,2,2,1,2,0],0,8].
[[2,8,0,1,2,2,1,2,0],1,39].
[[3,6,0,1,2,2,1,2,0],0,3].
[[3,8,0,1,2,2,1,2,2],2,144].
[[1,9,2,1,1,2,2,2,2],34,33].
[[2,9,1,1,1,2,2,1,0],12,21].
[[3,4,2,1,2,0,1,2,2],117,8].
[[3,8,1,1,1,2,2,1,0],15,22].
[[2,9,2,1,1,2,2,3,0],20,63].
[[2,9,2,1,2,0,2,3,0],6,44].
[[3,9,1,1,1,0,1,2,0],0,17].
[[2,9,1,1,2,2,1,2,0],15,106].
[[3,9,0,1,1,2,1,2,0],0,34].
[[1,8,1,0,0,0,1,1,2],22,7].
[[2,8,1,1,2,0,1,1,2],6,10].
[[3,8,1,1,1,0,1,1,2],4,9].
[[2,9,1,1,2,0,2,1,0],1,11].
[[3,8,1,1,2,0,2,1,0],10,21].
[[1,5,0,0,0,0,2,2,0],7,1].
[[2,5,0,0,0,0,1,1,1],31,2].
[[1,8,1,1,2,2,2,3,1],98,45].
[[2,8,1,1,2,2,2,2,0],59,54].
[[3,8,1,1,2,2,2,2,0],41,71].
[[1,8,0,1,2,2,2,2,0],7,27].
[[3,8,0,1,2,2,1,1,0],0,47].
[[2,8,1,1,1,2,1,2,1],31,13].
[[3,7,2,1,1,2,1,2,1],3,0].
[[1,9,2,0,0,0,2,3,1],29,116].
[[2,9,2,0,0,0,2,1,0],5,45].
[[3,9,2,0,0,0,2,3,0],0,3].
[[2,9,2,0,0,0,1,2,2],20,115].
[[3,9,1,1,2,2,1,2,2],3,89].
[[2,8,1,1,1,2,2,2,2],19,14].
[[3,9,1,1,2,2,1,1,1],1,8].
[[1,8,1,1,2,0,0,0,0],19,17].
[[2,8,1,1,1,0,2,1,2],0,1].
[[3,4,0,1,2,0,1,1,2],0,2].
[[3,8,1,1,1,2,2,2,0],26,45].
[[1,9,2,1,2,2,2,3,1],44,141].
[[3,9,2,1,2,2,1,2,1],0,2].
[[2,9,1,1,2,2,1,1,0],4,67].
[[3,9,0,1,2,2,1,1,0],0,25].
[[1,8,1,0,0,0,2,2,2],122,75].
[[3,8,1,0,0,0,2,3,0],17,28].
[[1,9,2,1,1,2,2,2,1],16,9].
[[1,8,0,1,1,2,2,2,0],11,4].
[[2,8,0,1,1,2,1,2,0],10,20].
[[2,7,2,1,2,2,2,2,1],8,0].
[[3,7,2,1,2,2,1,2,1],14,3].
[[2,8,1,0,0,0,1,2,2],61,45].
[[3,7,1,1,2,0,1,2,2],17,7].
[[1,7,1,0,0,0,2,3,2],7,1].
[[2,7,1,0,0,0,2,3,2],19,8].
[[3,7,1,1,2,0,2,3,1],11,8].
[[1,9,2,0,0,0,1,1,0],5,28].
[[2,9,2,0,0,0,1,1,0],0,10].
[[3,9,1,0,0,0,1,1,0],0,19].
[[1,9,2,0,0,0,1,2,0],13,79].
[[2,9,1,0,0,0,1,1,0],5,26].
[[2,8,1,1,2,2,0,0,0],8,24].
[[1,8,0,0,0,0,2,3,2],10,52].
[[2,8,0,0,0,0,1,2,2],9,46].
[[3,7,0,0,0,0,2,3,0],0,2].
[[2,8,1,1,2,2,2,1,0],36,26].
[[3,5,0,1,2,0,1,1,2],35,2].
[[1,5,0,1,2,2,1,1,1],5,1].
[[2,5,0,1,2,2,1,1,1],37,2].
[[3,5,0,1,1,2,1,2,0],36,1].
[[2,9,2,1,1,2,2,2,0],29,38].
[[1,7,1,1,2,2,0,0,0],36,25].
[[2,7,1,1,2,2,2,3,1],31,21].
[[3,7,1,1,2,2,2,3,1],50,26].
[[1,9,2,1,2,2,1,2,0],38,89].
[[2,9,2,1,2,2,1,2,0],13,75].
[[3,8,1,1,2,0,1,2,1],20,25].
[[2,9,1,0,0,0,1,2,0],8,59].
[[3,9,1,0,0,0,1,2,0],2,32].
[[3,6,0,0,0,0,1,2,2],0,4].
[[2,8,0,1,2,2,1,2,2],14,89].
[[3,7,0,1,2,2,1,2,2],0,17].
[[2,8,0,1,1,2,2,2,2],12,16].
[[3,8,0,1,1,2,2,3,1],3,32].
[[3,9,2,1,1,2,1,2,1],0,4].
[[3,9,1,0,0,0,2,3,0],0,16].
[[2,8,1,0,0,0,2,2,0],39,44].
[[2,6,1,1,2,2,2,3,1],10,0].
[[3,3,1,1,1,2,2,3,1],5,1].
[[3,8,0,1,2,0,2,3,0],2,48].
[[3,8,1,0,0,0,1,2,2],25,29].
[[1,8,1,0,0,0,2,1,2],43,28].
[[2,8,1,1,2,2,2,1,2],14,21].
[[2,9,1,1,2,2,1,1,2],5,19].
[[3,9,1,1,1,2,1,1,2],1,26].
[[3,9,1,1,1,2,1,2,0],4,76].
[[1,9,2,0,0,0,1,2,1],14,34].
[[1,6,0,0,0,0,2,3,2],0,1].
[[2,6,0,0,0,0,2,3,2],1,2].
[[1,6,1,1,2,2,0,0,0],19,0].
[[2,6,1,1,2,2,2,3,2],9,0].
[[3,6,1,1,2,2,1,2,2],21,1].
[[2,8,0,1,1,2,2,3,0],36,61].
[[3,4,2,1,2,0,2,3,0],116,11].
[[2,9,2,1,1,2,1,2,2],35,61].
[[2,9,2,0,0,0,2,2,2],1,15].
[[3,8,0,1,2,0,2,2,2],0,4].
[[2,8,1,1,1,2,2,3,0],40,20].
[[3,8,0,1,2,2,1,2,0],0,124].
[[1,8,1,0,0,0,2,2,0],42,23].
[[3,7,1,1,2,0,2,2,0],18,5].
[[1,9,2,1,1,2,1,1,2],14,21].
[[2,5,0,0,0,0,2,2,0],11,1].
[[3,5,0,1,2,0,1,1,1],24,2].
[[3,7,1,1,2,2,1,2,2],63,25].
[[2,9,2,0,0,0,2,2,0],14,71].
[[3,9,1,1,2,0,2,2,0],1,27].
[[2,8,0,1,1,2,2,1,0],8,22].
[[3,7,1,1,1,2,2,1,0],13,8].
[[2,8,0,1,2,0,2,3,0],4,20].
[[3,7,1,1,2,0,2,3,0],17,7].
[[1,9,2,1,2,0,0,0,0],3,32].
[[2,9,2,1,2,0,2,2,0],5,27].
[[3,8,1,1,1,0,1,2,1],7,16].
[[2,9,1,1,1,0,2,2,0],0,5].
[[2,8,1,0,0,0,2,3,2],47,43].
[[3,8,1,0,0,0,2,3,1],6,13].
[[2,8,1,0,0,0,2,2,2],47,17].
[[3,7,1,1,2,2,2,2,2],34,29].
[[2,9,2,0,0,0,1,2,1],2,16].
[[3,8,0,1,2,0,1,2,1],0,14].
[[3,7,1,0,0,0,2,1,0],5,6].
[[3,9,2,1,1,2,1,2,0],0,16].
[[2,8,0,1,1,2,2,3,2],14,32].
[[3,7,0,1,1,2,2,3,2],1,7].
[[1,8,1,1,1,2,2,2,2],13,4].
[[2,8,1,1,1,2,1,1,2],10,9].
[[3,8,1,1,1,2,1,1,1],14,14].
[[1,9,2,1,1,2,2,1,2],17,10].
[[3,8,1,1,2,2,1,1,1],28,16].
[[2,8,0,1,2,0,1,1,0],1,1].
[[3,7,1,1,2,0,1,1,0],2,1].
[[3,7,1,1,1,2,2,2,2],24,13].
[[3,8,0,0,0,0,1,2,1],0,14].
[[3,8,1,0,0,0,2,3,2],1,3].
[[2,8,0,1,2,0,1,2,2],0,15].
[[3,8,1,1,1,0,2,2,0],6,15].
[[3,8,1,1,2,2,2,1,0],26,36].
[[3,5,0,1,2,2,1,2,1],67,4].
[[1,5,0,0,0,0,2,3,0],9,0].
[[3,5,0,0,0,0,1,1,0],4,1].
[[2,9,1,1,1,2,1,1,1],3,3].
[[3,5,0,1,1,2,1,1,0],10,5].
[[1,6,1,0,0,0,0,0,0],63,9].
[[2,6,1,0,0,0,2,2,1],9,2].
[[3,6,1,1,2,2,1,2,1],15,2].
[[2,9,2,1,1,2,2,1,0],13,35].
[[2,5,0,0,0,0,1,1,2],35,3].
[[1,4,2,1,2,0,1,1,2],5,0].
[[2,4,2,1,2,0,1,2,1],19,1].
[[3,9,1,1,1,2,1,1,0],0,51].
[[1,8,1,0,0,0,2,3,0],68,32].
[[2,8,1,1,2,2,1,2,0],32,25].
[[3,5,0,1,2,2,1,1,0],16,5].
[[3,9,1,1,1,2,2,2,0],0,54].
[[2,9,1,1,2,0,2,3,0],0,30].
[[3,8,1,1,2,0,1,1,1],7,11].
[[2,7,2,0,0,0,2,3,2],21,3].
[[1,8,1,0,0,0,1,1,1],16,3].
[[2,8,1,1,2,0,1,1,1],8,3].
[[3,8,1,1,1,0,1,1,1],2,8].
[[1,6,1,0,0,0,2,3,2],10,0].
[[2,6,1,0,0,0,2,3,2],14,0].
[[3,6,1,1,2,0,2,3,1],9,0].
[[1,9,2,1,1,2,1,2,1],13,8].
[[2,4,2,1,2,0,1,1,0],14,1].
[[2,5,0,1,1,2,1,1,1],9,2].
[[2,8,1,1,1,2,2,1,0],16,5].
[[3,4,2,1,2,0,1,1,2],44,8].
[[1,7,2,1,2,2,2,2,2],9,2].
[[2,7,2,1,2,2,1,2,2],31,6].
[[3,7,2,1,2,2,1,2,2],40,14].
[[3,6,1,0,0,0,2,3,2],4,0].
[[2,9,1,1,2,2,1,2,2],3,36].
[[1,8,0,1,1,2,2,2,2],3,8].
[[2,7,1,1,1,2,2,2,2],12,2].
[[3,3,1,1,1,2,2,2,2],2,0].
[[2,8,1,1,2,0,2,1,2],5,8].
[[3,7,1,1,2,0,2,1,2],6,1].
[[2,9,1,1,1,2,1,2,1],8,15].
[[3,9,0,1,1,2,1,1,0],0,20].
[[3,9,1,1,1,2,2,3,0],0,53].
[[2,8,1,1,2,2,1,1,2],44,14].
[[3,6,1,1,2,2,1,1,2],7,0].
[[1,5,0,1,2,2,2,2,0],7,2].
[[2,5,0,1,2,2,2,2,0],15,1].
[[3,7,1,0,0,0,1,2,2],21,12].
[[1,8,0,1,1,2,2,3,1],9,2].
[[2,8,0,1,1,2,1,2,1],3,5].
[[2,8,1,1,2,0,2,1,0],13,11].
[[3,7,1,1,2,0,2,1,0],13,1].
[[2,3,1,0,0,0,0,0,0],5,0].
[[3,3,1,1,2,0,2,3,1],1,0].
[[2,8,0,1,2,2,2,2,1],5,33].
[[2,7,1,1,2,2,2,3,2],38,16].
[[2,9,2,1,2,2,2,1,0],10,70].
[[3,9,2,1,1,0,2,1,0],0,2].
[[2,8,0,1,2,2,2,2,2],10,78].
[[3,7,0,1,2,2,2,2,2],1,13].
[[3,8,0,1,1,0,2,3,0],0,8].
[[1,8,1,1,1,2,2,3,1],17,1].
[[3,4,2,1,2,0,1,2,1],55,4].
[[3,9,2,1,2,2,0,0,0],0,5].
[[2,7,1,1,2,2,1,2,2],19,2].
[[2,9,1,0,0,0,2,2,0],4,46].
[[3,8,0,0,0,0,2,2,0],1,36].
[[3,8,1,1,2,2,1,1,2],30,28].
[[2,8,0,0,0,0,2,2,1],2,11].
[[3,8,0,1,2,0,2,2,1],0,8].
[[2,7,1,0,0,0,2,3,0],11,4].
[[3,7,1,0,0,0,2,3,0],12,13].
[[3,7,2,1,2,0,2,3,0],12,1].
[[1,9,2,1,2,0,1,2,2],7,23].
[[2,5,0,1,1,2,2,2,0],11,0].
[[1,6,1,1,2,2,2,2,1],4,0].
[[2,6,1,1,1,2,2,2,1],2,0].
[[3,6,1,1,1,2,2,2,1],4,0].
[[3,8,0,1,1,2,1,2,0],0,86].
[[2,8,1,0,0,0,1,2,0],23,11].
[[1,8,1,1,1,2,2,1,2],10,2].
[[3,7,1,1,1,2,2,1,2],3,0].
[[1,8,0,1,1,2,2,2,1],2,4].
[[3,7,0,1,1,2,1,2,1],1,2].
[[1,9,2,0,0,0,1,1,1],5,6].
[[2,9,2,0,0,0,1,1,1],0,3].
[[3,9,1,1,2,0,1,1,1],0,3].
[[3,6,1,1,1,2,2,3,0],10,0].
[[3,9,1,1,2,2,2,2,0],2,69].
[[3,8,1,1,1,0,2,1,0],2,3].
[[3,9,2,1,2,2,2,2,0],0,12].
[[3,8,1,1,2,0,1,1,2],10,18].
[[1,8,1,0,0,0,1,2,2],59,25].
[[3,7,2,1,2,0,2,2,2],11,2].
[[3,6,1,1,2,2,2,2,1],12,0].
[[2,8,0,0,0,0,0,0,0],7,47].
[[3,8,0,1,2,0,0,0,0],0,15].
[[2,9,1,1,2,0,1,2,2],2,8].
[[3,9,0,1,2,0,1,2,0],0,21].
[[3,9,2,1,2,0,1,2,2],0,21].
[[3,7,1,1,2,2,1,1,1],18,5].
[[1,8,0,1,1,2,2,1,0],4,0].
[[2,4,2,1,2,0,2,1,0],28,2].
[[3,3,2,1,2,2,2,3,2],9,0].
[[3,9,1,1,1,0,1,2,2],0,8].
[[1,8,1,1,2,2,1,2,1],31,18].
[[2,7,2,1,2,2,1,2,1],3,2].
[[2,8,1,1,1,2,2,2,0],15,18].
[[1,7,2,0,0,0,2,2,2],28,9].
[[3,7,2,0,0,0,2,2,2],11,3].
[[3,6,1,1,1,2,1,2,0],2,0].
[[3,9,0,1,2,2,1,2,2],0,7].
[[2,9,1,1,1,2,2,2,0],23,39].
[[3,8,1,0,0,0,2,2,0],16,27].
[[2,9,2,1,2,0,0,0,0],1,14].
[[3,8,1,1,1,0,2,3,1],0,9].
[[3,8,1,1,1,2,2,3,2],3,8].
[[1,8,1,1,1,2,2,2,0],11,4].
[[3,8,1,1,2,0,1,1,0],9,14].
[[1,6,1,1,2,2,2,2,2],5,1].
[[2,6,1,1,2,2,2,2,2],16,0].
[[3,6,1,1,2,2,2,3,1],19,0].
[[1,8,0,0,0,0,2,2,2],11,49].
[[3,8,0,0,0,0,2,2,1],0,5].
[[3,8,0,1,1,2,1,1,2],0,34].
[[2,7,2,1,2,0,2,3,1],6,4].
[[3,8,1,1,2,2,2,2,1],12,20].
[[1,6,1,0,0,0,2,2,1],11,0].
[[2,6,1,1,2,2,2,2,1],7,0].
[[1,7,1,0,0,0,2,2,0],2,2].
[[2,7,1,0,0,0,1,2,1],8,4].
[[3,7,1,1,2,2,1,2,1],32,11].
[[1,9,2,1,1,2,2,2,0],55,38].
[[2,4,2,1,2,0,2,2,0],49,4].
[[3,9,0,1,2,2,1,2,0],0,54].
[[2,9,2,1,2,2,2,2,2],0,27].
[[3,8,0,1,2,2,2,2,2],0,13].
[[2,8,1,1,2,2,1,1,0],9,12].
[[3,7,1,1,2,2,1,1,0],9,4].
[[2,8,0,0,0,0,2,3,2],2,37].
[[3,8,0,1,2,0,2,3,2],0,7].
[[2,8,1,1,2,2,1,2,1],65,44].
[[2,8,1,1,2,2,2,2,2],54,56].
[[3,8,0,0,0,0,2,3,0],0,64].
[[2,5,0,1,2,0,1,2,0],3,0].
[[3,5,0,1,2,0,1,2,0],14,2].
[[1,6,0,1,2,2,0,0,0],1,6].
[[2,6,0,1,1,2,0,0,0],3,4].
[[3,6,0,1,1,2,0,0,0],0,7].
[[2,9,2,0,0,0,1,2,0],2,23].
[[3,8,1,0,0,0,1,2,0],16,16].
[[2,9,2,1,2,2,1,1,0],8,20].
[[3,9,1,1,2,2,1,1,0],1,58].
[[2,8,1,1,2,0,2,2,2],15,14].
[[3,8,1,1,1,0,2,3,0],2,13].
[[2,9,1,1,2,0,2,2,0],0,16].
[[3,9,0,1,1,0,2,2,0],0,1].
[[3,7,1,1,2,2,2,1,0],18,10].
[[2,9,2,0,0,0,2,3,0],8,85].
[[3,9,1,1,2,0,2,3,0],0,25].
[[2,9,1,1,2,0,1,1,2],1,2].
[[3,9,1,1,1,0,1,1,2],0,5].
[[3,5,0,0,0,0,1,2,1],13,0].
[[3,8,1,0,0,0,1,2,1],27,18].
[[1,8,0,0,0,0,1,1,2],8,6].
[[2,8,0,0,0,0,1,1,2],7,10].
[[3,8,0,1,2,0,1,1,2],0,11].
[[3,8,0,1,1,2,2,2,0],0,86].
[[3,8,1,1,1,2,1,1,2],15,16].
[[2,4,2,1,2,0,1,1,2],20,5].
[[2,7,1,0,0,0,2,2,2],16,13].
[[3,7,2,1,2,2,2,2,1],6,0].
[[2,9,1,1,2,0,1,1,0],0,10].
[[3,8,1,1,1,0,1,1,0],2,5].
[[3,5,0,0,0,0,1,1,2],22,2].
[[3,9,0,1,1,2,2,2,0],0,8].
[[2,7,2,0,0,0,1,1,1],1,0].
[[3,7,2,0,0,0,1,1,1],3,0].
[[1,8,1,0,0,0,2,1,1],30,28].
[[2,8,1,1,2,2,1,1,1],23,10].
[[3,6,1,1,2,2,1,1,1],4,0].
[[3,5,0,1,1,2,2,1,0],2,0].
[[2,8,1,1,1,2,2,3,1],23,14].
[[2,9,2,1,2,2,2,3,2],1,31].
[[3,7,2,1,2,2,2,3,1],16,1].
[[2,9,2,1,2,0,2,2,1],1,5].
[[3,8,1,1,2,0,2,2,1],7,13].
[[3,6,1,1,2,0,2,3,0],7,2].
[[3,7,1,1,1,2,1,1,1],8,1].
[[3,6,1,1,2,2,2,2,2],15,0].
[[2,9,2,1,2,0,2,3,1],4,10].
[[3,8,0,1,2,2,2,3,1],5,35].
[[1,9,2,1,2,0,2,3,0],5,41].
[[3,8,0,1,1,0,1,2,0],0,12].
[[2,8,1,1,2,0,2,2,0],14,18].
[[3,8,1,1,2,0,2,2,0],14,22].
[[2,9,2,1,2,2,1,1,1],4,15].
[[1,7,2,0,0,0,2,1,2],9,2].
[[2,7,2,1,2,2,2,1,2],4,1].
[[3,7,2,1,2,2,2,1,2],7,1].
[[1,8,0,1,1,2,2,3,2],10,11].
[[2,4,2,1,2,0,2,3,2],14,3].
[[1,7,1,0,0,0,0,0,0],45,16].
[[1,9,2,1,2,0,1,1,1],1,1].
[[1,8,0,1,2,2,2,2,1],3,13].
[[2,8,0,1,2,2,1,1,1],1,6].
[[3,8,0,1,1,2,1,1,1],2,7].
[[2,9,2,1,2,0,1,2,2],9,33].
[[3,9,1,1,1,2,1,2,1],4,41].
[[2,6,1,0,0,0,2,2,2],20,2].
[[3,6,1,1,2,0,1,1,2],2,0].
[[3,9,0,0,0,0,1,2,0],0,5].
[[2,7,2,0,0,0,1,2,2],28,7].
[[2,8,0,0,0,0,2,3,1],6,33].
[[1,8,1,1,2,0,2,3,1],14,13].
[[2,8,1,1,1,0,2,3,1],0,3].
[[1,8,0,0,0,0,2,1,0],4,14].
[[2,8,0,0,0,0,1,2,0],2,16].
[[3,5,0,0,0,0,1,2,0],6,0].
[[2,8,1,1,2,0,1,2,1],13,14].
[[2,8,1,0,0,0,1,1,1],11,10].
[[3,8,1,0,0,0,1,1,1],6,8].
[[2,8,1,1,2,0,2,1,1],4,5].
[[3,8,1,1,2,2,2,1,1],0,8].
[[2,7,1,1,2,2,2,2,1],19,11].
[[3,8,0,1,1,2,2,2,1],2,18].
[[1,6,1,0,0,0,2,3,1],17,1].
[[1,5,0,1,2,2,2,3,0],8,1].
[[2,5,0,1,2,2,2,3,0],15,1].
[[3,5,0,1,2,2,2,3,0],14,1].
[[2,6,1,0,0,0,1,2,2],8,1].
[[3,6,1,0,0,0,1,2,2],7,0].
[[1,3,2,0,0,0,2,3,2],1,0].
[[2,3,2,1,2,0,1,2,2],1,0].
[[3,3,2,1,2,2,1,2,2],9,0].
[[3,7,0,0,0,0,2,1,0],0,3].
[[3,7,0,1,2,2,1,2,1],0,5].
[[3,6,0,1,1,2,2,3,0],0,7].
[[1,4,2,1,2,0,1,2,2],12,2].
[[2,4,2,1,2,0,1,2,2],42,5].
[[2,8,1,0,0,0,1,1,2],24,13].
[[3,8,1,0,0,0,1,1,2],5,4].
[[3,7,1,1,1,2,1,1,2],10,7].
[[1,7,2,1,2,2,1,1,2],2,0].
[[2,7,2,1,2,2,1,1,2],3,3].
[[3,8,1,1,2,2,2,3,1],22,28].
[[3,8,1,1,2,2,2,2,2],4,6].
[[1,9,2,1,1,2,1,1,1],4,1].
[[2,9,2,1,1,2,1,2,1],11,16].
[[2,7,2,0,0,0,2,2,1],2,1].
[[3,7,2,1,2,0,2,2,0],6,2].
[[2,4,2,1,2,0,2,2,1],7,0].
[[3,4,2,1,2,0,1,1,1],19,1].
[[3,9,2,1,2,0,2,3,0],0,4].
[[3,4,2,1,2,0,2,1,0],50,4].
[[3,8,1,1,2,2,2,3,2],13,12].
[[2,7,1,1,1,2,2,3,2],6,4].
[[3,4,2,1,2,0,2,3,1],28,2].
[[2,7,2,1,2,2,2,3,1],9,2].
[[3,7,2,1,2,2,2,1,0],10,0].
[[3,9,1,1,2,2,2,1,0],0,47].
[[2,8,1,0,0,0,0,0,0],8,18].
[[3,8,1,0,0,0,0,0,0],0,1].
[[2,8,1,0,0,0,1,2,1],34,19].
[[1,8,0,1,1,2,2,1,2],1,6].
[[2,7,1,1,1,2,2,1,2],2,1].
[[3,5,0,1,1,0,2,3,0],3,2].
[[1,9,2,1,1,2,2,3,1],37,31].
[[2,9,2,1,1,2,1,1,1],6,2].
[[2,7,2,1,2,0,0,0,0],13,4].
[[3,3,1,1,2,2,0,0,0],11,5].
[[1,8,1,0,0,0,1,2,1],32,16].
[[1,8,0,1,2,2,2,1,2],7,27].
[[2,8,0,1,2,2,2,1,2],4,21].
[[2,7,2,1,2,2,2,2,2],24,7].
[[3,7,2,1,1,2,1,2,2],24,2].
[[1,8,0,1,2,2,2,3,1],14,22].
[[3,6,0,1,2,2,2,3,1],0,8].
[[3,7,1,0,0,0,2,2,2],17,7].
[[3,5,0,1,2,2,2,2,0],24,1].
[[1,8,0,0,0,0,2,2,1],2,8].
[[2,7,1,0,0,0,2,2,1],12,5].
[[3,7,1,1,2,0,2,2,1],6,10].
[[2,8,0,1,2,0,2,2,0],1,16].
[[3,7,0,1,2,2,2,2,0],0,14].
[[2,5,0,0,0,0,1,2,1],17,0].
[[2,6,1,1,2,0,2,3,2],5,0].
[[3,6,1,1,1,0,2,3,2],1,0].
[[3,9,2,1,1,2,1,2,2],0,36].
[[3,7,1,1,1,2,2,2,0],14,16].
[[2,8,1,1,2,2,2,1,1],12,14].
[[3,7,1,1,1,2,2,1,1],4,7].
[[2,4,2,1,2,0,2,3,1],24,0].
[[2,8,1,1,1,2,0,0,0],8,9].
[[1,5,0,0,0,0,1,1,1],9,1].
[[3,9,1,1,2,2,1,1,2],0,41].
[[1,8,1,1,2,0,1,1,1],0,1].
[[3,8,0,1,2,2,2,1,0],2,85].
[[3,7,0,0,0,0,1,2,2],0,4].
[[2,8,0,0,0,0,2,1,2],3,14].
[[3,7,2,1,2,2,2,2,2],20,3].
[[2,8,1,1,1,0,2,1,0],0,4].
[[3,4,0,1,2,0,1,1,0],0,1].
[[3,5,0,1,2,0,1,2,2],7,0].
[[1,8,1,1,2,2,1,2,0],10,4].
[[2,7,1,1,2,2,1,2,0],5,1].
[[3,7,1,1,1,2,1,2,0],9,1].
[[2,7,0,1,2,2,0,0,0],2,12].
[[3,7,0,1,2,2,0,0,0],0,16].
[[2,7,1,1,2,0,0,0,0],11,9].
[[3,7,1,1,2,0,0,0,0],4,4].
[[3,5,0,1,2,2,1,1,2],85,4].
[[2,9,1,1,1,2,2,2,1],0,4].
[[3,9,0,1,1,2,1,1,1],0,5].
[[1,9,2,1,1,2,1,2,0],15,19].
[[3,7,1,0,0,0,2,3,1],12,5].
[[2,4,2,1,2,0,2,1,2],3,0].
[[1,9,2,1,1,2,1,1,0],3,14].
[[2,6,1,1,2,2,0,0,0],18,2].
[[3,3,2,1,2,2,0,0,0],7,0].
[[3,8,1,1,2,0,2,3,2],9,6].
[[3,7,0,1,1,2,2,3,0],0,19].
[[1,6,0,0,0,0,0,0,0],0,6].
[[2,6,0,0,0,0,0,0,0],0,7].
[[3,6,0,0,0,0,2,3,2],0,1].
[[1,9,2,0,0,0,2,1,1],7,8].
[[2,9,2,0,0,0,2,1,1],1,3].
[[1,7,1,1,2,2,2,2,2],7,2].
[[2,7,0,1,1,2,2,2,2],0,2].
[[3,7,0,1,1,2,2,2,2],0,9].
[[3,8,0,1,2,0,2,1,0],0,19].
[[2,8,0,1,2,0,2,3,2],2,11].
[[3,8,0,1,1,2,2,3,2],0,18].
[[1,9,2,1,2,2,1,1,0],5,32].
[[3,9,1,1,1,0,1,1,0],0,9].
[[3,9,2,0,0,0,1,2,2],0,10].
[[2,6,1,1,2,0,0,0,0],8,1].
[[3,6,1,1,2,0,2,1,0],4,0].
[[3,8,0,1,1,2,2,2,2],0,14].
[[3,9,1,1,2,2,2,3,0],4,77].
[[1,4,2,1,2,0,2,2,2],10,3].
[[2,9,2,1,1,2,1,1,2],2,18].
[[3,8,1,1,2,0,2,1,1],2,5].
[[2,7,0,1,2,2,2,2,0],0,2].
[[3,7,0,1,2,2,1,2,0],0,3].
[[3,8,1,1,2,2,1,1,0],25,28].
[[2,8,1,1,1,2,1,2,0],15,3].
[[2,9,1,1,1,2,1,1,2],9,8].
[[3,5,0,1,1,2,1,2,1],31,2].
[[3,8,0,1,2,2,2,3,2],0,23].
[[3,8,0,1,2,2,1,1,1],1,6].
[[3,3,1,1,2,0,0,0,0],2,0].
[[3,7,1,1,2,0,1,1,1],4,0].
[[3,6,0,1,2,0,2,3,2],0,1].
[[1,8,1,1,2,2,1,1,2],18,7].
[[2,9,2,1,2,0,2,1,0],2,12].
[[3,9,1,1,2,0,1,1,0],0,15].
[[2,7,2,0,0,0,1,1,2],3,3].
[[3,7,2,0,0,0,1,1,2],5,3].
[[3,3,1,0,0,0,2,3,2],3,0].
[[3,5,0,1,2,0,1,2,1],19,1].
[[1,7,1,1,2,2,2,2,1],3,1].
[[2,3,1,1,2,2,2,2,1],2,0].
[[3,3,1,1,2,2,2,2,0],5,0].
[[2,8,0,1,2,2,1,1,2],13,24].
[[3,8,1,0,0,0,2,2,2],2,2].
[[3,9,1,0,0,0,2,2,0],1,18].
[[1,8,1,1,1,2,2,1,1],4,1].
[[2,9,1,0,0,0,2,1,0],1,32].
[[3,9,0,1,2,0,1,1,0],0,3].
[[3,5,0,1,2,0,2,3,0],7,0].
[[2,9,2,1,1,2,1,2,0],7,23].
[[1,8,0,1,2,2,2,1,0],3,16].
[[2,5,0,0,0,0,2,3,0],16,0].
[[3,6,1,1,1,2,2,2,0],6,0].
[[2,7,1,1,2,0,2,3,0],2,2].
[[2,7,1,1,2,2,2,1,2],13,7].
[[3,5,0,1,1,0,1,1,2],8,3].
[[3,7,0,0,0,0,0,0,0],0,4].
[[3,7,1,1,2,0,2,3,2],7,10].
[[3,9,0,0,0,0,1,2,1],0,2].
[[1,9,2,1,2,2,1,1,2],42,40].
[[1,8,1,1,1,2,2,1,0],8,2].
[[2,7,2,1,1,2,2,1,0],2,0].
[[3,7,2,1,1,2,2,1,0],5,0].
[[2,4,2,1,2,0,2,3,0],63,3].
[[2,9,2,1,2,0,2,3,2],1,7].
[[2,4,2,1,2,0,2,2,2],14,2].
[[3,4,2,1,2,0,2,2,2],19,3].
[[2,4,2,1,2,0,1,2,0],26,1].
[[3,6,1,1,1,0,1,2,1],1,0].
[[1,6,1,0,0,0,2,2,0],3,0].
[[2,6,1,0,0,0,1,2,0],1,0].
[[3,6,1,0,0,0,1,2,0],3,1].
[[3,7,2,0,0,0,2,2,0],5,0].
[[2,9,2,1,2,0,1,2,1],0,10].
[[3,6,0,1,1,2,2,2,1],0,1].
[[1,8,1,1,2,2,1,1,0],4,5].
[[3,7,1,1,1,2,1,1,0],5,1].
[[3,8,0,0,0,0,1,2,2],0,46].
[[3,7,1,0,0,0,2,1,2],5,3].
[[1,8,1,1,1,2,2,2,1],9,1].
[[3,8,1,1,1,2,2,2,1],3,10].
[[3,9,1,1,2,0,1,2,0],0,39].
[[3,6,1,1,2,0,2,2,0],4,0].
[[2,9,1,1,2,2,0,0,0],1,5].
[[3,8,0,1,1,2,0,0,0],0,27].
[[3,5,0,0,0,0,1,1,1],21,0].
[[2,9,1,1,2,2,2,2,1],1,8].
[[3,7,1,1,1,2,2,2,1],15,12].
[[2,9,2,1,1,2,1,1,0],6,14].
[[3,8,1,1,1,2,1,1,0],12,15].
[[1,9,2,1,2,0,2,1,0],1,11].
[[2,7,2,1,2,0,1,2,2],5,3].
[[3,7,2,1,1,0,1,2,2],6,6].
[[3,6,0,1,2,2,0,0,0],0,12].
[[3,6,1,1,2,2,2,1,1],4,1].
[[1,8,1,1,2,2,2,1,0],20,10].
[[2,8,0,0,0,0,2,2,2],5,36].
[[3,7,0,0,0,0,2,2,2],0,2].
[[2,6,1,0,0,0,2,1,0],2,0].
[[3,6,1,1,2,2,2,1,0],5,1].
[[3,8,0,1,1,0,1,2,2],0,11].
[[2,6,0,1,2,2,0,0,0],1,15].
[[3,8,0,0,0,0,2,2,2],0,2].
[[2,6,1,0,0,0,0,0,0],26,3].
[[3,6,1,0,0,0,2,3,0],6,0].
[[3,6,1,0,0,0,2,2,0],7,0].
[[2,8,0,1,1,2,2,2,0],16,34].
[[3,7,0,1,2,2,2,1,0],0,6].
[[2,8,0,1,2,0,0,0,0],0,8].
[[2,6,1,0,0,0,2,3,1],18,0].
[[2,9,2,1,1,2,2,3,2],3,16].
[[2,9,2,0,0,0,0,0,0],1,20].
[[3,4,2,1,2,0,2,1,2],2,0].
[[2,6,1,1,2,0,2,3,0],3,0].
[[1,7,2,1,2,0,2,3,2],4,2].
[[2,7,2,1,2,2,2,2,0],7,1].
[[3,7,2,1,1,0,2,2,0],0,2].
[[2,7,1,1,1,2,1,2,2],4,2].
[[1,8,1,1,2,0,2,2,2],14,7].
[[3,7,2,1,1,2,2,3,1],3,1].
[[3,9,1,1,1,0,1,2,1],2,12].
[[3,7,1,1,1,0,2,3,2],1,3].
[[2,6,1,1,2,2,1,2,2],9,1].
[[1,8,0,1,2,2,1,2,2],15,18].
[[2,6,0,1,2,2,1,2,2],1,4].
[[3,6,0,1,2,2,1,2,2],0,13].
[[3,7,0,1,1,2,1,2,2],0,10].
[[2,9,2,0,0,0,2,3,1],3,19].
[[1,8,1,1,1,2,1,2,1],4,3].
[[1,8,0,0,0,0,2,1,1],3,1].
[[2,8,0,1,2,2,2,1,1],2,3].
[[1,5,0,1,2,0,1,1,1],1,1].
[[2,5,0,1,2,0,1,1,1],5,1].
[[2,6,1,1,2,2,1,2,1],7,0].
[[3,9,1,0,0,0,1,2,1],0,15].
[[3,3,1,1,1,2,2,3,2],2,0].
[[2,5,0,1,2,2,1,2,1],24,0].
[[3,9,2,1,1,0,1,2,2],1,7].
[[2,7,0,1,1,2,0,0,0],1,7].
[[3,7,2,1,2,2,0,0,0],1,2].
[[1,4,2,1,2,0,1,1,0],2,0].
[[3,8,1,1,2,0,2,3,0],12,31].
[[2,9,1,1,2,2,2,3,1],3,12].
[[3,7,1,0,0,0,2,3,2],9,10].
[[2,9,2,1,1,2,2,3,1],9,13].
[[3,8,1,1,1,0,1,2,0],2,9].
[[3,7,2,1,2,0,1,2,2],23,5].
[[1,8,1,1,2,0,1,2,2],9,4].
[[1,8,0,1,1,2,2,3,0],6,13].
[[2,6,0,1,1,2,2,3,0],0,2].
[[1,8,1,1,2,0,2,2,0],2,3].
[[3,4,2,1,2,0,2,3,2],15,0].
[[3,6,0,1,1,2,2,3,1],0,2].
[[3,7,1,0,0,0,1,2,0],5,0].
[[2,9,2,1,1,2,0,0,0],3,23].
[[3,9,2,1,1,2,2,1,0],0,8].
[[1,7,2,1,2,2,2,3,2],7,0].
[[1,9,2,1,2,2,1,1,1],7,10].
[[2,9,1,1,2,2,1,1,1],3,6].
[[2,7,2,1,1,2,2,3,2],4,0].
[[3,7,2,1,1,2,2,3,2],9,0].
[[3,2,1,1,2,0,0,0,0],2,0].
[[2,8,1,0,0,0,2,1,1],8,20].
[[3,7,0,1,2,2,1,1,2],0,5].
[[2,9,2,0,0,0,2,2,1],2,16].
[[2,9,2,1,1,0,1,2,2],1,4].
[[1,9,2,1,2,2,2,1,1],6,11].
[[3,9,1,1,1,2,1,1,1],4,4].
[[1,8,0,0,0,0,2,1,2],4,17].
[[3,7,0,0,0,0,1,1,2],0,1].
[[3,7,1,1,1,2,2,3,2],23,7].
[[1,8,1,0,0,0,1,2,0],5,7].
[[1,8,1,1,2,0,2,3,0],9,5].
[[3,9,1,1,2,0,1,2,1],1,15].
[[2,6,0,1,2,2,2,1,2],0,2].
[[3,6,0,1,2,2,1,1,2],0,3].
[[3,8,0,1,2,0,2,3,1],1,9].
[[2,9,1,0,0,0,0,0,0],2,6].
[[3,7,1,1,2,0,2,2,2],14,2].
[[1,8,0,0,0,0,2,3,1],5,27].
[[1,9,2,1,2,0,1,2,0],4,16].
[[3,6,1,0,0,0,2,1,0],4,0].
[[3,3,1,0,0,0,0,0,0],7,1].
[[3,6,0,0,0,0,2,3,0],0,3].
[[2,9,2,1,1,2,2,2,1],4,6].
[[1,4,2,1,2,0,0,0,0],10,1].
[[1,5,0,1,2,2,1,2,1],6,1].
[[3,9,1,1,2,0,1,2,2],1,26].
[[3,4,2,1,2,0,0,0,0],7,4].
[[3,7,2,1,2,0,2,3,2],15,3].
[[2,7,2,1,2,2,0,0,0],20,3].
[[3,7,0,1,1,2,2,2,0],0,13].
[[3,7,2,0,0,0,2,3,0],12,1].
[[3,7,1,1,2,0,1,1,2],10,5].
[[2,7,0,1,2,2,2,3,0],0,1].
[[3,7,0,1,2,2,2,3,0],0,21].
[[3,8,1,1,2,0,2,2,2],5,1].
[[1,8,0,1,2,2,1,1,2],6,9].
[[2,8,0,1,1,2,2,1,2],2,10].
[[1,7,2,0,0,0,1,2,2],12,1].
[[2,8,0,0,0,0,1,2,1],0,8].
[[1,8,1,1,1,2,1,2,2],12,3].
[[2,7,0,1,2,2,2,1,2],0,1].
[[3,8,1,0,0,0,2,2,1],4,3].
[[2,8,1,0,0,0,2,1,0],27,21].
[[3,8,1,0,0,0,2,1,0],5,13].
[[3,5,0,1,1,2,1,2,2],6,1].
[[2,7,2,0,0,0,2,1,2],9,2].
[[1,7,1,0,0,0,2,1,2],3,1].
[[2,7,1,0,0,0,2,1,2],7,1].
[[3,9,1,1,1,0,2,3,0],0,9].
[[2,9,1,1,1,2,0,0,0],1,2].
[[2,9,1,1,1,2,2,3,1],1,2].
[[2,8,0,1,2,0,1,1,2],1,5].
[[3,6,0,1,2,0,1,1,2],0,1].
[[3,9,0,1,1,2,1,2,1],0,6].
[[3,3,2,0,0,0,2,2,2],2,0].
[[2,3,2,1,2,2,0,0,0],3,0].
[[1,8,1,1,2,0,2,1,2],3,8].
[[1,7,2,0,0,0,2,3,1],9,0].
[[3,8,0,0,0,0,2,3,1],2,7].
[[3,7,2,1,1,0,2,1,0],0,2].
[[2,9,1,0,0,0,1,1,2],3,6].
[[3,7,1,1,2,2,2,2,1],17,25].
[[2,7,2,1,2,0,2,3,2],9,4].
[[2,8,0,1,1,2,2,3,1],8,19].
[[2,9,2,1,2,2,2,1,1],1,9].
[[2,9,1,0,0,0,1,2,1],4,26].
[[1,7,2,1,2,0,2,3,1],1,0].
[[3,9,2,1,2,0,2,1,0],0,4].
[[2,5,0,1,2,2,1,1,2],53,5].
[[3,6,1,1,2,0,2,1,2],5,0].
[[2,8,0,0,0,0,1,1,0],1,10].
[[2,3,1,1,2,2,0,0,0],5,3].
[[3,7,1,1,1,0,2,2,2],1,3].
[[3,9,2,1,1,2,2,3,0],0,7].
[[3,6,1,1,2,2,2,3,2],9,2].
[[1,7,2,0,0,0,2,3,2],26,4].
[[3,9,1,0,0,0,1,1,2],0,7].
[[2,7,1,0,0,0,2,1,0],8,1].
[[2,8,1,1,2,0,1,2,0],7,5].
[[1,7,2,0,0,0,1,1,2],1,2].
[[3,7,2,1,2,2,1,1,2],8,10].
[[2,7,0,0,0,0,2,1,0],0,2].
[[3,5,0,1,1,2,2,3,0],18,1].
[[3,9,2,1,2,2,2,3,0],0,14].
[[3,6,1,1,2,0,2,3,2],8,0].
[[3,8,0,1,1,0,2,2,0],0,5].
[[2,5,0,1,1,2,1,2,1],11,1].
[[3,7,0,1,1,2,2,1,2],0,3].
[[2,9,2,1,1,0,0,0,0],0,4].
[[1,8,1,1,2,0,2,2,1],6,11].
[[3,3,1,1,1,2,0,0,0],2,1].
[[3,9,2,1,2,2,1,1,1],0,7].
[[1,5,0,1,2,2,1,1,2],13,2].
[[2,7,0,0,0,0,2,2,0],0,2].
[[3,7,0,0,0,0,2,2,0],0,5].
[[1,9,2,1,2,0,1,1,2],3,10].
[[2,8,1,1,1,0,1,1,2],0,3].
[[1,6,1,0,0,0,2,2,2],11,2].
[[3,6,1,1,2,0,2,2,2],10,1].
[[3,9,1,1,2,0,2,1,0],0,14].
[[3,6,1,1,2,2,2,1,2],1,0].
[[3,3,0,0,0,0,0,0,0],0,1].
[[2,7,2,1,2,2,2,3,0],9,1].
[[3,7,2,1,2,0,2,3,1],5,2].
[[2,8,1,1,1,2,1,1,0],6,5].
[[3,7,1,1,2,0,1,2,0],8,1].
[[2,6,1,1,2,0,2,1,2],3,0].
[[2,7,1,1,1,2,2,2,0],5,0].
[[1,7,1,0,0,0,2,3,1],12,4].
[[2,7,1,1,2,0,2,3,1],5,4].
[[3,7,0,1,2,0,1,2,2],0,3].
[[2,7,0,0,0,0,0,0,0],0,3].
[[3,3,1,1,2,2,2,2,1],3,3].
[[3,8,0,1,1,0,1,2,1],0,2].
[[3,5,0,1,2,2,1,2,2],4,0].
[[3,7,1,1,2,2,2,1,2],15,8].
[[2,7,2,1,1,2,2,2,0],2,0].
[[3,3,2,1,1,2,2,2,0],1,0].
[[3,7,0,1,1,2,1,2,0],0,3].
[[2,9,1,1,1,0,1,2,0],0,3].
[[3,9,0,1,1,0,1,2,0],0,3].
[[3,7,1,0,0,0,1,1,1],7,1].
[[2,9,2,1,2,0,1,2,0],1,18].
[[3,9,2,1,2,0,1,2,0],0,2].
[[2,7,2,1,2,0,2,1,2],1,2].
[[2,9,1,1,1,0,2,2,1],1,1].
[[3,9,1,1,1,0,2,2,1],0,1].
[[3,6,0,1,2,2,2,1,0],0,4].
[[1,9,2,1,2,0,2,1,2],1,10].
[[2,8,0,1,2,0,2,1,2],0,3].
[[3,9,1,1,2,2,2,1,1],0,1].
[[3,6,1,0,0,0,2,1,1],2,0].
[[2,5,0,1,2,0,1,1,2],4,2].
[[3,6,1,1,1,2,1,2,2],6,0].
[[1,4,2,1,2,0,2,2,0],13,1].
[[2,9,2,1,1,0,2,1,0],0,2].
[[3,5,0,1,2,2,2,1,0],6,0].
[[3,7,0,1,2,2,2,3,2],0,7].
[[1,4,2,1,2,0,2,3,0],18,2].
[[2,7,0,1,2,2,2,3,2],0,5].
[[1,7,1,1,2,2,2,3,0],4,0].
[[2,7,1,1,1,2,2,3,0],4,1].
[[2,8,1,1,1,0,2,2,1],0,4].
[[2,3,2,0,0,0,2,2,2],4,0].
[[3,3,2,1,2,0,2,3,1],1,0].
[[3,6,1,1,1,0,1,2,2],2,0].
[[3,9,0,1,1,2,1,2,2],0,2].
[[3,8,0,1,1,2,1,1,0],0,33].
[[2,9,1,1,2,0,1,1,1],0,1].
[[3,5,0,0,0,0,2,3,0],7,0].
[[3,7,1,0,0,0,1,1,2],8,4].
[[1,8,1,1,2,2,2,1,1],24,14].
[[3,3,1,0,0,0,2,3,1],3,0].
[[3,6,1,1,1,0,2,2,2],2,1].
[[2,3,2,0,0,0,2,1,2],1,0].
[[3,3,2,1,2,0,2,3,0],1,0].
[[2,6,0,1,2,2,2,2,2],0,3].
[[3,6,0,1,2,2,2,2,2],0,7].
[[3,3,2,1,2,2,2,1,2],1,0].
[[2,8,1,1,1,2,1,1,1],9,4].
[[3,8,0,0,0,0,0,0,0],0,5].
[[3,7,2,1,1,2,1,1,2],4,3].
[[1,7,1,1,2,2,2,3,2],6,2].
[[3,9,1,0,0,0,1,2,2],0,16].
[[2,8,0,1,2,2,1,1,0],1,11].
[[3,9,2,1,2,2,1,2,0],0,10].
[[3,8,0,1,2,2,2,1,1],0,6].
[[2,7,0,0,0,0,2,3,0],0,2].
[[3,9,0,1,2,2,1,2,1],0,10].
[[2,5,0,1,2,2,1,1,0],3,1].
[[2,5,0,0,0,0,1,2,2],2,0].
[[3,7,2,1,2,0,2,2,1],2,1].
[[3,7,2,1,1,2,2,2,0],4,1].
[[2,8,0,1,1,2,1,1,2],7,11].
[[3,7,2,1,1,2,2,2,2],5,2].
[[2,7,0,1,1,2,2,3,2],0,1].
[[1,8,1,1,2,0,1,2,1],6,3].
[[2,8,1,1,1,0,1,2,1],1,2].
[[3,7,1,1,1,0,1,2,1],1,3].
[[2,7,1,1,2,0,2,1,2],2,3].
[[1,5,0,1,1,2,2,2,0],5,0].
[[3,7,2,1,1,0,2,2,2],3,1].
[[1,8,0,1,1,2,1,1,2],4,2].
[[3,7,1,0,0,0,1,2,1],13,4].
[[2,7,1,1,2,0,2,2,2],4,2].
[[3,7,1,1,1,0,1,1,2],1,1].
[[2,6,0,0,0,0,2,2,0],0,2].
[[3,6,0,1,2,2,2,2,0],0,6].
[[1,6,1,0,0,0,2,1,2],6,0].
[[2,6,1,1,2,2,2,1,2],3,0].
[[2,7,0,1,2,2,2,3,1],0,3].
[[3,7,0,1,1,2,2,3,1],0,12].
[[3,6,1,0,0,0,2,1,2],1,0].
[[2,9,1,0,0,0,2,3,1],0,4].
[[3,9,0,0,0,0,2,2,0],0,1].
[[1,6,1,0,0,0,2,1,1],5,0].
[[2,6,1,0,0,0,1,1,1],3,0].
[[3,6,1,1,2,0,1,2,1],5,0].
[[3,6,0,1,1,2,1,2,2],0,11].
[[1,8,1,1,2,0,2,1,0],5,5].
[[2,7,1,1,2,0,2,1,0],0,2].
[[3,5,0,1,1,0,1,2,0],0,3].
[[3,8,1,1,2,0,0,0,0],0,1].
[[2,9,2,1,1,0,1,2,0],0,2].
[[2,8,1,1,1,0,2,2,0],1,3].
[[2,3,1,0,0,0,2,2,0],2,0].
[[3,3,1,0,0,0,2,2,0],2,0].
[[2,6,0,1,2,2,2,3,0],1,5].
[[3,7,2,1,2,2,1,2,0],10,0].
[[2,7,0,1,1,2,2,1,0],1,0].
[[3,9,2,1,2,2,2,1,0],0,11].
[[1,4,2,1,2,0,2,3,1],10,0].
[[3,3,1,1,2,2,2,3,1],11,3].
[[2,7,1,0,0,0,2,1,1],8,2].
[[3,7,1,0,0,0,0,0,0],4,2].
[[3,8,1,0,0,0,2,1,1],0,7].
[[3,9,2,0,0,0,2,1,0],0,3].
[[2,7,2,0,0,0,2,3,1],11,1].
[[3,7,2,0,0,0,2,3,1],4,0].
[[2,6,1,0,0,0,2,3,0],9,0].
[[2,8,0,1,1,2,1,1,0],2,5].
[[1,7,2,1,2,2,2,3,0],2,1].
[[3,7,2,1,1,2,2,3,0],4,3].
[[3,9,1,1,1,2,0,0,0],0,3].
[[1,5,0,0,0,0,1,1,2],19,1].
[[3,7,0,1,2,0,0,0,0],1,2].
[[3,3,1,0,0,0,2,3,0],1,1].
[[2,7,1,1,1,2,2,3,1],7,5].
[[2,9,1,0,0,0,1,1,1],1,3].
[[3,7,0,1,2,0,2,2,0],0,6].
[[2,7,2,0,0,0,2,2,0],6,0].
[[3,7,2,1,2,2,1,1,0],2,1].
[[1,7,1,1,2,2,2,1,2],9,5].
[[2,7,1,1,2,2,1,1,2],7,1].
[[2,7,1,1,2,0,2,2,1],2,1].
[[3,7,1,1,1,0,2,2,1],1,1].
[[1,8,0,0,0,0,1,2,0],1,5].
[[3,7,0,0,0,0,1,2,0],0,1].
[[3,9,1,1,1,2,2,2,1],0,3].
[[1,8,1,1,1,2,2,3,0],11,1].
[[3,3,1,0,0,0,2,2,1],1,0].
[[1,8,1,1,2,0,1,1,2],3,1].
[[2,7,1,1,2,0,1,1,2],3,1].
[[3,7,0,1,2,0,2,3,2],0,1].
[[1,9,2,1,2,0,2,2,1],2,7].
[[2,8,0,1,2,0,2,2,2],0,9].
[[3,8,0,1,1,0,2,2,2],0,3].
[[2,3,2,0,0,0,0,0,0],7,0].
[[3,9,0,1,1,0,1,2,1],0,1].
[[2,6,1,1,2,0,2,2,1],5,0].
[[3,6,1,1,1,0,2,3,0],2,1].
[[3,6,0,0,0,0,2,3,1],0,4].
[[3,7,2,1,1,0,2,3,2],1,4].
[[2,7,1,1,2,0,2,3,2],2,3].
[[3,7,1,1,1,0,1,2,2],1,1].
[[1,1,2,1,2,0,1,1,2],1,0].
[[2,1,2,1,2,0,1,1,2],3,0].
[[3,1,2,1,2,0,1,1,2],4,0].
[[2,7,2,0,0,0,0,0,0],20,3].
[[3,9,2,0,0,0,2,2,0],0,6].
[[2,7,0,1,1,2,1,2,2],0,1].
[[3,8,1,1,1,2,2,2,2],6,8].
[[2,7,1,1,2,2,1,2,1],9,4].
[[3,3,2,1,2,0,2,3,2],8,0].
[[2,8,1,1,1,2,2,1,1],8,6].
[[3,6,1,1,2,2,1,1,0],3,0].
[[2,9,1,1,1,0,2,3,0],1,3].
[[3,3,2,1,2,2,2,1,0],1,0].
[[3,3,1,1,2,0,2,2,2],3,1].
[[1,7,2,1,2,0,0,0,0],3,3].
[[3,7,0,1,2,2,2,2,1],0,8].
[[3,9,0,0,0,0,1,1,0],0,5].
[[2,7,2,1,1,2,0,0,0],7,2].
[[3,6,1,0,0,0,2,2,2],3,1].
[[1,5,0,1,1,2,1,1,1],2,0].
[[3,1,2,1,2,0,1,1,1],5,0].
[[1,7,1,1,2,2,2,3,1],8,6].
[[3,8,1,1,1,2,2,1,1],2,3].
[[2,6,1,1,1,2,2,1,2],3,0].
[[3,3,2,1,2,2,2,2,2],10,0].
[[1,4,2,1,2,0,2,1,0],8,1].
[[2,5,0,1,2,0,2,3,0],2,0].
[[2,3,2,1,2,2,2,3,0],1,0].
[[3,3,2,1,2,2,1,1,2],1,0].
[[3,5,0,0,0,0,2,2,0],4,0].
[[2,6,1,1,2,2,2,1,0],1,1].
[[3,6,1,1,1,2,1,1,0],1,0].
[[2,6,1,1,2,0,2,3,1],4,3].
[[2,9,1,1,1,0,1,1,0],0,2].
[[3,7,2,1,1,2,1,2,0],5,0].
[[1,3,2,0,0,0,0,0,0],6,0].
[[2,3,2,1,2,0,2,3,2],2,0].
[[3,3,2,1,2,0,2,2,1],2,0].
[[3,9,0,1,2,2,2,2,0],0,1].
[[1,9,2,1,2,0,2,2,2],3,12].
[[2,5,0,1,1,2,1,2,0],7,1].
[[3,7,2,1,2,2,1,1,1],2,2].
[[3,7,2,1,1,2,1,1,1],2,1].
[[2,7,0,0,0,0,2,3,2],0,1].
[[3,7,1,0,0,0,1,1,0],3,1].
[[3,7,0,1,2,0,2,3,0],0,5].
[[3,7,2,1,1,0,1,2,0],1,2].
[[3,6,1,0,0,0,0,0,0],3,1].
[[1,9,2,1,2,0,1,2,1],1,3].
[[2,9,1,1,1,0,1,2,1],0,1].
[[1,8,0,1,1,2,1,2,0],2,1].
[[1,8,1,1,1,2,1,1,1],4,0].
[[2,6,1,1,2,0,1,1,2],0,1].
[[3,6,1,1,1,0,1,1,2],0,1].
[[3,3,1,1,2,2,2,2,2],9,0].
[[2,7,0,1,2,2,2,2,2],0,4].
[[2,3,1,1,2,2,2,1,2],1,2].
[[2,9,1,1,2,2,2,1,1],0,2].
[[3,7,1,1,2,0,2,1,1],4,1].
[[2,3,1,1,2,2,2,2,2],3,1].
[[2,7,1,1,1,2,2,2,1],2,0].
[[3,3,1,1,1,2,2,2,1],1,0].
[[1,9,2,1,1,2,2,1,1],2,0].
[[1,7,1,0,0,0,2,2,1],3,3].
[[3,7,0,1,2,0,2,3,1],0,5].
[[3,6,1,0,0,0,2,3,1],12,1].
[[2,6,0,1,1,2,2,2,0],0,1].
[[3,6,0,1,1,2,2,2,0],0,4].
[[3,7,1,1,1,2,0,0,0],5,5].
[[3,7,2,1,2,0,1,1,1],0,4].
[[2,3,2,0,0,0,1,2,2],2,0].
[[3,3,2,0,0,0,1,2,2],7,0].
[[3,3,2,0,0,0,2,1,2],1,0].
[[2,7,2,1,2,0,2,2,2],5,1].
[[1,7,2,0,0,0,2,3,0],3,0].
[[2,7,2,0,0,0,1,2,0],1,0].
[[3,7,2,0,0,0,1,2,0],2,0].
[[3,3,1,1,2,0,2,2,1],2,0].
[[3,7,1,1,1,0,2,1,0],0,4].
[[1,8,0,1,2,2,1,1,1],0,1].
[[3,9,1,1,2,2,2,2,1],0,2].
[[1,8,1,1,1,2,1,1,2],0,2].
[[2,3,1,0,0,0,2,2,1],1,0].
[[3,3,1,0,0,0,1,2,1],4,0].
[[3,7,2,0,0,0,2,1,0],2,1].
[[2,7,2,1,2,0,2,2,0],1,0].
[[3,7,2,1,2,2,2,2,0],17,1].
[[2,5,0,1,2,0,1,2,1],5,1].
[[3,3,2,1,2,0,1,2,2],3,0].
[[3,6,0,1,2,2,1,2,1],0,2].
[[2,6,1,1,1,2,0,0,0],4,0].
[[3,9,2,1,1,2,2,2,0],0,5].
[[3,7,2,1,2,0,2,1,2],2,1].
[[1,7,1,0,0,0,2,2,2],8,3].
[[2,6,1,1,2,0,2,2,2],6,1].
[[3,6,1,1,2,0,1,2,2],9,1].
[[1,6,1,0,0,0,2,3,0],3,0].
[[3,8,0,0,0,0,2,3,2],0,8].
[[3,9,1,1,1,0,2,1,0],0,6].
[[1,4,2,1,2,0,2,3,2],9,1].
[[1,8,1,1,2,0,2,1,1],3,1].
[[2,7,2,1,1,2,1,2,2],9,0].
[[3,3,2,1,1,2,1,2,2],3,0].
[[2,5,0,1,2,0,2,2,0],4,1].
[[3,5,0,1,1,0,1,1,0],2,3].
[[3,3,1,1,2,0,2,2,0],2,0].
[[2,7,2,0,0,0,2,1,0],4,0].
[[3,3,2,0,0,0,2,1,0],2,0].
[[2,9,2,1,1,0,1,1,2],2,3].
[[1,7,1,0,0,0,2,3,0],1,0].
[[2,7,1,0,0,0,1,2,0],2,2].
[[2,8,1,1,1,0,2,3,2],0,2].
[[3,6,0,1,2,0,1,2,2],0,1].
[[1,6,1,0,0,0,1,2,2],2,0].
[[2,9,2,1,1,0,2,3,0],0,3].
[[3,6,1,1,1,2,2,2,2],3,0].
[[2,7,0,1,2,2,1,1,2],0,2].
[[1,7,1,1,2,2,2,1,1],1,1].
[[2,7,1,1,1,2,2,1,1],1,1].
[[2,6,1,1,2,0,1,2,2],2,0].
[[1,7,2,1,2,2,2,2,0],1,0].
[[2,6,0,1,1,2,2,3,2],1,1].
[[3,6,0,1,1,2,2,3,2],0,1].
[[2,3,1,1,2,2,2,3,1],2,0].
[[2,9,1,0,0,0,2,2,1],0,4].
[[3,9,0,1,2,0,1,1,1],0,1].
[[3,7,2,0,0,0,1,2,1],5,2].
[[3,3,1,1,2,2,2,3,2],11,1].
[[3,2,1,0,0,0,2,3,1],1,0].
[[1,2,1,0,0,0,0,0,0],1,0].
[[2,2,1,0,0,0,2,3,2],1,0].
[[3,2,1,0,0,0,2,3,2],1,0].
[[3,1,2,1,2,0,1,2,1],2,0].
[[3,6,0,1,2,2,2,2,1],0,2].
[[1,6,1,1,2,2,1,2,1],2,0].
[[2,6,1,1,1,2,1,2,1],1,0].
[[3,6,1,1,1,2,1,2,1],4,0].
[[3,9,2,0,0,0,1,2,0],0,3].
[[1,7,2,1,2,0,2,2,2],5,2].
[[2,7,1,1,2,2,2,1,0],4,2].
[[1,4,2,1,2,0,1,2,0],2,0].
[[3,1,2,1,2,0,1,2,0],1,0].
[[3,3,2,1,2,2,2,3,0],1,0].
[[3,3,1,1,2,2,1,2,1],1,0].
[[1,7,1,1,2,2,1,2,1],1,0].
[[2,7,1,1,1,2,1,2,1],2,2].
[[2,5,0,1,2,0,1,1,0],0,1].
[[3,8,0,0,0,0,1,1,2],1,6].
[[2,7,2,1,1,2,2,3,1],2,0].
[[2,8,0,1,2,0,1,2,0],4,6].
[[2,8,0,1,2,0,2,2,1],0,3].
[[3,8,0,1,2,0,1,1,1],1,2].
[[2,6,1,0,0,0,2,1,2],2,0].
[[3,3,1,1,2,2,2,1,2],3,1].
[[2,7,1,1,2,2,1,1,0],0,2].
[[3,7,0,1,1,2,1,1,0],0,2].
[[2,8,0,0,0,0,1,1,1],1,1].
[[3,8,0,0,0,0,1,1,1],1,1].
[[1,6,1,1,2,2,2,3,0],3,0].
[[2,6,1,1,2,2,1,2,0],1,0].
[[3,6,1,1,2,2,1,2,0],6,1].
[[2,8,1,1,1,0,1,2,2],2,2].
[[3,9,0,1,1,0,2,1,0],0,2].
[[2,3,2,0,0,0,2,3,2],7,0].
[[3,3,2,0,0,0,2,3,2],5,0].
[[1,6,1,1,2,2,2,3,2],5,0].
[[3,3,2,1,2,2,2,3,1],1,0].
[[3,7,2,1,1,2,2,1,2],1,0].
[[2,8,1,1,2,0,0,0,0],2,5].
[[2,6,0,1,2,2,2,2,0],1,2].
[[3,6,0,1,1,2,1,2,0],0,4].
[[1,4,2,1,2,0,1,2,1],1,0].
[[3,9,1,1,2,0,1,1,2],0,13].
[[2,9,1,1,2,0,1,2,1],3,6].
[[3,5,0,1,1,0,1,2,1],5,2].
[[1,3,2,0,0,0,2,3,1],1,0].
[[2,3,2,0,0,0,2,3,1],3,0].
[[3,3,2,0,0,0,1,2,1],2,0].
[[3,7,2,1,2,0,1,1,2],10,3].
[[3,7,0,1,2,0,1,2,0],0,1].
[[2,6,0,1,2,2,1,1,2],0,1].
[[2,7,2,0,0,0,2,3,0],9,0].
[[2,5,0,1,2,2,1,2,2],4,0].
[[3,3,1,1,2,2,1,2,0],1,0].
[[3,8,0,1,1,0,2,3,2],0,2].
[[2,6,0,1,2,2,2,3,2],0,3].
[[3,3,2,1,2,0,2,2,2],6,0].
[[2,6,1,0,0,0,1,2,1],4,2].
[[3,7,2,1,2,0,1,2,0],2,0].
[[3,8,1,1,1,0,2,2,2],2,1].
[[2,9,1,1,1,0,1,2,2],0,1].
[[2,8,0,1,1,2,2,2,1],2,9].
[[3,9,1,0,0,0,2,1,0],0,7].
[[2,5,0,1,1,2,1,2,2],2,0].
[[3,6,1,1,1,2,2,3,2],3,0].
[[2,7,0,1,2,2,1,2,2],0,1].
[[2,7,1,1,2,0,2,2,0],2,1].
[[3,7,1,1,1,0,2,2,0],0,1].
[[3,9,2,1,1,2,2,1,1],0,1].
[[2,7,1,1,1,2,1,1,2],1,2].
[[3,9,2,0,0,0,1,1,1],1,0].
[[2,9,2,1,2,0,1,1,0],1,3].
[[2,7,2,1,1,0,2,2,2],1,0].
[[3,7,2,1,1,0,2,2,1],1,0].
[[3,3,2,1,1,0,2,2,2],2,0].
[[1,9,2,1,2,0,1,1,0],2,4].
[[2,2,1,0,0,0,0,0,0],1,0].
[[3,2,1,0,0,0,0,0,0],2,0].
[[1,7,2,1,2,2,2,3,1],2,1].
[[3,9,1,1,2,2,2,3,1],0,3].
[[2,9,2,1,2,0,1,1,1],1,1].
[[3,6,1,1,2,2,2,2,0],7,2].
[[3,9,2,1,2,2,1,1,0],0,6].
[[3,3,1,1,2,0,1,2,1],1,0].
[[3,2,1,0,0,0,2,2,2],1,0].
[[3,7,2,1,2,0,1,2,1],3,1].
[[3,1,2,1,2,0,2,2,0],1,0].
[[2,7,2,0,0,0,1,2,1],1,1].
[[3,8,0,1,1,0,0,0,0],0,2].
[[2,7,0,1,1,2,2,3,1],1,0].
[[2,7,2,1,2,0,1,1,2],2,2].
[[3,7,2,1,1,0,1,1,2],2,3].
[[1,8,0,0,0,0,1,1,0],0,1].
[[2,9,2,1,1,0,2,3,2],0,1].
[[2,5,0,0,0,0,1,2,0],5,0].
[[2,7,0,1,1,2,2,3,0],0,3].
[[1,8,0,1,2,2,2,1,1],1,0].
[[1,7,2,0,0,0,1,2,1],1,0].
[[3,7,1,1,1,0,2,1,2],0,2].
[[2,7,1,1,2,0,1,2,2],1,0].
[[3,3,1,1,2,0,1,2,2],1,0].
[[2,7,2,1,1,2,2,2,1],0,1].
[[2,7,2,1,1,0,2,3,1],1,0].
[[3,7,2,1,1,0,2,3,1],2,3].
[[3,7,1,1,2,2,2,1,1],2,11].
[[3,1,2,1,2,0,1,2,2],1,0].
[[1,6,1,1,2,2,2,3,1],2,0].
[[2,6,1,1,1,2,2,3,1],3,0].
[[1,7,2,1,2,2,2,1,2],3,1].
[[3,5,0,1,2,0,2,2,0],1,0].
[[2,8,1,1,1,0,2,2,2],2,4].
[[2,7,0,1,2,2,2,1,0],0,2].
[[3,3,0,1,2,2,2,3,1],0,1].
[[2,9,2,1,1,2,2,1,1],1,0].
[[2,6,1,1,2,2,1,1,2],1,0].
[[2,3,1,0,0,0,2,3,1],2,0].
[[2,7,2,1,2,2,2,1,0],4,0].
[[2,8,0,1,1,2,1,1,1],2,0].
[[1,6,1,0,0,0,2,1,0],1,0].
[[3,5,0,0,0,0,2,1,0],3,0].
[[2,7,1,1,2,2,2,1,1],9,2].
[[3,7,0,1,2,2,2,1,2],0,3].
[[3,6,1,1,1,2,1,1,2],1,0].
[[2,8,0,1,2,0,2,3,1],0,6].
[[1,5,0,1,1,2,1,2,1],2,0].
[[1,7,2,0,0,0,2,1,0],1,1].
[[3,9,2,1,1,2,1,1,0],0,6].
[[3,9,2,1,1,0,1,2,0],0,3].
[[3,8,1,1,2,2,0,0,0],0,4].
[[3,7,1,0,0,0,2,2,1],6,0].
[[2,5,0,1,1,2,1,1,0],1,1].
[[1,7,2,0,0,0,1,1,1],0,1].
[[2,7,2,1,2,2,1,1,1],0,1].
[[2,6,0,1,1,2,2,3,1],0,1].
[[3,7,2,0,0,0,2,3,2],7,2].
[[3,9,2,1,1,2,1,1,1],0,4].
[[1,8,1,1,2,0,1,2,0],2,0].
[[2,6,1,1,2,0,1,2,0],1,0].
[[3,6,1,1,1,0,1,2,0],1,0].
[[3,7,0,1,2,0,2,1,0],0,1].
[[3,3,2,0,0,0,0,0,0],2,0].
[[3,5,0,1,1,0,1,1,1],4,2].
[[3,6,0,1,2,2,2,3,2],0,4].
[[3,2,0,1,2,2,2,3,0],0,1].
[[3,9,0,1,2,0,1,2,2],0,1].
[[3,3,1,0,0,0,2,2,2],2,1].
[[3,6,0,1,2,2,2,1,1],0,1].
[[3,6,1,0,0,0,1,2,1],3,1].
[[3,7,0,0,0,0,2,1,2],0,1].
[[1,1,2,1,2,0,1,1,1],1,0].
[[2,1,2,1,2,0,1,1,1],2,0].
[[1,7,1,0,0,0,1,2,2],1,0].
[[1,7,2,1,2,2,1,2,2],6,2].
[[3,8,1,1,1,2,0,0,0],0,1].
[[3,6,1,1,1,0,2,3,1],2,1].
[[3,9,0,1,2,2,1,1,1],0,1].
[[3,9,2,1,1,2,2,3,1],0,1].
[[3,6,1,1,2,0,1,2,0],4,0].
[[3,6,0,1,1,2,2,2,2],0,1].
[[2,6,1,0,0,0,2,2,0],4,0].
[[3,8,0,1,1,0,1,1,0],0,4].
[[3,7,0,1,1,2,2,2,1],0,3].
[[2,8,1,1,1,0,2,3,0],0,2].
[[2,7,1,1,1,2,2,1,0],1,0].
[[2,6,1,1,1,2,2,3,2],1,0].
[[3,6,0,1,1,2,1,1,2],0,2].
[[2,8,0,0,0,0,2,1,1],0,2].
[[3,7,0,1,1,2,2,1,0],0,4].
[[3,7,0,1,2,0,2,2,2],0,1].
[[1,8,0,1,1,2,2,1,1],1,0].
[[2,8,0,1,1,2,2,1,1],3,1].
[[3,3,2,1,2,0,0,0,0],1,0].
[[2,3,2,1,2,2,2,2,2],3,0].
[[3,8,1,1,1,0,2,3,2],1,0].
[[3,9,1,1,2,0,0,0,0],0,2].
[[2,6,1,1,1,2,2,2,2],1,0].
[[2,9,2,1,2,0,2,1,1],0,3].
[[3,8,0,1,2,0,2,1,1],0,1].
[[1,3,2,0,0,0,2,1,2],1,0].
[[2,3,2,1,2,0,2,1,2],1,0].
[[3,9,0,0,0,0,1,2,2],0,1].
[[2,3,1,1,2,2,2,3,2],2,0].
[[3,9,2,1,2,0,1,1,0],0,2].
[[2,6,1,1,2,0,1,1,1],2,0].
[[1,6,0,1,2,2,2,3,0],0,1].
[[3,9,0,1,2,2,2,3,0],0,2].
[[2,7,2,1,1,0,1,2,2],1,1].
[[2,6,0,1,1,2,2,2,2],1,2].
[[1,5,0,1,2,2,1,2,0],4,0].
[[3,3,1,1,2,2,2,1,0],1,1].
[[1,5,0,1,1,2,1,2,0],1,2].
[[3,6,0,0,0,0,2,2,0],0,1].
[[3,3,2,1,2,0,1,1,2],3,0].
[[3,7,1,1,1,0,1,2,0],2,1].
[[2,8,0,1,2,0,2,1,1],0,1].
[[3,8,0,1,1,0,1,1,1],0,1].
[[3,9,0,0,0,0,2,1,0],0,1].
[[3,8,0,1,2,0,1,1,0],0,8].
[[3,9,1,1,2,0,2,2,1],0,2].
[[1,8,0,1,2,2,1,1,0],0,2].
[[3,6,0,1,2,2,1,1,1],0,2].
[[1,7,1,1,2,2,1,2,2],1,0].
[[3,7,2,1,1,0,2,3,0],1,0].
[[2,7,1,0,0,0,1,1,2],1,1].
[[2,7,2,1,2,0,2,3,0],2,0].
[[2,7,2,1,1,0,2,3,2],1,0].
[[3,3,2,1,1,0,2,3,2],1,0].
[[3,4,2,1,2,0,2,1,1],4,0].
[[1,7,2,0,0,0,2,2,0],3,0].
[[2,3,2,1,2,0,2,2,0],1,0].
[[3,3,2,1,2,2,1,2,0],2,0].
[[2,5,0,1,1,0,1,1,0],0,1].
[[3,7,2,1,1,2,0,0,0],1,0].
[[2,1,2,1,2,0,2,2,0],1,0].
[[1,9,2,1,2,0,2,1,1],1,4].
[[3,9,0,1,2,2,2,1,0],0,4].
[[2,9,1,1,1,0,1,1,2],0,1].
[[3,9,1,0,0,0,1,1,1],0,1].
[[2,9,1,1,1,0,2,1,0],0,1].
[[3,9,2,1,1,2,0,0,0],0,1].
[[1,7,1,1,2,2,2,1,0],1,0].
[[2,5,0,1,1,0,1,1,1],0,1].
[[3,7,2,1,2,0,2,1,0],2,1].
[[2,7,2,1,2,0,1,2,1],1,0].
[[3,7,2,1,1,0,1,2,1],1,0].
[[2,7,2,0,0,0,1,1,0],1,0].
[[3,3,2,0,0,0,1,1,0],1,0].
[[2,6,1,1,2,0,1,2,1],1,0].
[[2,3,2,1,2,0,2,2,2],1,0].
[[1,4,2,1,2,0,1,1,1],0,1].
[[2,4,2,1,2,0,1,1,1],4,1].
[[3,9,1,0,0,0,2,3,1],0,1].
[[2,9,2,1,1,0,2,2,2],0,1].
[[3,6,1,0,0,0,1,1,2],2,1].
[[3,9,0,0,0,0,1,1,1],0,2].
[[2,3,2,1,2,0,0,0,0],2,0].
[[2,7,2,1,1,0,2,2,0],0,1].
[[3,9,0,1,1,0,1,1,0],0,1].
[[3,7,0,1,1,2,1,1,2],0,2].
[[2,9,2,1,1,0,2,3,1],0,1].
[[3,4,0,1,2,0,1,2,2],0,1].
[[3,7,2,0,0,0,1,1,0],1,0].
[[1,6,1,1,2,2,2,1,2],1,0].
[[3,6,1,1,1,2,2,3,1],3,0].
[[2,9,1,1,2,0,2,2,1],0,1].
[[2,7,2,1,1,0,1,2,1],1,0].
[[3,3,2,1,1,0,1,2,1],1,0].
[[3,6,0,1,2,0,2,2,1],0,1].
[[3,7,1,0,0,0,2,1,1],1,3].
[[2,7,1,1,1,2,1,1,1],2,0].
[[3,3,1,1,1,2,1,1,1],1,0].
[[2,9,2,1,2,0,2,2,2],0,4].
[[3,7,1,1,1,0,1,1,1],1,0].
[[3,7,0,1,2,2,1,1,0],0,1].
[[2,7,2,1,1,2,2,1,2],1,1].
[[3,9,2,0,0,0,1,2,1],1,0].
[[3,9,0,1,1,2,2,3,0],0,1].
[[2,7,1,0,0,0,1,1,1],2,0].
[[2,7,1,1,2,0,2,1,1],1,0].
[[3,7,1,1,1,0,2,1,1],1,0].
[[1,7,2,0,0,0,2,2,1],2,0].
[[3,6,0,0,0,0,2,2,2],0,1].
[[2,6,1,1,1,2,2,3,0],2,0].
[[3,6,0,1,2,0,2,2,0],0,1].
[[3,7,0,0,0,0,2,3,2],0,2].
[[3,7,1,1,1,0,2,3,1],0,3].
[[3,8,1,1,1,0,2,2,1],1,1].
[[1,6,0,1,2,2,2,1,2],0,2].
[[2,6,0,1,2,2,2,3,1],1,1].
[[3,9,2,1,1,0,0,0,0],0,1].
[[3,6,1,1,2,0,2,1,1],0,1].
[[2,7,0,0,0,0,2,2,1],0,2].
[[3,7,0,0,0,0,2,2,1],0,3].
[[3,6,1,0,0,0,2,2,1],1,0].
[[2,6,1,1,2,2,2,1,1],1,0].
[[2,6,0,0,0,0,2,2,2],0,1].
[[3,2,0,1,2,2,0,0,0],0,1].
[[3,6,1,1,1,2,2,1,0],3,0].
[[2,7,2,1,2,0,1,2,0],1,0].
[[2,7,2,1,1,0,1,1,2],0,1].
[[2,5,0,0,0,0,2,1,0],1,0].
[[2,6,1,0,0,0,1,1,2],3,0].
[[2,3,2,0,0,0,2,1,0],1,0].
[[3,3,1,0,0,0,2,1,0],1,0].
[[3,3,2,1,1,2,0,0,0],1,0].
[[3,7,2,1,1,0,1,1,0],0,2].
[[3,9,2,1,2,0,1,2,1],0,1].
[[2,9,1,1,2,0,2,3,1],0,1].
[[3,6,0,0,0,0,0,0,0],0,1].
[[3,3,2,1,2,2,2,2,1],1,0].
[[2,7,1,1,2,0,1,2,1],1,1].
[[3,6,0,1,1,2,2,1,0],0,2].
[[3,8,0,0,0,0,2,1,1],0,1].
[[2,6,1,1,2,2,1,1,0],1,0].
[[3,9,2,1,1,0,2,1,1],0,1].
[[2,8,1,1,1,0,1,2,0],1,1].
[[3,6,1,1,2,0,2,2,1],0,2].
[[3,7,0,0,0,0,2,3,1],0,2].
[[2,6,0,1,2,2,2,2,1],1,0].
[[3,9,2,1,2,0,2,2,0],0,1].
[[3,8,0,1,1,2,2,1,1],0,3].
[[1,4,2,1,2,0,2,1,2],1,0].
[[1,6,1,0,0,0,1,1,1],1,0].
[[3,6,1,1,2,0,1,1,1],1,0].
[[3,6,1,1,2,2,0,0,0],0,1].
[[1,7,1,0,0,0,1,1,1],1,0].
[[2,7,1,1,2,0,1,1,1],1,0].
[[3,4,0,1,2,0,1,2,0],0,1].
[[1,8,1,1,1,2,1,2,0],2,0].
[[2,6,1,1,1,2,1,2,0],2,0].
[[3,2,1,1,1,2,1,2,0],1,0].
[[2,9,2,1,1,0,1,2,1],0,1].
[[3,3,2,0,0,0,2,3,1],1,0].
[[3,3,1,1,2,0,2,3,2],2,0].
[[2,8,1,1,1,0,2,1,1],0,1].
[[3,8,1,1,1,0,2,1,1],0,1].
[[2,3,2,1,2,2,1,2,2],1,0].
[[3,6,0,1,2,0,2,2,2],0,1].
[[3,7,0,1,2,0,2,2,1],0,1].
[[1,8,1,1,2,0,1,1,0],1,0].
[[2,7,0,1,1,2,1,1,2],1,0].
[[1,4,2,1,2,0,2,1,1],1,0].
[[2,7,2,1,2,2,1,1,0],1,0].
[[3,7,2,1,1,2,1,1,0],1,0].
[[3,6,0,0,0,0,2,2,1],0,1].
[[2,6,1,1,2,0,2,2,0],2,0].
[[3,2,1,1,2,2,0,0,0],1,0].
[[2,6,1,0,0,0,2,1,1],1,0].
[[1,6,1,0,0,0,1,2,1],1,0].
[[3,3,2,0,0,0,1,1,2],1,0].
[[2,5,0,1,2,2,2,1,0],1,0].
[[1,5,0,1,2,0,2,2,0],1,0].
[[1,7,1,0,0,0,2,1,1],1,0].
[[2,5,0,1,1,0,1,2,1],1,0].
[[3,6,1,1,1,0,2,2,0],2,0].
[[1,5,0,0,0,0,1,2,1],0,1].
[[3,5,0,1,1,0,2,2,0],2,1].
[[3,3,1,1,2,0,2,1,2],1,0].
[[2,7,0,1,1,2,2,1,2],0,1].
[[2,7,2,1,1,0,2,1,0],1,0].
[[2,7,2,1,2,0,2,2,1],2,0].
[[2,7,2,1,2,2,1,2,0],2,0].
[[3,6,0,1,2,0,2,1,1],0,1].
[[2,6,1,1,2,0,2,1,0],1,0].
[[3,6,1,1,2,0,1,1,0],1,0].
[[2,3,2,0,0,0,1,1,2],1,0].
[[3,3,1,1,2,2,1,1,2],1,0].
[[1,8,0,1,2,2,1,2,1],0,1].
[[2,3,2,1,2,2,2,3,2],1,0].
[[3,9,1,1,1,2,2,1,1],0,1].
[[2,7,2,1,1,2,2,2,2],1,0].
[[3,3,2,1,1,2,2,2,2],1,0].
[[1,6,0,1,2,2,2,3,2],0,1].
[[2,6,0,1,1,2,1,2,2],0,1].
[[3,7,0,0,0,0,1,1,1],0,1].
[[2,7,2,1,2,0,2,1,0],1,0].
[[3,6,1,0,0,0,1,1,1],1,0].
[[3,7,1,1,1,0,0,0,0],0,1].
[[2,5,0,1,1,0,1,1,2],0,1].
[[3,5,0,1,1,0,1,2,2],0,1].
[[2,3,2,1,2,0,1,1,2],1,0].
[[3,9,2,0,0,0,1,1,0],0,1].
[[3,6,0,1,2,2,2,1,2],0,1].
[[3,9,1,1,2,2,0,0,0],0,1].
[[1,6,0,1,2,2,2,2,2],1,0].
[[3,3,2,1,2,0,2,1,0],1,0].
[[1,5,0,1,2,0,1,2,1],1,0].
