total_WL(5194,6497).
[[1,7,2,0,0,0,0,0,0],35,12].
[[2,7,2,0,0,0,0,0,0],18,3].
[[3,7,2,1,2,0,0,0,0],3,2].
[[1,9,2,0,0,0,2,2,2],38,106].
[[2,9,2,1,2,2,2,3,1],11,56].
[[3,8,1,1,2,2,2,3,1],20,33].
[[1,9,2,1,2,2,1,2,2],116,197].
[[2,9,2,1,2,2,1,2,2],69,230].
[[3,5,0,1,2,2,1,1,2],117,5].
[[1,8,0,1,2,2,2,2,0],11,28].
[[2,8,0,1,2,2,2,2,0],17,115].
[[3,8,0,1,2,2,1,2,0],6,109].
[[1,9,2,0,0,0,2,2,0],72,187].
[[3,8,0,1,2,2,2,2,0],9,163].
[[1,9,2,0,0,0,1,2,2],99,201].
[[2,8,1,0,0,0,1,2,2],83,41].
[[3,8,1,1,2,0,1,1,2],19,21].
[[1,5,0,0,0,0,1,1,2],23,3].
[[2,5,0,0,0,0,1,1,2],46,3].
[[3,5,0,0,0,0,1,1,2],33,0].
[[2,7,2,1,2,2,2,3,1],10,1].
[[3,3,2,1,2,2,2,3,1],3,0].
[[1,8,1,0,0,0,2,3,2],123,70].
[[3,8,1,0,0,0,1,2,2],39,19].
[[1,9,2,1,2,2,2,1,2],35,118].
[[2,8,0,1,2,2,2,1,2],8,60].
[[3,8,0,1,2,2,1,1,2],3,83].
[[1,9,2,1,1,2,2,1,0],28,32].
[[2,5,0,1,1,2,1,1,0],11,2].
[[3,5,0,1,1,2,1,1,0],30,4].
[[2,7,1,1,2,2,0,0,0],41,38].
[[3,7,1,1,2,2,0,0,0],19,28].
[[1,9,2,0,0,0,1,2,0],25,74].
[[2,9,2,0,0,0,1,2,0],9,45].
[[3,9,1,1,2,2,1,1,0],2,46].
[[1,8,1,1,2,0,2,2,2],10,15].
[[2,8,1,1,1,0,2,2,2],1,2].
[[3,4,0,1,2,0,2,2,0],0,1].
[[1,9,2,1,1,2,2,3,1],17,22].
[[2,4,2,1,2,0,1,2,1],14,3].
[[3,4,2,1,2,0,1,2,1],70,5].
[[1,9,2,1,1,2,0,0,0],54,60].
[[2,8,0,1,1,2,0,0,0],19,59].
[[3,8,0,1,1,2,2,2,0],3,111].
[[1,7,2,1,2,2,2,2,2],16,1].
[[2,7,2,1,1,2,1,2,2],8,0].
[[3,4,2,1,2,0,1,1,2],78,3].
[[1,9,2,1,2,2,2,3,1],61,117].
[[2,8,0,1,2,2,2,3,1],13,67].
[[1,3,2,0,0,0,1,2,2],1,0].
[[2,3,2,0,0,0,1,2,2],2,0].
[[3,3,2,1,2,0,1,2,2],6,0].
[[1,8,1,0,0,0,2,1,2],101,54].
[[2,8,1,0,0,0,1,1,2],45,20].
[[3,8,1,0,0,0,1,1,2],16,8].
[[1,9,2,0,0,0,2,3,1],39,121].
[[2,9,2,0,0,0,1,2,1],14,18].
[[3,8,0,0,0,0,1,2,1],3,9].
[[2,8,1,1,2,2,2,1,2],46,27].
[[3,8,1,1,2,2,2,1,2],13,9].
[[1,9,2,1,2,0,1,1,0],1,7].
[[2,9,2,1,2,0,1,1,0],3,15].
[[3,8,0,1,2,2,1,1,0],2,49].
[[1,9,2,0,0,0,2,3,2],26,149].
[[2,9,2,0,0,0,1,2,2],32,118].
[[3,9,2,1,2,0,1,2,2],2,46].
[[1,9,2,0,0,0,0,0,0],53,225].
[[2,8,0,0,0,0,0,0,0],5,51].
[[3,8,0,1,2,0,2,3,0],2,37].
[[1,8,1,1,2,2,0,0,0],123,90].
[[2,8,1,1,1,2,2,3,1],33,19].
[[3,7,2,1,1,2,1,2,2],25,2].
[[2,7,2,1,2,0,2,1,2],7,1].
[[3,7,2,1,2,0,2,1,2],7,3].
[[1,9,2,0,0,0,1,1,2],61,78].
[[1,8,1,1,2,2,2,3,2],106,50].
[[2,8,1,1,2,2,2,3,2],84,43].
[[3,8,1,1,1,2,2,3,0],31,25].
[[2,9,2,0,0,0,1,1,2],15,45].
[[1,8,1,1,2,2,2,1,2],80,27].
[[2,7,2,1,2,2,2,1,2],22,4].
[[3,3,2,1,2,2,2,1,2],9,0].
[[1,8,0,0,0,0,1,2,2],9,15].
[[2,7,1,0,0,0,1,2,2],14,5].
[[3,7,1,1,2,0,1,2,2],21,11].
[[2,5,0,0,0,0,1,1,1],11,3].
[[3,5,0,0,0,0,1,1,1],13,3].
[[1,7,1,0,0,0,0,0,0],38,19].
[[2,7,1,0,0,0,0,0,0],27,26].
[[3,7,1,0,0,0,0,0,0],4,9].
[[1,9,2,1,2,2,2,2,0],91,223].
[[2,9,2,1,2,2,2,2,0],40,192].
[[3,9,2,1,2,2,2,1,0],0,37].
[[2,9,2,1,2,0,2,2,0],8,40].
[[3,8,1,1,2,0,2,1,1],2,3].
[[2,8,1,1,2,0,2,2,0],11,16].
[[3,8,1,1,2,2,1,1,0],23,23].
[[1,9,2,0,0,0,2,1,0],38,142].
[[2,9,2,1,2,2,1,1,0],7,64].
[[3,8,1,1,2,2,1,2,1],73,39].
[[2,9,2,0,0,0,2,1,0],10,55].
[[3,9,2,1,2,0,2,1,0],0,10].
[[2,5,0,1,1,2,1,2,1],11,0].
[[3,5,0,1,1,2,1,2,1],50,0].
[[2,8,1,1,2,2,2,1,0],28,18].
[[3,7,2,1,2,2,2,1,0],4,2].
[[1,8,1,0,0,0,2,2,1],61,20].
[[2,8,1,1,2,0,2,2,1],15,5].
[[3,8,1,1,1,0,1,1,1],1,1].
[[1,9,2,1,2,2,1,1,2],77,72].
[[2,8,1,1,2,2,1,1,2],45,27].
[[3,5,0,1,2,2,1,2,2],16,1].
[[3,9,2,1,2,2,1,2,2],8,135].
[[1,6,1,0,0,0,0,0,0],53,5].
[[2,6,1,0,0,0,0,0,0],18,4].
[[3,6,1,0,0,0,2,2,2],8,0].
[[1,9,2,1,2,2,0,0,0],73,264].
[[1,8,0,1,1,2,0,0,0],33,44].
[[2,8,0,1,1,2,2,3,2],19,25].
[[3,4,2,1,2,0,1,2,2],107,11].
[[2,9,2,0,0,0,2,3,0],28,99].
[[3,9,2,0,0,0,1,2,0],0,21].
[[1,8,1,1,2,2,2,2,0],26,6].
[[2,8,1,1,2,2,2,2,0],52,31].
[[3,7,1,1,1,2,2,2,0],15,7].
[[1,8,1,0,0,0,2,3,1],158,73].
[[2,8,1,1,2,2,2,3,1],76,66].
[[3,7,1,1,2,2,2,3,1],48,27].
[[1,8,1,0,0,0,0,0,0],168,155].
[[2,7,2,0,0,0,2,2,2],16,6].
[[3,7,2,1,2,2,2,2,0],7,0].
[[1,9,2,1,2,2,2,3,0],99,266].
[[2,9,2,1,1,2,1,2,0],17,40].
[[3,8,0,1,1,2,1,2,0],1,67].
[[1,8,1,1,2,0,2,1,2],9,12].
[[2,8,1,1,1,0,2,1,2],1,2].
[[3,6,1,1,1,0,2,1,2],0,1].
[[1,7,2,0,0,0,2,2,2],33,6].
[[3,7,2,0,0,0,2,2,2],5,6].
[[2,8,0,1,2,2,1,2,2],38,80].
[[3,7,1,1,2,2,1,2,2],90,27].
[[1,8,1,0,0,0,1,2,1],35,18].
[[2,7,1,0,0,0,1,2,1],5,7].
[[3,7,1,0,0,0,1,2,1],13,2].
[[1,8,1,0,0,0,2,2,2],111,69].
[[2,7,1,0,0,0,2,2,2],16,12].
[[3,7,1,1,2,2,2,2,2],40,20].
[[1,8,0,1,2,2,2,2,2],22,53].
[[2,7,1,1,2,2,2,2,2],31,15].
[[3,7,1,1,1,2,2,2,2],18,6].
[[1,9,2,0,0,0,2,1,2],44,119].
[[3,9,2,1,1,2,1,1,2],2,30].
[[1,8,0,1,2,2,0,0,0],57,200].
[[2,8,0,1,2,2,2,1,0],13,59].
[[2,8,0,1,1,2,2,3,0],23,38].
[[3,6,0,1,1,2,2,3,0],0,5].
[[2,6,1,0,0,0,2,2,0],3,0].
[[3,3,1,0,0,0,2,2,0],1,0].
[[1,9,2,1,2,2,2,2,2],55,124].
[[3,9,1,1,1,2,1,2,0],8,56].
[[2,8,1,1,1,2,0,0,0],10,12].
[[3,4,2,1,2,0,2,2,1],12,0].
[[1,9,2,1,1,2,1,1,2],45,21].
[[2,9,2,1,1,2,1,1,2],35,33].
[[3,8,0,1,1,2,1,1,2],1,45].
[[2,8,1,0,0,0,2,2,2],45,26].
[[1,8,1,1,2,2,2,1,0],20,12].
[[2,8,1,1,2,2,1,2,0],22,15].
[[3,8,1,1,2,2,1,2,0],68,36].
[[1,9,2,1,2,2,2,3,2],67,179].
[[2,9,2,1,1,2,2,3,1],12,17].
[[3,9,2,1,1,2,2,3,0],0,37].
[[2,4,2,1,2,0,2,1,0],29,1].
[[3,4,2,1,2,0,2,3,0],79,8].
[[2,9,2,1,1,2,2,2,0],34,78].
[[3,9,2,1,1,2,2,2,0],0,40].
[[3,8,1,1,2,2,2,2,0],44,39].
[[2,8,0,0,0,0,2,1,0],5,28].
[[3,8,0,1,2,2,2,1,0],0,99].
[[1,8,0,1,1,2,2,2,2],15,10].
[[3,7,1,1,1,2,2,3,2],33,8].
[[1,9,2,1,2,2,1,1,0],18,50].
[[2,9,2,1,1,2,1,1,0],15,23].
[[3,9,2,1,1,2,1,1,0],1,39].
[[3,8,1,1,2,2,2,3,0],51,59].
[[1,8,1,0,0,0,1,2,0],4,4].
[[2,8,1,0,0,0,1,2,0],24,9].
[[1,9,2,0,0,0,2,3,0],80,215].
[[3,8,0,1,2,2,2,3,0],5,174].
[[3,8,1,1,2,0,2,1,0],16,15].
[[2,8,1,1,2,2,0,0,0],22,45].
[[3,7,2,1,2,2,2,1,2],16,0].
[[3,7,0,1,1,2,0,0,0],2,12].
[[2,8,1,0,0,0,2,1,2],43,24].
[[3,6,1,0,0,0,2,1,2],6,1].
[[2,9,2,0,0,0,1,1,0],3,37].
[[3,9,2,0,0,0,1,1,0],0,14].
[[1,8,1,1,1,2,0,0,0],30,9].
[[3,8,1,1,1,2,2,3,1],10,21].
[[1,9,2,1,2,2,1,2,1],24,25].
[[2,9,2,1,2,2,1,2,1],16,48].
[[2,9,2,1,2,2,2,1,2],3,39].
[[3,9,2,1,2,2,2,2,0],6,63].
[[2,9,2,1,2,2,2,3,2],4,60].
[[3,9,2,1,1,0,1,2,2],0,24].
[[1,4,2,1,2,0,2,2,0],6,1].
[[2,4,2,1,2,0,1,2,0],25,2].
[[3,4,2,1,2,0,1,2,0],96,4].
[[1,9,2,1,1,2,2,2,1],17,2].
[[2,5,0,1,1,2,1,1,1],16,0].
[[3,5,0,1,1,2,1,1,1],38,1].
[[3,9,2,1,2,2,2,1,2],0,2].
[[1,9,2,1,1,2,1,2,0],14,10].
[[2,8,1,1,1,2,1,2,0],9,3].
[[3,8,1,1,1,2,1,2,0],26,19].
[[1,8,0,0,0,0,2,1,2],11,36].
[[2,8,0,0,0,0,1,1,2],11,17].
[[3,8,0,1,2,0,1,2,2],3,46].
[[2,9,2,1,2,2,2,3,0],47,223].
[[3,9,1,1,2,2,2,3,0],2,22].
[[3,9,2,1,2,2,2,3,0],2,60].
[[2,9,2,1,1,2,1,2,1],15,10].
[[1,8,1,1,2,2,2,2,2],79,43].
[[2,8,1,1,2,2,2,2,2],69,35].
[[2,8,0,1,2,2,0,0,0],14,100].
[[3,8,0,1,1,2,2,1,0],3,67].
[[1,9,2,1,1,2,1,2,2],67,46].
[[2,8,1,1,1,2,1,2,2],50,20].
[[2,9,2,1,2,2,2,2,2],6,30].
[[1,9,2,1,2,2,2,1,0],54,132].
[[2,8,0,1,1,2,2,1,0],9,20].
[[1,9,2,0,0,0,2,2,1],19,24].
[[2,9,2,1,2,2,2,2,1],7,19].
[[3,9,2,1,2,2,1,2,1],8,31].
[[1,7,2,0,0,0,1,2,2],15,1].
[[2,7,2,0,0,0,1,2,2],28,2].
[[3,7,2,0,0,0,1,2,2],23,3].
[[2,5,0,1,1,2,1,1,2],26,1].
[[3,5,0,1,1,2,1,1,2],91,2].
[[2,8,0,1,2,2,2,3,0],19,127].
[[3,5,0,1,2,0,1,1,1],27,3].
[[1,8,0,0,0,0,1,1,2],3,12].
[[2,8,0,1,2,0,1,1,2],1,7].
[[1,9,2,1,1,2,2,2,2],35,29].
[[2,4,2,1,2,0,1,2,2],47,6].
[[1,9,2,1,2,0,2,3,0],11,31].
[[2,9,2,1,1,0,2,3,0],1,7].
[[3,9,2,1,1,0,2,3,0],0,10].
[[1,8,0,1,1,2,1,2,2],6,7].
[[2,8,0,1,1,2,1,2,2],23,31].
[[2,8,1,1,2,0,1,1,2],17,11].
[[3,9,2,1,1,0,2,3,1],0,3].
[[2,8,1,1,2,2,1,2,1],70,30].
[[3,7,1,1,2,2,2,1,2],27,23].
[[1,9,2,1,2,0,1,2,0],2,7].
[[2,8,0,1,2,0,1,2,0],1,6].
[[3,7,1,1,2,0,1,2,0],6,3].
[[1,9,2,0,0,0,1,1,0],13,28].
[[3,9,1,1,2,2,1,2,0],8,83].
[[1,8,1,1,2,2,2,3,1],118,40].
[[3,8,1,1,2,2,1,2,2],133,84].
[[2,9,1,1,2,2,1,2,0],9,32].
[[3,8,0,0,0,0,1,2,2],1,46].
[[2,9,2,1,1,2,2,3,0],54,67].
[[3,8,0,1,1,2,2,3,0],7,90].
[[1,9,2,1,1,2,2,2,0],50,58].
[[2,4,2,1,2,0,2,2,0],30,1].
[[3,4,2,1,2,0,2,2,0],52,3].
[[2,9,2,0,0,0,2,2,0],16,84].
[[3,8,0,1,2,0,2,2,0],1,35].
[[1,8,0,1,1,2,2,2,0],2,4].
[[2,5,0,1,1,2,2,3,0],8,1].
[[3,8,1,1,1,0,1,2,0],3,13].
[[3,6,0,1,2,2,2,2,0],0,8].
[[3,8,0,1,1,2,1,1,0],3,46].
[[3,8,1,1,1,2,2,1,2],13,2].
[[2,9,2,1,1,2,1,2,2],59,81].
[[3,8,1,1,1,2,1,2,2],60,56].
[[1,8,0,0,0,0,0,0,0],38,145].
[[3,9,1,1,2,0,1,2,2],2,12].
[[2,9,2,1,1,2,0,0,0],7,15].
[[2,7,1,1,2,0,2,2,2],4,2].
[[3,7,1,1,2,0,2,2,2],11,11].
[[3,9,2,1,2,2,1,1,2],1,62].
[[2,9,2,1,2,0,2,3,0],5,45].
[[3,5,0,1,2,0,1,2,0],15,3].
[[3,6,1,1,2,2,2,3,2],19,0].
[[2,8,1,1,2,2,2,3,0],69,48].
[[3,7,1,1,2,2,2,3,0],39,21].
[[1,8,1,0,0,0,1,2,2],73,30].
[[2,8,0,1,1,2,2,2,0],18,30].
[[2,9,2,1,2,0,2,3,1],3,14].
[[3,9,1,1,1,0,2,2,0],0,2].
[[2,8,1,1,1,2,2,1,0],10,8].
[[3,7,1,1,2,2,1,1,2],30,15].
[[1,8,0,1,2,2,2,3,0],13,32].
[[2,8,0,1,2,2,1,2,0],10,27].
[[3,8,1,1,1,2,1,1,2],29,15].
[[2,8,0,1,1,2,2,3,1],9,20].
[[3,4,2,1,2,0,2,3,1],22,4].
[[2,8,1,1,2,2,1,2,2],106,86].
[[1,8,0,1,1,2,1,2,0],1,1].
[[1,8,0,1,2,2,2,1,2],12,54].
[[2,8,0,1,1,2,2,1,2],8,24].
[[3,6,0,1,1,2,2,1,2],0,5].
[[2,7,1,1,2,2,2,2,0],11,5].
[[2,8,1,1,1,2,1,1,2],36,13].
[[3,7,2,1,1,2,1,1,2],6,8].
[[3,9,2,1,1,2,1,2,0],1,48].
[[3,7,1,1,1,2,2,3,0],16,12].
[[1,8,0,1,1,2,2,3,1],7,3].
[[2,7,1,1,1,2,1,2,2],6,2].
[[3,8,0,1,1,2,2,3,1],2,19].
[[1,8,0,0,0,0,2,2,2],6,47].
[[2,8,0,0,0,0,2,2,0],4,39].
[[1,9,2,0,0,0,1,2,1],20,32].
[[3,8,0,1,2,2,1,2,1],11,34].
[[2,8,0,1,1,2,2,2,2],12,22].
[[3,8,0,1,1,2,2,3,2],1,18].
[[2,9,2,1,2,2,1,2,0],29,113].
[[2,7,1,1,1,2,0,0,0],16,2].
[[2,5,0,1,1,2,2,1,0],9,0].
[[2,8,1,0,0,0,2,3,0],53,30].
[[3,8,1,1,2,0,2,3,0],24,19].
[[3,9,2,1,1,2,1,2,2],4,84].
[[3,5,0,1,1,2,2,3,0],16,1].
[[1,8,1,1,2,0,1,2,2],4,9].
[[2,8,1,1,2,0,1,2,2],24,30].
[[2,8,1,0,0,0,2,2,0],46,19].
[[3,8,1,1,2,0,2,2,0],22,18].
[[1,7,1,0,0,0,2,3,0],4,2].
[[2,7,1,0,0,0,1,2,0],3,1].
[[3,3,1,0,0,0,1,2,0],2,0].
[[2,4,2,1,2,0,2,2,2],15,0].
[[3,4,2,1,2,0,2,2,2],20,1].
[[2,5,0,1,2,2,1,1,0],15,1].
[[3,5,0,1,2,2,1,2,0],50,2].
[[2,8,0,1,2,2,1,1,0],2,17].
[[3,6,0,1,2,2,1,1,0],1,3].
[[3,9,1,1,1,2,2,2,0],2,12].
[[2,8,0,1,2,2,1,1,2],15,42].
[[3,7,0,1,2,2,1,1,2],0,8].
[[2,8,1,1,2,0,2,1,2],13,15].
[[2,9,2,0,0,0,2,1,2],3,19].
[[1,5,0,1,2,2,1,1,2],17,4].
[[2,5,0,1,1,2,1,2,2],3,0].
[[3,5,0,1,1,2,1,2,2],15,0].
[[1,9,2,1,1,2,2,1,2],25,27].
[[1,5,0,1,2,2,2,3,0],12,1].
[[2,5,0,1,2,2,2,3,0],18,2].
[[3,5,0,1,2,2,2,3,0],35,1].
[[3,8,1,1,2,0,1,2,0],35,18].
[[3,7,2,1,2,0,1,2,2],34,8].
[[3,7,1,0,0,0,1,2,2],31,11].
[[2,6,1,1,2,2,2,1,0],4,0].
[[3,6,1,1,1,2,1,1,0],2,0].
[[3,6,0,1,2,2,2,3,0],0,10].
[[1,9,2,1,2,0,2,1,0],1,13].
[[2,9,2,1,2,2,2,1,0],13,100].
[[3,9,2,1,2,0,2,3,0],0,20].
[[1,8,0,0,0,0,2,2,0],7,27].
[[2,7,0,0,0,0,2,2,0],0,3].
[[3,7,0,0,0,0,2,2,0],0,9].
[[1,8,1,1,2,2,2,2,1],49,21].
[[2,7,2,1,2,2,1,2,2],24,7].
[[1,9,2,1,2,2,1,2,0],30,66].
[[3,9,1,1,1,2,1,2,2],3,17].
[[3,8,1,1,1,2,2,2,1],4,12].
[[3,9,2,1,2,2,1,1,0],2,45].
[[1,5,0,0,0,0,1,1,1],5,2].
[[2,5,0,1,2,0,1,1,1],8,0].
[[3,5,0,1,1,0,1,1,0],3,7].
[[2,5,0,1,2,2,1,2,1],25,2].
[[3,5,0,1,2,2,1,2,1],64,2].
[[1,7,1,1,2,2,2,2,2],6,2].
[[2,7,1,1,2,2,1,1,2],14,4].
[[3,7,1,1,1,2,1,1,2],14,10].
[[2,9,2,1,2,0,2,2,2],4,10].
[[3,8,1,1,2,0,2,2,2],10,3].
[[1,8,0,1,2,2,2,3,1],14,22].
[[2,8,0,1,2,2,1,2,1],12,14].
[[1,6,1,0,0,0,2,3,2],10,5].
[[2,6,1,0,0,0,2,3,2],6,3].
[[3,6,1,1,2,0,1,2,2],9,6].
[[2,9,2,1,2,0,1,2,0],7,17].
[[3,1,2,1,2,0,1,1,2],11,0].
[[2,9,2,1,2,0,1,1,2],5,21].
[[3,9,2,1,1,0,1,1,2],0,11].
[[1,7,1,1,2,2,2,1,2],9,7].
[[2,3,1,1,2,2,2,1,2],2,0].
[[3,3,1,1,1,2,2,1,2],1,0].
[[2,7,0,1,2,2,0,0,0],2,15].
[[3,7,0,1,1,2,2,3,1],1,5].
[[1,8,1,1,1,2,2,3,2],22,4].
[[2,8,1,1,1,2,2,3,2],26,16].
[[2,8,1,1,1,2,2,2,2],24,11].
[[3,4,2,1,2,0,2,1,0],46,1].
[[1,8,0,1,2,2,2,3,2],26,75].
[[2,7,1,1,2,2,2,3,2],38,18].
[[3,7,1,1,2,2,2,3,2],51,22].
[[1,7,2,0,0,0,2,3,2],29,7].
[[2,7,2,0,0,0,2,3,1],6,0].
[[3,7,2,1,2,2,1,2,2],76,15].
[[2,7,1,1,2,2,2,1,0],7,5].
[[3,3,1,1,2,2,2,1,0],1,0].
[[1,5,0,1,2,2,2,2,0],1,0].
[[2,5,0,1,2,2,2,2,0],1,0].
[[3,5,0,1,1,2,2,2,0],7,1].
[[1,8,1,1,2,2,2,1,1],7,8].
[[2,8,1,1,2,2,2,1,1],6,5].
[[3,8,1,1,1,2,2,1,0],19,12].
[[2,7,1,1,2,2,2,2,1],18,5].
[[3,7,1,1,2,2,2,2,1],21,12].
[[1,6,1,0,0,0,2,1,2],10,2].
[[2,6,1,1,2,0,2,1,2],3,0].
[[3,6,1,1,1,0,1,1,2],1,0].
[[3,8,1,1,1,2,2,2,2],8,11].
[[2,5,0,1,2,2,1,1,2],83,4].
[[1,7,1,1,2,2,0,0,0],38,24].
[[1,8,0,0,0,0,2,3,2],17,45].
[[2,8,0,0,0,0,1,2,2],13,45].
[[2,8,1,0,0,0,1,2,1],45,21].
[[3,8,1,1,2,0,1,2,1],32,20].
[[2,5,0,0,0,0,2,2,0],3,0].
[[3,5,0,0,0,0,2,2,0],2,0].
[[2,8,1,1,2,0,2,3,1],25,28].
[[3,5,0,1,2,0,1,2,1],23,2].
[[2,9,1,1,1,2,2,2,0],3,6].
[[3,9,0,1,1,2,1,1,0],0,9].
[[2,6,1,1,2,2,2,3,1],9,0].
[[3,6,1,1,2,2,2,2,0],13,1].
[[1,8,1,0,0,0,1,1,2],39,7].
[[3,5,0,0,0,0,1,2,2],5,0].
[[3,8,0,1,2,0,1,1,2],0,20].
[[2,9,2,1,2,2,0,0,0],5,35].
[[3,8,0,1,1,2,0,0,0],0,19].
[[2,8,1,1,1,2,2,2,0],18,7].
[[3,8,1,1,1,2,2,2,0],25,28].
[[2,7,0,0,0,0,2,2,2],0,4].
[[3,7,0,0,0,0,2,2,2],0,5].
[[3,7,0,0,0,0,1,1,2],0,2].
[[3,8,0,1,2,2,1,2,2],10,167].
[[3,9,2,0,0,0,2,1,2],0,3].
[[3,8,1,1,2,2,2,1,1],3,4].
[[2,7,1,0,0,0,2,3,2],27,5].
[[3,7,1,0,0,0,2,2,0],6,0].
[[3,7,1,1,2,2,2,2,0],30,19].
[[1,8,1,1,2,2,2,3,0],38,15].
[[3,7,2,1,2,2,1,1,2],21,16].
[[1,8,1,0,0,0,2,2,0],38,18].
[[3,7,2,1,2,2,1,2,1],9,2].
[[3,9,1,0,0,0,2,2,0],0,8].
[[2,7,1,1,2,2,2,3,1],33,12].
[[2,8,1,0,0,0,0,0,0],16,25].
[[1,8,1,1,1,2,1,2,1],5,3].
[[2,8,1,1,1,2,1,2,1],33,13].
[[3,6,1,1,2,2,1,2,1],11,1].
[[2,5,0,1,2,2,2,1,0],15,0].
[[3,5,0,1,2,2,2,1,0],11,1].
[[2,9,1,1,2,2,2,2,0],1,20].
[[3,9,0,1,2,2,1,2,0],0,12].
[[2,8,0,1,2,2,2,1,1],1,3].
[[3,7,0,1,1,2,2,1,1],0,1].
[[2,9,2,0,0,0,2,3,1],4,32].
[[3,9,2,0,0,0,2,2,0],1,13].
[[2,8,0,1,2,2,2,3,2],12,79].
[[3,8,0,1,2,2,2,1,2],1,25].
[[1,8,1,1,1,2,2,2,2],12,8].
[[3,8,0,0,0,0,2,1,0],0,13].
[[2,8,1,1,2,2,2,2,1],32,19].
[[2,8,0,0,0,0,2,1,2],1,31].
[[3,7,0,1,1,2,2,2,0],0,9].
[[1,9,2,1,1,2,2,3,2],32,24].
[[2,9,2,1,1,2,2,2,2],7,14].
[[2,9,2,0,0,0,2,2,1],4,8].
[[2,7,1,1,2,2,1,2,1],17,4].
[[3,7,1,1,2,2,1,2,1],45,17].
[[2,4,2,1,2,0,2,3,0],32,5].
[[3,4,2,1,2,0,1,1,0],49,2].
[[2,7,2,1,2,2,2,2,2],23,4].
[[3,7,2,0,0,0,0,0,0],2,0].
[[2,9,1,1,1,2,1,2,1],2,4].
[[1,8,1,1,2,0,2,3,1],17,8].
[[2,8,1,1,2,0,1,2,1],22,9].
[[3,8,1,1,1,0,1,2,1],9,14].
[[2,8,0,1,2,0,2,2,0],5,17].
[[2,9,1,1,2,2,1,1,0],1,22].
[[3,5,0,1,2,2,1,1,0],23,12].
[[3,9,2,1,2,2,1,2,0],2,58].
[[1,8,1,1,2,2,1,2,1],23,14].
[[3,8,1,1,1,2,1,2,1],41,24].
[[1,9,2,1,2,2,2,2,1],17,35].
[[2,8,1,1,2,0,2,3,0],15,14].
[[3,7,1,1,1,2,2,3,1],21,21].
[[3,7,0,1,2,2,2,3,0],0,18].
[[3,6,1,0,0,0,2,3,2],7,0].
[[1,8,0,1,1,2,2,3,0],9,7].
[[3,7,0,1,1,2,2,3,0],0,12].
[[1,9,2,1,1,2,2,3,0],53,46].
[[3,6,1,1,1,2,2,2,2],4,0].
[[2,8,1,0,0,0,2,3,1],63,54].
[[3,8,1,0,0,0,2,3,1],8,20].
[[2,5,0,1,2,0,1,1,2],10,3].
[[3,5,0,1,2,0,1,1,2],35,4].
[[1,8,0,1,2,2,1,2,2],20,17].
[[2,9,2,1,2,2,1,1,2],27,82].
[[3,8,1,1,2,2,1,1,2],60,39].
[[3,9,1,1,1,2,2,1,0],2,9].
[[2,4,2,1,2,0,2,3,2],17,1].
[[3,4,2,1,2,0,2,3,2],21,2].
[[3,6,0,1,1,2,2,2,2],1,5].
[[2,9,2,1,2,0,2,1,2],0,12].
[[2,7,2,1,2,2,1,1,2],11,6].
[[3,8,1,1,2,2,2,2,2],17,15].
[[1,8,0,1,1,2,2,3,2],15,9].
[[2,7,1,1,1,2,2,3,2],12,4].
[[2,7,1,0,0,0,2,1,2],16,7].
[[3,7,1,0,0,0,2,1,2],11,3].
[[1,8,1,0,0,0,2,3,0],49,27].
[[3,9,1,1,2,0,1,1,0],3,11].
[[3,7,2,1,2,2,2,3,1],5,1].
[[1,8,1,1,1,2,2,1,2],20,5].
[[3,8,0,1,1,2,1,2,2],3,115].
[[2,9,1,1,2,2,1,2,1],1,14].
[[1,5,0,1,1,2,1,1,2],9,0].
[[2,8,0,1,2,0,2,1,0],0,9].
[[3,7,2,1,1,0,2,3,0],0,2].
[[2,8,0,1,2,0,2,3,1],1,8].
[[3,3,1,1,2,2,2,1,2],8,1].
[[3,9,1,1,1,2,1,1,0],1,22].
[[2,7,1,1,2,2,2,3,0],13,8].
[[3,7,1,1,2,2,1,2,0],26,1].
[[2,9,1,1,2,0,1,1,0],0,4].
[[3,8,0,1,1,0,1,1,0],0,8].
[[3,8,0,1,2,0,2,1,0],0,35].
[[3,7,0,1,1,2,2,1,0],0,8].
[[1,9,2,1,2,0,1,2,2],9,38].
[[2,8,0,0,0,0,2,3,0],12,52].
[[3,7,1,1,2,0,1,2,1],7,4].
[[3,7,0,1,2,2,2,3,1],1,8].
[[3,7,1,1,2,2,1,1,0],5,6].
[[2,4,2,1,2,0,0,0,0],23,6].
[[1,6,1,0,0,0,2,2,1],11,0].
[[2,6,1,0,0,0,2,2,1],11,0].
[[3,6,1,1,2,0,2,2,1],5,0].
[[1,8,1,0,0,0,2,1,1],13,9].
[[2,7,2,0,0,0,1,1,2],10,9].
[[2,8,0,1,1,2,1,1,0],2,11].
[[3,8,0,0,0,0,1,1,0],2,10].
[[2,6,1,1,2,2,2,2,1],10,1].
[[1,8,0,1,2,2,1,2,0],4,5].
[[2,7,0,1,1,2,1,2,0],0,1].
[[3,7,0,1,1,2,1,2,0],0,3].
[[3,7,1,1,2,0,2,2,1],9,7].
[[3,9,2,0,0,0,1,2,2],1,28].
[[2,9,2,1,1,2,2,1,0],16,52].
[[3,8,0,1,2,2,2,2,1],1,11].
[[3,9,1,1,2,0,1,2,0],3,23].
[[3,7,2,1,2,0,2,2,2],11,2].
[[2,7,1,1,1,2,2,3,1],10,6].
[[1,9,2,1,2,0,2,2,2],3,18].
[[2,9,2,1,1,0,2,2,2],0,4].
[[3,8,0,1,1,0,2,2,2],0,2].
[[3,8,0,1,1,2,2,1,2],3,21].
[[1,9,2,1,2,0,2,1,2],2,15].
[[2,8,0,1,2,0,2,1,2],0,8].
[[2,8,1,1,1,2,2,1,1],3,5].
[[1,5,0,1,2,2,1,1,1],15,2].
[[2,5,0,1,2,2,1,1,1],33,5].
[[3,5,0,1,2,2,1,1,1],42,7].
[[3,8,1,0,0,0,1,2,1],24,16].
[[2,9,1,1,1,2,1,1,0],4,10].
[[2,8,0,0,0,0,2,3,1],12,19].
[[2,8,0,0,0,0,2,3,2],6,34].
[[3,7,1,1,2,0,2,3,2],22,4].
[[3,7,2,1,2,2,2,2,2],22,5].
[[1,9,2,1,2,0,0,0,0],9,32].
[[3,6,0,1,2,2,0,0,0],0,10].
[[1,4,2,1,2,0,0,0,0],16,0].
[[2,3,1,0,0,0,2,1,2],2,0].
[[3,3,1,0,0,0,1,1,2],2,0].
[[2,4,2,1,2,0,1,1,0],11,1].
[[2,8,1,1,2,0,2,3,2],17,23].
[[3,7,2,1,2,0,2,3,2],13,4].
[[3,8,0,0,0,0,2,3,0],3,24].
[[2,8,1,1,1,2,2,3,0],26,11].
[[1,8,0,0,0,0,2,1,0],7,17].
[[2,7,0,0,0,0,2,1,0],0,1].
[[3,7,0,0,0,0,1,1,1],0,1].
[[3,7,1,1,1,2,0,0,0],7,17].
[[3,8,1,1,2,0,1,2,2],29,37].
[[1,4,2,1,2,0,2,1,0],5,0].
[[2,8,0,1,1,2,1,2,0],5,10].
[[2,9,1,0,0,0,1,2,0],3,18].
[[1,9,2,1,2,0,2,3,1],5,17].
[[2,9,2,1,2,0,1,2,1],2,13].
[[3,9,2,1,1,0,1,2,1],0,1].
[[1,7,2,1,2,2,2,3,2],12,2].
[[2,7,2,1,2,2,2,3,2],23,2].
[[3,7,2,1,1,2,2,3,2],12,2].
[[3,7,2,1,2,2,2,3,2],21,5].
[[3,8,1,1,2,2,2,2,1],8,14].
[[3,9,2,1,2,2,2,3,1],0,8].
[[2,8,1,0,0,0,2,3,2],41,27].
[[3,7,2,0,0,0,2,3,0],6,0].
[[1,6,0,1,2,2,0,0,0],5,5].
[[2,6,0,1,1,2,0,0,0],0,4].
[[3,6,0,1,1,2,2,2,0],0,4].
[[2,6,1,0,0,0,2,1,1],2,0].
[[3,6,1,1,2,0,2,3,0],5,0].
[[2,9,1,0,0,0,1,1,0],2,14].
[[3,9,0,0,0,0,1,1,0],0,3].
[[2,8,0,0,0,0,1,2,0],9,12].
[[3,8,0,1,2,2,2,2,2],1,33].
[[3,9,1,0,0,0,1,1,0],1,13].
[[2,6,1,0,0,0,2,3,1],15,0].
[[3,6,1,1,2,2,2,3,1],15,1].
[[1,5,0,1,2,2,1,2,0],3,0].
[[2,5,0,1,2,2,1,2,0],13,1].
[[3,8,1,1,1,2,1,1,1],7,5].
[[3,7,1,1,2,0,2,3,1],10,13].
[[3,9,2,1,1,2,2,3,1],0,5].
[[3,7,0,1,2,2,2,3,2],1,8].
[[1,9,2,1,2,0,2,2,0],4,27].
[[1,8,1,0,0,0,2,1,0],22,7].
[[2,8,1,1,2,0,2,1,0],7,3].
[[3,8,1,1,1,0,2,1,0],3,11].
[[3,8,1,1,2,2,2,1,0],19,32].
[[3,8,0,0,0,0,2,3,1],3,5].
[[2,3,1,1,2,2,0,0,0],13,2].
[[3,3,1,1,2,2,0,0,0],13,2].
[[3,8,1,1,1,0,2,3,2],0,6].
[[3,5,0,0,0,0,2,3,0],8,0].
[[3,8,1,0,0,0,2,3,0],12,23].
[[2,9,1,1,1,2,1,2,0],7,13].
[[3,7,2,1,2,0,1,1,2],15,10].
[[3,7,0,0,0,0,2,3,0],0,9].
[[2,7,1,1,2,2,1,2,2],26,7].
[[2,6,0,1,2,2,2,3,2],3,6].
[[3,6,0,1,2,2,1,2,2],2,7].
[[1,9,2,1,1,2,1,1,0],9,5].
[[2,7,0,0,0,0,2,3,2],1,1].
[[3,7,0,0,0,0,1,2,2],0,2].
[[2,3,1,0,0,0,2,3,2],0,1].
[[3,3,1,0,0,0,2,3,1],3,1].
[[2,8,0,1,2,0,2,3,0],3,17].
[[2,4,2,1,2,0,1,1,2],28,2].
[[2,6,1,1,2,2,0,0,0],23,2].
[[3,8,0,1,1,2,1,2,1],10,25].
[[3,9,1,1,1,2,1,2,1],1,13].
[[3,4,2,1,2,0,0,0,0],10,9].
[[3,8,0,1,2,0,2,3,2],0,6].
[[2,7,1,0,0,0,2,3,1],20,10].
[[2,6,1,0,0,0,2,3,0],6,1].
[[3,6,1,0,0,0,1,2,0],2,1].
[[3,8,0,0,0,0,1,1,2],0,15].
[[2,7,2,1,2,0,1,1,2],5,5].
[[3,9,1,1,2,2,1,2,2],2,30].
[[3,3,2,1,2,0,0,0,0],2,0].
[[2,7,1,0,0,0,2,2,1],9,3].
[[3,7,1,0,0,0,2,2,1],6,5].
[[3,6,1,1,2,0,2,3,1],4,0].
[[2,8,1,0,0,0,2,1,0],30,12].
[[3,8,1,0,0,0,2,1,0],11,9].
[[3,8,0,1,1,0,2,2,0],0,6].
[[2,6,0,1,2,2,0,0,0],1,18].
[[3,8,1,1,2,2,2,3,2],18,14].
[[3,8,1,0,0,0,1,1,0],9,4].
[[1,7,1,0,0,0,2,1,2],6,4].
[[2,7,1,1,2,2,2,1,2],29,19].
[[1,8,1,0,0,0,1,1,1],4,4].
[[2,6,1,0,0,0,1,1,1],1,0].
[[2,9,2,1,1,2,2,1,2],9,9].
[[1,7,1,1,2,2,2,3,2],5,6].
[[2,3,1,1,2,2,2,3,2],1,0].
[[3,3,1,1,2,2,2,3,2],11,0].
[[2,8,0,1,2,2,2,2,2],10,63].
[[3,9,0,1,1,2,1,2,0],0,9].
[[3,7,1,1,1,2,1,2,2],30,19].
[[1,8,1,1,2,0,2,3,2],14,6].
[[2,8,1,1,1,0,1,2,2],6,5].
[[3,7,1,1,1,0,1,2,2],4,5].
[[2,8,0,1,2,0,1,2,2],4,11].
[[1,8,1,1,2,2,1,1,1],6,3].
[[2,8,1,1,1,2,1,1,1],4,3].
[[2,8,0,1,2,2,2,2,1],3,16].
[[2,8,0,0,0,0,2,2,2],2,29].
[[3,8,0,0,0,0,2,2,2],0,9].
[[3,6,1,1,1,2,2,3,2],2,0].
[[2,8,1,1,2,0,2,2,2],12,18].
[[3,8,1,1,1,0,2,2,2],3,1].
[[1,7,2,0,0,0,1,1,2],9,5].
[[3,7,2,0,0,0,1,1,2],14,5].
[[3,3,2,1,2,2,2,3,2],11,0].
[[3,7,0,1,2,0,2,3,2],1,2].
[[3,7,1,1,2,0,2,3,0],10,7].
[[1,8,1,1,2,0,2,2,0],7,4].
[[3,8,1,1,2,0,2,3,2],6,7].
[[3,8,1,0,0,0,2,2,0],12,11].
[[2,5,0,0,0,0,1,2,1],19,1].
[[2,9,1,1,2,2,2,1,0],2,14].
[[1,8,1,1,2,2,1,2,2],53,35].
[[2,9,2,1,1,2,2,3,2],9,11].
[[2,9,2,1,2,0,1,2,2],13,59].
[[1,8,0,1,2,2,1,2,1],3,0].
[[3,6,0,1,1,2,0,0,0],0,5].
[[3,8,0,1,1,2,2,2,2],0,10].
[[2,8,1,0,0,0,2,1,1],4,3].
[[2,6,0,1,2,2,2,1,2],1,5].
[[3,6,0,1,2,2,2,1,2],0,3].
[[2,7,1,1,2,0,2,3,2],12,1].
[[3,7,1,1,1,0,2,3,2],5,3].
[[2,9,2,1,2,0,0,0,0],2,6].
[[3,8,1,1,2,0,2,3,1],10,14].
[[3,8,0,0,0,0,1,2,0],1,22].
[[2,8,1,1,1,2,2,1,2],15,2].
[[3,7,1,1,1,2,2,1,2],17,8].
[[3,9,1,1,2,2,2,1,0],1,17].
[[2,8,1,0,0,0,1,1,0],4,7].
[[3,7,1,1,2,0,1,1,0],4,4].
[[3,9,2,1,1,0,1,1,0],0,7].
[[1,6,1,1,2,2,0,0,0],20,0].
[[3,3,1,1,1,2,0,0,0],4,0].
[[3,6,1,1,1,2,2,3,1],5,0].
[[3,5,0,0,0,0,1,2,1],27,0].
[[3,9,2,1,1,2,1,2,1],5,23].
[[2,9,2,0,0,0,2,2,2],6,16].
[[1,4,2,1,2,0,2,2,1],5,0].
[[1,8,0,1,2,2,2,1,0],5,21].
[[3,6,0,1,1,2,1,2,0],0,5].
[[1,6,1,1,2,2,2,3,1],6,0].
[[2,6,1,1,1,2,2,2,0],3,0].
[[3,8,1,0,0,0,2,2,2],7,2].
[[2,8,0,0,0,0,1,1,0],5,3].
[[3,8,0,1,2,0,1,2,0],0,16].
[[1,4,2,1,2,0,2,3,0],13,1].
[[2,9,2,1,2,0,2,1,0],2,30].
[[3,8,0,1,1,0,1,1,2],0,3].
[[3,6,1,1,1,2,2,2,1],5,1].
[[2,9,2,0,0,0,0,0,0],1,24].
[[3,8,1,0,0,0,2,2,1],3,3].
[[3,7,1,0,0,0,1,1,2],8,5].
[[3,5,0,1,2,0,1,2,2],2,0].
[[2,7,1,1,2,0,0,0,0],7,5].
[[3,7,1,1,2,0,2,2,0],13,8].
[[2,7,2,0,0,0,2,3,2],18,5].
[[3,7,2,0,0,0,2,3,2],6,2].
[[2,7,1,1,2,0,1,2,2],1,4].
[[1,7,2,1,2,2,2,1,2],8,3].
[[2,7,2,1,1,2,2,1,2],5,1].
[[2,7,2,1,2,0,2,3,2],9,6].
[[3,7,1,1,1,2,1,2,0],13,1].
[[3,9,2,1,1,2,2,1,0],2,22].
[[2,9,1,1,1,2,2,3,0],1,4].
[[3,7,1,0,0,0,2,2,2],8,7].
[[3,7,1,1,2,0,2,1,2],9,9].
[[2,9,1,1,2,2,1,1,2],2,9].
[[2,8,1,1,2,2,1,1,1],12,4].
[[3,8,1,1,2,2,1,1,1],5,7].
[[2,5,0,0,0,0,1,2,0],10,0].
[[3,9,2,1,1,0,1,2,0],0,14].
[[1,8,1,1,2,0,1,1,2],4,5].
[[2,6,0,1,2,2,2,3,0],2,2].
[[3,3,1,1,2,2,1,2,1],4,0].
[[3,7,1,0,0,0,2,3,0],12,2].
[[3,6,0,1,1,2,1,1,0],0,1].
[[2,8,1,1,2,0,1,2,0],10,8].
[[1,9,2,1,2,0,2,3,2],1,12].
[[2,9,2,1,1,0,2,3,2],0,1].
[[3,9,2,1,1,0,2,1,0],0,5].
[[2,8,1,1,1,0,1,1,2],1,5].
[[3,8,1,1,1,0,1,1,2],3,7].
[[1,8,1,1,2,0,0,0,0],12,18].
[[3,8,1,1,2,0,2,1,2],9,6].
[[1,7,1,0,0,0,2,2,2],13,1].
[[3,7,1,0,0,0,2,3,2],9,7].
[[1,8,1,1,2,0,1,2,1],6,1].
[[2,7,1,1,2,0,1,2,1],1,0].
[[3,3,1,1,2,0,1,2,1],3,0].
[[3,8,1,1,1,0,2,1,2],2,1].
[[3,7,2,1,1,0,2,3,2],1,3].
[[3,8,1,1,1,0,2,3,1],2,12].
[[3,7,2,0,0,0,1,1,0],2,0].
[[3,9,2,1,2,0,1,2,0],0,26].
[[2,8,1,1,1,0,2,2,0],3,3].
[[3,7,1,1,1,0,2,2,0],4,3].
[[3,8,0,1,2,2,2,3,2],0,33].
[[2,5,0,0,0,0,2,3,0],14,0].
[[3,5,0,1,2,0,2,3,0],6,0].
[[3,9,1,1,2,2,2,2,0],1,20].
[[1,8,0,1,2,2,2,2,1],1,4].
[[3,8,0,1,1,2,2,2,1],1,8].
[[1,7,1,0,0,0,2,2,1],3,2].
[[2,3,1,0,0,0,2,2,1],2,0].
[[1,8,1,1,1,2,2,2,1],16,0].
[[2,7,1,1,1,2,2,2,1],5,0].
[[3,6,1,1,2,2,1,1,2],7,0].
[[1,8,0,0,0,0,2,3,1],8,16].
[[3,8,0,0,0,0,2,2,0],2,29].
[[3,8,0,1,2,2,2,3,1],1,36].
[[2,8,0,1,1,2,1,1,2],12,17].
[[2,6,1,1,2,2,2,3,0],5,0].
[[3,3,1,1,2,2,2,3,0],1,1].
[[2,7,0,1,2,2,2,3,2],1,3].
[[3,7,0,1,1,2,2,3,2],0,7].
[[3,5,0,1,1,0,1,2,2],2,3].
[[2,9,1,1,2,2,2,3,0],2,14].
[[3,9,2,1,1,0,2,2,0],0,8].
[[1,8,1,1,1,2,2,2,0],4,1].
[[2,9,1,1,1,0,1,1,0],0,2].
[[3,8,1,1,1,0,1,1,0],3,4].
[[3,6,0,1,1,2,1,1,2],1,5].
[[3,6,0,1,2,2,2,3,2],1,3].
[[2,8,1,0,0,0,2,2,1],27,14].
[[1,9,2,0,0,0,2,1,1],1,5].
[[2,6,1,1,2,2,1,2,1],3,0].
[[3,8,1,1,1,0,1,2,2],11,22].
[[2,6,1,1,1,2,0,0,0],5,0].
[[2,9,1,0,0,0,2,2,0],3,7].
[[3,9,0,1,2,0,1,2,0],0,6].
[[3,8,0,1,2,0,1,1,0],2,12].
[[2,6,1,1,1,2,2,3,2],2,0].
[[3,6,1,1,1,2,1,2,2],6,0].
[[2,6,1,1,2,2,2,2,2],6,0].
[[2,6,0,1,1,2,2,2,2],1,1].
[[3,9,1,1,2,2,1,2,1],1,24].
[[1,8,1,1,1,2,1,1,2],5,2].
[[3,7,2,1,2,0,1,2,1],2,2].
[[2,6,1,1,2,0,2,3,1],3,1].
[[3,6,1,1,1,0,2,3,1],3,0].
[[2,7,1,0,0,0,2,1,1],6,0].
[[2,8,1,1,2,2,1,1,0],11,8].
[[3,6,1,1,2,2,1,1,0],2,1].
[[1,8,1,1,2,2,1,2,0],3,2].
[[3,7,1,0,0,0,2,3,1],14,9].
[[3,7,1,1,1,0,2,1,2],4,4].
[[1,8,0,0,0,0,2,3,0],13,19].
[[2,7,1,1,2,0,2,3,1],5,2].
[[3,7,2,1,1,2,1,2,1],2,2].
[[3,5,0,1,1,2,2,1,0],15,0].
[[3,7,2,1,2,0,2,3,1],4,2].
[[3,7,1,1,1,2,2,2,1],4,6].
[[2,6,1,0,0,0,2,1,2],13,3].
[[3,7,1,0,0,0,2,1,0],10,2].
[[3,7,2,0,0,0,2,1,2],3,3].
[[3,8,0,1,2,0,2,2,2],1,5].
[[3,8,1,1,1,0,2,3,0],3,8].
[[3,8,1,1,2,0,2,2,1],3,14].
[[1,5,0,0,0,0,2,1,0],3,0].
[[2,5,0,0,0,0,2,1,0],6,0].
[[3,3,1,1,2,0,2,3,0],2,0].
[[3,9,1,1,2,2,0,0,0],0,2].
[[2,5,0,1,1,2,1,2,0],6,0].
[[3,9,2,1,2,0,2,2,0],2,16].
[[2,8,1,1,2,0,0,0,0],3,10].
[[2,2,1,0,0,0,2,1,2],1,0].
[[3,2,1,0,0,0,2,1,2],2,0].
[[3,7,0,1,2,0,2,2,0],0,2].
[[3,7,0,1,2,2,2,1,2],0,7].
[[2,9,1,0,0,0,2,3,0],2,4].
[[3,5,0,0,0,0,1,2,0],12,0].
[[2,6,1,1,2,2,2,1,2],7,0].
[[3,6,1,1,1,2,2,1,2],3,0].
[[2,8,1,1,1,2,1,1,0],2,1].
[[2,8,0,0,0,0,1,2,1],3,7].
[[3,7,0,0,0,0,1,2,1],0,1].
[[2,9,2,1,1,2,2,2,1],10,4].
[[3,3,1,1,2,2,1,2,2],7,0].
[[3,8,1,1,2,2,0,0,0],0,5].
[[2,3,2,0,0,0,2,3,1],2,0].
[[3,3,2,1,2,0,1,2,1],2,0].
[[1,8,1,1,2,2,1,1,2],25,8].
[[2,9,1,1,2,2,1,2,2],1,10].
[[3,7,1,1,2,0,0,0,0],7,5].
[[1,9,2,1,2,2,2,1,1],7,8].
[[2,9,2,1,2,2,1,1,1],1,3].
[[3,8,0,1,2,2,1,1,1],2,0].
[[3,8,0,0,0,0,2,1,2],0,7].
[[1,8,1,1,1,2,2,1,0],5,2].
[[3,7,1,1,1,2,2,1,0],8,5].
[[3,7,0,1,2,2,0,0,0],0,21].
[[2,8,0,1,2,0,2,3,2],1,5].
[[3,3,2,1,2,0,2,1,2],3,0].
[[3,7,2,1,2,2,1,1,0],1,0].
[[3,1,2,1,2,0,1,2,0],2,0].
[[1,8,0,1,2,2,1,1,2],8,17].
[[1,7,2,0,0,0,2,1,2],24,5].
[[2,5,0,1,2,0,1,2,1],4,2].
[[2,3,2,0,0,0,2,3,2],3,0].
[[3,7,2,1,1,2,2,1,2],7,2].
[[3,9,1,1,2,0,1,1,2],1,2].
[[3,6,1,0,0,0,2,3,1],7,1].
[[3,3,1,1,2,0,0,0,0],2,0].
[[3,4,2,1,2,0,1,1,1],17,0].
[[2,9,1,1,2,0,1,2,0],2,15].
[[3,9,1,1,1,0,1,2,0],0,14].
[[3,8,0,1,2,0,2,1,2],0,3].
[[3,9,2,0,0,0,1,2,1],4,5].
[[1,8,0,1,2,2,2,1,1],3,0].
[[2,8,0,1,1,2,1,2,1],2,6].
[[2,7,2,1,1,2,2,3,2],6,0].
[[3,9,1,1,2,0,2,1,0],0,5].
[[3,9,2,0,0,0,1,1,2],0,6].
[[2,6,1,1,2,2,2,3,2],10,1].
[[3,7,1,1,2,2,2,1,0],15,11].
[[1,8,0,1,1,2,2,1,2],6,5].
[[2,6,1,0,0,0,2,2,2],12,0].
[[3,6,1,1,2,0,2,2,2],3,0].
[[3,7,2,1,2,2,2,3,0],7,2].
[[3,9,2,0,0,0,2,1,0],0,9].
[[1,9,2,1,2,2,1,1,1],0,3].
[[2,8,0,1,2,2,1,1,1],0,1].
[[3,7,1,1,2,2,1,1,1],6,1].
[[3,9,1,0,0,0,1,2,0],4,12].
[[2,9,2,0,0,0,2,3,2],2,24].
[[3,7,1,1,1,0,2,3,1],3,2].
[[3,9,1,1,1,2,1,1,2],2,9].
[[3,6,1,0,0,0,1,1,2],5,0].
[[3,3,1,1,2,2,2,3,1],11,1].
[[3,8,1,1,1,2,2,3,2],12,4].
[[3,8,0,0,0,0,0,0,0],0,4].
[[2,7,1,1,2,0,2,2,0],1,0].
[[3,3,1,1,2,0,2,2,0],1,0].
[[2,9,2,1,2,0,2,3,2],1,14].
[[3,9,2,1,2,0,2,2,2],0,3].
[[3,6,1,0,0,0,2,2,0],9,0].
[[1,4,2,1,2,0,1,1,2],5,1].
[[3,9,1,1,2,0,2,2,0],0,9].
[[2,7,1,1,1,2,2,1,2],3,2].
[[3,6,0,1,2,0,2,3,2],0,1].
[[3,8,1,1,2,0,1,1,1],1,3].
[[3,8,0,0,0,0,2,3,2],1,8].
[[3,7,1,1,1,0,2,2,2],1,1].
[[3,7,2,1,1,2,2,2,2],9,1].
[[1,7,1,0,0,0,2,3,1],4,4].
[[3,8,1,1,2,0,0,0,0],0,3].
[[2,3,2,1,2,2,2,3,2],4,0].
[[2,7,0,1,1,2,1,2,2],1,1].
[[3,9,1,1,2,2,1,1,2],2,12].
[[2,7,2,0,0,0,2,3,0],3,0].
[[3,7,2,0,0,0,2,1,0],2,0].
[[3,9,1,0,0,0,2,3,0],0,6].
[[2,7,0,1,2,2,2,1,0],0,3].
[[3,6,1,1,2,2,2,2,2],10,0].
[[2,8,1,0,0,0,1,1,1],8,5].
[[3,7,2,1,2,2,1,2,0],6,1].
[[3,3,1,1,2,2,2,2,2],7,3].
[[2,7,1,0,0,0,2,2,0],4,0].
[[3,8,0,1,2,2,0,0,0],0,23].
[[1,5,0,1,2,0,1,1,0],2,0].
[[3,8,1,1,1,2,1,1,0],5,7].
[[3,9,2,0,0,0,2,3,0],1,12].
[[3,3,0,1,2,2,0,0,0],0,2].
[[2,9,1,1,1,2,1,1,2],2,3].
[[3,7,0,1,2,0,2,1,0],0,4].
[[1,7,1,0,0,0,1,1,2],0,1].
[[2,7,1,1,2,0,1,1,2],3,2].
[[3,7,1,1,2,0,1,1,2],10,7].
[[1,8,1,1,1,2,2,3,1],22,6].
[[3,3,1,1,2,2,1,1,2],4,1].
[[1,7,1,0,0,0,2,3,2],7,2].
[[3,5,0,1,1,0,1,1,2],5,5].
[[3,8,0,1,2,0,1,2,1],3,7].
[[2,8,1,1,1,2,2,2,1],16,9].
[[3,8,0,1,1,0,1,2,2],0,9].
[[3,9,2,1,2,0,1,2,1],2,7].
[[1,4,2,1,2,0,2,2,2],4,0].
[[3,6,1,1,2,2,2,2,1],7,0].
[[2,7,1,1,2,0,2,1,2],5,3].
[[2,7,2,1,2,0,0,0,0],5,2].
[[3,7,2,1,1,0,0,0,0],0,2].
[[2,9,2,1,1,0,0,0,0],0,1].
[[3,9,1,1,1,0,2,3,0],0,2].
[[3,5,0,1,2,2,2,2,0],13,0].
[[3,7,0,1,1,2,2,2,2],0,5].
[[2,7,2,1,2,2,1,2,0],1,0].
[[2,6,1,1,1,2,2,2,2],2,0].
[[3,6,1,1,2,2,1,2,2],22,3].
[[3,7,2,0,0,0,2,2,0],3,0].
[[3,8,0,1,2,0,2,3,1],1,11].
[[1,4,2,1,2,0,1,2,2],8,2].
[[3,1,2,1,2,0,1,1,0],5,0].
[[2,5,0,1,2,0,2,1,0],2,0].
[[3,7,0,1,2,0,2,3,1],0,1].
[[3,3,2,1,2,2,2,2,2],5,0].
[[2,5,0,0,0,0,1,1,0],7,0].
[[3,5,0,0,0,0,1,1,0],3,2].
[[2,8,0,1,2,0,1,2,1],1,1].
[[3,7,1,1,1,0,1,2,1],2,4].
[[1,8,1,1,1,2,2,3,0],14,1].
[[2,7,0,1,1,2,2,3,1],1,0].
[[2,7,1,0,0,0,2,3,0],4,2].
[[3,7,1,0,0,0,1,2,0],4,2].
[[1,7,2,1,2,0,2,2,2],1,1].
[[2,7,2,1,1,0,2,3,1],1,1].
[[3,7,2,1,1,0,2,3,1],1,2].
[[3,4,2,1,2,0,2,1,2],20,1].
[[3,8,0,1,1,0,2,3,1],0,1].
[[1,6,0,0,0,0,0,0,0],2,2].
[[2,6,0,0,0,0,0,0,0],2,3].
[[3,6,0,0,0,0,2,3,1],0,1].
[[2,9,2,1,2,2,2,1,1],1,3].
[[2,3,1,1,2,2,2,2,1],1,0].
[[3,3,1,1,2,2,2,2,1],6,0].
[[2,7,1,1,1,2,2,3,0],2,0].
[[3,5,0,1,1,2,1,2,0],30,0].
[[2,7,1,1,1,2,2,2,0],2,2].
[[1,7,2,1,2,2,1,1,2],3,2].
[[2,3,2,1,2,2,1,1,2],1,0].
[[3,3,2,1,1,2,1,2,2],2,0].
[[3,3,2,1,1,2,2,3,2],1,0].
[[3,7,0,1,1,2,2,1,2],2,10].
[[3,9,1,0,0,0,1,2,2],1,6].
[[3,9,2,1,1,2,2,2,2],1,6].
[[3,7,1,1,1,2,1,2,1],20,4].
[[3,6,1,1,2,2,2,3,0],9,2].
[[3,8,1,1,1,0,2,2,0],3,15].
[[1,8,0,0,0,0,2,2,1],0,8].
[[2,6,1,1,2,0,0,0,0],4,0].
[[3,6,1,1,2,0,0,0,0],2,1].
[[1,8,1,1,2,0,2,2,1],4,4].
[[2,8,1,1,1,0,1,2,1],1,1].
[[3,7,0,0,0,0,2,3,2],0,2].
[[3,3,2,1,2,2,1,2,2],1,0].
[[1,5,0,0,0,0,2,3,0],13,1].
[[2,5,0,1,2,0,2,3,0],7,0].
[[3,5,0,1,2,0,1,1,0],6,1].
[[3,8,0,1,1,0,1,2,0],0,4].
[[1,4,2,1,2,0,2,3,1],7,0].
[[2,4,2,1,2,0,2,3,1],16,2].
[[1,8,1,1,2,0,2,3,0],2,11].
[[3,7,1,0,0,0,1,1,0],1,2].
[[2,7,2,1,2,2,2,3,0],5,0].
[[3,7,2,1,1,2,1,2,0],4,1].
[[2,6,1,1,2,0,2,2,2],6,1].
[[3,6,1,1,1,0,2,2,2],1,0].
[[3,9,1,1,1,2,2,3,0],0,9].
[[1,6,1,0,0,0,2,3,1],13,0].
[[3,6,1,0,0,0,1,2,1],4,0].
[[1,6,1,0,0,0,2,3,0],2,1].
[[1,7,1,1,2,2,2,3,1],5,0].
[[2,7,2,1,1,2,2,3,0],2,1].
[[3,6,1,1,1,0,2,3,2],2,0].
[[2,9,1,1,1,2,1,2,2],6,1].
[[2,6,1,1,2,0,2,3,0],0,1].
[[3,5,0,1,1,0,1,2,0],3,1].
[[3,6,1,1,2,2,2,1,0],5,0].
[[3,7,0,1,2,2,2,1,0],0,11].
[[2,7,0,0,0,0,1,2,2],0,1].
[[2,8,1,1,1,0,2,3,2],2,6].
[[2,7,2,1,2,0,2,2,2],10,4].
[[3,8,1,0,0,0,1,2,0],16,6].
[[1,3,2,0,0,0,0,0,0],5,0].
[[2,3,2,1,2,2,2,1,2],1,0].
[[3,7,1,1,1,0,2,1,1],0,1].
[[2,8,0,0,0,0,2,1,1],0,3].
[[3,8,0,1,2,2,2,1,1],0,2].
[[3,7,2,1,2,2,0,0,0],3,0].
[[2,9,2,1,1,0,1,2,2],1,5].
[[1,5,0,1,1,2,2,1,0],1,0].
[[2,7,2,0,0,0,2,2,0],4,1].
[[1,5,0,0,0,0,1,2,1],3,0].
[[2,4,2,1,2,0,2,1,2],12,1].
[[2,7,0,1,2,2,2,3,0],0,1].
[[3,6,0,0,0,0,0,0,0],0,1].
[[2,9,1,0,0,0,1,2,1],1,7].
[[2,6,1,0,0,0,1,2,1],4,0].
[[3,6,1,1,2,0,1,2,1],3,0].
[[1,4,2,1,2,0,2,1,2],7,0].
[[2,7,1,0,0,0,1,1,2],5,3].
[[3,9,0,1,2,2,1,1,0],0,4].
[[3,5,0,1,1,0,1,1,1],4,3].
[[2,7,2,1,2,0,1,2,2],9,5].
[[3,7,2,1,2,0,1,1,1],0,2].
[[2,7,2,1,1,2,1,1,2],3,2].
[[3,7,0,0,0,0,0,0,0],0,3].
[[2,7,2,0,0,0,2,1,2],16,7].
[[2,2,1,0,0,0,2,3,0],1,0].
[[3,2,1,0,0,0,2,3,0],1,0].
[[2,8,0,0,0,0,1,1,1],2,1].
[[1,4,2,1,2,0,2,3,2],8,1].
[[3,6,1,1,1,2,0,0,0],1,0].
[[1,7,1,1,2,2,2,2,1],8,1].
[[3,9,0,1,1,0,1,1,0],0,1].
[[1,8,1,1,2,2,1,1,0],4,0].
[[2,7,1,1,2,2,1,1,0],1,1].
[[3,7,1,1,1,2,1,1,0],2,0].
[[1,8,1,1,1,2,1,2,2],9,2].
[[2,8,1,1,2,0,1,1,0],1,4].
[[3,8,1,1,2,0,1,1,0],2,5].
[[3,9,1,1,2,0,1,2,1],0,8].
[[3,3,2,1,1,2,2,3,0],2,0].
[[3,3,1,0,0,0,1,2,2],2,0].
[[2,7,0,0,0,0,0,0,0],0,6].
[[2,7,2,1,2,2,0,0,0],6,1].
[[2,8,0,1,1,2,2,2,1],4,7].
[[2,8,1,1,1,0,2,3,1],2,6].
[[3,7,2,1,1,2,2,3,0],5,0].
[[3,8,0,1,1,0,2,2,1],0,2].
[[1,8,0,1,1,2,2,1,0],2,0].
[[2,7,1,1,1,2,1,2,1],1,0].
[[3,9,2,0,0,0,2,2,1],0,2].
[[3,7,0,1,2,2,2,2,0],0,6].
[[2,6,0,1,2,2,1,2,2],1,1].
[[3,3,1,0,0,0,1,2,1],1,0].
[[3,5,0,0,0,0,2,1,0],3,0].
[[3,7,0,1,1,2,1,2,1],0,1].
[[3,8,1,0,0,0,2,1,2],4,1].
[[2,9,2,0,0,0,2,1,1],0,1].
[[3,9,2,1,2,0,2,3,1],0,4].
[[3,9,1,0,0,0,2,1,0],1,2].
[[2,7,1,1,2,2,1,1,1],1,1].
[[3,7,1,1,1,2,1,1,1],1,3].
[[3,7,0,1,2,2,1,2,2],0,8].
[[1,8,0,1,1,2,1,1,2],3,4].
[[3,3,1,1,2,0,2,3,1],2,0].
[[3,6,1,0,0,0,2,1,0],2,0].
[[2,7,1,1,2,0,2,1,1],2,2].
[[2,7,2,1,2,0,2,2,0],3,0].
[[3,7,2,1,2,0,1,2,0],2,1].
[[1,7,1,1,2,2,2,2,0],4,2].
[[3,6,1,1,1,2,2,3,0],2,0].
[[1,6,1,1,2,2,2,3,0],1,0].
[[2,3,1,1,2,2,2,3,0],1,0].
[[3,3,1,1,1,2,2,3,0],1,1].
[[3,3,2,1,1,0,1,2,2],1,0].
[[3,6,0,0,0,0,1,2,2],0,5].
[[2,8,0,1,2,0,1,1,0],1,5].
[[2,9,2,1,2,0,2,2,1],0,3].
[[2,9,1,1,2,0,2,1,0],1,1].
[[3,3,2,0,0,0,0,0,0],3,0].
[[3,7,0,1,1,2,1,1,2],0,7].
[[3,9,2,1,2,2,0,0,0],0,2].
[[2,9,2,1,1,2,1,1,1],1,1].
[[2,3,2,1,2,0,2,2,2],1,0].
[[3,9,0,1,2,0,1,1,0],0,3].
[[2,6,0,1,1,2,2,3,1],0,1].
[[3,6,0,1,1,2,2,3,1],0,2].
[[3,3,1,0,0,0,0,0,0],5,1].
[[1,7,2,1,2,0,2,3,0],0,1].
[[2,7,2,1,2,0,2,3,0],1,1].
[[2,9,2,1,1,0,2,3,1],1,1].
[[3,9,2,0,0,0,2,2,2],0,1].
[[3,6,0,1,2,0,0,0,0],0,2].
[[3,7,0,1,2,0,1,2,2],0,4].
[[2,1,2,1,2,0,1,2,1],3,0].
[[3,1,2,1,2,0,1,2,1],4,0].
[[3,3,2,0,0,0,1,2,1],1,0].
[[3,6,1,1,2,0,2,1,0],1,0].
[[3,9,2,1,1,2,2,2,1],0,4].
[[2,7,1,1,1,2,2,2,2],6,2].
[[2,9,1,0,0,0,1,1,2],0,7].
[[1,7,2,1,2,2,0,0,0],18,1].
[[2,7,1,1,2,0,2,1,0],1,0].
[[3,3,1,1,2,0,2,1,0],1,0].
[[3,6,0,1,1,2,2,2,1],0,1].
[[2,7,2,1,2,0,2,3,1],0,2].
[[3,6,0,1,2,2,1,1,2],0,3].
[[3,8,0,1,1,0,2,3,0],0,5].
[[1,5,0,0,0,0,1,2,0],1,0].
[[1,7,2,0,0,0,2,1,0],1,0].
[[2,3,2,1,2,0,2,1,0],1,0].
[[3,3,2,1,1,0,2,1,0],1,0].
[[3,8,0,1,2,0,2,2,1],0,1].
[[3,9,1,1,1,0,2,1,0],0,3].
[[1,8,1,1,2,0,1,2,0],1,2].
[[3,7,2,1,2,0,2,2,0],2,0].
[[1,4,2,1,2,0,1,1,0],1,0].
[[3,9,2,0,0,0,2,3,1],0,5].
[[2,6,1,0,0,0,1,2,2],1,2].
[[3,6,1,1,2,0,1,1,2],3,1].
[[3,6,1,0,0,0,2,3,0],9,0].
[[1,6,1,1,2,2,2,3,2],3,0].
[[3,2,1,1,2,2,2,3,2],1,0].
[[2,3,2,0,0,0,0,0,0],6,1].
[[3,3,2,1,2,2,2,1,0],1,0].
[[3,9,2,1,2,0,1,1,0],0,17].
[[2,3,2,0,0,0,2,2,2],4,0].
[[3,7,2,1,1,0,1,2,2],7,5].
[[3,8,1,0,0,0,2,3,2],2,2].
[[3,7,1,1,2,2,2,1,1],4,3].
[[3,8,0,1,2,0,1,1,1],0,3].
[[3,9,2,1,2,0,2,2,1],0,1].
[[3,9,1,1,1,0,1,2,1],0,3].
[[3,9,1,1,1,0,1,2,2],1,2].
[[2,9,1,0,0,0,1,2,2],2,9].
[[1,7,2,0,0,0,2,3,0],2,0].
[[2,3,2,0,0,0,2,3,0],1,0].
[[3,3,1,0,0,0,2,3,0],4,1].
[[2,3,2,1,2,0,1,1,2],2,0].
[[3,3,2,1,2,0,1,1,2],2,0].
[[1,8,1,0,0,0,1,1,0],2,5].
[[3,8,0,1,2,0,0,0,0],0,6].
[[2,7,0,1,1,2,2,3,0],1,0].
[[3,7,0,1,2,2,2,2,1],0,6].
[[3,7,2,0,0,0,1,2,1],3,0].
[[1,7,2,1,2,0,2,3,2],2,0].
[[2,8,0,1,2,0,0,0,0],0,18].
[[3,3,2,1,2,2,2,3,0],2,0].
[[3,6,0,1,2,2,2,1,0],0,6].
[[2,9,1,1,1,2,2,1,0],1,4].
[[3,6,0,1,2,0,2,1,2],0,1].
[[3,6,1,1,2,2,0,0,0],5,3].
[[1,9,2,0,0,0,1,1,1],3,0].
[[2,9,2,0,0,0,1,1,1],2,3].
[[1,5,0,1,2,2,1,2,1],3,1].
[[2,8,0,0,0,0,2,2,1],1,5].
[[3,9,2,1,2,2,2,2,2],0,3].
[[1,9,2,1,2,0,1,1,2],6,6].
[[2,7,2,1,1,0,2,3,2],2,0].
[[1,8,1,1,1,2,2,1,1],3,2].
[[3,8,1,1,1,2,2,1,1],0,3].
[[3,8,1,0,0,0,1,1,1],4,3].
[[2,3,2,1,2,0,0,0,0],1,0].
[[3,7,0,1,1,2,1,1,0],0,1].
[[1,9,2,1,1,2,1,2,1],5,5].
[[3,7,2,1,1,2,2,3,1],1,1].
[[3,3,1,0,0,0,2,1,2],3,0].
[[3,9,2,1,2,2,1,1,1],1,3].
[[1,6,1,1,2,2,1,2,2],2,0].
[[2,6,1,1,2,2,1,2,2],4,0].
[[2,5,0,1,1,0,2,2,0],0,1].
[[3,3,2,1,2,0,2,3,2],3,0].
[[3,7,0,1,1,2,1,2,2],2,7].
[[2,7,2,1,1,2,2,3,1],1,0].
[[2,6,0,1,1,2,2,3,2],0,2].
[[3,6,0,1,1,2,2,3,2],0,3].
[[3,9,1,1,2,2,2,2,1],0,1].
[[1,7,1,1,2,2,2,3,0],2,0].
[[2,7,1,1,1,2,1,2,0],2,0].
[[3,3,2,1,2,2,0,0,0],4,0].
[[2,7,0,1,1,2,0,0,0],2,7].
[[2,7,2,1,1,2,2,2,2],3,1].
[[3,8,1,1,1,2,0,0,0],0,4].
[[1,5,0,1,1,2,2,3,0],2,0].
[[2,5,0,1,1,2,2,2,0],2,0].
[[2,6,1,1,2,0,2,2,1],2,0].
[[3,6,1,1,1,0,2,3,0],1,2].
[[2,8,1,1,2,0,2,1,1],3,3].
[[3,3,2,1,1,2,2,2,2],2,0].
[[2,6,1,0,0,0,1,1,2],3,0].
[[1,9,2,1,1,2,2,1,1],1,0].
[[2,9,2,1,1,2,2,1,1],2,1].
[[3,6,1,1,1,0,1,2,2],0,3].
[[2,7,2,0,0,0,2,1,0],4,0].
[[1,7,1,1,2,2,2,1,0],0,1].
[[2,7,1,1,1,2,2,1,0],1,1].
[[2,6,1,1,2,0,2,3,2],5,1].
[[3,7,0,0,0,0,2,1,2],0,3].
[[2,6,1,1,2,2,1,1,2],2,0].
[[3,8,0,1,1,0,0,0,0],0,4].
[[3,9,2,1,2,0,2,1,2],0,3].
[[3,9,2,1,2,0,1,1,2],0,15].
[[1,7,2,0,0,0,2,3,1],3,2].
[[2,7,2,1,2,2,1,2,1],2,2].
[[2,9,2,1,1,0,2,2,0],0,5].
[[3,7,1,1,2,0,2,1,0],6,1].
[[2,5,0,1,2,0,2,2,0],2,1].
[[2,6,1,1,2,0,1,2,2],2,2].
[[3,3,2,0,0,0,2,3,2],1,0].
[[1,9,2,1,2,0,2,2,1],1,5].
[[1,6,1,0,0,0,2,2,2],9,0].
[[3,7,2,1,2,2,1,1,1],0,4].
[[1,5,0,1,2,2,1,1,0],3,1].
[[1,7,2,1,2,2,2,3,1],2,0].
[[3,5,0,1,1,0,1,2,1],3,3].
[[2,7,2,1,2,0,2,1,0],2,1].
[[1,8,0,0,0,0,1,2,1],2,0].
[[3,9,2,1,2,2,2,2,1],0,2].
[[3,3,1,1,1,2,2,3,2],2,0].
[[3,6,1,0,0,0,1,2,2],6,0].
[[2,9,1,1,2,0,1,2,1],1,4].
[[3,7,2,1,1,2,1,1,1],0,1].
[[2,7,0,1,2,2,2,1,2],0,4].
[[1,6,1,1,2,2,2,2,2],5,0].
[[2,6,1,1,1,2,1,2,2],1,0].
[[3,6,1,1,2,2,2,1,2],6,0].
[[2,3,2,1,2,2,2,3,1],2,0].
[[3,7,2,1,1,0,2,1,0],1,1].
[[2,3,2,1,2,2,2,2,2],1,0].
[[1,8,1,1,1,2,1,1,1],1,1].
[[3,8,0,1,1,2,2,1,1],0,2].
[[1,5,0,0,0,0,1,1,0],1,1].
[[3,9,1,1,2,0,2,3,0],0,3].
[[3,7,2,1,1,0,1,1,2],5,2].
[[1,7,2,1,2,0,2,1,2],5,2].
[[2,7,2,1,1,0,2,1,2],1,0].
[[1,6,0,0,0,0,2,2,2],1,1].
[[2,3,1,0,0,0,2,2,2],2,1].
[[3,3,1,0,0,0,2,2,2],2,0].
[[1,8,1,1,2,0,2,1,0],2,1].
[[1,8,0,1,2,2,1,1,0],1,3].
[[2,6,0,1,1,2,1,1,0],1,0].
[[3,9,0,1,1,2,1,2,1],0,1].
[[3,9,1,1,1,0,1,1,0],0,1].
[[1,5,0,1,1,2,1,1,1],6,0].
[[3,7,2,1,1,0,1,2,0],0,1].
[[2,3,2,1,2,0,1,2,2],1,0].
[[2,9,2,1,1,0,2,1,2],0,2].
[[2,9,2,1,1,0,2,1,0],0,2].
[[3,9,2,1,1,2,2,1,2],0,3].
[[2,5,0,1,1,0,1,1,0],1,0].
[[2,3,1,1,2,2,2,2,2],1,0].
[[3,3,1,1,1,2,2,2,2],3,0].
[[1,6,1,1,2,2,1,2,1],1,0].
[[2,6,1,1,1,2,1,2,1],1,0].
[[3,6,1,1,1,2,1,2,1],4,0].
[[2,7,1,1,2,2,2,1,1],3,2].
[[1,6,1,0,0,0,2,2,0],2,0].
[[1,9,2,1,2,0,1,2,1],1,3].
[[3,2,1,0,0,0,2,2,1],1,0].
[[3,6,0,1,2,2,2,2,2],0,3].
[[2,7,1,1,2,0,2,3,0],0,2].
[[2,4,2,1,2,0,1,1,1],5,0].
[[2,8,1,1,1,0,2,2,1],1,1].
[[3,8,1,1,1,0,2,2,1],0,1].
[[3,3,0,1,1,2,1,2,2],0,1].
[[3,3,2,1,2,2,1,1,2],3,0].
[[2,3,2,1,2,0,2,1,2],2,0].
[[2,8,1,1,1,0,2,3,0],1,0].
[[3,6,1,1,2,0,1,2,0],2,0].
[[3,4,0,1,2,0,1,2,2],0,1].
[[3,2,1,1,2,0,2,3,1],1,0].
[[3,6,1,1,2,0,2,1,2],0,1].
[[3,8,0,1,1,0,2,3,2],0,2].
[[3,7,0,1,2,0,2,3,0],0,1].
[[3,3,2,0,0,0,2,3,1],1,1].
[[2,1,2,1,2,0,1,1,0],1,0].
[[1,7,2,1,2,0,0,0,0],2,0].
[[3,6,0,0,0,0,2,2,2],0,1].
[[3,6,0,1,2,0,2,2,0],0,1].
[[1,8,0,0,0,0,1,1,0],1,2].
[[3,1,2,1,2,0,1,2,2],2,0].
[[2,4,2,1,2,0,2,2,1],7,0].
[[3,8,0,0,0,0,2,2,1],0,2].
[[2,6,1,1,2,0,2,2,0],2,0].
[[3,6,1,1,1,0,1,1,0],1,0].
[[3,2,1,1,2,2,2,2,2],1,0].
[[3,4,0,1,2,0,1,1,2],0,2].
[[3,7,2,1,1,2,0,0,0],2,0].
[[1,8,0,0,0,0,1,2,0],2,5].
[[3,7,0,1,2,0,2,1,2],0,1].
[[3,6,1,1,1,2,2,2,0],3,0].
[[3,6,0,0,0,0,2,1,0],0,1].
[[3,8,0,1,2,0,2,1,1],0,1].
[[1,6,1,1,2,2,2,2,1],0,2].
[[3,5,0,1,1,0,2,3,0],1,0].
[[3,6,1,0,0,0,2,2,1],2,0].
[[2,7,1,0,0,0,2,1,0],2,1].
[[3,7,0,0,0,0,2,1,0],0,1].
[[2,9,1,1,2,0,1,2,2],1,1].
[[1,6,1,1,2,2,2,1,2],5,0].
[[2,8,0,1,2,0,2,2,2],0,5].
[[3,7,1,0,0,0,2,1,1],3,1].
[[3,7,1,1,2,0,1,1,1],1,1].
[[2,6,1,1,1,2,2,2,1],0,1].
[[2,5,0,1,1,0,1,2,2],1,0].
[[1,7,1,0,0,0,1,2,2],1,1].
[[3,9,1,0,0,0,1,2,1],0,2].
[[3,3,1,1,2,2,2,2,0],3,0].
[[3,7,2,0,0,0,2,3,1],2,0].
[[3,7,2,1,1,2,2,2,0],3,0].
[[3,3,1,1,1,2,2,1,0],1,0].
[[2,5,0,1,2,2,1,2,2],7,1].
[[2,7,2,1,1,2,0,0,0],3,0].
[[1,7,2,1,2,2,1,2,2],3,1].
[[2,6,0,1,2,2,2,2,2],0,2].
[[1,7,2,0,0,0,2,2,0],1,0].
[[3,6,0,0,0,0,2,3,0],0,2].
[[3,7,0,1,1,2,2,2,1],0,1].
[[2,7,1,1,1,2,2,1,1],1,0].
[[1,7,2,1,2,0,1,2,2],2,1].
[[3,7,0,1,2,2,2,2,2],1,2].
[[3,7,1,1,1,0,2,3,0],3,1].
[[3,7,0,1,2,0,0,0,0],0,2].
[[2,6,1,1,2,2,1,1,1],1,0].
[[3,6,1,1,1,2,1,1,1],1,0].
[[2,7,1,1,2,2,1,2,0],2,0].
[[3,3,1,1,2,0,1,1,2],2,0].
[[3,3,1,1,2,0,2,1,2],2,0].
[[2,7,1,0,0,0,1,1,0],0,1].
[[2,8,1,1,1,0,1,1,0],0,1].
[[3,4,0,1,2,0,1,1,0],0,2].
[[2,6,1,1,2,0,1,1,2],1,0].
[[2,7,0,1,2,2,2,2,2],0,3].
[[3,6,0,0,0,0,2,1,2],0,2].
[[2,3,1,1,2,2,2,3,1],1,0].
[[2,7,1,1,1,2,1,1,0],1,0].
[[1,8,0,1,1,2,2,2,1],4,0].
[[2,7,1,1,1,2,1,1,2],2,2].
[[3,6,1,1,2,0,2,3,2],4,0].
[[1,7,1,0,0,0,1,2,1],1,0].
[[2,3,1,1,2,2,1,2,1],1,0].
[[3,2,0,1,2,2,1,2,1],1,0].
[[2,7,0,1,2,2,2,2,0],0,2].
[[3,7,0,1,2,2,1,2,0],0,3].
[[2,5,0,1,2,0,1,2,0],1,1].
[[1,7,2,1,2,0,1,1,2],2,0].
[[3,3,2,1,1,0,1,1,2],1,0].
[[1,8,1,1,2,0,2,1,1],1,1].
[[2,6,1,1,2,0,2,1,1],2,0].
[[3,3,1,1,2,0,2,1,1],2,0].
[[2,9,2,1,1,0,2,2,1],0,1].
[[1,5,0,1,1,2,1,2,1],1,0].
[[2,7,0,1,1,2,2,2,2],0,1].
[[2,6,1,1,2,2,1,1,0],1,0].
[[2,9,1,0,0,0,2,1,0],0,4].
[[3,7,2,1,1,2,2,1,0],2,0].
[[3,7,0,1,2,0,2,2,2],0,1].
[[3,6,0,1,2,2,2,3,1],1,6].
[[3,7,0,1,2,2,1,2,1],0,5].
[[3,5,0,1,2,0,2,2,0],2,0].
[[2,2,1,0,0,0,2,3,1],1,0].
[[3,2,1,1,2,0,1,2,2],1,0].
[[1,8,0,0,0,0,2,1,1],1,1].
[[2,7,0,1,2,2,2,1,1],0,1].
[[2,6,0,1,1,2,2,1,0],0,1].
[[2,7,2,1,2,2,2,2,0],2,0].
[[2,7,2,1,2,2,2,1,0],1,1].
[[3,3,2,1,1,2,1,1,2],1,0].
[[2,1,2,1,2,0,1,1,1],1,0].
[[2,6,0,1,2,2,2,2,0],1,2].
[[2,8,1,1,1,0,1,2,0],1,1].
[[3,6,1,1,1,2,1,1,2],2,1].
[[2,6,0,1,2,2,2,1,0],1,1].
[[2,8,1,1,2,0,1,1,1],1,2].
[[2,1,2,1,2,0,2,3,0],2,0].
[[3,1,2,1,2,0,2,3,0],2,0].
[[3,9,2,0,0,0,1,1,1],0,1].
[[1,7,1,0,0,0,1,1,1],1,1].
[[3,7,2,1,2,0,2,3,0],3,0].
[[3,7,0,1,2,2,1,1,0],0,3].
[[3,7,1,1,1,0,1,1,2],1,2].
[[3,7,2,1,1,0,2,2,2],1,0].
[[3,3,2,1,2,0,2,2,0],1,0].
[[2,7,1,1,2,0,1,1,0],1,0].
[[3,8,1,0,0,0,0,0,0],0,1].
[[3,9,0,0,0,0,1,2,0],0,1].
[[2,3,1,0,0,0,2,3,1],1,0].
[[3,6,0,0,0,0,2,3,2],0,1].
[[3,6,1,1,2,0,2,2,0],1,0].
[[3,3,2,1,1,2,0,0,0],1,0].
[[3,1,1,1,2,0,1,2,0],1,0].
[[3,7,2,0,0,0,1,1,1],0,1].
[[3,7,1,1,1,0,2,1,0],1,0].
[[3,4,2,1,2,0,2,1,1],2,0].
[[3,3,2,1,1,0,2,3,2],2,0].
[[3,9,2,1,1,0,2,2,2],0,1].
[[2,7,2,0,0,0,1,2,1],0,1].
[[2,3,1,0,0,0,0,0,0],5,1].
[[3,8,0,1,1,0,1,2,1],0,1].
[[1,5,0,1,2,0,1,1,2],3,0].
[[3,9,2,1,1,0,2,1,2],0,1].
[[2,2,1,1,2,2,2,1,2],1,0].
[[3,2,1,1,2,2,1,1,2],1,0].
[[2,3,2,1,2,2,0,0,0],4,0].
[[3,8,0,1,1,0,2,1,0],0,1].
[[3,7,1,1,1,0,2,2,1],0,1].
[[2,6,0,0,0,0,2,3,0],1,2].
[[3,3,1,0,0,0,2,3,2],1,1].
[[1,6,1,0,0,0,1,2,2],1,0].
[[2,3,1,0,0,0,1,2,2],1,0].
[[3,6,0,1,2,2,1,2,0],0,5].
[[3,5,0,1,1,0,2,1,0],1,0].
[[2,5,0,1,2,0,1,1,0],0,1].
[[3,3,2,0,0,0,1,2,2],4,0].
[[3,9,0,0,0,0,1,1,2],0,1].
[[3,8,0,1,1,2,1,1,1],0,1].
[[3,3,1,1,1,2,2,2,0],1,0].
[[3,9,1,1,2,2,1,1,1],0,2].
[[2,6,1,1,1,2,1,1,2],1,0].
[[2,7,1,1,2,0,1,1,1],0,1].
[[1,7,1,1,2,2,1,2,2],1,1].
[[3,3,1,1,1,2,2,3,1],1,0].
[[3,6,1,0,0,0,0,0,0],1,0].
[[2,5,0,0,0,0,1,2,2],2,0].
[[2,8,1,1,1,0,0,0,0],1,2].
[[2,8,1,1,1,0,2,1,0],1,0].
[[3,6,1,1,1,0,2,2,0],0,1].
[[3,3,2,0,0,0,2,1,2],2,0].
[[1,8,1,1,2,0,1,1,1],1,1].
[[2,5,0,1,1,0,1,1,1],1,1].
[[3,6,0,1,1,2,1,2,2],0,3].
[[3,3,2,1,2,0,2,2,2],1,0].
[[3,9,0,1,1,2,2,2,0],0,1].
[[2,5,0,1,1,0,1,1,2],1,0].
[[2,7,2,1,2,2,1,1,1],0,2].
[[3,7,1,0,0,0,1,1,1],1,1].
[[3,7,0,1,2,0,1,1,0],1,0].
[[1,5,0,1,2,2,2,1,0],1,0].
[[3,3,2,1,2,2,1,2,1],1,0].
[[2,9,2,1,1,0,1,1,2],0,1].
[[1,6,0,1,2,2,2,2,2],0,1].
[[3,2,1,1,2,2,2,3,1],1,0].
[[3,7,1,1,1,0,1,2,0],0,1].
[[1,7,2,0,0,0,1,1,1],0,1].
[[2,7,2,0,0,0,1,1,1],0,1].
[[1,6,0,0,0,0,2,1,2],0,1].
[[2,6,0,0,0,0,1,2,2],0,1].
[[2,2,1,0,0,0,0,0,0],1,0].
[[3,6,1,1,2,2,2,1,1],1,0].
[[3,3,1,1,2,0,2,2,2],1,0].
[[3,3,1,0,0,0,2,1,1],1,0].
[[3,7,1,1,1,0,1,1,0],1,0].
[[3,2,1,1,2,2,2,2,1],1,0].
[[3,7,1,1,2,0,2,1,1],0,2].
[[2,7,0,0,0,0,1,1,2],0,1].
[[3,7,0,1,2,0,1,1,2],0,2].
[[2,1,2,1,2,0,2,1,0],1,0].
[[3,1,2,1,2,0,2,1,0],3,0].
[[1,4,2,1,2,0,1,2,1],1,0].
[[2,7,2,1,1,0,1,2,2],0,2].
[[1,5,0,1,2,0,1,1,1],0,1].
[[1,8,0,1,1,2,2,1,1],2,0].
[[2,4,2,1,2,0,2,1,1],1,0].
[[2,6,0,1,1,2,2,3,0],0,1].
[[2,7,2,1,2,0,1,2,1],0,1].
[[2,7,0,0,0,0,2,3,1],0,1].
[[3,7,2,0,0,0,1,2,0],2,0].
[[1,6,0,1,2,2,2,3,2],0,1].
[[1,3,2,0,0,0,2,3,2],1,0].
[[2,3,2,0,0,0,1,1,2],2,0].
[[3,3,2,0,0,0,1,1,2],1,0].
[[3,9,2,1,2,0,2,1,1],0,1].
[[1,8,0,0,0,0,1,1,1],1,0].
[[2,7,0,1,2,2,2,3,1],0,1].
[[2,9,2,1,1,0,1,2,0],0,1].
[[2,7,1,1,2,0,2,2,1],1,0].
[[3,7,0,1,2,2,2,1,1],0,1].
[[1,4,2,1,2,0,1,2,0],1,0].
[[1,7,2,1,2,2,2,2,0],1,0].
[[2,7,2,1,1,2,2,2,0],1,0].
[[3,7,2,1,1,2,1,1,0],1,1].
[[1,6,1,0,0,0,2,1,0],1,0].
[[2,6,1,1,2,0,1,1,0],1,0].
[[3,3,1,1,2,0,1,1,0],1,0].
[[3,3,1,0,0,0,2,1,0],1,0].
[[2,6,0,1,1,2,1,1,2],0,1].
[[2,6,0,1,1,2,1,2,1],1,0].
[[1,7,1,0,0,0,2,2,0],1,0].
[[2,7,0,0,0,0,2,3,0],0,1].
[[1,6,1,1,2,2,2,2,0],1,0].
[[3,7,1,1,1,2,2,1,1],0,1].
[[3,5,0,1,1,0,2,2,0],0,1].
[[2,9,1,1,2,0,2,3,0],0,1].
[[3,9,2,1,2,0,0,0,0],0,1].
[[3,6,1,1,2,2,1,1,1],1,0].
[[2,6,1,0,0,0,1,2,0],1,0].
[[3,3,2,0,0,0,2,2,2],2,0].
[[3,3,1,0,0,0,2,2,1],1,0].
[[1,5,0,1,2,0,2,3,0],1,0].
[[2,7,0,1,2,2,1,1,2],0,1].
[[1,4,2,1,2,0,1,1,1],1,0].
[[1,1,2,1,2,0,1,1,2],1,0].
[[2,1,2,1,2,0,1,2,2],1,0].
[[1,5,0,1,1,2,1,1,0],1,0].
[[2,7,2,1,1,0,2,2,0],0,1].
[[3,7,2,1,1,0,1,1,0],0,1].
[[2,7,1,0,0,0,1,1,1],1,0].
[[3,3,0,1,1,2,0,0,0],0,1].
[[2,6,0,1,1,2,2,1,2],0,1].
[[3,6,1,1,1,0,1,1,1],1,0].
[[2,3,2,0,0,0,2,1,2],1,0].
[[1,6,0,1,2,2,2,2,0],0,1].
[[3,6,0,1,1,2,2,1,0],0,1].
[[3,9,0,1,1,2,1,1,2],0,1].
[[2,6,0,1,2,2,1,1,2],1,0].
[[3,3,0,1,2,2,2,2,0],0,1].
[[2,6,0,0,0,0,2,1,2],0,1].
[[3,9,1,0,0,0,1,1,2],1,0].
[[1,7,2,1,2,2,2,3,0],1,0].
[[2,7,2,1,1,2,1,2,0],1,0].
[[3,6,0,1,2,0,2,3,0],0,1].
[[1,7,2,0,0,0,1,2,1],0,1].
[[2,8,0,1,1,2,2,1,1],1,0].
[[2,9,2,1,1,0,1,1,0],0,1].
[[3,8,1,1,1,0,0,0,0],0,1].
[[2,1,2,1,2,0,1,1,2],1,0].
[[3,9,0,1,2,2,1,1,2],0,1].
[[2,6,1,1,1,2,2,3,1],1,0].
