total_WL(4382,7419).
[[1,8,1,0,0,0,0,0,0],239,271].
[[2,8,1,0,0,0,2,2,1],43,42].
[[3,5,0,1,2,0,1,1,1],26,3].
[[1,9,2,0,0,0,2,3,0],93,363].
[[2,9,1,1,2,0,2,3,0],9,84].
[[3,9,1,1,2,2,2,3,0],2,124].
[[1,9,2,1,2,2,2,3,2],75,261].
[[2,8,1,1,2,2,2,3,2],86,86].
[[3,8,1,1,1,2,2,2,0],27,36].
[[2,8,1,1,2,0,2,2,0],17,22].
[[3,8,1,1,2,2,1,2,0],75,59].
[[1,6,1,1,2,2,2,2,1],3,0].
[[2,6,1,1,2,2,2,2,1],10,0].
[[3,3,2,1,2,2,2,2,1],5,0].
[[1,9,2,1,1,2,2,2,1],22,42].
[[2,9,1,1,1,2,2,2,1],20,31].
[[3,9,1,1,1,2,1,1,1],0,31].
[[1,9,2,0,0,0,0,0,0],39,310].
[[2,9,1,0,0,0,0,0,0],1,20].
[[3,9,1,1,2,0,2,1,0],0,23].
[[1,8,1,0,0,0,2,1,1],46,26].
[[2,7,1,0,0,0,2,1,1],9,11].
[[3,7,1,0,0,0,2,1,1],2,6].
[[2,9,1,1,1,2,2,3,1],18,33].
[[3,9,1,1,1,2,1,2,1],1,70].
[[2,8,1,0,0,0,0,0,0],18,36].
[[3,8,1,0,0,0,2,2,1],10,11].
[[1,9,2,0,0,0,2,3,2],49,271].
[[2,8,1,0,0,0,2,3,2],75,51].
[[3,8,1,1,2,2,2,3,0],65,102].
[[2,9,1,0,0,0,2,2,0],16,115].
[[3,8,1,1,2,0,2,2,1],6,12].
[[2,9,1,0,0,0,2,3,0],21,195].
[[3,8,1,1,2,0,1,2,1],31,41].
[[1,8,1,1,2,2,2,3,0],62,29].
[[2,8,1,1,2,2,2,3,0],115,78].
[[3,7,1,1,1,2,2,3,0],22,17].
[[1,9,2,1,1,2,2,1,0],21,18].
[[2,9,1,1,1,2,2,1,0],17,30].
[[3,9,1,1,1,2,2,3,0],4,81].
[[2,8,1,1,1,2,2,2,1],20,20].
[[3,8,1,1,1,2,2,3,0],35,61].
[[2,9,1,1,2,2,1,2,2],34,125].
[[3,8,1,1,2,2,1,2,2],69,54].
[[1,9,2,1,2,2,2,3,0],117,379].
[[2,9,1,1,1,2,2,3,0],50,116].
[[1,9,2,1,2,2,2,2,0],70,226].
[[2,9,1,1,2,2,2,2,0],50,239].
[[3,8,0,1,2,2,2,2,0],1,167].
[[1,8,1,1,2,2,2,3,1],84,48].
[[2,7,1,1,2,2,2,3,1],31,19].
[[3,3,1,1,2,2,2,3,1],9,0].
[[1,7,1,0,0,0,0,0,0],28,35].
[[2,7,1,1,2,2,2,2,0],21,4].
[[3,7,1,1,2,2,2,2,0],47,24].
[[1,8,1,1,2,2,2,3,2],131,80].
[[2,8,1,1,1,2,2,3,2],53,24].
[[1,8,1,0,0,0,2,3,0],60,48].
[[2,7,1,1,2,0,2,3,0],4,1].
[[3,7,1,1,2,0,2,3,0],23,12].
[[1,9,2,0,0,0,2,3,1],39,174].
[[2,8,1,0,0,0,2,3,1],55,42].
[[3,8,1,1,2,2,1,2,1],104,90].
[[2,8,0,1,2,2,2,3,2],18,131].
[[3,8,0,1,2,2,2,3,1],1,61].
[[3,9,1,1,2,2,1,2,2],0,95].
[[3,8,1,1,2,2,2,2,1],27,30].
[[2,9,1,0,0,0,2,3,2],5,16].
[[3,9,1,1,2,0,1,2,2],0,22].
[[1,8,0,1,2,2,2,2,1],12,24].
[[2,8,0,1,2,2,2,2,1],9,70].
[[3,8,0,1,2,2,2,3,0],2,228].
[[1,9,2,1,2,2,0,0,0],68,334].
[[2,8,1,1,2,2,0,0,0],34,77].
[[3,7,1,1,2,2,0,0,0],23,41].
[[1,9,2,0,0,0,2,1,0],28,118].
[[2,9,1,1,2,0,2,1,0],3,28].
[[3,8,1,1,2,0,2,1,0],13,11].
[[1,9,2,1,1,2,1,2,0],22,22].
[[2,8,0,1,1,2,1,2,0],8,20].
[[3,4,2,1,2,0,1,2,0],125,8].
[[1,8,1,1,2,2,1,2,0],11,6].
[[2,8,1,1,2,2,1,1,0],11,17].
[[3,8,1,1,2,2,1,1,0],26,34].
[[1,9,2,1,2,2,1,1,0],8,50].
[[2,9,1,1,2,2,1,1,0],9,72].
[[3,9,1,1,2,2,1,1,0],3,60].
[[1,8,1,1,2,2,0,0,0],194,183].
[[3,8,1,1,2,2,2,2,0],60,75].
[[3,9,1,1,1,0,2,3,0],0,19].
[[1,7,2,0,0,0,2,3,2],43,10].
[[2,7,2,0,0,0,2,3,2],32,6].
[[3,7,2,1,2,2,2,2,1],13,2].
[[2,8,1,1,2,2,1,2,0],39,26].
[[3,7,1,1,2,2,1,2,0],29,7].
[[1,9,2,1,2,2,2,1,0],40,133].
[[2,9,1,1,2,2,2,1,0],16,128].
[[3,9,1,1,2,2,1,2,0],6,190].
[[1,8,1,0,0,0,2,3,2],169,108].
[[2,8,1,0,0,0,1,2,2],35,25].
[[3,6,1,1,2,0,1,2,2],6,2].
[[1,6,1,1,2,2,0,0,0],22,1].
[[2,3,2,1,2,2,0,0,0],7,0].
[[3,3,2,1,2,2,0,0,0],12,0].
[[1,9,2,1,2,2,2,1,1],21,65].
[[2,8,0,1,2,2,2,1,1],5,33].
[[3,7,0,1,2,2,2,1,1],0,5].
[[1,8,1,0,0,0,1,1,1],21,14].
[[2,8,1,0,0,0,1,1,1],21,17].
[[3,8,1,1,2,0,1,1,1],12,17].
[[1,7,2,1,2,2,0,0,0],26,8].
[[2,7,2,1,1,2,0,0,0],5,2].
[[3,4,2,1,2,0,0,0,0],21,3].
[[1,9,2,1,2,2,1,2,0],31,112].
[[2,9,1,1,2,2,1,2,0],29,219].
[[3,9,0,1,2,2,1,1,0],0,20].
[[1,9,2,1,1,2,2,2,0],44,52].
[[2,8,0,1,1,2,2,2,0],18,56].
[[3,8,0,1,1,2,1,2,0],3,93].
[[2,8,0,0,0,0,2,3,0],12,79].
[[3,8,0,1,2,0,1,2,0],0,37].
[[1,7,1,0,0,0,2,3,0],7,2].
[[2,7,1,0,0,0,2,3,0],11,4].
[[3,3,1,0,0,0,2,3,0],4,0].
[[1,4,2,1,2,0,2,3,0],18,1].
[[2,4,2,1,2,0,1,2,0],36,1].
[[2,9,1,1,1,2,1,2,0],35,77].
[[3,9,1,1,1,2,1,1,0],0,51].
[[2,8,0,1,2,2,2,1,0],12,60].
[[1,9,2,0,0,0,2,2,1],29,116].
[[2,9,1,0,0,0,1,2,2],5,68].
[[3,8,0,0,0,0,1,2,2],0,18].
[[1,8,0,0,0,0,2,3,0],15,44].
[[3,7,1,0,0,0,2,3,0],16,10].
[[3,7,2,1,2,0,2,2,1],2,2].
[[2,9,1,0,0,0,1,2,0],18,106].
[[3,9,1,0,0,0,1,2,0],0,43].
[[1,9,2,0,0,0,1,2,0],23,84].
[[3,9,1,1,2,0,1,2,0],1,43].
[[2,8,1,1,2,2,2,2,1],62,69].
[[3,7,1,1,2,2,2,2,1],38,39].
[[1,8,1,0,0,0,2,3,1],105,65].
[[3,7,1,1,2,2,2,3,1],52,45].
[[1,9,2,1,2,0,1,1,1],0,5].
[[2,8,1,1,1,0,1,1,1],0,5].
[[3,6,1,1,1,0,1,1,1],1,1].
[[1,7,1,1,2,2,2,2,1],6,0].
[[2,7,1,1,2,2,1,2,2],7,5].
[[3,7,1,1,2,2,1,2,2],38,23].
[[2,7,2,1,2,2,2,3,2],40,7].
[[3,7,2,1,2,2,2,3,2],30,4].
[[1,8,0,1,2,2,2,3,2],32,97].
[[2,7,1,1,2,2,2,3,2],55,27].
[[3,3,1,1,2,2,2,3,2],18,1].
[[1,8,1,1,2,2,2,2,0],37,19].
[[3,7,1,1,1,2,2,2,0],23,17].
[[2,5,0,0,0,0,1,2,0],17,0].
[[3,5,0,1,2,0,1,2,0],24,0].
[[1,8,0,0,0,0,2,2,0],13,40].
[[2,8,0,1,2,2,2,2,0],16,103].
[[1,8,0,1,2,2,2,3,0],23,61].
[[2,8,0,1,2,2,2,3,0],15,181].
[[2,8,1,1,2,2,1,2,1],68,58].
[[3,9,1,1,1,2,1,2,0],6,114].
[[3,8,0,0,0,0,2,2,0],1,36].
[[2,7,1,0,0,0,0,0,0],50,49].
[[3,7,1,1,2,2,2,3,0],61,36].
[[1,8,0,1,1,2,0,0,0],44,55].
[[2,8,0,1,1,2,2,3,1],15,41].
[[3,6,0,1,1,2,2,3,1],0,1].
[[1,7,1,0,0,0,2,1,1],2,4].
[[2,7,1,0,0,0,1,2,2],4,4].
[[3,7,1,0,0,0,1,1,1],6,2].
[[1,8,0,0,0,0,0,0,0],50,209].
[[2,8,0,1,2,0,2,3,2],2,16].
[[3,8,0,1,1,0,2,2,0],0,10].
[[3,8,0,1,2,2,1,2,0],3,138].
[[2,8,1,1,1,2,2,3,0],40,23].
[[3,4,2,1,2,0,2,3,0],109,6].
[[2,7,2,1,2,0,2,3,2],14,4].
[[3,7,1,1,2,0,2,3,2],14,16].
[[1,9,2,1,2,2,2,3,1],59,200].
[[3,9,1,1,1,2,2,1,0],2,33].
[[1,9,2,1,1,2,2,3,0],80,79].
[[2,7,2,1,2,2,1,2,2],14,4].
[[3,7,1,1,1,2,1,2,2],12,10].
[[1,8,0,1,1,2,2,3,1],6,8].
[[3,7,0,1,1,2,2,3,1],1,19].
[[2,8,1,1,2,2,2,3,1],65,79].
[[1,8,1,0,0,0,2,1,0],24,17].
[[2,8,1,0,0,0,2,1,0],32,17].
[[3,8,1,1,2,2,2,1,0],17,31].
[[1,8,1,1,1,2,0,0,0],50,23].
[[2,8,0,0,0,0,0,0,0],3,65].
[[3,7,1,0,0,0,2,2,1],11,8].
[[3,7,1,1,1,2,2,3,2],35,14].
[[3,8,0,1,1,2,2,1,0],1,50].
[[3,8,0,0,0,0,2,3,2],0,5].
[[3,8,1,0,0,0,1,2,1],33,20].
[[1,9,2,1,1,2,2,3,2],55,56].
[[2,4,2,1,2,0,2,2,1],20,3].
[[3,4,2,1,2,0,2,2,1],29,1].
[[2,8,1,1,1,2,2,1,1],19,12].
[[3,8,1,1,1,2,1,1,1],21,22].
[[2,8,0,1,1,2,2,1,0],12,16].
[[3,8,0,1,1,2,2,3,0],5,169].
[[3,9,1,1,2,0,2,3,0],2,44].
[[2,9,1,0,0,0,2,1,0],11,57].
[[3,9,1,1,2,0,1,1,0],0,24].
[[3,8,0,1,1,2,1,1,0],0,31].
[[3,8,1,1,2,2,2,3,1],25,40].
[[3,9,1,1,2,2,2,2,0],4,95].
[[2,8,1,1,2,0,1,2,1],12,16].
[[1,8,1,1,2,2,2,2,1],74,45].
[[3,6,1,1,2,2,2,3,1],9,0].
[[3,6,1,1,2,2,0,0,0],12,0].
[[2,8,0,0,0,0,2,2,0],4,63].
[[3,4,2,1,2,0,2,1,0],52,2].
[[3,7,2,1,1,2,2,3,2],10,2].
[[1,9,2,1,1,2,1,2,1],13,17].
[[2,4,2,1,2,0,1,1,1],16,1].
[[3,4,2,1,2,0,1,1,1],48,1].
[[1,3,2,0,0,0,0,0,0],5,0].
[[2,3,2,1,2,0,0,0,0],4,0].
[[3,3,2,1,2,0,2,3,2],4,0].
[[1,8,1,1,1,2,1,2,0],4,0].
[[2,8,1,1,1,2,1,2,0],15,3].
[[3,7,1,1,1,2,1,2,0],15,3].
[[2,7,1,1,2,2,0,0,0],56,66].
[[3,7,1,1,1,0,0,0,0],0,9].
[[2,8,0,1,1,2,2,3,0],30,76].
[[2,9,1,1,2,0,2,2,0],6,41].
[[3,9,0,1,2,0,1,2,0],0,25].
[[2,9,1,1,2,2,2,3,0],40,340].
[[3,9,1,1,2,2,2,1,0],1,60].
[[3,8,0,0,0,0,2,3,0],3,53].
[[1,8,0,1,2,2,0,0,0],56,278].
[[3,5,0,1,1,2,1,2,0],38,0].
[[2,8,0,1,1,2,2,3,2],22,43].
[[1,8,0,1,2,2,2,3,1],10,42].
[[2,8,0,1,2,2,1,2,2],13,60].
[[3,8,0,1,2,2,1,2,2],1,87].
[[2,8,1,0,0,0,2,3,0],63,65].
[[2,9,1,0,0,0,2,2,1],1,39].
[[3,7,1,0,0,0,2,3,2],30,13].
[[2,8,1,1,2,0,1,1,1],10,13].
[[2,8,1,1,2,2,2,1,0],34,25].
[[3,7,1,1,2,2,2,1,0],24,11].
[[2,8,1,1,2,0,1,2,0],9,6].
[[3,8,1,1,2,0,1,2,0],26,22].
[[2,9,1,1,1,2,2,2,0],36,86].
[[3,8,0,1,1,2,2,2,0],3,111].
[[1,8,1,1,2,2,1,1,0],3,2].
[[1,8,1,1,2,0,0,0,0],32,30].
[[2,8,1,1,2,0,0,0,0],10,13].
[[1,9,2,0,0,0,2,2,0],48,231].
[[2,8,0,1,2,2,2,3,1],4,95].
[[1,5,0,1,2,0,1,2,0],1,0].
[[2,5,0,1,2,0,1,2,0],5,0].
[[3,9,0,1,1,2,1,2,0],0,40].
[[1,9,2,1,1,2,0,0,0],59,54].
[[3,8,1,1,1,2,2,1,0],8,24].
[[3,3,1,1,2,2,2,2,1],11,0].
[[1,8,1,0,0,0,1,2,2],29,24].
[[2,8,1,1,2,2,1,2,2],39,39].
[[2,9,1,1,2,2,2,3,1],11,86].
[[2,9,1,1,1,2,1,2,1],24,56].
[[3,8,0,1,1,2,1,2,1],0,75].
[[2,7,1,1,2,2,2,3,0],22,12].
[[1,8,1,1,1,2,2,2,1],13,8].
[[2,8,1,1,1,2,1,1,1],7,5].
[[1,8,0,1,1,2,2,2,0],8,10].
[[2,9,1,0,0,0,1,1,1],7,27].
[[3,8,0,1,2,0,1,1,1],1,7].
[[1,8,0,1,1,2,2,2,1],6,4].
[[2,7,1,1,1,2,2,2,1],8,3].
[[3,7,1,1,1,2,2,2,1],20,13].
[[1,9,2,1,2,0,2,2,1],0,15].
[[2,9,1,1,2,0,2,2,1],2,20].
[[3,9,1,1,2,2,1,2,1],7,127].
[[3,7,0,1,2,2,2,2,0],0,21].
[[1,9,2,1,1,2,1,2,2],26,23].
[[3,4,2,1,2,0,1,2,1],93,6].
[[2,4,2,1,2,0,2,2,0],47,2].
[[3,4,2,1,2,0,2,2,0],89,3].
[[1,8,1,0,0,0,2,2,1],88,65].
[[1,9,2,0,0,0,2,1,1],13,70].
[[3,8,0,1,2,2,2,1,1],0,34].
[[2,8,1,1,1,0,2,3,2],1,8].
[[3,8,1,1,1,0,2,3,0],6,16].
[[3,8,1,0,0,0,2,3,0],13,37].
[[1,9,2,0,0,0,1,2,1],29,58].
[[2,8,1,0,0,0,1,2,1],53,39].
[[3,9,1,1,2,0,1,2,1],1,37].
[[2,8,0,1,2,2,1,2,0],6,43].
[[1,8,1,0,0,0,2,2,0],39,35].
[[3,7,1,1,1,2,2,1,0],11,3].
[[1,6,1,1,2,2,2,3,2],9,0].
[[2,3,1,1,2,2,2,3,2],2,1].
[[3,8,1,1,1,2,1,2,0],32,28].
[[3,6,1,1,2,2,1,2,0],5,1].
[[3,9,0,1,2,2,1,2,0],0,57].
[[3,8,0,1,2,2,2,1,0],1,92].
[[2,8,0,0,0,0,2,3,1],5,47].
[[3,7,0,0,0,0,2,3,1],0,5].
[[1,9,2,1,1,2,2,3,1],53,48].
[[2,7,1,0,0,0,2,2,0],12,7].
[[3,7,1,1,2,0,2,2,0],16,9].
[[2,7,0,1,2,2,0,0,0],1,12].
[[3,7,0,1,1,2,0,0,0],0,19].
[[2,8,0,1,2,0,2,3,1],1,10].
[[2,7,1,0,0,0,2,3,1],11,10].
[[3,7,1,1,2,0,2,3,1],16,15].
[[2,7,1,1,2,0,2,2,0],3,0].
[[3,3,1,1,2,0,2,2,0],1,0].
[[2,4,2,1,2,0,0,0,0],23,1].
[[2,8,1,1,2,2,2,2,0],79,47].
[[2,6,1,1,2,2,2,2,0],5,0].
[[3,6,1,1,1,2,2,2,0],4,1].
[[3,8,1,0,0,0,1,2,0],16,21].
[[2,8,0,1,2,2,0,0,0],4,147].
[[1,8,0,0,0,0,1,2,0],0,8].
[[2,8,0,0,0,0,1,2,0],2,21].
[[1,9,2,1,2,2,2,2,1],38,136].
[[3,8,0,1,1,2,2,3,1],4,54].
[[2,9,1,1,1,2,1,1,1],12,21].
[[2,8,0,1,1,2,2,1,1],5,15].
[[3,4,2,1,2,0,2,1,1],17,0].
[[3,8,1,0,0,0,2,2,0],10,22].
[[2,9,1,1,1,2,1,2,2],22,42].
[[3,9,1,1,1,2,1,2,2],1,57].
[[3,8,1,1,1,2,1,2,1],42,43].
[[3,9,1,1,2,0,2,2,0],0,31].
[[1,8,0,0,0,0,2,1,1],4,13].
[[2,8,0,1,2,0,2,1,1],0,2].
[[3,8,0,1,1,2,2,3,2],0,17].
[[1,8,1,1,2,2,2,1,1],46,25].
[[2,8,1,1,2,2,1,1,1],19,32].
[[2,8,1,0,0,0,2,1,1],11,29].
[[2,9,1,1,2,2,0,0,0],1,47].
[[3,8,1,1,1,0,0,0,0],0,2].
[[2,8,1,1,2,0,1,1,0],0,5].
[[3,8,1,1,2,0,1,1,0],5,9].
[[2,9,1,1,2,2,2,3,2],3,34].
[[3,8,0,1,2,2,2,3,2],0,21].
[[3,7,2,1,2,2,2,2,0],13,1].
[[1,8,1,0,0,0,1,2,0],7,5].
[[2,8,1,0,0,0,1,2,0],23,14].
[[3,7,1,0,0,0,1,2,0],9,1].
[[2,9,1,1,2,2,2,1,1],6,45].
[[3,9,1,1,2,2,1,1,1],2,39].
[[1,8,1,1,2,2,2,1,0],20,7].
[[1,7,2,0,0,0,2,1,0],2,0].
[[2,7,2,1,2,2,1,1,0],2,0].
[[3,7,2,1,2,2,1,1,0],3,1].
[[2,7,2,1,2,0,0,0,0],12,5].
[[3,7,2,1,2,2,0,0,0],4,3].
[[3,4,2,1,2,0,1,1,0],39,3].
[[1,6,1,0,0,0,0,0,0],86,4].
[[2,6,1,0,0,0,2,3,2],20,3].
[[3,6,1,1,2,2,2,3,2],17,0].
[[3,7,2,1,2,0,2,2,0],6,2].
[[3,8,1,1,2,0,2,3,0],29,47].
[[3,8,1,1,2,2,2,1,1],11,17].
[[2,8,1,1,1,2,0,0,0],12,14].
[[3,7,2,1,1,2,0,0,0],1,0].
[[2,4,2,1,2,0,2,1,0],16,1].
[[1,8,1,1,2,0,2,2,0],10,3].
[[3,8,1,1,1,2,1,1,0],17,19].
[[1,9,2,1,2,2,1,2,2],41,109].
[[3,7,0,1,2,2,1,2,2],0,10].
[[3,6,1,1,2,2,2,3,0],21,0].
[[1,9,2,1,2,2,1,1,1],14,28].
[[2,9,1,1,2,2,1,1,1],14,43].
[[3,8,1,1,2,2,1,1,1],32,52].
[[3,6,0,1,2,2,2,2,1],0,3].
[[3,8,1,1,1,2,2,3,2],2,6].
[[3,3,1,1,2,2,2,2,0],4,0].
[[3,3,1,1,2,0,2,1,1],1,0].
[[3,9,0,1,1,2,1,1,0],0,14].
[[2,8,1,1,1,2,1,2,2],16,12].
[[3,8,1,1,1,2,1,2,2],24,35].
[[2,7,1,1,1,2,0,0,0],19,16].
[[3,8,1,1,1,0,1,2,0],5,16].
[[1,9,2,0,0,0,1,2,2],29,97].
[[2,9,1,1,2,0,1,2,2],2,26].
[[3,9,1,1,1,0,1,2,2],0,18].
[[1,9,2,1,2,0,1,2,2],5,9].
[[2,9,1,1,2,0,1,2,1],4,34].
[[3,8,0,1,2,0,1,2,1],0,18].
[[2,9,1,1,2,2,2,2,1],6,68].
[[3,8,0,1,1,2,2,2,1],0,43].
[[1,7,2,0,0,0,0,0,0],71,7].
[[2,7,2,0,0,0,2,2,0],5,0].
[[3,7,2,0,0,0,1,2,0],4,0].
[[3,7,1,1,2,2,1,2,1],54,18].
[[2,7,0,0,0,0,2,1,1],0,1].
[[2,8,1,1,1,2,2,2,0],21,16].
[[1,9,2,1,2,2,1,2,1],30,84].
[[2,9,1,1,2,2,1,2,1],20,120].
[[2,9,1,0,0,0,2,3,1],3,36].
[[3,8,1,0,0,0,2,3,1],9,8].
[[2,8,1,1,1,2,2,3,1],38,24].
[[3,7,2,1,1,2,2,3,1],5,3].
[[2,8,0,1,2,0,0,0,0],0,19].
[[3,8,0,1,1,0,0,0,0],0,1].
[[1,5,0,1,1,2,1,1,1],6,0].
[[2,5,0,1,1,2,1,1,1],26,1].
[[3,5,0,1,1,2,1,1,1],51,5].
[[3,7,1,1,1,2,1,2,1],20,14].
[[1,8,0,1,2,2,2,2,0],19,38].
[[1,9,2,0,0,0,1,1,1],9,17].
[[2,5,0,1,2,0,1,1,1],12,0].
[[3,5,0,1,2,0,1,2,1],4,0].
[[3,7,1,1,1,0,2,1,0],1,3].
[[1,8,1,1,2,0,2,2,1],10,5].
[[2,8,1,1,2,0,2,2,1],12,18].
[[3,6,0,0,0,0,1,2,0],0,2].
[[3,8,0,1,2,0,2,2,0],0,40].
[[2,8,0,0,0,0,2,2,1],2,26].
[[3,8,0,0,0,0,2,2,1],0,16].
[[2,6,1,1,2,2,2,3,2],17,0].
[[3,3,1,1,1,2,2,3,2],6,1].
[[2,6,1,1,2,2,2,3,1],14,0].
[[3,6,1,1,2,2,2,2,0],14,1].
[[1,8,0,0,0,0,2,3,1],6,43].
[[3,8,0,1,2,0,2,3,1],0,19].
[[3,7,1,1,1,2,2,1,1],7,11].
[[2,8,1,1,1,2,2,1,0],19,6].
[[3,7,2,1,1,2,2,3,0],9,1].
[[2,8,0,1,1,2,1,2,2],8,27].
[[3,5,0,1,1,2,1,2,1],11,0].
[[2,9,1,0,0,0,2,1,1],0,21].
[[3,9,1,1,2,0,1,1,1],1,10].
[[1,8,0,0,0,0,2,3,2],24,71].
[[2,7,1,0,0,0,2,3,2],49,13].
[[3,5,0,0,0,0,1,2,0],16,0].
[[2,7,1,1,2,2,2,1,0],6,3].
[[2,6,1,0,0,0,1,2,2],9,3].
[[3,6,1,1,2,0,1,1,1],1,1].
[[3,6,0,1,1,2,2,3,0],0,10].
[[2,6,1,0,0,0,2,3,1],11,0].
[[3,3,1,0,0,0,2,3,2],5,1].
[[2,8,0,0,0,0,1,1,1],0,5].
[[3,6,0,1,2,2,0,0,0],0,10].
[[2,8,0,1,1,2,2,2,1],14,28].
[[1,8,0,1,1,2,2,3,0],13,12].
[[2,7,0,1,1,2,2,3,0],0,3].
[[3,7,0,1,1,2,1,2,0],0,9].
[[3,7,2,1,2,2,1,2,2],39,6].
[[1,8,1,0,0,0,1,2,1],31,28].
[[3,6,0,1,2,2,1,2,0],0,7].
[[3,9,1,1,1,2,2,2,0],8,53].
[[2,9,1,1,2,0,2,3,2],0,9].
[[1,7,1,0,0,0,2,3,2],7,7].
[[3,7,1,1,2,0,1,2,2],9,5].
[[3,8,1,0,0,0,2,1,0],12,14].
[[2,4,2,1,2,0,2,3,1],23,6].
[[3,4,2,1,2,0,2,3,1],39,6].
[[3,7,1,0,0,0,2,3,1],17,8].
[[2,7,2,1,2,2,2,2,1],12,5].
[[1,8,1,1,2,2,1,2,2],25,12].
[[1,7,1,0,0,0,1,2,1],0,1].
[[2,7,1,1,2,2,1,2,1],13,5].
[[3,7,1,1,2,2,1,1,1],29,16].
[[1,7,2,1,2,0,0,0,0],6,4].
[[2,7,1,1,2,0,0,0,0],11,16].
[[3,3,1,1,2,0,0,0,0],6,2].
[[2,9,1,0,0,0,1,2,1],9,67].
[[3,9,1,0,0,0,1,2,1],0,20].
[[3,9,0,0,0,0,1,2,1],0,1].
[[1,6,1,0,0,0,2,3,1],3,0].
[[2,6,1,0,0,0,1,2,1],4,0].
[[3,6,1,1,2,0,1,2,1],7,0].
[[2,9,1,1,2,0,1,1,1],3,12].
[[3,9,1,1,1,0,1,2,1],0,24].
[[2,7,1,1,2,2,2,1,1],18,6].
[[3,7,0,1,2,2,2,3,1],1,15].
[[1,9,2,1,2,0,2,2,0],8,24].
[[3,9,1,1,1,0,2,2,0],0,9].
[[3,8,1,1,2,0,2,2,0],30,26].
[[3,7,1,1,2,2,2,3,2],78,58].
[[2,9,1,1,2,0,1,2,0],8,53].
[[1,8,1,1,2,0,2,3,1],15,16].
[[3,8,1,1,1,0,2,3,1],4,5].
[[2,7,1,1,2,0,2,1,1],4,5].
[[3,6,1,1,2,0,2,3,0],12,0].
[[2,6,0,1,2,2,2,2,0],0,6].
[[2,8,0,1,2,0,2,3,0],3,17].
[[1,8,1,1,2,0,2,3,2],16,24].
[[2,8,1,1,2,0,1,2,2],16,14].
[[3,8,0,1,2,2,1,2,1],2,101].
[[1,7,1,1,2,2,0,0,0],39,35].
[[3,7,1,1,1,2,0,0,0],9,13].
[[2,8,0,1,2,2,1,1,1],4,16].
[[3,5,0,1,1,2,1,1,0],13,6].
[[1,8,0,1,1,2,2,1,1],2,4].
[[1,9,2,1,2,0,2,1,1],2,10].
[[3,8,0,1,2,2,1,1,1],3,32].
[[3,8,1,0,0,0,1,2,2],12,17].
[[3,7,1,1,2,0,0,0,0],6,12].
[[2,8,1,0,0,0,2,2,0],34,38].
[[1,7,2,0,0,0,2,3,1],13,0].
[[2,7,2,1,2,2,1,2,1],9,1].
[[3,7,2,1,2,2,1,2,1],29,3].
[[3,7,2,1,2,2,2,1,1],9,0].
[[2,4,2,1,2,0,2,3,0],70,2].
[[1,9,2,1,2,0,2,3,2],5,36].
[[3,8,0,1,1,2,1,1,1],2,27].
[[2,8,1,1,1,2,1,2,1],24,14].
[[1,4,2,1,2,0,2,3,1],8,0].
[[3,8,0,0,0,0,2,3,1],0,10].
[[3,7,1,0,0,0,2,2,0],15,10].
[[2,9,1,1,2,0,2,3,1],0,26].
[[1,9,2,1,1,2,2,1,1],18,15].
[[2,4,2,1,2,0,2,1,1],12,0].
[[3,8,1,0,0,0,1,1,1],9,16].
[[3,5,0,1,2,2,1,1,0],15,4].
[[2,6,1,1,1,2,0,0,0],1,0].
[[3,6,1,1,1,2,2,1,1],2,0].
[[1,6,1,0,0,0,2,2,1],5,1].
[[2,6,1,1,2,2,1,2,1],3,1].
[[3,6,1,1,2,2,1,1,1],8,1].
[[1,4,2,1,2,0,2,2,0],9,0].
[[1,4,2,1,2,0,2,3,2],8,1].
[[2,4,2,1,2,0,1,2,2],29,1].
[[3,4,2,1,2,0,1,2,2],64,1].
[[3,3,2,0,0,0,2,3,2],5,0].
[[2,7,1,1,1,2,2,2,0],4,2].
[[2,7,0,1,2,2,2,3,2],1,3].
[[3,7,0,1,1,2,1,2,2],1,8].
[[2,9,1,1,1,2,2,1,1],2,16].
[[3,8,1,1,1,2,2,1,1],3,12].
[[2,7,2,1,2,2,2,2,0],5,0].
[[3,9,0,0,0,0,1,2,0],0,14].
[[3,7,0,1,2,2,2,3,2],0,14].
[[3,8,1,1,1,0,1,2,2],4,13].
[[1,4,2,1,2,0,2,2,1],9,2].
[[1,8,1,1,2,2,1,2,1],21,13].
[[3,6,1,1,2,2,1,2,1],10,0].
[[2,7,0,0,0,0,2,3,2],0,6].
[[3,7,0,0,0,0,1,2,2],0,4].
[[2,8,0,0,0,0,2,1,1],2,13].
[[1,9,2,1,2,0,2,1,0],3,11].
[[3,9,1,1,1,0,1,2,0],0,13].
[[2,8,1,1,2,2,2,1,1],22,31].
[[3,8,1,1,1,0,2,2,0],4,15].
[[3,3,2,1,2,2,2,3,2],6,0].
[[1,8,0,0,0,0,2,2,1],2,12].
[[3,7,0,0,0,0,2,2,1],0,4].
[[3,3,1,1,2,2,0,0,0],10,7].
[[2,4,2,1,2,0,2,3,2],13,6].
[[3,8,0,0,0,0,0,0,0],0,5].
[[3,9,0,1,2,0,1,1,1],0,2].
[[3,7,1,1,2,2,2,1,1],13,30].
[[1,7,2,0,0,0,1,1,1],1,2].
[[2,7,2,0,0,0,1,1,1],1,2].
[[3,7,2,1,2,0,1,1,1],7,3].
[[3,4,2,1,2,0,2,3,2],12,5].
[[2,8,1,1,1,0,0,0,0],0,2].
[[3,8,1,1,2,0,1,2,2],20,15].
[[2,6,1,1,2,0,2,2,1],4,0].
[[1,8,1,1,1,2,2,3,1],10,9].
[[3,7,1,1,1,2,2,3,1],29,17].
[[1,9,2,1,1,2,1,1,1],6,3].
[[3,7,0,0,0,0,0,0,0],0,11].
[[2,5,0,0,0,0,1,1,1],23,2].
[[3,5,0,0,0,0,1,2,1],2,0].
[[1,8,0,1,1,2,2,1,0],3,4].
[[2,7,1,1,2,0,1,2,1],1,3].
[[3,7,1,1,2,0,1,2,1],14,12].
[[2,7,0,1,1,2,0,0,0],2,11].
[[3,8,1,1,2,0,2,3,2],6,7].
[[2,7,2,0,0,0,0,0,0],30,7].
[[3,7,2,0,0,0,2,2,0],7,1].
[[1,8,0,1,2,2,1,2,0],2,9].
[[2,7,1,1,2,2,1,2,0],3,0].
[[3,9,1,1,1,2,0,0,0],0,3].
[[2,6,1,0,0,0,0,0,0],37,2].
[[3,6,1,1,2,0,0,0,0],5,1].
[[2,7,2,0,0,0,2,3,0],12,0].
[[3,3,2,0,0,0,2,3,0],1,0].
[[1,7,2,1,2,2,2,3,2],18,3].
[[3,8,0,1,2,2,2,2,1],2,50].
[[2,8,1,1,2,0,2,3,0],32,31].
[[3,8,0,1,2,0,2,3,0],2,67].
[[3,6,0,1,2,2,2,3,0],0,24].
[[3,7,1,1,1,0,2,3,2],3,7].
[[3,7,0,1,2,2,2,2,1],2,12].
[[1,6,1,1,2,2,2,2,0],2,0].
[[2,2,1,1,2,2,2,2,0],2,0].
[[3,2,1,1,2,2,1,2,0],1,0].
[[3,6,1,1,2,2,2,2,1],9,1].
[[3,7,2,1,2,0,2,1,0],5,0].
[[1,8,0,1,2,2,2,1,0],7,17].
[[2,8,0,1,1,2,0,0,0],20,53].
[[3,6,0,1,1,2,0,0,0],0,2].
[[2,8,0,0,0,0,2,3,2],6,56].
[[2,5,0,1,2,2,1,1,1],35,1].
[[3,5,0,1,2,2,1,1,1],74,2].
[[3,7,1,1,2,2,1,1,0],13,4].
[[1,8,0,0,0,0,2,1,0],4,14].
[[2,7,1,0,0,0,2,1,0],5,0].
[[3,5,0,1,2,2,1,2,0],45,0].
[[3,8,0,0,0,0,1,1,1],0,8].
[[3,7,1,1,2,0,2,1,0],9,3].
[[3,8,0,0,0,0,1,2,1],0,20].
[[3,8,0,1,2,0,2,1,1],0,4].
[[3,7,2,0,0,0,1,1,1],3,2].
[[3,7,2,1,2,2,1,1,1],9,9].
[[3,9,1,1,1,0,1,1,1],0,4].
[[3,8,0,1,2,2,1,1,0],0,46].
[[2,7,2,0,0,0,1,2,0],3,0].
[[3,8,0,1,2,0,1,2,2],0,29].
[[1,9,2,1,2,0,1,2,0],3,11].
[[2,8,1,1,1,0,1,2,0],3,3].
[[3,7,1,1,1,0,1,2,0],3,3].
[[2,8,0,1,2,2,1,2,1],8,37].
[[2,8,1,1,2,0,2,3,2],24,21].
[[2,8,1,1,1,0,1,2,1],4,3].
[[1,8,1,1,1,2,2,3,0],12,3].
[[3,8,0,1,1,0,2,3,0],0,9].
[[3,8,1,1,2,0,2,3,1],18,11].
[[1,7,1,0,0,0,2,3,1],6,3].
[[1,5,0,0,0,0,2,1,0],2,0].
[[2,5,0,0,0,0,2,1,0],6,0].
[[3,5,0,0,0,0,1,1,1],16,1].
[[3,9,1,0,0,0,2,3,0],2,29].
[[2,6,1,1,2,2,0,0,0],28,2].
[[3,6,1,1,1,2,0,0,0],4,0].
[[2,8,0,1,2,2,1,1,0],4,14].
[[3,7,1,0,0,0,0,0,0],8,13].
[[3,9,0,1,1,2,2,1,0],0,7].
[[3,7,0,1,1,2,2,2,0],0,10].
[[1,8,1,1,1,2,1,2,1],6,1].
[[2,4,2,1,2,0,1,2,1],23,3].
[[3,9,0,1,2,2,2,1,0],0,9].
[[2,3,1,0,0,0,0,0,0],3,2].
[[3,3,1,0,0,0,2,1,0],1,0].
[[3,7,2,1,2,0,1,2,1],14,2].
[[2,7,2,0,0,0,2,2,1],12,2].
[[3,7,2,0,0,0,1,2,1],12,1].
[[2,7,1,1,1,2,2,3,2],12,3].
[[2,9,1,1,1,0,1,2,2],0,5].
[[2,7,2,1,1,0,2,2,1],2,0].
[[3,3,2,1,1,0,2,2,1],1,0].
[[3,9,0,0,0,0,1,1,0],0,9].
[[3,9,1,1,2,2,2,1,1],0,4].
[[2,6,1,0,0,0,2,1,1],4,0].
[[3,6,1,0,0,0,2,3,0],8,0].
[[1,9,2,0,0,0,1,1,0],2,28].
[[3,8,1,1,1,2,2,2,1],12,17].
[[3,7,0,1,1,2,2,1,0],0,6].
[[3,9,1,0,0,0,1,1,1],0,10].
[[3,6,1,1,2,0,2,1,0],4,0].
[[2,9,1,1,1,2,1,1,0],9,37].
[[3,6,1,0,0,0,2,2,0],8,0].
[[2,8,1,1,2,0,2,3,1],30,23].
[[3,7,2,1,2,0,2,3,2],11,5].
[[2,7,2,1,2,0,1,1,1],2,1].
[[2,7,1,0,0,0,2,2,1],10,7].
[[2,6,1,0,0,0,2,2,1],6,0].
[[3,6,1,1,2,0,2,2,1],4,0].
[[1,8,1,0,0,0,1,1,0],0,7].
[[2,7,1,1,2,0,2,3,2],5,10].
[[3,7,1,0,0,0,2,1,0],6,3].
[[1,9,2,1,1,2,1,1,0],7,16].
[[2,4,2,1,2,0,1,1,0],5,0].
[[3,8,1,1,1,2,2,3,1],18,20].
[[2,9,1,1,2,0,2,1,1],1,13].
[[3,7,1,1,2,0,2,2,1],10,13].
[[1,8,0,1,1,2,2,3,2],12,18].
[[1,9,2,1,2,0,2,3,1],4,19].
[[3,8,0,1,2,2,0,0,0],0,30].
[[2,7,1,0,0,0,1,2,1],6,4].
[[3,9,0,1,2,2,1,2,1],0,4].
[[3,7,2,0,0,0,2,3,0],8,0].
[[3,7,2,1,1,2,2,1,1],2,1].
[[2,7,1,1,1,2,2,3,1],8,4].
[[2,8,0,1,2,0,2,2,0],4,17].
[[3,7,0,1,2,2,1,1,0],0,6].
[[3,5,0,1,2,2,2,3,0],4,0].
[[2,9,1,1,1,2,0,0,0],3,12].
[[1,9,2,1,2,0,0,0,0],1,30].
[[3,7,0,1,1,2,2,3,2],0,12].
[[3,8,0,1,1,2,1,2,2],1,73].
[[2,8,0,0,0,0,1,1,0],0,6].
[[1,9,2,1,2,0,2,3,0],5,41].
[[2,7,1,1,2,2,2,2,1],28,13].
[[3,7,1,1,2,0,1,2,0],6,2].
[[3,3,1,0,0,0,0,0,0],8,0].
[[3,7,0,1,1,2,2,2,1],0,8].
[[3,2,1,1,2,2,0,0,0],3,0].
[[2,9,1,0,0,0,1,1,0],2,33].
[[3,8,0,1,1,0,1,2,0],0,9].
[[3,6,1,1,1,2,1,1,1],1,0].
[[3,8,0,1,1,2,2,1,1],0,14].
[[2,6,1,1,2,0,0,0,0],12,2].
[[1,9,2,1,2,0,1,1,0],0,5].
[[1,4,2,1,2,0,1,2,2],11,0].
[[2,7,2,1,2,2,0,0,0],31,7].
[[3,7,2,1,2,2,2,3,1],23,1].
[[3,9,0,1,2,2,2,2,0],0,4].
[[2,8,0,0,0,0,1,2,1],3,14].
[[3,7,1,0,0,0,1,2,1],13,9].
[[3,7,2,1,2,2,2,1,0],8,1].
[[3,8,0,1,1,0,2,3,1],0,7].
[[2,7,1,1,2,0,2,3,1],6,4].
[[1,5,0,1,2,2,1,2,0],2,1].
[[2,5,0,1,2,2,1,2,0],16,1].
[[2,7,2,0,0,0,2,3,1],17,4].
[[3,8,1,0,0,0,1,1,0],10,10].
[[1,9,2,1,2,0,1,2,1],0,10].
[[3,5,0,1,1,0,1,1,1],6,3].
[[3,8,0,1,1,0,1,2,1],0,8].
[[3,6,1,1,2,2,2,1,0],9,3].
[[2,9,1,1,1,2,2,3,2],4,13].
[[1,7,2,1,2,2,2,1,1],2,0].
[[2,7,2,1,2,2,2,1,1],5,2].
[[2,6,1,1,1,2,2,2,0],0,1].
[[1,8,1,1,1,2,2,1,1],5,2].
[[2,7,1,1,2,0,2,2,1],1,4].
[[3,7,1,1,1,0,2,2,1],1,5].
[[3,9,1,0,0,0,1,1,0],0,13].
[[3,8,0,1,2,0,2,1,0],1,23].
[[3,7,0,0,0,0,2,2,0],0,6].
[[3,8,0,0,0,0,1,2,0],0,25].
[[1,4,2,1,2,0,1,2,0],6,0].
[[1,8,1,1,2,2,1,1,1],6,8].
[[3,5,0,1,2,2,1,2,1],12,1].
[[2,8,0,0,0,0,1,2,2],5,22].
[[3,9,1,0,0,0,2,2,0],1,15].
[[2,7,0,0,0,0,0,0,0],0,6].
[[3,7,0,1,2,0,2,3,2],0,3].
[[2,8,0,0,0,0,2,1,0],4,26].
[[3,7,0,1,2,2,2,1,0],0,5].
[[1,8,0,1,2,2,1,2,2],6,13].
[[3,9,0,1,1,2,2,2,0],0,9].
[[3,8,1,1,1,2,0,0,0],0,3].
[[2,8,1,1,2,0,2,1,0],16,9].
[[3,8,0,1,2,0,2,2,1],1,14].
[[1,4,2,1,2,0,1,2,1],4,0].
[[3,7,2,1,1,2,1,1,1],5,0].
[[2,3,2,0,0,0,0,0,0],10,0].
[[3,9,0,1,2,2,1,1,1],0,4].
[[3,7,2,1,2,0,1,1,0],0,1].
[[2,7,1,1,2,2,1,1,1],7,3].
[[3,7,0,1,2,2,1,2,0],0,6].
[[3,7,0,1,2,2,0,0,0],0,30].
[[2,7,2,0,0,0,1,2,2],16,5].
[[3,7,2,1,2,0,1,2,2],6,1].
[[2,6,1,0,0,0,2,2,0],6,0].
[[3,7,0,1,2,2,2,3,0],0,22].
[[2,7,1,1,2,0,1,2,2],1,1].
[[3,7,1,1,1,0,1,2,2],1,1].
[[3,3,2,0,0,0,0,0,0],6,1].
[[3,8,1,1,2,2,0,0,0],0,5].
[[3,7,2,1,1,0,2,3,2],1,3].
[[1,6,1,0,0,0,2,3,2],22,4].
[[3,6,1,0,0,0,1,2,2],2,1].
[[1,7,2,0,0,0,2,1,1],7,0].
[[2,7,2,1,2,2,1,1,1],4,1].
[[3,7,2,1,2,2,2,3,0],24,2].
[[2,8,0,1,1,2,1,2,1],11,20].
[[3,9,1,1,1,0,1,1,0],0,8].
[[2,7,2,0,0,0,2,1,1],6,0].
[[3,6,1,1,2,0,2,1,1],3,1].
[[3,7,2,1,2,0,2,3,1],9,2].
[[3,5,0,0,0,0,2,1,0],3,0].
[[2,6,1,0,0,0,2,3,0],8,0].
[[2,8,1,1,1,0,2,2,1],1,1].
[[3,8,1,1,1,0,2,2,1],1,1].
[[2,7,1,1,1,2,1,2,2],3,1].
[[3,8,1,1,1,0,2,1,0],3,3].
[[2,9,1,1,1,0,2,3,0],0,7].
[[3,7,0,1,2,0,2,2,1],0,5].
[[1,5,0,0,0,0,1,2,0],2,0].
[[1,7,1,1,2,2,2,3,2],11,6].
[[1,7,1,1,2,2,2,1,0],1,0].
[[2,7,1,1,2,2,1,1,0],3,1].
[[1,7,1,0,0,0,2,2,0],3,0].
[[3,9,1,0,0,0,2,1,0],0,11].
[[3,7,2,1,1,2,1,2,1],7,1].
[[1,8,1,1,2,0,2,1,0],3,0].
[[2,6,1,1,2,0,2,1,0],1,0].
[[3,3,1,1,2,0,2,1,0],1,0].
[[1,4,2,1,2,0,2,1,0],4,1].
[[3,7,2,1,1,2,1,2,2],15,0].
[[1,8,0,1,2,2,1,1,1],0,2].
[[1,8,1,1,1,2,2,3,2],29,6].
[[2,9,1,1,1,0,2,3,1],0,5].
[[2,7,0,1,1,2,2,3,1],1,0].
[[1,8,1,1,2,0,2,3,0],6,6].
[[3,6,1,1,2,2,1,2,2],13,3].
[[3,8,0,1,2,0,2,3,2],0,6].
[[3,3,1,1,2,2,2,1,1],7,1].
[[3,9,0,1,1,0,1,1,0],0,4].
[[3,3,1,0,0,0,2,3,1],2,0].
[[3,7,0,1,2,0,1,2,2],0,1].
[[3,7,1,0,0,0,1,2,2],17,4].
[[2,9,1,1,2,0,1,1,0],0,18].
[[2,7,0,1,1,2,2,2,0],2,1].
[[3,3,2,1,2,0,0,0,0],4,0].
[[3,6,0,1,2,2,2,2,0],0,9].
[[3,9,0,1,1,0,1,2,1],0,1].
[[1,8,1,1,1,2,1,1,1],2,1].
[[2,8,1,1,2,0,2,1,1],3,11].
[[3,8,1,1,1,0,1,1,1],4,12].
[[1,7,1,1,2,2,2,3,1],0,2].
[[1,7,2,1,2,2,2,2,0],4,0].
[[1,6,1,1,2,2,2,3,0],3,0].
[[2,3,1,1,2,2,2,3,0],1,0].
[[3,3,1,1,2,2,1,2,0],1,0].
[[3,7,2,1,1,0,2,3,1],6,2].
[[2,8,0,1,2,0,1,2,0],0,4].
[[3,7,2,0,0,0,2,3,2],12,0].
[[1,8,0,0,0,0,1,1,0],0,1].
[[2,7,0,0,0,0,1,1,0],0,1].
[[3,7,0,0,0,0,1,1,0],0,1].
[[3,7,2,0,0,0,2,2,1],4,0].
[[2,3,1,1,2,2,0,0,0],6,2].
[[3,3,1,1,2,2,2,3,0],4,0].
[[2,7,2,1,1,2,2,3,2],5,1].
[[3,7,2,1,1,2,2,2,1],4,3].
[[3,7,2,1,2,0,2,3,0],17,1].
[[2,7,2,1,2,2,2,3,1],18,0].
[[2,7,1,1,1,2,2,3,0],5,3].
[[3,3,1,1,1,2,0,0,0],6,2].
[[3,7,2,0,0,0,0,0,0],3,0].
[[1,7,1,1,2,2,2,2,0],2,1].
[[2,6,0,0,0,0,2,1,1],0,1].
[[3,6,0,0,0,0,2,1,1],0,1].
[[2,8,1,1,1,2,1,1,0],5,2].
[[2,8,0,1,1,2,1,1,1],1,3].
[[3,6,0,1,2,2,1,2,2],0,7].
[[2,6,1,1,2,2,2,3,0],4,0].
[[3,6,1,1,1,2,1,2,1],7,0].
[[2,9,1,1,2,0,0,0,0],1,10].
[[3,4,0,1,2,0,2,1,0],0,1].
[[3,8,1,1,2,2,2,3,2],8,13].
[[3,7,2,0,0,0,2,1,0],8,0].
[[3,6,0,1,1,2,1,2,0],0,6].
[[2,8,0,1,2,0,2,2,1],1,10].
[[3,5,0,1,2,0,2,2,0],3,0].
[[2,6,1,1,2,2,2,1,0],3,0].
[[2,8,1,1,1,0,2,3,1],2,6].
[[3,7,1,1,1,0,2,3,1],1,7].
[[3,8,1,1,1,0,1,2,1],7,18].
[[2,6,0,0,0,0,2,3,2],0,4].
[[3,3,1,1,2,0,2,3,2],3,1].
[[3,8,0,0,0,0,2,1,0],0,22].
[[1,8,1,1,2,0,1,1,1],0,3].
[[2,7,2,1,1,2,2,3,1],2,1].
[[1,8,0,1,1,2,1,2,2],3,3].
[[2,7,0,1,1,2,1,2,2],0,1].
[[3,6,0,1,2,0,2,2,1],0,1].
[[2,3,2,0,0,0,2,3,2],8,0].
[[3,5,0,1,1,2,2,2,0],3,0].
[[1,6,1,0,0,0,2,2,0],3,0].
[[3,6,1,0,0,0,0,0,0],4,1].
[[3,7,2,0,0,0,1,2,2],7,0].
[[1,8,1,1,1,2,2,2,0],3,2].
[[1,6,0,0,0,0,2,2,0],1,0].
[[2,3,1,0,0,0,2,2,0],1,0].
[[3,3,1,0,0,0,2,2,0],2,0].
[[2,7,2,0,0,0,2,1,0],3,1].
[[3,6,1,1,2,0,2,3,2],7,3].
[[1,5,0,1,2,2,2,1,0],3,0].
[[1,8,0,0,0,0,1,2,2],5,14].
[[2,8,0,1,2,0,1,2,2],1,9].
[[3,9,1,1,1,0,2,1,0],0,5].
[[3,7,0,1,2,0,0,0,0],0,7].
[[2,6,1,1,2,0,2,3,0],1,1].
[[3,6,1,1,1,0,1,2,0],1,1].
[[3,8,0,1,1,2,0,0,0],0,13].
[[3,9,1,1,2,2,0,0,0],0,2].
[[3,6,1,0,0,0,2,3,2],10,0].
[[2,6,0,1,2,2,2,3,2],2,4].
[[3,6,0,1,2,2,2,3,1],0,8].
[[3,7,1,1,2,0,1,1,1],5,7].
[[2,9,1,1,1,0,2,1,0],0,1].
[[3,8,0,1,1,0,2,1,0],0,5].
[[1,7,2,1,2,0,2,3,2],5,1].
[[3,7,2,1,1,2,2,2,0],3,1].
[[3,8,1,1,1,0,1,1,0],1,9].
[[3,7,2,1,1,0,2,3,0],4,3].
[[3,9,1,1,2,2,2,2,1],0,6].
[[2,7,2,1,2,2,2,1,0],4,0].
[[3,7,2,1,2,2,1,2,0],9,0].
[[2,3,2,1,2,2,2,3,2],5,0].
[[3,3,2,1,2,2,2,3,1],4,0].
[[2,5,0,1,1,2,2,3,0],3,0].
[[2,8,0,1,1,2,1,1,0],3,8].
[[3,6,0,1,1,2,1,1,0],0,2].
[[3,9,1,0,0,0,1,2,2],0,22].
[[3,6,1,1,2,0,2,2,0],5,0].
[[3,9,0,1,1,2,2,3,0],0,1].
[[1,8,1,1,1,2,1,2,2],4,2].
[[2,6,1,1,1,2,1,2,2],2,0].
[[3,6,1,1,1,2,1,2,2],4,0].
[[1,7,2,0,0,0,1,2,2],6,1].
[[1,4,2,1,2,0,2,1,1],3,0].
[[2,6,0,1,2,2,0,0,0],1,13].
[[2,9,1,1,1,0,1,1,0],0,2].
[[3,8,0,1,1,0,1,1,0],0,5].
[[3,7,0,1,1,2,2,3,0],0,21].
[[3,9,0,0,0,0,2,2,0],0,1].
[[2,5,0,1,2,0,2,1,0],1,0].
[[3,5,0,1,2,0,2,3,0],1,1].
[[1,7,2,0,0,0,2,3,0],6,0].
[[3,7,1,1,1,0,2,3,0],2,3].
[[2,8,0,1,2,0,1,1,0],0,4].
[[3,7,1,1,2,0,1,1,0],0,3].
[[3,5,0,1,2,2,2,1,0],7,0].
[[2,8,0,1,2,0,2,1,0],0,9].
[[3,8,0,1,2,0,1,1,0],0,8].
[[2,7,2,1,2,0,2,3,1],6,2].
[[3,3,2,1,2,0,2,3,1],4,0].
[[1,8,0,0,0,0,1,1,1],0,1].
[[2,6,0,1,1,2,0,0,0],2,1].
[[3,6,0,1,1,2,2,3,2],1,4].
[[1,8,0,1,2,2,2,1,1],6,9].
[[3,6,0,1,1,2,2,2,1],0,1].
[[1,8,1,1,2,0,1,2,2],5,3].
[[2,7,1,1,1,2,2,1,1],3,3].
[[3,7,1,1,1,2,1,1,1],6,8].
[[1,6,0,0,0,0,0,0,0],0,4].
[[2,6,0,0,0,0,0,0,0],1,6].
[[3,6,0,0,0,0,0,0,0],0,2].
[[1,7,1,0,0,0,2,2,1],4,2].
[[2,5,0,1,2,0,2,3,0],0,1].
[[3,7,2,0,0,0,2,1,1],6,1].
[[3,8,0,0,0,0,1,1,0],0,6].
[[1,6,1,0,0,0,2,3,0],4,0].
[[3,6,1,0,0,0,1,1,1],1,0].
[[3,6,1,0,0,0,2,3,1],5,1].
[[1,7,1,1,2,2,1,2,1],1,0].
[[3,3,1,1,2,2,1,2,1],4,0].
[[1,5,0,0,0,0,1,1,1],9,2].
[[3,7,1,1,2,0,2,1,1],4,5].
[[2,5,0,0,0,0,2,3,0],3,0].
[[3,5,0,0,0,0,2,3,0],2,0].
[[3,6,0,1,1,2,2,2,0],0,8].
[[3,9,0,1,2,0,2,1,0],0,3].
[[2,2,1,0,0,0,0,0,0],4,0].
[[3,2,1,1,2,0,2,3,2],1,0].
[[3,7,0,0,0,0,2,1,1],0,2].
[[2,7,2,1,2,0,2,2,1],7,0].
[[3,9,1,1,1,2,2,2,1],1,6].
[[1,5,0,1,2,2,1,1,1],10,1].
[[2,5,0,1,2,2,1,2,1],2,0].
[[2,7,2,1,1,2,1,2,2],4,0].
[[2,6,1,1,2,0,2,3,2],8,1].
[[3,6,1,1,2,0,2,3,1],5,0].
[[1,3,2,0,0,0,2,3,2],2,0].
[[2,6,1,1,2,2,2,1,1],3,0].
[[3,3,2,1,2,2,2,1,1],2,0].
[[3,9,0,1,1,0,1,2,0],0,5].
[[3,6,1,1,1,2,2,2,1],3,0].
[[2,7,2,1,1,2,2,3,0],1,0].
[[2,6,1,1,2,2,1,2,2],4,0].
[[2,7,2,1,1,0,0,0,0],2,0].
[[1,8,0,1,2,2,1,1,0],1,2].
[[2,5,0,1,1,2,1,2,1],2,0].
[[1,6,0,1,2,2,0,0,0],2,6].
[[2,5,0,1,2,2,2,1,0],5,0].
[[3,7,1,1,1,2,1,1,0],4,1].
[[2,7,0,0,0,0,2,2,0],0,4].
[[2,7,0,0,0,0,2,3,0],0,2].
[[3,7,0,1,2,0,1,2,0],0,3].
[[3,6,0,1,2,2,2,3,2],1,7].
[[3,7,1,1,1,0,2,2,0],2,4].
[[2,7,2,1,2,2,2,3,0],7,0].
[[3,3,2,1,2,2,2,3,0],2,0].
[[1,7,2,0,0,0,2,2,1],6,0].
[[3,3,1,0,0,0,2,2,1],3,0].
[[2,7,0,1,2,2,2,1,1],0,2].
[[3,7,0,1,1,2,1,1,1],0,2].
[[2,6,0,0,0,0,1,2,0],0,1].
[[3,9,1,0,0,0,2,2,1],0,4].
[[3,7,2,1,2,0,0,0,0],2,1].
[[1,5,0,1,2,0,1,1,1],3,0].
[[2,5,0,1,1,0,1,1,1],1,0].
[[2,6,1,1,2,0,2,2,0],2,1].
[[3,3,2,1,1,0,2,2,0],2,0].
[[3,6,1,1,1,2,2,3,1],6,1].
[[3,7,0,1,1,2,2,1,1],0,6].
[[2,6,1,0,0,0,1,1,1],4,0].
[[3,3,2,0,0,0,1,1,1],1,0].
[[3,8,0,1,1,0,2,2,1],0,5].
[[2,6,1,1,2,0,1,1,1],0,1].
[[3,6,1,1,2,0,1,2,0],1,1].
[[3,6,0,0,0,0,2,2,0],0,3].
[[2,6,1,1,1,2,2,3,2],4,0].
[[2,7,1,0,0,0,1,1,0],0,1].
[[2,7,2,1,2,0,2,1,1],3,0].
[[3,7,2,1,1,0,2,1,0],1,0].
[[3,7,2,1,1,0,2,2,0],2,1].
[[2,7,1,1,1,2,1,1,1],0,2].
[[2,6,0,1,2,2,2,2,1],0,2].
[[3,6,0,1,2,2,1,2,1],0,2].
[[3,5,0,0,0,0,1,1,0],3,1].
[[3,2,1,1,2,2,2,2,0],1,0].
[[3,5,0,1,2,2,2,2,0],4,0].
[[3,8,0,1,1,0,1,2,2],0,5].
[[3,6,1,1,1,2,2,3,2],6,0].
[[2,8,1,1,1,0,1,2,2],1,4].
[[1,4,2,1,2,0,0,0,0],6,1].
[[1,7,2,0,0,0,1,2,1],3,0].
[[2,7,2,0,0,0,1,1,0],1,0].
[[3,7,2,0,0,0,1,1,0],1,0].
[[3,6,1,1,1,0,2,3,2],1,1].
[[3,8,0,1,2,0,0,0,0],0,8].
[[3,7,0,1,1,2,1,2,1],0,5].
[[3,7,2,1,2,0,2,1,1],3,0].
[[3,8,1,1,2,0,2,1,1],3,7].
[[3,7,0,1,2,0,2,1,1],0,3].
[[1,8,0,1,1,2,1,2,0],1,1].
[[2,9,1,1,1,0,2,2,0],0,5].
[[3,4,0,1,2,0,2,2,0],0,1].
[[1,7,1,1,2,2,2,1,1],3,1].
[[2,3,1,1,2,2,2,1,1],2,0].
[[3,3,2,1,2,2,1,2,2],3,0].
[[2,5,0,1,1,2,1,2,0],9,0].
[[2,8,1,1,1,0,2,3,0],1,1].
[[3,4,0,1,2,0,1,1,1],0,1].
[[3,3,1,1,2,2,1,2,2],2,1].
[[3,9,0,1,2,2,2,3,0],0,2].
[[2,7,0,1,2,2,2,2,0],0,4].
[[3,6,1,1,2,2,2,1,1],4,0].
[[3,6,0,1,2,0,2,2,0],0,2].
[[2,9,1,1,1,0,2,2,1],0,1].
[[2,6,0,1,2,2,2,3,0],0,5].
[[2,6,0,1,1,2,2,3,0],0,1].
[[2,8,1,1,1,0,2,1,0],1,1].
[[2,5,0,1,2,2,2,3,0],1,0].
[[3,7,0,1,2,0,1,1,1],0,1].
[[3,7,0,1,2,0,2,3,1],1,2].
[[3,7,2,1,1,2,2,1,0],1,1].
[[2,7,2,1,2,0,1,2,2],5,0].
[[2,3,2,1,2,2,2,1,1],1,0].
[[3,7,2,1,1,0,1,2,2],3,1].
[[2,9,1,1,1,0,1,2,0],0,5].
[[3,7,0,0,0,0,2,3,2],0,7].
[[3,4,0,1,2,0,1,2,0],0,2].
[[3,3,2,0,0,0,2,2,0],1,0].
[[3,3,1,1,1,2,2,1,1],3,0].
[[3,9,0,0,0,0,2,1,0],0,1].
[[2,5,0,1,2,2,1,1,0],3,0].
[[3,8,1,0,0,0,2,1,1],1,8].
[[2,5,0,0,0,0,2,2,0],1,0].
[[2,2,1,0,0,0,2,3,2],1,0].
[[3,2,1,1,2,2,1,2,2],1,0].
[[3,8,1,0,0,0,2,3,2],2,4].
[[2,7,2,0,0,0,1,2,1],6,0].
[[2,8,1,0,0,0,1,1,0],3,6].
[[2,7,2,1,2,0,2,2,0],2,0].
[[1,8,0,1,2,2,1,2,1],0,1].
[[2,6,1,1,2,2,1,2,0],1,0].
[[3,6,1,1,1,2,1,2,0],1,0].
[[3,9,1,1,2,0,2,3,1],0,1].
[[2,7,2,1,1,0,2,3,2],0,2].
[[3,3,2,0,0,0,2,3,1],4,0].
[[3,7,2,1,1,2,1,2,0],2,0].
[[3,5,0,1,2,0,1,1,0],1,2].
[[1,8,1,1,2,0,2,1,1],7,4].
[[2,6,0,1,2,2,2,1,1],1,1].
[[2,7,0,1,2,2,2,3,0],2,1].
[[3,9,0,1,1,2,1,2,1],0,4].
[[3,3,2,0,0,0,1,2,2],2,0].
[[3,7,0,1,2,2,1,2,1],0,6].
[[2,7,2,1,1,0,2,2,0],2,0].
[[2,3,2,0,0,0,2,3,1],1,0].
[[2,5,0,1,1,2,1,1,0],4,1].
[[3,6,0,1,1,2,2,1,1],0,2].
[[3,3,1,1,1,2,2,3,0],2,0].
[[3,3,2,1,2,0,2,3,0],1,0].
[[3,6,0,0,0,0,2,3,0],0,3].
[[1,7,2,1,2,2,2,3,1],3,0].
[[1,7,2,1,2,2,1,2,2],1,0].
[[3,1,2,1,2,0,2,3,0],1,0].
[[2,3,1,1,2,2,2,3,1],2,0].
[[3,5,0,1,1,0,1,1,0],4,2].
[[2,5,0,1,1,2,2,1,0],1,0].
[[2,8,0,1,2,0,1,1,1],0,1].
[[2,7,2,1,2,0,1,2,1],2,0].
[[3,7,1,1,1,0,1,1,1],1,1].
[[1,7,2,1,2,2,2,2,1],2,0].
[[3,8,0,0,0,0,2,1,1],0,8].
[[3,9,0,1,2,0,2,2,0],0,2].
[[3,3,2,1,2,2,1,2,1],3,0].
[[2,7,1,1,1,2,1,2,1],2,1].
[[2,6,1,1,1,2,2,3,1],1,0].
[[2,7,0,1,2,2,2,3,1],0,2].
[[3,7,2,1,1,0,1,1,1],2,2].
[[1,6,1,1,2,2,2,3,1],4,0].
[[2,6,1,1,1,2,1,2,1],1,0].
[[3,3,1,1,2,0,2,3,0],1,1].
[[3,1,2,1,2,0,1,1,1],2,0].
[[2,7,0,1,2,2,1,2,2],0,1].
[[3,3,2,0,0,0,1,2,0],1,0].
[[3,7,0,1,2,0,2,2,0],0,1].
[[2,2,1,1,2,2,0,0,0],2,0].
[[1,2,1,0,0,0,2,2,1],1,0].
[[2,2,1,0,0,0,2,2,1],1,0].
[[3,2,1,1,2,0,1,2,1],1,0].
[[2,7,1,0,0,0,1,2,0],1,0].
[[2,7,1,1,2,0,2,1,0],1,0].
[[2,5,0,1,2,2,2,2,0],1,0].
[[1,7,2,1,2,2,2,3,0],1,0].
[[2,7,2,1,1,2,1,2,0],1,0].
[[3,3,2,1,1,2,1,2,0],1,0].
[[3,6,1,0,0,0,1,2,1],5,0].
[[3,7,0,1,2,2,1,1,1],0,2].
[[3,7,0,1,2,0,2,1,0],0,1].
[[3,3,2,0,0,0,1,2,1],1,0].
[[3,3,1,0,0,0,1,2,2],1,1].
[[2,3,2,0,0,0,1,2,2],1,0].
[[3,5,0,1,1,0,1,2,0],0,2].
[[3,6,0,1,2,2,2,1,1],0,3].
[[3,4,0,1,2,0,1,2,2],0,1].
[[3,6,0,1,1,2,2,1,0],0,2].
[[2,6,0,0,0,0,2,3,1],0,1].
[[3,6,0,0,0,0,2,3,1],0,2].
[[1,6,1,0,0,0,1,2,1],1,0].
[[3,2,1,1,2,0,0,0,0],1,0].
[[3,6,1,0,0,0,2,1,0],2,0].
[[3,7,2,1,1,0,0,0,0],1,2].
[[1,7,2,1,2,2,1,2,1],3,0].
[[2,7,2,1,1,2,1,2,1],2,0].
[[3,3,2,1,1,2,1,2,1],1,0].
[[2,6,0,0,0,0,2,2,0],0,1].
[[3,2,0,1,2,2,2,2,0],0,1].
[[3,3,2,1,2,0,2,2,1],4,0].
[[3,9,0,1,2,0,1,1,0],0,4].
[[3,7,1,1,1,0,1,1,0],0,1].
[[3,9,0,1,2,0,1,2,1],0,1].
[[3,6,1,1,1,2,2,3,0],4,0].
[[3,3,1,1,2,2,1,1,1],1,0].
[[3,6,0,1,1,2,1,2,1],1,2].
[[3,7,2,0,0,0,2,3,1],4,0].
[[2,2,1,1,2,2,2,3,1],1,0].
[[3,2,1,1,2,2,1,2,1],1,0].
[[2,6,0,0,0,0,1,2,2],0,1].
[[3,6,0,0,0,0,1,2,2],0,1].
[[3,7,1,0,0,0,1,1,0],1,0].
[[2,5,0,0,0,0,1,1,0],1,1].
[[2,7,1,0,0,0,1,1,1],3,1].
[[1,7,1,0,0,0,1,1,1],1,0].
[[3,6,1,1,1,0,2,1,0],0,1].
[[2,9,1,1,1,0,2,1,1],0,1].
[[3,8,1,1,1,0,2,1,1],2,3].
[[2,6,0,1,1,2,2,1,0],0,1].
[[2,3,1,0,0,0,2,3,0],1,0].
[[3,7,0,0,0,0,1,2,0],0,1].
[[1,6,1,0,0,0,1,1,1],0,1].
[[2,6,1,0,0,0,1,1,0],0,1].
[[3,6,1,1,2,2,1,1,0],1,1].
[[2,7,0,1,1,2,2,1,0],0,1].
[[3,7,0,0,0,0,2,3,0],0,4].
[[3,7,1,1,1,0,1,2,1],2,4].
[[2,6,1,0,0,0,1,2,0],1,0].
[[3,3,1,0,0,0,1,2,0],1,0].
[[2,5,0,1,1,0,1,1,0],1,0].
[[3,2,1,1,2,2,2,3,1],1,0].
[[2,7,1,1,1,2,2,1,0],1,1].
[[1,8,1,1,1,2,2,1,0],2,2].
[[2,6,1,1,1,2,2,1,0],1,0].
[[2,7,2,1,1,0,2,1,1],0,1].
[[3,4,0,1,2,0,2,1,1],0,1].
[[3,9,0,0,0,0,1,1,1],0,1].
[[2,3,2,1,2,0,2,3,2],1,1].
[[1,2,1,0,0,0,0,0,0],2,0].
[[3,2,1,1,2,0,2,2,0],1,0].
[[1,7,2,1,2,0,2,3,1],1,0].
[[2,7,2,1,1,0,1,2,1],2,0].
[[3,7,2,1,1,0,1,2,1],2,1].
[[2,8,0,1,2,0,1,2,1],0,5].
[[2,7,2,1,2,2,1,2,0],2,0].
[[3,6,1,0,0,0,2,2,1],2,1].
[[1,7,2,0,0,0,2,2,0],2,0].
[[2,6,0,1,2,2,2,3,1],0,2].
[[3,9,1,1,2,0,2,1,1],0,2].
[[2,6,0,1,1,2,2,3,1],0,1].
[[1,7,2,1,2,0,2,2,0],1,0].
[[3,9,1,1,2,0,2,2,1],0,2].
[[3,3,2,1,2,0,1,2,2],0,1].
[[2,7,0,1,1,2,2,1,1],0,1].
[[2,5,0,1,2,0,1,1,0],0,1].
[[3,6,0,1,1,2,1,2,2],0,1].
[[3,3,1,1,1,2,1,2,2],1,0].
[[2,7,0,1,1,2,2,3,2],0,2].
[[3,7,0,0,0,0,2,1,0],0,2].
[[2,5,0,1,2,0,2,2,0],2,0].
[[2,7,2,1,1,2,2,2,0],1,0].
[[3,3,2,1,1,0,1,2,2],3,0].
[[2,7,2,1,2,0,2,3,0],1,1].
[[3,9,0,1,1,2,1,1,1],0,1].
[[3,6,0,1,2,2,1,1,1],0,1].
[[3,2,0,1,2,2,0,0,0],0,2].
[[2,6,0,0,0,0,2,3,0],0,1].
[[3,6,0,1,2,0,1,2,0],0,1].
[[2,5,0,0,0,0,1,2,1],1,0].
[[2,7,1,1,2,0,1,1,1],1,0].
[[2,9,1,1,1,0,1,2,1],0,2].
[[3,3,2,0,0,0,2,1,0],1,0].
[[2,3,2,0,0,0,2,1,1],1,0].
[[1,7,1,1,2,2,2,3,0],1,2].
[[3,2,1,0,0,0,2,3,2],1,0].
[[3,8,1,1,1,0,2,3,2],1,0].
[[3,6,0,1,2,0,1,2,1],0,1].
[[3,5,0,1,1,2,2,3,0],1,0].
[[1,8,1,1,2,0,1,2,0],2,0].
[[3,7,2,1,1,0,1,2,0],1,0].
[[3,3,2,0,0,0,2,2,1],3,0].
[[3,7,1,1,1,0,2,1,1],0,2].
[[3,6,0,1,2,2,2,1,0],0,3].
[[2,7,2,1,1,2,2,2,1],1,0].
[[3,3,2,1,1,2,0,0,0],2,0].
[[2,6,1,0,0,0,2,1,0],1,1].
[[3,5,0,1,1,2,2,1,0],1,0].
[[3,7,0,1,2,0,2,3,0],0,2].
[[2,8,1,1,1,0,2,2,0],0,1].
[[2,7,0,1,2,2,2,2,1],1,1].
[[1,3,2,0,0,0,2,3,1],1,0].
[[2,3,2,1,2,0,2,3,1],1,0].
[[2,3,2,1,2,0,1,2,1],1,0].
[[3,3,2,1,2,0,2,1,1],1,0].
[[3,3,1,0,0,0,2,1,1],2,0].
[[1,4,2,1,2,0,1,1,1],1,0].
[[3,1,1,1,2,0,1,1,1],1,0].
[[3,3,2,1,1,2,2,3,1],1,0].
[[3,2,1,1,2,2,2,2,1],1,0].
[[3,6,0,0,0,0,2,3,2],0,2].
[[1,5,0,1,1,2,1,2,0],1,0].
[[3,7,0,0,0,0,1,1,1],0,1].
[[2,6,1,1,1,2,2,3,0],1,0].
[[3,4,0,1,2,0,2,3,0],0,2].
[[3,3,1,1,1,2,2,2,0],1,0].
[[3,1,1,1,2,0,1,1,0],1,0].
[[3,6,1,0,0,0,2,1,1],1,0].
[[1,6,1,0,0,0,2,1,1],2,0].
[[2,6,0,1,2,2,2,1,0],1,1].
[[3,3,1,1,2,2,2,1,0],1,0].
[[3,3,2,1,2,0,2,2,0],1,0].
[[2,8,1,1,1,0,2,1,1],0,1].
[[3,3,2,1,1,2,2,3,2],1,0].
[[2,3,1,0,0,0,2,3,1],1,0].
[[3,3,1,1,2,0,2,3,1],1,0].
[[3,3,2,1,2,2,2,2,0],1,0].
[[2,3,2,0,0,0,2,2,1],1,0].
[[1,7,1,0,0,0,2,1,0],1,0].
[[2,6,1,1,2,0,1,2,2],1,0].
[[3,8,1,1,2,0,0,0,0],0,1].
[[2,3,1,0,0,0,2,1,1],1,0].
[[2,7,1,1,1,2,1,2,0],1,0].
[[3,5,0,1,2,0,2,1,0],1,0].
[[2,7,0,1,2,2,2,1,0],0,1].
[[1,8,0,0,0,0,1,2,1],0,1].
[[3,3,2,0,0,0,2,1,1],1,0].
[[3,7,0,1,1,2,1,1,0],0,1].
