total_WL(20913,15234).
[[1,8,1,1,2,1,2,3,2],376,94].
[[2,7,1,1,2,1,2,3,2],152,50].
[[3,7,1,1,2,1,1,2,2],126,37].
[[1,9,2,0,0,0,2,2,1],407,452].
[[2,9,2,1,2,0,2,2,1],36,47].
[[3,9,2,1,2,1,1,2,1],186,380].
[[1,9,2,1,2,1,2,3,2],453,557].
[[2,9,2,1,2,1,2,2,1],147,211].
[[3,9,2,1,1,1,1,2,0],101,178].
[[1,9,2,0,0,0,2,1,1],240,299].
[[2,9,2,1,2,1,2,1,1],106,150].
[[3,8,0,1,2,1,2,1,1],104,124].
[[1,8,0,1,2,1,1,1,1],3,1].
[[2,7,0,1,2,1,1,1,1],1,0].
[[3,7,0,1,2,1,1,1,1],12,3].
[[1,9,2,1,2,1,2,2,0],306,284].
[[3,9,2,1,1,1,1,2,1],67,173].
[[1,9,2,1,2,1,2,1,1],110,115].
[[2,8,1,1,2,1,2,1,1],217,54].
[[3,8,1,1,2,1,2,1,1],195,73].
[[1,9,2,1,2,1,2,3,0],485,442].
[[2,9,2,1,2,1,2,3,0],276,525].
[[3,8,1,1,2,1,1,2,1],512,169].
[[2,8,0,1,2,1,2,2,0],147,158].
[[3,7,1,1,2,1,2,3,1],206,55].
[[3,7,1,1,1,1,2,2,0],17,8].
[[1,9,2,0,0,0,0,0,0],509,1160].
[[2,9,2,1,2,0,2,3,2],46,112].
[[3,9,2,1,2,1,2,3,2],28,105].
[[2,9,2,1,2,0,2,2,0],26,77].
[[3,9,2,1,2,0,1,1,0],18,65].
[[1,8,0,1,2,1,2,3,2],116,92].
[[2,6,0,1,2,1,2,3,2],11,9].
[[3,6,0,1,1,1,2,3,2],5,4].
[[1,9,2,0,0,0,2,1,0],322,305].
[[2,9,2,1,2,1,1,1,0],69,139].
[[1,8,1,0,0,0,0,0,0],1641,545].
[[2,8,1,1,2,1,2,2,0],136,40].
[[3,7,1,1,2,1,2,2,0],89,24].
[[1,8,0,0,0,0,0,0,0],701,837].
[[2,8,0,0,0,0,2,3,1],96,137].
[[2,8,1,0,0,0,2,3,1],374,108].
[[3,7,1,0,0,0,2,3,1],114,29].
[[1,9,2,0,0,0,2,3,0],1072,1098].
[[2,9,2,0,0,0,2,2,0],144,279].
[[3,9,2,1,2,1,2,2,1],49,103].
[[2,8,0,0,0,0,2,3,0],311,298].
[[3,8,0,1,2,1,1,2,0],285,248].
[[2,8,0,1,2,1,2,1,0],76,64].
[[3,8,0,1,1,1,2,2,0],38,74].
[[1,6,1,0,0,0,1,2,2],1,2].
[[2,6,1,0,0,0,1,2,2],10,3].
[[3,6,1,1,2,1,1,1,1],24,7].
[[1,8,0,1,2,1,0,0,0],219,281].
[[2,8,0,1,2,1,2,3,2],229,312].
[[3,8,0,1,2,1,2,3,2],191,351].
[[1,8,1,0,0,0,2,3,2],1164,317].
[[2,8,1,1,2,1,2,3,2],554,154].
[[3,7,1,1,2,1,2,3,2],403,99].
[[1,9,2,0,0,0,2,3,2],1013,1361].
[[2,9,2,1,2,1,2,3,2],237,440].
[[3,9,2,1,2,1,1,1,1],73,116].
[[2,8,1,0,0,0,2,3,2],737,183].
[[3,8,1,1,2,1,2,3,2],418,91].
[[2,9,2,0,0,0,2,3,2],235,476].
[[1,9,2,0,0,0,1,2,2],440,424].
[[2,9,2,0,0,0,1,2,2],212,315].
[[3,9,2,1,2,0,1,2,2],28,92].
[[1,9,2,1,2,1,1,1,0],29,47].
[[3,9,2,1,2,1,1,1,0],76,210].
[[1,7,2,0,0,0,2,3,1],22,3].
[[2,7,2,0,0,0,2,3,2],194,15].
[[3,7,2,0,0,0,2,2,1],39,2].
[[1,8,1,0,0,0,2,2,0],192,27].
[[2,7,1,0,0,0,2,2,0],46,4].
[[3,7,1,0,0,0,2,2,0],46,15].
[[3,8,0,0,0,0,2,3,2],69,199].
[[1,8,0,0,0,0,2,3,2],341,291].
[[2,8,0,0,0,0,1,2,2],106,92].
[[3,8,0,0,0,0,1,2,2],50,105].
[[2,7,1,1,2,1,0,0,0],202,73].
[[3,7,1,1,1,1,0,0,0],24,20].
[[1,9,2,1,2,0,2,2,0],26,47].
[[2,5,0,1,2,0,2,1,0],7,2].
[[3,5,0,1,1,0,1,2,0],6,5].
[[2,8,1,0,0,0,1,2,0],109,14].
[[3,8,1,1,2,0,1,2,0],94,18].
[[2,8,0,0,0,0,2,3,2],268,330].
[[1,5,0,0,0,0,1,2,0],13,2].
[[2,5,0,1,2,1,1,2,0],46,2].
[[3,5,0,1,1,1,1,2,0],52,3].
[[2,7,2,0,0,0,2,2,0],5,1].
[[3,7,2,1,2,1,1,1,0],6,0].
[[1,8,0,0,0,0,1,1,0],13,13].
[[2,8,0,0,0,0,1,1,0],25,34].
[[3,8,0,0,0,0,1,2,0],137,90].
[[1,9,2,1,2,1,2,3,1],207,229].
[[2,9,2,1,1,1,2,3,2],54,86].
[[3,9,2,1,1,1,1,1,0],22,78].
[[1,9,2,1,2,1,0,0,0],266,482].
[[2,9,2,1,2,1,2,2,0],146,272].
[[2,8,1,1,2,1,2,3,1],298,109].
[[3,9,2,1,2,1,2,2,0],22,145].
[[1,9,2,0,0,0,2,3,1],422,491].
[[2,9,2,0,0,0,1,2,1],219,310].
[[3,9,2,0,0,0,1,2,1],73,158].
[[1,8,1,1,2,0,0,0,0],86,35].
[[2,8,1,1,2,0,2,2,1],93,63].
[[1,8,1,0,0,0,2,2,1],657,181].
[[2,8,1,0,0,0,1,2,1],311,107].
[[3,8,1,0,0,0,1,2,1],206,81].
[[3,8,1,1,1,1,1,2,1],164,59].
[[2,9,2,1,1,1,1,1,0],28,29].
[[3,8,0,1,1,1,1,1,0],16,34].
[[2,8,1,0,0,0,2,2,0],181,41].
[[3,8,1,0,0,0,2,2,1],135,49].
[[1,7,2,0,0,0,0,0,0],260,24].
[[2,7,2,0,0,0,0,0,0],137,18].
[[3,7,2,1,2,1,0,0,0],50,10].
[[2,8,1,1,2,1,0,0,0],173,85].
[[3,8,1,1,1,1,2,2,0],22,14].
[[1,9,2,0,0,0,1,2,1],202,229].
[[2,9,2,0,0,0,2,3,0],282,523].
[[3,9,2,1,2,1,2,3,0],30,297].
[[1,9,2,0,0,0,2,2,0],581,667].
[[2,9,2,0,0,0,1,2,0],305,345].
[[3,9,2,1,2,0,1,2,0],86,159].
[[3,8,1,0,0,0,1,1,1],94,73].
[[1,9,2,1,2,0,1,2,2],9,21].
[[2,9,2,1,2,0,1,2,2],43,85].
[[3,8,0,1,2,0,1,2,2],35,58].
[[2,8,1,0,0,0,0,0,0],194,107].
[[3,8,1,0,0,0,2,1,0],10,4].
[[2,8,0,1,2,1,0,0,0],116,288].
[[3,8,0,1,2,1,2,3,0],189,429].
[[1,9,2,1,2,0,2,3,0],44,58].
[[2,9,2,1,1,0,2,3,0],2,8].
[[3,9,2,1,1,0,2,3,0],1,24].
[[2,9,2,1,2,1,1,2,2],228,289].
[[3,8,0,1,2,1,1,2,2],143,240].
[[2,8,0,0,0,0,2,1,1],85,69].
[[3,8,0,1,2,0,2,1,1],26,33].
[[2,7,1,0,0,0,2,3,2],215,62].
[[1,9,2,1,2,1,2,2,1],199,173].
[[3,8,0,1,2,1,2,2,1],119,164].
[[2,8,1,1,1,1,2,3,2],120,29].
[[3,8,1,1,1,1,2,3,2],127,53].
[[1,8,1,1,2,1,0,0,0],513,182].
[[2,6,1,1,2,1,0,0,0],84,3].
[[3,6,1,1,1,1,2,3,2],26,1].
[[3,8,0,1,2,1,0,0,0],1,88].
[[1,8,1,0,0,0,1,1,1],77,65].
[[2,7,1,0,0,0,1,1,1],19,15].
[[3,7,1,1,2,1,1,1,1],85,53].
[[2,8,0,0,0,0,2,2,0],149,163].
[[3,7,1,1,2,0,1,1,1],29,17].
[[2,8,0,1,2,1,2,3,0],287,236].
[[3,8,0,1,2,1,2,3,1],124,147].
[[2,8,1,1,2,1,1,2,2],210,62].
[[3,8,1,1,2,1,1,2,2],293,124].
[[2,9,2,0,0,0,2,2,1],150,197].
[[3,9,2,0,0,0,2,2,1],16,40].
[[3,7,1,1,2,1,0,0,0],137,57].
[[3,8,1,1,2,1,2,2,1],305,113].
[[2,9,2,1,1,1,2,3,0],86,91].
[[3,8,0,1,1,1,2,3,0],54,154].
[[3,9,2,1,1,1,2,2,1],18,47].
[[1,9,2,0,0,0,1,2,0],355,271].
[[2,8,0,0,0,0,1,2,0],120,63].
[[2,8,0,1,2,1,2,2,1],104,91].
[[1,6,1,0,0,0,0,0,0],252,14].
[[2,6,1,0,0,0,2,3,1],43,1].
[[3,3,2,1,2,0,2,3,1],7,0].
[[3,6,0,1,2,1,2,2,0],10,13].
[[2,8,0,1,2,1,1,2,0],102,70].
[[3,7,0,1,2,1,1,2,0],18,8].
[[2,9,2,1,2,0,1,2,0],62,72].
[[2,9,2,1,1,1,2,1,0],11,21].
[[3,9,2,1,1,1,2,3,0],14,124].
[[1,7,1,0,0,0,0,0,0],318,87].
[[2,3,1,0,0,0,0,0,0],38,2].
[[3,3,1,1,2,0,2,3,2],7,0].
[[2,7,1,1,2,1,2,2,1],100,18].
[[3,7,1,1,2,1,2,2,1],249,61].
[[3,8,1,1,2,1,2,3,1],225,85].
[[2,8,0,0,0,0,0,0,0],105,310].
[[3,7,1,1,2,0,2,1,1],47,17].
[[1,9,2,1,2,1,1,2,1],101,87].
[[2,8,0,1,2,1,1,2,1],42,57].
[[3,8,0,1,1,1,1,2,1],43,83].
[[3,9,2,0,0,0,1,1,0],20,73].
[[2,9,2,1,2,1,1,2,0],283,315].
[[3,9,2,1,1,1,2,1,1],16,42].
[[3,8,1,1,2,0,1,2,1],184,74].
[[3,9,2,1,2,0,2,3,0],17,86].
[[3,8,1,1,2,1,2,2,0],79,31].
[[2,8,1,0,0,0,2,2,1],448,124].
[[3,7,1,0,0,0,2,2,1],122,27].
[[1,9,2,1,2,1,1,2,0],149,115].
[[2,8,1,1,1,1,1,1,1],37,15].
[[3,8,1,1,1,1,1,1,1],80,42].
[[1,8,1,1,2,1,2,2,0],84,13].
[[2,8,1,1,1,1,1,2,0],18,7].
[[3,8,1,1,1,1,1,2,0],80,19].
[[1,9,2,1,2,1,2,1,0],143,133].
[[2,8,1,1,1,1,2,3,1],66,21].
[[3,8,1,1,1,1,2,3,0],32,11].
[[2,7,1,0,0,0,0,0,0],307,105].
[[3,7,1,0,0,0,2,3,2],209,48].
[[3,8,0,1,1,1,2,2,1],27,63].
[[1,8,1,1,2,1,2,3,0],85,11].
[[2,8,1,1,2,1,2,2,1],364,93].
[[3,7,2,1,2,1,1,2,2],84,17].
[[2,9,2,0,0,0,2,3,1],141,188].
[[3,8,0,0,0,0,2,3,1],53,54].
[[1,9,2,1,2,0,1,2,0],9,17].
[[3,9,2,1,1,0,1,2,0],13,34].
[[1,8,0,0,0,0,1,2,2],53,37].
[[2,7,1,0,0,0,1,2,2],35,12].
[[3,7,1,0,0,0,1,2,2],63,18].
[[1,8,1,0,0,0,1,2,1],182,84].
[[1,9,2,1,2,0,1,1,0],7,9].
[[3,8,0,1,2,0,1,2,0],62,72].
[[3,8,1,0,0,0,2,3,2],182,43].
[[3,7,1,1,2,0,2,2,1],65,28].
[[1,6,1,0,0,0,2,3,2],54,3].
[[2,6,1,0,0,0,2,3,2],109,6].
[[3,6,1,0,0,0,2,2,1],40,1].
[[2,8,1,0,0,0,2,3,0],221,65].
[[1,8,1,0,0,0,1,2,2],172,63].
[[2,8,1,0,0,0,1,2,2],242,82].
[[1,8,1,0,0,0,2,3,1],531,147].
[[2,9,2,1,2,1,1,2,1],210,283].
[[3,8,0,1,2,1,1,2,1],127,202].
[[2,8,0,1,2,0,2,2,0],23,31].
[[3,7,0,1,2,0,2,2,0],8,6].
[[1,9,2,1,1,1,2,3,1],33,14].
[[2,9,2,1,1,1,1,2,0],77,54].
[[3,8,0,1,1,1,1,2,0],75,79].
[[3,8,1,1,2,1,1,1,1],241,128].
[[3,7,0,0,0,0,2,3,2],26,15].
[[2,9,2,0,0,0,0,0,0],7,103].
[[3,9,2,1,2,0,2,2,0],2,43].
[[2,7,2,0,0,0,2,2,1],44,6].
[[3,7,2,1,2,1,2,2,1],55,1].
[[2,8,0,1,2,1,2,1,1],57,59].
[[3,4,1,1,2,0,2,2,1],47,9].
[[2,7,0,0,0,0,0,0,0],27,39].
[[3,7,1,1,2,0,0,0,0],38,17].
[[3,9,2,0,0,0,1,2,2],44,126].
[[1,8,0,0,0,0,2,3,1],93,68].
[[2,7,1,0,0,0,2,3,1],108,21].
[[3,3,1,1,2,1,2,3,1],21,1].
[[3,7,1,1,2,0,2,3,0],35,14].
[[1,8,0,0,0,0,2,1,0],84,39].
[[2,8,0,0,0,0,2,1,0],89,65].
[[2,8,1,1,2,1,2,3,0],189,53].
[[3,8,1,1,2,1,2,3,0],69,51].
[[1,8,1,1,2,1,1,2,2],62,21].
[[3,6,0,1,2,1,0,0,0],9,32].
[[3,7,0,1,2,0,2,3,2],15,7].
[[1,8,1,1,2,1,2,1,0],43,5].
[[2,8,1,1,2,1,1,1,0],29,14].
[[3,8,1,1,2,1,1,1,0],84,34].
[[2,7,2,1,2,1,2,3,2],133,10].
[[3,7,2,1,1,1,2,3,1],22,1].
[[3,9,2,1,2,1,1,2,2],98,306].
[[1,8,1,0,0,0,1,1,0],14,10].
[[3,7,1,1,2,1,1,2,1],182,39].
[[1,9,2,1,1,1,2,3,0],66,39].
[[3,7,0,1,2,1,2,3,2],65,47].
[[3,8,0,0,0,0,2,1,1],39,45].
[[2,9,2,1,1,1,2,2,1],36,53].
[[1,7,1,0,0,0,2,3,2],77,19].
[[3,8,1,0,0,0,2,3,0],46,17].
[[2,6,1,0,0,0,0,0,0],135,11].
[[1,7,1,0,0,0,2,3,1],28,5].
[[2,7,1,0,0,0,1,2,1],44,11].
[[3,7,1,0,0,0,1,2,1],98,26].
[[1,8,0,1,2,1,2,3,0],67,42].
[[2,6,0,1,2,1,2,3,0],5,3].
[[3,6,0,1,1,1,2,3,0],2,5].
[[2,9,2,1,1,1,1,2,1],48,57].
[[3,4,1,1,2,0,1,2,1],83,5].
[[1,8,0,0,0,0,2,2,0],127,87].
[[2,8,0,1,2,1,1,1,0],20,25].
[[3,8,0,1,2,1,1,1,0],73,106].
[[3,6,1,1,2,1,2,3,2],86,1].
[[3,7,1,0,0,0,1,2,0],34,3].
[[3,9,2,1,2,1,2,1,1],45,83].
[[2,8,1,0,0,0,2,1,1],269,71].
[[3,8,1,1,2,0,2,1,1],83,36].
[[2,9,2,0,0,0,2,1,0],74,109].
[[3,9,2,1,2,1,2,1,0],10,38].
[[1,9,2,0,0,0,1,1,0],77,123].
[[2,9,2,1,2,0,1,1,0],15,41].
[[1,8,1,0,0,0,2,1,0],110,13].
[[2,8,1,1,2,1,1,2,1],225,80].
[[3,7,1,1,1,1,1,2,1],47,12].
[[3,8,0,1,2,1,2,2,0],100,232].
[[2,8,1,1,2,0,1,2,2],51,38].
[[3,8,1,1,2,0,1,2,2],105,47].
[[1,8,1,0,0,0,2,3,0],290,57].
[[3,8,1,1,1,1,1,2,2],111,36].
[[1,9,2,1,2,0,2,1,0],12,23].
[[3,8,1,1,1,0,1,1,0],5,7].
[[3,3,2,1,2,1,0,0,0],31,0].
[[2,7,1,1,2,1,2,2,0],40,2].
[[3,8,1,0,0,0,1,2,2],154,66].
[[3,7,0,1,2,1,2,3,0],65,34].
[[3,7,1,1,2,0,2,3,1],69,24].
[[2,7,2,1,2,1,2,3,1],36,1].
[[3,8,0,0,0,0,2,3,0],86,184].
[[3,7,0,1,2,1,2,2,1],31,10].
[[3,9,2,1,2,1,1,2,0],261,481].
[[3,6,1,1,2,0,2,2,1],26,4].
[[2,6,1,1,2,0,1,1,1],1,0].
[[3,3,2,1,2,0,1,1,1],1,0].
[[1,8,1,1,2,1,1,2,0],9,6].
[[3,8,1,1,1,1,1,1,0],30,9].
[[3,5,0,1,2,1,2,1,0],42,2].
[[2,8,0,1,2,0,0,0,0],13,42].
[[3,8,0,1,1,0,2,2,1],3,9].
[[3,8,1,1,2,0,2,3,1],67,39].
[[2,9,2,1,2,1,2,3,1],158,207].
[[3,9,2,1,2,1,2,3,1],25,78].
[[3,8,0,1,2,0,2,3,0],68,131].
[[2,8,1,1,2,0,2,3,2],159,62].
[[3,7,2,1,2,0,2,3,2],80,7].
[[2,8,0,1,2,1,2,3,1],100,107].
[[1,9,2,1,1,1,2,3,2],63,42].
[[3,8,0,1,1,1,2,3,2],67,127].
[[3,8,1,1,2,0,2,2,1],123,55].
[[3,3,1,1,2,0,0,0,0],13,1].
[[2,5,0,0,0,0,1,1,1],95,8].
[[3,5,0,1,2,1,1,1,1],318,25].
[[1,8,1,1,2,0,2,3,1],26,14].
[[2,8,1,1,2,0,2,3,1],79,44].
[[3,8,1,1,2,0,2,3,2],136,40].
[[2,7,1,1,2,1,2,1,0],14,1].
[[3,7,1,1,2,1,1,1,0],29,5].
[[3,7,1,1,2,1,2,1,0],35,10].
[[1,8,1,1,1,1,2,3,2],28,9].
[[3,7,2,1,1,1,2,3,2],34,5].
[[3,9,2,1,2,0,1,1,1],14,51].
[[3,7,0,1,2,1,2,2,0],28,27].
[[2,9,2,0,0,0,2,1,1],115,140].
[[2,8,0,1,2,0,2,1,0],6,17].
[[3,8,0,1,2,0,2,3,2],41,79].
[[2,7,2,0,0,0,2,1,1],37,4].
[[3,7,2,1,2,0,1,2,1],35,7].
[[2,9,2,0,0,0,1,1,0],65,129].
[[3,8,0,1,1,1,2,1,1],25,40].
[[2,6,1,1,2,0,2,2,1],7,1].
[[2,8,1,1,2,0,2,2,0],41,19].
[[3,7,1,1,2,0,2,2,0],24,5].
[[2,8,1,1,2,1,2,1,0],65,25].
[[3,8,1,1,2,1,1,2,0],303,43].
[[2,7,1,1,2,1,2,3,1],63,23].
[[2,8,0,1,1,1,2,3,1],15,12].
[[2,4,1,1,2,0,1,2,0],9,4].
[[3,4,1,1,2,0,1,2,0],65,10].
[[3,8,0,1,1,1,1,2,2],45,91].
[[2,9,2,1,2,1,2,1,0],79,117].
[[3,8,0,1,2,1,2,1,0],51,80].
[[3,8,0,0,0,0,1,2,1],62,107].
[[3,3,1,0,0,0,0,0,0],36,3].
[[1,9,2,1,1,1,0,0,0],39,42].
[[2,8,0,1,1,1,0,0,0],19,38].
[[3,7,2,1,1,1,1,2,1],23,2].
[[1,7,2,0,0,0,2,3,2],170,21].
[[2,7,2,0,0,0,1,2,2],56,11].
[[3,7,2,1,2,1,1,1,1],21,16].
[[3,8,0,1,2,0,1,2,1],41,65].
[[1,9,2,1,2,0,2,2,1],15,21].
[[2,8,0,1,2,0,2,2,1],12,20].
[[3,8,0,1,1,0,1,2,1],3,10].
[[3,5,0,0,0,0,1,1,1],129,11].
[[2,8,1,1,1,1,2,3,0],41,9].
[[1,9,2,1,2,1,1,2,2],193,163].
[[3,5,0,1,2,1,1,2,0],165,0].
[[2,9,2,1,2,1,0,0,0],7,104].
[[3,8,1,1,1,1,0,0,0],1,6].
[[2,9,2,1,1,1,2,2,0],43,60].
[[2,4,1,1,2,0,0,0,0],9,1].
[[3,4,1,1,2,0,2,3,0],62,2].
[[3,3,1,1,2,1,2,3,2],46,3].
[[3,8,1,0,0,0,2,1,1],117,31].
[[3,6,1,0,0,0,1,2,0],10,0].
[[1,6,0,0,0,0,0,0,0],27,33].
[[2,6,0,0,0,0,0,0,0],33,31].
[[3,8,1,0,0,0,2,2,0],19,15].
[[3,8,1,1,2,1,2,1,0],28,15].
[[2,8,1,1,2,1,1,1,1],104,58].
[[1,8,1,1,2,1,2,2,1],194,46].
[[3,9,2,0,0,0,1,1,1],28,49].
[[3,7,1,0,0,0,2,1,1],68,19].
[[3,8,0,1,1,1,1,1,1],15,32].
[[2,7,2,0,0,0,2,3,1],45,6].
[[3,7,2,1,2,0,2,3,1],29,4].
[[2,7,2,1,2,0,2,3,2],42,13].
[[1,8,1,1,2,0,2,3,2],52,15].
[[3,8,0,1,2,0,2,2,1],27,40].
[[2,8,1,0,0,0,2,1,0],78,27].
[[2,4,1,1,2,0,2,3,2],22,2].
[[3,4,1,1,2,0,2,3,2],75,6].
[[3,8,1,0,0,0,1,2,0],127,12].
[[3,7,1,0,0,0,0,0,0],78,28].
[[1,8,1,0,0,0,2,1,1],333,91].
[[2,8,1,0,0,0,1,1,1],137,96].
[[1,7,1,0,0,0,2,1,1],13,5].
[[2,7,1,0,0,0,2,1,1],52,18].
[[3,7,1,1,2,1,2,1,1],142,34].
[[3,9,2,0,0,0,1,2,0],97,205].
[[2,8,1,1,1,1,2,1,0],14,7].
[[3,6,1,1,1,1,2,1,0],6,0].
[[2,8,0,0,0,0,2,2,1],102,124].
[[3,8,0,0,0,0,2,2,1],44,74].
[[2,8,0,1,2,0,1,2,2],6,17].
[[3,7,1,1,1,0,1,2,2],3,3].
[[3,8,1,0,0,0,2,3,1],97,38].
[[3,8,1,0,0,0,1,1,0],36,14].
[[2,3,2,1,2,0,2,3,2],8,0].
[[3,3,2,1,1,0,1,2,1],2,0].
[[3,8,0,1,2,0,2,1,0],13,29].
[[2,9,2,1,2,0,1,2,1],51,55].
[[3,5,0,1,1,0,1,2,1],1,0].
[[2,7,0,1,2,1,0,0,0],23,23].
[[1,8,1,1,2,1,1,1,0],4,1].
[[1,9,2,0,0,0,1,1,1],89,83].
[[2,9,2,0,0,0,1,1,1],82,97].
[[3,8,0,0,0,0,1,1,1],21,35].
[[3,8,1,1,1,1,2,1,1],58,26].
[[1,8,0,1,2,1,1,2,1],5,1].
[[1,9,2,1,2,1,1,1,1],45,43].
[[2,8,1,1,1,1,1,2,1],49,9].
[[2,7,1,1,2,0,0,0,0],35,24].
[[2,8,1,1,2,0,2,1,1],69,31].
[[3,6,1,1,2,0,2,1,1],6,1].
[[1,8,0,0,0,0,2,3,0],231,149].
[[2,6,0,0,0,0,2,3,0],13,7].
[[3,6,0,1,2,0,1,2,0],6,1].
[[3,7,2,0,0,0,2,3,2],111,7].
[[2,8,0,1,2,0,2,3,1],8,15].
[[1,8,0,0,0,0,2,2,1],94,70].
[[2,7,2,1,2,1,0,0,0],87,8].
[[3,7,2,1,2,1,2,3,2],232,14].
[[3,8,1,1,2,1,0,0,0],1,18].
[[2,9,2,1,1,1,1,2,2],76,71].
[[3,5,0,1,2,0,1,1,1],88,10].
[[3,6,1,1,2,1,2,1,0],21,0].
[[3,8,1,1,1,0,1,2,2],18,24].
[[3,5,0,0,0,0,1,2,2],12,0].
[[2,9,2,1,2,0,2,1,0],16,39].
[[2,7,0,0,0,0,2,2,0],8,2].
[[3,7,0,1,2,1,0,0,0],14,51].
[[1,5,0,1,2,1,1,1,1],20,0].
[[2,5,0,1,2,1,1,1,1],110,5].
[[3,7,2,0,0,0,2,1,1],31,2].
[[3,8,1,1,1,0,1,1,1],17,22].
[[1,5,0,0,0,0,1,1,1],27,5].
[[3,7,0,1,2,1,2,3,1],20,18].
[[2,6,1,1,2,0,0,0,0],26,0].
[[3,6,1,1,2,0,2,3,1],26,2].
[[1,7,1,0,0,0,2,2,1],36,5].
[[2,7,1,0,0,0,2,2,1],129,22].
[[3,7,1,1,1,1,2,3,1],53,25].
[[3,6,1,1,2,0,2,3,2],34,4].
[[1,8,1,0,0,0,1,2,0],56,13].
[[2,8,1,1,2,1,1,2,0],108,15].
[[3,7,1,1,2,1,1,2,0],65,3].
[[2,8,0,1,1,1,2,3,2],49,25].
[[1,8,0,1,2,1,2,2,1],24,19].
[[2,7,0,1,2,1,2,2,1],8,0].
[[2,9,2,1,1,0,1,2,0],5,9].
[[3,8,0,1,1,0,1,2,0],8,15].
[[2,8,1,0,0,0,1,1,0],43,11].
[[3,7,0,0,0,0,2,1,0],4,2].
[[2,9,2,1,2,0,2,3,0],63,121].
[[2,7,1,1,2,0,1,2,1],3,0].
[[3,7,1,1,2,0,1,2,1],58,19].
[[3,7,2,1,1,0,2,3,2],15,8].
[[3,8,1,1,2,0,2,3,0],37,26].
[[3,4,1,1,2,0,1,1,1],51,5].
[[1,6,1,0,0,0,2,2,1],15,5].
[[2,6,1,0,0,0,1,1,1],11,6].
[[3,6,1,0,0,0,1,1,1],13,2].
[[3,8,0,1,1,0,2,2,0],3,10].
[[3,9,2,1,1,1,2,2,0],5,60].
[[3,9,2,0,0,0,2,1,1],17,39].
[[2,9,2,1,1,1,2,1,1],36,48].
[[2,8,0,1,1,1,2,2,0],30,26].
[[2,8,0,0,0,0,1,2,1],53,54].
[[2,8,0,1,2,1,1,2,2],87,88].
[[2,8,1,1,2,0,1,1,1],39,34].
[[2,9,2,1,2,0,1,1,1],13,21].
[[3,8,1,1,1,1,2,1,0],6,4].
[[2,8,0,1,2,0,2,3,0],38,47].
[[2,8,1,1,2,0,0,0,0],43,30].
[[3,8,1,1,2,0,2,2,0],24,16].
[[2,9,2,1,1,1,2,3,1],33,42].
[[3,8,0,1,1,1,2,3,1],35,54].
[[2,7,2,1,1,1,0,0,0],11,0].
[[2,8,1,1,1,1,2,2,1],76,21].
[[3,8,1,1,1,1,2,2,1],99,39].
[[2,7,1,1,2,1,2,3,0],38,2].
[[3,7,1,1,2,1,2,3,0],120,31].
[[1,9,2,1,1,1,2,1,0],22,11].
[[3,9,2,1,1,1,2,1,0],4,14].
[[3,7,1,1,2,0,2,3,2],118,33].
[[1,8,1,1,1,1,1,2,2],5,3].
[[2,7,1,1,1,1,1,2,2],4,2].
[[3,7,1,1,1,1,1,2,2],32,15].
[[2,9,2,1,2,0,2,3,1],34,47].
[[3,9,2,1,2,0,1,2,1],57,120].
[[3,3,1,0,0,0,2,2,0],8,0].
[[2,5,0,1,1,1,1,1,1],21,3].
[[3,5,0,1,1,1,1,1,1],93,13].
[[3,8,0,1,2,0,2,2,0],22,55].
[[1,7,2,1,2,1,2,3,2],31,2].
[[2,7,2,1,2,1,1,2,2],30,7].
[[2,9,2,1,2,1,1,1,1],100,119].
[[1,8,0,1,2,1,2,3,1],32,30].
[[2,8,1,1,2,0,2,1,0],25,5].
[[3,9,2,1,1,1,1,1,1],26,57].
[[1,8,1,1,2,0,2,3,0],18,4].
[[1,8,0,0,0,0,2,1,1],63,56].
[[3,6,1,1,2,1,2,3,0],31,1].
[[1,8,1,1,2,0,2,2,1],31,17].
[[3,7,2,1,1,0,1,1,1],4,2].
[[3,7,2,1,2,1,2,3,1],60,2].
[[3,7,1,1,1,1,2,1,1],31,8].
[[1,7,2,1,2,1,0,0,0],56,3].
[[2,7,2,1,2,1,2,1,1],19,3].
[[3,7,2,1,2,1,1,2,1],86,3].
[[2,9,2,1,1,1,1,1,1],18,19].
[[2,8,0,1,1,1,2,3,0],37,45].
[[3,8,0,1,1,1,2,1,0],15,33].
[[2,7,1,1,2,0,2,3,0],8,1].
[[3,7,1,0,0,0,1,1,1],51,22].
[[3,7,0,1,2,1,2,1,0],16,8].
[[1,8,1,1,1,1,0,0,0],53,12].
[[2,8,1,1,1,1,2,2,0],32,3].
[[3,7,1,1,1,1,2,3,2],104,27].
[[3,8,0,1,2,1,1,1,1],61,103].
[[1,8,1,1,1,1,2,2,0],11,0].
[[3,8,1,1,1,0,2,3,2],19,16].
[[3,6,1,0,0,0,2,3,1],38,0].
[[1,8,1,1,2,1,2,3,1],168,39].
[[2,7,1,1,2,1,1,2,1],24,7].
[[2,8,0,1,1,1,2,2,1],23,10].
[[1,8,0,1,2,1,2,1,1],19,14].
[[2,8,0,1,1,1,1,1,1],5,2].
[[3,7,2,1,1,1,2,2,1],18,1].
[[1,8,1,1,2,0,2,1,1],20,8].
[[2,7,2,1,1,0,1,2,2],5,1].
[[3,7,2,1,1,0,1,2,2],6,4].
[[3,7,2,1,1,1,1,2,2],25,8].
[[3,3,1,1,2,1,2,2,1],29,0].
[[3,7,1,1,1,1,2,3,0],41,12].
[[2,7,1,0,0,0,2,3,0],59,4].
[[3,8,0,1,1,0,2,3,0],2,15].
[[2,7,2,0,0,0,1,2,1],30,9].
[[3,7,2,0,0,0,1,1,1],13,12].
[[1,6,1,1,2,1,0,0,0],50,0].
[[2,6,1,1,1,1,2,3,0],3,0].
[[3,3,1,1,1,1,2,3,0],2,0].
[[3,5,0,1,2,1,1,2,2],31,1].
[[3,4,1,1,2,0,1,1,0],25,3].
[[3,7,0,0,0,0,0,0,0],10,24].
[[2,5,0,0,0,0,1,1,0],7,0].
[[3,5,0,0,0,0,1,1,0],8,2].
[[3,8,0,0,0,0,0,0,0],1,36].
[[2,3,2,1,2,1,0,0,0],21,0].
[[1,7,1,0,0,0,2,3,0],9,0].
[[2,5,0,1,2,0,1,1,0],2,0].
[[3,5,0,1,2,0,1,1,0],7,2].
[[3,9,2,0,0,0,2,3,2],12,43].
[[2,5,0,1,2,1,1,2,2],8,0].
[[3,5,0,1,1,1,1,2,2],7,1].
[[3,7,0,0,0,0,2,3,0],27,22].
[[3,3,1,0,0,0,1,2,1],6,0].
[[3,6,1,1,1,1,2,3,0],10,1].
[[1,9,2,1,2,0,0,0,0],26,63].
[[3,5,0,0,0,0,1,2,0],64,0].
[[3,7,0,1,2,0,2,2,1],6,1].
[[3,8,1,1,2,0,1,1,1],103,48].
[[3,7,2,1,2,1,2,3,0],20,2].
[[1,9,2,1,1,1,1,2,2],23,11].
[[2,8,1,1,1,1,1,2,2],45,10].
[[3,4,1,1,2,0,1,2,2],83,6].
[[3,3,2,1,2,0,0,0,0],19,0].
[[1,9,2,1,2,0,2,3,2],38,68].
[[1,8,1,1,2,1,2,1,1],107,22].
[[3,3,2,0,0,0,0,0,0],19,0].
[[3,3,1,0,0,0,2,2,1],19,1].
[[3,8,1,1,2,0,1,1,0],22,19].
[[1,7,1,1,2,1,0,0,0],49,17].
[[3,7,1,1,1,1,2,2,1],58,22].
[[2,9,2,1,2,0,2,1,1],23,45].
[[3,8,0,1,1,1,0,0,0],0,20].
[[2,6,0,1,2,1,0,0,0],18,25].
[[3,6,0,1,2,1,2,1,1],4,3].
[[1,3,2,0,0,0,0,0,0],31,0].
[[2,3,2,0,0,0,0,0,0],38,0].
[[2,8,1,1,2,0,2,3,0],44,27].
[[2,5,0,0,0,0,1,2,2],7,0].
[[3,9,2,0,0,0,2,2,0],6,63].
[[3,9,2,0,0,0,2,3,1],11,30].
[[1,9,2,1,2,0,1,2,1],9,11].
[[2,8,1,1,2,0,1,2,1],56,30].
[[3,9,2,1,1,0,1,2,1],6,24].
[[2,7,2,1,2,1,2,2,1],22,1].
[[3,7,2,1,2,1,1,2,0],15,0].
[[2,5,0,0,0,0,1,2,0],43,3].
[[3,5,0,1,2,0,1,2,0],35,2].
[[3,6,0,1,2,1,2,3,0],28,24].
[[3,9,2,1,1,1,2,3,1],15,29].
[[2,6,1,1,2,1,2,3,2],57,0].
[[3,3,2,1,2,1,2,3,2],38,0].
[[3,9,2,1,1,1,1,2,2],41,112].
[[3,6,0,1,2,0,1,2,2],2,2].
[[1,7,1,1,2,1,2,1,1],6,3].
[[2,7,1,1,2,1,2,1,1],52,11].
[[2,6,1,1,2,1,2,3,1],27,2].
[[3,6,1,1,2,1,1,2,1],36,1].
[[1,7,2,1,2,1,2,3,1],4,0].
[[2,3,1,1,2,1,0,0,0],19,1].
[[2,8,1,1,1,0,2,3,1],3,8].
[[3,8,1,1,1,0,2,3,1],14,14].
[[2,6,1,0,0,0,2,1,1],28,1].
[[3,6,1,0,0,0,1,2,1],23,1].
[[3,7,1,1,1,0,2,3,1],3,5].
[[2,7,0,0,0,0,2,3,2],16,9].
[[2,7,0,0,0,0,2,2,1],2,3].
[[3,9,2,1,2,0,2,1,0],1,15].
[[3,7,1,0,0,0,1,1,0],12,2].
[[2,7,1,1,2,0,2,2,0],8,0].
[[1,9,2,1,1,1,2,2,0],45,20].
[[2,6,1,1,2,1,2,2,1],28,1].
[[3,6,1,1,2,1,2,2,1],43,2].
[[3,7,2,0,0,0,2,3,1],46,7].
[[1,8,1,1,2,1,1,2,1],37,21].
[[1,7,2,0,0,0,2,3,0],5,2].
[[2,9,2,1,1,1,0,0,0],6,11].
[[3,4,1,1,2,0,2,2,0],34,3].
[[3,8,0,0,0,0,1,1,0],24,46].
[[2,7,1,1,2,0,2,3,2],29,11].
[[3,7,1,0,0,0,2,3,0],59,16].
[[2,8,0,1,2,0,2,3,2],28,40].
[[3,9,2,1,2,0,2,2,1],17,48].
[[2,8,0,1,1,1,1,2,2],11,15].
[[3,9,2,0,0,0,2,3,0],18,103].
[[2,8,0,1,2,0,1,2,0],14,17].
[[3,8,0,1,1,0,1,1,0],0,8].
[[1,7,2,1,2,0,0,0,0],22,3].
[[2,7,2,1,2,0,0,0,0],39,4].
[[3,7,2,1,1,0,2,3,1],2,4].
[[3,7,2,1,2,0,0,0,0],26,7].
[[1,8,0,1,2,1,2,2,0],51,36].
[[3,8,1,1,1,1,2,3,1],66,46].
[[3,7,1,1,1,1,1,2,0],16,2].
[[3,7,2,0,0,0,1,2,2],52,5].
[[3,9,2,1,2,0,2,1,1],7,37].
[[1,8,0,0,0,0,1,1,1],4,3].
[[2,8,0,1,2,1,1,1,1],26,26].
[[3,8,0,0,0,0,2,2,0],31,92].
[[3,6,1,0,0,0,2,3,2],56,2].
[[1,8,0,1,2,1,1,2,2],17,17].
[[2,7,0,0,0,0,2,3,0],10,5].
[[3,7,0,1,2,0,2,3,0],7,8].
[[3,4,1,1,2,0,2,3,1],31,2].
[[1,9,2,1,2,0,2,3,1],14,30].
[[2,5,0,1,1,1,1,2,0],9,1].
[[2,4,1,1,2,0,1,2,1],12,0].
[[1,9,2,1,1,1,2,1,1],22,7].
[[3,6,0,0,0,0,2,2,1],9,9].
[[2,8,1,1,1,1,0,0,0],32,15].
[[2,5,0,0,0,0,2,1,0],38,0].
[[3,5,0,0,0,0,2,1,0],17,0].
[[2,7,2,1,2,0,1,2,2],13,4].
[[3,7,2,1,2,0,1,2,2],49,3].
[[3,9,2,1,1,0,1,1,0],2,14].
[[3,6,1,1,2,1,0,0,0],30,2].
[[2,8,0,1,2,0,1,1,0],3,3].
[[3,8,0,1,2,0,1,1,0],23,23].
[[3,6,1,1,2,1,1,2,2],38,3].
[[2,6,1,0,0,0,2,2,1],46,4].
[[3,2,1,1,2,1,2,2,1],1,0].
[[3,6,1,1,2,0,2,3,0],7,1].
[[3,6,1,0,0,0,2,3,0],19,0].
[[1,6,0,0,0,0,2,3,2],6,1].
[[3,6,0,1,2,1,1,2,2],8,12].
[[2,8,1,1,2,0,1,2,0],31,13].
[[3,8,1,1,1,0,1,2,0],10,15].
[[2,7,0,1,2,1,2,3,2],21,9].
[[3,7,0,1,1,1,2,2,0],4,8].
[[3,9,2,1,1,0,2,3,1],3,8].
[[3,6,1,0,0,0,2,1,0],9,0].
[[2,6,1,0,0,0,1,2,0],2,0].
[[3,3,1,1,2,1,0,0,0],62,10].
[[2,6,0,0,0,0,2,2,0],5,2].
[[3,6,0,0,0,0,2,2,0],8,4].
[[2,7,2,1,2,0,2,2,1],10,0].
[[3,7,0,1,2,0,1,2,2],3,2].
[[3,7,1,1,2,0,1,2,2],42,21].
[[3,6,0,0,0,0,2,3,2],3,17].
[[3,8,0,1,2,0,2,3,1],24,49].
[[3,9,2,1,1,0,2,3,2],4,16].
[[3,3,2,0,0,0,2,3,2],32,0].
[[2,7,2,1,2,1,2,1,0],5,0].
[[3,7,2,1,1,1,2,1,1],11,0].
[[1,7,2,0,0,0,2,1,0],4,0].
[[2,7,2,1,1,0,0,0,0],5,0].
[[3,7,2,1,1,0,2,1,1],5,2].
[[3,3,1,0,0,0,2,3,1],12,1].
[[1,8,0,1,2,1,1,2,0],10,11].
[[2,7,0,1,2,1,1,2,0],1,0].
[[2,8,0,1,2,0,2,1,1],5,20].
[[3,7,0,1,2,0,2,1,1],2,4].
[[2,7,2,0,0,0,2,1,0],4,0].
[[3,3,2,1,2,1,2,1,0],3,0].
[[3,6,0,1,2,0,2,3,2],2,3].
[[3,7,0,1,1,1,2,3,2],16,8].
[[2,7,1,0,0,0,2,1,0],29,1].
[[3,7,1,1,2,0,1,1,0],6,3].
[[3,5,0,1,2,0,2,1,0],12,1].
[[3,6,1,1,2,1,2,1,1],40,1].
[[3,8,1,1,1,0,2,2,1],17,15].
[[3,9,2,1,1,1,2,3,2],12,35].
[[1,9,2,1,1,1,1,1,0],5,3].
[[2,4,1,1,2,0,1,1,0],4,0].
[[3,7,0,0,0,0,2,3,1],4,4].
[[2,7,1,1,1,1,0,0,0],21,11].
[[3,6,0,1,1,1,0,0,0],2,3].
[[3,5,0,1,1,1,1,2,1],8,1].
[[2,7,1,1,2,0,1,1,1],5,2].
[[3,7,2,1,2,1,2,1,0],8,0].
[[3,6,0,0,0,0,2,3,0],12,15].
[[3,7,2,1,2,1,2,1,1],50,3].
[[2,7,2,1,1,1,1,2,1],2,0].
[[3,7,2,1,1,1,1,1,1],8,6].
[[2,8,1,1,1,0,2,2,1],6,7].
[[3,6,1,1,2,0,0,0,0],5,3].
[[3,7,2,0,0,0,1,2,1],53,2].
[[3,8,1,1,1,0,2,2,0],4,1].
[[2,6,1,0,0,0,2,1,0],12,0].
[[3,8,1,1,1,0,0,0,0],0,1].
[[2,9,2,1,1,0,2,3,2],1,9].
[[3,8,0,1,1,0,2,3,2],2,8].
[[3,7,0,1,1,1,2,3,0],17,15].
[[1,5,0,0,0,0,2,1,0],16,1].
[[2,8,0,1,1,1,2,1,1],9,10].
[[1,7,1,0,0,0,2,1,0],10,0].
[[3,7,1,1,2,0,1,2,0],20,0].
[[3,6,1,0,0,0,2,1,1],13,2].
[[1,9,2,1,2,0,2,1,1],10,17].
[[2,9,2,1,1,0,2,1,1],1,3].
[[3,4,0,1,2,0,2,1,1],0,2].
[[2,7,1,1,2,1,1,2,2],26,10].
[[1,6,1,1,2,1,1,2,1],1,0].
[[2,6,1,1,2,1,1,2,1],14,1].
[[2,7,2,0,0,0,1,1,1],7,10].
[[3,6,0,0,0,0,1,2,1],1,5].
[[3,7,2,1,1,1,0,0,0],13,1].
[[2,8,0,1,2,0,1,1,1],3,3].
[[3,8,0,1,1,0,1,1,1],0,4].
[[3,6,1,1,1,1,2,3,1],11,2].
[[3,9,2,0,0,0,2,1,0],6,12].
[[1,6,1,1,2,1,2,3,1],5,1].
[[2,3,1,1,2,1,2,3,1],3,1].
[[3,6,0,0,0,0,0,0,0],4,5].
[[1,7,2,1,2,0,2,3,2],9,2].
[[1,8,1,1,2,1,1,1,1],27,16].
[[2,7,2,1,2,1,1,1,1],7,3].
[[3,8,0,1,1,0,2,1,1],3,8].
[[2,8,1,1,1,0,2,3,2],12,8].
[[2,7,2,1,1,1,2,3,2],15,1].
[[3,8,1,0,0,0,0,0,0],1,5].
[[3,3,1,0,0,0,2,3,2],29,2].
[[2,7,0,1,2,1,2,3,0],9,8].
[[3,7,0,0,0,0,2,1,1],3,4].
[[1,6,1,0,0,0,2,3,1],16,0].
[[2,6,1,1,2,1,2,1,1],22,0].
[[3,7,2,1,2,0,2,1,1],20,1].
[[3,5,0,1,1,0,1,1,1],5,16].
[[2,4,1,1,2,0,2,2,0],16,0].
[[2,4,1,1,2,0,2,1,1],10,0].
[[3,4,1,1,2,0,2,1,1],38,3].
[[2,6,1,1,1,1,2,1,1],3,0].
[[3,7,1,1,1,0,2,3,2],13,7].
[[3,7,0,1,2,1,1,2,1],11,6].
[[3,6,1,1,2,1,2,2,0],21,1].
[[3,5,0,1,2,1,1,1,0],23,7].
[[3,7,0,0,0,0,2,2,0],19,9].
[[3,6,0,1,2,0,0,0,0],1,7].
[[2,6,1,1,2,0,2,3,1],6,0].
[[3,5,0,1,2,1,1,2,1],8,3].
[[3,6,1,1,1,1,1,2,1],21,0].
[[3,7,2,1,2,0,1,2,0],10,1].
[[1,8,0,0,0,0,1,2,0],35,18].
[[2,9,2,1,1,0,1,1,0],1,3].
[[2,6,1,0,0,0,1,2,1],18,2].
[[3,7,1,1,2,0,2,1,0],18,4].
[[1,9,2,1,1,1,1,2,0],12,15].
[[2,7,1,1,2,0,1,2,0],4,0].
[[3,7,1,1,1,0,1,2,0],2,0].
[[3,7,0,1,2,0,0,0,0],2,8].
[[1,6,1,0,0,0,2,3,0],5,1].
[[2,6,1,1,2,0,2,3,0],3,1].
[[1,9,2,1,1,1,2,2,1],28,18].
[[1,8,1,1,1,1,2,3,0],7,2].
[[3,3,2,0,0,0,1,2,2],8,0].
[[2,6,1,1,1,1,1,2,1],2,0].
[[3,3,2,1,1,1,1,2,2],1,0].
[[2,7,1,1,2,0,2,1,1],9,2].
[[3,9,2,1,2,0,2,3,1],10,19].
[[1,8,1,1,2,0,2,2,0],13,1].
[[3,6,1,1,2,0,2,2,0],14,0].
[[2,9,2,1,1,0,1,2,1],2,7].
[[3,7,0,1,2,1,2,1,1],12,4].
[[2,8,0,1,1,1,2,1,0],14,7].
[[2,6,1,0,0,0,2,3,0],20,0].
[[3,3,1,1,2,0,2,3,0],4,0].
[[1,2,1,0,0,0,0,0,0],4,0].
[[2,2,1,0,0,0,0,0,0],15,0].
[[3,2,1,0,0,0,2,3,2],8,0].
[[2,8,1,1,1,0,0,0,0],5,1].
[[3,7,1,1,1,0,0,0,0],3,1].
[[3,6,1,1,2,0,2,1,0],4,0].
[[2,7,1,1,2,1,1,1,1],12,7].
[[3,9,2,1,1,0,1,2,2],0,29].
[[1,7,2,0,0,0,2,2,1],19,1].
[[2,6,1,1,1,1,0,0,0],11,0].
[[3,6,1,1,1,1,0,0,0],14,1].
[[2,8,1,1,1,1,2,1,1],40,10].
[[3,6,0,1,2,0,2,2,0],3,1].
[[2,4,1,1,2,0,2,3,1],17,2].
[[3,7,0,0,0,0,2,2,1],8,6].
[[3,7,1,1,1,0,2,2,1],8,10].
[[3,7,2,1,2,1,2,2,0],2,1].
[[1,7,2,0,0,0,2,2,0],1,0].
[[2,7,2,0,0,0,1,2,0],3,1].
[[3,7,1,0,0,0,2,1,0],27,3].
[[3,3,2,1,2,0,1,2,1],2,0].
[[2,5,0,1,2,1,2,1,0],29,1].
[[3,6,0,0,0,0,1,2,0],3,0].
[[3,7,2,0,0,0,0,0,0],34,7].
[[3,3,1,0,0,0,2,3,0],6,0].
[[1,7,1,1,2,1,2,1,0],2,0].
[[1,7,1,1,2,1,2,3,2],14,1].
[[2,3,1,1,2,1,2,3,2],5,0].
[[2,7,0,1,2,1,2,2,0],5,8].
[[3,8,1,1,1,0,1,2,1],18,40].
[[2,8,0,1,1,1,1,2,0],10,12].
[[1,7,2,0,0,0,2,1,1],14,5].
[[2,6,1,1,2,1,2,1,0],9,0].
[[3,6,0,1,2,1,1,2,0],12,3].
[[3,6,1,1,2,1,2,3,1],45,3].
[[2,9,2,1,2,0,0,0,0],2,19].
[[2,6,1,1,2,1,1,2,0],3,0].
[[3,6,1,1,2,1,1,2,0],17,0].
[[2,3,2,0,0,0,2,3,2],33,0].
[[3,3,2,1,2,0,2,3,2],23,0].
[[2,6,1,1,2,1,2,2,0],12,0].
[[3,8,1,1,2,0,2,1,0],10,2].
[[3,8,1,1,1,0,2,1,1],13,10].
[[2,7,1,1,1,1,1,2,1],6,3].
[[1,6,1,0,0,0,2,1,0],5,1].
[[2,6,0,1,2,1,2,3,1],1,3].
[[1,9,2,1,1,1,1,2,1],13,8].
[[2,6,1,1,2,1,1,2,2],8,1].
[[3,6,0,1,1,1,2,2,0],4,2].
[[3,8,0,1,1,0,1,2,2],0,8].
[[1,3,2,0,0,0,2,3,1],2,0].
[[2,3,2,0,0,0,2,3,1],3,0].
[[3,3,2,0,0,0,2,3,1],5,0].
[[3,3,2,1,2,0,2,2,1],5,0].
[[3,8,0,1,2,0,0,0,0],0,22].
[[2,6,0,0,0,0,2,3,2],13,9].
[[3,6,0,1,2,1,2,3,2],21,22].
[[3,6,1,0,0,0,1,1,0],6,0].
[[2,9,2,1,1,0,2,3,1],4,7].
[[1,7,2,0,0,0,1,2,2],19,4].
[[3,7,1,1,1,1,1,1,1],18,12].
[[3,7,2,0,0,0,1,2,0],6,0].
[[1,8,1,1,1,1,2,2,1],20,4].
[[3,7,0,0,0,0,1,2,0],12,1].
[[2,8,0,0,0,0,1,1,1],24,18].
[[3,6,0,1,2,1,2,3,1],9,7].
[[3,7,0,1,2,1,1,1,0],4,5].
[[2,7,2,1,1,1,2,1,1],3,0].
[[3,3,2,1,1,1,2,1,1],2,0].
[[3,6,0,1,2,1,2,2,1],8,7].
[[3,7,1,1,1,0,1,2,1],5,0].
[[3,8,0,0,0,0,2,1,0],28,32].
[[2,3,2,0,0,0,2,1,0],2,0].
[[3,3,2,0,0,0,2,1,0],2,0].
[[2,7,2,0,0,0,2,3,0],6,0].
[[3,9,2,1,2,0,2,3,2],10,38].
[[3,2,0,1,2,1,0,0,0],0,2].
[[2,7,0,0,0,0,2,1,0],3,1].
[[2,7,2,1,1,1,2,2,1],3,1].
[[3,3,1,1,2,1,2,1,1],18,0].
[[3,7,2,1,2,0,2,2,0],9,0].
[[1,9,2,1,1,1,1,1,1],3,2].
[[3,3,1,1,1,1,1,2,2],1,0].
[[3,3,2,1,2,1,2,3,1],7,0].
[[3,7,0,1,2,1,1,2,2],23,12].
[[3,7,2,1,1,1,2,3,0],5,0].
[[3,3,1,1,2,0,2,1,1],5,0].
[[2,3,2,0,0,0,2,2,0],1,0].
[[3,3,2,1,2,1,1,1,0],1,0].
[[1,7,2,1,2,1,1,2,1],2,2].
[[2,7,2,1,2,1,1,2,1],21,2].
[[2,6,0,0,0,0,2,1,0],3,1].
[[3,6,0,0,0,0,2,1,0],4,2].
[[3,8,1,1,2,0,0,0,0],0,4].
[[2,7,0,0,0,0,1,2,0],2,0].
[[1,6,1,0,0,0,1,2,1],5,0].
[[2,6,1,1,2,0,1,2,1],4,0].
[[3,6,1,1,1,0,1,2,1],2,1].
[[3,6,1,1,1,0,2,3,2],5,0].
[[2,7,1,1,2,1,1,1,0],5,0].
[[1,8,1,1,2,0,1,2,1],10,7].
[[2,8,1,1,1,0,1,2,1],3,6].
[[3,6,1,1,1,1,1,1,1],5,1].
[[3,9,2,1,1,0,2,1,1],1,4].
[[3,6,0,1,1,1,2,3,1],2,0].
[[2,6,0,0,0,0,2,2,1],6,4].
[[3,7,1,1,1,0,2,2,0],3,4].
[[3,7,0,1,1,1,2,2,1],6,3].
[[2,3,1,1,2,1,2,1,1],1,0].
[[3,3,1,1,2,1,1,2,1],7,0].
[[3,9,2,1,1,0,1,1,1],3,9].
[[2,4,1,1,2,0,2,3,0],19,1].
[[3,7,0,1,1,1,2,3,1],7,4].
[[3,3,1,1,1,1,2,2,1],4,1].
[[2,7,2,1,2,0,2,3,1],13,3].
[[2,8,0,1,1,1,1,2,1],9,4].
[[3,3,1,0,0,0,2,1,1],13,3].
[[3,5,0,0,0,0,1,2,1],4,0].
[[3,7,0,1,1,1,2,1,1],2,1].
[[1,7,2,0,0,0,1,2,1],9,2].
[[2,3,2,0,0,0,1,2,1],1,0].
[[3,5,0,1,1,1,2,1,0],16,1].
[[1,8,1,1,2,0,1,1,1],7,6].
[[2,8,1,1,1,0,1,1,1],1,2].
[[2,8,1,1,2,0,1,1,0],10,5].
[[1,8,1,1,1,1,1,2,1],9,2].
[[3,3,1,1,1,1,1,2,1],2,0].
[[1,5,0,1,2,1,2,1,0],12,2].
[[3,7,0,0,0,0,1,2,1],5,3].
[[2,7,2,1,2,0,2,1,1],11,1].
[[2,7,0,0,0,0,2,3,1],6,1].
[[3,8,0,1,1,0,2,3,1],3,6].
[[3,3,1,1,2,1,2,2,0],10,1].
[[1,8,1,1,1,1,1,2,0],2,0].
[[2,6,1,1,1,1,1,2,0],1,0].
[[3,6,1,1,1,1,1,2,0],6,0].
[[3,6,0,1,2,0,1,2,1],3,2].
[[3,7,0,0,0,0,1,2,2],8,7].
[[3,7,0,1,1,1,1,2,2],4,7].
[[3,3,2,1,1,1,1,1,1],1,0].
[[1,8,1,1,2,0,2,1,0],6,2].
[[1,5,0,1,2,0,1,1,1],3,1].
[[2,5,0,1,2,0,1,1,1],19,5].
[[3,7,2,0,0,0,2,2,0],8,2].
[[2,7,1,0,0,0,1,2,0],11,3].
[[3,7,2,1,2,0,2,2,1],27,3].
[[3,8,0,1,2,0,1,1,1],10,16].
[[3,3,1,1,2,0,2,3,1],5,0].
[[3,3,1,1,2,0,2,2,1],4,1].
[[3,7,1,1,1,1,2,1,0],7,1].
[[3,6,0,1,2,1,1,1,0],1,2].
[[1,6,1,0,0,0,2,1,1],13,1].
[[3,7,0,1,1,1,0,0,0],1,10].
[[3,1,1,1,2,0,1,1,1],3,0].
[[2,7,1,1,1,1,2,3,0],7,1].
[[3,7,2,1,2,0,1,1,0],1,1].
[[1,8,0,1,2,1,2,1,0],12,18].
[[3,3,2,1,2,1,1,2,2],13,0].
[[3,3,2,1,1,0,2,3,2],4,0].
[[2,9,2,1,1,0,2,2,0],0,5].
[[3,6,1,1,2,0,1,2,2],11,2].
[[3,6,0,0,0,0,2,3,1],7,9].
[[2,8,0,1,2,0,1,2,1],4,7].
[[3,6,1,1,2,0,1,1,0],2,1].
[[1,8,1,1,2,0,1,2,2],9,4].
[[3,7,1,1,1,1,1,1,0],9,0].
[[2,6,0,0,0,0,2,1,1],2,3].
[[3,6,0,1,2,0,1,1,1],0,1].
[[2,4,1,1,2,0,2,2,1],9,0].
[[2,3,1,0,0,0,2,3,2],6,0].
[[1,7,2,0,0,0,1,1,1],2,1].
[[2,7,2,1,2,0,1,1,1],3,0].
[[3,7,2,1,2,0,1,1,1],17,8].
[[3,8,1,1,1,0,2,3,0],6,4].
[[2,7,2,1,2,0,2,1,0],3,1].
[[3,3,2,1,2,0,2,1,0],2,0].
[[3,3,1,1,1,1,0,0,0],9,1].
[[2,5,0,1,1,0,1,2,0],1,1].
[[2,6,0,1,2,1,2,2,0],5,1].
[[3,2,0,1,2,1,2,2,0],1,0].
[[1,9,2,1,2,0,1,1,1],1,6].
[[3,3,2,0,0,0,2,3,0],4,0].
[[2,7,1,1,2,0,2,3,1],9,6].
[[3,4,1,1,2,0,2,1,0],17,3].
[[1,3,2,0,0,0,2,3,2],7,0].
[[2,3,2,1,2,1,1,1,1],1,0].
[[3,3,2,1,2,1,1,1,1],3,0].
[[3,2,1,1,2,1,0,0,0],6,0].
[[2,9,2,1,1,0,2,2,1],3,4].
[[3,4,0,1,2,0,1,2,1],0,2].
[[3,3,1,1,1,1,2,3,2],5,0].
[[2,7,2,1,1,0,2,3,2],7,1].
[[3,7,2,1,1,0,1,2,1],1,2].
[[3,7,2,1,1,0,1,2,0],2,1].
[[3,4,1,1,2,0,0,0,0],7,1].
[[1,8,1,1,1,1,2,1,1],11,0].
[[2,4,1,1,2,0,1,1,1],7,1].
[[2,5,0,1,1,0,1,1,1],0,5].
[[3,3,1,1,2,1,1,2,2],14,1].
[[3,2,1,1,1,1,2,3,2],1,0].
[[1,6,1,1,2,1,2,2,1],5,0].
[[3,7,0,0,0,0,1,1,0],6,3].
[[3,7,2,1,2,0,2,1,0],1,1].
[[1,6,1,1,2,1,2,1,1],3,0].
[[3,6,1,1,2,1,1,1,0],4,0].
[[2,3,2,0,0,0,2,2,1],4,0].
[[3,3,2,1,2,1,2,2,1],9,0].
[[2,6,1,1,2,0,2,1,1],4,0].
[[3,6,1,1,2,0,1,1,1],17,4].
[[2,7,1,1,1,1,2,3,2],12,5].
[[3,3,1,1,2,1,1,1,0],1,0].
[[2,6,0,1,2,1,2,2,1],3,3].
[[2,3,2,0,0,0,1,2,2],2,0].
[[3,3,2,0,0,0,1,1,1],3,0].
[[3,6,0,1,2,1,2,1,0],8,4].
[[3,9,2,1,1,0,2,2,0],0,13].
[[3,6,0,1,1,1,1,2,1],1,4].
[[2,7,0,1,2,1,2,3,1],4,3].
[[3,3,1,1,1,1,2,2,0],3,1].
[[3,6,0,1,2,1,1,2,1],5,4].
[[3,7,0,1,1,1,2,1,0],4,1].
[[3,7,1,1,1,0,2,1,1],0,6].
[[3,3,2,1,1,1,2,3,2],6,0].
[[2,6,1,1,2,0,2,3,2],7,0].
[[3,2,1,1,2,1,2,3,2],6,0].
[[1,7,1,0,0,0,2,2,0],8,1].
[[2,7,1,1,2,1,1,2,0],12,0].
[[3,3,1,1,2,1,2,3,0],10,0].
[[3,5,0,1,1,1,1,1,0],6,1].
[[3,6,1,0,0,0,2,2,0],11,3].
[[1,8,1,1,1,1,2,1,0],3,0].
[[3,7,2,1,1,1,1,2,0],2,0].
[[3,7,2,1,1,1,2,2,0],4,1].
[[3,6,1,0,0,0,1,2,2],14,5].
[[3,3,1,1,1,1,2,1,1],1,0].
[[3,7,0,1,1,1,1,2,0],4,4].
[[3,6,1,1,2,0,1,2,1],16,4].
[[3,9,2,0,0,0,0,0,0],0,1].
[[2,6,1,1,1,1,2,3,2],6,1].
[[3,6,1,1,1,1,2,2,1],15,2].
[[2,4,1,1,2,0,1,2,2],13,1].
[[3,2,1,0,0,0,0,0,0],6,0].
[[2,2,1,1,2,1,0,0,0],1,0].
[[3,2,1,1,2,1,2,2,0],2,0].
[[2,3,2,1,2,1,2,3,2],9,0].
[[2,6,1,1,2,1,2,3,0],16,0].
[[1,7,1,1,2,1,1,2,1],2,0].
[[3,6,1,1,1,0,2,3,1],1,0].
[[3,7,0,1,1,1,1,1,1],2,1].
[[2,7,1,1,2,0,2,2,1],18,8].
[[2,7,2,1,2,0,2,3,0],3,0].
[[1,7,1,1,2,1,2,2,1],6,0].
[[3,7,0,1,2,0,1,1,0],0,2].
[[2,3,2,1,2,0,0,0,0],10,0].
[[3,6,1,1,1,1,1,2,2],7,0].
[[3,9,2,1,2,1,0,0,0],0,5].
[[3,9,2,1,1,0,2,2,1],1,6].
[[3,3,2,1,2,0,1,2,2],5,0].
[[2,6,0,0,0,0,1,2,0],1,2].
[[3,6,0,0,0,0,1,1,0],1,2].
[[2,5,0,1,2,1,1,1,0],3,1].
[[3,6,1,1,1,1,2,1,1],5,1].
[[3,7,2,1,2,0,2,3,0],10,2].
[[1,6,1,1,2,1,2,1,0],1,0].
[[2,6,1,1,2,1,1,1,0],1,0].
[[2,7,2,1,2,0,1,2,1],6,2].
[[3,3,1,0,0,0,1,2,2],2,1].
[[3,3,1,0,0,0,2,1,0],6,0].
[[2,3,1,0,0,0,2,1,1],1,0].
[[3,3,1,0,0,0,1,1,1],3,0].
[[2,5,0,1,1,1,2,1,0],6,2].
[[3,7,2,1,1,0,0,0,0],5,0].
[[2,7,1,1,2,0,1,2,2],4,3].
[[3,3,1,1,2,0,1,2,2],3,0].
[[3,7,2,0,0,0,2,3,0],6,0].
[[3,3,2,1,2,1,1,2,1],1,0].
[[1,7,1,1,2,1,2,3,0],7,0].
[[1,8,1,1,1,1,2,3,1],12,3].
[[1,6,1,1,2,1,2,3,2],11,0].
[[3,7,1,1,1,0,2,3,0],3,2].
[[2,6,1,0,0,0,2,2,0],10,0].
[[3,3,2,1,2,1,2,1,1],6,0].
[[1,8,0,0,0,0,1,2,1],5,4].
[[3,8,0,1,1,0,0,0,0],0,1].
[[2,8,1,1,1,0,2,2,0],3,2].
[[3,6,0,1,2,1,1,1,1],4,2].
[[3,2,1,0,0,0,2,3,0],1,0].
[[2,4,1,1,2,0,2,1,0],6,0].
[[2,7,1,1,1,1,1,2,0],1,0].
[[3,6,0,0,0,0,2,1,1],1,2].
[[1,8,1,1,2,0,1,2,0],2,0].
[[3,2,1,1,2,1,2,3,1],2,0].
[[1,6,0,0,0,0,2,3,0],1,1].
[[2,3,1,0,0,0,1,2,1],2,0].
[[2,6,1,1,1,1,2,2,1],6,0].
[[3,6,1,0,0,0,0,0,0],17,1].
[[3,3,2,1,1,1,0,0,0],2,0].
[[2,7,1,1,1,1,2,2,1],8,2].
[[1,6,0,0,0,0,2,1,1],1,0].
[[2,6,0,1,2,1,2,1,1],1,2].
[[3,7,0,1,2,0,2,3,1],5,4].
[[2,8,0,1,1,1,1,1,0],1,3].
[[3,9,2,1,1,0,2,1,0],0,8].
[[2,6,0,0,0,0,1,2,2],0,1].
[[3,6,1,1,1,1,2,2,0],4,0].
[[3,5,0,1,2,0,1,2,2],6,1].
[[2,7,0,1,2,1,1,2,2],4,0].
[[3,7,2,1,1,0,2,3,0],1,1].
[[3,7,0,1,1,1,1,2,1],2,0].
[[3,6,0,0,0,0,1,1,1],1,0].
[[3,8,1,1,1,0,2,1,0],1,2].
[[3,6,1,1,1,0,2,1,1],1,0].
[[1,6,0,0,0,0,2,1,0],1,0].
[[3,6,1,1,2,0,1,2,0],2,1].
[[3,3,2,1,1,0,0,0,0],2,0].
[[2,8,1,1,1,0,1,1,0],0,1].
[[2,8,1,1,1,1,1,1,0],7,3].
[[2,7,0,0,0,0,1,1,0],0,1].
[[2,9,2,1,1,0,2,1,0],1,3].
[[3,8,0,1,1,0,2,1,0],0,4].
[[2,7,1,1,1,1,2,2,0],4,1].
[[2,7,1,1,1,1,1,1,1],0,2].
[[2,6,0,0,0,0,1,1,0],0,1].
[[1,8,1,1,2,0,1,1,0],1,0].
[[2,7,1,0,0,0,1,1,0],2,0].
[[2,9,2,1,1,0,0,0,0],0,1].
[[1,6,1,1,2,1,1,2,2],1,0].
[[2,6,1,1,1,1,1,1,1],2,0].
[[2,3,2,0,0,0,2,3,0],2,0].
[[2,6,0,1,2,1,2,1,0],4,0].
[[3,3,2,0,0,0,2,2,1],7,0].
[[2,7,2,0,0,0,1,1,0],1,1].
[[3,7,2,0,0,0,1,1,0],2,2].
[[2,3,2,1,2,0,2,2,1],2,0].
[[3,3,2,1,2,1,1,2,0],1,0].
[[2,5,0,1,2,0,1,2,0],6,0].
[[3,7,0,1,2,0,1,2,0],2,2].
[[2,5,0,1,1,0,2,1,0],1,0].
[[3,5,0,1,1,0,2,1,0],3,2].
[[1,7,2,1,2,1,2,1,1],1,3].
[[3,7,1,1,1,0,2,1,0],0,2].
[[3,4,0,1,2,0,1,1,0],0,1].
[[3,2,1,1,2,1,1,2,2],1,0].
[[3,7,2,0,0,0,2,1,0],5,0].
[[2,2,0,0,0,0,0,0,0],0,1].
[[3,2,0,0,0,0,2,2,1],1,1].
[[2,7,1,1,1,1,2,3,1],4,2].
[[3,6,0,1,1,1,2,2,1],4,1].
[[2,9,2,1,1,0,1,2,2],1,10].
[[3,3,2,0,0,0,2,1,1],6,0].
[[2,5,0,1,2,0,1,2,2],2,0].
[[2,7,2,1,2,1,2,3,0],7,0].
[[2,7,0,0,0,0,1,2,2],2,1].
[[3,3,2,1,2,1,2,2,0],1,0].
[[2,8,1,1,1,0,2,1,1],4,6].
[[3,6,0,1,2,0,2,3,0],4,2].
[[3,3,1,1,2,0,1,2,1],2,0].
[[1,7,1,0,0,0,1,1,1],3,1].
[[3,6,0,1,2,0,2,1,1],0,2].
[[1,7,2,1,2,1,2,2,0],3,0].
[[2,7,2,1,1,1,1,1,0],1,0].
[[3,7,2,1,1,1,1,1,0],1,0].
[[2,7,2,1,2,1,2,2,0],2,0].
[[2,7,0,1,2,1,2,1,0],3,2].
[[1,7,2,1,2,1,2,1,0],4,0].
[[2,7,2,1,2,1,1,2,0],1,0].
[[3,7,2,1,1,1,2,1,0],2,1].
[[1,8,1,1,1,1,1,1,1],2,1].
[[1,7,1,0,0,0,1,2,2],0,1].
[[1,5,0,1,2,0,2,1,0],3,0].
[[2,3,1,1,2,1,2,2,1],1,0].
[[3,6,0,1,1,1,2,1,0],2,0].
[[3,2,1,0,0,0,2,2,1],3,0].
[[1,7,1,0,0,0,1,2,1],5,0].
[[3,3,2,1,2,0,2,3,0],1,0].
[[1,5,0,1,2,1,1,2,0],2,1].
[[1,6,1,0,0,0,2,2,0],4,0].
[[3,6,1,1,1,1,1,1,0],2,0].
[[3,6,0,1,2,0,2,1,0],1,0].
[[1,7,2,1,2,1,2,2,1],5,0].
[[3,3,2,1,1,1,2,2,1],1,0].
[[2,6,1,1,1,1,1,2,2],2,0].
[[2,6,1,0,0,0,1,1,0],3,0].
[[2,6,1,1,1,1,2,3,1],2,1].
[[2,7,1,1,2,0,1,1,0],1,0].
[[3,6,0,1,1,1,1,2,2],1,2].
[[3,9,2,1,1,1,0,0,0],0,1].
[[3,3,2,1,2,0,2,1,1],4,0].
[[2,5,0,1,1,1,1,2,2],1,0].
[[1,7,1,1,2,1,2,3,1],1,3].
[[2,6,1,1,2,0,1,1,0],0,1].
[[2,7,2,1,1,1,1,2,2],5,1].
[[2,6,1,1,2,0,2,2,0],3,0].
[[3,2,1,1,2,1,2,3,0],2,0].
[[3,2,1,0,0,0,2,3,1],1,0].
[[2,6,1,1,2,0,2,1,0],2,0].
[[3,3,1,1,2,1,2,1,0],3,0].
[[2,6,1,1,2,0,1,2,2],2,0].
[[2,7,1,1,1,1,2,1,0],2,0].
[[2,7,1,1,1,1,2,1,1],4,0].
[[2,1,1,1,2,0,1,1,1],2,0].
[[3,2,0,0,0,0,2,3,2],1,0].
[[1,7,1,1,2,1,2,2,0],4,0].
[[2,3,1,1,2,1,2,2,0],3,0].
[[2,3,1,0,0,0,2,2,1],4,0].
[[3,7,2,1,1,0,1,1,0],1,0].
[[1,5,0,1,1,1,1,1,1],2,0].
[[3,7,0,1,1,1,1,1,0],2,1].
[[3,2,1,1,2,1,2,1,1],1,0].
[[2,7,1,1,2,0,2,1,0],3,0].
[[3,6,1,1,1,0,0,0,0],3,0].
[[2,3,2,1,2,1,2,1,1],1,0].
[[3,6,0,1,1,1,1,2,0],2,2].
[[1,7,2,1,2,1,1,2,2],4,0].
[[3,7,0,0,0,0,1,1,1],3,0].
[[1,5,0,1,1,1,2,1,0],2,0].
[[3,2,1,1,2,1,2,1,0],1,0].
[[3,3,1,1,1,1,2,3,1],3,0].
[[2,7,0,1,2,1,2,1,1],2,0].
[[3,6,0,1,2,0,2,2,1],1,0].
[[2,3,1,0,0,0,2,3,1],4,0].
[[2,3,1,0,0,0,2,2,0],2,0].
[[3,3,1,1,2,0,1,2,0],1,0].
[[1,7,2,1,2,0,1,2,1],2,0].
[[3,2,1,1,2,0,2,3,2],1,0].
[[3,5,0,1,2,0,1,2,1],2,0].
[[2,6,1,1,2,1,1,1,1],3,1].
[[1,7,1,1,2,1,1,1,1],1,1].
[[3,7,0,1,2,0,2,1,0],2,1].
[[2,8,1,1,1,0,1,2,2],0,2].
[[2,3,2,1,2,0,1,2,2],1,0].
[[3,4,0,1,2,0,2,3,2],0,1].
[[3,3,2,0,0,0,1,2,1],5,0].
[[3,4,0,1,2,0,1,2,0],0,2].
[[2,3,2,0,0,0,2,1,1],2,0].
[[2,7,2,1,1,1,2,3,1],1,0].
[[3,3,0,0,0,0,2,1,1],0,1].
[[3,3,1,1,2,1,1,2,0],5,0].
[[3,6,0,0,0,0,1,2,2],0,3].
[[1,7,2,1,2,0,2,2,1],3,0].
[[2,7,2,1,2,0,2,2,0],2,0].
[[2,3,2,1,2,0,2,3,1],1,0].
[[3,3,2,1,1,0,2,3,1],1,0].
[[1,8,0,1,2,1,1,1,0],2,1].
[[3,6,0,1,1,1,1,1,0],0,2].
[[3,7,0,1,2,0,1,2,1],0,1].
[[3,2,1,0,0,0,1,2,2],1,0].
[[3,2,0,1,2,1,2,1,0],1,0].
[[2,6,0,0,0,0,2,3,1],2,2].
[[1,6,1,1,2,1,2,2,0],1,0].
[[3,2,0,0,0,0,0,0,0],1,0].
[[2,8,1,1,1,0,2,1,0],2,0].
[[3,4,0,1,2,0,1,1,1],0,1].
[[3,5,0,1,1,0,1,1,0],1,2].
[[1,6,1,0,0,0,1,1,1],1,1].
[[2,7,0,0,0,0,2,1,1],2,1].
[[3,6,0,1,2,0,2,3,1],0,1].
[[2,6,0,1,2,1,1,1,0],0,1].
[[2,9,2,1,1,0,1,1,1],0,4].
[[2,6,1,1,2,0,1,2,0],1,0].
[[1,6,1,1,2,1,2,3,0],3,0].
[[1,7,2,1,2,1,2,3,0],3,0].
[[2,6,1,1,1,1,2,2,0],1,0].
[[2,8,1,1,1,0,1,2,0],1,1].
[[3,3,1,1,2,0,1,1,1],1,0].
[[2,3,1,1,2,1,1,1,1],1,0].
[[3,3,1,1,1,1,1,1,1],1,0].
[[3,1,0,1,2,0,1,1,1],0,1].
[[3,3,2,1,1,0,2,1,1],1,0].
[[1,7,2,1,2,0,2,3,1],2,0].
[[3,6,0,1,1,1,2,1,1],0,1].
[[1,7,1,1,2,1,1,2,2],1,0].
[[3,3,2,1,1,0,1,2,2],1,0].
[[2,6,0,0,0,0,1,2,1],1,0].
[[3,3,1,1,2,1,1,1,1],1,0].
[[2,3,1,0,0,0,2,3,0],1,0].
[[3,1,1,1,2,0,1,2,0],1,0].
[[3,2,0,0,0,0,2,1,0],1,0].
[[2,3,2,1,2,1,2,2,0],1,0].
[[3,3,1,0,0,0,1,2,0],1,0].
[[2,7,2,1,1,0,2,2,1],1,0].
[[3,7,2,1,1,0,2,2,1],1,0].
[[1,7,2,1,2,0,2,1,0],1,0].
[[1,3,2,0,0,0,2,1,1],1,0].
[[3,3,2,0,0,0,1,1,0],1,0].
[[3,4,0,1,2,0,2,2,0],0,1].
[[1,6,0,0,0,0,2,2,0],1,0].
[[2,2,0,0,0,0,2,2,0],1,0].
[[3,2,0,0,0,0,2,2,0],1,0].
[[3,3,0,1,2,1,2,3,1],0,1].
[[3,2,1,1,2,0,2,2,0],1,0].
[[1,7,2,1,2,0,1,2,2],0,1].
[[3,4,0,1,2,0,1,2,2],0,1].
[[3,5,0,1,1,0,1,2,2],0,1].
[[2,7,2,1,2,0,1,2,0],1,0].
[[2,2,1,0,0,0,2,1,0],1,0].
[[3,2,1,1,2,0,2,1,0],1,0].
