total_WL(14397,4176).
[[1,8,2,0,0,0,2,3,0],1301,315].
[[2,8,2,1,2,1,2,3,0],622,183].
[[3,8,2,1,2,1,2,3,0],245,123].
[[1,8,2,0,0,0,1,1,0],92,54].
[[2,7,2,0,0,0,1,1,0],26,14].
[[3,5,0,1,2,1,1,1,0],12,2].
[[1,6,2,0,0,0,0,0,0],692,44].
[[2,6,2,1,2,0,0,0,0],60,7].
[[3,6,2,1,1,0,2,2,2],19,9].
[[2,8,2,0,0,0,1,2,0],423,113].
[[3,8,2,0,0,0,1,2,0],240,50].
[[1,7,2,0,0,0,0,0,0],1080,346].
[[2,7,2,1,2,1,0,0,0],503,205].
[[3,7,2,1,2,1,2,2,2],327,96].
[[1,8,2,1,2,1,2,1,0],162,57].
[[2,8,2,1,2,1,2,1,0],205,87].
[[3,7,2,1,2,1,2,1,0],189,78].
[[2,8,2,1,2,0,2,3,0],133,70].
[[3,8,2,1,2,0,1,2,0],173,59].
[[1,8,2,0,0,0,2,3,2],678,195].
[[2,8,2,0,0,0,2,3,2],389,110].
[[3,7,2,1,2,1,2,3,2],325,75].
[[1,8,2,1,2,1,0,0,0],798,353].
[[2,8,2,1,2,1,2,2,0],330,125].
[[3,8,2,1,1,1,1,1,0],49,45].
[[1,8,2,1,2,0,2,3,0],44,23].
[[3,8,2,1,2,0,2,3,0],76,52].
[[1,8,2,0,0,0,0,0,0],1897,749].
[[2,8,2,0,0,0,0,0,0],101,89].
[[2,7,2,0,0,0,0,0,0],556,181].
[[2,8,2,0,0,0,2,2,0],339,111].
[[3,8,2,1,2,0,2,2,0],27,21].
[[1,8,2,1,2,1,2,3,0],566,147].
[[2,8,2,1,2,1,1,2,0],363,117].
[[3,7,2,1,2,1,1,2,0],401,54].
[[2,6,2,0,0,0,2,3,2],193,9].
[[3,6,2,0,0,0,1,2,0],40,3].
[[3,7,2,0,0,0,2,2,2],167,37].
[[1,7,2,0,0,0,2,2,2],95,37].
[[2,7,2,0,0,0,1,1,2],23,2].
[[3,5,0,0,0,0,1,1,2],29,3].
[[2,7,2,0,0,0,1,2,2],43,14].
[[3,3,2,0,0,0,1,2,2],48,1].
[[2,8,2,1,1,1,2,1,0],41,17].
[[3,4,1,1,2,0,2,3,2],30,5].
[[2,6,2,1,2,1,0,0,0],124,5].
[[3,6,2,1,2,1,2,2,2],176,2].
[[1,7,2,1,2,1,2,3,0],61,9].
[[2,7,2,1,2,1,2,3,0],337,74].
[[3,7,2,1,1,1,2,3,0],167,74].
[[2,8,2,0,0,0,2,3,0],623,188].
[[3,8,2,1,2,1,1,2,0],547,162].
[[1,8,2,0,0,0,1,1,2],70,22].
[[2,8,2,0,0,0,1,1,2],85,33].
[[3,8,2,0,0,0,1,1,2],64,21].
[[2,8,2,0,0,0,1,2,2],209,67].
[[3,8,2,1,2,0,1,2,2],76,36].
[[1,6,2,1,2,1,2,3,2],34,2].
[[2,6,2,1,2,1,2,3,2],110,6].
[[3,6,2,1,2,1,1,2,2],150,19].
[[1,8,2,0,0,0,2,2,2],629,228].
[[2,7,2,1,2,1,2,2,2],154,51].
[[1,7,2,1,2,1,0,0,0],368,120].
[[1,8,2,1,2,1,2,3,2],276,75].
[[2,8,2,1,2,1,2,3,2],355,111].
[[3,8,2,1,2,1,1,1,2],114,48].
[[3,8,2,1,1,1,2,2,2],98,37].
[[3,8,2,1,2,0,1,1,0],51,36].
[[2,8,2,0,0,0,1,1,0],104,86].
[[3,8,2,0,0,0,2,1,2],40,17].
[[1,8,2,1,2,1,2,2,2],257,93].
[[2,8,2,1,2,1,2,2,2],368,123].
[[3,8,2,1,2,1,2,1,2],90,41].
[[3,8,2,1,2,0,2,3,2],56,23].
[[1,8,2,1,2,1,1,1,0],34,22].
[[2,8,2,1,2,1,1,1,0],119,68].
[[3,7,2,1,2,1,1,1,0],97,53].
[[3,7,2,0,0,0,2,3,0],258,55].
[[1,8,2,1,2,1,2,1,2],142,38].
[[2,8,2,1,2,1,2,1,2],158,54].
[[2,7,2,1,2,0,2,3,0],42,14].
[[3,7,2,1,2,0,2,3,0],120,45].
[[3,7,2,1,2,1,2,1,2],149,31].
[[2,8,2,1,2,1,1,1,2],94,37].
[[3,7,2,0,0,0,2,1,0],101,22].
[[1,7,2,0,0,0,2,3,0],219,35].
[[2,7,2,0,0,0,2,3,0],364,63].
[[3,3,2,0,0,0,2,3,0],27,3].
[[3,8,2,1,2,1,2,2,2],281,97].
[[3,8,2,1,1,1,2,1,2],39,15].
[[1,7,2,1,2,1,2,2,0],44,4].
[[2,7,2,1,2,1,2,2,0],183,41].
[[3,7,2,1,2,1,2,2,0],303,97].
[[1,7,2,0,0,0,2,3,2],97,20].
[[2,7,2,1,2,1,2,3,2],167,31].
[[1,8,2,1,2,0,0,0,0],77,49].
[[1,6,2,0,0,0,2,1,2],121,14].
[[2,6,2,0,0,0,2,1,2],118,6].
[[3,6,2,1,2,0,2,1,2],38,4].
[[2,7,2,1,2,1,1,1,0],24,14].
[[2,8,2,1,2,1,0,0,0],108,95].
[[3,7,2,1,2,1,0,0,0],188,90].
[[2,8,2,1,2,0,2,3,2],59,30].
[[3,8,2,1,2,1,1,1,0],161,121].
[[2,8,2,1,2,1,1,2,2],219,70].
[[3,5,0,1,2,1,1,1,2],47,1].
[[1,6,2,0,0,0,2,3,2],196,15].
[[2,6,2,0,0,0,1,2,2],100,20].
[[3,6,2,0,0,0,1,2,2],93,10].
[[3,7,2,0,0,0,0,0,0],86,35].
[[2,7,2,0,0,0,2,3,2],200,47].
[[3,7,2,1,2,0,2,3,2],73,36].
[[1,8,2,0,0,0,2,2,0],707,202].
[[3,7,2,0,0,0,2,2,0],125,42].
[[1,8,2,1,2,1,2,2,0],317,76].
[[2,8,2,1,1,1,2,2,0],87,19].
[[3,7,2,1,1,1,2,2,0],80,33].
[[1,6,2,0,0,0,1,1,2],34,11].
[[2,6,2,0,0,0,1,1,2],56,22].
[[3,6,2,1,2,1,1,1,2],71,24].
[[3,8,2,1,1,1,1,1,2],55,29].
[[2,6,2,1,2,0,2,2,2],67,16].
[[3,6,2,1,2,0,1,2,2],77,17].
[[2,7,2,1,2,1,2,1,2],80,20].
[[3,3,2,1,2,1,2,1,2],47,2].
[[3,8,2,1,2,1,2,3,2],197,47].
[[2,8,2,0,0,0,2,1,0],207,85].
[[2,6,2,1,2,1,2,2,2],128,5].
[[2,8,2,1,2,0,2,2,2],77,48].
[[2,8,2,0,0,0,2,2,2],400,124].
[[3,6,2,1,2,0,2,2,2],102,8].
[[1,6,2,0,0,0,2,3,0],56,3].
[[2,6,2,0,0,0,1,2,0],38,2].
[[3,6,2,1,2,1,1,2,0],61,4].
[[3,3,2,1,2,1,2,3,0],58,3].
[[1,8,2,1,2,1,1,2,0],141,60].
[[2,7,2,1,2,1,1,2,0],104,20].
[[3,3,2,1,2,1,1,2,0],23,0].
[[1,7,2,0,0,0,2,2,0],118,16].
[[3,7,2,1,1,1,2,1,0],67,23].
[[2,7,2,1,2,0,2,2,2],24,8].
[[3,7,2,1,2,1,1,2,2],190,67].
[[2,6,2,1,2,1,2,3,0],28,1].
[[3,6,2,1,2,1,2,3,2],136,3].
[[3,8,2,0,0,0,2,3,0],89,44].
[[3,7,2,1,1,1,0,0,0],53,38].
[[3,7,2,0,0,0,2,3,2],150,36].
[[3,8,2,1,1,1,2,2,0],55,26].
[[1,3,2,0,0,0,0,0,0],147,5].
[[2,3,2,0,0,0,0,0,0],235,12].
[[3,3,2,0,0,0,0,0,0],121,7].
[[1,8,2,1,1,1,2,2,0],46,6].
[[2,7,2,1,1,1,2,2,0],31,5].
[[3,3,2,1,1,1,2,2,0],6,1].
[[3,6,2,0,0,0,1,1,2],50,21].
[[3,7,2,1,2,1,2,3,0],560,149].
[[3,6,2,1,1,1,1,1,2],14,5].
[[3,8,2,1,2,1,1,2,2],312,124].
[[3,7,2,1,1,1,2,2,2],113,26].
[[1,6,2,0,0,0,2,2,2],229,17].
[[2,6,2,0,0,0,2,2,2],214,8].
[[3,7,2,1,1,1,1,2,0],138,28].
[[3,8,2,1,1,1,2,1,0],42,21].
[[3,8,2,1,1,1,1,2,0],210,58].
[[1,6,2,1,2,1,2,1,2],14,2].
[[2,6,2,1,2,1,2,1,2],44,3].
[[3,6,2,1,2,1,2,1,2],69,2].
[[2,8,2,1,2,0,1,2,0],71,44].
[[3,7,2,1,2,0,1,2,0],79,20].
[[2,7,2,1,2,1,2,1,0],92,31].
[[2,7,2,1,2,0,0,0,0],65,42].
[[3,7,2,1,2,0,2,1,0],39,23].
[[2,5,0,0,0,0,1,2,0],13,0].
[[3,5,0,0,0,0,1,2,0],22,0].
[[2,8,2,1,1,1,2,3,0],115,34].
[[3,8,2,1,1,1,2,3,0],76,51].
[[2,6,2,1,2,0,2,3,2],46,10].
[[1,8,2,0,0,0,2,1,0],426,133].
[[3,6,2,1,1,1,2,3,2],34,3].
[[2,6,2,0,0,0,0,0,0],228,6].
[[3,6,2,0,0,0,0,0,0],11,0].
[[2,6,2,1,2,0,2,3,0],12,3].
[[3,3,2,1,2,0,2,3,0],19,0].
[[2,8,2,1,1,1,1,2,0],100,18].
[[3,8,2,1,2,1,0,0,0],0,12].
[[2,7,2,0,0,0,2,1,0],141,33].
[[3,7,2,1,1,1,2,1,2],45,17].
[[1,8,2,0,0,0,2,1,2],303,118].
[[1,8,2,1,1,1,2,3,2],30,9].
[[2,4,1,1,2,0,1,2,0],11,0].
[[3,4,1,1,2,0,1,2,0],66,9].
[[1,8,2,0,0,0,1,2,0],333,123].
[[1,8,2,1,2,0,2,2,2],20,13].
[[3,8,2,1,1,0,2,2,2],6,15].
[[1,6,2,0,0,0,2,1,0],26,1].
[[2,6,2,0,0,0,2,1,0],23,2].
[[2,7,2,1,1,1,2,3,0],55,15].
[[1,8,2,0,0,0,1,2,2],170,39].
[[2,8,2,1,2,0,1,2,2],38,34].
[[2,7,2,1,1,1,2,1,0],21,4].
[[3,7,0,1,1,1,2,1,0],0,1].
[[2,5,0,1,2,0,1,1,2],3,0].
[[3,5,0,1,2,0,1,1,2],17,0].
[[2,4,1,1,2,0,2,2,0],15,1].
[[3,4,1,1,2,0,2,2,0],19,0].
[[3,7,2,1,1,1,1,2,2],74,18].
[[3,6,2,1,2,0,0,0,0],12,0].
[[3,8,2,1,2,1,2,2,0],127,67].
[[2,2,2,1,2,0,0,0,0],11,0].
[[3,2,2,1,2,0,0,0,0],14,0].
[[2,7,2,0,0,0,2,1,2],86,29].
[[3,7,2,1,2,0,2,1,2],28,15].
[[2,8,2,1,2,0,2,2,0],62,43].
[[1,8,2,1,2,1,1,1,2],24,7].
[[2,7,2,1,2,1,1,1,2],14,6].
[[3,7,2,1,2,1,1,1,2],83,39].
[[3,8,2,0,0,0,2,3,2],72,18].
[[2,7,2,0,0,0,2,2,0],202,46].
[[3,7,2,0,0,0,1,1,0],41,21].
[[1,8,2,1,2,1,1,2,2],80,27].
[[3,7,2,1,2,0,1,2,2],53,27].
[[1,7,2,0,0,0,1,1,0],13,1].
[[3,3,2,0,0,0,1,1,0],8,0].
[[3,8,2,1,2,0,2,2,2],68,32].
[[1,8,2,1,1,1,2,1,0],23,3].
[[3,7,2,1,1,1,1,1,2],22,11].
[[3,3,2,1,2,1,2,1,0],16,1].
[[3,8,2,0,0,0,1,2,2],109,41].
[[3,3,2,1,2,1,2,3,2],89,4].
[[2,8,2,1,1,0,2,2,2],2,4].
[[3,8,2,0,0,0,2,2,2],103,36].
[[1,3,2,0,0,0,2,2,0],4,0].
[[2,3,2,0,0,0,2,3,2],47,0].
[[3,3,2,1,2,1,2,2,2],108,3].
[[2,8,2,0,0,0,2,1,2],159,62].
[[2,7,2,0,0,0,2,2,2],170,57].
[[3,7,2,0,0,0,1,2,2],69,19].
[[2,6,2,1,2,0,2,2,0],18,4].
[[3,3,2,1,2,1,2,2,0],42,5].
[[3,8,2,1,1,0,2,3,2],7,9].
[[3,6,2,1,2,0,2,3,2],65,3].
[[3,7,2,0,0,0,1,2,0],160,21].
[[1,6,2,1,2,1,2,2,2],32,1].
[[3,6,2,1,2,1,1,1,0],17,3].
[[3,3,2,0,0,0,2,1,2],45,1].
[[3,6,2,1,2,1,2,1,0],19,0].
[[1,8,2,1,1,1,0,0,0],110,24].
[[2,4,1,1,2,0,0,0,0],2,1].
[[3,4,1,1,2,0,2,3,0],37,5].
[[3,7,2,1,1,0,1,2,2],8,9].
[[1,6,2,0,0,0,1,2,2],60,10].
[[2,3,2,0,0,0,1,2,2],17,0].
[[3,3,2,1,2,1,1,2,2],59,3].
[[3,7,2,1,1,1,2,3,2],102,23].
[[2,6,2,1,2,1,2,2,0],28,1].
[[1,7,2,0,0,0,1,2,0],24,6].
[[2,7,2,0,0,0,1,2,0],113,18].
[[2,3,2,1,2,1,1,2,2],11,0].
[[3,3,2,1,2,1,0,0,0],169,14].
[[1,8,2,1,1,1,2,2,2],36,5].
[[2,4,1,1,2,0,2,2,2],15,1].
[[3,4,1,1,2,0,2,2,2],49,5].
[[3,5,0,1,1,1,1,2,0],17,1].
[[2,5,0,1,2,1,1,2,0],7,2].
[[3,5,0,1,2,1,1,2,0],50,3].
[[2,3,2,1,2,0,0,0,0],28,2].
[[3,3,2,1,1,0,2,1,2],4,0].
[[1,6,2,1,2,1,0,0,0],116,6].
[[2,3,2,1,2,1,0,0,0],102,2].
[[3,3,2,1,1,1,0,0,0],27,3].
[[1,8,2,1,1,1,2,1,2],11,2].
[[2,4,1,1,2,0,2,1,2],5,0].
[[3,4,1,1,2,0,2,1,2],17,3].
[[1,7,2,0,0,0,2,1,2],42,9].
[[2,3,2,0,0,0,2,1,2],26,0].
[[3,6,2,0,0,0,2,2,0],16,0].
[[3,7,2,1,2,0,2,2,0],78,29].
[[2,6,2,1,2,1,1,2,2],65,9].
[[3,2,2,1,2,1,1,2,2],3,0].
[[3,3,2,0,0,0,2,2,2],74,7].
[[3,7,2,0,0,0,2,1,2],72,23].
[[3,8,2,1,2,0,2,1,2],30,12].
[[2,8,2,1,1,1,2,3,2],73,25].
[[1,8,2,1,1,1,2,3,0],57,16].
[[3,8,2,1,1,1,1,2,2],111,55].
[[3,6,2,0,0,0,2,1,2],34,0].
[[3,3,2,1,1,1,2,2,2],23,0].
[[1,7,2,1,2,1,2,1,2],14,8].
[[3,3,2,1,2,0,2,1,2],31,1].
[[3,7,2,1,2,0,0,0,0],26,22].
[[1,6,2,1,2,0,2,2,0],4,2].
[[2,6,2,1,2,1,2,1,0],10,0].
[[3,6,2,1,1,1,2,2,2],52,1].
[[2,8,2,1,2,0,2,1,0],34,23].
[[3,7,2,0,0,0,1,1,2],30,10].
[[3,3,0,1,2,1,0,0,0],0,2].
[[3,8,2,0,0,0,2,1,0],37,26].
[[2,7,2,1,1,1,0,0,0],67,33].
[[1,6,2,1,2,0,0,0,0],57,11].
[[2,6,2,1,2,0,2,1,2],31,3].
[[3,7,2,1,1,0,2,3,0],11,17].
[[3,6,2,0,0,0,2,2,2],96,3].
[[3,7,2,1,2,0,2,2,2],88,21].
[[2,7,2,1,2,1,1,2,2],46,13].
[[3,8,2,0,0,0,1,1,0],52,48].
[[2,8,2,1,1,1,2,2,2],96,29].
[[3,8,2,1,1,0,2,3,0],11,12].
[[1,3,2,0,0,0,2,3,2],9,0].
[[2,3,2,1,2,0,2,3,2],14,0].
[[3,3,2,1,2,0,2,3,2],42,1].
[[1,6,2,1,2,1,2,1,0],4,0].
[[2,6,2,1,1,1,2,3,2],12,1].
[[3,6,2,1,1,1,1,2,2],35,7].
[[3,5,0,1,2,1,1,2,2],6,1].
[[3,6,2,0,0,0,2,3,2],83,1].
[[1,3,2,0,0,0,2,2,2],16,0].
[[2,3,2,0,0,0,2,2,2],59,3].
[[2,6,2,0,0,0,2,3,0],54,2].
[[3,6,2,0,0,0,2,3,0],35,0].
[[2,7,2,1,1,1,1,2,2],11,2].
[[2,8,2,1,1,1,0,0,0],35,16].
[[3,6,2,1,1,0,0,0,0],1,3].
[[2,3,2,0,0,0,2,2,0],22,0].
[[3,6,2,1,2,0,1,2,0],35,4].
[[2,8,2,1,1,1,1,2,2],56,23].
[[3,8,2,1,2,0,1,1,2],38,20].
[[3,8,2,1,1,1,2,3,2],69,24].
[[3,6,2,1,2,1,0,0,0],14,1].
[[3,8,2,0,0,0,2,2,0],53,16].
[[3,2,2,0,0,0,1,2,0],5,0].
[[3,6,2,1,2,0,1,1,0],14,8].
[[3,5,0,1,2,0,1,2,0],19,1].
[[2,8,2,1,2,0,2,1,2],30,12].
[[2,6,2,0,0,0,2,2,0],51,3].
[[2,8,2,1,2,0,0,0,0],19,40].
[[3,2,2,0,0,0,1,2,2],5,0].
[[1,8,2,1,2,0,1,2,0],12,12].
[[3,3,2,0,0,0,1,1,2],25,0].
[[2,7,2,1,1,1,1,2,0],21,2].
[[3,3,2,1,1,1,1,2,2],10,0].
[[3,8,2,1,1,0,1,1,2],4,4].
[[1,7,2,0,0,0,2,1,0],67,18].
[[3,2,2,0,0,0,0,0,0],16,0].
[[2,8,2,1,1,0,1,2,0],5,9].
[[3,8,2,1,1,0,1,2,0],23,29].
[[3,8,2,1,1,0,1,2,2],13,21].
[[1,7,2,1,2,1,2,3,2],36,3].
[[1,7,2,1,2,1,2,1,0],17,5].
[[1,7,2,1,2,1,1,2,0],5,4].
[[3,7,2,1,1,0,2,2,2],4,11].
[[2,2,2,0,0,0,0,0,0],37,0].
[[2,3,2,1,2,0,2,2,2],7,0].
[[3,3,2,1,2,0,2,2,2],71,0].
[[3,3,2,1,2,0,0,0,0],65,2].
[[2,7,2,1,2,0,2,1,0],16,5].
[[3,7,2,1,1,0,1,1,0],6,5].
[[2,3,2,1,2,1,2,1,2],11,1].
[[1,7,2,1,2,1,2,2,2],34,10].
[[2,7,0,1,2,1,2,2,2],2,2].
[[3,7,0,1,2,1,2,2,2],4,2].
[[3,4,1,1,2,0,0,0,0],4,0].
[[3,6,2,1,1,1,1,2,0],10,0].
[[3,8,2,1,2,1,2,1,0],67,49].
[[3,6,2,1,2,0,1,1,2],34,16].
[[2,6,2,1,2,1,1,1,2],32,10].
[[1,8,2,1,2,0,2,1,0],21,9].
[[3,6,2,1,1,1,2,1,2],15,1].
[[2,3,2,1,2,0,2,2,0],5,0].
[[2,6,2,1,2,0,1,2,2],30,8].
[[3,6,2,1,1,0,1,2,2],10,10].
[[2,8,2,1,1,1,2,1,2],47,9].
[[3,2,2,0,0,0,2,3,2],13,0].
[[1,8,2,1,2,0,2,3,2],17,23].
[[3,8,2,1,2,0,2,1,0],12,15].
[[1,6,2,1,2,0,2,2,2],20,1].
[[2,2,2,0,0,0,2,2,2],10,0].
[[3,2,2,1,2,1,1,1,2],1,0].
[[3,6,2,0,0,0,1,1,0],8,3].
[[2,7,2,1,1,1,2,3,2],27,8].
[[3,4,1,1,2,0,1,2,2],32,1].
[[2,8,2,1,1,1,1,1,2],30,6].
[[3,3,2,1,2,0,1,2,2],25,1].
[[3,8,2,1,1,1,0,0,0],0,6].
[[1,6,2,1,2,1,2,2,0],11,0].
[[2,7,2,1,2,0,1,2,0],11,4].
[[3,7,2,1,2,0,1,1,0],24,14].
[[3,2,2,1,2,0,1,2,2],6,0].
[[1,6,2,0,0,0,2,2,0],40,2].
[[3,6,2,1,2,1,2,3,0],40,0].
[[3,3,2,1,2,0,1,1,2],21,0].
[[2,8,2,1,2,0,1,1,0],28,18].
[[3,8,2,1,1,0,1,1,0],7,9].
[[3,8,2,1,1,0,2,2,0],6,8].
[[2,8,2,1,1,1,1,1,0],21,14].
[[2,3,2,1,2,1,2,2,2],19,1].
[[3,6,2,1,2,0,2,2,0],22,2].
[[1,6,2,1,2,1,2,3,0],6,0].
[[2,6,2,1,1,1,2,1,2],2,0].
[[2,6,2,1,1,0,2,1,2],1,0].
[[2,6,2,1,2,1,1,2,0],15,2].
[[2,3,2,0,0,0,2,1,0],11,1].
[[3,7,2,1,1,1,1,1,0],33,18].
[[3,6,2,1,2,1,2,2,0],31,3].
[[3,3,2,0,0,0,2,3,2],71,0].
[[3,2,2,1,2,1,2,3,2],8,0].
[[1,6,2,0,0,0,1,2,0],13,1].
[[3,7,2,1,1,0,2,1,0],3,4].
[[2,7,2,1,2,0,2,3,2],22,7].
[[2,8,2,1,1,0,2,1,2],2,1].
[[3,8,2,1,1,0,2,1,2],3,5].
[[1,6,2,1,2,0,2,1,2],6,0].
[[2,3,2,1,2,1,2,3,2],18,0].
[[2,6,2,1,2,0,1,1,2],15,6].
[[1,8,2,1,2,0,2,1,2],6,4].
[[2,7,2,1,2,0,1,2,2],8,3].
[[3,3,2,1,2,1,1,1,2],37,0].
[[2,8,2,1,2,0,1,1,2],16,7].
[[3,3,2,1,2,0,2,1,0],9,0].
[[2,3,2,1,2,1,2,3,0],12,0].
[[3,2,0,1,2,1,0,0,0],3,1].
[[2,6,2,1,1,1,2,2,2],12,2].
[[3,5,0,1,1,1,1,1,0],7,1].
[[1,2,2,0,0,0,0,0,0],45,0].
[[3,3,2,0,0,0,2,1,0],11,1].
[[3,5,0,1,1,1,1,1,2],20,1].
[[1,6,2,1,2,0,2,3,2],13,2].
[[2,4,1,1,2,0,2,3,0],10,2].
[[3,5,0,0,0,0,1,1,0],3,5].
[[2,5,0,1,2,1,1,1,2],15,0].
[[2,8,2,1,1,0,2,3,2],3,5].
[[3,7,2,1,1,0,2,3,2],4,5].
[[1,8,2,1,2,0,2,2,0],25,17].
[[2,8,2,1,1,0,1,1,0],2,1].
[[3,2,2,1,2,1,2,1,2],5,0].
[[3,6,2,1,1,1,2,2,0],5,1].
[[3,6,2,1,1,0,2,1,2],7,3].
[[3,3,2,1,1,1,2,3,2],13,0].
[[3,4,1,1,2,0,1,1,0],21,1].
[[3,6,2,1,2,0,2,3,0],21,0].
[[3,3,2,1,1,0,2,2,2],9,0].
[[1,7,2,0,0,0,1,2,2],3,0].
[[2,3,2,1,2,1,2,2,0],5,1].
[[3,7,0,1,1,1,2,2,2],2,1].
[[2,7,2,1,2,0,2,1,2],6,5].
[[3,2,2,1,2,0,2,2,2],10,0].
[[3,3,2,0,0,0,1,2,0],21,0].
[[2,5,0,1,1,1,1,2,0],5,0].
[[2,8,2,1,1,0,2,3,0],3,3].
[[2,6,2,1,1,0,2,2,0],0,1].
[[3,4,0,1,2,0,2,2,0],0,1].
[[3,3,2,0,0,0,2,2,0],18,0].
[[2,6,2,1,1,0,1,1,2],1,0].
[[3,2,2,1,1,0,1,1,2],1,0].
[[2,3,2,0,0,0,1,2,0],4,0].
[[2,7,2,1,2,0,1,1,0],4,4].
[[1,6,2,1,2,0,1,1,2],6,1].
[[2,3,2,1,2,0,1,1,2],1,0].
[[1,8,2,1,2,0,1,1,2],4,1].
[[3,6,2,1,1,0,2,2,0],5,3].
[[3,2,2,0,0,0,2,2,2],11,0].
[[3,6,2,1,2,0,2,1,0],9,0].
[[3,7,2,1,2,0,1,1,2],13,8].
[[1,8,2,1,2,0,1,2,2],5,7].
[[2,7,2,1,1,1,2,2,2],19,5].
[[3,2,2,1,2,0,2,3,0],6,0].
[[2,7,2,1,2,0,2,2,0],25,11].
[[3,7,2,1,1,0,2,2,0],6,7].
[[3,6,2,1,1,1,2,3,0],11,1].
[[2,6,2,1,1,1,1,2,2],4,0].
[[2,3,2,0,0,0,1,1,2],12,0].
[[2,6,2,1,2,0,1,2,0],9,1].
[[3,5,0,1,1,1,1,2,2],1,0].
[[1,3,2,0,0,0,2,1,2],5,0].
[[3,3,2,1,1,0,0,0,0],9,0].
[[2,3,2,1,2,0,2,1,2],7,0].
[[2,2,0,0,0,0,0,0,0],1,0].
[[3,2,0,0,0,0,2,1,2],1,0].
[[2,6,2,1,1,0,0,0,0],6,2].
[[1,6,2,1,2,1,1,2,2],11,3].
[[2,6,2,1,1,1,0,0,0],10,1].
[[3,2,2,1,1,1,0,0,0],2,0].
[[3,1,0,1,2,0,1,1,0],0,1].
[[1,6,2,1,2,1,1,1,0],0,1].
[[2,6,2,1,2,1,1,1,0],5,3].
[[2,7,2,1,2,0,1,1,2],4,1].
[[3,2,2,1,2,1,2,2,2],7,0].
[[3,6,2,1,1,1,1,1,0],5,3].
[[1,8,2,1,1,1,1,2,0],18,2].
[[2,2,2,1,2,0,2,3,2],1,0].
[[3,2,2,1,1,0,2,2,2],2,0].
[[2,3,2,0,0,0,2,3,0],17,1].
[[3,2,2,0,0,0,2,3,0],5,0].
[[3,2,2,1,2,0,2,3,2],6,0].
[[2,6,2,0,0,0,1,1,0],9,1].
[[2,2,2,0,0,0,2,3,2],13,0].
[[2,8,2,1,1,0,2,1,0],4,4].
[[3,6,2,1,1,0,2,3,2],6,4].
[[2,5,0,0,0,0,1,1,2],11,0].
[[1,6,2,1,2,1,1,1,2],7,1].
[[3,3,2,1,2,0,2,2,0],13,0].
[[1,8,2,1,1,1,1,2,2],10,1].
[[2,4,1,1,2,0,1,2,2],5,1].
[[3,2,2,1,1,0,0,0,0],2,0].
[[2,7,2,1,1,1,1,1,0],6,1].
[[2,2,2,1,2,0,2,2,2],4,0].
[[3,6,2,0,0,0,2,1,0],9,0].
[[3,3,2,1,1,1,2,3,0],8,0].
[[3,3,2,1,2,1,1,1,0],4,0].
[[2,6,2,1,1,0,2,3,2],2,2].
[[3,6,2,1,1,0,1,1,0],0,1].
[[2,4,1,1,2,0,2,3,2],9,0].
[[1,2,2,0,0,0,2,2,2],2,0].
[[1,6,2,1,2,1,1,2,0],4,0].
[[1,8,2,1,1,1,1,1,0],4,2].
[[3,4,1,1,2,0,2,1,0],8,2].
[[2,3,2,1,2,0,2,3,0],3,0].
[[2,7,0,0,0,0,2,2,0],1,0].
[[1,2,2,0,0,0,2,3,0],2,0].
[[2,2,2,0,0,0,1,2,0],1,0].
[[3,3,2,1,1,0,2,3,0],1,0].
[[3,3,2,1,1,1,2,1,2],7,0].
[[3,7,2,1,1,0,1,1,2],1,1].
[[1,6,2,1,2,0,1,2,2],3,1].
[[3,3,2,1,1,0,1,2,2],2,0].
[[2,6,2,1,1,1,2,2,0],2,0].
[[2,3,2,1,2,1,2,1,0],3,0].
[[2,7,2,1,1,1,2,1,2],7,2].
[[3,7,2,1,1,0,2,1,2],3,4].
[[3,7,2,1,1,0,1,2,0],6,8].
[[2,6,2,1,2,0,2,1,0],7,1].
[[1,6,2,1,2,0,2,3,0],1,0].
[[2,6,2,1,2,0,1,1,0],3,1].
[[2,3,2,1,2,0,1,2,0],1,0].
[[3,3,2,1,2,0,1,2,0],10,0].
[[3,2,2,1,2,0,2,1,0],3,0].
[[3,8,2,0,0,0,0,0,0],0,2].
[[3,8,2,1,1,0,2,1,0],4,5].
[[3,3,2,1,1,0,2,3,2],7,0].
[[2,2,2,0,0,0,1,2,2],3,0].
[[3,2,2,1,2,0,1,1,2],4,0].
[[2,8,2,1,1,0,1,2,2],6,1].
[[3,2,2,1,2,1,0,0,0],9,0].
[[3,4,1,1,2,0,1,1,2],15,1].
[[1,7,2,1,2,1,1,1,2],2,0].
[[2,7,2,1,1,1,1,1,2],4,1].
[[3,8,2,1,2,0,0,0,0],0,6].
[[2,2,2,0,0,0,2,3,0],2,0].
[[3,3,2,1,1,1,2,1,0],5,0].
[[2,6,2,1,1,1,2,3,0],1,0].
[[2,2,2,1,2,1,2,3,2],3,0].
[[3,2,2,1,1,1,2,3,2],2,0].
[[1,8,2,1,2,0,1,1,0],5,4].
[[2,6,2,1,1,0,1,1,0],1,0].
[[3,3,2,1,1,0,1,1,0],2,0].
[[2,6,2,1,1,0,2,2,2],4,0].
[[2,2,2,0,0,0,2,1,2],3,0].
[[3,8,2,1,1,0,0,0,0],0,1].
[[3,6,2,1,1,0,2,3,0],0,3].
[[3,6,2,1,1,1,0,0,0],3,1].
[[3,6,2,1,1,0,1,2,0],5,2].
[[3,2,2,0,0,0,1,1,0],1,0].
[[2,8,2,1,1,0,2,2,0],2,3].
[[3,2,2,1,2,0,2,2,0],2,0].
[[3,6,2,1,1,0,1,1,2],7,7].
[[1,2,2,0,0,0,2,3,2],4,0].
[[2,2,2,1,2,1,1,2,2],1,0].
[[2,7,0,0,0,0,2,1,2],0,1].
[[3,7,0,1,2,1,2,1,2],1,2].
[[3,7,2,1,1,0,0,0,0],2,4].
[[3,1,1,1,2,0,1,1,2],2,0].
[[3,3,2,1,1,1,1,1,0],2,0].
[[2,3,2,1,2,0,1,2,2],4,0].
[[2,5,0,1,2,1,1,1,0],2,0].
[[2,2,2,1,2,1,0,0,0],7,0].
[[3,7,0,1,2,1,1,2,0],1,0].
[[3,2,2,1,2,0,2,1,2],2,0].
[[1,3,2,0,0,0,1,2,2],2,0].
[[3,7,0,1,2,1,2,3,0],4,0].
[[2,6,2,1,1,0,1,2,2],0,1].
[[3,7,0,1,2,0,2,2,2],1,0].
[[3,5,0,1,2,0,1,1,0],2,2].
[[3,5,0,1,1,0,1,1,0],0,3].
[[1,6,2,0,0,0,1,1,0],4,2].
[[2,6,2,1,1,0,2,3,0],1,0].
[[3,7,0,0,0,0,2,2,2],1,0].
[[2,3,2,1,2,1,1,1,2],3,0].
[[3,3,2,1,1,1,1,1,2],3,0].
[[2,3,2,0,0,0,1,1,0],1,0].
[[1,7,2,1,2,1,1,1,0],2,0].
[[2,5,0,1,2,0,1,2,0],2,0].
[[3,5,0,1,1,0,1,2,0],2,0].
[[2,4,1,1,2,0,2,1,0],2,0].
[[3,2,2,0,0,0,2,2,0],2,0].
[[3,4,0,1,2,0,1,1,0],0,1].
[[3,7,0,0,0,0,2,2,0],1,0].
[[3,2,2,1,2,0,1,2,0],2,0].
[[2,3,2,1,2,1,1,2,0],3,0].
[[1,8,2,1,1,1,1,1,2],3,0].
[[2,6,2,1,1,1,1,1,2],2,0].
[[3,5,0,1,1,0,1,1,2],1,4].
[[2,6,2,1,1,1,2,1,0],2,0].
[[3,6,2,1,1,1,2,1,0],3,1].
[[2,2,2,0,0,0,2,1,0],3,0].
[[3,2,2,0,0,0,2,1,2],5,0].
[[3,4,0,1,2,0,2,1,2],0,1].
[[2,2,2,1,2,1,2,3,0],1,0].
[[3,7,0,1,1,1,0,0,0],1,0].
[[1,3,2,0,0,0,2,3,0],2,0].
[[2,3,2,1,2,0,2,1,0],2,0].
[[3,3,2,1,1,0,2,1,0],1,0].
[[3,2,2,0,0,0,1,1,2],3,0].
[[2,4,1,1,2,0,1,1,2],2,0].
[[2,6,2,1,1,1,1,2,0],1,0].
[[3,2,2,1,1,1,2,1,2],1,0].
[[3,7,0,1,2,1,1,1,2],1,0].
[[3,3,2,1,2,0,1,1,0],3,0].
[[3,5,0,1,2,0,1,2,2],0,2].
[[3,7,0,1,1,1,2,3,0],1,0].
[[2,5,0,1,1,1,1,1,2],1,0].
[[3,3,2,1,1,1,1,2,0],2,0].
[[2,2,2,1,2,1,2,2,0],1,0].
[[3,2,2,1,2,1,1,1,0],1,0].
[[2,5,0,1,1,0,1,1,2],0,1].
[[1,6,2,1,2,0,2,1,0],5,0].
[[2,2,2,1,2,0,2,3,0],1,0].
[[3,2,2,1,1,0,1,2,0],1,0].
[[3,3,2,1,1,0,1,1,2],1,0].
[[3,7,0,0,0,0,2,1,2],1,0].
[[3,7,0,0,0,0,0,0,0],0,1].
[[3,3,2,1,1,0,2,2,0],1,0].
[[3,2,2,0,0,0,2,1,0],1,0].
[[2,7,0,1,2,1,2,2,0],1,0].
[[3,7,0,1,2,1,2,2,0],2,0].
[[3,2,2,1,1,1,2,2,2],1,0].
[[1,2,2,0,0,0,2,2,0],1,0].
[[2,2,2,0,0,0,2,2,0],3,0].
[[2,8,2,1,1,0,0,0,0],0,2].
[[3,2,2,1,1,0,1,2,2],1,0].
[[3,2,2,1,1,0,2,1,0],1,0].
[[2,2,2,1,2,0,2,1,0],1,0].
[[2,5,0,1,2,0,1,1,0],0,1].
[[2,5,0,0,0,0,1,1,0],2,0].
[[1,6,2,1,2,0,1,2,0],0,1].
[[3,2,2,1,2,1,2,1,0],1,0].
[[1,7,2,1,2,1,1,2,2],1,0].
[[3,2,2,1,2,1,2,3,0],1,0].
[[2,8,2,1,1,0,1,1,2],1,1].
[[3,4,0,1,2,0,1,2,2],0,1].
[[1,3,2,0,0,0,1,1,2],2,0].
[[1,7,2,0,0,0,1,1,2],1,0].
[[2,5,0,1,1,1,1,1,0],1,0].
[[3,2,0,0,0,0,0,0,0],1,0].
[[3,2,2,1,2,1,1,2,0],1,0].
[[3,4,0,1,2,0,2,2,2],0,1].
[[1,2,2,0,0,0,2,1,2],1,0].
[[2,2,2,0,0,0,1,1,2],1,0].
