total_WL(4642,7054).
[[1,7,2,0,0,0,2,3,1],4,3].
[[2,7,2,1,2,0,2,3,0],2,1].
[[3,7,2,1,2,2,2,3,0],15,2].
[[1,7,1,0,0,0,2,3,2],9,4].
[[2,7,1,1,2,0,2,3,2],9,3].
[[3,7,1,1,1,0,2,3,2],2,3].
[[1,9,2,0,0,0,1,2,2],66,222].
[[2,9,2,0,0,0,1,2,2],18,100].
[[3,5,0,0,0,0,1,1,1],9,2].
[[1,9,2,1,2,2,2,2,2],35,146].
[[2,9,2,1,2,2,2,2,2],1,16].
[[3,9,2,1,1,2,1,2,2],0,10].
[[1,8,1,0,0,0,0,0,0],135,171].
[[2,8,1,0,0,0,2,1,2],22,28].
[[3,8,1,0,0,0,1,2,2],25,30].
[[1,9,2,1,2,2,1,1,0],11,37].
[[2,9,1,1,2,2,1,1,0],5,52].
[[3,9,0,1,2,2,1,1,0],0,37].
[[2,9,2,1,2,2,2,3,0],31,186].
[[3,8,0,1,2,2,2,3,0],0,210].
[[1,8,1,1,2,2,2,2,0],41,22].
[[2,8,1,1,2,2,2,2,0],62,51].
[[3,8,1,1,1,2,1,1,0],12,16].
[[1,9,2,1,2,2,2,3,1],40,98].
[[2,8,1,1,2,2,2,3,1],56,52].
[[3,8,1,1,2,2,1,2,1],61,32].
[[1,9,2,1,2,2,2,1,0],50,161].
[[2,9,2,1,2,2,1,2,0],7,68].
[[3,9,1,1,2,2,1,1,0],0,48].
[[1,9,2,0,0,0,2,1,2],30,136].
[[3,7,1,1,2,0,2,1,2],9,8].
[[1,9,2,1,2,2,2,1,2],30,147].
[[2,9,2,1,1,2,1,2,2],39,95].
[[3,8,1,1,1,2,1,2,2],70,53].
[[1,8,1,0,0,0,2,2,2],102,48].
[[2,8,1,1,2,2,2,2,2],53,35].
[[3,7,1,1,2,2,2,2,2],36,15].
[[1,8,1,1,2,2,2,1,2],71,41].
[[2,8,1,1,2,2,1,1,2],68,31].
[[3,7,2,1,2,2,1,1,2],24,21].
[[1,9,2,1,2,2,2,2,0],70,224].
[[2,9,2,1,2,2,1,1,0],3,21].
[[1,9,2,1,2,2,1,1,2],56,85].
[[2,5,0,1,2,2,1,1,2],73,2].
[[3,5,0,1,2,2,1,1,2],114,3].
[[1,8,1,1,1,2,2,2,1],14,2].
[[2,7,1,1,1,2,2,2,1],5,5].
[[3,7,1,1,1,2,2,3,1],11,14].
[[1,8,1,0,0,0,2,2,0],38,30].
[[2,8,1,0,0,0,1,2,0],21,18].
[[3,8,1,1,2,0,1,2,0],27,34].
[[1,9,2,0,0,0,0,0,0],55,176].
[[2,9,2,1,2,2,0,0,0],4,48].
[[3,9,1,1,1,2,2,1,0],1,23].
[[1,8,0,1,1,2,2,3,2],12,10].
[[2,7,1,1,1,2,2,3,2],5,3].
[[3,7,1,1,1,2,2,3,2],11,6].
[[1,9,2,1,2,2,2,3,2],32,121].
[[2,9,2,1,2,2,1,2,2],40,250].
[[3,9,1,1,2,2,1,2,2],0,144].
[[1,9,2,0,0,0,2,3,2],27,119].
[[2,9,2,0,0,0,2,3,0],7,87].
[[1,9,2,1,2,2,2,3,0],118,319].
[[1,9,2,1,1,2,2,2,0],42,57].
[[2,4,2,1,2,0,1,1,0],16,1].
[[3,4,2,1,2,0,1,1,0],64,7].
[[2,8,0,1,1,2,2,2,2],6,33].
[[3,7,0,1,1,2,2,2,2],0,7].
[[1,8,0,0,0,0,0,0,0],43,157].
[[2,8,0,0,0,0,2,3,0],14,70].
[[3,8,0,0,0,0,2,1,0],0,17].
[[1,8,1,0,0,0,2,1,0],33,17].
[[2,8,1,1,2,0,2,1,0],13,14].
[[3,8,1,1,1,0,2,1,0],1,7].
[[2,9,1,1,1,2,1,1,0],7,23].
[[3,5,0,1,1,2,1,1,0],14,3].
[[1,9,2,1,1,2,1,2,2],58,58].
[[2,9,2,1,1,2,1,1,2],16,28].
[[3,8,0,1,1,2,1,1,2],0,61].
[[1,8,1,0,0,0,2,2,1],68,33].
[[2,8,1,0,0,0,2,3,0],58,45].
[[3,9,1,1,1,2,1,2,2],2,92].
[[1,9,2,1,2,2,1,2,0],25,86].
[[2,8,1,1,2,2,1,2,0],57,24].
[[3,8,1,1,2,2,1,2,0],85,66].
[[1,9,2,0,0,0,2,2,0],52,204].
[[2,9,2,1,2,2,2,2,0],15,138].
[[3,8,0,1,2,2,2,2,0],1,148].
[[1,9,2,1,2,2,1,2,2],105,235].
[[2,8,1,1,2,2,1,2,2],120,70].
[[3,8,1,1,2,2,1,2,2],120,104].
[[1,8,1,1,2,0,2,3,2],12,8].
[[2,6,1,1,2,0,2,3,2],7,1].
[[3,6,1,1,2,0,2,3,2],8,0].
[[1,9,2,1,1,2,2,3,2],20,29].
[[2,8,1,1,1,2,2,3,2],14,12].
[[1,9,2,1,2,2,0,0,0],59,250].
[[2,5,0,1,2,2,2,3,0],24,0].
[[3,5,0,1,1,2,2,3,0],29,1].
[[1,9,2,0,0,0,2,2,2],18,141].
[[3,9,1,1,2,0,1,2,2],1,42].
[[1,8,1,1,2,0,1,2,2],8,3].
[[2,8,1,1,2,0,1,2,2],32,25].
[[3,8,1,1,1,0,1,2,2],12,23].
[[1,8,1,0,0,0,2,1,2],99,65].
[[2,9,1,1,2,2,1,2,0],12,121].
[[3,8,0,1,2,2,1,2,0],0,155].
[[1,8,0,1,1,2,2,2,0],3,5].
[[2,4,2,1,2,0,2,2,0],37,4].
[[3,4,2,1,2,0,2,3,0],95,6].
[[2,8,0,1,1,2,2,3,0],19,59].
[[3,4,2,1,2,0,1,2,0],98,9].
[[2,8,1,0,0,0,2,2,2],29,39].
[[3,8,1,0,0,0,2,1,0],4,13].
[[1,9,2,1,1,2,2,1,2],28,35].
[[3,4,2,1,2,0,1,1,2],71,2].
[[1,8,1,0,0,0,2,3,2],94,93].
[[2,8,1,1,2,0,2,3,2],19,12].
[[1,9,2,1,1,2,2,3,0],55,60].
[[2,9,1,1,1,2,2,1,0],5,24].
[[3,8,1,1,1,2,2,1,0],19,21].
[[2,8,1,0,0,0,2,2,0],35,45].
[[3,8,1,0,0,0,1,1,1],3,1].
[[1,8,1,1,2,2,2,2,1],45,20].
[[2,6,1,1,2,2,2,2,1],6,0].
[[3,6,1,1,1,2,1,1,1],2,0].
[[2,8,1,1,2,2,2,3,0],111,79].
[[3,7,1,1,2,2,2,3,0],65,35].
[[3,8,1,1,2,2,1,1,2],69,41].
[[1,8,1,0,0,0,1,1,2],39,12].
[[1,9,2,1,1,2,2,3,1],32,22].
[[2,9,1,1,1,2,2,3,1],5,11].
[[3,9,1,1,1,2,1,1,2],0,24].
[[2,9,1,0,0,0,1,2,2],1,29].
[[3,9,0,1,2,0,1,2,2],0,10].
[[2,9,2,1,2,2,1,1,2],25,73].
[[3,9,1,1,2,2,1,2,1],1,18].
[[1,9,2,0,0,0,2,3,1],21,130].
[[2,9,2,1,2,2,2,3,1],7,25].
[[3,9,1,1,2,2,2,2,0],0,61].
[[1,8,1,1,2,2,0,0,0],87,109].
[[2,8,1,1,2,2,0,0,0],8,26].
[[3,8,1,1,2,2,2,2,0],39,77].
[[1,5,0,0,0,0,1,1,1],10,3].
[[2,5,0,0,0,0,1,1,1],13,0].
[[3,5,0,1,2,0,1,1,1],14,2].
[[1,8,1,1,2,2,2,3,1],85,54].
[[3,8,1,1,2,2,2,3,1],11,31].
[[1,8,1,1,2,2,2,2,2],84,43].
[[2,8,1,1,1,2,1,2,2],37,22].
[[2,9,2,0,0,0,1,2,1],5,7].
[[3,9,1,1,2,2,1,2,0],2,115].
[[1,9,2,1,1,2,2,1,0],38,17].
[[2,9,2,1,1,2,2,1,0],20,27].
[[3,5,0,1,1,2,2,1,0],18,0].
[[2,8,1,1,2,2,2,1,2],52,45].
[[3,8,1,1,1,2,2,3,0],26,54].
[[1,8,0,1,2,2,2,3,2],18,67].
[[2,8,0,1,2,2,2,3,2],3,53].
[[3,8,0,1,1,2,1,2,2],0,145].
[[1,9,2,0,0,0,1,1,2],48,90].
[[1,9,2,0,0,0,2,3,0],80,308].
[[3,9,1,1,2,2,2,3,0],0,58].
[[1,8,1,0,0,0,2,3,1],105,50].
[[2,8,1,1,2,0,2,3,1],13,23].
[[3,7,1,1,2,0,2,3,1],12,10].
[[3,8,0,1,1,2,2,2,0],0,113].
[[2,7,1,1,2,2,1,1,2],4,8].
[[3,7,1,1,2,2,1,1,2],27,23].
[[2,7,2,1,2,2,2,1,2],14,4].
[[3,7,2,1,2,2,2,1,2],15,2].
[[2,8,1,1,2,2,2,1,0],34,45].
[[3,8,1,1,2,2,1,1,0],27,30].
[[1,6,1,0,0,0,2,2,1],10,3].
[[2,6,1,0,0,0,1,1,1],1,2].
[[3,6,1,0,0,0,1,1,1],1,0].
[[2,6,1,0,0,0,2,3,2],16,0].
[[3,6,1,1,2,0,1,2,2],14,0].
[[1,9,2,0,0,0,1,1,0],7,46].
[[3,8,0,1,2,2,1,1,0],0,64].
[[1,8,1,1,2,0,2,3,0],12,8].
[[2,8,1,1,2,0,2,2,0],28,24].
[[3,7,2,1,2,0,2,2,0],7,0].
[[1,8,1,0,0,0,1,2,2],67,48].
[[2,9,1,1,2,2,2,3,0],8,108].
[[1,7,2,0,0,0,2,2,2],22,8].
[[2,7,2,0,0,0,2,3,1],7,3].
[[3,7,1,1,2,2,2,3,1],38,25].
[[3,8,1,1,2,0,1,2,2],42,52].
[[3,9,1,1,1,2,1,1,0],1,40].
[[1,7,2,1,2,2,1,1,2],2,2].
[[2,3,2,1,2,2,1,1,2],1,0].
[[3,3,2,1,2,2,1,1,2],3,0].
[[1,8,1,1,2,2,2,1,0],12,9].
[[2,7,1,1,1,2,2,1,0],3,0].
[[3,7,1,1,1,2,2,1,0],16,8].
[[1,9,2,1,2,2,2,2,1],12,29].
[[2,8,0,1,2,2,2,2,1],1,18].
[[3,8,0,1,1,2,2,2,1],0,11].
[[2,7,2,1,2,2,0,0,0],15,6].
[[1,8,1,1,2,2,2,3,0],60,34].
[[3,8,1,1,1,2,1,1,1],8,2].
[[2,8,0,1,2,2,2,2,0],11,107].
[[1,8,0,1,2,2,0,0,0],70,199].
[[2,8,0,1,1,2,0,0,0],12,48].
[[1,9,2,0,0,0,1,2,0],11,96].
[[2,9,1,0,0,0,1,2,0],3,76].
[[3,9,1,1,2,0,1,2,0],1,28].
[[3,9,0,1,1,2,1,2,0],0,64].
[[3,7,1,1,1,2,1,2,0],10,3].
[[2,7,0,0,0,0,0,0,0],0,6].
[[3,7,0,1,2,2,2,1,0],0,10].
[[2,8,1,1,1,2,2,3,0],45,20].
[[2,9,2,1,2,0,1,2,0],1,9].
[[3,9,2,1,2,2,1,2,0],0,15].
[[2,9,2,1,1,2,2,2,0],17,46].
[[2,9,1,1,1,2,2,3,0],16,50].
[[3,8,0,1,1,2,2,3,0],0,139].
[[3,9,2,1,2,2,1,1,2],0,28].
[[2,9,1,1,2,0,1,2,0],3,29].
[[3,9,0,1,2,0,1,2,0],0,34].
[[1,8,1,1,2,2,1,2,2],45,26].
[[3,4,2,1,2,0,1,2,2],124,9].
[[2,9,2,1,2,0,2,3,0],7,36].
[[3,8,0,1,2,0,2,3,0],0,58].
[[2,9,2,1,1,2,2,3,0],20,51].
[[1,9,2,1,2,0,2,2,2],3,19].
[[2,8,1,1,2,0,2,2,2],13,19].
[[2,7,1,1,2,2,2,2,2],32,14].
[[2,8,1,0,0,0,2,3,1],38,39].
[[3,7,2,0,0,0,1,2,2],14,3].
[[1,8,0,1,2,2,2,1,2],23,58].
[[2,6,0,1,2,2,2,1,2],2,10].
[[3,3,1,1,2,2,2,1,2],10,3].
[[1,9,2,1,1,2,0,0,0],61,66].
[[1,9,2,0,0,0,2,1,1],4,6].
[[2,9,1,1,2,0,2,1,1],0,1].
[[3,9,0,1,1,0,2,2,0],0,4].
[[1,8,0,1,2,2,2,2,2],23,65].
[[2,7,1,0,0,0,2,3,2],14,13].
[[3,7,1,1,2,2,2,3,2],38,16].
[[1,7,2,1,2,0,1,2,2],1,1].
[[2,7,2,1,2,0,1,2,2],12,5].
[[3,7,1,1,2,2,1,2,2],78,29].
[[3,6,1,1,2,2,0,0,0],4,0].
[[1,5,0,1,2,2,1,1,2],27,3].
[[1,8,0,0,0,0,2,3,0],13,44].
[[3,5,0,0,0,0,2,3,0],13,1].
[[2,8,1,0,0,0,2,1,0],26,19].
[[3,7,1,0,0,0,2,1,0],7,3].
[[2,4,2,1,2,0,2,2,1],7,0].
[[3,4,2,1,2,0,2,2,1],6,0].
[[1,9,2,0,0,0,2,2,1],9,33].
[[2,8,1,0,0,0,1,1,2],37,24].
[[3,8,1,1,2,0,1,1,2],18,15].
[[2,9,1,1,2,2,2,2,0],10,98].
[[3,9,2,1,2,2,2,3,0],0,8].
[[2,8,0,1,2,2,2,3,0],30,157].
[[3,6,0,1,2,2,2,3,0],0,17].
[[3,9,1,0,0,0,1,2,0],0,39].
[[2,8,0,1,2,2,2,1,2],10,63].
[[3,7,1,1,2,2,2,1,2],39,30].
[[2,9,2,0,0,0,2,2,0],12,57].
[[3,9,2,0,0,0,2,2,0],0,2].
[[2,9,1,1,2,2,1,2,2],6,42].
[[2,7,1,1,2,2,2,3,1],27,21].
[[3,7,1,1,2,2,2,2,1],9,16].
[[1,3,2,0,0,0,0,0,0],7,0].
[[2,3,2,0,0,0,2,2,0],1,0].
[[3,3,2,0,0,0,2,2,0],2,0].
[[2,9,1,0,0,0,2,3,0],4,73].
[[3,8,1,0,0,0,2,3,0],13,29].
[[2,9,2,1,1,2,0,0,0],8,19].
[[3,8,1,1,1,2,2,2,1],2,7].
[[3,8,1,0,0,0,1,1,0],6,11].
[[2,9,1,1,2,0,2,1,0],0,13].
[[3,9,0,1,2,0,1,1,0],0,9].
[[2,8,0,1,1,2,2,1,2],8,30].
[[3,6,0,1,1,2,2,1,2],0,7].
[[1,9,2,1,2,0,1,1,2],2,11].
[[2,9,2,1,2,0,1,1,2],4,24].
[[3,8,0,1,2,2,1,2,2],0,209].
[[2,9,1,1,1,2,1,2,0],14,48].
[[3,8,0,1,1,2,1,2,0],0,89].
[[3,7,2,1,2,0,1,2,2],28,14].
[[3,7,1,1,1,2,2,3,0],29,19].
[[3,8,0,0,0,0,2,3,0],0,51].
[[2,8,0,1,2,2,0,0,0],16,118].
[[2,5,0,1,2,2,2,1,0],26,0].
[[3,5,0,1,2,2,2,1,0],32,0].
[[1,9,2,0,0,0,1,2,1],16,25].
[[2,9,2,1,2,2,1,2,1],4,13].
[[1,9,2,1,1,2,2,2,2],32,23].
[[2,8,1,1,2,2,1,2,1],60,22].
[[3,8,1,1,1,2,1,2,1],29,16].
[[3,9,1,1,1,2,2,2,0],0,41].
[[1,8,0,1,2,2,2,3,0],22,44].
[[2,8,0,1,2,2,2,1,0],11,57].
[[3,8,0,1,1,2,1,1,0],0,36].
[[3,9,1,1,2,2,1,1,2],1,30].
[[2,7,1,1,2,2,2,2,1],11,6].
[[2,9,2,1,2,2,2,3,2],1,11].
[[3,9,1,1,1,0,1,2,2],0,16].
[[1,8,0,0,0,0,2,1,0],6,15].
[[2,8,0,1,2,0,2,1,0],1,12].
[[1,8,0,1,1,2,2,2,2],9,11].
[[2,7,1,1,1,2,2,2,2],7,3].
[[3,7,1,1,1,2,2,2,2],14,6].
[[1,7,1,0,0,0,0,0,0],37,20].
[[2,7,1,0,0,0,2,1,2],18,9].
[[3,7,1,0,0,0,2,1,2],7,7].
[[1,8,1,0,0,0,2,3,0],80,41].
[[2,8,1,1,2,0,2,3,0],30,18].
[[2,8,1,1,1,2,2,1,2],22,8].
[[3,7,1,1,1,2,2,1,2],22,5].
[[1,7,2,0,0,0,2,1,2],16,6].
[[2,7,2,1,2,0,1,1,2],5,0].
[[3,7,2,1,2,0,1,1,2],11,6].
[[2,7,1,0,0,0,2,1,0],4,2].
[[1,6,1,0,0,0,2,2,2],10,2].
[[2,6,1,1,2,0,2,2,2],1,2].
[[3,6,1,1,2,0,2,2,2],5,1].
[[1,4,2,1,2,0,0,0,0],11,1].
[[2,4,2,1,2,0,0,0,0],15,4].
[[3,4,2,1,2,0,2,2,0],71,4].
[[2,6,1,0,0,0,2,1,2],13,0].
[[3,6,1,1,2,0,2,1,2],4,1].
[[1,8,0,1,1,2,2,1,0],6,8].
[[2,8,0,1,1,2,1,2,0],5,15].
[[1,8,0,0,0,0,2,1,2],10,43].
[[2,8,0,1,2,2,1,2,2],32,118].
[[1,9,2,1,2,0,2,1,0],3,23].
[[2,5,0,1,1,0,2,1,0],1,0].
[[3,5,0,1,1,0,2,3,0],5,1].
[[1,8,1,1,2,0,2,3,1],13,16].
[[3,8,1,1,2,0,2,1,0],11,22].
[[3,8,0,1,1,2,0,0,0],0,24].
[[3,8,1,1,2,2,2,3,0],65,79].
[[3,8,1,1,2,2,2,1,0],24,43].
[[2,8,0,1,2,2,2,2,2],10,57].
[[3,6,0,1,2,2,2,2,2],0,2].
[[3,7,2,1,2,2,1,2,2],59,11].
[[1,9,2,1,1,2,1,1,0],10,7].
[[3,9,0,1,1,2,1,1,0],0,25].
[[3,9,1,1,1,2,1,2,0],0,68].
[[1,8,1,1,1,2,2,2,2],14,6].
[[2,4,2,1,2,0,1,2,2],65,3].
[[1,8,1,1,1,2,2,1,0],5,2].
[[2,4,2,1,2,0,1,2,0],28,6].
[[3,7,2,1,1,0,2,3,2],0,2].
[[1,8,0,0,0,0,2,3,2],5,49].
[[2,7,0,1,2,2,2,3,2],0,4].
[[3,7,0,1,1,2,2,3,2],1,11].
[[1,7,1,1,2,2,2,1,2],6,6].
[[2,8,0,1,1,2,2,3,1],8,15].
[[3,7,1,1,1,2,1,2,2],34,16].
[[3,5,0,1,2,2,2,2,0],12,0].
[[3,8,0,1,2,2,2,1,0],0,71].
[[2,8,1,1,1,2,2,2,0],27,16].
[[3,5,0,1,1,2,1,2,1],40,4].
[[2,5,0,1,1,2,1,1,2],28,1].
[[3,5,0,1,1,2,1,1,2],61,3].
[[1,9,2,1,2,0,2,1,2],0,15].
[[2,9,1,1,2,2,1,1,2],2,35].
[[3,8,0,1,2,2,1,1,2],0,82].
[[2,8,1,0,0,0,1,2,2],73,60].
[[1,7,1,1,2,2,0,0,0],35,22].
[[2,7,1,1,1,2,0,0,0],9,11].
[[3,9,2,1,1,2,2,1,0],0,5].
[[1,8,1,1,2,2,1,1,2],30,12].
[[2,9,1,1,1,2,1,1,2],5,10].
[[2,8,1,0,0,0,2,2,1],19,16].
[[2,8,0,1,1,2,2,3,2],6,17].
[[1,4,2,1,2,0,1,2,2],12,2].
[[2,8,0,0,0,0,1,2,0],3,20].
[[2,9,1,0,0,0,2,2,0],6,41].
[[3,9,0,1,2,2,1,2,0],0,86].
[[1,7,2,0,0,0,2,3,2],26,4].
[[2,7,2,1,2,2,1,1,2],13,10].
[[2,7,1,1,2,2,2,1,0],10,4].
[[3,9,1,0,0,0,1,2,2],1,37].
[[1,8,0,0,0,0,1,1,2],7,8].
[[2,5,0,0,0,0,1,1,2],38,1].
[[1,8,1,0,0,0,1,2,1],24,18].
[[2,8,1,0,0,0,1,2,1],46,28].
[[3,8,1,1,2,0,1,2,1],23,13].
[[3,8,1,1,2,0,2,2,0],21,35].
[[3,9,2,1,2,0,1,1,1],0,1].
[[2,5,0,1,2,2,1,2,1],20,0].
[[3,5,0,1,2,2,1,2,1],83,3].
[[1,9,2,1,1,2,1,1,2],25,16].
[[2,9,1,1,1,2,1,2,2],8,9].
[[2,9,1,0,0,0,2,3,1],1,8].
[[3,8,1,0,0,0,2,3,1],2,10].
[[3,9,0,1,1,2,2,3,0],0,14].
[[2,8,0,1,2,2,1,1,0],0,16].
[[2,6,1,0,0,0,2,2,2],11,2].
[[3,6,1,1,2,2,2,2,2],11,1].
[[1,8,0,1,2,2,1,1,2],8,7].
[[2,8,1,1,2,0,1,1,2],15,9].
[[3,5,0,1,2,0,1,1,2],41,2].
[[2,9,1,1,2,2,1,2,1],6,32].
[[3,9,0,1,1,0,1,2,1],0,4].
[[1,8,1,1,2,2,2,3,2],88,61].
[[3,8,1,0,0,0,1,2,1],17,9].
[[1,8,1,1,2,0,2,2,0],6,5].
[[3,8,1,1,1,0,1,2,0],5,8].
[[1,9,2,1,2,0,1,2,0],1,15].
[[2,8,1,1,2,0,1,2,0],11,8].
[[2,9,1,1,2,0,1,1,0],0,20].
[[3,8,0,1,2,0,1,1,0],0,15].
[[1,9,2,0,0,0,2,1,0],45,123].
[[3,9,1,1,1,2,1,2,1],0,20].
[[2,8,1,1,1,2,1,1,0],5,4].
[[3,7,2,1,1,2,1,1,0],2,2].
[[2,8,1,0,0,0,2,3,2],29,26].
[[2,8,0,0,0,0,1,2,1],1,4].
[[3,7,0,1,2,0,1,2,1],0,1].
[[2,9,2,0,0,0,2,1,0],6,30].
[[1,7,1,0,0,0,2,3,1],10,0].
[[2,7,1,0,0,0,1,2,1],3,2].
[[3,7,1,1,2,0,1,2,1],7,3].
[[3,8,0,1,1,2,2,3,1],0,15].
[[2,9,1,0,0,0,1,1,0],3,24].
[[3,8,0,0,0,0,1,1,0],0,18].
[[2,5,0,1,2,2,1,2,0],18,7].
[[3,5,0,1,2,2,1,2,0],36,9].
[[2,8,1,1,1,2,2,1,0],12,10].
[[2,8,0,1,2,2,2,3,1],4,59].
[[3,8,0,1,2,2,1,2,1],1,39].
[[1,9,2,1,2,2,1,2,1],11,27].
[[2,9,1,1,1,2,1,2,1],6,11].
[[2,7,1,0,0,0,2,3,0],17,6].
[[3,7,1,0,0,0,2,3,0],17,10].
[[1,8,1,1,2,2,1,2,1],25,4].
[[3,7,0,1,2,2,2,3,0],0,22].
[[2,8,0,1,2,0,1,2,2],3,12].
[[3,7,1,1,2,0,1,2,2],22,17].
[[1,8,1,1,1,2,2,3,2],17,6].
[[2,7,2,1,1,2,2,3,2],3,1].
[[2,7,1,1,1,2,2,3,1],6,7].
[[3,7,1,1,2,2,0,0,0],7,14].
[[3,7,0,1,2,2,2,2,0],0,15].
[[2,8,0,1,2,0,2,1,2],0,9].
[[3,8,0,1,2,0,1,1,2],0,21].
[[2,9,2,1,2,0,2,2,2],0,4].
[[3,9,1,1,2,0,2,2,0],0,14].
[[3,8,0,1,1,2,2,1,0],0,76].
[[3,9,0,1,2,0,1,2,1],0,5].
[[3,7,2,1,2,0,1,1,0],1,2].
[[1,8,0,1,2,2,2,3,1],9,25].
[[1,7,2,0,0,0,1,2,2],9,5].
[[2,7,2,1,2,2,1,2,2],19,4].
[[3,7,1,1,2,2,2,1,0],25,18].
[[1,9,2,1,1,2,1,2,0],14,21].
[[3,6,1,1,2,2,2,2,0],13,1].
[[3,9,1,1,1,2,2,3,0],0,31].
[[3,8,0,0,0,0,1,2,0],0,27].
[[2,8,1,1,1,0,2,3,1],5,2].
[[3,7,1,1,1,0,2,3,1],3,3].
[[3,9,2,1,2,0,1,1,2],0,13].
[[1,7,1,0,0,0,2,1,2],12,6].
[[2,5,0,1,2,0,2,2,0],1,1].
[[3,5,0,1,2,0,1,2,1],21,2].
[[1,6,0,1,2,2,0,0,0],3,9].
[[2,6,0,1,1,2,0,0,0],0,8].
[[3,6,0,1,1,2,2,2,0],0,5].
[[2,7,1,1,2,2,2,3,0],20,12].
[[3,7,1,1,1,0,2,3,0],1,9].
[[2,9,2,1,2,2,2,1,0],13,67].
[[1,8,1,1,1,2,2,1,2],11,6].
[[1,7,2,1,2,2,2,2,2],5,1].
[[2,7,2,1,1,2,2,2,2],2,0].
[[3,7,2,1,1,2,2,2,2],4,0].
[[1,8,0,1,1,2,0,0,0],34,43].
[[2,8,0,1,1,2,2,2,0],18,49].
[[3,8,1,1,2,0,2,3,0],18,33].
[[2,8,1,1,2,2,2,3,2],40,30].
[[3,9,0,0,0,0,2,2,0],0,6].
[[2,8,1,1,2,2,2,2,1],22,24].
[[1,7,1,0,0,0,2,2,1],2,5].
[[2,7,1,1,2,0,2,2,1],3,5].
[[3,7,1,1,1,0,2,2,1],0,3].
[[2,9,2,1,2,0,2,1,0],3,17].
[[3,9,1,1,2,0,1,1,0],0,16].
[[1,5,0,1,1,2,1,1,2],8,0].
[[2,7,1,0,0,0,2,2,1],10,5].
[[3,7,1,0,0,0,2,2,1],4,4].
[[1,9,2,1,2,0,2,3,0],10,34].
[[2,8,1,1,1,0,2,3,0],3,5].
[[3,7,2,1,1,0,2,3,0],3,3].
[[3,8,1,1,1,2,2,3,1],6,15].
[[2,9,2,1,2,0,1,2,1],1,4].
[[1,8,0,1,2,2,2,2,0],10,42].
[[2,6,0,1,1,2,2,2,0],0,1].
[[2,8,1,0,0,0,0,0,0],3,15].
[[3,8,1,1,2,0,2,3,1],4,11].
[[2,9,1,0,0,0,0,0,0],1,2].
[[2,8,0,1,2,2,1,2,0],8,57].
[[2,7,1,1,2,2,2,1,2],35,19].
[[2,9,2,1,2,0,2,2,0],1,17].
[[3,3,1,0,0,0,2,1,2],4,0].
[[2,8,0,1,1,2,1,2,2],17,44].
[[1,5,0,1,1,2,1,1,1],3,0].
[[2,5,0,1,1,2,1,1,1],10,0].
[[3,5,0,1,1,2,1,2,0],34,0].
[[2,9,1,1,1,2,2,2,0],21,35].
[[1,7,1,1,2,2,2,3,2],11,5].
[[2,7,1,1,2,2,1,2,2],20,11].
[[3,7,1,1,2,2,1,2,1],45,14].
[[2,7,1,1,2,2,1,2,1],14,4].
[[2,8,0,0,0,0,2,3,2],1,27].
[[3,7,0,1,2,2,2,3,2],0,17].
[[3,6,1,1,2,2,2,3,1],7,0].
[[1,8,0,0,0,0,2,1,1],2,1].
[[2,7,1,0,0,0,2,1,1],4,1].
[[3,7,1,1,2,0,2,1,1],2,2].
[[2,5,0,0,0,0,1,2,1],14,2].
[[1,7,1,0,0,0,2,1,0],1,1].
[[3,9,0,1,2,2,1,2,1],0,29].
[[1,8,0,0,0,0,2,2,2],11,40].
[[2,8,0,0,0,0,2,2,2],1,34].
[[3,8,0,0,0,0,1,2,2],0,51].
[[1,8,0,1,2,2,1,2,2],11,37].
[[2,8,0,1,2,2,1,2,1],5,18].
[[3,8,0,1,1,2,1,2,1],0,24].
[[3,8,1,0,0,0,1,2,0],21,20].
[[2,8,1,1,2,0,2,1,2],16,18].
[[2,6,1,0,0,0,1,2,1],4,1].
[[3,6,1,0,0,0,1,2,0],5,0].
[[2,7,0,1,2,2,2,3,0],0,2].
[[3,7,0,1,1,2,1,2,0],0,6].
[[2,9,1,1,2,0,2,3,0],1,22].
[[2,7,1,0,0,0,2,2,0],5,3].
[[3,7,1,1,2,0,1,1,0],3,3].
[[1,8,1,1,1,2,0,0,0],36,9].
[[3,7,1,1,2,2,2,2,0],32,29].
[[2,4,2,1,2,0,2,1,0],30,3].
[[3,7,1,1,1,2,2,2,1],6,8].
[[2,9,2,1,2,0,1,2,2],6,47].
[[3,8,0,1,2,0,1,2,2],0,47].
[[1,8,0,1,1,2,2,3,0],4,8].
[[1,9,2,1,2,0,2,2,0],4,26].
[[3,5,0,1,2,0,1,1,0],6,3].
[[1,8,0,1,2,2,2,1,0],11,13].
[[3,5,0,1,2,2,1,2,2],22,1].
[[3,7,1,1,1,2,2,2,0],11,16].
[[3,9,2,1,2,2,1,2,2],0,18].
[[2,3,2,0,0,0,2,3,1],1,0].
[[3,3,2,0,0,0,2,3,0],1,0].
[[3,9,0,1,2,2,1,2,2],0,18].
[[3,9,1,1,2,2,2,1,0],0,26].
[[2,9,1,1,1,0,1,1,2],0,2].
[[3,9,0,1,1,0,1,1,2],0,6].
[[3,5,0,1,1,0,1,1,2],5,5].
[[1,7,1,0,0,0,2,2,0],2,1].
[[3,7,1,1,2,0,2,2,0],17,8].
[[3,7,0,1,1,2,0,0,0],0,16].
[[1,9,2,1,2,0,0,0,0],4,20].
[[2,9,1,0,0,0,1,2,1],3,12].
[[2,9,1,0,0,0,2,1,0],0,25].
[[3,7,1,1,2,0,2,2,2],4,7].
[[2,9,2,0,0,0,1,2,0],7,33].
[[2,7,0,1,2,2,2,1,2],0,4].
[[3,7,0,1,2,2,1,1,2],0,5].
[[2,8,1,1,2,2,1,1,0],12,16].
[[2,6,1,1,1,2,0,0,0],2,1].
[[3,3,1,1,1,2,0,0,0],3,1].
[[2,5,0,1,2,0,1,1,1],5,3].
[[2,7,0,1,1,2,0,0,0],3,4].
[[2,8,0,0,0,0,1,2,2],9,58].
[[3,8,1,0,0,0,2,2,0],14,21].
[[3,8,0,1,2,0,2,1,0],0,20].
[[1,8,0,1,2,2,1,2,0],1,12].
[[2,7,1,1,2,0,2,2,0],3,0].
[[2,9,1,1,2,2,2,3,1],1,14].
[[2,9,1,1,2,2,2,1,0],4,53].
[[1,7,2,0,0,0,0,0,0],34,8].
[[2,7,2,0,0,0,0,0,0],17,1].
[[3,7,2,0,0,0,2,1,2],5,1].
[[3,4,2,1,2,0,1,2,1],54,0].
[[3,9,0,0,0,0,1,2,2],0,6].
[[2,8,0,1,2,0,2,3,0],3,22].
[[1,8,1,1,2,0,0,0,0],15,25].
[[2,7,2,0,0,0,2,3,2],13,4].
[[3,7,2,1,2,2,2,3,2],15,2].
[[1,8,0,0,0,0,1,2,2],9,18].
[[1,5,0,0,0,0,1,2,1],3,0].
[[3,3,2,0,0,0,2,3,2],1,0].
[[2,8,1,1,1,2,0,0,0],2,8].
[[2,3,2,0,0,0,0,0,0],7,0].
[[3,2,1,1,2,0,0,0,0],1,0].
[[3,8,0,1,2,0,1,2,0],0,28].
[[2,9,2,0,0,0,1,1,2],12,44].
[[3,8,0,0,0,0,1,1,2],0,21].
[[1,7,1,1,2,2,2,2,2],4,5].
[[3,7,1,1,1,2,1,1,2],18,8].
[[2,9,2,1,1,2,1,2,0],11,33].
[[2,8,0,1,1,2,2,1,0],16,26].
[[3,7,2,1,1,0,2,1,0],0,1].
[[3,3,2,0,0,0,2,3,1],2,0].
[[2,8,0,1,2,2,1,1,2],20,46].
[[3,5,0,1,2,2,1,1,1],41,6].
[[2,9,2,0,0,0,1,1,0],2,18].
[[3,9,1,0,0,0,1,1,0],0,17].
[[3,8,1,1,1,0,2,3,0],8,12].
[[1,3,2,0,0,0,2,1,2],3,0].
[[2,3,2,0,0,0,1,1,2],2,0].
[[3,3,2,0,0,0,1,1,2],2,0].
[[2,8,1,1,1,2,2,3,1],24,22].
[[3,7,2,1,2,2,2,3,1],8,2].
[[3,7,1,1,1,2,1,2,1],10,3].
[[3,9,0,1,2,2,2,2,0],0,22].
[[1,7,1,1,2,2,2,2,0],2,1].
[[2,3,1,1,2,2,2,2,0],2,1].
[[3,3,1,1,2,2,2,2,0],4,1].
[[1,7,2,0,0,0,1,1,2],7,6].
[[2,7,2,0,0,0,1,1,2],9,7].
[[3,6,1,0,0,0,2,3,2],4,0].
[[3,6,0,1,1,2,2,2,2],0,3].
[[2,4,2,1,2,0,2,2,2],8,4].
[[2,7,1,1,2,2,2,2,0],11,7].
[[3,7,1,1,2,2,1,2,0],34,6].
[[2,9,2,1,1,2,2,2,2],4,5].
[[3,8,1,1,1,2,2,2,2],3,4].
[[2,8,1,1,2,0,2,2,1],6,14].
[[3,8,1,1,2,0,2,2,1],2,9].
[[2,7,1,1,2,0,0,0,0],9,8].
[[3,7,1,1,2,0,2,3,0],15,6].
[[1,8,1,0,0,0,1,1,0],5,2].
[[2,8,1,0,0,0,1,1,0],4,10].
[[3,8,1,1,2,0,1,1,0],7,19].
[[2,8,0,0,0,0,0,0,0],5,44].
[[2,9,1,1,2,0,2,2,0],2,26].
[[3,9,0,1,2,0,1,1,2],0,4].
[[2,8,1,1,1,2,1,2,1],23,5].
[[2,8,0,0,0,0,1,1,2],8,26].
[[3,6,1,1,2,2,1,1,2],15,4].
[[2,3,1,1,2,2,2,2,1],0,1].
[[3,3,1,1,1,2,1,1,1],0,1].
[[3,7,0,1,1,2,2,3,0],0,16].
[[3,7,2,1,2,0,2,3,0],6,1].
[[1,8,0,1,1,2,2,1,2],7,12].
[[2,5,0,1,2,2,1,2,2],4,0].
[[3,4,2,1,2,0,2,1,0],44,5].
[[1,6,1,0,0,0,2,1,0],1,0].
[[2,6,1,0,0,0,1,2,0],2,0].
[[3,6,1,1,2,0,1,2,0],2,0].
[[1,8,0,1,1,2,1,1,2],7,2].
[[2,4,2,1,2,0,1,2,1],12,0].
[[3,9,1,1,2,0,2,3,0],0,26].
[[2,7,1,1,2,2,0,0,0],34,30].
[[3,3,1,1,2,2,0,0,0],11,4].
[[3,7,0,0,0,0,0,0,0],0,9].
[[3,6,0,1,2,2,2,3,2],1,4].
[[2,7,1,0,0,0,0,0,0],20,21].
[[1,9,2,1,2,2,2,1,1],4,3].
[[3,3,2,1,2,2,2,1,2],4,0].
[[2,8,1,1,2,0,1,2,1],9,10].
[[3,7,2,1,2,0,2,1,2],10,2].
[[1,9,2,1,2,0,2,3,2],4,14].
[[2,9,1,1,2,0,2,3,1],0,3].
[[1,8,0,0,0,0,2,2,1],1,5].
[[2,5,0,1,2,2,1,1,1],21,1].
[[2,8,0,1,2,0,2,2,2],0,10].
[[3,9,2,1,1,2,2,2,0],0,6].
[[3,6,0,1,1,2,2,3,0],0,12].
[[1,8,0,0,0,0,2,2,0],3,27].
[[2,6,0,1,2,2,2,2,0],0,4].
[[3,6,0,1,2,2,2,2,0],0,6].
[[3,9,0,1,1,2,1,2,2],0,6].
[[3,6,1,1,2,0,1,1,2],5,1].
[[3,8,0,1,2,2,2,3,1],0,35].
[[3,9,1,1,1,0,2,3,0],0,4].
[[3,9,1,1,1,0,2,2,0],0,4].
[[2,7,1,0,0,0,1,2,2],7,6].
[[3,7,2,1,2,0,1,2,0],5,1].
[[2,8,0,0,0,0,2,2,0],5,51].
[[2,9,2,1,2,0,2,3,2],0,5].
[[1,8,1,1,1,2,2,2,0],8,3].
[[3,8,1,1,1,2,1,2,0],53,37].
[[2,8,1,1,1,2,2,2,1],15,7].
[[3,6,1,1,1,2,2,2,1],2,0].
[[1,6,1,1,2,2,2,2,2],6,0].
[[2,6,1,1,2,2,1,2,2],8,1].
[[3,6,1,1,2,2,1,2,2],21,2].
[[3,7,0,1,1,2,2,1,2],0,9].
[[3,9,1,1,1,0,1,2,1],0,2].
[[3,7,0,0,0,0,2,3,0],0,3].
[[3,8,0,1,1,0,1,2,2],0,10].
[[2,9,1,1,2,0,0,0,0],0,3].
[[3,7,2,1,2,2,2,2,2],18,4].
[[2,4,2,1,2,0,2,3,0],49,6].
[[2,9,1,1,1,0,0,0,0],0,3].
[[1,6,1,1,2,2,0,0,0],16,5].
[[3,6,1,1,2,2,2,2,1],3,0].
[[3,7,0,1,2,0,2,2,2],0,2].
[[2,7,0,1,2,2,2,3,1],0,4].
[[3,7,0,1,2,2,2,3,1],0,7].
[[2,3,2,1,2,0,2,2,2],3,0].
[[3,3,2,1,2,0,1,2,2],2,1].
[[1,6,1,0,0,0,0,0,0],39,2].
[[2,6,1,0,0,0,2,2,1],6,2].
[[3,3,1,1,2,2,2,2,1],4,1].
[[2,5,0,1,1,2,1,2,0],4,0].
[[3,8,0,0,0,0,1,2,1],0,7].
[[1,8,1,1,2,0,2,2,2],15,7].
[[1,9,2,1,2,0,2,1,1],0,2].
[[2,8,1,1,1,0,2,1,1],0,2].
[[3,8,1,1,1,0,2,1,1],0,1].
[[3,9,1,1,2,0,1,2,1],0,5].
[[2,9,2,1,1,2,2,3,1],7,8].
[[3,8,1,1,1,0,1,1,0],3,6].
[[2,7,0,1,2,2,0,0,0],2,18].
[[3,7,0,1,2,2,0,0,0],1,15].
[[3,7,2,0,0,0,1,2,1],1,1].
[[1,9,2,1,2,0,1,1,0],0,5].
[[2,8,0,1,2,0,1,1,0],0,2].
[[3,6,1,1,1,2,2,3,0],3,0].
[[2,8,0,1,2,0,2,2,0],4,13].
[[3,8,0,1,1,0,2,2,0],0,10].
[[2,3,1,1,2,2,2,2,2],2,0].
[[3,3,1,1,2,2,2,2,2],4,0].
[[3,7,2,1,2,2,1,2,0],10,0].
[[3,7,0,1,2,0,1,2,0],0,1].
[[3,7,0,1,2,2,1,2,2],0,16].
[[3,4,2,1,2,0,1,1,1],16,1].
[[3,9,1,0,0,0,2,2,0],0,14].
[[2,5,0,1,2,2,2,2,0],9,1].
[[1,7,2,1,2,2,0,0,0],7,4].
[[3,7,2,1,1,0,2,1,2],2,3].
[[3,8,1,1,1,2,2,2,0],22,30].
[[2,8,1,1,1,2,1,1,2],21,7].
[[1,7,2,1,2,2,2,1,2],4,1].
[[3,9,0,1,2,2,2,1,0],0,16].
[[1,6,1,0,0,0,1,2,1],0,1].
[[2,6,1,1,2,0,1,1,0],0,1].
[[3,6,1,1,1,0,1,1,0],0,1].
[[3,8,0,1,1,2,2,2,2],0,7].
[[2,8,1,1,2,0,0,0,0],1,10].
[[3,7,2,1,1,0,2,2,2],4,1].
[[3,8,1,1,2,2,2,2,2],7,5].
[[2,8,0,0,0,0,2,1,2],2,24].
[[1,9,2,1,2,0,1,2,2],6,22].
[[2,5,0,1,2,0,1,1,2],16,2].
[[1,8,1,1,1,2,2,3,0],8,3].
[[2,8,1,1,1,2,1,2,0],17,5].
[[1,8,1,1,2,2,1,1,0],5,4].
[[2,7,2,1,2,2,1,1,0],1,0].
[[3,9,2,1,2,0,1,2,2],0,3].
[[2,9,1,0,0,0,1,1,2],4,15].
[[3,5,0,1,2,0,1,2,0],16,4].
[[1,8,1,1,1,2,2,3,1],20,5].
[[1,8,1,1,2,2,1,2,0],14,10].
[[3,5,0,1,1,0,1,1,1],6,5].
[[2,6,1,0,0,0,2,1,0],6,0].
[[3,3,2,1,2,0,2,1,0],2,0].
[[1,9,2,1,2,0,2,3,1],5,6].
[[3,8,1,1,2,2,2,2,1],4,12].
[[3,6,1,0,0,0,2,2,0],5,0].
[[2,6,0,1,2,2,0,0,0],1,12].
[[3,6,0,1,2,2,0,0,0],0,6].
[[2,9,2,0,0,0,0,0,0],6,22].
[[1,9,2,1,1,2,2,2,1],9,10].
[[2,9,2,1,1,2,2,2,1],3,4].
[[3,3,1,1,2,2,1,2,2],2,2].
[[2,8,0,1,1,2,1,1,0],5,6].
[[3,7,1,1,2,0,2,3,2],10,4].
[[3,7,0,1,2,2,1,1,0],0,5].
[[1,8,1,0,0,0,1,2,0],13,7].
[[3,8,0,0,0,0,2,3,2],0,3].
[[1,5,0,1,2,2,2,3,0],13,0].
[[2,5,0,1,2,0,1,2,0],2,1].
[[2,4,2,1,2,0,2,3,1],11,0].
[[1,4,2,1,2,0,2,1,2],4,1].
[[1,9,2,1,1,2,2,1,1],2,1].
[[2,5,0,1,1,2,1,2,1],13,0].
[[3,3,2,0,0,0,2,2,2],1,0].
[[1,5,0,0,0,0,1,1,2],21,0].
[[3,5,0,1,2,0,1,2,2],3,1].
[[3,6,0,1,1,2,2,3,1],0,5].
[[3,7,2,0,0,0,2,1,0],4,0].
[[2,8,0,0,0,0,2,1,0],5,22].
[[3,5,0,0,0,0,1,1,2],29,0].
[[3,6,0,1,2,2,1,1,2],0,6].
[[3,9,0,1,1,2,1,2,1],0,12].
[[3,9,0,1,1,2,1,1,2],0,4].
[[3,4,2,1,2,0,2,3,2],10,2].
[[1,8,1,1,1,2,1,2,2],8,1].
[[1,4,2,1,2,0,1,1,0],1,0].
[[3,9,0,0,0,0,1,2,0],0,22].
[[3,7,2,1,2,2,2,2,0],9,0].
[[3,8,1,1,1,2,1,1,2],23,28].
[[2,7,2,1,2,0,2,2,2],8,4].
[[3,3,2,1,1,0,2,2,2],2,0].
[[3,9,1,0,0,0,1,1,2],0,8].
[[1,7,1,1,2,2,2,3,1],5,6].
[[3,8,0,1,1,2,2,3,2],0,8].
[[2,8,1,1,1,2,2,2,2],28,14].
[[3,6,1,1,1,2,2,2,2],6,0].
[[1,4,2,1,2,0,2,3,0],14,1].
[[2,7,1,1,2,2,2,3,2],35,22].
[[2,7,2,1,2,0,0,0,0],4,3].
[[3,9,2,1,2,0,2,2,0],0,2].
[[3,7,1,1,2,0,2,2,1],6,5].
[[2,7,2,0,0,0,2,2,2],9,7].
[[3,7,2,1,2,0,2,3,1],3,2].
[[3,8,1,1,1,0,2,3,1],0,3].
[[3,5,0,0,0,0,2,2,0],4,0].
[[2,6,1,1,2,0,0,0,0],7,0].
[[3,6,1,1,2,0,0,0,0],2,1].
[[3,8,0,1,1,0,2,3,0],0,8].
[[2,1,2,1,2,0,2,3,0],2,0].
[[3,1,2,1,2,0,2,3,0],2,0].
[[2,7,2,0,0,0,1,2,2],23,9].
[[3,7,1,0,0,0,0,0,0],0,3].
[[3,9,1,0,0,0,2,1,0],1,5].
[[2,6,1,1,2,2,2,3,1],9,1].
[[3,3,1,1,1,2,2,3,1],2,0].
[[1,8,0,1,1,2,2,2,1],4,1].
[[2,8,0,1,1,2,2,2,1],3,5].
[[3,8,0,1,2,2,0,0,0],0,42].
[[3,3,1,0,0,0,0,0,0],5,0].
[[3,4,2,1,2,0,2,1,2],1,1].
[[1,7,2,1,2,2,2,3,2],3,3].
[[2,7,2,1,1,2,2,1,0],0,1].
[[3,7,2,1,1,2,2,1,0],2,1].
[[2,8,0,0,0,0,2,3,1],1,28].
[[1,7,1,0,0,0,2,3,0],4,1].
[[2,7,1,0,0,0,1,2,0],3,1].
[[3,7,0,0,0,0,1,2,0],0,3].
[[1,8,0,1,1,2,2,3,1],3,3].
[[2,7,2,0,0,0,2,2,0],8,1].
[[3,7,2,0,0,0,1,2,0],4,0].
[[2,7,1,0,0,0,2,2,2],14,5].
[[3,3,1,0,0,0,2,2,2],2,0].
[[3,6,1,1,1,0,2,3,2],0,2].
[[3,7,2,1,1,2,1,1,2],9,5].
[[3,8,1,1,2,0,2,2,2],2,5].
[[2,6,1,0,0,0,1,2,2],8,0].
[[3,6,1,0,0,0,1,2,2],8,0].
[[3,7,2,1,1,2,1,2,2],17,1].
[[3,7,0,1,1,2,2,2,0],0,6].
[[2,9,2,1,1,2,1,2,1],6,6].
[[3,5,0,1,2,2,2,3,0],47,3].
[[1,5,0,1,2,2,2,1,0],7,0].
[[2,9,2,1,1,0,1,2,0],2,4].
[[3,9,1,1,1,0,1,2,0],0,15].
[[2,6,1,0,0,0,2,3,0],7,0].
[[3,6,0,0,0,0,2,1,2],0,1].
[[3,6,1,1,1,2,2,1,0],2,0].
[[1,4,2,1,2,0,2,2,0],7,4].
[[3,7,2,1,1,0,1,2,2],2,10].
[[3,7,1,0,0,0,2,3,2],4,6].
[[1,7,2,1,2,2,2,3,0],1,0].
[[2,7,2,1,2,2,2,3,0],8,1].
[[3,7,2,1,1,2,1,2,0],4,0].
[[3,7,0,1,2,2,2,2,1],0,1].
[[3,8,0,0,0,0,2,2,0],0,41].
[[3,7,2,1,2,2,1,2,1],7,2].
[[3,6,0,1,1,2,2,1,0],0,1].
[[2,7,1,1,1,2,2,1,2],9,2].
[[3,7,2,1,1,2,2,1,2],6,1].
[[2,9,1,1,2,0,1,2,1],0,6].
[[2,7,0,0,0,0,2,3,0],0,3].
[[3,7,0,1,2,0,2,3,0],0,5].
[[2,6,1,1,2,2,2,2,2],8,1].
[[3,7,1,0,0,0,1,2,0],4,1].
[[3,5,0,1,2,0,2,1,0],7,0].
[[2,5,0,0,0,0,2,1,0],13,0].
[[1,4,2,1,2,0,2,3,2],5,0].
[[2,4,2,1,2,0,2,3,2],12,1].
[[3,3,1,0,0,0,2,1,0],1,0].
[[2,8,0,1,1,2,1,1,2],15,17].
[[3,7,1,0,0,0,2,2,0],13,7].
[[3,6,1,1,2,2,2,1,2],3,1].
[[3,9,1,1,2,0,1,1,2],0,16].
[[2,5,0,1,1,2,1,1,0],1,1].
[[2,9,2,0,0,0,2,3,1],2,15].
[[3,8,0,1,2,0,1,2,1],0,12].
[[3,3,1,0,0,0,1,2,2],2,1].
[[1,8,0,0,0,0,2,3,1],3,22].
[[3,7,1,1,1,2,2,1,1],2,4].
[[2,3,1,1,2,2,0,0,0],10,2].
[[3,3,1,1,2,2,2,3,2],5,1].
[[3,8,1,1,1,0,1,2,1],3,4].
[[1,8,1,1,2,0,2,2,1],4,5].
[[3,6,1,1,2,0,2,2,0],5,0].
[[2,7,1,1,2,0,1,2,2],4,2].
[[1,6,1,0,0,0,2,3,2],19,2].
[[3,6,1,0,0,0,2,2,1],2,1].
[[3,7,1,1,2,2,1,1,0],10,10].
[[3,8,0,0,0,0,2,3,1],0,11].
[[2,6,0,0,0,0,2,2,2],0,3].
[[3,6,0,0,0,0,2,2,2],0,2].
[[3,7,1,0,0,0,2,2,2],10,5].
[[3,7,2,0,0,0,2,2,2],6,3].
[[3,6,1,1,1,2,1,1,2],3,0].
[[2,7,0,1,1,2,2,1,2],1,1].
[[1,7,2,0,0,0,2,3,0],3,0].
[[2,7,2,0,0,0,1,2,0],3,0].
[[3,3,2,0,0,0,1,2,0],2,0].
[[2,8,0,1,1,2,1,2,1],5,7].
[[2,7,2,1,2,2,2,3,2],18,3].
[[2,9,1,1,2,2,0,0,0],1,9].
[[3,9,1,1,2,2,0,0,0],0,1].
[[3,7,1,0,0,0,2,3,1],10,4].
[[1,5,0,1,1,2,2,3,0],3,0].
[[2,5,0,1,1,2,2,1,0],10,0].
[[2,7,2,1,2,0,2,1,2],3,4].
[[3,3,2,1,1,0,2,1,2],1,0].
[[3,6,1,1,2,2,2,3,0],22,0].
[[2,7,1,0,0,0,1,1,2],5,2].
[[3,7,0,0,0,0,1,1,2],0,6].
[[3,5,0,1,1,0,1,2,0],6,3].
[[2,3,1,0,0,0,2,2,1],1,0].
[[3,3,1,1,2,0,2,2,1],2,0].
[[3,4,0,1,2,0,2,2,0],0,1].
[[3,8,1,1,1,0,2,2,0],2,9].
[[2,7,2,1,2,0,2,2,0],0,2].
[[1,8,0,0,0,0,1,2,0],3,8].
[[2,7,2,1,2,2,1,2,0],1,0].
[[3,8,1,1,1,2,2,1,1],3,6].
[[2,8,0,1,2,0,0,0,0],3,10].
[[3,7,0,1,1,2,1,2,2],0,19].
[[2,8,1,1,2,2,1,1,1],8,6].
[[3,7,1,1,2,2,1,1,1],7,2].
[[3,5,0,1,1,2,1,1,1],21,3].
[[3,5,0,1,1,0,1,2,1],5,2].
[[2,5,0,0,0,0,1,2,2],3,1].
[[1,4,2,1,2,0,2,3,1],4,0].
[[1,8,1,1,2,2,1,1,1],5,1].
[[3,8,1,1,2,2,1,1,1],8,3].
[[3,9,1,0,0,0,1,2,1],1,6].
[[3,9,1,0,0,0,2,3,0],0,9].
[[3,7,0,1,1,2,2,3,1],0,5].
[[2,9,2,1,1,2,1,1,0],6,5].
[[3,9,2,1,1,2,1,1,0],0,2].
[[3,5,0,1,1,2,2,2,0],15,1].
[[2,9,2,1,1,2,2,3,2],2,6].
[[3,8,1,1,1,2,2,3,2],1,3].
[[3,6,0,0,0,0,2,2,0],0,2].
[[2,6,1,0,0,0,0,0,0],21,1].
[[3,6,1,0,0,0,2,3,1],4,1].
[[3,8,0,1,2,2,2,2,2],1,7].
[[3,6,1,0,0,0,2,1,2],5,0].
[[2,7,1,1,2,0,1,2,1],2,0].
[[3,7,0,0,0,0,2,2,0],0,2].
[[2,9,2,0,0,0,2,2,1],2,5].
[[3,7,1,0,0,0,1,1,2],5,7].
[[2,9,1,1,2,0,1,2,2],1,10].
[[3,7,2,1,2,2,1,1,1],0,3].
[[3,7,1,1,2,0,0,0,0],4,3].
[[3,7,1,1,2,0,2,1,0],7,3].
[[1,9,2,0,0,0,1,1,1],3,3].
[[2,9,2,1,2,0,1,1,1],0,1].
[[2,7,2,0,0,0,2,1,2],9,2].
[[3,5,0,0,0,0,1,2,1],15,0].
[[3,9,1,1,2,0,2,1,0],0,14].
[[3,8,0,1,2,2,2,3,2],0,11].
[[2,8,0,1,2,0,1,1,2],1,2].
[[3,7,1,1,1,0,1,1,2],3,1].
[[3,5,0,1,2,2,1,1,0],9,5].
[[2,3,1,1,2,2,2,3,2],2,0].
[[3,3,1,1,1,2,2,2,2],3,2].
[[1,8,1,0,0,0,1,1,1],7,5].
[[2,7,1,0,0,0,1,1,1],6,0].
[[3,7,1,0,0,0,1,1,1],6,1].
[[1,6,1,1,2,2,2,3,2],2,0].
[[2,3,2,1,2,2,2,3,2],2,0].
[[3,3,2,1,1,2,2,3,2],1,0].
[[1,8,1,1,1,2,1,1,0],1,0].
[[1,8,1,1,2,2,2,1,1],14,5].
[[3,8,1,0,0,0,1,1,2],15,13].
[[3,7,0,1,1,2,2,1,0],0,6].
[[2,8,1,0,0,0,1,1,1],8,2].
[[3,8,1,1,2,0,1,1,1],7,2].
[[3,7,0,1,2,2,2,1,2],0,4].
[[1,4,2,1,2,0,2,2,2],8,3].
[[1,2,1,0,0,0,0,0,0],2,0].
[[2,2,1,1,2,2,0,0,0],1,0].
[[3,2,1,1,1,2,2,2,1],1,0].
[[2,7,0,1,2,2,1,2,0],0,3].
[[3,7,0,0,0,0,2,1,2],0,2].
[[3,8,0,0,0,0,0,0,0],0,9].
[[3,7,0,1,2,2,2,2,2],1,8].
[[2,1,2,1,2,0,1,1,2],4,0].
[[3,1,2,1,2,0,1,1,2],6,0].
[[3,7,0,1,1,2,1,1,2],0,7].
[[1,8,0,1,2,2,2,2,1],2,9].
[[3,6,1,1,2,2,2,3,2],9,0].
[[1,8,0,1,2,2,1,2,1],1,2].
[[1,6,1,0,0,0,2,3,1],9,0].
[[3,6,1,1,2,0,2,2,1],5,0].
[[3,6,1,1,1,2,1,2,0],4,0].
[[3,6,1,1,2,2,1,2,1],7,0].
[[3,8,1,1,2,2,2,1,1],1,4].
[[3,7,0,0,0,0,1,2,2],0,5].
[[2,9,2,1,1,0,1,2,2],1,6].
[[3,9,2,1,1,0,1,2,1],0,2].
[[1,9,2,1,1,2,1,2,1],9,8].
[[3,6,1,1,2,0,1,2,1],6,1].
[[3,8,0,1,2,0,2,2,0],0,32].
[[3,7,0,1,1,2,2,2,1],0,2].
[[1,7,2,1,2,2,1,2,2],7,3].
[[3,7,1,0,0,0,1,2,2],16,12].
[[1,4,2,1,2,0,2,1,0],4,0].
[[2,5,0,1,1,2,1,2,2],3,0].
[[3,5,0,1,1,2,1,2,2],6,0].
[[2,9,2,1,2,2,1,1,1],0,1].
[[3,9,0,1,2,0,2,1,0],0,2].
[[3,9,0,1,2,2,2,3,0],0,12].
[[1,8,1,1,1,2,1,2,1],8,0].
[[2,6,1,1,1,2,1,2,1],1,0].
[[2,7,2,1,2,2,2,2,2],16,5].
[[2,4,2,1,2,0,1,1,2],16,1].
[[2,6,0,1,2,2,2,2,2],1,4].
[[3,6,0,1,1,2,2,3,2],0,2].
[[2,7,1,1,2,0,2,1,0],2,0].
[[1,7,1,0,0,0,2,2,2],5,4].
[[3,7,1,1,2,0,1,1,2],6,5].
[[3,4,2,1,2,0,2,3,1],14,0].
[[3,3,1,0,0,0,2,3,0],1,0].
[[3,8,0,1,1,0,1,2,0],0,13].
[[3,7,1,1,1,0,2,2,0],2,3].
[[1,7,1,1,2,2,1,2,1],2,2].
[[2,7,1,1,1,2,1,2,1],0,1].
[[3,7,0,1,1,2,1,2,1],0,4].
[[2,6,1,1,2,2,0,0,0],13,4].
[[3,6,1,1,1,2,2,2,0],4,2].
[[1,9,2,1,2,2,1,1,1],1,1].
[[2,8,0,1,2,2,1,1,1],2,1].
[[3,7,1,0,0,0,1,2,1],9,2].
[[2,7,1,0,0,0,2,3,1],16,10].
[[2,7,2,1,2,0,2,3,1],4,1].
[[3,9,2,1,1,2,1,2,0],0,3].
[[3,7,2,1,2,2,2,1,0],6,0].
[[3,3,1,1,1,2,2,1,2],3,0].
[[2,9,2,1,1,0,2,2,0],1,3].
[[3,5,0,1,2,0,2,2,0],6,1].
[[1,6,0,0,0,0,2,2,1],0,1].
[[2,6,0,0,0,0,2,2,1],0,1].
[[3,6,0,1,2,0,2,2,0],0,1].
[[3,7,1,1,2,0,1,1,1],4,0].
[[2,8,1,1,2,0,1,1,0],2,4].
[[2,9,2,1,2,0,0,0,0],0,8].
[[3,8,0,1,2,0,0,0,0],0,5].
[[2,7,2,1,1,2,2,3,0],1,0].
[[3,7,2,0,0,0,1,1,2],8,5].
[[3,7,2,0,0,0,2,3,2],6,2].
[[3,9,0,1,1,0,1,2,2],0,3].
[[1,7,1,1,2,2,2,3,0],3,1].
[[2,8,1,1,1,0,2,2,0],1,4].
[[3,9,2,1,1,2,2,3,0],0,7].
[[1,6,1,1,2,2,2,3,1],4,0].
[[2,6,1,1,2,2,1,2,1],2,0].
[[3,6,1,1,1,2,1,2,1],4,0].
[[1,5,0,1,2,0,1,1,2],1,2].
[[3,6,1,0,0,0,2,2,2],3,1].
[[2,7,0,1,1,2,2,3,2],1,2].
[[2,6,1,1,2,2,2,3,2],9,0].
[[2,3,1,0,0,0,0,0,0],5,0].
[[3,3,1,0,0,0,2,2,1],1,0].
[[3,3,2,0,0,0,1,2,2],4,0].
[[2,8,1,1,1,0,2,2,1],0,2].
[[3,8,0,1,2,2,2,2,1],0,10].
[[2,8,0,0,0,0,2,2,1],1,5].
[[2,5,0,0,0,0,1,1,0],3,2].
[[3,5,0,0,0,0,1,1,0],6,3].
[[2,6,1,1,2,0,1,2,2],3,0].
[[3,6,1,1,1,0,1,2,2],1,0].
[[1,7,1,1,2,2,2,2,1],3,3].
[[3,7,0,1,2,0,2,1,2],0,1].
[[3,3,1,1,2,2,2,3,1],4,1].
[[3,7,2,1,2,0,2,2,2],3,3].
[[3,8,0,1,1,0,1,1,0],0,4].
[[3,9,0,0,0,0,1,2,1],0,6].
[[2,8,1,1,1,2,1,1,1],5,1].
[[2,9,1,1,1,0,1,2,1],1,2].
[[2,7,1,1,1,2,2,2,0],8,2].
[[2,9,2,1,1,0,1,1,2],0,4].
[[3,9,2,1,1,0,1,1,2],0,3].
[[1,6,1,1,2,2,2,2,0],1,0].
[[2,6,1,1,2,2,2,2,0],3,0].
[[3,6,1,0,0,0,2,1,0],3,0].
[[2,8,0,1,2,0,2,3,2],0,4].
[[1,6,1,1,2,2,2,1,2],2,0].
[[2,3,2,1,2,2,2,1,2],3,0].
[[1,8,1,0,0,0,2,1,1],16,5].
[[3,8,1,1,2,2,2,3,2],7,3].
[[2,5,0,1,2,0,1,2,1],6,1].
[[3,5,0,0,0,0,2,1,0],6,0].
[[2,9,1,1,1,0,1,2,0],0,4].
[[2,1,2,1,2,0,1,2,0],2,0].
[[3,1,1,1,2,0,1,1,0],2,0].
[[2,9,2,1,2,0,2,3,1],1,7].
[[3,6,1,1,2,0,2,1,0],6,1].
[[3,3,2,1,2,2,2,3,0],1,0].
[[2,7,1,1,1,2,2,3,0],5,4].
[[3,6,0,0,0,0,2,3,0],0,5].
[[2,5,0,1,2,0,2,3,0],4,0].
[[3,5,0,1,2,0,2,3,0],11,0].
[[3,9,0,1,1,0,2,1,0],0,1].
[[3,5,0,0,0,0,1,2,0],8,1].
[[3,7,2,0,0,0,2,3,1],2,0].
[[3,6,1,1,2,0,2,3,1],11,0].
[[3,6,1,1,2,0,2,3,0],8,0].
[[3,8,1,0,0,0,2,2,1],0,5].
[[1,5,0,1,2,2,1,2,0],1,0].
[[3,8,0,1,2,0,2,2,1],0,3].
[[3,7,0,1,2,2,1,2,0],0,4].
[[3,9,2,1,1,2,1,1,2],0,12].
[[3,9,0,1,1,0,1,2,0],0,8].
[[3,6,1,0,0,0,1,1,2],5,0].
[[3,4,2,1,2,0,0,0,0],14,5].
[[1,8,1,1,2,0,1,1,1],0,1].
[[3,6,0,1,1,2,1,2,2],0,5].
[[1,7,2,1,2,0,0,0,0],4,0].
[[2,3,2,1,2,0,0,0,0],1,0].
[[3,3,2,1,2,0,0,0,0],2,0].
[[2,3,2,0,0,0,2,3,2],5,1].
[[3,3,2,1,2,2,2,3,2],5,0].
[[3,9,0,1,2,0,2,2,0],0,2].
[[3,6,0,0,0,0,1,2,2],0,5].
[[3,7,1,1,1,2,1,1,0],2,1].
[[3,3,2,1,2,0,2,3,2],4,0].
[[2,7,1,0,0,0,1,1,0],3,0].
[[2,8,1,1,2,0,1,1,1],4,0].
[[1,8,0,1,1,2,1,2,2],8,3].
[[2,7,1,1,1,2,1,2,2],5,4].
[[3,6,0,1,2,0,1,2,2],0,2].
[[2,7,0,0,0,0,2,3,2],0,4].
[[3,7,0,1,2,0,1,2,2],0,3].
[[3,9,2,1,2,2,1,1,0],0,7].
[[1,4,2,1,2,0,1,2,0],7,0].
[[1,4,2,1,2,0,1,1,2],6,0].
[[3,7,2,1,1,2,2,3,0],6,0].
[[2,7,2,0,0,0,1,2,1],1,1].
[[3,7,2,0,0,0,1,1,0],0,1].
[[1,5,0,1,2,2,1,2,1],3,0].
[[3,9,0,0,0,0,2,3,0],0,2].
[[2,9,1,1,1,2,2,2,1],1,0].
[[2,7,2,1,2,2,2,3,1],9,2].
[[2,8,1,1,1,0,2,2,2],0,6].
[[3,8,1,1,1,0,2,2,2],0,3].
[[3,9,0,1,1,2,2,1,0],0,8].
[[3,7,2,0,0,0,2,2,0],6,0].
[[3,6,1,1,1,2,1,2,2],3,0].
[[2,7,1,1,2,2,1,1,0],4,0].
[[2,7,2,1,2,0,2,1,0],3,1].
[[3,8,1,1,1,0,1,1,2],1,10].
[[3,3,1,1,2,2,2,3,0],9,0].
[[3,8,1,0,0,0,0,0,0],0,3].
[[1,4,2,1,2,0,2,2,1],2,0].
[[3,9,0,1,1,0,1,1,0],0,3].
[[1,5,0,1,1,2,2,1,0],3,0].
[[3,9,0,0,0,0,1,1,0],0,7].
[[1,7,2,1,2,0,2,3,1],2,0].
[[3,7,2,1,2,0,1,2,1],3,3].
[[3,6,1,0,0,0,1,2,1],2,0].
[[3,7,1,1,2,0,1,2,0],8,2].
[[1,6,1,0,0,0,2,1,2],8,1].
[[3,6,1,1,2,2,2,1,0],6,2].
[[3,6,1,1,1,0,2,2,0],2,0].
[[3,7,2,1,1,2,2,3,1],4,1].
[[2,9,2,0,0,0,2,3,2],0,11].
[[2,7,1,1,1,2,1,1,2],4,1].
[[2,4,2,1,2,0,2,1,2],4,2].
[[2,6,1,1,1,2,2,2,0],1,0].
[[2,7,1,1,2,2,1,1,1],1,1].
[[2,6,1,0,0,0,2,1,1],3,1].
[[2,8,1,1,1,0,1,2,0],3,3].
[[2,5,0,0,0,0,2,3,0],18,2].
[[2,7,2,1,1,2,1,2,2],6,1].
[[2,6,1,0,0,0,2,3,1],13,0].
[[3,3,2,1,2,0,2,1,2],2,0].
[[3,8,0,1,1,0,1,1,2],0,5].
[[1,8,0,1,2,2,1,1,0],1,3].
[[3,8,0,1,1,0,2,1,0],0,4].
[[2,5,0,1,1,2,2,3,0],10,0].
[[3,9,2,0,0,0,1,2,1],0,1].
[[1,8,0,1,1,2,1,2,0],1,2].
[[3,8,1,1,2,0,0,0,0],0,2].
[[1,8,1,1,1,2,1,1,2],3,0].
[[3,9,0,0,0,0,1,1,2],0,2].
[[1,6,1,0,0,0,2,1,1],1,1].
[[3,3,2,1,2,0,1,1,2],1,0].
[[2,5,0,1,1,2,2,2,0],6,0].
[[2,7,2,1,2,0,2,3,2],4,5].
[[3,7,2,1,2,0,2,3,2],4,1].
[[3,3,1,1,2,2,2,1,0],1,0].
[[2,9,2,0,0,0,2,1,1],0,1].
[[3,8,0,0,0,0,2,1,1],0,1].
[[1,8,1,1,2,0,1,1,2],4,2].
[[3,6,0,1,2,2,1,2,0],0,2].
[[1,8,1,1,2,0,2,1,2],7,5].
[[2,6,1,1,2,2,2,1,2],8,0].
[[2,9,1,1,1,0,1,1,0],0,3].
[[2,7,2,1,2,2,2,2,0],2,0].
[[1,5,0,1,2,2,2,2,0],2,0].
[[3,9,1,0,0,0,0,0,0],0,2].
[[2,7,1,1,2,2,2,1,1],3,2].
[[3,7,1,1,2,2,2,1,1],2,4].
[[2,3,2,0,0,0,2,1,2],4,0].
[[3,3,1,1,2,0,2,1,2],1,1].
[[3,7,1,0,0,0,1,1,0],3,1].
[[3,4,2,1,2,0,2,2,2],6,2].
[[3,7,1,0,0,0,2,1,1],1,2].
[[2,7,0,1,2,2,2,2,0],0,1].
[[3,7,0,1,1,2,1,1,0],0,2].
[[2,6,1,1,2,0,1,1,2],2,1].
[[2,8,1,0,0,0,2,1,1],5,3].
[[3,9,2,1,2,0,1,2,0],0,3].
[[3,9,2,1,2,0,1,2,1],0,1].
[[2,6,0,1,2,2,2,3,1],0,4].
[[3,6,0,1,2,2,1,2,1],0,2].
[[2,9,2,1,2,0,1,1,0],0,4].
[[2,9,2,1,1,0,2,3,0],1,5].
[[3,9,2,0,0,0,1,1,2],0,5].
[[2,9,2,1,1,2,1,1,1],1,3].
[[3,6,0,1,1,2,0,0,0],0,8].
[[2,7,2,0,0,0,1,1,1],0,1].
[[3,9,2,1,1,2,1,2,1],0,3].
[[2,6,0,1,2,2,1,2,2],0,2].
[[3,6,0,1,2,2,1,2,2],1,9].
[[1,7,2,1,2,0,2,1,2],2,0].
[[2,7,2,1,1,0,2,1,2],1,0].
[[3,7,2,1,1,0,2,2,0],1,1].
[[3,7,1,1,1,2,0,0,0],1,5].
[[1,5,0,0,0,0,2,1,0],8,0].
[[3,9,1,1,2,2,2,3,1],0,1].
[[3,9,1,1,1,0,2,1,0],0,6].
[[3,9,0,1,2,2,1,1,2],0,14].
[[2,6,0,1,2,2,2,1,0],0,1].
[[3,6,0,1,2,2,2,1,0],0,4].
[[2,6,1,1,2,0,2,3,1],4,0].
[[2,4,2,1,2,0,2,1,1],2,0].
[[2,7,1,1,2,0,2,3,0],4,3].
[[2,7,1,1,2,0,2,3,1],1,2].
[[3,7,1,1,1,0,1,2,2],1,3].
[[1,6,1,1,2,2,2,2,1],1,0].
[[3,8,0,1,2,0,2,3,2],0,2].
[[3,7,0,0,0,0,2,2,2],0,1].
[[3,3,1,1,1,2,2,2,1],0,1].
[[1,7,1,0,0,0,2,1,1],4,1].
[[2,7,1,1,2,0,2,1,1],0,1].
[[2,7,1,1,1,2,1,2,0],2,1].
[[3,3,1,1,1,2,1,2,0],1,0].
[[1,5,0,0,0,0,2,3,0],8,1].
[[2,9,1,1,1,0,2,1,0],0,3].
[[2,6,0,1,1,2,2,3,2],0,1].
[[3,8,1,1,2,2,0,0,0],0,3].
[[3,9,0,1,1,2,2,2,0],0,11].
[[2,7,0,0,0,0,1,2,2],1,1].
[[3,9,2,1,1,2,0,0,0],0,1].
[[3,3,2,1,2,2,1,2,2],4,0].
[[2,8,1,1,2,2,2,1,1],6,7].
[[3,9,2,1,2,2,2,2,0],0,5].
[[3,6,0,0,0,0,2,3,1],0,1].
[[2,6,1,1,2,0,1,2,1],1,0].
[[3,6,1,1,1,0,2,3,0],3,0].
[[1,8,1,1,1,2,1,1,1],2,0].
[[3,9,2,1,2,0,1,1,0],0,3].
[[3,9,1,1,1,0,0,0,0],0,1].
[[2,7,2,0,0,0,2,3,0],6,0].
[[2,9,2,1,1,2,2,1,1],0,1].
[[3,8,0,1,1,2,2,1,1],0,1].
[[1,8,0,1,1,2,2,1,1],1,0].
[[3,5,0,0,0,0,1,2,2],3,0].
[[3,6,1,1,2,2,1,1,1],2,1].
[[2,7,1,1,2,0,2,1,2],1,2].
[[3,9,2,1,1,0,2,2,0],0,1].
[[3,7,2,1,1,2,2,3,2],3,0].
[[3,3,2,1,2,2,2,2,2],6,0].
[[2,8,0,1,2,0,2,3,1],0,6].
[[3,5,0,1,1,0,2,2,0],1,0].
[[1,5,0,0,0,0,2,2,0],1,0].
[[3,7,0,0,0,0,2,3,1],0,2].
[[3,8,0,1,1,2,1,1,1],1,2].
[[2,7,2,1,1,0,2,2,2],2,0].
[[3,7,1,1,1,0,2,2,2],2,3].
[[2,6,1,1,1,2,2,2,2],2,0].
[[3,7,1,1,1,2,1,1,1],3,0].
[[3,7,2,1,1,0,2,3,1],1,0].
[[2,8,1,1,1,2,2,1,1],3,1].
[[1,6,0,0,0,0,2,1,2],0,2].
[[2,6,0,0,0,0,1,2,2],0,1].
[[2,9,1,1,1,0,1,2,2],0,2].
[[3,6,1,0,0,0,2,3,0],2,0].
[[3,8,0,1,2,0,2,3,1],0,5].
[[3,8,1,0,0,0,2,2,2],1,2].
[[3,6,0,1,1,2,1,1,2],0,6].
[[3,6,1,1,1,2,2,3,1],4,1].
[[2,8,0,1,2,2,2,1,1],1,1].
[[3,8,0,1,1,0,2,1,1],0,1].
[[1,9,2,1,2,0,1,1,1],0,1].
[[2,9,1,1,1,0,1,1,1],0,1].
[[1,8,1,1,1,2,2,1,1],1,0].
[[3,3,2,0,0,0,2,1,2],4,0].
[[3,7,0,1,2,0,0,0,0],0,3].
[[3,9,2,1,1,0,2,1,0],0,1].
[[3,7,2,1,2,0,2,1,0],1,1].
[[3,6,1,1,2,2,1,2,0],3,1].
[[2,6,1,0,0,0,1,1,2],7,1].
[[3,8,0,0,0,0,2,2,2],0,1].
[[3,6,0,1,2,2,1,1,0],0,2].
[[2,6,1,1,2,0,2,3,0],2,0].
[[1,3,2,0,0,0,1,1,2],1,0].
[[3,4,0,1,2,0,1,1,0],0,3].
[[2,8,0,0,0,0,2,1,1],0,2].
[[3,7,0,1,2,2,2,1,1],0,1].
[[1,6,0,0,0,0,2,2,0],0,1].
[[2,6,0,0,0,0,2,2,0],0,2].
[[2,9,2,0,0,0,2,2,2],0,5].
[[3,8,1,1,1,0,1,1,1],1,0].
[[3,7,2,1,1,0,1,2,1],0,1].
[[3,6,0,1,2,0,1,2,0],0,2].
[[2,3,1,0,0,0,2,1,2],1,1].
[[2,5,0,1,2,2,1,1,0],5,2].
[[3,3,2,1,2,2,0,0,0],2,0].
[[1,6,1,0,0,0,2,2,0],4,0].
[[3,2,1,1,2,2,2,2,0],1,0].
[[3,8,1,1,1,0,2,3,2],0,2].
[[2,8,0,0,0,0,1,1,0],2,6].
[[2,9,1,1,1,0,2,2,0],0,1].
[[1,6,0,0,0,0,0,0,0],0,6].
[[3,3,0,1,2,2,0,0,0],0,1].
[[2,6,1,1,2,2,2,1,0],2,1].
[[2,6,1,1,2,2,2,3,0],3,0].
[[3,2,1,1,2,2,2,3,0],1,0].
[[3,6,0,1,2,2,2,3,1],0,6].
[[2,7,1,1,1,2,1,1,0],0,1].
[[2,3,1,1,2,2,2,1,2],1,0].
[[3,9,2,0,0,0,2,1,0],0,2].
[[3,3,1,1,1,2,1,2,2],2,0].
[[2,9,1,1,2,2,2,2,1],0,3].
[[1,7,2,1,2,0,2,3,2],1,0].
[[3,8,0,1,1,0,1,2,1],0,2].
[[1,8,0,0,0,0,1,1,0],0,2].
[[2,6,0,0,0,0,0,0,0],1,4].
[[3,6,1,0,0,0,0,0,0],1,0].
[[3,9,1,1,2,2,2,1,1],0,1].
[[1,8,1,1,2,0,1,2,1],1,2].
[[2,8,1,1,1,0,1,2,1],0,1].
[[3,7,1,1,1,0,1,2,1],1,1].
[[2,6,1,1,2,0,2,2,1],2,0].
[[3,6,0,1,2,2,2,1,2],1,4].
[[2,6,0,1,1,2,1,1,2],0,1].
[[2,7,1,1,2,0,2,2,2],3,1].
[[3,3,1,1,2,0,2,2,2],2,0].
[[3,7,2,1,1,2,2,2,0],1,0].
[[3,8,0,1,2,0,2,2,2],0,3].
[[3,3,1,0,0,0,2,3,1],4,1].
[[3,3,1,1,2,0,1,2,2],2,0].
[[2,9,2,1,2,2,2,2,1],5,9].
[[3,3,1,1,1,2,2,3,2],2,1].
[[2,6,1,1,2,0,2,2,0],1,0].
[[2,8,1,1,2,0,2,1,1],2,0].
[[2,7,1,1,1,2,2,1,1],1,0].
[[3,4,2,1,2,0,2,1,1],2,0].
[[3,3,2,1,1,0,0,0,0],1,0].
[[3,7,0,0,0,0,2,3,2],0,3].
[[2,7,2,1,1,0,1,2,2],0,1].
[[2,8,0,1,1,2,2,1,1],1,0].
[[3,3,2,0,0,0,0,0,0],3,0].
[[1,5,0,1,2,2,1,1,1],7,1].
[[3,9,2,1,2,2,1,2,1],0,1].
[[2,9,2,1,2,2,2,1,1],2,2].
[[2,8,0,1,2,0,1,2,0],1,3].
[[1,5,0,1,2,0,1,2,1],1,0].
[[2,7,2,0,0,0,1,1,0],1,0].
[[1,7,2,0,0,0,2,1,0],2,0].
[[3,9,2,1,2,0,2,1,0],0,1].
[[2,7,2,0,0,0,2,1,0],6,0].
[[3,7,2,0,0,0,2,3,0],3,0].
[[3,6,1,1,1,2,2,1,2],1,0].
[[2,5,0,1,2,0,2,1,0],1,0].
[[2,3,1,0,0,0,2,1,1],1,0].
[[3,3,1,1,2,0,1,2,1],2,0].
[[2,3,2,0,0,0,2,2,2],4,0].
[[2,9,2,0,0,0,1,1,1],2,1].
[[3,9,1,0,0,0,1,1,1],0,1].
[[1,8,1,1,2,0,2,1,0],1,2].
[[2,6,1,1,2,2,1,1,1],1,0].
[[3,3,1,0,0,0,1,1,2],1,0].
[[3,9,1,1,1,2,0,0,0],0,2].
[[2,4,2,1,2,0,1,1,1],1,0].
[[2,9,1,1,2,0,1,1,2],2,4].
[[3,3,1,1,2,2,1,1,2],3,0].
[[2,8,1,1,1,0,1,2,2],3,0].
[[2,6,0,1,2,2,1,2,0],1,0].
[[3,3,1,1,2,2,1,2,0],2,0].
[[3,2,1,1,2,2,0,0,0],1,0].
[[1,8,0,1,2,2,2,1,1],0,1].
[[2,7,0,1,1,2,2,2,2],2,1].
[[1,7,1,0,0,0,1,2,1],2,0].
[[2,9,1,0,0,0,2,2,1],0,1].
[[3,3,1,0,0,0,2,3,2],4,1].
[[2,7,0,1,2,2,1,1,0],0,1].
[[3,8,1,1,1,0,2,2,1],0,2].
[[3,2,1,1,2,2,2,3,1],1,0].
[[3,9,1,1,2,0,1,1,1],1,0].
[[2,5,0,0,0,0,1,2,0],4,1].
[[3,6,1,1,2,2,1,1,0],1,0].
[[2,3,1,1,2,2,2,3,0],2,0].
[[2,6,1,0,0,0,2,2,0],4,0].
[[3,3,1,0,0,0,2,1,1],0,1].
[[2,7,2,1,2,0,1,2,1],0,1].
[[2,7,1,1,2,2,1,2,0],1,1].
[[2,7,2,1,1,2,2,2,0],1,0].
[[3,7,0,1,2,0,1,1,2],0,1].
[[2,8,1,1,1,0,0,0,0],0,1].
[[3,8,1,1,1,0,0,0,0],0,1].
[[3,7,0,0,0,0,2,2,1],0,1].
[[2,7,2,1,1,0,2,3,1],0,1].
[[3,9,2,1,2,2,2,1,0],0,1].
[[3,3,1,1,2,0,2,3,0],1,0].
[[2,2,1,0,0,0,2,1,2],1,0].
[[3,2,1,1,2,2,2,1,2],1,0].
[[3,8,1,1,2,0,2,3,2],1,1].
[[3,6,0,0,0,0,2,1,1],0,1].
[[2,7,2,1,2,2,1,2,1],1,0].
[[3,7,2,1,1,2,1,2,1],3,0].
[[1,7,2,1,2,0,2,2,0],0,1].
[[2,7,2,1,1,0,2,2,0],0,1].
[[3,7,2,1,1,0,1,2,0],4,1].
[[1,9,2,1,2,0,2,2,1],1,2].
[[2,6,0,0,0,0,2,3,2],1,1].
[[2,7,1,1,1,2,1,1,1],1,0].
[[3,3,1,1,2,0,0,0,0],3,0].
[[3,1,2,1,2,0,1,2,0],2,0].
[[3,3,2,1,1,2,2,2,2],1,0].
[[2,7,1,1,2,0,1,1,2],2,0].
[[2,9,1,1,1,2,0,0,0],2,2].
[[3,7,1,1,1,0,0,0,0],0,1].
[[2,6,1,1,1,2,2,3,1],1,0].
[[1,7,2,0,0,0,2,2,0],2,1].
[[3,3,2,1,2,2,2,2,0],2,0].
[[3,6,1,1,2,0,2,1,1],3,0].
[[3,6,0,0,0,0,1,1,0],0,1].
[[2,6,0,0,0,0,1,1,2],0,1].
[[3,3,1,1,2,0,2,3,1],2,0].
[[3,3,2,1,2,2,2,3,1],2,0].
[[1,5,0,0,0,0,1,2,0],1,0].
[[2,6,1,1,2,2,1,1,2],1,1].
[[3,9,1,1,1,2,2,3,1],0,2].
[[2,5,0,0,0,0,2,2,0],3,0].
[[3,3,1,1,1,2,2,3,0],2,0].
[[3,6,0,1,2,0,0,0,0],0,1].
[[1,7,2,1,2,0,2,2,2],3,0].
[[2,8,0,1,2,0,1,2,1],0,1].
[[2,2,1,0,0,0,0,0,0],1,0].
[[3,2,1,0,0,0,2,3,2],1,0].
[[2,6,0,1,2,2,2,3,0],0,3].
[[3,8,0,1,2,2,2,1,1],0,1].
[[3,6,1,1,2,2,2,1,1],2,0].
[[3,7,2,1,2,0,1,1,1],0,2].
[[2,9,2,1,2,0,2,2,1],2,2].
[[2,1,2,1,2,0,2,1,0],1,0].
[[3,1,2,1,2,0,1,2,1],1,0].
[[1,9,2,1,1,2,1,1,1],0,1].
[[2,8,0,1,1,2,1,1,1],0,1].
[[3,3,1,0,0,0,1,1,0],2,0].
[[3,1,2,1,2,0,2,1,0],1,0].
[[3,6,0,1,2,2,2,2,1],0,1].
[[2,3,1,1,2,2,2,3,1],1,0].
[[3,3,1,1,1,2,1,2,1],1,0].
[[2,6,1,1,2,2,1,2,0],2,0].
[[3,5,0,1,1,0,1,1,0],0,2].
[[3,9,2,1,1,0,1,2,2],0,2].
[[1,6,0,1,2,2,2,2,2],0,1].
[[2,6,0,1,1,2,2,2,2],0,1].
[[3,6,1,1,1,0,1,1,2],0,1].
[[2,7,2,1,2,2,2,1,0],1,0].
[[2,3,1,0,0,0,2,3,1],1,0].
[[1,8,0,0,0,0,1,1,1],0,1].
[[2,8,0,0,0,0,1,1,1],0,1].
[[3,8,0,0,0,0,1,1,1],0,2].
[[2,9,1,0,0,0,1,1,1],0,1].
[[2,1,2,1,2,0,1,1,1],1,0].
[[1,8,1,1,2,0,1,2,0],1,1].
[[3,2,1,0,0,0,0,0,0],1,0].
[[2,7,0,1,2,2,1,2,2],0,4].
[[3,7,0,1,2,2,1,2,1],0,1].
[[2,6,0,1,1,2,1,2,0],0,1].
[[3,6,0,1,1,2,1,2,0],0,1].
[[3,7,2,1,1,0,1,1,0],0,1].
[[2,9,2,1,1,0,2,1,0],0,1].
[[2,7,0,1,1,2,1,1,2],1,0].
[[2,6,0,1,1,2,2,3,0],1,1].
[[2,5,0,1,2,0,1,2,2],1,0].
[[3,5,0,1,1,0,1,2,2],1,0].
[[3,7,0,1,2,0,2,2,0],0,3].
[[3,7,2,1,1,0,1,1,2],0,1].
[[3,9,2,1,2,0,2,3,1],0,1].
[[3,9,1,1,1,2,1,1,1],1,0].
[[3,7,0,1,2,0,2,3,1],0,1].
[[2,9,1,1,1,0,2,3,0],0,1].
[[2,7,0,1,1,2,2,3,0],0,1].
[[3,3,2,1,2,0,2,2,2],1,0].
[[1,4,2,1,2,0,1,2,1],1,0].
[[3,9,2,1,2,0,2,3,0],0,2].
[[1,6,0,1,2,2,2,3,0],1,0].
[[2,7,0,1,1,2,2,2,0],1,1].
[[1,6,0,1,2,2,2,3,2],0,1].
[[2,9,2,1,1,0,2,2,2],0,1].
[[3,8,0,1,1,0,2,2,2],0,1].
[[3,6,1,1,2,0,1,1,0],1,0].
[[3,1,2,1,2,0,1,1,0],1,0].
[[1,6,1,1,2,2,2,3,0],1,0].
[[2,6,1,1,1,2,1,2,2],1,0].
[[3,2,1,1,1,2,1,2,2],1,0].
[[3,6,0,0,0,0,0,0,0],0,2].
[[1,6,1,1,2,2,2,1,0],1,0].
[[3,7,1,1,1,0,1,2,0],1,0].
[[3,7,0,0,0,0,2,1,1],1,0].
[[3,3,1,0,0,0,1,2,1],1,0].
[[2,7,0,1,1,2,2,1,0],1,0].
[[1,9,2,1,2,0,1,2,1],0,1].
[[2,9,2,1,1,0,1,1,0],0,1].
[[3,9,2,1,1,0,1,1,0],0,1].
[[2,6,1,1,2,0,2,1,0],1,0].
[[3,3,1,1,2,0,2,1,0],1,0].
[[2,6,1,1,1,2,2,3,2],1,0].
[[3,8,1,1,1,2,0,0,0],0,1].
[[3,9,2,1,2,2,2,3,1],0,1].
[[2,7,0,1,2,2,2,2,2],0,1].
[[3,9,1,0,0,0,2,3,1],0,1].
[[3,6,1,0,0,0,2,1,1],1,0].
[[2,5,0,1,1,0,1,1,2],0,1].
[[2,6,1,1,2,2,2,1,1],1,0].
[[2,6,1,0,0,0,1,1,0],1,0].
[[2,7,2,1,1,2,2,1,2],1,0].
[[1,8,1,1,2,0,2,1,1],1,1].
[[3,6,1,1,1,2,0,0,0],0,1].
[[3,8,0,1,1,0,2,2,1],0,1].
[[3,9,1,1,1,0,1,1,0],0,2].
[[3,7,0,1,2,0,2,1,0],0,2].
[[1,7,2,1,2,2,1,1,1],0,1].
[[2,7,2,1,2,2,1,1,1],0,1].
[[3,6,1,1,1,0,2,2,2],0,1].
[[3,7,0,1,2,0,2,3,2],0,1].
[[2,9,1,1,2,2,2,1,1],0,1].
[[3,7,1,1,1,0,2,1,2],1,0].
[[2,5,0,1,1,0,1,1,1],0,1].
[[3,6,0,1,1,2,1,1,0],0,1].
[[3,9,1,1,2,0,0,0,0],0,1].
[[3,8,1,0,0,0,2,1,1],0,1].
[[1,5,0,1,1,2,1,2,1],1,0].
[[2,6,0,0,0,0,2,1,2],0,1].
[[3,9,2,0,0,0,1,1,0],0,1].
[[3,6,1,1,1,0,1,2,0],1,0].
[[1,8,1,1,1,2,1,2,0],0,1].
[[2,7,0,0,0,0,2,2,2],0,2].
[[2,8,1,1,1,0,2,1,0],0,1].
[[3,7,1,1,1,0,2,1,0],0,1].
[[2,3,2,0,0,0,1,2,2],1,0].
[[3,3,1,1,2,2,1,2,1],1,0].
[[3,9,1,1,2,2,2,2,1],0,1].
[[1,5,0,1,1,2,1,1,0],0,1].
[[3,7,2,0,0,0,1,1,1],0,1].
[[3,9,2,0,0,0,2,3,0],0,1].
[[2,7,0,0,0,0,2,2,0],0,1].
[[3,7,0,1,2,0,1,1,0],0,1].
[[2,7,2,1,1,2,0,0,0],1,0].
[[3,3,2,1,1,2,0,0,0],1,0].
[[3,9,0,1,2,0,2,3,0],0,1].
[[3,6,1,1,1,0,2,3,1],1,0].
[[3,3,1,0,0,0,1,2,0],1,0].
[[3,3,1,1,2,0,2,3,2],1,0].
[[3,3,1,1,1,2,1,1,0],1,0].
[[2,3,1,0,0,0,2,3,2],0,1].
[[3,9,1,1,1,0,1,1,2],0,1].
[[3,7,1,1,1,0,2,1,1],0,1].
