total_WL(4954,6827).
[[1,6,1,1,2,2,0,0,0],29,0].
[[2,6,1,1,1,2,0,0,0],12,0].
[[3,3,1,1,1,2,0,0,0],7,1].
[[1,8,1,1,2,2,2,3,1],181,83].
[[2,8,1,1,1,2,2,3,1],86,32].
[[3,7,1,1,1,2,2,3,1],63,37].
[[1,9,2,1,2,0,2,2,1],5,44].
[[2,9,1,1,2,0,1,1,1],8,18].
[[3,9,1,1,2,0,1,1,1],2,32].
[[1,9,2,1,2,2,2,3,1],145,370].
[[2,9,1,1,2,2,2,3,1],34,220].
[[3,9,1,1,1,2,2,3,1],1,30].
[[1,9,2,1,2,2,1,2,0],35,80].
[[2,9,1,1,1,2,1,2,0],40,58].
[[3,8,0,1,1,2,1,2,0],15,66].
[[1,9,2,1,2,2,2,2,1],83,258].
[[2,9,1,1,2,2,1,2,1],51,207].
[[3,9,1,1,2,2,1,2,1],27,240].
[[2,8,1,1,2,2,2,3,1],212,158].
[[3,6,1,1,2,2,2,3,1],38,1].
[[1,9,2,0,0,0,1,2,1],34,107].
[[3,5,0,1,2,2,1,1,0],28,8].
[[1,9,2,0,0,0,0,0,0],48,284].
[[2,9,1,0,0,0,2,2,0],18,102].
[[3,9,1,0,0,0,2,2,0],0,17].
[[1,9,2,0,0,0,2,2,1],70,257].
[[2,9,1,0,0,0,2,1,1],4,30].
[[1,9,2,1,2,2,2,1,0],43,135].
[[2,9,1,1,1,2,2,1,0],20,46].
[[3,9,1,1,1,2,1,1,0],8,49].
[[1,8,1,1,1,2,2,3,1],45,11].
[[2,8,1,1,1,2,1,2,1],51,13].
[[3,8,1,1,1,2,1,2,1],91,70].
[[1,9,2,1,2,2,0,0,0],75,289].
[[2,8,0,1,2,2,0,0,0],17,120].
[[3,8,0,1,2,2,2,3,0],22,155].
[[3,8,0,1,1,2,2,1,0],3,42].
[[1,8,0,1,1,2,2,3,1],12,12].
[[2,8,0,1,1,2,2,3,1],28,53].
[[3,4,2,1,2,0,2,3,1],82,6].
[[1,7,1,0,0,0,0,0,0],51,33].
[[2,7,1,0,0,0,2,3,1],27,17].
[[3,7,1,0,0,0,2,3,1],37,17].
[[1,8,0,1,1,2,0,0,0],52,60].
[[2,8,0,1,1,2,2,3,0],38,56].
[[3,7,0,1,1,2,2,3,0],0,14].
[[1,9,2,0,0,0,2,2,0],86,214].
[[3,8,0,0,0,0,2,2,0],2,37].
[[1,4,2,1,2,0,1,1,0],2,0].
[[2,4,2,1,2,0,1,1,0],9,0].
[[3,4,2,1,2,0,1,1,0],54,1].
[[1,9,2,1,2,2,2,1,1],50,162].
[[2,9,1,1,1,2,2,3,0],34,99].
[[3,9,1,1,1,2,2,3,0],3,53].
[[1,8,1,1,2,0,0,0,0],33,42].
[[2,8,1,1,2,0,2,2,1],36,38].
[[3,8,1,1,2,2,2,1,1],18,21].
[[1,8,1,0,0,0,0,0,0],345,252].
[[2,7,2,0,0,0,0,0,0],42,9].
[[3,7,1,1,2,0,0,0,0],8,9].
[[1,8,0,0,0,0,2,3,0],16,33].
[[2,8,0,1,2,2,2,3,0],30,119].
[[3,6,0,1,2,2,2,3,0],3,9].
[[3,6,1,1,1,2,1,2,1],8,0].
[[1,9,2,0,0,0,2,3,1],102,374].
[[2,9,1,0,0,0,1,2,1],31,128].
[[3,8,1,1,2,0,1,2,1],59,62].
[[1,8,1,0,0,0,2,3,1],235,108].
[[2,8,1,1,2,2,1,2,1],136,74].
[[3,8,1,1,2,2,1,2,1],201,150].
[[1,8,0,1,2,2,2,3,0],21,44].
[[2,9,1,1,2,2,2,2,1],26,117].
[[3,9,1,1,2,2,2,2,1],0,17].
[[2,7,1,0,0,0,2,1,1],16,5].
[[3,7,1,1,2,2,1,1,1],26,14].
[[1,8,0,1,2,2,0,0,0],100,274].
[[2,6,0,1,2,2,0,0,0],7,15].
[[3,6,0,1,2,2,2,2,0],2,4].
[[3,8,1,1,2,2,2,3,1],98,83].
[[2,8,0,1,2,2,2,1,1],14,65].
[[3,8,0,1,2,2,1,1,1],4,66].
[[1,9,2,0,0,0,2,3,0],114,250].
[[2,9,1,0,0,0,2,3,0],38,108].
[[3,9,1,1,2,2,2,2,0],7,100].
[[1,9,2,1,1,2,1,1,0],6,10].
[[2,9,1,1,1,2,1,1,0],16,20].
[[2,9,1,1,1,2,2,2,1],19,39].
[[3,4,2,1,2,0,2,2,1],52,2].
[[2,9,1,0,0,0,2,2,1],9,69].
[[3,9,1,0,0,0,1,2,1],3,56].
[[2,9,1,1,1,2,1,2,1],64,119].
[[3,4,2,1,2,0,1,2,1],154,2].
[[1,8,0,0,0,0,0,0,0],62,242].
[[3,7,1,1,2,0,2,1,1],17,14].
[[2,8,1,1,2,2,1,2,0],24,15].
[[3,5,0,1,1,2,1,1,0],15,10].
[[1,9,2,1,1,2,2,2,1],61,50].
[[2,8,1,1,1,2,2,2,1],60,23].
[[3,8,1,1,1,2,2,2,1],25,30].
[[2,9,1,0,0,0,1,2,0],30,74].
[[3,9,1,0,0,0,1,2,0],15,39].
[[1,9,2,1,2,2,1,1,0],11,29].
[[2,9,1,1,2,2,1,1,0],18,46].
[[3,9,1,1,2,2,1,1,0],10,73].
[[1,7,2,0,0,0,2,3,1],23,3].
[[2,7,2,0,0,0,2,3,0],5,0].
[[3,7,2,1,2,0,2,3,0],5,0].
[[2,8,0,0,0,0,2,3,1],23,87].
[[3,7,0,0,0,0,2,3,1],2,10].
[[1,9,2,1,2,2,1,2,1],56,111].
[[2,5,0,1,1,2,1,1,1],10,0].
[[3,5,0,1,1,2,1,1,1],31,3].
[[2,9,1,1,1,2,1,1,1],24,24].
[[3,8,0,1,1,2,1,1,1],5,27].
[[2,8,0,1,2,2,2,2,0],23,107].
[[3,8,0,1,2,2,1,1,0],6,32].
[[1,8,1,1,1,2,0,0,0],69,18].
[[2,7,1,1,1,2,0,0,0],25,13].
[[1,8,1,1,1,2,2,2,1],26,3].
[[2,7,1,1,1,2,2,2,1],11,1].
[[1,7,1,1,2,2,2,2,1],12,2].
[[2,7,1,1,2,2,2,2,1],43,16].
[[2,9,1,1,2,2,1,2,0],38,152].
[[3,8,0,1,2,2,1,2,0],20,107].
[[1,9,2,1,1,2,2,3,1],101,88].
[[2,9,1,1,1,2,2,3,1],43,81].
[[3,8,1,1,1,2,2,3,1],53,51].
[[2,9,1,0,0,0,2,3,1],18,106].
[[3,8,0,0,0,0,2,3,1],4,25].
[[1,9,2,1,2,2,2,3,0],122,241].
[[2,9,1,1,2,2,2,3,0],59,216].
[[3,8,1,1,2,2,2,3,0],40,51].
[[1,8,0,0,0,0,2,3,1],18,54].
[[2,8,0,1,2,2,2,1,0],13,50].
[[3,9,1,1,2,2,1,2,0],23,151].
[[1,9,2,1,2,2,2,2,0],87,209].
[[2,8,1,0,0,0,1,2,1],67,43].
[[3,7,2,1,2,0,1,2,1],18,2].
[[1,8,1,1,2,2,2,3,0],41,17].
[[2,8,1,1,2,2,2,3,0],67,45].
[[3,7,1,1,2,2,2,3,0],45,22].
[[3,6,1,1,1,2,2,1,1],2,1].
[[1,9,2,1,1,2,2,1,0],29,25].
[[1,8,1,0,0,0,2,2,0],42,21].
[[2,8,1,1,2,2,2,2,0],42,29].
[[3,8,1,1,2,2,2,2,0],40,55].
[[2,7,2,1,1,2,2,3,1],5,0].
[[1,9,2,0,0,0,2,1,0],30,102].
[[2,9,1,0,0,0,2,1,0],16,51].
[[1,8,1,0,0,0,1,2,1],51,39].
[[1,9,2,1,2,0,0,0,0],4,26].
[[2,9,1,1,1,0,2,3,0],0,5].
[[3,9,1,1,1,0,2,3,1],0,11].
[[1,9,2,1,2,0,2,3,0],13,33].
[[2,9,1,1,2,0,1,2,0],12,33].
[[1,9,2,1,1,2,2,3,0],75,72].
[[3,4,2,1,2,0,1,2,0],101,3].
[[1,9,2,1,1,2,2,2,0],58,35].
[[2,8,0,1,1,2,2,2,0],23,37].
[[3,8,0,1,1,2,2,2,0],7,79].
[[1,8,0,0,0,0,2,2,0],9,34].
[[2,8,0,0,0,0,2,3,0],12,55].
[[3,8,0,1,2,0,2,3,0],7,43].
[[2,9,1,1,2,2,2,2,0],46,215].
[[3,7,2,1,2,2,2,3,1],50,4].
[[1,7,1,1,2,2,0,0,0],57,33].
[[3,7,1,1,1,2,2,1,1],23,11].
[[1,9,2,1,1,2,1,2,0],20,15].
[[3,9,1,1,1,2,1,2,0],15,103].
[[1,8,1,0,0,0,2,2,1],135,83].
[[2,8,1,1,2,2,1,1,1],39,34].
[[3,8,1,1,2,2,1,1,1],53,73].
[[1,9,2,0,0,0,1,2,0],39,70].
[[1,8,0,1,2,2,2,2,1],25,35].
[[2,8,0,1,2,2,1,2,1],11,66].
[[3,8,0,1,1,2,1,2,1],8,126].
[[2,9,1,1,2,0,2,3,0],13,45].
[[1,7,2,0,0,0,0,0,0],97,17].
[[2,7,2,1,2,0,2,3,1],14,4].
[[3,7,2,1,2,2,1,2,1],52,8].
[[3,9,1,1,1,2,2,1,0],1,38].
[[3,7,1,1,2,0,1,2,1],23,10].
[[3,8,0,1,1,2,1,1,0],6,21].
[[2,8,0,0,0,0,2,2,1],8,58].
[[3,7,0,1,2,0,2,2,1],0,9].
[[2,8,0,0,0,0,1,2,1],2,25].
[[3,7,1,0,0,0,1,2,1],23,6].
[[2,4,2,1,2,0,2,2,1],36,4].
[[2,8,1,0,0,0,1,1,0],7,10].
[[3,8,1,0,0,0,1,1,0],5,14].
[[1,9,2,0,0,0,1,1,0],13,29].
[[2,9,1,0,0,0,1,1,0],12,34].
[[3,8,1,0,0,0,1,2,1],54,32].
[[2,8,0,1,2,0,2,2,1],2,20].
[[3,8,0,1,2,0,2,2,1],2,16].
[[1,9,2,1,1,2,0,0,0],38,63].
[[2,9,1,1,1,2,2,2,0],25,62].
[[3,9,1,1,1,2,2,2,0],4,63].
[[1,9,2,1,1,2,1,2,1],43,30].
[[2,8,1,0,0,0,2,2,1],98,69].
[[3,7,1,0,0,0,2,2,1],31,21].
[[3,9,1,1,2,0,1,2,1],1,79].
[[1,8,0,1,2,2,2,3,1],18,70].
[[2,8,0,1,1,2,1,2,1],17,20].
[[3,8,0,0,0,0,1,1,0],1,7].
[[2,8,0,1,2,2,2,2,1],36,123].
[[3,8,0,1,2,2,2,2,1],14,81].
[[3,6,1,1,1,2,2,2,1],9,0].
[[2,8,0,1,2,2,2,3,1],35,173].
[[3,4,2,1,2,0,2,3,0],94,4].
[[1,9,2,0,0,0,2,1,1],44,118].
[[3,8,0,1,2,0,2,3,1],7,29].
[[2,7,1,1,2,2,0,0,0],90,62].
[[3,7,1,1,2,2,2,2,1],89,39].
[[2,9,1,0,0,0,1,1,1],11,40].
[[3,8,1,1,2,0,1,1,1],22,26].
[[2,4,2,1,2,0,1,2,1],41,0].
[[3,4,2,1,2,0,1,1,1],73,3].
[[2,9,1,0,0,0,0,0,0],0,24].
[[3,9,1,1,2,0,2,2,0],3,24].
[[2,8,1,0,0,0,2,3,1],147,93].
[[3,8,1,1,2,0,2,3,1],28,32].
[[1,8,1,1,2,2,0,0,0],242,171].
[[2,8,1,1,2,2,2,1,1],66,60].
[[1,9,2,1,2,0,2,2,0],7,24].
[[2,8,0,1,2,0,2,2,0],1,19].
[[3,7,1,1,2,0,2,2,0],11,4].
[[3,8,1,1,2,2,2,2,1],49,52].
[[3,8,0,1,2,2,2,3,1],17,136].
[[1,8,0,1,1,2,2,3,0],14,11].
[[2,7,1,0,0,0,0,0,0],51,37].
[[3,7,1,0,0,0,0,0,0],7,13].
[[1,8,1,1,2,2,1,2,0],5,4].
[[2,7,1,1,1,2,1,2,0],1,0].
[[3,7,1,1,1,2,1,2,0],9,2].
[[1,8,0,0,0,0,2,2,1],12,43].
[[3,8,0,1,2,2,2,2,0],16,132].
[[1,8,1,1,2,2,2,2,1],111,57].
[[3,8,0,1,2,2,1,2,1],22,178].
[[2,4,2,1,2,0,0,0,0],17,2].
[[3,4,2,1,2,0,0,0,0],6,2].
[[2,7,1,1,2,2,2,3,1],68,33].
[[3,7,1,1,2,2,2,3,1],120,85].
[[2,8,1,0,0,0,2,1,1],56,33].
[[2,8,1,1,1,0,2,2,1],1,7].
[[3,8,1,1,1,0,2,2,0],2,6].
[[1,8,1,1,2,2,2,1,1],58,32].
[[3,7,1,1,2,2,2,1,1],49,33].
[[2,7,1,1,2,2,2,3,0],13,4].
[[3,7,0,1,2,2,2,3,0],2,19].
[[3,8,0,1,1,2,2,3,0],10,110].
[[3,8,1,0,0,0,2,3,1],36,27].
[[1,8,1,0,0,0,2,1,1],76,51].
[[3,7,1,0,0,0,2,1,1],16,3].
[[3,7,1,1,1,0,2,1,0],1,3].
[[3,7,1,1,2,0,2,2,1],21,13].
[[2,4,2,1,2,0,2,3,1],58,4].
[[3,7,2,1,2,2,2,3,0],9,0].
[[3,8,0,1,1,2,2,2,1],6,50].
[[1,8,0,1,2,2,2,2,0],17,39].
[[3,6,1,1,1,2,2,3,1],15,0].
[[2,8,1,1,1,2,2,3,0],36,10].
[[3,7,1,1,1,2,2,3,0],17,10].
[[2,8,0,1,1,2,1,2,0],12,15].
[[1,8,1,1,2,2,1,2,1],42,21].
[[3,7,1,1,2,2,1,2,1],70,46].
[[3,8,1,1,1,2,1,1,1],26,43].
[[1,9,2,1,1,2,2,1,1],36,41].
[[2,8,1,1,2,0,1,2,1],39,28].
[[3,5,0,1,2,0,1,1,0],15,3].
[[3,5,0,1,2,2,1,2,0],44,3].
[[1,6,1,0,0,0,0,0,0],87,8].
[[2,2,1,0,0,0,0,0,0],2,0].
[[3,2,1,1,2,0,0,0,0],1,0].
[[2,9,1,1,2,0,2,2,1],1,27].
[[2,9,1,1,2,2,1,1,1],29,82].
[[3,9,1,1,1,2,1,1,1],6,44].
[[2,8,1,0,0,0,2,2,0],39,27].
[[2,8,0,1,1,2,0,0,0],21,54].
[[3,8,0,1,1,2,2,3,1],9,95].
[[3,8,1,1,1,0,2,3,0],5,8].
[[1,7,2,0,0,0,1,2,1],3,0].
[[2,7,1,1,2,2,1,2,1],12,8].
[[3,3,1,1,2,2,1,2,1],3,0].
[[3,5,0,0,0,0,1,2,0],11,0].
[[2,7,2,1,2,2,2,3,1],34,7].
[[3,7,2,1,1,2,2,3,1],19,1].
[[2,9,1,1,1,2,0,0,0],1,28].
[[3,9,1,1,1,2,0,0,0],0,5].
[[2,8,1,1,2,0,2,3,1],38,40].
[[3,8,1,1,1,0,1,2,1],14,38].
[[1,7,2,1,2,2,2,2,1],10,2].
[[2,7,2,1,2,2,2,2,1],28,1].
[[3,7,2,1,2,2,2,2,1],38,1].
[[2,9,1,1,2,2,2,1,0],15,115].
[[3,9,1,1,1,0,1,2,0],2,26].
[[3,9,1,0,0,0,2,3,0],4,21].
[[3,7,1,1,2,0,2,3,1],38,20].
[[2,9,1,1,2,0,1,2,1],13,74].
[[1,7,2,1,2,2,2,3,1],8,1].
[[1,8,1,1,1,2,2,3,0],5,1].
[[2,7,1,1,1,2,2,3,0],3,1].
[[3,9,1,1,2,0,2,3,0],0,21].
[[3,3,2,1,2,2,2,2,1],8,0].
[[3,9,1,1,1,2,1,2,1],16,177].
[[2,8,1,1,2,2,2,2,1],130,100].
[[1,8,0,1,1,2,2,1,1],8,5].
[[2,8,0,1,1,2,2,1,1],15,27].
[[3,6,0,1,1,2,2,1,1],0,9].
[[1,8,1,0,0,0,2,3,0],58,30].
[[2,8,1,1,2,0,1,2,0],10,5].
[[3,7,1,1,2,0,1,2,0],9,2].
[[2,7,1,0,0,0,2,3,0],15,4].
[[3,7,1,1,2,0,2,3,0],15,7].
[[3,8,0,1,2,2,2,1,0],5,66].
[[2,8,0,1,1,2,1,1,0],5,5].
[[1,8,0,0,0,0,2,1,0],8,14].
[[3,8,1,1,1,2,2,3,0],10,38].
[[1,9,2,1,2,0,2,3,1],6,45].
[[2,8,1,1,1,2,2,1,0],13,4].
[[3,8,1,1,1,2,1,1,0],11,8].
[[3,8,0,1,2,0,1,2,1],5,49].
[[2,8,0,1,2,0,2,1,0],1,9].
[[3,8,0,1,2,0,2,1,0],1,22].
[[3,6,0,1,1,2,2,3,1],2,4].
[[2,8,1,0,0,0,1,1,1],20,27].
[[2,8,1,0,0,0,2,3,0],44,32].
[[3,8,1,1,2,0,2,2,0],18,21].
[[1,8,1,1,1,2,2,1,1],6,5].
[[2,8,1,1,1,2,1,1,1],10,9].
[[2,3,2,0,0,0,2,3,1],3,0].
[[3,3,2,1,2,2,2,3,1],5,0].
[[3,7,2,1,2,0,2,3,1],22,5].
[[2,8,1,1,1,2,2,1,1],29,13].
[[2,7,1,1,2,2,2,1,1],18,14].
[[2,9,1,1,2,0,1,1,0],3,16].
[[2,9,1,1,2,0,2,3,1],6,44].
[[3,9,1,1,1,0,1,2,1],4,39].
[[1,7,1,0,0,0,2,3,1],8,5].
[[2,3,1,0,0,0,2,3,1],2,0].
[[3,3,1,1,2,0,1,2,1],2,0].
[[3,8,1,1,2,2,1,2,0],43,33].
[[2,8,0,1,2,2,1,2,0],16,32].
[[3,9,1,1,2,2,2,3,0],9,90].
[[2,8,1,0,0,0,2,1,0],21,16].
[[3,8,1,1,2,2,2,1,0],24,30].
[[1,8,1,1,2,2,2,1,0],18,4].
[[2,8,1,1,2,2,2,1,0],24,10].
[[3,7,2,1,2,2,1,1,1],16,1].
[[2,7,1,1,2,2,2,2,0],12,2].
[[3,7,1,1,1,2,2,2,1],40,27].
[[2,7,2,0,0,0,2,2,1],17,8].
[[3,3,2,0,0,0,2,2,1],6,0].
[[2,8,0,1,2,0,2,3,1],5,29].
[[3,8,0,1,1,0,2,3,1],1,5].
[[1,7,2,1,2,2,0,0,0],34,4].
[[2,7,2,1,2,2,0,0,0],41,3].
[[3,3,2,1,2,2,0,0,0],12,0].
[[2,8,0,0,0,0,0,0,0],12,58].
[[3,8,1,1,1,0,2,3,1],11,29].
[[3,8,0,1,1,0,1,2,1],1,16].
[[3,7,1,1,1,2,1,2,1],40,12].
[[2,9,1,1,2,2,0,0,0],1,25].
[[3,9,1,1,1,0,2,3,0],0,6].
[[1,8,1,0,0,0,2,1,0],24,9].
[[2,4,2,1,2,0,1,1,1],18,2].
[[3,7,1,1,2,2,1,2,0],18,3].
[[2,8,1,1,1,2,0,0,0],18,17].
[[3,8,1,1,1,2,2,2,0],19,28].
[[3,7,1,1,1,2,0,0,0],16,16].
[[3,4,2,1,2,0,2,1,1],30,3].
[[2,7,2,1,2,2,2,1,1],11,4].
[[3,8,1,1,1,0,2,2,1],3,12].
[[1,4,2,1,2,0,2,3,0],17,1].
[[2,4,2,1,2,0,2,3,0],55,5].
[[3,4,2,1,2,0,2,2,0],75,6].
[[2,9,1,1,1,0,1,2,1],2,10].
[[3,6,1,1,2,2,2,2,1],22,1].
[[3,8,0,1,1,2,0,0,0],0,22].
[[2,7,2,1,1,2,0,0,0],7,1].
[[2,6,1,1,2,0,0,0,0],11,4].
[[3,3,1,1,2,0,0,0,0],5,0].
[[1,9,2,1,1,2,1,1,1],18,5].
[[2,8,0,1,1,2,1,1,1],7,1].
[[3,8,1,0,0,0,2,2,1],14,19].
[[2,6,0,1,1,2,2,3,0],1,0].
[[2,8,1,1,2,0,2,2,0],15,11].
[[3,7,1,1,1,0,2,2,0],2,1].
[[2,8,0,0,0,0,2,1,0],8,15].
[[3,7,1,0,0,0,2,1,0],3,1].
[[2,9,1,1,1,2,2,1,1],12,35].
[[3,8,0,1,1,2,2,1,1],3,38].
[[3,7,2,1,2,0,2,2,1],18,0].
[[1,4,2,1,2,0,2,3,1],17,2].
[[3,7,0,1,2,0,2,1,1],1,0].
[[2,5,0,0,0,0,1,1,0],5,0].
[[2,7,1,0,0,0,2,2,1],19,13].
[[3,8,1,1,2,0,1,2,0],19,15].
[[3,8,1,1,2,0,2,2,1],28,12].
[[1,8,0,0,0,0,2,1,1],8,16].
[[3,8,0,0,0,0,1,1,1],0,12].
[[3,9,1,0,0,0,1,1,0],4,18].
[[2,9,1,1,2,0,0,0,0],1,8].
[[3,8,1,0,0,0,2,3,0],9,19].
[[2,7,2,1,2,0,2,2,1],13,0].
[[3,7,2,1,2,0,1,1,1],12,2].
[[2,7,2,1,1,2,1,1,1],1,1].
[[3,7,2,1,1,2,1,1,1],5,1].
[[3,7,1,1,1,0,1,2,1],3,3].
[[1,9,2,0,0,0,1,1,1],19,47].
[[2,7,2,1,1,2,2,2,1],3,1].
[[3,3,2,1,1,2,2,2,1],3,0].
[[1,9,2,1,2,0,2,1,1],3,20].
[[2,9,1,1,2,0,2,1,1],3,13].
[[3,8,0,1,2,0,2,1,1],0,11].
[[1,8,1,1,2,2,2,2,0],26,9].
[[1,8,1,1,2,0,1,2,1],7,3].
[[2,7,1,1,2,0,1,2,1],1,1].
[[3,7,1,1,2,0,1,1,1],7,9].
[[1,8,1,1,2,0,2,3,0],6,1].
[[2,7,1,1,2,0,2,3,0],3,3].
[[3,3,1,1,2,0,2,3,0],3,0].
[[2,6,1,0,0,0,0,0,0],51,3].
[[3,3,1,0,0,0,0,0,0],10,1].
[[2,7,2,0,0,0,1,2,1],16,1].
[[3,7,2,0,0,0,1,1,0],0,1].
[[2,8,1,0,0,0,0,0,0],21,35].
[[3,7,2,1,2,0,0,0,0],6,2].
[[2,9,1,1,2,2,2,1,1],11,62].
[[2,6,1,1,2,2,2,3,1],24,0].
[[2,8,0,1,1,2,2,2,1],18,39].
[[3,9,1,1,2,0,1,2,0],10,48].
[[1,8,0,1,2,2,2,1,1],12,28].
[[2,5,0,1,2,2,1,2,0],14,0].
[[3,7,0,0,0,0,0,0,0],3,4].
[[3,7,0,1,2,2,2,3,1],3,38].
[[1,8,1,1,2,2,1,1,1],11,11].
[[1,6,1,1,2,2,2,3,0],1,0].
[[2,6,1,1,2,2,2,3,0],4,0].
[[3,6,1,1,1,2,2,3,0],2,0].
[[1,9,2,1,2,2,1,1,1],27,34].
[[3,9,1,1,2,2,1,1,1],9,67].
[[3,9,1,0,0,0,2,1,0],2,22].
[[3,8,1,1,1,2,2,1,1],12,21].
[[3,8,1,0,0,0,2,2,0],6,18].
[[3,5,0,1,2,2,1,1,1],40,3].
[[2,9,1,1,1,0,1,2,0],1,3].
[[3,8,0,1,1,0,1,2,0],1,6].
[[3,7,1,1,2,2,0,0,0],32,31].
[[2,8,1,0,0,0,1,2,0],20,9].
[[3,6,1,0,0,0,1,2,0],2,0].
[[3,8,1,0,0,0,1,1,1],13,13].
[[1,4,2,1,2,0,2,2,0],13,1].
[[2,4,2,1,2,0,2,2,0],44,4].
[[1,8,1,1,2,0,2,1,1],8,7].
[[2,8,1,1,2,0,2,3,0],12,18].
[[3,8,1,1,2,0,2,1,0],8,10].
[[1,3,2,0,0,0,0,0,0],5,1].
[[2,3,2,0,0,0,0,0,0],14,0].
[[1,8,0,1,2,2,2,1,0],8,13].
[[3,7,0,1,1,2,1,2,0],1,5].
[[2,8,1,1,2,2,0,0,0],32,42].
[[3,8,1,1,2,2,0,0,0],0,3].
[[3,3,1,1,2,2,0,0,0],23,6].
[[3,7,1,1,1,2,1,1,1],12,1].
[[1,9,2,1,2,0,1,2,0],3,15].
[[2,8,0,1,2,0,1,2,1],3,9].
[[2,6,0,0,0,0,2,3,1],0,2].
[[3,6,0,1,2,0,1,2,1],0,1].
[[1,8,1,1,2,2,1,1,0],1,3].
[[2,7,2,0,0,0,2,3,1],38,1].
[[3,7,2,1,2,2,2,2,0],5,0].
[[3,8,1,0,0,0,2,1,0],6,9].
[[2,8,1,1,1,0,0,0,0],1,4].
[[3,9,1,1,2,2,2,1,0],3,60].
[[3,8,0,1,1,0,2,2,1],0,7].
[[3,7,1,1,1,0,2,2,1],5,9].
[[1,6,1,0,0,0,2,1,1],4,3].
[[2,6,1,0,0,0,1,1,1],5,0].
[[3,6,1,0,0,0,1,1,1],5,1].
[[2,9,1,1,1,0,2,1,1],0,2].
[[2,8,0,1,2,2,1,1,0],9,14].
[[2,8,0,1,2,2,1,1,1],6,21].
[[2,8,0,0,0,0,1,1,0],2,5].
[[1,7,1,0,0,0,2,3,0],2,2].
[[3,7,1,0,0,0,1,2,0],9,2].
[[3,8,0,1,2,2,2,1,1],6,42].
[[1,3,2,0,0,0,2,2,1],1,0].
[[2,3,2,1,2,2,1,2,1],1,0].
[[2,9,1,1,2,0,2,2,0],11,37].
[[2,8,0,0,0,0,2,1,1],7,33].
[[2,6,1,1,2,2,0,0,0],26,0].
[[3,6,0,1,2,2,0,0,0],1,10].
[[3,5,0,1,1,2,1,2,1],2,1].
[[2,6,1,1,2,2,2,2,1],9,3].
[[3,9,1,1,2,0,2,3,1],1,8].
[[2,7,1,1,1,2,2,1,1],6,1].
[[3,6,0,1,2,2,2,2,1],1,12].
[[3,9,1,0,0,0,1,1,1],3,11].
[[2,6,0,1,2,2,2,3,0],2,1].
[[2,6,1,0,0,0,2,3,1],27,2].
[[3,6,1,1,2,0,1,2,1],9,4].
[[3,8,1,1,1,2,0,0,0],0,3].
[[3,7,0,1,2,2,2,1,0],0,8].
[[3,8,1,1,1,0,1,1,1],4,7].
[[2,7,1,1,2,0,2,3,1],9,7].
[[3,8,1,1,2,2,1,1,0],18,25].
[[1,8,0,1,2,2,1,2,0],5,4].
[[2,7,1,1,2,2,1,1,1],4,2].
[[2,8,1,1,1,2,2,2,0],18,6].
[[3,8,1,1,2,0,2,3,0],11,21].
[[3,7,2,0,0,0,2,3,1],18,0].
[[2,7,1,0,0,0,2,2,0],8,1].
[[1,9,2,1,2,0,1,2,1],3,15].
[[2,5,0,1,2,2,1,1,0],7,6].
[[3,5,0,1,1,0,1,1,0],4,5].
[[2,5,0,1,2,2,1,1,1],19,2].
[[3,5,0,1,1,2,1,2,0],27,1].
[[1,8,1,0,0,0,1,1,1],9,18].
[[2,6,0,1,1,2,0,0,0],1,4].
[[3,6,0,1,1,2,2,2,1],3,2].
[[2,8,1,1,2,0,2,1,1],23,17].
[[3,8,1,1,2,0,2,1,1],9,5].
[[3,8,0,0,0,0,2,2,1],2,20].
[[3,8,0,1,2,0,2,2,0],2,29].
[[3,8,0,1,2,0,1,1,0],4,7].
[[1,4,2,1,2,0,1,2,0],4,0].
[[2,4,2,1,2,0,1,2,0],33,1].
[[3,3,2,0,0,0,0,0,0],7,1].
[[1,7,2,0,0,0,2,2,1],17,1].
[[2,7,2,0,0,0,2,1,1],10,2].
[[3,3,2,1,2,0,2,1,1],4,0].
[[3,7,0,0,0,0,2,2,1],1,5].
[[2,5,0,1,1,2,1,2,0],3,0].
[[2,3,1,1,2,2,2,2,1],3,1].
[[3,3,1,1,2,2,2,2,1],12,0].
[[1,6,1,0,0,0,1,2,1],3,0].
[[2,6,1,0,0,0,1,2,1],4,2].
[[3,7,2,1,2,0,2,1,1],6,6].
[[3,8,0,0,0,0,2,3,0],5,26].
[[3,8,0,1,1,0,2,3,0],0,7].
[[3,8,0,0,0,0,1,2,0],7,20].
[[1,8,0,1,1,2,1,2,0],4,1].
[[3,7,2,0,0,0,1,1,1],6,3].
[[3,7,0,1,2,2,2,2,0],2,20].
[[3,7,2,0,0,0,0,0,0],2,1].
[[1,8,1,1,2,0,2,2,1],18,14].
[[2,8,0,0,0,0,1,2,0],12,15].
[[3,7,0,0,0,0,1,2,0],0,2].
[[2,7,2,1,2,2,2,3,0],6,0].
[[3,7,2,1,2,2,1,2,0],4,0].
[[2,9,1,1,2,0,2,1,0],2,20].
[[3,7,2,0,0,0,2,1,1],12,1].
[[3,7,1,0,0,0,2,3,0],10,7].
[[2,8,0,1,2,0,2,3,0],3,16].
[[3,7,2,1,1,2,1,2,1],24,1].
[[2,7,2,1,2,2,2,2,0],3,0].
[[1,8,1,1,1,2,1,2,1],7,0].
[[3,8,1,1,1,2,2,1,0],9,8].
[[2,3,2,0,0,0,2,2,1],3,0].
[[3,3,2,0,0,0,1,1,1],3,0].
[[3,9,1,1,1,0,2,2,0],1,7].
[[2,7,2,1,2,0,1,2,1],4,1].
[[3,7,2,1,1,0,1,2,1],5,1].
[[2,8,0,0,0,0,2,2,0],16,41].
[[3,7,0,0,0,0,2,2,0],1,1].
[[3,7,1,1,2,2,2,2,0],25,8].
[[2,8,0,1,2,0,1,2,0],0,5].
[[3,8,0,1,1,0,1,1,0],0,3].
[[3,8,0,1,2,0,1,2,0],2,24].
[[2,8,1,1,1,0,2,1,1],1,4].
[[3,4,0,1,2,0,2,1,1],0,1].
[[2,6,0,1,1,2,2,2,0],1,1].
[[3,6,0,1,1,2,2,3,0],2,7].
[[3,6,1,0,0,0,2,3,1],14,0].
[[2,7,1,1,2,0,0,0,0],14,16].
[[3,7,0,1,2,0,0,0,0],3,7].
[[1,7,2,0,0,0,1,1,1],4,1].
[[2,7,2,1,2,0,1,1,1],3,1].
[[3,9,1,1,2,2,2,3,1],4,38].
[[3,3,2,0,0,0,1,2,1],4,0].
[[2,6,1,1,2,2,2,1,1],5,0].
[[3,6,1,1,2,2,2,1,1],12,0].
[[2,7,0,0,0,0,0,0,0],2,9].
[[3,8,1,0,0,0,2,1,1],7,3].
[[2,6,1,1,2,2,2,2,0],3,0].
[[3,6,1,1,1,2,0,0,0],6,0].
[[2,3,1,1,2,2,0,0,0],9,0].
[[3,5,0,0,0,0,1,1,0],7,1].
[[2,7,0,1,2,2,2,3,0],1,2].
[[3,5,0,1,1,0,1,2,1],1,2].
[[3,6,1,1,2,0,2,3,1],18,2].
[[3,8,0,0,0,0,2,1,0],4,12].
[[3,7,0,1,2,2,0,0,0],5,22].
[[3,8,1,1,1,2,1,2,0],24,16].
[[2,5,0,1,1,2,1,1,0],3,1].
[[2,8,0,1,2,0,0,0,0],4,17].
[[2,8,0,1,2,0,1,1,0],0,6].
[[3,7,0,1,2,0,1,1,0],1,2].
[[3,6,0,0,0,0,2,2,1],1,2].
[[2,7,1,1,2,0,2,2,1],5,6].
[[3,6,0,1,2,0,2,1,1],0,1].
[[2,9,1,1,1,0,1,1,1],0,3].
[[3,5,0,1,1,0,1,1,1],2,3].
[[2,7,0,1,1,2,2,1,0],1,0].
[[2,3,2,1,2,2,0,0,0],10,0].
[[3,3,2,1,2,0,0,0,0],10,0].
[[3,8,0,1,2,2,0,0,0],0,26].
[[3,6,0,1,2,2,2,3,1],3,16].
[[2,8,1,1,1,2,1,2,0],6,5].
[[2,6,1,0,0,0,2,1,0],2,0].
[[3,6,1,1,2,0,2,1,0],3,0].
[[3,7,2,0,0,0,1,2,1],24,0].
[[3,7,1,1,1,2,2,2,0],13,6].
[[2,4,2,1,2,0,2,1,1],22,1].
[[3,7,1,0,0,0,2,2,0],10,5].
[[3,8,0,0,0,0,1,2,1],6,50].
[[2,6,1,0,0,0,2,2,1],25,2].
[[3,6,1,0,0,0,2,2,1],16,0].
[[3,7,0,1,1,2,2,3,1],1,14].
[[3,7,2,1,2,2,0,0,0],8,1].
[[2,6,1,1,2,0,1,2,1],1,0].
[[3,7,2,1,1,2,2,1,1],5,0].
[[1,8,0,1,1,2,2,2,0],8,2].
[[2,9,1,1,1,0,2,2,0],1,5].
[[1,8,1,1,1,2,2,1,0],6,1].
[[2,6,1,1,1,2,2,1,0],1,0].
[[3,3,2,1,1,2,1,2,1],3,0].
[[2,8,1,1,2,0,0,0,0],9,11].
[[1,6,1,1,2,2,2,3,1],4,0].
[[3,7,0,1,2,2,2,2,1],1,12].
[[3,8,0,1,1,0,2,1,0],1,3].
[[3,6,1,1,2,2,2,3,0],9,0].
[[3,5,0,0,0,0,1,1,1],3,0].
[[3,6,1,1,2,2,2,2,0],12,0].
[[3,6,1,1,2,2,1,2,1],21,3].
[[3,9,1,1,2,0,1,1,0],1,15].
[[2,7,1,1,1,2,2,2,0],3,1].
[[3,3,1,1,2,2,2,3,1],12,0].
[[1,4,2,1,2,0,1,2,1],3,0].
[[1,9,2,1,2,0,2,1,0],2,13].
[[2,8,1,1,2,0,2,1,0],5,5].
[[3,6,1,1,2,2,0,0,0],9,0].
[[3,7,0,1,1,2,1,2,1],1,6].
[[1,7,1,1,2,2,2,3,0],3,0].
[[3,9,1,0,0,0,2,3,1],1,13].
[[3,9,1,1,2,0,2,1,0],2,14].
[[1,7,2,1,2,0,2,3,1],1,1].
[[2,7,2,1,1,0,1,2,1],1,1].
[[3,4,0,1,2,0,1,2,1],0,3].
[[2,7,0,1,1,2,0,0,0],3,10].
[[3,9,1,1,1,0,2,1,0],0,5].
[[3,7,2,1,1,0,2,1,1],3,1].
[[3,7,1,1,1,0,2,3,1],2,11].
[[2,6,1,1,2,0,2,1,1],1,0].
[[3,7,2,0,0,0,2,2,0],3,0].
[[3,9,1,0,0,0,2,2,1],0,4].
[[3,7,1,0,0,0,1,1,1],5,3].
[[2,6,1,0,0,0,2,3,0],6,0].
[[3,6,1,0,0,0,2,3,0],5,0].
[[3,8,0,1,1,0,1,1,1],0,3].
[[1,7,1,1,2,2,2,2,0],2,1].
[[2,6,1,1,2,0,2,3,1],5,0].
[[3,6,1,1,1,0,2,3,1],2,2].
[[3,3,2,1,2,0,2,2,1],4,1].
[[1,7,2,1,2,0,0,0,0],14,0].
[[2,7,2,1,1,0,0,0,0],5,1].
[[3,7,2,1,1,0,2,3,1],7,3].
[[3,7,1,1,2,0,2,1,0],3,5].
[[1,4,2,1,2,0,2,2,1],15,2].
[[2,8,0,0,0,0,1,1,1],2,8].
[[1,8,1,1,2,0,1,2,0],1,0].
[[2,8,1,1,1,0,2,3,1],2,10].
[[3,7,0,0,0,0,2,3,0],0,2].
[[3,8,1,1,2,0,1,1,0],11,9].
[[2,7,1,1,2,0,2,1,1],1,3].
[[2,4,2,1,2,0,2,1,0],23,4].
[[1,4,2,1,2,0,2,1,0],6,0].
[[3,4,2,1,2,0,2,1,0],39,5].
[[3,7,0,1,2,2,1,2,1],1,10].
[[3,7,2,0,0,0,2,1,0],1,0].
[[2,8,0,1,1,2,2,1,0],5,18].
[[3,7,0,1,2,0,1,2,0],0,2].
[[2,6,1,0,0,0,2,1,1],9,1].
[[3,6,1,1,2,0,2,1,1],6,0].
[[3,9,1,1,1,2,2,1,1],0,7].
[[2,7,0,1,2,2,0,0,0],3,18].
[[3,7,1,1,1,0,2,1,1],2,5].
[[1,8,1,0,0,0,1,2,0],12,6].
[[2,8,1,1,2,2,1,1,0],8,10].
[[3,6,0,0,0,0,2,2,0],0,1].
[[3,5,0,1,2,2,1,2,1],3,0].
[[2,6,1,1,2,2,1,2,1],4,3].
[[3,7,0,1,1,2,2,1,1],4,4].
[[1,8,0,1,1,2,2,1,0],1,4].
[[3,7,2,1,1,2,2,3,0],3,0].
[[2,6,1,1,1,2,2,2,1],3,0].
[[3,3,1,1,1,2,2,2,1],4,0].
[[3,7,1,1,1,2,2,1,0],6,3].
[[3,5,0,1,1,0,1,2,0],2,2].
[[1,8,1,1,1,2,2,2,0],4,3].
[[3,6,1,1,1,2,1,2,0],1,0].
[[3,7,1,1,2,2,1,1,0],3,3].
[[2,8,1,1,2,0,1,1,1],7,11].
[[2,7,2,1,2,2,1,2,1],16,4].
[[1,6,1,1,2,2,2,1,1],2,1].
[[3,6,0,1,2,2,1,1,1],0,2].
[[2,6,1,0,0,0,2,2,0],2,0].
[[2,6,1,1,1,2,2,3,1],9,0].
[[3,3,2,1,1,2,2,3,1],3,0].
[[3,3,1,1,2,2,2,3,0],3,1].
[[1,8,0,0,0,0,1,2,0],2,3].
[[2,7,0,1,2,2,2,1,1],1,3].
[[2,6,0,0,0,0,0,0,0],1,6].
[[3,6,0,0,0,0,0,0,0],0,1].
[[3,7,2,1,2,2,2,1,1],17,2].
[[2,7,1,0,0,0,1,2,1],6,3].
[[1,8,1,1,2,0,2,3,1],18,21].
[[3,6,0,1,2,0,0,0,0],0,2].
[[2,6,0,1,2,2,2,2,0],1,2].
[[3,6,0,1,1,2,2,2,0],0,3].
[[2,5,0,0,0,0,1,1,1],5,0].
[[3,5,0,1,2,0,1,1,1],10,2].
[[3,7,0,1,1,2,2,1,0],0,6].
[[3,6,1,1,2,0,0,0,0],3,0].
[[3,6,1,1,2,2,1,1,1],9,3].
[[3,3,1,0,0,0,2,3,1],4,1].
[[3,6,0,1,1,2,0,0,0],0,3].
[[2,7,2,1,2,0,0,0,0],12,4].
[[3,7,0,1,1,2,2,2,1],3,6].
[[1,6,1,1,2,2,1,2,1],1,1].
[[1,7,1,1,2,2,2,3,1],8,2].
[[2,7,1,1,1,2,2,3,1],12,3].
[[3,9,1,1,1,2,2,2,1],2,13].
[[3,8,0,1,1,0,2,2,0],1,6].
[[3,8,1,1,1,0,2,1,1],1,2].
[[1,6,1,0,0,0,2,3,1],6,2].
[[3,6,1,1,2,0,1,1,0],0,1].
[[1,6,0,1,2,2,0,0,0],6,11].
[[3,3,1,1,2,2,2,2,0],3,1].
[[2,7,1,1,1,2,2,1,0],3,0].
[[3,3,1,1,2,2,2,1,1],4,0].
[[3,7,0,1,1,2,0,0,0],2,13].
[[2,7,0,1,1,2,2,2,1],2,1].
[[3,3,2,1,2,0,2,3,1],8,0].
[[3,8,1,1,1,0,1,2,0],7,4].
[[2,5,0,0,0,0,1,2,0],5,0].
[[2,7,0,0,0,0,2,3,0],0,2].
[[3,7,0,1,2,0,2,3,0],0,4].
[[3,6,0,1,2,2,1,2,1],2,3].
[[3,5,0,1,2,0,1,2,0],14,0].
[[3,6,1,1,2,0,2,3,0],7,1].
[[1,8,1,1,2,0,2,1,0],1,1].
[[1,7,2,0,0,0,2,1,1],8,1].
[[3,8,1,0,0,0,1,2,0],15,8].
[[2,5,0,1,2,0,1,1,0],1,1].
[[2,3,1,0,0,0,0,0,0],5,1].
[[3,3,1,1,2,0,2,3,1],4,0].
[[1,7,1,0,0,0,2,1,1],4,0].
[[3,7,1,1,1,0,2,3,0],1,4].
[[2,9,1,1,1,0,2,1,0],1,1].
[[3,8,0,1,2,0,1,1,1],1,12].
[[3,6,1,0,0,0,2,1,0],3,0].
[[2,7,2,1,2,0,2,1,1],4,2].
[[3,6,1,1,1,2,2,2,0],3,0].
[[3,7,0,0,0,0,2,1,1],0,1].
[[2,8,1,1,1,2,1,1,0],8,1].
[[3,7,1,1,2,2,2,1,0],12,4].
[[3,6,1,0,0,0,2,1,1],3,1].
[[3,9,1,1,1,0,1,1,1],0,6].
[[2,3,2,1,2,0,0,0,0],3,1].
[[3,3,2,1,1,0,2,2,1],1,1].
[[2,7,2,0,0,0,2,2,0],2,0].
[[3,9,1,1,1,0,2,1,1],0,1].
[[1,6,0,1,2,2,2,2,0],0,1].
[[3,6,1,0,0,0,1,2,1],15,0].
[[1,9,2,1,2,0,1,1,1],2,7].
[[3,7,0,1,2,2,1,1,1],1,4].
[[3,6,1,1,1,2,2,1,0],2,0].
[[2,7,1,0,0,0,1,2,0],2,0].
[[2,7,0,1,1,2,2,1,1],2,0].
[[3,6,1,1,2,0,2,2,1],12,3].
[[3,4,0,1,2,0,2,3,0],0,2].
[[2,6,1,1,2,0,2,3,0],2,1].
[[3,7,2,0,0,0,2,2,1],9,5].
[[3,7,0,1,1,2,1,1,0],1,3].
[[1,8,0,1,2,2,1,2,1],0,6].
[[3,7,0,1,1,2,2,2,0],1,8].
[[2,6,0,1,2,2,2,3,1],2,6].
[[2,6,1,1,1,2,1,2,1],1,0].
[[2,7,0,1,2,2,2,2,0],0,5].
[[3,7,2,1,2,0,2,2,0],3,0].
[[1,8,1,1,1,2,1,1,1],2,0].
[[2,7,1,1,1,2,1,1,1],2,0].
[[3,6,1,1,2,0,2,2,0],3,1].
[[1,7,1,1,2,2,2,1,0],4,0].
[[2,7,1,1,2,2,2,1,0],5,1].
[[2,9,1,1,1,0,1,1,0],0,2].
[[3,9,1,1,1,0,1,1,0],1,9].
[[1,7,2,1,2,0,1,2,1],0,1].
[[3,7,2,1,1,0,1,1,0],0,1].
[[3,7,2,1,1,2,2,2,1],11,0].
[[3,8,0,0,0,0,2,1,1],1,11].
[[3,9,1,1,1,0,2,2,1],0,1].
[[1,8,0,1,1,2,2,2,1],6,2].
[[3,9,1,1,2,0,2,2,1],0,2].
[[1,4,2,1,2,0,2,1,1],4,1].
[[1,8,1,0,0,0,1,1,0],3,3].
[[2,6,1,0,0,0,1,1,0],0,1].
[[3,6,1,1,2,2,1,1,0],1,3].
[[3,6,0,1,2,2,1,2,0],2,2].
[[3,7,0,1,2,0,2,2,0],0,5].
[[2,8,1,1,1,0,2,3,0],3,2].
[[1,7,2,1,2,2,1,1,1],1,0].
[[2,7,1,1,2,0,1,2,0],1,1].
[[2,6,1,1,2,0,2,2,0],1,0].
[[3,2,1,1,2,0,2,2,0],1,0].
[[2,8,1,1,1,0,1,1,1],0,4].
[[3,6,1,1,1,0,1,1,1],1,1].
[[1,4,2,1,2,0,0,0,0],14,0].
[[1,8,1,1,2,0,1,1,1],1,1].
[[3,4,0,1,2,0,1,1,1],0,2].
[[3,2,1,0,0,0,1,1,1],1,0].
[[3,7,0,1,2,0,2,1,0],0,1].
[[3,3,2,0,0,0,2,3,1],5,0].
[[3,6,1,1,2,2,2,1,0],1,0].
[[2,7,0,0,0,0,2,3,1],0,3].
[[3,6,0,1,2,2,2,1,0],1,3].
[[3,4,0,1,2,0,2,2,0],0,1].
[[1,8,1,1,2,0,2,2,0],3,0].
[[3,7,2,1,2,2,1,1,0],2,2].
[[2,6,1,1,2,0,2,2,1],9,2].
[[3,3,1,1,2,0,2,2,0],1,0].
[[3,7,2,1,1,0,0,0,0],1,2].
[[3,7,1,1,1,0,0,0,0],0,3].
[[3,6,0,0,0,0,2,3,1],0,1].
[[2,6,0,1,2,2,1,2,1],0,1].
[[2,6,0,1,1,2,2,3,1],1,1].
[[3,3,1,1,1,2,2,3,1],6,0].
[[3,8,0,0,0,0,0,0,0],0,5].
[[1,8,0,1,2,2,1,1,0],2,3].
[[2,8,1,1,1,0,2,1,0],0,2].
[[3,6,1,1,1,2,1,1,1],0,2].
[[3,7,2,1,1,2,2,1,0],2,0].
[[1,6,1,0,0,0,2,2,1],7,1].
[[2,8,0,1,2,0,2,1,1],2,10].
[[3,7,0,1,2,2,2,1,1],1,8].
[[3,3,2,1,2,2,2,1,1],3,1].
[[2,8,1,1,1,0,1,2,1],0,3].
[[1,8,0,0,0,0,1,2,1],1,1].
[[3,4,0,1,2,0,2,3,1],0,1].
[[3,3,1,1,1,2,2,2,0],1,0].
[[3,7,2,1,1,2,0,0,0],4,0].
[[1,7,2,1,2,0,2,2,1],1,0].
[[2,7,2,1,2,2,1,1,1],4,0].
[[3,7,2,1,1,0,1,1,1],1,0].
[[3,6,0,1,2,2,2,1,1],1,5].
[[3,6,0,0,0,0,1,1,1],0,2].
[[1,7,2,0,0,0,2,3,0],2,0].
[[3,6,1,1,2,0,1,2,0],0,1].
[[1,7,2,1,2,2,1,2,1],1,1].
[[3,6,0,1,1,2,2,1,0],0,6].
[[2,8,1,1,2,0,1,1,0],4,3].
[[3,7,1,1,1,0,1,1,0],1,0].
[[3,2,1,1,2,2,0,0,0],1,0].
[[3,7,2,0,0,0,2,3,0],3,0].
[[3,6,1,0,0,0,2,2,0],5,0].
[[3,6,0,1,1,2,1,2,1],0,3].
[[2,7,1,1,2,2,1,2,0],3,0].
[[3,3,1,1,2,2,1,2,0],1,0].
[[2,7,1,1,1,2,1,2,1],2,0].
[[3,3,1,0,0,0,2,2,1],2,0].
[[1,6,1,0,0,0,1,1,1],1,0].
[[2,6,1,1,2,0,1,1,1],2,0].
[[3,6,1,1,2,0,1,1,1],6,0].
[[3,7,0,1,2,0,2,3,1],5,4].
[[3,7,1,0,0,0,1,1,0],0,1].
[[2,7,0,1,2,2,2,2,1],0,2].
[[2,3,2,0,0,0,2,1,1],0,1].
[[2,7,2,1,2,2,2,1,0],2,0].
[[2,6,0,0,0,0,2,2,0],0,1].
[[1,7,1,1,2,2,2,1,1],5,2].
[[2,7,0,0,0,0,2,2,1],0,3].
[[3,8,0,1,2,0,0,0,0],0,9].
[[2,7,2,1,1,2,1,2,1],1,0].
[[3,7,2,0,0,0,1,2,0],1,0].
[[2,9,1,1,1,0,2,3,1],0,8].
[[1,7,1,0,0,0,2,2,1],3,2].
[[2,7,1,0,0,0,1,1,1],1,2].
[[2,7,2,1,2,0,2,2,0],1,0].
[[3,3,2,1,2,0,2,2,0],1,0].
[[3,3,1,0,0,0,2,1,1],3,0].
[[3,6,1,1,2,2,1,2,0],5,0].
[[3,3,2,1,1,0,0,0,0],2,0].
[[3,7,0,1,2,2,1,2,0],1,1].
[[1,6,0,0,0,0,0,0,0],0,4].
[[2,6,0,0,0,0,2,2,1],0,2].
[[3,6,0,1,2,0,1,1,1],0,2].
[[3,3,2,0,0,0,2,3,0],1,0].
[[3,7,2,1,2,2,2,1,0],1,0].
[[3,6,0,1,2,0,2,3,1],0,2].
[[3,3,1,1,2,2,1,1,1],0,1].
[[2,8,1,1,1,0,1,2,0],1,0].
[[2,7,2,1,2,2,1,2,0],2,0].
[[3,3,2,1,2,2,1,2,0],1,0].
[[2,5,0,1,2,0,1,1,1],2,0].
[[2,7,2,0,0,0,1,1,1],7,2].
[[2,7,1,0,0,0,2,1,0],1,2].
[[2,7,2,1,2,2,1,1,0],1,0].
[[3,3,1,0,0,0,2,1,0],1,0].
[[2,7,0,1,1,2,2,3,0],0,1].
[[3,5,0,1,2,0,1,2,1],3,0].
[[2,7,0,1,1,2,2,3,1],1,0].
[[1,6,1,0,0,0,2,3,0],3,0].
[[3,9,1,1,2,2,2,1,1],0,1].
[[3,2,1,0,0,0,0,0,0],1,0].
[[2,6,1,1,2,2,2,1,0],2,0].
[[3,6,1,1,1,2,1,1,0],2,0].
[[3,7,2,1,1,0,2,2,0],1,0].
[[1,4,2,1,2,0,1,1,1],1,0].
[[3,8,0,1,1,0,2,1,1],0,1].
[[3,3,1,0,0,0,2,3,0],4,0].
[[2,6,0,1,2,2,2,1,0],1,1].
[[2,6,0,1,2,2,2,1,1],0,1].
[[3,1,1,1,2,0,1,1,1],1,0].
[[1,6,0,1,2,2,2,3,0],0,1].
[[2,3,1,1,2,2,2,3,0],0,1].
[[3,6,1,1,1,0,2,2,1],2,1].
[[3,7,0,0,0,0,1,2,1],0,1].
[[2,6,0,1,1,2,2,1,0],0,1].
[[3,3,2,0,0,0,2,1,1],1,0].
[[3,1,1,1,2,0,1,2,0],1,0].
[[3,3,1,1,1,2,2,3,0],1,0].
[[3,8,1,1,1,0,2,1,0],0,2].
[[3,6,1,1,1,0,2,2,0],0,1].
[[3,3,1,1,1,2,2,1,1],1,0].
[[2,3,1,1,2,2,2,3,1],2,0].
[[3,6,1,1,1,0,0,0,0],0,1].
[[2,3,2,1,2,2,2,3,1],1,0].
[[3,2,1,1,2,2,2,3,1],1,0].
[[2,7,2,1,1,0,2,3,1],1,1].
[[2,2,1,0,0,0,2,3,0],1,0].
[[3,2,1,0,0,0,2,3,0],1,0].
[[2,9,1,1,1,0,2,2,1],0,4].
[[2,8,1,1,1,0,2,2,0],1,0].
[[1,9,2,1,2,0,1,1,0],0,3].
[[3,7,0,0,0,0,1,1,1],0,1].
[[3,3,1,1,1,2,2,1,0],1,0].
[[2,6,0,1,2,2,2,2,1],0,2].
[[2,7,0,1,2,2,2,3,1],0,6].
[[3,3,0,1,2,2,2,3,1],0,1].
[[3,7,2,1,1,2,1,1,0],0,2].
[[2,7,1,1,2,0,1,1,1],2,0].
[[1,8,1,1,1,2,1,1,0],1,0].
[[3,6,1,0,0,0,1,1,0],0,1].
[[2,6,0,1,2,2,1,1,0],1,0].
[[3,3,1,1,2,2,1,1,0],1,0].
[[3,6,1,0,0,0,0,0,0],2,0].
[[1,6,1,1,2,2,2,2,1],1,0].
[[3,3,1,1,1,2,1,2,1],1,0].
[[1,8,0,1,2,2,1,1,1],0,1].
[[3,6,1,1,1,0,2,1,0],0,1].
[[3,9,1,1,2,0,2,1,1],0,1].
[[1,6,0,0,0,0,2,3,0],1,0].
[[2,6,0,0,0,0,2,3,0],1,0].
[[3,6,0,0,0,0,1,2,0],1,0].
[[1,7,1,1,2,2,1,1,1],0,1].
[[2,8,0,1,2,0,1,1,1],1,3].
[[2,3,2,1,2,0,2,2,1],1,0].
[[1,7,1,0,0,0,2,2,0],0,1].
[[2,7,1,1,2,0,2,2,0],0,1].
[[3,7,1,1,1,0,1,2,0],0,1].
[[1,8,0,0,0,0,1,1,0],0,2].
[[2,7,0,1,2,2,1,1,0],0,1].
[[3,7,0,1,2,2,1,1,0],0,2].
[[3,8,1,1,2,0,0,0,0],0,1].
[[3,7,1,1,1,2,1,1,0],3,0].
[[3,3,2,1,1,0,2,3,1],2,0].
[[2,7,2,1,1,0,2,2,1],0,1].
[[3,4,0,1,2,0,2,2,1],0,1].
[[3,8,1,1,1,0,1,1,0],1,2].
[[2,2,0,1,2,2,0,0,0],0,1].
[[3,2,0,1,2,2,0,0,0],0,1].
[[3,7,2,1,1,0,2,3,0],1,0].
[[3,3,2,1,1,2,0,0,0],1,0].
[[3,3,1,0,0,0,1,1,1],2,0].
[[3,9,1,1,2,2,0,0,0],0,1].
[[1,8,0,1,1,2,1,1,0],1,0].
[[1,7,2,1,2,0,2,2,0],1,0].
[[3,8,1,0,0,0,0,0,0],0,1].
[[3,7,0,1,2,0,1,1,1],1,0].
[[3,7,1,1,2,0,1,1,0],1,0].
[[3,7,2,1,1,2,2,2,0],2,0].
[[3,6,0,1,1,2,1,1,1],1,1].
[[2,6,0,1,2,2,1,2,0],0,1].
[[3,6,0,1,1,2,1,1,0],0,1].
[[2,7,1,1,2,0,2,1,0],0,1].
[[3,3,2,1,2,2,1,2,1],2,0].
[[3,3,2,1,2,2,1,1,1],1,0].
[[1,7,1,0,0,0,1,2,1],1,0].
[[1,7,1,0,0,0,1,1,1],1,0].
[[1,3,2,0,0,0,2,3,1],1,0].
[[3,3,2,1,2,2,2,2,0],1,0].
[[3,7,2,1,1,2,1,2,0],1,0].
[[3,7,0,1,1,2,1,1,1],1,0].
[[3,3,2,1,2,0,1,1,1],1,0].
[[2,5,0,1,2,0,1,2,0],1,0].
[[2,6,0,1,1,2,1,2,0],1,0].
[[3,6,0,0,0,0,2,3,0],0,1].
[[2,6,1,0,0,0,1,2,0],1,0].
[[2,7,2,1,2,0,2,3,0],0,1].
[[2,6,0,0,0,0,2,1,1],0,1].
[[3,6,0,0,0,0,2,1,1],0,1].
[[2,7,0,1,1,2,1,2,0],1,0].
[[3,2,0,1,1,2,2,3,1],0,1].
[[2,7,2,1,1,2,2,1,1],1,0].
[[2,5,0,1,1,0,1,1,0],0,1].
