total_WL(4994,6695).
[[1,8,1,0,0,0,2,3,1],226,123].
[[2,8,1,0,0,0,2,3,1],132,116].
[[3,7,1,1,2,2,2,3,1],143,80].
[[1,9,2,1,2,2,2,3,1],149,431].
[[2,9,1,1,2,2,2,3,1],19,134].
[[3,9,1,1,2,2,1,2,1],27,277].
[[1,8,0,0,0,0,2,2,1],14,40].
[[2,8,0,0,0,0,1,2,1],13,29].
[[3,8,0,0,0,0,1,1,1],1,12].
[[1,9,2,0,0,0,0,0,0],62,290].
[[2,8,1,0,0,0,0,0,0],29,35].
[[3,8,1,1,2,0,2,2,1],18,24].
[[1,8,1,1,2,0,0,0,0],34,31].
[[2,7,1,1,2,0,0,0,0],9,19].
[[3,7,1,1,2,2,2,1,1],55,30].
[[2,9,1,0,0,0,2,1,0],11,34].
[[3,9,1,0,0,0,2,1,0],3,7].
[[1,8,1,1,2,0,1,2,1],3,7].
[[2,8,1,1,2,0,1,2,1],48,26].
[[3,8,1,1,1,0,1,2,1],25,39].
[[1,8,1,0,0,0,1,2,1],61,32].
[[2,8,1,0,0,0,1,2,1],80,40].
[[3,8,1,1,2,0,1,2,1],70,50].
[[1,8,0,1,2,2,0,0,0],90,327].
[[2,8,0,1,2,2,0,0,0],15,123].
[[3,8,0,1,2,2,2,2,0],14,121].
[[2,9,2,0,0,0,2,1,0],5,16].
[[3,5,0,1,2,2,1,2,0],31,1].
[[1,9,2,1,1,2,2,3,1],106,92].
[[2,9,1,1,1,2,2,3,1],38,55].
[[3,4,2,1,2,0,2,3,1],92,4].
[[1,8,1,0,0,0,0,0,0],302,260].
[[2,8,1,0,0,0,2,2,1],86,57].
[[3,8,1,1,2,2,2,3,1],113,102].
[[1,8,0,0,0,0,0,0,0],83,213].
[[2,7,0,0,0,0,0,0,0],0,11].
[[3,7,0,1,2,2,2,3,1],3,25].
[[1,9,2,1,2,0,1,2,1],7,12].
[[2,9,1,1,2,2,1,2,1],53,193].
[[3,9,1,1,1,0,1,2,1],2,33].
[[1,7,1,1,2,2,0,0,0],56,26].
[[2,7,1,1,1,2,0,0,0],25,11].
[[3,7,1,1,1,2,2,3,1],56,30].
[[1,9,2,0,0,0,1,2,0],21,45].
[[2,9,2,0,0,0,1,2,0],1,19].
[[3,8,0,1,2,2,1,2,0],14,89].
[[2,8,1,1,2,0,2,1,0],7,10].
[[3,8,1,1,2,2,2,1,0],16,26].
[[1,9,2,0,0,0,2,2,1],81,235].
[[2,9,2,0,0,0,1,2,1],14,38].
[[3,9,1,0,0,0,1,2,1],8,61].
[[1,9,2,0,0,0,1,2,1],36,117].
[[2,9,1,0,0,0,1,2,1],25,78].
[[3,8,0,1,2,2,1,2,1],24,161].
[[1,8,0,1,2,2,2,2,0],19,37].
[[2,8,0,1,2,2,2,2,0],30,81].
[[1,9,2,1,2,2,2,2,0],82,198].
[[2,9,1,1,2,2,2,2,0],30,114].
[[3,8,1,1,2,2,1,2,1],206,171].
[[2,8,1,1,2,2,1,2,1],141,88].
[[1,9,2,1,2,2,0,0,0],77,330].
[[3,8,0,1,1,0,0,0,0],0,4].
[[2,8,0,1,1,2,0,0,0],21,55].
[[3,8,0,1,1,2,0,0,0],0,22].
[[1,9,2,0,0,0,2,2,0],71,142].
[[2,9,1,0,0,0,2,2,0],16,54].
[[3,9,1,0,0,0,2,2,0],1,22].
[[1,9,2,1,1,2,1,1,1],17,17].
[[2,4,2,1,2,0,1,1,1],24,1].
[[3,4,2,1,2,0,1,1,1],78,4].
[[1,9,2,0,0,0,2,3,1],121,328].
[[2,9,1,0,0,0,2,2,1],4,30].
[[3,8,0,0,0,0,2,2,1],2,18].
[[1,9,2,0,0,0,2,1,0],40,93].
[[2,9,2,0,0,0,1,1,0],2,3].
[[3,8,0,1,2,0,1,1,0],1,5].
[[2,8,1,1,2,2,0,0,0],32,47].
[[3,6,1,1,2,2,0,0,0],7,2].
[[2,7,1,1,2,2,0,0,0],76,69].
[[3,3,1,1,2,2,0,0,0],23,5].
[[2,9,2,1,2,2,2,2,0],8,58].
[[3,9,1,1,2,2,2,2,0],8,93].
[[1,9,2,1,2,2,2,2,1],90,230].
[[2,9,1,1,2,2,2,2,1],9,68].
[[3,8,0,1,2,2,2,2,1],11,87].
[[1,8,1,1,1,2,0,0,0],43,17].
[[2,6,1,1,1,2,0,0,0],4,1].
[[3,3,1,1,1,2,0,0,0],14,0].
[[2,9,2,1,2,2,1,2,1],19,76].
[[3,8,0,1,1,2,1,2,1],18,130].
[[3,7,2,1,2,0,2,2,1],20,4].
[[1,9,2,1,2,2,2,3,0],117,218].
[[2,9,2,1,2,2,2,3,0],18,81].
[[3,8,0,1,1,2,2,3,0],13,106].
[[2,8,0,1,2,2,2,1,1],21,65].
[[3,8,0,1,2,2,2,3,1],25,136].
[[2,8,0,0,0,0,2,3,1],29,78].
[[3,8,0,1,2,0,2,3,1],6,39].
[[1,8,0,0,0,0,2,3,1],25,49].
[[2,8,0,1,2,2,2,3,1],49,184].
[[1,8,0,0,0,0,2,3,0],16,27].
[[2,8,0,0,0,0,1,2,0],5,14].
[[1,7,2,0,0,0,0,0,0],99,15].
[[2,7,2,0,0,0,0,0,0],47,3].
[[3,7,2,1,2,2,2,3,0],6,0].
[[1,9,2,1,2,2,1,1,1],17,39].
[[2,9,2,1,2,2,1,2,0],13,31].
[[3,5,0,1,1,0,1,2,0],3,3].
[[1,8,1,0,0,0,2,1,1],91,64].
[[2,8,1,1,2,2,2,1,1],79,61].
[[2,9,1,0,0,0,2,3,1],14,48].
[[3,9,1,0,0,0,2,3,0],1,16].
[[2,9,1,1,1,2,2,3,0],29,54].
[[3,7,1,1,2,0,1,2,1],33,9].
[[2,7,2,0,0,0,2,3,1],38,6].
[[3,3,2,1,2,0,2,3,1],5,1].
[[1,8,1,1,2,2,0,0,0],250,158].
[[2,7,2,1,2,2,0,0,0],40,4].
[[3,7,2,1,1,2,2,1,1],12,5].
[[1,8,1,1,2,2,2,3,1],158,69].
[[2,7,2,1,2,2,2,3,1],31,7].
[[3,7,2,1,2,2,2,2,1],37,3].
[[3,6,1,1,2,2,1,2,1],17,0].
[[2,8,1,1,2,0,2,2,1],34,35].
[[3,8,1,0,0,0,1,2,1],55,34].
[[3,7,1,1,2,2,1,2,1],77,35].
[[1,9,2,0,0,0,2,3,0],100,196].
[[2,9,2,0,0,0,2,3,0],10,37].
[[3,9,1,1,2,0,2,3,0],1,32].
[[2,8,0,0,0,0,2,3,0],19,46].
[[3,7,0,0,0,0,2,3,0],0,3].
[[1,9,2,1,2,2,2,1,1],74,156].
[[2,9,2,1,1,2,2,1,1],8,14].
[[3,8,1,1,1,2,2,1,1],6,14].
[[2,9,2,1,1,2,2,2,1],9,20].
[[3,4,2,1,2,0,2,2,1],59,3].
[[2,9,1,0,0,0,1,1,1],12,20].
[[3,8,1,0,0,0,1,1,1],13,30].
[[3,7,1,1,2,2,0,0,0],25,22].
[[3,6,1,0,0,0,0,0,0],4,1].
[[2,8,1,1,2,2,2,3,1],210,143].
[[1,8,1,1,1,2,2,3,1],38,12].
[[2,7,1,1,1,2,2,3,1],15,5].
[[2,6,0,1,2,2,2,2,0],3,2].
[[3,6,0,1,2,2,2,2,0],3,10].
[[2,7,0,1,2,2,0,0,0],4,19].
[[1,9,2,1,2,0,2,3,0],1,37].
[[2,9,2,1,2,0,2,3,0],3,17].
[[3,9,1,1,2,2,1,2,0],32,105].
[[2,8,1,1,2,0,2,3,0],11,10].
[[3,7,1,1,2,0,2,3,0],13,6].
[[1,8,1,0,0,0,2,1,0],16,7].
[[2,7,1,0,0,0,2,1,0],1,1].
[[3,7,1,1,2,2,2,1,0],16,6].
[[1,8,0,1,1,2,2,3,0],4,6].
[[2,8,0,1,1,2,2,3,0],31,39].
[[3,4,2,1,2,0,1,2,0],92,2].
[[1,8,1,1,2,0,2,2,0],6,4].
[[2,8,1,1,2,0,2,2,0],17,13].
[[3,8,1,1,1,0,2,2,0],5,3].
[[2,9,2,1,2,2,1,1,1],8,29].
[[3,9,1,1,1,2,1,1,1],4,42].
[[3,8,1,1,2,2,2,2,0],17,38].
[[1,8,0,1,2,2,2,3,1],26,67].
[[2,9,2,1,2,2,2,3,1],24,103].
[[3,9,1,1,1,2,2,3,1],3,30].
[[1,8,1,1,2,2,2,2,1],118,65].
[[2,7,1,1,2,2,2,2,1],50,21].
[[3,7,1,1,1,2,1,2,1],43,13].
[[2,8,1,0,0,0,1,2,0],16,9].
[[3,8,1,0,0,0,1,2,0],13,6].
[[1,9,2,1,1,2,2,2,0],42,46].
[[2,9,1,1,1,2,2,2,0],25,51].
[[3,9,1,1,1,2,1,1,0],4,36].
[[2,9,2,1,2,2,2,2,1],9,44].
[[3,9,1,1,1,2,2,2,1],0,10].
[[2,8,0,1,2,2,2,1,0],9,51].
[[3,8,0,1,2,2,2,1,0],8,72].
[[2,9,1,1,2,0,2,3,0],4,25].
[[1,7,2,0,0,0,2,3,1],28,3].
[[3,7,2,0,0,0,2,3,1],25,2].
[[2,8,1,0,0,0,2,1,0],18,6].
[[2,8,1,1,2,0,2,3,1],57,53].
[[2,7,2,1,2,2,1,1,1],7,1].
[[3,7,2,1,2,2,1,1,1],23,8].
[[1,9,2,1,2,2,1,1,0],12,24].
[[2,9,1,1,2,2,1,1,0],13,43].
[[3,9,1,1,2,2,1,1,0],8,71].
[[3,7,1,0,0,0,2,3,1],40,18].
[[1,9,2,0,0,0,2,1,1],64,168].
[[2,9,2,0,0,0,2,1,1],3,22].
[[3,9,1,1,2,0,1,2,1],6,73].
[[3,8,1,1,2,2,2,2,1],57,56].
[[2,8,0,0,0,0,2,1,1],14,44].
[[3,7,1,1,2,0,2,1,1],10,6].
[[3,9,1,1,2,0,2,1,0],3,18].
[[1,8,1,1,2,2,2,3,0],44,20].
[[2,8,1,1,1,2,2,3,0],25,7].
[[3,4,2,1,2,0,2,3,0],90,3].
[[3,7,2,1,2,0,1,2,1],30,5].
[[1,8,0,1,2,2,2,1,1],9,20].
[[2,8,0,1,2,2,1,2,1],17,61].
[[2,7,0,1,1,2,0,0,0],4,6].
[[3,7,1,1,1,2,0,0,0],9,13].
[[1,9,2,1,2,0,2,2,1],9,34].
[[2,9,1,1,1,0,2,2,1],0,5].
[[3,9,1,1,1,0,1,1,1],0,15].
[[3,8,0,0,0,0,2,3,1],5,30].
[[2,9,1,0,0,0,1,1,0],5,17].
[[3,8,0,1,2,2,1,1,0],7,44].
[[3,9,1,1,1,2,2,2,0],10,75].
[[2,9,1,0,0,0,0,0,0],0,10].
[[2,9,2,1,2,0,2,2,1],1,18].
[[3,8,0,1,2,0,2,2,1],1,15].
[[2,7,1,0,0,0,0,0,0],50,27].
[[3,7,1,1,2,2,2,2,1],76,62].
[[1,8,1,0,0,0,2,2,0],31,18].
[[2,7,1,1,2,2,2,2,0],6,6].
[[3,7,1,1,2,2,2,2,0],27,12].
[[1,8,1,0,0,0,2,2,1],154,106].
[[2,8,1,1,2,2,2,2,1],142,94].
[[3,7,1,1,1,2,2,2,1],42,32].
[[2,9,1,1,1,2,1,1,1],14,23].
[[3,8,1,1,1,2,1,1,1],28,43].
[[1,9,2,1,2,2,1,2,1],75,132].
[[3,4,2,1,2,0,1,2,1],169,15].
[[3,9,1,1,1,2,1,2,1],16,164].
[[1,8,1,1,2,2,2,1,1],87,39].
[[3,8,1,1,2,2,1,1,1],69,79].
[[2,8,1,0,0,0,2,2,0],31,16].
[[3,7,1,1,2,0,2,2,0],13,6].
[[2,8,0,0,0,0,2,2,0],13,42].
[[3,7,0,1,2,0,2,2,0],0,4].
[[3,7,2,1,1,0,2,2,1],3,3].
[[1,8,1,1,2,2,1,2,1],44,17].
[[1,8,0,1,2,2,2,3,0],22,45].
[[3,6,0,1,2,2,2,1,0],0,6].
[[1,7,1,0,0,0,0,0,0],48,37].
[[2,9,1,1,2,0,2,3,1],5,20].
[[2,4,2,1,2,0,1,2,1],52,5].
[[2,9,2,1,2,0,1,2,1],4,22].
[[3,8,1,1,1,0,2,1,0],2,3].
[[1,9,2,1,1,2,2,3,0],70,44].
[[2,4,2,1,2,0,1,2,0],26,1].
[[3,7,1,0,0,0,0,0,0],12,12].
[[2,8,1,1,2,2,2,2,0],36,29].
[[1,9,2,1,1,2,1,2,0],23,13].
[[2,9,1,1,1,2,1,2,0],17,33].
[[3,9,1,1,1,2,1,2,0],15,84].
[[3,8,0,1,1,2,2,2,0],6,93].
[[2,8,0,1,2,2,2,2,1],30,129].
[[3,8,1,1,2,0,2,3,1],47,39].
[[2,8,1,1,2,0,1,1,1],12,11].
[[3,8,1,1,2,2,1,1,0],14,16].
[[2,7,1,1,2,2,2,1,1],16,11].
[[3,7,0,1,2,2,2,1,1],4,13].
[[2,9,2,1,2,0,1,1,1],5,7].
[[2,8,0,0,0,0,0,0,0],8,44].
[[3,7,0,0,0,0,0,0,0],1,7].
[[1,9,2,1,2,2,2,1,0],41,97].
[[1,7,2,1,2,2,0,0,0],33,6].
[[2,8,0,1,2,2,1,1,1],7,29].
[[3,8,0,1,1,2,1,1,1],8,51].
[[3,8,1,1,2,0,2,3,0],9,27].
[[3,8,0,1,2,2,2,3,0],12,117].
[[2,8,0,1,2,0,2,3,1],2,16].
[[2,8,0,1,1,2,2,2,0],20,44].
[[3,6,1,0,0,0,2,3,1],17,1].
[[3,7,1,1,2,0,2,2,1],22,16].
[[2,8,0,0,0,0,2,2,1],12,49].
[[3,7,1,0,0,0,2,2,1],27,12].
[[1,8,0,1,1,2,2,1,1],7,7].
[[2,4,2,1,2,0,2,1,1],22,1].
[[3,4,2,1,2,0,2,1,1],31,2].
[[2,9,1,1,2,2,2,1,0],17,71].
[[2,8,0,1,2,2,2,3,0],32,109].
[[3,8,0,1,1,0,1,2,0],1,4].
[[3,8,0,1,2,0,1,1,1],4,12].
[[1,9,2,1,2,0,0,0,0],5,29].
[[2,8,1,1,2,0,0,0,0],5,11].
[[3,7,1,1,2,0,0,0,0],12,9].
[[2,9,2,1,1,2,1,2,1],24,29].
[[2,9,1,1,2,2,2,3,0],30,131].
[[1,9,2,1,2,2,1,2,0],28,75].
[[2,8,0,1,2,2,1,2,0],12,48].
[[3,7,1,1,2,2,1,2,0],9,6].
[[3,8,1,1,2,0,2,2,0],10,23].
[[1,8,0,1,1,2,2,3,1],12,9].
[[3,7,0,1,1,2,2,2,0],1,11].
[[3,8,1,1,1,2,2,3,1],43,39].
[[1,8,1,1,2,0,2,3,1],27,18].
[[3,7,2,1,2,2,2,1,1],29,1].
[[1,8,1,0,0,0,1,1,1],32,13].
[[2,8,1,0,0,0,1,1,1],32,35].
[[3,8,0,1,1,0,2,2,1],0,4].
[[2,9,1,0,0,0,2,3,0],21,65].
[[3,9,1,1,2,0,1,2,0],5,29].
[[3,8,0,0,0,0,2,2,0],1,23].
[[2,9,1,1,1,2,2,2,1],18,26].
[[1,8,1,1,2,0,2,2,1],8,14].
[[2,8,1,1,2,2,1,1,1],46,50].
[[3,5,0,1,1,0,1,1,1],5,3].
[[2,9,1,1,2,0,1,2,1],10,40].
[[1,8,0,1,2,2,2,2,1],17,57].
[[2,8,1,1,2,2,1,2,0],15,13].
[[1,9,2,1,1,2,0,0,0],55,75].
[[2,9,2,1,1,2,2,3,0],12,24].
[[3,9,1,1,1,2,2,1,0],8,43].
[[2,9,1,1,2,2,1,1,1],24,52].
[[3,8,0,1,2,2,1,1,1],11,62].
[[1,8,0,1,1,2,0,0,0],62,43].
[[2,4,2,1,2,0,0,0,0],18,2].
[[3,4,2,1,2,0,0,0,0],14,4].
[[3,8,0,1,1,2,2,3,1],11,98].
[[1,9,2,1,1,2,2,1,0],35,26].
[[2,4,2,1,2,0,2,1,0],24,0].
[[3,4,2,1,2,0,2,2,0],69,5].
[[3,5,0,1,1,2,1,1,1],38,3].
[[2,8,0,1,1,2,2,3,1],32,65].
[[3,8,1,1,1,0,2,2,1],3,10].
[[2,8,1,1,1,2,2,3,1],90,31].
[[3,8,1,1,2,2,2,1,1],25,29].
[[1,8,1,1,2,2,1,1,1],11,17].
[[2,8,1,1,1,2,1,1,1],13,20].
[[3,7,1,1,2,0,2,3,1],43,26].
[[2,9,2,1,1,2,2,3,1],11,37].
[[3,6,0,0,0,0,2,1,1],0,2].
[[3,9,1,1,2,2,2,3,1],5,49].
[[3,7,2,1,1,2,2,3,1],18,2].
[[3,8,0,1,2,0,2,3,0],4,30].
[[3,8,1,1,1,2,2,2,0],9,25].
[[1,7,2,1,2,0,0,0,0],9,2].
[[2,7,2,1,2,0,2,3,1],18,5].
[[3,7,2,1,2,0,2,3,1],30,8].
[[2,9,2,1,1,0,2,1,1],0,1].
[[3,8,0,1,1,0,2,1,1],0,4].
[[2,7,2,1,2,0,0,0,0],18,5].
[[1,9,2,0,0,0,1,1,0],6,27].
[[2,8,0,1,2,2,1,1,0],3,16].
[[3,8,0,1,1,2,1,1,0],2,25].
[[1,9,2,1,2,0,2,1,1],9,15].
[[2,9,1,1,2,0,1,1,1],8,15].
[[3,9,1,1,2,2,1,1,1],7,86].
[[1,6,1,0,0,0,2,2,1],17,2].
[[2,6,1,0,0,0,1,2,1],10,1].
[[3,6,1,0,0,0,1,2,1],16,0].
[[1,9,2,1,1,2,2,1,1],37,40].
[[2,9,1,1,1,2,1,2,1],36,79].
[[2,8,1,0,0,0,2,1,1],65,46].
[[3,8,1,0,0,0,2,1,1],10,7].
[[2,8,0,0,0,0,1,1,0],2,7].
[[3,7,1,0,0,0,1,1,0],2,2].
[[2,7,1,1,2,2,1,2,1],13,7].
[[3,8,1,1,1,2,1,2,1],96,96].
[[2,7,1,1,2,2,2,1,0],2,3].
[[1,8,1,1,1,2,2,3,0],7,2].
[[3,6,1,1,1,2,2,3,0],6,0].
[[2,9,2,1,2,2,2,1,1],9,48].
[[3,9,1,1,1,2,2,1,1],0,5].
[[3,5,0,1,1,2,1,2,0],23,0].
[[1,4,2,1,2,0,2,1,1],8,0].
[[2,9,2,1,2,0,1,2,0],0,6].
[[3,9,1,0,0,0,2,3,1],1,4].
[[2,7,1,1,2,2,2,3,1],58,22].
[[3,7,1,1,2,2,1,1,1],27,21].
[[3,9,1,1,2,2,2,3,0],4,86].
[[1,8,1,1,2,2,1,2,0],5,6].
[[2,8,1,1,1,2,1,1,0],1,2].
[[3,4,2,1,2,0,1,1,0],37,0].
[[3,8,1,1,1,2,2,2,1],30,30].
[[1,9,2,1,1,2,1,2,1],28,22].
[[3,7,0,1,2,2,2,1,0],0,6].
[[1,6,1,0,0,0,0,0,0],83,6].
[[2,6,1,1,2,0,0,0,0],6,4].
[[3,3,2,1,2,0,0,0,0],7,0].
[[1,9,2,0,0,0,1,1,1],25,42].
[[2,4,2,1,2,0,2,3,1],65,2].
[[3,8,0,1,2,0,1,2,0],6,17].
[[1,9,2,1,1,2,2,2,1],66,67].
[[2,6,0,1,2,2,2,3,1],2,10].
[[3,6,0,1,2,2,1,2,1],1,10].
[[3,8,1,1,2,2,2,3,0],27,47].
[[3,9,1,1,2,0,1,1,0],2,21].
[[2,6,1,1,2,2,1,1,1],4,0].
[[3,6,1,1,2,2,1,1,1],10,0].
[[2,8,0,1,1,2,2,1,1],17,42].
[[3,9,1,1,1,0,2,2,0],0,15].
[[2,8,1,1,1,2,1,2,1],44,19].
[[3,7,1,0,0,0,2,3,0],11,7].
[[2,9,1,1,1,2,1,1,0],10,21].
[[3,8,1,0,0,0,2,3,1],20,29].
[[3,7,1,1,1,2,2,1,1],22,15].
[[1,8,1,1,2,2,2,1,0],9,8].
[[2,8,1,1,2,2,2,1,0],28,12].
[[2,8,0,0,0,0,2,1,0],5,28].
[[3,5,0,1,2,0,1,2,1],1,1].
[[2,8,1,0,0,0,2,3,0],40,23].
[[2,9,1,1,2,2,0,0,0],1,24].
[[3,8,0,1,2,2,0,0,0],0,31].
[[2,4,2,1,2,0,2,2,1],33,3].
[[2,4,2,1,2,0,2,3,0],62,4].
[[2,9,1,1,1,2,2,1,0],13,31].
[[3,4,2,1,2,0,2,1,0],40,1].
[[3,5,0,1,2,2,1,1,1],43,5].
[[1,4,2,1,2,0,2,3,1],31,2].
[[1,4,2,1,2,0,2,2,0],14,1].
[[2,4,2,1,2,0,2,2,0],29,1].
[[2,9,1,0,0,0,1,2,0],15,33].
[[3,5,0,0,0,0,1,2,0],12,1].
[[2,9,1,0,0,0,2,1,1],1,10].
[[3,5,0,1,2,0,1,1,1],12,1].
[[2,6,1,0,0,0,0,0,0],33,1].
[[3,6,1,1,2,0,2,3,1],12,0].
[[2,6,1,1,2,2,0,0,0],33,5].
[[3,9,1,1,1,2,2,3,0],3,47].
[[2,7,2,1,2,2,1,2,1],16,5].
[[3,7,2,1,2,2,1,2,1],58,7].
[[2,9,1,1,2,0,2,2,0],2,23].
[[2,9,2,0,0,0,2,2,0],9,28].
[[3,8,0,1,2,0,1,2,1],9,49].
[[2,5,0,1,1,2,1,1,1],9,0].
[[3,7,0,1,1,2,0,0,0],3,13].
[[2,8,0,1,1,2,2,2,1],34,46].
[[3,7,0,1,2,2,0,0,0],4,17].
[[3,8,1,1,2,2,1,2,0],33,24].
[[2,9,2,1,2,2,2,1,0],6,31].
[[3,9,1,1,2,2,2,1,0],4,55].
[[2,8,1,1,1,0,2,3,0],1,3].
[[3,8,1,1,1,0,2,3,0],2,9].
[[3,7,1,1,2,2,2,3,0],34,12].
[[3,8,0,1,2,0,2,1,0],3,11].
[[2,8,1,1,2,2,2,3,0],58,37].
[[2,9,1,1,2,2,1,2,0],30,68].
[[3,9,1,1,1,0,1,2,0],3,18].
[[2,7,2,1,2,2,2,1,1],22,2].
[[3,7,0,1,2,2,1,2,1],1,18].
[[2,9,2,0,0,0,0,0,0],1,12].
[[3,9,1,1,2,0,2,2,0],5,31].
[[3,8,0,1,2,0,2,1,1],0,12].
[[3,8,0,1,1,2,2,1,0],5,48].
[[2,7,2,1,2,0,2,1,1],5,3].
[[3,7,2,1,2,0,2,1,1],13,2].
[[2,6,1,1,2,2,2,3,1],22,1].
[[3,6,1,1,2,2,2,3,1],25,1].
[[2,9,1,1,2,0,1,1,0],0,13].
[[3,8,1,0,0,0,2,1,0],5,6].
[[3,9,1,1,2,2,2,2,1],1,16].
[[3,8,1,1,2,0,2,1,1],11,6].
[[2,9,2,1,1,2,2,2,0],11,33].
[[3,8,1,0,0,0,2,2,0],10,12].
[[2,7,1,1,1,2,2,2,1],11,2].
[[3,7,2,1,1,2,2,2,1],14,5].
[[2,7,2,0,0,0,2,1,1],15,1].
[[2,9,2,1,2,2,0,0,0],1,45].
[[1,7,1,0,0,0,2,3,1],8,5].
[[2,7,1,0,0,0,2,3,1],36,19].
[[3,7,0,0,0,0,2,3,1],1,8].
[[3,8,1,1,2,0,1,1,1],22,23].
[[1,7,1,1,2,2,2,3,1],8,7].
[[3,5,0,1,2,2,1,2,1],16,2].
[[3,8,0,1,1,2,2,2,1],8,56].
[[1,9,2,1,2,0,2,3,1],8,43].
[[1,7,2,0,0,0,1,2,1],6,1].
[[2,7,2,0,0,0,1,2,1],14,3].
[[3,5,0,1,1,0,1,1,0],1,3].
[[3,8,1,0,0,0,2,3,0],9,15].
[[3,8,1,0,0,0,2,2,1],11,5].
[[1,7,1,1,2,2,2,2,1],6,0].
[[2,8,1,1,1,0,1,2,1],2,5].
[[3,8,1,1,1,0,1,1,1],6,16].
[[3,7,2,0,0,0,1,1,1],9,4].
[[3,6,1,1,2,0,1,2,1],15,3].
[[2,7,1,0,0,0,2,2,1],25,18].
[[2,6,0,1,1,2,0,0,0],4,8].
[[2,9,2,1,1,2,2,1,0],3,12].
[[3,8,0,1,1,2,1,2,0],12,48].
[[2,7,2,0,0,0,2,2,1],21,4].
[[2,8,1,1,2,2,1,1,0],3,6].
[[3,5,0,1,1,2,1,1,0],17,4].
[[3,6,1,0,0,0,2,3,0],5,1].
[[2,5,0,1,2,2,1,1,0],8,1].
[[3,5,0,1,2,2,1,1,0],26,5].
[[1,7,1,1,2,2,1,2,1],2,0].
[[3,9,1,0,0,0,1,1,1],2,17].
[[1,8,1,1,2,2,2,2,0],23,12].
[[3,7,1,1,1,2,1,2,0],7,1].
[[2,8,0,1,1,2,2,1,0],7,18].
[[3,6,0,1,1,2,2,1,0],1,3].
[[2,9,1,1,2,0,2,2,1],2,18].
[[2,8,1,1,1,2,2,2,0],12,7].
[[1,8,1,0,0,0,1,1,0],1,4].
[[2,8,1,1,2,0,1,1,0],2,5].
[[3,8,1,1,2,0,1,1,0],1,7].
[[3,7,2,1,2,0,1,1,1],6,2].
[[2,9,2,1,1,2,1,1,1],12,15].
[[2,8,1,1,2,0,2,1,1],26,19].
[[3,3,1,1,2,2,2,3,1],15,1].
[[1,8,1,1,1,2,2,2,1],31,9].
[[2,7,2,1,1,2,2,2,1],5,1].
[[3,7,0,1,2,2,2,3,0],0,16].
[[1,6,0,1,2,2,2,1,1],0,1].
[[2,6,0,1,1,2,2,1,1],0,3].
[[3,6,0,1,1,2,2,1,1],1,3].
[[3,3,2,0,0,0,1,2,1],3,0].
[[3,7,2,1,2,2,2,3,1],48,7].
[[2,8,1,1,1,2,2,2,1],48,36].
[[3,8,0,1,1,0,2,1,0],0,7].
[[2,8,1,1,1,0,2,2,1],1,3].
[[2,7,2,0,0,0,1,1,1],7,2].
[[1,9,2,1,2,0,1,2,0],1,6].
[[2,8,0,1,2,0,1,2,0],1,6].
[[2,8,0,1,2,0,2,3,0],5,14].
[[1,6,0,1,2,2,0,0,0],6,9].
[[2,3,1,1,2,2,2,3,1],1,0].
[[3,3,1,1,1,2,2,3,1],5,1].
[[3,7,0,1,2,2,2,2,1],2,23].
[[2,7,2,1,1,0,2,3,1],2,0].
[[3,7,2,1,1,0,2,3,1],5,4].
[[3,7,1,1,1,0,2,2,1],2,4].
[[2,7,1,0,0,0,2,1,1],16,8].
[[3,3,1,0,0,0,2,1,1],2,0].
[[1,8,1,1,1,2,2,1,1],15,4].
[[3,7,2,0,0,0,1,1,0],0,1].
[[2,9,2,1,2,0,2,3,1],5,23].
[[3,9,1,1,2,0,2,3,1],2,11].
[[3,9,1,1,2,0,1,1,1],2,24].
[[3,6,1,1,1,2,2,3,1],19,1].
[[3,6,1,0,0,0,2,2,0],5,0].
[[1,9,2,1,2,0,2,2,0],9,18].
[[3,8,0,1,2,0,2,2,0],5,26].
[[2,7,2,1,2,0,1,2,1],7,2].
[[3,7,2,1,2,0,1,2,0],1,0].
[[3,7,0,1,1,2,2,1,1],3,14].
[[3,7,0,0,0,0,2,2,1],1,5].
[[2,8,1,1,1,0,0,0,0],0,2].
[[3,8,1,1,1,0,2,3,1],5,8].
[[1,8,0,0,0,0,2,2,0],11,28].
[[1,9,2,1,2,0,1,1,1],2,6].
[[3,8,1,1,1,2,2,3,0],14,22].
[[1,9,2,1,2,0,2,1,0],3,15].
[[3,9,1,1,1,0,1,1,0],0,7].
[[2,9,1,1,2,2,2,1,1],4,16].
[[3,9,1,1,2,2,2,1,1],0,6].
[[2,7,0,1,2,2,2,2,0],1,2].
[[3,7,1,1,2,0,2,1,0],4,3].
[[2,7,1,0,0,0,1,1,1],7,3].
[[3,7,1,1,2,0,1,1,1],10,5].
[[3,6,0,0,0,0,2,2,0],1,3].
[[3,8,0,0,0,0,1,2,0],4,15].
[[2,6,0,0,0,0,2,2,0],1,2].
[[3,6,0,1,1,2,2,3,1],3,6].
[[3,7,2,1,1,2,1,2,1],13,3].
[[3,9,1,0,0,0,1,1,0],5,13].
[[1,8,0,1,2,2,1,2,1],1,2].
[[3,8,0,1,1,2,2,1,1],4,26].
[[1,7,1,0,0,0,2,1,0],0,1].
[[2,7,2,1,1,2,2,3,1],5,0].
[[3,7,1,1,1,2,2,2,0],11,7].
[[3,7,2,1,1,0,2,1,1],4,4].
[[3,7,0,1,2,2,2,2,0],1,16].
[[2,8,0,1,1,2,1,2,0],12,10].
[[2,3,2,1,2,0,0,0,0],3,1].
[[1,6,1,1,2,2,0,0,0],24,1].
[[3,6,1,1,2,2,2,1,1],9,0].
[[3,7,0,1,1,2,2,3,1],2,17].
[[3,7,2,0,0,0,1,2,1],14,7].
[[3,9,1,1,1,0,2,3,0],1,9].
[[3,7,1,0,0,0,1,2,1],21,8].
[[2,8,1,1,1,2,2,1,0],13,3].
[[3,7,2,1,1,2,2,1,0],2,0].
[[1,4,2,1,2,0,2,3,0],14,2].
[[2,5,0,0,0,0,1,2,0],6,0].
[[1,7,2,1,2,2,2,2,1],5,0].
[[2,7,2,1,2,2,2,2,1],23,3].
[[3,6,0,1,2,2,2,1,1],2,6].
[[3,9,1,0,0,0,1,2,0],5,27].
[[3,8,0,0,0,0,1,2,1],5,47].
[[1,8,1,1,1,2,2,2,0],7,3].
[[3,7,1,1,1,2,1,1,0],2,5].
[[2,8,0,1,1,2,1,2,1],12,22].
[[1,7,2,0,0,0,2,2,1],17,1].
[[3,7,2,1,2,0,2,1,0],1,0].
[[1,8,1,0,0,0,2,3,0],47,21].
[[3,7,1,1,1,0,2,3,0],1,2].
[[2,6,1,1,1,2,2,2,0],1,0].
[[3,6,1,1,1,2,1,1,0],1,0].
[[1,8,1,1,2,0,1,1,1],1,5].
[[3,8,0,0,0,0,2,3,0],4,21].
[[2,6,1,1,1,2,2,3,1],5,0].
[[2,6,0,1,2,2,0,0,0],6,20].
[[3,6,0,1,1,2,0,0,0],0,11].
[[3,5,0,0,0,0,1,1,1],19,0].
[[3,7,1,1,1,2,1,1,1],10,10].
[[2,7,0,1,2,2,2,3,1],1,1].
[[3,7,0,1,1,2,1,2,1],1,5].
[[2,8,1,1,1,2,2,1,1],32,14].
[[3,8,1,1,1,0,1,2,0],2,9].
[[3,7,1,0,0,0,2,1,1],12,8].
[[1,8,1,0,0,0,1,2,0],8,5].
[[3,7,0,1,1,2,2,2,1],3,8].
[[3,8,1,1,1,2,1,2,0],21,12].
[[2,5,0,1,2,2,1,1,1],11,0].
[[2,6,1,1,2,2,2,1,1],11,0].
[[1,8,0,1,1,2,2,1,0],3,5].
[[2,8,0,1,1,2,1,1,0],3,3].
[[3,6,0,1,1,2,1,1,0],1,0].
[[2,9,2,1,1,2,1,1,0],3,0].
[[3,6,1,1,2,2,2,3,0],10,0].
[[3,8,1,1,1,2,1,1,0],8,8].
[[2,7,2,0,0,0,2,2,0],3,0].
[[1,3,2,0,0,0,0,0,0],7,1].
[[2,7,1,1,1,2,2,3,0],2,1].
[[3,7,0,1,1,2,2,3,0],0,7].
[[2,9,2,1,1,2,0,0,0],0,13].
[[2,9,2,0,0,0,1,1,1],5,17].
[[2,8,0,0,0,0,1,1,1],3,14].
[[3,7,0,0,0,0,1,1,1],0,1].
[[2,9,2,1,1,0,2,3,1],0,3].
[[3,9,1,1,1,0,2,3,1],1,4].
[[3,7,2,1,2,2,0,0,0],10,0].
[[1,8,0,1,1,2,2,2,1],8,4].
[[2,9,2,0,0,0,2,2,1],7,17].
[[1,7,2,1,2,2,1,2,1],3,0].
[[3,3,2,1,2,2,1,2,1],7,0].
[[2,9,1,1,1,0,1,2,0],0,2].
[[3,7,2,1,1,2,1,1,1],8,2].
[[2,9,2,0,0,0,2,3,1],5,46].
[[3,8,0,1,2,2,2,1,1],4,35].
[[2,9,2,1,2,0,2,2,0],2,10].
[[3,3,1,1,2,2,2,2,1],13,1].
[[2,9,2,1,2,2,1,1,0],3,11].
[[2,8,1,1,1,0,2,2,0],3,4].
[[3,7,1,1,1,0,2,2,0],2,1].
[[1,6,1,1,2,2,2,3,1],4,0].
[[3,6,1,1,1,2,2,1,1],4,0].
[[2,8,0,1,1,2,1,1,1],9,10].
[[2,9,1,1,1,0,2,2,0],0,8].
[[3,4,0,1,2,0,1,2,1],0,3].
[[3,7,0,1,2,0,2,3,0],2,3].
[[3,8,1,1,1,2,0,0,0],0,1].
[[1,9,2,1,1,2,1,1,0],7,3].
[[2,5,0,1,1,2,1,1,0],6,0].
[[2,8,1,1,2,0,1,2,0],4,3].
[[3,7,1,1,2,0,1,2,0],7,0].
[[3,6,1,1,2,2,2,2,0],11,1].
[[3,7,2,1,2,2,2,2,0],8,0].
[[3,6,1,0,0,0,2,1,1],12,0].
[[2,6,1,1,2,0,2,3,1],2,0].
[[3,6,1,1,2,0,2,2,1],7,0].
[[1,8,0,0,0,0,2,1,1],10,24].
[[2,8,1,1,1,0,2,1,1],1,5].
[[3,7,1,1,1,0,2,1,1],1,1].
[[2,5,0,1,2,0,1,1,1],2,1].
[[3,7,1,1,2,2,1,1,0],4,3].
[[3,8,0,0,0,0,1,1,0],1,10].
[[3,1,1,1,2,0,1,1,1],3,0].
[[3,3,1,1,2,0,0,0,0],5,1].
[[3,3,1,1,2,2,1,2,1],5,1].
[[2,5,0,1,2,2,1,2,0],10,1].
[[1,8,0,0,0,0,2,1,0],4,14].
[[3,7,0,1,2,0,1,1,0],0,1].
[[2,8,1,1,1,2,0,0,0],10,12].
[[2,9,1,1,1,0,2,3,1],0,2].
[[3,9,1,1,1,0,2,1,0],0,5].
[[2,9,2,1,2,0,2,1,0],1,4].
[[2,5,0,0,0,0,1,1,0],6,2].
[[2,4,2,1,2,0,1,1,0],13,0].
[[2,7,1,1,2,0,2,3,1],8,8].
[[3,7,1,1,1,0,1,2,1],2,5].
[[2,8,0,1,2,0,0,0,0],1,15].
[[2,8,0,1,2,0,2,1,0],1,4].
[[3,7,1,0,0,0,1,1,1],15,5].
[[3,7,0,1,2,2,1,2,0],0,10].
[[2,8,0,1,2,0,2,2,0],6,9].
[[1,7,2,0,0,0,2,1,1],9,1].
[[3,6,0,1,2,2,1,1,1],0,6].
[[2,7,0,1,2,2,2,3,0],0,4].
[[3,3,2,0,0,0,2,1,1],3,0].
[[2,9,2,1,2,0,1,1,0],0,1].
[[1,6,0,0,0,0,2,2,0],1,0].
[[3,6,0,0,0,0,1,2,0],1,0].
[[2,7,1,1,2,2,2,3,0],13,1].
[[2,9,1,1,2,0,1,2,0],7,13].
[[3,3,1,0,0,0,0,0,0],9,0].
[[3,7,0,0,0,0,1,2,0],0,1].
[[1,8,1,1,1,2,1,1,1],0,2].
[[2,6,1,1,1,2,1,1,1],0,1].
[[3,6,1,1,1,2,1,1,1],3,1].
[[1,8,0,0,0,0,1,2,1],1,6].
[[2,8,0,1,2,0,1,1,0],2,1].
[[3,7,2,0,0,0,2,2,1],11,2].
[[3,2,0,1,2,2,0,0,0],0,1].
[[2,9,1,1,2,0,2,1,1],3,9].
[[3,8,0,1,1,0,2,3,1],0,3].
[[1,6,0,1,2,2,2,3,0],0,1].
[[2,6,0,1,2,2,2,3,0],1,5].
[[2,7,1,1,2,2,1,2,0],0,2].
[[2,7,1,0,0,0,1,2,1],9,2].
[[2,8,0,1,2,0,1,2,1],3,15].
[[3,7,0,1,2,0,1,2,1],1,3].
[[2,9,2,1,1,0,2,2,0],0,2].
[[2,8,0,1,2,0,2,2,1],6,8].
[[2,9,1,1,1,0,2,3,0],0,6].
[[3,4,0,1,2,0,1,2,0],0,4].
[[3,3,2,0,0,0,0,0,0],7,0].
[[3,8,0,1,1,0,2,3,0],0,10].
[[3,6,0,1,2,2,2,3,0],4,10].
[[3,5,0,1,2,0,1,1,0],7,5].
[[3,5,0,1,1,2,1,2,1],10,0].
[[1,4,2,1,2,0,1,1,1],7,0].
[[2,6,1,0,0,0,2,1,1],15,0].
[[3,3,2,1,2,0,2,1,1],3,0].
[[3,8,1,1,1,2,2,1,0],7,10].
[[3,7,0,1,1,2,1,1,1],1,1].
[[3,6,0,1,1,2,1,2,0],0,4].
[[1,6,0,0,0,0,0,0,0],0,3].
[[2,6,0,0,0,0,0,0,0],0,10].
[[3,6,0,0,0,0,0,0,0],0,2].
[[3,3,2,1,2,2,2,2,1],7,0].
[[2,7,0,0,0,0,2,2,0],0,2].
[[3,6,1,1,1,2,2,2,1],6,0].
[[3,8,1,1,2,0,1,2,0],17,4].
[[3,8,1,1,2,0,2,1,0],5,9].
[[1,8,1,1,1,2,1,2,1],10,1].
[[3,7,0,1,1,2,1,1,0],0,3].
[[1,7,1,0,0,0,2,3,0],3,0].
[[1,8,0,1,2,2,2,1,0],0,16].
[[1,8,0,1,1,2,1,2,0],3,1].
[[3,6,1,0,0,0,2,2,1],15,1].
[[1,8,0,1,2,2,1,2,0],2,8].
[[2,3,2,0,0,0,2,2,1],4,0].
[[3,3,2,0,0,0,2,3,1],7,0].
[[3,7,2,1,1,2,0,0,0],2,0].
[[2,3,2,0,0,0,0,0,0],14,0].
[[1,7,2,1,2,0,2,2,1],2,1].
[[1,6,1,1,2,2,2,1,1],1,0].
[[3,8,1,1,1,0,1,1,0],2,3].
[[2,6,1,0,0,0,2,2,1],21,0].
[[2,6,1,0,0,0,2,3,1],28,0].
[[2,7,2,0,0,0,2,1,0],1,0].
[[3,7,1,0,0,0,2,1,0],4,2].
[[2,7,2,1,1,0,0,0,0],4,0].
[[3,7,2,1,1,0,0,0,0],1,0].
[[3,7,2,0,0,0,1,2,0],3,0].
[[3,7,0,1,2,0,2,2,1],1,1].
[[3,5,0,0,0,0,1,1,0],9,4].
[[3,8,1,0,0,0,1,1,0],3,3].
[[3,3,1,1,1,2,2,1,1],3,0].
[[3,6,0,1,1,2,2,2,0],1,4].
[[3,3,0,0,0,0,0,0,0],0,2].
[[2,7,0,0,0,0,2,2,1],1,1].
[[2,6,1,0,0,0,2,2,0],4,0].
[[2,7,1,1,1,2,2,1,1],10,2].
[[3,6,0,1,2,2,0,0,0],2,7].
[[3,8,0,0,0,0,2,1,0],4,16].
[[1,4,2,1,2,0,0,0,0],15,1].
[[2,8,1,1,1,2,1,2,0],11,2].
[[2,6,0,1,2,2,2,1,0],0,2].
[[3,6,0,1,2,2,1,2,0],2,5].
[[3,5,0,1,2,0,1,2,0],14,0].
[[2,3,1,1,2,2,0,0,0],7,1].
[[3,7,1,1,1,2,2,1,0],2,3].
[[2,9,2,1,1,2,1,2,0],7,6].
[[2,9,1,1,2,0,2,1,0],2,20].
[[3,6,0,1,1,2,2,2,1],0,3].
[[2,7,1,0,0,0,1,1,0],0,1].
[[3,7,2,1,1,0,1,2,1],2,5].
[[3,8,0,1,1,0,1,2,1],1,9].
[[3,3,1,1,2,0,2,3,1],5,0].
[[3,6,1,1,1,2,1,2,1],4,0].
[[3,6,0,1,2,2,2,3,1],0,10].
[[2,7,0,1,2,2,2,1,0],0,2].
[[1,7,1,0,0,0,2,1,1],3,0].
[[1,6,1,0,0,0,2,3,1],11,0].
[[3,6,1,1,2,2,2,1,0],3,0].
[[3,7,1,1,1,2,2,3,0],18,4].
[[3,5,0,1,1,0,1,2,1],1,1].
[[1,4,2,1,2,0,2,2,1],19,1].
[[2,9,2,1,2,0,2,1,1],1,4].
[[3,9,1,1,2,2,0,0,0],0,7].
[[1,3,2,0,0,0,2,3,1],1,0].
[[2,3,2,1,2,2,1,2,1],1,0].
[[3,9,1,1,1,0,2,1,1],0,2].
[[3,6,1,1,2,0,2,2,0],3,0].
[[2,6,1,1,2,2,2,2,1],6,1].
[[3,6,1,1,2,2,2,2,1],27,1].
[[2,5,0,1,1,0,1,1,1],2,0].
[[3,9,1,1,2,0,2,1,1],0,1].
[[3,6,1,1,2,0,0,0,0],5,0].
[[3,3,2,1,2,2,2,3,1],6,0].
[[2,9,2,1,1,0,1,1,1],0,1].
[[3,8,0,1,1,0,1,1,1],0,3].
[[3,6,0,0,0,0,2,3,0],0,2].
[[2,7,2,1,1,2,0,0,0],2,2].
[[3,6,1,0,0,0,2,1,0],1,0].
[[3,6,0,0,0,0,2,3,1],2,0].
[[3,8,0,0,0,0,0,0,0],0,5].
[[3,3,1,1,2,0,2,2,1],1,0].
[[2,9,1,1,1,2,2,1,1],6,3].
[[3,8,0,0,0,0,2,1,1],2,8].
[[2,7,0,1,1,2,2,3,1],2,1].
[[2,6,0,0,0,0,2,1,1],0,1].
[[3,6,0,1,2,0,1,1,1],0,2].
[[2,9,2,1,1,0,2,3,0],1,2].
[[3,6,0,1,1,2,2,3,0],3,9].
[[1,6,1,0,0,0,1,2,1],1,1].
[[2,6,1,1,2,2,1,2,1],2,1].
[[3,6,1,1,2,2,1,2,0],6,1].
[[2,9,1,1,1,2,0,0,0],1,9].
[[2,7,0,0,0,0,2,1,0],0,1].
[[3,7,0,0,0,0,2,1,0],1,2].
[[2,7,1,1,2,0,1,2,1],3,1].
[[2,6,1,0,0,0,1,1,1],3,1].
[[3,6,1,0,0,0,1,1,1],5,0].
[[3,7,0,1,1,2,1,2,0],0,3].
[[2,9,1,1,1,0,1,2,1],0,4].
[[3,6,1,1,1,2,2,1,0],3,0].
[[3,9,1,1,1,0,2,2,1],0,2].
[[3,3,1,0,0,0,2,3,1],2,1].
[[1,8,0,0,0,0,1,2,0],2,1].
[[3,7,0,1,2,0,2,3,1],0,2].
[[3,3,1,1,2,2,2,2,0],3,1].
[[3,3,2,1,1,2,2,3,1],2,0].
[[2,6,1,1,2,0,2,1,1],2,1].
[[2,5,0,1,2,0,1,2,0],2,1].
[[3,7,1,0,0,0,2,2,0],7,4].
[[3,8,1,1,1,0,2,1,1],5,6].
[[1,7,1,0,0,0,1,1,1],1,0].
[[2,5,0,0,0,0,1,1,1],7,0].
[[3,5,0,0,0,0,1,2,1],6,0].
[[1,4,2,1,2,0,1,2,0],2,0].
[[3,6,1,1,1,2,0,0,0],1,1].
[[1,4,2,1,2,0,2,1,0],4,0].
[[3,7,1,1,1,0,2,3,1],2,11].
[[1,8,1,1,2,0,2,1,1],4,7].
[[3,4,0,1,2,0,2,1,1],0,1].
[[2,6,1,1,2,0,2,2,1],5,1].
[[3,7,0,1,1,2,2,1,0],2,5].
[[2,6,1,1,2,2,2,3,0],3,0].
[[1,9,2,1,2,0,1,1,0],1,1].
[[3,9,1,0,0,0,2,2,1],0,4].
[[2,3,1,0,0,0,0,0,0],5,1].
[[2,6,1,0,0,0,2,3,0],6,0].
[[3,6,1,1,2,0,2,1,1],6,0].
[[3,6,1,1,1,2,1,2,0],1,0].
[[2,8,1,0,0,0,1,1,0],2,6].
[[3,7,2,1,2,0,1,1,0],0,1].
[[1,4,2,1,2,0,1,2,1],2,1].
[[3,9,1,1,1,2,0,0,0],0,7].
[[2,6,0,1,2,2,2,2,1],0,4].
[[2,6,1,1,2,0,1,2,1],1,2].
[[2,6,1,1,2,2,2,2,0],6,1].
[[1,8,1,1,1,2,2,1,0],2,1].
[[1,7,1,1,2,2,2,2,0],1,0].
[[2,3,1,1,2,2,2,2,0],1,0].
[[2,6,0,0,0,0,2,3,1],1,0].
[[2,7,2,1,2,0,2,2,0],3,0].
[[3,7,2,1,2,0,2,2,0],6,0].
[[1,6,1,0,0,0,2,2,0],0,1].
[[1,4,2,1,2,0,1,1,0],2,0].
[[1,8,0,1,2,2,1,1,1],0,1].
[[2,5,0,1,2,2,1,2,1],3,0].
[[3,3,1,1,2,2,2,1,1],9,0].
[[1,6,1,0,0,0,2,1,1],5,0].
[[2,6,1,0,0,0,2,1,0],2,0].
[[3,6,1,1,2,0,2,1,0],1,0].
[[2,9,1,1,1,0,2,1,0],1,2].
[[3,7,0,1,2,0,1,2,0],0,2].
[[1,7,1,0,0,0,2,2,1],2,2].
[[3,7,1,0,0,0,1,2,0],2,0].
[[2,7,1,1,2,0,2,2,1],4,3].
[[2,3,2,1,2,2,0,0,0],3,0].
[[3,7,0,1,2,2,1,1,1],0,5].
[[3,7,2,0,0,0,2,1,1],10,3].
[[3,6,1,1,2,0,2,3,0],5,0].
[[2,7,0,1,1,2,2,1,1],0,1].
[[3,7,1,1,2,0,1,1,0],1,0].
[[3,1,1,1,2,0,1,2,1],2,0].
[[2,9,2,1,1,0,0,0,0],0,1].
[[3,8,0,1,2,0,0,0,0],0,3].
[[2,1,1,1,2,0,1,1,1],1,0].
[[3,3,2,1,2,0,2,2,1],2,0].
[[3,9,1,0,0,0,2,1,1],0,1].
[[2,6,1,1,2,0,2,3,0],1,0].
[[2,7,1,1,2,0,1,1,1],1,1].
[[2,9,2,1,2,0,0,0,0],0,6].
[[3,9,1,1,1,0,0,0,0],0,1].
[[1,7,2,1,2,2,2,3,1],5,1].
[[3,6,1,1,2,0,1,1,1],4,2].
[[2,7,1,1,2,0,2,1,1],1,2].
[[3,3,1,1,2,0,2,1,1],2,0].
[[3,7,2,1,2,0,0,0,0],3,0].
[[1,2,1,0,0,0,2,1,1],1,0].
[[2,2,1,0,0,0,1,2,1],1,0].
[[3,2,1,1,2,0,1,2,1],1,0].
[[2,5,0,1,2,0,1,1,0],1,1].
[[2,7,1,0,0,0,2,2,0],6,4].
[[3,6,1,1,1,0,2,3,1],0,1].
[[3,6,0,0,0,0,2,2,1],0,1].
[[2,7,2,1,2,0,2,2,1],10,1].
[[3,7,2,1,1,0,2,1,0],1,0].
[[3,3,1,0,0,0,1,2,1],3,0].
[[2,8,0,1,2,0,1,1,1],0,1].
[[2,7,0,0,0,0,2,3,0],0,3].
[[3,6,0,1,2,2,2,2,1],0,5].
[[3,6,0,1,2,0,2,3,1],0,3].
[[2,7,0,0,0,0,2,3,1],0,1].
[[2,8,1,1,1,0,2,3,1],3,4].
[[3,8,1,1,2,2,0,0,0],0,2].
[[3,6,1,1,1,0,2,2,0],1,1].
[[1,7,1,1,2,2,2,1,1],3,0].
[[2,7,2,0,0,0,2,3,0],4,0].
[[3,7,2,1,2,2,1,2,0],2,0].
[[3,3,2,1,2,2,0,0,0],9,0].
[[1,8,1,1,2,0,1,1,0],0,1].
[[2,8,0,1,2,0,2,1,1],0,5].
[[2,3,2,0,0,0,1,2,1],1,0].
[[3,6,0,0,0,0,2,1,0],0,3].
[[3,7,2,1,2,2,2,1,0],3,0].
[[3,6,1,1,1,0,0,0,0],0,2].
[[3,3,1,1,2,0,1,2,1],2,0].
[[3,7,1,1,1,0,0,0,0],0,3].
[[2,7,1,0,0,0,2,3,0],4,4].
[[2,9,1,1,1,0,1,1,1],0,4].
[[1,8,0,1,1,2,2,2,0],5,4].
[[2,7,1,1,1,2,1,2,1],3,0].
[[2,5,0,1,1,2,1,2,1],2,0].
[[1,7,2,1,2,2,2,1,1],1,0].
[[2,7,1,1,2,2,1,1,1],3,3].
[[2,3,2,0,0,0,2,3,1],3,0].
[[2,5,0,1,1,2,1,2,0],4,1].
[[3,3,1,0,0,0,2,2,1],1,0].
[[2,3,2,1,2,0,1,2,1],1,0].
[[3,3,2,1,2,0,1,2,1],3,0].
[[2,7,1,1,1,2,2,1,0],1,1].
[[2,8,1,1,1,0,1,1,1],1,2].
[[2,6,1,0,0,0,1,2,0],2,0].
[[3,6,1,0,0,0,1,2,0],3,0].
[[1,7,1,0,0,0,2,2,0],2,0].
[[3,3,1,1,2,0,2,2,0],2,0].
[[2,7,0,1,2,2,1,2,0],0,1].
[[2,3,2,0,0,0,2,1,1],2,0].
[[3,3,2,1,2,0,1,1,1],2,0].
[[2,7,1,1,1,2,2,2,0],4,1].
[[2,6,0,1,2,2,2,1,1],3,3].
[[3,8,0,1,1,0,2,2,0],1,2].
[[2,7,2,1,1,2,1,2,1],2,0].
[[3,6,0,1,2,2,1,1,0],1,0].
[[2,7,1,1,2,0,2,2,0],1,0].
[[3,3,1,0,0,0,2,3,0],1,0].
[[3,7,2,1,2,0,2,3,0],4,0].
[[3,7,0,1,2,0,2,1,1],0,1].
[[2,7,2,1,2,2,2,1,0],1,1].
[[1,7,1,1,2,2,2,1,0],2,0].
[[2,3,1,1,2,2,2,1,0],1,0].
[[3,3,1,1,2,2,2,1,0],2,0].
[[2,7,2,1,2,2,2,3,0],3,0].
[[3,7,2,1,1,2,2,3,0],2,0].
[[3,7,2,0,0,0,2,3,0],3,0].
[[2,7,2,1,1,0,1,1,1],0,1].
[[3,7,2,1,1,0,1,1,1],2,1].
[[3,6,1,1,1,0,1,1,1],1,1].
[[3,7,0,1,2,0,0,0,0],0,2].
[[1,8,1,1,2,0,2,3,0],3,5].
[[3,7,2,1,1,2,1,2,0],1,0].
[[1,7,2,0,0,0,1,1,1],0,1].
[[2,7,2,1,2,0,1,1,1],1,1].
[[2,7,2,1,2,2,2,2,0],1,1].
[[1,6,1,1,2,2,2,3,0],1,0].
[[3,3,1,1,2,2,2,3,0],1,1].
[[2,7,0,1,1,2,2,1,0],0,1].
[[1,8,1,1,2,0,2,1,0],0,1].
[[3,7,1,1,1,0,2,1,0],0,1].
[[1,7,2,1,2,0,2,3,1],1,1].
[[1,8,0,1,2,2,1,1,0],1,2].
[[2,3,2,0,0,0,1,1,1],1,0].
[[3,6,0,1,1,2,1,2,1],0,3].
[[3,7,0,0,0,0,1,2,1],0,1].
[[3,7,0,0,0,0,2,1,1],2,0].
[[3,7,1,1,1,0,1,1,1],0,2].
[[2,6,0,1,1,2,2,2,1],1,0].
[[3,9,1,0,0,0,0,0,0],0,2].
[[3,3,2,1,2,0,2,2,0],1,0].
[[3,6,1,1,1,0,1,2,1],1,2].
[[3,3,2,0,0,0,2,3,0],1,0].
[[3,6,0,1,2,0,2,2,0],1,0].
[[1,7,2,1,2,0,2,1,1],1,0].
[[3,6,0,1,2,0,0,0,0],0,1].
[[2,6,1,1,1,2,1,2,1],2,0].
[[2,3,2,1,2,2,2,2,1],1,0].
[[3,3,2,1,1,2,2,2,1],1,0].
[[2,6,0,1,1,2,2,3,0],1,1].
[[3,3,1,1,1,2,2,3,0],1,0].
[[3,7,2,0,0,0,0,0,0],1,0].
[[2,8,1,1,1,0,1,1,0],0,1].
[[3,7,2,1,1,0,1,1,0],0,1].
[[3,8,0,1,1,0,1,1,0],1,1].
[[3,6,0,1,1,2,1,1,1],0,2].
[[1,8,1,1,2,2,1,1,0],0,2].
[[2,7,2,1,1,2,2,1,1],0,2].
[[1,8,0,0,0,0,1,1,0],0,1].
[[2,3,1,1,2,2,2,2,1],1,0].
[[3,3,1,1,1,2,1,1,1],1,0].
[[2,8,1,1,1,0,1,2,0],1,0].
[[3,6,0,1,2,0,2,2,1],0,1].
[[3,6,1,1,1,0,2,1,1],0,1].
[[3,9,1,1,2,0,2,2,1],0,3].
[[2,6,1,1,1,2,2,2,1],2,0].
[[3,6,1,1,1,0,2,3,0],1,0].
[[3,7,0,1,2,0,1,1,1],0,1].
[[3,6,1,1,2,2,1,1,0],1,1].
[[3,3,2,0,0,0,2,2,1],2,0].
[[2,3,2,1,2,2,2,3,1],1,0].
[[3,3,0,1,1,2,0,0,0],0,1].
[[3,6,1,0,0,0,1,1,0],2,0].
[[3,2,1,1,2,0,2,2,1],1,0].
[[2,7,0,1,1,2,2,2,0],1,0].
[[2,7,0,1,1,2,2,2,1],1,0].
[[1,7,1,0,0,0,1,2,1],1,1].
[[2,7,1,1,2,2,1,1,0],2,0].
[[3,3,1,0,0,0,1,1,1],1,0].
[[1,8,0,1,1,2,1,2,1],0,1].
[[3,3,2,1,2,2,1,1,1],1,0].
[[2,7,1,1,2,0,2,3,0],2,0].
[[3,7,2,0,0,0,2,1,0],1,0].
[[1,8,0,0,0,0,1,1,1],1,0].
[[3,3,0,1,2,2,0,0,0],0,1].
[[2,7,1,0,0,0,1,2,0],1,0].
[[3,6,1,1,2,0,1,1,0],0,1].
[[2,7,1,1,1,2,1,2,0],1,0].
[[3,3,1,1,1,2,1,2,0],1,0].
[[1,6,1,1,2,2,2,2,1],1,0].
[[2,7,0,1,2,2,2,2,1],0,1].
[[3,2,1,1,2,2,0,0,0],1,0].
[[2,6,0,0,0,0,2,2,1],0,1].
[[3,2,1,0,0,0,2,3,1],1,0].
[[3,7,2,1,1,0,2,3,0],1,0].
[[1,6,1,1,2,2,2,1,0],1,0].
[[2,6,1,1,2,2,1,1,0],1,0].
[[2,3,1,1,2,2,2,1,1],1,0].
[[3,3,2,1,1,0,2,3,1],1,0].
[[2,3,2,1,2,0,2,2,1],1,0].
[[2,7,0,1,2,2,1,2,1],0,1].
[[2,6,1,0,0,0,1,1,0],1,0].
[[2,3,1,0,0,0,2,3,1],1,0].
[[1,7,2,1,2,2,1,1,1],1,0].
[[2,7,2,1,1,2,1,1,1],1,0].
[[3,3,2,1,2,2,2,1,1],1,0].
[[3,3,1,1,1,2,2,2,0],1,0].
