total_WL(19881,16140).
[[1,9,2,1,2,1,1,2,1],67,68].
[[2,9,2,1,2,1,1,2,1],172,220].
[[3,8,1,1,2,1,1,2,1],432,153].
[[1,9,2,1,2,1,2,3,0],422,438].
[[2,8,0,1,2,1,2,3,0],210,257].
[[3,8,0,1,2,1,2,3,0],144,436].
[[1,9,2,0,0,0,2,3,0],900,1080].
[[2,9,2,0,0,0,2,3,0],240,502].
[[3,9,2,0,0,0,1,1,0],28,72].
[[1,8,1,1,2,1,2,2,1],117,32].
[[2,8,1,1,2,1,1,1,1],82,66].
[[3,8,1,1,2,1,1,1,1],189,110].
[[1,8,1,0,0,0,2,3,1],636,188].
[[2,7,1,0,0,0,2,3,1],127,26].
[[3,7,1,1,2,1,2,1,1],136,31].
[[1,8,1,0,0,0,1,1,2],44,17].
[[2,7,1,0,0,0,1,1,2],7,5].
[[3,7,1,1,2,0,1,1,2],14,4].
[[2,9,2,1,2,1,2,3,2],153,294].
[[3,9,2,1,2,1,1,2,0],198,495].
[[1,9,2,1,2,1,1,2,2],238,230].
[[2,9,2,1,1,1,1,2,2],71,80].
[[3,9,2,1,1,1,1,2,2],45,154].
[[1,8,1,0,0,0,1,1,1],63,48].
[[2,8,1,1,2,0,1,1,1],28,18].
[[3,6,1,1,2,0,1,1,1],8,0].
[[1,9,2,0,0,0,1,2,0],282,291].
[[2,9,2,0,0,0,1,2,0],250,329].
[[3,9,2,1,2,1,1,1,0],56,206].
[[1,9,2,0,0,0,1,2,2],564,533].
[[2,9,2,0,0,0,1,2,2],283,401].
[[3,8,0,0,0,0,1,2,2],64,138].
[[1,9,2,0,0,0,2,3,2],612,895].
[[2,9,2,0,0,0,2,3,2],128,315].
[[3,9,2,1,2,1,1,2,2],119,423].
[[1,8,0,0,0,0,2,2,0],122,106].
[[2,8,0,1,2,0,1,1,0],4,1].
[[3,8,0,1,2,0,1,1,0],20,26].
[[2,8,1,0,0,0,2,3,1],439,154].
[[3,7,2,0,0,0,2,2,2],54,5].
[[1,8,0,0,0,0,2,1,0],59,46].
[[2,8,0,0,0,0,2,1,0],48,84].
[[3,8,0,0,0,0,1,2,0],86,114].
[[1,8,1,1,2,0,2,1,1],17,12].
[[2,8,1,1,1,0,2,1,1],5,5].
[[3,7,2,1,1,0,2,1,1],1,1].
[[1,8,1,0,0,0,2,1,1],311,121].
[[3,7,2,1,2,1,1,1,1],14,10].
[[1,8,1,1,2,1,0,0,0],446,143].
[[2,7,2,1,2,1,0,0,0],76,8].
[[3,7,2,1,2,1,0,0,0],45,3].
[[1,6,1,0,0,0,2,2,2],45,1].
[[2,6,1,1,2,1,1,1,2],5,0].
[[3,3,1,1,2,1,1,1,2],3,0].
[[1,8,1,1,2,1,2,1,1],133,36].
[[2,9,2,1,2,1,1,2,0],248,339].
[[3,8,1,1,2,1,1,2,0],239,38].
[[1,9,2,0,0,0,2,2,1],260,307].
[[2,9,2,0,0,0,2,2,1],88,144].
[[3,9,2,0,0,0,1,2,0],70,209].
[[1,9,2,0,0,0,0,0,0],451,1231].
[[2,9,2,1,2,1,2,3,1],98,165].
[[3,5,0,1,2,1,1,2,1],124,3].
[[1,8,1,0,0,0,2,2,1],401,118].
[[2,8,1,0,0,0,2,2,1],297,87].
[[3,8,1,0,0,0,2,2,1],93,37].
[[1,8,1,1,2,1,2,2,2],205,52].
[[2,8,1,1,2,1,1,1,2],60,16].
[[1,9,2,0,0,0,1,1,2],128,84].
[[2,9,2,1,2,1,1,1,2],52,66].
[[3,9,2,1,2,1,1,1,2],11,57].
[[1,9,2,0,0,0,2,3,1],352,487].
[[3,5,0,1,2,1,1,1,1],296,27].
[[2,8,0,1,2,1,2,2,1],49,66].
[[3,8,0,1,2,1,2,2,1],55,118].
[[1,9,2,1,2,1,0,0,0],220,474].
[[2,8,0,1,2,1,0,0,0],82,326].
[[1,8,0,0,0,0,0,0,0],555,901].
[[2,8,0,0,0,0,2,2,0],166,212].
[[1,8,0,0,0,0,1,2,2],73,53].
[[2,8,0,1,2,1,1,2,2],124,154].
[[2,8,1,1,2,1,2,1,1],206,77].
[[3,7,2,1,2,1,2,1,1],22,3].
[[1,7,2,1,2,1,2,2,2],18,1].
[[2,7,2,1,2,1,2,2,2],59,7].
[[3,7,2,1,2,1,1,2,2],160,18].
[[1,9,2,1,2,1,2,2,0],294,344].
[[2,8,0,1,2,1,2,2,0],155,204].
[[3,7,1,1,2,1,2,3,1],225,72].
[[2,8,1,0,0,0,1,2,2],302,104].
[[3,8,1,0,0,0,1,2,2],190,70].
[[1,8,1,1,2,0,2,3,1],35,15].
[[2,7,2,1,1,0,2,2,2],1,3].
[[3,7,2,1,1,0,2,2,2],3,5].
[[1,9,2,0,0,0,2,2,2],413,717].
[[2,9,2,0,0,0,2,2,2],69,216].
[[3,8,1,1,2,1,2,2,2],161,49].
[[1,8,1,1,2,0,2,3,2],37,21].
[[2,8,1,1,1,0,1,2,2],2,3].
[[3,8,1,1,1,0,1,2,2],23,17].
[[1,9,2,1,2,1,2,2,1],124,134].
[[2,8,1,1,2,1,1,2,2],249,83].
[[3,8,1,1,2,1,1,2,2],382,119].
[[1,9,2,0,0,0,2,2,0],635,828].
[[2,8,1,0,0,0,1,1,1],109,67].
[[3,8,1,0,0,0,1,1,1],85,54].
[[1,8,1,1,1,1,1,1,0],1,1].
[[2,4,1,1,2,0,1,1,0],5,1].
[[3,4,1,1,2,0,1,1,0],26,7].
[[2,9,2,1,2,1,2,2,0],145,362].
[[3,8,0,1,2,1,1,2,1],102,164].
[[2,8,1,1,2,1,2,2,1],221,79].
[[3,7,1,1,2,1,2,2,1],148,46].
[[3,9,2,1,2,0,1,2,2],33,124].
[[1,6,0,0,0,0,0,0,0],19,22].
[[2,6,0,0,0,0,2,2,2],11,8].
[[3,6,0,1,2,1,2,3,1],10,11].
[[1,9,2,1,2,1,2,3,2],320,386].
[[2,8,0,1,2,1,2,3,2],167,226].
[[3,7,1,1,2,1,2,3,2],261,69].
[[2,9,2,0,0,0,1,1,1],76,60].
[[3,9,2,0,0,0,1,1,1],22,38].
[[2,8,0,0,0,0,2,3,1],87,136].
[[3,8,0,1,2,1,1,2,0],244,252].
[[1,8,1,0,0,0,0,0,0],1339,457].
[[1,7,1,0,0,0,0,0,0],249,72].
[[2,7,1,0,0,0,0,0,0],213,75].
[[3,7,1,0,0,0,2,2,0],33,10].
[[2,9,2,0,0,0,2,2,0],160,350].
[[3,8,0,1,2,1,2,2,0],95,308].
[[1,8,1,1,2,1,2,3,1],215,58].
[[2,8,1,1,1,1,2,2,2],36,13].
[[3,8,1,1,1,1,2,2,1],67,30].
[[3,8,0,0,0,0,2,3,0],55,190].
[[3,8,1,0,0,0,2,3,2],100,38].
[[1,8,1,0,0,0,1,2,1],190,75].
[[2,8,1,1,2,1,1,2,1],241,77].
[[3,7,1,1,2,1,1,2,1],179,20].
[[1,8,0,1,2,1,0,0,0],223,281].
[[1,9,2,1,2,1,1,1,0],33,52].
[[2,9,2,1,1,1,1,2,1],51,40].
[[3,8,1,1,1,1,1,2,1],123,61].
[[2,9,2,1,2,1,1,1,0],55,140].
[[3,9,2,1,1,1,1,1,0],21,78].
[[2,9,2,0,0,0,1,1,0],56,139].
[[3,5,0,0,0,0,1,1,1],126,8].
[[3,7,2,1,2,1,2,2,0],17,1].
[[1,8,0,0,0,0,2,3,1],73,91].
[[2,8,0,1,2,0,1,2,1],3,6].
[[3,8,0,1,2,0,1,2,1],29,55].
[[1,9,2,1,1,1,1,2,0],14,10].
[[2,9,2,1,1,1,1,2,0],71,71].
[[3,8,1,0,0,0,1,2,0],134,19].
[[2,8,1,0,0,0,2,2,0],151,27].
[[3,8,1,1,2,0,1,1,0],34,10].
[[1,8,1,1,2,0,0,0,0],76,47].
[[2,8,1,1,2,0,2,1,0],6,15].
[[3,8,1,1,2,0,2,3,1],84,43].
[[1,8,1,0,0,0,1,2,2],240,69].
[[2,5,0,1,2,1,1,1,2],64,3].
[[3,5,0,1,2,1,1,1,2],147,5].
[[2,9,2,1,2,1,1,2,2],280,394].
[[2,8,1,1,2,1,2,3,2],333,94].
[[2,8,1,0,0,0,2,2,2],321,87].
[[1,9,2,1,2,0,2,2,1],9,13].
[[2,8,1,1,1,0,2,2,1],9,6].
[[3,8,1,1,1,0,2,3,2],10,16].
[[1,8,1,1,2,1,1,2,1],65,23].
[[2,5,0,0,0,0,1,1,1],114,7].
[[1,7,2,0,0,0,2,3,2],103,14].
[[2,7,2,1,2,0,2,3,2],29,14].
[[3,7,2,1,1,0,1,2,2],11,7].
[[1,5,0,0,0,0,2,2,0],39,4].
[[2,5,0,0,0,0,2,2,0],68,4].
[[3,5,0,0,0,0,2,2,0],46,1].
[[2,9,2,1,1,1,2,2,0],66,60].
[[3,9,2,1,1,1,2,2,0],3,83].
[[2,8,1,0,0,0,2,1,1],255,94].
[[3,8,1,1,2,1,2,1,1],185,113].
[[1,9,2,1,2,1,2,2,2],219,276].
[[3,9,2,0,0,0,1,2,2],44,155].
[[1,6,0,0,0,0,2,1,1],1,0].
[[2,2,0,0,0,0,2,1,1],1,0].
[[3,2,0,1,2,1,1,2,1],1,0].
[[3,8,0,0,0,0,2,2,0],45,132].
[[3,5,0,1,1,1,1,2,0],54,2].
[[3,8,0,1,1,1,2,3,1],26,53].
[[1,9,2,1,2,1,2,1,0],99,116].
[[3,8,0,1,1,1,2,3,0],43,139].
[[2,9,2,1,2,1,2,3,0],209,492].
[[3,9,2,1,2,1,2,3,0],27,265].
[[2,8,1,1,2,1,2,2,2],286,60].
[[3,7,1,1,2,1,2,2,2],182,46].
[[1,8,0,1,2,1,2,3,2],75,73].
[[2,8,0,1,2,1,1,1,1],19,15].
[[3,8,0,1,2,1,1,1,1],46,70].
[[2,9,2,1,2,1,2,2,1],94,153].
[[3,8,1,1,1,1,1,1,2],25,10].
[[1,7,2,0,0,0,0,0,0],223,33].
[[2,7,2,0,0,0,0,0,0],119,11].
[[3,3,2,0,0,0,0,0,0],30,0].
[[1,8,1,1,2,0,2,3,0],10,2].
[[2,8,1,1,2,0,2,3,0],38,23].
[[2,9,2,1,2,1,2,1,1],113,129].
[[3,8,0,1,2,1,2,1,1],83,104].
[[1,8,1,1,2,1,2,3,2],234,52].
[[2,8,1,1,1,1,1,2,2],51,16].
[[3,8,1,1,1,1,1,2,2],125,49].
[[1,8,0,0,0,0,2,3,0],189,154].
[[2,8,0,0,0,0,1,2,0],86,75].
[[3,7,0,0,0,0,1,2,0],5,3].
[[2,8,0,1,2,0,0,0,0],16,54].
[[3,7,1,1,1,0,0,0,0],2,4].
[[2,7,1,1,2,1,2,1,1],46,11].
[[1,8,1,0,0,0,2,2,2],629,188].
[[2,7,1,0,0,0,2,2,2],147,40].
[[3,7,1,0,0,0,2,2,2],99,17].
[[1,8,1,0,0,0,2,3,2],703,255].
[[2,8,1,0,0,0,2,3,2],442,149].
[[1,9,2,0,0,0,1,1,0],65,121].
[[2,8,1,0,0,0,1,1,0],39,18].
[[1,8,0,1,2,1,2,2,0],48,48].
[[2,9,2,1,1,1,2,3,1],35,39].
[[3,4,1,1,2,0,1,2,0],99,14].
[[2,9,2,1,2,0,1,1,0],16,38].
[[3,9,2,1,1,0,1,1,0],1,13].
[[1,9,2,1,2,1,1,2,0],139,133].
[[2,8,1,1,2,1,1,2,0],105,14].
[[3,9,2,1,1,1,2,2,2],1,19].
[[3,9,2,0,0,0,2,2,1],13,22].
[[1,9,2,1,2,1,2,3,1],164,184].
[[3,9,2,1,1,1,1,2,1],52,114].
[[2,8,1,0,0,0,1,2,1],273,98].
[[3,8,1,0,0,0,1,2,1],173,69].
[[3,8,1,1,2,0,1,1,1],50,41].
[[1,8,0,0,0,0,2,2,2],202,223].
[[2,7,0,0,0,0,2,2,2],1,11].
[[3,7,0,0,0,0,1,1,2],2,1].
[[3,5,0,1,1,1,1,1,2],38,2].
[[3,9,2,0,0,0,1,2,1],48,115].
[[1,9,2,1,2,1,2,1,1],99,104].
[[2,8,0,1,2,1,2,1,1],43,53].
[[3,7,0,1,2,1,2,3,2],25,49].
[[2,8,0,1,1,1,2,2,1],8,16].
[[3,7,1,1,1,1,2,2,1],40,14].
[[1,8,1,1,2,1,1,2,2],61,15].
[[3,7,1,1,2,1,1,2,2],186,50].
[[3,7,0,1,2,1,2,2,0],22,35].
[[2,9,2,1,2,0,2,3,2],24,73].
[[3,8,0,1,1,0,2,3,2],2,8].
[[1,8,0,1,2,1,2,3,1],23,29].
[[2,8,0,1,2,1,2,3,1],90,114].
[[3,8,0,1,1,1,1,2,2],63,106].
[[1,8,1,1,2,1,1,1,1],23,11].
[[3,8,1,1,1,1,1,1,1],60,43].
[[2,7,1,1,2,0,2,3,2],19,10].
[[3,7,1,1,2,0,2,3,2],99,26].
[[3,6,1,0,0,0,2,3,1],47,0].
[[1,9,2,1,2,0,0,0,0],13,70].
[[2,9,2,1,1,0,2,2,1],0,6].
[[3,9,2,1,1,0,1,1,1],2,6].
[[2,7,0,0,0,0,0,0,0],22,41].
[[3,7,0,1,2,1,0,0,0],18,73].
[[1,8,0,0,0,0,2,3,2],201,247].
[[2,8,0,0,0,0,2,3,2],141,239].
[[3,9,2,1,2,0,2,3,2],10,22].
[[1,8,0,0,0,0,2,2,1],47,38].
[[3,7,1,1,2,1,1,1,1],59,43].
[[2,8,0,0,0,0,1,1,0],20,33].
[[3,8,0,0,0,0,1,1,0],22,47].
[[1,9,2,1,2,0,2,2,0],22,52].
[[2,9,2,1,2,0,1,2,0],57,85].
[[3,8,0,1,2,0,1,2,0],60,72].
[[2,8,1,1,2,1,2,3,1],347,117].
[[3,8,1,1,1,1,2,3,1],78,44].
[[2,7,1,1,2,0,2,3,1],22,2].
[[1,8,1,0,0,0,2,3,0],269,38].
[[2,8,1,0,0,0,1,2,0],119,23].
[[3,8,1,1,2,0,1,2,0],81,21].
[[3,6,1,1,2,1,2,2,2],44,0].
[[1,6,1,1,2,1,0,0,0],33,1].
[[2,6,1,1,2,1,0,0,0],63,3].
[[3,3,2,1,2,1,0,0,0],28,0].
[[2,5,0,1,2,0,1,1,1],17,2].
[[3,5,0,1,2,0,1,1,1],73,9].
[[2,8,0,0,0,0,0,0,0],118,319].
[[3,8,0,0,0,0,2,3,1],44,69].
[[2,9,2,1,1,1,2,1,0],10,22].
[[3,9,2,1,1,1,2,3,0],11,102].
[[2,8,0,1,1,1,2,3,0],38,35].
[[3,7,1,1,1,1,2,3,1],52,25].
[[3,8,0,1,2,1,2,2,2],70,174].
[[1,9,2,0,0,0,2,1,0],225,289].
[[3,9,2,1,2,1,2,2,1],23,89].
[[1,9,2,1,2,0,2,3,2],25,47].
[[2,9,2,1,2,0,1,2,2],65,106].
[[3,9,2,1,1,0,1,2,2],6,35].
[[3,8,0,1,2,1,2,3,1],88,127].
[[1,8,1,0,0,0,2,2,0],203,29].
[[2,7,1,1,2,1,2,2,0],26,5].
[[3,7,1,1,1,1,1,1,0],10,3].
[[2,9,2,1,1,1,1,1,1],20,20].
[[3,5,0,1,1,1,1,2,2],14,3].
[[1,9,2,0,0,0,1,2,1],177,171].
[[2,9,2,0,0,0,1,2,1],140,209].
[[3,9,2,1,2,1,1,2,1],125,322].
[[2,7,2,0,0,0,2,2,2],96,14].
[[2,6,1,0,0,0,2,3,1],64,0].
[[3,8,0,1,2,1,1,2,2],178,336].
[[3,6,0,1,2,1,1,1,2],2,3].
[[3,6,1,1,2,1,2,3,0],24,2].
[[1,6,1,0,0,0,2,2,0],7,0].
[[2,6,1,0,0,0,1,1,0],4,0].
[[3,3,2,1,2,1,1,2,1],13,0].
[[1,6,1,0,0,0,2,3,0],4,1].
[[2,6,1,1,2,0,2,3,0],1,1].
[[3,6,1,1,1,0,1,2,0],0,1].
[[3,8,1,1,2,1,2,3,1],222,102].
[[1,9,2,1,2,0,1,2,2],24,39].
[[3,8,0,1,2,0,1,2,2],39,107].
[[2,9,2,0,0,0,2,1,1],111,135].
[[3,8,0,0,0,0,2,1,1],25,45].
[[2,7,2,0,0,0,2,3,0],9,0].
[[3,7,2,0,0,0,2,2,1],25,3].
[[1,9,2,0,0,0,2,1,1],227,239].
[[2,9,2,0,0,0,2,1,0],29,83].
[[3,8,1,0,0,0,2,1,1],107,37].
[[1,9,2,1,1,1,2,3,2],29,43].
[[2,9,2,1,1,1,2,3,2],54,57].
[[3,7,2,1,2,0,2,3,2],47,15].
[[2,9,2,1,2,0,1,1,2],4,13].
[[3,6,0,1,2,1,0,0,0],8,40].
[[2,7,1,1,2,0,0,0,0],40,22].
[[3,7,1,1,2,0,2,3,1],65,23].
[[2,8,1,1,2,0,2,3,1],101,50].
[[2,8,0,0,0,0,1,2,2],148,162].
[[3,7,0,1,2,0,1,2,2],6,5].
[[3,8,0,1,2,1,1,1,0],56,120].
[[2,8,0,0,0,0,2,2,2],89,189].
[[3,8,0,0,0,0,2,2,2],17,58].
[[3,7,2,1,2,0,1,2,2],58,15].
[[2,8,0,1,2,1,2,2,2],101,178].
[[1,6,1,0,0,0,2,3,2],47,3].
[[2,6,1,0,0,0,2,3,2],63,5].
[[3,6,1,0,0,0,2,3,2],36,3].
[[1,8,1,1,2,1,1,1,2],27,5].
[[2,8,1,1,1,1,1,1,2],20,4].
[[3,7,1,1,1,1,1,1,2],15,8].
[[3,7,0,0,0,0,0,0,0],5,19].
[[3,8,1,1,2,1,2,2,1],220,70].
[[2,6,0,0,0,0,0,0,0],19,33].
[[3,6,0,0,0,0,0,0,0],3,20].
[[2,7,2,0,0,0,2,3,1],32,2].
[[3,7,2,1,2,1,1,1,0],8,1].
[[3,7,2,1,2,0,2,2,1],22,6].
[[3,7,1,1,2,0,2,2,0],26,9].
[[1,8,1,1,2,1,2,3,0],93,11].
[[2,8,1,1,2,1,2,3,0],174,51].
[[3,8,1,1,2,1,2,3,0],83,45].
[[3,8,1,1,2,1,2,3,2],260,86].
[[1,6,1,0,0,0,0,0,0],230,15].
[[3,3,1,1,2,0,2,3,1],11,0].
[[3,7,1,0,0,0,1,2,2],80,26].
[[2,7,2,0,0,0,2,3,2],113,19].
[[3,7,2,0,0,0,2,3,2],62,7].
[[3,7,0,1,2,1,1,2,2],21,34].
[[1,9,2,1,2,1,1,1,1],29,29].
[[3,8,0,1,2,1,2,1,0],21,81].
[[3,9,2,1,1,1,1,2,0],71,221].
[[3,8,0,1,2,1,0,0,0],0,93].
[[2,6,1,1,2,1,2,3,1],30,1].
[[1,8,1,0,0,0,1,2,0],40,15].
[[2,7,1,1,2,1,1,2,0],11,2].
[[3,7,1,1,2,1,1,2,0],69,6].
[[2,9,2,1,2,0,2,3,0],44,127].
[[2,7,1,0,0,0,2,3,2],144,38].
[[1,8,0,0,0,0,1,2,0],27,23].
[[2,7,1,1,2,1,0,0,0],155,46].
[[3,7,1,1,2,1,0,0,0],69,39].
[[3,8,1,0,0,0,2,2,2],72,19].
[[3,7,1,1,2,0,2,2,1],39,15].
[[2,8,0,0,0,0,2,2,1],51,81].
[[3,8,0,0,0,0,1,2,1],42,88].
[[3,8,1,1,2,1,1,1,0],94,34].
[[2,6,1,1,2,1,2,2,2],24,1].
[[3,3,2,1,2,1,2,2,2],21,0].
[[3,8,0,1,1,1,2,3,2],32,77].
[[3,5,0,1,2,0,1,2,2],12,1].
[[3,8,0,0,0,0,2,2,1],21,50].
[[2,8,1,0,0,0,2,3,0],226,47].
[[3,6,1,0,0,0,2,3,0],20,0].
[[3,8,0,1,1,1,2,2,1],25,46].
[[3,7,1,0,0,0,2,3,1],132,42].
[[3,7,2,1,2,1,2,2,2],89,8].
[[3,7,1,0,0,0,1,1,1],49,15].
[[3,8,0,1,2,0,2,3,1],20,34].
[[3,7,2,1,2,0,2,2,2],51,8].
[[1,9,2,1,1,1,2,3,0],68,33].
[[3,8,1,1,1,1,1,2,0],76,18].
[[3,5,0,1,1,0,2,2,0],4,2].
[[3,5,0,1,1,1,1,1,1],90,13].
[[2,8,0,0,0,0,2,3,0],221,309].
[[3,7,1,1,2,1,2,3,0],110,23].
[[1,8,1,1,1,1,2,2,2],19,5].
[[2,4,1,1,2,0,1,1,2],6,0].
[[3,4,1,1,2,0,1,1,1],58,6].
[[3,8,0,1,2,0,2,3,2],34,64].
[[2,9,2,1,2,1,1,1,1],57,93].
[[2,8,1,1,1,1,2,1,0],15,1].
[[3,8,1,1,2,0,2,3,2],93,33].
[[2,9,2,1,2,1,2,1,0],26,98].
[[3,7,1,0,0,0,2,3,2],121,32].
[[3,7,1,0,0,0,2,1,1],60,25].
[[2,8,1,0,0,0,0,0,0],124,83].
[[3,7,1,0,0,0,0,0,0],36,24].
[[1,8,0,1,2,1,2,1,1],13,7].
[[2,7,1,1,2,1,1,2,2],36,8].
[[3,8,1,0,0,0,2,3,1],104,50].
[[3,8,0,0,0,0,2,1,0],8,33].
[[2,8,1,1,2,0,2,2,1],58,27].
[[3,8,1,1,2,0,2,2,1],70,42].
[[1,8,1,0,0,0,1,1,0],17,2].
[[2,8,1,1,2,1,1,1,0],43,10].
[[3,7,2,0,0,0,1,2,2],72,7].
[[2,7,2,0,0,0,1,2,1],20,1].
[[3,7,2,1,2,1,1,2,1],41,9].
[[1,9,2,0,0,0,1,1,1],61,51].
[[3,9,2,0,0,0,2,2,0],9,79].
[[3,7,1,1,2,1,1,1,0],24,2].
[[3,6,0,1,2,1,2,3,0],18,14].
[[3,7,1,0,0,0,1,2,1],81,16].
[[3,7,0,1,2,0,1,2,0],3,3].
[[3,8,0,1,1,1,1,2,1],29,61].
[[1,6,1,0,0,0,2,2,1],19,2].
[[2,6,1,0,0,0,1,1,1],5,0].
[[3,6,1,1,2,1,1,1,1],15,2].
[[2,9,2,0,0,0,1,1,2],45,76].
[[3,8,1,1,2,1,1,1,2],76,19].
[[1,8,0,1,2,1,2,2,2],62,64].
[[2,7,1,1,2,1,2,2,2],92,22].
[[3,7,1,1,1,1,2,2,2],48,19].
[[2,8,1,1,1,1,2,2,1],50,17].
[[2,8,1,0,0,0,1,1,2],64,22].
[[3,8,1,0,0,0,1,1,2],35,20].
[[3,8,0,1,2,1,2,3,2],103,225].
[[1,9,2,1,2,0,2,3,0],30,58].
[[2,8,1,1,1,0,2,3,0],1,2].
[[3,8,1,1,1,0,2,3,0],4,10].
[[3,8,0,0,0,0,2,3,2],41,103].
[[3,8,0,1,1,1,2,2,2],14,55].
[[3,4,1,1,2,0,2,2,0],58,3].
[[2,7,2,1,2,1,2,3,1],28,2].
[[3,7,2,1,1,1,2,3,1],16,2].
[[3,6,0,1,2,1,2,2,1],5,6].
[[2,5,0,1,2,1,1,1,0],7,0].
[[3,5,0,1,2,1,1,1,0],21,1].
[[3,7,2,1,2,1,2,3,1],62,3].
[[1,9,2,1,2,0,2,2,2],14,33].
[[2,9,2,1,2,0,2,2,2],11,54].
[[3,8,0,1,2,0,2,2,2],10,53].
[[2,8,1,1,2,0,1,2,1],66,31].
[[3,8,1,1,1,0,1,2,1],27,30].
[[2,8,1,1,1,1,1,2,1],45,24].
[[2,8,1,1,2,0,2,3,2],119,54].
[[3,7,0,1,1,1,2,2,2],4,15].
[[3,7,2,1,2,1,2,2,1],29,2].
[[3,9,2,1,2,1,2,2,0],20,193].
[[3,6,1,1,2,1,1,2,2],45,2].
[[1,8,0,1,2,1,2,3,0],61,50].
[[2,8,1,1,1,1,2,3,0],35,9].
[[2,9,2,1,2,1,2,2,2],77,205].
[[3,9,2,0,0,0,2,3,0],14,119].
[[2,5,0,1,2,1,1,2,0],55,5].
[[1,5,0,1,2,1,2,2,0],17,0].
[[2,5,0,1,1,1,2,2,0],11,0].
[[3,5,0,1,1,1,2,2,0],27,1].
[[3,6,1,1,2,1,2,3,1],50,3].
[[2,8,0,1,2,0,2,3,2],20,33].
[[3,7,0,1,2,0,2,3,2],2,5].
[[3,8,1,1,2,0,1,2,1],149,65].
[[2,9,2,0,0,0,2,3,1],118,187].
[[1,9,2,1,1,1,2,2,2],29,28].
[[2,4,1,1,2,0,2,2,2],4,2].
[[3,4,1,1,2,0,1,1,2],25,4].
[[3,9,2,1,2,0,1,1,1],15,28].
[[3,8,1,1,1,1,2,3,2],75,28].
[[2,8,0,1,1,1,1,2,0],10,7].
[[3,7,1,1,1,1,1,2,0],24,5].
[[2,5,0,1,2,0,2,2,0],12,4].
[[3,5,0,1,1,0,1,2,0],6,0].
[[2,8,1,1,2,1,2,1,0],65,19].
[[3,7,1,1,1,1,2,1,0],7,3].
[[3,7,0,1,1,1,1,2,0],2,7].
[[2,7,1,0,0,0,1,2,0],10,0].
[[3,7,1,0,0,0,1,2,0],36,0].
[[2,8,0,1,1,1,1,2,2],25,23].
[[3,7,0,0,0,0,2,3,1],6,10].
[[3,8,0,1,1,1,2,2,0],23,103].
[[2,8,0,1,2,1,1,2,0],90,82].
[[2,7,0,0,0,0,2,2,0],6,5].
[[3,7,0,0,0,0,2,2,0],3,19].
[[1,8,1,1,2,1,2,1,0],45,7].
[[3,8,1,1,1,1,2,3,0],23,15].
[[2,7,1,1,2,1,2,3,1],80,15].
[[3,3,1,1,2,1,2,3,1],25,0].
[[1,8,1,1,1,1,2,3,2],26,8].
[[3,8,0,0,0,0,0,0,0],0,49].
[[2,9,2,0,0,0,0,0,0],21,149].
[[1,9,2,1,1,1,2,2,0],36,21].
[[2,8,0,1,1,1,2,2,0],21,25].
[[3,8,0,1,1,1,1,1,0],15,36].
[[3,8,1,1,2,0,2,2,2],62,27].
[[2,9,2,1,1,1,2,3,0],61,105].
[[3,9,2,1,2,1,2,1,0],0,36].
[[3,8,0,1,2,0,2,3,0],32,121].
[[3,3,1,0,0,0,2,2,2],16,1].
[[2,8,1,1,2,0,2,1,1],47,26].
[[3,6,1,1,2,0,2,1,1],20,3].
[[3,7,0,1,1,1,2,3,1],8,7].
[[2,8,0,0,0,0,2,1,1],44,48].
[[3,7,0,1,2,1,2,1,1],3,8].
[[2,8,0,1,2,1,2,1,0],59,74].
[[3,9,2,1,2,1,1,1,1],55,119].
[[1,8,1,1,1,1,0,0,0],35,6].
[[2,4,1,1,2,0,2,2,1],5,0].
[[3,4,1,1,2,0,1,2,2],93,10].
[[3,9,2,1,2,1,2,2,2],8,33].
[[2,7,0,0,0,0,1,2,2],3,0].
[[2,7,1,1,2,1,2,3,2],97,25].
[[3,7,1,1,1,1,2,3,2],64,15].
[[1,8,1,1,2,1,1,2,0],15,7].
[[2,7,2,1,2,1,1,2,0],2,1].
[[3,7,2,1,1,1,1,2,0],5,2].
[[3,9,2,1,2,0,2,3,0],9,87].
[[1,9,2,1,1,1,1,2,2],37,19].
[[2,5,0,1,1,1,1,1,2],13,0].
[[2,8,0,1,2,0,2,3,0],25,45].
[[2,8,0,0,0,0,1,2,1],43,53].
[[3,7,0,0,0,0,1,2,1],1,4].
[[1,9,2,1,1,1,0,0,0],45,46].
[[3,8,1,0,0,0,1,1,0],32,22].
[[1,9,2,1,2,1,1,1,2],56,48].
[[3,9,2,1,2,0,2,1,1],13,28].
[[3,9,2,1,1,1,2,1,0],1,9].
[[2,8,0,1,2,1,1,1,2],27,31].
[[3,8,0,1,2,1,1,1,2],30,80].
[[2,7,2,1,2,1,2,3,2],68,10].
[[3,7,2,1,1,1,1,1,1],5,3].
[[2,6,1,1,2,1,1,2,1],9,1].
[[3,6,1,1,2,1,1,2,1],41,1].
[[2,5,0,1,1,1,1,1,1],19,2].
[[1,9,2,1,1,1,1,1,2],9,7].
[[2,9,2,1,1,1,1,1,2],15,14].
[[3,9,2,1,1,1,1,1,2],4,25].
[[3,6,0,0,0,0,2,3,0],10,10].
[[1,7,2,0,0,0,2,3,0],4,0].
[[3,7,2,0,0,0,2,3,1],27,3].
[[3,8,1,1,2,0,1,2,2],145,77].
[[2,6,1,1,2,1,2,2,1],22,1].
[[3,3,1,1,2,1,2,2,1],14,0].
[[3,9,2,1,2,1,2,1,1],55,83].
[[3,6,1,1,2,1,2,2,1],54,1].
[[3,9,2,1,2,0,1,2,1],28,85].
[[3,7,0,0,0,0,2,3,0],16,32].
[[2,9,2,1,1,1,2,2,1],27,23].
[[2,8,0,1,2,0,1,2,2],12,24].
[[2,7,1,0,0,0,1,2,1],32,14].
[[2,7,0,1,2,1,0,0,0],22,29].
[[1,8,1,1,1,1,2,1,1],6,2].
[[2,8,1,1,1,1,1,1,1],21,7].
[[2,7,1,0,0,0,2,2,1],72,18].
[[3,9,2,1,1,0,1,2,0],5,35].
[[3,7,2,1,2,1,2,3,2],158,12].
[[2,5,0,0,0,0,2,3,0],14,0].
[[3,5,0,0,0,0,1,2,0],76,1].
[[3,5,0,1,2,1,1,2,0],156,1].
[[2,9,2,1,1,1,1,1,0],22,32].
[[2,8,0,1,1,1,2,2,2],20,34].
[[2,5,0,0,0,0,1,2,0],45,3].
[[3,6,1,1,1,1,2,3,1],19,3].
[[2,3,2,0,0,0,0,0,0],55,0].
[[2,8,1,1,2,0,2,2,2],69,40].
[[2,6,0,0,0,0,2,2,1],0,1].
[[3,3,1,0,0,0,2,2,1],9,2].
[[2,7,1,1,2,0,2,2,0],6,1].
[[3,7,1,1,2,0,1,2,0],27,3].
[[2,8,0,1,1,1,2,3,2],25,36].
[[3,4,1,1,2,0,2,3,2],37,7].
[[2,7,1,1,2,1,2,3,0],44,4].
[[2,7,1,1,2,1,1,1,1],12,2].
[[2,6,1,1,2,1,2,3,2],31,5].
[[3,6,1,1,2,1,2,3,2],54,2].
[[1,7,1,0,0,0,2,3,1],32,6].
[[3,7,1,0,0,0,1,1,2],13,4].
[[1,8,1,0,0,0,2,1,0],86,14].
[[3,7,2,0,0,0,1,1,0],6,0].
[[2,8,1,1,2,0,1,2,0],19,10].
[[3,8,1,1,2,1,2,2,0],39,27].
[[3,7,1,0,0,0,2,2,1],77,21].
[[2,7,1,0,0,0,2,2,0],34,5].
[[2,8,0,0,0,0,1,1,1],11,7].
[[3,8,0,1,2,0,1,1,1],13,19].
[[1,8,1,1,2,1,2,2,0],69,7].
[[3,7,0,1,2,1,2,3,0],36,55].
[[3,8,1,1,1,1,2,1,1],59,34].
[[2,8,1,1,2,0,1,2,2],84,31].
[[3,9,2,1,2,1,2,3,2],14,75].
[[3,9,2,1,2,0,1,2,0],60,160].
[[2,8,0,1,1,1,0,0,0],24,31].
[[2,3,1,1,2,1,0,0,0],16,1].
[[3,8,0,1,2,0,2,2,0],27,74].
[[2,9,2,1,2,0,2,2,1],12,33].
[[1,7,2,0,0,0,2,2,2],87,9].
[[2,7,2,1,2,0,1,2,2],19,7].
[[3,7,1,1,2,1,2,2,0],67,28].
[[3,5,0,1,2,0,1,2,0],48,1].
[[3,7,2,1,1,1,2,2,1],8,2].
[[2,8,0,1,1,1,2,3,1],16,13].
[[3,5,0,0,0,0,1,1,2],62,3].
[[3,7,1,1,2,0,0,0,0],27,16].
[[2,9,2,1,2,0,2,2,0],28,99].
[[3,9,2,1,2,0,2,2,0],8,63].
[[2,8,0,0,0,0,1,1,2],39,30].
[[3,8,0,0,0,0,1,1,2],17,34].
[[1,8,0,1,2,1,2,1,0],18,17].
[[2,6,0,1,2,1,2,1,0],0,2].
[[3,2,0,1,2,1,2,1,0],0,1].
[[1,9,2,1,1,1,2,1,0],12,12].
[[2,8,0,1,1,1,2,1,0],9,12].
[[3,8,0,1,1,1,2,1,0],2,23].
[[3,9,2,0,0,0,2,3,2],6,20].
[[2,6,1,0,0,0,0,0,0],119,5].
[[3,6,1,0,0,0,2,2,1],17,1].
[[3,5,0,1,2,0,2,2,0],30,5].
[[3,9,2,1,2,1,0,0,0],0,11].
[[3,5,0,0,0,0,1,2,1],52,0].
[[1,8,0,0,0,0,2,1,1],33,25].
[[2,8,0,1,2,0,2,1,1],5,10].
[[3,8,0,1,2,0,2,1,1],15,23].
[[3,8,1,1,2,0,1,1,2],16,7].
[[3,8,1,1,1,1,2,1,0],7,4].
[[3,7,1,1,2,0,2,2,2],70,23].
[[2,8,0,1,2,1,1,2,1],33,36].
[[2,8,1,1,2,1,0,0,0],94,58].
[[3,9,2,1,1,0,2,2,0],0,20].
[[2,8,1,1,2,1,2,2,0],115,40].
[[3,4,1,1,2,0,0,0,0],4,0].
[[3,8,1,1,2,1,0,0,0],1,9].
[[3,9,2,0,0,0,2,1,1],16,36].
[[3,3,1,1,1,1,0,0,0],6,1].
[[1,8,1,1,2,0,2,2,2],41,9].
[[2,7,1,1,2,0,2,2,2],25,3].
[[3,7,1,1,1,0,2,3,1],7,7].
[[3,4,1,1,2,0,2,3,0],47,8].
[[3,8,1,0,0,0,2,3,0],34,16].
[[2,8,0,1,2,0,2,3,1],13,18].
[[3,9,2,0,0,0,2,2,2],0,11].
[[3,8,0,1,1,1,1,2,0],87,85].
[[2,9,2,1,1,1,2,2,2],24,47].
[[1,7,1,0,0,0,1,1,2],2,1].
[[2,7,1,1,2,1,1,1,2],7,3].
[[3,7,1,1,2,1,1,1,2],41,9].
[[2,8,0,1,2,0,2,2,0],25,26].
[[3,5,0,1,2,0,1,1,0],8,2].
[[3,7,1,1,2,0,1,2,1],47,15].
[[2,7,1,1,1,1,2,2,2],8,3].
[[3,6,1,1,1,1,1,2,1],11,1].
[[3,7,2,1,2,0,1,1,1],14,7].
[[1,7,2,0,0,0,2,3,1],14,1].
[[3,9,2,1,1,1,1,1,1],14,39].
[[1,8,1,1,1,1,2,2,0],12,1].
[[2,7,1,1,1,1,2,2,0],7,0].
[[3,9,2,1,1,1,2,3,1],5,23].
[[2,8,0,1,1,1,2,1,1],7,8].
[[3,8,0,1,1,1,2,1,1],22,39].
[[3,7,1,0,0,0,1,1,0],11,0].
[[3,7,1,1,1,1,1,2,2],46,20].
[[2,9,2,1,1,1,2,1,1],33,35].
[[2,7,1,0,0,0,2,3,0],46,6].
[[3,7,1,0,0,0,2,3,0],43,9].
[[3,7,0,1,1,1,2,3,2],7,8].
[[3,9,2,0,0,0,2,1,0],1,12].
[[3,8,1,1,2,0,2,2,0],18,5].
[[2,3,2,0,0,0,2,3,1],4,0].
[[3,3,2,0,0,0,2,3,1],9,0].
[[2,7,2,0,0,0,1,1,2],15,8].
[[3,3,2,0,0,0,1,1,2],5,0].
[[2,8,0,1,2,0,2,1,0],9,13].
[[3,7,2,1,2,0,2,3,1],23,6].
[[3,5,0,1,2,1,2,3,0],17,0].
[[1,8,1,1,1,1,2,3,1],18,9].
[[2,7,2,1,1,1,1,2,2],9,2].
[[3,7,2,1,1,1,1,2,2],37,6].
[[3,9,2,1,1,0,1,2,1],7,16].
[[2,7,2,1,2,1,1,2,1],10,2].
[[3,9,2,0,0,0,2,3,1],14,23].
[[3,7,0,1,2,0,2,3,0],6,9].
[[3,7,1,1,1,1,2,2,0],22,3].
[[3,7,2,0,0,0,0,0,0],21,0].
[[3,7,0,1,2,1,2,3,1],15,22].
[[2,8,1,1,1,0,2,3,2],5,7].
[[2,8,1,0,0,0,2,1,0],71,17].
[[3,8,1,1,2,0,2,1,1],69,40].
[[2,8,1,1,1,1,0,0,0],15,13].
[[3,4,1,1,2,0,2,3,1],38,1].
[[2,8,1,1,1,1,1,2,0],28,5].
[[3,7,0,1,2,1,2,2,2],14,29].
[[2,7,1,1,2,0,2,2,1],6,4].
[[3,7,1,1,1,0,1,1,1],1,4].
[[3,3,1,1,2,1,2,2,0],15,0].
[[2,8,0,1,1,1,1,1,0],5,4].
[[3,7,0,0,0,0,2,1,0],4,3].
[[1,7,1,0,0,0,2,3,0],7,3].
[[2,7,1,1,2,0,2,3,0],10,3].
[[3,7,1,1,2,0,2,3,0],33,14].
[[3,9,2,1,1,1,2,1,1],21,40].
[[2,9,2,1,1,1,0,0,0],9,31].
[[3,6,1,1,2,1,0,0,0],18,1].
[[2,7,2,0,0,0,2,1,1],16,0].
[[3,7,2,0,0,0,2,1,1],16,1].
[[2,8,0,1,2,0,2,2,1],7,9].
[[3,8,0,1,2,0,2,2,1],17,37].
[[3,7,2,0,0,0,1,2,1],27,3].
[[3,5,0,1,1,1,1,1,0],11,1].
[[2,3,2,0,0,0,2,2,2],16,0].
[[3,3,2,1,2,0,1,1,2],2,0].
[[3,7,1,1,2,0,2,1,0],13,6].
[[3,2,1,1,2,1,2,2,1],1,0].
[[3,3,1,1,2,0,0,0,0],14,1].
[[2,7,0,1,2,1,2,3,0],9,8].
[[3,7,0,1,2,1,1,2,0],22,7].
[[3,7,0,1,2,0,0,0,0],3,17].
[[1,8,0,0,0,0,1,2,1],4,5].
[[2,3,1,0,0,0,2,3,2],9,0].
[[3,3,1,1,2,0,2,3,2],7,0].
[[2,7,1,1,1,1,1,2,1],4,2].
[[3,7,1,1,1,1,1,2,1],35,13].
[[2,6,1,0,0,0,2,2,2],53,4].
[[3,3,2,0,0,0,2,2,2],21,1].
[[3,7,2,1,1,0,2,3,0],1,1].
[[1,8,1,1,1,1,2,2,1],13,3].
[[3,4,1,1,2,0,2,2,1],20,4].
[[1,9,2,1,2,0,1,2,0],8,15].
[[2,6,1,0,0,0,2,2,1],46,0].
[[3,6,1,1,2,0,2,2,1],16,0].
[[2,5,0,0,0,0,1,1,2],63,5].
[[1,7,2,1,2,1,0,0,0],44,5].
[[3,7,2,1,1,1,2,2,2],17,2].
[[3,5,0,1,2,0,2,3,0],4,0].
[[1,7,1,0,0,0,2,1,1],16,6].
[[2,7,1,0,0,0,2,1,1],50,15].
[[3,3,1,1,2,1,2,1,1],10,2].
[[3,8,0,1,1,1,1,1,2],6,28].
[[3,7,2,0,0,0,1,1,2],17,6].
[[3,7,1,1,2,0,1,2,2],63,19].
[[2,8,1,1,1,1,1,1,0],6,4].
[[3,8,1,1,1,1,1,1,0],21,14].
[[3,5,0,1,1,0,1,2,1],3,1].
[[3,3,2,0,0,0,2,3,2],25,0].
[[1,5,0,0,0,0,1,1,1],50,5].
[[2,5,0,1,2,1,1,1,1],91,14].
[[3,7,0,1,2,0,2,1,0],0,6].
[[1,5,0,1,2,1,1,1,2],14,2].
[[1,6,0,0,0,0,2,3,2],3,2].
[[2,6,0,1,2,1,2,3,2],3,8].
[[3,6,0,1,2,1,2,3,2],15,23].
[[2,7,1,0,0,0,1,1,1],11,8].
[[3,9,2,1,2,1,2,3,1],16,68].
[[3,6,1,1,2,1,2,1,1],23,0].
[[2,9,2,1,2,0,2,3,1],20,48].
[[1,6,1,1,2,1,2,3,1],7,0].
[[3,6,0,1,2,0,2,2,0],1,8].
[[1,3,2,0,0,0,2,3,1],1,0].
[[3,3,1,1,2,0,2,2,2],8,0].
[[3,7,2,0,0,0,2,1,0],5,0].
[[3,5,0,1,2,1,2,2,0],90,2].
[[1,7,1,1,2,1,2,1,1],8,0].
[[3,8,1,1,1,0,2,1,1],16,11].
[[2,4,1,1,2,0,2,2,0],16,2].
[[2,9,2,1,2,0,0,0,0],4,38].
[[2,8,1,1,1,1,2,3,2],66,14].
[[3,8,0,1,2,0,2,1,0],3,22].
[[2,4,1,1,2,0,2,3,0],17,5].
[[2,7,0,0,0,0,2,3,1],5,5].
[[3,7,0,1,2,0,2,3,1],4,10].
[[1,7,1,0,0,0,1,2,1],8,1].
[[2,7,1,1,2,1,1,2,1],24,11].
[[3,7,1,1,1,1,1,1,1],20,7].
[[2,8,1,1,1,1,2,2,0],25,4].
[[3,3,1,0,0,0,1,2,1],8,0].
[[3,3,1,0,0,0,0,0,0],37,0].
[[3,5,0,1,2,0,1,2,1],36,4].
[[2,9,2,1,2,0,2,1,1],24,28].
[[2,7,2,1,2,0,0,0,0],33,12].
[[1,7,1,0,0,0,2,3,2],44,11].
[[2,8,1,1,1,1,2,3,1],80,21].
[[3,9,2,1,1,1,2,3,2],8,24].
[[2,6,1,1,2,1,2,3,0],10,1].
[[3,5,0,1,1,1,2,3,0],6,0].
[[2,9,2,1,2,1,0,0,0],10,108].
[[1,7,2,0,0,0,1,1,2],6,1].
[[2,5,0,1,2,1,1,2,1],28,2].
[[3,5,0,0,0,0,1,1,0],8,1].
[[2,7,2,0,0,0,2,2,1],26,0].
[[3,7,1,0,0,0,2,1,0],24,11].
[[3,6,1,1,2,0,2,3,2],22,2].
[[3,3,1,1,1,1,2,2,2],4,0].
[[2,3,1,0,0,0,0,0,0],31,1].
[[3,7,1,1,1,0,2,3,2],8,6].
[[3,8,1,1,1,1,2,2,0],14,7].
[[1,5,0,0,0,0,2,3,0],7,0].
[[3,7,1,1,2,1,2,1,0],38,8].
[[3,8,1,1,1,1,2,2,2],58,9].
[[1,7,1,0,0,0,2,2,2],50,8].
[[2,7,1,1,2,0,1,2,1],6,2].
[[3,6,0,0,0,0,2,3,2],5,8].
[[3,6,0,1,2,0,0,0,0],2,5].
[[1,8,0,1,2,1,1,2,2],23,16].
[[3,8,1,0,0,0,2,2,0],13,10].
[[3,8,0,1,2,0,1,1,2],7,17].
[[2,4,1,1,2,0,0,0,0],5,0].
[[2,6,1,1,2,0,0,0,0],17,6].
[[3,3,2,1,2,0,2,2,2],14,0].
[[2,7,1,1,2,1,2,2,1],61,15].
[[3,9,2,1,2,0,1,1,0],14,78].
[[3,7,0,1,1,1,2,2,0],6,12].
[[1,9,2,1,2,0,2,1,1],10,9].
[[2,6,0,1,2,1,0,0,0],16,23].
[[3,6,0,1,2,1,2,2,2],15,20].
[[1,7,1,1,2,1,0,0,0],50,16].
[[2,7,1,1,1,1,0,0,0],23,5].
[[3,7,2,1,1,1,2,2,0],2,0].
[[2,7,2,1,2,0,1,1,1],2,6].
[[3,7,2,1,1,0,1,1,1],2,8].
[[3,4,0,1,2,0,2,2,1],0,4].
[[3,8,0,1,1,0,1,2,0],6,16].
[[2,9,2,1,1,0,2,2,0],0,6].
[[2,7,1,1,1,1,2,3,1],8,4].
[[2,8,1,1,1,1,2,1,1],48,14].
[[3,7,2,1,1,1,2,1,1],5,2].
[[3,7,1,1,2,0,2,1,1],38,13].
[[2,6,0,0,0,0,2,1,1],0,4].
[[3,6,0,0,0,0,2,1,1],3,4].
[[3,7,0,1,2,1,1,1,2],6,5].
[[2,7,0,0,0,0,2,2,1],5,2].
[[2,8,0,1,2,0,2,2,2],11,25].
[[2,4,1,1,2,0,1,2,0],9,2].
[[3,3,1,1,2,1,0,0,0],41,3].
[[1,8,1,1,1,1,2,3,0],7,4].
[[1,9,2,1,2,0,2,1,0],7,17].
[[2,9,2,1,1,0,2,3,0],0,11].
[[3,4,0,1,2,0,2,1,1],0,2].
[[3,9,2,1,1,0,2,3,2],0,6].
[[2,6,0,0,0,0,2,3,0],7,6].
[[3,6,0,0,0,0,1,2,0],3,2].
[[1,7,2,1,2,1,2,1,0],2,0].
[[2,7,2,1,2,1,2,1,0],5,0].
[[2,5,0,1,2,1,1,2,2],10,1].
[[3,6,1,0,0,0,2,1,1],25,1].
[[3,8,0,0,0,0,1,1,1],17,18].
[[2,8,0,1,2,0,1,2,0],13,7].
[[3,6,0,1,2,0,1,2,0],2,0].
[[2,9,2,1,2,0,1,2,1],33,49].
[[2,7,1,0,0,0,1,2,2],49,13].
[[3,4,1,1,2,0,2,1,1],35,6].
[[3,7,0,1,2,1,1,1,0],6,3].
[[2,7,0,1,2,1,2,2,2],5,10].
[[3,7,0,1,1,1,1,2,2],6,10].
[[2,5,0,1,2,1,2,2,0],50,0].
[[3,9,2,1,2,0,2,1,0],0,12].
[[3,7,0,1,1,1,0,0,0],0,13].
[[3,7,2,1,2,1,1,1,2],26,10].
[[3,7,1,1,1,0,1,2,2],4,1].
[[1,8,0,0,0,0,1,1,0],4,4].
[[3,8,1,1,1,0,2,3,1],11,11].
[[3,7,2,1,2,0,1,1,2],7,7].
[[2,8,1,1,2,0,2,2,0],38,11].
[[3,6,1,1,2,0,2,2,0],7,1].
[[1,8,1,1,1,1,1,1,2],6,0].
[[2,1,1,1,2,0,1,1,1],1,0].
[[3,1,1,1,2,0,1,1,1],3,0].
[[3,3,1,1,2,1,2,1,0],4,0].
[[2,9,2,1,2,0,1,1,1],10,25].
[[3,7,1,1,1,0,1,2,1],3,3].
[[2,7,2,0,0,0,1,2,2],78,15].
[[1,7,1,1,2,1,2,1,0],3,0].
[[2,7,1,1,2,1,2,1,0],21,0].
[[1,2,1,0,0,0,0,0,0],8,0].
[[2,2,1,0,0,0,0,0,0],8,0].
[[3,2,1,1,2,1,2,3,0],1,0].
[[3,6,0,1,2,0,2,3,1],2,5].
[[3,6,1,0,0,0,1,1,2],4,2].
[[3,7,2,1,2,0,2,2,0],6,3].
[[1,7,2,1,2,1,2,2,1],1,1].
[[3,9,2,1,2,0,1,1,2],5,20].
[[3,3,1,0,0,0,2,1,1],12,1].
[[1,8,1,1,2,0,1,1,2],4,1].
[[2,7,1,1,2,0,1,1,2],1,1].
[[1,7,2,0,0,0,1,2,2],42,6].
[[2,3,2,0,0,0,1,2,2],5,0].
[[3,8,1,1,2,0,2,1,0],5,5].
[[3,3,2,1,2,0,0,0,0],16,1].
[[2,6,1,0,0,0,2,1,1],29,0].
[[1,8,0,1,2,1,2,2,1],17,23].
[[2,7,0,1,2,1,2,2,1],1,7].
[[3,7,0,1,2,1,2,2,1],10,15].
[[1,9,2,1,2,0,1,1,0],5,6].
[[3,7,1,1,2,0,1,1,0],7,0].
[[2,7,1,1,1,1,2,3,2],12,5].
[[2,3,2,1,2,1,2,3,2],5,0].
[[3,3,2,1,2,1,2,3,2],25,0].
[[2,9,2,1,1,0,1,2,2],2,8].
[[3,8,0,1,1,0,1,2,2],3,15].
[[1,8,0,0,0,0,1,1,2],15,11].
[[2,6,1,0,0,0,2,3,0],15,0].
[[3,6,1,1,2,0,1,2,0],4,1].
[[3,8,0,1,1,1,0,0,0],0,35].
[[1,8,1,1,1,1,1,2,1],7,5].
[[3,4,1,1,2,0,1,2,1],79,10].
[[1,5,0,0,0,0,1,1,2],29,3].
[[3,7,0,1,2,1,2,1,0],9,19].
[[2,5,0,0,0,0,1,2,1],32,2].
[[3,6,1,1,1,1,1,2,2],10,1].
[[1,7,2,0,0,0,2,2,0],7,1].
[[2,3,2,1,2,0,2,2,0],1,0].
[[3,3,2,1,1,0,2,1,1],1,0].
[[3,7,1,1,1,1,2,1,1],37,15].
[[2,3,2,1,2,1,0,0,0],17,0].
[[3,3,1,1,2,1,2,3,0],7,1].
[[2,9,2,1,1,0,1,1,2],0,3].
[[3,8,0,1,1,0,1,1,2],0,2].
[[3,6,1,0,0,0,2,2,0],12,0].
[[3,7,2,1,1,1,2,1,0],1,1].
[[1,7,1,0,0,0,2,2,1],21,6].
[[2,3,1,0,0,0,2,2,1],3,1].
[[3,3,1,1,2,0,2,2,1],6,0].
[[1,7,1,1,2,1,2,3,2],16,3].
[[2,7,2,1,2,0,2,2,2],29,7].
[[3,7,0,1,1,1,2,2,1],2,3].
[[2,8,1,1,1,0,2,2,2],4,3].
[[3,7,1,1,1,0,2,2,2],10,5].
[[3,3,2,0,0,0,1,2,2],12,0].
[[2,9,2,1,2,0,2,1,0],9,27].
[[3,8,0,1,1,0,2,1,0],1,4].
[[1,6,1,0,0,0,2,1,0],6,1].
[[3,6,1,0,0,0,1,1,0],4,0].
[[1,6,1,1,2,1,2,3,2],7,1].
[[2,3,1,1,2,1,2,3,2],2,0].
[[3,3,1,1,1,1,2,3,2],5,0].
[[2,5,0,1,1,1,2,3,0],1,0].
[[3,8,1,1,2,0,2,3,0],31,22].
[[3,3,1,0,0,0,2,3,2],15,2].
[[3,7,1,1,1,0,1,2,0],2,2].
[[2,7,2,1,2,1,2,2,1],17,5].
[[3,6,1,1,1,1,1,1,1],3,1].
[[3,8,1,1,1,0,1,1,0],6,6].
[[1,8,0,1,2,1,1,1,2],3,6].
[[2,8,0,1,1,1,1,1,2],4,7].
[[1,3,2,0,0,0,0,0,0],25,0].
[[3,6,0,0,0,0,2,2,0],6,14].
[[3,8,1,1,1,0,2,2,1],9,19].
[[2,5,0,1,1,1,1,2,0],12,1].
[[2,7,1,1,1,1,1,1,0],1,0].
[[2,4,1,1,2,0,2,3,1],8,1].
[[3,9,2,0,0,0,1,1,2],7,30].
[[2,7,0,1,2,1,2,3,1],1,3].
[[3,9,2,1,1,0,2,3,0],1,23].
[[2,8,0,1,2,1,1,1,0],21,26].
[[3,7,0,1,1,1,1,1,0],0,4].
[[3,7,2,1,1,1,0,0,0],5,1].
[[3,5,0,1,2,1,1,2,2],32,1].
[[3,7,0,0,0,0,1,2,2],13,11].
[[3,8,0,1,1,0,2,2,0],1,11].
[[2,7,2,1,1,1,2,2,2],11,1].
[[2,3,2,1,2,0,0,0,0],6,1].
[[1,8,1,1,2,0,1,2,2],7,4].
[[2,7,2,1,2,1,1,2,2],45,7].
[[2,8,1,1,2,0,0,0,0],36,24].
[[3,8,0,1,1,1,1,1,1],15,28].
[[3,7,0,1,2,0,2,1,1],4,1].
[[1,9,2,1,1,1,2,3,1],13,13].
[[3,5,0,1,1,1,1,2,1],21,3].
[[3,9,2,1,2,0,2,3,1],2,23].
[[1,8,0,1,2,1,1,2,0],13,6].
[[3,6,0,1,2,1,1,1,0],2,2].
[[3,5,0,1,2,0,1,1,2],38,2].
[[3,6,1,0,0,0,2,1,0],7,0].
[[2,7,2,0,0,0,1,1,1],8,3].
[[3,7,2,0,0,0,1,1,1],9,4].
[[2,5,0,1,2,0,1,1,2],19,1].
[[3,5,0,1,1,0,1,1,2],8,1].
[[3,3,2,0,0,0,2,3,0],1,0].
[[1,6,1,0,0,0,2,3,1],29,0].
[[2,6,1,0,0,0,1,2,1],15,1].
[[3,6,1,0,0,0,1,2,1],27,0].
[[3,7,0,0,0,0,2,3,2],15,14].
[[3,7,0,0,0,0,2,2,2],7,12].
[[1,8,1,1,2,0,2,2,0],5,3].
[[2,6,1,1,2,0,2,2,0],2,1].
[[3,3,2,1,1,1,2,2,2],2,0].
[[3,9,2,1,1,1,2,2,1],10,21].
[[2,7,0,1,2,1,2,3,2],6,7].
[[3,3,0,1,2,1,2,3,2],0,2].
[[2,6,0,0,0,0,2,3,2],2,10].
[[3,5,0,0,0,0,2,3,0],11,0].
[[2,7,2,1,2,0,1,2,1],3,1].
[[3,7,2,1,2,0,1,2,1],29,3].
[[3,3,1,0,0,0,1,2,2],8,0].
[[1,5,0,1,1,1,1,2,0],1,0].
[[3,7,0,0,0,0,2,1,1],2,5].
[[3,6,1,1,2,0,2,3,1],23,1].
[[3,6,1,1,1,0,0,0,0],1,1].
[[1,8,1,1,2,1,1,1,0],5,1].
[[2,7,1,1,2,1,1,1,0],1,0].
[[2,7,0,0,0,0,2,3,0],9,8].
[[3,4,1,1,2,0,2,2,2],20,7].
[[3,8,1,1,1,0,2,2,2],8,9].
[[3,6,1,1,1,1,2,2,0],6,1].
[[3,7,2,1,2,0,0,0,0],17,5].
[[3,8,1,1,1,0,2,1,0],1,3].
[[2,3,2,1,2,1,2,2,0],2,0].
[[3,3,2,1,1,1,2,2,1],2,0].
[[2,5,0,1,2,0,1,2,1],8,0].
[[3,6,1,1,2,1,2,2,0],23,1].
[[1,9,2,1,1,1,1,2,1],17,5].
[[3,6,0,1,2,1,1,2,0],10,6].
[[1,7,2,1,2,1,2,3,2],18,3].
[[2,3,1,0,0,0,2,1,1],5,0].
[[3,3,1,1,2,1,1,1,1],5,0].
[[3,5,0,0,0,0,1,2,2],13,0].
[[3,6,1,1,2,0,1,2,2],16,1].
[[2,8,1,1,2,0,1,1,2],17,6].
[[3,7,1,1,1,1,0,0,0],15,16].
[[3,7,2,1,1,1,2,3,2],31,2].
[[1,9,2,1,2,0,2,3,1],14,18].
[[2,7,1,1,2,0,2,1,1],6,5].
[[3,7,1,1,1,0,2,1,1],5,8].
[[2,6,1,1,1,1,1,2,1],3,0].
[[2,7,1,1,1,1,1,1,1],3,1].
[[3,3,1,1,1,1,1,1,1],2,0].
[[2,4,1,1,2,0,2,1,0],7,1].
[[3,4,1,1,2,0,2,1,0],10,2].
[[1,8,1,1,2,0,2,2,1],20,13].
[[3,8,1,1,1,0,1,1,2],2,8].
[[2,6,1,0,0,0,2,1,0],11,0].
[[1,7,1,1,2,1,2,3,1],6,1].
[[3,6,1,1,2,1,1,2,0],15,0].
[[3,6,1,1,1,1,2,2,2],8,0].
[[2,4,1,1,2,0,1,2,2],20,3].
[[2,6,0,0,0,0,1,2,2],5,4].
[[3,3,1,1,2,0,1,2,2],2,0].
[[1,6,1,0,0,0,1,2,1],6,0].
[[2,3,1,0,0,0,1,2,1],3,0].
[[3,3,2,1,2,0,1,2,1],2,0].
[[3,6,0,1,2,0,1,1,2],0,2].
[[3,7,0,1,2,0,1,1,2],0,1].
[[3,8,0,1,1,0,2,3,0],1,15].
[[2,6,1,0,0,0,2,2,0],20,0].
[[2,6,1,1,2,0,2,3,2],10,1].
[[3,6,1,1,1,0,2,3,2],1,2].
[[3,3,1,1,2,1,2,3,2],26,1].
[[3,6,0,1,2,1,1,2,2],6,13].
[[2,8,1,1,1,0,2,2,0],1,6].
[[3,8,1,1,1,0,1,2,0],11,11].
[[3,6,1,0,0,0,2,2,2],27,0].
[[1,9,2,1,1,1,2,1,1],14,7].
[[1,7,2,0,0,0,1,1,1],0,3].
[[2,7,2,1,2,0,2,2,1],8,3].
[[2,3,2,1,2,0,2,3,1],2,0].
[[3,3,2,1,2,0,2,3,1],1,0].
[[2,6,0,0,0,0,2,3,1],7,4].
[[3,6,0,0,0,0,1,2,1],1,4].
[[3,7,1,1,2,0,1,1,1],13,12].
[[3,6,1,0,0,0,1,2,2],23,1].
[[2,7,2,1,1,1,2,3,1],2,1].
[[3,7,2,1,1,1,1,2,1],16,1].
[[3,7,2,1,2,1,2,3,0],19,1].
[[3,6,0,1,1,1,1,2,2],4,2].
[[3,9,2,1,2,0,2,2,1],6,28].
[[3,7,1,1,1,0,2,3,0],1,2].
[[3,7,1,1,1,0,2,2,0],1,3].
[[3,8,1,0,0,0,2,1,0],2,6].
[[3,5,0,1,1,0,1,1,1],6,10].
[[2,7,0,0,0,0,2,3,2],12,8].
[[3,7,0,1,2,0,1,2,1],0,2].
[[1,6,1,0,0,0,2,1,1],16,1].
[[2,3,1,0,0,0,2,3,1],5,0].
[[3,6,1,1,1,1,2,2,1],7,1].
[[3,7,2,1,2,0,2,1,1],12,5].
[[3,3,1,1,2,1,1,2,2],4,0].
[[2,7,0,1,2,1,2,2,0],6,1].
[[3,7,1,1,1,1,2,3,0],24,8].
[[3,6,0,0,0,0,1,2,2],4,5].
[[1,8,1,1,2,0,1,2,1],9,4].
[[1,5,0,0,0,0,1,2,0],9,2].
[[3,8,1,1,2,1,2,1,0],18,9].
[[2,7,0,0,0,0,2,1,1],3,0].
[[3,7,0,0,0,0,1,1,1],2,1].
[[3,8,1,1,1,0,2,2,0],0,7].
[[3,6,0,1,2,1,2,1,0],5,9].
[[1,9,2,1,2,0,1,1,2],5,2].
[[2,8,0,1,2,0,1,1,2],6,2].
[[2,6,1,1,2,1,2,1,1],15,0].
[[3,3,2,1,2,1,2,1,1],2,0].
[[2,9,2,1,1,0,1,2,0],1,8].
[[2,4,1,1,2,0,1,2,1],9,4].
[[2,7,1,1,1,1,1,2,2],3,0].
[[3,6,1,1,2,0,0,0,0],9,2].
[[3,3,2,1,2,1,1,1,1],4,0].
[[1,8,1,1,2,0,1,1,1],5,5].
[[2,8,1,1,1,0,1,1,1],0,3].
[[3,4,0,1,2,0,1,1,1],0,1].
[[1,6,1,1,2,1,2,2,2],3,0].
[[2,3,2,1,2,1,2,2,2],3,0].
[[3,6,0,0,0,0,2,2,2],3,10].
[[3,2,1,0,0,0,0,0,0],5,0].
[[2,7,1,0,0,0,2,1,0],29,2].
[[1,9,2,1,1,1,1,1,0],2,5].
[[2,8,1,1,2,0,1,1,0],11,5].
[[2,7,0,0,0,0,2,1,0],3,2].
[[3,8,1,1,1,0,1,1,1],11,12].
[[2,7,1,1,1,1,2,2,1],6,1].
[[2,5,0,1,2,0,1,2,0],9,1].
[[2,6,0,1,2,1,2,3,0],8,3].
[[3,6,1,1,1,0,2,2,0],1,1].
[[3,9,2,1,1,0,2,2,1],1,7].
[[2,7,2,1,1,0,2,2,1],0,1].
[[3,7,2,1,1,0,2,2,1],3,1].
[[3,2,1,1,2,1,2,1,0],1,0].
[[3,7,2,1,2,0,2,1,0],4,0].
[[2,6,0,1,2,1,2,2,0],4,3].
[[2,6,1,0,0,0,1,2,2],20,2].
[[2,9,2,1,1,0,2,3,1],1,4].
[[3,8,0,1,1,0,2,3,1],1,8].
[[3,7,2,1,1,0,2,3,2],15,9].
[[1,8,1,1,1,1,2,1,0],3,0].
[[2,7,1,1,1,1,2,1,0],3,0].
[[2,6,1,1,2,1,2,2,0],8,0].
[[2,6,1,1,2,0,1,1,1],1,0].
[[2,6,0,0,0,0,2,2,0],5,3].
[[2,7,2,1,2,0,2,1,0],1,0].
[[2,8,1,1,1,0,1,2,1],3,4].
[[3,6,1,1,2,1,1,1,2],4,1].
[[3,6,0,1,1,1,2,3,2],3,3].
[[2,4,1,1,2,0,2,3,2],10,1].
[[2,3,2,1,2,1,1,2,2],2,0].
[[3,3,2,1,1,1,1,2,2],5,0].
[[2,7,2,1,2,1,1,1,2],8,2].
[[3,2,1,1,2,0,2,2,1],2,0].
[[3,7,0,0,0,0,2,2,1],1,3].
[[3,9,2,1,1,0,1,1,2],0,5].
[[3,8,0,1,2,0,0,0,0],0,23].
[[2,7,2,1,2,0,1,2,0],1,1].
[[3,7,2,1,1,0,1,2,0],1,4].
[[1,7,2,1,2,0,2,3,2],6,0].
[[2,2,0,0,0,0,0,0,0],1,0].
[[3,2,0,0,0,0,2,3,0],1,1].
[[3,8,1,1,1,1,0,0,0],0,4].
[[2,6,1,1,2,1,2,1,0],5,2].
[[3,9,2,1,1,0,2,1,0],0,4].
[[1,7,2,0,0,0,2,1,1],12,1].
[[2,7,2,1,1,1,2,3,2],16,0].
[[1,5,0,0,0,0,1,2,1],4,0].
[[2,6,1,1,2,1,1,2,0],4,0].
[[3,3,2,1,2,1,2,3,1],10,0].
[[2,3,2,1,2,0,2,3,2],1,0].
[[3,6,1,1,1,1,1,1,0],1,0].
[[1,7,2,0,0,0,2,2,1],13,0].
[[1,7,2,1,2,0,0,0,0],16,4].
[[2,6,0,1,2,1,1,2,2],3,0].
[[1,5,0,1,2,0,2,2,0],2,1].
[[2,3,1,0,0,0,2,2,2],5,0].
[[1,5,0,1,2,1,1,1,1],9,1].
[[3,8,0,1,1,0,1,2,1],1,5].
[[2,6,1,1,1,1,2,3,2],4,1].
[[3,6,1,1,1,1,2,3,2],13,3].
[[1,6,1,1,2,1,2,2,1],1,0].
[[3,3,2,1,2,0,2,3,2],11,0].
[[3,2,1,0,0,0,2,2,1],2,0].
[[3,6,0,1,2,1,2,2,0],12,13].
[[2,8,1,1,1,0,2,1,0],1,2].
[[3,7,0,1,1,1,2,1,0],2,3].
[[3,7,0,1,1,1,2,3,0],6,11].
[[2,2,1,1,2,1,0,0,0],2,0].
[[3,2,1,1,1,1,2,3,1],1,0].
[[2,7,2,1,2,0,2,3,1],7,3].
[[3,6,1,0,0,0,0,0,0],10,1].
[[2,6,1,1,2,0,2,3,1],7,0].
[[3,6,1,1,1,0,2,3,1],2,0].
[[2,8,0,1,1,1,1,1,1],1,3].
[[3,7,0,1,2,0,2,2,0],1,6].
[[3,7,2,1,2,1,1,2,0],12,0].
[[2,7,2,1,1,1,0,0,0],6,0].
[[2,6,1,1,2,0,1,2,1],2,1].
[[3,3,1,1,2,1,1,2,1],8,0].
[[3,6,1,1,2,0,1,1,0],3,2].
[[3,3,2,1,1,1,2,3,2],5,0].
[[3,7,2,1,1,0,2,3,1],2,5].
[[3,6,1,0,0,0,1,2,0],8,0].
[[3,3,1,1,2,0,2,2,0],4,0].
[[2,7,2,0,0,0,2,2,0],5,1].
[[3,7,2,0,0,0,1,2,0],9,0].
[[2,7,1,1,2,0,1,1,1],3,1].
[[3,3,1,1,2,0,1,1,1],1,0].
[[3,3,2,1,2,1,1,2,2],12,0].
[[2,7,2,1,2,1,2,3,0],9,0].
[[1,9,2,1,1,1,2,2,1],17,12].
[[3,6,1,1,1,1,2,1,1],9,1].
[[1,5,0,1,1,1,1,1,2],2,0].
[[2,7,2,1,1,1,1,1,2],2,0].
[[3,7,2,1,1,1,1,1,2],7,2].
[[3,6,1,1,2,0,2,1,0],2,0].
[[1,7,2,1,2,0,2,2,2],5,1].
[[3,6,0,1,1,1,0,0,0],0,8].
[[3,6,1,1,2,0,1,2,1],5,1].
[[2,3,2,1,2,0,1,1,2],1,0].
[[3,3,2,1,1,0,1,1,2],1,0].
[[3,7,0,0,0,0,1,1,0],1,0].
[[3,6,0,1,1,1,2,2,1],1,2].
[[3,7,2,0,0,0,2,2,0],7,0].
[[3,6,0,1,1,1,2,1,0],1,1].
[[2,6,1,1,2,0,2,2,1],5,1].
[[3,6,1,1,1,0,1,1,0],0,1].
[[1,7,2,1,2,1,1,1,2],0,1].
[[2,7,1,1,2,0,1,2,2],3,2].
[[2,3,2,0,0,0,2,1,1],3,0].
[[3,3,2,1,2,0,2,1,1],5,0].
[[3,3,1,0,0,0,2,3,1],16,0].
[[3,6,1,1,1,1,1,1,2],5,0].
[[3,2,1,1,2,1,0,0,0],4,0].
[[3,6,1,1,2,0,2,3,0],10,0].
[[2,3,2,0,0,0,2,3,0],1,0].
[[3,6,0,0,0,0,1,1,2],0,3].
[[1,7,1,1,2,1,2,2,2],10,6].
[[3,3,1,1,2,1,2,2,2],25,0].
[[3,7,0,1,2,1,1,1,1],1,3].
[[3,9,2,1,1,0,2,1,1],2,6].
[[1,8,1,1,1,1,1,2,2],4,2].
[[1,6,0,0,0,0,2,3,0],4,1].
[[2,9,2,1,1,0,2,3,2],1,5].
[[3,7,0,1,2,0,2,2,2],2,4].
[[2,5,0,0,0,0,1,2,2],4,0].
[[2,8,1,1,1,0,2,3,1],4,3].
[[3,7,0,1,1,1,1,1,1],1,1].
[[2,6,1,1,2,1,1,2,2],11,0].
[[2,9,2,1,1,0,2,2,2],2,1].
[[3,9,2,1,1,0,2,3,1],2,1].
[[2,6,1,1,2,0,2,2,2],9,1].
[[3,7,0,1,2,1,1,2,1],10,7].
[[3,6,0,0,0,0,2,1,0],1,3].
[[2,7,1,1,2,0,2,1,0],2,0].
[[2,7,2,1,2,0,2,1,1],6,3].
[[1,7,2,1,2,1,1,1,1],1,0].
[[2,7,2,1,2,1,1,1,1],5,0].
[[3,6,0,0,0,0,2,3,1],3,5].
[[2,7,0,1,2,1,2,1,0],1,3].
[[3,3,1,1,1,1,1,2,2],3,0].
[[3,6,1,1,2,1,2,1,0],12,0].
[[3,7,1,1,1,0,2,1,0],0,2].
[[1,8,1,1,2,0,2,1,0],4,2].
[[2,9,2,1,1,0,1,1,0],1,2].
[[3,8,0,1,1,0,1,1,0],0,5].
[[2,7,0,1,2,1,1,2,2],1,3].
[[3,2,1,0,0,0,2,1,0],2,0].
[[3,6,1,0,0,0,1,1,1],8,3].
[[3,6,0,1,2,0,2,3,0],1,3].
[[2,6,1,1,1,1,2,2,2],3,0].
[[1,8,0,0,0,0,1,1,1],3,4].
[[2,7,0,0,0,0,1,1,1],0,2].
[[2,7,2,1,1,0,0,0,0],3,1].
[[3,7,2,1,1,0,2,2,0],0,1].
[[3,3,1,0,0,0,1,1,1],2,0].
[[3,8,0,1,1,0,2,2,1],1,2].
[[3,3,2,1,1,1,0,0,0],1,0].
[[1,8,1,1,1,1,1,1,1],1,3].
[[1,5,0,1,1,1,1,1,1],3,1].
[[2,4,1,1,2,0,1,1,1],9,1].
[[3,3,2,1,2,0,2,3,0],2,0].
[[3,8,0,1,1,0,2,2,2],1,5].
[[2,6,1,1,1,1,2,3,1],1,1].
[[1,7,2,1,2,0,1,2,2],2,1].
[[2,7,2,1,1,0,1,2,2],3,3].
[[2,7,1,1,1,1,2,1,1],5,2].
[[1,9,2,1,2,0,1,1,1],4,4].
[[2,7,2,1,2,1,2,1,1],5,0].
[[3,2,1,0,0,0,2,3,1],2,0].
[[1,7,2,1,2,0,2,3,1],2,1].
[[3,7,0,1,2,0,2,2,1],4,2].
[[3,7,1,1,1,0,2,2,1],4,2].
[[3,6,0,1,2,1,1,2,1],1,5].
[[2,9,2,1,1,0,1,2,1],1,4].
[[2,6,1,1,2,1,1,1,1],4,0].
[[2,8,0,1,1,1,1,2,1],3,5].
[[3,7,0,1,1,1,1,2,1],0,1].
[[3,3,1,1,1,1,1,2,1],1,0].
[[3,8,1,0,0,0,0,0,0],0,5].
[[1,7,2,0,0,0,1,2,1],5,1].
[[3,6,0,1,1,1,2,3,0],1,5].
[[1,7,1,1,2,1,2,3,0],3,1].
[[3,6,1,1,2,1,1,1,0],7,0].
[[3,7,2,1,2,0,1,1,0],2,1].
[[3,7,2,1,1,0,2,1,0],2,1].
[[3,9,2,1,1,1,0,0,0],0,5].
[[2,2,1,0,0,0,2,3,2],1,0].
[[3,2,1,0,0,0,2,3,2],1,0].
[[2,5,0,0,0,0,1,1,0],3,0].
[[1,3,2,0,0,0,2,3,2],4,0].
[[2,3,2,0,0,0,2,3,2],16,0].
[[2,7,1,1,2,0,1,2,0],1,1].
[[1,5,0,1,2,1,1,2,0],4,0].
[[2,7,2,1,1,1,1,2,1],1,0].
[[3,7,2,1,2,0,2,3,0],9,2].
[[2,6,1,1,2,0,1,2,2],3,0].
[[3,6,1,1,1,0,1,2,2],3,0].
[[3,6,0,1,1,1,2,2,0],2,4].
[[3,3,2,0,0,0,2,2,1],4,0].
[[3,9,2,1,2,0,0,0,0],0,2].
[[2,7,2,1,2,1,2,2,0],3,0].
[[3,3,2,1,2,1,2,2,0],2,0].
[[2,6,1,1,2,0,2,1,1],6,1].
[[3,6,1,1,1,1,1,2,0],3,0].
[[1,6,0,0,0,0,2,1,0],0,3].
[[2,6,0,0,0,0,2,1,0],0,1].
[[3,2,1,1,2,1,2,3,2],3,0].
[[3,3,2,1,2,1,2,2,1],4,0].
[[2,3,2,0,0,0,2,2,1],3,0].
[[3,6,0,1,1,1,1,2,0],0,1].
[[1,7,2,1,2,1,2,3,0],2,0].
[[3,7,2,1,1,1,2,3,0],4,1].
[[2,4,1,1,2,0,2,1,1],4,0].
[[3,6,0,1,2,0,2,1,0],1,0].
[[3,3,2,1,2,0,1,2,2],5,0].
[[2,6,0,1,2,1,2,2,2],3,6].
[[3,6,1,1,2,0,1,1,2],4,0].
[[3,6,0,1,2,0,2,2,2],1,1].
[[3,3,1,0,0,0,2,2,0],1,0].
[[3,6,0,1,2,0,2,3,2],0,5].
[[1,6,1,1,2,1,2,1,1],2,0].
[[1,7,1,0,0,0,2,2,0],5,2].
[[3,3,1,1,1,1,2,1,1],3,0].
[[1,7,1,0,0,0,2,1,0],8,0].
[[2,6,0,1,2,1,2,3,1],1,2].
[[1,5,0,1,2,0,1,2,0],2,0].
[[3,6,0,1,2,1,2,1,1],2,2].
[[2,7,2,1,1,0,2,3,2],5,1].
[[3,8,1,1,2,0,0,0,0],1,6].
[[3,4,0,1,2,0,1,2,1],0,3].
[[2,9,2,1,1,0,2,1,0],1,3].
[[2,7,2,0,0,0,1,1,0],2,0].
[[3,7,0,1,2,0,1,1,1],2,2].
[[3,3,1,1,2,1,1,2,0],6,0].
[[3,7,2,1,1,0,1,1,2],4,5].
[[3,8,0,1,1,0,2,1,1],0,2].
[[2,7,1,1,1,1,1,1,2],0,1].
[[3,7,0,1,1,1,1,1,2],2,1].
[[3,6,1,1,2,0,2,2,2],15,1].
[[3,6,1,1,1,0,2,1,1],2,0].
[[2,3,1,0,0,0,2,3,0],2,0].
[[3,3,1,0,0,0,2,3,0],1,0].
[[1,7,2,1,2,1,2,3,1],1,0].
[[2,6,0,1,2,1,2,1,1],0,2].
[[3,7,2,1,1,0,0,0,0],5,2].
[[1,7,1,0,0,0,1,1,1],1,0].
[[3,3,1,1,1,1,2,2,1],2,0].
[[2,5,0,1,2,1,2,3,0],5,0].
[[3,5,0,1,1,0,1,2,2],2,0].
[[3,2,1,0,0,0,1,2,1],1,0].
[[3,7,2,1,1,0,1,2,1],1,2].
[[2,7,2,1,2,0,2,3,0],3,0].
[[3,3,2,1,1,0,2,3,0],2,0].
[[3,9,2,1,2,0,2,2,2],1,9].
[[2,5,0,1,2,0,2,3,0],2,1].
[[3,9,2,1,1,0,0,0,0],0,1].
[[2,6,0,1,2,1,2,2,1],2,2].
[[3,2,0,1,2,1,2,2,1],0,1].
[[3,8,0,1,1,0,0,0,0],0,5].
[[3,9,2,0,0,0,0,0,0],0,3].
[[2,8,1,1,1,0,1,1,2],2,0].
[[3,6,1,1,1,1,2,3,0],2,0].
[[3,7,2,0,0,0,2,3,0],10,0].
[[1,8,1,1,1,1,1,2,0],1,0].
[[2,6,1,0,0,0,1,2,0],3,1].
[[3,3,1,1,2,0,1,2,0],2,0].
[[1,7,2,1,2,1,1,2,2],5,1].
[[3,7,2,1,2,1,2,1,0],4,1].
[[2,7,1,1,1,1,2,3,0],2,1].
[[3,3,1,1,1,1,2,3,0],2,0].
[[3,3,1,1,2,0,2,1,1],1,0].
[[2,2,1,0,0,0,2,2,2],3,0].
[[3,2,1,0,0,0,1,2,2],1,0].
[[2,3,1,1,2,1,2,2,2],1,0].
[[2,3,1,1,2,1,1,2,1],1,0].
[[2,7,2,0,0,0,1,2,0],3,0].
[[2,3,1,1,2,1,2,3,1],2,0].
[[3,3,1,1,1,1,2,3,1],6,0].
[[2,7,2,1,2,0,2,2,0],1,0].
[[3,6,0,0,0,0,2,2,1],1,2].
[[2,6,1,1,1,1,1,1,2],2,0].
[[1,8,0,1,2,1,1,1,0],2,1].
[[2,7,2,1,1,0,2,3,0],1,0].
[[2,8,0,1,2,0,1,1,1],2,2].
[[1,3,2,0,0,0,1,2,2],2,0].
[[2,3,2,0,0,0,1,2,1],3,0].
[[3,6,0,1,2,0,1,2,2],1,4].
[[1,6,0,0,0,0,2,2,2],6,2].
[[1,6,0,0,0,0,2,2,0],1,0].
[[3,6,0,1,2,0,2,2,1],1,1].
[[3,2,1,0,0,0,2,2,2],3,0].
[[3,6,0,1,1,1,1,2,1],1,0].
[[2,6,1,1,2,0,2,1,0],2,0].
[[2,6,1,1,1,1,2,1,1],1,0].
[[1,8,0,1,2,1,1,2,1],0,1].
[[3,3,2,0,0,0,1,2,1],2,0].
[[3,3,0,1,2,1,0,0,0],0,1].
[[3,3,2,0,0,0,2,1,1],2,0].
[[3,8,0,1,1,0,1,1,1],0,2].
[[3,6,0,1,2,1,1,1,1],1,2].
[[3,3,2,0,0,0,1,1,1],2,0].
[[3,2,1,1,1,1,2,2,1],1,0].
[[2,2,1,0,0,0,2,2,1],1,0].
[[1,9,2,1,1,1,1,1,1],3,2].
[[3,3,1,1,2,0,1,2,1],1,0].
[[1,7,2,1,2,0,1,1,2],0,3].
[[2,7,2,1,2,0,1,1,2],2,3].
[[2,8,1,1,1,0,1,1,0],0,1].
[[3,7,2,1,2,0,1,2,0],5,0].
[[3,7,0,1,1,1,2,1,1],2,0].
[[1,8,1,1,2,0,1,1,0],1,0].
[[2,8,1,1,1,0,0,0,0],1,3].
[[2,5,0,1,2,0,1,1,0],1,0].
[[2,7,2,1,1,1,2,2,1],1,0].
[[1,9,2,1,2,0,1,2,1],2,4].
[[3,5,0,1,1,0,2,3,0],1,1].
[[2,3,2,1,2,0,2,2,2],2,0].
[[2,9,2,1,1,0,1,1,1],2,0].
[[2,6,1,1,1,1,2,2,1],2,0].
[[2,6,1,1,1,1,2,3,0],2,0].
[[1,6,1,1,2,1,2,3,0],1,0].
[[3,3,2,1,2,1,2,3,0],3,0].
[[3,6,0,1,2,0,2,1,1],2,0].
[[3,6,1,1,1,1,0,0,0],4,0].
[[1,7,1,1,2,1,2,2,0],0,1].
[[2,6,0,1,2,1,1,2,0],0,1].
[[3,6,0,1,1,1,1,1,0],0,1].
[[3,7,1,1,1,0,1,1,2],2,0].
[[2,7,2,1,1,0,1,1,2],0,1].
[[3,3,1,1,2,0,2,3,0],1,0].
[[2,5,0,1,1,0,1,2,0],1,0].
[[2,7,0,1,2,1,1,2,0],1,0].
[[1,7,1,1,2,1,2,2,1],3,0].
[[1,6,1,1,2,1,1,1,2],1,0].
[[2,5,0,1,1,1,1,2,1],1,0].
[[1,6,1,1,2,1,2,2,0],3,0].
[[3,8,1,1,1,0,0,0,0],0,1].
[[1,7,2,1,2,0,1,1,1],0,1].
[[2,7,2,1,1,0,1,1,1],0,2].
[[3,6,0,0,0,0,1,1,0],2,2].
[[1,3,2,0,0,0,2,2,2],4,0].
[[3,6,1,1,1,0,1,2,1],0,1].
[[2,7,2,1,1,1,2,1,1],1,0].
[[3,6,1,1,1,0,2,1,0],1,0].
[[1,2,1,0,0,0,2,3,1],1,0].
[[2,2,1,0,0,0,2,3,1],1,0].
[[3,2,1,1,2,1,1,2,1],1,0].
[[1,7,2,1,2,0,2,1,1],0,1].
[[2,7,0,0,0,0,1,1,2],1,0].
[[3,4,0,1,2,0,2,3,2],0,1].
[[3,3,2,1,2,1,1,1,2],1,0].
[[3,6,1,1,1,1,2,1,0],1,0].
[[3,1,1,1,2,0,1,2,0],1,0].
[[2,6,1,1,1,1,2,2,0],1,0].
[[3,2,0,0,0,0,0,0,0],1,0].
[[2,6,1,1,1,1,0,0,0],3,0].
[[1,8,0,1,2,1,1,1,1],1,1].
[[3,9,2,1,1,0,2,2,2],0,3].
[[2,3,2,0,0,0,1,1,2],1,0].
[[2,9,2,1,1,0,2,1,1],0,2].
[[3,3,2,1,2,1,2,1,0],1,0].
[[2,6,1,1,1,1,1,1,1],1,0].
[[3,3,2,1,1,0,2,3,1],1,0].
[[2,2,1,1,2,1,2,2,2],1,0].
[[3,2,1,1,2,1,2,2,2],1,0].
[[3,4,0,1,2,0,1,2,0],0,1].
[[3,6,1,1,1,0,2,3,0],1,1].
[[1,5,0,1,2,1,1,2,1],2,0].
[[3,6,1,1,1,0,1,1,1],1,0].
[[2,2,0,0,0,0,2,2,2],1,0].
[[3,2,0,0,0,0,2,2,2],1,0].
[[1,6,1,0,0,0,1,1,1],3,0].
[[3,6,0,1,1,1,1,1,2],0,1].
[[1,5,0,1,2,0,1,1,1],1,0].
[[3,3,0,1,2,1,2,2,2],0,1].
[[2,5,0,1,1,0,1,1,2],1,0].
[[2,6,0,1,2,1,1,1,0],1,0].
[[3,6,0,1,1,1,2,2,2],1,0].
[[2,6,1,0,0,0,1,1,2],0,1].
[[3,3,1,1,2,0,1,1,2],0,1].
[[1,8,1,1,2,0,1,2,0],0,1].
[[2,8,1,1,1,0,1,2,0],0,1].
[[2,7,2,1,1,1,2,3,0],0,1].
[[3,5,0,1,1,0,1,1,0],0,1].
[[2,6,0,0,0,0,1,2,1],0,1].
[[2,5,0,1,1,0,2,2,0],0,1].
[[3,4,0,1,2,0,2,2,0],0,1].
[[3,3,1,0,0,0,1,1,0],1,0].
[[2,3,2,0,0,0,1,1,1],1,0].
[[3,3,2,1,2,0,1,1,1],1,0].
[[3,3,2,1,2,0,2,2,1],1,0].
[[2,7,2,0,0,0,2,1,0],1,0].
[[3,4,0,1,2,0,2,3,1],0,1].
[[1,5,0,1,1,1,2,2,0],1,0].
[[2,5,0,1,1,1,1,1,0],1,0].
[[3,6,1,1,1,0,1,1,2],0,1].
[[3,3,2,1,1,0,2,3,2],1,0].
[[3,3,1,0,0,0,1,2,0],1,0].
[[3,2,1,1,2,0,0,0,0],1,0].
[[2,3,1,0,0,0,1,1,1],1,0].
[[1,7,1,0,0,0,1,2,2],0,1].
[[2,5,0,1,2,0,1,2,2],1,0].
[[3,2,1,1,2,0,2,1,0],1,0].
[[3,3,1,0,0,0,2,1,0],1,0].
[[3,3,1,1,2,1,1,1,0],1,0].
[[2,7,1,0,0,0,1,1,0],1,0].
[[3,6,1,1,1,0,2,2,1],1,0].
