total_WL(4433,7341).
[[1,7,1,1,2,2,0,0,0],36,23].
[[2,7,1,1,1,2,2,3,2],3,4].
[[3,7,1,1,1,2,2,3,2],12,12].
[[1,7,2,1,2,2,2,2,2],6,1].
[[2,7,2,1,2,2,2,2,2],20,4].
[[3,7,2,1,1,2,2,2,2],7,2].
[[1,8,1,1,2,2,2,3,0],77,42].
[[2,8,1,1,2,2,2,3,0],131,112].
[[3,6,1,1,2,2,2,3,0],20,1].
[[1,9,2,1,1,2,0,0,0],50,50].
[[2,9,2,1,1,2,0,0,0],4,10].
[[3,4,2,1,2,0,2,2,0],69,3].
[[1,9,2,1,2,2,2,1,2],31,173].
[[2,8,1,1,2,2,2,1,2],49,57].
[[3,7,1,1,1,2,2,1,2],26,9].
[[1,8,1,1,2,2,2,3,1],71,46].
[[2,8,1,1,2,2,2,3,1],42,71].
[[3,8,1,1,2,2,2,2,0],48,89].
[[1,8,0,1,1,2,0,0,0],39,31].
[[2,8,0,1,1,2,2,1,2],14,29].
[[3,8,0,1,1,2,2,3,2],0,10].
[[1,9,2,0,0,0,0,0,0],39,248].
[[2,9,1,1,2,2,2,3,0],25,216].
[[3,5,0,1,2,2,1,1,0],17,10].
[[1,5,0,1,2,2,2,3,0],15,1].
[[2,5,0,1,2,2,2,3,0],23,0].
[[3,5,0,1,2,2,2,3,0],29,1].
[[1,9,2,0,0,0,2,3,1],14,97].
[[2,9,2,1,2,2,1,1,2],18,86].
[[3,8,1,1,2,2,1,1,2],52,65].
[[2,5,0,1,2,2,1,2,0],18,2].
[[3,5,0,1,2,2,1,2,0],52,5].
[[1,9,2,1,2,2,2,2,0],60,249].
[[2,9,1,1,1,2,1,1,0],8,35].
[[3,9,0,1,1,2,1,1,0],0,66].
[[1,9,2,1,2,2,1,2,0],30,88].
[[2,9,2,1,2,2,1,1,0],1,20].
[[3,9,1,1,2,2,1,2,0],0,89].
[[1,9,2,1,2,2,2,3,0],114,357].
[[2,8,1,1,2,2,1,1,2],57,37].
[[3,8,1,1,1,0,1,1,2],4,11].
[[1,8,1,0,0,0,2,2,1],53,32].
[[2,8,1,0,0,0,2,2,1],13,18].
[[3,8,1,1,2,0,2,3,0],20,64].
[[1,9,2,0,0,0,2,3,0],102,335].
[[2,9,1,0,0,0,2,3,0],9,105].
[[3,9,1,1,2,0,2,3,0],0,18].
[[1,8,1,0,0,0,2,3,2],69,46].
[[2,8,1,1,2,2,1,2,2],100,75].
[[3,7,1,1,2,2,1,2,2],51,20].
[[2,8,1,1,2,0,1,2,1],15,6].
[[3,8,1,1,1,0,1,2,1],4,8].
[[1,8,1,1,2,2,2,2,2],89,72].
[[2,8,1,1,2,2,2,2,2],51,64].
[[2,8,1,1,2,0,0,0,0],0,10].
[[3,7,1,1,2,2,0,0,0],14,27].
[[1,9,2,1,1,2,1,2,2],36,38].
[[2,9,1,1,1,2,1,2,2],13,41].
[[3,4,2,1,2,0,1,2,0],137,11].
[[1,9,2,0,0,0,2,2,0],54,223].
[[2,9,1,1,2,2,2,2,0],8,172].
[[3,9,0,1,2,2,1,1,0],0,80].
[[3,8,0,1,2,2,2,3,0],0,219].
[[1,8,1,1,2,2,2,2,1],35,10].
[[3,7,1,1,2,2,2,3,0],83,49].
[[1,9,2,1,1,2,2,3,0],79,71].
[[2,8,1,1,1,2,2,3,0],39,18].
[[3,4,2,1,2,0,2,3,0],104,11].
[[1,9,2,1,2,2,0,0,0],56,254].
[[2,9,2,1,2,2,0,0,0],6,35].
[[3,8,0,1,2,2,0,0,0],0,27].
[[2,8,1,1,1,2,2,2,0],38,21].
[[3,7,1,1,1,2,2,2,0],27,15].
[[2,6,1,0,0,0,2,2,1],10,0].
[[3,2,1,0,0,0,2,2,1],3,0].
[[1,9,2,0,0,0,1,2,2],36,152].
[[2,9,2,1,2,2,1,2,2],13,96].
[[3,9,1,1,2,2,1,2,2],0,78].
[[1,8,1,0,0,0,2,2,2],108,92].
[[2,8,1,0,0,0,2,2,2],27,38].
[[3,7,2,1,2,0,2,2,2],13,3].
[[2,8,1,1,1,2,1,2,2],38,17].
[[3,4,2,1,2,0,1,2,2],76,7].
[[1,8,1,1,2,2,2,2,0],52,24].
[[2,8,1,1,1,2,1,1,0],5,3].
[[3,4,2,1,2,0,1,1,0],62,4].
[[1,8,1,1,2,2,2,3,2],61,42].
[[1,9,2,0,0,0,1,1,2],59,97].
[[2,9,1,0,0,0,1,1,2],6,15].
[[3,9,0,1,2,0,1,1,2],0,6].
[[1,9,2,0,0,0,2,1,2],27,157].
[[2,9,2,1,2,0,1,1,2],5,15].
[[3,9,1,1,2,2,1,1,2],0,60].
[[2,9,2,0,0,0,1,1,2],10,40].
[[3,9,1,1,2,0,1,1,2],0,14].
[[2,8,1,1,2,2,2,3,2],39,33].
[[1,8,1,0,0,0,0,0,0],178,264].
[[2,7,1,0,0,0,0,0,0],27,38].
[[3,7,1,0,0,0,0,0,0],2,5].
[[2,8,1,1,2,2,0,0,0],16,40].
[[3,8,1,1,2,2,2,3,1],9,30].
[[1,8,0,0,0,0,0,0,0],29,184].
[[2,8,0,0,0,0,2,3,0],15,62].
[[3,8,0,0,0,0,2,3,0],0,65].
[[1,8,1,1,1,2,2,1,2],11,6].
[[2,8,1,1,1,2,2,1,2],21,11].
[[3,8,1,1,1,2,1,1,2],24,33].
[[2,5,0,0,0,0,1,1,1],13,2].
[[3,5,0,0,0,0,1,1,1],9,0].
[[2,8,1,1,2,2,2,2,0],74,65].
[[3,8,1,1,2,2,1,2,1],45,44].
[[2,9,1,1,1,2,2,3,0],26,89].
[[1,9,2,1,2,2,1,1,0],6,43].
[[3,8,1,1,2,2,1,1,0],29,37].
[[1,8,1,0,0,0,1,2,2],56,31].
[[2,7,1,0,0,0,1,2,2],8,7].
[[3,7,1,1,2,0,1,2,2],17,10].
[[1,8,1,1,2,0,2,2,0],7,6].
[[2,8,1,1,2,0,1,2,0],13,3].
[[3,7,1,1,2,2,1,2,0],31,9].
[[2,9,1,0,0,0,2,3,1],1,22].
[[3,8,1,0,0,0,2,3,1],3,6].
[[1,7,2,0,0,0,2,3,2],17,3].
[[2,7,2,0,0,0,2,3,2],12,3].
[[3,7,2,0,0,0,2,3,1],4,2].
[[2,8,0,1,1,2,2,3,0],22,57].
[[3,8,0,1,1,2,2,3,0],0,144].
[[1,9,2,0,0,0,2,1,0],21,133].
[[2,9,1,0,0,0,2,1,0],4,49].
[[3,8,1,1,2,0,2,1,0],13,34].
[[2,9,2,1,1,2,2,1,2],1,6].
[[3,8,0,1,1,2,2,1,2],0,7].
[[1,9,2,1,1,2,1,2,0],16,38].
[[2,8,0,1,1,2,1,2,0],11,22].
[[3,8,0,1,1,2,1,2,0],0,96].
[[1,8,0,0,0,0,2,3,2],7,35].
[[2,8,0,1,2,2,1,2,2],17,74].
[[3,7,0,1,2,2,1,2,2],0,15].
[[2,9,1,1,2,2,1,2,2],16,119].
[[3,8,0,1,1,2,1,2,2],0,93].
[[1,9,2,1,2,2,2,1,0],41,119].
[[2,9,1,1,2,2,1,2,0],19,159].
[[3,8,1,1,2,2,1,2,0],83,83].
[[2,8,0,1,2,0,2,2,0],0,19].
[[3,8,0,1,2,0,2,3,0],0,49].
[[1,8,0,1,2,2,0,0,0],50,223].
[[2,7,1,1,2,2,2,1,1],3,3].
[[3,7,1,1,2,2,2,1,1],1,9].
[[2,8,1,0,0,0,1,1,2],31,26].
[[3,7,1,1,2,0,1,1,2],8,8].
[[2,9,1,1,1,2,2,1,0],18,41].
[[3,8,0,1,1,2,2,1,0],0,47].
[[1,8,0,1,2,2,1,1,2],7,11].
[[2,5,0,1,2,2,1,1,2],42,1].
[[3,5,0,1,1,2,1,1,2],62,0].
[[1,8,0,1,2,2,2,1,0],8,29].
[[2,7,1,1,2,2,2,1,0],9,4].
[[3,7,1,1,2,2,2,1,0],37,20].
[[1,9,2,1,2,2,1,2,2],78,172].
[[2,8,0,1,1,2,1,2,2],16,28].
[[1,8,1,1,2,2,2,1,2],78,54].
[[3,7,1,1,2,2,2,1,2],33,23].
[[3,8,0,1,2,2,2,2,0],0,160].
[[1,9,2,1,1,2,2,2,0],49,52].
[[2,8,0,1,1,2,2,2,0],17,47].
[[3,8,0,1,1,2,1,1,0],0,40].
[[2,4,2,1,2,0,2,3,0],61,7].
[[2,8,1,1,2,0,2,3,0],27,30].
[[3,7,1,1,1,0,2,3,0],4,1].
[[2,9,1,0,0,0,1,2,0],14,93].
[[3,8,0,0,0,0,1,2,0],0,38].
[[1,7,2,0,0,0,0,0,0],39,10].
[[2,7,2,0,0,0,2,1,2],17,4].
[[3,7,2,0,0,0,2,1,2],6,4].
[[1,6,1,1,2,2,0,0,0],20,1].
[[2,2,1,1,2,2,0,0,0],1,0].
[[3,2,1,1,1,2,0,0,0],1,0].
[[3,9,0,1,2,2,2,3,0],0,51].
[[1,9,2,0,0,0,2,3,2],23,97].
[[2,9,1,1,2,0,1,2,2],3,16].
[[3,9,0,1,2,0,1,2,2],0,15].
[[1,9,2,1,2,2,2,2,1],7,31].
[[2,9,2,1,2,2,2,2,0],11,79].
[[3,9,1,1,2,2,2,3,0],0,52].
[[3,8,0,1,2,2,1,2,0],0,132].
[[2,7,2,1,2,2,2,3,2],11,5].
[[3,3,2,1,2,2,2,3,2],4,0].
[[1,9,2,1,2,2,1,1,2],52,102].
[[2,8,0,1,2,2,1,1,2],14,55].
[[3,6,0,1,2,2,1,1,2],0,6].
[[2,8,0,1,2,2,2,3,0],28,170].
[[1,9,2,1,2,2,2,3,2],19,124].
[[2,8,0,1,2,2,2,3,2],7,37].
[[3,9,0,1,1,2,1,2,0],0,127].
[[1,6,1,0,0,0,2,1,2],12,1].
[[2,6,1,1,2,0,1,1,2],0,1].
[[3,6,1,1,2,0,1,1,2],3,2].
[[1,9,2,0,0,0,2,2,2],23,123].
[[2,8,0,1,2,2,2,2,2],4,59].
[[3,8,0,1,2,2,2,1,0],0,90].
[[3,8,1,1,1,2,1,2,1],29,30].
[[1,6,1,1,2,2,2,1,2],7,0].
[[2,3,1,1,2,2,2,1,2],2,0].
[[3,3,1,1,2,2,2,1,2],8,0].
[[2,9,1,1,1,2,1,2,0],28,63].
[[3,8,0,1,2,0,2,2,0],0,28].
[[1,9,2,1,2,2,2,3,1],25,115].
[[2,9,1,1,2,2,1,2,1],8,48].
[[3,9,0,1,2,2,1,2,0],0,172].
[[3,8,0,1,2,2,1,2,2],0,139].
[[1,8,1,1,2,2,2,1,0],15,11].
[[2,8,1,1,2,2,2,1,0],52,49].
[[2,8,1,0,0,0,0,0,0],11,31].
[[3,8,1,1,2,2,2,1,0],25,55].
[[2,7,2,1,2,0,1,2,2],7,3].
[[3,7,1,1,1,0,1,2,2],1,7].
[[1,6,1,0,0,0,2,1,1],4,0].
[[2,3,2,0,0,0,1,1,2],1,0].
[[3,3,2,1,2,2,1,1,2],4,0].
[[1,5,0,1,2,0,1,1,2],2,1].
[[3,5,0,1,2,2,1,1,2],78,3].
[[2,8,0,1,1,2,2,2,1],2,5].
[[3,8,0,1,1,2,2,2,1],0,5].
[[3,7,1,1,2,2,2,2,2],34,20].
[[2,8,0,1,2,2,2,1,0],6,57].
[[1,9,2,1,2,2,1,2,1],15,29].
[[2,5,0,1,2,2,1,1,0],8,5].
[[2,7,1,0,0,0,2,3,1],12,8].
[[1,8,1,1,2,0,2,2,2],11,11].
[[2,8,1,1,1,0,1,1,2],1,3].
[[3,5,0,1,1,0,1,1,2],4,6].
[[2,9,1,1,2,2,1,1,0],0,74].
[[2,9,1,0,0,0,2,2,0],6,84].
[[3,9,1,1,2,0,1,2,2],0,20].
[[1,8,1,0,0,0,2,2,0],64,36].
[[2,8,1,0,0,0,2,2,0],57,44].
[[3,8,1,0,0,0,1,2,0],23,22].
[[1,9,2,1,1,2,2,1,2],27,44].
[[3,8,1,1,1,2,2,3,0],30,55].
[[3,8,1,1,2,2,2,3,2],8,8].
[[3,9,0,1,2,0,2,2,0],0,14].
[[1,8,1,1,2,2,0,0,0],119,162].
[[2,7,1,1,2,2,0,0,0],43,57].
[[3,7,1,1,2,2,2,2,0],48,38].
[[3,9,1,0,0,0,1,1,2],0,11].
[[3,6,0,1,1,2,2,1,0],0,8].
[[1,4,2,1,2,0,2,3,0],16,2].
[[3,9,0,1,1,2,2,3,0],0,29].
[[3,9,1,1,1,2,1,1,2],0,31].
[[3,8,0,0,0,0,2,2,0],0,44].
[[2,9,2,1,2,2,2,3,0],15,104].
[[3,5,0,1,1,2,2,3,0],18,1].
[[2,8,0,0,0,0,2,1,0],2,20].
[[3,8,0,1,1,0,1,2,2],0,9].
[[1,8,0,0,0,0,2,3,1],3,14].
[[2,8,0,0,0,0,2,3,1],1,15].
[[3,7,1,0,0,0,2,3,1],5,12].
[[2,8,1,1,2,0,1,1,2],7,20].
[[2,8,0,1,2,2,0,0,0],1,123].
[[3,8,1,1,2,2,2,3,0],73,117].
[[2,7,0,0,0,0,0,0,0],0,9].
[[3,7,0,1,2,0,2,1,0],0,7].
[[1,8,1,0,0,0,2,3,0],70,55].
[[2,8,0,1,2,2,2,2,0],12,106].
[[1,8,1,0,0,0,1,1,2],26,21].
[[3,8,1,1,2,0,1,1,2],11,29].
[[2,9,2,1,1,2,2,2,0],7,28].
[[3,8,0,1,1,2,2,2,0],0,112].
[[1,8,0,1,2,2,2,3,0],19,53].
[[2,7,1,1,2,2,2,3,0],18,12].
[[1,7,2,0,0,0,2,1,2],28,6].
[[3,7,2,1,2,0,2,3,0],18,1].
[[2,8,0,0,0,0,2,1,2],3,50].
[[3,7,0,0,0,0,2,1,2],0,5].
[[2,7,1,1,2,2,2,3,2],20,16].
[[1,8,1,1,2,2,1,2,1],13,10].
[[2,7,1,1,2,2,1,2,1],8,3].
[[3,7,1,1,2,2,1,2,1],29,12].
[[1,8,1,0,0,0,2,1,2],107,77].
[[2,7,2,0,0,0,1,1,2],16,2].
[[3,7,2,1,2,2,1,1,2],16,9].
[[1,9,2,1,2,0,1,1,2],4,11].
[[2,9,1,1,2,2,1,1,2],12,47].
[[3,9,0,1,1,2,1,1,2],0,18].
[[2,9,2,1,1,2,1,1,2],21,27].
[[1,8,0,1,1,2,2,1,2],15,6].
[[2,7,1,1,1,2,2,1,2],7,0].
[[3,4,2,1,2,0,2,1,2],8,0].
[[2,9,1,1,2,2,2,1,0],6,75].
[[2,8,1,0,0,0,1,2,2],46,41].
[[3,8,1,1,2,0,1,2,2],22,33].
[[3,8,1,1,2,2,1,2,2],78,97].
[[3,7,0,1,2,2,2,2,0],0,21].
[[2,7,1,1,2,2,2,3,1],23,18].
[[3,7,1,1,1,2,2,2,1],4,6].
[[2,9,2,0,0,0,2,2,0],5,38].
[[3,9,1,0,0,0,1,2,0],0,18].
[[2,4,2,1,2,0,1,2,2],36,5].
[[2,9,2,1,2,2,2,1,0],2,41].
[[3,9,1,1,1,2,1,2,0],0,53].
[[1,8,1,0,0,0,1,2,0],23,4].
[[2,8,1,0,0,0,1,2,0],28,16].
[[3,8,1,1,2,0,1,2,0],36,19].
[[2,4,2,1,2,0,1,1,2],29,1].
[[3,4,2,1,2,0,1,1,2],76,9].
[[1,9,2,0,0,0,1,2,0],23,102].
[[2,9,2,1,2,2,1,2,0],3,31].
[[2,6,1,1,2,2,2,1,2],9,0].
[[3,6,1,1,2,2,1,1,2],9,0].
[[1,9,2,1,2,0,2,3,0],10,37].
[[1,9,2,1,2,0,1,2,2],1,17].
[[3,9,0,1,2,2,1,2,1],0,38].
[[2,8,0,0,0,0,1,2,2],5,39].
[[3,8,0,0,0,0,1,2,2],0,36].
[[1,8,1,1,2,0,2,1,2],11,14].
[[3,9,1,1,2,0,2,2,0],0,11].
[[3,8,1,1,1,0,2,2,0],4,16].
[[2,6,1,0,0,0,1,2,2],10,1].
[[3,6,1,0,0,0,1,2,2],3,0].
[[1,9,2,1,2,2,2,2,2],36,148].
[[3,5,0,1,2,2,1,1,1],49,7].
[[1,8,0,1,2,2,2,2,2],15,53].
[[1,9,2,1,1,2,2,3,1],28,29].
[[2,8,1,1,2,2,1,1,0],9,12].
[[1,9,2,1,2,0,1,2,1],1,5].
[[2,9,1,1,1,0,1,2,1],0,2].
[[3,8,0,1,1,0,1,2,1],0,1].
[[3,7,2,0,0,0,2,2,2],7,1].
[[2,6,1,1,2,2,0,0,0],20,3].
[[3,6,1,1,1,2,2,2,0],11,0].
[[2,8,1,1,2,2,1,2,0],52,27].
[[3,8,1,1,1,2,1,2,0],41,35].
[[3,9,0,1,1,2,1,2,2],0,45].
[[1,8,1,0,0,0,2,3,1],92,73].
[[2,6,1,0,0,0,2,3,1],11,2].
[[3,6,1,1,2,2,2,3,1],16,0].
[[2,8,1,0,0,0,2,3,1],21,42].
[[2,6,1,1,2,2,2,3,1],11,0].
[[3,3,2,1,2,2,2,3,1],3,0].
[[2,9,2,0,0,0,2,1,0],1,22].
[[2,8,1,1,2,0,2,2,0],23,30].
[[3,7,2,1,2,0,2,2,0],6,2].
[[2,8,1,0,0,0,2,3,0],70,65].
[[3,8,1,1,2,0,1,2,1],15,21].
[[3,5,0,1,2,2,2,2,0],10,1].
[[3,8,0,0,0,0,1,2,1],0,4].
[[2,8,1,0,0,0,2,1,0],36,33].
[[1,9,2,1,2,0,2,1,0],2,13].
[[2,9,1,1,2,0,2,1,0],1,25].
[[3,8,1,1,1,0,2,1,0],2,11].
[[2,8,1,1,1,0,2,3,0],6,4].
[[3,8,1,1,1,0,2,3,0],5,27].
[[2,9,1,1,2,2,2,2,2],0,20].
[[3,9,0,1,2,2,1,2,2],0,51].
[[3,8,0,0,0,0,2,1,0],0,20].
[[3,8,1,1,1,2,2,3,1],6,21].
[[3,7,0,1,2,2,0,0,0],0,23].
[[2,8,0,1,2,2,2,3,1],5,56].
[[3,7,0,1,2,2,2,3,1],0,12].
[[3,7,1,1,2,0,2,3,2],6,9].
[[3,7,1,1,2,2,2,3,2],33,22].
[[1,9,2,1,1,2,2,3,2],18,29].
[[2,9,1,1,1,2,2,3,2],2,3].
[[3,9,0,0,0,0,1,2,0],0,40].
[[1,9,2,1,2,0,1,2,0],2,12].
[[2,8,1,0,0,0,2,1,2],45,45].
[[3,8,1,0,0,0,2,1,0],11,17].
[[3,8,1,1,1,2,2,1,0],18,34].
[[3,8,1,1,1,2,2,2,1],2,8].
[[1,8,0,1,2,2,2,3,1],11,24].
[[1,8,0,0,0,0,2,2,2],12,44].
[[2,8,0,0,0,0,2,3,2],0,25].
[[3,8,0,1,2,0,1,2,2],0,48].
[[1,8,0,0,0,0,2,3,0],13,44].
[[1,4,2,1,2,0,2,2,0],11,1].
[[2,4,2,1,2,0,2,2,0],46,4].
[[2,9,2,1,2,0,2,3,0],2,22].
[[2,9,1,1,1,2,2,2,0],20,78].
[[1,6,1,0,0,0,1,2,1],3,0].
[[2,6,1,1,2,2,1,2,1],3,0].
[[3,6,1,1,1,2,1,2,1],2,0].
[[3,7,2,1,2,2,2,2,0],17,2].
[[2,7,0,1,2,2,2,3,0],1,7].
[[3,7,0,1,1,2,2,2,0],0,6].
[[2,7,1,0,0,0,2,3,0],14,5].
[[2,7,2,1,2,0,0,0,0],5,2].
[[2,9,1,1,1,2,2,3,1],2,14].
[[1,8,1,1,2,0,2,2,1],8,5].
[[2,7,2,1,2,0,1,1,2],6,1].
[[3,9,0,0,0,0,2,2,0],0,3].
[[1,9,2,1,1,2,2,1,0],33,36].
[[2,9,2,1,1,2,2,1,0],11,13].
[[3,8,1,1,1,2,1,1,1],3,5].
[[3,8,1,0,0,0,2,2,0],18,29].
[[2,8,0,0,0,0,0,0,0],3,72].
[[3,8,0,1,2,0,0,0,0],0,7].
[[2,8,0,0,0,0,1,2,0],1,25].
[[2,8,0,1,2,0,2,1,0],0,7].
[[3,8,0,1,2,0,1,2,0],0,22].
[[2,8,0,1,1,2,0,0,0],15,41].
[[3,7,0,1,1,2,0,0,0],0,16].
[[2,9,2,1,2,0,0,0,0],0,11].
[[3,8,1,1,2,0,0,0,0],0,4].
[[1,5,0,1,2,2,1,1,2],20,1].
[[2,5,0,1,1,2,1,1,2],36,0].
[[3,4,2,1,2,0,1,2,1],49,0].
[[1,7,1,0,0,0,0,0,0],36,34].
[[2,7,1,1,2,2,2,1,2],31,17].
[[3,7,1,1,1,2,1,2,2],26,16].
[[3,4,2,1,2,0,2,1,0],58,3].
[[2,9,2,1,1,2,1,2,2],16,34].
[[3,5,0,1,1,2,2,1,0],10,1].
[[2,8,1,0,0,0,1,2,1],27,22].
[[2,9,1,1,2,2,2,2,1],0,3].
[[2,4,2,1,2,0,2,3,2],6,3].
[[3,4,2,1,2,0,2,3,2],7,1].
[[1,8,1,1,2,0,0,0,0],16,22].
[[2,8,1,1,2,0,2,2,2],16,17].
[[3,8,1,1,2,0,2,2,0],20,46].
[[2,7,1,1,2,2,2,2,2],39,17].
[[3,3,1,1,2,2,2,2,2],18,2].
[[1,8,1,0,0,0,1,1,1],4,3].
[[2,8,1,0,0,0,1,1,1],2,4].
[[2,8,1,1,2,0,1,2,2],19,23].
[[2,9,2,1,2,0,1,2,2],0,20].
[[3,9,1,1,1,0,1,2,2],0,3].
[[3,3,2,0,0,0,2,1,2],3,0].
[[1,8,1,0,0,0,2,1,0],29,24].
[[3,7,2,1,2,0,2,1,0],4,0].
[[2,4,2,1,2,0,2,1,0],22,4].
[[3,8,1,1,1,2,2,2,0],29,40].
[[2,4,2,1,2,0,1,1,0],16,1].
[[3,7,2,1,2,2,2,2,2],16,3].
[[1,8,0,1,2,2,2,2,0],10,42].
[[2,7,0,1,1,2,0,0,0],4,7].
[[3,4,2,1,2,0,0,0,0],11,3].
[[2,6,0,1,2,2,2,2,2],1,4].
[[1,7,2,1,2,2,0,0,0],22,3].
[[2,7,2,1,2,2,2,2,0],11,0].
[[3,7,2,1,2,2,1,1,0],1,2].
[[3,7,1,0,0,0,2,1,2],14,8].
[[2,8,1,1,2,2,1,2,1],44,30].
[[3,8,1,0,0,0,1,2,2],21,23].
[[3,9,0,1,2,2,2,2,0],0,46].
[[3,8,0,1,2,2,1,1,0],0,50].
[[2,8,0,0,0,0,1,1,2],6,26].
[[3,8,0,0,0,0,1,1,2],0,20].
[[3,8,0,1,2,2,1,1,2],0,103].
[[2,7,1,0,0,0,2,1,2],20,15].
[[1,8,1,1,1,2,2,3,1],20,7].
[[2,8,1,1,1,2,2,3,1],14,19].
[[3,7,1,1,1,2,2,3,1],14,15].
[[3,8,0,0,0,0,0,0,0],0,10].
[[1,4,2,1,2,0,0,0,0],9,2].
[[2,5,0,1,2,2,1,1,1],28,2].
[[1,8,0,1,1,2,2,3,1],5,9].
[[2,8,0,1,1,2,2,3,1],10,25].
[[2,8,1,1,2,0,2,3,1],17,22].
[[3,5,0,1,2,0,1,2,1],11,1].
[[1,9,2,1,2,0,2,3,1],2,15].
[[2,9,1,1,2,0,2,3,0],3,48].
[[1,8,0,0,0,0,1,2,2],5,20].
[[3,9,0,1,2,2,1,1,2],0,21].
[[3,5,0,1,2,0,2,2,0],4,0].
[[1,8,0,1,2,2,2,1,2],24,59].
[[3,6,0,1,1,2,2,1,2],0,5].
[[2,9,2,0,0,0,1,2,2],9,34].
[[3,9,1,0,0,0,1,2,2],0,11].
[[3,8,0,1,2,2,1,2,1],0,34].
[[2,8,0,1,2,2,2,1,2],5,83].
[[3,7,1,1,2,0,2,1,0],4,8].
[[1,8,1,1,1,2,0,0,0],34,16].
[[2,8,1,1,1,2,2,2,1],9,2].
[[3,5,0,1,1,2,1,2,1],37,1].
[[3,7,2,1,2,0,1,2,2],23,3].
[[2,6,0,0,0,0,2,2,2],1,2].
[[3,6,0,1,2,0,2,2,2],0,4].
[[2,7,2,0,0,0,0,0,0],15,3].
[[3,8,1,1,1,2,1,2,2],54,44].
[[2,9,2,0,0,0,2,3,0],11,57].
[[2,8,0,0,0,0,2,2,0],11,43].
[[2,9,1,0,0,0,1,2,2],15,61].
[[3,9,0,0,0,0,1,1,0],0,20].
[[2,5,0,1,2,0,1,1,2],10,5].
[[3,5,0,1,2,0,1,1,2],27,2].
[[3,7,1,1,2,0,2,3,0],21,12].
[[3,8,1,0,0,0,1,1,2],8,14].
[[2,9,2,1,1,2,2,2,1],1,3].
[[3,9,0,0,0,0,2,1,0],0,5].
[[3,7,2,0,0,0,1,2,2],18,5].
[[1,8,0,0,0,0,2,1,2],15,34].
[[3,7,2,1,2,0,2,1,2],5,0].
[[1,8,1,0,0,0,2,1,1],16,11].
[[2,7,1,0,0,0,2,1,1],1,3].
[[3,7,1,1,2,0,2,1,1],1,2].
[[3,7,2,1,2,2,1,2,1],11,2].
[[1,9,2,1,2,0,2,1,2],3,18].
[[2,8,0,1,2,0,2,1,2],0,13].
[[1,5,0,0,0,0,2,3,0],10,2].
[[2,5,0,0,0,0,2,2,0],3,0].
[[3,5,0,0,0,0,2,2,0],4,0].
[[1,6,1,0,0,0,0,0,0],65,4].
[[2,6,1,1,2,0,2,1,2],2,0].
[[3,6,1,1,1,0,2,1,2],1,0].
[[1,7,1,0,0,0,2,2,2],11,7].
[[2,7,1,0,0,0,2,2,2],15,17].
[[3,7,1,0,0,0,2,2,2],7,8].
[[2,9,2,0,0,0,1,2,0],3,22].
[[3,9,1,1,2,0,1,1,0],0,13].
[[3,7,1,0,0,0,1,2,2],18,3].
[[3,6,0,1,2,2,0,0,0],0,11].
[[2,6,1,0,0,0,2,3,2],14,0].
[[3,2,1,1,2,0,2,3,2],1,0].
[[1,8,0,1,2,2,2,3,2],6,31].
[[3,7,1,1,2,2,1,1,2],49,20].
[[2,7,1,0,0,0,2,3,2],10,8].
[[3,3,1,0,0,0,2,3,2],4,0].
[[1,8,1,1,2,2,1,2,2],41,28].
[[2,8,1,1,1,2,2,2,2],22,8].
[[3,6,1,0,0,0,2,3,1],9,2].
[[3,8,1,1,1,0,1,1,0],5,8].
[[3,7,2,1,2,0,1,1,2],11,1].
[[1,7,2,0,0,0,2,3,0],4,1].
[[2,7,2,1,2,0,2,2,0],1,0].
[[3,7,2,1,2,0,1,2,0],5,1].
[[3,8,1,0,0,0,1,2,1],8,11].
[[3,8,0,1,2,2,2,3,1],0,36].
[[2,7,2,1,2,2,2,1,2],20,2].
[[3,7,2,1,1,2,2,1,2],7,0].
[[3,8,1,1,1,2,2,1,2],2,1].
[[3,7,1,1,2,2,2,3,1],26,33].
[[1,7,1,0,0,0,2,3,0],2,1].
[[2,7,2,1,2,2,0,0,0],20,2].
[[2,8,1,1,2,2,2,2,1],14,28].
[[3,7,1,1,2,2,2,2,1],10,18].
[[1,8,1,1,2,2,1,1,2],18,15].
[[1,8,1,1,1,2,2,2,0],7,2].
[[3,8,0,1,1,2,1,2,1],0,20].
[[2,4,2,1,2,0,2,3,1],16,0].
[[3,4,2,1,2,0,2,3,1],17,0].
[[3,3,1,1,2,2,2,3,2],5,1].
[[3,7,0,1,2,2,2,3,2],0,10].
[[1,8,0,1,1,2,2,1,0],3,2].
[[2,8,0,1,1,2,2,1,0],14,13].
[[2,8,1,0,0,0,2,1,1],2,10].
[[3,8,1,0,0,0,2,1,1],0,2].
[[2,5,0,0,0,0,1,2,1],11,0].
[[3,5,0,0,0,0,1,2,1],12,0].
[[1,8,0,1,2,2,2,2,1],3,6].
[[2,7,1,1,2,2,1,1,2],8,6].
[[3,3,1,1,1,2,1,1,2],1,0].
[[2,8,0,1,2,2,1,2,1],2,8].
[[3,7,1,1,1,2,2,3,0],34,29].
[[2,8,1,1,2,0,2,1,1],5,2].
[[2,8,0,1,2,0,1,1,2],4,9].
[[2,6,1,0,0,0,1,1,1],2,0].
[[3,3,2,0,0,0,1,1,1],1,0].
[[3,8,0,1,1,2,1,1,2],0,52].
[[2,9,2,1,2,0,1,2,0],2,9].
[[3,9,1,1,2,0,1,2,0],0,31].
[[3,8,1,1,2,0,2,3,1],3,15].
[[2,9,2,0,0,0,2,3,2],0,9].
[[2,6,1,1,1,2,0,0,0],6,0].
[[3,3,2,1,1,2,2,1,2],1,0].
[[3,3,2,1,2,0,1,1,2],4,0].
[[2,8,1,0,0,0,2,3,2],34,24].
[[3,7,2,1,2,0,2,3,2],12,1].
[[1,9,2,1,2,0,0,0,0],1,26].
[[2,9,1,1,2,2,0,0,0],0,15].
[[3,8,0,0,0,0,2,1,2],0,2].
[[1,8,1,1,2,0,2,3,1],7,9].
[[2,8,1,1,1,0,2,3,1],1,3].
[[3,7,2,1,1,0,1,1,2],4,8].
[[1,8,1,1,2,0,1,2,2],5,5].
[[1,9,2,0,0,0,1,1,0],4,50].
[[2,9,1,1,2,0,1,1,0],1,17].
[[3,9,1,1,1,2,1,2,2],0,42].
[[3,8,0,1,1,2,2,3,1],0,23].
[[1,5,0,0,0,0,1,2,0],1,0].
[[2,5,0,0,0,0,1,2,0],4,1].
[[3,5,0,1,1,2,1,1,1],28,0].
[[1,8,0,1,1,2,2,3,0],10,9].
[[3,7,1,1,1,2,1,2,0],18,4].
[[1,8,1,1,1,2,2,3,0],14,2].
[[2,8,1,1,1,2,1,2,0],12,7].
[[1,7,1,1,2,2,1,2,2],1,0].
[[2,7,1,1,1,2,1,2,2],4,2].
[[3,9,1,1,1,0,2,2,0],0,4].
[[2,8,0,0,0,0,2,2,2],3,29].
[[2,7,2,1,2,2,1,2,2],12,4].
[[3,7,2,1,2,2,1,2,2],37,7].
[[1,9,2,0,0,0,2,1,1],5,9].
[[1,9,2,0,0,0,2,2,1],5,12].
[[3,8,1,0,0,0,1,1,0],9,14].
[[1,9,2,1,2,0,2,2,0],3,30].
[[2,9,2,1,1,0,2,2,0],0,3].
[[3,4,0,1,2,0,2,2,0],0,1].
[[2,3,2,0,0,0,2,3,1],1,0].
[[3,3,2,0,0,0,2,3,1],4,0].
[[2,6,0,1,2,2,0,0,0],0,19].
[[3,6,0,1,2,2,2,1,2],0,6].
[[2,7,1,1,1,2,0,0,0],17,9].
[[3,7,1,1,1,2,2,2,2],15,13].
[[2,7,2,1,1,2,2,1,2],3,0].
[[1,8,0,0,0,0,1,2,0],0,11].
[[2,8,0,1,2,0,1,2,0],0,6].
[[3,8,0,1,2,0,1,1,0],0,16].
[[3,7,2,1,2,2,2,3,0],21,4].
[[2,6,1,0,0,0,1,2,0],4,0].
[[3,6,1,0,0,0,1,2,0],4,0].
[[3,7,2,1,2,2,1,2,0],13,0].
[[2,7,1,1,1,2,2,3,0],8,3].
[[3,3,1,0,0,0,0,0,0],4,0].
[[1,9,2,1,2,2,2,1,1],3,7].
[[2,9,2,1,1,2,2,1,1],1,1].
[[3,8,0,1,1,2,2,1,1],0,1].
[[2,8,1,1,2,2,2,1,1],4,6].
[[1,6,1,1,2,2,2,2,1],3,0].
[[2,6,1,1,2,2,2,2,1],6,0].
[[3,9,1,1,2,2,2,2,0],0,38].
[[2,9,1,1,2,0,1,2,0],4,41].
[[1,6,1,1,2,2,2,3,1],1,0].
[[2,6,1,1,1,2,2,3,1],3,0].
[[3,3,1,1,1,2,2,3,1],6,2].
[[2,9,1,1,2,2,2,3,1],1,25].
[[3,5,0,1,2,2,1,2,1],56,1].
[[3,7,0,1,1,2,2,2,2],0,10].
[[2,7,1,1,1,2,2,2,2],10,9].
[[3,4,2,1,2,0,2,2,2],14,1].
[[3,7,1,1,1,2,2,1,0],15,8].
[[2,9,2,0,0,0,0,0,0],2,11].
[[2,7,2,1,2,0,2,1,2],6,5].
[[2,3,1,1,2,2,2,2,2],4,0].
[[3,8,0,1,1,0,2,1,0],0,5].
[[2,7,2,0,0,0,2,2,2],19,8].
[[3,3,1,0,0,0,2,2,2],5,1].
[[1,8,1,0,0,0,1,2,1],28,12].
[[3,5,0,1,1,2,1,1,0],15,5].
[[3,9,0,1,2,0,1,2,0],0,53].
[[3,8,0,1,2,2,2,3,2],0,14].
[[2,7,2,0,0,0,1,2,2],21,3].
[[1,8,0,1,2,2,1,2,2],14,16].
[[2,7,0,1,2,2,1,2,2],1,0].
[[2,9,2,1,1,2,1,2,1],3,4].
[[1,9,2,1,1,2,1,1,0],10,9].
[[3,6,1,1,1,2,1,1,0],2,0].
[[1,8,0,0,0,0,2,2,0],8,31].
[[2,7,1,0,0,0,2,2,0],12,4].
[[3,7,1,0,0,0,2,2,0],18,6].
[[2,3,1,1,2,2,0,0,0],9,2].
[[3,3,1,1,2,2,0,0,0],11,2].
[[1,1,2,1,2,0,1,1,1],1,0].
[[2,1,2,1,2,0,1,1,1],2,0].
[[3,1,2,1,2,0,1,1,1],4,0].
[[2,9,1,1,1,0,2,3,0],0,7].
[[3,8,0,1,1,0,2,3,0],0,15].
[[2,6,1,1,2,2,2,3,0],5,0].
[[3,6,1,1,2,2,1,2,1],11,0].
[[2,9,1,1,1,2,0,0,0],4,10].
[[3,9,1,1,1,2,2,3,1],0,3].
[[3,6,0,1,2,2,2,3,0],0,18].
[[3,8,1,1,2,0,2,3,2],3,7].
[[2,5,0,1,2,0,1,1,1],1,3].
[[3,5,0,1,2,0,1,1,1],8,4].
[[1,9,2,1,1,2,1,1,2],35,31].
[[2,9,1,1,2,0,2,2,0],4,31].
[[3,8,0,1,1,0,2,2,0],0,12].
[[1,8,0,1,1,2,2,2,2],6,19].
[[1,8,0,0,0,0,2,1,0],6,12].
[[3,5,0,0,0,0,2,1,0],2,0].
[[3,8,1,1,1,0,1,2,2],3,15].
[[1,8,1,0,0,0,1,1,0],4,1].
[[2,7,1,1,2,2,1,1,0],1,1].
[[1,8,1,1,2,2,1,1,0],4,6].
[[2,7,2,1,2,2,1,1,0],1,1].
[[3,7,1,1,2,2,1,1,0],6,8].
[[3,7,1,1,2,0,2,3,1],5,10].
[[3,3,1,1,2,0,2,1,2],3,1].
[[3,7,1,0,0,0,2,1,0],7,2].
[[3,8,1,0,0,0,2,3,0],21,28].
[[2,8,1,1,2,2,1,1,1],5,3].
[[1,7,1,0,0,0,2,3,1],3,2].
[[2,7,1,1,2,2,2,2,1],12,3].
[[2,4,2,1,2,0,1,2,0],40,4].
[[2,9,2,0,0,0,2,1,2],1,3].
[[1,7,2,0,0,0,2,2,2],26,5].
[[2,7,1,1,1,2,1,2,1],0,2].
[[3,7,1,1,1,2,1,2,1],13,7].
[[2,5,0,1,1,0,1,2,0],1,2].
[[3,5,0,1,1,0,1,2,0],1,3].
[[1,9,2,1,1,2,2,2,1],9,6].
[[3,9,1,1,2,2,2,1,0],0,19].
[[3,6,1,1,2,2,2,1,2],11,0].
[[2,6,0,1,1,2,0,0,0],2,6].
[[2,5,0,1,2,2,1,2,2],1,0].
[[3,7,1,1,1,2,0,0,0],6,8].
[[1,7,2,1,2,2,2,3,2],7,1].
[[2,7,2,1,1,2,1,2,2],4,0].
[[3,3,2,1,1,2,1,2,2],2,0].
[[2,8,1,1,1,2,2,1,1],4,3].
[[3,7,2,1,1,2,1,1,2],9,2].
[[3,8,0,1,1,2,0,0,0],0,20].
[[2,5,0,0,0,0,1,1,2],24,1].
[[3,5,0,0,0,0,1,1,2],21,1].
[[2,9,1,1,1,2,1,1,2],10,12].
[[2,8,0,1,1,2,1,2,1],5,4].
[[3,3,2,0,0,0,1,1,2],4,0].
[[3,7,2,1,1,2,2,2,0],7,1].
[[2,8,1,1,1,2,1,2,1],17,12].
[[1,9,2,1,2,0,2,2,2],0,20].
[[2,8,0,1,2,0,2,2,2],0,9].
[[3,7,2,1,1,2,1,2,2],10,3].
[[2,7,2,0,0,0,2,3,0],8,1].
[[3,7,2,1,2,0,1,2,1],2,1].
[[2,7,1,1,2,2,1,2,2],10,8].
[[2,5,0,1,1,2,1,1,0],5,0].
[[2,6,1,0,0,0,1,1,2],5,0].
[[3,9,1,1,2,2,0,0,0],0,5].
[[3,6,1,1,1,2,2,3,0],7,0].
[[1,5,0,1,1,2,1,1,2],5,1].
[[2,5,0,1,1,2,1,2,2],0,2].
[[2,8,0,1,1,2,2,2,2],8,22].
[[3,8,0,1,2,0,1,1,2],0,19].
[[1,3,2,0,0,0,0,0,0],12,0].
[[2,3,2,0,0,0,0,0,0],11,0].
[[3,3,2,0,0,0,2,2,2],3,0].
[[3,7,2,1,1,2,2,3,2],1,0].
[[1,5,0,1,1,2,2,3,0],1,0].
[[2,5,0,1,1,2,1,2,0],9,1].
[[3,5,0,1,1,2,1,2,0],24,5].
[[2,7,1,1,2,0,0,0,0],3,9].
[[3,8,0,0,0,0,2,3,2],0,4].
[[2,7,1,1,2,2,2,2,0],21,16].
[[3,7,1,1,2,0,1,1,1],0,1].
[[3,6,1,0,0,0,2,3,2],5,0].
[[2,7,0,1,2,2,2,3,1],0,1].
[[3,7,1,0,0,0,2,3,0],12,13].
[[1,6,1,1,2,2,2,1,1],1,0].
[[2,6,1,1,1,2,2,1,1],1,0].
[[3,3,1,1,1,2,2,1,1],1,0].
[[3,7,0,1,2,2,1,1,2],0,7].
[[3,9,0,1,2,0,1,2,1],0,16].
[[2,8,0,1,2,0,0,0,0],1,16].
[[2,7,2,1,2,0,2,2,2],12,1].
[[3,3,1,0,0,0,2,3,1],4,1].
[[3,7,0,1,2,2,2,1,0],0,9].
[[2,7,2,0,0,0,2,3,1],7,3].
[[3,7,2,1,2,0,2,3,1],1,1].
[[1,8,1,1,1,2,2,2,2],12,4].
[[2,9,1,1,1,0,2,2,0],0,6].
[[3,4,0,1,2,0,1,1,0],0,1].
[[3,9,0,1,2,0,2,3,0],0,18].
[[3,9,1,1,1,0,1,1,2],0,6].
[[3,7,2,1,1,0,1,2,0],3,0].
[[1,7,1,0,0,0,2,2,0],3,0].
[[2,8,1,1,2,0,2,1,0],7,20].
[[3,8,1,1,2,0,1,1,0],10,18].
[[3,7,1,1,2,0,1,2,0],7,4].
[[3,8,1,1,2,2,2,2,1],1,13].
[[2,8,1,1,2,0,2,3,2],11,9].
[[3,8,1,1,1,0,2,3,2],0,1].
[[2,8,0,1,2,2,1,2,0],7,46].
[[3,9,0,1,1,0,1,1,0],0,8].
[[3,6,0,1,1,2,2,2,0],0,6].
[[1,8,0,1,1,2,2,2,0],6,6].
[[2,6,0,1,1,2,2,2,0],0,2].
[[3,7,0,1,2,2,2,3,0],0,23].
[[3,7,1,1,2,0,2,2,2],11,14].
[[1,9,2,1,2,0,2,3,2],4,16].
[[3,5,0,1,2,2,1,2,2],6,0].
[[2,9,1,0,0,0,1,2,1],4,15].
[[3,7,0,1,1,2,1,2,1],0,2].
[[3,7,1,1,1,0,2,2,0],1,8].
[[2,7,2,1,2,2,2,3,0],11,1].
[[3,7,2,1,1,2,2,3,0],7,1].
[[2,7,0,1,2,2,0,0,0],0,15].
[[3,7,0,1,1,2,2,1,2],0,10].
[[1,6,1,0,0,0,2,2,1],6,0].
[[3,6,1,1,2,2,2,2,1],8,0].
[[3,7,2,1,2,2,2,1,2],15,3].
[[1,7,2,1,2,2,1,2,2],3,0].
[[2,5,0,1,2,2,2,1,0],9,2].
[[3,5,0,1,2,2,2,1,0],8,2].
[[3,9,0,1,1,2,2,1,0],0,13].
[[3,6,0,1,1,2,1,2,0],0,4].
[[2,9,1,0,0,0,1,1,0],3,33].
[[3,7,1,1,1,2,1,1,2],15,10].
[[2,7,1,0,0,0,1,2,1],1,2].
[[3,7,1,1,2,0,1,2,1],6,5].
[[3,9,0,0,0,0,1,2,2],0,19].
[[2,9,1,1,1,2,1,2,1],8,16].
[[1,8,0,1,1,2,2,3,2],7,7].
[[2,5,0,1,1,2,2,3,0],7,1].
[[2,4,2,1,2,0,2,1,2],9,1].
[[3,7,0,0,0,0,2,2,0],0,6].
[[2,5,0,1,2,2,1,2,1],20,1].
[[2,9,2,1,1,2,1,2,0],8,11].
[[2,8,1,1,1,2,2,1,0],17,15].
[[3,5,0,1,1,2,1,2,2],6,0].
[[3,8,1,1,1,2,2,2,2],1,3].
[[1,8,1,1,1,2,2,3,2],12,9].
[[3,6,0,1,2,2,1,2,2],0,6].
[[3,9,1,1,1,2,1,1,0],0,21].
[[2,9,2,1,1,0,0,0,0],0,1].
[[3,9,1,1,1,0,2,1,0],0,2].
[[1,5,0,0,0,0,1,1,2],15,2].
[[3,5,0,1,2,0,1,2,2],6,0].
[[1,8,1,1,2,2,2,1,1],16,9].
[[2,7,2,0,0,0,1,2,0],4,0].
[[3,9,0,1,1,2,2,2,0],0,39].
[[3,3,1,1,1,2,0,0,0],7,0].
[[3,6,0,1,1,2,2,3,0],0,10].
[[2,5,0,0,0,0,2,3,0],9,0].
[[3,5,0,1,2,0,2,3,0],7,0].
[[3,5,0,1,1,2,2,2,0],4,0].
[[3,6,1,1,2,2,2,3,2],13,0].
[[1,8,1,1,1,2,2,2,1],8,6].
[[2,6,0,1,2,2,2,3,0],1,7].
[[3,9,0,1,2,2,2,1,0],0,21].
[[3,8,1,1,1,0,1,2,0],8,14].
[[3,5,0,0,0,0,1,2,0],10,1].
[[1,5,0,0,0,0,1,1,1],7,2].
[[3,6,1,1,2,0,2,2,0],8,1].
[[3,6,0,1,2,2,1,2,0],0,7].
[[1,8,0,0,0,0,2,1,1],1,0].
[[2,7,1,0,0,0,1,1,2],5,2].
[[3,7,1,0,0,0,1,1,2],6,8].
[[2,7,0,1,2,2,2,1,0],0,3].
[[3,6,1,1,2,0,2,3,1],6,0].
[[1,6,1,0,0,0,2,3,0],4,0].
[[2,6,1,1,2,0,2,3,0],2,1].
[[3,6,1,1,2,0,2,3,0],7,1].
[[3,7,2,1,1,2,1,2,1],1,2].
[[2,7,0,0,0,0,2,3,0],0,3].
[[3,7,0,0,0,0,2,3,0],0,5].
[[3,9,1,0,0,0,2,3,0],0,10].
[[2,8,0,1,2,0,2,3,0],1,20].
[[3,8,1,1,2,0,2,2,2],1,1].
[[2,9,1,0,0,0,2,2,1],0,1].
[[3,8,0,0,0,0,2,2,1],0,2].
[[2,6,1,1,2,2,2,3,2],9,1].
[[1,8,0,0,0,0,1,1,2],4,14].
[[3,7,0,1,2,0,0,0,0],0,9].
[[3,7,0,1,1,2,2,3,0],0,14].
[[2,7,2,1,2,2,2,3,1],9,3].
[[3,9,1,1,2,2,1,1,0],0,31].
[[1,7,1,1,2,2,2,1,2],8,1].
[[2,6,1,0,0,0,0,0,0],25,4].
[[3,6,1,0,0,0,2,2,2],4,0].
[[2,8,1,1,2,0,2,1,2],17,21].
[[3,7,2,1,1,2,1,2,0],3,0].
[[3,8,0,1,2,2,2,1,2],0,6].
[[3,9,0,1,2,0,1,1,0],0,22].
[[3,9,1,1,2,2,1,2,1],0,13].
[[2,8,1,1,2,0,2,2,1],4,8].
[[3,7,1,1,2,0,2,2,1],3,3].
[[3,7,2,1,1,0,2,3,0],1,2].
[[3,7,1,0,0,0,1,2,0],10,0].
[[3,8,1,1,2,0,2,2,1],0,6].
[[1,4,2,1,2,0,1,1,2],7,0].
[[2,8,0,1,1,2,1,1,0],3,11].
[[3,8,0,1,1,0,1,1,0],0,5].
[[3,8,1,1,2,2,2,2,2],1,7].
[[2,7,2,1,2,0,2,3,2],7,1].
[[2,9,2,1,2,0,2,2,0],3,14].
[[3,9,1,1,2,0,1,2,1],0,4].
[[3,7,1,1,2,0,2,2,0],18,11].
[[3,9,0,1,1,2,1,2,1],0,25].
[[2,6,1,0,0,0,2,3,0],15,0].
[[3,6,1,1,2,0,1,2,0],7,1].
[[1,9,2,0,0,0,1,2,1],6,20].
[[1,7,1,0,0,0,2,1,2],6,9].
[[2,7,2,1,2,0,2,1,0],1,1].
[[3,6,1,1,2,2,2,2,0],15,2].
[[1,9,2,1,1,2,2,2,2],28,28].
[[1,6,1,0,0,0,2,3,2],8,0].
[[3,6,1,1,2,0,2,3,2],4,0].
[[1,5,0,1,2,2,1,2,0],3,1].
[[2,8,0,0,0,0,2,2,1],1,2].
[[3,9,1,1,1,2,2,2,0],0,24].
[[2,7,1,0,0,0,1,2,0],2,1].
[[3,6,1,0,0,0,2,1,0],4,0].
[[3,5,0,1,2,0,2,1,0],2,0].
[[3,8,1,1,1,2,1,1,0],14,25].
[[3,7,0,1,1,2,2,3,1],0,8].
[[1,4,2,1,2,0,1,1,0],2,0].
[[2,8,1,1,1,2,0,0,0],12,9].
[[2,4,2,1,2,0,1,1,1],2,1].
[[3,4,2,1,2,0,1,1,1],8,1].
[[3,3,2,0,0,0,0,0,0],6,0].
[[3,8,1,1,2,2,2,1,2],8,8].
[[1,4,2,1,2,0,2,3,2],6,3].
[[1,7,2,1,2,0,2,1,2],1,1].
[[1,5,0,1,2,2,2,2,0],1,0].
[[2,5,0,1,2,2,2,2,0],6,1].
[[2,9,1,1,2,0,2,3,2],0,2].
[[3,6,1,0,0,0,2,1,1],0,1].
[[2,9,2,1,1,2,1,1,0],2,4].
[[3,7,2,1,2,0,1,1,1],0,4].
[[3,7,0,1,2,2,2,1,2],0,17].
[[3,6,0,0,0,0,2,1,2],0,1].
[[3,3,2,1,2,0,0,0,0],3,0].
[[1,5,0,1,2,2,2,1,0],3,0].
[[3,9,0,0,0,0,2,3,0],0,10].
[[2,4,2,1,2,0,2,2,2],7,0].
[[1,6,1,1,2,2,2,3,2],3,0].
[[2,5,0,1,1,2,1,2,1],10,0].
[[1,7,2,1,2,0,1,2,2],2,0].
[[2,3,2,1,2,0,1,2,2],2,0].
[[3,3,2,1,1,0,1,2,2],1,0].
[[3,8,0,1,2,0,2,3,1],0,4].
[[3,7,2,1,2,2,2,3,2],15,1].
[[2,9,1,1,1,0,1,2,0],0,6].
[[2,9,1,0,0,0,2,2,2],1,2].
[[3,7,1,0,0,0,1,1,1],1,0].
[[3,9,1,1,1,2,2,3,0],0,28].
[[3,7,1,1,2,0,2,1,2],20,7].
[[3,6,0,1,2,2,2,3,2],0,6].
[[3,9,1,0,0,0,2,1,0],0,5].
[[2,6,0,1,2,2,2,3,1],0,3].
[[3,6,0,1,1,2,1,2,1],0,1].
[[2,6,1,0,0,0,2,2,0],8,1].
[[3,6,1,0,0,0,2,2,0],7,0].
[[2,7,2,1,1,2,0,0,0],5,2].
[[3,7,2,0,0,0,2,2,0],3,0].
[[1,5,0,0,0,0,2,2,0],3,0].
[[2,9,2,0,0,0,2,3,1],0,5].
[[1,8,0,1,2,2,1,2,0],3,11].
[[3,3,1,1,2,2,1,2,2],2,0].
[[2,9,2,1,1,2,2,3,0],17,37].
[[1,8,0,1,1,2,1,2,2],7,6].
[[3,8,0,1,2,0,2,3,2],0,3].
[[2,7,0,1,1,2,2,1,0],1,0].
[[2,3,2,1,2,2,2,3,2],1,0].
[[2,6,0,1,2,2,2,2,0],2,7].
[[3,3,1,1,2,2,2,2,0],6,3].
[[3,6,1,0,0,0,2,3,0],10,1].
[[3,8,1,1,1,0,2,3,1],0,7].
[[2,7,0,0,0,0,2,2,2],0,3].
[[3,7,0,1,2,0,2,2,2],0,2].
[[2,4,2,1,2,0,0,0,0],18,1].
[[2,8,0,0,0,0,1,1,0],0,9].
[[2,8,1,0,0,0,1,1,0],6,11].
[[1,9,2,1,1,2,1,2,1],9,8].
[[3,3,1,1,2,2,2,3,1],7,1].
[[3,6,0,1,1,2,2,3,2],0,6].
[[2,9,1,1,2,2,2,3,2],0,8].
[[2,8,0,1,2,2,1,1,0],0,24].
[[3,7,0,1,1,2,1,1,0],0,8].
[[3,9,1,1,1,2,1,2,1],0,13].
[[3,8,0,1,2,0,2,1,0],0,14].
[[3,6,1,1,1,2,2,1,0],0,1].
[[2,9,2,1,2,2,2,3,2],2,17].
[[2,6,1,1,2,0,0,0,0],9,0].
[[2,7,1,1,2,0,2,2,2],5,7].
[[3,7,1,1,1,0,2,2,2],2,4].
[[3,7,0,1,2,2,1,2,0],0,5].
[[3,4,2,1,2,0,2,2,1],3,1].
[[2,7,1,1,1,2,2,2,0],5,2].
[[2,6,0,1,2,2,2,3,2],1,4].
[[3,6,1,0,0,0,1,1,0],2,0].
[[1,7,2,1,2,2,2,1,2],11,1].
[[3,7,1,1,1,0,0,0,0],0,3].
[[3,9,0,0,0,0,1,1,2],0,4].
[[2,8,1,1,1,2,2,3,2],19,18].
[[2,6,0,1,1,2,2,1,2],0,1].
[[3,9,1,1,1,2,2,1,0],0,11].
[[2,7,1,1,2,0,2,3,0],3,3].
[[2,6,0,0,0,0,0,0,0],0,3].
[[2,8,0,1,1,2,1,1,2],12,16].
[[3,7,0,0,0,0,1,2,0],0,3].
[[3,6,1,0,0,0,0,0,0],0,1].
[[3,7,1,0,0,0,2,3,2],7,5].
[[2,9,1,1,2,0,0,0,0],0,4].
[[3,8,1,1,1,0,2,1,1],0,2].
[[1,8,1,1,2,0,2,3,0],7,5].
[[3,7,0,1,2,0,2,3,0],0,7].
[[2,8,1,1,1,0,1,2,2],1,4].
[[3,8,0,0,0,0,1,1,0],0,16].
[[2,4,2,1,2,0,1,2,1],14,2].
[[1,8,1,1,2,0,2,1,0],3,1].
[[2,9,1,1,1,0,1,2,2],0,4].
[[3,9,0,1,1,0,1,2,2],0,8].
[[2,8,1,1,1,2,1,1,2],14,12].
[[3,7,2,0,0,0,1,2,1],1,0].
[[1,7,2,1,2,2,2,3,0],2,0].
[[2,3,2,1,2,2,2,3,0],1,0].
[[3,3,2,1,2,2,1,2,0],1,0].
[[2,9,1,0,0,0,0,0,0],1,5].
[[3,3,1,0,0,0,2,2,0],2,0].
[[3,6,1,1,2,2,1,2,2],16,1].
[[2,9,2,1,2,0,2,1,0],1,6].
[[3,9,1,1,1,0,1,2,0],0,10].
[[2,7,1,1,1,2,2,3,1],6,8].
[[2,7,2,1,2,2,1,1,2],7,6].
[[3,6,1,0,0,0,2,1,2],8,0].
[[2,9,1,1,2,0,2,3,1],0,8].
[[3,5,0,0,0,0,1,1,0],5,2].
[[1,5,0,1,2,0,1,2,1],0,1].
[[2,5,0,1,2,0,1,2,1],2,2].
[[2,9,1,1,2,0,1,1,2],2,7].
[[1,8,1,1,2,2,1,1,1],3,0].
[[3,7,1,1,2,2,1,1,1],3,1].
[[2,8,0,1,2,0,2,3,2],0,8].
[[3,8,0,0,0,0,2,3,1],0,7].
[[1,7,2,0,0,0,2,3,1],1,1].
[[1,7,2,0,0,0,1,2,2],6,3].
[[3,3,2,1,2,0,1,2,2],3,0].
[[2,8,0,1,2,2,2,2,1],3,13].
[[1,6,1,0,0,0,2,1,0],4,0].
[[2,6,1,1,2,2,2,1,0],4,0].
[[3,9,0,1,1,0,1,2,0],0,17].
[[1,4,2,1,2,0,2,2,2],9,0].
[[2,5,0,1,2,0,2,3,0],9,0].
[[3,5,0,1,2,0,1,2,0],10,3].
[[3,5,0,1,1,0,1,2,2],1,1].
[[1,9,2,1,2,0,1,1,0],0,7].
[[2,8,1,1,2,0,1,1,0],2,8].
[[3,7,1,1,1,0,1,2,0],4,1].
[[3,3,1,1,2,0,1,2,0],1,0].
[[1,8,1,1,2,0,2,3,2],8,10].
[[1,6,0,1,2,2,0,0,0],2,11].
[[3,3,1,1,1,2,2,3,0],4,0].
[[2,3,2,0,0,0,2,2,2],5,0].
[[3,3,2,1,2,0,2,2,2],1,0].
[[3,3,1,1,2,0,0,0,0],4,0].
[[2,7,1,1,2,2,1,2,0],3,1].
[[2,5,0,0,0,0,2,1,0],4,1].
[[1,4,2,1,2,0,1,2,2],8,0].
[[1,7,1,0,0,0,2,2,1],4,1].
[[2,7,1,1,2,0,1,1,2],1,0].
[[3,8,1,0,0,0,2,3,2],2,4].
[[3,6,1,1,1,2,2,3,1],3,0].
[[3,2,1,1,2,0,0,0,0],1,0].
[[2,9,2,1,1,2,2,3,1],2,4].
[[2,9,2,1,1,0,1,1,2],1,1].
[[3,4,0,1,2,0,1,1,2],0,2].
[[3,6,0,1,2,2,2,2,2],0,2].
[[2,6,0,1,2,2,1,1,2],0,1].
[[3,8,0,1,2,2,2,2,2],0,7].
[[3,9,0,1,2,0,2,1,0],0,12].
[[2,7,2,1,2,2,1,2,1],5,1].
[[2,9,2,0,0,0,2,2,1],1,5].
[[2,9,2,0,0,0,1,1,0],3,8].
[[3,7,1,0,0,0,2,2,1],1,7].
[[2,8,0,1,2,2,2,1,1],2,5].
[[3,7,1,0,0,0,1,2,1],7,2].
[[3,3,0,1,2,2,2,2,2],0,1].
[[2,7,1,1,1,2,2,2,1],5,1].
[[3,6,1,1,1,2,1,1,2],2,0].
[[2,7,1,0,0,0,2,2,1],5,4].
[[2,8,0,1,2,0,1,2,2],2,9].
[[1,7,1,1,2,2,2,3,1],3,5].
[[2,9,2,1,2,2,1,2,1],2,10].
[[3,7,0,0,0,0,0,0,0],0,5].
[[3,8,0,1,2,0,1,2,1],0,7].
[[1,7,2,1,2,0,0,0,0],3,2].
[[2,7,2,1,1,0,2,1,2],0,1].
[[3,7,2,1,1,0,1,2,2],4,2].
[[1,7,2,1,2,2,2,3,1],2,0].
[[3,7,2,1,1,2,2,1,0],2,1].
[[2,8,0,1,1,2,2,3,2],8,15].
[[3,6,1,1,2,2,0,0,0],6,1].
[[2,5,0,0,0,0,1,1,0],5,1].
[[2,6,1,1,2,2,2,2,2],17,1].
[[3,6,1,1,2,2,2,2,2],12,1].
[[2,6,1,1,1,2,2,3,0],4,0].
[[3,3,2,1,1,2,2,3,0],2,0].
[[3,5,0,1,1,0,1,1,1],0,2].
[[3,8,1,1,1,2,2,3,2],5,4].
[[3,9,1,1,1,2,0,0,0],0,2].
[[1,8,0,1,2,2,2,1,1],0,2].
[[3,6,1,1,2,0,2,1,2],6,0].
[[2,9,2,1,1,2,2,3,2],3,8].
[[3,5,0,1,1,0,2,3,0],2,0].
[[2,9,2,1,1,0,1,2,1],0,1].
[[3,9,1,1,1,0,1,2,1],0,1].
[[2,6,1,1,2,0,2,3,1],2,0].
[[3,6,1,1,2,0,1,2,2],12,0].
[[3,3,2,1,2,2,0,0,0],6,0].
[[3,5,0,0,0,0,2,3,0],7,0].
[[3,7,2,0,0,0,2,1,0],6,0].
[[2,6,0,1,2,2,2,1,2],1,4].
[[1,5,0,1,1,2,1,1,1],2,1].
[[2,5,0,1,1,2,1,1,1],12,1].
[[2,7,0,1,2,2,2,2,2],0,4].
[[1,8,0,0,0,0,2,2,1],1,0].
[[3,7,0,1,1,2,1,2,0],0,4].
[[2,5,0,1,1,2,2,1,0],5,0].
[[1,8,1,1,1,2,2,1,1],2,2].
[[3,9,1,0,0,0,1,2,1],0,4].
[[3,7,2,1,2,2,2,3,1],7,4].
[[3,8,1,1,1,0,2,1,2],0,1].
[[3,7,0,0,0,0,2,3,1],0,1].
[[3,8,0,1,1,0,1,2,0],0,10].
[[1,8,0,1,2,2,1,1,0],1,4].
[[3,9,0,1,1,0,2,3,0],0,3].
[[2,8,1,1,1,0,2,3,2],0,3].
[[1,8,1,1,2,0,1,2,1],3,1].
[[2,7,1,1,2,0,1,2,1],1,2].
[[3,9,0,1,1,0,1,2,1],0,4].
[[2,6,1,0,0,0,2,1,0],3,0].
[[3,6,1,1,2,0,2,1,0],5,0].
[[1,4,2,1,2,0,2,1,0],7,0].
[[2,6,1,0,0,0,2,2,2],17,0].
[[3,6,1,1,2,0,2,2,2],3,2].
[[1,5,0,1,1,2,2,2,0],1,0].
[[3,7,1,1,1,2,1,1,0],7,2].
[[3,3,2,0,0,0,2,3,2],4,0].
[[2,9,2,1,2,2,2,3,1],2,14].
[[2,3,2,0,0,0,2,1,2],4,0].
[[2,7,1,1,2,0,2,2,0],2,3].
[[3,7,0,1,1,2,2,3,2],0,2].
[[3,6,1,1,2,0,2,1,1],2,0].
[[3,1,2,1,2,0,1,2,1],2,0].
[[2,6,0,1,2,2,1,2,0],0,3].
[[3,2,0,1,2,2,1,2,0],0,1].
[[3,3,2,0,0,0,1,2,2],3,0].
[[1,8,1,1,2,0,1,1,1],0,1].
[[3,7,2,0,0,0,1,2,0],6,0].
[[1,9,2,1,2,0,2,2,1],2,2].
[[2,9,2,1,1,0,2,2,1],1,1].
[[3,8,0,1,1,0,2,2,1],0,1].
[[2,3,1,0,0,0,2,1,1],1,0].
[[3,3,1,0,0,0,2,1,1],1,0].
[[1,5,0,0,0,0,2,1,0],1,1].
[[1,8,0,0,0,0,1,1,0],0,2].
[[1,7,1,0,0,0,2,3,2],2,3].
[[1,6,1,0,0,0,2,3,1],8,0].
[[3,6,1,1,1,2,1,2,0],2,0].
[[1,6,1,0,0,0,2,2,2],12,0].
[[3,2,1,1,2,2,2,2,2],1,0].
[[2,7,0,1,1,2,2,2,0],1,0].
[[1,8,0,1,1,2,1,1,0],3,0].
[[2,7,1,1,1,2,1,1,0],1,0].
[[1,8,1,1,2,2,1,2,0],13,6].
[[2,7,2,1,2,2,1,2,0],2,0].
[[3,7,2,0,0,0,2,3,0],5,0].
[[1,5,0,1,2,2,1,1,1],9,2].
[[2,6,1,0,0,0,2,1,2],10,0].
[[2,7,0,0,0,0,2,1,2],1,2].
[[3,7,1,1,1,0,1,1,2],1,3].
[[2,6,1,1,1,2,2,2,1],2,0].
[[3,3,2,1,1,2,1,1,2],1,0].
[[3,3,1,1,2,0,2,3,0],2,0].
[[3,6,1,1,1,0,2,3,0],2,0].
[[2,1,2,1,2,0,1,1,0],2,0].
[[3,1,2,1,2,0,1,1,0],2,0].
[[1,8,1,1,2,0,1,1,2],1,1].
[[1,7,1,1,2,2,1,2,1],1,0].
[[2,2,1,0,0,0,2,1,2],1,0].
[[3,2,1,1,2,0,2,1,2],1,0].
[[3,7,1,1,1,2,2,1,1],0,1].
[[2,3,2,1,2,2,2,1,2],1,0].
[[3,7,1,0,0,0,2,1,1],1,2].
[[2,9,1,1,2,0,1,2,1],0,8].
[[3,8,1,1,2,2,1,1,1],4,5].
[[2,7,1,1,2,2,1,1,1],1,1].
[[3,7,2,1,1,0,2,3,2],3,1].
[[2,3,2,1,2,2,0,0,0],7,0].
[[3,8,0,1,1,2,2,2,2],0,5].
[[3,7,2,0,0,0,1,1,2],7,3].
[[3,6,1,1,1,0,0,0,0],1,0].
[[1,8,1,1,1,2,1,2,2],3,3].
[[1,6,1,1,2,2,2,2,0],2,0].
[[2,6,1,1,2,2,2,2,0],4,0].
[[3,6,1,1,2,2,1,1,0],3,0].
[[3,7,1,1,2,0,1,1,0],1,1].
[[1,7,1,1,2,2,2,2,2],7,1].
[[3,7,2,0,0,0,2,3,2],4,1].
[[3,9,1,1,2,0,2,1,0],0,4].
[[3,6,0,0,0,0,2,1,0],0,2].
[[1,7,2,1,2,2,2,2,0],1,0].
[[3,7,0,0,0,0,2,1,0],0,3].
[[2,3,2,0,0,0,2,3,2],2,0].
[[3,9,1,0,0,0,1,1,0],0,12].
[[3,7,0,1,2,2,1,1,0],0,3].
[[2,7,1,1,2,0,2,3,1],2,3].
[[3,7,0,1,2,0,2,3,1],0,1].
[[1,7,2,1,2,2,2,1,0],1,0].
[[2,6,0,1,2,2,2,1,0],0,1].
[[3,6,0,1,2,2,2,1,0],0,2].
[[3,8,1,1,1,2,2,1,1],0,2].
[[2,8,0,1,2,0,1,2,1],0,3].
[[3,7,0,1,2,2,1,2,1],0,2].
[[2,9,2,1,2,2,2,1,2],1,9].
[[3,7,2,1,1,0,2,1,2],1,0].
[[1,8,1,1,1,2,1,1,1],2,0].
[[2,8,1,1,1,2,1,1,1],2,1].
[[3,5,0,1,2,0,1,1,0],3,3].
[[2,7,0,0,0,0,2,3,2],0,1].
[[3,7,0,1,2,0,2,2,0],0,8].
[[3,7,0,1,2,0,2,1,2],0,2].
[[3,5,0,1,1,0,1,2,1],3,2].
[[2,8,0,0,0,0,1,2,1],0,2].
[[3,8,1,0,0,0,2,1,2],5,1].
[[3,6,1,1,2,2,1,2,0],11,0].
[[1,4,2,1,2,0,2,1,2],8,2].
[[3,6,1,1,1,2,2,2,2],2,0].
[[1,7,2,1,2,0,2,2,2],2,0].
[[3,7,2,1,1,2,2,3,1],4,2].
[[2,7,0,0,0,0,2,3,1],0,1].
[[3,7,0,0,0,0,1,1,2],0,5].
[[2,7,1,1,2,0,2,1,2],6,5].
[[3,7,1,1,1,0,2,1,2],0,3].
[[2,9,2,1,2,0,2,3,2],0,4].
[[3,3,2,1,1,2,0,0,0],2,0].
[[1,8,1,1,1,2,1,1,2],4,0].
[[2,7,2,1,2,2,2,1,0],1,0].
[[2,9,1,1,1,0,1,1,0],0,1].
[[2,8,1,1,1,0,2,2,0],1,3].
[[1,5,0,0,0,0,1,2,1],4,0].
[[1,8,1,1,1,2,1,2,1],1,1].
[[2,7,1,1,1,2,2,1,1],1,0].
[[3,7,0,1,1,2,1,2,2],0,6].
[[1,4,2,1,2,0,1,2,0],8,1].
[[1,5,0,1,1,2,1,2,1],2,0].
[[2,7,2,0,0,0,2,2,0],5,0].
[[1,7,2,0,0,0,1,1,1],0,1].
[[2,7,2,1,2,2,1,1,1],0,1].
[[3,7,2,1,2,2,1,1,1],0,1].
[[2,6,1,1,1,2,2,1,2],1,0].
[[2,8,1,1,1,0,2,2,2],1,3].
[[3,3,1,0,0,0,2,1,2],2,0].
[[3,7,2,0,0,0,1,1,0],1,0].
[[2,7,1,1,2,0,2,3,2],2,3].
[[3,7,1,1,1,0,1,2,1],0,2].
[[1,8,0,1,1,2,1,1,2],2,0].
[[2,7,1,1,1,2,1,1,2],3,0].
[[1,8,0,1,2,2,1,2,1],0,1].
[[3,7,1,1,1,2,1,1,1],1,1].
[[3,3,2,1,2,0,2,1,2],2,0].
[[2,9,2,1,2,0,1,1,0],0,4].
[[3,6,0,0,0,0,1,2,2],0,1].
[[3,8,0,1,2,2,2,2,1],0,5].
[[1,6,0,0,0,0,2,3,1],0,1].
[[2,6,0,0,0,0,2,3,1],0,2].
[[3,6,0,1,2,0,2,3,1],0,1].
[[2,9,2,1,2,2,2,1,1],0,1].
[[3,8,0,1,2,2,2,1,1],0,3].
[[1,6,1,1,2,2,1,2,1],1,0].
[[2,6,1,1,2,2,1,2,0],2,0].
[[3,3,1,1,2,2,1,2,0],2,0].
[[2,6,1,1,2,2,2,1,1],2,0].
[[3,3,1,1,2,2,2,1,1],3,0].
[[3,7,1,1,2,0,0,0,0],2,6].
[[3,6,0,1,2,2,2,3,1],0,7].
[[3,9,0,1,1,0,1,1,2],0,4].
[[3,2,1,0,0,0,1,2,2],1,0].
[[3,6,1,0,0,0,1,2,1],2,1].
[[3,6,0,1,1,2,2,3,1],0,3].
[[1,6,1,0,0,0,2,2,0],2,1].
[[2,9,2,1,2,2,2,2,1],0,6].
[[2,8,1,1,2,0,1,1,1],0,5].
[[2,5,0,1,2,0,1,2,2],3,1].
[[2,6,1,1,2,0,2,1,0],1,0].
[[1,7,1,1,2,2,2,3,2],3,0].
[[2,6,0,0,0,0,1,1,2],0,1].
[[3,6,0,1,2,0,1,1,2],0,2].
[[3,9,1,0,0,0,2,2,0],0,8].
[[2,3,2,1,2,0,0,0,0],2,0].
[[2,6,0,0,0,0,2,2,0],0,2].
[[3,6,0,1,2,2,2,2,0],0,13].
[[3,9,1,1,1,2,2,2,1],0,2].
[[2,7,0,1,2,2,1,1,0],0,1].
[[1,7,2,0,0,0,1,1,2],3,2].
[[3,3,2,1,2,2,2,1,2],3,0].
[[3,7,0,1,2,2,2,2,2],0,6].
[[2,7,1,1,2,0,2,1,0],0,1].
[[3,7,1,1,1,0,1,1,0],0,1].
[[2,8,1,1,1,0,1,2,0],1,0].
[[3,3,1,0,0,0,2,3,0],3,0].
[[2,6,0,1,1,2,2,3,2],1,2].
[[2,7,2,0,0,0,1,2,1],2,1].
[[3,6,0,1,2,2,1,1,0],0,2].
[[1,7,1,1,2,2,2,2,0],1,1].
[[3,3,2,1,1,0,0,0,0],1,0].
[[3,5,0,1,1,0,2,1,0],1,1].
[[3,8,0,1,1,0,0,0,0],0,2].
[[3,7,1,1,1,0,2,1,0],0,3].
[[3,7,0,1,2,0,1,2,1],0,3].
[[1,4,2,1,2,0,2,1,1],0,1].
[[2,7,0,1,2,2,2,1,2],0,3].
[[2,6,0,1,1,2,2,2,2],1,2].
[[3,3,0,1,1,2,2,2,2],0,1].
[[2,7,1,0,0,0,2,1,0],5,1].
[[3,7,1,0,0,0,1,1,0],2,3].
[[3,7,0,1,1,2,2,1,0],0,4].
[[3,1,2,1,2,0,1,1,2],2,0].
[[3,6,1,1,1,2,1,2,2],2,0].
[[2,7,2,1,1,2,2,2,2],2,1].
[[2,9,2,0,0,0,1,2,1],0,3].
[[3,6,1,1,1,2,2,3,2],5,1].
[[3,3,2,1,2,2,2,2,2],6,1].
[[2,7,2,1,2,0,2,3,0],0,1].
[[2,6,1,1,2,2,1,1,2],2,0].
[[1,5,0,1,2,2,1,1,0],1,1].
[[3,6,1,1,1,0,2,3,1],1,0].
[[3,4,2,1,2,0,2,1,1],2,0].
[[3,3,1,1,2,2,1,2,1],6,0].
[[1,9,2,1,1,2,2,1,1],1,2].
[[3,7,1,1,1,0,2,3,2],1,3].
[[1,8,1,1,1,2,2,1,0],3,1].
[[1,8,1,1,2,0,2,1,1],3,5].
[[3,2,1,0,0,0,0,0,0],2,0].
[[3,7,2,1,1,0,2,1,0],3,0].
[[3,3,1,1,1,2,2,2,0],1,0].
[[2,7,1,1,2,0,2,1,1],1,1].
[[2,6,1,1,2,2,1,2,2],4,0].
[[3,3,2,1,2,0,1,2,1],1,0].
[[3,7,2,1,1,0,2,3,1],0,1].
[[3,7,2,0,0,0,0,0,0],3,0].
[[2,7,1,1,1,2,2,1,0],2,1].
[[2,9,1,1,1,2,2,2,1],0,2].
[[3,6,1,1,2,2,2,1,0],5,0].
[[2,7,2,1,1,2,2,3,1],2,0].
[[3,3,2,1,1,2,2,3,1],2,0].
[[3,7,0,1,2,0,1,2,2],0,3].
[[3,7,0,1,1,2,1,1,2],0,4].
[[2,7,1,1,2,0,1,2,2],2,1].
[[3,8,1,1,1,0,1,1,1],0,2].
[[3,6,1,1,1,2,2,1,2],4,0].
[[2,7,2,1,1,0,2,2,0],1,0].
[[3,7,2,1,1,0,2,2,0],1,1].
[[1,7,1,0,0,0,1,2,1],1,0].
[[3,7,1,1,1,0,2,3,1],2,2].
[[1,6,0,0,0,0,0,0,0],1,2].
[[2,3,1,0,0,0,2,1,2],3,0].
[[3,3,1,0,0,0,1,2,2],1,0].
[[2,7,2,1,1,0,0,0,0],1,1].
[[3,3,1,1,1,2,2,2,2],2,0].
[[2,9,1,1,1,2,2,2,2],1,1].
[[2,8,0,1,2,0,1,1,0],0,3].
[[3,7,0,0,0,0,1,2,2],0,4].
[[3,6,0,1,1,2,2,2,2],0,3].
[[2,7,0,1,2,2,2,2,0],0,1].
[[3,6,1,1,2,0,1,1,0],1,0].
[[2,3,2,1,2,0,2,2,0],1,0].
[[3,2,1,1,2,0,2,2,0],1,0].
[[3,6,0,1,2,0,2,1,2],0,1].
[[3,6,1,1,2,0,2,2,1],3,0].
[[1,7,1,1,2,2,2,3,0],3,1].
[[2,6,0,1,1,2,2,2,1],0,1].
[[2,3,2,1,2,2,2,2,2],1,0].
[[3,8,1,0,0,0,2,2,2],1,1].
[[2,7,2,1,1,2,2,1,0],1,0].
[[2,6,1,1,2,0,2,2,0],1,0].
[[1,8,0,1,1,2,1,2,0],2,1].
[[3,9,1,1,1,0,2,3,0],0,2].
[[3,2,1,1,2,2,2,3,1],1,0].
[[3,6,0,1,1,2,1,1,0],0,1].
[[2,7,0,1,2,2,1,2,0],0,1].
[[2,7,2,1,2,0,2,3,1],4,0].
[[2,8,0,1,2,0,2,3,1],1,3].
[[2,7,0,0,0,0,2,2,0],0,3].
[[3,2,1,1,2,2,2,3,0],1,0].
[[3,7,2,1,1,2,1,1,1],0,1].
[[1,9,2,1,2,2,1,1,1],0,2].
[[2,5,0,1,1,2,2,2,0],2,0].
[[3,3,1,1,1,2,1,2,1],1,0].
[[3,3,2,1,2,2,2,3,0],2,0].
[[3,3,2,1,2,0,2,1,0],1,0].
[[2,6,0,0,0,0,2,3,2],1,1].
[[2,8,0,1,2,0,2,2,1],0,1].
[[2,1,2,1,2,0,1,2,0],2,0].
[[3,1,2,1,2,0,1,2,0],2,0].
[[2,8,1,1,1,0,1,2,1],2,1].
[[2,7,2,1,1,0,1,1,2],1,1].
[[2,7,2,0,0,0,1,1,1],0,1].
[[1,7,2,0,0,0,2,2,0],5,0].
[[3,7,2,1,1,2,1,1,0],1,0].
[[2,8,1,1,1,0,1,1,0],0,1].
[[2,5,0,1,2,0,1,2,0],1,0].
[[1,6,0,1,2,2,2,3,0],0,2].
[[3,3,1,1,2,0,1,2,2],2,0].
[[3,3,2,1,2,0,2,3,2],1,0].
[[2,9,1,1,2,2,1,1,1],0,1].
[[3,9,0,1,2,2,1,1,1],0,1].
[[2,9,2,1,1,0,2,1,0],0,1].
[[2,7,2,1,2,0,1,1,1],1,0].
[[3,3,2,1,2,0,1,1,1],1,0].
[[3,7,0,1,2,0,1,1,2],0,1].
[[3,3,1,1,2,0,2,2,0],2,0].
[[2,2,1,0,0,0,2,2,1],1,0].
[[2,3,1,1,2,2,2,1,0],1,0].
[[3,3,1,1,2,2,2,1,0],1,0].
[[3,8,1,1,2,0,2,1,2],2,0].
[[3,7,2,1,2,0,1,1,0],2,0].
[[3,1,1,1,2,0,1,1,0],1,0].
[[3,3,2,0,0,0,2,3,0],1,0].
[[2,7,2,1,1,2,2,3,2],2,0].
[[2,3,1,0,0,0,0,0,0],4,0].
[[2,3,1,0,0,0,2,2,2],2,0].
[[3,2,1,0,0,0,2,2,2],1,0].
[[3,3,0,1,1,2,2,3,0],0,1].
[[2,7,1,1,1,2,1,2,0],1,0].
[[2,7,0,0,0,0,1,2,2],0,3].
[[2,9,2,1,2,0,1,2,1],0,1].
[[3,8,1,1,1,0,2,2,1],0,1].
[[3,8,0,1,2,0,2,2,1],0,1].
[[3,3,1,1,2,0,2,2,2],1,0].
[[2,7,2,1,1,2,1,1,2],1,0].
[[3,3,1,1,1,2,2,3,2],1,0].
[[3,8,1,1,2,0,2,1,1],0,1].
[[3,7,2,1,2,2,2,1,0],4,1].
[[3,8,0,1,2,2,1,1,1],0,1].
[[2,8,1,1,1,0,2,2,1],0,1].
[[3,6,1,1,1,0,2,2,1],0,1].
[[2,7,0,1,1,2,1,2,2],1,0].
[[3,6,0,0,0,0,2,3,0],0,2].
[[3,3,2,1,2,0,2,2,0],1,0].
[[2,6,1,1,2,0,2,3,2],2,0].
[[1,6,0,1,2,2,2,3,2],0,1].
[[2,6,0,1,1,2,1,2,2],0,1].
[[3,6,0,1,1,2,1,2,2],0,2].
[[2,7,2,1,1,2,2,3,0],1,0].
[[3,3,1,1,2,2,2,3,0],0,3].
[[1,5,0,1,2,0,2,1,0],2,1].
[[2,9,1,1,2,0,2,2,2],0,1].
[[3,3,2,1,1,0,2,1,2],1,0].
[[2,7,0,1,1,2,2,3,2],0,1].
[[3,7,0,1,1,2,2,2,1],0,1].
[[3,3,1,0,0,0,1,1,2],1,0].
[[2,9,2,1,1,0,2,3,2],0,1].
[[3,8,0,1,1,0,2,3,2],0,1].
[[2,9,1,0,0,0,2,3,2],0,1].
[[3,6,1,1,1,2,0,0,0],1,0].
[[2,6,0,1,1,2,2,1,0],0,1].
[[3,9,1,1,1,0,2,3,1],0,1].
[[2,7,0,1,2,2,2,3,2],0,1].
[[3,3,1,1,2,2,1,1,2],0,1].
[[2,3,1,1,2,2,2,3,2],1,0].
[[3,3,1,1,1,2,1,2,2],1,0].
[[3,3,1,1,2,0,2,3,2],1,0].
[[3,9,0,1,1,0,2,2,0],0,2].
[[3,6,1,0,0,0,1,1,1],1,0].
[[3,3,2,1,2,2,1,2,2],2,0].
[[1,5,0,1,2,2,1,2,1],2,0].
[[1,7,1,1,2,2,2,2,1],0,2].
[[3,9,1,1,2,2,2,2,1],0,1].
[[1,8,1,1,1,2,1,2,0],1,0].
[[2,6,1,1,1,2,1,2,0],1,0].
[[3,7,2,1,1,0,2,2,2],1,0].
[[3,1,2,1,2,0,2,1,0],2,0].
[[2,6,1,0,0,0,1,2,1],1,0].
[[1,6,0,1,2,2,2,1,1],1,0].
[[2,6,0,1,1,2,2,3,0],1,0].
[[3,4,0,1,2,0,1,2,0],0,1].
[[3,6,0,1,2,0,2,3,0],0,1].
[[3,8,1,1,1,2,0,0,0],0,2].
[[3,6,0,1,1,2,0,0,0],0,2].
[[3,5,0,1,1,0,1,1,0],0,2].
[[3,7,0,0,0,0,2,2,2],0,1].
[[1,8,1,1,2,0,1,2,0],0,1].
[[3,9,0,1,1,0,2,1,0],0,2].
[[1,7,2,1,2,0,1,1,2],1,0].
[[3,6,1,1,1,2,2,2,1],2,1].
[[2,3,2,0,0,0,2,3,0],1,0].
[[3,3,2,1,2,2,2,2,0],2,0].
[[3,8,1,1,2,2,0,0,0],1,1].
[[3,6,0,1,2,0,2,2,0],0,1].
[[3,6,1,1,2,0,0,0,0],1,0].
[[2,9,1,1,1,0,0,0,0],0,1].
[[1,4,2,1,2,0,2,3,1],2,0].
[[1,8,0,0,0,0,1,2,1],0,2].
[[3,7,0,1,1,2,2,1,1],0,1].
[[2,6,1,1,2,0,1,2,1],2,0].
[[3,6,0,0,0,0,2,2,2],0,1].
[[2,9,1,1,1,0,2,1,0],0,1].
[[2,3,1,0,0,0,2,2,1],1,0].
[[3,3,1,1,2,0,2,2,1],2,0].
[[2,7,2,1,1,2,2,2,0],2,0].
[[2,8,1,1,1,0,2,1,0],1,0].
[[2,5,0,1,2,0,1,1,0],1,1].
[[3,3,2,1,1,2,2,2,2],2,0].
[[1,3,2,0,0,0,2,1,2],1,0].
[[2,3,2,1,2,2,1,2,2],1,0].
[[3,9,0,0,0,0,1,2,1],0,2].
[[1,7,2,1,2,0,1,2,1],0,1].
[[2,7,2,1,1,0,1,2,1],0,1].
[[2,7,2,0,0,0,1,1,0],1,0].
[[3,8,0,1,1,0,1,1,2],0,2].
[[1,5,0,1,1,2,1,2,0],1,0].
[[1,7,2,1,2,2,1,1,2],0,1].
[[2,7,2,1,1,0,2,3,2],2,0].
[[3,9,1,1,2,2,2,3,1],0,3].
[[1,7,1,0,0,0,2,1,0],0,1].
[[1,6,1,1,2,2,2,2,2],2,0].
[[3,7,0,1,2,2,2,2,1],0,3].
[[2,8,1,1,1,0,2,1,1],0,1].
[[1,1,2,1,2,0,1,1,0],1,0].
[[2,6,1,1,2,2,1,1,1],1,0].
[[3,3,2,1,2,2,1,1,1],1,0].
[[3,7,2,1,2,2,0,0,0],2,0].
[[2,7,0,1,1,2,2,2,2],1,1].
[[3,6,1,1,2,0,1,2,1],2,0].
[[1,6,1,1,2,2,2,1,0],1,0].
[[2,1,2,1,2,0,2,3,0],1,0].
[[3,1,2,1,2,0,2,3,0],1,0].
[[3,7,2,0,0,0,1,1,1],0,1].
[[2,7,0,1,1,2,2,3,0],0,2].
[[3,6,1,1,1,0,1,2,1],1,0].
[[1,5,0,1,2,0,2,3,0],1,0].
[[3,5,0,1,1,0,2,2,0],1,0].
[[3,8,1,1,2,0,1,1,1],1,1].
[[3,6,0,1,2,2,2,2,1],0,1].
[[1,6,0,1,2,2,2,2,0],0,1].
[[2,5,0,1,1,0,1,1,2],1,0].
[[2,6,0,1,1,2,2,3,1],0,1].
[[1,7,2,0,0,0,2,1,0],1,0].
[[2,7,2,0,0,0,2,1,0],1,0].
[[2,6,1,0,0,0,2,1,1],1,0].
[[2,5,0,1,2,0,2,1,0],2,0].
[[2,4,2,1,2,0,2,1,1],1,0].
[[3,3,2,1,2,2,2,1,0],1,0].
[[2,9,2,0,0,0,2,1,1],0,1].
[[2,7,1,1,2,0,2,2,1],1,1].
[[2,3,1,0,0,0,2,3,1],1,0].
[[2,9,2,1,2,0,2,2,1],0,1].
[[3,9,1,1,2,0,2,2,1],0,1].
[[1,9,2,1,1,2,1,1,1],1,0].
[[2,8,1,1,1,0,2,1,2],0,1].
[[2,6,1,1,2,0,2,2,1],1,0].
[[3,7,0,0,0,0,2,3,2],0,1].
[[2,4,2,1,2,0,2,2,1],1,0].
[[3,6,1,1,1,0,1,2,0],0,1].
[[2,9,2,1,1,0,2,3,0],0,1].
[[2,6,0,1,1,2,1,2,0],1,0].
[[3,3,1,1,1,2,1,2,0],1,0].
[[3,9,1,1,2,0,0,0,0],0,1].
[[2,6,1,1,2,0,2,2,2],0,1].
[[3,6,1,1,1,0,1,2,2],0,1].
[[2,7,1,1,2,0,1,2,0],1,0].
[[2,7,0,0,0,0,2,1,0],0,1].
[[1,7,2,1,2,0,2,3,2],1,0].
[[3,8,0,0,0,0,2,2,2],0,1].
[[3,2,0,1,2,2,2,3,2],0,1].
