total_WL(19196,16810).
[[1,8,0,1,2,1,2,3,1],34,43].
[[2,8,0,1,2,1,2,1,1],82,125].
[[3,7,1,1,2,1,2,1,1],214,67].
[[1,7,2,0,0,0,0,0,0],248,24].
[[2,7,2,1,2,0,2,3,2],50,11].
[[3,7,2,1,2,0,1,2,2],39,7].
[[1,8,1,0,0,0,2,3,0],238,50].
[[2,6,1,0,0,0,2,3,0],20,0].
[[3,3,1,0,0,0,2,3,0],6,1].
[[1,8,1,0,0,0,0,0,0],1471,582].
[[2,8,1,0,0,0,2,1,0],58,17].
[[3,7,1,0,0,0,2,1,0],20,6].
[[1,9,2,0,0,0,2,1,0],246,270].
[[2,9,2,1,2,1,1,2,0],223,287].
[[3,9,2,1,1,1,1,2,0],73,189].
[[1,8,1,1,2,1,0,0,0],464,185].
[[2,8,1,1,2,1,2,2,1],397,158].
[[3,8,1,1,1,1,2,3,2],90,34].
[[1,8,1,1,2,1,2,1,1],139,60].
[[2,8,1,1,2,1,2,1,1],286,123].
[[3,8,1,1,1,1,2,1,1],89,58].
[[1,9,2,0,0,0,2,3,1],479,709].
[[2,9,2,1,2,1,2,3,1],151,280].
[[3,8,0,1,2,1,2,3,1],97,206].
[[1,9,2,1,2,0,1,2,1],6,17].
[[2,9,2,1,2,0,1,2,1],44,81].
[[3,9,2,1,1,0,1,2,1],2,27].
[[1,7,1,0,0,0,0,0,0],285,80].
[[2,7,1,0,0,0,0,0,0],269,101].
[[3,7,1,0,0,0,2,2,1],124,36].
[[1,8,1,0,0,0,2,1,1],371,148].
[[2,7,1,0,0,0,2,1,1],92,26].
[[3,3,1,0,0,0,2,1,1],8,0].
[[1,9,2,0,0,0,2,1,1],342,473].
[[2,9,2,0,0,0,1,2,1],232,367].
[[3,9,2,0,0,0,1,2,1],79,171].
[[1,9,2,0,0,0,2,2,0],539,701].
[[2,9,2,0,0,0,2,2,0],114,303].
[[3,9,2,0,0,0,2,2,0],6,59].
[[1,9,2,1,2,1,1,1,0],31,42].
[[2,9,2,1,1,1,1,1,0],17,22].
[[3,4,1,1,2,0,1,1,0],18,3].
[[2,8,1,0,0,0,0,0,0],187,97].
[[3,8,1,0,0,0,2,1,1],120,43].
[[2,8,1,1,2,1,2,3,2],449,128].
[[3,8,1,1,1,1,2,3,1],83,55].
[[1,8,1,0,0,0,2,3,2],983,338].
[[2,8,1,0,0,0,1,2,2],209,87].
[[3,8,1,0,0,0,1,2,2],113,54].
[[1,8,0,0,0,0,1,2,2],52,55].
[[2,8,0,0,0,0,1,2,2],76,130].
[[3,8,0,0,0,0,1,2,1],64,123].
[[1,8,1,1,2,0,0,0,0],49,41].
[[2,8,1,1,2,0,2,1,1],78,47].
[[3,7,2,1,2,0,2,1,1],36,1].
[[2,7,2,0,0,0,0,0,0],137,15].
[[3,7,2,1,2,0,2,3,2],73,3].
[[1,8,0,0,0,0,2,1,0],61,38].
[[2,8,0,0,0,0,2,1,0],66,80].
[[3,8,0,1,2,1,2,3,0],181,488].
[[1,9,2,0,0,0,2,2,1],422,586].
[[2,9,2,0,0,0,1,1,1],81,112].
[[3,8,0,0,0,0,1,1,1],26,51].
[[1,9,2,0,0,0,2,3,2],677,1069].
[[2,9,2,0,0,0,2,3,2],115,302].
[[3,9,2,1,2,1,1,2,2],58,246].
[[1,8,1,0,0,0,1,2,2],167,63].
[[2,8,1,1,2,0,1,2,2],43,19].
[[3,8,1,1,2,0,1,2,1],201,100].
[[2,8,1,0,0,0,1,2,0],105,31].
[[3,8,1,0,0,0,1,2,0],95,14].
[[1,8,0,0,0,0,2,3,2],232,336].
[[2,8,0,0,0,0,2,3,2],146,271].
[[3,7,0,1,2,0,2,3,2],4,7].
[[3,9,2,1,2,0,1,2,1],43,140].
[[1,7,2,0,0,0,2,2,1],34,2].
[[2,7,2,0,0,0,2,2,1],52,2].
[[3,7,2,1,2,0,1,2,0],4,0].
[[3,8,1,1,2,1,2,3,2],258,81].
[[1,9,2,0,0,0,2,3,0],879,1092].
[[2,9,2,1,2,1,2,3,0],260,553].
[[3,9,2,1,2,1,2,3,0],26,331].
[[3,8,0,1,2,1,2,3,2],73,224].
[[1,9,2,1,2,1,2,3,0],443,484].
[[2,8,1,1,1,1,2,3,0],24,6].
[[3,8,1,1,1,1,2,3,0],24,19].
[[2,9,2,0,0,0,1,2,2],164,243].
[[3,8,0,1,2,1,1,2,2],85,255].
[[2,8,1,0,0,0,2,2,1],454,158].
[[3,8,1,1,2,0,2,1,1],88,55].
[[1,9,2,1,2,1,2,3,1],223,292].
[[2,8,0,1,2,1,2,3,1],96,159].
[[1,8,0,1,2,1,0,0,0],223,305].
[[2,8,0,1,2,1,2,3,0],225,309].
[[3,8,0,1,1,1,2,3,0],51,176].
[[2,8,1,0,0,0,2,2,0],133,40].
[[3,8,1,1,2,1,2,2,1],325,140].
[[1,8,0,0,0,0,2,3,1],93,112].
[[2,8,0,1,2,0,2,3,1],17,24].
[[1,9,2,1,2,1,0,0,0],243,573].
[[2,8,1,1,2,1,0,0,0],143,103].
[[2,9,2,0,0,0,2,3,1],123,270].
[[3,9,2,0,0,0,2,1,1],17,64].
[[1,8,0,1,2,1,2,1,1],25,18].
[[2,8,1,1,2,1,1,1,1],113,83].
[[3,7,1,1,2,1,1,1,1],101,34].
[[1,9,2,1,2,1,2,2,1],199,255].
[[3,8,1,1,2,1,1,1,1],209,207].
[[1,2,1,0,0,0,2,1,1],1,0].
[[2,2,1,0,0,0,1,2,1],1,0].
[[3,2,1,1,2,1,1,2,1],1,0].
[[1,8,1,1,2,1,2,2,0],59,12].
[[2,8,1,1,2,1,2,2,0],101,40].
[[3,8,1,1,2,1,2,2,0],49,34].
[[1,7,1,0,0,0,2,3,2],72,23].
[[2,7,1,1,2,0,2,3,2],34,12].
[[3,7,1,1,1,0,2,2,1],8,8].
[[1,3,2,0,0,0,0,0,0],26,0].
[[2,3,2,1,2,1,0,0,0],13,0].
[[3,3,2,1,2,1,2,1,1],17,0].
[[1,9,2,0,0,0,1,2,1],256,256].
[[2,5,0,0,0,0,1,1,1],121,9].
[[3,5,0,0,0,0,1,1,1],134,7].
[[1,9,2,1,2,1,2,3,2],279,476].
[[2,9,2,1,2,1,2,3,2],108,306].
[[3,9,2,1,2,1,1,1,1],80,186].
[[2,8,1,0,0,0,2,1,1],359,128].
[[3,7,2,0,0,0,2,1,1],38,2].
[[2,9,2,1,2,1,2,2,1],143,281].
[[3,9,2,1,2,1,2,2,1],41,92].
[[3,8,1,1,2,1,1,2,2],270,107].
[[2,9,2,0,0,0,2,1,0],48,104].
[[3,9,2,0,0,0,1,1,0],10,63].
[[2,9,2,1,2,1,2,1,0],38,107].
[[3,9,2,1,1,1,2,3,0],14,132].
[[1,8,0,0,0,0,0,0,0],627,913].
[[3,7,1,1,2,1,1,2,1],211,65].
[[1,9,2,0,0,0,1,2,2],368,393].
[[2,8,0,1,2,1,1,2,2],77,112].
[[2,8,1,0,0,0,2,3,2],553,168].
[[3,7,2,0,0,0,2,3,2],73,5].
[[2,9,2,1,2,1,1,2,2],161,294].
[[3,9,2,1,1,1,1,2,2],31,127].
[[2,8,0,0,0,0,1,2,1],60,77].
[[2,9,2,1,1,1,2,1,1],50,50].
[[3,9,2,1,1,1,2,1,1],19,61].
[[2,8,0,0,0,0,2,3,0],221,295].
[[3,6,0,1,2,1,2,3,0],18,27].
[[1,9,2,0,0,0,0,0,0],526,1393].
[[2,9,2,0,0,0,2,3,0],253,531].
[[3,9,2,0,0,0,1,2,0],87,161].
[[2,9,2,0,0,0,0,0,0],10,152].
[[3,8,1,1,2,0,0,0,0],3,6].
[[3,5,0,1,2,1,1,1,1],281,26].
[[3,8,1,1,2,1,2,1,1],293,133].
[[3,8,0,0,0,0,2,3,0],79,205].
[[1,8,0,0,0,0,2,3,0],173,170].
[[3,8,0,1,2,0,2,3,0],48,100].
[[2,7,1,1,2,1,0,0,0],190,73].
[[3,7,1,1,2,1,2,3,0],74,20].
[[2,8,1,1,1,1,1,2,1],54,31].
[[3,7,2,1,1,1,1,1,1],13,11].
[[1,8,1,1,2,0,2,3,1],28,16].
[[2,7,2,1,2,0,2,2,1],12,3].
[[3,7,2,1,2,0,2,2,1],29,7].
[[2,8,1,1,1,1,0,0,0],33,24].
[[3,7,1,1,1,1,0,0,0],32,16].
[[3,7,1,0,0,0,0,0,0],66,28].
[[3,8,1,1,2,1,1,2,1],581,244].
[[1,8,1,1,1,1,0,0,0],36,14].
[[3,8,1,1,1,1,2,2,1],98,54].
[[2,9,2,1,2,0,2,2,0],25,92].
[[3,8,0,1,2,1,2,2,0],80,268].
[[2,8,1,1,2,1,1,2,1],286,117].
[[1,9,2,1,2,0,2,3,2],28,52].
[[2,9,2,1,1,0,2,3,2],0,9].
[[3,9,2,1,1,0,1,1,1],3,12].
[[2,9,2,1,1,1,2,3,0],74,109].
[[2,9,2,1,2,1,2,2,0],122,305].
[[3,9,2,1,2,1,1,1,0],37,188].
[[1,8,1,1,2,0,2,3,2],48,30].
[[1,9,2,1,1,1,2,3,2],45,49].
[[2,4,1,1,2,0,1,2,2],13,1].
[[3,4,1,1,2,0,1,2,1],108,13].
[[2,7,1,0,0,0,2,3,2],181,58].
[[3,7,1,1,2,1,2,3,2],300,81].
[[3,8,1,1,2,1,2,3,1],235,115].
[[1,8,1,1,2,1,2,3,0],71,9].
[[2,8,1,1,2,1,2,3,0],113,50].
[[1,9,2,1,2,1,1,2,2],151,179].
[[2,5,0,1,2,1,1,2,2],8,2].
[[3,5,0,1,2,1,1,2,2],24,2].
[[2,9,2,0,0,0,2,2,1],156,285].
[[3,9,2,1,2,1,1,2,1],159,483].
[[1,9,2,1,2,1,1,2,0],125,124].
[[2,8,0,1,2,1,1,2,0],78,54].
[[3,7,0,1,2,1,1,2,0],19,9].
[[1,8,0,1,2,1,2,3,2],74,114].
[[3,8,0,1,1,1,1,2,2],29,71].
[[2,8,0,0,0,0,0,0,0],113,358].
[[3,8,0,1,2,0,0,0,0],1,22].
[[3,7,1,0,0,0,2,1,1],104,33].
[[1,8,1,1,2,1,2,3,2],332,87].
[[2,9,2,1,2,0,2,2,1],33,72].
[[3,8,0,0,0,0,2,2,0],31,114].
[[2,8,0,0,0,0,2,2,1],97,140].
[[3,7,0,0,0,0,2,2,1],10,8].
[[1,9,2,1,1,1,1,2,0],16,14].
[[2,8,0,1,1,1,1,2,0],12,13].
[[3,7,1,1,1,1,1,1,1],28,20].
[[1,9,2,0,0,0,1,1,0],66,99].
[[2,9,2,0,0,0,1,1,0],56,112].
[[3,9,2,1,2,0,1,1,0],8,54].
[[1,9,2,1,2,1,2,1,0],107,104].
[[3,5,0,1,1,1,1,2,0],68,5].
[[2,5,0,1,2,1,1,2,0],53,3].
[[1,8,0,0,0,0,2,2,0],106,119].
[[2,8,0,0,0,0,2,2,0],125,184].
[[3,8,0,1,2,0,2,2,0],24,74].
[[1,8,0,0,0,0,1,2,0],25,20].
[[3,7,1,0,0,0,2,3,0],35,15].
[[2,8,0,1,2,1,0,0,0],110,307].
[[2,8,0,1,2,1,1,2,1],60,69].
[[3,7,0,1,2,1,1,2,1],7,10].
[[3,9,2,0,0,0,2,3,0],13,128].
[[2,7,2,1,2,1,2,3,2],102,15].
[[1,8,1,1,2,1,2,3,1],203,50].
[[2,8,1,1,2,1,2,3,1],345,119].
[[2,8,0,1,2,1,2,3,2],118,265].
[[1,8,0,1,2,1,2,2,0],40,43].
[[3,8,0,1,1,1,1,2,0],61,70].
[[3,9,2,1,2,1,1,2,0],208,405].
[[1,9,2,1,2,1,2,1,1],153,216].
[[2,5,0,1,2,1,1,1,1],80,8].
[[3,7,0,1,1,1,2,3,2],5,12].
[[3,8,1,1,2,0,2,2,1],102,52].
[[1,9,2,1,2,1,2,2,0],227,316].
[[2,9,2,1,2,1,1,1,0],46,123].
[[3,9,2,1,1,1,1,1,0],19,64].
[[2,7,1,1,2,1,2,1,1],55,17].
[[1,8,1,0,0,0,1,2,1],224,99].
[[2,8,1,0,0,0,1,1,1],135,106].
[[3,8,1,0,0,0,1,1,1],97,80].
[[3,8,0,1,2,1,1,2,0],208,248].
[[1,7,1,0,0,0,2,3,0],6,0].
[[2,7,1,0,0,0,1,2,0],9,0].
[[3,7,1,1,2,1,1,2,0],65,2].
[[2,8,0,0,0,0,2,1,1],96,121].
[[2,8,0,1,2,1,2,1,0],56,62].
[[3,7,0,1,1,1,2,1,0],2,3].
[[3,6,1,1,2,1,2,2,1],72,3].
[[3,7,1,1,1,1,2,2,0],15,5].
[[2,8,1,0,0,0,2,3,0],161,54].
[[3,8,1,1,2,1,1,2,0],208,40].
[[1,9,2,0,0,0,1,1,1],102,99].
[[3,8,0,1,2,1,1,1,1],61,117].
[[2,9,2,0,0,0,2,1,1],149,225].
[[3,9,2,1,2,1,2,1,1],56,141].
[[2,9,2,1,2,1,0,0,0],5,146].
[[3,8,1,1,1,1,0,0,0],1,8].
[[1,8,1,1,2,1,2,2,1],205,61].
[[2,6,1,1,2,1,2,2,1],33,2].
[[3,3,2,1,2,1,2,2,1],9,0].
[[2,7,2,1,2,1,0,0,0],95,10].
[[3,7,2,1,2,1,0,0,0],49,5].
[[2,8,0,1,2,1,2,2,0],127,192].
[[3,8,0,1,1,1,2,2,0],30,107].
[[1,8,1,0,0,0,2,2,1],631,210].
[[1,7,2,1,2,1,2,3,2],32,6].
[[2,7,2,1,1,1,2,3,2],12,0].
[[3,7,2,1,1,1,2,3,1],20,1].
[[3,9,2,1,2,1,2,1,0],0,30].
[[1,8,0,1,2,1,2,2,1],43,31].
[[2,7,0,1,2,1,2,2,1],3,6].
[[3,7,0,1,2,1,1,1,1],8,7].
[[3,4,1,1,2,0,1,2,0],87,10].
[[1,9,2,1,1,1,2,3,0],66,44].
[[3,8,0,0,0,0,0,0,0],0,42].
[[2,8,1,1,2,0,2,3,0],40,21].
[[2,9,2,1,2,1,2,1,1],150,259].
[[3,8,0,1,2,1,2,2,1],90,203].
[[3,7,1,0,0,0,2,2,0],33,9].
[[2,8,1,1,2,0,2,3,2],111,54].
[[1,9,2,1,1,1,1,1,1],9,6].
[[2,9,2,1,1,1,1,1,1],23,22].
[[3,4,1,1,2,0,1,1,1],57,7].
[[2,9,2,1,2,1,1,1,1],93,148].
[[2,8,1,0,0,0,1,2,1],384,135].
[[3,7,2,1,2,0,1,2,1],49,4].
[[2,9,2,1,1,1,1,2,2],47,52].
[[2,9,2,1,1,1,1,2,0],67,68].
[[2,7,1,0,0,0,1,2,1],46,8].
[[3,7,1,0,0,0,1,2,1],103,24].
[[1,9,2,1,2,1,1,2,1],119,109].
[[3,8,0,1,2,1,1,2,1],153,340].
[[2,6,1,1,2,1,2,3,1],32,3].
[[3,2,1,1,2,1,2,3,1],1,0].
[[2,8,1,1,2,0,0,0,0],42,44].
[[3,7,2,1,2,0,0,0,0],34,8].
[[3,7,0,1,2,1,2,2,0],16,35].
[[1,9,2,0,0,0,1,2,0],307,276].
[[2,9,2,0,0,0,1,2,0],239,331].
[[3,5,0,0,0,0,1,2,0],86,0].
[[1,7,1,1,2,1,0,0,0],61,13].
[[2,3,1,1,2,1,0,0,0],20,0].
[[3,3,1,1,2,1,0,0,0],63,3].
[[1,5,0,0,0,0,1,1,1],45,4].
[[2,9,2,1,2,1,1,2,1],223,367].
[[3,8,1,1,2,1,2,3,0],49,46].
[[1,8,0,0,0,0,2,2,1],81,86].
[[3,8,0,1,2,0,1,2,1],40,73].
[[2,8,1,1,2,0,1,2,1],86,55].
[[3,7,2,1,2,1,1,2,1],91,8].
[[1,8,1,0,0,0,2,3,1],645,204].
[[2,8,1,0,0,0,2,3,1],450,173].
[[3,7,1,1,2,1,2,3,1],250,86].
[[2,8,0,0,0,0,1,1,1],31,39].
[[3,8,1,0,0,0,2,3,2],126,47].
[[3,8,1,1,1,1,1,1,1],74,67].
[[2,9,2,1,2,0,1,2,2],30,69].
[[3,9,2,1,2,0,1,2,2],18,70].
[[2,7,1,1,2,1,2,3,2],141,40].
[[1,8,1,0,0,0,2,2,0],173,39].
[[3,7,2,1,1,1,0,0,0],6,1].
[[2,7,2,0,0,0,1,2,2],52,9].
[[3,7,2,0,0,0,1,2,2],55,2].
[[2,9,2,1,2,0,1,1,1],14,36].
[[3,7,1,1,2,1,2,2,1],262,74].
[[1,6,1,0,0,0,0,0,0],234,9].
[[3,6,1,1,2,1,2,1,1],41,2].
[[2,8,1,1,2,0,2,3,1],110,58].
[[3,8,1,1,1,0,1,2,1],35,39].
[[2,8,1,1,1,1,2,3,2],90,22].
[[1,8,1,0,0,0,1,2,0],44,13].
[[2,8,1,1,2,0,1,2,0],21,8].
[[3,8,1,1,2,0,1,2,0],60,17].
[[2,8,0,0,0,0,2,3,1],136,157].
[[3,8,0,1,2,1,2,1,1],107,193].
[[2,9,2,1,1,1,2,3,1],40,51].
[[3,9,2,1,1,1,1,2,1],62,202].
[[3,8,1,0,0,0,1,2,1],284,108].
[[2,8,1,1,2,0,1,1,1],31,35].
[[3,8,1,1,1,0,1,1,1],6,26].
[[1,9,2,1,2,1,1,1,1],40,42].
[[2,7,2,1,2,0,0,0,0],39,7].
[[3,8,1,1,2,0,1,1,1],76,86].
[[3,8,0,1,2,0,2,3,2],16,64].
[[3,7,0,0,0,0,1,2,1],5,8].
[[3,7,2,1,2,1,2,2,1],83,6].
[[3,7,1,1,2,0,0,0,0],28,22].
[[2,8,1,1,2,1,1,2,0],93,18].
[[3,7,2,1,2,1,1,2,0],14,0].
[[3,8,0,0,0,0,2,2,1],43,85].
[[3,6,1,1,2,1,2,3,2],60,2].
[[1,8,1,0,0,0,2,1,0],73,13].
[[3,6,1,0,0,0,2,1,0],7,0].
[[1,8,0,1,2,1,2,3,0],72,64].
[[3,8,0,1,1,1,1,1,0],15,35].
[[2,8,0,1,1,1,1,2,1],13,11].
[[3,7,1,1,1,1,1,2,1],61,17].
[[2,6,1,0,0,0,2,3,2],72,4].
[[3,6,1,0,0,0,2,3,2],36,2].
[[2,7,2,0,0,0,2,3,2],167,20].
[[3,7,2,0,0,0,1,2,1],72,7].
[[1,8,1,0,0,0,1,1,1],87,78].
[[3,7,2,0,0,0,1,1,1],17,14].
[[3,9,2,1,2,0,2,1,1],13,49].
[[3,9,2,1,2,0,1,2,0],57,146].
[[3,8,1,1,1,0,2,1,1],16,11].
[[2,7,2,1,2,0,2,1,1],12,1].
[[3,8,1,1,1,1,1,2,2],79,34].
[[2,5,0,1,2,0,1,2,0],17,1].
[[3,5,0,1,2,0,1,2,0],51,1].
[[2,8,0,1,2,1,2,2,1],105,128].
[[2,8,1,1,2,1,1,2,2],195,70].
[[3,7,2,1,2,1,1,2,2],93,19].
[[2,8,1,1,1,1,1,1,1],31,14].
[[3,8,1,1,1,1,1,2,1],204,102].
[[1,7,2,1,2,1,0,0,0],41,9].
[[3,7,2,1,2,1,2,3,2],167,12].
[[3,9,2,1,2,1,2,3,1],24,88].
[[3,9,1,1,2,1,1,2,1],4,30].
[[2,5,0,0,0,0,1,2,0],49,3].
[[3,7,2,1,2,1,2,1,1],90,11].
[[3,8,1,1,2,0,1,2,2],96,32].
[[1,8,1,1,2,0,1,2,1],15,14].
[[3,8,0,1,2,1,1,1,0],57,94].
[[3,7,1,1,1,1,2,2,1],55,23].
[[2,7,1,0,0,0,2,3,1],114,34].
[[3,3,1,0,0,0,2,3,1],14,0].
[[2,7,1,0,0,0,1,2,2],40,14].
[[3,7,1,0,0,0,1,2,2],61,21].
[[1,8,1,1,1,1,2,3,0],11,2].
[[3,8,0,1,1,1,2,3,1],28,60].
[[2,8,0,1,2,0,0,0,0],10,53].
[[3,7,1,1,2,0,1,2,2],46,16].
[[3,7,1,1,2,0,2,3,1],90,37].
[[3,5,0,1,1,1,2,3,0],6,0].
[[3,8,1,1,2,0,2,2,0],16,18].
[[2,8,0,0,0,0,1,2,0],99,75].
[[3,7,1,0,0,0,1,1,1],41,19].
[[1,7,2,0,0,0,1,1,1],4,1].
[[2,7,2,0,0,0,1,1,1],11,6].
[[2,8,0,1,2,1,1,1,0],20,27].
[[3,7,1,1,2,1,1,1,0],15,5].
[[2,6,1,1,2,1,2,3,2],51,1].
[[2,6,1,0,0,0,2,2,1],49,1].
[[3,3,2,0,0,0,2,2,1],8,0].
[[3,7,1,1,2,1,1,2,2],132,50].
[[1,9,2,1,2,0,0,0,0],14,72].
[[2,3,2,0,0,0,0,0,0],36,0].
[[3,3,2,0,0,0,2,3,2],20,0].
[[1,9,2,1,2,0,2,2,0],25,44].
[[2,8,1,1,2,0,2,2,1],100,42].
[[3,8,1,1,1,0,1,2,0],13,8].
[[2,9,2,1,2,0,2,3,2],18,89].
[[3,8,1,1,1,0,2,3,2],14,19].
[[1,9,2,1,1,1,0,0,0],38,53].
[[2,9,2,1,1,1,2,2,1],39,65].
[[3,9,2,1,1,1,2,2,1],15,52].
[[3,8,1,1,2,1,0,0,0],3,9].
[[2,7,0,1,2,1,2,3,0],3,9].
[[3,7,0,1,1,1,2,3,0],9,9].
[[3,8,1,0,0,0,2,2,1],135,60].
[[3,9,2,1,1,0,1,2,2],1,22].
[[1,7,1,0,0,0,2,3,1],22,6].
[[2,7,1,1,2,1,2,3,1],100,16].
[[3,7,1,1,2,1,2,2,0],63,24].
[[1,7,2,1,2,0,0,0,0],13,3].
[[3,4,1,1,2,0,2,3,1],38,4].
[[1,8,0,0,0,0,2,1,1],62,67].
[[3,8,0,1,2,0,2,1,1],34,54].
[[3,6,0,0,0,0,2,3,2],3,16].
[[3,7,2,1,1,0,2,2,1],3,2].
[[3,7,1,1,2,0,1,1,1],37,26].
[[2,7,0,1,2,1,0,0,0],20,28].
[[3,7,0,1,2,1,2,3,0],43,62].
[[3,9,2,1,2,1,2,2,0],19,211].
[[3,7,2,1,2,1,1,1,1],42,17].
[[2,7,1,1,2,1,2,2,1],77,27].
[[3,5,0,1,2,0,1,1,1],94,14].
[[2,7,1,1,2,1,1,2,2],28,12].
[[3,7,1,1,1,1,1,2,2],31,15].
[[3,8,0,0,0,0,1,2,2],33,93].
[[3,6,1,1,2,1,2,3,1],60,4].
[[2,8,1,1,1,1,2,1,1],61,32].
[[1,8,1,1,2,0,1,2,2],3,6].
[[3,8,0,0,0,0,2,3,2],29,104].
[[3,7,1,1,1,1,2,3,2],74,20].
[[3,7,1,0,0,0,2,3,1],123,31].
[[3,8,0,1,2,0,2,3,1],22,40].
[[1,7,1,1,2,1,2,3,2],20,4].
[[3,9,1,1,2,1,1,2,0],9,3].
[[3,9,2,0,0,0,2,3,1],12,37].
[[2,8,1,1,2,1,2,1,0],44,7].
[[3,7,2,1,2,1,2,1,0],3,0].
[[2,9,2,1,1,1,2,1,0],13,17].
[[3,6,1,0,0,0,2,3,1],38,2].
[[2,7,1,1,2,1,2,2,0],23,3].
[[3,9,2,0,0,0,1,1,1],22,68].
[[3,7,1,1,2,1,0,0,0],136,68].
[[1,9,2,1,2,0,2,3,0],38,54].
[[2,9,2,1,2,0,1,2,0],55,80].
[[2,7,1,0,0,0,2,3,0],38,9].
[[3,3,1,1,2,1,2,1,1],17,1].
[[3,7,2,0,0,0,2,3,1],38,7].
[[2,9,2,1,1,1,1,2,1],64,67].
[[1,7,2,0,0,0,2,3,2],153,16].
[[2,7,2,0,0,0,1,2,1],43,5].
[[3,6,0,0,0,0,2,2,1],4,9].
[[3,7,0,1,2,1,2,1,0],11,15].
[[1,7,2,0,0,0,1,2,2],25,7].
[[3,7,1,1,2,0,2,3,2],93,33].
[[2,8,0,1,2,1,1,1,1],15,27].
[[3,8,0,0,0,0,2,1,1],49,68].
[[3,7,1,1,1,1,2,1,1],46,20].
[[3,6,1,1,2,0,2,2,1],25,2].
[[2,7,0,0,0,0,2,2,1],7,3].
[[3,8,1,1,1,0,2,2,1],8,20].
[[2,7,1,0,0,0,2,2,1],115,34].
[[3,7,0,1,2,1,1,2,2],14,33].
[[3,8,1,0,0,0,2,3,1],105,49].
[[3,7,1,1,2,0,2,2,1],66,38].
[[3,8,0,0,0,0,2,3,1],31,68].
[[3,7,1,1,2,1,2,1,0],30,7].
[[1,9,2,1,2,0,1,2,2],10,22].
[[3,8,0,1,1,1,2,3,2],24,85].
[[2,8,0,1,1,1,2,3,0],45,42].
[[2,8,1,1,1,0,2,2,0],0,5].
[[3,8,1,1,1,0,2,2,0],4,8].
[[3,8,1,0,0,0,2,1,0],7,2].
[[1,9,2,1,1,1,2,2,0],32,26].
[[2,9,2,1,1,1,2,2,0],33,66].
[[3,9,2,1,1,1,2,2,0],7,60].
[[3,3,1,1,2,0,2,1,1],5,2].
[[3,7,0,1,2,1,0,0,0],17,54].
[[2,7,1,1,2,0,2,1,1],9,10].
[[2,9,2,1,2,0,2,3,0],43,129].
[[2,8,1,0,0,0,1,1,0],32,12].
[[3,7,2,1,2,0,1,1,0],5,0].
[[3,6,1,1,2,1,1,2,1],53,5].
[[3,8,1,1,2,0,2,3,2],86,33].
[[2,8,0,1,1,1,0,0,0],24,39].
[[3,4,1,1,2,0,2,2,0],28,6].
[[2,7,2,1,2,1,2,2,1],39,4].
[[3,7,2,1,1,1,1,2,2],22,5].
[[2,6,1,0,0,0,0,0,0],111,6].
[[3,3,2,0,0,0,0,0,0],28,0].
[[3,7,1,0,0,0,2,3,2],158,33].
[[2,8,1,1,1,1,2,2,0],29,6].
[[2,7,0,0,0,0,2,3,2],11,13].
[[3,4,1,1,2,0,2,1,1],49,3].
[[3,6,0,0,0,0,0,0,0],4,14].
[[3,9,2,1,1,0,2,3,2],1,5].
[[3,7,2,1,1,1,2,2,1],24,3].
[[3,9,2,1,2,0,2,2,0],9,53].
[[3,6,1,0,0,0,2,1,1],23,2].
[[3,7,2,1,1,1,2,3,2],39,2].
[[2,6,0,0,0,0,2,3,1],7,5].
[[3,6,0,0,0,0,1,1,0],2,1].
[[3,7,2,1,2,1,2,3,1],90,4].
[[3,5,0,1,2,1,1,1,0],32,0].
[[3,8,0,0,0,0,1,2,0],80,119].
[[3,7,0,0,0,0,1,2,0],5,5].
[[3,8,0,1,1,1,1,1,1],11,34].
[[1,5,0,1,1,1,1,1,1],2,0].
[[2,4,1,1,2,0,1,1,1],11,0].
[[2,9,2,1,2,0,1,1,0],14,24].
[[2,7,1,1,1,1,0,0,0],23,4].
[[3,8,0,1,1,1,0,0,0],1,31].
[[3,6,1,1,2,0,0,0,0],18,0].
[[3,8,0,0,0,0,1,1,0],20,40].
[[1,8,1,1,2,0,2,2,0],9,4].
[[2,7,2,1,1,0,2,1,1],2,0].
[[3,7,2,1,1,0,1,1,0],1,0].
[[1,7,1,1,2,1,2,2,1],11,2].
[[1,7,1,0,0,0,2,1,1],20,8].
[[2,7,1,0,0,0,2,2,0],26,5].
[[3,3,1,0,0,0,1,2,1],8,1].
[[3,9,2,1,1,1,1,1,1],24,91].
[[1,9,2,1,2,0,1,2,0],5,18].
[[3,9,2,1,1,0,1,2,0],11,36].
[[2,7,2,0,0,0,2,1,1],55,3].
[[2,8,0,1,2,0,2,3,0],32,49].
[[3,7,1,1,2,0,1,2,1],55,16].
[[3,7,0,0,0,0,1,2,2],4,14].
[[2,4,1,1,2,0,1,2,0],16,4].
[[3,6,1,0,0,0,2,2,1],34,3].
[[1,6,1,0,0,0,2,3,1],20,2].
[[2,6,1,1,2,0,2,3,1],3,1].
[[2,9,2,1,2,0,2,1,1],27,48].
[[3,8,0,1,1,1,2,2,1],20,65].
[[3,8,0,1,2,1,2,1,0],11,65].
[[3,7,2,1,1,0,2,1,1],6,4].
[[1,8,1,1,1,1,2,3,2],35,5].
[[2,8,1,1,1,1,1,2,2],36,16].
[[2,6,0,0,0,0,0,0,0],21,43].
[[3,3,1,0,0,0,0,0,0],50,2].
[[3,8,0,1,2,0,1,1,0],16,25].
[[1,8,1,1,2,1,1,2,2],50,23].
[[1,6,1,0,0,0,2,3,2],58,2].
[[2,3,1,1,2,1,2,3,2],6,1].
[[3,3,1,1,2,1,2,3,2],34,1].
[[1,8,1,1,2,1,1,2,1],60,25].
[[2,7,2,0,0,0,2,3,1],78,2].
[[3,8,0,1,1,1,1,2,1],31,101].
[[3,9,2,1,2,0,2,3,0],8,115].
[[3,7,2,1,1,0,0,0,0],2,2].
[[3,9,2,1,1,0,2,3,0],0,33].
[[2,8,0,1,2,0,2,2,1],16,23].
[[2,9,2,1,2,0,2,3,1],32,59].
[[3,9,2,1,2,0,2,3,2],3,12].
[[3,7,0,0,0,0,2,2,0],7,14].
[[1,2,1,0,0,0,0,0,0],4,0].
[[2,2,1,0,0,0,0,0,0],11,0].
[[3,2,1,0,0,0,0,0,0],5,0].
[[3,8,0,1,2,0,1,2,0],43,68].
[[1,6,1,0,0,0,2,3,0],11,0].
[[2,6,1,0,0,0,1,2,0],5,1].
[[3,3,1,1,2,0,1,2,0],1,0].
[[3,7,0,1,2,0,2,1,1],2,7].
[[2,8,1,1,1,1,1,2,0],10,2].
[[3,8,0,0,0,0,2,1,0],11,33].
[[3,9,2,1,2,0,1,1,1],23,62].
[[2,8,0,1,2,0,2,1,0],9,14].
[[3,7,0,1,2,0,2,1,0],2,2].
[[3,8,0,1,2,0,2,1,0],7,34].
[[3,3,1,0,0,0,2,2,1],18,1].
[[3,3,2,1,2,1,2,3,2],39,0].
[[2,8,0,1,1,1,2,3,2],26,51].
[[3,7,0,1,2,1,2,3,1],23,22].
[[3,8,1,1,1,0,0,0,0],0,2].
[[3,7,1,1,2,0,2,1,1],63,30].
[[2,6,1,1,2,0,2,2,1],13,0].
[[1,6,0,0,0,0,0,0,0],36,22].
[[2,6,0,0,0,0,2,2,0],3,2].
[[3,3,1,1,2,1,2,2,0],7,1].
[[3,9,2,0,0,0,2,2,1],17,40].
[[3,6,0,1,2,1,1,2,2],7,11].
[[1,8,0,1,2,1,1,2,0],11,7].
[[2,7,1,1,2,1,1,2,1],30,8].
[[3,8,0,1,2,1,0,0,0],2,80].
[[2,7,0,0,0,0,2,2,0],3,7].
[[3,7,0,0,0,0,1,1,0],2,3].
[[3,8,1,1,1,1,1,1,0],21,9].
[[1,5,0,1,2,1,2,1,0],9,0].
[[3,8,0,1,1,0,2,3,0],5,19].
[[2,7,2,0,0,0,2,3,0],5,0].
[[3,5,0,1,2,1,1,2,0],161,0].
[[2,7,0,0,0,0,0,0,0],23,34].
[[3,7,0,0,0,0,2,1,1],7,10].
[[1,9,2,1,1,1,2,2,1],22,26].
[[2,4,1,1,2,0,2,3,0],25,1].
[[3,7,0,0,0,0,2,3,2],14,26].
[[3,8,1,1,2,1,2,1,0],14,8].
[[3,8,0,1,1,0,1,2,0],2,8].
[[2,8,0,1,2,0,2,1,1],9,19].
[[3,8,1,1,2,1,1,1,0],60,23].
[[3,8,0,1,2,0,2,2,1],29,58].
[[1,9,2,1,1,1,2,3,1],29,22].
[[2,8,0,1,1,1,2,3,1],18,16].
[[3,5,0,1,1,1,1,1,1],90,16].
[[2,8,0,1,2,0,2,2,0],19,24].
[[3,7,1,1,1,0,2,2,0],3,3].
[[3,7,2,1,1,1,1,2,1],21,3].
[[2,9,2,1,1,1,2,3,2],40,71].
[[2,7,2,1,2,1,1,1,1],14,6].
[[3,3,2,1,2,1,1,1,1],3,0].
[[2,8,1,1,1,1,2,2,1],73,18].
[[2,6,1,0,0,0,2,3,1],52,0].
[[3,6,1,1,2,0,1,2,1],17,2].
[[2,5,0,1,2,0,1,1,1],37,6].
[[3,7,0,0,0,0,2,3,1],12,8].
[[2,3,1,0,0,0,0,0,0],46,1].
[[3,7,0,1,2,1,2,1,1],14,18].
[[3,8,1,1,2,0,2,3,1],88,47].
[[3,9,2,1,1,0,2,1,1],0,12].
[[3,6,1,1,2,0,2,1,1],23,2].
[[1,8,1,1,2,0,2,2,1],32,15].
[[2,8,0,1,2,0,2,3,2],20,43].
[[1,9,2,1,2,0,2,3,1],17,36].
[[3,8,1,0,0,0,1,1,0],28,16].
[[3,3,1,1,2,1,2,2,1],21,4].
[[2,9,2,1,2,0,2,1,0],10,34].
[[3,9,2,0,0,0,2,3,2],1,11].
[[1,3,2,0,0,0,2,2,1],2,0].
[[2,3,2,0,0,0,2,2,1],4,0].
[[3,3,2,1,2,0,1,1,1],3,0].
[[2,6,1,0,0,0,2,1,1],38,2].
[[3,3,2,0,0,0,2,1,1],14,0].
[[3,9,2,0,0,0,1,2,2],36,109].
[[1,7,2,0,0,0,2,3,1],41,2].
[[2,8,0,1,1,1,2,2,0],15,28].
[[3,7,0,1,1,1,2,2,0],6,11].
[[2,7,0,0,0,0,2,1,1],3,1].
[[2,9,2,1,1,0,2,3,0],1,12].
[[1,7,1,0,0,0,1,2,2],2,1].
[[2,7,1,0,0,0,1,1,1],26,15].
[[1,7,1,0,0,0,2,2,1],34,12].
[[2,9,2,1,2,0,0,0,0],1,34].
[[2,8,1,1,2,0,2,2,0],33,17].
[[3,7,1,1,2,0,2,2,0],30,12].
[[2,5,0,1,2,1,2,1,0],23,0].
[[3,2,1,1,2,1,0,0,0],11,0].
[[3,9,2,1,1,1,2,3,1],11,32].
[[1,9,2,1,1,1,2,1,1],21,16].
[[3,6,1,0,0,0,1,2,2],16,0].
[[1,8,1,1,2,1,1,2,0],10,7].
[[2,8,1,1,2,1,1,1,0],24,11].
[[1,8,0,0,0,0,1,2,1],8,3].
[[2,8,1,1,1,1,2,3,1],73,23].
[[2,6,0,0,0,0,2,1,0],3,1].
[[3,6,0,1,2,0,1,2,0],3,0].
[[3,6,1,0,0,0,2,3,0],14,0].
[[3,8,1,1,1,1,1,2,0],70,17].
[[3,6,1,1,2,1,1,1,1],17,4].
[[3,8,0,1,1,1,2,1,1],36,60].
[[3,3,2,0,0,0,2,3,1],12,1].
[[1,9,2,1,1,1,1,2,1],19,10].
[[2,4,1,1,2,0,1,2,1],15,3].
[[3,8,1,1,1,1,2,2,0],14,8].
[[2,7,1,0,0,0,2,1,0],13,2].
[[1,6,1,0,0,0,1,1,1],1,0].
[[2,6,1,0,0,0,1,1,1],7,3].
[[3,6,1,0,0,0,1,1,1],12,3].
[[3,6,0,1,2,0,2,1,0],0,1].
[[3,8,1,1,2,0,2,3,0],29,22].
[[3,9,2,1,2,0,2,1,0],0,14].
[[3,7,2,0,0,0,2,2,1],31,0].
[[2,7,1,1,1,1,2,3,1],7,2].
[[3,8,0,1,2,0,1,2,2],13,60].
[[3,8,1,1,1,1,2,1,0],4,5].
[[2,7,1,1,2,0,2,2,1],12,7].
[[3,6,1,1,2,0,2,3,1],32,2].
[[3,6,0,1,2,1,1,2,0],8,3].
[[2,6,1,1,2,1,0,0,0],79,4].
[[3,6,0,1,2,1,2,3,2],14,23].
[[2,7,0,1,2,1,2,2,0],3,5].
[[1,5,0,0,0,0,2,1,0],13,1].
[[3,3,2,1,2,1,0,0,0],30,0].
[[3,8,0,1,2,0,1,1,1],13,32].
[[3,3,1,0,0,0,2,3,2],21,0].
[[3,6,0,1,2,1,2,2,1],14,8].
[[2,5,0,0,0,0,2,1,0],17,2].
[[3,5,0,1,2,0,2,1,0],3,1].
[[3,3,1,1,2,1,2,3,1],22,2].
[[1,8,1,1,2,1,2,1,0],32,1].
[[3,8,0,1,1,0,2,2,1],2,8].
[[1,9,2,1,2,0,1,1,1],3,10].
[[2,8,0,1,2,0,1,1,1],1,8].
[[3,6,0,1,2,0,1,1,1],0,1].
[[3,7,2,1,1,0,1,2,2],8,6].
[[3,9,1,1,2,1,1,1,1],9,12].
[[1,8,1,1,2,0,2,1,1],15,19].
[[2,6,0,1,2,1,2,3,2],5,7].
[[3,6,0,1,2,1,1,2,1],3,4].
[[3,7,0,0,0,0,2,3,0],19,27].
[[2,7,2,1,2,1,2,3,1],36,4].
[[2,7,2,1,1,1,1,2,1],4,0].
[[3,6,1,0,0,0,2,2,0],14,0].
[[3,7,2,1,1,0,2,3,2],12,10].
[[3,6,1,0,0,0,0,0,0],8,3].
[[3,7,2,0,0,0,2,2,0],4,0].
[[3,9,2,1,1,1,2,3,2],5,22].
[[3,7,2,0,0,0,0,0,0],29,5].
[[2,9,1,1,2,1,1,2,1],6,6].
[[3,9,1,1,1,1,1,2,1],6,8].
[[3,8,0,1,1,0,2,3,1],2,8].
[[1,6,1,1,2,1,2,2,1],6,1].
[[3,8,1,1,2,0,1,1,0],27,10].
[[3,9,2,1,2,0,2,3,1],10,31].
[[2,8,0,1,2,0,1,2,2],9,17].
[[3,5,0,1,1,0,1,1,1],15,11].
[[3,7,2,1,1,1,2,1,1],22,3].
[[3,3,2,1,2,0,0,0,0],11,0].
[[2,5,0,1,1,1,1,1,0],3,0].
[[3,5,0,1,1,1,1,1,0],10,1].
[[3,7,0,0,0,0,0,0,0],11,29].
[[3,7,2,1,1,0,2,3,1],5,6].
[[1,7,2,1,2,0,2,2,1],3,0].
[[3,6,1,1,1,1,2,1,0],3,1].
[[3,6,1,1,2,0,2,2,0],7,0].
[[3,5,0,1,2,1,1,2,1],48,2].
[[2,3,2,1,2,0,2,3,1],2,0].
[[3,2,1,1,2,0,2,3,1],1,0].
[[2,7,2,0,0,0,2,1,0],5,1].
[[3,7,2,0,0,0,2,1,0],2,1].
[[3,9,2,1,2,1,2,3,2],7,32].
[[3,5,0,0,0,0,1,2,1],22,0].
[[1,8,0,1,2,1,1,2,2],17,19].
[[2,8,0,1,1,1,1,2,2],16,11].
[[3,7,0,1,2,1,2,2,1],13,32].
[[3,7,1,1,1,1,2,3,1],62,24].
[[3,6,1,1,1,1,1,2,2],6,0].
[[2,6,0,0,0,0,2,3,2],14,9].
[[3,6,0,0,0,0,1,2,2],3,5].
[[2,7,1,1,2,0,0,0,0],26,19].
[[3,7,1,1,1,0,0,0,0],2,4].
[[1,9,2,1,1,1,2,1,0],12,9].
[[2,8,0,1,1,1,2,2,1],15,21].
[[3,6,0,1,1,1,2,2,1],1,6].
[[3,3,1,1,2,0,0,0,0],8,2].
[[3,9,2,1,2,0,2,2,1],9,35].
[[2,9,1,0,0,0,1,2,1],4,5].
[[3,6,1,1,1,1,0,0,0],11,0].
[[2,8,1,1,2,0,2,1,0],14,4].
[[3,6,1,1,2,0,2,1,0],6,0].
[[3,4,1,1,2,0,2,2,1],42,10].
[[1,9,2,1,1,1,1,1,0],4,3].
[[2,8,0,1,1,1,1,1,0],1,6].
[[3,7,1,1,1,1,1,1,0],6,1].
[[2,7,0,0,0,0,1,2,2],0,3].
[[2,7,2,1,2,0,1,1,1],5,4].
[[3,7,2,1,2,0,1,1,1],12,8].
[[3,7,1,1,1,0,1,2,1],7,8].
[[2,9,1,0,0,0,2,2,0],1,1].
[[3,8,1,0,0,0,2,2,0],18,17].
[[3,7,0,1,2,1,2,3,2],36,41].
[[3,6,1,1,1,1,2,1,1],11,2].
[[3,7,0,1,1,1,2,2,1],3,5].
[[2,8,1,1,1,0,2,3,2],10,7].
[[3,7,1,1,1,0,2,3,2],8,13].
[[3,9,1,1,2,1,2,2,0],13,12].
[[3,9,1,1,1,0,1,2,1],0,2].
[[3,6,1,1,2,1,1,2,2],41,1].
[[2,4,1,1,2,0,2,3,2],7,2].
[[3,4,1,1,2,0,2,3,2],34,6].
[[1,9,2,1,2,0,2,2,1],9,32].
[[2,7,1,1,2,0,2,3,1],16,7].
[[2,7,2,1,2,1,2,1,1],41,6].
[[2,7,1,1,1,1,2,3,0],3,1].
[[1,7,2,1,2,0,2,3,2],9,4].
[[3,5,0,1,1,1,2,1,0],12,0].
[[1,8,1,1,1,1,2,2,1],24,12].
[[2,8,0,0,0,0,1,1,0],15,23].
[[3,9,1,1,1,1,1,1,1],0,4].
[[3,4,1,1,2,0,2,3,0],47,6].
[[1,8,0,0,0,0,1,1,0],3,4].
[[3,7,1,0,0,0,1,2,0],27,4].
[[3,6,0,1,2,1,0,0,0],8,27].
[[3,4,1,1,2,0,1,2,2],45,5].
[[1,9,2,1,1,1,1,2,2],17,9].
[[3,9,1,1,2,1,2,3,0],2,11].
[[1,8,1,1,1,1,2,3,1],13,8].
[[2,4,1,1,2,0,2,3,1],12,1].
[[3,3,1,1,2,0,2,3,2],11,0].
[[3,3,2,1,2,0,1,2,1],4,0].
[[3,6,0,1,2,0,0,0,0],1,4].
[[2,7,1,1,2,1,2,3,0],26,4].
[[3,6,0,0,0,0,1,2,0],5,1].
[[3,7,0,1,2,0,0,0,0],8,10].
[[2,8,0,1,2,0,1,2,1],2,13].
[[3,6,0,1,2,1,2,2,0],9,14].
[[2,7,2,1,2,1,1,2,1],23,3].
[[2,5,0,1,1,0,1,2,0],2,0].
[[3,5,0,1,1,0,1,2,0],7,6].
[[2,4,1,1,2,0,2,2,1],15,4].
[[3,7,1,1,1,0,2,1,1],9,6].
[[3,7,1,1,2,0,1,2,0],15,6].
[[2,6,0,1,2,1,1,2,0],1,1].
[[3,6,0,1,1,1,1,2,0],2,1].
[[2,7,2,1,2,1,1,2,2],28,9].
[[2,6,0,1,2,1,2,1,1],2,0].
[[3,9,1,0,0,0,2,2,0],4,5].
[[1,9,2,1,2,0,2,1,0],9,16].
[[2,7,2,0,0,0,1,2,0],4,0].
[[3,7,2,1,2,0,2,3,1],36,3].
[[3,8,1,0,0,0,2,3,0],33,17].
[[3,3,1,1,2,0,2,2,1],5,0].
[[3,6,1,1,1,1,2,3,2],25,0].
[[3,9,2,1,1,0,1,1,0],0,14].
[[2,6,1,1,2,0,2,3,2],6,1].
[[3,6,1,1,2,0,2,3,2],18,1].
[[1,5,0,0,0,0,1,2,0],10,1].
[[3,6,0,1,2,1,2,3,1],13,13].
[[3,7,1,1,1,0,1,1,1],2,3].
[[2,8,1,1,1,0,2,3,1],4,7].
[[3,8,1,1,1,0,2,3,1],15,18].
[[1,8,1,1,1,1,1,2,2],8,3].
[[2,7,1,1,1,1,1,2,2],2,4].
[[1,7,1,1,2,1,2,3,1],8,0].
[[3,8,1,1,1,0,1,2,2],14,14].
[[2,7,1,1,1,1,1,2,1],5,2].
[[2,6,1,1,2,0,0,0,0],16,5].
[[3,6,1,1,1,0,2,3,1],2,1].
[[3,9,2,1,1,1,2,1,0],0,10].
[[1,8,0,1,2,1,2,1,0],17,9].
[[3,9,1,1,1,0,2,2,0],0,1].
[[2,8,0,1,1,1,2,1,1],9,10].
[[2,6,1,0,0,0,1,2,1],17,3].
[[2,9,2,1,1,0,1,2,0],6,5].
[[3,3,1,1,2,0,2,3,1],8,2].
[[3,6,1,0,0,0,1,2,0],7,0].
[[2,6,1,0,0,0,2,2,0],9,0].
[[3,6,1,0,0,0,1,1,0],2,1].
[[1,6,1,1,2,1,0,0,0],48,1].
[[2,6,1,1,1,1,0,0,0],12,1].
[[3,3,1,1,1,1,0,0,0],9,1].
[[2,7,2,1,1,1,0,0,0],6,2].
[[3,5,0,1,1,1,1,2,1],21,2].
[[3,7,1,1,2,0,2,3,0],23,9].
[[1,5,0,1,2,1,1,1,1],11,4].
[[1,6,0,0,0,0,2,3,2],2,8].
[[3,7,0,1,2,0,2,3,0],7,12].
[[3,6,1,0,0,0,1,2,1],23,1].
[[2,6,0,0,0,0,2,3,0],9,5].
[[3,7,1,1,1,1,2,1,0],6,5].
[[1,8,1,1,2,1,1,1,1],32,23].
[[1,7,2,1,2,1,2,2,0],3,0].
[[2,7,2,1,2,1,2,2,0],1,0].
[[3,1,1,1,2,0,1,2,0],3,0].
[[3,7,1,0,0,0,1,1,0],9,1].
[[2,5,0,1,2,0,2,3,0],2,0].
[[3,5,0,1,2,1,2,3,0],15,0].
[[2,3,1,0,0,0,2,3,1],5,0].
[[1,8,1,1,2,0,2,3,0],11,5].
[[2,7,2,1,2,0,1,2,1],11,1].
[[3,7,2,1,1,0,1,2,1],9,3].
[[3,7,1,1,1,1,2,3,0],16,5].
[[2,8,1,1,1,0,2,2,1],9,12].
[[3,4,0,1,2,0,2,2,1],0,2].
[[3,6,0,1,2,0,2,3,2],3,7].
[[3,3,2,1,2,1,2,3,1],12,0].
[[3,5,0,0,0,0,1,2,2],11,0].
[[2,7,2,1,2,1,2,1,0],3,0].
[[2,7,1,1,2,1,2,1,0],11,1].
[[3,6,0,1,2,0,2,2,0],2,6].
[[3,9,2,1,2,0,0,0,0],0,6].
[[3,8,1,1,1,0,2,3,0],3,9].
[[3,5,0,1,1,1,1,2,2],12,1].
[[1,7,2,1,2,1,1,2,2],3,5].
[[1,8,0,1,2,1,1,2,1],2,5].
[[3,6,0,1,2,1,2,1,1],11,7].
[[2,9,2,1,1,0,2,3,1],1,3].
[[3,7,1,1,2,0,2,1,0],9,3].
[[2,9,1,1,1,0,1,2,1],0,1].
[[2,6,0,1,2,1,2,2,0],3,4].
[[2,7,2,0,0,0,2,2,0],3,0].
[[1,7,2,0,0,0,2,1,1],19,3].
[[2,2,1,0,0,0,2,3,1],1,0].
[[3,2,1,0,0,0,2,3,1],2,0].
[[2,7,1,1,1,1,2,1,1],11,2].
[[2,8,0,1,2,0,1,2,0],7,14].
[[2,9,2,1,1,1,0,0,0],10,17].
[[2,6,1,1,2,1,1,2,2],16,0].
[[3,3,1,1,2,1,1,2,2],6,1].
[[3,3,2,1,1,0,2,3,2],2,0].
[[3,3,1,1,1,1,1,2,2],1,1].
[[3,6,0,1,1,1,2,3,2],5,4].
[[3,7,2,1,2,0,2,2,0],3,1].
[[1,7,1,1,2,1,2,1,1],9,2].
[[3,7,0,1,2,0,1,2,2],3,5].
[[2,9,2,1,1,0,2,2,0],1,5].
[[3,8,0,1,1,0,2,2,0],1,6].
[[1,8,1,1,2,1,1,1,0],4,2].
[[2,7,1,1,2,1,1,1,1],13,5].
[[3,3,1,1,2,1,1,1,1],6,0].
[[3,6,1,1,2,1,2,2,0],15,0].
[[2,9,1,1,2,1,2,2,0],4,6].
[[3,9,1,1,1,1,2,2,0],0,7].
[[2,4,1,1,2,0,2,2,0],12,1].
[[3,6,1,1,1,1,2,3,0],8,0].
[[1,9,2,1,2,0,2,1,1],16,21].
[[2,8,0,1,1,1,2,1,0],7,10].
[[3,6,1,1,1,1,2,2,1],15,2].
[[3,7,2,1,2,1,2,3,0],6,0].
[[3,6,1,1,2,1,0,0,0],36,2].
[[1,7,2,0,0,0,2,2,0],7,0].
[[2,7,2,1,2,0,2,3,1],17,1].
[[3,4,1,1,2,0,0,0,0],8,2].
[[2,7,1,1,1,1,2,2,0],1,0].
[[2,5,0,1,1,1,1,1,1],20,4].
[[3,9,2,1,1,0,2,3,1],0,5].
[[2,8,1,1,1,0,1,2,2],1,6].
[[3,5,0,1,1,0,1,1,0],0,1].
[[3,6,0,0,0,0,2,1,0],7,2].
[[2,6,1,1,2,1,2,1,1],21,1].
[[3,6,1,1,2,1,1,2,0],10,0].
[[3,5,0,1,2,0,1,2,1],6,1].
[[3,6,0,0,0,0,2,3,1],4,6].
[[3,5,0,1,1,0,2,3,0],1,0].
[[3,7,0,1,1,1,1,2,2],0,8].
[[2,5,0,0,0,0,2,3,0],11,0].
[[3,5,0,0,0,0,2,3,0],7,0].
[[2,8,1,1,1,0,1,2,1],5,4].
[[3,7,1,1,1,0,1,2,0],5,3].
[[3,3,0,1,2,1,0,0,0],0,2].
[[3,6,0,1,2,1,2,1,0],3,8].
[[2,8,1,1,1,1,2,1,0],6,1].
[[1,7,2,1,2,1,2,1,1],6,1].
[[3,7,0,1,1,1,1,2,0],7,3].
[[2,6,0,0,0,0,2,2,1],6,3].
[[2,9,2,1,1,0,0,0,0],0,3].
[[2,6,1,1,2,1,1,2,0],1,0].
[[2,6,1,1,1,1,2,2,1],1,0].
[[3,6,1,1,1,1,1,2,1],10,3].
[[2,6,0,1,2,1,2,2,1],4,3].
[[3,6,1,1,1,1,2,2,0],6,1].
[[3,6,0,0,0,0,2,3,0],13,18].
[[3,6,0,1,2,0,1,2,1],0,4].
[[2,3,2,0,0,0,2,3,2],21,0].
[[3,3,2,0,0,0,1,2,1],3,0].
[[1,8,1,1,1,1,1,2,1],2,1].
[[2,7,1,1,2,0,2,2,0],7,2].
[[3,3,1,1,2,0,2,2,0],1,0].
[[3,6,1,1,2,0,1,2,2],11,3].
[[3,7,0,1,1,1,0,0,0],4,10].
[[3,3,2,1,2,0,2,3,1],7,0].
[[1,7,1,0,0,0,2,1,0],4,0].
[[2,6,0,1,2,1,0,0,0],16,25].
[[3,6,0,1,1,1,2,3,1],0,1].
[[3,7,2,0,0,0,1,2,0],5,0].
[[3,5,0,1,2,1,2,1,0],29,2].
[[3,8,0,1,1,0,2,3,2],2,11].
[[2,7,2,1,1,1,2,3,1],5,0].
[[2,4,1,1,2,0,0,0,0],6,1].
[[1,6,1,1,2,1,2,3,2],17,1].
[[3,6,1,1,1,1,2,3,1],10,1].
[[3,6,0,1,2,1,1,1,1],0,4].
[[3,8,0,1,1,0,1,1,0],0,2].
[[3,7,0,1,1,1,2,3,1],4,8].
[[3,6,1,1,2,1,2,3,0],23,0].
[[3,6,0,1,1,1,0,0,0],0,5].
[[2,7,2,1,2,0,1,2,2],12,3].
[[3,9,1,1,2,0,1,1,1],3,4].
[[3,8,0,1,1,0,1,1,1],1,6].
[[3,7,0,1,2,0,1,2,0],5,0].
[[1,7,1,0,0,0,1,1,1],5,2].
[[3,6,1,1,2,0,1,1,1],6,4].
[[3,7,1,1,1,0,1,2,2],1,6].
[[2,8,1,1,1,0,1,1,1],1,3].
[[2,9,2,1,1,0,2,1,1],2,3].
[[3,6,0,1,1,1,2,3,0],5,7].
[[3,7,1,1,1,1,1,2,0],5,1].
[[3,8,0,1,1,0,2,1,1],5,5].
[[3,8,0,1,1,1,2,1,0],12,29].
[[3,1,1,1,2,0,1,2,1],1,0].
[[3,9,1,0,0,0,2,3,0],0,3].
[[3,7,0,1,2,0,2,2,1],4,3].
[[2,6,1,1,2,0,1,2,0],1,0].
[[3,3,2,1,1,0,1,2,1],1,0].
[[2,9,1,1,2,1,1,1,1],3,5].
[[3,3,1,1,2,1,1,2,1],9,0].
[[2,5,0,0,0,0,1,2,1],6,0].
[[2,8,1,1,1,0,1,1,0],2,2].
[[3,8,1,1,1,0,1,1,0],3,4].
[[1,8,1,1,1,1,2,1,1],11,4].
[[2,6,0,1,2,1,2,3,0],7,3].
[[1,6,1,0,0,0,2,2,1],24,1].
[[2,6,0,1,2,1,2,1,0],3,1].
[[2,9,1,1,2,1,2,3,0],1,4].
[[1,7,2,0,0,0,1,2,1],9,2].
[[2,5,0,1,2,1,1,1,0],6,0].
[[3,6,1,1,2,0,1,2,0],5,0].
[[2,7,1,1,2,1,1,2,0],4,0].
[[2,4,1,1,2,0,2,1,1],4,0].
[[2,5,0,1,1,1,1,2,0],11,3].
[[2,3,2,1,2,0,2,3,2],4,0].
[[3,3,2,1,1,0,2,2,1],4,0].
[[1,7,2,1,2,0,2,1,1],5,0].
[[1,6,1,0,0,0,2,2,0],3,0].
[[2,7,0,1,2,1,2,3,1],7,4].
[[2,7,1,1,1,1,2,3,2],7,3].
[[2,7,1,1,2,0,1,2,2],4,3].
[[1,8,0,0,0,0,1,1,1],2,7].
[[3,6,1,1,1,0,2,3,2],2,1].
[[2,9,2,1,1,0,1,1,1],0,3].
[[3,4,0,1,2,0,1,1,1],0,4].
[[1,8,1,1,2,0,1,1,1],3,2].
[[2,7,2,1,1,0,1,1,1],0,1].
[[3,7,2,1,1,0,1,1,1],4,2].
[[2,6,1,0,0,0,1,2,2],19,0].
[[2,6,1,1,2,0,2,1,0],2,0].
[[3,6,1,1,2,0,1,1,0],2,0].
[[3,9,1,1,1,1,1,2,0],6,1].
[[2,7,0,1,2,1,2,3,2],2,10].
[[1,8,1,0,0,0,1,1,0],13,7].
[[3,8,1,1,1,0,2,1,0],1,2].
[[1,6,1,0,0,0,2,1,1],16,1].
[[2,3,1,0,0,0,2,1,1],2,0].
[[2,7,2,1,1,1,2,2,1],9,2].
[[2,8,1,1,1,0,2,3,0],1,3].
[[2,6,1,1,1,1,2,3,2],7,0].
[[2,5,0,1,2,1,2,3,0],5,0].
[[3,3,1,1,1,1,2,3,1],4,0].
[[2,3,2,1,2,1,2,3,2],16,0].
[[3,9,2,1,1,0,2,2,0],0,13].
[[3,6,1,1,2,1,1,1,0],4,0].
[[1,6,1,0,0,0,1,2,1],5,1].
[[3,6,1,1,2,1,2,1,0],8,0].
[[1,5,0,0,0,0,2,3,0],5,0].
[[3,5,0,1,2,0,1,1,0],4,0].
[[2,9,1,1,1,1,2,2,0],0,3].
[[3,2,1,0,0,0,2,2,0],1,0].
[[2,3,2,0,0,0,1,2,2],3,0].
[[3,3,2,0,0,0,1,2,2],12,0].
[[2,6,1,1,2,1,2,3,0],14,0].
[[3,7,0,0,0,0,2,1,0],3,3].
[[3,9,2,1,2,1,0,0,0],0,17].
[[3,8,0,1,1,0,1,2,1],2,13].
[[3,3,1,1,1,1,2,3,2],6,0].
[[3,6,1,1,2,0,2,3,0],12,1].
[[2,9,2,1,1,0,1,2,2],0,7].
[[3,8,0,1,1,0,1,2,2],0,8].
[[2,7,1,1,2,0,1,1,1],1,1].
[[2,8,1,1,1,1,1,1,0],3,1].
[[3,3,2,1,1,1,2,2,1],5,0].
[[3,3,2,1,2,1,1,2,1],5,0].
[[1,7,1,0,0,0,2,2,0],6,1].
[[2,7,1,1,2,1,1,1,0],5,0].
[[2,7,1,1,1,1,2,2,1],7,2].
[[3,7,2,1,2,0,2,3,0],3,1].
[[3,9,1,1,2,0,2,3,0],1,3].
[[3,3,1,1,2,1,2,3,0],6,0].
[[2,6,1,1,2,0,2,2,0],3,0].
[[3,3,2,0,0,0,2,2,0],2,0].
[[2,5,0,1,2,1,1,2,1],10,2].
[[3,5,0,0,0,0,1,1,0],7,1].
[[2,9,1,1,2,0,2,3,0],1,0].
[[3,6,0,1,2,0,1,2,2],1,0].
[[2,6,0,1,2,1,2,3,1],3,2].
[[2,9,1,1,2,0,1,1,1],0,2].
[[3,9,1,1,1,0,1,1,1],0,2].
[[2,3,1,0,0,0,2,3,0],3,0].
[[3,7,0,1,2,0,2,3,1],2,3].
[[3,3,2,1,2,0,2,3,2],9,0].
[[3,7,1,1,1,0,2,3,1],2,8].
[[3,6,1,1,1,0,0,0,0],1,1].
[[2,7,2,1,1,0,1,2,2],0,1].
[[2,3,2,1,2,0,0,0,0],4,0].
[[3,2,1,1,2,0,0,0,0],3,0].
[[2,6,1,1,1,1,2,2,0],1,0].
[[2,7,2,1,1,1,2,1,1],6,0].
[[3,6,1,1,1,0,1,2,1],0,1].
[[1,6,1,1,2,1,2,1,1],5,0].
[[2,6,1,1,1,1,2,1,1],2,0].
[[3,3,1,1,1,1,2,1,1],5,0].
[[2,7,0,1,2,1,2,1,1],3,2].
[[2,7,2,1,1,0,0,0,0],1,1].
[[2,5,0,1,1,1,2,3,0],4,0].
[[1,9,2,1,2,0,1,1,0],1,6].
[[2,7,1,1,2,0,2,3,0],8,1].
[[2,8,0,1,1,1,1,1,1],1,4].
[[2,7,0,1,2,1,2,1,0],5,2].
[[1,5,0,1,2,0,1,1,1],2,1].
[[3,3,0,1,2,1,2,3,1],0,1].
[[2,6,1,1,2,0,2,3,0],2,0].
[[3,7,2,1,2,1,1,1,0],6,0].
[[3,8,1,1,2,0,2,1,0],1,4].
[[3,7,0,1,2,1,1,1,0],2,6].
[[3,6,0,0,0,0,2,1,1],3,4].
[[3,7,0,1,1,1,1,2,1],2,4].
[[3,3,2,1,2,1,1,2,2],14,0].
[[2,8,1,1,1,0,1,2,0],1,3].
[[2,7,1,1,2,0,1,2,1],8,5].
[[3,6,0,1,2,0,2,1,1],2,1].
[[3,6,0,1,1,1,1,2,2],2,4].
[[2,7,0,0,0,0,2,3,0],10,7].
[[3,2,1,1,2,1,2,2,1],2,0].
[[3,9,1,1,2,0,1,2,1],3,4].
[[2,9,1,0,0,0,1,1,1],3,3].
[[3,9,1,0,0,0,1,1,1],2,6].
[[3,7,0,1,2,0,2,2,0],2,8].
[[2,8,1,1,2,0,1,1,0],5,3].
[[1,5,0,1,1,1,2,1,0],3,0].
[[2,5,0,1,1,1,2,1,0],3,0].
[[3,6,0,1,2,0,2,3,1],4,1].
[[1,3,2,0,0,0,2,3,2],4,0].
[[1,7,2,1,2,0,2,3,0],1,0].
[[2,7,2,1,2,0,1,2,0],1,0].
[[3,9,2,0,0,0,2,1,0],0,5].
[[3,3,1,1,2,0,1,1,1],1,0].
[[3,3,2,1,2,0,2,1,1],7,0].
[[3,3,2,1,2,0,2,2,1],4,0].
[[3,6,0,1,2,0,2,3,0],5,1].
[[3,7,0,1,1,1,2,1,1],1,4].
[[3,8,0,1,1,0,0,0,0],0,2].
[[1,5,0,1,2,1,1,2,0],5,1].
[[2,7,0,1,2,1,1,1,0],1,0].
[[2,9,1,0,0,0,2,3,0],1,3].
[[3,6,0,1,2,0,1,1,0],0,1].
[[2,9,1,1,2,0,2,2,0],1,1].
[[3,9,1,1,2,0,2,2,0],0,2].
[[2,5,0,1,1,0,1,1,1],2,0].
[[3,8,1,0,0,0,0,0,0],0,9].
[[3,5,0,0,0,0,2,1,0],8,0].
[[3,7,1,1,1,0,1,1,0],2,1].
[[1,8,1,1,2,0,2,1,0],4,2].
[[2,7,2,1,1,0,2,3,2],3,2].
[[3,5,0,1,1,0,2,1,0],2,2].
[[2,8,0,1,2,0,1,1,0],1,3].
[[3,7,1,1,2,0,1,1,0],3,0].
[[1,7,2,1,2,1,2,2,1],11,0].
[[3,2,1,0,0,0,2,3,2],6,0].
[[3,7,0,0,0,0,1,1,1],5,0].
[[3,9,1,1,1,1,2,3,0],1,6].
[[1,3,2,0,0,0,2,3,1],1,0].
[[2,3,2,0,0,0,2,3,1],5,0].
[[1,7,1,1,2,1,1,2,2],1,0].
[[3,1,1,1,2,0,1,1,1],3,0].
[[3,7,2,1,2,1,2,2,0],4,1].
[[3,9,1,1,2,0,1,2,0],1,2].
[[3,5,0,1,1,0,1,2,2],1,1].
[[1,8,0,1,2,1,1,1,1],1,3].
[[3,9,2,1,1,1,0,0,0],0,3].
[[2,6,1,1,1,1,2,3,1],2,0].
[[1,6,1,1,2,1,1,2,2],1,0].
[[3,5,0,1,1,0,1,2,1],2,3].
[[1,8,1,1,1,1,2,2,0],7,1].
[[3,7,2,1,1,1,2,2,0],1,1].
[[3,7,1,1,1,0,2,1,0],2,1].
[[2,9,1,1,2,0,1,2,1],0,1].
[[2,7,2,1,1,1,1,2,2],4,1].
[[2,6,1,1,1,1,1,2,1],2,1].
[[1,5,0,1,2,1,2,3,0],0,1].
[[2,7,2,1,1,1,1,1,1],3,2].
[[3,3,1,0,0,0,2,2,0],5,0].
[[2,9,2,1,1,0,1,2,1],1,7].
[[2,3,2,0,0,0,2,2,0],1,0].
[[3,6,1,1,1,1,1,1,1],7,1].
[[2,5,0,0,0,0,1,1,0],1,0].
[[2,5,0,1,2,0,2,1,0],4,1].
[[2,3,2,1,2,0,2,1,1],2,0].
[[3,2,1,1,2,0,2,1,1],1,0].
[[3,3,1,1,1,1,2,2,1],2,0].
[[2,5,0,1,1,1,1,2,2],3,0].
[[3,6,0,0,0,0,2,2,0],3,6].
[[1,7,1,0,0,0,1,2,1],4,2].
[[2,9,2,1,1,0,1,1,0],0,1].
[[3,9,2,0,0,0,0,0,0],0,1].
[[3,7,2,0,0,0,2,3,0],3,0].
[[2,6,1,1,2,1,1,2,1],6,1].
[[3,6,0,1,1,1,2,2,0],0,2].
[[3,3,1,0,0,0,1,2,2],4,0].
[[1,7,2,1,2,1,2,3,1],9,1].
[[2,7,0,1,2,1,1,2,1],1,1].
[[1,8,0,1,2,1,1,1,0],2,1].
[[3,6,1,1,1,1,1,2,0],3,0].
[[3,6,0,1,1,1,1,1,1],0,1].
[[2,7,0,1,2,1,1,2,2],1,4].
[[1,8,1,1,1,1,1,1,1],1,0].
[[2,2,1,0,0,0,2,3,2],2,0].
[[3,2,1,1,2,0,2,2,1],2,0].
[[3,7,0,1,1,1,1,1,0],0,1].
[[2,5,0,0,0,0,1,2,2],4,0].
[[3,4,0,1,2,0,2,3,0],0,1].
[[3,3,1,1,2,0,1,2,1],5,0].
[[3,7,2,1,1,1,1,1,0],1,0].
[[3,3,1,1,2,1,2,1,0],1,0].
[[2,7,0,0,0,0,2,1,0],3,1].
[[3,3,2,1,2,0,1,2,2],4,0].
[[3,3,1,1,2,0,1,2,2],3,1].
[[2,3,1,1,2,1,2,1,1],1,0].
[[2,6,1,1,1,1,1,1,1],2,0].
[[3,3,1,1,1,1,1,1,1],1,0].
[[1,8,1,1,1,1,2,1,0],4,0].
[[3,9,2,1,1,0,2,1,0],0,2].
[[3,3,2,1,1,1,2,3,2],2,0].
[[2,3,1,0,0,0,2,2,1],4,0].
[[2,9,2,1,1,0,2,2,1],0,3].
[[3,4,1,1,2,0,2,1,0],11,1].
[[1,5,0,1,1,1,1,2,0],2,0].
[[2,7,1,0,0,0,1,1,0],4,0].
[[3,6,1,1,1,0,2,2,0],0,2].
[[2,7,0,0,0,0,2,3,1],1,5].
[[1,7,1,1,2,1,2,1,0],3,0].
[[2,7,1,1,1,1,1,1,0],1,0].
[[2,4,1,1,2,0,1,1,0],2,0].
[[3,9,1,0,0,0,1,2,1],4,6].
[[2,6,1,1,2,1,2,2,0],5,0].
[[1,6,0,0,0,0,2,3,0],0,1].
[[3,2,0,1,2,1,2,3,0],1,1].
[[3,2,1,1,2,1,2,3,2],3,0].
[[3,7,2,1,1,1,1,2,0],1,0].
[[2,7,1,1,2,0,2,1,0],3,0].
[[2,8,1,1,1,0,2,1,1],4,4].
[[1,7,2,1,2,0,1,2,2],0,1].
[[3,3,1,1,1,1,1,2,1],1,0].
[[2,6,1,1,1,1,2,3,0],2,0].
[[2,3,2,1,2,0,2,2,1],1,0].
[[3,2,0,0,0,0,0,0,0],1,0].
[[2,3,2,0,0,0,2,1,1],3,0].
[[2,7,2,1,1,0,2,3,1],2,1].
[[3,3,1,0,0,0,1,2,0],1,0].
[[2,3,1,1,2,1,2,2,1],1,0].
[[2,6,1,1,2,0,1,2,1],1,0].
[[3,6,1,1,1,0,1,2,2],1,2].
[[2,3,1,0,0,0,2,3,2],7,0].
[[1,5,0,1,2,1,1,2,1],1,0].
[[3,9,1,1,2,1,1,1,0],1,0].
[[2,3,2,1,2,1,2,3,1],2,0].
[[1,3,2,0,0,0,1,2,2],1,0].
[[2,3,2,0,0,0,1,2,1],2,0].
[[3,8,0,1,1,0,2,1,0],0,4].
[[1,7,2,1,2,0,2,3,1],0,2].
[[3,6,0,0,0,0,1,1,1],1,1].
[[3,5,0,1,2,0,1,2,2],2,0].
[[3,5,0,1,2,0,2,3,0],4,0].
[[2,6,1,1,2,0,1,1,1],1,1].
[[2,6,1,1,2,0,2,1,1],4,0].
[[3,6,0,0,0,0,1,2,1],2,1].
[[3,3,2,1,1,0,0,0,0],3,0].
[[2,8,1,1,1,0,0,0,0],3,3].
[[1,7,1,1,2,1,1,2,1],1,0].
[[3,7,1,1,1,0,2,3,0],1,2].
[[1,7,1,1,2,1,1,1,1],0,1].
[[2,7,1,1,1,1,1,1,1],1,1].
[[2,3,2,1,2,1,1,2,2],1,0].
[[3,7,0,1,2,0,1,1,1],1,1].
[[3,9,2,1,1,0,2,2,1],1,5].
[[2,9,1,1,1,1,1,1,1],0,1].
[[3,9,1,0,0,0,1,2,0],0,2].
[[2,6,0,0,0,0,2,1,1],2,2].
[[1,6,1,1,2,1,2,3,1],0,1].
[[2,3,1,0,0,0,2,2,0],2,0].
[[1,7,2,1,2,1,1,2,1],1,0].
[[3,7,2,1,1,1,2,3,0],2,1].
[[2,6,1,1,2,1,1,1,1],2,0].
[[1,5,0,1,1,1,2,3,0],1,0].
[[3,6,0,1,2,0,2,2,1],1,1].
[[3,3,2,1,1,0,2,1,1],1,0].
[[3,3,2,1,1,1,2,1,1],2,0].
[[2,6,1,1,1,1,2,1,0],1,0].
[[1,6,1,0,0,0,2,1,0],1,0].
[[2,9,2,1,1,0,2,1,0],0,1].
[[3,3,0,0,0,0,0,0,0],0,2].
[[3,6,1,1,1,0,1,1,1],1,0].
[[3,3,1,0,0,0,1,1,1],3,0].
[[2,7,2,1,1,0,1,2,1],1,1].
[[2,2,0,0,0,0,2,3,2],0,1].
[[3,2,0,0,0,0,1,2,2],0,1].
[[2,6,1,1,2,1,2,1,0],2,0].
[[2,9,1,0,0,0,1,2,0],2,1].
[[1,7,2,1,2,1,1,1,1],1,0].
[[3,6,0,1,2,1,1,1,0],1,3].
[[2,6,1,0,0,0,2,1,0],4,0].
[[3,3,2,0,0,0,2,3,0],1,0].
[[3,3,1,1,2,0,2,3,0],2,0].
[[1,7,1,1,2,1,2,3,0],1,0].
[[1,3,2,0,0,0,2,1,1],1,0].
[[2,7,2,1,2,1,2,3,0],2,0].
[[2,6,1,1,2,0,1,2,2],0,2].
[[1,6,1,1,2,1,2,3,0],1,0].
[[2,7,2,1,2,1,1,1,0],0,1].
[[2,3,2,1,2,1,2,1,1],2,0].
[[1,6,0,0,0,0,2,3,1],2,0].
[[1,6,1,1,2,1,1,2,1],1,0].
[[3,2,1,0,0,0,2,1,0],1,0].
[[3,7,2,0,0,0,1,1,0],1,0].
[[2,8,1,1,1,0,2,1,0],1,1].
[[1,8,1,1,1,1,1,2,0],1,0].
[[3,7,2,1,1,1,2,1,0],1,0].
[[2,1,1,1,2,0,1,2,0],1,0].
[[3,2,0,0,0,0,2,3,2],1,0].
[[2,3,1,0,0,0,1,2,2],1,0].
[[2,2,1,1,2,1,0,0,0],1,0].
[[3,3,1,1,2,1,1,1,0],1,0].
[[3,3,2,1,1,0,2,3,1],1,0].
[[2,9,1,1,1,1,1,2,1],0,1].
[[3,6,1,1,1,0,2,2,1],1,1].
[[3,3,2,1,1,1,0,0,0],2,0].
[[2,7,0,0,0,0,1,1,0],1,0].
[[3,7,0,1,2,0,1,1,0],1,0].
[[2,7,2,1,2,1,1,2,0],2,0].
[[3,4,0,1,2,0,2,1,1],0,1].
[[3,4,0,1,2,0,1,2,0],0,1].
[[1,7,2,0,0,0,2,3,0],1,0].
[[1,7,1,1,2,1,2,2,0],3,0].
[[2,3,1,1,2,1,2,2,0],1,0].
[[2,6,0,0,0,0,1,2,0],2,0].
[[3,4,0,1,2,0,1,2,2],0,1].
[[3,2,1,0,0,0,1,2,1],1,0].
[[2,9,1,1,2,1,1,2,0],1,0].
[[2,2,1,1,2,1,2,3,2],1,0].
[[3,7,2,1,1,0,2,2,0],1,0].
[[2,4,1,1,2,0,2,1,0],1,0].
[[3,9,2,1,1,0,0,0,0],0,1].
[[3,7,2,1,2,0,2,1,0],1,0].
[[1,6,0,0,0,0,2,1,0],1,0].
[[3,6,0,1,1,1,1,1,0],1,0].
[[3,2,1,1,2,0,2,3,2],1,0].
[[2,6,0,1,2,1,1,2,2],0,1].
[[3,7,2,1,1,0,2,1,0],0,1].
[[3,2,0,0,0,0,2,1,1],1,0].
[[3,2,0,1,2,1,2,1,0],1,0].
[[2,9,1,1,1,1,2,3,0],0,1].
[[3,7,2,1,1,0,2,3,0],1,0].
[[2,5,0,1,2,0,1,2,1],0,1].
