total_WL(407,399).
[[1,8,0,0,0,0,2,3,0],6,5].
[[2,7,1,0,0,0,2,3,1],6,4].
[[3,7,1,1,2,1,2,3,1],10,5].
[[1,8,1,1,2,0,0,0,0],2,1].
[[2,6,1,1,2,0,0,0,0],2,0].
[[3,6,1,1,2,0,2,3,1],1,0].
[[1,9,2,0,0,0,2,3,2],9,13].
[[2,9,2,1,2,1,1,2,2],5,10].
[[3,9,2,1,2,1,1,2,2],3,4].
[[1,9,2,0,0,0,1,2,1],4,8].
[[2,8,1,0,0,0,1,2,1],6,6].
[[3,8,1,1,2,0,1,2,1],3,2].
[[1,8,1,0,0,0,1,1,1],1,1].
[[2,8,1,1,2,1,1,1,1],0,2].
[[3,7,2,1,2,1,1,1,2],1,2].
[[1,8,1,0,0,0,1,2,2],4,11].
[[2,7,1,0,0,0,1,2,2],2,3].
[[3,7,1,1,2,1,1,1,2],5,1].
[[1,9,2,0,0,0,2,1,0],6,12].
[[2,9,2,0,0,0,1,2,0],3,7].
[[3,9,2,0,0,0,1,2,0],0,4].
[[1,8,1,1,2,1,0,0,0],10,6].
[[2,8,1,1,2,1,0,0,0],4,3].
[[3,8,1,1,2,1,2,2,0],1,2].
[[1,8,0,0,0,0,0,0,0],11,21].
[[2,8,0,0,0,0,2,3,1],1,7].
[[3,7,1,0,0,0,2,3,1],2,4].
[[1,9,2,1,2,1,2,3,2],4,3].
[[1,9,2,0,0,0,2,2,0],14,22].
[[2,8,0,1,2,1,2,2,0],3,5].
[[3,8,0,1,2,1,2,3,1],2,5].
[[1,9,2,1,2,1,1,2,0],1,6].
[[2,9,2,1,2,1,1,1,0],2,7].
[[3,9,2,1,2,1,1,1,0],2,11].
[[1,9,2,0,0,0,2,3,0],9,23].
[[2,9,2,1,2,0,1,2,0],3,1].
[[3,5,0,1,2,1,1,2,0],3,0].
[[1,9,2,0,0,0,2,1,2],1,4].
[[2,8,1,1,2,0,2,1,2],1,1].
[[3,8,1,1,1,0,1,1,2],2,1].
[[1,8,1,0,0,0,0,0,0],21,6].
[[2,8,1,0,0,0,0,0,0],1,2].
[[3,8,1,1,2,0,2,2,1],3,1].
[[2,7,1,0,0,0,0,0,0],4,0].
[[3,7,1,0,0,0,2,2,0],1,0].
[[1,9,2,1,2,1,2,3,0],11,5].
[[2,9,2,1,1,1,2,3,0],2,4].
[[3,5,0,1,1,1,1,2,0],1,0].
[[1,9,2,0,0,0,0,0,0],5,34].
[[2,8,0,1,2,0,0,0,0],0,1].
[[3,8,0,1,2,0,2,3,1],0,3].
[[1,9,2,0,0,0,2,2,2],4,10].
[[2,9,2,1,2,1,1,1,2],1,4].
[[3,5,0,1,1,1,1,1,2],1,0].
[[1,9,2,1,2,1,1,2,2],8,11].
[[2,8,1,1,2,1,1,2,2],4,3].
[[3,7,1,1,2,1,1,2,2],7,4].
[[2,8,0,0,0,0,2,1,0],0,5].
[[3,8,0,0,0,0,2,1,0],0,5].
[[1,9,2,0,0,0,1,1,0],4,5].
[[2,8,1,0,0,0,2,3,2],9,1].
[[3,8,1,1,2,1,1,2,2],6,1].
[[1,8,1,1,2,1,2,2,0],1,0].
[[2,8,1,1,1,1,2,3,1],3,2].
[[3,5,0,1,1,1,1,2,1],3,0].
[[1,9,2,1,2,1,2,1,0],4,6].
[[2,9,2,1,2,1,2,1,0],2,3].
[[3,5,0,1,2,1,1,1,0],3,0].
[[2,9,2,1,2,1,2,3,0],4,7].
[[3,8,1,1,2,1,1,1,1],1,1].
[[1,8,1,0,0,0,1,1,2],5,1].
[[2,8,1,0,0,0,1,1,2],1,1].
[[3,8,1,0,0,0,1,1,2],2,1].
[[2,9,2,1,2,1,2,2,1],4,3].
[[3,9,2,1,1,1,1,1,1],0,1].
[[2,8,1,0,0,0,1,2,2],4,4].
[[3,7,1,0,0,0,1,2,2],3,2].
[[1,9,2,1,2,1,2,2,0],8,6].
[[3,8,0,1,2,1,2,2,0],0,7].
[[1,9,2,0,0,0,1,2,2],17,11].
[[2,9,2,0,0,0,1,2,1],3,4].
[[3,8,0,1,2,1,1,2,1],1,3].
[[2,8,1,0,0,0,2,2,1],4,3].
[[3,7,1,0,0,0,2,2,1],2,0].
[[2,9,2,0,0,0,2,2,0],3,7].
[[3,8,0,0,0,0,2,2,0],0,4].
[[2,9,2,0,0,0,1,1,0],1,5].
[[2,9,2,0,0,0,2,3,0],2,9].
[[3,8,0,0,0,0,2,3,0],0,7].
[[1,8,1,0,0,0,2,1,2],6,5].
[[2,8,1,0,0,0,2,1,2],4,0].
[[3,7,1,1,2,1,2,1,2],4,2].
[[1,9,2,1,1,1,1,1,2],3,0].
[[2,8,1,1,1,1,1,1,2],3,0].
[[3,8,1,1,1,1,1,1,2],1,1].
[[3,8,1,1,2,1,1,2,1],12,9].
[[1,9,2,1,2,1,2,2,1],3,4].
[[2,8,0,1,2,1,2,2,1],2,1].
[[3,8,0,1,2,1,2,2,1],3,3].
[[1,9,2,1,2,0,0,0,0],0,2].
[[2,9,2,1,2,0,0,0,0],0,1].
[[3,9,1,1,2,0,2,2,0],0,1].
[[2,8,0,1,2,0,2,3,0],1,1].
[[3,8,0,1,2,0,2,3,0],0,1].
[[2,8,1,0,0,0,2,1,1],2,0].
[[3,8,1,0,0,0,2,1,1],1,0].
[[1,8,1,0,0,0,2,3,2],15,5].
[[3,8,1,0,0,0,2,3,2],2,0].
[[3,9,2,1,1,1,1,2,2],1,8].
[[3,9,2,1,2,1,1,2,1],2,9].
[[1,8,1,0,0,0,2,2,2],17,6].
[[2,8,1,0,0,0,2,2,2],8,6].
[[2,5,0,0,0,0,2,2,0],2,0].
[[3,5,0,1,2,1,2,2,0],2,0].
[[2,9,2,1,2,1,2,2,0],2,6].
[[2,9,2,0,0,0,1,2,2],2,9].
[[3,8,0,0,0,0,1,2,2],1,5].
[[2,8,1,1,2,1,2,3,1],12,6].
[[3,8,1,1,2,1,2,3,1],7,6].
[[2,7,2,0,0,0,2,2,2],3,0].
[[3,7,2,0,0,0,2,2,2],1,0].
[[2,9,2,0,0,0,2,2,2],1,2].
[[3,8,1,1,2,0,2,2,2],1,1].
[[1,7,2,0,0,0,0,0,0],9,0].
[[2,7,2,1,2,1,0,0,0],3,1].
[[3,7,2,1,1,1,2,1,2],1,0].
[[2,9,2,1,2,1,1,2,0],3,9].
[[3,9,2,1,1,1,1,2,0],1,5].
[[2,8,0,1,2,1,2,1,0],2,4].
[[3,7,1,1,1,1,2,1,0],1,1].
[[1,8,1,1,2,1,1,2,2],3,1].
[[2,7,2,1,2,1,1,2,2],1,1].
[[3,5,0,1,2,1,1,1,2],11,1].
[[2,8,0,0,0,0,2,1,2],1,2].
[[1,7,1,0,0,0,0,0,0],5,0].
[[3,3,2,1,2,1,0,0,0],3,0].
[[1,8,0,0,0,0,2,3,1],0,5].
[[3,8,0,0,0,0,2,3,1],0,2].
[[2,9,2,0,0,0,2,3,1],4,9].
[[3,9,2,1,2,0,1,1,2],0,2].
[[3,9,2,1,2,1,2,2,0],0,6].
[[1,9,2,1,1,1,2,2,0],1,0].
[[2,9,2,1,1,1,2,2,0],3,2].
[[3,4,1,1,2,0,1,2,0],2,1].
[[1,7,1,1,2,1,2,3,1],0,1].
[[2,7,1,1,2,1,1,2,1],1,2].
[[3,7,1,1,1,1,1,2,1],2,1].
[[1,9,2,1,2,1,1,1,0],1,4].
[[3,9,2,1,2,1,1,2,0],2,8].
[[1,9,2,0,0,0,2,2,1],3,6].
[[2,9,2,0,0,0,2,2,1],0,4].
[[3,9,2,1,2,0,2,2,1],0,2].
[[2,9,2,0,0,0,2,1,0],3,10].
[[3,8,0,1,2,1,1,1,2],0,5].
[[3,9,2,1,2,1,1,1,1],1,0].
[[1,9,2,1,2,1,2,3,1],3,7].
[[2,9,2,1,2,1,2,3,1],5,8].
[[1,7,2,0,0,0,2,3,2],4,0].
[[2,7,2,0,0,0,2,3,2],3,0].
[[3,7,2,1,2,1,2,3,2],7,0].
[[3,7,2,1,2,0,2,3,2],1,0].
[[2,7,1,1,2,1,2,1,2],1,2].
[[3,7,1,0,0,0,2,2,2],4,0].
[[2,7,1,1,2,1,2,3,2],2,2].
[[3,7,1,1,1,1,2,3,2],3,0].
[[3,5,0,1,2,1,2,3,0],3,0].
[[1,8,0,1,2,1,0,0,0],1,10].
[[2,8,0,1,2,1,2,3,0],5,4].
[[3,8,0,1,2,1,2,1,0],1,6].
[[1,9,2,0,0,0,2,3,1],5,18].
[[3,8,0,0,0,0,1,2,1],1,3].
[[2,8,0,1,2,1,1,2,2],5,2].
[[3,8,0,1,2,1,1,2,2],2,9].
[[1,8,0,0,0,0,2,2,2],4,3].
[[2,8,0,1,2,1,1,1,2],2,2].
[[2,8,0,1,2,1,0,0,0],0,6].
[[3,8,0,1,2,1,2,3,0],4,8].
[[1,9,2,1,1,1,2,1,2],0,1].
[[2,4,1,1,2,0,2,1,2],0,1].
[[3,4,1,1,2,0,1,2,2],0,2].
[[1,8,1,1,2,1,1,2,1],3,0].
[[2,8,1,1,2,1,1,2,1],10,5].
[[2,7,2,0,0,0,2,2,1],1,0].
[[3,7,2,0,0,0,2,2,1],2,0].
[[3,7,1,1,1,1,2,3,1],3,0].
[[1,9,2,1,1,1,1,2,2],0,3].
[[2,9,2,1,1,1,1,2,2],0,3].
[[3,8,0,1,1,1,1,2,2],0,5].
[[3,7,2,1,1,1,0,0,0],1,0].
[[1,8,0,1,2,1,2,3,1],0,1].
[[2,8,0,1,1,1,1,2,2],0,1].
[[3,9,2,1,2,1,2,3,1],1,4].
[[2,9,2,1,2,0,2,3,0],0,1].
[[2,8,1,1,2,1,2,2,1],5,6].
[[3,7,1,1,2,1,2,2,1],1,5].
[[2,8,1,1,2,1,2,3,2],5,0].
[[2,7,1,0,0,0,2,3,2],3,1].
[[3,7,1,0,0,0,2,3,2],2,0].
[[3,9,2,0,0,0,1,2,2],1,1].
[[3,7,1,1,2,1,1,1,1],1,0].
[[2,9,2,1,2,0,1,1,0],0,1].
[[3,9,2,1,2,0,1,1,0],0,4].
[[2,8,1,1,2,0,1,2,2],2,3].
[[3,7,2,1,1,0,1,2,2],1,0].
[[2,8,0,0,0,0,1,2,2],5,7].
[[2,7,1,1,2,0,0,0,0],0,1].
[[3,7,1,1,2,1,0,0,0],1,1].
[[3,8,0,1,2,0,2,1,0],0,1].
[[3,8,1,0,0,0,1,2,1],5,3].
[[1,7,1,0,0,0,2,3,1],3,1].
[[3,7,1,1,2,1,1,1,0],1,1].
[[3,8,1,0,0,0,2,3,1],3,2].
[[1,9,2,1,2,1,1,2,1],2,1].
[[2,5,0,1,1,1,1,2,1],2,0].
[[1,8,1,1,2,1,2,3,1],13,3].
[[2,8,1,1,1,1,1,2,1],2,1].
[[3,4,1,1,2,0,1,2,1],2,1].
[[1,8,1,0,0,0,2,3,1],14,10].
[[2,8,1,0,0,0,2,3,1],6,7].
[[3,7,1,1,2,0,2,3,1],3,3].
[[1,8,1,1,2,1,2,3,0],1,0].
[[2,8,1,1,2,1,1,2,0],4,0].
[[3,8,1,1,2,1,1,2,0],3,0].
[[1,8,1,1,2,0,1,2,1],1,0].
[[2,7,1,1,2,0,1,2,1],1,0].
[[3,7,1,1,2,1,1,2,1],3,1].
[[1,8,1,1,2,1,2,2,2],5,3].
[[2,8,1,1,2,1,1,1,2],8,2].
[[2,7,1,1,2,1,2,3,1],4,1].
[[2,8,0,0,0,0,2,3,0],2,5].
[[3,8,0,0,0,0,1,2,0],2,1].
[[1,9,2,1,2,1,1,1,2],3,0].
[[3,8,1,1,1,1,1,2,2],4,1].
[[2,8,1,1,2,1,2,2,0],2,1].
[[3,7,1,1,2,1,2,2,0],4,2].
[[2,7,2,0,0,0,0,0,0],4,0].
[[3,7,2,0,0,0,2,1,0],1,0].
[[2,8,1,1,2,0,2,3,2],2,0].
[[3,8,1,1,2,0,2,1,0],2,1].
[[3,8,1,1,1,1,2,2,1],3,4].
[[2,8,1,0,0,0,1,1,0],1,3].
[[3,8,1,0,0,0,1,1,0],0,2].
[[3,8,1,1,2,0,1,1,2],1,0].
[[2,8,0,1,2,1,2,3,1],0,4].
[[2,8,1,1,2,1,1,1,0],1,0].
[[1,8,1,0,0,0,2,2,1],10,3].
[[2,8,1,1,2,0,1,1,2],4,1].
[[3,8,1,1,2,1,1,1,2],9,3].
[[1,8,1,1,2,0,2,2,0],0,1].
[[2,8,1,1,1,0,2,1,1],0,1].
[[3,8,1,1,1,0,1,2,0],0,1].
[[3,4,1,1,2,0,2,2,0],0,1].
[[1,8,1,0,0,0,1,2,1],5,2].
[[2,8,0,0,0,0,2,2,0],3,5].
[[3,6,0,1,2,1,2,2,0],1,1].
[[3,8,1,1,1,1,1,1,1],0,2].
[[1,8,0,0,0,0,2,2,0],3,4].
[[2,7,1,0,0,0,2,2,0],1,0].
[[3,8,1,0,0,0,1,2,2],7,2].
[[2,8,0,1,2,0,2,1,2],0,1].
[[3,8,0,1,2,0,2,1,2],0,2].
[[2,5,0,0,0,0,2,3,0],3,0].
[[1,5,0,0,0,0,1,1,2],1,0].
[[2,5,0,1,2,1,1,1,2],5,0].
[[1,8,1,1,2,1,2,3,2],4,1].
[[1,3,2,0,0,0,0,0,0],2,0].
[[2,3,2,1,2,1,0,0,0],1,0].
[[3,3,2,1,2,1,2,1,2],1,0].
[[2,9,2,0,0,0,0,0,0],0,7].
[[3,8,1,0,0,0,0,0,0],0,1].
[[2,5,0,1,2,0,1,1,2],3,0].
[[3,5,0,1,2,1,1,2,2],1,0].
[[1,8,1,0,0,0,2,1,1],4,0].
[[2,7,1,0,0,0,2,1,1],1,0].
[[3,7,1,1,2,1,2,1,1],1,1].
[[2,9,2,1,1,1,1,2,0],0,3].
[[3,8,0,1,1,1,1,2,0],1,2].
[[3,9,2,0,0,0,2,1,0],0,1].
[[2,8,0,0,0,0,1,2,1],1,1].
[[3,7,1,0,0,0,1,2,1],3,0].
[[3,8,0,1,2,1,1,2,0],1,6].
[[2,8,1,0,0,0,1,1,1],1,1].
[[3,7,2,0,0,0,1,2,2],4,0].
[[1,3,2,0,0,0,2,3,2],1,0].
[[2,3,2,1,2,0,2,3,2],1,0].
[[3,3,2,1,1,0,2,3,1],1,0].
[[1,9,2,1,2,1,0,0,0],4,7].
[[2,9,2,1,1,1,0,0,0],0,1].
[[3,7,2,1,2,1,2,2,2],1,0].
[[1,9,2,0,0,0,1,2,0],3,5].
[[2,8,0,0,0,0,2,2,2],1,2].
[[3,8,0,1,2,1,2,2,2],0,1].
[[3,9,2,0,0,0,2,3,0],0,2].
[[1,9,2,0,0,0,1,1,2],3,5].
[[3,6,1,1,2,1,1,2,1],3,0].
[[1,8,0,1,2,1,2,3,0],1,0].
[[2,6,0,1,2,1,2,3,0],1,0].
[[3,6,0,1,2,1,2,3,0],1,0].
[[3,5,0,0,0,0,1,1,2],2,0].
[[1,8,0,0,0,0,2,2,1],1,1].
[[2,8,0,0,0,0,2,2,1],2,2].
[[2,8,1,1,2,0,2,1,0],1,1].
[[3,8,1,1,1,0,2,3,1],1,1].
[[3,6,1,1,2,0,0,0,0],1,0].
[[3,9,2,0,0,0,1,2,1],0,5].
[[3,9,2,1,2,1,2,3,0],0,5].
[[1,8,1,1,2,1,2,2,1],6,2].
[[2,8,1,1,1,1,2,2,1],1,1].
[[2,8,1,1,2,1,2,1,2],2,1].
[[3,8,1,1,1,1,2,2,2],2,1].
[[2,7,1,1,2,0,2,2,1],1,0].
[[3,7,1,1,2,0,2,2,1],1,0].
[[2,8,0,0,0,0,2,3,2],2,2].
[[3,6,0,0,0,0,2,3,2],2,0].
[[3,8,0,1,2,0,1,2,2],1,4].
[[3,9,2,1,2,1,2,1,1],1,0].
[[2,8,0,1,2,1,2,2,2],1,2].
[[3,8,0,1,1,1,2,2,2],2,0].
[[3,8,0,0,0,0,1,1,0],0,2].
[[2,6,1,1,2,1,2,2,1],1,0].
[[3,6,1,1,2,1,2,2,1],2,0].
[[3,5,0,1,2,1,1,1,1],6,0].
[[3,9,2,1,2,1,2,1,0],0,3].
[[2,8,1,1,2,1,2,2,2],2,2].
[[1,9,2,1,2,1,2,1,2],1,1].
[[2,8,0,1,2,0,2,1,0],0,1].
[[2,7,1,1,2,1,0,0,0],2,0].
[[3,7,1,1,2,1,2,3,0],1,1].
[[2,5,0,1,2,1,2,3,0],2,0].
[[3,5,0,1,1,1,2,3,0],1,0].
[[2,7,1,0,0,0,1,1,2],0,1].
[[2,9,2,1,2,0,2,2,0],0,2].
[[3,8,0,1,2,0,2,2,0],0,1].
[[3,7,1,1,2,0,1,2,2],2,0].
[[3,8,0,1,2,0,2,2,1],0,2].
[[2,8,1,0,0,0,2,2,0],1,2].
[[3,7,1,1,2,0,2,2,0],1,0].
[[2,7,1,0,0,0,1,1,1],1,0].
[[3,7,1,0,0,0,1,1,1],1,1].
[[2,8,1,1,2,1,2,1,1],1,2].
[[3,7,2,1,1,1,1,1,2],2,0].
[[2,9,2,1,1,1,2,2,1],1,0].
[[3,4,1,1,2,0,2,2,1],2,0].
[[2,9,2,1,1,1,1,1,2],1,0].
[[3,5,0,1,1,1,1,1,1],2,1].
[[1,8,1,0,0,0,2,3,0],2,2].
[[2,8,1,0,0,0,1,2,0],0,1].
[[3,8,1,1,2,0,1,2,0],1,1].
[[3,8,0,1,1,1,2,2,0],1,2].
[[2,9,2,1,2,1,0,0,0],0,3].
[[3,8,0,1,2,1,0,0,0],0,2].
[[2,9,2,1,1,0,2,3,1],0,1].
[[3,9,2,1,1,0,2,3,1],0,1].
[[2,8,0,0,0,0,0,0,0],1,9].
[[3,8,0,0,0,0,0,0,0],0,1].
[[3,5,0,1,2,1,1,2,1],5,0].
[[3,6,1,0,0,0,1,2,1],1,0].
[[3,3,2,0,0,0,2,2,2],1,0].
[[1,8,1,1,1,1,1,1,2],1,0].
[[3,4,1,1,2,0,1,1,2],1,0].
[[3,8,1,1,1,1,1,2,1],2,1].
[[3,6,1,0,0,0,2,3,1],2,0].
[[1,8,1,0,0,0,1,2,0],1,0].
[[3,8,1,1,1,1,1,2,0],1,0].
[[3,8,1,1,2,0,2,2,0],0,1].
[[3,8,1,1,2,1,2,2,1],5,2].
[[3,7,0,1,2,1,2,2,1],1,0].
[[3,8,0,1,2,0,0,0,0],0,1].
[[1,8,0,0,0,0,1,2,2],3,1].
[[3,9,2,0,0,0,2,2,1],0,3].
[[3,8,0,1,1,1,2,3,2],0,1].
[[2,7,1,1,2,1,2,2,2],5,2].
[[2,9,2,1,2,0,1,2,2],2,4].
[[1,5,0,1,2,1,1,1,2],1,0].
[[3,7,2,1,2,1,2,2,0],1,0].
[[1,7,2,0,0,0,2,2,0],1,0].
[[2,7,2,0,0,0,2,2,0],1,0].
[[1,9,2,1,2,0,1,2,0],0,2].
[[3,5,0,1,1,0,1,2,0],1,1].
[[2,7,1,0,0,0,2,2,2],3,0].
[[3,6,1,1,2,1,2,3,2],1,0].
[[1,8,0,1,2,1,1,2,2],0,2].
[[2,8,0,1,2,0,1,1,0],1,0].
[[3,8,0,1,1,0,1,1,0],1,0].
[[2,8,0,0,0,0,1,1,0],2,1].
[[2,9,2,1,1,1,1,2,1],0,1].
[[3,8,0,1,1,1,1,2,1],0,2].
[[2,8,0,1,2,0,2,3,1],0,1].
[[3,7,1,1,1,0,2,3,1],0,1].
[[2,8,0,1,2,0,1,2,0],1,0].
[[1,9,2,1,2,1,2,2,2],5,4].
[[2,9,1,1,2,0,1,2,1],0,1].
[[3,8,0,1,2,0,1,2,1],0,5].
[[3,5,0,0,0,0,1,1,1],3,0].
[[2,8,1,1,2,0,2,3,1],3,0].
[[3,8,1,1,2,0,2,3,1],2,1].
[[2,7,2,1,2,1,1,1,2],1,0].
[[2,9,2,1,2,1,1,2,1],2,4].
[[2,8,0,1,2,1,1,2,0],0,1].
[[2,8,1,1,2,1,2,1,0],3,0].
[[3,7,1,1,2,1,2,1,0],1,0].
[[2,7,2,1,2,0,2,3,2],1,0].
[[3,3,2,1,2,0,2,3,2],1,0].
[[3,8,1,1,1,1,2,3,1],4,1].
[[1,8,0,0,0,0,2,3,2],2,4].
[[3,8,1,1,2,0,1,2,2],3,3].
[[3,5,0,0,0,0,2,3,0],2,0].
[[2,3,2,0,0,0,0,0,0],4,0].
[[3,3,2,1,2,1,2,3,2],2,0].
[[1,6,1,0,0,0,2,2,1],1,0].
[[2,6,1,0,0,0,2,2,1],2,0].
[[3,6,1,0,0,0,2,2,1],2,0].
[[1,5,0,0,0,0,2,2,0],2,0].
[[2,5,0,1,2,1,2,2,0],3,0].
[[1,9,2,1,1,1,1,1,0],0,1].
[[2,8,1,1,1,1,1,1,0],0,1].
[[3,8,1,1,1,1,1,1,0],0,1].
[[2,8,0,1,2,0,2,2,0],0,1].
[[3,6,0,1,2,0,2,2,0],0,1].
[[2,8,0,1,2,0,2,3,2],0,1].
[[3,8,0,1,1,0,2,3,1],0,1].
[[2,6,0,0,0,0,2,3,2],1,0].
[[2,9,2,1,2,1,2,2,2],3,2].
[[3,9,2,1,1,1,1,1,0],0,3].
[[3,7,1,1,2,1,2,3,2],3,1].
[[2,7,2,1,2,1,2,3,1],1,0].
[[3,8,1,1,2,0,2,3,0],0,1].
[[2,5,0,1,1,1,1,1,1],1,0].
[[2,6,1,1,2,0,2,3,2],1,0].
[[3,6,1,1,2,0,2,3,2],1,0].
[[2,6,1,1,2,1,2,3,1],2,0].
[[3,6,1,1,2,1,2,3,1],2,0].
[[3,5,0,0,0,0,1,2,1],3,0].
[[2,7,0,1,2,1,0,0,0],0,1].
[[3,7,0,1,2,1,2,1,2],0,1].
[[2,8,1,0,0,0,2,1,0],5,0].
[[3,8,1,0,0,0,2,2,2],1,1].
[[3,5,0,0,0,0,1,2,0],3,0].
[[1,8,1,1,2,1,2,1,0],2,0].
[[3,8,1,1,2,1,2,2,2],1,1].
[[3,7,1,1,2,1,1,2,0],2,0].
[[2,8,0,1,1,1,1,1,2],2,0].
[[3,8,0,1,1,1,1,1,2],1,0].
[[2,7,2,1,2,1,2,2,2],1,0].
[[3,7,2,1,2,1,2,2,1],1,0].
[[2,9,2,0,0,0,2,1,2],1,1].
[[2,9,2,0,0,0,2,3,2],2,1].
[[2,5,0,0,0,0,1,1,2],2,0].
[[3,7,1,1,2,0,0,0,0],1,0].
[[2,6,0,0,0,0,0,0,0],0,1].
[[3,6,0,0,0,0,2,3,0],0,1].
[[3,8,1,1,1,0,1,2,1],3,2].
[[1,6,1,0,0,0,0,0,0],3,0].
[[2,6,1,0,0,0,2,3,1],3,0].
[[2,6,1,1,2,1,0,0,0],1,0].
[[3,6,1,1,2,1,2,2,0],1,0].
[[2,9,2,1,1,1,2,3,2],0,1].
[[1,5,0,0,0,0,1,2,0],1,0].
[[2,5,0,1,2,0,1,2,0],2,0].
[[3,5,0,1,2,0,1,2,0],1,0].
[[3,8,1,1,2,1,2,1,1],0,1].
[[2,5,0,1,2,1,1,2,2],1,0].
[[3,8,1,1,2,0,1,1,0],1,0].
[[3,8,0,1,1,1,1,1,0],1,0].
[[3,9,2,0,0,0,2,3,1],1,0].
[[3,7,1,1,2,0,1,2,1],1,0].
[[2,7,2,1,2,1,2,3,2],4,0].
[[3,8,0,1,2,0,1,2,0],0,2].
[[2,7,1,0,0,0,2,1,2],1,1].
[[1,8,1,1,2,1,1,1,2],1,0].
[[2,7,1,1,2,1,1,1,2],1,0].
[[3,9,2,1,1,1,2,3,0],0,3].
[[2,6,1,0,0,0,2,2,2],2,0].
[[3,3,1,1,2,0,2,2,2],1,0].
[[3,8,1,1,1,1,2,2,0],1,0].
[[3,8,0,1,1,1,2,3,0],1,0].
[[3,7,1,1,1,1,1,1,2],2,0].
[[2,6,1,0,0,0,2,1,1],1,0].
[[3,6,1,1,2,0,2,1,1],1,0].
[[2,9,2,1,2,0,2,3,2],0,1].
[[3,9,2,1,2,0,2,3,2],0,1].
[[2,9,2,1,1,1,2,2,2],0,2].
[[3,9,2,1,1,1,2,2,2],0,1].
[[2,7,0,1,2,1,2,2,0],0,2].
[[3,7,0,1,2,1,2,2,0],0,1].
[[3,3,2,0,0,0,0,0,0],1,0].
[[1,8,1,1,2,0,2,3,2],1,0].
[[2,6,1,1,2,1,2,1,0],1,0].
[[3,6,1,1,1,1,2,1,0],1,0].
[[1,8,1,1,2,1,2,1,1],2,0].
[[3,7,2,1,2,1,1,2,1],1,2].
[[3,7,0,1,2,1,2,3,0],0,2].
[[3,9,2,1,2,0,1,2,2],1,1].
[[3,9,2,1,1,1,1,2,1],0,2].
[[2,8,0,0,0,0,1,1,2],1,2].
[[3,6,0,0,0,0,1,1,2],0,1].
[[1,9,2,1,1,1,1,2,0],1,0].
[[2,4,1,1,2,0,1,2,0],1,0].
[[2,9,2,1,2,1,2,3,2],2,1].
[[3,8,0,1,2,1,2,3,2],2,0].
[[1,7,1,1,2,1,0,0,0],0,1].
[[3,7,2,1,2,1,1,2,2],3,1].
[[1,7,1,0,0,0,2,2,1],0,1].
[[2,7,1,0,0,0,2,2,1],1,1].
[[3,6,0,1,2,1,0,0,0],0,1].
[[2,5,0,0,0,0,1,2,1],2,0].
[[3,5,0,1,2,0,1,2,1],2,0].
[[1,8,0,0,0,0,2,1,0],0,3].
[[2,8,0,0,0,0,1,2,0],0,2].
[[3,7,0,0,0,0,1,2,0],0,1].
[[3,9,1,1,1,1,2,1,0],0,1].
[[3,5,0,1,2,0,2,3,0],1,0].
[[1,8,0,0,0,0,1,2,0],0,1].
[[2,8,0,1,2,1,1,1,0],0,1].
[[3,7,0,1,1,1,1,1,0],0,1].
[[3,7,0,1,2,1,2,3,2],1,0].
[[3,7,0,1,2,1,0,0,0],0,2].
[[3,7,1,1,2,1,2,2,2],0,1].
[[3,8,1,1,2,1,1,1,0],1,0].
[[1,8,0,1,2,1,2,3,2],2,0].
[[3,3,1,0,0,0,2,2,2],1,0].
[[1,9,2,1,2,0,2,3,2],1,0].
[[2,9,2,1,2,0,1,2,1],1,0].
[[3,8,1,1,1,0,2,3,0],1,0].
[[2,4,1,1,2,0,1,2,2],0,1].
[[1,8,1,1,2,0,2,3,0],1,0].
[[2,8,1,1,2,0,1,2,0],1,0].
[[2,9,2,1,1,0,1,2,0],0,1].
[[3,8,0,1,1,0,1,2,0],0,1].
[[1,9,2,0,0,0,2,1,1],1,1].
[[3,8,0,0,0,0,2,2,1],0,2].
[[3,7,1,1,2,0,1,1,2],2,0].
[[1,8,0,1,2,1,2,1,1],1,0].
[[2,8,0,1,2,1,2,1,1],1,0].
[[3,8,0,1,2,1,2,1,1],1,0].
[[1,8,0,1,2,1,2,2,0],0,2].
[[2,8,0,1,1,1,2,2,0],0,1].
[[2,8,0,1,2,1,2,3,2],0,1].
[[3,7,0,1,2,1,1,1,0],0,1].
[[3,9,2,1,2,0,2,2,0],0,1].
[[3,7,1,1,2,0,2,1,0],1,0].
[[1,9,2,1,2,0,1,2,2],2,1].
[[3,5,0,1,2,0,1,1,2],2,0].
[[2,7,0,0,0,0,2,3,0],0,1].
[[1,7,2,0,0,0,2,3,1],1,0].
[[2,7,2,1,2,0,2,3,1],1,0].
[[3,7,2,1,1,0,1,2,0],1,0].
[[1,5,0,0,0,0,2,3,0],1,0].
[[2,8,1,1,2,0,2,2,1],2,0].
[[3,7,0,1,2,1,1,2,2],1,1].
[[2,7,1,0,0,0,2,3,0],1,0].
[[2,8,0,1,1,1,2,1,0],0,1].
[[3,8,0,1,1,1,2,1,0],0,2].
[[3,6,1,1,1,1,1,2,1],1,0].
[[1,7,1,1,2,1,2,3,2],1,0].
[[2,7,1,1,1,1,2,3,2],1,0].
[[1,8,1,0,0,0,2,2,0],2,1].
[[2,6,1,0,0,0,2,2,0],1,0].
[[3,6,1,1,2,0,1,1,0],1,0].
[[3,9,2,1,2,0,2,3,1],0,1].
[[1,5,0,0,0,0,1,1,1],1,0].
[[2,5,0,0,0,0,1,1,1],1,0].
[[3,9,2,0,0,0,1,1,0],0,2].
[[1,8,1,1,1,1,2,3,1],1,0].
[[3,7,2,1,1,1,1,2,2],1,0].
[[3,8,1,1,2,1,2,3,0],0,2].
[[2,9,1,0,0,0,1,1,0],1,0].
[[3,5,0,0,0,0,1,1,0],1,0].
[[2,8,1,1,2,0,1,2,1],1,0].
[[2,3,1,0,0,0,0,0,0],1,0].
[[3,3,1,0,0,0,2,3,2],1,0].
[[3,6,0,0,0,0,0,0,0],0,1].
[[3,8,0,1,2,0,1,1,0],0,2].
[[3,7,2,1,2,0,2,3,1],1,0].
[[1,9,2,1,1,1,2,3,0],0,1].
[[1,7,2,0,0,0,1,1,2],1,0].
[[2,7,2,0,0,0,1,1,2],1,0].
[[3,7,2,0,0,0,1,1,2],1,0].
[[2,9,2,1,2,1,2,1,2],0,1].
[[3,8,0,1,2,1,2,1,2],0,1].
[[1,8,1,1,1,1,2,2,1],1,0].
[[3,9,2,1,2,1,2,2,1],0,2].
[[2,9,2,1,2,0,1,1,2],0,1].
[[3,9,2,1,1,0,1,1,2],0,1].
[[2,9,2,1,1,1,2,1,2],0,1].
[[2,5,0,0,0,0,1,2,0],1,0].
[[2,7,1,1,2,1,2,2,0],1,0].
[[3,7,1,1,1,1,1,1,0],1,0].
[[1,8,1,0,0,0,2,1,0],2,0].
[[3,8,1,0,0,0,2,1,0],2,0].
[[2,9,2,0,0,0,1,1,2],1,1].
[[3,9,1,0,0,0,1,2,1],0,1].
[[3,7,2,1,1,1,2,2,2],0,1].
[[3,3,1,1,2,1,2,1,2],1,0].
[[1,6,1,0,0,0,2,3,1],1,0].
[[3,6,1,1,2,1,1,1,0],1,0].
[[1,8,1,0,0,0,1,1,0],1,0].
[[2,6,1,0,0,0,1,1,0],1,0].
[[3,3,1,0,0,0,1,1,0],1,0].
[[2,8,0,0,0,0,2,1,1],0,1].
[[3,7,0,1,2,1,2,1,1],0,1].
[[3,7,2,0,0,0,2,3,2],1,0].
[[1,8,0,1,2,1,2,2,1],0,1].
[[3,8,0,1,1,1,2,2,1],0,1].
[[2,7,1,1,1,1,2,3,1],0,1].
[[3,7,1,1,1,1,1,2,2],0,2].
[[3,9,2,1,2,0,1,2,0],1,1].
[[3,8,1,0,0,0,2,2,0],0,1].
[[2,6,1,0,0,0,2,3,0],1,0].
[[3,7,0,0,0,0,1,1,2],0,1].
[[2,5,0,1,2,1,1,1,1],1,0].
[[2,8,0,1,2,0,1,2,1],0,1].
[[1,8,0,0,0,0,2,1,2],1,1].
[[2,9,2,1,2,0,2,2,1],0,1].
[[2,7,2,1,2,1,2,2,1],1,0].
[[3,9,2,1,2,1,1,1,2],0,2].
[[2,8,0,1,2,1,2,1,2],1,0].
[[2,8,1,1,1,1,2,2,2],1,0].
[[2,7,2,1,2,0,1,2,2],0,1].
[[3,7,2,1,2,0,1,2,2],0,1].
[[3,8,1,0,0,0,2,1,2],1,0].
[[3,6,0,0,0,0,2,1,0],0,1].
[[3,8,1,1,1,0,1,2,2],0,1].
[[1,9,2,1,1,1,0,0,0],1,2].
[[2,8,0,1,1,1,0,0,0],1,1].
[[3,8,0,1,1,1,2,3,1],1,0].
[[3,8,1,0,0,0,1,2,0],2,0].
[[3,3,1,1,2,1,2,2,2],1,0].
[[3,8,0,1,1,0,1,2,2],0,1].
[[3,7,0,1,2,0,0,0,0],1,0].
[[3,8,0,1,1,1,0,0,0],0,1].
[[1,3,2,0,0,0,1,2,2],1,0].
[[2,3,2,0,0,0,1,2,2],1,0].
[[3,3,2,0,0,0,1,2,2],1,0].
[[1,8,1,1,2,1,1,2,0],1,0].
[[3,3,1,0,0,0,2,2,1],1,0].
[[1,9,2,1,2,0,2,2,0],0,1].
[[2,9,2,1,1,0,2,2,0],0,1].
[[3,9,1,1,1,0,1,1,0],0,1].
[[3,8,1,1,2,0,2,3,2],0,1].
[[2,9,1,0,0,0,1,2,1],0,1].
[[3,9,1,1,2,1,2,1,0],1,0].
[[3,7,1,0,0,0,0,0,0],1,1].
[[3,5,0,0,0,0,2,2,0],1,0].
[[2,8,0,1,2,1,1,2,1],0,1].
[[2,7,1,1,2,1,1,2,2],1,0].
[[2,8,0,1,1,1,2,2,1],0,1].
[[3,6,0,1,1,1,2,2,1],0,1].
[[3,7,1,1,2,0,1,1,0],1,0].
[[2,7,2,0,0,0,1,2,2],1,0].
[[3,7,2,1,2,0,1,2,1],0,1].
[[1,9,2,1,2,0,1,2,1],1,0].
[[2,5,0,1,2,0,1,2,1],1,0].
[[1,8,1,1,2,0,2,2,1],1,0].
[[3,8,1,1,1,1,2,1,1],0,1].
[[1,5,0,1,2,1,2,2,0],0,1].
[[2,5,0,1,2,1,1,2,1],0,1].
[[1,8,1,1,2,0,2,1,0],1,0].
[[2,8,1,1,1,0,2,3,1],1,0].
[[2,8,1,0,0,0,2,3,0],0,1].
[[2,8,1,1,1,1,2,3,2],2,0].
[[1,7,2,0,0,0,2,2,2],1,0].
[[2,6,0,1,2,1,2,1,0],0,1].
[[3,6,0,1,2,1,2,1,0],0,1].
[[1,8,0,0,0,0,1,1,2],1,0].
[[2,9,2,1,2,0,1,1,1],0,1].
[[3,9,2,1,2,0,1,1,1],0,1].
[[2,9,1,1,2,1,2,2,0],1,0].
[[3,8,1,1,1,1,2,3,2],1,0].
[[1,8,0,1,2,1,2,2,2],0,1].
[[3,7,1,1,1,1,2,2,2],0,1].
[[2,9,2,1,2,0,2,3,1],0,1].
[[1,8,1,1,1,1,0,0,0],0,1].
