total_WL(11600,23533).
[[1,8,1,0,0,0,0,0,0],1013,1052].
[[2,8,1,0,0,0,2,3,0],299,263].
[[3,8,1,0,0,0,2,3,0],85,177].
[[1,9,2,0,0,0,2,3,2],265,1378].
[[2,9,1,1,2,1,1,2,2],71,359].
[[3,5,0,1,2,1,1,1,1],249,22].
[[1,8,0,0,0,0,2,2,1],27,148].
[[2,8,0,1,2,0,2,2,1],5,26].
[[3,8,0,1,1,0,1,1,1],0,8].
[[1,8,0,1,2,1,0,0,0],82,411].
[[2,8,0,1,1,1,2,1,1],5,9].
[[3,4,1,1,2,0,2,1,1],15,5].
[[1,9,2,1,2,1,2,3,1],96,399].
[[2,8,0,1,2,1,2,3,1],34,238].
[[3,8,0,1,1,1,2,1,0],4,96].
[[1,9,2,0,0,0,1,1,1],48,122].
[[2,8,0,0,0,0,1,1,1],11,42].
[[3,5,0,0,0,0,1,1,0],20,8].
[[1,9,2,0,0,0,1,2,2],196,557].
[[2,8,0,0,0,0,1,2,2],29,201].
[[3,7,0,1,2,1,1,2,2],3,54].
[[1,8,1,0,0,0,2,2,1],421,272].
[[2,8,1,0,0,0,2,2,1],196,213].
[[3,8,1,0,0,0,1,2,1],140,151].
[[1,8,1,1,2,1,0,0,0],374,347].
[[2,8,1,1,2,1,2,3,0],224,246].
[[3,8,1,1,2,1,1,1,1],117,166].
[[2,8,1,0,0,0,2,3,2],329,283].
[[3,8,1,1,2,1,2,3,1],107,144].
[[1,9,2,0,0,0,2,3,1],199,979].
[[2,8,0,0,0,0,2,3,1],35,274].
[[3,8,0,1,2,1,2,1,0],3,293].
[[1,8,1,0,0,0,2,1,0],119,53].
[[2,8,1,1,2,1,2,1,0],96,87].
[[3,6,1,1,2,1,2,1,0],29,0].
[[1,9,2,0,0,0,2,2,1],148,666].
[[2,9,1,0,0,0,1,2,2],59,365].
[[3,9,1,1,2,1,1,2,2],2,355].
[[1,9,2,0,0,0,0,0,0],210,1506].
[[2,9,1,0,0,0,2,3,0],107,1042].
[[3,9,0,1,2,0,1,2,0],0,40].
[[1,9,2,0,0,0,2,2,0],247,1156].
[[2,8,1,0,0,0,2,2,0],219,181].
[[3,5,0,0,0,0,1,1,1],110,12].
[[1,8,0,0,0,0,2,3,2],101,490].
[[3,8,0,1,2,0,2,3,0],5,217].
[[1,9,2,1,2,1,2,2,0],145,468].
[[2,8,1,1,2,1,1,1,1],71,82].
[[1,9,2,0,0,0,1,2,0],119,491].
[[2,8,0,0,0,0,1,2,0],22,145].
[[3,8,0,1,2,0,1,2,0],3,122].
[[1,8,1,0,0,0,2,3,2],711,530].
[[2,8,1,0,0,0,2,3,1],240,281].
[[3,7,1,1,2,1,2,3,1],161,107].
[[1,8,0,0,0,0,0,0,0],221,1269].
[[2,8,0,1,2,1,0,0,0],27,350].
[[3,8,0,1,2,1,2,2,1],5,156].
[[1,9,2,0,0,0,2,3,0],448,1874].
[[2,9,1,1,2,1,1,2,0],77,538].
[[3,9,1,1,2,1,1,2,0],26,619].
[[2,8,0,0,0,0,0,0,0],31,368].
[[3,8,0,1,2,0,0,0,0],0,22].
[[1,7,1,0,0,0,2,3,1],30,10].
[[2,7,1,0,0,0,2,3,1],80,45].
[[3,7,1,0,0,0,1,2,1],91,34].
[[1,9,2,1,2,1,2,3,2],132,559].
[[2,9,1,1,1,1,2,3,0],57,212].
[[3,8,1,1,1,1,2,3,0],57,147].
[[2,9,1,0,0,0,2,3,1],25,282].
[[3,9,1,1,2,1,2,3,0],11,477].
[[1,8,1,0,0,0,2,3,1],411,310].
[[3,7,1,0,0,0,2,3,1],77,68].
[[2,8,1,0,0,0,1,2,1],209,169].
[[3,8,1,0,0,0,1,1,1],47,63].
[[1,9,2,1,2,1,2,3,0],208,769].
[[2,8,0,1,2,1,2,3,0],76,452].
[[3,8,0,1,2,1,2,3,0],13,807].
[[1,7,1,0,0,0,0,0,0],215,155].
[[2,7,1,0,0,0,2,2,1],107,37].
[[3,7,1,0,0,0,2,2,1],46,47].
[[1,8,1,0,0,0,2,1,1],215,170].
[[2,7,1,1,2,1,2,1,1],21,21].
[[3,7,1,1,2,1,2,3,2],202,152].
[[1,6,1,1,2,1,2,2,0],1,0].
[[2,6,1,1,2,1,1,1,0],2,0].
[[3,3,2,1,2,1,1,1,0],1,0].
[[3,9,1,1,2,0,2,3,0],4,159].
[[1,9,2,1,2,0,2,3,1],7,31].
[[2,9,1,1,2,0,1,2,1],20,93].
[[3,8,0,1,2,0,1,2,1],2,105].
[[3,8,0,1,1,1,2,3,0],5,267].
[[1,9,2,1,2,1,1,2,2],111,237].
[[3,8,0,0,0,0,0,0,0],0,41].
[[2,9,1,0,0,0,2,1,0],49,359].
[[1,9,2,1,2,1,2,2,1],76,263].
[[2,8,1,1,2,1,2,2,1],175,165].
[[3,7,1,1,2,1,2,2,1],118,97].
[[1,9,2,0,0,0,1,2,1],111,360].
[[2,8,0,0,0,0,1,2,1],19,109].
[[3,8,0,0,0,0,1,2,1],0,157].
[[3,8,0,0,0,0,2,2,0],4,244].
[[1,9,2,0,0,0,1,1,0],27,207].
[[2,9,1,0,0,0,1,1,0],22,242].
[[3,8,0,1,2,1,1,1,0],0,214].
[[2,7,1,0,0,0,0,0,0],197,195].
[[2,9,1,1,2,1,1,2,1],71,404].
[[3,9,1,1,1,1,1,2,1],5,181].
[[2,8,1,1,1,1,2,3,1],36,37].
[[3,8,1,1,1,1,1,2,1],88,93].
[[2,8,0,1,1,1,2,1,0],3,18].
[[1,9,2,1,1,1,2,3,2],27,50].
[[2,9,1,1,1,1,2,2,1],11,38].
[[3,5,0,0,0,0,1,2,1],19,0].
[[1,8,0,1,2,1,2,3,2],33,141].
[[2,8,0,1,1,1,1,2,2],7,16].
[[3,4,1,1,2,0,1,1,1],34,13].
[[2,8,1,1,2,0,1,2,2],48,38].
[[3,8,1,1,2,0,1,2,2],60,67].
[[1,7,2,0,0,0,2,3,1],37,7].
[[2,3,2,0,0,0,2,3,1],9,0].
[[3,3,2,0,0,0,2,3,0],11,0].
[[2,7,2,0,0,0,1,2,2],43,4].
[[3,7,2,1,2,1,1,2,2],92,10].
[[1,9,2,1,2,1,2,1,0],62,213].
[[2,9,1,1,2,1,1,1,0],16,232].
[[1,9,2,0,0,0,2,1,1],83,296].
[[2,8,1,0,0,0,2,1,1],78,123].
[[1,8,1,0,0,0,1,2,2],161,90].
[[2,8,1,0,0,0,1,2,2],159,122].
[[3,7,1,0,0,0,1,2,2],59,29].
[[2,9,1,0,0,0,1,2,1],67,372].
[[2,6,0,0,0,0,0,0,0],5,40].
[[3,6,0,1,2,1,2,1,1],0,8].
[[2,8,1,1,2,1,2,3,2],262,241].
[[3,8,1,1,2,1,1,2,2],186,180].
[[2,8,1,0,0,0,1,1,1],92,117].
[[2,9,1,1,1,1,2,2,0],40,134].
[[3,4,1,1,2,0,1,2,1],50,19].
[[1,8,0,0,0,0,1,2,2],29,65].
[[3,8,0,1,2,1,1,2,2],4,350].
[[3,6,0,1,2,1,2,3,1],0,19].
[[1,8,1,0,0,0,1,1,0],20,12].
[[2,8,1,0,0,0,1,1,0],41,43].
[[3,7,1,1,2,0,1,1,0],8,7].
[[1,9,2,1,2,1,1,1,0],13,88].
[[3,9,1,1,2,1,1,1,0],4,264].
[[2,8,0,0,0,0,2,3,0],75,529].
[[3,8,0,0,0,0,2,3,0],9,356].
[[1,7,2,0,0,0,0,0,0],217,39].
[[2,7,2,0,0,0,2,2,1],39,8].
[[3,7,2,1,2,1,2,1,0],26,1].
[[1,8,1,1,2,1,2,3,0],115,57].
[[2,7,1,1,2,1,2,3,0],50,21].
[[3,7,1,1,2,1,2,3,0],193,110].
[[2,8,1,1,2,0,2,1,0],30,28].
[[3,7,1,1,2,0,2,1,0],26,11].
[[1,6,1,0,0,0,2,3,1],26,2].
[[2,2,1,0,0,0,2,3,1],2,0].
[[3,2,1,1,2,0,2,3,1],1,0].
[[1,9,2,1,2,1,0,0,0],103,634].
[[2,9,1,1,2,1,2,2,0],83,710].
[[3,8,0,1,2,1,2,2,0],11,601].
[[2,8,0,1,2,0,2,3,0],7,67].
[[3,8,0,1,1,0,2,3,0],0,28].
[[2,8,0,0,0,0,2,2,1],18,180].
[[3,8,0,1,2,1,1,2,1],14,372].
[[1,9,2,1,1,1,0,0,0],35,59].
[[2,8,1,1,1,1,0,0,0],26,26].
[[3,8,1,1,1,1,2,2,0],55,89].
[[1,8,1,1,2,1,2,1,1],81,46].
[[3,7,1,1,2,1,2,1,1],51,49].
[[2,9,1,1,2,0,2,3,0],22,232].
[[3,7,1,0,0,0,0,0,0],45,45].
[[2,7,2,0,0,0,0,0,0],112,23].
[[3,3,2,0,0,0,0,0,0],13,0].
[[3,9,1,1,2,1,2,1,0],8,190].
[[1,9,2,1,2,0,0,0,0],13,79].
[[2,8,0,1,2,0,0,0,0],3,59].
[[3,8,0,1,1,0,2,1,0],0,11].
[[3,8,1,1,2,1,2,2,0],159,247].
[[1,9,2,1,1,1,1,2,0],14,20].
[[2,9,1,1,1,1,1,1,0],11,38].
[[3,8,1,1,1,1,1,1,0],22,31].
[[1,9,2,1,2,0,2,2,1],4,31].
[[3,9,1,1,2,0,1,2,1],6,148].
[[2,9,1,1,2,1,2,3,1],24,268].
[[3,9,1,1,2,1,2,2,0],5,374].
[[3,6,1,1,2,1,2,3,1],42,1].
[[2,9,1,1,2,1,2,2,1],23,194].
[[2,8,1,1,2,1,0,0,0],94,161].
[[3,8,1,1,2,1,2,2,1],96,103].
[[1,9,2,0,0,0,2,1,0],144,603].
[[2,8,0,0,0,0,2,1,0],18,169].
[[3,8,0,0,0,0,2,1,0],4,109].
[[3,9,1,1,2,0,1,2,2],2,103].
[[3,7,1,1,2,0,1,2,2],33,24].
[[1,9,2,1,2,1,2,1,1],22,132].
[[2,9,1,1,2,1,2,1,1],6,108].
[[3,9,1,1,1,1,1,1,1],1,51].
[[3,8,1,0,0,0,2,2,0],72,109].
[[2,8,0,0,0,0,2,1,1],20,100].
[[3,7,1,0,0,0,2,1,1],27,31].
[[3,7,1,1,2,0,2,3,1],52,44].
[[1,7,1,0,0,0,2,2,1],36,10].
[[2,9,1,1,2,1,2,3,0],131,985].
[[1,9,2,1,1,1,2,2,0],24,46].
[[2,8,1,1,1,1,2,2,0],38,30].
[[3,4,1,1,2,0,2,3,0],77,21].
[[1,8,0,0,0,0,2,2,0],53,180].
[[2,8,0,1,2,1,2,2,0],40,286].
[[3,7,1,1,1,1,2,2,0],35,20].
[[2,8,1,1,2,0,2,3,2],56,74].
[[3,8,1,1,1,0,2,2,0],10,31].
[[2,8,0,0,0,0,2,3,2],40,376].
[[3,8,0,1,2,1,2,3,1],9,204].
[[2,7,2,1,2,1,2,3,2],85,13].
[[3,7,2,1,2,1,2,3,0],79,2].
[[1,9,2,1,2,1,1,2,0],33,184].
[[2,8,0,1,2,1,1,2,0],15,113].
[[3,8,0,1,2,1,1,2,0],6,470].
[[1,9,2,1,2,0,2,3,0],14,90].
[[2,8,1,1,2,0,1,2,1],62,55].
[[3,8,1,1,2,0,1,2,1],100,123].
[[1,8,1,0,0,0,2,3,0],329,187].
[[2,8,1,0,0,0,1,2,0],103,69].
[[3,7,1,0,0,0,1,2,0],47,11].
[[2,9,1,0,0,0,1,2,0],88,555].
[[3,8,0,0,0,0,1,2,0],7,210].
[[1,8,1,0,0,0,1,2,1],110,119].
[[3,7,2,1,2,1,1,1,1],20,12].
[[1,9,2,1,2,0,2,2,0],6,75].
[[2,8,0,1,2,0,2,2,0],8,52].
[[3,7,0,1,2,0,2,2,0],0,10].
[[2,7,1,0,0,0,1,1,0],4,1].
[[3,3,1,0,0,0,1,1,0],1,0].
[[3,8,0,0,0,0,1,1,0],0,67].
[[2,9,1,1,2,0,1,2,0],13,116].
[[3,7,1,0,0,0,2,3,2],105,56].
[[2,8,1,1,2,1,1,2,2],162,119].
[[3,8,1,1,1,1,1,2,2],63,59].
[[3,8,0,1,1,1,2,3,1],3,71].
[[2,8,1,1,2,1,1,1,0],29,35].
[[3,8,1,1,2,1,1,1,0],77,98].
[[2,8,0,1,2,1,2,1,1],10,70].
[[3,8,0,1,2,1,2,1,1],2,76].
[[1,8,1,0,0,0,2,2,0],202,117].
[[3,7,2,1,2,0,2,2,0],21,3].
[[3,8,1,1,2,0,1,2,0],82,75].
[[2,8,1,1,2,1,2,1,1],74,88].
[[3,9,1,0,0,0,1,2,0],12,253].
[[3,9,0,1,1,1,1,2,0],0,74].
[[3,7,0,0,0,0,2,3,0],0,44].
[[1,8,1,1,2,0,2,2,1],25,21].
[[1,8,0,1,2,1,2,3,0],39,74].
[[2,7,0,1,2,1,2,3,0],0,7].
[[3,7,0,1,1,1,2,3,0],0,19].
[[2,8,1,1,2,0,2,3,0],72,80].
[[2,6,1,0,0,0,0,0,0],113,5].
[[3,6,1,0,0,0,2,1,0],12,0].
[[2,9,1,1,2,1,1,1,1],22,122].
[[2,7,2,1,1,1,2,1,1],2,0].
[[3,7,2,1,1,1,1,1,1],5,7].
[[2,9,1,0,0,0,1,1,1],28,119].
[[3,9,1,0,0,0,1,1,1],4,45].
[[3,7,0,1,2,1,2,2,1],0,37].
[[2,7,2,0,0,0,2,3,0],42,1].
[[1,8,0,0,0,0,2,3,0],86,257].
[[2,7,1,0,0,0,2,3,0],73,30].
[[3,7,1,0,0,0,2,3,0],105,68].
[[3,9,1,1,2,1,1,2,1],18,462].
[[2,9,1,0,0,0,0,0,0],7,107].
[[2,8,1,0,0,0,0,0,0],109,188].
[[3,8,1,1,2,1,2,1,1],30,64].
[[2,7,0,0,0,0,2,2,0],0,10].
[[3,7,0,1,2,1,2,2,0],1,66].
[[3,8,0,1,2,0,1,2,2],1,90].
[[1,8,1,1,2,1,2,3,2],250,161].
[[2,7,1,1,2,1,2,3,2],75,61].
[[3,7,0,1,2,1,2,3,0],1,89].
[[2,7,1,1,2,1,0,0,0],146,116].
[[3,7,1,1,2,1,0,0,0],98,104].
[[1,8,1,1,2,0,2,1,1],14,10].
[[3,8,1,1,1,0,2,1,0],6,17].
[[3,9,1,1,1,1,2,3,0],2,187].
[[3,7,1,1,2,1,2,1,0],58,40].
[[3,7,1,1,2,0,2,1,1],25,23].
[[3,9,1,1,1,1,1,1,0],1,72].
[[2,9,1,1,2,1,2,3,2],12,89].
[[3,8,1,1,1,1,2,3,2],15,8].
[[1,7,1,0,0,0,1,1,1],4,1].
[[2,7,1,0,0,0,1,1,1],17,15].
[[3,7,1,1,2,1,1,1,1],72,43].
[[3,9,0,0,0,0,1,1,0],0,36].
[[3,8,1,1,2,1,2,3,0],213,374].
[[2,8,1,1,2,1,2,3,1],215,197].
[[2,7,1,1,2,1,2,3,1],38,31].
[[3,7,1,1,1,1,2,3,1],35,42].
[[2,7,1,1,2,0,0,0,0],31,49].
[[3,7,1,1,2,0,2,2,1],40,40].
[[1,8,0,0,0,0,2,3,1],42,188].
[[3,3,2,1,2,1,2,3,2],25,1].
[[2,9,1,0,0,0,2,2,0],70,687].
[[3,9,1,0,0,0,1,1,0],0,105].
[[1,8,1,0,0,0,1,1,1],49,63].
[[3,7,1,1,2,1,1,1,0],19,22].
[[2,8,1,1,2,1,1,2,1],197,128].
[[3,8,1,0,0,0,2,3,1],39,65].
[[1,7,2,0,0,0,2,2,1],28,1].
[[3,7,2,0,0,0,2,2,1],20,4].
[[2,8,1,1,2,1,2,2,0],187,126].
[[3,8,1,1,2,1,1,2,0],227,163].
[[2,9,1,0,0,0,2,1,1],9,100].
[[3,7,2,1,2,0,1,2,1],32,10].
[[3,8,1,1,2,1,1,2,1],300,305].
[[1,5,0,1,2,1,1,1,1],17,2].
[[2,5,0,1,1,1,1,1,1],13,3].
[[3,5,0,1,1,1,1,1,1],94,9].
[[1,8,1,1,2,0,0,0,0],50,63].
[[2,8,1,1,2,0,2,3,1],54,78].
[[1,6,1,0,0,0,0,0,0],244,14].
[[2,3,1,0,0,0,0,0,0],36,7].
[[3,3,1,1,2,1,0,0,0],51,11].
[[3,8,1,0,0,0,1,2,2],76,95].
[[3,8,0,1,2,1,0,0,0],0,78].
[[1,8,1,1,2,0,1,1,1],3,5].
[[2,8,1,1,2,0,1,1,1],17,23].
[[2,7,1,0,0,0,2,1,1],54,32].
[[2,7,1,1,2,1,2,2,0],24,12].
[[3,7,0,0,0,0,2,3,1],0,27].
[[3,9,1,1,2,0,1,2,0],6,195].
[[2,8,0,0,0,0,2,2,0],42,312].
[[3,7,1,0,0,0,2,2,0],75,34].
[[3,9,0,0,0,0,1,2,0],0,66].
[[2,8,0,1,1,1,2,3,2],12,40].
[[3,7,0,1,1,1,2,3,2],0,12].
[[3,9,0,1,2,1,1,2,0],0,169].
[[2,8,1,1,1,1,2,2,1],41,41].
[[2,8,1,1,1,1,2,3,0],49,49].
[[1,6,0,0,0,0,0,0,0],14,35].
[[2,6,0,0,0,0,2,3,0],5,17].
[[3,3,1,1,2,1,1,2,1],8,1].
[[2,9,1,1,2,1,0,0,0],5,103].
[[3,8,1,1,1,1,2,2,1],20,52].
[[1,9,2,1,1,1,2,3,0],44,71].
[[2,4,1,1,2,0,2,2,0],15,10].
[[3,4,1,1,2,0,2,2,0],62,30].
[[2,7,1,0,0,0,2,2,0],47,19].
[[3,7,0,1,2,1,0,0,0],1,66].
[[2,7,1,0,0,0,2,3,2],148,101].
[[3,7,1,1,2,1,2,2,0],122,82].
[[2,8,0,1,1,1,0,0,0],7,49].
[[3,7,1,1,1,1,0,0,0],15,27].
[[3,4,1,1,2,0,2,2,1],19,11].
[[2,5,0,1,2,1,1,2,0],38,5].
[[3,5,0,1,2,1,1,2,0],155,5].
[[2,6,0,1,2,1,0,0,0],5,44].
[[2,9,1,1,2,1,2,1,0],44,323].
[[3,6,1,0,0,0,2,1,1],11,3].
[[2,9,1,1,1,1,2,1,0],19,86].
[[3,8,1,1,1,1,2,1,0],23,51].
[[1,8,1,1,2,1,2,3,1],132,78].
[[1,6,1,0,0,0,1,2,1],6,2].
[[2,6,1,0,0,0,1,1,0],1,2].
[[3,6,1,1,2,1,1,1,0],4,2].
[[2,8,0,1,2,0,1,1,1],1,11].
[[3,5,0,1,1,0,1,1,0],5,5].
[[3,8,1,0,0,0,1,1,0],40,57].
[[2,9,1,1,1,1,1,2,1],23,65].
[[1,8,1,1,2,0,2,3,1],21,29].
[[3,8,1,1,2,0,2,3,1],37,43].
[[3,8,0,1,1,1,2,2,0],2,182].
[[1,8,1,1,2,1,1,2,1],52,18].
[[3,4,1,1,2,0,1,2,0],79,34].
[[2,6,1,0,0,0,2,2,1],44,2].
[[2,8,0,1,2,1,2,3,2],49,308].
[[2,7,0,1,2,1,2,3,2],2,17].
[[3,7,0,1,2,1,2,3,2],1,68].
[[2,8,1,1,2,0,0,0,0],40,39].
[[3,8,1,1,2,0,2,2,1],26,38].
[[1,8,1,1,2,1,2,2,1],138,89].
[[2,7,1,1,2,1,2,2,1],51,24].
[[3,3,1,1,2,1,2,2,1],22,1].
[[2,8,0,1,1,1,2,3,1],7,44].
[[3,8,0,1,1,1,1,2,2],1,102].
[[3,7,0,0,0,0,2,1,0],1,12].
[[3,6,1,1,2,1,2,3,0],52,2].
[[2,7,0,0,0,0,2,3,2],0,17].
[[1,6,1,1,2,1,2,2,1],8,1].
[[2,3,1,1,2,1,2,2,1],4,0].
[[2,8,0,1,2,1,1,2,1],20,97].
[[3,3,2,0,0,0,2,2,1],4,0].
[[3,9,0,1,2,0,2,2,0],0,6].
[[2,7,2,1,2,0,2,3,0],14,2].
[[3,7,2,1,1,0,2,3,0],6,4].
[[3,7,1,1,2,1,1,2,0],74,11].
[[3,8,1,0,0,0,2,2,1],38,47].
[[3,8,1,0,0,0,1,2,0],116,79].
[[1,7,2,1,2,1,2,3,2],26,8].
[[2,7,2,1,2,1,2,1,1],17,4].
[[1,9,2,1,1,1,2,1,1],11,15].
[[2,4,1,1,2,0,1,2,1],8,5].
[[1,9,2,1,2,0,1,2,0],4,19].
[[2,8,0,1,2,0,1,2,0],1,23].
[[3,8,0,1,2,0,1,1,0],0,50].
[[3,8,1,1,2,1,2,1,0],96,131].
[[2,4,1,1,2,0,2,2,1],6,4].
[[3,4,1,1,2,0,1,2,2],50,12].
[[2,7,2,1,2,0,2,3,1],21,4].
[[3,5,0,1,1,1,1,2,0],69,3].
[[1,7,2,0,0,0,2,3,2],123,25].
[[2,7,2,0,0,0,2,3,2],123,17].
[[3,3,2,0,0,0,2,3,2],20,0].
[[1,8,1,1,1,1,2,3,1],7,7].
[[3,7,1,1,2,1,1,2,1],163,69].
[[3,9,1,0,0,0,2,3,0],5,160].
[[2,7,1,1,2,0,2,3,1],10,14].
[[3,6,1,0,0,0,2,2,1],20,0].
[[3,8,0,1,1,1,1,2,1],7,141].
[[3,8,1,1,2,0,2,2,0],66,103].
[[3,9,0,1,1,1,1,1,0],0,37].
[[1,9,2,1,2,1,1,2,1],43,135].
[[2,8,0,1,2,1,2,2,1],21,156].
[[3,8,0,1,1,1,2,2,1],2,45].
[[3,3,1,0,0,0,2,3,1],14,0].
[[3,8,0,1,2,1,1,1,1],5,110].
[[3,7,1,1,2,0,2,3,0],65,33].
[[3,7,2,1,2,1,2,3,1],67,9].
[[2,8,1,0,0,0,2,1,0],128,79].
[[3,9,1,1,1,1,1,2,0],9,220].
[[1,8,0,0,0,0,1,2,1],3,12].
[[1,8,1,1,2,1,2,2,0],63,47].
[[2,7,2,1,2,1,1,2,1],14,3].
[[3,7,2,1,2,1,1,2,1],73,10].
[[1,7,1,1,2,1,0,0,0],48,35].
[[2,3,1,1,2,1,0,0,0],10,2].
[[3,3,1,1,2,1,2,3,2],29,1].
[[2,9,1,1,1,1,2,3,1],23,52].
[[3,8,1,1,1,1,2,3,1],28,31].
[[1,7,2,1,2,1,0,0,0],53,7].
[[2,7,2,1,2,1,2,3,1],40,2].
[[3,7,2,1,2,1,2,2,0],39,4].
[[3,7,2,1,2,0,2,2,1],21,4].
[[3,3,1,0,0,0,0,0,0],30,10].
[[2,8,1,1,1,0,1,1,1],2,3].
[[3,8,1,1,1,0,1,1,1],7,16].
[[2,7,2,1,2,0,2,3,2],34,9].
[[3,7,2,1,1,0,1,2,2],5,6].
[[3,6,1,0,0,0,0,0,0],20,0].
[[2,9,1,0,0,0,2,2,1],17,207].
[[3,9,1,0,0,0,2,2,0],3,99].
[[3,9,0,1,2,1,2,1,0],0,21].
[[2,8,1,1,2,1,1,2,0],87,54].
[[2,8,1,1,1,1,1,2,0],21,14].
[[3,7,1,1,1,1,1,2,0],19,7].
[[3,6,1,1,2,1,2,2,1],39,2].
[[1,8,1,1,1,1,0,0,0],27,27].
[[2,6,1,1,1,1,0,0,0],9,2].
[[3,3,2,1,1,1,0,0,0],7,0].
[[2,9,1,1,1,1,1,2,2],34,62].
[[3,5,0,1,1,1,1,2,1],26,0].
[[3,8,1,1,1,0,1,2,1],14,30].
[[2,9,1,1,2,0,2,1,0],8,97].
[[3,9,1,1,2,0,1,1,0],2,74].
[[3,9,0,1,2,1,2,2,0],0,24].
[[2,9,1,1,2,0,2,2,0],14,164].
[[3,8,0,1,2,0,2,2,0],1,156].
[[1,8,0,1,2,1,2,2,0],16,44].
[[3,7,1,1,1,1,1,2,1],42,21].
[[1,9,2,1,2,0,2,3,2],12,48].
[[3,6,1,1,1,1,2,2,0],8,1].
[[2,8,1,1,2,0,2,2,0],53,55].
[[3,8,1,1,1,0,1,2,2],15,20].
[[1,5,0,1,2,1,1,2,0],7,1].
[[2,8,1,1,1,1,1,1,1],14,9].
[[3,8,1,1,1,1,1,2,0],69,70].
[[3,6,1,0,0,0,2,3,0],28,1].
[[3,3,1,1,2,0,0,0,0],16,4].
[[3,9,1,1,2,0,2,2,0],1,122].
[[3,8,0,1,1,0,1,2,1],0,10].
[[2,9,1,0,0,0,2,3,2],12,75].
[[3,8,0,1,2,1,2,3,2],2,64].
[[3,5,0,0,0,0,2,1,0],11,0].
[[2,9,1,1,1,1,1,1,1],12,25].
[[3,8,0,1,1,1,1,1,1],5,37].
[[2,8,0,1,2,0,2,1,0],5,23].
[[3,8,0,1,1,0,2,2,0],0,29].
[[2,6,1,1,2,1,0,0,0],91,8].
[[1,8,0,0,0,0,2,1,0],23,105].
[[2,5,0,0,0,0,1,1,1],101,6].
[[3,7,2,1,2,0,1,1,0],2,3].
[[1,7,2,1,2,0,1,2,1],1,1].
[[2,7,2,1,2,0,1,2,1],7,1].
[[1,5,0,0,0,0,1,1,1],47,3].
[[2,7,1,0,0,0,1,2,2],39,18].
[[1,9,2,1,2,1,1,1,1],17,48].
[[2,5,0,1,2,1,1,1,1],108,6].
[[2,7,1,1,2,1,2,1,0],16,11].
[[3,8,1,1,1,1,1,1,1],24,44].
[[1,8,1,1,2,1,2,1,0],38,28].
[[3,9,1,1,2,1,1,1,1],12,120].
[[3,8,1,1,2,0,2,3,2],13,17].
[[3,6,0,1,2,0,2,2,0],0,13].
[[3,8,1,1,1,0,2,3,0],10,40].
[[1,8,1,1,1,1,2,3,2],22,7].
[[2,8,1,1,1,1,1,2,2],33,13].
[[3,5,0,1,2,0,1,2,0],44,4].
[[2,8,0,1,2,1,2,1,0],20,149].
[[2,8,1,1,2,0,1,2,0],24,17].
[[3,8,1,1,2,0,1,1,0],34,49].
[[2,7,2,1,2,0,0,0,0],40,10].
[[3,7,1,1,2,0,0,0,0],31,30].
[[1,8,1,1,2,1,1,2,2],40,28].
[[3,9,1,1,1,1,1,2,2],2,125].
[[1,8,0,0,0,0,1,1,0],0,11].
[[2,6,0,0,0,0,1,1,0],0,1].
[[3,6,0,0,0,0,1,1,0],0,2].
[[2,4,1,1,2,0,0,0,0],3,1].
[[3,4,1,1,2,0,0,0,0],7,5].
[[3,8,0,1,1,1,1,1,0],0,64].
[[3,8,1,1,2,0,1,1,1],42,52].
[[3,8,1,0,0,0,2,1,0],38,51].
[[2,7,2,1,2,1,0,0,0],78,13].
[[3,9,0,0,0,0,1,2,1],0,4].
[[2,8,1,1,1,1,1,2,1],43,18].
[[3,6,0,1,2,1,0,0,0],0,39].
[[3,8,1,0,0,0,2,1,1],8,31].
[[3,5,0,1,2,0,1,2,1],16,1].
[[2,7,1,1,2,0,2,3,2],32,11].
[[3,7,1,1,2,0,2,3,2],68,49].
[[3,8,0,0,0,0,2,2,1],3,83].
[[2,8,0,0,0,0,1,1,0],5,49].
[[1,6,1,0,0,0,2,2,0],8,0].
[[2,2,1,1,2,1,2,2,0],1,0].
[[3,2,1,1,1,1,2,2,0],1,0].
[[3,7,2,1,2,1,2,2,1],50,8].
[[1,8,1,1,2,0,2,2,0],11,9].
[[2,8,0,1,2,1,1,2,2],41,159].
[[1,8,1,1,2,1,1,1,1],19,11].
[[2,8,1,1,1,1,2,1,0],22,19].
[[3,7,1,1,1,1,2,1,0],12,16].
[[3,8,1,1,2,0,2,1,0],36,47].
[[3,9,1,1,1,1,2,1,0],4,69].
[[3,7,2,1,2,1,2,3,2],88,12].
[[2,6,0,0,0,0,2,3,2],2,19].
[[3,6,0,0,0,0,2,3,2],0,15].
[[3,7,1,0,0,0,2,1,0],31,12].
[[2,7,2,1,1,0,2,3,1],1,1].
[[3,7,2,1,1,0,1,2,1],4,2].
[[3,8,0,1,2,0,2,3,1],4,63].
[[3,7,2,0,0,0,2,3,2],53,13].
[[1,8,0,1,2,1,2,1,0],11,33].
[[2,8,0,1,2,0,2,3,1],3,42].
[[2,6,0,0,0,0,2,2,0],0,14].
[[3,6,0,0,0,0,2,2,0],0,14].
[[1,3,2,0,0,0,0,0,0],20,0].
[[2,3,2,0,0,0,2,2,0],3,0].
[[3,3,2,0,0,0,2,2,0],4,0].
[[3,9,1,0,0,0,1,2,2],1,120].
[[3,9,0,0,0,0,2,2,0],0,14].
[[1,6,1,1,2,1,0,0,0],41,4].
[[2,6,1,1,1,1,2,2,1],3,0].
[[3,6,1,1,1,1,2,3,0],12,2].
[[3,9,1,1,2,1,0,0,0],0,6].
[[3,7,0,1,2,1,2,3,1],0,49].
[[3,3,1,0,0,0,2,3,2],23,4].
[[2,7,2,0,0,0,2,2,0],20,1].
[[3,7,2,1,2,1,1,1,0],12,4].
[[3,7,0,1,2,0,2,2,1],2,11].
[[2,5,0,1,2,1,1,2,1],9,0].
[[3,5,0,1,2,1,1,2,1],53,1].
[[2,6,1,1,2,0,2,3,2],9,2].
[[3,6,1,1,2,0,1,2,2],13,4].
[[2,6,1,1,2,1,2,2,0],7,0].
[[3,6,1,1,2,1,2,2,0],39,0].
[[3,7,1,1,2,0,2,2,0],43,30].
[[2,7,2,0,0,0,1,2,1],33,5].
[[3,7,2,0,0,0,1,2,1],53,5].
[[2,8,1,1,2,0,2,2,1],34,49].
[[2,6,1,0,0,0,2,3,2],78,6].
[[3,6,1,1,2,1,1,2,2],34,3].
[[2,7,2,0,0,0,2,3,1],56,10].
[[3,7,2,0,0,0,2,3,1],34,5].
[[1,7,2,1,2,1,2,3,1],4,0].
[[1,8,1,1,2,0,2,3,2],29,30].
[[3,5,0,1,2,0,1,1,0],12,10].
[[1,7,1,0,0,0,2,3,2],69,32].
[[1,9,2,1,2,0,2,1,0],5,40].
[[2,9,1,1,2,0,1,1,0],7,50].
[[2,8,1,1,1,1,2,3,2],52,35].
[[2,8,1,1,1,0,2,1,0],1,5].
[[3,7,1,0,0,0,1,1,1],24,27].
[[1,8,0,0,0,0,1,2,0],8,32].
[[2,7,1,0,0,0,1,2,0],13,3].
[[3,7,1,1,2,0,1,2,0],19,10].
[[3,7,1,1,1,1,1,2,2],24,7].
[[2,9,1,1,1,0,2,3,1],0,3].
[[3,9,1,1,1,0,2,3,0],0,32].
[[2,8,1,1,2,0,2,1,1],24,26].
[[2,7,2,1,2,1,2,2,1],29,4].
[[3,6,1,0,0,0,1,1,1],6,3].
[[1,8,0,0,0,0,2,1,1],24,66].
[[3,7,1,1,1,1,2,1,1],14,15].
[[2,6,1,1,2,1,2,3,2],41,3].
[[3,3,2,1,1,1,2,3,2],5,1].
[[2,7,0,1,2,1,0,0,0],0,44].
[[3,7,0,1,2,1,2,1,0],1,31].
[[3,6,1,1,2,1,0,0,0],30,1].
[[3,8,1,0,0,0,2,3,2],11,11].
[[3,6,1,1,2,1,2,3,2],61,3].
[[3,7,1,1,2,1,1,2,2],132,61].
[[2,7,0,0,0,0,0,0,0],2,45].
[[2,7,0,0,0,0,2,3,0],0,10].
[[3,6,1,1,1,1,0,0,0],10,1].
[[1,5,0,0,0,0,2,3,0],2,0].
[[2,5,0,0,0,0,1,2,0],51,3].
[[3,5,0,0,0,0,1,2,0],52,2].
[[3,9,1,1,1,0,1,2,0],1,54].
[[2,9,1,1,1,1,1,2,0],38,100].
[[2,3,1,0,0,0,2,3,2],13,1].
[[3,3,1,0,0,0,2,2,1],16,1].
[[1,6,1,0,0,0,2,3,2],62,3].
[[3,6,1,1,2,0,1,1,1],8,0].
[[3,8,0,1,1,1,0,0,0],0,29].
[[3,7,2,0,0,0,2,1,0],11,0].
[[3,8,1,1,1,0,2,1,1],1,3].
[[2,8,0,1,2,0,1,2,2],3,20].
[[3,9,0,1,1,1,2,2,0],0,15].
[[2,7,2,1,1,0,2,2,1],3,1].
[[3,7,2,1,1,0,2,2,1],5,6].
[[2,9,1,1,2,0,2,1,1],0,23].
[[3,8,0,1,2,0,2,1,1],3,22].
[[3,7,2,1,2,0,2,3,2],38,11].
[[3,6,1,0,0,0,2,3,2],43,0].
[[3,7,2,0,0,0,1,2,2],46,2].
[[2,7,2,1,2,1,2,2,0],18,2].
[[3,3,2,1,2,1,2,2,0],6,0].
[[3,8,0,1,1,1,1,2,0],3,121].
[[2,7,1,1,2,1,1,2,2],26,14].
[[3,3,1,1,2,1,1,2,2],6,1].
[[1,5,0,0,0,0,1,2,0],11,3].
[[2,5,0,1,2,0,1,1,1],18,7].
[[3,5,0,1,2,0,1,1,1],65,10].
[[1,3,2,0,0,0,1,2,2],4,0].
[[2,3,2,1,2,1,1,2,1],2,0].
[[3,3,2,1,1,1,1,2,1],2,0].
[[3,3,2,1,2,1,2,3,1],14,0].
[[3,8,0,0,0,0,1,2,2],3,136].
[[2,8,0,1,1,1,2,2,0],12,30].
[[3,8,1,1,1,1,2,1,1],10,24].
[[2,8,0,1,2,0,2,3,2],3,56].
[[3,8,0,1,1,0,1,2,2],0,19].
[[3,9,0,1,2,1,1,2,1],0,14].
[[2,6,1,0,0,0,2,1,1],25,0].
[[3,2,1,1,2,1,2,1,1],5,0].
[[3,7,2,1,1,1,2,2,1],10,2].
[[2,6,1,0,0,0,2,3,0],34,2].
[[3,7,1,1,1,1,2,3,2],46,37].
[[3,9,1,0,0,0,2,1,0],0,76].
[[2,8,0,1,2,0,2,1,1],2,13].
[[3,8,1,1,2,1,2,3,2],32,31].
[[2,7,2,1,1,1,0,0,0],8,2].
[[3,7,2,0,0,0,1,1,1],19,10].
[[3,5,0,1,2,1,1,1,0],44,24].
[[3,7,0,1,2,0,1,2,0],0,5].
[[3,7,2,1,2,0,2,3,1],31,2].
[[3,9,1,1,2,1,2,2,1],0,24].
[[2,7,2,1,2,1,1,2,2],26,7].
[[2,8,0,1,1,1,2,3,0],22,55].
[[3,8,0,0,0,0,2,3,1],3,90].
[[3,8,1,1,2,0,2,3,0],69,132].
[[3,8,0,1,1,0,2,1,1],0,2].
[[2,7,2,1,2,1,2,1,0],11,1].
[[3,7,2,1,1,1,2,1,0],5,1].
[[3,7,2,1,2,0,1,1,1],9,9].
[[1,6,1,0,0,0,2,1,1],12,1].
[[2,6,1,0,0,0,1,2,1],11,2].
[[3,6,1,0,0,0,1,2,1],20,1].
[[1,8,1,1,2,0,1,2,1],6,4].
[[2,8,1,1,1,0,1,2,1],2,5].
[[2,7,2,0,0,0,1,1,1],11,8].
[[3,7,1,1,2,0,1,1,1],17,15].
[[2,8,0,1,2,1,1,1,1],11,24].
[[2,8,0,1,2,1,1,1,0],2,56].
[[1,6,1,1,2,1,2,3,2],11,1].
[[2,2,1,1,2,1,2,3,2],1,0].
[[3,2,1,1,2,1,1,2,2],1,0].
[[1,7,2,1,2,0,0,0,0],10,6].
[[3,3,2,1,2,0,2,3,2],8,1].
[[1,9,2,1,1,1,1,2,1],7,11].
[[2,6,1,0,0,0,2,2,0],19,0].
[[3,6,1,0,0,0,2,2,0],28,2].
[[2,7,2,1,2,1,1,1,1],4,6].
[[3,7,2,1,1,1,1,2,1],24,3].
[[1,8,1,0,0,0,1,2,0],43,30].
[[1,7,1,1,2,1,2,3,2],17,6].
[[2,7,2,1,1,1,2,3,1],8,0].
[[3,7,2,1,1,1,1,2,2],21,3].
[[2,9,1,1,2,0,1,2,2],17,99].
[[3,9,1,1,1,0,1,2,2],1,21].
[[1,9,2,1,1,1,2,1,0],14,26].
[[1,7,1,0,0,0,2,1,0],3,1].
[[2,7,1,1,2,1,1,2,0],6,1].
[[3,8,0,1,2,0,2,1,0],0,84].
[[3,8,0,0,0,0,1,1,1],4,65].
[[3,3,1,1,2,1,2,3,0],17,1].
[[3,6,0,0,0,0,2,3,1],0,11].
[[2,5,0,1,1,1,1,2,0],6,1].
[[1,8,1,1,2,0,2,3,0],18,12].
[[3,8,1,1,1,0,1,1,0],4,7].
[[3,6,1,1,1,1,2,3,2],15,1].
[[3,9,0,1,2,1,2,3,0],0,4].
[[3,6,1,1,2,0,2,3,1],15,3].
[[3,7,2,1,1,1,2,3,2],17,5].
[[2,7,2,0,0,0,2,1,0],10,2].
[[3,7,2,1,2,0,2,3,0],31,2].
[[3,8,0,1,1,0,1,2,0],0,13].
[[1,9,2,1,2,0,1,1,1],1,5].
[[2,9,1,1,2,0,1,1,1],7,20].
[[2,9,1,1,2,0,2,2,1],5,42].
[[3,8,1,1,1,0,2,2,1],4,16].
[[1,8,0,1,2,1,1,2,2],16,23].
[[2,6,1,1,1,1,2,3,0],3,0].
[[3,6,1,1,1,1,1,2,0],5,0].
[[3,7,2,0,0,0,2,3,0],32,4].
[[3,6,0,1,2,1,1,2,2],0,16].
[[2,7,1,1,2,0,2,2,1],12,11].
[[2,8,1,1,1,0,2,2,1],1,6].
[[3,9,1,0,0,0,1,2,1],3,172].
[[3,9,1,1,1,1,2,2,0],2,124].
[[2,9,1,1,1,0,1,1,1],0,2].
[[1,6,1,0,0,0,2,3,0],6,0].
[[3,7,2,1,1,1,0,0,0],11,3].
[[1,8,1,1,2,1,1,2,0],13,9].
[[2,8,0,1,1,1,2,2,1],6,18].
[[1,6,1,0,0,0,2,2,1],22,2].
[[3,9,1,1,2,0,2,1,0],3,43].
[[2,7,1,1,1,1,2,2,0],4,2].
[[3,6,1,1,2,0,2,3,2],23,2].
[[2,5,0,0,0,0,1,1,0],10,6].
[[2,7,2,1,1,1,2,3,0],4,0].
[[3,7,2,1,1,1,2,3,0],20,1].
[[1,9,2,1,1,1,2,2,1],8,32].
[[2,3,2,0,0,0,0,0,0],27,0].
[[3,7,1,1,1,0,1,1,1],5,5].
[[2,7,1,1,2,0,2,1,1],10,8].
[[3,3,1,1,2,0,2,1,1],3,1].
[[2,6,1,0,0,0,1,2,2],15,1].
[[3,3,2,0,0,0,1,2,2],16,0].
[[1,7,2,0,0,0,1,1,1],2,1].
[[3,3,2,0,0,0,1,1,1],4,0].
[[2,9,1,1,1,0,1,2,1],0,5].
[[3,6,1,0,0,0,1,2,2],19,2].
[[3,7,1,0,0,0,1,1,0],10,6].
[[3,7,1,1,2,0,1,2,1],52,32].
[[2,9,1,1,2,0,2,3,1],6,51].
[[1,8,1,1,2,1,1,1,0],4,7].
[[1,8,0,1,2,1,1,2,0],4,12].
[[3,6,0,1,2,1,1,1,0],0,4].
[[2,6,1,1,2,0,2,3,1],6,0].
[[3,6,1,1,2,0,2,1,1],10,0].
[[3,7,0,1,2,0,2,1,0],0,6].
[[3,9,0,1,1,1,1,2,1],0,9].
[[3,7,2,0,0,0,2,2,0],27,4].
[[3,7,2,1,1,1,1,2,0],8,0].
[[2,4,1,1,2,0,2,3,0],20,5].
[[1,7,2,0,0,0,1,2,2],17,7].
[[3,8,0,1,1,1,2,3,2],2,30].
[[3,8,0,1,2,0,2,2,1],1,38].
[[2,6,1,0,0,0,2,3,1],54,2].
[[3,8,0,1,1,0,0,0,0],0,4].
[[3,6,0,1,2,1,2,2,0],0,27].
[[3,7,2,1,2,1,2,1,1],31,2].
[[3,7,0,1,2,1,1,2,1],1,23].
[[3,6,0,0,0,0,2,1,0],0,7].
[[1,7,1,0,0,0,2,3,0],9,6].
[[2,7,1,1,1,1,0,0,0],15,15].
[[3,8,1,1,2,0,2,1,1],9,21].
[[3,7,0,0,0,0,2,2,0],1,30].
[[3,7,1,1,1,1,2,3,0],42,38].
[[3,9,1,1,1,1,0,0,0],0,4].
[[2,5,0,1,2,1,1,1,0],6,5].
[[1,5,0,1,2,0,1,1,1],2,0].
[[2,5,0,1,1,0,1,1,1],1,2].
[[3,5,0,1,1,0,1,1,1],7,9].
[[2,4,1,1,2,0,2,1,0],6,1].
[[3,4,1,1,2,0,2,1,0],27,12].
[[3,7,2,1,2,1,1,2,0],19,0].
[[3,5,0,0,0,0,2,3,0],3,0].
[[2,8,1,1,1,0,2,2,0],4,7].
[[1,7,1,0,0,0,2,1,1],14,5].
[[2,3,2,1,2,1,0,0,0],13,0].
[[3,5,0,1,1,0,1,2,1],5,1].
[[3,7,2,1,2,1,0,0,0],18,8].
[[1,8,0,1,2,1,2,2,1],10,22].
[[3,9,1,1,1,0,2,2,0],0,31].
[[3,9,0,1,2,1,1,1,0],0,66].
[[3,9,0,1,2,0,2,1,0],0,8].
[[3,3,2,1,1,0,2,2,1],2,0].
[[2,4,1,1,2,0,1,1,1],7,3].
[[3,6,0,1,2,0,2,3,1],0,6].
[[2,7,0,1,2,1,1,2,2],1,5].
[[3,9,1,1,1,0,1,2,1],0,30].
[[3,6,0,0,0,0,0,0,0],0,11].
[[3,3,2,1,2,0,2,3,0],2,0].
[[3,9,1,1,2,1,2,1,1],0,11].
[[3,7,0,1,2,0,0,0,0],0,17].
[[2,4,1,1,2,0,1,2,0],14,6].
[[3,7,0,1,1,1,0,0,0],0,13].
[[1,9,2,1,1,1,1,2,2],15,18].
[[3,8,0,1,1,1,2,1,1],1,28].
[[3,7,0,0,0,0,1,2,2],0,12].
[[3,3,2,1,2,1,0,0,0],16,0].
[[3,6,1,0,0,0,2,3,1],29,2].
[[3,7,0,0,0,0,1,2,0],1,9].
[[3,7,0,0,0,0,1,2,1],1,11].
[[3,6,1,1,2,1,2,1,1],21,3].
[[1,9,2,1,2,0,1,2,2],11,40].
[[3,9,0,1,1,0,1,2,0],0,9].
[[3,6,1,1,2,1,1,1,1],18,6].
[[2,5,0,0,0,0,2,2,0],7,0].
[[2,3,1,0,0,0,2,2,1],4,3].
[[1,7,2,1,2,1,1,2,2],5,1].
[[2,7,2,1,1,1,1,2,2],7,1].
[[3,3,2,1,1,1,1,2,2],4,0].
[[1,9,2,1,2,0,1,2,1],5,14].
[[1,3,2,0,0,0,2,3,2],4,0].
[[2,3,2,0,0,0,2,3,2],18,1].
[[3,3,2,1,2,0,1,2,2],5,0].
[[3,6,0,1,2,1,1,2,0],0,12].
[[3,7,0,1,1,1,1,2,1],0,5].
[[3,6,0,1,2,1,2,1,0],1,10].
[[3,7,0,1,2,0,2,3,2],1,10].
[[3,7,0,1,1,1,2,3,1],0,14].
[[1,8,1,1,1,1,2,2,1],15,4].
[[3,7,1,1,1,1,2,2,1],32,25].
[[2,9,1,1,1,0,2,3,0],2,19].
[[3,9,0,1,1,0,1,2,1],0,1].
[[2,6,1,1,2,1,1,2,2],6,0].
[[3,6,1,1,2,1,1,2,1],45,3].
[[3,6,0,1,2,1,2,3,0],1,48].
[[3,7,0,1,2,1,1,2,0],0,17].
[[2,7,2,1,2,0,1,2,2],10,3].
[[3,7,2,1,2,0,1,2,2],41,11].
[[3,5,0,1,2,0,2,1,0],4,0].
[[3,9,1,1,2,0,1,1,1],2,36].
[[3,6,0,1,2,0,1,2,0],0,5].
[[3,3,1,1,2,0,1,2,2],3,0].
[[1,8,1,1,2,0,1,2,2],9,3].
[[2,7,1,1,2,0,1,2,2],8,3].
[[1,8,1,1,1,1,1,1,1],2,0].
[[2,8,1,1,1,1,1,1,0],6,4].
[[2,9,1,1,1,0,2,2,1],0,5].
[[3,8,1,1,1,0,2,3,1],3,12].
[[3,7,1,1,1,0,2,3,1],3,7].
[[3,4,1,1,2,0,1,1,0],30,13].
[[2,7,1,1,2,0,1,1,1],1,1].
[[3,9,1,0,0,0,0,0,0],0,3].
[[3,3,1,1,2,1,2,3,1],12,0].
[[3,9,0,1,1,0,1,1,0],0,7].
[[1,8,0,1,2,1,2,3,1],9,54].
[[2,8,1,1,1,1,2,1,1],15,15].
[[3,7,2,1,1,0,2,1,0],3,1].
[[1,8,1,1,2,0,2,1,0],8,6].
[[2,7,1,0,0,0,1,2,1],37,17].
[[2,6,1,1,2,1,2,3,0],17,0].
[[3,6,1,1,2,1,1,2,0],19,0].
[[1,7,2,0,0,0,1,2,1],9,1].
[[3,3,2,1,2,1,1,2,1],6,0].
[[2,9,1,1,1,0,2,2,0],0,18].
[[3,6,0,1,2,1,2,3,2],1,26].
[[2,6,0,1,2,1,1,2,0],0,2].
[[3,6,0,1,1,1,1,2,0],0,2].
[[3,9,0,1,2,0,1,1,0],0,28].
[[3,7,1,1,1,1,1,1,1],19,12].
[[2,9,1,1,2,0,0,0,0],0,36].
[[3,6,1,1,1,1,2,3,1],16,2].
[[3,5,0,1,1,1,1,1,0],9,5].
[[3,6,1,1,2,0,2,2,0],14,2].
[[3,7,0,1,1,1,2,2,1],0,4].
[[2,6,0,1,2,1,2,2,0],0,5].
[[3,9,0,1,2,0,1,1,1],0,2].
[[2,9,1,1,1,0,0,0,0],1,4].
[[2,5,0,1,2,0,1,2,0],10,1].
[[1,8,0,1,2,1,1,2,1],1,1].
[[2,7,1,1,1,1,1,2,1],2,0].
[[1,7,1,1,2,1,2,1,1],1,1].
[[2,7,1,1,1,1,2,1,1],7,2].
[[3,6,0,0,0,0,2,3,0],0,21].
[[3,8,0,0,0,0,2,1,1],2,37].
[[3,7,2,1,1,1,2,3,1],23,2].
[[3,7,0,0,0,0,0,0,0],4,39].
[[2,6,1,1,2,1,2,1,1],20,0].
[[1,9,2,1,1,1,2,3,1],25,31].
[[3,6,0,1,1,1,2,3,0],0,9].
[[2,7,1,1,2,1,1,1,0],2,1].
[[2,7,2,0,0,0,1,1,0],4,0].
[[3,4,1,1,2,0,2,3,2],17,3].
[[1,8,1,1,1,1,2,3,0],14,5].
[[2,7,1,1,1,1,2,3,0],7,0].
[[3,6,1,1,1,1,2,1,0],5,2].
[[2,7,1,1,1,1,2,1,0],1,1].
[[3,3,1,1,1,1,2,1,0],2,0].
[[2,7,2,1,1,1,2,3,2],9,1].
[[3,3,1,1,2,0,2,3,2],9,3].
[[1,7,2,0,0,0,2,1,0],1,1].
[[2,7,1,0,0,0,2,1,0],19,6].
[[3,9,1,1,1,1,2,2,1],0,12].
[[2,8,1,1,1,0,2,3,2],7,10].
[[1,2,1,0,0,0,0,0,0],2,0].
[[2,2,1,0,0,0,0,0,0],6,0].
[[3,2,1,0,0,0,2,2,0],2,0].
[[2,6,1,1,2,1,2,1,0],5,0].
[[3,6,1,1,1,1,1,1,0],4,2].
[[3,9,0,0,0,0,2,3,0],0,1].
[[2,6,1,1,2,0,2,3,0],4,0].
[[3,6,1,1,2,0,1,2,0],6,0].
[[2,7,1,1,2,0,2,3,0],9,5].
[[3,8,0,1,2,0,1,1,1],1,29].
[[1,7,2,1,2,0,2,3,2],13,2].
[[2,7,2,1,1,0,2,3,2],3,3].
[[2,6,1,1,2,1,2,3,1],28,1].
[[3,7,0,1,1,1,2,1,0],0,5].
[[2,9,1,1,1,1,2,1,1],7,25].
[[3,8,1,1,1,1,0,0,0],0,10].
[[1,6,0,0,0,0,2,2,0],1,3].
[[2,3,1,0,0,0,1,1,1],2,0].
[[3,3,1,0,0,0,1,1,1],4,0].
[[3,9,0,1,1,0,2,3,0],0,2].
[[2,4,1,1,2,0,2,3,2],4,1].
[[2,7,0,1,2,1,2,2,1],0,6].
[[3,7,1,1,1,0,2,2,1],4,9].
[[3,9,1,1,1,0,1,1,1],0,6].
[[3,7,0,1,2,0,1,2,2],0,9].
[[1,8,1,1,2,0,1,1,0],0,4].
[[2,7,2,1,1,0,1,1,0],0,1].
[[3,7,2,1,1,0,1,1,0],1,3].
[[3,5,0,1,1,1,2,3,0],5,1].
[[3,2,0,1,2,1,2,2,0],0,1].
[[1,8,1,1,1,1,1,2,0],3,1].
[[1,8,1,1,1,1,2,2,0],6,3].
[[2,8,1,1,2,0,1,1,0],9,10].
[[3,9,0,1,1,1,2,1,0],0,9].
[[2,7,0,0,0,0,2,3,1],0,12].
[[3,7,0,0,0,0,2,3,2],1,30].
[[2,3,2,0,0,0,2,2,1],4,0].
[[3,3,2,1,2,1,2,2,1],7,0].
[[3,5,0,1,1,0,1,2,0],2,8].
[[3,8,1,1,1,0,1,2,0],10,21].
[[3,8,0,1,2,0,2,3,2],1,11].
[[3,7,0,0,0,0,2,2,1],0,16].
[[2,6,1,1,2,1,2,2,1],19,2].
[[2,7,1,1,1,1,2,3,2],14,7].
[[2,7,1,1,2,0,2,1,0],2,4].
[[3,7,1,1,1,0,2,1,0],0,4].
[[2,6,0,0,0,0,1,2,2],1,3].
[[1,9,2,1,2,0,1,1,0],4,6].
[[2,8,0,1,2,0,1,1,0],1,8].
[[2,8,0,1,1,1,1,1,0],0,6].
[[3,7,2,1,2,0,1,2,0],5,0].
[[3,3,1,1,2,1,2,2,0],11,0].
[[3,6,1,1,2,0,1,2,1],12,1].
[[3,5,0,1,2,1,2,1,0],15,0].
[[1,7,2,0,0,0,2,1,1],10,0].
[[2,6,1,0,0,0,1,2,0],5,0].
[[3,6,1,0,0,0,1,2,0],8,0].
[[2,7,2,1,1,0,2,1,1],1,2].
[[3,3,2,1,1,0,2,1,1],1,0].
[[3,3,2,1,2,0,0,0,0],14,0].
[[3,7,1,1,1,0,1,2,1],6,5].
[[2,7,2,1,2,1,2,3,0],23,0].
[[1,8,0,1,2,1,2,1,1],5,12].
[[2,9,1,1,1,1,2,3,2],4,14].
[[3,3,1,1,1,1,0,0,0],4,1].
[[3,8,0,1,1,0,2,2,1],0,3].
[[2,7,2,0,0,0,2,1,1],18,3].
[[3,9,1,1,1,0,2,1,0],0,20].
[[1,8,1,1,1,1,1,2,2],6,2].
[[2,4,1,1,2,0,1,2,2],8,2].
[[3,3,1,1,1,1,1,2,0],1,0].
[[2,6,1,1,2,0,0,0,0],11,2].
[[3,3,2,1,2,0,2,3,1],5,0].
[[3,6,0,1,2,1,2,2,1],1,17].
[[2,8,0,1,2,0,1,2,1],1,15].
[[2,6,1,1,2,1,1,2,1],13,1].
[[3,7,2,1,2,0,0,0,0],17,3].
[[3,9,1,0,0,0,2,1,1],0,5].
[[3,6,0,1,2,0,0,0,0],0,4].
[[3,9,0,1,2,1,1,1,1],0,11].
[[1,6,0,0,0,0,2,3,2],3,5].
[[3,9,0,0,0,0,2,1,0],0,11].
[[3,7,0,0,0,0,2,1,1],0,4].
[[1,8,0,1,2,1,1,1,0],0,7].
[[3,4,1,1,2,0,2,3,1],18,9].
[[3,6,1,1,1,1,1,2,1],8,0].
[[1,6,1,1,2,1,2,3,1],5,0].
[[3,3,1,1,2,0,2,3,1],3,1].
[[2,5,0,0,0,0,2,3,0],7,0].
[[3,5,0,1,2,1,2,3,0],26,1].
[[3,8,0,0,0,0,2,3,2],0,20].
[[3,3,2,0,0,0,1,2,1],4,0].
[[3,7,0,1,2,1,2,1,1],2,11].
[[3,7,1,1,1,1,1,1,0],11,4].
[[3,8,1,0,0,0,0,0,0],0,3].
[[2,6,1,1,1,1,1,2,1],2,0].
[[3,3,1,1,1,1,1,2,1],1,0].
[[3,2,1,1,2,1,0,0,0],7,0].
[[3,7,0,0,0,0,1,1,1],1,3].
[[3,9,1,1,1,1,2,1,1],0,6].
[[3,6,1,1,2,0,2,3,0],18,3].
[[3,7,0,1,2,0,2,3,0],0,17].
[[3,3,1,1,2,1,2,1,1],6,3].
[[1,6,1,1,2,1,2,3,0],3,0].
[[2,6,1,1,1,1,2,2,0],2,0].
[[2,9,1,1,1,1,0,0,0],4,27].
[[2,6,0,0,0,0,2,2,1],0,7].
[[3,6,0,1,2,1,1,2,1],0,7].
[[2,9,1,1,1,0,1,2,2],0,7].
[[2,5,0,1,2,1,2,1,0],14,0].
[[3,6,1,1,1,1,2,2,1],12,1].
[[2,8,1,1,1,0,1,2,2],2,2].
[[2,3,2,1,2,0,0,0,0],6,0].
[[2,7,1,1,1,1,2,2,1],7,1].
[[2,7,1,1,2,1,1,2,1],28,8].
[[3,3,2,1,2,0,1,2,1],3,0].
[[3,9,1,1,2,1,2,3,1],0,2].
[[2,3,2,1,2,1,2,3,2],10,0].
[[3,3,2,1,2,1,1,2,2],12,0].
[[3,3,1,1,2,0,2,2,0],4,1].
[[2,7,1,1,2,1,1,1,1],5,4].
[[3,7,2,0,0,0,0,0,0],12,3].
[[3,9,0,0,0,0,1,1,1],0,5].
[[3,6,1,1,2,0,0,0,0],9,0].
[[2,6,1,1,2,0,2,1,1],3,0].
[[2,9,1,1,1,0,2,3,2],0,2].
[[1,5,0,1,1,1,2,1,0],1,0].
[[2,5,0,1,1,1,2,3,0],4,1].
[[3,5,0,1,1,1,2,2,0],4,0].
[[2,5,0,0,0,0,2,1,0],22,0].
[[2,7,2,1,2,1,1,2,0],3,0].
[[3,3,2,1,1,1,2,3,1],7,0].
[[3,3,1,0,0,0,2,1,1],7,0].
[[3,9,1,1,2,0,2,2,1],1,9].
[[3,6,1,1,1,0,2,3,2],2,0].
[[3,6,0,0,0,0,2,2,1],0,9].
[[2,8,0,1,1,1,1,2,0],5,16].
[[3,7,0,1,1,1,1,2,0],0,6].
[[3,6,0,1,1,1,2,2,1],0,5].
[[2,5,0,1,1,1,1,2,1],3,0].
[[3,7,0,1,2,1,1,1,0],0,10].
[[2,8,1,1,1,0,2,3,0],5,8].
[[2,9,1,1,2,0,2,3,2],0,16].
[[3,7,0,1,1,1,2,2,0],1,12].
[[3,6,0,1,1,1,0,0,0],0,8].
[[3,3,1,0,0,0,2,2,0],7,0].
[[3,9,1,0,0,0,2,3,1],0,3].
[[3,7,2,1,1,1,2,1,1],8,0].
[[3,3,2,0,0,0,2,3,1],7,0].
[[3,3,2,1,2,1,1,2,0],1,0].
[[3,3,1,0,0,0,2,3,0],7,0].
[[3,7,2,0,0,0,1,2,0],12,0].
[[2,6,1,1,1,1,2,3,2],8,0].
[[1,7,2,0,0,0,2,3,0],11,0].
[[2,3,2,0,0,0,2,3,0],3,0].
[[3,6,0,1,1,1,2,2,0],0,6].
[[1,7,1,1,2,1,1,2,1],1,0].
[[3,7,0,1,2,0,2,1,1],1,6].
[[2,5,0,1,2,0,2,1,0],5,0].
[[1,7,1,0,0,0,1,2,1],5,3].
[[2,8,0,1,1,1,1,2,1],2,7].
[[1,9,2,1,2,0,2,1,1],3,13].
[[1,7,1,0,0,0,2,2,0],6,4].
[[2,7,0,0,0,0,2,2,1],0,9].
[[3,7,0,1,2,0,1,2,1],0,4].
[[2,7,2,1,2,0,2,2,0],7,2].
[[3,9,1,1,2,0,2,1,1],1,2].
[[3,6,0,0,0,0,1,2,0],0,8].
[[3,6,0,1,2,0,2,3,2],1,7].
[[3,3,2,0,0,0,2,1,1],6,0].
[[3,2,1,0,0,0,2,3,1],3,0].
[[2,3,2,1,2,0,1,1,1],1,0].
[[3,3,2,1,2,0,1,1,1],2,0].
[[3,9,1,1,1,0,1,1,0],0,17].
[[1,7,2,1,2,1,2,1,1],4,2].
[[3,5,0,0,0,0,2,2,0],6,0].
[[2,4,1,1,2,0,2,3,1],8,0].
[[1,8,1,1,1,1,2,1,1],5,1].
[[2,6,1,1,1,1,2,1,1],0,1].
[[1,8,1,1,1,1,1,2,1],6,2].
[[3,3,2,1,2,0,2,2,0],3,0].
[[2,7,1,1,2,0,2,2,0],7,6].
[[3,2,1,0,0,0,2,3,0],1,0].
[[3,6,1,1,1,0,2,3,0],1,1].
[[3,6,0,1,1,1,2,3,1],0,5].
[[3,5,0,1,2,0,2,2,0],1,0].
[[3,3,1,1,2,1,2,1,0],6,0].
[[2,6,1,0,0,0,2,1,0],14,1].
[[2,8,1,1,1,0,2,1,1],0,4].
[[3,7,1,1,1,0,2,1,1],1,5].
[[1,7,2,0,0,0,2,2,0],9,3].
[[2,6,0,1,2,1,2,1,1],0,2].
[[3,3,0,1,2,1,2,1,1],0,1].
[[2,5,0,0,0,0,1,2,1],10,1].
[[1,6,1,1,2,1,1,1,1],1,0].
[[2,6,1,1,1,1,1,1,1],3,0].
[[3,6,1,1,1,1,1,1,1],2,2].
[[3,3,1,1,1,1,2,3,2],2,2].
[[1,8,0,1,2,1,1,1,1],0,3].
[[2,7,2,1,2,0,2,2,1],7,3].
[[2,5,0,1,2,0,1,2,1],2,0].
[[3,7,0,1,2,1,1,1,1],0,12].
[[3,7,1,1,1,0,1,2,2],3,0].
[[3,8,1,1,2,0,0,0,0],0,4].
[[2,8,1,1,1,0,2,3,1],1,7].
[[3,3,2,0,0,0,1,1,0],1,0].
[[3,7,0,1,1,1,1,2,2],0,8].
[[3,7,2,1,1,0,0,0,0],4,3].
[[3,6,0,0,0,0,1,2,2],1,11].
[[3,7,1,1,1,0,2,3,0],4,10].
[[3,7,1,1,1,0,0,0,0],3,6].
[[2,3,1,0,0,0,2,3,1],2,0].
[[3,6,1,1,1,1,2,1,1],5,1].
[[3,6,1,1,2,0,2,2,1],12,1].
[[3,7,1,1,1,0,2,3,2],7,9].
[[2,7,2,1,1,1,1,2,1],3,0].
[[2,5,0,1,2,1,2,3,0],11,1].
[[3,3,1,0,0,0,1,2,1],5,3].
[[3,7,2,1,2,0,2,1,0],6,2].
[[3,7,0,1,1,1,1,1,0],0,2].
[[3,3,2,1,2,1,2,1,1],3,0].
[[3,2,1,1,2,1,2,3,2],2,0].
[[2,6,0,1,2,1,2,3,0],1,5].
[[3,7,2,1,1,0,2,2,0],3,2].
[[2,6,1,0,0,0,1,1,1],6,2].
[[1,9,2,1,1,1,1,1,0],1,7].
[[2,3,2,0,0,0,1,2,2],6,0].
[[2,3,2,1,2,1,2,3,1],4,0].
[[2,6,0,0,0,0,1,2,0],0,2].
[[2,3,1,1,2,1,2,3,2],4,0].
[[3,3,1,1,1,1,1,2,2],1,0].
[[3,8,0,1,1,0,2,3,2],0,3].
[[3,7,0,0,0,0,1,1,0],0,5].
[[3,1,1,1,2,0,1,2,0],3,0].
[[3,6,1,1,2,0,2,1,0],5,1].
[[3,2,1,1,2,1,1,2,1],2,0].
[[3,9,0,1,2,0,1,2,1],0,2].
[[3,3,0,1,2,1,0,0,0],0,2].
[[3,7,1,1,1,0,1,2,0],2,0].
[[3,7,1,1,1,0,2,2,0],4,6].
[[2,7,0,1,2,1,2,2,0],1,3].
[[3,7,2,0,0,0,2,1,1],4,0].
[[1,7,1,1,2,1,2,2,1],3,3].
[[2,7,1,1,1,1,1,1,1],1,2].
[[3,9,0,1,1,1,1,1,1],0,2].
[[3,5,0,1,1,0,2,1,0],1,0].
[[1,7,2,1,2,0,1,2,2],2,0].
[[2,3,2,1,2,0,1,2,2],1,0].
[[3,3,2,1,1,0,1,2,2],2,0].
[[3,9,1,1,2,0,2,3,1],0,3].
[[2,7,2,1,2,0,2,1,1],5,0].
[[2,6,0,0,0,0,2,1,0],0,3].
[[3,7,2,1,1,0,1,1,1],4,1].
[[1,5,0,0,0,0,2,1,0],12,0].
[[2,5,0,1,2,0,2,3,0],3,0].
[[3,5,0,1,2,0,2,3,0],5,0].
[[3,4,0,1,2,0,2,3,0],0,1].
[[3,6,0,1,2,1,1,1,1],0,4].
[[2,7,1,1,1,1,2,3,1],5,6].
[[1,8,1,1,2,0,1,2,0],3,3].
[[2,7,0,1,2,1,2,1,1],0,1].
[[3,7,2,1,1,1,2,2,0],5,0].
[[3,9,0,1,1,1,2,3,0],0,1].
[[2,6,0,1,2,1,2,2,1],1,2].
[[1,7,2,1,2,1,2,1,0],3,1].
[[3,7,0,1,2,0,1,1,0],0,2].
[[3,3,2,1,1,1,2,2,0],1,0].
[[2,7,1,1,2,0,1,2,0],0,1].
[[2,6,0,1,2,1,2,3,2],3,11].
[[2,6,1,1,2,1,1,1,1],7,0].
[[3,7,0,1,2,0,2,3,1],0,18].
[[2,9,1,1,1,0,2,1,0],2,8].
[[2,9,1,1,1,0,1,2,0],0,15].
[[3,3,2,1,2,1,2,3,0],8,0].
[[2,8,1,1,1,0,0,0,0],0,4].
[[2,7,2,1,1,1,2,1,0],2,1].
[[2,7,2,0,0,0,1,2,0],2,0].
[[3,9,1,0,0,0,2,2,1],0,7].
[[1,7,1,0,0,0,1,2,2],2,1].
[[2,7,2,1,1,0,0,0,0],3,1].
[[3,8,1,1,2,1,0,0,0],0,7].
[[1,7,2,1,2,0,2,3,1],1,1].
[[2,6,1,1,2,0,2,2,0],2,0].
[[3,6,1,1,1,0,1,2,0],1,0].
[[2,6,1,1,2,1,1,2,0],1,1].
[[3,7,2,0,0,0,1,1,0],3,1].
[[3,4,0,1,2,0,1,1,1],0,1].
[[3,6,1,1,2,0,1,1,0],4,3].
[[1,5,0,1,2,1,2,3,0],5,0].
[[3,2,1,0,0,0,2,3,2],2,0].
[[3,9,1,1,1,0,0,0,0],0,1].
[[1,6,1,0,0,0,2,1,0],2,0].
[[1,7,2,1,2,0,2,1,1],1,1].
[[2,6,0,1,2,1,2,1,0],0,2].
[[3,3,1,1,2,0,2,2,1],6,0].
[[2,6,0,0,0,0,2,3,1],1,7].
[[3,6,1,1,1,0,1,2,2],0,2].
[[3,5,0,1,2,1,2,2,0],8,0].
[[1,8,1,1,1,1,2,1,0],1,1].
[[3,7,2,1,1,1,1,1,0],4,2].
[[3,9,0,1,1,0,1,1,1],0,2].
[[2,8,1,1,1,0,1,2,0],3,4].
[[3,7,2,1,1,0,1,2,0],4,1].
[[3,9,0,1,1,0,2,2,0],0,1].
[[2,3,2,1,2,1,1,2,2],4,0].
[[3,2,1,1,2,0,2,3,0],1,0].
[[1,6,1,1,2,1,1,2,1],2,1].
[[3,7,2,1,1,0,2,3,2],6,5].
[[2,7,0,0,0,0,1,2,2],0,4].
[[2,4,1,1,2,0,2,1,1],4,2].
[[3,3,1,1,2,1,1,1,1],4,0].
[[2,6,0,1,2,1,2,3,1],0,4].
[[1,7,1,1,2,1,2,3,1],3,1].
[[3,4,0,1,2,0,2,2,0],0,1].
[[3,2,1,0,0,0,0,0,0],6,0].
[[3,4,0,1,2,0,1,2,1],0,3].
[[2,6,1,1,2,0,1,2,2],1,0].
[[1,6,1,1,2,1,2,1,1],3,0].
[[3,6,1,0,0,0,1,1,0],2,2].
[[3,9,0,1,2,0,2,3,0],0,5].
[[3,8,0,1,1,0,2,3,1],0,4].
[[3,6,0,1,1,1,2,3,2],0,9].
[[3,9,0,1,1,0,2,1,0],0,2].
[[1,6,1,0,0,0,1,2,2],1,0].
[[3,3,1,1,1,1,2,2,1],2,0].
[[2,3,1,1,2,1,2,2,0],1,0].
[[2,4,1,1,2,0,1,1,0],3,0].
[[1,7,2,1,2,1,2,3,0],4,0].
[[2,7,2,1,1,0,1,2,2],1,0].
[[3,8,1,1,1,0,0,0,0],0,1].
[[3,3,1,1,1,1,2,3,1],5,1].
[[3,3,2,1,2,0,1,1,0],1,0].
[[2,8,1,1,1,0,1,1,0],2,1].
[[3,7,1,1,1,0,1,1,0],1,1].
[[2,6,1,1,2,0,1,2,1],2,1].
[[3,3,0,0,0,0,0,0,0],0,1].
[[3,6,0,0,0,0,2,1,1],0,3].
[[3,5,0,1,1,1,2,1,0],4,0].
[[3,7,0,1,1,1,2,1,1],1,3].
[[2,7,0,0,0,0,1,2,0],0,1].
[[3,3,1,0,0,0,1,2,2],4,0].
[[3,3,1,1,2,0,1,1,0],1,0].
[[3,9,1,1,1,0,2,2,1],0,3].
[[2,3,1,1,2,1,2,3,1],1,0].
[[2,7,1,1,2,0,1,2,1],2,3].
[[1,9,2,1,1,1,1,1,1],6,1].
[[2,6,1,1,1,1,2,3,1],4,0].
[[3,2,1,1,2,0,0,0,0],2,0].
[[3,6,1,1,1,1,1,2,2],4,1].
[[2,7,0,1,2,1,2,3,1],0,5].
[[3,7,2,1,2,0,2,1,1],7,0].
[[2,3,1,1,2,1,2,1,0],1,0].
[[2,7,0,0,0,0,2,1,0],1,4].
[[3,3,2,1,2,0,1,2,0],1,0].
[[3,6,0,1,2,0,1,2,2],0,3].
[[1,7,2,1,2,0,2,3,0],2,0].
[[2,3,2,1,2,0,2,3,0],1,0].
[[3,3,2,1,1,0,2,3,0],4,0].
[[1,7,1,1,2,1,2,2,0],1,2].
[[3,3,1,1,1,1,2,3,0],1,0].
[[3,6,0,1,2,0,1,1,1],0,1].
[[1,8,0,0,0,0,1,1,1],0,2].
[[2,3,1,0,0,0,2,1,1],2,0].
[[3,3,1,0,0,0,1,2,0],2,0].
[[1,3,2,0,0,0,2,3,1],2,0].
[[3,3,1,1,1,1,2,1,1],1,0].
[[1,7,2,1,2,1,2,2,0],2,0].
[[2,6,1,1,2,0,2,1,0],1,0].
[[3,4,0,1,2,0,2,3,1],0,1].
[[3,6,1,1,1,0,2,1,0],0,1].
[[3,6,0,1,2,0,2,2,1],0,2].
[[2,6,1,1,2,0,2,2,1],5,1].
[[2,7,2,1,1,1,2,2,1],4,1].
[[3,8,1,1,1,0,2,3,2],1,2].
[[3,2,1,0,0,0,1,2,1],1,0].
[[2,7,2,1,1,1,2,2,0],4,1].
[[3,6,0,1,2,0,2,3,0],0,5].
[[2,5,0,1,1,1,2,1,0],2,0].
[[3,3,2,1,2,0,2,2,1],2,0].
[[2,6,1,1,2,0,1,1,1],0,1].
[[2,7,1,1,1,1,1,2,0],0,1].
[[3,9,1,1,2,0,0,0,0],0,2].
[[1,6,0,0,0,0,2,3,0],0,2].
[[3,4,0,1,2,0,1,2,2],0,1].
[[1,7,2,1,2,1,1,2,1],3,0].
[[3,8,0,1,1,0,1,1,0],0,8].
[[2,7,2,1,2,0,1,2,0],0,1].
[[1,7,2,1,2,1,2,2,1],3,0].
[[2,7,2,1,1,1,1,1,1],2,0].
[[3,7,2,1,1,0,2,1,1],1,1].
[[1,7,2,1,2,1,1,1,1],1,0].
[[3,3,2,1,2,1,1,1,1],2,0].
[[3,4,0,1,2,0,1,2,0],0,4].
[[2,7,2,1,1,0,2,3,0],1,0].
[[3,6,0,1,2,0,2,1,0],0,2].
[[2,3,2,1,2,0,2,2,1],1,0].
[[2,3,1,0,0,0,1,2,1],1,0].
[[2,7,2,1,1,0,2,1,0],0,1].
[[3,7,2,1,1,0,2,3,1],0,2].
[[3,3,1,1,2,0,2,3,0],3,0].
[[3,3,1,1,2,1,1,2,0],2,0].
[[2,7,0,0,0,0,1,2,1],1,0].
[[2,3,2,1,2,1,2,3,0],2,0].
[[3,6,1,1,1,0,1,2,1],1,1].
[[2,2,1,1,2,1,0,0,0],1,0].
[[3,2,1,1,1,1,2,3,1],1,0].
[[3,3,0,1,2,1,2,3,0],0,1].
[[1,6,1,0,0,0,1,1,1],4,1].
[[2,7,1,1,2,0,1,1,0],2,0].
[[3,4,0,1,2,0,2,2,1],0,1].
[[1,7,1,1,2,1,2,3,0],0,2].
[[1,5,0,1,2,1,2,1,0],2,0].
[[3,2,1,0,0,0,2,2,1],1,0].
[[3,1,1,1,2,0,1,1,1],1,0].
[[3,6,1,1,1,0,2,2,0],1,0].
[[2,5,0,1,2,0,1,1,0],0,1].
[[2,7,0,1,2,1,1,2,0],0,1].
[[3,3,1,1,1,1,1,1,1],1,0].
[[3,2,0,1,2,1,0,0,0],0,3].
[[2,3,2,0,0,0,1,2,1],1,0].
[[2,7,2,1,2,0,1,1,1],2,1].
[[2,8,0,1,1,1,1,1,1],1,0].
[[2,7,1,1,1,1,1,1,0],0,1].
[[1,7,1,1,2,1,2,1,0],1,0].
[[1,7,2,1,2,0,2,2,1],1,0].
[[2,9,1,1,1,0,1,1,0],0,1].
[[2,7,0,1,2,1,1,1,0],0,1].
[[2,7,2,1,2,0,2,1,0],2,0].
[[3,6,0,0,0,0,1,2,1],0,3].
[[2,7,2,1,1,0,1,1,1],1,0].
[[3,3,2,1,1,1,2,3,0],1,0].
[[3,5,0,1,1,0,2,3,0],1,0].
[[2,2,0,0,0,0,0,0,0],0,1].
[[1,6,0,0,0,0,2,1,0],1,0].
[[2,6,0,1,2,1,1,1,0],1,0].
[[3,3,1,1,2,1,1,1,0],1,0].
[[3,3,2,0,0,0,1,2,0],1,0].
[[2,7,2,1,2,1,1,1,0],1,0].
[[3,6,0,1,1,1,1,2,2],0,1].
[[3,3,2,1,1,0,0,0,0],2,0].
[[3,6,1,1,1,0,2,3,1],1,1].
[[2,2,1,1,2,1,2,1,1],1,0].
[[3,3,2,1,1,1,1,1,1],1,0].
[[2,7,2,1,1,0,1,2,1],1,0].
[[2,2,1,0,0,0,2,3,2],1,0].
[[2,5,0,1,1,0,2,2,0],0,1].
[[3,5,0,1,1,0,2,2,0],0,1].
[[2,7,0,1,2,1,2,1,0],1,0].
[[3,2,0,0,0,0,2,2,1],0,1].
[[3,2,1,1,2,0,1,2,1],1,0].
[[3,2,1,0,0,0,1,2,2],1,0].
[[2,2,1,0,0,0,2,1,1],1,0].
[[3,2,1,0,0,0,2,1,1],1,0].
[[2,6,0,1,2,1,1,2,2],1,0].
[[2,3,2,1,2,0,2,1,1],1,0].
[[2,3,1,1,2,1,2,3,0],1,0].
[[2,6,0,0,0,0,2,1,1],0,1].
[[3,6,0,1,2,0,2,1,1],0,1].
[[2,3,2,1,2,0,2,3,1],1,0].
[[1,5,0,0,0,0,1,2,1],1,0].
