total_WL(7556,4583).
[[1,9,2,1,2,0,1,1,0],4,2].
[[2,9,2,1,2,2,1,1,0],44,52].
[[3,8,1,1,2,2,1,1,0],37,22].
[[1,9,2,1,1,2,1,1,0],15,2].
[[2,9,2,1,1,2,1,1,0],21,13].
[[3,9,2,1,1,2,1,1,0],24,28].
[[1,8,0,1,1,2,2,3,0],13,4].
[[2,7,0,1,1,2,2,3,0],4,0].
[[3,7,0,1,1,2,2,3,1],17,5].
[[1,8,1,1,2,2,0,0,0],309,89].
[[2,8,1,1,2,2,2,3,1],286,88].
[[3,8,1,1,2,2,2,3,1],142,62].
[[1,9,2,0,0,0,0,0,0],140,248].
[[2,9,2,1,2,2,2,3,0],83,137].
[[3,9,2,1,2,2,2,3,0],9,64].
[[1,9,2,1,2,2,2,2,1],188,157].
[[2,9,2,1,1,2,2,2,1],63,45].
[[3,4,2,1,2,0,2,2,1],86,1].
[[1,9,2,0,0,0,2,2,0],184,134].
[[2,9,2,1,2,2,2,2,0],66,111].
[[3,9,2,1,2,2,1,2,0],81,98].
[[1,9,2,1,2,2,0,0,0],145,253].
[[2,9,2,1,2,2,0,0,0],0,43].
[[3,8,0,1,2,2,0,0,0],0,32].
[[1,9,2,0,0,0,2,3,0],193,163].
[[1,9,2,1,2,0,2,3,1],28,30].
[[2,8,0,1,2,0,2,3,1],16,19].
[[3,7,0,1,2,2,2,3,1],22,11].
[[1,9,2,1,2,2,2,1,0],110,94].
[[2,9,2,1,1,2,2,3,1],71,72].
[[3,9,2,1,1,2,2,2,1],18,26].
[[1,8,0,1,2,2,0,0,0],212,195].
[[2,7,1,1,2,2,0,0,0],103,43].
[[3,7,1,1,2,2,2,3,1],175,46].
[[3,8,1,1,2,2,1,2,1],244,82].
[[1,9,2,1,2,2,2,3,0],248,198].
[[2,9,2,1,2,2,2,3,1],96,147].
[[3,9,2,1,2,2,2,3,1],13,45].
[[1,9,2,1,2,0,0,0,0],12,37].
[[2,9,2,1,2,0,2,2,0],10,27].
[[3,9,2,1,2,0,2,2,0],5,21].
[[1,8,1,1,2,2,2,2,0],61,14].
[[2,7,1,1,2,2,2,2,0],29,1].
[[2,8,1,1,1,2,2,3,1],103,26].
[[3,8,1,1,1,2,1,2,1],122,42].
[[1,9,2,1,1,2,1,2,0],40,9].
[[2,8,0,1,1,2,1,2,0],22,6].
[[3,8,0,1,1,2,1,1,0],18,16].
[[1,8,1,1,2,2,2,3,1],208,66].
[[2,8,0,1,2,2,2,3,0],106,93].
[[3,8,0,1,2,2,1,2,0],101,43].
[[3,8,1,1,1,0,2,3,1],18,20].
[[2,8,0,1,2,2,0,0,0],49,128].
[[3,8,0,1,1,2,2,2,1],42,65].
[[2,8,0,0,0,0,0,0,0],32,54].
[[3,7,1,0,0,0,2,1,1],15,4].
[[1,9,2,1,2,2,2,3,1],227,266].
[[1,8,0,0,0,0,0,0,0],146,144].
[[2,8,0,0,0,0,2,3,0],49,24].
[[3,8,0,1,2,0,2,2,1],17,18].
[[1,8,1,1,2,0,2,3,1],24,14].
[[2,7,1,1,2,2,2,3,1],69,20].
[[2,8,1,1,2,2,2,3,0],78,20].
[[3,8,1,1,1,2,2,3,0],14,3].
[[2,8,0,1,2,2,2,3,1],118,93].
[[2,7,1,0,0,0,0,0,0],68,15].
[[3,7,1,0,0,0,2,3,1],38,5].
[[2,9,2,1,1,2,1,1,1],30,17].
[[3,4,2,1,2,0,1,1,1],65,0].
[[1,8,1,0,0,0,1,2,1],54,22].
[[2,8,1,0,0,0,1,2,1],90,30].
[[3,7,1,1,2,2,1,2,1],89,28].
[[1,9,2,0,0,0,2,2,1],150,159].
[[2,9,2,0,0,0,1,2,1],73,88].
[[3,8,0,0,0,0,1,2,1],23,23].
[[1,9,2,0,0,0,2,3,1],192,215].
[[2,8,1,1,2,0,2,3,1],87,34].
[[3,8,1,1,2,2,1,2,0],90,13].
[[1,9,2,1,2,2,2,2,0],214,150].
[[3,9,1,1,2,2,1,2,0],10,10].
[[1,8,1,0,0,0,2,3,1],275,70].
[[3,8,1,1,1,2,2,3,1],81,42].
[[2,8,0,0,0,0,2,2,1],32,43].
[[3,7,0,1,2,2,2,2,1],14,5].
[[1,9,2,1,2,2,1,2,0],83,54].
[[2,9,2,1,2,2,1,2,0],121,100].
[[3,5,0,1,2,2,1,1,0],36,7].
[[1,9,2,1,1,2,2,3,1],121,57].
[[3,4,2,1,2,0,2,3,1],111,1].
[[2,9,2,1,2,2,2,2,1],89,145].
[[3,9,2,1,2,2,2,2,1],27,38].
[[2,9,2,1,2,0,2,1,0],13,17].
[[3,8,0,1,1,0,2,1,0],0,7].
[[3,8,1,0,0,0,1,2,1],68,21].
[[1,8,0,1,2,2,2,2,1],43,17].
[[2,7,0,1,1,2,2,2,1],2,0].
[[3,7,0,1,1,2,2,2,1],5,2].
[[1,7,2,0,0,0,0,0,0],107,8].
[[2,7,2,0,0,0,2,3,1],32,2].
[[3,7,2,1,2,2,2,2,1],46,2].
[[3,9,1,1,2,0,1,2,1],0,8].
[[1,4,2,1,2,0,0,0,0],17,1].
[[2,4,2,1,2,0,2,3,1],60,0].
[[3,9,2,1,1,2,2,3,1],7,29].
[[1,8,0,0,0,0,2,3,1],44,26].
[[1,8,0,0,0,0,2,2,1],20,29].
[[2,8,0,1,2,0,2,2,1],10,4].
[[3,8,0,1,2,0,1,2,1],17,27].
[[2,9,2,0,0,0,2,2,0],39,62].
[[3,9,2,0,0,0,1,2,0],16,27].
[[2,9,2,1,1,2,2,1,0],31,26].
[[3,8,0,1,1,2,2,1,0],15,27].
[[2,7,2,1,2,2,2,3,1],26,3].
[[3,7,1,1,1,2,2,3,1],66,21].
[[1,9,2,0,0,0,2,1,0],112,66].
[[2,8,0,0,0,0,2,1,0],37,12].
[[3,6,0,0,0,0,2,1,0],4,0].
[[1,8,0,1,2,2,2,2,0],40,30].
[[2,8,0,1,2,2,1,1,0],9,10].
[[1,8,0,1,2,2,2,3,1],52,40].
[[1,8,0,1,2,2,2,3,0],54,36].
[[2,8,0,1,2,2,1,2,0],31,25].
[[1,8,1,0,0,0,0,0,0],418,141].
[[1,9,2,1,2,2,2,1,1],93,84].
[[2,9,2,1,2,2,1,1,1],40,62].
[[3,9,2,1,2,2,1,2,1],66,153].
[[1,9,2,0,0,0,1,2,1],60,74].
[[2,9,2,1,2,0,1,2,1],18,44].
[[3,8,0,1,2,2,1,2,1],84,113].
[[2,9,2,1,1,2,1,2,0],89,27].
[[3,9,2,1,1,2,1,2,0],46,63].
[[2,7,2,0,0,0,0,0,0],44,3].
[[3,7,2,0,0,0,2,3,1],25,0].
[[1,9,2,1,1,2,2,2,0],87,47].
[[2,8,1,1,1,2,2,2,0],18,4].
[[3,4,2,1,2,0,2,2,0],53,0].
[[1,9,2,1,1,2,0,0,0],65,44].
[[3,9,1,1,1,2,1,2,0],3,6].
[[1,8,1,0,0,0,2,1,1],86,37].
[[2,8,1,1,2,2,2,1,1],96,21].
[[3,8,1,1,1,2,2,1,1],44,6].
[[2,8,1,1,2,2,1,2,0],58,7].
[[3,7,2,1,2,2,2,1,1],19,0].
[[2,7,0,0,0,0,0,0,0],6,3].
[[3,7,0,1,2,0,2,3,1],2,5].
[[2,4,2,1,2,0,1,2,0],35,0].
[[3,4,2,1,2,0,1,2,0],131,0].
[[2,9,2,1,2,0,2,2,1],19,17].
[[1,8,0,0,0,0,2,1,1],14,14].
[[2,8,0,0,0,0,1,1,1],5,5].
[[3,7,1,1,2,0,1,1,1],8,4].
[[2,8,1,1,2,2,2,2,1],187,51].
[[3,8,1,1,1,0,2,2,1],8,19].
[[3,8,0,1,1,2,1,2,0],71,44].
[[1,8,1,0,0,0,2,2,1],163,47].
[[2,8,1,0,0,0,2,2,1],118,40].
[[3,8,1,1,2,0,1,2,1],79,34].
[[2,9,1,1,2,2,1,2,0],3,7].
[[2,9,2,0,0,0,2,2,1],51,60].
[[3,8,0,1,2,2,2,2,1],60,66].
[[3,9,2,1,2,0,1,2,1],24,53].
[[1,8,1,1,2,0,0,0,0],52,25].
[[2,8,1,1,2,0,2,3,0],16,14].
[[3,5,0,1,2,0,1,2,0],10,0].
[[1,9,2,1,1,2,2,3,0],91,22].
[[3,4,2,1,2,0,1,1,0],52,1].
[[1,6,0,1,2,2,2,2,0],1,0].
[[2,6,0,1,2,2,2,2,0],3,3].
[[3,3,1,1,2,2,1,2,0],2,0].
[[2,8,0,1,1,2,2,2,0],54,23].
[[3,8,0,1,1,2,2,3,1],50,60].
[[2,8,1,1,1,0,2,3,1],5,6].
[[1,9,2,1,2,2,1,2,1],91,60].
[[2,8,1,1,2,2,1,2,1],147,56].
[[2,9,2,0,0,0,2,3,1],42,77].
[[3,8,0,0,0,0,2,3,1],20,18].
[[2,8,1,0,0,0,2,3,1],200,45].
[[2,9,2,1,2,2,1,2,1],116,156].
[[2,9,2,0,0,0,1,2,0],48,38].
[[3,7,1,0,0,0,0,0,0],18,4].
[[2,7,1,0,0,0,2,3,1],38,10].
[[3,7,1,1,2,0,2,3,1],50,10].
[[3,7,1,1,2,2,0,0,0],41,30].
[[2,8,1,1,2,2,2,2,0],78,11].
[[3,8,1,1,2,2,2,2,0],16,4].
[[2,8,1,1,2,2,0,0,0],54,29].
[[3,8,1,1,2,2,2,2,1],131,35].
[[2,8,0,0,0,0,2,3,1],56,22].
[[3,8,0,1,2,0,2,3,1],12,27].
[[2,8,0,1,1,2,1,2,1],31,6].
[[3,4,2,1,2,0,1,2,1],180,0].
[[1,8,1,1,2,0,2,2,0],5,6].
[[3,6,1,1,2,2,2,2,0],10,1].
[[3,7,2,1,2,2,0,0,0],24,0].
[[2,7,2,1,2,2,0,0,0],47,9].
[[3,3,2,1,2,2,0,0,0],14,1].
[[3,8,1,1,2,2,1,1,1],69,42].
[[3,7,2,0,0,0,2,2,1],16,1].
[[1,6,0,1,2,2,2,2,1],1,1].
[[2,6,0,1,1,2,1,2,1],1,0].
[[2,9,1,0,0,0,1,2,0],2,1].
[[3,9,1,0,0,0,1,2,0],3,1].
[[2,3,2,0,0,0,0,0,0],17,1].
[[3,3,2,1,2,0,2,3,1],9,0].
[[2,8,0,1,1,2,0,0,0],39,37].
[[3,4,2,1,2,0,0,0,0],15,5].
[[2,9,2,0,0,0,2,3,0],40,69].
[[3,9,2,0,0,0,2,3,0],0,16].
[[1,9,2,1,1,2,2,2,1],86,41].
[[3,8,1,1,2,0,2,3,1],56,32].
[[2,6,1,1,2,2,2,3,1],23,0].
[[3,6,1,1,1,2,2,3,1],11,0].
[[2,9,2,1,2,2,2,1,1],56,76].
[[3,8,0,1,2,2,2,1,1],38,48].
[[3,7,1,1,2,2,2,1,1],58,11].
[[2,8,0,1,2,2,1,2,1],32,36].
[[2,8,0,1,2,2,2,2,1],87,55].
[[3,9,2,0,0,0,2,2,1],6,6].
[[1,8,1,1,2,0,1,1,1],4,4].
[[2,8,1,1,2,0,1,1,1],15,7].
[[1,9,2,1,2,2,1,1,0],24,29].
[[1,8,1,1,2,2,2,2,1],128,32].
[[3,8,0,1,2,2,2,3,0],53,110].
[[1,8,1,1,2,0,2,3,0],11,5].
[[3,6,1,1,2,0,2,3,0],5,1].
[[1,8,0,0,0,0,2,2,0],27,22].
[[2,8,0,1,2,2,2,2,0],93,67].
[[1,8,1,1,1,2,2,3,1],31,3].
[[2,6,1,1,1,2,2,3,1],5,0].
[[1,8,1,1,2,2,2,1,1],61,18].
[[2,8,1,1,1,2,2,1,1],40,7].
[[3,7,1,1,1,2,2,1,1],33,11].
[[1,8,0,0,0,0,2,3,0],44,17].
[[3,8,0,1,2,2,2,1,0],34,45].
[[2,9,2,1,2,2,2,1,0],45,69].
[[2,8,1,0,0,0,2,3,0],52,11].
[[3,8,1,0,0,0,2,3,1],46,12].
[[3,7,1,1,1,2,2,2,1],49,12].
[[2,8,1,0,0,0,2,1,0],15,12].
[[2,8,1,1,2,0,2,2,1],44,23].
[[3,6,1,1,2,0,2,2,1],12,0].
[[1,8,0,1,1,2,2,3,1],12,7].
[[2,8,0,1,1,2,2,3,1],49,33].
[[1,9,2,1,1,2,1,2,1],51,13].
[[2,4,2,1,2,0,1,2,1],47,0].
[[3,7,1,1,2,2,2,2,1],104,29].
[[3,8,1,1,2,0,2,2,0],3,4].
[[1,8,0,1,1,2,2,1,1],10,0].
[[2,8,0,1,1,2,1,1,1],10,2].
[[3,8,0,1,1,2,1,1,1],19,16].
[[1,6,1,0,0,0,0,0,0],78,5].
[[2,6,1,0,0,0,0,0,0],38,4].
[[3,3,1,1,2,0,0,0,0],9,0].
[[3,9,2,1,2,2,1,1,1],25,63].
[[1,8,1,1,1,2,2,2,0],11,2].
[[2,8,1,1,1,2,1,1,0],5,6].
[[3,8,1,1,1,2,1,1,0],13,15].
[[3,8,0,0,0,0,2,3,0],12,17].
[[3,8,0,1,2,2,2,2,0],52,69].
[[2,9,2,1,1,0,1,2,0],0,3].
[[3,9,2,1,1,0,1,2,0],1,22].
[[2,8,1,1,2,2,1,1,0],17,14].
[[1,9,2,0,0,0,2,1,1],73,102].
[[2,9,2,1,2,0,2,1,1],8,11].
[[3,6,1,0,0,0,2,3,0],6,0].
[[1,6,0,1,2,2,2,3,1],1,0].
[[2,6,0,1,1,2,2,3,1],4,0].
[[1,8,1,1,2,2,1,1,1],11,7].
[[2,8,1,1,2,2,1,1,1],62,21].
[[3,8,1,1,1,2,1,1,1],35,23].
[[3,5,0,1,1,2,1,2,1],13,2].
[[3,6,1,0,0,0,2,3,1],22,0].
[[3,8,0,1,2,2,1,1,0],30,26].
[[3,8,0,1,2,2,2,3,1],80,80].
[[3,8,0,1,1,0,1,2,1],2,8].
[[2,7,0,1,2,2,2,3,1],6,1].
[[1,8,1,1,1,2,0,0,0],61,9].
[[2,6,1,1,1,2,0,0,0],8,1].
[[3,6,1,1,1,2,2,2,1],6,0].
[[3,9,2,1,2,2,2,1,0],7,35].
[[2,9,2,0,0,0,1,1,0],34,15].
[[2,9,2,1,1,2,1,2,1],87,65].
[[3,9,2,1,1,2,1,2,1],56,113].
[[1,8,0,0,0,0,2,1,0],11,10].
[[2,8,0,0,0,0,1,1,0],8,7].
[[3,8,0,0,0,0,1,1,0],14,6].
[[2,7,1,0,0,0,2,2,1],22,7].
[[3,7,1,1,2,0,2,2,1],25,16].
[[1,8,0,1,1,2,1,1,0],1,1].
[[2,8,0,1,1,2,1,1,0],8,4].
[[3,3,2,1,2,2,2,3,1],10,0].
[[1,8,1,0,0,0,2,3,0],96,26].
[[1,7,2,1,2,2,0,0,0],33,4].
[[3,7,2,1,1,2,0,0,0],8,0].
[[1,7,1,1,2,2,0,0,0],68,20].
[[3,7,1,1,2,2,1,1,1],24,17].
[[3,9,2,1,1,2,2,3,0],4,32].
[[2,8,1,0,0,0,1,2,0],36,7].
[[3,8,1,0,0,0,1,1,0],11,5].
[[2,5,0,1,2,2,1,2,0],4,0].
[[3,5,0,1,2,2,1,2,0],17,0].
[[2,8,1,1,1,0,2,2,1],6,2].
[[3,8,1,1,1,0,1,2,0],9,14].
[[3,8,0,0,0,0,2,1,0],6,7].
[[2,9,2,1,1,0,2,2,0],0,4].
[[3,9,2,1,1,0,2,2,0],0,6].
[[2,7,1,1,2,2,2,1,1],27,4].
[[2,8,1,1,1,2,1,2,1],55,16].
[[1,9,2,1,2,0,2,2,0],11,18].
[[3,9,2,1,1,0,2,2,1],2,7].
[[3,8,1,1,1,2,1,2,0],56,6].
[[2,7,0,1,2,2,2,2,1],3,1].
[[2,6,1,1,2,2,2,1,1],3,1].
[[3,6,1,1,2,2,1,1,1],3,3].
[[2,6,0,1,1,2,0,0,0],4,4].
[[1,8,1,1,2,2,2,3,0],80,12].
[[2,6,1,1,2,2,2,3,0],7,0].
[[3,6,1,1,2,2,1,2,0],10,0].
[[3,7,0,1,2,2,2,3,0],18,8].
[[3,7,0,1,1,2,0,0,0],4,12].
[[2,7,2,0,0,0,1,2,1],8,3].
[[3,7,2,1,2,0,1,2,1],14,2].
[[3,8,0,1,1,2,0,0,0],0,14].
[[2,6,0,1,2,2,0,0,0],13,14].
[[3,6,0,1,2,2,2,2,1],8,4].
[[2,8,0,0,0,0,1,2,1],19,11].
[[3,6,0,1,2,2,1,2,1],0,5].
[[1,8,1,1,2,0,2,2,1],17,6].
[[1,7,1,0,0,0,0,0,0],68,18].
[[3,7,1,1,2,2,2,2,0],42,9].
[[2,7,1,1,2,0,0,0,0],20,13].
[[3,9,2,1,1,0,1,1,0],3,5].
[[3,7,2,1,2,0,2,2,1],22,2].
[[3,8,0,1,1,2,2,3,0],35,61].
[[2,9,2,0,0,0,2,1,0],33,29].
[[3,9,2,1,2,0,1,2,0],32,30].
[[3,8,1,0,0,0,2,2,1],53,17].
[[2,8,0,1,2,2,2,1,1],29,29].
[[3,8,0,1,2,2,1,1,1],22,34].
[[3,9,2,0,0,0,1,1,1],5,11].
[[2,8,0,0,0,0,2,1,1],15,19].
[[3,8,0,0,0,0,1,1,1],10,11].
[[2,6,1,0,0,0,2,2,1],17,2].
[[3,6,1,1,2,0,1,2,1],7,2].
[[1,6,1,1,2,2,0,0,0],27,2].
[[2,6,1,1,2,2,0,0,0],31,3].
[[2,4,2,1,2,0,2,2,1],47,1].
[[3,9,2,0,0,0,1,2,1],26,36].
[[3,7,1,0,0,0,1,2,1],22,7].
[[1,7,1,1,2,2,2,3,1],10,1].
[[3,3,1,1,2,2,2,2,0],3,0].
[[3,8,0,1,1,2,1,2,1],56,68].
[[2,8,1,0,0,0,1,1,0],12,8].
[[3,7,2,0,0,0,1,2,1],18,3].
[[2,8,1,1,1,2,0,0,0],17,4].
[[3,7,2,1,1,2,2,3,1],17,2].
[[3,7,2,1,2,0,2,3,0],3,0].
[[1,9,2,1,2,0,1,2,0],5,7].
[[2,8,1,1,1,0,1,2,0],2,2].
[[3,7,1,1,1,0,1,2,0],3,2].
[[1,9,2,0,0,0,1,2,0],68,48].
[[2,8,1,1,2,0,0,0,0],14,13].
[[3,8,1,1,2,0,2,2,1],38,22].
[[2,8,0,1,1,2,2,3,0],51,31].
[[3,7,1,1,2,0,2,3,0],10,3].
[[1,8,0,1,2,2,2,1,0],29,18].
[[3,7,1,1,2,2,1,2,0],30,3].
[[3,9,2,1,1,0,1,1,1],2,8].
[[3,7,0,0,0,0,2,3,0],5,1].
[[1,8,1,1,2,2,2,1,0],28,3].
[[2,8,1,1,2,2,2,1,0],32,9].
[[3,6,1,1,2,2,2,1,0],7,0].
[[3,9,2,1,2,0,2,2,1],4,14].
[[3,7,2,1,2,0,2,3,1],30,1].
[[3,9,2,1,1,2,2,2,0],8,48].
[[3,6,1,1,1,2,2,3,0],5,0].
[[1,8,0,1,1,2,0,0,0],75,32].
[[2,8,0,1,1,2,2,2,1],50,30].
[[2,8,1,0,0,0,1,1,1],26,19].
[[3,8,1,0,0,0,1,1,1],20,13].
[[1,4,2,1,2,0,2,2,1],15,1].
[[3,7,0,1,1,2,1,2,0],2,2].
[[3,6,0,1,2,2,2,3,1],11,7].
[[2,7,2,0,0,0,2,2,1],23,5].
[[2,9,2,1,1,2,2,2,0],59,41].
[[3,7,0,1,2,2,2,2,0],20,9].
[[3,8,1,1,2,2,2,3,0],22,21].
[[1,8,0,1,2,2,2,1,1],20,20].
[[2,7,2,1,2,0,2,2,1],8,2].
[[3,8,1,1,2,0,1,2,0],30,9].
[[1,9,2,1,1,2,2,1,0],49,16].
[[1,9,2,1,1,2,1,1,1],14,8].
[[1,6,1,0,0,0,2,3,1],12,1].
[[2,6,1,0,0,0,1,2,1],2,2].
[[3,6,0,1,1,2,2,3,0],5,7].
[[2,8,1,1,2,0,1,2,1],36,17].
[[3,9,2,1,2,0,2,3,1],5,12].
[[1,8,1,0,0,0,2,2,0],77,17].
[[2,7,1,1,2,0,2,3,1],6,3].
[[3,7,1,1,1,0,1,2,1],1,2].
[[2,9,2,0,0,0,2,1,1],25,40].
[[3,8,0,0,0,0,2,1,1],7,10].
[[3,8,0,1,2,0,2,2,0],9,24].
[[2,8,0,1,2,2,2,1,0],44,51].
[[3,7,0,1,2,2,2,1,0],10,3].
[[3,6,1,0,0,0,1,2,1],16,0].
[[2,8,1,0,0,0,2,1,1],64,15].
[[2,9,1,1,1,2,1,2,1],3,2].
[[3,8,1,1,1,2,2,2,1],69,12].
[[2,9,2,1,2,0,1,1,0],11,6].
[[3,8,0,1,2,0,1,1,0],7,5].
[[3,8,1,1,2,0,1,1,1],26,22].
[[3,3,1,1,2,2,0,0,0],36,0].
[[1,7,1,0,0,0,2,2,0],5,0].
[[2,8,0,0,0,0,2,2,0],43,23].
[[1,8,1,1,2,2,1,2,1],45,12].
[[1,4,2,1,2,0,2,3,1],18,0].
[[3,9,2,1,1,2,1,1,1],25,34].
[[3,7,0,1,1,2,2,2,0],19,4].
[[1,7,2,0,0,0,2,1,1],4,1].
[[2,7,2,0,0,0,2,1,1],12,1].
[[3,7,2,1,2,0,1,1,1],7,2].
[[3,7,2,1,1,2,2,3,0],1,0].
[[2,8,1,1,1,2,2,1,0],11,2].
[[3,8,1,1,1,2,2,1,0],7,2].
[[3,7,0,1,2,2,1,2,1],5,5].
[[3,7,2,0,0,0,1,1,1],5,3].
[[3,7,1,1,2,2,2,3,0],37,11].
[[2,7,1,1,1,2,0,0,0],20,6].
[[3,7,1,1,1,2,2,3,0],20,7].
[[1,8,1,1,2,2,1,1,0],9,4].
[[2,7,1,1,2,2,1,1,0],5,0].
[[3,7,2,1,2,2,1,2,1],43,7].
[[2,9,1,0,0,0,1,2,1],1,4].
[[3,6,1,1,2,2,1,2,1],21,2].
[[3,9,2,1,2,2,2,1,1],16,25].
[[1,8,1,1,1,2,1,1,1],2,0].
[[2,7,1,1,1,2,1,1,1],3,0].
[[3,9,2,1,2,0,2,1,0],2,7].
[[2,8,1,1,1,2,2,3,0],28,8].
[[1,4,2,1,2,0,2,3,0],15,0].
[[2,4,2,1,2,0,2,3,0],39,0].
[[2,9,2,1,2,0,2,3,1],17,37].
[[2,8,1,0,0,0,0,0,0],42,17].
[[3,6,1,0,0,0,0,0,0],2,0].
[[2,9,2,0,0,0,0,0,0],0,22].
[[3,8,0,0,0,0,2,2,0],11,14].
[[2,7,0,1,2,2,0,0,0],12,6].
[[2,6,1,0,0,0,2,3,0],5,0].
[[3,6,1,0,0,0,1,1,0],1,0].
[[3,9,2,0,0,0,2,1,1],3,7].
[[3,8,1,1,2,0,2,3,0],6,7].
[[1,9,2,1,2,2,1,1,1],40,28].
[[1,8,1,0,0,0,2,1,0],28,9].
[[3,7,2,1,2,2,1,1,1],17,1].
[[3,7,1,1,1,2,2,2,0],21,2].
[[2,8,1,1,2,0,2,2,0],25,9].
[[3,7,2,0,0,0,1,2,0],2,0].
[[2,8,0,1,2,0,2,2,0],11,13].
[[2,9,2,1,1,0,2,2,1],1,4].
[[3,9,2,1,2,0,2,1,1],3,12].
[[2,5,0,1,2,0,1,2,0],3,1].
[[1,9,2,0,0,0,1,1,1],29,25].
[[1,9,2,1,2,0,2,3,0],24,28].
[[2,9,2,1,2,0,1,2,0],24,29].
[[3,8,0,1,1,0,1,2,0],0,13].
[[3,9,2,1,2,2,2,2,0],6,55].
[[3,8,1,1,2,2,2,1,1],66,23].
[[3,7,1,1,1,2,0,0,0],12,6].
[[1,7,1,1,2,2,2,1,1],3,0].
[[2,3,1,1,2,2,2,1,1],1,0].
[[3,3,1,1,2,2,2,1,1],9,0].
[[1,8,1,0,0,0,1,1,0],3,0].
[[2,8,1,1,1,2,1,2,0],25,1].
[[3,7,2,1,1,2,1,2,0],3,0].
[[3,8,1,1,1,0,1,2,1],23,27].
[[2,5,0,1,1,2,1,1,0],6,0].
[[3,5,0,1,1,2,1,1,0],23,4].
[[3,9,2,1,1,0,1,2,1],4,20].
[[1,7,2,0,0,0,2,3,1],12,4].
[[2,7,2,0,0,0,1,2,0],2,0].
[[2,8,0,1,2,0,2,1,1],4,13].
[[3,7,1,0,0,0,2,2,1],31,9].
[[1,7,2,0,0,0,2,3,0],2,0].
[[2,7,2,1,2,0,2,3,1],12,3].
[[3,3,2,1,1,0,2,3,1],2,0].
[[3,4,2,1,2,0,2,1,0],36,1].
[[1,7,1,0,0,0,2,3,1],12,1].
[[2,7,1,1,2,0,1,2,1],2,2].
[[3,7,1,1,2,0,1,2,1],26,5].
[[1,8,1,0,0,0,1,2,0],13,8].
[[2,8,1,1,2,0,1,2,0],19,6].
[[3,9,2,0,0,0,2,2,0],2,11].
[[3,9,2,0,0,0,2,3,1],3,5].
[[2,9,2,1,1,2,0,0,0],2,10].
[[1,6,1,1,2,2,2,3,1],5,0].
[[2,5,0,1,1,0,1,2,0],1,0].
[[3,5,0,1,1,0,1,2,0],3,3].
[[3,8,0,1,1,2,2,2,0],40,46].
[[3,9,2,1,2,2,1,1,0],32,34].
[[3,8,0,0,0,0,2,2,1],9,18].
[[2,9,2,1,2,0,2,3,0],19,34].
[[3,6,0,1,2,0,2,2,1],1,0].
[[3,8,0,0,0,0,0,0,0],0,12].
[[2,7,1,1,2,2,2,3,0],29,7].
[[3,8,0,1,1,0,2,3,0],2,6].
[[3,6,1,1,2,0,2,3,1],17,0].
[[1,6,1,1,2,2,2,3,0],3,0].
[[2,6,1,1,1,2,2,3,0],4,0].
[[3,3,2,1,1,2,1,2,1],1,0].
[[1,8,0,1,1,2,2,1,0],8,6].
[[1,8,0,1,1,2,2,2,1],11,3].
[[2,9,2,0,0,0,1,1,1],15,27].
[[3,9,2,1,2,0,1,1,1],6,13].
[[2,8,0,1,1,2,2,1,0],25,12].
[[1,8,1,1,2,0,2,1,0],4,2].
[[2,8,1,1,2,0,2,1,1],13,10].
[[3,3,2,0,0,0,2,3,1],5,0].
[[2,7,1,1,2,0,2,1,1],2,0].
[[3,7,1,1,1,0,2,1,1],1,1].
[[2,8,0,0,0,0,1,2,0],10,6].
[[3,7,0,0,0,0,1,2,0],4,1].
[[1,6,0,1,2,2,0,0,0],15,6].
[[3,7,2,0,0,0,2,1,1],9,0].
[[2,8,1,1,1,2,2,2,1],70,7].
[[1,8,1,0,0,0,1,1,1],16,4].
[[2,8,0,1,2,2,1,1,1],8,9].
[[3,7,2,1,1,0,2,2,1],4,4].
[[3,4,0,1,2,0,1,2,0],0,1].
[[2,5,0,1,1,2,1,1,1],9,0].
[[3,5,0,1,1,2,1,1,1],20,2].
[[2,7,2,1,2,0,2,1,1],6,0].
[[3,3,2,1,2,0,2,1,1],2,0].
[[3,9,2,1,1,2,2,1,0],2,27].
[[3,7,1,1,1,2,2,1,0],6,1].
[[2,6,1,1,2,0,0,0,0],9,0].
[[1,8,1,1,1,2,2,2,1],25,2].
[[3,4,2,1,2,0,2,3,0],55,1].
[[2,7,1,0,0,0,2,1,1],11,4].
[[3,7,1,1,2,0,2,1,1],12,5].
[[1,9,2,1,1,2,2,1,1],44,18].
[[2,4,2,1,2,0,2,1,1],22,0].
[[2,7,2,1,2,2,2,2,0],4,1].
[[3,7,2,1,2,2,2,2,0],4,0].
[[2,4,2,1,2,0,0,0,0],12,3].
[[2,7,1,1,2,0,2,3,0],3,2].
[[3,7,1,1,1,0,2,2,1],4,5].
[[3,3,2,0,0,0,0,0,0],8,0].
[[2,3,2,1,2,0,0,0,0],6,0].
[[2,7,0,1,2,2,2,2,0],11,3].
[[2,7,1,0,0,0,2,2,0],10,1].
[[2,3,1,1,2,2,2,3,1],5,0].
[[3,3,1,1,2,2,1,2,1],4,0].
[[3,8,1,0,0,0,0,0,0],0,2].
[[2,9,2,1,2,0,1,1,1],7,28].
[[3,5,0,1,1,0,1,2,1],1,1].
[[2,9,2,1,1,2,2,1,1],41,31].
[[1,9,2,0,0,0,1,1,0],27,22].
[[2,4,2,1,2,0,2,1,0],22,0].
[[3,6,1,0,0,0,1,2,0],6,0].
[[3,8,1,1,2,0,2,1,1],21,9].
[[2,7,0,1,1,2,0,0,0],7,3].
[[3,6,1,1,2,2,2,2,1],29,2].
[[3,8,1,0,0,0,1,2,0],22,4].
[[3,8,1,1,1,0,1,1,0],3,3].
[[2,6,1,1,1,2,2,1,1],1,0].
[[3,4,2,1,2,0,2,1,1],40,1].
[[3,6,1,1,2,0,0,0,0],7,0].
[[3,8,1,0,0,0,2,1,1],20,8].
[[1,8,1,1,1,2,2,3,0],11,1].
[[3,7,2,1,1,2,1,1,0],2,1].
[[2,7,2,1,2,2,2,2,1],24,1].
[[3,7,0,1,1,2,2,3,0],16,7].
[[3,6,1,1,1,2,2,1,0],2,0].
[[3,7,1,1,1,2,1,2,1],34,11].
[[3,6,0,1,2,2,0,0,0],4,9].
[[2,8,1,0,0,0,2,2,0],41,21].
[[3,7,2,1,2,0,2,1,1],14,1].
[[3,6,0,1,2,2,2,1,1],3,1].
[[3,7,2,1,2,2,2,3,1],49,2].
[[3,7,1,1,1,0,2,3,1],8,15].
[[3,7,1,0,0,0,2,3,0],16,1].
[[1,8,1,1,2,0,1,2,1],4,4].
[[2,6,1,1,2,0,1,2,1],2,1].
[[3,6,1,1,2,2,2,3,1],36,3].
[[3,8,0,1,2,0,1,2,0],26,17].
[[3,6,0,1,1,2,2,2,1],4,5].
[[2,7,0,0,0,0,2,3,0],2,0].
[[3,7,0,1,2,0,2,2,0],4,2].
[[2,8,1,1,1,0,2,3,0],3,3].
[[1,9,2,1,2,0,1,1,1],2,1].
[[1,7,1,0,0,0,2,1,0],1,0].
[[2,7,1,0,0,0,2,1,0],5,1].
[[3,7,1,1,2,0,2,1,0],6,0].
[[2,5,0,0,0,0,1,2,0],4,0].
[[3,5,0,0,0,0,1,2,0],7,0].
[[3,8,0,1,1,2,2,1,1],24,26].
[[3,7,0,1,1,2,1,2,1],4,1].
[[3,7,2,1,2,2,1,2,0],7,0].
[[3,8,0,1,2,0,2,1,0],11,11].
[[3,8,0,1,1,0,2,2,0],1,10].
[[2,9,2,1,1,2,2,3,0],58,44].
[[1,9,2,1,2,0,1,2,1],7,7].
[[2,5,0,1,1,0,1,2,1],1,0].
[[2,4,2,1,2,0,2,2,0],42,0].
[[3,8,0,0,0,0,1,2,0],10,10].
[[2,8,1,1,1,0,1,2,1],1,3].
[[3,4,0,1,2,0,1,2,1],0,3].
[[2,5,0,0,0,0,1,1,1],4,0].
[[3,5,0,0,0,0,1,1,1],6,0].
[[2,7,1,1,2,2,2,2,1],34,8].
[[3,7,2,1,1,2,2,2,1],11,1].
[[2,7,1,0,0,0,1,1,1],4,0].
[[2,8,0,1,2,0,0,0,0],10,14].
[[3,8,0,1,2,0,2,1,1],5,8].
[[3,5,0,1,1,0,1,1,0],2,5].
[[3,7,1,0,0,0,1,2,0],4,1].
[[2,7,1,0,0,0,1,2,0],3,1].
[[2,9,2,1,2,0,0,0,0],0,8].
[[3,8,0,1,2,0,2,3,0],8,24].
[[2,9,2,1,1,0,2,3,1],2,5].
[[3,8,0,1,1,0,2,3,1],3,5].
[[2,9,2,1,1,0,1,1,0],1,1].
[[2,8,0,1,2,0,2,3,0],13,20].
[[3,9,2,1,1,2,2,1,1],12,22].
[[3,8,1,0,0,0,2,3,0],6,2].
[[2,7,1,0,0,0,1,2,1],11,5].
[[1,8,0,1,2,2,1,2,0],3,3].
[[1,7,1,0,0,0,2,2,1],6,1].
[[3,7,2,1,2,0,0,0,0],5,2].
[[3,9,1,1,1,2,1,1,1],1,7].
[[3,8,1,1,1,0,2,2,0],3,5].
[[2,3,1,1,2,2,0,0,0],18,2].
[[3,3,1,1,2,2,2,2,1],3,2].
[[3,7,1,0,0,0,2,2,0],4,5].
[[2,6,1,0,0,0,2,3,1],29,0].
[[3,6,1,1,2,2,1,1,0],4,3].
[[3,9,2,1,1,0,2,3,1],1,4].
[[3,9,2,0,0,0,2,1,0],2,8].
[[3,7,1,1,2,0,0,0,0],15,6].
[[2,9,1,0,0,0,1,1,1],0,3].
[[2,8,0,1,1,2,2,1,1],18,19].
[[3,5,0,1,2,2,1,1,1],35,5].
[[2,6,1,0,0,0,2,1,1],10,0].
[[3,4,0,1,2,0,2,3,1],0,1].
[[3,7,2,1,1,2,1,2,1],21,2].
[[1,8,1,1,1,2,2,1,0],8,1].
[[2,7,2,1,1,2,1,1,1],1,0].
[[2,7,1,0,0,0,1,1,0],1,2].
[[3,7,1,1,2,2,1,1,0],12,3].
[[3,7,2,1,2,0,1,2,0],5,0].
[[3,8,1,1,2,0,1,1,0],10,7].
[[2,9,1,0,0,0,1,1,0],0,1].
[[3,9,1,1,2,0,1,1,0],0,1].
[[3,9,2,1,2,0,1,1,0],9,14].
[[2,6,0,1,2,2,1,1,1],0,1].
[[3,6,0,1,2,2,1,1,0],1,3].
[[3,6,0,1,2,2,2,2,0],8,5].
[[1,3,2,0,0,0,0,0,0],10,1].
[[3,8,1,1,1,2,2,2,0],16,6].
[[3,9,2,0,0,0,1,1,0],13,9].
[[2,6,1,1,2,0,2,3,1],5,0].
[[3,3,1,1,2,2,2,3,1],19,0].
[[2,8,0,1,2,0,1,2,1],2,7].
[[3,7,2,1,1,0,2,3,1],4,2].
[[3,8,1,1,2,2,2,1,0],13,3].
[[3,6,1,1,2,0,1,1,1],1,2].
[[2,7,1,1,2,2,1,2,1],17,2].
[[3,6,1,0,0,0,1,1,1],2,0].
[[3,6,0,1,1,2,2,2,0],11,5].
[[2,7,1,1,1,2,1,1,0],1,0].
[[3,7,1,1,1,2,1,1,0],7,1].
[[3,7,1,0,0,0,2,1,0],2,3].
[[3,6,1,1,2,2,2,3,0],11,0].
[[2,7,1,1,1,2,2,3,0],6,1].
[[3,7,1,1,2,0,2,2,0],14,4].
[[1,9,2,1,2,0,2,1,0],11,9].
[[2,7,2,1,2,2,2,1,0],2,0].
[[3,7,2,1,2,2,1,1,0],4,1].
[[2,5,0,1,2,2,1,1,1],10,1].
[[3,7,0,0,0,0,0,0,0],3,3].
[[3,6,1,1,2,2,2,1,1],10,1].
[[2,7,2,0,0,0,2,2,0],3,2].
[[1,8,1,1,1,2,2,1,1],8,3].
[[3,8,1,1,1,0,2,3,0],3,3].
[[1,8,1,1,2,2,1,2,0],14,1].
[[3,9,2,1,2,0,2,3,0],2,14].
[[3,6,0,1,2,2,2,3,0],9,3].
[[3,7,0,0,0,0,2,1,0],3,0].
[[1,8,0,1,1,2,2,2,0],12,3].
[[2,5,0,0,0,0,1,1,0],4,1].
[[2,6,1,1,2,2,1,2,1],2,1].
[[2,8,0,1,2,0,1,2,0],1,2].
[[3,9,2,1,1,0,2,3,0],0,7].
[[1,6,1,0,0,0,2,3,0],2,0].
[[2,6,1,1,2,2,1,2,0],4,0].
[[1,7,2,0,0,0,2,2,0],3,1].
[[1,7,2,1,2,0,0,0,0],7,0].
[[2,7,2,1,2,0,0,0,0],19,3].
[[3,3,2,1,2,0,0,0,0],8,1].
[[1,7,2,1,2,2,2,2,0],3,0].
[[3,7,0,1,2,2,0,0,0],11,9].
[[1,6,0,0,0,0,0,0,0],2,3].
[[2,6,0,0,0,0,0,0,0],4,6].
[[3,6,0,0,0,0,0,0,0],0,3].
[[2,3,2,1,2,2,2,2,0],1,0].
[[3,3,2,1,2,2,1,1,0],1,0].
[[3,7,0,1,2,2,2,1,1],3,4].
[[3,8,1,0,0,0,2,2,0],4,2].
[[1,7,1,1,2,2,1,2,0],1,0].
[[2,7,1,1,2,2,1,2,0],4,1].
[[3,8,1,1,2,0,2,1,0],4,1].
[[2,9,1,1,2,2,1,2,1],3,5].
[[2,7,0,1,1,2,2,1,0],0,1].
[[2,6,0,0,0,0,2,2,1],0,1].
[[1,8,1,1,2,0,1,1,0],1,1].
[[2,7,1,1,2,0,1,1,0],1,0].
[[2,7,1,1,1,2,1,2,1],2,0].
[[3,6,1,1,2,2,0,0,0],6,1].
[[2,7,1,1,1,2,2,1,1],6,3].
[[3,7,1,0,0,0,1,1,1],14,3].
[[1,2,1,0,0,0,0,0,0],2,0].
[[2,2,1,0,0,0,0,0,0],4,0].
[[3,2,1,0,0,0,2,1,1],2,0].
[[3,6,1,0,0,0,2,2,1],6,0].
[[3,5,0,1,1,2,1,2,0],19,1].
[[2,5,0,1,2,2,1,1,0],12,1].
[[3,5,0,0,0,0,1,2,1],4,0].
[[1,7,2,0,0,0,2,2,1],13,3].
[[2,7,2,1,2,2,2,1,1],14,0].
[[3,6,0,1,2,0,2,1,0],1,1].
[[3,6,1,1,2,0,2,2,0],4,1].
[[2,9,1,1,1,2,1,2,0],2,0].
[[3,9,1,1,2,2,1,1,1],1,4].
[[2,6,0,1,2,2,2,2,1],2,0].
[[3,3,1,1,1,2,2,3,0],3,0].
[[2,7,2,0,0,0,2,1,0],4,0].
[[3,7,2,1,2,2,2,1,0],3,1].
[[3,7,1,1,2,2,2,1,0],16,6].
[[3,6,1,1,2,0,1,2,0],5,0].
[[1,7,1,1,2,2,1,1,1],0,1].
[[2,7,1,1,2,2,1,1,1],3,3].
[[3,7,0,1,2,2,1,2,0],5,2].
[[3,9,2,1,1,0,2,1,1],0,4].
[[1,8,0,0,0,0,1,2,1],3,0].
[[3,8,1,1,2,2,0,0,0],0,5].
[[2,5,0,1,2,0,1,1,0],3,0].
[[3,5,0,1,2,0,1,1,0],10,0].
[[1,6,1,1,2,2,2,2,1],3,0].
[[2,6,1,1,2,2,2,2,1],14,1].
[[1,9,2,1,2,0,2,1,1],6,8].
[[3,5,0,1,2,0,1,1,1],11,0].
[[3,8,1,0,0,0,2,1,0],5,0].
[[2,8,1,1,1,0,1,1,1],3,0].
[[3,8,1,1,1,0,1,1,1],10,5].
[[2,6,0,1,2,2,2,3,0],6,2].
[[3,2,0,1,2,2,2,3,0],2,0].
[[3,7,0,0,0,0,2,2,1],1,1].
[[3,6,1,1,1,2,2,1,1],3,0].
[[2,3,2,0,0,0,2,3,1],2,0].
[[3,9,1,1,1,2,1,2,1],1,9].
[[3,7,0,1,1,2,2,1,1],4,5].
[[1,6,1,0,0,0,1,1,1],1,0].
[[2,3,2,0,0,0,1,1,1],1,0].
[[3,3,1,0,0,0,1,1,1],2,0].
[[2,5,0,1,1,2,1,2,0],4,0].
[[3,7,2,1,1,2,2,1,1],7,1].
[[3,8,0,1,2,0,1,1,1],6,11].
[[1,8,0,0,0,0,1,1,0],1,2].
[[3,7,1,1,2,0,1,1,0],2,4].
[[2,3,2,0,0,0,2,2,1],3,0].
[[3,3,2,1,2,0,1,2,1],3,0].
[[2,7,1,1,1,2,2,1,0],4,0].
[[1,9,2,1,2,0,2,2,1],10,17].
[[2,8,1,1,1,2,1,1,1],10,8].
[[3,7,1,1,1,2,1,1,1],19,8].
[[2,7,1,1,1,2,2,3,1],12,4].
[[3,3,1,1,1,2,2,3,1],4,1].
[[2,6,1,1,2,2,2,2,0],5,1].
[[2,7,0,1,2,2,2,3,0],4,2].
[[3,9,2,1,1,0,2,1,0],0,6].
[[2,7,1,0,0,0,2,3,0],7,2].
[[2,6,1,0,0,0,2,2,0],4,0].
[[3,7,1,1,1,0,2,3,0],2,2].
[[3,7,0,1,2,0,2,1,1],1,2].
[[2,3,1,0,0,0,0,0,0],9,1].
[[3,3,1,0,0,0,2,2,0],1,0].
[[3,9,1,1,2,0,1,2,0],2,2].
[[3,5,0,0,0,0,1,1,0],14,0].
[[3,7,2,1,2,0,2,1,0],6,0].
[[1,7,2,1,2,2,2,3,0],1,0].
[[2,7,2,1,1,2,2,3,0],1,0].
[[3,7,2,1,2,0,1,1,0],2,1].
[[3,3,1,1,2,0,2,1,1],2,0].
[[2,4,2,1,2,0,1,1,0],20,0].
[[3,7,0,0,0,0,2,2,0],3,2].
[[2,8,1,1,1,0,2,1,1],2,1].
[[2,7,0,1,2,2,2,1,1],2,0].
[[3,7,0,1,2,2,1,1,1],2,1].
[[2,7,0,1,2,2,2,1,0],0,1].
[[3,7,0,1,1,2,2,1,0],3,3].
[[3,5,0,1,2,2,1,2,1],12,4].
[[3,6,0,0,0,0,2,3,1],2,0].
[[1,4,2,1,2,0,2,1,0],6,0].
[[1,8,1,1,1,2,1,2,1],6,0].
[[3,3,1,1,2,2,2,3,0],4,1].
[[3,6,1,1,1,2,2,2,0],1,2].
[[2,7,2,1,2,2,1,2,1],8,4].
[[1,8,1,1,1,2,1,2,0],2,0].
[[2,7,1,1,2,0,2,2,0],4,1].
[[1,8,1,1,2,0,1,2,0],0,4].
[[2,8,1,1,1,0,1,1,0],0,2].
[[1,8,1,1,2,0,2,1,1],7,4].
[[2,2,1,1,2,2,0,0,0],2,0].
[[3,2,1,1,2,2,2,1,1],1,0].
[[2,6,0,1,1,2,2,2,0],2,1].
[[2,9,1,1,1,0,1,2,1],0,1].
[[3,9,1,1,1,0,1,2,1],0,5].
[[2,5,0,0,0,0,1,2,1],1,0].
[[1,4,2,1,2,0,2,2,0],16,0].
[[3,7,0,1,2,0,2,3,0],2,1].
[[2,4,2,1,2,0,1,1,1],11,0].
[[2,7,1,1,2,2,2,1,0],10,2].
[[3,6,0,1,1,2,0,0,0],2,5].
[[1,7,2,0,0,0,1,2,1],8,0].
[[2,3,2,0,0,0,1,2,1],1,0].
[[3,3,2,1,2,2,1,2,1],2,0].
[[3,6,1,1,2,0,2,1,1],2,0].
[[2,7,1,1,2,0,2,2,1],6,6].
[[3,7,0,0,0,0,2,3,1],6,0].
[[3,9,1,0,0,0,1,1,0],0,1].
[[3,3,2,1,1,2,2,3,1],1,0].
[[2,9,2,1,1,0,2,1,0],0,4].
[[3,6,0,1,1,2,2,1,0],5,1].
[[1,6,1,0,0,0,1,2,1],1,2].
[[3,6,1,1,1,2,1,2,1],8,0].
[[1,7,1,0,0,0,2,3,0],3,1].
[[3,7,1,1,2,0,1,2,0],9,1].
[[1,4,2,1,2,0,1,2,0],3,0].
[[3,3,1,1,1,2,2,2,1],1,0].
[[2,7,1,1,1,2,2,2,1],8,0].
[[3,6,0,1,2,2,2,1,0],4,2].
[[2,8,1,1,1,0,0,0,0],1,1].
[[3,6,0,1,1,2,2,3,1],6,2].
[[2,8,0,1,2,0,1,1,0],1,0].
[[2,6,1,1,2,0,2,1,1],1,0].
[[2,8,1,1,2,0,2,1,0],10,4].
[[1,7,1,1,2,2,2,2,0],5,0].
[[3,6,1,0,0,0,2,2,0],3,0].
[[2,9,1,1,2,2,1,1,1],1,2].
[[1,7,2,1,2,2,2,1,1],4,0].
[[2,7,2,1,2,2,1,1,1],3,0].
[[3,3,2,1,2,0,1,2,0],1,0].
[[3,8,0,1,1,0,2,2,1],0,3].
[[3,7,1,1,1,2,1,2,0],19,1].
[[2,3,2,1,2,0,2,1,1],2,0].
[[3,9,1,1,2,2,1,2,1],4,9].
[[1,6,1,0,0,0,2,2,1],7,1].
[[3,7,0,1,2,0,2,1,0],3,0].
[[2,7,2,1,1,2,0,0,0],9,0].
[[3,7,2,0,0,0,0,0,0],9,0].
[[3,3,2,1,2,2,2,3,0],1,0].
[[3,2,1,1,2,0,0,0,0],2,0].
[[3,2,1,1,2,2,0,0,0],3,0].
[[3,6,1,1,1,0,2,3,1],4,0].
[[3,6,0,1,1,2,1,2,1],2,0].
[[1,7,2,1,2,2,2,2,1],5,1].
[[3,7,2,0,0,0,1,1,0],2,0].
[[2,7,0,0,0,0,2,2,1],0,1].
[[2,6,1,0,0,0,2,1,0],3,0].
[[3,2,1,1,2,0,2,1,0],1,0].
[[3,7,2,0,0,0,2,1,0],1,0].
[[3,6,1,1,1,0,2,3,0],1,0].
[[3,3,1,0,0,0,0,0,0],6,1].
[[3,5,0,1,1,0,1,1,1],3,5].
[[2,7,2,1,2,0,1,1,1],3,1].
[[3,7,2,1,1,0,1,1,1],1,1].
[[3,3,2,1,2,2,2,2,1],5,0].
[[3,7,0,1,2,2,1,1,0],6,0].
[[1,7,2,1,2,0,2,2,1],1,1].
[[2,7,2,1,1,0,2,2,1],3,1].
[[2,7,2,1,1,2,2,3,1],4,1].
[[2,7,0,0,0,0,2,2,0],1,2].
[[3,7,0,0,0,0,1,1,0],1,1].
[[2,7,2,1,2,0,2,3,0],3,1].
[[3,3,2,1,2,0,2,3,0],1,0].
[[1,6,1,0,0,0,2,1,0],1,0].
[[2,6,1,1,2,0,1,1,0],1,0].
[[3,2,1,0,0,0,2,2,1],2,0].
[[3,3,1,0,0,0,2,3,1],6,0].
[[2,3,2,1,2,2,0,0,0],5,0].
[[3,3,2,0,0,0,2,1,1],2,0].
[[1,7,2,1,2,2,2,3,1],4,0].
[[3,3,2,1,2,2,2,1,1],4,0].
[[3,7,2,1,1,2,2,2,0],6,1].
[[2,8,0,1,2,0,2,1,0],5,3].
[[3,2,0,1,2,2,0,0,0],2,0].
[[3,7,1,1,1,0,1,1,0],0,2].
[[2,7,2,1,2,0,2,2,0],2,0].
[[3,3,2,1,2,0,2,2,0],1,0].
[[2,6,0,1,2,2,2,3,1],2,1].
[[3,6,1,1,1,0,2,1,1],1,1].
[[2,8,0,1,2,0,1,1,1],3,1].
[[2,7,2,1,1,0,2,3,0],1,0].
[[3,7,2,1,1,0,1,2,0],1,0].
[[2,7,2,0,0,0,1,1,1],1,0].
[[3,7,2,1,1,0,2,2,0],2,0].
[[2,7,2,1,2,0,1,2,1],6,2].
[[3,7,2,1,1,0,1,2,1],4,6].
[[3,7,2,1,2,2,2,3,0],7,1].
[[2,7,2,1,1,0,2,3,1],2,0].
[[1,8,0,0,0,0,1,2,0],3,0].
[[2,7,1,1,1,2,1,2,0],1,0].
[[3,3,1,1,1,2,1,2,0],1,0].
[[2,6,0,1,2,2,2,1,1],1,0].
[[2,7,2,1,2,2,1,2,0],1,1].
[[2,9,2,1,1,0,1,2,1],1,3].
[[3,6,1,0,0,0,2,1,0],1,0].
[[3,8,1,1,1,0,2,1,1],6,7].
[[1,6,1,0,0,0,2,1,1],6,0].
[[3,6,0,0,0,0,2,1,1],1,0].
[[3,6,0,0,0,0,2,2,0],2,0].
[[3,3,2,1,2,0,1,1,1],2,0].
[[3,6,0,0,0,0,2,3,0],1,0].
[[1,7,1,0,0,0,2,1,1],1,0].
[[3,3,1,1,1,2,2,1,1],2,0].
[[2,6,1,1,2,0,2,2,1],4,0].
[[3,9,2,1,2,2,0,0,0],0,3].
[[3,9,1,1,2,0,1,1,1],0,4].
[[3,8,0,1,1,0,1,1,1],0,2].
[[1,8,0,1,2,2,1,1,1],2,1].
[[2,7,2,1,1,2,2,2,1],5,0].
[[2,7,1,1,1,2,2,2,0],6,0].
[[3,3,1,1,1,2,0,0,0],2,0].
[[3,4,0,1,2,0,2,1,0],0,2].
[[2,6,1,1,2,2,1,1,1],0,1].
[[1,7,1,1,2,2,2,3,0],1,1].
[[1,8,0,1,2,2,1,1,0],1,2].
[[1,6,1,1,2,2,1,2,1],0,1].
[[3,7,2,0,0,0,2,2,0],3,0].
[[3,7,2,1,1,0,2,3,0],1,2].
[[3,8,0,1,1,0,1,1,0],0,1].
[[1,8,0,1,1,2,1,2,0],2,0].
[[3,7,0,1,2,0,2,2,1],2,2].
[[3,7,0,1,1,2,1,1,1],4,1].
[[1,7,1,0,0,0,1,2,1],1,2].
[[3,3,2,0,0,0,2,2,0],2,0].
[[2,9,2,1,1,0,2,3,0],0,4].
[[2,7,0,1,1,2,2,3,1],2,0].
[[2,6,0,0,0,0,2,3,0],2,0].
[[3,6,0,1,2,2,1,2,0],3,0].
[[2,7,2,1,2,0,2,1,0],3,0].
[[2,3,1,0,0,0,2,3,1],1,0].
[[3,3,1,1,2,0,1,2,1],1,0].
[[3,8,0,1,1,0,2,1,1],1,4].
[[3,3,2,0,0,0,2,2,1],3,0].
[[3,3,1,0,0,0,2,2,1],2,1].
[[1,7,1,0,0,0,1,1,0],1,0].
[[2,3,1,0,0,0,1,1,0],1,0].
[[3,3,1,0,0,0,1,1,0],1,0].
[[3,3,1,1,1,2,2,2,0],1,0].
[[3,1,1,1,2,0,1,1,1],2,0].
[[2,8,1,1,1,0,2,1,0],0,2].
[[1,4,2,1,2,0,1,2,1],5,0].
[[2,2,1,0,0,0,2,1,1],1,0].
[[2,7,2,1,2,2,2,3,0],6,0].
[[3,7,1,1,1,0,0,0,0],3,1].
[[2,9,1,1,2,0,1,2,1],0,2].
[[3,3,1,0,0,0,2,3,0],1,0].
[[2,7,2,0,0,0,1,1,0],1,0].
[[2,8,1,1,1,0,2,2,0],2,3].
[[3,6,0,1,2,0,0,0,0],1,3].
[[3,9,1,0,0,0,1,2,1],0,1].
[[1,7,1,1,2,2,2,2,1],5,1].
[[2,3,1,1,2,2,2,2,1],1,1].
[[3,7,2,1,2,0,2,2,0],2,0].
[[3,6,0,1,2,2,1,1,1],0,1].
[[3,5,0,1,2,0,1,2,1],3,1].
[[2,5,0,1,1,0,1,1,0],0,1].
[[3,7,0,1,1,2,1,1,0],2,0].
[[2,5,0,1,1,0,1,1,1],0,1].
[[3,8,1,1,1,2,0,0,0],0,1].
[[2,5,0,1,2,2,1,2,1],0,1].
[[3,7,2,1,1,2,2,1,0],2,2].
[[1,4,2,1,2,0,1,1,0],4,0].
[[3,9,1,1,1,0,1,1,1],0,1].
[[1,4,2,1,2,0,2,1,1],9,0].
[[2,7,2,1,1,2,2,1,1],3,0].
[[3,7,2,1,1,0,0,0,0],1,1].
[[3,2,1,1,2,0,2,2,1],1,0].
[[3,6,1,1,1,2,1,2,0],2,0].
[[2,8,1,1,2,0,1,1,0],2,2].
[[3,7,0,1,2,0,0,0,0],1,3].
[[2,6,0,1,1,2,2,2,1],1,0].
[[3,3,2,1,1,0,0,0,0],1,0].
[[1,7,2,1,2,0,2,3,1],2,0].
[[3,8,0,1,2,0,0,0,0],0,4].
[[2,7,2,1,1,0,1,1,1],1,0].
[[3,7,1,1,1,0,1,1,1],1,0].
[[2,3,2,1,2,0,2,3,1],1,0].
[[3,7,2,1,1,0,2,1,1],0,1].
[[3,7,0,0,0,0,1,1,1],1,0].
[[2,6,0,0,0,0,2,1,0],1,0].
[[3,8,0,1,1,0,0,0,0],0,1].
[[3,3,1,1,2,0,2,2,0],1,0].
[[2,9,2,1,1,0,2,1,1],1,0].
[[2,6,1,1,1,2,2,2,1],1,0].
[[3,3,2,1,1,2,2,2,1],1,0].
[[2,7,2,1,2,2,1,1,0],1,0].
[[3,3,1,0,0,0,2,1,0],1,0].
[[2,6,1,0,0,0,1,1,1],2,1].
[[3,3,1,1,2,0,2,3,1],3,0].
[[3,6,0,1,1,2,1,1,1],1,0].
[[2,7,2,1,1,2,1,2,1],2,0].
[[3,7,2,1,1,2,1,1,1],2,0].
[[3,8,1,1,1,0,2,1,0],1,1].
[[3,6,0,1,1,2,2,1,1],1,0].
[[2,6,1,1,1,2,2,2,0],1,0].
[[3,6,1,1,1,2,1,1,0],1,0].
[[3,7,2,1,1,0,1,1,0],0,1].
[[1,8,0,1,1,2,1,2,1],1,0].
[[2,7,0,1,1,2,1,2,1],1,0].
[[3,3,1,1,2,2,1,1,1],1,0].
[[2,3,2,1,2,2,2,2,1],2,0].
[[3,3,2,1,2,2,1,1,1],2,0].
[[3,9,1,1,1,0,1,2,0],0,1].
[[3,1,1,1,2,0,1,2,0],1,0].
[[2,1,1,1,2,0,1,1,1],1,0].
[[2,6,0,1,1,2,2,1,0],1,1].
[[3,7,1,0,0,0,1,1,0],1,0].
[[2,3,1,0,0,0,2,2,0],1,0].
[[3,3,1,1,2,0,2,2,1],3,0].
[[3,4,0,1,2,0,2,1,1],0,1].
[[3,6,0,0,0,0,1,2,0],1,0].
[[3,6,1,0,0,0,2,1,1],3,0].
[[3,7,0,0,0,0,1,2,1],1,1].
[[2,7,2,0,0,0,2,3,0],1,0].
[[3,7,2,0,0,0,2,3,0],1,0].
[[2,6,1,1,2,0,2,2,0],1,0].
[[3,1,1,1,2,0,1,1,0],1,0].
[[2,7,2,1,1,0,0,0,0],1,1].
[[3,9,1,1,2,2,1,1,0],0,3].
[[3,6,1,1,1,2,0,0,0],1,0].
[[2,6,0,0,0,0,2,2,0],1,0].
[[2,6,0,0,0,0,1,2,0],1,0].
[[3,6,0,1,2,0,1,2,0],1,0].
[[1,8,0,1,2,2,1,2,1],0,1].
[[2,6,0,1,2,2,1,2,1],0,1].
[[3,6,0,0,0,0,2,2,1],1,0].
[[3,6,1,1,1,0,1,2,1],0,1].
[[2,7,2,1,1,0,1,2,1],0,1].
[[2,6,1,1,2,0,2,3,0],1,0].
[[3,6,1,1,2,0,1,1,0],0,1].
[[3,3,2,0,0,0,1,2,1],1,0].
[[3,3,1,1,1,2,1,2,1],1,0].
[[2,6,1,1,2,2,2,1,0],1,0].
[[3,9,1,0,0,0,1,1,1],1,3].
[[1,7,2,1,2,0,1,1,1],1,0].
[[3,7,1,1,1,0,2,2,0],0,1].
[[1,7,1,1,2,2,2,1,0],2,0].
[[3,6,0,1,2,0,2,2,0],1,0].
[[2,6,1,1,2,0,1,2,0],0,1].
[[3,6,0,1,1,2,1,1,0],1,0].
[[2,5,0,1,2,0,1,1,1],1,0].
[[2,2,1,0,0,0,2,2,1],1,0].
[[3,2,1,1,2,0,2,3,1],1,0].
[[2,6,1,0,0,0,1,2,0],1,0].
[[3,3,1,1,2,0,1,2,0],1,0].
[[2,2,1,0,0,0,2,1,0],1,0].
[[3,2,1,1,2,2,1,1,0],1,0].
[[2,6,0,1,2,2,2,1,0],2,0].
[[3,9,1,1,1,2,1,1,0],0,2].
[[2,5,0,1,1,2,1,2,1],1,0].
[[1,6,1,1,2,2,1,2,0],1,0].
[[3,3,1,1,1,2,1,1,1],1,0].
[[3,4,0,1,2,0,2,2,0],0,1].
[[1,7,2,0,0,0,2,1,0],1,0].
[[2,9,1,1,2,2,1,1,0],0,1].
[[3,3,1,1,2,0,2,3,0],1,0].
