total_WL(8135,4158).
[[1,9,2,1,2,2,2,1,1],14,4].
[[2,9,2,1,2,2,2,1,1],5,8].
[[3,9,2,1,2,2,1,1,0],30,78].
[[1,7,2,1,2,2,2,2,2],7,0].
[[2,7,2,1,2,2,2,2,2],26,0].
[[3,7,2,1,2,2,1,1,2],18,9].
[[1,8,1,1,2,2,2,3,1],85,8].
[[2,8,1,1,2,2,2,3,1],118,11].
[[3,8,1,1,2,2,1,1,0],40,16].
[[1,8,1,0,0,0,2,2,0],94,18].
[[2,8,1,1,2,2,2,2,0],91,24].
[[3,8,1,1,2,2,1,2,0],192,26].
[[1,8,1,0,0,0,1,1,2],9,2].
[[2,7,1,1,2,2,1,1,2],7,1].
[[1,9,2,1,2,2,2,2,2],124,131].
[[2,9,2,1,2,2,2,2,2],54,108].
[[3,9,2,1,2,2,2,2,2],15,25].
[[1,6,1,0,0,0,0,0,0],88,7].
[[2,6,1,1,2,2,2,3,2],8,0].
[[3,3,1,1,2,2,2,3,2],7,1].
[[1,9,2,1,2,2,2,1,2],112,112].
[[2,9,2,1,2,2,2,1,2],64,85].
[[3,9,2,1,2,2,1,2,2],29,87].
[[2,8,1,1,2,2,1,2,1],51,17].
[[3,8,1,1,2,2,1,2,1],84,16].
[[1,9,2,1,2,2,1,2,0],103,77].
[[2,8,0,1,1,2,1,2,0],36,11].
[[3,8,0,1,1,2,1,2,0],98,59].
[[1,9,2,0,0,0,2,1,0],70,91].
[[2,9,2,1,2,0,2,3,0],12,46].
[[3,9,2,1,2,2,2,2,0],5,46].
[[1,9,2,0,0,0,0,0,0],114,217].
[[2,8,0,0,0,0,0,0,0],38,48].
[[3,7,1,0,0,0,0,0,0],17,3].
[[1,9,2,1,1,2,2,2,0],77,42].
[[2,9,2,1,1,2,2,2,0],47,49].
[[3,9,2,1,1,2,1,2,0],73,127].
[[1,8,0,1,1,2,0,0,0],66,29].
[[2,8,0,1,1,2,0,0,0],24,36].
[[3,7,0,1,1,2,0,0,0],6,16].
[[1,9,2,1,2,2,2,3,2],108,98].
[[2,8,0,1,1,2,2,3,2],29,20].
[[3,8,0,1,1,2,2,3,2],21,26].
[[1,8,0,1,1,2,1,2,0],6,1].
[[1,8,1,0,0,0,1,1,1],10,7].
[[2,7,2,1,2,0,1,1,2],2,2].
[[3,7,2,1,2,0,1,1,2],10,4].
[[1,9,2,0,0,0,2,3,1],58,37].
[[2,9,2,0,0,0,2,3,1],15,16].
[[3,9,2,1,2,0,1,2,0],38,65].
[[1,8,1,1,2,2,1,2,0],22,6].
[[2,8,1,1,2,2,1,2,0],78,18].
[[3,7,1,1,2,2,1,2,0],56,4].
[[1,9,2,1,2,2,2,2,0],205,154].
[[2,8,0,1,2,2,2,2,0],95,67].
[[3,7,1,1,2,2,2,3,2],70,8].
[[1,9,2,0,0,0,1,2,1],20,9].
[[2,8,0,0,0,0,1,2,1],8,4].
[[3,7,1,1,2,0,1,2,1],17,2].
[[1,7,1,1,2,2,2,3,0],5,0].
[[2,7,1,1,2,2,2,3,0],46,3].
[[3,3,1,1,2,2,2,3,0],13,0].
[[1,9,2,0,0,0,2,2,0],186,156].
[[2,9,2,0,0,0,2,2,0],38,50].
[[3,8,0,1,2,2,2,2,0],45,67].
[[1,8,1,1,2,2,2,3,0],135,16].
[[3,8,1,1,1,0,1,2,0],16,10].
[[2,8,1,1,1,2,2,3,1],41,4].
[[3,8,1,1,1,2,2,3,1],48,5].
[[2,9,2,0,0,0,1,2,0],82,93].
[[3,8,1,0,0,0,1,2,0],34,11].
[[2,9,2,1,2,2,1,2,0],154,170].
[[1,8,0,1,2,2,2,3,0],62,36].
[[2,8,0,1,2,2,2,1,0],37,23].
[[3,8,0,1,2,2,1,2,0],122,82].
[[1,9,2,1,2,2,1,1,2],38,25].
[[2,9,2,1,1,2,1,1,2],30,18].
[[3,9,2,1,1,2,1,1,2],19,30].
[[1,8,1,0,0,0,0,0,0],395,95].
[[2,8,1,1,2,0,2,2,1],22,4].
[[3,8,1,1,2,0,1,2,0],66,12].
[[1,9,2,1,2,2,1,1,0],28,29].
[[2,8,0,1,2,2,1,1,0],17,14].
[[3,7,0,1,2,2,1,1,0],7,0].
[[1,7,2,0,0,0,0,0,0],79,4].
[[2,7,2,1,2,2,0,0,0],35,2].
[[3,7,2,1,2,2,0,0,0],25,1].
[[3,8,0,1,2,2,2,2,2],39,60].
[[1,8,0,1,2,2,0,0,0],209,156].
[[2,8,0,1,2,2,0,0,0],45,97].
[[1,9,2,0,0,0,2,1,2],108,112].
[[2,9,2,1,2,0,1,2,2],13,12].
[[3,9,2,1,1,0,1,2,2],2,7].
[[1,7,2,1,2,2,0,0,0],29,2].
[[3,7,2,1,2,2,2,3,0],22,1].
[[2,8,1,1,2,2,2,3,0],131,27].
[[3,8,1,1,2,2,2,3,1],80,12].
[[1,8,0,1,1,2,2,1,2],12,3].
[[2,4,2,1,2,0,1,2,2],30,2].
[[3,4,2,1,2,0,1,2,2],82,2].
[[2,6,1,1,2,2,2,2,1],7,0].
[[3,6,1,1,2,2,2,2,1],10,0].
[[2,9,2,1,1,2,2,2,2],31,32].
[[3,9,2,1,1,2,1,2,2],32,49].
[[1,9,2,1,2,2,1,2,2],85,60].
[[2,9,2,1,2,2,1,2,2],84,82].
[[3,8,0,1,2,2,1,2,2],51,40].
[[2,8,0,1,1,2,2,3,0],81,37].
[[3,4,2,1,2,0,2,2,0],50,4].
[[1,8,1,0,0,0,2,1,2],129,24].
[[2,8,1,0,0,0,2,1,2],98,13].
[[3,7,2,1,2,0,2,1,2],14,0].
[[2,8,1,0,0,0,1,2,0],50,10].
[[3,7,1,0,0,0,1,2,0],13,1].
[[1,7,1,1,2,2,0,0,0],63,18].
[[2,3,1,1,2,2,0,0,0],10,0].
[[3,3,1,1,2,2,0,0,0],26,0].
[[3,8,0,1,1,2,2,2,2],30,44].
[[3,9,2,1,2,2,2,1,2],12,36].
[[1,9,2,1,2,2,2,3,0],304,221].
[[2,9,2,1,2,2,2,3,0],114,161].
[[3,8,0,1,2,2,2,3,0],61,108].
[[2,8,1,1,2,2,2,1,2],132,25].
[[3,7,1,1,2,2,2,1,2],65,18].
[[2,9,2,1,2,2,1,1,2],34,42].
[[3,8,0,1,1,0,1,1,2],1,6].
[[1,9,2,1,2,0,2,3,0],29,37].
[[2,8,0,1,2,2,2,3,0],114,84].
[[1,8,1,1,2,2,0,0,0],295,58].
[[2,8,1,1,2,2,0,0,0],62,17].
[[3,8,1,1,2,2,2,1,0],23,1].
[[1,9,2,1,1,2,2,3,2],61,21].
[[2,9,2,1,1,2,2,3,2],43,31].
[[1,7,2,0,0,0,2,1,2],15,0].
[[2,7,2,0,0,0,1,1,0],2,0].
[[3,7,2,1,2,0,1,2,0],10,1].
[[1,8,1,1,2,0,2,2,0],13,2].
[[1,8,0,0,0,0,0,0,0],169,123].
[[2,8,0,0,0,0,2,2,0],45,38].
[[2,8,1,1,1,2,0,0,0],26,6].
[[3,8,1,1,1,2,2,1,2],39,4].
[[1,9,2,0,0,0,1,2,0],88,87].
[[3,8,1,0,0,0,1,2,1],27,5].
[[1,8,0,1,2,2,1,2,2],12,1].
[[2,7,1,1,2,2,1,2,2],8,1].
[[3,7,1,1,2,2,1,2,2],43,6].
[[1,9,2,1,2,2,0,0,0],159,211].
[[3,4,2,1,2,0,2,2,2],48,0].
[[1,9,2,0,0,0,2,3,2],104,86].
[[2,9,2,1,2,0,2,3,2],8,23].
[[3,9,2,1,2,0,2,3,2],6,8].
[[2,4,2,1,2,0,2,3,0],52,1].
[[3,4,2,1,2,0,2,3,0],87,4].
[[2,8,1,1,2,2,2,1,1],35,4].
[[3,7,2,1,2,2,1,2,2],38,3].
[[1,9,2,1,1,2,1,1,2],13,10].
[[2,4,2,1,2,0,1,1,2],14,0].
[[3,4,2,1,2,0,1,1,2],43,0].
[[1,8,1,0,0,0,2,3,0],158,18].
[[2,7,2,1,2,0,2,1,2],11,3].
[[3,3,2,1,2,0,2,1,2],6,0].
[[1,8,1,1,2,2,2,1,0],38,5].
[[2,8,1,1,2,2,2,2,1],75,6].
[[3,7,1,1,1,2,2,2,1],18,3].
[[2,7,1,0,0,0,0,0,0],67,13].
[[3,7,1,1,2,0,0,0,0],13,8].
[[2,8,0,0,0,0,2,3,0],72,37].
[[3,8,0,1,2,0,2,3,0],10,36].
[[1,7,1,1,2,2,2,3,1],2,2].
[[2,7,1,1,2,2,2,3,1],26,4].
[[3,7,1,1,2,2,2,3,1],45,10].
[[2,8,0,1,1,2,2,2,0],38,31].
[[2,7,1,1,2,2,0,0,0],98,32].
[[3,7,1,1,2,2,2,2,2],66,9].
[[2,8,0,1,1,2,2,1,1],2,0].
[[3,4,2,1,2,0,2,1,1],8,0].
[[1,9,2,0,0,0,2,3,0],238,225].
[[3,7,1,1,2,2,2,2,0],58,13].
[[1,9,2,1,2,0,2,1,2],6,15].
[[2,8,1,1,2,0,2,1,2],30,9].
[[3,8,1,1,1,0,1,2,2],4,9].
[[3,9,2,1,2,2,1,2,0],141,214].
[[3,9,2,1,2,2,2,3,0],7,71].
[[1,7,1,1,2,2,2,2,0],3,0].
[[2,7,1,1,1,2,1,2,0],4,0].
[[3,4,2,1,2,0,1,2,0],186,0].
[[3,7,1,1,2,2,2,3,0],69,13].
[[2,8,1,0,0,0,2,2,2],75,14].
[[3,7,1,0,0,0,2,2,2],18,5].
[[1,6,1,0,0,0,2,2,1],3,0].
[[2,3,2,1,2,0,1,2,2],1,0].
[[3,3,2,1,1,0,1,2,2],1,0].
[[2,9,2,1,1,2,1,2,0],111,61].
[[2,8,0,1,2,2,2,1,2],41,51].
[[3,8,0,1,1,2,2,1,2],43,29].
[[1,9,2,0,0,0,2,2,2],98,89].
[[3,8,1,0,0,0,2,2,2],18,0].
[[2,8,0,1,2,2,2,2,2],47,39].
[[3,7,0,1,2,2,2,2,2],9,5].
[[1,8,1,1,2,2,2,2,1],70,4].
[[3,8,1,1,2,2,2,2,1],47,6].
[[1,9,2,1,2,0,1,2,0],7,13].
[[2,9,2,1,2,0,1,2,0],37,42].
[[1,7,1,0,0,0,0,0,0],59,16].
[[1,9,2,1,1,2,2,3,0],134,54].
[[2,8,0,1,2,0,2,3,1],6,4].
[[3,8,0,1,2,0,2,3,1],8,4].
[[3,9,2,0,0,0,1,2,0],28,51].
[[2,9,2,1,2,2,1,1,0],40,69].
[[3,8,0,1,2,2,1,1,0],37,34].
[[3,4,2,1,2,0,0,0,0],14,3].
[[2,7,1,0,0,0,2,3,0],36,4].
[[3,7,1,0,0,0,2,3,0],24,2].
[[1,9,2,0,0,0,1,2,2],70,43].
[[1,9,2,1,2,2,2,1,0],99,68].
[[3,7,0,1,1,2,2,1,0],6,1].
[[2,8,1,1,2,0,2,2,0],34,12].
[[3,6,1,1,1,0,2,2,0],1,0].
[[1,8,1,1,2,2,2,1,2],88,17].
[[3,8,1,1,2,2,2,1,2],75,21].
[[1,8,0,0,0,0,2,2,2],30,22].
[[2,8,0,1,2,0,2,2,2],5,7].
[[3,6,0,1,2,2,2,2,2],4,2].
[[2,9,2,1,2,0,2,2,2],16,17].
[[2,9,2,1,2,2,2,1,0],25,60].
[[3,9,2,1,2,2,2,1,0],1,19].
[[1,8,1,1,2,2,2,2,0],87,6].
[[2,8,1,1,2,2,2,3,2],108,19].
[[3,5,0,1,2,2,1,1,0],18,10].
[[3,9,2,0,0,0,2,3,0],3,11].
[[1,8,1,1,2,2,2,2,2],81,12].
[[2,8,1,1,2,2,2,2,2],107,23].
[[3,6,1,1,2,2,2,2,2],10,2].
[[2,9,2,1,2,0,1,2,1],4,5].
[[3,9,2,1,2,2,1,2,1],20,32].
[[1,9,2,1,2,2,2,3,1],58,30].
[[2,5,0,1,2,2,1,2,1],5,0].
[[3,5,0,1,2,2,1,2,1],18,0].
[[2,9,2,1,2,2,2,3,2],37,74].
[[3,8,1,1,2,2,2,3,2],84,12].
[[2,8,1,1,1,2,2,3,2],50,6].
[[3,4,2,1,2,0,2,3,2],58,0].
[[2,9,2,1,1,2,1,2,2],49,28].
[[3,5,0,1,1,2,1,1,2],39,1].
[[1,8,1,0,0,0,2,1,0],48,10].
[[2,8,1,0,0,0,2,1,0],35,7].
[[1,9,2,1,1,2,1,2,0],47,19].
[[2,8,1,0,0,0,2,2,0],58,11].
[[3,8,1,1,2,0,2,3,1],28,5].
[[1,8,1,1,1,2,2,2,1],9,1].
[[2,8,1,1,1,2,1,2,1],27,4].
[[3,7,2,1,1,2,1,2,1],3,0].
[[2,3,2,0,0,0,0,0,0],10,0].
[[3,3,2,1,2,2,2,2,2],7,0].
[[3,7,1,0,0,0,2,1,0],2,2].
[[2,8,0,1,2,2,1,2,0],46,25].
[[3,5,0,1,1,0,1,2,0],3,0].
[[2,9,2,0,0,0,2,3,2],25,35].
[[3,8,0,1,2,0,2,3,2],14,11].
[[1,8,0,1,2,2,2,1,0],19,7].
[[2,7,0,1,2,2,2,1,0],2,3].
[[3,7,0,1,2,2,2,1,0],5,4].
[[3,8,1,1,1,2,1,2,0],91,13].
[[2,6,1,0,0,0,0,0,0],35,3].
[[3,6,1,0,0,0,0,0,0],5,0].
[[2,8,0,1,2,0,2,1,2],5,9].
[[3,7,1,1,1,0,2,1,2],3,3].
[[1,8,1,0,0,0,2,3,2],121,22].
[[2,8,1,0,0,0,2,3,2],82,12].
[[3,8,1,1,2,2,1,2,2],93,20].
[[1,9,2,1,2,2,1,2,1],18,14].
[[2,9,2,1,2,2,1,2,1],31,34].
[[3,9,2,1,1,2,1,2,1],13,22].
[[1,8,1,1,2,0,0,0,0],44,26].
[[2,7,1,1,2,0,0,0,0],15,10].
[[3,7,1,1,2,0,2,3,1],13,5].
[[2,8,0,1,2,0,2,1,0],4,6].
[[2,7,2,0,0,0,0,0,0],29,3].
[[3,3,2,0,0,0,0,0,0],2,0].
[[2,8,1,0,0,0,2,3,0],105,15].
[[1,9,2,1,1,2,1,2,1],8,5].
[[3,8,1,1,1,2,1,2,1],47,6].
[[2,4,2,1,2,0,2,2,0],36,3].
[[3,4,2,1,2,0,2,3,1],32,1].
[[3,7,2,1,2,2,2,1,2],38,1].
[[2,7,2,0,0,0,2,3,2],25,0].
[[3,3,2,0,0,0,2,3,2],2,0].
[[1,8,1,0,0,0,2,2,1],65,9].
[[3,6,1,1,2,2,2,3,2],13,1].
[[2,9,2,0,0,0,2,1,2],35,43].
[[3,8,0,0,0,0,2,1,2],13,14].
[[2,5,0,1,1,2,1,1,2],11,0].
[[2,7,1,0,0,0,2,2,2],19,4].
[[3,7,1,1,2,0,2,2,2],17,3].
[[1,8,1,1,1,2,0,0,0],60,9].
[[2,8,1,1,1,2,2,1,2],32,6].
[[1,8,1,0,0,0,1,2,0],31,7].
[[3,7,2,1,1,0,2,1,2],5,5].
[[1,9,2,1,1,2,2,2,2],62,19].
[[2,4,2,1,2,0,2,2,2],25,0].
[[2,8,0,1,2,0,0,0,0],8,19].
[[2,9,2,1,2,0,2,2,0],19,20].
[[1,8,0,1,2,2,1,2,0],7,3].
[[3,4,2,1,2,0,1,2,1],31,0].
[[1,8,1,1,1,2,2,2,0],16,2].
[[2,4,2,1,2,0,1,1,0],18,0].
[[3,4,2,1,2,0,1,1,0],61,1].
[[3,8,0,1,1,2,2,2,0],23,62].
[[2,8,1,1,2,2,1,2,2],56,15].
[[3,8,1,1,1,2,2,2,2],50,3].
[[2,8,1,1,1,2,2,1,0],24,5].
[[3,7,2,1,1,2,2,1,0],3,0].
[[3,7,1,1,1,2,2,3,2],34,4].
[[1,9,2,0,0,0,1,1,2],31,26].
[[2,9,2,0,0,0,1,1,2],26,19].
[[3,9,2,1,2,2,1,1,2],29,34].
[[2,5,0,0,0,0,2,2,0],13,0].
[[3,5,0,1,2,2,1,2,0],22,0].
[[1,8,1,0,0,0,1,2,2],35,5].
[[1,9,2,1,2,0,1,2,2],5,9].
[[2,8,1,1,2,0,1,2,2],18,9].
[[3,8,1,1,2,0,1,2,2],44,8].
[[2,9,2,1,2,2,2,3,1],29,33].
[[3,9,2,1,2,2,2,3,1],9,13].
[[1,8,0,1,2,2,2,3,1],11,2].
[[2,8,0,1,2,2,2,3,1],29,14].
[[1,8,1,1,1,2,2,3,2],20,2].
[[2,7,1,1,1,2,2,3,2],8,1].
[[1,7,1,0,0,0,2,3,2],6,2].
[[2,7,1,1,2,2,2,3,2],29,4].
[[1,9,2,1,1,2,2,1,0],46,16].
[[1,8,0,0,0,0,2,2,0],20,22].
[[3,8,0,0,0,0,2,3,0],16,25].
[[2,8,0,0,0,0,2,1,0],14,14].
[[3,8,0,0,0,0,2,1,0],3,4].
[[3,6,1,1,1,2,2,3,2],5,0].
[[3,8,0,1,1,2,2,3,0],43,74].
[[1,9,2,1,1,2,2,1,2],67,21].
[[2,9,2,1,1,2,2,1,2],51,31].
[[3,9,2,1,1,2,2,1,2],9,23].
[[2,7,2,0,0,0,2,1,2],27,0].
[[3,7,2,0,0,0,2,1,2],20,0].
[[1,8,0,0,0,0,2,3,0],61,22].
[[3,8,1,1,2,2,2,2,2],71,15].
[[2,9,2,0,0,0,2,3,0],47,93].
[[3,8,1,0,0,0,2,3,0],12,6].
[[1,8,1,0,0,0,2,3,1],99,20].
[[2,8,1,0,0,0,2,3,1],70,9].
[[1,9,2,1,1,2,0,0,0],77,54].
[[2,4,2,1,2,0,2,1,0],15,0].
[[3,4,2,1,2,0,2,1,0],17,0].
[[2,8,0,1,2,2,2,3,2],49,37].
[[3,8,0,1,2,2,2,3,2],29,40].
[[1,9,2,0,0,0,1,1,0],22,33].
[[2,9,2,0,0,0,1,1,0],20,43].
[[3,8,1,1,2,0,1,1,1],6,3].
[[2,8,1,1,2,0,2,3,0],36,10].
[[3,8,1,1,2,0,2,3,0],17,9].
[[2,5,0,1,2,2,1,2,0],6,0].
[[3,8,1,1,2,2,2,2,0],36,9].
[[3,7,2,1,1,2,2,2,0],3,1].
[[2,9,2,0,0,0,1,2,2],38,27].
[[3,5,0,1,2,2,1,1,2],61,0].
[[2,8,0,1,1,2,2,1,2],36,16].
[[2,6,0,1,2,2,0,0,0],16,13].
[[3,6,0,1,2,2,2,2,1],2,0].
[[3,8,1,1,1,2,2,2,1],37,6].
[[3,8,1,0,0,0,2,3,1],25,2].
[[2,9,2,0,0,0,1,2,1],20,9].
[[3,8,1,1,2,0,1,2,1],31,11].
[[2,9,2,1,1,2,2,3,0],82,66].
[[2,9,2,1,2,2,2,2,0],78,96].
[[2,8,1,1,2,2,1,1,1],12,11].
[[3,8,1,1,1,2,1,1,1],10,7].
[[1,8,0,1,2,2,2,2,2],31,19].
[[2,8,0,1,2,2,1,1,2],11,11].
[[3,8,0,1,2,2,1,1,2],23,27].
[[1,8,0,1,2,2,2,3,2],35,25].
[[2,7,0,1,2,2,2,3,2],1,0].
[[3,7,0,1,1,2,2,3,2],6,6].
[[3,8,0,1,1,0,2,1,0],0,4].
[[2,8,0,1,1,2,2,2,2],24,22].
[[3,6,0,1,1,2,2,2,2],5,3].
[[2,8,1,1,2,0,2,1,0],15,3].
[[3,8,1,1,2,2,2,1,1],24,3].
[[3,6,1,1,2,2,2,3,1],17,0].
[[3,6,0,0,0,0,2,2,0],0,2].
[[2,9,2,1,1,2,1,2,1],9,8].
[[3,8,0,1,1,2,1,2,1],13,13].
[[2,9,2,0,0,0,2,2,1],9,11].
[[1,4,2,1,2,0,2,1,0],7,0].
[[1,9,2,1,2,0,0,0,0],10,23].
[[2,9,2,1,2,0,2,1,0],3,13].
[[3,8,0,1,2,2,2,1,0],17,37].
[[3,9,2,0,0,0,1,1,0],11,21].
[[3,8,0,1,1,2,1,1,0],23,25].
[[1,8,0,0,0,0,1,2,0],4,6].
[[1,7,1,0,0,0,2,3,0],5,1].
[[2,7,1,1,2,0,2,3,0],12,1].
[[3,7,1,1,1,0,2,3,1],4,3].
[[3,7,1,1,1,2,1,2,2],20,5].
[[1,8,0,0,0,0,2,1,2],31,22].
[[3,7,0,1,2,2,1,1,2],3,4].
[[1,8,1,1,2,2,1,1,2],17,2].
[[2,8,1,1,2,2,1,1,2],34,6].
[[3,8,1,1,2,2,1,1,2],50,8].
[[1,8,1,1,2,0,2,3,2],15,5].
[[2,8,1,1,2,0,2,3,2],36,11].
[[3,7,2,1,2,0,2,3,2],16,1].
[[1,8,0,1,2,2,2,1,2],36,30].
[[2,7,1,1,2,2,2,1,2],28,9].
[[3,7,1,1,1,2,2,1,2],41,7].
[[2,8,0,1,2,2,1,2,2],31,18].
[[3,7,0,1,2,2,1,2,2],4,5].
[[1,9,2,1,2,0,2,2,0],22,18].
[[1,8,0,0,0,0,2,3,2],29,20].
[[2,8,0,0,0,0,2,3,2],27,10].
[[3,8,0,0,0,0,2,3,2],6,3].
[[3,7,1,0,0,0,2,1,2],25,2].
[[2,8,0,0,0,0,1,1,0],6,6].
[[3,8,0,0,0,0,1,1,0],6,12].
[[3,7,0,1,2,2,2,2,0],11,7].
[[1,6,1,0,0,0,2,3,2],5,0].
[[2,3,2,0,0,0,2,3,2],2,0].
[[3,3,2,1,2,0,1,2,2],1,0].
[[2,8,1,1,2,0,2,3,1],32,8].
[[1,9,2,1,1,2,1,1,0],11,11].
[[2,8,0,1,1,2,1,1,0],8,1].
[[1,4,2,1,2,0,2,3,2],9,0].
[[3,9,2,0,0,0,1,2,2],10,15].
[[2,6,1,0,0,0,2,1,2],12,0].
[[3,6,1,1,2,2,2,1,2],17,0].
[[2,9,2,1,2,0,1,1,0],7,22].
[[3,9,2,1,1,0,1,1,0],0,8].
[[1,8,1,1,2,2,1,1,0],5,3].
[[2,8,1,1,2,2,1,1,0],23,7].
[[3,8,1,0,0,0,2,3,2],26,3].
[[1,8,1,0,0,0,1,2,1],32,7].
[[3,7,1,1,2,2,1,2,1],32,5].
[[2,8,0,0,0,0,2,1,2],33,24].
[[3,7,1,1,2,0,2,3,0],19,3].
[[3,9,2,1,2,0,2,3,1],2,3].
[[2,5,0,1,2,2,1,1,2],27,0].
[[3,8,0,1,1,2,1,2,2],36,33].
[[3,8,0,1,1,2,1,1,2],9,18].
[[3,7,1,1,2,2,1,1,2],21,2].
[[2,9,2,0,0,0,2,2,2],25,43].
[[3,9,2,1,2,0,2,2,2],5,13].
[[3,6,1,0,0,0,2,3,0],4,0].
[[3,9,2,0,0,0,1,2,1],8,6].
[[2,8,1,0,0,0,0,0,0],42,11].
[[2,8,0,1,1,2,1,2,2],16,7].
[[1,6,1,0,0,0,2,1,2],9,0].
[[3,6,1,1,2,0,2,1,2],9,1].
[[3,8,0,1,2,2,2,1,2],41,47].
[[3,7,1,1,1,2,2,2,2],30,7].
[[1,8,1,1,1,2,2,1,1],4,0].
[[2,8,1,1,1,2,2,1,1],16,1].
[[3,7,2,1,1,2,1,1,2],6,0].
[[3,8,0,1,1,2,2,3,1],14,11].
[[2,9,2,1,2,0,0,0,0],1,7].
[[3,9,2,1,2,0,2,3,0],3,20].
[[3,7,0,1,1,2,1,2,2],5,4].
[[1,8,0,1,2,2,1,1,2],4,5].
[[3,8,1,1,2,2,1,1,1],13,13].
[[2,8,1,1,1,0,2,3,1],2,1].
[[3,8,1,1,1,0,1,2,1],9,9].
[[3,9,2,1,1,2,2,2,0],2,29].
[[3,7,1,1,2,2,2,1,0],22,7].
[[3,9,2,1,1,2,2,3,0],8,34].
[[1,8,1,1,2,2,1,2,1],18,6].
[[3,6,1,1,2,2,1,2,1],4,0].
[[2,8,1,1,1,2,2,2,0],38,3].
[[3,4,2,1,2,0,2,1,2],54,1].
[[3,8,0,0,0,0,1,1,2],5,5].
[[1,4,2,1,2,0,2,2,0],17,1].
[[2,4,2,1,2,0,1,2,0],54,1].
[[2,9,2,1,2,0,2,1,2],10,18].
[[3,9,2,1,2,0,2,1,2],4,10].
[[1,8,0,1,2,2,2,2,1],8,1].
[[2,8,0,1,2,2,1,2,1],9,5].
[[3,8,0,1,2,2,1,2,1],23,19].
[[2,8,0,0,0,0,1,2,0],23,16].
[[1,8,1,1,2,2,1,2,2],25,1].
[[3,7,1,0,0,0,2,2,1],17,1].
[[3,7,1,1,1,2,2,2,0],29,8].
[[2,8,0,0,0,0,2,2,2],24,26].
[[2,8,0,1,2,2,2,2,1],17,3].
[[3,9,2,1,1,0,2,3,0],2,7].
[[1,7,2,0,0,0,1,2,2],3,3].
[[2,7,2,0,0,0,1,2,2],6,6].
[[3,9,2,0,0,0,1,1,2],7,9].
[[3,8,0,0,0,0,2,3,1],5,6].
[[2,7,1,0,0,0,2,2,0],10,0].
[[3,7,1,0,0,0,2,2,0],16,4].
[[3,9,2,1,2,2,2,3,2],5,18].
[[1,9,2,1,2,2,2,2,1],25,11].
[[2,8,0,1,1,2,2,2,1],5,1].
[[3,4,2,1,2,0,2,2,1],22,0].
[[2,7,1,1,2,2,2,1,0],8,2].
[[3,7,1,1,2,2,1,1,0],19,5].
[[1,9,2,1,2,2,1,1,1],3,3].
[[2,9,2,1,2,2,1,1,1],4,6].
[[3,5,0,1,2,2,1,1,1],10,0].
[[1,4,2,1,2,0,2,2,2],6,0].
[[1,8,1,0,0,0,2,2,2],118,22].
[[2,8,1,0,0,0,1,2,2],48,6].
[[3,8,1,0,0,0,1,2,2],20,3].
[[1,8,0,0,0,0,2,1,0],15,6].
[[3,6,0,0,0,0,2,1,0],1,0].
[[2,6,1,0,0,0,2,1,0],7,1].
[[3,6,1,1,2,2,2,1,0],4,1].
[[2,8,1,1,1,2,1,1,0],8,3].
[[2,8,1,1,1,2,1,2,2],19,2].
[[2,8,1,1,2,2,2,1,0],42,7].
[[3,8,1,1,1,2,2,1,0],12,4].
[[3,8,1,1,1,2,1,2,2],39,15].
[[2,7,0,1,1,2,0,0,0],9,6].
[[3,7,0,1,1,2,2,2,0],11,5].
[[2,9,2,1,1,2,0,0,0],8,13].
[[3,8,1,1,1,2,1,1,0],26,8].
[[2,5,0,0,0,0,1,1,0],4,3].
[[3,5,0,0,0,0,1,1,0],10,2].
[[2,8,1,0,0,0,1,2,1],41,8].
[[3,8,1,1,2,0,1,1,2],24,6].
[[1,8,1,1,2,2,2,1,1],28,2].
[[2,7,2,1,2,2,1,2,2],10,0].
[[3,8,1,1,1,0,2,2,1],7,3].
[[2,5,0,0,0,0,1,2,1],8,0].
[[3,5,0,0,0,0,1,2,1],5,0].
[[3,7,2,1,2,2,2,3,2],40,2].
[[3,7,0,1,2,2,0,0,0],8,15].
[[3,8,0,1,2,0,2,1,2],17,12].
[[3,8,0,1,1,0,2,3,0],2,7].
[[3,8,0,1,2,2,2,3,1],25,22].
[[2,7,1,1,1,2,0,0,0],32,6].
[[3,7,1,1,1,2,0,0,0],19,4].
[[3,5,0,1,2,0,1,1,0],1,1].
[[3,6,1,0,0,0,2,2,2],6,0].
[[3,5,0,1,2,0,1,2,0],4,1].
[[3,8,0,1,2,0,2,2,0],9,13].
[[3,8,1,1,2,0,2,1,2],29,4].
[[1,9,2,1,1,2,1,2,2],31,7].
[[1,8,1,1,1,2,2,3,1],17,2].
[[3,9,2,1,1,2,2,3,1],7,6].
[[3,7,1,1,1,2,2,3,0],27,9].
[[2,8,1,1,1,2,2,3,0],55,5].
[[3,8,1,1,1,0,2,2,2],7,4].
[[3,7,1,1,1,0,2,2,2],0,4].
[[2,8,1,0,0,0,1,1,1],8,5].
[[3,8,1,0,0,0,1,1,1],7,5].
[[3,8,0,0,0,0,1,2,0],21,23].
[[1,8,0,1,1,2,2,3,0],18,7].
[[3,7,1,0,0,0,2,3,2],20,1].
[[3,7,1,0,0,0,2,3,1],17,3].
[[3,8,0,0,0,0,1,2,2],14,4].
[[2,9,2,1,2,2,0,0,0],4,40].
[[3,7,1,1,1,2,2,3,1],37,6].
[[2,6,1,0,0,0,2,3,2],9,0].
[[3,7,0,1,1,2,2,1,2],7,6].
[[1,8,0,1,2,2,2,2,0],51,21].
[[3,7,2,0,0,0,2,1,0],5,0].
[[2,7,1,0,0,0,2,1,2],10,1].
[[2,8,1,1,1,0,2,3,0],2,1].
[[2,7,2,1,2,2,2,3,2],26,1].
[[1,9,2,1,1,2,2,1,1],4,1].
[[3,8,0,1,1,2,1,1,1],2,0].
[[2,8,0,1,1,2,2,1,0],27,10].
[[2,7,1,0,0,0,2,3,1],14,2].
[[1,9,2,1,1,2,2,3,1],30,6].
[[2,4,2,1,2,0,2,3,1],12,0].
[[1,8,1,1,2,2,1,1,1],7,5].
[[2,7,1,1,2,2,1,1,1],4,0].
[[3,3,1,1,2,2,1,1,1],3,0].
[[1,8,0,1,1,2,2,3,2],8,3].
[[2,7,0,1,1,2,2,3,2],3,1].
[[3,7,2,1,2,0,2,3,1],5,4].
[[1,7,1,0,0,0,2,1,0],2,1].
[[2,7,1,1,2,0,2,1,0],1,1].
[[3,3,1,1,2,0,2,1,0],2,0].
[[2,7,1,1,2,0,2,3,2],6,2].
[[3,7,1,1,2,0,2,3,2],15,2].
[[3,8,1,1,2,0,1,1,0],25,8].
[[1,8,1,1,2,0,2,2,2],15,1].
[[2,8,1,1,2,0,1,1,2],10,2].
[[1,8,0,1,1,2,2,2,0],12,4].
[[1,9,2,1,2,0,2,2,2],7,14].
[[3,8,0,1,1,0,2,2,2],0,6].
[[2,8,1,1,2,0,0,0,0],15,17].
[[3,8,1,1,2,0,2,2,0],7,4].
[[3,9,2,1,2,0,1,2,2],14,21].
[[3,3,1,1,2,2,1,1,2],2,1].
[[3,7,2,1,1,2,0,0,0],9,0].
[[1,8,1,1,2,2,2,3,2],104,13].
[[1,7,2,0,0,0,2,2,2],15,4].
[[2,7,2,0,0,0,1,2,1],2,0].
[[3,7,2,1,2,0,2,2,2],21,1].
[[3,6,0,1,2,2,0,0,0],1,7].
[[3,8,1,1,1,2,2,3,2],45,8].
[[2,8,1,1,1,2,2,2,2],47,3].
[[3,8,1,1,1,2,1,1,2],22,5].
[[2,8,1,0,0,0,1,1,2],19,4].
[[2,7,1,1,2,2,1,2,0],7,0].
[[3,7,1,1,1,2,1,2,0],27,3].
[[1,8,1,1,1,2,2,1,0],9,0].
[[1,9,2,0,0,0,2,1,1],14,3].
[[2,8,0,0,0,0,2,1,1],2,0].
[[3,8,0,1,2,0,1,2,1],5,6].
[[2,3,1,0,0,0,2,1,0],2,0].
[[3,3,1,1,2,2,2,1,0],2,0].
[[3,8,0,1,2,0,1,2,0],33,32].
[[1,7,1,1,2,2,2,1,2],2,3].
[[1,8,0,1,1,2,2,2,2],11,2].
[[3,8,0,1,1,0,2,2,0],0,6].
[[2,9,2,0,0,0,0,0,0],3,20].
[[3,8,1,1,2,0,2,2,1],17,3].
[[2,8,1,0,0,0,2,2,1],37,3].
[[2,9,2,1,1,2,1,1,0],20,19].
[[2,4,2,1,2,0,2,3,2],35,0].
[[2,7,2,1,2,0,2,3,2],12,0].
[[3,7,2,0,0,0,2,3,2],12,2].
[[3,7,1,1,2,2,2,2,1],37,4].
[[1,8,1,1,2,0,2,3,0],22,7].
[[3,8,1,0,0,0,1,1,2],19,5].
[[1,8,1,0,0,0,2,1,1],29,1].
[[3,6,0,1,2,2,2,3,0],12,7].
[[3,7,1,1,2,0,1,2,0],18,4].
[[3,7,0,0,0,0,1,2,0],3,1].
[[2,7,2,1,2,0,2,2,2],7,0].
[[3,7,1,1,2,2,2,1,1],18,5].
[[3,8,0,1,2,2,2,2,1],12,10].
[[2,7,2,1,2,2,2,2,0],7,0].
[[3,7,2,1,2,2,2,2,2],34,1].
[[1,6,1,1,2,2,0,0,0],28,0].
[[3,7,1,1,2,0,2,2,0],12,5].
[[3,6,0,1,1,2,2,1,0],2,1].
[[2,5,0,0,0,0,1,1,1],5,1].
[[3,5,0,0,0,0,1,1,1],6,0].
[[2,9,2,1,2,2,2,2,1],16,8].
[[3,9,2,1,2,2,2,2,1],7,8].
[[3,7,0,1,1,2,2,3,0],16,8].
[[3,9,2,1,2,0,1,1,0],10,22].
[[3,7,1,1,2,2,0,0,0],28,19].
[[3,6,1,1,1,2,2,2,1],3,0].
[[2,7,2,0,0,0,2,3,0],9,1].
[[3,7,2,1,2,2,1,2,0],16,5].
[[2,8,1,1,2,0,1,2,0],22,6].
[[1,8,1,1,1,2,1,2,0],6,0].
[[2,8,1,1,1,2,1,2,0],40,4].
[[3,9,2,1,1,2,0,0,0],0,4].
[[2,7,2,1,2,0,2,3,0],4,1].
[[1,8,0,0,0,0,2,2,1],1,4].
[[3,8,1,0,0,0,2,1,2],23,3].
[[2,7,1,0,0,0,1,2,2],7,1].
[[3,3,1,0,0,0,1,2,2],1,0].
[[2,8,0,1,2,0,1,2,0],5,3].
[[1,3,2,0,0,0,0,0,0],8,0].
[[3,3,2,0,0,0,1,2,2],3,0].
[[3,7,0,1,2,2,2,3,0],23,11].
[[1,5,0,0,0,0,1,1,2],9,0].
[[2,5,0,0,0,0,1,1,2],18,1].
[[3,5,0,0,0,0,1,1,2],11,0].
[[2,9,2,0,0,0,2,1,0],10,29].
[[2,5,0,1,2,2,2,2,0],15,0].
[[3,5,0,1,2,2,2,2,0],16,0].
[[3,8,1,1,2,0,2,3,2],33,2].
[[3,8,0,1,2,0,1,2,2],16,13].
[[3,7,2,1,1,0,1,1,2],2,2].
[[1,9,2,1,2,0,2,3,1],7,1].
[[2,9,2,1,2,0,2,3,1],7,6].
[[3,9,2,1,2,0,2,1,0],1,8].
[[3,7,1,1,2,0,2,1,2],16,4].
[[3,9,2,1,1,2,2,3,2],8,14].
[[2,7,2,0,0,0,2,2,0],5,0].
[[3,3,2,1,2,0,2,2,0],3,0].
[[2,3,1,1,2,2,2,1,2],0,1].
[[3,3,1,1,2,2,2,1,2],5,1].
[[3,8,1,1,1,2,2,3,0],22,5].
[[2,7,1,1,1,2,2,1,2],11,2].
[[3,7,1,1,1,2,1,1,2],12,1].
[[3,7,1,0,0,0,1,2,2],11,0].
[[3,8,1,0,0,0,1,1,0],12,6].
[[3,7,2,1,1,2,2,3,2],6,0].
[[3,9,2,1,1,2,1,1,0],16,52].
[[3,8,0,0,0,0,2,2,0],15,11].
[[1,7,1,1,2,2,2,3,2],5,0].
[[1,8,1,1,2,0,2,1,1],4,3].
[[2,8,1,1,1,0,2,1,1],0,1].
[[3,7,1,1,1,0,2,1,1],0,2].
[[2,5,0,1,1,2,2,2,0],11,0].
[[3,5,0,1,1,2,1,2,0],24,1].
[[3,8,1,1,1,2,2,2,0],6,4].
[[1,8,1,1,1,2,2,3,0],28,0].
[[2,6,1,0,0,0,2,2,2],8,1].
[[3,3,1,0,0,0,2,2,2],3,0].
[[1,8,1,1,1,2,2,1,2],8,3].
[[2,7,1,1,1,2,2,3,1],9,3].
[[3,7,1,1,1,2,1,2,1],20,1].
[[2,7,2,1,2,2,1,2,1],2,0].
[[3,8,0,1,2,0,2,1,0],1,11].
[[3,3,2,1,2,0,2,3,2],1,0].
[[2,4,2,1,2,0,2,1,2],22,0].
[[3,8,0,1,2,0,1,1,0],5,21].
[[3,7,1,1,1,2,2,1,0],15,4].
[[1,7,2,0,0,0,2,2,0],7,0].
[[2,3,2,0,0,0,2,2,0],3,0].
[[3,3,2,0,0,0,2,2,0],1,0].
[[2,8,1,1,2,0,2,2,2],31,10].
[[2,7,1,0,0,0,2,3,2],13,1].
[[3,6,0,1,2,0,0,0,0],0,1].
[[3,7,2,0,0,0,2,2,2],19,1].
[[2,7,1,1,2,2,2,2,2],28,5].
[[3,8,0,0,0,0,2,2,2],19,13].
[[3,8,1,1,1,0,2,3,0],4,2].
[[3,8,0,1,1,0,1,1,0],1,2].
[[3,9,2,1,1,2,2,2,2],5,17].
[[3,7,0,0,0,0,2,2,0],4,1].
[[3,8,1,1,2,2,2,3,0],38,14].
[[3,8,0,1,1,2,2,1,1],3,1].
[[3,8,0,1,2,0,2,2,2],9,11].
[[3,8,0,1,1,2,2,2,1],10,4].
[[2,7,1,1,1,2,2,2,0],6,2].
[[3,7,1,1,1,2,1,1,0],7,0].
[[1,7,2,1,2,2,2,3,2],4,0].
[[3,7,2,1,1,0,2,3,2],3,2].
[[3,7,2,1,2,2,2,3,1],5,0].
[[2,4,2,1,2,0,1,1,1],2,0].
[[3,4,2,1,2,0,1,1,1],11,0].
[[2,7,2,0,0,0,1,1,2],6,4].
[[3,7,0,0,0,0,0,0,0],4,5].
[[2,7,1,1,2,0,1,1,1],2,0].
[[3,7,1,1,2,0,1,1,1],5,0].
[[2,6,1,0,0,0,1,2,2],5,0].
[[3,6,1,0,0,0,1,2,2],4,1].
[[2,7,1,1,2,2,2,2,0],29,2].
[[3,7,1,0,0,0,1,2,1],9,1].
[[3,8,0,1,2,2,0,0,0],0,22].
[[2,8,0,1,2,0,2,3,2],7,7].
[[3,7,0,1,2,0,2,3,2],1,2].
[[1,8,1,1,1,2,1,2,1],5,1].
[[2,7,2,1,1,2,1,2,1],1,0].
[[3,7,2,1,2,2,1,1,0],8,2].
[[3,6,0,1,2,2,2,2,0],12,5].
[[2,8,0,1,2,0,2,2,0],5,8].
[[3,8,0,1,1,0,1,2,0],9,8].
[[3,8,1,1,2,2,0,0,0],0,3].
[[2,6,1,0,0,0,1,1,2],1,0].
[[3,6,1,1,2,0,1,1,2],2,0].
[[2,9,2,1,1,2,2,3,1],23,6].
[[2,6,1,1,2,0,0,0,0],7,1].
[[3,6,1,1,2,2,0,0,0],6,0].
[[3,8,1,1,1,2,2,1,1],7,2].
[[3,6,1,1,2,2,2,1,1],3,0].
[[3,8,1,1,1,0,1,1,1],1,5].
[[2,7,1,0,0,0,2,1,1],6,0].
[[3,7,1,0,0,0,2,1,1],7,1].
[[2,8,1,1,1,2,2,2,1],34,3].
[[3,5,0,1,2,0,1,1,2],20,3].
[[3,9,2,1,2,0,1,2,1],11,7].
[[2,7,2,0,0,0,2,3,1],5,1].
[[2,6,0,1,2,2,2,1,2],3,4].
[[3,6,0,1,1,2,2,1,2],2,5].
[[3,8,0,1,1,0,2,3,1],0,2].
[[2,7,1,0,0,0,2,1,0],8,3].
[[1,7,1,0,0,0,1,2,0],1,0].
[[2,6,1,0,0,0,2,2,0],8,0].
[[3,6,1,1,2,2,2,3,0],22,0].
[[1,8,0,0,0,0,2,3,1],14,2].
[[3,3,1,1,2,0,0,0,0],11,0].
[[2,4,2,1,2,0,0,0,0],21,1].
[[2,7,2,0,0,0,2,2,2],26,2].
[[3,7,2,0,0,0,1,2,2],13,1].
[[2,8,0,0,0,0,1,2,2],19,7].
[[3,8,0,1,1,0,2,1,2],2,7].
[[2,7,0,1,2,2,2,2,2],3,0].
[[2,7,0,1,2,2,2,2,0],6,0].
[[3,6,1,0,0,0,1,2,0],4,0].
[[3,7,2,0,0,0,1,1,2],4,2].
[[2,9,2,1,2,0,1,1,2],8,7].
[[2,6,1,1,2,2,2,3,0],18,0].
[[3,3,2,1,2,2,2,1,2],6,1].
[[2,8,0,1,1,2,2,3,1],17,3].
[[2,7,1,1,2,2,2,2,1],26,1].
[[3,3,1,1,2,2,2,2,1],4,0].
[[2,8,0,1,2,0,2,3,0],10,15].
[[3,7,0,1,2,0,2,3,0],3,3].
[[1,9,2,1,2,0,2,3,2],6,15].
[[3,6,1,0,0,0,2,1,2],8,0].
[[3,8,0,1,1,2,0,0,0],0,12].
[[3,9,2,0,0,0,0,0,0],0,1].
[[2,8,0,1,2,0,1,1,0],2,1].
[[1,6,1,0,0,0,2,3,0],5,1].
[[2,6,1,1,2,0,2,3,0],4,2].
[[3,6,1,1,2,2,1,2,0],11,0].
[[1,7,2,0,0,0,1,1,2],3,2].
[[2,7,2,1,2,2,1,1,2],9,1].
[[1,7,2,1,2,2,2,2,0],1,0].
[[2,7,2,1,2,2,2,1,2],25,0].
[[3,7,2,1,1,2,2,1,2],10,1].
[[3,9,2,1,2,0,1,1,2],7,7].
[[1,8,1,1,1,2,2,2,2],13,4].
[[3,7,0,1,1,2,2,3,1],2,1].
[[2,6,1,1,2,2,2,2,2],10,1].
[[3,8,1,1,1,0,1,1,0],5,2].
[[2,6,1,0,0,0,1,2,1],1,0].
[[3,6,1,1,2,0,1,2,1],5,0].
[[1,7,1,0,0,0,2,1,2],3,0].
[[2,7,1,0,0,0,1,1,2],1,1].
[[3,7,1,0,0,0,1,1,2],3,3].
[[3,5,0,1,2,0,2,2,0],6,0].
[[2,4,2,1,2,0,2,1,1],2,0].
[[2,8,1,1,2,0,1,2,1],18,7].
[[3,7,2,1,1,0,1,2,1],1,0].
[[2,7,2,0,0,0,2,1,0],6,0].
[[3,5,0,1,2,2,1,2,2],11,0].
[[3,7,2,1,1,2,2,2,2],10,1].
[[2,7,1,1,2,2,1,1,0],2,2].
[[1,7,1,1,2,2,2,1,1],2,0].
[[2,7,1,1,2,2,2,1,1],6,2].
[[3,7,2,1,2,0,2,1,0],1,1].
[[3,7,0,1,2,2,2,1,2],3,9].
[[3,7,0,1,2,2,2,3,2],5,3].
[[2,9,2,1,1,2,2,1,0],26,15].
[[3,8,0,1,1,2,2,1,0],7,14].
[[3,6,0,1,2,2,2,1,2],2,6].
[[3,6,0,1,2,2,2,3,2],5,4].
[[1,6,1,0,0,0,2,2,0],3,0].
[[2,6,1,0,0,0,2,3,1],12,0].
[[3,2,1,1,2,0,2,3,1],1,0].
[[3,6,0,1,1,2,2,2,1],0,1].
[[3,9,2,0,0,0,2,3,2],4,6].
[[3,6,1,1,2,0,2,3,0],6,1].
[[2,7,2,1,2,2,2,3,0],8,2].
[[1,9,2,0,0,0,2,2,1],11,16].
[[2,9,2,1,2,0,2,2,1],6,2].
[[2,7,0,0,0,0,0,0,0],12,10].
[[3,8,0,1,2,0,1,1,2],7,4].
[[2,3,1,0,0,0,2,1,2],1,0].
[[3,3,1,1,2,0,2,1,2],1,0].
[[1,8,0,1,1,2,2,3,1],3,1].
[[3,8,1,1,2,0,2,1,0],3,3].
[[3,9,2,0,0,0,2,2,0],1,14].
[[3,8,0,0,0,0,2,2,1],4,5].
[[2,7,0,1,1,2,2,3,0],4,0].
[[3,7,0,0,0,0,2,1,2],1,1].
[[3,7,1,1,1,0,2,3,2],2,2].
[[2,6,1,1,2,2,0,0,0],27,1].
[[1,7,2,0,0,0,2,3,0],6,0].
[[3,7,2,1,2,0,1,2,2],13,5].
[[3,7,2,0,0,0,1,2,1],3,0].
[[3,6,0,1,1,2,1,1,2],5,0].
[[1,9,2,1,2,0,2,1,0],10,8].
[[1,7,2,0,0,0,2,1,0],1,0].
[[3,7,2,1,2,0,2,3,0],8,0].
[[3,6,1,1,2,2,1,1,2],4,0].
[[2,8,0,1,2,2,2,1,1],8,0].
[[3,8,0,1,2,2,2,1,1],6,3].
[[3,7,2,0,0,0,2,3,1],3,0].
[[2,7,0,1,2,2,2,3,0],6,2].
[[3,7,0,1,2,0,0,0,0],2,0].
[[3,8,1,1,1,0,2,1,2],8,11].
[[2,5,0,1,1,2,1,1,0],3,1].
[[3,5,0,1,1,2,1,1,0],15,5].
[[2,6,1,1,2,2,2,3,1],10,0].
[[3,7,0,1,1,2,1,1,0],2,1].
[[2,7,2,1,2,0,1,2,0],2,1].
[[1,8,1,1,2,0,1,2,1],6,1].
[[3,7,0,1,2,0,1,1,0],2,0].
[[1,8,0,0,0,0,1,1,2],3,0].
[[2,6,0,1,2,2,1,1,2],1,0].
[[1,8,0,1,1,2,2,1,0],5,1].
[[1,9,2,1,2,0,2,2,1],6,3].
[[2,9,2,1,1,0,2,2,1],1,1].
[[3,9,2,1,1,0,2,2,1],1,0].
[[3,8,1,1,2,0,2,2,2],32,7].
[[2,8,0,0,0,0,2,2,1],4,4].
[[3,8,0,1,2,0,2,2,1],0,3].
[[2,8,1,0,0,0,2,1,1],17,2].
[[3,8,1,0,0,0,2,1,1],4,0].
[[1,7,1,0,0,0,1,2,2],1,1].
[[2,7,1,1,2,0,1,2,2],2,0].
[[2,9,2,1,1,0,2,3,2],0,1].
[[3,8,1,1,1,0,2,3,2],6,11].
[[3,3,2,1,2,2,2,2,0],2,0].
[[3,7,0,1,1,2,1,2,0],7,0].
[[3,6,1,1,1,2,2,1,2],2,0].
[[3,9,2,1,2,0,2,1,1],1,3].
[[1,7,2,0,0,0,2,3,2],17,3].
[[3,7,2,1,1,2,1,2,2],5,2].
[[2,7,2,1,2,0,0,0,0],11,3].
[[1,8,1,1,2,0,1,1,1],1,0].
[[2,8,1,1,1,0,1,1,1],1,0].
[[2,9,2,1,1,2,1,1,1],3,3].
[[3,9,2,1,1,2,1,1,1],2,4].
[[2,7,2,1,1,2,2,3,0],3,0].
[[2,8,1,1,1,0,2,2,0],5,4].
[[1,6,1,0,0,0,2,3,1],6,0].
[[1,9,2,0,0,0,1,1,1],2,3].
[[2,9,2,0,0,0,1,1,1],1,2].
[[3,5,0,1,1,0,1,1,0],2,4].
[[2,5,0,1,1,2,1,2,1],2,0].
[[3,5,0,1,1,2,1,2,1],8,0].
[[3,5,0,0,0,0,1,2,0],5,0].
[[2,6,0,0,0,0,2,3,1],1,0].
[[3,6,0,0,0,0,2,3,1],1,0].
[[1,7,2,1,2,0,2,1,2],4,0].
[[1,4,2,1,2,0,1,2,2],8,0].
[[1,8,1,1,2,0,2,2,1],9,2].
[[2,8,1,1,1,0,2,2,1],2,1].
[[3,7,1,1,2,0,2,1,1],3,0].
[[2,7,1,1,2,0,2,2,1],4,0].
[[3,7,1,1,2,0,2,2,1],11,2].
[[2,8,0,1,2,0,2,2,1],0,2].
[[3,6,0,1,2,0,2,2,1],0,1].
[[3,6,1,1,2,0,2,1,0],3,1].
[[1,5,0,0,0,0,2,2,0],9,0].
[[1,7,2,1,2,0,0,0,0],6,0].
[[3,3,2,1,2,0,0,0,0],3,0].
[[2,8,1,0,0,0,1,1,0],18,4].
[[2,8,0,0,0,0,2,3,1],13,3].
[[3,7,0,0,0,0,2,3,1],2,0].
[[3,8,1,0,0,0,2,2,0],12,3].
[[2,6,1,1,1,2,0,0,0],7,0].
[[3,7,0,1,2,0,2,1,0],2,1].
[[2,9,2,1,1,0,2,3,0],2,3].
[[3,9,2,1,1,0,2,1,2],0,2].
[[2,7,0,0,0,0,2,3,0],2,1].
[[3,8,1,1,2,0,2,1,1],6,2].
[[3,7,0,1,1,2,2,2,2],6,4].
[[3,7,2,1,2,0,1,2,1],4,0].
[[3,8,1,0,0,0,2,2,1],12,3].
[[3,6,0,1,1,2,2,3,0],5,4].
[[2,9,2,1,1,0,1,2,0],4,6].
[[3,9,2,1,1,0,1,2,1],3,2].
[[2,8,0,0,0,0,1,1,2],6,7].
[[2,3,2,1,2,0,0,0,0],1,0].
[[3,6,1,1,2,0,2,3,1],6,1].
[[2,8,1,1,2,0,1,1,1],5,3].
[[2,7,0,1,2,2,0,0,0],5,8].
[[3,7,2,1,1,0,2,2,2],8,0].
[[1,5,0,1,1,2,2,2,0],3,0].
[[3,5,0,0,0,0,2,2,0],4,0].
[[2,7,0,0,0,0,2,2,2],3,0].
[[1,8,0,0,0,0,1,2,2],6,3].
[[2,8,1,1,2,0,1,1,0],9,7].
[[3,7,1,1,2,0,1,1,0],4,4].
[[3,8,1,1,1,2,0,0,0],0,4].
[[1,4,2,1,2,0,0,0,0],11,1].
[[3,2,1,0,0,0,2,3,1],1,0].
[[2,8,1,1,1,0,2,2,2],2,3].
[[2,6,0,1,1,2,2,2,2],1,0].
[[3,2,0,1,1,2,2,2,2],1,0].
[[1,9,2,1,2,0,1,1,0],3,10].
[[2,9,2,1,1,0,1,2,2],2,2].
[[3,4,0,1,2,0,1,2,2],0,2].
[[3,7,2,0,0,0,2,3,0],5,0].
[[2,3,1,0,0,0,0,0,0],5,0].
[[3,8,1,1,1,0,1,1,2],6,4].
[[1,7,1,1,2,2,2,1,0],2,0].
[[2,5,0,1,2,0,1,1,2],5,0].
[[3,7,2,1,2,0,0,0,0],7,3].
[[1,8,0,1,2,2,1,2,1],2,0].
[[2,8,0,1,1,2,1,2,1],8,1].
[[3,7,2,1,1,0,0,0,0],1,1].
[[3,6,1,1,2,0,2,3,2],7,1].
[[3,7,2,0,0,0,0,0,0],8,0].
[[2,5,0,1,2,2,1,1,1],4,0].
[[3,7,0,0,0,0,1,2,2],2,1].
[[3,7,2,1,2,0,2,2,0],7,0].
[[1,7,2,1,2,2,2,1,2],7,0].
[[2,7,1,1,2,0,2,2,0],4,3].
[[2,5,0,1,2,0,2,2,0],4,0].
[[2,5,0,1,2,2,1,1,0],8,2].
[[1,8,0,1,1,2,2,2,1],2,0].
[[2,7,2,0,0,0,1,2,0],4,1].
[[3,7,2,0,0,0,1,2,0],5,0].
[[3,9,2,1,1,0,2,2,2],1,3].
[[3,6,1,0,0,0,2,3,2],7,0].
[[3,6,1,1,2,0,2,2,0],4,0].
[[3,8,0,0,0,0,0,0,0],0,8].
[[3,6,0,0,0,0,2,3,2],1,0].
[[1,8,0,1,1,2,1,2,2],1,2].
[[3,9,2,1,1,0,1,2,0],3,21].
[[2,7,1,1,2,0,1,2,1],1,0].
[[2,3,1,1,2,2,2,3,0],5,0].
[[3,3,1,1,1,2,2,2,0],1,0].
[[2,6,0,1,1,2,0,0,0],2,5].
[[3,6,1,1,2,2,1,2,2],8,0].
[[2,7,1,1,1,2,1,2,1],1,0].
[[2,8,1,1,1,0,2,3,2],1,5].
[[2,8,1,1,1,0,1,1,2],2,0].
[[3,7,1,1,1,0,1,1,2],1,0].
[[3,8,1,1,1,0,2,1,1],2,2].
[[3,7,2,1,2,0,1,1,0],7,0].
[[3,6,1,1,1,2,2,2,2],4,0].
[[3,6,1,1,2,0,2,2,2],7,1].
[[3,7,1,1,1,0,2,3,0],6,4].
[[2,8,1,1,1,2,1,1,1],6,1].
[[3,7,1,1,1,2,1,1,1],6,1].
[[3,2,1,1,2,0,2,3,0],1,0].
[[1,6,1,1,2,2,2,2,2],1,0].
[[3,3,1,1,2,2,2,2,2],4,0].
[[2,7,1,1,2,0,2,1,2],4,2].
[[2,7,2,1,2,2,2,1,0],7,0].
[[3,3,2,1,2,2,2,1,0],2,0].
[[2,8,0,1,2,2,1,1,1],2,0].
[[3,6,0,1,2,2,1,1,1],1,0].
[[3,7,0,0,0,0,2,3,0],9,2].
[[2,4,2,1,2,0,2,2,1],9,0].
[[2,7,1,0,0,0,1,2,0],5,0].
[[2,8,1,1,1,2,1,1,2],8,3].
[[2,3,2,1,2,2,2,1,2],1,0].
[[3,3,2,1,1,2,2,1,2],2,0].
[[1,6,1,1,2,2,2,1,1],1,0].
[[2,6,1,1,1,2,2,1,1],1,0].
[[3,6,1,1,1,2,1,1,1],1,0].
[[3,9,2,0,0,0,2,1,2],4,5].
[[3,5,0,1,1,2,2,2,0],16,1].
[[2,7,2,1,1,2,0,0,0],7,0].
[[1,9,2,1,1,2,2,2,1],7,3].
[[2,6,1,1,2,2,2,1,1],4,0].
[[3,3,1,1,1,2,2,1,1],1,0].
[[3,3,1,1,1,2,0,0,0],6,0].
[[2,5,0,1,1,2,1,2,0],5,0].
[[3,7,1,1,2,0,1,2,2],10,0].
[[3,3,1,1,2,2,2,2,0],8,0].
[[3,6,1,1,1,2,1,2,0],4,0].
[[1,6,0,1,2,2,0,0,0],7,3].
[[3,3,0,1,1,2,0,0,0],0,1].
[[3,6,0,1,1,2,0,0,0],2,6].
[[3,6,1,1,1,2,0,0,0],5,0].
[[1,8,1,1,2,0,2,3,1],9,2].
[[3,6,1,1,2,0,1,1,0],5,2].
[[3,8,1,1,1,0,2,1,0],1,1].
[[3,9,2,1,1,2,2,1,1],3,2].
[[3,9,2,1,1,2,2,1,0],0,13].
[[1,8,1,0,0,0,1,1,0],12,1].
[[2,3,2,1,2,0,2,2,0],1,0].
[[3,3,2,1,1,0,2,3,0],1,0].
[[2,7,1,1,1,2,1,2,2],4,1].
[[3,3,1,1,1,2,1,2,2],0,1].
[[3,7,0,0,0,0,2,2,2],1,2].
[[3,8,0,1,2,0,0,0,0],0,8].
[[2,8,1,1,1,0,2,1,2],2,2].
[[2,8,1,1,1,0,1,1,0],0,1].
[[3,3,1,1,2,0,2,2,0],1,0].
[[3,7,2,1,2,2,2,2,0],11,2].
[[2,7,1,0,0,0,2,2,1],12,2].
[[2,7,0,1,1,2,2,1,2],3,1].
[[3,7,1,1,2,2,1,1,1],8,5].
[[2,8,1,1,1,0,1,2,1],2,2].
[[1,4,2,1,2,0,2,3,1],2,0].
[[1,7,1,0,0,0,2,2,1],7,1].
[[3,7,2,1,1,0,1,2,2],5,2].
[[3,3,1,1,2,2,2,3,1],5,1].
[[3,7,2,1,2,2,2,1,0],3,0].
[[3,6,1,1,1,2,2,2,0],3,0].
[[3,7,1,1,1,0,0,0,0],0,2].
[[3,7,0,1,2,2,1,2,0],9,2].
[[2,8,1,1,2,0,2,1,1],7,2].
[[2,7,0,1,2,2,2,3,1],1,1].
[[3,6,1,1,2,0,1,2,0],3,1].
[[2,7,2,1,2,2,2,3,1],5,0].
[[3,7,2,1,2,2,1,2,1],8,0].
[[2,8,0,1,1,2,1,1,2],10,4].
[[2,9,2,1,1,2,2,1,1],2,1].
[[3,6,1,1,2,0,1,2,2],5,0].
[[3,9,2,0,0,0,2,2,1],2,1].
[[2,6,1,0,0,0,2,1,1],2,0].
[[3,7,1,1,1,0,2,2,0],4,5].
[[2,3,1,1,2,2,2,1,0],1,0].
[[3,3,1,1,1,2,2,1,0],2,0].
[[1,7,2,1,2,2,2,3,1],1,0].
[[2,7,2,1,2,2,1,1,0],4,1].
[[3,7,2,1,1,0,1,2,0],2,2].
[[1,8,1,1,1,2,1,1,2],1,0].
[[2,1,2,1,2,0,1,1,2],3,0].
[[3,1,2,1,2,0,1,1,2],4,0].
[[3,7,2,1,1,2,2,3,0],6,0].
[[2,6,1,1,1,2,2,3,2],2,0].
[[3,5,0,1,2,0,1,1,1],1,2].
[[1,6,0,1,2,2,2,1,0],1,0].
[[2,6,0,1,1,2,2,1,0],1,0].
[[3,7,0,0,0,0,2,3,2],3,0].
[[2,9,2,1,1,0,2,2,0],1,3].
[[3,6,0,1,2,2,2,1,1],1,0].
[[1,6,1,0,0,0,1,2,0],2,0].
[[2,6,1,0,0,0,1,2,0],2,1].
[[1,8,1,1,2,0,2,1,2],11,3].
[[2,9,2,0,0,0,2,1,1],4,3].
[[3,9,2,1,2,0,1,1,1],1,1].
[[2,7,0,1,2,2,1,2,2],1,1].
[[2,1,2,1,2,0,1,2,1],1,0].
[[3,1,2,1,2,0,1,2,1],2,0].
[[2,8,1,1,1,0,1,2,2],1,1].
[[3,6,1,1,1,2,1,2,1],8,0].
[[3,8,0,1,1,0,1,2,2],1,2].
[[1,7,1,0,0,0,2,1,1],1,0].
[[2,6,0,1,1,2,2,3,2],0,1].
[[3,6,0,1,1,2,2,3,2],1,1].
[[3,6,1,0,0,0,2,3,1],7,0].
[[3,5,0,1,1,0,1,1,2],2,0].
[[3,6,0,0,0,0,2,2,2],1,0].
[[2,6,1,1,2,2,2,2,0],6,0].
[[2,7,1,1,1,2,2,3,0],9,2].
[[3,6,1,1,2,0,2,2,1],6,0].
[[3,3,1,0,0,0,0,0,0],4,0].
[[1,9,2,1,2,0,1,1,2],4,6].
[[2,6,1,0,0,0,2,3,0],8,0].
[[1,7,1,0,0,0,2,2,0],4,1].
[[3,9,2,1,2,0,2,2,0],0,3].
[[2,6,1,1,2,2,2,1,2],9,0].
[[1,7,2,1,2,2,1,2,2],1,0].
[[2,3,2,0,0,0,2,3,0],1,0].
[[3,3,2,0,0,0,2,1,2],4,0].
[[3,5,0,1,1,2,1,2,2],3,0].
[[3,6,1,1,1,2,2,3,1],6,0].
[[3,6,0,1,2,2,2,1,0],2,0].
[[3,8,1,1,1,0,2,3,1],6,3].
[[2,7,0,0,0,0,2,2,0],1,0].
[[2,7,2,1,1,2,2,1,2],5,0].
[[1,7,1,0,0,0,2,2,2],8,1].
[[2,7,2,1,2,2,1,2,0],2,1].
[[1,7,1,1,2,2,2,2,2],4,0].
[[2,3,1,1,2,2,2,2,2],1,0].
[[3,6,1,1,2,2,1,1,0],3,0].
[[2,6,1,1,2,2,1,2,1],2,0].
[[1,7,1,1,2,2,2,2,1],5,2].
[[2,7,1,1,1,2,2,2,1],1,1].
[[3,9,2,0,0,0,2,3,1],1,1].
[[3,7,0,0,0,0,2,1,0],1,0].
[[2,7,1,1,2,0,2,3,1],1,1].
[[2,5,0,0,0,0,1,2,0],7,0].
[[1,4,2,1,2,0,2,3,0],13,0].
[[2,7,1,1,2,0,1,2,0],1,0].
[[1,8,0,1,2,2,1,1,0],0,4].
[[3,6,1,0,0,0,1,2,1],2,0].
[[2,6,1,1,2,2,1,1,0],1,0].
[[3,9,2,1,1,0,2,3,2],1,2].
[[2,3,1,0,0,0,2,2,0],1,0].
[[3,7,0,1,2,0,1,2,0],1,0].
[[2,7,1,1,2,2,1,2,1],6,3].
[[3,3,1,1,1,2,1,2,1],1,0].
[[3,6,0,1,1,2,2,2,0],3,4].
[[1,4,2,1,2,0,1,2,0],7,0].
[[3,8,1,0,0,0,2,1,0],3,2].
[[2,9,2,1,1,2,2,2,1],5,6].
[[2,3,1,1,2,2,2,2,1],3,0].
[[3,8,1,0,0,0,0,0,0],0,1].
[[3,5,0,1,2,0,1,2,1],4,0].
[[3,7,1,1,2,0,2,1,0],9,1].
[[3,3,1,0,0,0,2,2,0],1,0].
[[3,7,2,1,1,2,1,1,0],4,1].
[[3,7,1,0,0,0,1,1,1],3,0].
[[1,7,2,0,0,0,2,3,1],1,0].
[[3,7,2,1,1,2,1,2,0],8,0].
[[3,9,2,1,1,2,2,2,1],1,8].
[[3,3,2,1,2,2,2,3,2],7,0].
[[2,7,0,1,2,2,2,2,1],1,0].
[[3,7,0,1,2,2,2,2,1],1,0].
[[1,4,2,1,2,0,2,2,1],3,0].
[[2,7,1,1,1,2,2,2,2],7,3].
[[1,8,1,1,1,2,1,1,1],1,0].
[[3,7,2,0,0,0,2,2,0],5,0].
[[3,2,1,0,0,0,0,0,0],1,0].
[[2,7,1,1,1,2,2,1,0],4,0].
[[2,9,2,1,1,0,2,2,2],0,3].
[[3,6,1,1,1,2,2,3,0],6,1].
[[2,8,0,1,2,0,1,2,2],4,3].
[[1,8,1,1,2,0,1,1,0],2,0].
[[2,6,1,1,2,0,1,1,0],1,0].
[[2,8,0,1,2,0,1,1,2],3,3].
[[2,4,2,1,2,0,1,2,1],7,0].
[[3,3,2,1,2,0,2,3,0],2,0].
[[2,8,0,0,0,0,1,1,1],1,2].
[[3,8,0,1,2,2,1,1,1],3,3].
[[3,9,2,1,1,0,1,1,2],1,9].
[[2,7,2,1,1,2,2,3,2],1,1].
[[2,6,0,0,0,0,0,0,0],2,3].
[[3,6,0,1,2,0,2,3,0],1,0].
[[3,6,1,1,1,2,2,1,1],3,0].
[[2,9,2,1,1,0,2,1,0],0,1].
[[2,6,0,0,0,0,2,3,0],1,0].
[[3,6,0,1,2,2,1,2,0],5,1].
[[1,6,1,0,0,0,2,1,0],3,0].
[[1,6,0,0,0,0,0,0,0],1,2].
[[2,6,0,1,2,2,2,2,2],2,2].
[[3,5,0,1,1,2,1,1,1],5,0].
[[2,6,0,1,2,2,2,3,1],1,0].
[[3,6,0,1,2,2,2,3,1],1,0].
[[2,6,0,1,2,2,2,2,0],1,3].
[[3,5,0,1,1,0,1,1,1],1,1].
[[2,6,1,1,2,0,2,3,1],2,1].
[[2,6,0,1,2,2,2,3,0],1,6].
[[3,6,1,0,0,0,2,2,0],2,0].
[[1,6,1,0,0,0,2,1,1],1,0].
[[3,6,1,1,2,2,1,1,1],1,0].
[[2,6,1,1,2,0,2,1,2],3,0].
[[3,7,1,1,1,0,1,2,2],1,0].
[[3,7,1,1,1,0,1,1,1],2,0].
[[3,7,1,1,1,2,2,1,1],9,2].
[[2,9,2,1,2,0,2,1,1],3,1].
[[1,6,1,0,0,0,2,2,2],5,0].
[[1,7,1,0,0,0,2,3,1],3,1].
[[1,7,2,1,2,0,1,1,0],1,0].
[[2,3,2,1,2,0,1,1,0],1,0].
[[3,3,2,1,2,0,1,1,0],1,0].
[[1,4,2,1,2,0,1,1,2],3,0].
[[3,6,1,1,2,0,0,0,0],3,2].
[[3,9,2,0,0,0,2,2,2],0,4].
[[3,7,0,1,2,2,2,3,1],2,1].
[[2,6,1,0,0,0,1,1,0],3,0].
[[3,3,1,0,0,0,2,3,1],1,0].
[[3,9,2,1,2,2,1,1,1],1,6].
[[3,3,0,1,2,2,2,3,0],0,1].
[[2,9,2,1,2,0,1,1,1],1,0].
[[2,5,0,1,1,2,1,1,1],4,0].
[[1,2,1,0,0,0,0,0,0],1,0].
[[2,2,1,0,0,0,0,0,0],1,0].
[[3,2,1,1,2,2,2,3,0],1,0].
[[3,3,1,1,1,2,2,3,0],3,1].
[[2,3,2,1,2,2,0,0,0],6,0].
[[3,3,2,1,2,2,0,0,0],6,0].
[[3,7,1,1,2,0,1,1,2],4,1].
[[2,6,1,1,2,0,2,2,1],1,0].
[[3,6,0,1,2,0,2,1,0],1,0].
[[3,7,2,0,0,0,1,1,0],2,0].
[[3,7,1,1,1,0,1,2,0],2,0].
[[3,3,2,1,2,2,2,3,1],2,0].
[[3,3,2,0,0,0,2,2,2],2,0].
[[3,7,1,0,0,0,1,1,0],6,0].
[[2,7,2,1,1,0,0,0,0],2,0].
[[3,3,1,1,2,2,1,2,0],4,0].
[[1,7,2,1,2,2,2,1,0],3,0].
[[1,9,2,1,2,0,1,1,1],0,1].
[[1,4,2,1,2,0,1,1,0],6,0].
[[2,9,2,1,1,0,1,1,0],0,1].
[[1,8,1,1,2,0,1,2,0],3,1].
[[1,8,1,1,2,0,1,1,2],3,0].
[[3,9,2,0,0,0,2,1,0],0,2].
[[3,7,2,1,1,0,2,2,0],2,1].
[[2,6,1,1,2,0,2,2,2],1,1].
[[3,9,2,1,1,0,2,1,0],0,2].
[[3,3,2,1,2,0,1,2,1],1,0].
[[2,7,1,0,0,0,1,2,1],5,1].
[[3,7,2,1,1,0,2,3,0],0,1].
[[2,7,0,1,1,2,2,2,2],2,2].
[[3,7,0,1,1,2,1,1,2],0,1].
[[1,9,2,1,2,0,2,1,1],1,0].
[[3,9,2,1,1,0,0,0,0],0,3].
[[1,7,2,1,2,0,2,3,2],7,0].
[[1,6,1,1,2,2,2,3,0],5,0].
[[3,3,1,1,2,2,1,2,2],1,0].
[[3,3,2,1,2,2,1,1,2],3,0].
[[2,7,2,1,2,0,1,2,2],4,2].
[[3,7,1,1,1,0,2,2,1],2,2].
[[1,8,0,1,2,2,2,1,1],3,0].
[[3,7,0,1,2,2,1,1,1],1,0].
[[3,8,0,0,0,0,1,2,1],3,3].
[[3,8,1,1,1,0,2,2,0],2,1].
[[3,9,2,1,2,2,2,1,1],1,2].
[[2,7,0,1,1,2,2,2,0],2,1].
[[3,6,0,0,0,0,0,0,0],1,2].
[[3,8,0,0,0,0,2,1,1],1,0].
[[3,3,1,1,1,2,2,3,1],2,0].
[[1,8,1,1,2,0,2,1,0],3,0].
[[3,7,0,1,2,0,2,1,2],1,0].
[[2,3,2,1,2,0,2,3,2],2,0].
[[3,3,2,1,1,0,2,3,2],3,0].
[[1,4,2,1,2,0,2,1,2],7,0].
[[2,5,0,1,2,2,1,2,2],2,0].
[[3,1,2,1,2,0,1,2,0],2,0].
[[3,7,0,1,1,2,1,2,1],1,0].
[[3,6,1,1,2,2,2,2,0],9,1].
[[1,7,2,1,2,0,1,1,2],1,0].
[[3,6,0,0,0,0,2,3,0],1,0].
[[3,8,0,1,1,0,1,2,1],0,3].
[[2,7,2,1,1,2,1,1,2],1,0].
[[1,8,0,1,1,2,1,1,2],4,0].
[[2,7,1,0,0,0,1,1,0],1,0].
[[3,3,1,1,2,2,1,1,0],1,0].
[[2,7,1,1,2,0,1,1,2],1,0].
[[2,6,0,0,0,0,2,3,2],0,1].
[[3,6,0,1,2,0,1,2,2],0,1].
[[3,7,1,1,1,0,1,1,0],0,1].
[[2,7,1,1,2,0,1,1,0],1,1].
[[3,3,1,1,2,0,1,1,0],1,0].
[[1,8,0,0,0,0,1,1,0],4,1].
[[3,3,2,1,2,2,2,3,0],1,0].
[[3,6,0,1,2,2,1,1,2],0,1].
[[3,7,1,1,1,0,1,2,1],1,1].
[[2,9,2,1,1,0,1,2,1],0,1].
[[3,4,0,1,2,0,1,2,1],0,1].
[[2,7,0,1,2,2,2,1,2],2,1].
[[3,3,1,1,2,0,2,3,1],1,0].
[[3,6,1,1,1,2,2,1,0],2,0].
[[3,5,0,1,1,0,1,2,2],0,1].
[[3,4,0,1,2,0,2,2,1],0,1].
[[3,6,1,0,0,0,1,1,2],1,0].
[[2,5,0,0,0,0,1,2,2],1,0].
[[3,9,2,1,2,0,2,2,1],2,1].
[[3,9,2,1,1,0,2,2,0],1,4].
[[1,6,1,1,2,2,2,2,0],2,0].
[[2,3,2,1,2,2,2,2,0],1,0].
[[3,8,0,1,2,0,2,1,1],2,0].
[[3,6,1,1,2,0,1,1,1],0,1].
[[1,6,0,1,2,2,2,3,2],1,0].
[[2,6,0,1,2,2,2,3,2],2,0].
[[1,5,0,1,2,2,2,2,0],3,0].
[[2,6,1,1,2,2,2,1,0],3,0].
[[2,8,1,1,1,0,1,2,0],3,0].
[[3,5,0,0,0,0,1,2,2],2,0].
[[3,7,0,1,2,0,1,2,2],1,3].
[[1,8,1,1,2,0,1,2,2],3,1].
[[2,7,2,1,1,2,2,2,2],2,0].
[[1,9,2,1,1,2,1,1,1],1,0].
[[2,8,1,1,1,0,2,1,0],1,1].
[[3,7,1,1,1,0,2,1,0],1,1].
[[3,6,0,1,1,2,1,2,0],3,0].
[[1,9,2,1,2,0,1,2,1],1,1].
[[1,8,1,1,1,2,1,2,2],2,0].
[[2,6,1,0,0,0,1,1,1],1,0].
[[3,6,1,1,1,0,2,3,1],0,1].
[[2,7,1,1,2,0,2,2,2],3,0].
[[1,4,2,1,2,0,1,2,1],2,0].
[[3,7,0,0,0,0,1,2,1],1,0].
[[3,3,2,1,1,0,2,2,2],1,0].
[[3,3,2,1,1,2,2,3,2],2,0].
[[1,8,1,1,1,2,1,1,0],1,0].
[[2,6,1,1,1,2,2,2,1],1,0].
[[2,6,1,1,2,2,1,2,0],1,0].
[[3,3,2,1,2,2,1,2,0],2,0].
[[3,2,1,0,0,0,2,3,2],1,0].
[[1,1,2,1,2,0,1,1,2],2,0].
[[3,6,1,1,2,0,2,1,1],1,1].
[[3,3,0,1,2,2,0,0,0],0,1].
[[3,3,1,1,1,2,2,1,2],1,1].
[[2,2,1,0,0,0,2,1,0],1,0].
[[3,2,1,0,0,0,2,1,0],1,0].
[[3,7,0,1,2,0,2,2,2],0,1].
[[2,6,0,0,0,0,2,1,2],2,1].
[[3,6,0,0,0,0,2,1,2],1,2].
[[3,3,2,1,2,0,2,2,2],2,0].
[[3,3,2,1,2,2,1,2,2],1,0].
[[2,6,0,1,1,2,2,2,0],0,1].
[[1,8,0,0,0,0,1,2,1],0,1].
[[3,3,2,1,1,2,2,2,0],1,0].
[[3,6,0,1,2,2,1,2,2],2,0].
[[3,6,1,0,0,0,1,1,0],2,0].
[[3,8,0,1,1,0,2,3,2],1,3].
[[3,3,1,0,0,0,2,1,0],2,0].
[[2,6,1,1,2,0,2,3,2],1,0].
[[3,6,1,1,1,0,2,3,2],1,0].
[[2,7,1,0,0,0,1,1,1],1,0].
[[1,5,0,0,0,0,1,1,1],1,0].
[[3,6,1,0,0,0,2,2,1],4,0].
[[2,8,1,1,1,0,0,0,0],1,1].
[[2,7,2,1,2,0,2,2,0],1,0].
[[1,7,2,1,2,2,1,2,0],1,0].
[[3,8,1,1,1,0,0,0,0],0,2].
[[3,6,0,1,1,2,2,3,1],0,2].
[[3,3,2,1,1,0,0,0,0],1,0].
[[2,3,1,0,0,0,2,2,2],1,0].
[[3,7,0,1,2,0,2,2,0],1,2].
[[3,3,2,0,0,0,2,3,1],1,0].
[[2,7,2,1,1,0,2,1,2],0,1].
[[2,7,0,0,0,0,2,3,2],2,0].
[[3,6,1,0,0,0,2,1,0],2,0].
[[3,6,0,1,2,2,1,1,0],1,0].
[[2,6,1,1,2,0,1,2,0],2,0].
[[3,3,2,1,1,0,1,2,0],1,0].
[[2,6,1,1,2,0,1,1,2],1,0].
[[3,3,2,1,2,0,1,1,2],1,0].
[[2,6,1,1,2,0,2,1,1],1,0].
[[3,6,0,1,2,0,2,3,2],2,0].
[[3,8,0,0,0,0,1,1,1],2,0].
[[1,6,0,0,0,0,2,1,0],1,0].
[[1,5,0,1,2,2,1,1,2],2,0].
[[2,3,1,1,2,2,2,3,1],2,0].
[[2,3,2,1,2,0,2,1,2],1,0].
[[3,3,1,1,2,2,1,2,1],3,0].
[[3,6,0,1,1,2,1,2,2],1,0].
[[2,6,0,1,2,2,1,2,2],1,0].
[[2,3,2,1,2,2,2,3,2],1,0].
[[1,7,2,1,2,2,1,1,0],0,1].
[[3,4,0,1,2,0,1,2,0],0,2].
[[3,9,2,0,0,0,1,1,1],0,1].
[[2,6,1,0,0,0,2,2,1],4,0].
[[2,6,1,1,1,2,2,3,1],2,0].
[[3,3,2,0,0,0,1,2,0],1,0].
[[2,6,0,1,1,2,2,1,2],1,0].
[[1,7,2,1,2,0,2,3,0],0,1].
[[3,4,0,1,2,0,1,1,2],0,1].
[[3,6,1,1,1,0,1,2,1],1,0].
[[1,7,2,1,2,2,2,3,0],2,0].
[[1,7,2,1,2,0,2,2,2],2,0].
[[2,7,2,1,1,0,1,2,2],1,0].
[[3,3,2,1,2,2,1,1,0],1,0].
[[3,7,0,0,0,0,1,1,0],0,1].
[[1,6,0,1,2,2,2,2,0],0,1].
[[2,7,2,1,1,2,2,3,1],1,0].
[[1,5,0,1,2,2,1,2,0],1,0].
[[3,7,2,1,1,2,2,3,1],1,0].
[[3,3,1,0,0,0,2,3,0],2,0].
[[3,7,0,1,1,2,2,2,1],1,0].
[[3,3,1,0,0,0,2,3,2],1,0].
[[3,7,0,1,2,2,1,2,1],2,0].
[[3,6,1,1,1,0,1,2,2],0,1].
[[2,6,1,1,2,2,1,1,1],1,0].
[[2,7,2,1,1,0,2,3,2],1,0].
[[2,3,2,1,2,2,2,1,0],1,0].
[[2,6,1,1,1,2,2,3,0],1,0].
[[2,6,0,0,0,0,2,2,0],1,0].
[[3,2,0,1,2,2,2,2,0],1,0].
[[3,3,1,1,1,2,2,2,2],1,0].
[[2,7,2,1,1,2,1,2,2],1,0].
[[2,3,2,1,2,2,2,3,0],2,0].
[[3,3,2,1,1,2,2,3,0],2,0].
[[2,9,2,1,1,0,2,1,2],0,1].
[[2,7,2,1,1,2,2,2,0],1,0].
[[2,8,0,1,2,0,1,2,1],0,1].
[[2,7,2,1,1,0,1,1,2],1,0].
[[3,7,0,0,0,0,1,1,2],1,0].
[[3,5,0,1,1,0,1,2,1],0,1].
[[2,7,2,1,2,0,2,3,1],0,1].
[[3,7,2,1,1,0,2,3,1],0,1].
[[1,3,2,0,0,0,2,1,2],1,0].
[[2,3,2,0,0,0,2,1,2],2,0].
[[3,8,0,1,2,0,1,1,1],1,0].
[[2,3,1,1,2,2,2,3,2],1,0].
[[3,3,1,1,1,2,2,3,2],1,0].
[[3,6,0,0,0,0,1,2,0],1,0].
[[3,2,1,1,2,2,1,2,1],1,0].
[[3,2,1,0,0,0,2,3,0],1,0].
[[2,7,0,1,2,2,1,2,0],1,0].
[[2,5,0,1,1,0,1,1,0],0,1].
[[3,3,1,0,0,0,2,2,1],1,0].
[[3,3,2,1,1,2,0,0,0],1,0].
[[1,6,1,1,2,2,2,1,2],1,0].
[[3,6,0,1,2,0,1,1,2],0,1].
[[1,7,2,0,0,0,1,2,0],0,1].
[[3,7,2,1,1,0,1,1,0],0,1].
[[2,6,0,1,2,2,1,2,0],1,0].
[[2,9,2,1,1,0,1,1,2],0,2].
[[3,3,1,1,2,0,2,2,2],1,0].
[[3,9,2,1,2,2,0,0,0],0,1].
[[1,6,1,1,2,2,2,3,1],1,0].
[[1,3,2,0,0,0,1,1,2],1,0].
[[2,3,2,1,2,0,1,1,2],1,0].
[[3,2,1,1,2,2,2,3,1],1,0].
[[2,7,2,1,2,0,1,1,0],1,0].
[[2,6,0,1,1,2,1,1,2],1,0].
[[1,5,0,0,0,0,1,2,1],1,0].
[[2,7,0,0,0,0,1,2,2],0,1].
[[2,6,1,1,2,2,1,1,2],1,0].
[[3,6,1,1,1,2,1,1,0],1,0].
