total_WL(6106,5878).
[[1,8,1,1,1,2,2,3,1],42,5].
[[2,8,1,1,1,2,1,2,1],63,27].
[[3,4,2,1,2,0,1,2,1],220,4].
[[1,9,2,1,1,2,2,3,0],61,50].
[[2,9,2,1,1,2,2,3,0],44,60].
[[3,4,2,1,2,0,1,2,0],62,1].
[[1,9,2,0,0,0,2,3,0],120,197].
[[2,9,2,0,0,0,2,3,0],25,93].
[[3,9,2,0,0,0,1,2,0],1,14].
[[1,8,1,0,0,0,0,0,0],353,205].
[[2,7,2,1,2,0,0,0,0],16,4].
[[3,7,1,1,2,2,0,0,0],29,21].
[[1,8,1,1,2,2,1,2,1],56,21].
[[2,8,1,1,2,2,1,1,1],64,50].
[[3,7,1,1,2,2,1,1,1],31,21].
[[1,9,2,0,0,0,2,2,0],62,107].
[[2,9,2,0,0,0,2,2,0],8,47].
[[3,9,1,1,2,2,2,3,0],7,37].
[[1,9,2,0,0,0,2,3,1],177,300].
[[2,9,2,1,2,0,2,3,1],5,26].
[[3,8,0,1,2,0,2,3,1],9,37].
[[1,8,1,1,2,2,2,2,1],180,64].
[[2,8,1,1,2,2,2,2,1],237,110].
[[3,8,1,1,2,2,2,2,1],138,78].
[[1,9,2,0,0,0,0,0,0],72,289].
[[2,8,0,1,2,2,0,0,0],31,135].
[[3,8,0,1,1,2,2,2,0],9,48].
[[1,9,2,1,2,2,2,1,0],59,81].
[[2,9,2,1,2,2,1,1,0],14,25].
[[3,8,0,1,1,2,1,1,0],12,13].
[[1,8,1,1,2,0,2,3,1],32,32].
[[2,8,1,1,2,0,1,2,1],46,31].
[[3,7,1,1,2,0,1,2,1],24,11].
[[1,8,0,1,2,2,2,2,1],41,37].
[[2,8,0,1,1,2,1,2,1],21,20].
[[3,7,1,1,1,2,1,2,1],50,13].
[[1,8,1,0,0,0,2,3,1],279,108].
[[2,7,1,1,2,2,2,3,1],93,35].
[[3,3,1,1,2,2,2,3,1],25,4].
[[1,8,0,0,0,0,0,0,0],107,184].
[[3,7,0,1,2,2,0,0,0],6,25].
[[1,8,1,1,2,2,2,3,1],237,84].
[[3,7,1,1,1,2,2,3,1],57,33].
[[1,8,0,1,1,2,2,3,1],18,8].
[[2,4,2,1,2,0,2,3,1],52,1].
[[3,4,2,1,2,0,2,3,1],96,2].
[[1,8,0,1,2,2,2,3,1],39,60].
[[2,8,0,1,2,2,2,3,1],71,148].
[[3,7,0,1,2,2,2,3,1],12,25].
[[1,9,2,1,1,2,0,0,0],57,68].
[[2,8,1,1,1,2,2,2,1],82,43].
[[3,6,1,1,1,2,2,2,1],16,0].
[[2,8,1,0,0,0,2,3,1],186,71].
[[3,8,1,0,0,0,2,3,1],27,23].
[[1,9,2,1,2,2,2,3,0],166,220].
[[2,9,2,1,2,2,1,2,0],40,75].
[[3,8,1,1,2,2,1,2,0],33,11].
[[1,8,0,0,0,0,2,1,1],12,12].
[[2,7,0,1,2,2,2,1,1],1,3].
[[3,7,0,1,2,2,2,1,1],6,6].
[[1,9,2,1,2,2,1,2,0],45,48].
[[1,8,1,1,2,2,0,0,0],281,118].
[[3,8,1,1,1,2,2,2,1],68,43].
[[1,4,2,1,2,0,2,3,0],19,0].
[[2,4,2,1,2,0,2,3,0],41,2].
[[3,4,2,1,2,0,2,3,0],61,7].
[[1,8,0,1,2,2,0,0,0],146,249].
[[3,8,0,1,2,2,0,0,0],0,41].
[[2,9,2,0,0,0,2,3,1],26,97].
[[3,9,2,0,0,0,2,3,1],1,13].
[[1,8,1,0,0,0,2,2,1],236,90].
[[2,8,1,0,0,0,1,1,1],36,28].
[[2,8,0,1,2,2,2,3,0],68,112].
[[3,8,0,1,1,2,2,3,0],29,91].
[[1,8,0,0,0,0,2,2,1],26,47].
[[2,8,0,1,2,2,1,2,1],25,50].
[[3,8,0,1,1,2,1,2,1],35,116].
[[1,9,2,1,2,2,2,2,0],84,127].
[[2,8,0,1,1,2,2,2,0],20,19].
[[3,6,0,1,1,2,2,2,0],2,1].
[[2,9,2,1,2,2,2,3,0],75,178].
[[3,8,0,1,2,2,2,3,0],34,136].
[[2,8,1,0,0,0,2,1,1],62,35].
[[3,8,1,0,0,0,2,1,1],16,6].
[[1,9,2,0,0,0,1,2,0],26,50].
[[2,8,1,0,0,0,1,2,1],117,44].
[[3,8,1,1,2,2,1,2,1],269,160].
[[2,8,0,1,1,2,2,3,1],58,54].
[[3,8,0,1,1,2,2,2,1],40,67].
[[1,9,2,1,2,0,1,2,1],5,14].
[[2,8,1,1,1,0,1,2,1],3,8].
[[3,8,1,1,1,0,1,2,1],27,36].
[[1,9,2,1,2,2,1,1,0],17,22].
[[2,9,2,1,1,2,1,1,0],14,10].
[[3,4,2,1,2,0,1,1,0],22,0].
[[1,9,2,1,2,0,2,3,1],18,41].
[[3,9,2,1,2,2,1,2,1],34,173].
[[2,8,1,0,0,0,2,2,1],150,60].
[[3,7,1,1,2,0,2,2,1],38,23].
[[1,9,2,1,2,0,2,3,0],9,21].
[[2,8,1,1,2,0,2,3,0],13,9].
[[1,4,2,1,2,0,0,0,0],10,0].
[[2,9,1,1,2,2,2,2,0],6,9].
[[3,9,1,1,2,2,2,2,0],0,15].
[[2,7,1,1,1,2,2,3,1],20,5].
[[2,8,1,1,2,2,0,0,0],34,35].
[[3,7,1,1,2,2,2,3,1],156,65].
[[1,9,2,0,0,0,2,2,1],133,260].
[[2,8,0,0,0,0,2,2,1],19,55].
[[3,6,0,1,2,2,2,2,1],4,13].
[[2,8,0,0,0,0,1,2,1],21,20].
[[3,8,0,1,2,2,1,2,1],44,152].
[[1,9,2,0,0,0,1,2,1],77,104].
[[1,8,1,1,1,2,0,0,0],53,18].
[[2,4,2,1,2,0,2,2,1],44,3].
[[3,4,2,1,2,0,2,2,1],97,7].
[[3,8,0,0,0,0,2,3,1],10,31].
[[2,8,1,1,2,2,2,3,1],258,121].
[[2,4,2,1,2,0,0,0,0],22,1].
[[3,4,2,1,2,0,0,0,0],11,2].
[[2,7,2,1,2,0,2,3,1],16,3].
[[3,7,2,1,2,0,2,3,1],28,1].
[[2,8,1,1,1,2,2,3,1],96,32].
[[3,8,1,1,1,2,1,2,1],148,79].
[[3,8,0,1,2,0,1,2,1],13,56].
[[2,8,0,0,0,0,1,1,1],5,9].
[[3,7,1,0,0,0,1,1,1],10,12].
[[2,8,1,1,1,2,2,1,1],31,13].
[[3,8,1,1,1,2,2,1,1],28,16].
[[1,9,2,1,2,2,0,0,0],110,293].
[[3,9,2,1,2,2,2,3,0],8,61].
[[1,8,0,0,0,0,2,2,0],7,19].
[[2,8,0,0,0,0,2,2,0],14,21].
[[3,7,1,1,2,0,1,1,1],14,7].
[[3,7,1,1,2,2,1,2,1],109,34].
[[1,9,2,1,2,2,1,2,1],73,104].
[[2,9,2,1,2,2,1,2,1],85,219].
[[2,7,0,0,0,0,2,2,1],1,0].
[[3,7,0,1,2,0,2,2,1],1,4].
[[1,9,2,1,2,2,2,2,1],159,299].
[[2,9,1,1,2,2,2,2,1],5,11].
[[2,7,1,1,2,0,0,0,0],16,9].
[[3,7,1,1,2,0,2,1,1],17,14].
[[2,8,0,0,0,0,0,0,0],15,63].
[[3,7,1,0,0,0,2,2,1],36,22].
[[3,8,0,1,2,2,2,2,0],19,76].
[[3,8,1,1,1,2,2,3,0],7,7].
[[3,8,1,0,0,0,2,2,1],43,13].
[[2,9,2,1,2,2,2,2,1],62,178].
[[3,9,1,1,2,2,1,2,1],21,86].
[[2,9,1,1,1,2,2,1,0],5,1].
[[3,4,2,1,2,0,2,1,0],21,1].
[[1,8,0,1,2,2,2,3,0],47,33].
[[2,6,1,0,0,0,0,0,0],32,2].
[[3,6,1,1,2,0,2,3,1],18,2].
[[1,7,1,1,2,2,0,0,0],52,19].
[[2,7,1,1,1,2,2,2,1],10,7].
[[3,3,1,1,1,2,2,2,1],4,1].
[[2,8,0,1,2,2,2,2,1],55,126].
[[3,8,0,1,2,2,2,2,1],35,125].
[[1,7,2,1,2,0,0,0,0],4,3].
[[2,7,2,1,1,0,0,0,0],0,1].
[[3,7,2,1,1,0,2,3,1],8,5].
[[2,9,1,1,1,2,2,2,1],4,5].
[[1,9,2,1,1,2,2,3,1],120,59].
[[2,9,2,1,1,2,2,3,1],65,65].
[[3,9,2,1,1,2,1,2,1],20,109].
[[3,8,0,0,0,0,2,3,0],17,33].
[[3,8,0,0,0,0,1,2,1],9,22].
[[1,8,1,1,2,0,0,0,0],45,36].
[[2,8,1,1,2,0,2,2,1],63,40].
[[3,7,2,1,1,0,2,2,1],7,3].
[[1,9,2,1,2,2,2,1,1],78,126].
[[2,9,2,1,1,2,1,2,1],71,72].
[[1,9,2,1,1,2,2,1,0],20,16].
[[2,9,2,1,1,2,2,1,0],15,18].
[[3,9,2,1,1,2,1,1,0],6,22].
[[1,9,2,1,2,2,1,1,1],45,28].
[[2,9,2,1,1,2,1,1,1],17,30].
[[3,8,1,1,1,2,1,1,1],39,48].
[[2,9,2,1,2,2,2,1,0],23,71].
[[3,8,0,1,2,2,2,1,0],13,46].
[[3,9,1,1,1,2,1,1,1],7,23].
[[2,9,2,1,2,2,2,2,0],38,112].
[[3,8,1,1,1,0,2,2,0],0,3].
[[1,7,2,0,0,0,0,0,0],88,17].
[[1,9,2,1,1,2,2,2,1],90,64].
[[3,8,1,0,0,0,1,2,1],79,34].
[[1,9,2,1,2,0,1,1,1],1,6].
[[2,9,2,1,1,0,1,1,1],2,0].
[[3,9,2,1,1,0,1,1,1],1,7].
[[2,9,2,0,0,0,2,2,1],31,96].
[[3,8,1,1,2,0,2,2,1],48,28].
[[3,8,0,1,1,2,2,1,0],6,40].
[[1,8,1,0,0,0,1,1,1],22,24].
[[1,8,1,0,0,0,2,2,0],20,7].
[[2,7,1,1,2,2,2,2,0],4,1].
[[3,7,1,1,2,2,2,2,0],7,2].
[[1,8,1,1,2,0,1,2,1],4,8].
[[2,8,1,1,2,2,1,2,1],190,95].
[[1,8,1,0,0,0,2,3,0],40,14].
[[2,8,1,1,2,2,2,3,0],36,16].
[[1,9,2,1,2,0,2,2,1],13,48].
[[2,9,2,1,2,0,1,2,1],13,68].
[[3,7,1,1,1,0,0,0,0],0,3].
[[2,9,2,1,1,2,2,2,1],52,71].
[[3,9,2,1,1,2,2,2,1],4,32].
[[2,7,1,1,2,2,2,2,1],53,12].
[[1,4,2,1,2,0,1,1,1],2,1].
[[2,4,2,1,2,0,1,1,1],27,3].
[[3,4,2,1,2,0,1,1,1],91,5].
[[1,8,0,0,0,0,1,1,1],0,3].
[[3,6,0,1,2,2,1,1,1],0,3].
[[3,8,1,1,1,2,2,3,1],66,36].
[[3,8,0,1,2,0,0,0,0],0,11].
[[1,8,0,1,1,2,0,0,0],58,37].
[[2,8,0,1,1,2,2,2,1],47,41].
[[1,9,2,0,0,0,2,1,1],63,129].
[[2,9,2,1,2,2,2,1,1],28,70].
[[1,8,0,1,1,2,2,2,0],10,4].
[[3,8,0,1,1,2,1,2,0],22,50].
[[1,9,2,1,2,2,2,3,1],219,349].
[[2,7,2,1,2,2,2,2,1],36,5].
[[3,7,2,1,2,2,1,1,1],25,6].
[[1,7,1,0,0,0,0,0,0],73,19].
[[2,7,1,0,0,0,0,0,0],59,28].
[[3,7,1,1,2,0,2,3,1],43,27].
[[2,7,2,0,0,0,2,3,1],27,3].
[[2,9,1,1,2,0,2,3,0],1,4].
[[3,9,1,1,2,0,2,3,0],1,10].
[[2,9,2,1,2,2,2,3,1],50,157].
[[3,9,2,1,2,2,2,1,1],5,8].
[[2,8,1,0,0,0,2,3,0],16,11].
[[3,8,1,1,2,2,1,1,1],103,97].
[[1,9,2,1,1,2,2,2,0],40,27].
[[2,9,2,1,1,2,2,2,0],21,43].
[[3,9,2,1,1,2,2,2,0],1,23].
[[2,9,2,0,0,0,2,1,1],10,43].
[[3,9,2,0,0,0,1,2,1],6,46].
[[2,9,1,1,2,2,1,2,1],23,45].
[[2,7,1,1,2,2,2,3,0],14,2].
[[3,7,1,1,1,2,2,3,0],5,2].
[[2,9,2,1,2,0,2,2,1],11,56].
[[3,9,2,1,1,0,1,2,1],5,26].
[[3,8,0,1,2,2,2,3,1],32,92].
[[3,9,2,1,2,2,1,2,0],27,58].
[[3,9,2,1,2,0,1,2,1],13,50].
[[3,7,1,1,2,2,2,2,1],129,44].
[[2,7,1,1,2,2,0,0,0],94,31].
[[3,7,1,1,1,2,2,2,1],48,29].
[[1,8,1,1,2,2,2,1,1],79,27].
[[3,4,2,1,2,0,2,1,1],48,1].
[[2,9,2,1,1,2,1,2,0],23,32].
[[1,8,1,1,1,2,1,2,1],10,3].
[[2,6,1,1,1,2,1,2,1],4,0].
[[3,6,1,1,1,2,1,2,1],18,0].
[[2,8,0,1,2,2,1,2,0],16,28].
[[2,9,2,0,0,0,2,1,0],8,39].
[[3,9,2,1,2,0,2,1,0],0,9].
[[2,8,0,0,0,0,2,1,1],11,16].
[[3,8,0,0,0,0,2,1,1],5,12].
[[3,9,2,1,2,2,1,1,0],8,18].
[[2,8,1,1,2,2,2,1,1],92,48].
[[3,7,0,1,1,2,2,3,1],12,10].
[[2,9,1,1,1,2,2,3,0],7,3].
[[2,8,0,0,0,0,2,3,1],46,72].
[[1,6,1,0,0,0,2,3,0],3,0].
[[2,6,1,1,2,2,2,3,0],2,0].
[[2,8,0,1,2,0,2,2,0],4,7].
[[3,7,0,1,2,0,2,2,0],0,3].
[[3,8,1,1,2,0,1,2,1],93,64].
[[3,9,2,1,1,2,2,1,1],3,8].
[[3,9,2,0,0,0,2,3,0],0,19].
[[3,7,2,1,2,2,2,2,1],64,3].
[[3,9,1,1,2,0,1,2,0],1,10].
[[2,9,2,1,2,2,1,1,1],35,72].
[[2,9,2,1,2,0,2,3,0],13,28].
[[1,8,0,0,0,0,2,1,0],7,10].
[[2,8,0,1,2,0,1,1,0],0,3].
[[3,8,0,1,2,2,1,1,0],8,18].
[[3,7,2,0,0,0,1,2,1],26,1].
[[1,6,1,1,2,2,0,0,0],32,2].
[[2,6,1,1,2,2,2,2,1],26,0].
[[3,6,1,1,2,2,2,2,1],37,0].
[[3,7,2,1,2,0,1,1,1],14,4].
[[2,5,0,1,2,2,1,1,1],13,1].
[[3,5,0,1,2,2,1,1,1],66,6].
[[3,3,1,1,2,2,0,0,0],27,4].
[[2,8,1,1,2,0,2,3,1],63,46].
[[3,9,2,1,2,2,2,1,0],0,28].
[[1,9,2,1,2,0,1,2,0],3,6].
[[2,8,1,1,2,0,1,2,0],5,3].
[[3,8,1,1,2,0,1,2,0],8,7].
[[3,9,1,0,0,0,1,1,1],3,6].
[[2,8,0,1,2,2,2,2,0],34,59].
[[3,6,0,1,2,2,2,2,0],1,3].
[[3,7,1,1,1,2,1,1,1],13,17].
[[3,7,2,0,0,0,2,2,1],27,2].
[[1,9,2,1,1,2,1,2,1],44,22].
[[2,8,0,1,2,0,2,2,1],7,17].
[[3,8,0,1,1,0,1,2,1],1,15].
[[1,8,1,0,0,0,1,2,1],67,33].
[[3,9,1,1,2,0,1,2,1],4,31].
[[3,8,0,1,1,0,2,3,0],2,4].
[[2,9,2,0,0,0,1,2,1],56,92].
[[3,9,2,1,2,0,2,2,1],5,11].
[[2,9,2,1,1,2,0,0,0],3,24].
[[3,9,1,1,1,2,0,0,0],0,1].
[[3,9,1,1,1,2,1,2,1],18,64].
[[3,9,2,1,2,2,1,1,1],8,54].
[[1,8,0,1,1,2,2,1,1],8,5].
[[2,7,1,1,1,2,2,1,1],9,3].
[[1,6,1,0,0,0,0,0,0],85,6].
[[2,3,1,1,2,2,0,0,0],12,2].
[[3,2,1,1,2,2,0,0,0],3,0].
[[3,8,1,1,2,2,2,3,0],21,16].
[[2,8,1,1,2,0,2,1,1],19,21].
[[1,8,1,0,0,0,2,1,1],97,42].
[[3,7,1,0,0,0,2,1,1],18,6].
[[1,8,0,0,0,0,2,3,0],24,30].
[[2,8,0,0,0,0,2,3,0],31,50].
[[3,6,0,1,2,2,2,3,0],5,11].
[[3,8,0,1,1,2,1,1,1],10,40].
[[3,7,0,1,2,0,0,0,0],1,7].
[[3,6,1,1,2,0,2,3,0],2,1].
[[3,8,1,1,2,0,2,1,1],20,12].
[[3,9,2,1,2,2,2,2,0],3,34].
[[2,7,1,1,2,2,1,2,1],24,5].
[[1,8,1,1,2,2,2,3,0],30,8].
[[2,8,1,1,2,2,2,1,0],9,5].
[[2,8,1,1,1,0,2,2,1],5,9].
[[3,6,1,1,1,0,2,2,1],0,1].
[[1,6,1,0,0,0,2,3,1],14,0].
[[2,6,1,1,2,2,2,3,1],31,0].
[[3,2,1,1,2,2,2,3,1],1,0].
[[3,8,0,1,1,2,2,3,1],29,64].
[[1,8,1,1,1,2,2,2,1],26,13].
[[2,6,0,1,2,2,2,2,1],4,4].
[[3,6,1,1,2,2,2,1,1],14,1].
[[1,7,2,0,0,0,2,2,1],15,3].
[[2,7,2,0,0,0,2,2,1],39,6].
[[1,8,0,0,0,0,2,3,1],26,58].
[[2,7,1,0,0,0,2,3,1],39,15].
[[3,7,1,0,0,0,2,3,1],50,10].
[[3,9,1,1,1,2,2,1,0],1,16].
[[1,8,0,1,2,2,1,2,1],0,6].
[[2,7,0,1,2,2,1,2,1],0,1].
[[3,7,0,1,2,2,1,2,1],5,6].
[[1,8,0,1,1,2,2,2,1],10,8].
[[3,8,1,1,2,0,1,1,1],37,28].
[[3,9,2,1,1,2,1,2,0],10,36].
[[1,9,2,0,0,0,2,1,0],33,84].
[[2,9,2,0,0,0,1,1,0],8,17].
[[2,9,2,1,2,2,0,0,0],1,54].
[[2,9,2,0,0,0,1,1,1],19,35].
[[3,8,0,1,2,2,1,1,1],20,38].
[[3,4,2,1,2,0,2,2,0],43,1].
[[3,8,1,1,2,2,2,1,1],42,30].
[[1,9,2,1,1,2,2,1,1],43,31].
[[2,8,0,1,1,2,1,2,0],9,4].
[[2,8,0,1,1,2,2,3,0],28,39].
[[1,8,1,1,2,0,2,2,1],26,23].
[[1,9,2,1,2,0,2,2,0],6,16].
[[3,8,0,1,1,0,2,2,0],0,6].
[[1,7,2,1,2,2,0,0,0],38,4].
[[2,7,2,1,1,2,0,0,0],7,1].
[[3,7,2,1,1,2,0,0,0],4,0].
[[2,8,0,1,2,2,2,1,0],18,40].
[[3,7,1,0,0,0,1,2,1],35,11].
[[3,8,1,1,2,0,2,3,1],27,26].
[[3,9,2,1,2,0,1,1,1],6,13].
[[3,7,0,1,2,2,2,3,0],11,14].
[[3,5,0,1,2,2,1,2,0],54,0].
[[2,7,2,1,2,2,0,0,0],40,9].
[[1,8,1,1,2,0,2,2,0],1,1].
[[2,8,1,1,2,0,2,2,0],1,2].
[[3,8,1,1,1,0,2,2,1],5,13].
[[2,6,1,1,1,2,0,0,0],7,1].
[[3,6,1,1,1,2,2,3,1],14,1].
[[2,9,1,1,2,2,1,1,1],3,5].
[[3,7,1,1,2,2,2,1,1],60,24].
[[1,7,2,1,2,2,1,2,1],3,0].
[[2,7,2,1,2,2,1,2,1],18,3].
[[3,7,2,1,2,2,1,2,1],64,6].
[[2,8,0,1,2,0,2,1,1],6,12].
[[3,7,0,1,2,0,2,1,1],3,2].
[[2,9,1,1,2,2,2,3,0],9,19].
[[1,8,0,1,1,2,2,3,0],7,7].
[[3,7,2,1,2,2,0,0,0],15,4].
[[3,7,2,1,2,0,2,1,1],13,3].
[[3,9,1,0,0,0,1,2,1],7,18].
[[2,7,2,1,2,2,2,3,1],36,2].
[[3,7,2,1,2,2,2,3,1],57,7].
[[2,8,0,1,1,2,0,0,0],31,61].
[[3,8,1,1,2,2,1,1,0],7,8].
[[2,9,1,0,0,0,1,2,0],3,3].
[[3,9,1,1,2,2,1,2,0],14,23].
[[2,7,0,1,2,2,2,3,1],1,1].
[[2,8,0,0,0,0,2,1,0],11,19].
[[3,8,0,0,0,0,2,1,0],2,15].
[[3,8,1,0,0,0,1,1,1],24,16].
[[3,6,1,1,2,0,1,2,1],14,1].
[[3,8,0,1,1,2,2,1,1],16,29].
[[2,6,1,1,2,0,2,3,1],13,3].
[[3,3,1,1,2,0,2,3,1],4,1].
[[3,6,1,1,2,0,0,0,0],3,0].
[[2,9,1,1,1,2,1,2,1],8,12].
[[1,8,0,1,2,2,2,1,1],20,25].
[[2,7,0,1,1,2,0,0,0],10,6].
[[3,8,0,1,2,2,1,2,0],29,46].
[[2,7,0,1,2,2,0,0,0],8,17].
[[2,5,0,0,0,0,1,1,0],8,0].
[[3,5,0,1,2,2,1,1,0],16,0].
[[3,9,2,0,0,0,2,1,1],1,4].
[[2,7,1,0,0,0,2,2,1],35,18].
[[2,4,2,1,2,0,1,2,0],25,1].
[[1,7,2,0,0,0,2,3,1],21,2].
[[2,7,2,1,2,2,2,1,1],22,1].
[[3,7,2,1,2,2,2,1,1],23,2].
[[1,8,1,1,2,2,2,2,0],13,4].
[[2,8,1,1,1,2,2,2,0],2,1].
[[3,8,1,1,1,2,2,2,0],2,7].
[[3,7,2,1,2,0,2,2,1],28,4].
[[2,6,1,1,2,2,0,0,0],41,1].
[[2,9,2,1,2,0,1,2,0],6,18].
[[3,8,0,1,2,0,1,2,0],8,11].
[[2,9,1,1,2,2,0,0,0],0,2].
[[3,7,1,1,2,2,2,3,0],23,9].
[[2,7,1,1,1,2,0,0,0],18,9].
[[2,9,2,1,1,2,2,1,1],21,21].
[[3,9,2,1,1,2,1,1,1],11,51].
[[1,9,2,1,1,2,1,2,0],18,11].
[[3,5,0,1,1,2,1,2,0],35,0].
[[3,8,1,1,2,2,2,3,1],97,67].
[[3,7,2,1,1,0,1,2,1],6,7].
[[1,9,2,1,1,2,1,1,1],17,14].
[[1,9,2,0,0,0,1,1,1],29,41].
[[3,9,2,0,0,0,1,1,1],4,19].
[[1,8,1,1,2,2,2,1,0],13,2].
[[2,7,1,1,1,2,2,1,0],2,0].
[[3,7,2,1,1,2,1,1,1],7,0].
[[2,8,1,0,0,0,1,1,0],2,5].
[[3,8,1,0,0,0,1,1,0],0,3].
[[3,8,1,1,1,2,1,1,0],4,6].
[[3,7,1,1,2,0,0,0,0],12,3].
[[2,8,0,1,1,2,2,1,1],25,24].
[[3,7,1,1,1,2,2,1,1],31,15].
[[2,9,1,0,0,0,2,3,0],2,9].
[[2,9,1,1,2,2,2,1,0],4,13].
[[3,9,1,1,2,2,2,1,0],3,19].
[[3,9,1,1,2,2,1,1,1],5,24].
[[3,7,0,1,2,2,2,2,1],12,16].
[[3,7,2,1,1,2,2,3,1],17,4].
[[2,8,0,1,2,2,1,1,1],13,13].
[[3,9,2,1,2,0,2,3,0],1,29].
[[3,8,0,1,2,0,1,1,1],3,11].
[[2,7,2,1,2,0,1,2,1],7,4].
[[3,3,2,1,2,0,1,2,1],4,0].
[[2,8,0,1,2,0,2,3,0],4,17].
[[3,8,0,1,2,0,2,3,0],9,32].
[[3,8,1,1,1,0,2,3,1],11,14].
[[3,6,1,1,2,2,2,1,0],3,0].
[[2,8,0,1,2,2,2,1,1],31,48].
[[2,9,2,0,0,0,1,2,0],17,31].
[[3,9,2,1,2,0,1,2,0],3,17].
[[2,5,0,1,2,2,1,2,0],19,0].
[[3,9,1,1,2,0,2,2,1],2,3].
[[3,8,1,1,2,2,2,1,0],3,6].
[[2,7,1,0,0,0,2,1,1],18,5].
[[2,9,2,0,0,0,0,0,0],2,26].
[[2,8,1,1,2,0,1,1,1],19,14].
[[3,3,2,1,2,2,2,3,1],11,0].
[[2,7,2,0,0,0,0,0,0],36,7].
[[3,6,1,0,0,0,2,3,1],19,3].
[[2,8,1,1,1,2,2,3,0],9,4].
[[3,6,1,1,1,2,1,1,1],5,0].
[[3,5,0,0,0,0,1,2,1],5,0].
[[3,9,2,1,1,2,2,3,0],6,51].
[[2,6,0,1,2,2,2,3,0],3,3].
[[3,6,0,1,2,2,1,2,0],0,4].
[[3,8,1,1,1,0,1,1,0],0,1].
[[2,6,0,1,1,2,0,0,0],2,3].
[[3,3,1,1,1,2,0,0,0],1,2].
[[2,9,1,1,2,0,1,2,1],4,9].
[[2,8,1,1,1,2,1,1,1],19,14].
[[2,4,2,1,2,0,1,2,1],63,3].
[[3,7,1,0,0,0,0,0,0],9,10].
[[2,9,2,1,2,0,2,1,0],6,12].
[[3,9,1,1,2,0,2,1,0],1,5].
[[3,6,1,1,2,2,2,3,1],47,1].
[[3,9,2,1,2,2,2,2,1],10,45].
[[3,7,2,1,2,0,1,2,1],30,3].
[[3,8,0,1,1,2,0,0,0],0,27].
[[1,6,1,0,0,0,1,2,1],2,0].
[[2,6,1,0,0,0,1,2,1],12,2].
[[3,3,1,0,0,0,1,2,1],4,0].
[[1,9,2,1,1,2,1,1,0],7,4].
[[2,4,2,1,2,0,1,1,0],11,0].
[[3,8,1,1,2,0,2,2,0],2,8].
[[3,8,0,0,0,0,1,2,0],7,13].
[[2,5,0,1,2,0,1,2,0],3,0].
[[3,9,1,1,2,2,1,1,0],6,5].
[[3,9,1,1,1,2,2,2,1],4,8].
[[3,9,2,1,1,2,2,1,0],2,19].
[[1,7,1,0,0,0,2,2,1],8,5].
[[2,7,1,0,0,0,1,1,1],6,5].
[[2,9,1,0,0,0,2,2,0],2,7].
[[2,9,2,1,1,0,2,2,1],1,5].
[[3,8,0,1,1,0,2,2,1],2,7].
[[3,9,1,0,0,0,2,3,0],1,8].
[[3,9,2,0,0,0,2,2,0],0,9].
[[2,3,1,0,0,0,0,0,0],10,1].
[[3,3,1,0,0,0,0,0,0],11,2].
[[3,9,2,1,2,2,2,3,1],4,35].
[[1,4,2,1,2,0,2,1,1],8,0].
[[2,4,2,1,2,0,2,1,1],24,0].
[[2,2,1,1,2,2,0,0,0],2,0].
[[3,2,1,1,1,2,0,0,0],1,0].
[[2,6,0,1,2,2,0,0,0],7,11].
[[3,6,0,1,2,2,2,3,1],6,16].
[[2,8,0,1,1,2,2,1,0],15,12].
[[3,6,0,1,1,2,2,1,0],1,3].
[[2,7,1,1,2,0,2,3,1],10,6].
[[1,9,2,1,2,0,2,1,0],5,8].
[[2,8,0,1,2,0,2,1,0],3,5].
[[3,8,0,1,2,0,2,1,0],1,15].
[[1,6,1,1,2,2,2,3,1],8,0].
[[2,6,1,1,1,2,2,3,1],6,0].
[[2,8,1,1,2,2,2,2,0],9,12].
[[2,9,2,1,2,0,1,1,0],2,4].
[[3,9,2,1,2,0,1,1,0],0,5].
[[2,8,0,1,2,0,1,1,1],1,4].
[[3,7,1,1,1,0,1,1,1],2,7].
[[3,8,0,1,2,0,2,2,1],10,37].
[[2,9,1,1,1,2,2,2,0],1,4].
[[3,9,1,1,1,2,2,2,0],3,7].
[[3,7,1,1,1,0,2,3,1],3,7].
[[2,5,0,1,1,2,1,1,1],7,3].
[[3,5,0,1,1,2,1,1,1],32,4].
[[2,9,1,0,0,0,1,2,1],12,19].
[[3,7,1,1,1,2,2,1,0],5,3].
[[2,8,1,0,0,0,0,0,0],22,26].
[[1,7,1,1,2,2,1,1,1],2,1].
[[2,7,1,1,1,2,1,1,1],6,4].
[[3,3,1,1,1,2,1,1,1],2,0].
[[3,5,0,1,2,2,1,2,1],16,2].
[[2,8,1,0,0,0,2,1,0],9,7].
[[3,8,1,0,0,0,2,1,0],1,2].
[[1,4,2,1,2,0,1,2,1],10,0].
[[3,6,1,1,2,0,2,2,1],14,2].
[[3,8,0,0,0,0,0,0,0],0,3].
[[3,7,1,1,1,0,1,2,0],1,0].
[[1,8,0,1,2,2,2,1,0],15,14].
[[2,7,1,1,2,2,2,1,1],21,13].
[[1,7,1,0,0,0,2,3,1],16,4].
[[3,3,2,1,2,2,2,2,1],9,0].
[[2,9,1,1,2,0,1,2,0],1,2].
[[3,8,1,1,1,0,1,1,1],4,10].
[[2,8,1,1,2,2,1,2,0],20,5].
[[3,6,0,1,2,2,0,0,0],1,7].
[[3,8,0,1,2,2,2,1,1],18,58].
[[3,9,1,1,1,2,2,3,0],2,20].
[[1,7,2,1,2,2,2,2,1],9,0].
[[3,3,1,1,2,2,2,2,1],8,1].
[[2,4,2,1,2,0,2,1,0],10,1].
[[1,9,2,1,2,0,1,1,0],1,1].
[[3,8,0,1,2,0,1,1,0],0,5].
[[2,6,1,0,0,0,2,1,1],15,2].
[[3,6,1,0,0,0,2,1,1],14,0].
[[2,7,0,0,0,0,0,0,0],5,4].
[[3,5,0,1,2,0,1,1,1],18,1].
[[1,6,1,0,0,0,2,2,1],7,1].
[[2,6,1,0,0,0,2,2,1],18,3].
[[2,6,1,1,2,2,2,1,1],11,2].
[[3,6,1,1,2,2,1,2,1],28,3].
[[3,3,2,1,2,2,0,0,0],15,0].
[[1,7,2,0,0,0,2,1,1],10,2].
[[3,9,2,1,2,0,2,2,0],1,7].
[[2,8,1,0,0,0,1,2,0],7,1].
[[2,9,1,1,2,2,1,1,0],3,2].
[[3,9,1,1,1,2,1,1,0],2,5].
[[3,6,1,1,1,2,2,2,0],2,0].
[[2,6,1,0,0,0,2,3,1],32,2].
[[1,4,2,1,2,0,2,2,0],6,0].
[[2,9,2,1,2,0,2,2,0],7,23].
[[3,9,2,1,1,0,2,2,0],0,7].
[[1,8,1,0,0,0,2,1,0],12,4].
[[3,7,2,0,0,0,1,1,1],10,1].
[[2,7,2,0,0,0,2,1,1],22,2].
[[3,7,2,0,0,0,2,1,1],11,1].
[[2,3,2,1,2,2,0,0,0],9,0].
[[3,3,2,1,1,2,2,3,1],2,0].
[[1,9,2,1,2,0,0,0,0],7,24].
[[3,9,2,0,0,0,2,1,0],0,4].
[[2,7,1,0,0,0,2,1,0],3,0].
[[3,3,1,1,2,2,2,1,0],3,0].
[[2,8,1,0,0,0,2,2,0],6,7].
[[2,7,2,1,1,0,2,3,1],2,1].
[[3,3,2,1,1,0,2,3,1],3,0].
[[2,7,2,1,1,2,2,3,1],4,1].
[[3,7,2,1,1,2,2,2,1],20,3].
[[3,9,2,1,1,0,2,2,1],0,5].
[[2,8,1,1,2,0,2,1,0],1,1].
[[3,5,0,1,2,0,1,1,0],8,0].
[[3,7,0,1,1,2,2,2,0],4,6].
[[2,9,2,1,2,0,2,1,1],9,17].
[[3,9,2,1,2,0,2,1,1],1,6].
[[3,7,0,0,0,0,2,3,1],4,4].
[[1,8,1,1,2,0,2,1,1],9,7].
[[2,7,1,1,2,0,2,1,1],3,4].
[[3,5,0,0,0,0,1,1,0],4,1].
[[3,7,2,1,1,0,0,0,0],1,3].
[[2,4,2,1,2,0,2,2,0],24,0].
[[2,8,1,1,1,0,2,3,1],6,10].
[[3,9,1,0,0,0,2,2,0],0,5].
[[3,9,1,1,1,0,1,2,1],2,11].
[[3,7,0,1,2,2,2,2,0],1,5].
[[2,9,2,1,2,0,0,0,0],0,7].
[[3,9,2,1,2,2,0,0,0],0,5].
[[1,8,0,1,2,2,2,2,0],16,16].
[[3,6,0,0,0,0,2,3,0],2,3].
[[2,7,2,0,0,0,1,1,1],6,1].
[[3,9,1,1,2,0,1,1,1],4,11].
[[3,7,1,1,2,0,2,3,0],7,1].
[[3,5,0,1,2,0,1,2,1],7,2].
[[3,6,1,0,0,0,2,2,1],13,1].
[[1,6,1,0,0,0,2,1,1],4,2].
[[2,3,1,0,0,0,2,1,1],2,0].
[[3,3,1,0,0,0,1,1,1],2,0].
[[3,6,0,1,1,2,2,3,1],5,9].
[[3,8,0,0,0,0,1,1,1],5,13].
[[3,8,1,1,2,0,1,1,0],2,2].
[[2,8,1,1,2,0,0,0,0],5,11].
[[3,7,0,1,1,2,2,3,0],1,8].
[[3,8,1,1,2,0,2,3,0],3,6].
[[3,7,0,1,1,2,2,2,1],3,10].
[[3,6,0,0,0,0,2,3,1],3,3].
[[2,8,0,1,2,0,2,3,1],8,22].
[[2,8,0,0,0,0,1,2,0],5,11].
[[3,8,0,0,0,0,1,1,0],3,3].
[[2,7,0,1,2,2,2,3,0],2,0].
[[3,8,0,0,0,0,2,2,1],10,27].
[[3,5,0,1,1,2,1,2,1],10,1].
[[2,7,2,1,2,0,2,1,1],8,0].
[[3,8,1,1,1,2,1,2,0],15,4].
[[2,9,2,1,2,0,1,1,1],4,10].
[[3,9,2,0,0,0,2,2,1],2,6].
[[3,7,0,1,2,0,2,3,0],2,5].
[[1,8,1,1,1,2,2,1,1],15,2].
[[1,7,2,1,2,0,2,2,1],3,2].
[[2,7,2,1,1,0,1,1,1],0,1].
[[3,8,1,0,0,0,2,2,0],0,2].
[[1,9,2,1,2,0,2,1,1],5,19].
[[2,8,0,1,2,0,0,0,0],5,24].
[[3,8,0,1,1,0,0,0,0],0,3].
[[3,9,2,1,2,0,2,3,1],2,9].
[[2,7,1,1,2,0,2,2,1],8,6].
[[3,6,1,1,2,0,1,1,1],7,5].
[[3,8,1,0,0,0,2,3,0],3,5].
[[1,7,2,1,2,2,2,3,1],9,2].
[[2,8,1,1,1,2,0,0,0],10,3].
[[3,6,1,1,1,2,0,0,0],2,1].
[[1,6,0,1,2,2,0,0,0],7,7].
[[3,3,2,1,2,0,2,1,1],2,0].
[[3,8,1,1,1,2,0,0,0],0,2].
[[3,8,0,1,1,0,1,1,0],0,4].
[[1,6,1,1,2,2,2,2,1],5,0].
[[2,6,1,1,1,2,2,2,1],1,0].
[[1,4,2,1,2,0,1,1,0],1,0].
[[2,5,0,1,1,2,1,2,0],6,0].
[[1,4,2,1,2,0,2,3,1],21,1].
[[2,7,2,1,2,0,2,2,1],16,3].
[[1,6,1,0,0,0,2,2,0],3,0].
[[2,6,1,1,2,0,2,2,1],4,1].
[[1,9,2,0,0,0,1,1,0],12,12].
[[3,7,0,0,0,0,1,1,1],0,1].
[[3,9,1,1,2,2,2,2,1],5,14].
[[2,5,0,0,0,0,1,1,1],9,1].
[[3,5,0,0,0,0,1,1,1],13,2].
[[1,7,2,0,0,0,1,2,1],6,1].
[[2,7,2,0,0,0,1,2,1],22,1].
[[2,6,1,0,0,0,1,1,1],5,2].
[[3,6,1,0,0,0,1,1,0],1,1].
[[1,8,1,0,0,0,1,2,0],6,1].
[[3,6,1,0,0,0,1,2,1],14,1].
[[1,2,1,0,0,0,0,0,0],5,0].
[[2,2,1,0,0,0,0,0,0],5,0].
[[3,2,1,0,0,0,2,2,1],2,0].
[[3,3,1,1,2,2,1,2,1],5,0].
[[2,9,1,1,2,0,1,1,1],2,3].
[[2,7,2,1,1,2,2,1,1],5,0].
[[3,3,2,1,1,2,2,1,1],2,0].
[[1,4,2,1,2,0,1,2,0],10,1].
[[3,9,2,1,1,0,2,1,0],0,4].
[[3,6,1,1,2,2,1,1,1],11,1].
[[2,6,1,1,2,0,2,1,1],2,0].
[[2,8,1,1,1,2,1,2,0],8,1].
[[3,5,0,1,1,0,1,1,1],1,3].
[[1,7,1,0,0,0,1,2,1],2,0].
[[3,7,0,1,1,2,1,2,0],1,3].
[[3,7,0,1,2,2,1,2,0],3,6].
[[1,8,0,1,1,2,2,1,0],5,4].
[[2,7,1,0,0,0,2,2,0],4,0].
[[2,7,1,1,2,2,1,1,1],4,5].
[[2,3,2,0,0,0,0,0,0],15,0].
[[3,3,2,0,0,0,2,1,1],3,0].
[[3,3,1,0,0,0,2,2,1],3,0].
[[3,6,0,1,2,0,0,0,0],0,2].
[[3,7,0,1,1,2,2,1,1],4,7].
[[3,5,0,0,0,0,1,2,0],9,0].
[[3,6,1,1,2,0,1,2,0],1,0].
[[2,9,1,1,1,2,1,1,1],6,7].
[[3,4,0,1,2,0,2,3,1],0,1].
[[3,8,1,1,1,2,2,1,0],2,2].
[[3,7,0,0,0,0,2,2,1],1,2].
[[1,8,1,1,2,2,1,1,1],16,13].
[[3,3,1,1,2,2,1,1,1],1,0].
[[3,7,0,0,0,0,2,1,1],1,1].
[[3,8,1,1,1,0,2,1,1],5,5].
[[2,8,1,1,1,0,2,1,1],1,2].
[[3,7,1,1,1,0,2,1,1],1,1].
[[3,9,2,1,1,2,2,3,1],2,16].
[[1,8,1,1,1,2,2,1,0],3,0].
[[2,6,1,1,2,2,2,1,0],3,0].
[[3,6,1,1,2,2,2,3,0],5,0].
[[3,7,1,1,1,2,2,2,0],2,1].
[[3,8,0,1,1,0,1,1,1],1,5].
[[1,4,2,1,2,0,2,2,1],17,1].
[[2,8,0,1,1,2,1,1,1],6,7].
[[3,3,1,0,0,0,2,3,1],3,1].
[[3,3,2,0,0,0,2,2,1],5,0].
[[3,7,2,1,1,0,2,1,1],5,2].
[[3,7,1,1,1,2,0,0,0],10,12].
[[3,7,0,1,2,0,2,3,1],2,5].
[[3,8,0,0,0,0,2,2,0],4,16].
[[3,7,1,1,1,0,2,2,1],4,10].
[[1,7,2,1,2,0,2,3,1],3,2].
[[2,3,2,1,2,0,2,3,1],4,0].
[[1,8,1,1,1,2,1,1,1],3,2].
[[2,9,1,0,0,0,1,1,1],7,6].
[[3,7,2,0,0,0,2,3,1],15,0].
[[2,5,0,1,2,2,1,2,1],6,0].
[[2,8,0,1,2,0,1,2,1],2,8].
[[3,7,0,1,1,2,1,2,1],3,10].
[[3,8,0,1,2,0,2,2,0],6,15].
[[2,8,0,1,1,2,1,1,0],6,1].
[[3,6,1,1,1,2,2,1,0],1,0].
[[3,9,1,1,1,2,1,2,0],5,11].
[[3,5,0,1,2,0,1,2,0],15,1].
[[3,8,1,0,0,0,1,2,0],4,0].
[[2,8,1,1,1,0,1,1,1],0,4].
[[2,3,2,1,2,0,2,2,1],1,0].
[[3,3,2,1,2,0,1,1,1],2,0].
[[2,7,1,1,1,2,1,2,1],4,1].
[[1,3,2,0,0,0,0,0,0],8,0].
[[3,3,2,0,0,0,0,0,0],9,0].
[[2,9,1,1,2,0,0,0,0],1,0].
[[3,2,1,1,2,0,2,3,1],2,0].
[[3,9,1,1,1,0,2,2,1],0,4].
[[3,6,1,1,2,2,0,0,0],4,0].
[[3,8,0,1,2,0,2,1,1],4,13].
[[3,9,2,1,1,0,2,1,1],0,1].
[[3,3,1,1,1,2,2,3,1],4,1].
[[2,6,0,0,0,0,2,3,1],0,2].
[[3,6,0,1,2,0,2,3,1],2,1].
[[3,6,1,1,1,2,2,1,1],7,0].
[[2,9,2,1,1,0,2,3,1],0,4].
[[3,8,1,1,2,2,2,2,0],4,3].
[[3,6,0,1,2,2,1,2,1],3,2].
[[1,7,1,1,2,2,2,3,0],1,0].
[[3,9,1,0,0,0,2,1,0],0,9].
[[3,6,0,0,0,0,2,2,1],2,1].
[[3,9,2,1,1,0,2,3,0],0,4].
[[3,8,1,1,2,0,2,1,0],1,3].
[[3,7,1,1,1,0,1,2,1],5,10].
[[3,6,1,1,2,0,2,2,0],3,0].
[[2,8,1,1,2,2,1,1,0],0,3].
[[3,6,1,1,2,2,1,1,0],1,2].
[[3,4,0,1,2,0,1,1,1],0,3].
[[3,5,0,1,1,0,1,2,0],1,1].
[[3,8,1,1,1,0,2,3,0],1,5].
[[1,7,1,1,2,2,2,3,1],5,2].
[[1,7,1,1,2,2,2,2,1],6,3].
[[2,7,2,1,2,2,1,1,1],8,2].
[[3,6,0,0,0,0,0,0,0],2,1].
[[2,7,0,1,1,2,2,3,0],0,1].
[[2,8,0,1,2,2,1,1,0],5,5].
[[3,6,0,1,1,2,2,1,1],0,3].
[[3,3,1,1,2,2,2,1,1],4,1].
[[3,9,2,1,1,2,0,0,0],0,1].
[[1,8,0,1,2,2,1,2,0],2,7].
[[3,6,1,1,1,0,2,3,1],2,3].
[[2,6,0,1,2,2,2,1,1],1,2].
[[2,7,2,1,2,0,1,1,1],3,2].
[[3,3,1,0,0,0,2,1,1],4,0].
[[3,3,2,1,2,0,2,3,1],6,0].
[[3,8,0,1,1,0,2,1,1],2,2].
[[3,2,0,1,2,2,2,1,1],0,1].
[[3,7,1,1,2,2,1,2,0],8,0].
[[2,5,0,1,1,2,1,1,0],3,0].
[[3,5,0,1,1,2,1,1,0],8,1].
[[3,7,0,1,1,2,1,1,1],0,2].
[[3,7,2,1,1,2,1,2,1],11,0].
[[3,6,0,1,1,2,2,2,1],3,1].
[[3,2,0,1,1,2,0,0,0],0,1].
[[2,7,1,1,2,0,1,2,1],1,1].
[[3,9,1,1,1,0,1,1,1],0,4].
[[3,6,0,1,2,2,2,1,1],2,5].
[[2,6,0,1,2,2,1,2,0],0,1].
[[1,4,2,1,2,0,2,1,0],5,2].
[[2,5,0,0,0,0,1,2,0],11,0].
[[2,7,2,1,1,2,2,2,1],2,0].
[[2,6,1,1,2,2,2,2,0],1,0].
[[3,3,2,0,0,0,2,3,1],8,0].
[[3,3,2,0,0,0,1,2,1],4,0].
[[3,7,0,0,0,0,2,1,0],0,2].
[[3,9,1,1,2,0,2,1,1],0,1].
[[2,3,2,1,2,2,2,2,1],1,0].
[[3,9,2,1,1,0,1,2,0],0,3].
[[2,5,0,1,2,2,1,1,0],2,0].
[[2,7,1,0,0,0,1,2,1],8,3].
[[2,7,0,1,1,2,2,1,0],1,1].
[[3,7,0,1,1,2,2,1,0],0,3].
[[2,9,1,1,2,2,1,2,0],5,6].
[[1,8,0,1,1,2,1,2,1],0,1].
[[3,3,1,1,2,0,2,2,1],1,1].
[[2,6,0,0,0,0,2,2,1],3,1].
[[3,7,0,1,2,2,1,1,0],1,1].
[[3,7,2,1,1,0,1,1,1],5,3].
[[3,7,0,1,1,2,0,0,0],3,10].
[[3,6,1,0,0,0,2,1,0],1,0].
[[2,9,2,1,1,0,2,3,0],0,4].
[[3,9,2,1,1,0,1,1,0],0,3].
[[1,8,1,1,2,0,2,3,0],3,4].
[[2,7,1,1,2,0,2,3,0],1,1].
[[1,8,1,1,1,2,2,2,0],2,0].
[[3,9,1,1,1,0,1,2,0],0,3].
[[2,6,1,1,2,2,1,2,1],8,0].
[[2,6,1,0,0,0,1,1,0],1,0].
[[2,9,2,1,1,0,1,2,1],2,8].
[[1,8,1,1,1,2,1,2,0],0,1].
[[1,8,1,1,2,2,1,1,0],0,1].
[[2,8,1,1,1,0,2,3,0],1,0].
[[3,7,1,1,2,0,2,1,0],1,2].
[[3,9,2,0,0,0,1,1,0],1,5].
[[3,3,2,1,1,2,2,2,1],1,0].
[[2,8,0,0,0,0,1,1,0],3,4].
[[3,7,1,1,2,2,1,1,0],2,2].
[[2,7,0,0,0,0,2,3,1],0,2].
[[3,7,0,1,2,0,1,2,1],0,2].
[[3,7,1,1,2,2,2,1,0],7,3].
[[3,3,2,1,2,0,0,0,0],6,0].
[[3,6,1,1,2,0,2,1,1],5,1].
[[1,7,2,1,2,2,2,1,1],4,0].
[[2,7,2,1,1,2,1,1,1],1,0].
[[2,6,0,1,2,2,2,3,1],1,5].
[[3,7,0,0,0,0,0,0,0],0,3].
[[2,5,0,1,2,0,1,1,1],4,0].
[[2,9,2,1,1,0,2,1,1],0,2].
[[1,6,1,1,2,2,2,1,1],2,0].
[[2,9,1,0,0,0,2,2,1],1,6].
[[2,6,1,1,2,0,0,0,0],8,0].
[[2,9,1,1,2,0,2,2,0],0,1].
[[3,9,1,1,2,0,2,2,0],0,4].
[[3,7,1,0,0,0,1,2,0],4,0].
[[3,2,1,0,0,0,0,0,0],5,0].
[[2,7,0,0,0,0,2,3,0],2,1].
[[3,7,0,0,0,0,1,2,0],1,1].
[[2,7,0,1,2,2,2,2,0],1,1].
[[3,3,1,1,1,2,1,2,1],1,0].
[[3,8,0,1,1,0,2,1,0],1,4].
[[2,3,1,1,2,2,2,2,0],1,0].
[[3,9,1,1,1,0,2,1,0],0,2].
[[3,7,1,0,0,0,2,1,0],1,3].
[[2,9,1,1,2,0,2,1,0],0,1].
[[1,8,1,1,2,2,1,2,0],2,0].
[[3,8,1,1,1,0,2,1,0],0,2].
[[3,6,0,1,1,2,0,0,0],0,3].
[[3,9,1,0,0,0,2,2,1],0,2].
[[3,4,0,1,2,0,1,2,1],0,3].
[[3,6,0,1,2,0,2,2,1],0,1].
[[3,6,1,1,1,2,1,2,0],2,0].
[[2,7,0,1,1,2,2,2,1],0,1].
[[3,3,2,1,2,0,2,2,1],4,0].
[[2,9,2,1,1,0,2,1,0],0,3].
[[3,9,1,1,1,0,2,3,0],1,2].
[[2,6,1,0,0,0,2,3,0],5,0].
[[2,9,1,1,1,2,1,2,0],6,1].
[[2,8,0,1,2,0,1,2,0],1,2].
[[3,7,1,1,2,0,1,2,0],2,1].
[[1,8,0,0,0,0,1,1,0],1,1].
[[2,7,1,0,0,0,2,3,0],7,0].
[[2,6,1,0,0,0,2,2,0],1,0].
[[3,3,1,1,2,2,2,2,0],1,0].
[[3,8,1,1,1,0,1,2,0],1,1].
[[3,9,1,1,1,2,2,1,1],1,3].
[[2,3,2,0,0,0,2,3,1],4,0].
[[3,6,0,1,1,2,1,1,1],0,2].
[[2,9,1,0,0,0,2,1,0],1,1].
[[3,7,1,1,1,2,1,2,0],3,1].
[[3,6,0,1,2,2,1,1,0],1,0].
[[3,7,1,0,0,0,2,3,0],3,0].
[[1,7,1,0,0,0,2,2,0],1,0].
[[3,7,1,1,1,0,2,3,0],0,1].
[[3,3,2,1,2,2,1,2,1],7,0].
[[1,8,1,1,2,0,1,1,1],0,1].
[[3,6,0,1,1,2,2,3,0],2,3].
[[3,3,1,1,2,0,0,0,0],4,0].
[[2,5,0,1,2,0,1,1,0],1,0].
[[3,6,1,0,0,0,1,1,1],4,1].
[[2,8,1,1,1,2,1,1,0],3,0].
[[3,7,0,0,0,0,1,2,1],3,0].
[[2,7,1,1,2,2,2,1,0],2,0].
[[3,8,0,1,1,0,1,2,0],2,0].
[[3,6,0,1,1,2,1,2,1],1,2].
[[3,7,2,1,2,0,0,0,0],3,1].
[[3,7,0,0,0,0,2,3,0],0,2].
[[2,7,0,1,1,2,2,3,1],2,0].
[[3,6,0,1,2,0,2,1,1],0,2].
[[1,3,2,0,0,0,2,3,1],2,0].
[[2,7,1,1,1,2,2,3,0],2,0].
[[1,6,1,1,2,2,2,3,0],2,0].
[[1,6,1,0,0,0,2,1,0],1,0].
[[2,7,0,1,2,2,2,2,1],2,2].
[[1,8,1,1,1,2,2,3,0],3,0].
[[2,9,1,1,1,2,2,1,1],1,0].
[[2,6,0,0,0,0,2,1,0],1,0].
[[2,9,2,1,1,0,1,1,0],0,2].
[[2,6,0,1,1,2,2,2,1],2,1].
[[3,3,0,1,1,2,2,2,1],0,1].
[[2,7,1,1,2,0,2,1,0],2,0].
[[3,7,1,1,2,0,1,1,0],2,1].
[[2,6,0,0,0,0,0,0,0],4,4].
[[2,7,2,1,1,2,1,2,1],2,0].
[[3,6,0,1,2,2,2,1,0],1,2].
[[2,5,0,1,1,2,1,2,1],2,0].
[[3,6,1,0,0,0,2,3,0],2,0].
[[1,8,1,1,2,0,1,1,0],0,1].
[[2,6,1,1,2,0,1,1,0],0,1].
[[2,6,1,1,1,2,2,1,1],2,0].
[[3,9,1,1,2,2,2,1,1],1,3].
[[3,8,0,1,1,0,2,3,1],0,2].
[[2,3,2,1,2,0,0,0,0],3,0].
[[2,9,1,1,2,0,2,2,1],3,4].
[[3,7,0,1,2,0,2,1,0],0,1].
[[1,8,1,0,0,0,1,1,0],0,1].
[[2,6,0,1,1,2,2,3,0],1,0].
[[3,6,0,0,0,0,2,1,1],1,2].
[[3,6,0,1,2,0,2,3,0],0,1].
[[3,6,0,0,0,0,1,2,1],0,1].
[[3,1,1,1,2,0,1,2,0],3,0].
[[3,9,1,0,0,0,1,2,0],2,1].
[[1,6,0,0,0,0,0,0,0],3,1].
[[1,8,0,0,0,0,1,2,0],2,2].
[[2,7,0,0,0,0,1,2,0],1,0].
[[3,6,1,1,1,0,2,1,0],1,0].
[[3,4,0,1,2,0,2,2,0],0,1].
[[2,8,1,1,1,2,2,1,0],3,1].
[[2,9,2,1,1,0,2,2,0],1,1].
[[3,7,0,0,0,0,1,1,0],0,1].
[[2,9,1,0,0,0,2,1,1],1,0].
[[3,4,0,1,2,0,1,2,0],0,1].
[[3,3,2,1,2,2,2,1,1],5,0].
[[2,6,1,1,2,0,1,1,1],1,0].
[[3,3,1,1,2,0,1,1,1],1,0].
[[3,7,2,0,0,0,0,0,0],6,1].
[[2,7,2,1,1,0,1,2,1],0,2].
[[2,3,2,0,0,0,2,1,1],1,0].
[[2,9,1,0,0,0,0,0,0],0,2].
[[3,3,1,1,2,2,2,3,0],2,0].
[[2,6,0,1,1,2,2,3,1],4,0].
[[2,3,1,0,0,0,2,3,1],1,0].
[[3,3,1,1,2,0,1,2,1],1,0].
[[3,9,1,1,1,0,2,2,0],1,0].
[[2,6,1,1,2,0,1,2,1],1,0].
[[2,5,0,1,1,0,1,1,0],0,1].
[[3,5,0,1,1,0,1,1,0],0,1].
[[3,4,0,1,2,0,2,1,1],0,1].
[[3,7,1,0,0,0,1,1,0],0,1].
[[3,7,0,1,2,2,2,1,0],1,3].
[[3,6,1,0,0,0,0,0,0],1,0].
[[2,6,1,1,1,2,2,1,0],1,0].
[[3,3,1,1,1,2,2,1,0],1,0].
[[3,7,0,0,0,0,2,2,0],2,0].
[[3,7,2,1,1,2,2,1,1],6,0].
[[3,9,1,0,0,0,1,1,0],2,0].
[[3,9,1,1,2,0,1,1,0],0,1].
[[3,6,1,1,1,0,1,2,1],0,1].
[[1,7,2,1,2,0,1,1,1],0,1].
[[1,8,0,1,2,2,1,1,0],0,1].
[[2,7,0,1,1,2,2,2,0],1,2].
[[3,6,1,1,2,2,2,2,0],1,0].
[[1,7,1,0,0,0,2,1,1],2,1].
[[2,5,0,0,0,0,1,2,1],1,0].
[[3,9,2,1,1,0,2,3,1],0,1].
[[2,6,0,1,2,2,2,1,0],1,0].
[[1,7,1,0,0,0,2,3,0],0,1].
[[1,7,1,0,0,0,2,1,0],1,0].
[[2,1,1,1,2,0,1,2,0],1,0].
[[2,9,2,1,1,0,0,0,0],0,1].
[[2,6,0,1,1,2,2,1,1],1,0].
[[3,3,1,1,1,2,2,1,1],3,0].
[[2,9,1,1,2,2,2,1,1],0,2].
[[2,8,1,1,2,0,1,1,0],1,1].
[[2,2,0,1,2,2,0,0,0],1,0].
[[3,2,0,1,1,2,2,2,1],1,0].
[[2,8,1,1,1,0,0,0,0],0,1].
[[1,7,1,1,2,2,1,2,1],1,0].
[[3,5,0,1,1,0,1,2,1],0,2].
[[3,9,1,1,2,2,0,0,0],0,1].
[[2,5,0,1,2,0,1,2,1],1,0].
[[2,7,1,1,2,0,1,1,1],1,0].
[[2,2,1,0,0,0,2,2,1],1,0].
[[2,9,2,1,1,0,1,2,0],0,1].
[[1,6,1,1,2,2,1,2,1],1,0].
[[3,7,1,1,1,2,1,1,0],1,0].
[[3,6,1,1,1,0,0,0,0],1,0].
[[3,1,1,1,2,0,1,2,1],1,0].
[[2,9,1,1,1,2,1,1,0],1,0].
[[2,3,2,1,2,2,1,2,1],1,0].
[[1,7,2,1,2,0,1,2,1],1,0].
[[3,7,0,1,2,2,1,1,1],0,1].
[[1,7,2,0,0,0,1,1,1],0,1].
[[3,7,0,1,2,0,1,2,0],0,1].
[[2,3,2,1,2,2,2,3,1],1,0].
[[1,6,0,0,0,0,2,2,0],0,1].
[[2,6,0,0,0,0,2,2,0],0,1].
[[3,6,0,0,0,0,2,2,0],0,1].
[[3,7,1,1,1,0,1,1,0],0,1].
[[1,7,1,1,2,2,2,1,1],0,1].
[[3,8,1,1,2,2,0,0,0],0,1].
[[2,7,1,1,2,0,2,2,0],0,1].
[[3,9,1,0,0,0,0,0,0],0,1].
