total_WL(7773,4441).
[[1,9,2,1,2,2,2,1,0],122,85].
[[2,9,2,1,2,2,2,1,1],52,66].
[[3,9,2,1,2,2,1,2,1],88,141].
[[1,9,2,0,0,0,2,3,1],210,189].
[[2,8,1,1,2,0,2,3,1],84,34].
[[3,8,1,1,2,0,1,2,1],68,35].
[[1,8,1,1,2,2,0,0,0],376,88].
[[2,8,1,1,2,2,2,2,0],59,15].
[[3,7,2,1,2,2,2,2,1],45,2].
[[1,9,2,0,0,0,2,2,0],167,158].
[[2,9,2,1,2,2,2,2,1],86,116].
[[2,8,1,1,2,2,2,1,0],44,12].
[[3,8,1,1,2,2,2,1,0],9,5].
[[1,9,2,0,0,0,0,0,0],147,245].
[[2,9,2,0,0,0,2,1,0],28,28].
[[3,5,0,0,0,0,1,2,0],6,0].
[[1,9,2,1,2,2,0,0,0],158,280].
[[2,9,2,1,2,2,2,3,0],87,154].
[[3,9,2,1,2,2,2,3,0],5,63].
[[1,9,2,1,2,2,1,1,1],29,26].
[[2,9,2,1,1,2,1,1,1],33,16].
[[3,9,2,1,1,2,1,1,1],16,30].
[[1,9,2,1,2,2,1,2,0],80,54].
[[2,9,2,1,2,2,1,2,0],126,112].
[[3,9,2,1,2,2,1,2,0],87,124].
[[2,8,0,1,1,2,0,0,0],57,47].
[[3,7,1,1,1,2,0,0,0],21,4].
[[1,8,1,0,0,0,2,2,0],75,15].
[[2,8,1,0,0,0,2,2,0],39,11].
[[3,8,1,1,2,0,1,1,0],12,7].
[[1,9,2,1,2,2,2,2,0],179,158].
[[2,8,1,1,2,2,2,3,1],292,84].
[[3,7,1,1,2,2,2,3,1],180,46].
[[1,9,2,1,1,2,2,3,1],100,50].
[[2,9,2,1,1,2,2,3,1],84,75].
[[3,9,2,1,1,2,2,1,1],6,18].
[[1,9,2,1,2,2,2,3,0],273,206].
[[1,8,0,0,0,0,0,0,0],167,135].
[[2,8,0,1,2,0,2,1,0],3,4].
[[3,8,0,1,2,2,1,2,0],91,50].
[[1,8,1,0,0,0,2,3,1],280,76].
[[2,7,1,0,0,0,2,3,1],44,11].
[[3,7,1,1,2,0,2,3,1],61,10].
[[2,8,0,1,2,2,0,0,0],72,133].
[[3,8,0,1,2,2,2,3,0],52,97].
[[2,9,2,1,2,2,2,1,0],48,79].
[[3,9,2,1,1,2,1,1,0],15,37].
[[1,8,1,1,2,2,2,2,1],96,23].
[[2,8,1,1,2,2,2,2,1],179,46].
[[1,8,1,0,0,0,2,1,0],46,9].
[[2,8,1,1,2,0,1,1,0],5,2].
[[3,6,1,1,1,0,1,1,0],1,1].
[[1,8,1,1,2,2,1,2,1],56,15].
[[2,8,1,1,2,2,1,2,1],149,39].
[[3,8,1,1,2,2,1,2,1],218,70].
[[1,8,0,1,2,2,2,2,1],30,15].
[[2,8,0,1,2,2,2,2,1],77,56].
[[3,7,0,1,2,2,2,2,1],9,6].
[[1,9,2,0,0,0,2,2,1],154,124].
[[2,9,2,0,0,0,2,3,1],69,80].
[[3,9,2,0,0,0,1,2,1],17,38].
[[1,8,0,0,0,0,2,3,0],36,34].
[[2,8,0,0,0,0,1,2,0],19,13].
[[3,8,0,1,2,0,1,2,0],18,22].
[[1,8,1,0,0,0,0,0,0],457,124].
[[2,8,1,1,2,2,2,3,0],93,29].
[[3,6,1,1,2,2,2,3,0],9,0].
[[1,8,1,1,2,2,2,3,1],223,51].
[[2,8,1,1,1,2,2,3,1],113,23].
[[3,7,2,1,1,2,2,3,1],25,0].
[[1,9,2,0,0,0,2,3,0],211,217].
[[3,9,2,1,1,2,1,2,0],63,98].
[[2,8,1,0,0,0,2,3,1],204,41].
[[3,7,1,0,0,0,2,3,1],48,17].
[[3,8,1,1,1,2,1,2,1],120,39].
[[1,8,1,1,1,2,2,1,0],7,0].
[[2,4,2,1,2,0,1,2,0],43,0].
[[3,4,2,1,2,0,1,2,0],119,1].
[[1,7,2,0,0,0,0,0,0],103,9].
[[2,7,2,1,2,2,0,0,0],49,3].
[[3,7,2,1,2,2,2,1,0],7,1].
[[2,8,1,0,0,0,2,1,1],56,18].
[[3,8,1,0,0,0,2,1,1],14,5].
[[3,8,0,1,1,2,2,1,0],20,19].
[[2,8,0,0,0,0,0,0,0],27,52].
[[1,9,2,1,2,2,2,3,1],270,248].
[[2,9,2,1,2,2,2,3,1],126,158].
[[3,8,1,1,2,2,2,3,1],201,58].
[[1,7,1,1,2,2,2,3,1],12,4].
[[2,7,1,1,2,2,2,3,1],80,18].
[[3,7,1,1,2,2,1,2,1],93,24].
[[1,4,2,1,2,0,2,1,1],7,0].
[[2,4,2,1,2,0,2,1,1],25,1].
[[3,4,2,1,2,0,1,2,1],159,2].
[[2,8,0,1,2,0,2,3,0],18,19].
[[1,9,2,1,2,2,2,1,1],73,78].
[[2,9,2,1,1,2,2,1,1],27,27].
[[3,4,2,1,2,0,2,1,1],40,1].
[[2,9,2,1,2,2,1,1,0],41,60].
[[3,5,0,1,2,2,1,1,0],32,5].
[[1,8,1,0,0,0,2,3,0],102,24].
[[2,8,1,1,2,0,1,2,0],16,5].
[[3,7,1,1,2,0,1,2,0],5,0].
[[1,8,0,1,2,2,0,0,0],252,197].
[[3,6,0,1,1,2,0,0,0],11,10].
[[2,8,1,1,2,0,1,2,1],32,22].
[[3,8,1,1,1,0,1,2,1],15,27].
[[3,9,2,1,1,2,2,3,1],19,35].
[[1,9,2,0,0,0,2,1,1],53,67].
[[2,9,2,0,0,0,2,1,1],14,34].
[[3,8,0,1,2,2,2,1,1],33,30].
[[2,3,2,1,2,0,0,0,0],8,0].
[[3,3,2,1,2,0,0,0,0],8,0].
[[3,8,0,1,2,2,2,3,1],70,91].
[[1,9,2,0,0,0,1,2,0],93,51].
[[2,9,2,0,0,0,1,2,0],62,45].
[[3,9,2,1,2,0,1,2,0],28,45].
[[3,8,1,1,1,2,2,3,1],95,32].
[[1,9,2,1,1,2,1,2,0],37,7].
[[2,8,0,1,1,2,1,2,0],30,8].
[[3,5,0,1,1,2,1,1,0],19,5].
[[1,8,1,1,2,0,2,2,0],8,5].
[[2,8,1,1,2,0,2,2,0],18,4].
[[3,8,1,1,2,0,1,2,0],35,8].
[[3,9,2,1,2,0,2,1,1],5,4].
[[2,7,1,1,2,2,2,2,1],40,16].
[[3,7,1,1,1,2,2,2,1],47,16].
[[1,9,2,1,2,0,2,1,0],10,3].
[[2,9,2,1,2,0,2,1,0],6,9].
[[3,8,0,1,2,2,2,1,0],33,46].
[[1,8,1,0,0,0,2,2,1],168,40].
[[1,8,1,1,2,2,2,1,0],31,3].
[[3,7,1,1,2,2,2,3,0],65,10].
[[2,8,0,1,2,2,2,1,1],32,36].
[[3,8,0,1,2,2,1,1,1],24,35].
[[1,9,2,1,1,2,0,0,0],99,62].
[[2,9,2,1,1,2,2,1,0],36,25].
[[3,4,2,1,2,0,2,1,0],48,1].
[[1,9,2,0,0,0,2,1,0],103,71].
[[3,9,2,1,2,2,2,1,0],13,35].
[[1,8,1,1,1,2,2,2,1],18,3].
[[2,4,2,1,2,0,2,2,1],44,1].
[[1,9,2,1,1,2,2,2,1],83,28].
[[2,8,1,1,1,2,2,2,1],58,8].
[[1,9,2,1,1,2,2,1,1],31,19].
[[2,8,1,1,2,0,2,2,1],39,15].
[[3,7,1,1,2,2,2,2,1],97,22].
[[2,8,1,0,0,0,2,2,1],124,32].
[[3,7,1,0,0,0,2,2,1],21,5].
[[1,8,1,0,0,0,1,2,0],18,4].
[[2,8,1,0,0,0,1,2,0],35,7].
[[3,8,1,0,0,0,1,2,0],34,4].
[[2,9,2,1,1,2,2,2,1],57,52].
[[3,8,0,1,1,2,2,2,1],48,43].
[[2,8,0,1,1,2,2,3,0],50,34].
[[3,8,0,1,1,2,1,2,0],75,42].
[[1,8,0,0,0,0,2,2,1],22,12].
[[2,8,0,0,0,0,1,2,1],16,14].
[[3,8,0,1,2,0,1,2,1],17,17].
[[1,9,2,1,2,2,2,2,1],151,132].
[[1,7,1,1,2,2,0,0,0],56,15].
[[2,7,1,1,2,2,0,0,0],125,22].
[[3,7,2,1,2,2,0,0,0],16,3].
[[2,3,2,0,0,0,0,0,0],22,0].
[[3,3,2,0,0,0,2,3,1],6,1].
[[1,6,0,1,2,2,0,0,0],20,9].
[[2,6,0,1,2,2,0,0,0],23,16].
[[3,3,1,1,2,2,0,0,0],34,3].
[[2,8,1,1,2,2,1,1,1],39,22].
[[3,6,1,1,2,2,1,1,1],8,2].
[[3,7,1,1,2,2,0,0,0],59,17].
[[1,7,2,1,2,2,0,0,0],31,3].
[[1,9,2,1,2,0,2,3,1],32,35].
[[2,9,2,1,2,0,2,3,1],30,48].
[[3,9,2,1,2,0,1,2,1],21,51].
[[3,9,2,1,2,2,2,1,1],10,26].
[[3,7,2,0,0,0,2,2,1],16,0].
[[1,9,2,1,2,0,2,2,0],16,28].
[[2,9,2,1,1,0,2,1,0],0,4].
[[3,9,2,1,1,0,2,1,0],0,7].
[[3,7,2,1,1,0,2,2,0],2,1].
[[1,8,1,1,2,2,1,2,0],21,4].
[[2,8,1,1,1,2,1,2,0],24,4].
[[3,8,1,1,1,2,1,2,0],52,9].
[[3,8,1,1,1,2,1,1,1],31,29].
[[3,7,1,1,1,2,2,3,1],84,16].
[[2,9,2,1,2,0,2,3,0],18,34].
[[3,8,0,1,2,0,2,3,0],6,21].
[[3,9,2,1,2,0,2,2,0],7,16].
[[1,8,0,0,0,0,2,2,0],24,16].
[[2,8,0,0,0,0,2,2,0],46,30].
[[1,7,1,1,2,2,2,1,1],3,1].
[[2,7,1,1,2,2,2,1,1],24,3].
[[3,7,1,1,2,2,1,1,1],31,13].
[[2,8,1,0,0,0,1,2,1],87,27].
[[3,7,1,1,2,0,1,2,1],28,6].
[[1,4,2,1,2,0,2,2,0],23,0].
[[2,4,2,1,2,0,2,2,0],34,0].
[[3,4,2,1,2,0,1,1,0],45,0].
[[2,9,2,1,2,2,1,2,1],131,131].
[[3,9,2,1,1,2,1,2,1],69,109].
[[1,9,2,1,1,2,1,2,1],39,14].
[[2,4,2,1,2,0,1,2,1],44,1].
[[3,8,0,1,2,2,1,2,1],76,82].
[[3,8,0,1,2,2,2,2,0],50,78].
[[1,8,0,1,2,2,2,3,0],59,36].
[[2,8,0,1,2,2,1,2,0],28,23].
[[3,8,0,1,1,2,1,1,0],20,22].
[[3,9,2,1,1,2,2,3,0],1,41].
[[1,8,0,1,1,2,2,1,0],7,3].
[[1,8,0,1,2,2,2,2,0],38,17].
[[2,8,0,1,2,2,2,2,0],85,62].
[[3,6,0,1,2,2,2,2,0],14,5].
[[2,9,2,0,0,0,2,2,1],49,60].
[[3,9,2,1,2,0,2,2,1],12,16].
[[1,8,0,1,2,2,2,3,1],48,30].
[[2,7,0,1,1,2,2,3,1],2,1].
[[3,4,2,1,2,0,2,3,1],124,7].
[[2,8,1,1,2,2,1,2,0],54,7].
[[3,8,1,1,2,2,1,2,0],106,21].
[[1,9,2,1,1,2,2,3,0],102,37].
[[2,9,2,1,1,2,2,3,0],51,54].
[[2,7,1,1,2,2,2,1,0],10,0].
[[3,7,1,1,2,2,2,1,0],28,4].
[[2,8,0,1,1,2,2,1,0],34,5].
[[1,8,0,1,1,2,0,0,0],91,30].
[[2,7,1,1,1,2,0,0,0],33,8].
[[2,8,0,1,2,2,2,3,1],84,86].
[[3,7,2,1,1,2,0,0,0],10,0].
[[3,7,1,1,2,2,2,1,1],51,12].
[[2,9,2,1,2,2,2,2,0],82,116].
[[3,7,0,1,2,0,2,3,0],3,5].
[[3,8,0,1,1,2,2,1,1],17,34].
[[1,7,1,0,0,0,0,0,0],70,19].
[[2,7,1,1,2,0,2,1,1],3,0].
[[3,7,0,1,2,0,2,1,1],2,1].
[[3,4,2,1,2,0,2,3,0],80,4].
[[1,9,2,1,2,0,2,3,0],28,24].
[[2,7,0,1,2,2,2,3,0],8,3].
[[3,7,0,1,2,2,2,2,0],17,7].
[[2,8,0,1,2,2,2,3,0],111,67].
[[2,9,2,1,2,0,2,2,0],24,24].
[[3,9,2,1,2,0,2,3,0],4,17].
[[2,8,0,1,1,2,2,3,1],55,39].
[[3,8,1,1,2,2,2,2,1],140,39].
[[3,5,0,1,1,2,1,2,0],15,0].
[[1,8,1,1,2,2,2,1,1],64,14].
[[2,8,1,1,1,2,2,1,1],28,8].
[[3,7,1,1,1,2,2,1,1],30,6].
[[2,8,0,0,0,0,2,3,0],51,32].
[[3,7,0,1,2,2,2,3,0],21,13].
[[2,8,0,1,2,2,1,1,1],12,15].
[[3,7,0,1,2,2,1,1,1],4,4].
[[3,6,1,1,2,0,2,3,1],18,3].
[[2,8,1,1,2,0,2,3,0],20,9].
[[3,8,1,1,2,0,2,3,0],10,4].
[[3,7,0,1,1,2,2,1,1],5,4].
[[3,8,1,1,2,2,1,1,1],57,43].
[[1,9,2,1,2,2,1,2,1],71,60].
[[3,7,2,1,2,2,1,2,1],39,2].
[[2,9,2,1,2,2,1,1,1],36,33].
[[3,5,0,1,2,2,1,1,1],35,4].
[[2,9,2,0,0,0,2,2,0],48,62].
[[3,9,2,1,2,2,2,2,0],16,58].
[[2,6,1,0,0,0,2,3,1],27,2].
[[3,6,1,1,2,2,1,2,1],25,1].
[[2,9,2,1,2,0,1,1,1],12,11].
[[3,8,0,1,2,0,1,1,1],4,6].
[[3,8,0,1,1,2,0,0,0],1,31].
[[3,9,2,1,2,2,1,1,0],33,59].
[[2,9,2,1,1,2,1,2,1],84,57].
[[3,8,0,1,1,2,1,2,1],59,67].
[[3,9,2,1,2,2,2,3,1],19,42].
[[1,4,2,1,2,0,1,2,0],8,0].
[[3,7,2,1,1,2,2,2,0],7,0].
[[3,8,1,1,2,2,2,1,1],68,19].
[[3,8,0,1,1,2,2,3,1],57,76].
[[3,8,0,1,2,2,2,2,1],69,60].
[[1,8,1,1,1,2,2,1,1],13,1].
[[2,7,2,0,0,0,0,0,0],50,2].
[[3,7,2,1,2,2,2,2,0],12,4].
[[3,6,0,1,2,2,2,3,0],9,7].
[[2,9,2,0,0,0,1,1,0],23,25].
[[3,9,2,0,0,0,1,2,0],22,22].
[[1,8,1,1,1,2,2,3,0],23,0].
[[2,9,2,1,1,2,1,1,0],19,16].
[[2,8,0,1,1,2,2,2,1],38,17].
[[2,8,1,1,2,2,2,1,1],78,19].
[[3,7,2,1,2,2,2,1,1],25,0].
[[2,3,2,1,2,2,0,0,0],5,0].
[[3,3,2,1,2,2,2,2,1],4,0].
[[1,9,2,0,0,0,1,1,0],28,16].
[[3,8,1,0,0,0,1,1,0],8,7].
[[3,8,1,1,1,2,2,1,1],30,12].
[[1,8,1,1,1,2,2,2,0],9,2].
[[2,8,1,1,1,2,2,3,0],37,4].
[[3,8,1,1,2,0,2,3,1],78,17].
[[1,8,1,1,1,2,2,3,1],46,7].
[[2,5,0,1,2,2,1,2,0],7,0].
[[1,7,2,0,0,0,2,3,0],8,1].
[[2,7,2,0,0,0,2,3,0],4,0].
[[3,7,2,1,2,0,2,3,1],34,1].
[[2,4,2,1,2,0,2,3,0],53,0].
[[3,9,2,0,0,0,1,1,0],8,14].
[[2,7,2,1,2,0,0,0,0],17,2].
[[3,7,2,1,2,0,0,0,0],12,0].
[[3,8,0,1,1,2,2,3,0],28,64].
[[3,7,2,1,2,0,2,1,0],8,0].
[[2,9,2,1,1,2,1,2,0],89,35].
[[1,9,2,0,0,0,1,2,1],65,60].
[[2,9,2,1,2,0,1,2,1],17,29].
[[1,8,0,1,2,2,2,1,1],17,9].
[[1,6,1,0,0,0,0,0,0],75,6].
[[3,3,2,1,2,2,2,3,1],8,0].
[[3,6,1,1,2,2,2,3,1],41,3].
[[3,9,2,1,2,2,2,2,1],19,33].
[[3,9,2,1,2,2,1,1,1],21,41].
[[2,6,1,1,1,2,2,3,1],6,0].
[[3,6,1,1,1,2,2,3,1],12,1].
[[3,8,1,0,0,0,1,2,1],70,22].
[[1,8,0,1,2,2,2,1,0],25,7].
[[2,7,0,1,2,2,2,1,0],0,2].
[[3,7,0,1,2,2,2,1,0],8,3].
[[2,9,2,0,0,0,1,2,1],65,73].
[[3,4,2,1,2,0,2,2,1],79,1].
[[1,4,2,1,2,0,1,2,1],5,0].
[[2,7,0,1,2,2,0,0,0],16,7].
[[3,7,0,1,2,2,2,3,1],21,6].
[[3,9,2,1,1,0,1,2,0],2,17].
[[2,6,1,1,2,0,2,1,1],6,2].
[[3,6,1,1,1,0,2,1,1],0,2].
[[2,7,2,1,1,2,0,0,0],10,0].
[[3,7,2,1,1,2,2,2,1],16,0].
[[1,8,1,0,0,0,2,1,1],69,21].
[[3,9,2,1,1,2,2,2,0],11,26].
[[1,6,1,1,2,2,0,0,0],23,1].
[[2,3,1,1,2,2,0,0,0],12,1].
[[3,3,1,1,2,2,2,3,1],15,0].
[[1,9,2,1,1,2,2,1,0],51,21].
[[3,4,2,1,2,0,2,2,0],47,2].
[[3,8,1,1,2,0,2,2,1],43,16].
[[1,9,2,1,1,2,2,2,0],71,31].
[[3,8,0,1,2,0,0,0,0],1,13].
[[2,8,1,1,2,0,2,1,0],16,4].
[[3,8,1,1,1,0,2,1,1],7,2].
[[2,8,0,1,2,0,2,1,1],6,2].
[[3,6,0,1,2,2,0,0,0],8,12].
[[3,9,2,1,2,0,2,3,1],8,23].
[[3,7,1,1,2,0,2,2,1],28,12].
[[2,7,0,1,2,2,2,2,0],4,1].
[[2,9,2,0,0,0,2,3,0],48,69].
[[3,8,1,0,0,0,2,3,1],61,10].
[[3,9,2,1,1,0,1,2,1],9,17].
[[1,8,0,1,1,2,2,3,0],20,5].
[[2,8,0,0,0,0,2,2,1],32,23].
[[1,9,2,1,2,0,2,2,1],13,21].
[[2,8,1,1,2,2,0,0,0],77,26].
[[3,8,1,1,1,2,2,2,0],9,4].
[[3,8,1,0,0,0,2,2,1],58,8].
[[2,8,1,1,1,2,1,2,1],52,14].
[[1,7,1,1,2,2,2,2,1],1,3].
[[1,2,1,0,0,0,0,0,0],2,0].
[[2,2,1,0,0,0,0,0,0],2,0].
[[3,2,1,0,0,0,2,3,1],3,0].
[[3,7,0,1,1,2,2,3,1],7,8].
[[2,9,2,1,1,2,2,2,0],40,42].
[[1,8,1,0,0,0,1,1,1],16,17].
[[3,7,1,1,1,2,2,2,0],13,4].
[[1,8,1,1,2,0,2,3,1],28,12].
[[2,6,1,1,2,0,2,3,1],10,1].
[[2,9,2,1,2,0,2,1,1],12,18].
[[2,8,1,0,0,0,2,3,0],62,18].
[[3,8,1,0,0,0,2,3,0],8,5].
[[1,8,0,0,0,0,2,3,1],39,25].
[[2,8,0,0,0,0,2,3,1],51,36].
[[3,8,0,0,0,0,2,2,0],13,21].
[[2,7,2,0,0,0,1,2,1],12,2].
[[3,7,2,1,2,0,1,2,1],25,1].
[[2,7,1,1,2,2,1,2,1],19,6].
[[3,3,1,1,2,2,1,2,1],4,0].
[[1,8,1,1,2,0,2,2,1],17,6].
[[3,6,1,1,2,0,2,2,1],13,0].
[[1,7,1,1,2,2,2,2,0],3,1].
[[2,7,1,1,2,2,1,2,0],10,0].
[[3,7,1,1,2,2,1,2,0],25,3].
[[3,8,0,1,2,0,2,3,1],21,22].
[[3,9,2,1,2,0,1,1,1],7,20].
[[2,8,0,0,0,0,2,1,1],13,13].
[[3,7,1,0,0,0,2,1,1],19,1].
[[2,7,1,0,0,0,2,2,1],31,5].
[[1,7,1,0,0,0,2,3,0],4,2].
[[2,7,1,1,2,0,2,3,0],4,2].
[[3,7,2,1,1,0,2,3,1],7,4].
[[3,8,1,1,2,2,1,1,0],32,18].
[[1,4,2,1,2,0,2,2,1],10,0].
[[2,7,1,1,2,2,2,3,0],30,8].
[[1,8,1,1,2,2,2,3,0],87,19].
[[2,4,2,1,2,0,1,1,1],15,0].
[[3,4,2,1,2,0,1,1,1],52,0].
[[2,8,1,1,1,2,0,0,0],15,8].
[[3,8,1,1,1,2,2,3,0],11,3].
[[2,3,1,0,0,0,0,0,0],12,0].
[[3,3,2,0,0,0,0,0,0],6,0].
[[1,4,2,1,2,0,2,1,0],7,0].
[[3,7,2,1,1,2,1,2,1],18,0].
[[1,8,1,1,2,2,1,1,1],11,10].
[[2,7,2,1,2,2,1,1,1],4,0].
[[3,7,2,1,2,2,1,1,1],16,0].
[[2,8,1,0,0,0,0,0,0],49,15].
[[2,8,0,1,1,2,2,1,1],16,13].
[[3,8,0,1,1,2,2,2,0],28,51].
[[3,8,1,1,2,0,2,1,1],22,8].
[[2,7,0,0,0,0,2,3,0],1,1].
[[2,7,2,1,2,0,2,3,1],17,3].
[[1,9,2,0,0,0,1,1,1],20,23].
[[2,8,0,0,0,0,1,1,1],3,3].
[[3,8,0,0,0,0,1,1,1],7,7].
[[2,7,1,1,2,2,1,1,1],4,4].
[[3,7,1,1,1,2,1,1,1],14,6].
[[1,7,2,1,2,0,2,1,1],1,0].
[[2,7,2,1,2,2,2,1,1],14,1].
[[1,7,2,1,2,0,0,0,0],15,3].
[[2,7,2,1,1,0,0,0,0],4,1].
[[3,7,2,1,1,0,2,1,1],2,1].
[[2,6,1,1,2,2,0,0,0],39,4].
[[3,6,1,1,2,2,2,1,1],11,2].
[[3,9,2,1,1,2,2,1,0],6,26].
[[3,8,1,1,1,0,2,2,1],11,12].
[[1,6,1,0,0,0,2,1,1],3,0].
[[3,6,1,1,2,0,2,1,1],8,2].
[[2,7,0,0,0,0,0,0,0],5,2].
[[3,7,1,0,0,0,0,0,0],11,6].
[[2,6,1,0,0,0,0,0,0],32,3].
[[2,7,1,0,0,0,0,0,0],63,19].
[[2,4,2,1,2,0,2,3,1],68,2].
[[1,8,0,0,0,0,2,1,1],12,13].
[[3,9,2,0,0,0,2,3,1],4,11].
[[1,8,1,1,1,2,0,0,0],65,14].
[[3,7,2,0,0,0,2,3,1],24,2].
[[3,8,0,1,2,0,2,2,0],19,15].
[[3,8,0,0,0,0,2,2,1],14,16].
[[1,9,2,1,2,0,0,0,0],12,40].
[[3,9,2,1,1,2,2,2,1],16,33].
[[2,7,2,1,1,2,2,1,0],1,0].
[[3,7,2,1,1,2,2,1,0],3,0].
[[3,7,1,1,2,0,2,1,1],18,8].
[[2,9,2,1,2,0,2,2,1],13,31].
[[2,7,2,1,2,2,2,3,1],39,2].
[[3,7,2,1,2,0,2,2,1],24,0].
[[2,6,0,1,2,2,2,1,0],3,0].
[[1,4,2,1,2,0,1,1,1],3,0].
[[1,8,1,0,0,0,1,2,1],53,20].
[[2,7,1,0,0,0,1,2,1],7,2].
[[3,7,1,0,0,0,1,2,1],14,8].
[[3,8,0,1,2,2,1,1,0],32,28].
[[1,8,0,1,2,2,1,2,0],7,5].
[[3,8,0,0,0,0,2,1,1],6,7].
[[2,8,0,1,2,2,2,1,0],52,36].
[[1,8,0,1,1,2,2,2,0],12,4].
[[2,8,0,1,1,2,1,1,0],3,2].
[[3,7,1,1,1,2,2,3,0],22,2].
[[2,7,1,1,1,2,2,1,1],6,2].
[[1,8,1,1,2,0,0,0,0],42,20].
[[1,9,2,1,2,0,1,2,1],9,9].
[[2,9,2,1,1,0,1,2,1],3,5].
[[1,7,2,0,0,0,2,3,1],23,2].
[[2,7,2,0,0,0,2,3,1],35,2].
[[2,7,2,1,2,0,2,3,0],3,3].
[[3,7,2,1,2,2,2,3,0],19,3].
[[2,7,2,1,2,2,2,3,0],15,3].
[[3,6,1,0,0,0,2,2,1],14,0].
[[1,3,2,0,0,0,0,0,0],12,0].
[[3,3,2,0,0,0,2,2,1],6,0].
[[3,7,1,0,0,0,1,2,0],8,1].
[[3,8,1,1,2,0,1,1,1],23,16].
[[3,7,2,1,2,0,1,1,0],2,0].
[[2,8,1,1,2,0,1,1,1],6,11].
[[2,8,0,1,2,2,1,2,1],36,20].
[[3,8,1,1,1,0,1,1,1],6,8].
[[2,6,1,1,2,2,2,3,1],18,0].
[[3,6,1,1,1,2,2,2,1],4,0].
[[2,7,2,0,0,0,2,1,1],8,0].
[[3,9,2,0,0,0,2,1,0],1,7].
[[3,8,0,1,2,0,2,2,1],16,17].
[[2,8,0,1,1,2,2,2,0],43,21].
[[2,8,0,1,2,0,2,2,0],5,16].
[[2,6,1,1,2,0,2,2,1],5,0].
[[3,5,0,1,2,2,1,2,0],31,2].
[[2,8,1,1,2,0,2,1,1],19,8].
[[2,9,2,1,2,2,0,0,0],1,42].
[[1,8,0,1,1,2,2,1,1],5,8].
[[2,8,0,1,1,2,1,1,1],3,5].
[[1,9,2,1,2,0,1,1,0],3,5].
[[2,9,2,1,2,0,1,1,0],6,12].
[[3,9,2,1,2,0,1,1,0],14,12].
[[3,8,0,0,0,0,0,0,0],0,6].
[[3,7,2,0,0,0,0,0,0],7,0].
[[3,8,0,0,0,0,2,3,0],8,14].
[[3,8,0,0,0,0,2,3,1],26,17].
[[3,6,1,1,2,2,2,2,0],12,1].
[[3,8,0,1,1,2,1,1,1],24,17].
[[1,7,2,0,0,0,2,2,0],6,0].
[[2,5,0,0,0,0,1,1,0],4,1].
[[3,5,0,0,0,0,1,1,1],10,2].
[[2,8,1,1,1,2,2,2,0],24,5].
[[3,3,1,0,0,0,0,0,0],10,1].
[[2,9,2,0,0,0,0,0,0],2,20].
[[1,4,2,1,2,0,2,3,1],26,0].
[[2,8,0,1,2,0,2,3,1],15,12].
[[3,7,1,1,1,0,2,3,1],6,9].
[[3,9,2,0,0,0,1,1,1],4,16].
[[2,7,2,0,0,0,1,1,1],2,2].
[[3,7,2,1,2,0,1,1,1],8,1].
[[3,6,1,0,0,0,1,2,1],5,0].
[[1,8,1,1,2,2,2,2,0],58,8].
[[2,5,0,1,2,2,1,1,1],8,1].
[[3,7,0,1,1,2,2,3,0],7,8].
[[2,5,0,1,1,2,1,1,0],6,0].
[[3,8,0,0,0,0,1,2,0],18,9].
[[3,8,0,1,1,0,1,1,1],0,4].
[[2,5,0,1,1,2,1,1,1],7,0].
[[3,5,0,1,1,2,1,1,1],20,1].
[[3,8,0,0,0,0,1,2,1],14,18].
[[2,6,1,1,2,2,2,3,0],10,0].
[[2,7,1,0,0,0,2,1,1],18,4].
[[2,7,2,1,2,2,1,2,1],14,0].
[[3,7,0,0,0,0,2,2,0],6,1].
[[3,5,0,1,2,2,1,2,1],11,1].
[[3,6,1,0,0,0,2,3,1],18,0].
[[1,9,2,1,2,0,2,1,1],8,9].
[[3,6,1,1,1,2,2,1,1],5,0].
[[1,9,2,1,1,2,1,1,0],11,6].
[[2,9,2,1,1,0,2,2,0],1,3].
[[3,9,2,1,1,0,2,2,0],1,8].
[[1,8,0,1,1,2,1,2,0],1,1].
[[3,7,1,1,1,2,1,2,0],19,1].
[[2,4,2,1,2,0,0,0,0],23,1].
[[3,7,0,1,2,0,2,3,1],3,4].
[[3,7,1,1,1,2,1,2,1],43,10].
[[1,9,2,1,2,2,1,1,0],25,29].
[[2,7,2,1,2,0,1,2,1],3,0].
[[3,3,2,1,1,0,1,2,1],1,0].
[[3,6,1,1,2,2,2,1,0],3,1].
[[2,8,1,1,1,2,1,1,1],14,8].
[[3,8,1,1,2,2,2,3,0],24,13].
[[2,7,1,1,2,2,2,2,0],19,4].
[[2,9,2,1,2,0,1,2,0],28,30].
[[3,5,0,1,2,0,1,2,0],11,1].
[[2,7,1,1,2,0,0,0,0],13,8].
[[3,3,1,1,2,0,0,0,0],3,0].
[[3,6,1,1,2,2,2,2,1],18,0].
[[2,8,1,0,0,0,2,1,0],31,7].
[[1,8,0,1,1,2,1,2,1],2,0].
[[2,7,1,1,1,2,1,2,1],7,0].
[[1,7,2,1,2,2,2,3,1],6,0].
[[3,8,1,1,1,2,1,1,0],20,12].
[[1,7,2,0,0,0,2,2,1],10,2].
[[2,3,2,0,0,0,2,2,1],4,0].
[[3,3,2,1,2,2,1,1,1],1,0].
[[3,7,2,1,1,2,2,3,0],2,0].
[[2,9,2,0,0,0,1,1,1],14,29].
[[3,7,1,0,0,0,2,3,0],9,3].
[[2,6,1,0,0,0,2,1,1],5,1].
[[3,6,1,0,0,0,1,1,1],2,2].
[[2,7,1,1,1,2,2,2,0],4,1].
[[3,3,1,1,1,2,2,2,0],1,0].
[[3,7,1,1,2,2,1,1,0],6,3].
[[3,7,1,0,0,0,1,1,1],3,5].
[[1,8,0,1,1,2,2,2,1],13,3].
[[2,5,0,1,1,2,1,2,0],4,1].
[[2,4,2,1,2,0,1,1,0],19,0].
[[3,9,2,1,1,0,2,3,1],1,7].
[[3,9,2,1,2,2,0,0,0],0,3].
[[3,8,0,1,1,0,2,3,0],1,12].
[[1,9,2,1,2,0,1,1,1],1,3].
[[3,6,1,1,1,0,1,1,1],0,1].
[[2,7,1,1,2,0,2,2,0],5,1].
[[3,7,1,1,1,0,1,2,0],1,4].
[[3,8,0,1,1,0,2,3,1],4,7].
[[2,7,1,1,1,2,2,2,1],10,4].
[[3,7,2,1,2,2,2,3,1],59,6].
[[3,7,0,1,1,2,2,2,1],9,5].
[[3,8,0,1,2,2,0,0,0],0,27].
[[3,7,2,0,0,0,2,1,1],5,0].
[[1,8,0,0,0,0,2,1,0],14,13].
[[2,8,0,0,0,0,2,1,0],22,15].
[[3,8,0,1,2,0,1,1,0],2,9].
[[3,8,0,1,1,0,2,1,1],1,1].
[[2,6,0,1,2,2,2,3,1],3,0].
[[3,6,0,1,1,2,2,3,1],9,4].
[[2,5,0,1,2,2,1,1,0],9,1].
[[3,4,2,1,2,0,0,0,0],21,0].
[[2,8,0,1,2,2,1,1,0],18,10].
[[3,8,1,1,1,2,2,2,1],66,21].
[[2,8,0,1,2,0,1,2,1],5,5].
[[3,8,0,1,1,0,1,2,1],3,8].
[[3,5,0,1,2,0,1,1,1],9,1].
[[3,7,1,1,1,0,1,2,1],3,5].
[[2,8,1,1,1,0,2,3,1],3,5].
[[3,8,1,1,1,0,2,3,1],17,12].
[[2,8,1,1,1,2,2,1,0],12,1].
[[3,8,0,1,1,0,2,2,1],0,6].
[[3,9,2,0,0,0,2,2,1],6,15].
[[2,8,0,1,1,2,1,2,1],21,13].
[[1,4,2,1,2,0,2,3,0],14,0].
[[3,6,0,1,1,2,1,2,1],2,0].
[[2,7,0,1,2,2,2,2,1],2,0].
[[2,6,1,0,0,0,2,1,0],4,1].
[[3,6,1,1,2,0,2,1,0],3,1].
[[2,7,1,0,0,0,2,3,0],17,2].
[[3,7,2,1,2,0,2,1,1],9,1].
[[2,8,1,1,2,0,0,0,0],19,10].
[[3,7,0,1,1,2,0,0,0],8,12].
[[2,8,1,0,0,0,1,1,1],24,11].
[[3,8,1,0,0,0,1,1,1],21,13].
[[3,9,2,0,0,0,2,3,0],4,8].
[[2,7,2,0,0,0,2,2,1],18,0].
[[3,7,1,1,2,0,2,2,0],7,0].
[[3,8,1,1,2,0,2,1,0],1,2].
[[2,7,1,1,1,2,2,3,1],19,2].
[[3,3,2,1,2,0,2,2,1],6,0].
[[2,6,1,1,2,2,1,1,1],1,0].
[[2,7,1,1,2,0,2,3,1],13,6].
[[3,7,2,1,2,0,2,3,0],6,1].
[[2,7,0,0,0,0,2,3,1],0,1].
[[2,7,2,1,2,0,2,1,1],5,1].
[[3,7,1,1,1,0,2,1,1],0,1].
[[2,6,1,0,0,0,2,2,1],18,0].
[[2,9,2,1,2,0,0,0,0],2,10].
[[3,3,2,1,1,2,0,0,0],3,0].
[[3,7,1,1,2,0,1,1,1],4,6].
[[3,7,2,0,0,0,1,2,0],5,2].
[[3,7,0,1,1,2,2,2,0],8,4].
[[3,3,1,1,2,2,2,2,1],8,1].
[[2,7,2,1,2,0,2,2,0],1,0].
[[3,8,0,1,2,0,2,1,1],12,8].
[[1,9,2,1,1,2,1,1,1],15,2].
[[2,8,1,1,1,0,2,3,0],3,2].
[[3,8,1,1,1,0,1,2,0],7,6].
[[2,9,2,1,1,0,1,1,1],1,3].
[[3,5,0,1,1,0,1,1,1],3,5].
[[2,9,2,1,1,2,0,0,0],8,21].
[[3,7,0,1,2,2,0,0,0],12,11].
[[2,7,2,1,1,0,2,3,1],2,0].
[[2,9,2,1,1,0,1,1,0],0,3].
[[3,8,0,1,1,0,1,1,0],0,3].
[[2,8,1,0,0,0,1,1,0],17,10].
[[2,6,1,1,2,0,0,0,0],11,3].
[[3,6,1,1,2,2,0,0,0],8,1].
[[1,7,1,0,0,0,2,2,1],7,1].
[[2,3,1,0,0,0,2,2,1],3,0].
[[3,3,1,0,0,0,2,2,1],3,0].
[[3,7,0,0,0,0,2,3,0],5,0].
[[2,6,0,1,1,2,0,0,0],8,8].
[[2,7,2,1,2,2,2,2,1],21,1].
[[2,8,1,1,2,2,1,1,0],6,13].
[[3,7,1,1,1,2,1,1,0],2,3].
[[3,6,0,1,1,2,2,2,1],4,2].
[[2,7,1,0,0,0,2,1,0],6,1].
[[3,3,1,0,0,0,2,1,0],1,0].
[[3,9,2,1,1,0,1,1,0],0,13].
[[3,6,1,0,0,0,2,1,1],6,0].
[[3,6,1,1,1,2,2,2,0],8,0].
[[2,6,1,0,0,0,2,2,0],8,0].
[[3,6,1,1,2,0,2,2,0],2,0].
[[3,7,2,0,0,0,2,2,0],4,1].
[[2,7,1,0,0,0,2,2,0],8,0].
[[1,8,1,1,2,0,2,1,0],3,1].
[[3,8,0,1,2,0,2,1,0],11,11].
[[3,6,0,1,1,2,2,2,0],5,5].
[[1,8,0,1,1,2,2,3,1],12,2].
[[3,3,1,1,1,2,0,0,0],6,0].
[[3,5,0,0,0,0,1,1,0],10,0].
[[3,7,1,1,2,0,0,0,0],14,7].
[[3,6,1,1,2,0,1,2,1],11,1].
[[2,7,0,1,1,2,2,1,0],0,1].
[[3,7,0,1,1,2,2,1,0],6,3].
[[2,8,0,1,2,0,0,0,0],9,17].
[[2,7,0,1,1,2,2,2,0],4,0].
[[3,3,2,0,0,0,2,3,0],3,0].
[[1,6,1,0,0,0,2,3,0],4,0].
[[2,6,1,1,2,2,1,2,0],2,0].
[[3,3,1,1,2,2,1,2,0],4,0].
[[1,7,2,1,2,2,2,2,1],6,0].
[[3,7,1,1,1,0,2,2,0],1,2].
[[3,7,0,0,0,0,2,2,1],4,1].
[[2,6,1,1,2,0,1,2,0],1,0].
[[3,6,1,1,2,0,1,2,0],3,0].
[[3,8,0,0,0,0,2,1,0],9,9].
[[1,8,1,1,2,0,1,2,1],2,7].
[[2,7,2,1,2,0,2,2,1],11,3].
[[3,7,2,1,1,0,2,2,1],6,2].
[[3,3,1,1,2,2,2,3,0],8,1].
[[1,6,0,0,0,0,0,0,0],3,3].
[[2,6,0,0,0,0,0,0,0],3,7].
[[3,6,0,0,0,0,2,1,1],0,1].
[[3,7,2,0,0,0,2,1,0],3,0].
[[3,9,2,1,1,0,2,3,0],0,9].
[[3,6,0,1,2,2,2,1,0],1,1].
[[3,3,2,1,2,2,0,0,0],9,0].
[[3,6,1,1,1,2,2,3,0],4,0].
[[1,8,1,0,0,0,1,1,0],6,5].
[[3,7,1,1,2,0,2,3,0],10,3].
[[2,6,1,0,0,0,2,3,0],10,1].
[[2,8,1,1,1,2,1,1,0],6,5].
[[2,8,0,1,2,0,2,2,1],9,8].
[[1,7,1,1,2,2,1,2,1],2,0].
[[2,3,1,1,2,2,1,2,1],1,0].
[[3,3,1,1,1,2,1,2,1],1,0].
[[3,9,2,1,2,0,2,1,0],2,9].
[[3,7,2,1,1,2,1,2,0],7,1].
[[1,8,1,1,2,0,2,3,0],4,2].
[[3,7,1,0,0,0,2,2,0],7,1].
[[3,6,0,1,2,2,1,2,0],5,2].
[[3,7,1,0,0,0,1,1,0],2,3].
[[2,7,1,1,2,2,1,1,0],1,0].
[[3,7,0,1,2,2,1,2,0],8,2].
[[1,4,2,1,2,0,0,0,0],8,0].
[[1,6,1,1,2,2,2,2,0],3,0].
[[2,6,1,1,1,2,1,2,0],1,0].
[[3,6,1,1,1,2,1,2,0],5,0].
[[3,6,1,1,1,2,1,1,0],2,1].
[[3,9,2,0,0,0,2,1,1],1,5].
[[3,7,0,0,0,0,2,1,0],3,0].
[[3,6,0,1,1,2,2,3,0],11,3].
[[3,7,2,0,0,0,1,2,1],11,1].
[[3,7,2,1,2,2,1,1,0],5,2].
[[2,7,2,1,1,0,2,2,0],0,1].
[[2,6,0,1,2,2,2,1,1],1,0].
[[3,6,0,1,2,2,1,1,1],1,1].
[[2,7,2,1,1,0,2,2,1],2,0].
[[3,3,2,1,1,0,2,2,1],2,0].
[[1,7,2,1,2,0,2,2,0],2,0].
[[3,3,1,1,2,2,2,1,0],4,0].
[[2,6,0,0,0,0,2,3,1],0,2].
[[3,6,0,1,2,2,2,3,1],5,5].
[[2,6,0,0,0,0,2,3,0],1,0].
[[3,8,1,1,1,2,0,0,0],0,1].
[[2,6,1,1,2,0,2,3,0],4,0].
[[3,8,1,0,0,0,2,2,0],3,2].
[[1,8,0,1,2,2,1,1,0],3,2].
[[3,7,1,1,1,2,2,1,0],7,2].
[[1,9,2,1,2,0,1,2,0],4,3].
[[2,9,2,1,1,0,2,3,0],3,3].
[[3,9,2,1,1,0,2,2,1],3,6].
[[1,6,1,0,0,0,2,2,1],8,0].
[[2,6,1,0,0,0,1,2,1],5,1].
[[3,3,1,0,0,0,1,2,1],2,0].
[[3,9,2,1,1,0,2,1,1],0,7].
[[2,7,2,1,2,2,2,2,0],9,0].
[[2,7,1,1,1,2,2,1,0],5,1].
[[2,4,2,1,2,0,2,1,0],20,0].
[[1,7,1,1,2,2,1,1,1],1,0].
[[2,7,1,1,1,2,1,1,1],3,0].
[[2,7,2,1,1,2,2,3,1],10,0].
[[2,9,2,1,1,0,0,0,0],1,2].
[[3,9,2,1,1,0,0,0,0],0,1].
[[3,8,1,1,1,0,2,3,0],3,2].
[[2,3,2,1,2,0,2,2,0],2,0].
[[3,3,2,1,2,0,2,2,0],1,0].
[[3,8,0,1,1,0,2,1,0],1,4].
[[3,7,1,1,2,0,1,1,0],5,1].
[[2,7,2,1,2,0,2,1,0],2,0].
[[3,6,1,1,2,2,1,2,0],6,0].
[[1,8,1,1,1,2,1,1,1],3,0].
[[2,7,2,1,1,2,1,1,1],2,0].
[[3,7,2,1,1,2,1,1,1],6,2].
[[3,5,0,1,2,0,1,1,0],13,4].
[[2,7,2,0,0,0,2,2,0],6,1].
[[3,7,2,0,0,0,1,1,0],5,0].
[[1,6,1,0,0,0,2,2,0],3,0].
[[3,6,1,0,0,0,1,2,0],4,0].
[[1,7,1,0,0,0,2,1,1],5,0].
[[1,7,1,0,0,0,2,3,1],13,3].
[[3,9,2,0,0,0,2,2,0],4,14].
[[3,6,1,1,2,0,2,3,0],3,0].
[[2,6,0,1,1,2,2,3,1],0,1].
[[3,7,1,1,2,2,2,2,0],38,9].
[[3,8,0,1,1,0,0,0,0],0,3].
[[1,8,1,1,1,2,1,2,1],6,1].
[[3,6,1,1,1,2,1,2,1],4,0].
[[1,8,1,1,2,2,1,1,0],2,1].
[[3,6,0,1,1,2,2,1,0],4,1].
[[1,7,1,1,2,2,2,3,0],9,0].
[[1,8,0,1,2,2,1,2,1],4,2].
[[2,9,2,1,1,0,2,2,1],2,5].
[[3,7,0,1,1,2,1,2,1],8,1].
[[3,6,0,1,2,2,2,2,1],9,3].
[[3,7,2,1,2,0,1,2,0],5,1].
[[1,6,1,0,0,0,2,3,1],13,1].
[[2,9,2,1,1,0,2,1,1],0,2].
[[2,7,0,1,1,2,0,0,0],4,5].
[[3,8,1,1,1,0,2,1,0],0,4].
[[3,6,0,1,2,2,1,2,1],5,2].
[[2,6,1,1,2,2,2,2,1],10,0].
[[2,7,2,0,0,0,1,2,0],1,1].
[[3,7,2,1,2,2,1,2,0],11,2].
[[3,6,1,1,1,0,2,2,0],2,0].
[[3,3,1,0,0,0,2,2,0],2,0].
[[2,2,1,0,0,0,2,3,1],1,0].
[[1,8,1,1,2,0,1,2,0],5,1].
[[3,8,0,0,0,0,1,1,0],9,5].
[[2,7,1,1,1,2,2,3,0],6,0].
[[2,6,1,1,2,2,2,1,1],5,1].
[[3,7,1,1,2,0,2,1,0],3,3].
[[2,8,1,1,1,0,2,1,0],0,1].
[[2,7,0,0,0,0,2,2,1],1,1].
[[3,6,1,1,1,2,0,0,0],5,0].
[[3,5,0,1,1,0,1,2,1],1,2].
[[2,7,1,0,0,0,1,1,1],2,5].
[[3,3,2,1,2,2,2,1,1],2,0].
[[2,6,1,1,1,2,0,0,0],5,1].
[[3,8,1,1,2,2,2,2,0],8,4].
[[3,3,1,1,1,2,2,2,1],7,0].
[[3,3,1,1,2,0,2,3,1],4,0].
[[3,9,2,1,1,0,1,1,1],2,7].
[[3,7,1,0,0,0,2,1,0],9,0].
[[3,6,1,1,2,0,0,0,0],3,0].
[[3,7,2,1,1,2,2,1,1],8,1].
[[3,7,0,1,2,2,2,1,1],2,2].
[[3,7,0,1,1,2,1,2,0],6,1].
[[2,8,1,1,1,0,1,2,1],2,4].
[[2,8,0,0,0,0,1,1,0],9,5].
[[3,6,1,1,2,0,1,1,0],3,0].
[[2,5,0,0,0,0,1,1,1],6,0].
[[3,3,0,1,2,2,0,0,0],0,1].
[[1,8,0,1,2,2,1,1,1],2,1].
[[3,8,1,1,1,2,2,1,0],2,2].
[[3,3,2,0,0,0,2,2,0],1,0].
[[3,7,0,1,2,2,1,2,1],4,1].
[[3,3,1,0,0,0,2,3,1],4,1].
[[2,6,1,1,2,2,1,2,1],5,0].
[[2,5,0,1,2,0,1,2,0],1,0].
[[2,7,2,1,1,0,2,3,0],1,0].
[[3,3,2,1,1,0,2,3,0],1,0].
[[3,7,1,1,1,0,2,2,1],1,1].
[[3,8,1,1,1,0,2,2,0],5,0].
[[3,7,0,1,2,0,2,2,0],3,3].
[[1,8,0,1,1,2,1,1,0],1,0].
[[3,8,0,1,1,0,2,2,0],0,6].
[[1,8,0,0,0,0,1,1,0],1,3].
[[1,7,2,1,2,0,2,2,1],2,0].
[[3,7,2,1,1,0,1,2,1],6,2].
[[2,9,2,1,1,0,2,3,1],2,6].
[[3,4,0,1,2,0,1,1,1],0,3].
[[2,9,2,1,1,0,1,2,0],1,2].
[[3,7,0,1,1,2,1,1,1],1,1].
[[3,6,0,0,0,0,2,2,1],2,2].
[[3,6,1,0,0,0,2,3,0],5,0].
[[3,3,1,1,1,2,2,3,1],5,1].
[[3,8,0,1,1,0,1,2,0],4,5].
[[3,7,0,1,1,2,1,1,0],2,0].
[[2,7,0,0,0,0,2,2,0],1,1].
[[2,3,2,1,2,2,2,3,0],2,0].
[[3,3,2,1,2,2,2,3,0],5,0].
[[3,6,0,1,2,0,2,3,1],1,1].
[[3,3,2,1,2,0,2,1,1],2,0].
[[1,7,1,0,0,0,2,1,0],2,0].
[[2,8,1,1,1,0,1,1,1],0,4].
[[3,4,0,1,2,0,1,2,1],0,4].
[[3,4,0,1,2,0,2,2,1],0,1].
[[3,3,1,1,2,2,2,1,1],2,1].
[[2,6,0,0,0,0,2,2,1],0,1].
[[1,8,1,1,2,0,2,1,1],7,4].
[[2,5,0,1,1,0,1,1,0],0,1].
[[3,5,0,1,1,0,1,1,0],1,2].
[[2,6,0,1,1,2,2,3,0],2,0].
[[2,7,1,1,2,0,1,2,1],2,3].
[[1,7,1,0,0,0,2,2,0],1,0].
[[2,3,1,1,2,2,2,3,0],3,0].
[[3,3,2,1,2,0,1,2,1],4,0].
[[2,7,0,1,2,2,2,3,1],2,4].
[[2,5,0,1,2,0,1,2,1],2,0].
[[3,3,2,1,2,2,1,2,1],6,0].
[[3,8,1,1,2,0,2,2,0],4,2].
[[1,7,2,1,2,2,2,1,0],2,0].
[[3,3,1,1,2,2,2,2,0],4,0].
[[3,3,2,1,2,0,2,3,1],5,1].
[[1,7,2,1,2,2,2,3,0],3,0].
[[2,7,2,1,1,2,1,2,0],2,0].
[[3,7,2,1,1,2,1,1,0],1,0].
[[2,6,0,0,0,0,2,1,1],0,1].
[[3,6,0,0,0,0,1,1,1],0,1].
[[2,6,0,1,2,2,2,2,0],3,1].
[[2,8,1,1,1,0,2,2,0],1,2].
[[2,8,0,1,2,0,1,1,1],3,2].
[[3,6,0,1,2,0,0,0,0],1,1].
[[3,7,2,1,1,0,2,3,0],3,1].
[[2,5,0,0,0,0,1,2,0],2,0].
[[2,7,1,0,0,0,1,2,0],2,1].
[[3,6,1,0,0,0,1,1,0],2,0].
[[1,7,2,1,2,0,1,2,0],1,0].
[[2,3,2,1,2,0,1,2,0],1,0].
[[3,3,2,1,1,0,1,2,0],1,0].
[[1,7,2,0,0,0,2,1,1],7,0].
[[1,6,0,1,2,2,2,3,0],0,1].
[[2,6,0,1,2,2,2,3,0],0,3].
[[3,7,1,1,1,0,0,0,0],1,5].
[[3,6,1,0,0,0,2,2,0],5,1].
[[3,5,0,0,0,0,1,2,1],3,0].
[[3,6,0,1,2,0,2,2,0],0,2].
[[3,7,0,1,2,0,1,2,1],2,0].
[[3,2,1,1,2,2,0,0,0],2,0].
[[2,3,1,0,0,0,2,3,1],1,0].
[[3,3,1,1,1,2,2,3,0],1,0].
[[2,6,0,1,2,2,2,2,1],8,1].
[[3,6,1,1,2,2,1,1,0],0,1].
[[3,7,1,1,1,0,2,3,0],2,1].
[[3,3,1,0,0,0,2,1,1],2,0].
[[2,8,0,1,2,0,1,2,0],2,2].
[[3,7,0,0,0,0,2,1,1],2,0].
[[2,7,2,1,1,2,2,2,1],3,0].
[[2,7,1,1,2,0,2,2,1],8,2].
[[1,8,1,1,1,2,1,1,0],1,0].
[[2,6,1,1,1,2,1,1,0],1,0].
[[1,6,1,1,2,2,2,1,1],2,0].
[[3,7,0,1,2,0,2,2,1],0,3].
[[3,9,2,1,1,2,0,0,0],0,2].
[[3,1,1,1,2,0,1,1,1],1,0].
[[3,7,2,1,2,0,2,2,0],2,0].
[[3,7,2,1,1,0,0,0,0],3,0].
[[2,7,2,0,0,0,2,1,0],4,1].
[[1,8,1,1,2,0,1,1,1],1,3].
[[3,5,0,1,1,2,1,2,1],9,0].
[[3,7,2,0,0,0,2,3,0],3,0].
[[3,3,1,1,2,0,2,1,1],1,0].
[[3,2,1,0,0,0,0,0,0],2,0].
[[2,7,2,1,1,2,2,1,1],3,0].
[[1,3,2,0,0,0,2,3,0],1,0].
[[2,3,2,0,0,0,2,3,0],1,0].
[[3,3,2,1,2,0,1,2,0],1,0].
[[2,8,1,1,1,0,1,1,0],2,0].
[[3,8,1,1,1,0,1,1,0],2,2].
[[3,8,1,0,0,0,2,1,0],2,0].
[[3,3,1,1,2,0,2,2,1],4,0].
[[3,6,1,1,1,0,1,2,1],3,0].
[[1,7,2,1,2,0,2,3,0],2,1].
[[2,7,2,1,2,0,1,2,0],0,2].
[[3,7,2,1,1,0,1,1,0],1,1].
[[3,3,2,1,1,2,2,3,1],2,0].
[[3,7,2,0,0,0,1,1,1],2,2].
[[2,7,2,1,1,2,2,3,0],1,0].
[[1,8,1,1,1,2,1,2,0],1,2].
[[3,6,0,0,0,0,1,2,0],1,0].
[[3,7,1,1,1,0,1,1,1],2,0].
[[1,7,2,0,0,0,1,2,1],3,0].
[[2,8,1,1,1,0,1,2,0],0,1].
[[1,3,2,0,0,0,2,3,1],1,0].
[[2,3,2,0,0,0,2,3,1],2,0].
[[3,3,2,0,0,0,1,2,1],2,0].
[[3,6,1,1,1,0,0,0,0],0,1].
[[1,6,1,1,2,2,2,2,1],4,0].
[[2,5,0,1,2,2,1,2,1],1,1].
[[2,5,0,1,2,0,1,1,0],0,1].
[[3,6,1,0,0,0,0,0,0],4,0].
[[3,7,0,0,0,0,1,1,0],1,0].
[[2,7,1,1,1,2,1,2,0],2,0].
[[3,7,0,0,0,0,0,0,0],2,1].
[[3,7,2,1,1,0,2,1,0],1,0].
[[1,7,2,1,2,2,2,2,0],3,0].
[[2,7,0,1,2,2,1,2,0],2,1].
[[2,7,2,1,1,2,1,2,1],1,1].
[[2,6,1,1,1,2,2,2,1],1,0].
[[3,7,2,1,1,0,1,2,0],2,1].
[[2,8,1,1,1,0,2,2,1],1,5].
[[2,7,0,1,1,2,2,2,1],2,0].
[[3,6,0,1,2,2,2,1,1],1,3].
[[2,2,1,1,2,2,0,0,0],1,0].
[[3,2,1,1,1,2,2,3,1],1,0].
[[3,3,1,1,1,2,2,1,1],1,0].
[[1,8,0,0,0,0,1,2,0],2,5].
[[3,6,0,0,0,0,2,3,1],1,1].
[[3,6,0,1,2,0,2,3,0],1,2].
[[2,6,0,0,0,0,2,1,0],2,0].
[[3,6,0,1,2,0,2,2,1],1,0].
[[3,2,1,0,0,0,2,2,1],1,0].
[[1,4,2,1,2,0,1,1,0],2,0].
[[2,3,2,0,0,0,2,2,0],1,0].
[[3,6,1,1,1,0,2,2,1],0,2].
[[3,6,1,1,1,2,1,1,1],2,0].
[[2,3,2,1,2,2,2,3,1],1,0].
[[2,7,2,0,0,0,1,1,0],1,0].
[[2,7,0,1,1,2,2,3,0],3,0].
[[3,7,0,1,2,0,0,0,0],0,2].
[[1,7,1,1,2,2,2,1,0],4,0].
[[3,3,2,1,2,0,2,3,0],1,0].
[[2,3,1,1,2,2,2,1,0],1,0].
[[3,3,1,1,1,2,2,1,0],1,0].
[[3,5,0,1,1,0,1,2,0],3,3].
[[1,7,2,1,2,2,1,2,1],3,0].
[[2,3,2,1,2,2,1,2,1],1,0].
[[3,7,0,0,0,0,1,2,0],0,1].
[[1,7,2,1,2,0,2,3,1],2,0].
[[1,6,1,0,0,0,2,1,0],1,0].
[[1,6,1,0,0,0,1,1,1],1,0].
[[2,6,1,0,0,0,1,1,1],2,0].
[[3,6,1,1,2,0,1,1,1],3,0].
[[2,7,0,1,1,2,2,1,1],1,0].
[[3,3,1,1,2,2,1,1,1],1,0].
[[2,7,2,1,2,2,2,1,0],1,1].
[[1,7,2,1,2,0,1,2,1],1,0].
[[2,3,2,1,2,0,1,2,1],1,0].
[[3,6,0,0,0,0,1,1,0],1,0].
[[2,8,1,1,1,0,0,0,0],1,0].
[[2,6,1,1,2,2,2,2,0],1,0].
[[2,7,0,1,1,2,1,2,0],0,1].
[[2,6,0,1,1,2,2,1,1],1,0].
[[2,3,1,1,2,2,2,2,0],2,0].
[[2,8,1,1,1,0,2,1,1],1,0].
[[3,7,1,1,1,0,1,1,0],1,0].
[[2,6,1,1,2,2,2,1,0],2,0].
[[3,2,1,1,2,0,0,0,0],1,0].
[[3,6,1,1,1,0,1,2,0],1,0].
[[2,7,2,1,1,2,2,2,0],1,0].
[[2,6,0,1,1,2,2,2,1],2,0].
[[3,4,0,1,2,0,1,2,0],0,1].
[[3,3,1,0,0,0,2,3,0],1,0].
[[2,7,2,1,2,0,1,1,1],1,0].
[[3,6,0,1,1,2,2,1,1],1,0].
[[3,6,0,0,0,0,0,0,0],1,0].
[[2,7,2,1,2,2,1,2,0],2,0].
[[3,6,0,1,2,2,1,1,0],1,0].
[[2,3,2,0,0,0,2,1,1],2,0].
[[3,3,2,1,2,0,1,1,1],1,0].
[[3,7,0,1,2,2,1,1,0],2,2].
[[3,6,0,0,0,0,2,2,0],1,1].
[[2,7,0,0,0,0,2,1,0],1,0].
[[3,7,0,1,2,0,2,1,0],1,0].
[[2,7,1,1,2,0,2,1,0],2,0].
[[2,6,1,1,2,0,1,2,1],2,0].
[[1,7,1,0,0,0,1,2,1],1,0].
[[3,6,1,1,1,0,2,3,0],1,0].
[[1,7,2,0,0,0,2,1,0],0,1].
[[3,6,1,1,1,0,2,3,1],1,0].
[[3,6,1,1,1,2,2,1,0],1,0].
[[3,5,0,1,2,0,1,2,1],1,1].
[[3,3,2,0,0,0,2,1,1],1,0].
[[3,3,1,1,2,0,2,3,0],1,0].
[[2,5,0,0,0,0,1,2,1],0,1].
[[3,2,1,1,2,2,2,2,1],1,0].
[[3,4,0,1,2,0,1,1,0],0,1].
[[3,8,1,1,2,0,0,0,0],0,1].
[[2,6,1,1,1,2,2,2,0],1,0].
[[3,3,2,1,1,0,0,0,0],1,0].
[[2,6,1,1,2,0,2,2,0],1,0].
[[3,6,0,0,0,0,2,3,0],0,1].
[[2,7,1,1,2,0,1,2,0],1,0].
[[3,2,1,1,2,2,2,3,0],1,0].
[[3,6,0,1,1,2,1,2,0],2,0].
[[3,3,1,1,1,2,1,2,0],1,0].
[[3,3,1,0,0,0,1,1,1],1,0].
[[3,3,2,0,0,0,2,1,0],1,0].
[[2,6,1,1,2,0,2,1,0],1,0].
[[3,7,0,0,0,0,2,3,1],1,0].
[[2,7,2,1,2,2,1,1,0],1,0].
