total_WL(17305,18535).
[[1,7,2,0,0,0,2,1,1],44,3].
[[2,7,2,0,0,0,1,2,1],44,8].
[[3,7,2,0,0,0,1,1,1],19,12].
[[1,8,1,1,1,1,0,0,0],60,22].
[[2,4,1,1,2,0,2,3,0],30,4].
[[3,4,1,1,2,0,2,2,1],45,5].
[[1,9,2,0,0,0,2,3,1],710,1493].
[[2,8,1,0,0,0,2,3,1],636,356].
[[3,8,1,0,0,0,1,2,1],282,171].
[[1,9,2,0,0,0,0,0,0],359,1415].
[[2,8,0,0,0,0,0,0,0],81,347].
[[3,7,1,0,0,0,2,3,1],194,81].
[[1,9,2,0,0,0,2,1,1],506,789].
[[2,9,1,0,0,0,1,1,1],79,122].
[[3,8,0,1,2,0,1,1,1],26,55].
[[1,9,2,0,0,0,2,2,0],527,845].
[[2,8,0,0,0,0,2,2,0],163,202].
[[3,8,0,1,2,1,1,1,1],73,185].
[[1,9,2,1,2,1,0,0,0],203,607].
[[2,9,1,1,2,1,2,2,0],103,263].
[[3,9,1,1,1,1,1,2,0],68,218].
[[1,6,1,1,2,1,0,0,0],70,10].
[[2,6,1,1,1,1,2,2,1],9,3].
[[3,6,1,1,1,1,2,3,1],34,5].
[[1,8,1,1,2,1,2,2,1],230,116].
[[2,8,1,1,2,1,2,2,1],357,211].
[[3,8,1,1,2,1,1,2,1],636,349].
[[1,9,2,1,2,1,2,2,0],241,320].
[[3,9,1,1,1,1,2,2,0],13,79].
[[1,8,1,0,0,0,0,0,0],1646,941].
[[2,8,1,1,2,1,2,3,1],561,287].
[[3,7,1,1,2,1,2,3,1],405,164].
[[1,8,0,0,0,0,2,2,1],133,142].
[[2,8,0,0,0,0,1,2,1],65,83].
[[3,8,0,0,0,0,1,2,1],82,160].
[[1,8,0,0,0,0,0,0,0],680,1141].
[[2,8,0,1,2,1,2,3,1],179,332].
[[3,8,0,1,2,1,2,3,1],133,376].
[[2,8,0,1,2,1,0,0,0],84,346].
[[3,7,0,1,1,1,0,0,0],3,20].
[[1,9,2,1,2,0,2,3,1],31,73].
[[2,9,1,1,1,0,2,2,0],2,5].
[[3,4,0,1,2,0,2,1,1],0,3].
[[1,8,1,0,0,0,2,1,1],541,251].
[[2,8,1,0,0,0,2,2,1],518,264].
[[3,8,1,1,2,0,1,1,1],78,71].
[[1,8,1,0,0,0,2,2,1],693,323].
[[2,7,2,0,0,0,2,2,1],87,18].
[[3,7,2,0,0,0,2,2,1],61,2].
[[1,9,2,1,2,1,2,3,1],349,637].
[[2,9,2,1,2,1,2,3,1],91,248].
[[1,9,2,1,1,1,1,1,1],10,9].
[[2,4,1,1,2,0,1,1,1],9,3].
[[3,4,1,1,2,0,1,1,1],62,15].
[[1,9,2,0,0,0,2,2,1],591,1081].
[[2,9,2,0,0,0,1,1,1],39,98].
[[3,9,1,1,2,1,1,1,1],83,279].
[[1,9,2,0,0,0,2,3,0],876,1291].
[[2,8,1,1,2,1,2,3,0],178,103].
[[3,8,1,1,1,1,1,2,0],82,32].
[[2,8,1,1,2,0,0,0,0],41,51].
[[3,8,1,1,2,0,2,2,0],22,36].
[[1,9,2,1,2,1,2,2,1],251,479].
[[2,9,1,1,2,1,2,3,1],76,266].
[[3,9,1,1,2,1,1,2,1],193,724].
[[3,7,1,1,2,1,2,2,1],314,124].
[[1,9,2,1,1,1,2,3,1],51,51].
[[2,8,1,1,1,1,2,3,1],112,58].
[[3,4,1,1,2,0,2,3,1],70,11].
[[1,8,1,0,0,0,2,3,0],262,114].
[[2,8,1,1,2,0,2,3,0],60,44].
[[3,7,1,1,2,0,2,3,0],52,29].
[[2,6,1,0,0,0,0,0,0],168,7].
[[3,6,1,0,0,0,2,3,1],68,2].
[[1,9,2,0,0,0,1,1,0],73,119].
[[2,8,0,0,0,0,1,1,0],25,27].
[[3,7,1,1,2,0,1,1,0],8,6].
[[1,8,1,0,0,0,2,3,1],881,380].
[[3,7,2,1,2,0,2,3,1],58,7].
[[3,8,0,0,0,0,2,2,0],47,112].
[[1,9,2,1,2,1,2,3,0],373,530].
[[2,9,2,1,2,1,1,2,0],82,86].
[[3,8,0,1,2,1,1,2,0],222,291].
[[2,8,1,0,0,0,2,1,1],430,239].
[[3,6,1,0,0,0,2,1,1],34,0].
[[2,6,1,0,0,0,2,1,1],60,3].
[[2,8,1,1,2,0,1,2,1],67,55].
[[2,9,2,0,0,0,2,2,1],34,124].
[[3,8,0,1,2,1,2,2,1],110,256].
[[1,9,2,1,2,1,2,1,1],236,323].
[[2,9,1,1,2,1,1,1,1],62,125].
[[3,5,0,1,2,1,1,1,1],132,7].
[[2,8,0,0,0,0,2,3,1],186,382].
[[2,9,2,1,2,1,2,3,0],91,224].
[[3,8,1,1,1,1,1,2,1],193,143].
[[2,9,1,0,0,0,2,2,1],78,223].
[[3,9,1,1,2,0,1,1,1],24,84].
[[1,8,1,0,0,0,1,2,1],189,112].
[[2,8,1,0,0,0,1,2,1],383,196].
[[3,8,1,1,2,1,1,1,0],56,58].
[[3,9,1,1,2,1,2,1,1],30,133].
[[1,7,1,0,0,0,0,0,0],336,138].
[[2,7,1,0,0,0,2,2,1],143,51].
[[3,7,1,0,0,0,2,2,1],156,66].
[[2,8,0,1,2,1,2,3,0],194,316].
[[3,8,0,1,2,1,2,3,0],158,525].
[[1,7,1,0,0,0,2,3,1],32,8].
[[2,7,1,0,0,0,2,3,1],182,66].
[[2,9,1,1,2,1,1,1,0],40,120].
[[2,8,0,0,0,0,2,2,1],151,252].
[[3,8,0,0,0,0,2,2,1],39,128].
[[1,9,2,0,0,0,1,1,1],127,169].
[[2,8,1,0,0,0,1,1,1],131,97].
[[3,7,1,0,0,0,1,1,1],43,26].
[[3,7,2,1,1,1,2,3,1],45,4].
[[2,9,1,1,2,0,2,3,0],31,91].
[[3,9,1,1,2,0,2,3,0],8,106].
[[3,8,1,1,2,1,1,2,0],222,83].
[[2,9,1,1,2,1,2,3,0],140,391].
[[3,8,0,1,2,0,2,3,1],29,122].
[[2,9,1,0,0,0,2,3,0],145,376].
[[3,8,0,0,0,0,2,3,0],69,209].
[[2,9,1,0,0,0,1,2,1],174,344].
[[3,9,1,1,2,0,1,2,1],41,229].
[[3,8,1,1,2,1,2,3,1],352,234].
[[2,8,1,1,2,0,2,1,1],111,63].
[[3,6,1,1,2,0,2,1,1],26,1].
[[1,9,2,0,0,0,2,1,0],167,249].
[[2,9,1,0,0,0,1,1,0],45,100].
[[3,8,1,0,0,0,1,1,0],22,12].
[[1,8,1,1,2,1,2,1,1],178,74].
[[2,7,1,1,2,1,2,1,1],83,21].
[[3,7,1,1,1,1,1,2,1],55,23].
[[2,9,2,0,0,0,2,3,1],79,229].
[[3,9,1,1,2,0,2,3,1],4,32].
[[3,7,1,0,0,0,2,1,1],141,56].
[[1,8,0,1,2,1,0,0,0],236,356].
[[3,8,0,1,2,1,1,2,1],164,404].
[[2,9,2,1,2,1,2,1,1],42,110].
[[3,8,0,1,1,1,2,1,1],32,74].
[[2,8,1,1,2,1,1,2,1],321,154].
[[1,8,1,1,2,0,2,2,1],36,23].
[[2,7,1,1,2,0,2,2,1],23,12].
[[3,7,1,1,2,0,2,2,1],109,48].
[[2,9,1,1,2,1,2,1,0],19,67].
[[3,9,1,1,1,1,1,1,0],16,81].
[[2,9,2,1,2,0,2,2,1],12,32].
[[2,9,1,1,1,1,1,2,1],44,66].
[[3,8,1,1,2,1,2,1,1],244,152].
[[1,6,1,0,0,0,0,0,0],323,11].
[[2,3,2,0,0,0,0,0,0],43,1].
[[3,3,2,1,2,1,2,3,1],26,0].
[[1,8,0,0,0,0,1,2,1],7,8].
[[3,8,0,1,2,1,2,2,0],106,336].
[[2,9,1,1,2,1,1,2,1],151,342].
[[3,5,0,1,2,1,1,1,0],71,11].
[[1,8,0,0,0,0,2,3,0],181,159].
[[2,8,0,0,0,0,2,3,0],234,321].
[[3,6,0,0,0,0,2,3,0],11,16].
[[2,8,1,0,0,0,2,2,0],145,83].
[[3,7,2,1,2,0,1,2,1],49,6].
[[2,9,2,1,2,0,0,0,0],1,23].
[[2,8,1,1,2,1,0,0,0],152,122].
[[3,8,1,1,2,1,2,2,0],65,104].
[[2,9,1,1,2,1,2,1,1],93,192].
[[1,9,2,0,0,0,1,2,1],246,385].
[[3,8,0,1,2,0,1,2,1],43,121].
[[1,8,1,1,2,1,0,0,0],545,288].
[[2,9,1,1,1,1,2,3,0],46,59].
[[3,9,1,1,1,1,2,3,0],15,113].
[[2,8,0,1,2,1,2,2,1],142,233].
[[2,8,1,0,0,0,0,0,0],137,117].
[[3,7,1,0,0,0,0,0,0],71,34].
[[2,8,1,1,2,1,2,1,1],357,178].
[[3,7,1,1,2,1,2,1,1],247,116].
[[1,9,2,1,1,1,2,2,0],40,32].
[[2,4,1,1,2,0,1,2,0],17,1].
[[3,4,1,1,2,0,1,2,0],71,16].
[[3,9,1,1,2,1,2,3,0],44,312].
[[2,7,2,0,0,0,0,0,0],154,14].
[[3,7,2,1,2,1,2,2,1],102,7].
[[3,8,0,1,2,1,2,1,1],115,197].
[[3,8,0,1,1,1,2,3,0],46,133].
[[1,8,0,0,0,0,1,2,0],22,24].
[[2,8,0,0,0,0,1,2,0],88,79].
[[3,8,0,0,0,0,1,2,0],85,124].
[[2,7,1,1,2,1,2,2,1],104,36].
[[3,9,1,0,0,0,2,3,0],21,131].
[[2,9,2,1,1,1,2,3,1],27,53].
[[3,4,1,1,2,0,2,2,0],40,8].
[[3,8,0,1,1,1,1,2,0],59,106].
[[3,3,1,1,2,1,2,1,1],27,5].
[[3,8,1,0,0,0,1,1,1],112,95].
[[2,9,2,1,2,1,0,0,0],5,77].
[[1,8,1,1,2,1,2,3,1],295,108].
[[3,7,1,1,2,1,1,2,1],252,77].
[[2,8,0,1,2,1,2,2,0],123,167].
[[3,7,1,1,1,1,2,3,1],109,54].
[[1,8,1,1,1,1,2,3,1],33,16].
[[2,4,1,1,2,0,2,3,1],25,3].
[[3,7,2,1,2,1,1,2,1],148,12].
[[2,9,2,1,2,1,1,1,0],15,25].
[[3,9,1,1,2,1,1,1,0],42,183].
[[2,9,1,1,1,1,2,3,1],37,61].
[[3,9,1,1,1,1,2,1,0],2,17].
[[2,9,1,1,1,1,2,2,1],22,57].
[[3,8,0,1,1,1,2,2,1],26,76].
[[3,7,0,1,2,1,2,3,1],38,64].
[[2,9,1,1,2,1,2,2,1],83,237].
[[3,8,1,1,2,1,1,1,1],244,198].
[[3,8,1,0,0,0,2,2,0],29,43].
[[2,5,0,0,0,0,1,1,1],37,4].
[[3,5,0,0,0,0,1,1,1],53,8].
[[3,7,1,1,2,0,1,1,1],40,23].
[[2,9,2,0,0,0,1,2,1],75,180].
[[2,9,1,0,0,0,2,3,1],92,279].
[[3,8,1,0,0,0,2,3,1],154,100].
[[1,7,2,1,2,0,2,2,1],2,2].
[[2,7,2,1,1,0,2,2,1],0,2].
[[3,7,2,1,1,0,1,2,1],6,7].
[[2,8,1,1,2,1,1,1,1],130,98].
[[3,7,1,1,2,1,1,1,1],88,61].
[[3,7,2,1,2,0,2,1,1],30,3].
[[2,7,1,0,0,0,0,0,0],316,166].
[[3,7,1,1,2,0,0,0,0],49,41].
[[2,9,1,0,0,0,1,2,0],151,313].
[[3,9,1,0,0,0,1,2,0],76,230].
[[3,7,1,1,1,1,2,1,1],70,35].
[[1,7,1,0,0,0,2,2,0],10,2].
[[2,7,1,0,0,0,2,2,0],45,8].
[[3,3,1,1,2,1,2,2,0],17,1].
[[2,7,1,1,2,1,2,3,1],117,44].
[[1,9,2,1,2,1,1,2,1],126,195].
[[3,7,2,1,2,1,2,3,1],145,10].
[[1,7,2,0,0,0,0,0,0],281,51].
[[2,7,2,0,0,0,2,1,1],82,12].
[[3,7,2,0,0,0,2,1,1],57,5].
[[3,7,1,0,0,0,1,2,1],112,41].
[[2,9,1,1,2,1,1,2,0],195,304].
[[3,8,1,1,2,0,1,2,1],204,159].
[[1,9,2,1,2,0,2,2,0],15,45].
[[3,8,1,1,1,0,1,2,1],34,59].
[[2,7,2,1,2,1,0,0,0],111,8].
[[3,8,0,1,1,1,2,1,0],6,38].
[[2,8,0,0,0,0,2,1,1],146,206].
[[2,8,1,0,0,0,2,3,0],210,136].
[[2,9,1,0,0,0,2,2,0],97,244].
[[2,9,2,1,2,1,2,2,1],47,123].
[[2,8,0,0,0,0,2,1,0],59,65].
[[3,8,0,1,2,1,2,1,0],33,83].
[[2,8,1,1,2,0,1,2,0],30,19].
[[3,8,1,1,2,0,1,2,0],86,40].
[[1,9,2,1,2,0,2,1,1],12,41].
[[2,9,2,1,2,0,2,1,1],15,29].
[[3,9,1,1,1,0,2,1,1],2,10].
[[1,9,2,1,1,1,2,2,1],50,35].
[[2,4,1,1,2,0,2,1,1],15,4].
[[3,4,1,1,2,0,2,1,1],50,14].
[[2,9,2,1,2,1,1,2,1],114,163].
[[3,9,1,1,1,1,1,2,1],73,278].
[[3,7,1,1,2,0,2,1,1],84,34].
[[2,6,1,1,2,0,2,3,1],7,1].
[[3,9,1,0,0,0,1,1,0],16,63].
[[1,9,2,0,0,0,1,2,0],281,359].
[[3,8,1,0,0,0,2,3,0],37,52].
[[2,8,1,1,2,0,2,3,1],141,107].
[[3,7,1,1,1,0,2,3,1],21,13].
[[1,9,2,1,1,1,1,2,1],19,16].
[[2,8,1,1,1,1,1,2,1],67,41].
[[3,8,0,1,2,0,1,2,0],41,66].
[[3,9,1,1,2,1,2,2,1],26,123].
[[2,9,2,0,0,0,2,3,0],92,248].
[[3,8,1,0,0,0,2,2,1],112,85].
[[1,8,0,0,0,0,2,3,1],126,218].
[[3,8,0,0,0,0,2,3,1],48,155].
[[1,8,1,1,2,1,1,1,1],26,22].
[[1,8,0,1,2,1,2,2,1],51,42].
[[2,8,0,1,1,1,2,2,1],33,40].
[[1,8,0,0,0,0,2,2,0],127,100].
[[3,8,0,0,0,0,1,1,0],35,27].
[[2,9,1,0,0,0,2,1,0],26,71].
[[3,9,1,1,2,1,2,2,0],34,226].
[[1,9,2,1,2,1,1,1,0],25,50].
[[2,5,0,1,2,1,1,2,0],21,1].
[[3,5,0,1,2,1,1,2,0],123,1].
[[2,9,2,0,0,0,1,2,0],72,83].
[[1,8,0,0,0,0,2,1,0],51,45].
[[2,7,1,0,0,0,1,1,1],20,14].
[[3,7,1,1,2,1,1,1,0],23,11].
[[2,7,1,1,2,1,0,0,0],221,124].
[[3,7,1,1,1,1,0,0,0],35,19].
[[2,8,1,1,2,1,2,2,0],116,70].
[[2,7,0,0,0,0,0,0,0],27,53].
[[3,7,0,1,2,1,2,3,0],37,51].
[[1,8,0,0,0,0,2,1,1],113,117].
[[2,8,0,1,2,1,2,1,1],109,173].
[[2,9,2,1,2,1,1,1,1],40,79].
[[3,9,1,1,1,1,1,1,1],28,107].
[[2,3,1,0,0,0,0,0,0],48,6].
[[1,9,2,1,2,0,0,0,0],15,58].
[[2,9,1,1,2,0,2,1,1],11,48].
[[3,7,1,1,1,1,2,2,1],78,33].
[[3,9,1,0,0,0,1,1,1],42,118].
[[3,8,0,1,2,0,2,2,1],19,59].
[[2,4,1,1,2,0,1,2,1],17,9].
[[3,4,1,1,2,0,1,2,1],128,29].
[[2,7,1,1,2,0,2,3,1],30,11].
[[3,7,1,1,1,0,2,2,0],2,2].
[[2,6,1,1,2,1,2,2,1],43,2].
[[3,6,1,1,2,1,2,2,1],85,1].
[[2,9,1,1,1,1,1,1,1],34,28].
[[3,8,0,1,1,1,1,1,1],23,46].
[[3,9,1,1,2,1,1,2,0],198,531].
[[1,9,2,1,2,1,2,1,0],80,112].
[[2,8,0,1,1,1,2,1,0],7,9].
[[2,6,0,0,0,0,0,0,0],28,40].
[[3,6,0,0,0,0,0,0,0],4,8].
[[3,7,0,1,1,1,2,3,0],8,18].
[[3,8,0,0,0,0,0,0,0],1,43].
[[2,7,1,0,0,0,2,1,1],132,48].
[[2,9,1,1,1,1,1,1,0],15,22].
[[3,8,0,1,1,1,1,1,0],15,42].
[[3,6,1,1,2,1,2,1,1],73,4].
[[3,7,0,0,0,0,1,2,1],3,10].
[[2,8,1,0,0,0,2,1,0],41,29].
[[3,8,1,1,2,1,2,1,0],15,32].
[[3,8,0,1,2,1,1,1,0],58,104].
[[3,8,1,1,1,1,2,2,0],25,31].
[[2,8,1,1,1,0,2,2,1],6,9].
[[3,7,1,1,1,0,2,2,1],8,14].
[[1,8,0,1,2,1,2,3,0],61,48].
[[2,7,1,1,2,1,2,3,0],35,9].
[[3,7,1,1,2,1,2,3,0],118,61].
[[2,8,1,1,2,0,2,2,1],134,87].
[[3,8,1,1,2,0,2,3,1],132,87].
[[1,8,0,1,2,1,1,2,0],9,8].
[[2,8,0,1,2,1,1,2,0],87,64].
[[3,7,1,1,2,1,0,0,0],137,83].
[[3,8,1,1,1,0,2,2,0],3,11].
[[2,5,0,0,0,0,1,2,0],26,1].
[[2,8,0,1,2,1,2,1,0],35,57].
[[3,9,1,1,2,0,1,2,0],52,167].
[[2,9,1,0,0,0,2,1,1],74,187].
[[2,9,2,0,0,0,0,0,0],8,66].
[[3,8,0,1,2,1,0,0,0],3,96].
[[1,8,1,1,2,0,1,1,1],3,11].
[[2,8,1,1,1,0,1,2,1],7,7].
[[2,9,2,1,2,0,1,2,0],9,16].
[[1,6,1,0,0,0,1,1,1],5,2].
[[2,6,1,0,0,0,1,1,1],10,2].
[[3,6,1,1,2,0,1,2,0],8,0].
[[3,8,0,1,1,1,2,3,1],38,132].
[[2,8,1,1,2,0,1,1,1],24,42].
[[1,7,1,1,2,1,0,0,0],59,22].
[[3,8,1,1,2,1,2,2,1],260,144].
[[3,9,1,0,0,0,1,2,1],65,275].
[[2,9,2,1,1,1,1,2,1],22,42].
[[2,5,0,1,2,1,1,1,0],15,2].
[[1,8,0,1,2,1,2,3,1],67,67].
[[2,8,0,1,1,1,2,3,0],35,33].
[[3,8,1,1,1,0,2,2,1],19,24].
[[3,8,0,1,2,0,2,1,0],8,30].
[[3,8,1,1,1,1,2,3,1],121,81].
[[2,9,1,1,2,0,2,2,0],20,75].
[[3,9,1,1,1,0,1,2,0],8,45].
[[1,8,1,1,2,0,2,2,0],7,5].
[[2,6,1,1,2,0,2,2,0],1,0].
[[3,6,1,1,2,0,1,1,0],1,0].
[[3,6,1,0,0,0,2,2,0],13,0].
[[2,6,1,0,0,0,2,2,1],65,3].
[[3,6,1,0,0,0,2,3,0],19,0].
[[3,8,1,1,2,0,2,3,0],29,43].
[[3,8,1,1,2,0,2,1,1],83,54].
[[3,7,1,1,1,1,1,1,1],25,21].
[[2,9,2,0,0,0,2,1,1],32,102].
[[3,9,1,0,0,0,2,1,1],15,47].
[[3,7,1,1,2,0,2,3,1],124,66].
[[3,8,0,0,0,0,2,1,1],46,91].
[[3,9,1,1,2,1,2,1,0],1,56].
[[1,8,1,0,0,0,2,2,0],203,71].
[[2,8,1,0,0,0,1,2,0],109,43].
[[3,6,0,1,2,1,2,3,0],15,26].
[[3,9,1,0,0,0,2,2,0],10,103].
[[2,9,2,1,1,1,2,3,0],31,55].
[[2,8,1,1,2,1,2,1,0],34,17].
[[3,7,1,1,2,1,2,1,0],33,10].
[[1,7,2,1,2,1,0,0,0],58,7].
[[3,7,2,1,2,1,2,1,1],104,5].
[[1,9,2,1,2,1,1,2,0],149,126].
[[2,9,2,1,2,1,2,2,0],57,174].
[[3,8,1,1,1,0,1,1,1],12,25].
[[2,9,2,0,0,0,2,2,0],54,168].
[[3,7,0,1,2,1,1,2,0],16,9].
[[3,8,0,1,2,0,1,1,0],17,27].
[[3,8,0,0,0,0,1,1,1],39,64].
[[3,8,0,0,0,0,2,1,0],16,43].
[[3,7,1,0,0,0,2,1,0],12,7].
[[2,9,2,1,1,1,2,2,0],17,31].
[[1,8,1,0,0,0,2,1,0],72,32].
[[2,7,1,1,2,1,2,1,0],10,1].
[[3,3,1,1,2,1,2,1,0],3,0].
[[3,8,1,1,1,1,2,3,0],34,48].
[[1,9,2,1,2,0,2,2,1],18,62].
[[3,8,1,1,2,0,2,2,1],102,70].
[[2,8,0,1,2,0,2,3,0],22,44].
[[3,9,1,1,1,1,2,2,1],9,50].
[[2,9,1,1,2,0,1,1,1],18,37].
[[3,8,1,1,1,1,1,1,0],17,16].
[[2,6,1,0,0,0,2,3,1],95,6].
[[2,6,0,1,2,1,0,0,0],19,29].
[[3,6,0,1,2,1,2,1,1],12,19].
[[3,8,1,0,0,0,1,2,0],90,43].
[[2,8,1,0,0,0,1,1,0],29,27].
[[3,7,1,0,0,0,1,1,0],8,5].
[[1,8,0,1,2,1,2,2,0],41,42].
[[3,7,0,1,2,1,2,2,0],30,29].
[[2,7,1,1,2,0,2,1,1],11,11].
[[3,7,1,1,2,0,1,2,1],69,28].
[[2,8,1,1,2,0,2,2,0],34,23].
[[3,8,1,1,1,0,1,1,0],4,6].
[[2,8,1,1,1,1,0,0,0],28,17].
[[3,8,1,1,1,1,0,0,0],0,6].
[[1,9,2,1,1,1,0,0,0],32,50].
[[2,9,1,1,1,1,2,1,0],8,15].
[[3,9,1,1,1,1,2,1,1],12,46].
[[3,6,0,0,0,0,2,2,0],11,6].
[[2,9,1,1,1,1,2,2,0],34,47].
[[3,5,0,1,1,1,1,1,0],23,11].
[[3,6,1,0,0,0,2,2,1],36,1].
[[2,8,0,1,2,1,1,1,0],25,30].
[[3,6,0,1,2,1,1,1,0],2,0].
[[3,6,1,1,2,1,2,3,1],107,4].
[[3,6,0,1,2,1,2,2,0],12,11].
[[3,8,0,1,1,1,0,0,0],1,26].
[[1,7,1,0,0,0,1,1,1],2,1].
[[2,7,1,1,2,0,1,1,1],3,7].
[[1,8,1,1,2,1,2,2,0],53,17].
[[2,7,0,1,2,1,0,0,0],17,38].
[[3,7,0,1,2,1,2,2,1],28,45].
[[3,8,1,1,1,1,2,1,1],91,53].
[[2,8,0,1,2,1,1,2,1],65,103].
[[1,9,2,1,2,0,1,1,1],3,8].
[[2,5,0,1,2,0,1,1,1],9,0].
[[3,5,0,1,2,0,1,1,1],38,4].
[[1,6,0,0,0,0,0,0,0],35,28].
[[2,2,0,0,0,0,0,0,0],4,1].
[[3,2,0,0,0,0,0,0,0],2,2].
[[1,9,2,1,2,1,1,1,1],51,81].
[[3,6,1,1,2,1,1,1,1],32,8].
[[3,8,1,1,2,1,2,3,0],102,131].
[[3,8,0,1,2,0,2,2,0],26,84].
[[2,9,1,1,1,1,0,0,0],0,10].
[[3,3,1,1,2,1,0,0,0],80,12].
[[3,7,0,0,0,0,2,2,0],9,19].
[[2,7,2,1,2,1,2,3,0],5,0].
[[3,7,2,1,2,1,1,2,0],20,1].
[[3,7,1,0,0,0,2,2,0],45,23].
[[1,8,1,1,2,0,0,0,0],89,65].
[[2,8,1,1,1,0,2,2,0],1,1].
[[2,8,1,1,1,0,2,3,1],10,10].
[[3,8,1,1,1,0,2,3,0],7,14].
[[3,8,0,1,1,1,1,2,1],64,143].
[[1,9,2,1,2,0,2,3,0],30,65].
[[2,9,1,1,1,1,2,1,1],25,43].
[[3,3,2,1,2,1,2,3,0],3,0].
[[2,7,1,0,0,0,1,2,1],42,19].
[[2,9,2,1,1,0,2,2,1],0,3].
[[3,8,0,1,1,0,2,2,1],1,13].
[[3,4,1,1,2,0,2,3,0],61,13].
[[3,7,1,1,2,1,2,2,0],81,39].
[[1,8,1,0,0,0,1,1,1],73,52].
[[2,6,1,1,2,1,0,0,0],108,12].
[[3,8,1,1,1,1,1,1,1],84,90].
[[3,7,0,0,0,0,2,3,0],18,24].
[[3,7,2,0,0,0,1,2,1],73,9].
[[2,8,0,1,2,0,2,3,1],25,59].
[[1,7,2,0,0,0,2,2,1],46,8].
[[3,8,1,0,0,0,2,1,1],108,75].
[[2,7,1,1,1,1,2,3,1],14,4].
[[3,5,0,1,2,0,1,2,0],27,2].
[[2,8,0,1,2,0,0,0,0],3,43].
[[2,8,1,1,1,1,2,1,1],73,29].
[[3,7,2,1,2,1,1,1,1],45,14].
[[3,7,2,1,1,1,2,3,0],7,0].
[[2,9,1,1,2,0,1,2,1],35,93].
[[2,6,0,0,0,0,2,2,1],11,7].
[[3,6,0,1,2,0,1,2,1],3,1].
[[3,7,0,1,2,0,2,1,1],5,9].
[[3,7,0,1,2,1,0,0,0],27,68].
[[2,9,1,0,0,0,0,0,0],0,54].
[[3,9,1,1,2,0,2,1,0],1,17].
[[3,7,1,1,2,0,2,2,0],26,12].
[[1,7,2,0,0,0,2,3,1],86,3].
[[3,8,0,1,1,1,2,2,0],29,101].
[[3,7,2,0,0,0,0,0,0],20,4].
[[2,7,2,1,2,1,2,2,1],60,8].
[[3,3,2,1,2,1,2,2,1],13,0].
[[2,8,0,1,2,0,2,2,1],14,46].
[[3,8,1,1,1,0,1,2,0],18,19].
[[2,7,1,1,1,1,0,0,0],43,14].
[[3,3,1,1,1,1,0,0,0],12,4].
[[2,9,2,1,2,1,2,1,0],20,49].
[[3,7,1,1,1,1,2,1,0],11,5].
[[3,3,1,1,2,0,0,0,0],18,3].
[[1,9,2,1,1,1,2,3,0],65,46].
[[3,6,0,0,0,0,2,3,1],8,15].
[[1,8,1,1,2,1,2,3,0],77,32].
[[2,8,1,1,1,1,2,3,0],35,18].
[[3,5,0,1,2,0,1,1,0],15,3].
[[3,8,0,1,2,0,2,3,0],29,137].
[[2,8,0,1,2,0,2,1,1],17,28].
[[3,7,0,1,2,0,2,3,0],9,12].
[[3,2,1,0,0,0,0,0,0],8,0].
[[3,5,0,1,1,0,1,1,1],6,5].
[[2,8,0,1,1,1,2,3,1],25,47].
[[3,7,0,0,0,0,2,1,1],12,16].
[[1,8,1,1,1,1,2,1,1],17,6].
[[2,8,1,1,1,1,1,1,1],32,22].
[[2,8,0,1,1,1,2,2,0],22,32].
[[2,9,1,1,2,0,2,3,1],15,81].
[[3,7,1,1,2,0,1,2,0],21,4].
[[3,7,2,0,0,0,2,3,1],75,6].
[[2,9,1,1,1,1,1,2,0],56,63].
[[3,8,1,1,2,0,1,1,0],19,25].
[[3,7,0,1,2,1,2,1,0],8,4].
[[1,8,1,1,1,1,2,2,0],4,1].
[[2,8,1,1,1,1,2,2,0],31,8].
[[1,7,1,1,2,1,2,3,0],5,4].
[[2,7,1,1,2,1,1,2,0],14,2].
[[3,7,1,1,1,1,1,2,0],13,7].
[[3,8,1,1,1,1,2,2,1],79,67].
[[3,9,1,0,0,0,2,1,0],0,16].
[[2,9,1,1,2,1,0,0,0],1,41].
[[3,9,1,1,2,0,1,1,0],9,56].
[[2,7,2,1,2,1,1,2,1],30,2].
[[2,8,0,1,1,1,1,2,1],19,16].
[[2,6,1,1,2,0,2,2,1],11,3].
[[3,6,1,1,1,0,2,3,1],1,0].
[[3,7,0,1,2,1,1,1,0],9,8].
[[1,8,1,0,0,0,1,2,0],46,20].
[[3,7,1,1,2,1,1,2,0],90,12].
[[3,7,2,1,1,1,1,1,1],18,6].
[[1,8,1,1,2,0,2,3,1],30,27].
[[3,9,1,1,2,1,2,3,1],26,152].
[[3,6,1,1,2,1,2,3,0],43,2].
[[1,6,1,0,0,0,2,3,1],38,1].
[[2,6,1,1,2,1,2,2,0],10,0].
[[2,7,2,1,2,1,2,3,1],86,12].
[[3,7,2,1,2,1,0,0,0],31,2].
[[3,7,0,1,2,0,0,0,0],2,14].
[[3,9,1,1,1,0,1,1,0],3,17].
[[1,6,1,0,0,0,2,2,1],30,0].
[[3,3,1,1,2,0,2,2,1],10,0].
[[2,7,1,1,1,1,2,1,1],13,0].
[[2,7,2,1,2,0,1,1,1],7,4].
[[3,7,2,1,1,0,1,1,1],3,4].
[[3,8,1,1,2,0,0,0,0],2,3].
[[2,7,1,1,2,0,0,0,0],53,30].
[[2,7,0,1,2,1,2,2,0],8,5].
[[3,6,1,1,2,1,1,2,1],66,3].
[[2,9,2,1,2,0,2,3,0],10,41].
[[1,8,0,1,2,1,2,1,1],34,40].
[[3,6,0,1,2,1,2,3,1],19,29].
[[3,6,1,1,2,0,2,2,1],28,1].
[[1,8,1,1,2,1,2,1,0],15,5].
[[2,7,2,1,2,1,2,1,0],2,0].
[[3,3,2,1,2,1,2,1,0],1,0].
[[2,9,1,1,2,0,1,2,0],37,56].
[[3,6,1,1,1,1,2,3,0],11,2].
[[2,8,1,1,1,1,2,2,1],93,40].
[[2,9,1,1,2,0,0,0,0],0,9].
[[3,8,0,1,2,0,0,0,0],0,23].
[[2,7,2,1,2,0,2,2,1],22,7].
[[2,6,1,1,2,1,2,1,1],29,2].
[[2,4,1,1,2,0,2,2,0],12,1].
[[3,9,1,1,2,0,2,2,1],5,36].
[[3,7,0,0,0,0,1,1,0],4,2].
[[2,8,0,0,0,0,1,1,1],25,33].
[[2,7,2,1,2,0,0,0,0],40,10].
[[3,7,2,1,2,0,2,3,0],6,1].
[[2,6,0,1,2,1,2,3,0],7,5].
[[3,6,0,1,2,1,1,2,0],10,5].
[[3,6,1,0,0,0,1,2,1],34,2].
[[3,5,0,1,1,1,1,1,1],41,7].
[[2,7,1,1,2,1,2,2,0],18,6].
[[3,7,1,0,0,0,2,3,0],58,37].
[[2,7,2,1,2,0,2,3,1],41,6].
[[3,3,2,1,2,0,2,3,1],6,0].
[[2,9,2,1,2,0,1,2,1],14,45].
[[2,8,1,1,2,1,1,2,0],99,25].
[[3,9,1,1,1,1,2,3,1],5,54].
[[2,7,1,1,2,0,2,3,0],10,6].
[[3,8,0,1,1,0,2,3,0],3,13].
[[3,9,1,0,0,0,0,0,0],0,6].
[[3,8,1,1,1,0,2,3,1],10,17].
[[3,5,0,1,1,1,1,2,0],48,1].
[[2,5,0,1,2,1,1,1,1],27,2].
[[3,5,0,0,0,0,1,2,0],52,1].
[[1,6,1,0,0,0,1,2,1],10,1].
[[2,6,1,1,2,1,1,2,1],13,0].
[[2,7,0,1,2,1,2,2,1],3,3].
[[3,6,1,1,2,1,2,2,0],25,1].
[[1,7,2,1,2,1,2,1,1],12,1].
[[2,7,2,1,2,1,2,1,1],46,4].
[[2,9,2,0,0,0,2,1,0],26,39].
[[2,8,0,1,2,1,1,1,1],25,38].
[[3,7,0,1,1,1,1,1,1],0,2].
[[3,3,1,0,0,0,0,0,0],51,4].
[[3,9,1,0,0,0,2,2,1],4,40].
[[3,6,1,1,1,1,1,2,1],18,5].
[[1,7,2,1,2,1,1,2,1],6,1].
[[2,9,2,1,2,0,2,3,1],16,63].
[[3,7,2,1,2,1,2,2,0],9,0].
[[2,9,2,1,1,1,2,1,0],8,8].
[[3,9,1,1,2,0,2,1,1],8,34].
[[2,7,0,0,0,0,2,1,1],6,5].
[[3,7,0,1,2,1,2,1,1],31,22].
[[1,7,1,0,0,0,2,1,1],25,5].
[[2,7,0,1,2,1,2,3,1],3,9].
[[3,7,2,1,1,0,2,1,1],4,7].
[[2,7,0,0,0,0,2,1,0],2,1].
[[3,7,0,1,2,0,2,1,0],2,3].
[[2,9,2,1,1,1,1,2,0],23,14].
[[2,8,1,1,2,1,1,1,0],20,22].
[[2,7,1,1,1,1,2,2,1],9,5].
[[1,9,2,1,1,1,2,1,1],42,23].
[[2,9,2,1,1,1,1,1,1],15,15].
[[2,7,2,1,2,1,1,1,1],19,3].
[[3,9,1,0,0,0,2,3,1],4,54].
[[2,8,0,1,1,1,0,0,0],25,35].
[[3,6,0,1,2,1,0,0,0],5,33].
[[3,6,1,0,0,0,0,0,0],17,2].
[[3,7,0,0,0,0,2,3,1],13,35].
[[2,9,1,1,2,0,1,1,0],5,17].
[[3,3,1,1,2,1,2,3,1],39,5].
[[2,7,2,1,2,0,2,2,0],1,0].
[[3,7,2,1,1,0,2,2,0],1,0].
[[2,9,2,1,1,1,2,2,1],5,26].
[[3,3,1,1,2,0,2,1,1],6,1].
[[2,7,1,1,1,1,2,3,0],3,1].
[[3,7,1,1,1,1,2,3,0],24,19].
[[2,6,1,0,0,0,2,3,0],20,0].
[[3,6,1,1,2,1,1,2,0],18,1].
[[1,8,0,0,0,0,1,1,0],4,11].
[[2,8,0,1,1,1,2,1,1],20,29].
[[3,7,1,1,1,1,2,2,0],24,15].
[[2,7,2,0,0,0,2,3,1],112,9].
[[2,9,2,1,1,1,2,1,1],18,17].
[[2,9,2,0,0,0,1,1,0],17,24].
[[3,8,1,1,1,0,2,1,1],13,19].
[[2,9,2,1,2,0,2,2,0],8,37].
[[3,9,1,1,2,0,2,2,0],8,81].
[[1,7,2,1,2,0,0,0,0],26,4].
[[2,7,2,1,1,0,0,0,0],4,2].
[[3,7,1,1,1,0,0,0,0],6,4].
[[2,7,1,1,2,0,2,2,0],12,3].
[[3,3,2,0,0,0,2,3,1],18,0].
[[3,6,0,1,2,0,2,3,1],3,5].
[[3,8,0,1,2,0,2,1,1],18,55].
[[3,3,1,0,0,0,1,2,1],8,0].
[[3,4,1,1,2,0,0,0,0],5,3].
[[2,6,1,1,1,1,2,3,1],4,3].
[[3,6,1,1,1,1,2,1,1],15,2].
[[3,7,2,1,2,0,2,2,1],50,10].
[[1,8,1,1,2,1,1,2,0],17,3].
[[1,7,1,1,2,1,1,2,1],3,0].
[[2,7,1,1,1,1,1,2,1],3,0].
[[3,3,1,1,1,1,1,2,1],3,0].
[[3,7,2,1,1,1,1,2,1],27,3].
[[3,7,1,1,1,0,2,3,0],5,7].
[[1,7,1,0,0,0,2,3,0],14,2].
[[2,7,1,0,0,0,2,3,0],68,18].
[[2,5,0,0,0,0,1,1,0],7,4].
[[3,5,0,0,0,0,1,1,0],25,9].
[[3,6,1,1,2,1,0,0,0],27,3].
[[3,3,2,0,0,0,2,1,1],15,0].
[[1,8,1,1,2,1,1,2,1],71,28].
[[2,9,2,1,2,0,1,1,0],6,7].
[[3,9,1,1,1,0,1,2,1],3,48].
[[3,6,0,1,1,1,2,3,0],3,0].
[[1,8,1,1,2,0,2,1,1],21,30].
[[2,6,1,1,2,0,2,1,1],6,0].
[[3,6,0,0,0,0,2,2,1],10,11].
[[3,6,1,1,2,0,2,3,1],28,6].
[[3,6,1,1,2,0,1,1,1],14,4].
[[3,9,1,1,1,0,1,1,1],3,23].
[[1,8,1,1,1,1,1,2,1],6,5].
[[2,3,1,1,2,1,0,0,0],24,1].
[[1,8,1,1,2,0,1,2,0],1,2].
[[2,6,1,1,2,0,1,2,0],1,0].
[[3,6,1,1,1,0,1,2,0],1,1].
[[3,3,1,1,2,1,1,2,1],10,0].
[[2,9,1,1,2,0,2,2,1],18,60].
[[3,6,0,0,0,0,2,1,1],5,8].
[[1,8,0,0,0,0,1,1,1],3,2].
[[2,6,0,1,2,1,2,2,1],3,5].
[[3,6,0,1,1,1,1,1,1],1,2].
[[2,5,0,1,1,1,1,1,1],5,3].
[[2,7,1,1,2,1,1,2,1],39,10].
[[1,8,1,1,2,1,1,1,0],6,4].
[[2,8,1,1,1,1,1,1,0],5,4].
[[3,7,1,1,1,1,1,1,0],3,1].
[[3,7,2,1,1,1,2,2,1],29,6].
[[3,6,0,1,2,1,2,2,1],13,27].
[[2,8,0,1,2,0,2,2,0],13,33].
[[2,8,1,1,1,1,2,1,0],6,6].
[[1,8,1,0,0,0,1,1,0],16,9].
[[2,7,1,1,2,0,1,1,0],2,0].
[[3,3,1,1,2,0,1,1,0],1,0].
[[1,7,1,0,0,0,2,2,1],27,11].
[[2,3,1,1,2,1,2,2,1],6,1].
[[3,3,1,1,2,1,2,3,0],19,0].
[[3,7,0,0,0,0,2,2,1],11,21].
[[2,7,1,0,0,0,1,2,0],9,2].
[[3,7,0,0,0,0,1,2,0],5,4].
[[1,9,2,1,2,0,2,1,0],9,12].
[[2,9,1,1,2,0,2,1,0],5,12].
[[2,9,1,1,1,0,2,2,1],1,2].
[[3,7,0,1,2,0,2,2,0],4,8].
[[2,7,2,0,0,0,1,2,0],3,2].
[[3,8,1,0,0,0,2,1,0],14,15].
[[3,7,0,1,2,0,2,3,1],13,13].
[[1,8,1,1,1,1,1,1,1],7,2].
[[3,7,2,1,2,0,0,0,0],16,2].
[[2,9,1,1,1,0,2,3,0],1,10].
[[3,9,1,1,1,0,2,3,0],1,19].
[[3,7,0,0,0,0,0,0,0],10,29].
[[2,6,1,1,1,1,0,0,0],11,1].
[[2,6,0,0,0,0,2,1,1],3,9].
[[3,6,0,1,2,1,1,1,1],3,7].
[[2,7,1,1,1,1,2,2,0],1,1].
[[1,7,2,1,2,1,2,3,1],16,1].
[[2,7,0,0,0,0,2,3,1],8,10].
[[3,8,0,1,1,0,2,3,1],1,18].
[[1,7,1,0,0,0,1,2,1],6,2].
[[1,8,1,1,1,1,2,2,1],29,8].
[[3,6,1,1,1,1,2,2,1],25,1].
[[2,7,1,0,0,0,1,1,0],3,4].
[[2,6,1,1,2,1,2,3,1],54,3].
[[1,6,1,0,0,0,2,1,1],18,1].
[[3,3,2,1,2,0,1,1,1],3,0].
[[3,8,0,1,1,0,1,2,1],2,16].
[[3,7,1,0,0,0,1,2,0],33,3].
[[2,6,1,1,2,0,0,0,0],14,3].
[[3,6,1,1,2,0,2,1,0],3,0].
[[2,7,0,1,2,1,2,3,0],7,1].
[[3,3,1,0,0,0,2,2,1],17,2].
[[1,2,1,0,0,0,0,0,0],2,0].
[[2,2,1,0,0,0,0,0,0],10,0].
[[3,2,1,1,2,1,0,0,0],5,0].
[[2,3,2,0,0,0,2,1,1],6,0].
[[3,3,2,1,2,0,2,1,1],13,0].
[[3,7,0,1,1,1,1,2,1],3,8].
[[3,7,0,0,0,0,1,1,1],6,5].
[[3,7,2,1,2,0,1,1,1],24,10].
[[2,7,2,1,2,0,2,1,1],16,3].
[[3,3,2,1,1,0,0,0,0],3,1].
[[3,7,1,1,2,0,2,1,0],16,3].
[[2,7,2,1,1,1,2,2,1],7,1].
[[2,9,1,1,1,0,1,2,1],2,6].
[[2,7,2,1,1,0,2,3,1],2,1].
[[3,7,2,1,1,0,2,3,1],10,11].
[[1,7,1,1,2,1,2,2,1],8,2].
[[2,9,1,1,1,0,1,2,0],1,6].
[[2,7,2,0,0,0,2,3,0],8,0].
[[3,6,0,1,1,1,0,0,0],1,8].
[[2,3,1,0,0,0,2,3,1],5,0].
[[3,8,0,1,1,0,2,2,0],1,17].
[[3,3,1,1,2,0,2,3,0],7,1].
[[2,7,2,1,2,0,1,2,1],17,4].
[[3,3,2,1,2,1,0,0,0],36,0].
[[2,8,0,1,2,0,1,2,1],14,9].
[[3,7,1,1,1,0,1,2,1],5,5].
[[2,8,1,1,2,0,1,1,0],8,5].
[[1,6,1,0,0,0,2,2,0],10,0].
[[2,6,1,0,0,0,2,2,0],22,0].
[[3,6,0,1,2,1,2,1,0],4,4].
[[1,9,2,1,1,1,2,1,0],11,11].
[[1,8,1,1,1,1,2,1,0],2,1].
[[2,8,1,1,1,1,1,2,0],17,3].
[[1,8,0,1,2,1,2,1,0],18,10].
[[2,7,2,1,1,1,0,0,0],17,3].
[[1,8,1,1,2,0,2,3,0],17,4].
[[2,8,1,1,2,0,2,1,0],11,11].
[[3,7,2,1,2,1,2,3,0],13,1].
[[2,6,0,0,0,0,2,3,0],8,8].
[[3,6,1,1,2,0,0,0,0],12,0].
[[3,7,2,1,1,0,2,2,1],5,3].
[[3,3,1,0,0,0,2,3,0],8,0].
[[2,8,0,1,2,0,2,1,0],9,13].
[[3,3,1,0,0,0,2,1,1],15,1].
[[1,7,2,0,0,0,1,2,1],11,4].
[[3,7,0,1,2,1,1,2,1],13,20].
[[2,3,2,1,2,1,2,3,1],6,0].
[[2,6,1,1,1,1,1,1,1],1,0].
[[3,9,1,1,2,1,0,0,0],0,10].
[[2,6,0,0,0,0,2,1,0],1,3].
[[2,6,1,1,2,0,2,3,0],5,1].
[[2,7,2,1,1,1,2,3,1],6,1].
[[3,3,2,1,1,1,2,3,1],3,0].
[[3,3,1,0,0,0,2,3,1],18,3].
[[1,8,1,1,1,1,1,2,0],4,1].
[[2,6,1,1,1,1,1,2,0],1,0].
[[3,6,1,1,1,1,1,2,0],3,0].
[[2,9,2,1,1,1,1,1,0],2,5].
[[3,8,1,1,1,0,2,1,0],0,4].
[[1,9,2,1,2,0,1,2,1],11,16].
[[2,7,2,0,0,0,1,1,1],13,3].
[[3,9,1,1,1,0,2,1,0],0,4].
[[2,9,2,1,2,0,1,1,1],10,21].
[[3,5,0,1,1,0,1,2,0],8,3].
[[2,5,0,1,1,1,1,2,0],4,1].
[[3,8,1,1,2,1,0,0,0],3,9].
[[2,6,0,1,2,1,2,3,1],3,3].
[[2,3,2,1,2,1,0,0,0],17,0].
[[1,9,2,1,2,0,1,1,0],4,6].
[[2,9,1,1,1,0,1,1,0],0,4].
[[2,6,1,0,0,0,1,2,1],23,2].
[[3,6,1,0,0,0,1,1,1],15,4].
[[3,6,1,1,2,0,2,3,0],12,4].
[[2,8,0,1,1,1,1,1,1],2,5].
[[3,2,1,1,2,1,2,2,1],4,0].
[[3,6,0,1,2,1,1,2,1],9,7].
[[3,6,0,1,2,0,2,3,0],2,3].
[[3,4,1,1,2,0,1,1,0],29,8].
[[3,6,0,1,1,1,2,2,1],1,8].
[[3,3,2,0,0,0,2,2,1],17,0].
[[2,3,2,1,2,1,2,1,1],2,0].
[[1,7,1,1,2,1,2,3,1],6,2].
[[2,3,1,1,2,1,2,3,1],2,0].
[[3,3,1,1,1,1,2,3,1],5,0].
[[3,7,0,1,1,1,2,2,0],6,10].
[[3,6,0,0,0,0,1,2,0],7,1].
[[3,6,1,1,2,1,2,1,0],12,3].
[[1,7,2,1,2,1,2,2,1],15,0].
[[3,6,1,1,1,0,2,3,0],4,0].
[[1,6,1,1,2,1,2,2,1],2,3].
[[2,6,0,0,0,0,1,2,0],0,2].
[[2,9,2,1,2,0,2,1,0],2,13].
[[1,8,0,1,2,1,1,1,0],3,7].
[[3,8,0,1,1,0,1,1,0],1,2].
[[1,3,2,0,0,0,0,0,0],28,0].
[[2,7,0,1,2,1,2,1,0],3,1].
[[3,7,1,1,1,0,1,1,1],3,8].
[[2,9,2,1,1,0,2,3,1],0,2].
[[3,9,1,1,1,0,2,3,1],0,15].
[[2,6,1,1,2,1,2,3,0],15,1].
[[2,8,1,1,1,0,2,3,0],6,5].
[[3,7,2,1,1,1,2,1,1],22,0].
[[3,6,0,1,2,0,0,0,0],1,7].
[[2,9,1,1,1,0,2,3,1],1,7].
[[3,6,0,0,0,0,1,2,1],0,5].
[[3,7,0,1,1,1,2,1,1],5,5].
[[2,8,0,1,1,1,1,2,0],7,13].
[[2,6,1,1,1,1,2,2,0],1,0].
[[3,6,1,1,1,1,1,1,0],3,0].
[[3,7,0,0,0,0,2,1,0],6,4].
[[3,3,2,0,0,0,0,0,0],30,0].
[[2,8,0,1,2,0,1,2,0],7,14].
[[3,6,0,1,2,0,1,2,0],0,3].
[[3,7,0,1,1,1,1,2,0],9,0].
[[3,2,0,1,2,1,2,3,1],1,0].
[[3,7,2,0,0,0,2,2,0],4,0].
[[3,6,0,0,0,0,1,1,1],1,2].
[[3,7,1,1,1,0,2,1,1],4,11].
[[3,6,1,1,1,1,2,2,0],7,0].
[[3,3,1,1,2,1,2,2,1],36,1].
[[2,7,1,1,1,1,2,1,0],1,0].
[[3,7,2,0,0,0,2,3,0],13,1].
[[3,8,1,1,2,0,2,1,0],11,15].
[[3,7,0,1,1,1,2,2,1],9,9].
[[2,8,0,1,1,1,1,1,0],3,4].
[[3,6,0,1,1,1,1,2,1],1,1].
[[3,3,2,1,1,1,0,0,0],8,0].
[[2,8,0,1,2,0,1,1,1],4,5].
[[3,7,2,1,1,0,0,0,0],3,2].
[[3,8,1,1,1,1,2,1,0],4,13].
[[3,6,1,1,1,0,2,2,1],3,3].
[[3,3,2,1,2,1,1,1,1],5,0].
[[2,6,0,0,0,0,2,2,0],9,2].
[[2,9,2,1,1,1,0,0,0],5,10].
[[2,3,1,1,2,1,2,3,0],1,0].
[[3,6,0,1,1,1,2,1,1],4,1].
[[2,6,1,0,0,0,2,1,0],7,0].
[[3,6,1,0,0,0,1,1,0],7,0].
[[2,7,0,1,2,1,2,1,1],2,4].
[[1,9,2,1,2,0,1,2,0],8,7].
[[1,6,1,1,2,1,2,3,0],2,0].
[[2,3,2,0,0,0,2,3,0],1,0].
[[3,3,2,0,0,0,1,2,1],9,0].
[[1,7,2,1,2,0,1,1,1],1,0].
[[2,7,2,1,1,0,1,1,1],1,0].
[[3,8,0,1,1,0,2,1,1],1,6].
[[3,7,0,1,1,1,2,3,1],5,20].
[[3,7,2,0,0,0,1,2,0],8,1].
[[2,3,1,1,2,1,2,1,1],1,0].
[[3,6,1,0,0,0,1,2,0],7,0].
[[2,3,2,0,0,0,2,3,1],13,0].
[[3,3,2,1,2,1,1,2,1],9,0].
[[2,6,1,1,2,1,1,1,1],5,1].
[[3,3,1,1,2,1,1,1,1],5,0].
[[3,4,1,1,2,0,2,1,0],11,1].
[[2,7,2,0,0,0,2,2,0],4,0].
[[1,7,2,0,0,0,1,1,1],2,2].
[[2,7,1,1,1,1,1,2,0],1,1].
[[3,7,2,1,2,1,2,1,0],3,0].
[[2,9,2,1,1,0,2,3,0],1,6].
[[1,9,2,1,1,1,1,2,0],21,14].
[[3,7,2,1,1,0,1,2,0],2,1].
[[3,3,0,0,0,0,0,0,0],0,2].
[[3,6,0,1,2,0,2,2,1],5,4].
[[3,6,1,1,2,0,2,2,0],7,0].
[[2,7,2,1,2,0,2,3,0],2,0].
[[3,4,0,1,2,0,1,2,1],0,4].
[[3,3,2,1,2,1,2,1,1],13,0].
[[2,6,0,0,0,0,2,3,1],4,11].
[[2,8,0,1,2,0,1,1,0],3,5].
[[3,6,1,1,2,0,1,2,1],13,3].
[[2,5,0,1,2,0,1,2,0],3,0].
[[3,3,1,1,2,0,2,2,0],3,1].
[[1,7,2,0,0,0,2,2,0],2,1].
[[2,7,2,1,2,1,2,2,0],3,0].
[[3,6,0,1,2,0,2,1,1],5,4].
[[3,7,0,1,2,0,2,2,1],1,10].
[[3,9,1,1,1,0,2,2,0],1,19].
[[1,8,1,1,2,0,2,1,0],5,2].
[[2,6,1,1,2,0,2,1,0],1,0].
[[3,6,1,1,1,0,2,1,0],2,0].
[[3,7,0,1,2,0,1,2,1],6,0].
[[2,6,1,1,2,0,1,1,1],0,1].
[[3,9,1,1,2,0,0,0,0],0,4].
[[3,7,2,1,2,1,1,1,0],3,5].
[[2,6,0,0,0,0,1,2,1],0,2].
[[3,6,1,0,0,0,2,1,0],6,0].
[[2,9,2,1,1,0,2,1,0],0,2].
[[3,8,0,1,1,0,2,1,0],0,4].
[[3,6,0,1,1,1,2,2,0],1,4].
[[2,6,0,1,2,1,2,1,0],0,1].
[[3,6,0,1,1,1,1,2,0],1,2].
[[3,9,1,1,1,0,2,2,1],0,8].
[[2,7,1,0,0,0,2,1,0],12,4].
[[1,8,1,1,2,0,1,2,1],9,12].
[[3,3,2,0,0,0,2,2,0],1,0].
[[3,7,2,1,2,0,1,2,0],9,1].
[[3,2,0,1,2,1,2,3,0],1,0].
[[2,8,1,1,1,0,2,1,1],4,8].
[[2,4,1,1,2,0,1,1,0],7,0].
[[3,3,1,1,1,1,2,1,1],5,0].
[[2,3,1,0,0,0,2,2,0],3,0].
[[3,3,1,0,0,0,1,1,0],1,0].
[[2,7,2,0,0,0,2,1,0],5,0].
[[3,7,0,1,2,0,1,2,0],2,3].
[[2,7,0,0,0,0,2,2,0],2,7].
[[3,4,0,1,2,0,1,2,0],0,1].
[[1,8,1,1,1,1,2,3,0],6,1].
[[3,3,1,1,2,0,2,3,1],16,1].
[[2,7,1,1,2,0,1,2,1],10,5].
[[1,6,1,0,0,0,2,1,0],5,0].
[[2,2,1,0,0,0,2,1,0],1,0].
[[3,2,1,1,2,1,2,1,0],1,0].
[[3,7,2,1,2,0,1,1,0],3,2].
[[2,8,1,1,1,0,1,1,1],1,5].
[[2,9,2,1,1,0,2,2,0],3,5].
[[3,3,1,0,0,0,2,1,0],4,0].
[[2,3,1,0,0,0,2,1,1],7,0].
[[1,7,1,1,2,1,2,1,1],6,0].
[[1,3,2,0,0,0,2,2,1],4,0].
[[3,3,1,0,0,0,2,2,0],6,0].
[[3,8,0,1,1,0,1,1,1],0,5].
[[2,4,1,1,2,0,0,0,0],2,2].
[[1,8,0,1,2,1,1,2,1],0,3].
[[1,7,2,1,2,1,1,1,1],1,0].
[[2,7,1,1,2,1,1,1,0],2,0].
[[1,7,1,1,2,1,1,1,1],2,1].
[[2,7,1,1,2,1,1,1,1],6,5].
[[2,7,2,1,1,0,2,1,1],1,1].
[[3,7,2,1,1,1,0,0,0],8,2].
[[2,7,2,1,1,1,2,1,1],4,2].
[[3,3,2,0,0,0,2,3,0],1,0].
[[1,9,2,1,1,1,1,1,0],3,9].
[[2,1,1,1,2,0,1,1,0],1,0].
[[3,1,1,1,2,0,1,1,0],2,0].
[[2,7,0,0,0,0,1,2,0],1,0].
[[3,6,1,1,1,1,1,1,1],7,1].
[[2,7,0,0,0,0,2,2,1],1,4].
[[3,7,0,1,1,1,2,1,0],6,1].
[[3,7,2,0,0,0,1,1,0],2,3].
[[2,7,2,1,2,1,1,2,0],4,0].
[[3,7,1,1,1,0,1,2,0],2,0].
[[2,8,1,1,1,0,1,2,0],3,2].
[[1,6,0,0,0,0,2,3,0],0,2].
[[3,3,2,0,0,0,1,1,1],4,0].
[[3,5,0,1,1,1,1,2,1],1,1].
[[2,6,1,0,0,0,1,1,0],3,0].
[[3,3,2,1,2,0,1,1,0],1,0].
[[2,9,2,1,1,0,0,0,0],0,1].
[[3,4,0,1,2,0,2,1,0],0,1].
[[3,6,1,1,1,0,1,2,1],1,1].
[[2,9,1,1,1,0,2,1,0],0,1].
[[1,6,0,0,0,0,2,1,1],0,1].
[[2,8,1,1,1,0,1,1,0],1,1].
[[3,8,0,1,1,0,1,2,0],4,8].
[[3,7,2,1,1,1,2,2,0],4,0].
[[3,6,0,1,2,0,2,2,0],5,5].
[[1,6,1,1,2,1,2,3,1],8,1].
[[3,5,0,0,0,0,1,2,1],4,0].
[[2,3,2,0,0,0,1,2,1],2,0].
[[3,3,2,1,2,0,0,0,0],8,0].
[[1,7,2,0,0,0,2,3,0],6,0].
[[3,3,0,1,2,1,0,0,0],0,2].
[[2,7,0,0,0,0,2,3,0],4,9].
[[3,6,1,1,1,0,2,1,1],2,1].
[[2,9,1,1,1,0,2,1,1],0,3].
[[3,6,0,1,2,0,1,1,0],1,0].
[[2,3,2,1,2,0,0,0,0],8,0].
[[3,6,0,0,0,0,2,1,0],0,6].
[[2,2,1,0,0,0,2,3,1],2,0].
[[3,2,1,1,2,1,1,2,1],1,0].
[[1,6,0,0,0,0,2,2,1],0,2].
[[3,3,2,1,1,0,2,3,1],3,0].
[[2,6,0,1,2,1,2,2,0],4,5].
[[3,3,1,1,1,1,2,2,1],3,1].
[[2,6,1,1,1,1,2,3,0],2,1].
[[3,6,0,1,1,1,2,3,1],1,3].
[[2,7,2,1,1,1,1,2,1],2,0].
[[2,3,2,1,2,1,2,2,1],4,0].
[[3,3,2,1,1,1,1,2,1],2,0].
[[3,2,0,0,0,0,2,3,0],0,1].
[[1,6,1,0,0,0,2,3,0],4,0].
[[2,6,1,0,0,0,1,2,0],4,0].
[[3,3,2,0,0,0,1,2,0],1,0].
[[2,7,2,1,2,0,1,2,0],1,0].
[[3,3,2,1,2,0,1,2,1],7,0].
[[1,8,1,1,1,1,1,1,0],1,0].
[[3,3,2,1,1,1,2,1,1],3,0].
[[3,6,1,1,1,1,0,0,0],4,0].
[[1,3,2,0,0,0,2,3,1],3,0].
[[3,8,1,0,0,0,0,0,0],2,3].
[[2,9,2,1,1,0,1,2,0],1,2].
[[2,9,2,1,1,0,1,2,1],1,3].
[[2,6,1,1,2,1,2,1,0],2,0].
[[2,7,2,1,2,1,1,1,0],1,1].
[[2,6,1,1,1,1,2,1,1],5,0].
[[3,7,2,1,2,0,2,1,0],2,0].
[[3,6,1,1,2,1,1,1,0],7,1].
[[3,2,1,1,2,1,2,3,1],5,0].
[[3,2,0,1,2,1,0,0,0],1,0].
[[3,4,0,1,2,0,2,2,1],0,3].
[[3,5,0,1,2,1,1,2,1],4,1].
[[3,1,1,1,2,0,1,1,1],1,0].
[[3,3,2,1,2,0,2,2,1],8,0].
[[2,5,0,1,2,0,1,1,0],2,0].
[[3,7,2,0,0,0,2,1,0],1,0].
[[2,9,2,1,1,0,1,1,1],0,1].
[[1,7,2,0,0,0,2,1,0],1,0].
[[2,7,2,1,2,0,2,1,0],1,0].
[[3,7,0,1,2,1,1,1,1],2,4].
[[3,6,1,1,1,0,1,1,0],1,0].
[[2,9,2,1,1,0,2,1,1],0,2].
[[2,5,0,1,1,1,1,1,0],2,3].
[[3,3,0,1,2,1,2,1,1],0,1].
[[3,2,1,1,2,0,0,0,0],2,0].
[[3,3,1,1,1,1,2,2,0],1,0].
[[2,6,1,1,1,1,1,2,1],2,0].
[[2,4,1,1,2,0,2,2,1],15,1].
[[1,7,2,1,2,0,2,3,1],3,0].
[[1,6,0,0,0,0,2,2,0],1,2].
[[2,6,1,1,2,1,1,1,0],3,0].
[[2,7,1,1,1,1,1,1,1],0,1].
[[1,7,2,1,2,0,2,1,1],2,0].
[[3,9,1,1,1,1,0,0,0],0,4].
[[2,3,2,1,2,0,2,1,1],3,0].
[[3,7,0,1,2,0,1,1,1],1,0].
[[1,6,1,1,2,1,2,1,1],2,0].
[[2,6,0,1,2,1,1,2,1],0,1].
[[2,3,1,0,0,0,2,3,0],2,0].
[[2,8,1,1,1,0,0,0,0],1,3].
[[3,9,1,1,1,0,0,0,0],0,1].
[[2,2,1,1,2,1,0,0,0],2,0].
[[2,7,2,1,1,1,1,1,1],2,2].
[[1,2,1,0,0,0,2,1,1],1,0].
[[2,2,1,0,0,0,2,1,1],2,0].
[[3,2,1,0,0,0,2,1,1],3,0].
[[2,3,2,0,0,0,2,2,1],5,0].
[[3,2,1,0,0,0,2,2,1],2,0].
[[1,8,0,1,2,1,1,1,1],0,1].
[[1,3,2,0,0,0,2,1,1],1,0].
[[2,3,2,0,0,0,1,1,1],1,0].
[[2,9,1,1,1,0,0,0,0],0,3].
[[3,7,2,1,1,1,1,2,0],6,0].
[[1,7,2,1,2,0,2,2,0],1,0].
[[2,3,2,1,2,0,2,2,0],1,0].
[[3,3,2,1,2,0,2,2,0],1,0].
[[2,6,1,1,2,1,1,2,0],3,0].
[[3,5,0,1,2,0,1,2,1],3,0].
[[3,8,1,1,1,0,0,0,0],1,1].
[[2,4,1,1,2,0,2,1,0],3,0].
[[3,6,0,0,0,0,1,1,0],0,1].
[[2,6,0,1,2,1,2,1,1],1,2].
[[3,7,2,1,2,0,2,2,0],3,0].
[[3,6,0,1,2,0,2,1,0],0,1].
[[1,7,2,1,2,1,2,3,0],2,0].
[[3,3,1,0,0,0,1,2,0],1,0].
[[2,6,1,1,1,1,2,1,0],1,0].
[[3,6,1,1,1,0,2,2,0],1,0].
[[2,5,0,1,1,0,1,2,0],1,0].
[[1,8,1,1,2,0,1,1,0],1,0].
[[2,7,1,1,2,0,2,1,0],2,1].
[[3,4,0,1,2,0,1,1,1],0,1].
[[2,3,2,1,2,1,1,2,1],1,0].
[[3,2,1,0,0,0,2,3,1],2,0].
[[3,2,1,1,1,1,0,0,0],1,0].
[[3,3,1,1,2,1,1,2,0],1,0].
[[2,7,2,1,1,1,2,3,0],1,0].
[[3,3,1,1,1,1,2,3,0],3,0].
[[1,7,2,1,2,0,1,2,1],0,1].
[[2,7,2,1,2,0,1,1,0],0,1].
[[2,7,2,1,1,0,1,2,1],0,1].
[[2,9,1,1,1,0,1,1,1],0,1].
[[3,3,1,1,2,0,1,2,0],1,0].
[[3,3,2,1,1,1,1,1,1],1,0].
[[2,7,1,1,2,0,1,2,0],1,0].
[[3,3,2,1,2,0,2,3,0],1,0].
[[2,3,1,0,0,0,2,2,1],2,0].
[[3,5,0,1,1,0,1,1,0],1,0].
[[3,3,2,1,1,0,2,3,0],1,0].
[[3,3,2,1,1,0,2,2,1],1,0].
[[3,7,2,1,1,1,1,1,0],0,1].
[[3,8,0,1,1,0,0,0,0],0,1].
[[3,4,0,1,2,0,2,3,0],0,1].
[[3,7,2,1,1,0,2,3,0],1,0].
[[1,6,1,1,2,1,2,2,0],1,0].
[[2,3,1,1,2,1,2,2,0],1,0].
[[3,2,1,0,0,0,1,2,1],1,0].
[[3,3,1,1,2,0,1,2,1],1,0].
[[3,6,0,1,1,1,2,1,0],1,0].
[[3,7,0,1,2,0,1,1,0],1,0].
[[2,2,1,1,2,1,2,1,1],1,0].
[[3,2,1,1,2,1,2,1,1],1,0].
[[3,1,1,1,2,0,1,2,0],1,0].
[[3,7,0,1,1,1,1,1,0],1,0].
[[3,2,0,1,2,1,2,2,0],1,0].
