total_WL(289,455).
[[1,8,1,0,0,0,1,1,1],1,2].
[[2,8,1,0,0,0,1,1,1],3,6].
[[3,8,1,1,2,0,1,1,1],1,4].
[[1,9,2,0,0,0,2,3,0],9,27].
[[2,9,2,0,0,0,2,3,0],0,8].
[[3,9,1,1,2,1,2,2,0],0,5].
[[1,8,1,0,0,0,2,3,1],20,15].
[[2,7,1,1,2,1,2,3,1],5,2].
[[3,7,1,1,1,1,1,2,1],2,0].
[[1,9,2,1,2,1,2,3,1],5,18].
[[2,9,1,1,2,1,2,2,0],2,6].
[[3,9,1,1,2,1,1,1,0],1,3].
[[2,9,1,1,1,1,2,3,1],0,2].
[[3,9,1,1,1,1,1,2,1],4,6].
[[1,7,1,0,0,0,0,0,0],7,4].
[[2,7,1,0,0,0,2,2,1],6,1].
[[3,3,1,1,2,1,2,2,1],4,0].
[[2,8,1,0,0,0,2,3,1],8,13].
[[3,7,1,1,2,0,2,3,1],3,2].
[[1,9,2,0,0,0,2,2,1],10,32].
[[2,9,1,1,2,1,1,2,1],2,10].
[[3,9,1,1,2,1,1,2,1],2,25].
[[1,8,1,1,2,1,0,0,0],10,7].
[[2,7,1,1,2,1,0,0,0],9,2].
[[3,3,1,1,2,1,0,0,0],1,1].
[[1,9,2,0,0,0,2,1,0],3,10].
[[2,9,1,1,2,1,2,1,0],0,3].
[[3,9,1,1,1,1,2,1,0],0,4].
[[1,9,2,0,0,0,1,2,0],2,10].
[[2,8,0,1,2,1,1,2,0],0,2].
[[3,8,0,1,2,1,1,2,0],2,4].
[[1,9,2,0,0,0,2,2,0],5,18].
[[2,8,1,0,0,0,2,2,0],3,1].
[[3,8,1,0,0,0,1,1,0],0,2].
[[1,8,0,0,0,0,2,3,0],5,5].
[[2,8,0,0,0,0,2,3,0],3,8].
[[3,7,1,1,2,1,1,2,1],6,2].
[[2,9,1,0,0,0,1,2,0],2,8].
[[3,9,1,0,0,0,1,1,0],0,1].
[[1,9,2,0,0,0,2,3,1],6,47].
[[2,9,1,1,2,1,2,3,0],1,13].
[[3,8,0,1,1,1,2,3,0],0,5].
[[1,8,1,0,0,0,0,0,0],24,23].
[[2,8,1,0,0,0,2,1,1],4,5].
[[3,8,1,0,0,0,1,1,1],2,1].
[[2,8,1,1,2,1,2,2,1],5,8].
[[3,8,1,1,1,1,1,1,1],0,2].
[[2,9,1,1,2,1,2,3,1],2,11].
[[3,9,1,1,2,1,2,3,1],0,5].
[[1,9,2,0,0,0,2,1,1],6,15].
[[2,9,2,0,0,0,1,1,1],2,2].
[[3,9,1,1,2,0,1,1,1],0,2].
[[2,8,1,0,0,0,1,2,0],2,1].
[[3,8,1,1,2,1,1,2,0],4,1].
[[3,8,1,0,0,0,2,2,0],2,1].
[[1,8,1,1,2,1,2,1,1],4,1].
[[2,8,1,1,2,1,2,3,0],1,2].
[[1,6,0,0,0,0,0,0,0],1,1].
[[2,6,0,1,2,1,2,3,0],1,0].
[[3,3,1,1,2,1,1,2,1],1,0].
[[1,9,2,1,2,1,2,1,0],2,4].
[[2,9,1,1,1,1,2,1,0],0,1].
[[3,4,1,1,2,0,2,1,0],0,2].
[[1,9,2,1,2,1,1,2,0],1,2].
[[2,9,1,1,2,1,1,2,0],1,4].
[[3,9,1,1,2,1,1,2,0],1,4].
[[2,9,2,1,2,1,2,3,1],1,4].
[[2,9,1,0,0,0,1,1,1],0,5].
[[3,9,1,1,2,1,1,1,1],0,5].
[[2,9,2,0,0,0,1,2,0],1,5].
[[3,9,1,1,2,0,1,2,0],0,6].
[[2,9,1,0,0,0,2,3,0],0,7].
[[3,8,1,0,0,0,2,3,0],0,2].
[[1,8,1,0,0,0,2,1,1],13,7].
[[2,8,1,1,2,0,2,1,1],1,3].
[[3,8,1,1,1,0,2,3,0],1,1].
[[2,9,2,1,2,0,1,2,0],0,2].
[[2,8,0,0,0,0,2,1,1],1,5].
[[3,8,0,1,2,0,2,1,1],0,1].
[[1,9,2,1,1,1,1,1,1],0,2].
[[2,8,0,1,1,1,1,1,1],0,1].
[[3,8,0,1,1,1,1,1,1],0,3].
[[1,9,2,1,2,1,2,3,0],3,11].
[[2,9,1,1,1,1,1,2,0],1,2].
[[3,9,1,1,1,1,1,2,0],2,6].
[[2,8,1,1,2,1,2,3,1],12,4].
[[3,6,1,1,2,1,2,3,1],5,0].
[[1,9,2,0,0,0,0,0,0],6,36].
[[3,9,1,1,2,1,2,3,0],0,7].
[[3,8,1,1,2,0,1,2,1],10,9].
[[1,8,1,0,0,0,2,2,1],15,4].
[[2,7,2,0,0,0,2,2,1],2,0].
[[3,7,1,1,2,1,2,2,1],10,4].
[[1,9,2,1,2,0,2,3,1],1,0].
[[2,8,1,1,2,0,2,3,1],4,2].
[[3,8,1,1,2,1,1,2,1],15,10].
[[1,8,0,0,0,0,2,1,1],1,3].
[[2,6,0,0,0,0,2,1,1],0,1].
[[3,6,0,0,0,0,2,1,1],0,2].
[[1,8,1,0,0,0,2,3,0],5,1].
[[3,8,1,1,2,0,1,1,0],1,1].
[[3,7,0,0,0,0,2,1,1],1,0].
[[1,8,0,0,0,0,0,0,0],10,25].
[[2,8,0,0,0,0,2,1,0],3,5].
[[3,7,0,1,2,0,2,1,0],0,1].
[[3,8,0,0,0,0,1,1,1],0,3].
[[3,8,0,1,2,1,2,2,0],2,8].
[[3,6,1,0,0,0,1,1,1],0,1].
[[1,8,1,0,0,0,1,2,0],1,2].
[[2,8,1,0,0,0,1,2,1],7,6].
[[1,9,2,1,2,1,2,2,1],5,14].
[[2,9,2,1,2,1,1,1,1],3,2].
[[2,6,1,0,0,0,2,2,1],3,0].
[[3,6,1,1,2,1,2,2,1],1,0].
[[2,6,1,0,0,0,0,0,0],4,0].
[[3,6,1,1,2,1,0,0,0],2,0].
[[1,8,1,1,2,0,2,3,1],3,1].
[[2,8,1,1,2,0,1,2,1],5,2].
[[2,9,2,0,0,0,2,3,1],1,10].
[[3,9,1,1,2,0,2,3,1],0,2].
[[1,9,2,0,0,0,1,1,0],0,2].
[[2,9,1,0,0,0,1,1,0],1,3].
[[3,8,0,1,2,1,1,1,0],0,2].
[[2,9,2,1,2,1,2,2,1],1,1].
[[1,8,1,1,2,0,0,0,0],2,1].
[[2,7,1,1,2,0,0,0,0],2,1].
[[3,3,1,1,2,0,0,0,0],1,0].
[[1,8,1,0,0,0,2,2,0],2,0].
[[2,6,1,0,0,0,2,2,0],1,0].
[[3,6,1,1,2,1,1,2,0],1,0].
[[1,6,1,0,0,0,0,0,0],4,0].
[[3,6,1,1,2,0,2,3,1],1,0].
[[1,9,2,1,2,1,1,1,1],1,2].
[[2,5,0,1,1,1,1,2,1],1,0].
[[3,5,0,1,1,1,1,2,1],1,0].
[[1,8,0,0,0,0,2,2,0],0,4].
[[2,8,0,0,0,0,2,2,0],0,8].
[[3,8,0,1,2,1,2,3,0],1,11].
[[2,8,1,1,2,1,1,1,1],6,2].
[[3,8,1,1,2,1,1,1,1],4,9].
[[3,8,1,0,0,0,1,2,1],6,5].
[[2,9,1,0,0,0,2,2,0],0,9].
[[3,9,1,0,0,0,1,2,1],0,5].
[[3,8,0,0,0,0,2,2,0],0,3].
[[2,6,0,1,2,1,0,0,0],1,1].
[[3,3,1,1,1,1,0,0,0],1,0].
[[2,9,1,0,0,0,2,3,1],2,3].
[[3,9,1,0,0,0,2,3,1],1,2].
[[3,6,1,0,0,0,2,2,1],3,0].
[[2,9,2,1,2,1,2,2,0],0,2].
[[2,8,0,1,2,1,2,2,1],3,5].
[[3,8,0,1,2,1,1,2,1],3,12].
[[1,8,0,1,2,1,2,2,1],2,1].
[[2,8,0,1,2,1,1,1,1],0,1].
[[3,8,0,1,2,1,1,1,1],1,4].
[[1,8,0,1,2,1,2,2,0],0,1].
[[2,8,0,1,2,1,2,2,0],1,5].
[[3,8,0,1,1,1,1,2,0],0,3].
[[2,7,1,0,0,0,0,0,0],5,2].
[[3,7,1,1,2,1,1,1,1],1,2].
[[3,9,1,0,0,0,1,2,0],1,7].
[[1,8,0,1,2,1,2,3,1],2,1].
[[2,8,0,1,2,1,2,3,1],3,15].
[[1,7,1,1,2,1,0,0,0],1,0].
[[3,7,1,1,2,1,2,1,1],6,1].
[[1,9,2,1,2,1,2,1,1],3,6].
[[1,9,2,1,2,0,2,1,1],0,4].
[[1,7,2,0,0,0,0,0,0],5,1].
[[2,7,2,0,0,0,0,0,0],2,0].
[[3,7,2,0,0,0,2,2,1],1,1].
[[1,9,2,1,2,1,1,2,1],2,1].
[[2,9,1,1,1,1,1,2,1],1,0].
[[1,9,2,1,2,1,1,1,0],1,0].
[[2,5,0,1,2,1,1,1,0],1,0].
[[3,5,0,1,2,1,1,1,0],4,0].
[[1,9,2,1,2,1,2,2,0],3,5].
[[2,9,1,1,1,1,2,2,0],1,3].
[[3,8,0,1,1,1,2,2,0],0,3].
[[1,8,1,1,2,1,2,3,1],7,5].
[[2,8,1,1,2,1,1,2,1],7,3].
[[2,9,1,0,0,0,1,2,1],2,8].
[[3,9,1,0,0,0,1,1,1],1,2].
[[1,8,0,0,0,0,2,2,1],3,2].
[[3,8,0,1,2,1,2,2,1],2,7].
[[2,9,2,0,0,0,2,2,0],0,1].
[[3,9,1,0,0,0,2,2,0],0,3].
[[2,8,0,1,2,1,2,3,0],2,6].
[[3,8,1,1,1,1,1,2,1],6,2].
[[2,8,1,0,0,0,2,2,1],10,6].
[[3,8,1,1,2,0,2,2,1],2,1].
[[2,9,2,1,1,1,2,2,1],0,2].
[[3,9,1,1,1,1,2,2,1],0,2].
[[3,8,0,0,0,0,2,1,0],0,3].
[[3,7,1,1,2,0,2,1,1],0,1].
[[2,9,2,1,2,1,2,3,0],2,5].
[[1,8,0,1,2,1,0,0,0],5,11].
[[2,8,0,1,1,1,2,3,1],1,0].
[[3,4,1,1,2,0,2,3,1],1,0].
[[3,7,1,1,2,0,1,1,1],1,0].
[[3,9,1,1,2,0,2,3,0],0,4].
[[2,7,2,0,0,0,2,3,1],4,0].
[[3,3,2,1,2,0,2,3,1],2,0].
[[2,8,1,0,0,0,2,1,0],1,1].
[[3,8,1,1,2,1,2,1,0],1,5].
[[2,9,1,0,0,0,2,2,1],1,5].
[[3,8,0,0,0,0,2,3,1],2,3].
[[1,8,1,1,2,1,2,2,0],2,0].
[[2,8,1,1,1,1,1,1,0],2,0].
[[3,8,1,1,1,1,1,1,0],2,1].
[[2,9,2,1,1,1,2,3,0],0,1].
[[1,9,2,0,0,0,1,2,1],5,9].
[[2,9,2,0,0,0,1,2,1],2,5].
[[3,8,0,1,2,1,2,1,0],0,3].
[[2,8,0,1,2,1,1,2,1],2,2].
[[2,7,1,1,2,1,2,2,1],3,2].
[[3,7,1,1,2,1,2,2,0],2,0].
[[2,6,1,0,0,0,2,3,1],3,0].
[[2,8,0,1,2,1,2,1,1],0,3].
[[3,8,0,1,2,0,1,1,0],0,2].
[[2,8,1,0,0,0,0,0,0],2,4].
[[3,7,2,0,0,0,2,3,1],2,0].
[[3,8,1,1,2,1,1,1,0],1,2].
[[3,8,0,1,2,1,2,3,1],1,9].
[[2,8,1,1,2,1,2,1,1],4,3].
[[3,8,1,1,2,1,2,1,1],2,5].
[[1,7,2,1,2,1,2,1,1],1,0].
[[2,7,2,1,1,1,1,1,1],1,0].
[[3,7,1,1,1,1,1,1,1],1,0].
[[3,8,1,1,2,1,2,3,1],4,5].
[[3,8,1,1,2,1,2,2,1],4,0].
[[2,8,1,1,2,0,1,2,0],1,1].
[[3,7,1,1,2,0,1,2,0],1,0].
[[3,8,1,0,0,0,2,2,1],0,3].
[[3,7,1,0,0,0,2,1,0],1,0].
[[3,5,0,1,1,1,1,2,0],1,0].
[[1,8,1,1,2,1,2,2,1],7,1].
[[2,7,2,1,2,0,0,0,0],0,2].
[[3,7,2,1,2,1,2,1,1],1,1].
[[3,7,1,0,0,0,0,0,0],2,1].
[[3,4,1,1,2,0,2,2,0],1,0].
[[3,8,0,1,2,0,1,2,0],0,3].
[[2,8,0,1,2,0,0,0,0],0,3].
[[3,8,0,1,2,0,2,2,1],0,1].
[[3,8,0,1,2,0,2,3,0],1,6].
[[2,8,1,1,1,1,2,3,1],4,5].
[[3,8,1,1,1,1,2,3,1],1,3].
[[2,8,1,1,2,1,2,1,0],3,2].
[[3,8,1,1,1,1,2,3,0],0,3].
[[2,8,0,1,2,1,0,0,0],0,5].
[[3,8,0,1,2,1,0,0,0],0,2].
[[2,7,1,0,0,0,2,1,1],4,1].
[[2,9,2,1,2,1,2,1,0],0,2].
[[3,9,1,1,2,1,2,1,0],0,2].
[[1,7,2,0,0,0,2,2,1],4,0].
[[2,7,2,0,0,0,1,2,1],3,0].
[[3,7,2,0,0,0,1,2,1],3,0].
[[3,7,1,0,0,0,2,3,1],5,3].
[[1,8,1,0,0,0,2,1,0],1,3].
[[2,8,1,1,2,0,2,1,0],1,1].
[[3,8,1,1,1,0,2,1,0],1,0].
[[3,6,0,1,2,1,2,1,1],1,2].
[[3,8,0,0,0,0,1,2,1],0,3].
[[3,8,1,0,0,0,2,3,1],1,2].
[[2,9,2,1,2,1,1,2,0],1,1].
[[2,9,1,1,2,1,2,1,1],2,3].
[[1,7,1,0,0,0,2,3,1],2,1].
[[2,7,1,1,2,1,2,3,0],2,0].
[[3,5,0,1,1,1,1,1,0],0,1].
[[1,9,2,1,2,1,0,0,0],0,16].
[[2,9,2,1,2,0,1,2,1],0,2].
[[3,9,1,1,2,0,1,2,1],0,12].
[[1,8,1,1,2,0,2,3,0],0,1].
[[2,8,1,1,1,0,2,2,1],0,1].
[[3,7,2,1,1,0,1,2,1],0,1].
[[2,9,2,1,2,1,1,1,0],0,2].
[[3,9,1,1,1,1,1,1,0],0,1].
[[1,7,2,0,0,0,2,1,1],1,0].
[[2,7,2,1,2,1,2,3,1],2,0].
[[3,7,2,1,2,1,1,2,1],3,0].
[[2,8,1,1,2,0,2,2,1],0,1].
[[3,8,1,1,1,0,1,2,1],0,2].
[[2,8,1,1,2,1,1,2,0],1,1].
[[2,8,0,1,2,0,2,2,0],0,2].
[[3,8,0,1,2,0,2,2,0],0,3].
[[2,9,2,1,2,0,2,3,1],0,2].
[[3,8,0,1,2,0,2,3,1],0,2].
[[1,9,2,0,0,0,1,1,1],3,1].
[[3,7,2,1,2,1,1,1,1],2,0].
[[3,6,0,1,2,1,2,3,1],1,1].
[[3,6,1,1,2,1,1,2,1],2,0].
[[2,9,2,0,0,0,2,2,1],0,6].
[[2,7,1,1,1,1,2,2,1],1,0].
[[3,4,1,1,2,0,2,2,1],1,0].
[[2,9,2,1,2,0,2,3,0],1,3].
[[3,9,1,1,1,0,2,3,0],0,1].
[[1,8,0,1,2,1,2,1,1],1,2].
[[2,7,1,1,2,1,2,1,1],1,2].
[[1,8,1,0,0,0,1,2,1],4,1].
[[3,8,0,0,0,0,2,3,0],0,3].
[[2,9,1,0,0,0,2,1,0],3,4].
[[3,9,1,0,0,0,2,1,0],1,1].
[[1,8,1,1,1,1,2,2,1],0,1].
[[2,8,1,1,1,1,1,2,1],3,1].
[[3,6,0,0,0,0,2,3,0],0,2].
[[3,7,1,1,2,0,2,2,1],5,2].
[[2,7,0,1,2,1,0,0,0],1,0].
[[3,7,1,1,2,1,2,3,1],6,5].
[[3,7,1,1,1,1,2,3,1],1,3].
[[2,9,2,1,1,0,1,1,1],0,1].
[[3,9,1,1,1,0,1,1,1],0,1].
[[1,8,1,1,2,0,1,2,1],1,1].
[[2,8,1,1,2,0,1,1,0],1,1].
[[3,7,1,1,2,0,1,1,0],1,0].
[[1,7,2,1,2,1,0,0,0],3,0].
[[2,7,2,1,2,1,0,0,0],3,0].
[[3,7,2,1,1,1,2,3,1],2,0].
[[1,8,1,1,2,1,1,1,1],1,2].
[[2,8,1,1,1,1,1,1,1],0,1].
[[2,9,1,1,2,1,1,1,1],0,1].
[[3,7,1,0,0,0,2,1,1],2,1].
[[1,8,1,1,2,1,2,1,0],2,0].
[[2,8,1,1,1,1,2,1,0],2,1].
[[3,8,1,1,1,1,1,2,0],3,0].
[[2,8,0,0,0,0,2,3,1],2,5].
[[3,8,0,1,2,1,2,1,1],0,2].
[[2,6,1,1,2,0,2,3,1],1,0].
[[3,6,1,1,1,0,1,2,0],1,0].
[[1,8,1,1,1,1,2,2,0],1,0].
[[3,8,1,1,2,1,2,2,0],0,2].
[[2,6,1,1,2,1,2,2,1],1,0].
[[2,8,0,0,0,0,0,0,0],1,6].
[[3,7,0,1,2,0,0,0,0],1,1].
[[2,6,0,1,2,1,2,1,1],1,0].
[[3,9,1,1,2,0,2,1,0],0,3].
[[3,7,1,1,1,1,2,2,0],1,0].
[[3,7,2,1,2,0,1,1,1],1,0].
[[3,5,0,0,0,0,1,1,0],1,0].
[[2,7,2,1,2,1,1,2,1],2,0].
[[3,7,2,1,1,1,1,2,1],2,0].
[[1,9,2,1,2,0,0,0,0],0,2].
[[2,9,1,1,2,0,0,0,0],0,1].
[[3,8,0,1,2,0,0,0,0],0,1].
[[2,9,1,1,2,1,2,2,1],0,5].
[[2,9,2,0,0,0,0,0,0],0,2].
[[3,9,1,0,0,0,2,3,0],0,2].
[[2,8,1,1,1,1,2,2,1],0,4].
[[2,8,0,0,0,0,2,2,1],4,5].
[[3,6,0,0,0,0,2,2,1],0,1].
[[2,9,1,1,1,1,2,3,0],1,3].
[[3,6,0,0,0,0,2,3,1],0,1].
[[3,8,0,1,1,1,2,1,0],0,1].
[[3,8,0,1,1,1,2,3,1],0,3].
[[2,9,2,1,2,1,0,0,0],0,2].
[[3,9,1,1,2,1,0,0,0],0,1].
[[2,9,2,1,2,1,1,2,1],1,4].
[[2,9,1,1,2,0,2,1,0],0,1].
[[2,8,1,1,2,0,0,0,0],1,0].
[[3,7,1,1,2,0,0,0,0],2,1].
[[2,3,2,0,0,0,0,0,0],2,0].
[[3,3,2,1,2,0,0,0,0],1,0].
[[2,9,1,1,2,0,2,2,0],1,1].
[[3,8,1,1,2,0,2,2,0],2,0].
[[2,8,0,1,2,1,2,1,0],1,0].
[[3,6,0,1,2,1,2,1,0],1,0].
[[1,8,0,0,0,0,2,1,0],1,1].
[[2,8,0,0,0,0,1,1,0],1,0].
[[3,7,1,1,2,0,1,2,1],1,1].
[[3,8,0,1,2,0,2,1,0],1,0].
[[3,7,1,1,2,1,0,0,0],2,1].
[[1,8,0,0,0,0,2,3,1],1,6].
[[2,7,1,0,0,0,2,3,1],2,4].
[[3,7,2,1,1,1,2,3,0],1,0].
[[3,3,1,1,2,1,2,1,1],2,0].
[[1,7,2,0,0,0,1,2,1],2,0].
[[3,3,2,0,0,0,1,2,1],1,0].
[[1,9,2,1,1,1,2,3,1],1,2].
[[2,9,2,1,1,1,2,3,1],0,2].
[[1,9,2,1,1,1,1,1,0],1,0].
[[2,9,1,1,2,0,1,2,1],0,4].
[[1,9,2,1,2,0,2,2,1],0,3].
[[3,9,1,1,1,0,1,2,1],0,1].
[[3,8,0,1,1,1,2,2,1],0,2].
[[2,8,0,1,1,1,0,0,0],0,1].
[[3,7,0,1,1,1,0,0,0],0,1].
[[3,7,1,0,0,0,2,2,1],5,1].
[[3,7,1,1,1,1,2,1,1],1,0].
[[2,9,2,1,2,0,2,2,0],1,1].
[[3,9,1,1,1,0,2,2,0],1,0].
[[1,8,1,1,2,0,1,1,1],1,0].
[[3,9,1,1,2,0,1,1,0],1,3].
[[3,8,0,0,0,0,2,2,1],0,2].
[[2,9,1,1,2,0,2,2,1],0,3].
[[2,9,2,1,1,1,2,2,0],0,1].
[[3,9,1,1,1,1,2,2,0],0,3].
[[2,8,0,1,1,1,2,1,1],1,1].
[[3,7,0,1,1,1,2,1,1],0,1].
[[3,8,1,1,2,1,2,3,0],1,3].
[[2,9,1,1,2,0,2,1,1],1,0].
[[3,8,1,1,1,0,2,1,1],1,0].
[[3,8,0,1,1,1,0,0,0],0,1].
[[3,8,0,1,1,1,1,2,1],0,2].
[[3,8,0,0,0,0,1,2,0],0,2].
[[2,8,0,1,2,0,2,3,1],0,2].
[[3,7,0,1,2,0,2,3,1],0,2].
[[1,8,0,1,2,1,2,3,0],1,0].
[[2,7,0,1,2,1,2,3,0],1,0].
[[3,7,0,1,2,1,1,2,0],1,0].
[[2,5,0,1,1,1,1,1,1],0,1].
[[3,4,1,1,2,0,1,1,1],1,1].
[[3,5,0,1,2,1,1,1,1],1,0].
[[3,6,1,1,1,1,2,3,1],1,0].
[[2,8,1,1,1,0,2,2,0],0,1].
[[3,8,1,1,1,0,2,2,0],0,1].
[[3,8,0,1,2,0,1,1,1],0,2].
[[2,9,1,1,2,1,1,1,0],0,2].
[[3,6,0,0,0,0,0,0,0],0,1].
[[2,8,1,1,2,1,0,0,0],1,3].
[[1,7,2,0,0,0,2,3,1],2,0].
[[2,5,0,0,0,0,1,2,0],1,0].
[[3,5,0,1,2,0,1,2,0],3,0].
[[2,7,1,1,2,0,2,1,1],1,0].
[[2,8,1,1,1,1,2,2,0],1,0].
[[3,6,1,1,1,1,2,2,0],1,0].
[[3,7,1,1,2,1,2,3,0],1,1].
[[3,7,1,1,1,1,2,1,0],1,0].
[[2,8,1,1,1,1,2,1,1],1,0].
[[3,4,1,1,2,0,2,1,1],1,0].
[[2,9,1,1,2,0,2,3,0],1,1].
[[3,9,1,1,1,0,1,2,0],0,1].
[[3,8,1,1,2,0,2,1,0],0,1].
[[1,9,2,1,1,1,2,1,1],1,0].
[[3,8,1,0,0,0,1,2,0],1,2].
[[2,9,2,1,1,1,1,1,1],0,1].
[[1,9,2,1,1,1,2,2,1],0,1].
[[3,8,1,1,1,1,2,2,0],0,3].
[[3,7,0,1,2,1,2,3,1],0,3].
[[3,9,1,1,2,1,2,2,1],0,1].
[[2,8,0,1,1,1,2,3,0],0,1].
[[3,5,0,1,2,1,1,2,0],2,0].
[[2,6,1,1,2,1,0,0,0],1,0].
[[3,2,1,1,2,1,0,0,0],1,0].
[[3,6,1,1,2,1,1,1,1],1,0].
[[2,6,0,1,2,1,2,2,1],2,1].
[[3,6,0,1,1,1,1,2,1],0,2].
[[3,7,2,1,1,1,2,2,1],0,1].
[[2,9,1,1,2,0,1,2,0],1,1].
[[3,7,1,1,1,1,2,2,1],0,3].
[[1,6,1,0,0,0,2,3,1],1,1].
[[2,6,1,1,2,0,1,2,1],0,1].
[[3,6,1,1,1,0,1,1,1],0,1].
[[1,9,2,1,1,1,2,3,0],1,0].
[[3,7,1,1,2,1,2,1,0],1,0].
[[2,6,1,1,2,1,2,1,1],1,0].
[[3,6,1,1,2,1,2,1,1],1,0].
[[2,9,1,1,2,0,2,3,1],0,1].
[[2,9,1,0,0,0,0,0,0],0,1].
[[3,8,0,0,0,0,0,0,0],0,2].
[[3,8,1,1,2,0,1,2,0],1,1].
[[3,7,2,1,2,1,0,0,0],1,0].
[[2,6,0,0,0,0,2,2,0],0,1].
[[3,6,0,0,0,0,2,2,0],0,1].
[[3,7,1,0,0,0,1,2,1],1,2].
[[3,7,2,1,2,1,2,3,1],1,0].
[[1,6,1,1,2,1,0,0,0],0,1].
[[2,3,1,1,2,1,0,0,0],0,1].
[[2,9,2,1,1,1,1,2,1],0,2].
[[1,9,2,1,2,0,2,3,0],1,1].
[[2,8,0,1,2,0,2,3,0],0,1].
[[2,9,2,0,0,0,2,1,1],1,0].
[[3,8,1,1,2,0,2,1,1],2,1].
[[2,7,2,1,2,1,2,2,1],2,0].
[[1,6,1,1,2,1,2,3,1],1,0].
[[2,6,1,1,2,1,1,2,1],1,0].
[[2,9,2,1,1,1,0,0,0],0,1].
[[3,9,1,1,1,1,2,3,1],0,1].
[[3,9,1,1,1,1,2,3,0],0,1].
[[2,7,2,1,2,0,2,2,1],1,0].
[[3,7,2,1,2,0,2,2,1],1,0].
[[1,3,2,0,0,0,0,0,0],1,0].
[[3,3,2,0,0,0,2,2,1],1,0].
[[3,7,1,0,0,0,2,2,0],0,1].
[[2,4,1,1,2,0,1,2,1],1,0].
[[3,4,1,1,2,0,1,2,1],2,0].
[[2,7,0,0,0,0,0,0,0],0,1].
[[3,7,0,1,2,1,2,2,0],0,1].
[[2,9,1,1,2,0,1,1,1],0,1].
[[3,8,0,1,1,0,1,1,1],0,1].
[[1,8,1,1,2,1,2,3,0],3,1].
[[3,8,1,1,2,0,2,3,1],1,1].
[[2,8,1,0,0,0,2,3,0],3,0].
[[3,6,0,1,2,0,2,2,0],0,1].
[[3,9,1,1,1,1,1,1,1],0,1].
[[1,9,2,1,2,0,1,2,0],2,1].
[[2,6,1,0,0,0,2,1,1],2,0].
[[2,7,1,1,2,0,2,2,1],1,0].
[[2,8,0,0,0,0,1,2,1],1,2].
[[1,8,0,1,2,1,2,1,0],0,1].
[[2,7,0,1,2,1,2,1,0],0,1].
[[3,7,0,1,2,1,2,1,0],0,1].
[[3,3,1,1,2,1,2,3,0],2,0].
[[1,6,1,0,0,0,2,1,1],1,0].
[[3,6,1,1,2,1,2,3,0],1,0].
[[2,8,0,1,1,1,2,2,1],0,1].
[[3,9,1,1,2,0,2,2,0],0,2].
[[2,8,0,0,0,0,1,2,0],0,1].
[[2,6,0,0,0,0,2,3,1],0,1].
[[3,6,0,1,2,1,2,3,0],1,0].
[[2,7,1,0,0,0,2,3,0],1,0].
[[2,8,1,1,2,0,1,1,1],0,1].
[[3,8,1,1,1,0,1,1,1],0,1].
[[3,7,2,1,2,1,2,2,1],1,0].
[[2,5,0,1,2,0,1,2,0],1,0].
[[1,7,1,0,0,0,2,2,1],1,0].
[[3,3,1,0,0,0,2,2,1],1,0].
[[3,6,1,1,2,0,2,2,0],1,0].
[[2,9,1,1,2,0,1,1,0],0,2].
[[3,8,1,1,1,1,2,1,0],1,0].
[[3,7,1,0,0,0,2,3,0],1,0].
[[2,6,0,0,0,0,2,3,0],0,1].
[[2,6,1,1,2,0,0,0,0],1,0].
[[3,6,1,1,2,0,2,1,1],2,0].
[[3,8,0,1,1,0,1,1,0],0,1].
[[3,8,1,1,1,1,2,2,1],0,1].
[[2,7,1,1,2,1,2,2,0],1,0].
[[3,8,1,0,0,0,2,1,1],0,1].
[[2,9,1,1,1,1,2,2,1],1,0].
[[3,5,0,1,2,0,1,1,0],1,0].
[[1,8,1,1,1,1,0,0,0],0,1].
[[2,5,0,0,0,0,1,2,1],1,0].
[[3,5,0,1,2,0,1,2,1],1,0].
[[3,8,1,1,2,1,0,0,0],0,1].
[[2,8,1,1,2,1,1,1,0],0,1].
[[3,7,1,1,2,1,1,1,0],0,1].
[[2,9,2,1,2,1,2,1,1],0,1].
[[3,5,0,0,0,0,1,1,1],2,0].
[[3,6,1,0,0,0,2,3,1],1,0].
[[3,3,1,1,2,1,2,3,1],1,0].
[[3,7,0,0,0,0,1,2,1],0,1].
[[2,9,1,1,2,1,0,0,0],0,1].
[[3,6,1,1,1,1,2,1,1],1,0].
[[2,7,2,1,2,1,2,1,1],1,0].
[[3,6,1,1,2,0,1,2,1],1,0].
