total_WL(18004,17887).
[[1,9,2,0,0,0,0,0,0],622,1823].
[[2,8,0,1,2,1,0,0,0],152,360].
[[3,7,0,1,2,1,0,0,0],66,77].
[[1,9,2,0,0,0,2,1,0],287,369].
[[2,8,1,1,2,1,2,1,0],64,43].
[[3,8,1,1,2,1,2,1,0],44,73].
[[1,8,1,1,1,1,2,1,0],8,2].
[[2,8,1,1,1,1,1,2,0],25,15].
[[3,4,1,1,2,0,1,1,0],31,10].
[[1,9,2,0,0,0,2,1,1],377,534].
[[2,9,1,0,0,0,1,2,1],228,359].
[[3,5,0,0,0,0,1,1,1],35,1].
[[1,9,2,0,0,0,1,2,0],356,402].
[[2,9,1,0,0,0,1,2,0],347,437].
[[3,9,1,0,0,0,1,2,0],121,257].
[[1,9,2,1,2,1,1,2,0],156,142].
[[2,9,1,1,1,1,1,1,0],23,23].
[[3,9,1,1,1,1,1,1,0],27,97].
[[1,8,0,0,0,0,0,0,0],863,1167].
[[2,8,0,0,0,0,2,3,0],263,313].
[[3,8,0,0,0,0,2,3,0],84,209].
[[1,8,0,0,0,0,2,3,1],115,142].
[[2,7,1,0,0,0,2,3,1],151,44].
[[3,7,1,0,0,0,1,2,1],95,22].
[[1,8,1,0,0,0,2,3,1],753,303].
[[2,8,1,0,0,0,2,3,1],575,301].
[[3,8,1,1,2,1,2,3,1],329,184].
[[1,9,2,0,0,0,2,2,0],629,973].
[[2,8,1,0,0,0,1,2,1],268,146].
[[3,7,1,1,2,1,1,2,1],185,54].
[[1,8,1,1,2,0,0,0,0],93,107].
[[2,8,1,1,2,0,2,1,0],14,22].
[[3,8,1,1,2,0,2,1,0],15,25].
[[1,9,2,0,0,0,2,3,0],919,1300].
[[2,8,0,1,2,1,2,3,0],284,325].
[[1,9,2,1,2,1,2,3,0],422,607].
[[2,8,1,1,2,1,2,3,0],249,161].
[[1,8,1,0,0,0,0,0,0],2089,1119].
[[2,7,1,1,2,1,0,0,0],268,134].
[[3,3,1,1,1,1,0,0,0],7,2].
[[1,8,1,1,2,1,2,1,1],117,40].
[[2,8,1,1,2,1,2,1,1],232,128].
[[3,8,1,1,2,1,2,1,1],211,120].
[[1,9,2,0,0,0,2,3,1],710,1117].
[[2,9,1,1,2,1,2,3,1],186,430].
[[3,9,1,1,2,1,1,2,1],159,501].
[[2,8,0,0,0,0,2,3,1],187,282].
[[3,7,1,0,0,0,2,3,1],170,67].
[[2,8,1,1,2,1,2,3,1],473,229].
[[3,7,2,1,1,1,2,3,1],29,8].
[[2,7,2,0,0,0,0,0,0],220,21].
[[3,3,2,0,0,0,0,0,0],35,0].
[[2,7,2,0,0,0,2,2,1],75,8].
[[3,7,2,1,2,1,1,2,1],95,9].
[[2,8,1,0,0,0,2,1,1],305,148].
[[3,6,1,0,0,0,2,1,1],26,0].
[[3,7,2,1,2,1,2,3,1],150,12].
[[2,9,1,1,2,0,0,0,0],1,21].
[[3,9,1,1,2,1,2,3,0],30,288].
[[3,7,1,1,2,1,2,3,1],327,138].
[[1,8,1,0,0,0,1,2,1],125,86].
[[2,7,1,1,2,0,1,2,1],9,2].
[[3,7,0,1,2,0,1,2,1],2,2].
[[1,8,0,0,0,0,2,3,0],222,149].
[[2,9,1,1,2,1,1,2,0],308,461].
[[3,8,0,1,2,1,1,2,0],314,328].
[[1,8,1,1,2,1,0,0,0],631,359].
[[2,6,1,1,2,1,0,0,0],112,9].
[[3,6,1,1,2,1,0,0,0],52,7].
[[1,9,2,1,2,1,2,1,0],136,144].
[[2,9,1,1,1,1,2,1,0],33,37].
[[3,8,0,1,1,1,2,1,0],17,49].
[[3,3,1,1,2,1,0,0,0],78,8].
[[2,9,1,1,2,1,2,3,0],293,751].
[[3,5,0,1,2,1,1,2,0],87,6].
[[1,7,2,0,0,0,0,0,0],356,43].
[[2,7,2,1,2,0,0,0,0],64,11].
[[3,7,2,1,1,0,2,3,1],12,5].
[[3,9,1,0,0,0,1,2,1],63,203].
[[1,6,1,0,0,0,0,0,0],294,15].
[[2,6,1,0,0,0,0,0,0],199,12].
[[3,6,1,1,2,0,0,0,0],16,2].
[[1,9,2,0,0,0,2,2,1],517,806].
[[2,8,0,0,0,0,2,2,1],142,180].
[[3,8,0,0,0,0,2,2,1],47,109].
[[3,7,1,1,2,0,2,3,1],110,57].
[[3,8,0,1,2,1,2,3,0],220,579].
[[2,8,0,0,0,0,2,2,0],191,261].
[[3,8,0,1,2,1,2,2,0],163,364].
[[3,8,0,1,1,1,2,3,0],79,189].
[[1,8,0,1,2,1,0,0,0],271,381].
[[2,7,1,1,1,1,0,0,0],22,15].
[[3,7,1,1,1,1,0,0,0],56,27].
[[1,8,1,0,0,0,2,2,0],256,79].
[[2,8,1,1,2,1,2,2,0],177,77].
[[3,8,1,1,2,1,1,2,1],462,263].
[[3,7,0,0,0,0,2,3,1],16,10].
[[2,7,1,0,0,0,2,2,1],133,41].
[[3,7,1,1,2,0,2,2,1],72,39].
[[2,9,1,0,0,0,2,1,1],117,245].
[[1,9,2,1,2,0,2,1,1],24,42].
[[2,9,1,1,2,0,1,1,1],19,40].
[[3,9,1,1,2,0,1,1,1],23,67].
[[2,8,1,1,2,0,2,3,1],126,84].
[[3,8,1,1,2,0,1,2,0],114,71].
[[3,8,0,1,2,1,2,2,1],111,236].
[[2,8,0,1,1,1,0,0,0],35,56].
[[2,8,1,1,1,1,1,1,1],20,14].
[[3,7,2,1,1,1,1,1,1],15,2].
[[1,9,2,1,2,1,0,0,0],302,713].
[[2,8,1,1,2,1,0,0,0],280,174].
[[3,8,1,1,1,1,2,2,1],92,53].
[[2,9,1,1,2,1,2,2,1],133,309].
[[3,8,1,1,2,1,2,2,1],275,158].
[[2,6,1,0,0,0,2,3,1],72,2].
[[3,3,2,1,2,1,2,3,1],22,0].
[[2,7,2,0,0,0,2,1,1],58,2].
[[3,3,2,1,2,1,2,1,1],14,0].
[[3,8,0,1,1,1,0,0,0],2,20].
[[1,7,1,0,0,0,0,0,0],327,134].
[[2,7,1,0,0,0,0,0,0],407,207].
[[3,7,1,1,2,0,2,2,0],37,25].
[[3,9,1,1,2,1,1,2,0],273,703].
[[1,9,2,0,0,0,1,2,1],230,267].
[[2,9,1,1,2,1,1,2,1],193,372].
[[3,8,0,1,2,1,1,2,1],138,326].
[[3,7,2,0,0,0,2,3,1],57,7].
[[2,8,0,1,2,1,1,2,0],105,82].
[[3,7,1,1,2,1,1,2,0],115,15].
[[2,9,1,1,2,0,1,2,0],65,116].
[[3,9,1,1,2,0,1,2,0],68,208].
[[2,9,1,1,1,1,2,2,0],61,76].
[[3,9,1,1,1,1,2,2,0],10,88].
[[3,9,1,1,1,1,2,3,1],16,58].
[[1,9,2,1,2,1,2,1,1],170,227].
[[2,9,1,1,2,1,2,1,1],109,229].
[[3,8,0,1,2,1,2,1,1],94,165].
[[3,4,1,1,2,0,2,2,1],46,15].
[[1,7,2,0,0,0,1,1,1],4,1].
[[2,7,2,0,0,0,1,1,1],11,3].
[[3,7,1,0,0,0,1,1,1],44,16].
[[3,8,0,1,2,1,2,3,1],134,300].
[[1,9,2,1,2,1,2,3,1],309,481].
[[2,9,1,1,1,1,2,3,1],45,86].
[[3,4,1,1,2,0,1,2,1],90,29].
[[2,8,1,0,0,0,2,2,0],201,105].
[[3,7,1,1,2,1,2,2,0],105,62].
[[2,9,1,1,2,1,2,2,0],179,491].
[[3,8,0,1,2,1,0,0,0],3,51].
[[3,7,2,1,2,0,2,1,1],36,5].
[[2,9,1,1,1,1,1,1,1],23,31].
[[3,8,0,1,1,1,1,1,1],19,38].
[[1,9,2,1,2,1,2,2,0],283,384].
[[3,9,1,1,2,1,2,3,1],40,161].
[[1,8,1,1,2,1,2,3,1],251,94].
[[2,8,1,1,2,1,1,2,1],226,99].
[[3,6,1,1,2,1,1,2,1],52,3].
[[1,8,1,1,2,1,1,2,0],22,5].
[[2,8,1,1,2,1,1,1,1],92,68].
[[3,8,1,1,2,1,1,1,1],178,151].
[[2,8,1,0,0,0,2,3,0],334,230].
[[3,8,1,1,2,0,2,3,0],73,81].
[[2,9,1,0,0,0,0,0,0],5,82].
[[3,9,1,1,2,0,2,2,0],8,70].
[[1,9,2,1,1,1,2,3,1],31,55].
[[2,8,0,1,1,1,2,3,1],42,34].
[[1,8,0,0,0,0,2,1,1],77,86].
[[2,8,0,0,0,0,2,1,1],90,150].
[[3,8,0,0,0,0,2,1,1],42,73].
[[2,6,1,1,1,1,0,0,0],15,1].
[[3,6,1,1,1,1,2,3,0],11,0].
[[2,7,1,1,2,0,0,0,0],73,41].
[[3,7,1,1,2,0,2,3,0],61,30].
[[2,9,1,0,0,0,2,3,0],281,662].
[[3,8,1,0,0,0,2,3,1],152,96].
[[2,7,2,1,2,1,2,3,1],92,5].
[[2,9,1,1,2,0,1,2,1],48,86].
[[3,8,0,1,2,0,1,2,1],38,69].
[[3,6,1,1,2,1,2,1,1],34,3].
[[3,7,1,1,2,1,0,0,0],237,115].
[[3,3,1,0,0,0,0,0,0],67,9].
[[2,9,1,1,2,1,0,0,0],6,83].
[[3,8,0,1,1,1,2,2,0],42,105].
[[1,6,1,0,0,0,2,3,1],24,2].
[[2,3,2,0,0,0,2,3,1],11,0].
[[3,3,2,0,0,0,2,3,1],13,0].
[[3,8,0,0,0,0,2,2,0],67,160].
[[2,9,1,0,0,0,1,1,0],94,194].
[[3,9,1,1,2,1,1,1,0],62,281].
[[3,7,1,1,1,0,0,0,0],10,12].
[[1,9,2,1,2,0,2,2,0],19,55].
[[2,9,1,1,2,0,2,2,0],35,130].
[[1,8,1,0,0,0,2,3,0],370,136].
[[2,7,2,0,0,0,2,3,0],31,3].
[[3,7,2,1,2,0,2,3,1],63,11].
[[2,8,0,1,2,0,2,1,0],3,12].
[[3,8,0,1,2,0,1,2,0],77,90].
[[1,8,1,0,0,0,2,2,1],565,244].
[[2,8,1,1,2,0,2,2,1],113,71].
[[3,8,1,1,2,1,2,3,0],191,236].
[[1,8,1,1,1,1,2,2,1],16,1].
[[2,6,1,1,1,1,2,2,1],3,0].
[[3,2,1,1,1,1,2,2,1],1,0].
[[1,8,1,1,1,1,0,0,0],64,19].
[[2,8,1,1,1,1,2,1,1],62,30].
[[3,8,1,1,1,1,2,1,1],80,46].
[[1,9,2,1,1,1,2,2,0],33,30].
[[2,8,1,1,1,1,2,2,0],40,19].
[[2,8,0,0,0,0,1,2,1],51,66].
[[3,7,1,0,0,0,2,1,1],81,28].
[[2,8,1,0,0,0,2,1,0],85,44].
[[3,8,1,1,2,1,1,1,0],88,95].
[[1,8,0,0,0,0,2,2,0],146,124].
[[3,8,0,1,2,1,1,1,0],84,140].
[[2,9,1,1,2,1,1,1,0],77,191].
[[3,9,1,1,1,1,1,2,0],106,267].
[[1,8,1,0,0,0,1,1,1],48,43].
[[2,8,1,0,0,0,1,1,1],110,80].
[[1,7,1,0,0,0,2,3,1],28,5].
[[2,7,1,1,2,1,2,3,1],88,38].
[[1,8,1,0,0,0,2,1,1],368,161].
[[3,7,2,0,0,0,1,2,1],53,3].
[[2,5,0,1,2,1,1,1,0],7,6].
[[3,5,0,1,2,1,1,1,0],53,22].
[[2,9,1,0,0,0,2,2,1],141,322].
[[2,9,1,1,1,1,2,3,0],87,148].
[[3,8,1,1,2,0,2,1,1],88,46].
[[2,8,1,0,0,0,2,2,1],405,213].
[[3,7,1,0,0,0,2,2,1],139,58].
[[2,8,0,1,2,0,2,2,1],12,33].
[[3,8,0,1,1,0,1,1,1],2,2].
[[2,9,1,0,0,0,2,3,1],168,408].
[[3,9,1,0,0,0,1,1,0],34,112].
[[1,9,2,1,2,0,0,0,0],20,78].
[[2,9,1,1,2,0,2,2,1],31,81].
[[3,9,1,1,1,0,2,2,1],0,14].
[[1,9,2,1,2,0,2,2,1],21,50].
[[1,8,1,1,2,1,2,2,1],173,73].
[[1,8,0,0,0,0,2,1,0],71,56].
[[3,8,0,1,2,0,2,3,0],61,140].
[[3,8,1,1,2,0,2,2,1],111,65].
[[2,8,1,0,0,0,0,0,0],338,205].
[[3,8,0,1,2,0,2,2,0],36,103].
[[2,9,1,1,2,1,1,1,1],91,133].
[[3,9,1,1,1,1,1,2,1],66,190].
[[1,3,2,0,0,0,0,0,0],27,0].
[[2,3,2,0,0,0,0,0,0],44,0].
[[3,3,2,1,2,1,0,0,0],47,0].
[[2,9,1,1,1,1,1,2,0],101,83].
[[3,8,0,1,1,1,1,2,0],96,92].
[[1,8,0,1,2,1,2,2,1],27,27].
[[2,8,0,1,2,1,2,2,1],143,211].
[[3,7,1,1,2,1,2,2,1],265,124].
[[3,8,1,0,0,0,1,1,1],75,78].
[[3,8,1,1,2,1,1,2,0],308,123].
[[3,7,1,1,1,1,2,3,0],47,28].
[[3,8,0,0,0,0,1,2,1],67,104].
[[2,7,2,0,0,0,2,2,0],17,1].
[[3,7,2,0,0,0,1,2,0],11,1].
[[1,8,0,0,0,0,1,2,0],26,26].
[[2,8,0,0,0,0,1,2,0],134,77].
[[3,3,2,0,0,0,2,3,0],6,0].
[[1,9,2,1,2,1,2,2,1],221,314].
[[3,9,1,1,2,1,2,2,0],31,200].
[[3,9,1,1,1,1,1,1,1],22,79].
[[2,8,1,1,2,1,2,2,1],355,189].
[[3,8,1,1,1,1,1,2,1],158,92].
[[1,8,1,1,2,0,2,2,1],36,24].
[[2,8,1,1,1,0,1,2,0],2,2].
[[3,8,1,1,1,0,1,2,0],12,19].
[[3,9,1,0,0,0,2,1,1],14,43].
[[2,9,1,1,2,1,2,1,0],71,196].
[[3,8,1,1,1,1,2,1,0],16,27].
[[2,8,0,0,0,0,0,0,0],143,447].
[[2,9,1,0,0,0,2,2,0],202,473].
[[3,8,0,1,1,1,2,1,1],23,58].
[[3,7,0,0,0,0,2,3,0],18,23].
[[2,8,1,1,1,1,2,3,1],105,60].
[[3,8,1,1,1,1,2,3,1],109,74].
[[3,8,0,0,0,0,2,3,1],54,127].
[[1,9,2,1,2,0,2,3,0],40,76].
[[3,9,1,1,2,0,1,1,0],24,92].
[[3,6,1,1,2,0,2,3,1],32,3].
[[3,8,1,1,2,0,2,3,1],107,76].
[[2,7,2,1,2,1,2,1,1],29,2].
[[3,7,2,1,1,1,2,1,1],20,2].
[[3,9,1,1,2,1,2,1,0],9,67].
[[2,7,1,0,0,0,1,2,1],38,13].
[[3,7,1,1,2,1,2,1,1],152,85].
[[3,7,1,1,2,0,2,1,1],58,27].
[[2,9,1,1,2,0,2,3,0],40,167].
[[2,7,0,1,2,1,0,0,0],33,39].
[[3,7,0,1,2,1,2,3,1],47,40].
[[2,8,1,0,0,0,1,1,0],48,42].
[[2,8,1,1,2,0,0,0,0],78,87].
[[3,7,2,1,1,0,2,1,1],5,3].
[[1,6,1,1,2,1,0,0,0],58,6].
[[2,3,2,1,2,1,0,0,0],16,0].
[[2,8,1,1,1,1,1,2,1],43,29].
[[2,9,1,1,2,0,2,3,1],43,95].
[[3,9,1,1,2,0,1,2,1],64,134].
[[2,9,1,1,1,0,1,1,1],1,6].
[[3,9,1,1,1,0,1,1,1],1,11].
[[2,8,0,1,2,0,2,1,1],21,21].
[[3,8,0,1,2,0,2,3,1],38,88].
[[1,9,2,0,0,0,1,1,1],82,113].
[[3,8,0,1,1,1,2,2,1],35,65].
[[3,6,1,1,2,1,2,3,1],95,4].
[[1,9,2,1,2,1,1,1,0],38,73].
[[2,8,0,1,2,1,1,1,0],35,41].
[[3,8,0,1,1,1,1,1,0],22,39].
[[2,8,1,0,0,0,1,2,0],171,66].
[[2,8,0,1,2,1,2,2,0],154,196].
[[3,7,0,1,2,1,2,2,0],47,36].
[[3,8,1,1,1,1,2,2,0],44,52].
[[3,8,1,1,2,0,1,2,1],196,88].
[[1,8,0,1,2,1,2,2,0],49,34].
[[2,7,1,1,1,1,2,2,0],5,0].
[[3,7,1,1,1,1,2,3,1],68,40].
[[1,8,1,1,2,1,2,2,0],86,26].
[[2,7,2,1,2,1,1,2,1],24,2].
[[3,8,1,0,0,0,2,2,0],51,49].
[[3,9,1,1,2,1,2,1,1],40,133].
[[3,7,0,1,2,1,1,2,0],31,16].
[[1,7,2,1,2,1,2,2,0],2,0].
[[2,7,1,1,2,1,2,2,0],42,5].
[[3,7,1,1,2,1,1,1,0],29,12].
[[3,8,0,0,0,0,1,2,0],144,101].
[[1,9,2,0,0,0,1,1,0],96,154].
[[3,8,1,0,0,0,1,1,0],36,36].
[[2,8,0,1,2,1,2,3,1],178,246].
[[3,8,0,1,1,1,1,2,1],51,98].
[[3,6,1,0,0,0,0,0,0],36,2].
[[3,8,1,0,0,0,2,3,0],98,91].
[[3,6,1,0,0,0,2,3,0],35,1].
[[3,8,1,1,1,1,1,2,0],110,69].
[[1,7,1,0,0,0,2,1,0],12,2].
[[2,3,1,0,0,0,2,1,0],2,0].
[[3,3,1,1,2,1,2,1,0],9,0].
[[2,9,1,0,0,0,1,1,1],84,120].
[[3,8,0,0,0,0,1,1,1],25,46].
[[2,8,0,0,0,0,1,1,1],26,27].
[[3,8,0,1,2,0,1,1,1],9,34].
[[2,8,0,0,0,0,1,1,0],36,34].
[[3,5,0,0,0,0,1,1,0],32,6].
[[2,8,0,1,2,0,2,3,0],36,40].
[[3,8,0,1,2,0,1,1,0],23,31].
[[3,8,1,0,0,0,2,2,1],124,69].
[[3,7,1,1,1,1,2,2,0],29,12].
[[3,8,0,1,2,1,2,1,0],57,140].
[[3,8,1,1,2,0,1,1,1],59,58].
[[3,8,1,1,2,0,2,2,0],40,49].
[[3,9,1,0,0,0,2,2,0],15,79].
[[1,7,2,0,0,0,2,3,0],14,2].
[[2,7,2,1,2,0,2,2,0],4,1].
[[3,3,2,1,2,0,2,2,0],3,0].
[[3,6,0,1,2,1,2,3,0],26,31].
[[3,8,1,1,2,0,1,1,0],27,28].
[[2,8,1,1,2,0,2,2,0],37,35].
[[3,3,1,0,0,0,2,3,1],18,1].
[[2,9,1,0,0,0,2,1,0],74,184].
[[3,8,1,0,0,0,1,2,1],196,116].
[[3,9,1,0,0,0,1,1,1],18,63].
[[2,7,2,0,0,0,2,3,1],99,11].
[[2,6,1,1,2,1,2,2,1],32,1].
[[3,6,1,1,2,1,2,2,1],60,1].
[[1,8,1,0,0,0,2,1,0],132,51].
[[2,8,1,1,2,1,1,1,0],31,27].
[[1,9,2,1,1,1,2,1,0],15,15].
[[3,9,1,1,1,1,2,1,1],15,55].
[[3,6,1,1,2,0,2,2,1],21,2].
[[3,4,1,1,2,0,2,2,0],39,12].
[[3,7,1,0,0,0,0,0,0],132,76].
[[3,6,1,1,1,1,2,2,1],20,1].
[[3,9,1,1,1,0,1,2,1],6,37].
[[3,7,2,0,0,0,0,0,0],35,4].
[[1,8,1,0,0,0,1,2,0],64,30].
[[2,7,1,0,0,0,1,2,0],15,2].
[[3,7,1,0,0,0,1,2,0],49,5].
[[1,7,1,0,0,0,2,1,1],23,7].
[[2,7,1,0,0,0,2,3,0],77,17].
[[2,7,1,0,0,0,2,1,0],32,5].
[[3,7,1,0,0,0,2,1,0],23,12].
[[2,7,1,1,2,1,2,1,1],58,21].
[[3,7,1,1,1,1,2,1,1],55,24].
[[2,7,1,1,2,1,2,2,1],70,31].
[[3,7,2,1,2,0,2,2,1],45,3].
[[3,7,0,1,2,1,2,3,0],62,56].
[[1,7,2,0,0,0,2,2,1],34,4].
[[3,8,0,1,2,0,2,1,1],24,45].
[[2,5,0,1,2,1,1,1,1],21,1].
[[3,5,0,1,2,1,1,1,1],87,6].
[[3,4,1,1,2,0,2,1,1],36,9].
[[2,6,0,0,0,0,0,0,0],44,48].
[[3,6,0,1,2,0,0,0,0],2,3].
[[2,7,1,1,2,1,2,3,0],46,20].
[[3,7,1,1,2,1,2,3,0],184,109].
[[2,7,0,0,0,0,0,0,0],32,43].
[[3,7,0,0,0,0,2,2,0],17,16].
[[2,7,2,1,2,1,0,0,0],142,15].
[[3,7,2,1,2,1,2,3,0],45,1].
[[3,9,1,1,2,1,2,2,1],46,137].
[[2,9,1,1,1,0,2,3,0],1,13].
[[3,9,1,1,1,0,1,2,0],12,45].
[[3,7,2,0,0,0,2,1,1],43,0].
[[1,7,2,0,0,0,2,1,1],26,2].
[[2,7,2,0,0,0,1,2,1],28,9].
[[2,6,0,1,2,1,0,0,0],15,26].
[[3,6,0,1,2,1,0,0,0],18,33].
[[3,8,1,0,0,0,2,1,1],99,37].
[[3,7,0,0,0,0,1,2,1],2,6].
[[1,8,0,0,0,0,2,2,1],109,127].
[[2,7,0,0,0,0,2,2,1],4,7].
[[3,7,0,1,2,1,2,2,1],36,26].
[[1,9,2,1,1,1,2,2,1],31,33].
[[2,9,1,1,1,1,2,2,1],39,65].
[[3,9,1,1,1,1,2,2,1],13,72].
[[2,8,1,1,2,1,1,2,0],124,57].
[[2,7,1,1,2,0,2,1,0],7,1].
[[3,6,1,0,0,0,2,2,1],46,3].
[[3,7,1,1,2,0,1,2,1],56,21].
[[2,9,1,1,1,1,1,2,1],56,67].
[[3,7,2,1,2,0,1,2,1],42,7].
[[3,6,0,0,0,0,1,2,1],4,6].
[[1,8,1,1,2,1,1,2,1],46,29].
[[3,7,1,1,2,0,0,0,0],85,50].
[[2,8,0,0,0,0,2,1,0],74,74].
[[3,5,0,0,0,0,1,2,0],27,2].
[[3,7,2,1,2,1,1,2,0],27,1].
[[2,8,1,1,2,0,2,3,0],86,64].
[[1,7,2,0,0,0,2,3,1],65,4].
[[2,7,2,1,2,0,2,3,0],4,0].
[[3,7,2,1,2,0,2,3,0],20,2].
[[1,8,0,1,2,1,2,3,0],67,43].
[[3,9,1,0,0,0,2,3,0],10,107].
[[3,7,1,1,1,0,2,2,1],5,12].
[[1,9,2,1,2,1,1,1,1],44,51].
[[2,8,0,1,1,1,2,1,1],16,20].
[[1,7,1,1,2,1,0,0,0],58,26].
[[3,4,1,1,2,0,0,0,0],11,2].
[[1,9,2,1,1,1,1,2,0],19,17].
[[2,4,1,1,2,0,1,2,0],14,6].
[[3,4,1,1,2,0,1,2,0],97,21].
[[2,8,0,1,2,1,2,1,1],86,120].
[[2,8,0,1,2,0,2,3,1],25,50].
[[3,8,0,1,1,0,1,2,1],1,15].
[[1,8,0,1,2,1,2,1,1],25,18].
[[3,8,0,0,0,0,2,1,0],15,61].
[[3,8,1,1,1,1,1,1,1],45,53].
[[2,9,1,1,2,0,2,1,0],15,45].
[[3,8,0,1,2,0,2,1,0],10,33].
[[3,9,1,1,2,0,2,1,1],8,34].
[[3,6,1,1,1,1,2,1,1],13,1].
[[2,8,0,1,2,0,2,2,0],17,27].
[[2,6,1,1,2,1,2,3,1],42,2].
[[1,8,1,1,2,1,2,3,0],114,45].
[[3,9,1,0,0,0,2,1,0],2,31].
[[3,7,2,1,2,1,1,1,1],39,12].
[[3,6,1,1,2,1,2,2,0],31,2].
[[3,9,1,1,2,1,1,1,1],72,199].
[[3,6,1,0,0,0,1,2,1],24,1].
[[3,7,1,0,0,0,2,3,0],90,41].
[[2,8,0,1,2,1,2,1,0],74,82].
[[3,7,1,0,0,0,2,2,0],60,26].
[[2,8,1,1,1,1,2,3,0],53,24].
[[3,8,1,1,1,1,2,3,0],48,68].
[[3,7,2,1,1,0,2,2,1],8,7].
[[2,8,0,1,2,1,1,1,1],14,32].
[[3,7,0,1,1,1,1,1,1],2,2].
[[3,3,1,1,2,0,0,0,0],30,4].
[[2,8,1,1,2,0,2,1,1],80,60].
[[1,9,2,1,1,1,0,0,0],52,65].
[[2,8,1,1,1,1,2,2,1],69,32].
[[1,8,0,1,2,1,2,3,1],47,49].
[[2,8,0,1,2,1,1,2,1],57,75].
[[2,7,2,1,2,1,2,3,0],15,1].
[[3,7,2,1,1,1,2,3,0],11,0].
[[1,9,2,1,2,0,2,3,1],26,45].
[[2,8,1,1,1,0,2,3,1],7,14].
[[3,4,0,1,2,0,2,1,1],0,1].
[[3,8,1,0,0,0,2,1,0],17,16].
[[1,9,2,1,1,1,2,3,0],59,50].
[[2,9,1,1,2,0,2,1,1],19,49].
[[3,8,1,1,1,0,2,1,1],13,19].
[[1,8,1,1,2,0,2,3,1],38,24].
[[2,7,1,1,2,0,2,3,1],25,13].
[[3,7,1,1,1,0,1,2,1],4,7].
[[2,8,0,1,1,1,1,2,0],17,8].
[[3,7,2,1,1,1,2,2,1],30,3].
[[3,9,1,1,2,0,2,3,1],7,59].
[[3,6,1,1,2,1,1,1,1],17,5].
[[3,7,1,1,1,1,1,2,1],41,18].
[[3,9,1,1,2,0,2,3,0],9,80].
[[3,8,1,1,1,0,2,1,0],0,12].
[[3,7,2,1,1,1,2,2,0],9,3].
[[3,9,1,1,1,0,1,1,0],2,14].
[[3,5,0,1,2,0,1,2,0],19,1].
[[1,8,1,1,2,1,1,1,0],4,7].
[[2,7,2,1,2,1,1,1,0],2,2].
[[3,7,2,1,1,1,1,2,0],7,1].
[[2,8,1,1,1,0,2,2,0],3,3].
[[3,7,1,1,1,0,2,2,0],6,2].
[[3,7,2,1,2,1,0,0,0],89,11].
[[3,6,0,0,0,0,2,2,0],11,18].
[[1,9,2,1,1,1,2,1,1],18,23].
[[3,8,1,0,0,0,1,2,0],160,78].
[[2,8,0,1,2,0,0,0,0],20,63].
[[3,8,0,1,2,0,0,0,0],1,17].
[[2,8,0,1,1,1,1,1,0],1,5].
[[2,8,1,1,2,0,1,1,1],23,27].
[[3,7,1,1,2,0,1,1,1],26,13].
[[3,7,2,1,2,0,0,0,0],31,6].
[[1,8,0,0,0,0,1,1,0],11,10].
[[2,9,1,1,1,1,2,1,1],18,42].
[[2,8,0,1,1,1,1,1,1],6,2].
[[2,8,1,1,1,0,2,1,1],4,13].
[[3,7,1,1,1,0,2,1,1],6,12].
[[2,7,1,1,2,1,1,2,0],10,2].
[[3,9,1,1,1,1,2,3,0],8,110].
[[3,5,0,1,2,0,1,1,0],28,7].
[[1,3,2,0,0,0,2,3,1],2,0].
[[2,8,1,1,1,1,0,0,0],58,27].
[[2,6,1,1,2,1,2,1,1],25,0].
[[2,6,1,1,2,0,2,3,1],9,2].
[[3,2,1,1,2,0,2,3,1],2,0].
[[1,8,0,1,2,1,2,1,0],21,16].
[[1,8,1,1,1,1,2,3,1],31,7].
[[2,7,1,1,1,1,2,3,1],11,2].
[[3,4,1,1,2,0,2,3,1],55,13].
[[3,8,1,1,1,1,1,1,0],37,31].
[[3,6,0,1,2,1,2,2,1],18,12].
[[2,5,0,0,0,0,1,2,0],7,0].
[[3,4,1,1,2,0,1,1,1],36,10].
[[3,8,0,1,2,1,1,1,1],55,123].
[[3,7,1,1,2,1,1,1,1],63,42].
[[3,6,1,1,1,0,2,3,1],6,0].
[[3,6,1,1,2,0,2,3,0],9,2].
[[2,8,0,1,2,0,1,2,0],14,18].
[[3,8,0,1,1,0,1,2,0],7,14].
[[2,7,0,0,0,0,2,1,0],4,0].
[[2,3,1,0,0,0,0,0,0],58,3].
[[2,6,1,1,2,0,0,0,0],28,4].
[[3,7,2,1,2,1,2,2,1],107,5].
[[3,6,0,0,0,0,2,3,1],12,7].
[[3,8,1,1,2,1,2,2,0],91,136].
[[3,3,2,1,1,1,2,2,1],3,0].
[[3,9,1,1,1,0,2,3,0],1,17].
[[1,7,1,0,0,0,2,2,0],18,2].
[[2,7,1,1,2,0,1,1,0],1,0].
[[3,7,1,1,2,0,1,1,0],13,7].
[[3,3,2,0,0,0,2,2,1],18,1].
[[2,8,1,1,2,0,1,2,1],70,45].
[[1,8,1,1,1,1,2,1,1],16,7].
[[3,7,1,1,1,1,2,2,1],55,23].
[[2,4,1,1,2,0,0,0,0],7,0].
[[1,7,1,0,0,0,1,2,1],4,3].
[[2,7,0,0,0,0,2,3,1],5,4].
[[1,9,2,1,2,0,1,2,0],15,29].
[[3,7,0,0,0,0,2,1,1],15,7].
[[3,6,0,1,2,0,2,3,0],3,4].
[[2,4,1,1,2,0,2,3,0],21,2].
[[3,6,1,0,0,0,1,1,0],4,2].
[[3,6,1,0,0,0,2,2,0],24,0].
[[2,7,0,0,0,0,2,3,0],3,8].
[[3,7,0,1,2,0,1,2,0],7,2].
[[1,9,2,1,2,1,1,2,1],86,121].
[[3,7,1,1,1,0,2,3,0],7,14].
[[2,7,2,1,2,0,2,3,1],26,6].
[[1,8,0,0,0,0,1,2,1],6,7].
[[3,4,1,1,2,0,2,3,0],58,6].
[[1,8,1,1,2,0,1,2,1],11,8].
[[3,7,0,1,2,1,2,1,0],13,16].
[[3,3,1,1,2,0,2,3,1],11,0].
[[2,7,1,0,0,0,2,2,0],59,9].
[[2,9,1,1,2,0,1,1,0],15,43].
[[3,8,1,1,2,1,0,0,0],4,8].
[[3,7,0,0,0,0,0,0,0],17,36].
[[1,7,2,1,2,0,0,0,0],19,5].
[[2,9,1,1,1,0,2,1,0],0,3].
[[3,8,0,1,1,0,2,1,0],1,4].
[[3,6,1,1,1,1,1,2,1],10,3].
[[3,9,1,0,0,0,2,3,1],15,59].
[[3,6,0,0,0,0,2,1,1],3,7].
[[2,2,1,0,0,0,0,0,0],13,0].
[[3,2,1,1,2,1,0,0,0],10,0].
[[2,6,1,1,1,1,2,2,0],1,0].
[[3,3,1,1,1,1,2,2,0],3,0].
[[3,6,1,1,2,1,2,3,0],40,2].
[[2,8,1,1,2,0,1,2,0],32,18].
[[2,7,2,1,1,1,1,2,1],4,1].
[[3,7,2,1,1,1,1,2,1],31,3].
[[3,6,0,0,0,0,2,2,1],11,9].
[[1,6,1,1,2,1,2,3,1],7,0].
[[3,9,1,1,2,0,2,1,0],2,21].
[[3,8,0,0,0,0,1,1,0],44,49].
[[3,5,0,1,1,1,1,2,0],43,2].
[[3,6,0,0,0,0,0,0,0],4,24].
[[1,6,1,0,0,0,1,2,1],3,0].
[[2,6,1,0,0,0,1,2,1],4,2].
[[1,8,1,1,2,0,2,3,0],18,12].
[[3,7,2,1,1,0,1,1,1],2,3].
[[3,3,1,1,2,1,2,3,1],36,1].
[[3,6,1,1,2,1,2,1,0],13,1].
[[2,7,1,0,0,0,2,1,1],60,22].
[[3,9,1,1,2,0,2,2,1],10,40].
[[3,9,1,0,0,0,2,2,1],10,54].
[[3,6,1,0,0,0,2,3,1],57,4].
[[2,4,1,1,2,0,2,2,1],10,4].
[[1,8,1,1,2,1,2,1,0],30,12].
[[3,8,0,0,0,0,0,0,0],0,28].
[[2,7,0,1,2,1,2,3,0],9,6].
[[3,7,0,1,1,1,2,2,0],7,10].
[[3,7,0,1,1,1,2,3,1],8,6].
[[1,7,2,1,2,1,2,3,1],15,1].
[[3,7,2,0,0,0,1,1,1],19,9].
[[1,6,1,0,0,0,2,2,0],5,1].
[[2,3,2,0,0,0,1,2,1],2,0].
[[3,3,2,0,0,0,1,2,1],4,0].
[[2,9,1,1,1,1,0,0,0],5,12].
[[3,9,1,1,1,1,0,0,0],0,1].
[[3,8,0,1,1,1,2,3,1],41,102].
[[3,6,1,0,0,0,1,2,0],14,0].
[[2,8,0,1,1,1,2,2,1],23,16].
[[3,7,0,1,1,1,2,2,1],11,7].
[[3,6,1,1,2,0,1,2,0],13,0].
[[1,8,0,1,2,1,1,2,0],17,8].
[[3,6,1,1,2,0,2,2,0],13,1].
[[3,8,0,1,1,0,2,3,0],1,21].
[[3,7,0,1,1,1,2,3,0],14,18].
[[2,5,0,1,1,1,1,1,0],7,1].
[[3,5,0,1,1,1,1,1,0],26,11].
[[1,7,2,1,2,1,0,0,0],62,8].
[[3,7,2,1,2,1,2,2,0],33,2].
[[1,8,0,0,0,0,1,1,1],2,4].
[[2,7,1,1,2,0,1,1,1],1,1].
[[3,7,1,1,1,0,1,1,1],0,3].
[[2,7,1,1,2,1,1,1,1],12,6].
[[2,6,1,0,0,0,2,3,0],33,2].
[[3,9,1,0,0,0,0,0,0],0,1].
[[3,6,0,1,2,1,2,1,1],13,8].
[[2,7,1,1,2,1,1,2,1],16,7].
[[3,7,0,1,2,1,1,2,1],14,8].
[[2,7,1,1,2,1,2,1,0],15,4].
[[3,7,1,1,1,1,1,2,0],24,15].
[[2,6,1,0,0,0,2,2,1],46,3].
[[3,6,1,1,2,1,1,2,0],31,0].
[[2,8,1,1,1,0,1,2,1],6,8].
[[3,7,2,1,1,0,1,2,1],9,8].
[[1,7,2,1,2,1,2,1,1],9,0].
[[2,4,1,1,2,0,2,3,1],11,4].
[[3,7,0,1,1,1,2,1,1],5,7].
[[1,8,1,1,2,1,1,1,1],18,11].
[[3,7,1,1,1,1,1,1,1],32,16].
[[2,6,0,0,0,0,2,3,0],15,8].
[[2,5,0,1,2,1,1,2,0],14,1].
[[1,7,2,0,0,0,1,2,1],10,4].
[[2,5,0,0,0,0,1,1,1],14,0].
[[3,5,0,1,2,0,1,1,1],23,5].
[[3,7,2,0,0,0,2,2,1],45,5].
[[1,7,1,0,0,0,2,2,1],30,4].
[[2,7,1,1,2,0,2,2,1],16,7].
[[3,3,1,1,2,0,2,2,1],9,0].
[[2,8,1,1,1,1,2,1,0],15,9].
[[3,7,2,0,0,0,2,2,0],16,1].
[[3,2,1,0,0,0,0,0,0],10,0].
[[3,7,2,1,2,1,2,1,0],12,0].
[[3,8,1,1,1,0,1,2,1],26,47].
[[2,6,0,0,0,0,2,2,1],6,5].
[[2,5,0,1,2,0,1,2,0],4,1].
[[3,5,0,1,1,0,1,1,0],1,7].
[[3,3,2,0,0,0,1,1,1],4,0].
[[3,8,1,1,1,0,2,3,1],15,17].
[[3,7,2,0,0,0,2,3,0],23,2].
[[3,7,0,1,2,1,2,1,1],25,25].
[[2,6,1,0,0,0,2,2,0],24,0].
[[3,2,1,1,2,1,2,2,0],1,0].
[[1,8,0,1,2,1,1,2,1],3,3].
[[3,7,2,1,1,1,0,0,0],21,1].
[[2,7,1,1,2,0,2,1,1],6,10].
[[3,6,1,0,0,0,1,1,1],10,2].
[[1,8,1,1,2,0,1,2,0],2,6].
[[3,8,1,1,1,0,1,1,0],5,16].
[[3,8,0,1,2,0,2,2,1],33,64].
[[1,8,1,1,1,1,1,1,1],2,1].
[[1,6,0,0,0,0,0,0,0],29,33].
[[2,6,0,0,0,0,2,1,1],3,1].
[[3,6,0,1,2,0,2,1,1],1,1].
[[2,5,0,1,2,0,1,1,1],8,0].
[[3,7,1,1,2,0,2,1,0],20,17].
[[2,8,0,1,1,1,2,3,0],39,46].
[[3,6,0,1,2,1,2,2,0],18,14].
[[3,9,1,1,1,0,2,2,0],1,17].
[[3,8,0,1,1,0,2,2,1],0,17].
[[3,7,0,1,2,0,2,3,0],13,8].
[[1,6,1,0,0,0,2,3,0],11,2].
[[3,3,1,1,2,1,2,3,0],12,1].
[[1,8,1,0,0,0,1,1,0],14,9].
[[2,9,1,1,1,0,2,2,0],2,10].
[[3,8,0,1,1,0,2,2,0],2,7].
[[3,6,0,1,2,1,2,3,1],23,11].
[[3,8,0,1,1,0,2,1,1],2,8].
[[3,7,1,1,2,1,2,1,0],64,23].
[[3,7,0,1,2,0,2,2,0],2,3].
[[2,3,1,1,2,1,0,0,0],19,3].
[[3,5,0,1,1,1,1,1,1],25,7].
[[2,9,1,1,1,0,2,1,1],1,9].
[[2,4,1,1,2,0,1,2,1],16,2].
[[2,6,1,0,0,0,2,1,0],13,0].
[[2,8,0,1,2,0,1,1,0],6,8].
[[3,6,1,1,2,0,2,1,1],27,2].
[[2,8,0,1,1,1,2,2,0],18,34].
[[3,3,2,1,2,0,0,0,0],19,1].
[[3,3,2,1,2,0,2,3,1],11,0].
[[2,6,1,1,2,1,2,1,0],7,0].
[[3,6,1,1,1,1,2,1,0],3,0].
[[2,5,0,1,1,1,1,1,1],2,2].
[[3,7,2,1,2,0,1,2,0],8,1].
[[2,8,0,1,1,1,2,1,0],12,9].
[[3,7,0,1,1,1,2,1,0],6,1].
[[2,6,0,0,0,0,2,3,1],8,5].
[[3,6,0,1,2,0,2,2,0],2,10].
[[1,6,1,0,0,0,2,1,1],6,0].
[[2,6,1,0,0,0,2,1,1],26,3].
[[3,6,1,1,2,0,1,2,1],11,3].
[[2,7,2,1,2,0,2,2,1],19,4].
[[2,8,1,1,2,0,1,1,0],11,11].
[[3,9,1,1,1,1,2,1,0],6,28].
[[3,3,1,1,2,1,2,2,1],18,2].
[[3,7,1,0,0,0,1,1,0],17,4].
[[3,7,0,1,1,1,0,0,0],10,13].
[[2,7,2,0,0,0,1,2,0],4,2].
[[3,8,1,1,1,0,2,3,0],10,28].
[[2,8,0,1,1,1,1,2,1],10,6].
[[3,7,0,1,1,1,1,2,1],4,5].
[[1,9,2,1,1,1,1,2,1],14,13].
[[1,9,2,1,2,0,1,2,1],9,15].
[[3,7,2,1,2,0,2,2,0],10,2].
[[3,7,0,0,0,0,1,2,0],7,2].
[[3,3,1,0,0,0,2,1,1],11,1].
[[2,7,0,1,2,1,2,1,1],3,3].
[[3,7,0,0,0,0,2,1,0],7,3].
[[2,6,0,0,0,0,2,2,0],7,11].
[[3,3,2,1,2,0,1,2,1],3,0].
[[3,6,1,1,2,0,1,1,1],6,5].
[[3,7,1,1,2,0,1,2,0],33,5].
[[3,7,2,1,2,1,2,1,1],63,3].
[[1,6,1,0,0,0,2,2,1],12,0].
[[1,7,2,1,2,1,2,3,0],2,0].
[[3,7,0,0,0,0,2,2,1],19,15].
[[1,2,1,0,0,0,0,0,0],4,0].
[[3,2,1,1,2,1,2,2,1],3,0].
[[1,7,2,1,2,1,2,1,0],3,0].
[[2,7,2,1,2,1,2,1,0],4,0].
[[1,8,1,1,1,1,2,2,0],5,1].
[[2,8,1,1,1,1,1,1,0],7,5].
[[3,7,2,1,1,1,1,1,0],1,2].
[[2,7,1,1,1,1,2,1,1],14,1].
[[2,4,1,1,2,0,1,1,1],7,1].
[[2,7,2,1,1,1,2,2,1],6,0].
[[3,7,0,1,2,0,2,1,1],8,3].
[[3,8,1,1,1,0,1,1,1],7,17].
[[3,7,1,1,1,0,2,3,1],10,12].
[[1,9,2,1,2,0,1,1,0],4,10].
[[2,5,0,0,0,0,1,1,0],15,1].
[[3,6,0,0,0,0,2,1,0],5,3].
[[3,7,2,1,2,0,1,1,0],4,2].
[[1,9,2,1,1,1,1,1,0],6,1].
[[3,8,1,1,1,0,2,2,0],3,16].
[[3,7,1,1,1,1,2,1,0],14,3].
[[1,7,1,0,0,0,2,3,0],17,3].
[[2,8,1,1,1,0,0,0,0],2,8].
[[3,3,1,1,2,1,2,2,0],14,1].
[[2,6,1,1,2,0,2,1,0],3,0].
[[3,3,2,1,2,0,2,1,0],3,0].
[[2,7,1,1,2,0,2,3,0],10,2].
[[3,6,1,1,2,0,2,1,0],6,0].
[[3,7,2,1,2,0,1,1,1],17,4].
[[3,6,1,1,1,1,1,1,1],4,0].
[[3,5,0,1,2,1,1,2,1],0,2].
[[2,7,2,1,1,0,2,2,1],2,1].
[[1,8,0,1,2,1,1,1,0],7,3].
[[2,7,1,1,2,1,1,1,0],8,1].
[[3,7,1,1,1,1,1,1,0],10,2].
[[1,8,1,1,2,0,2,1,1],19,15].
[[3,6,0,1,2,1,1,2,0],15,5].
[[2,7,1,0,0,0,1,1,0],4,1].
[[3,3,1,1,2,1,2,1,1],12,1].
[[3,6,1,1,1,1,1,2,0],4,0].
[[3,8,1,1,1,1,0,0,0],1,6].
[[3,7,0,1,2,0,2,2,1],7,5].
[[2,7,1,1,1,1,1,2,1],5,3].
[[3,3,1,1,1,1,2,1,1],3,0].
[[1,6,0,0,0,0,2,2,0],3,1].
[[2,6,0,1,2,1,2,2,0],5,4].
[[3,6,0,1,2,1,1,1,0],5,3].
[[2,7,2,0,0,0,2,1,0],12,0].
[[3,6,0,1,1,1,2,2,0],3,4].
[[3,8,1,1,2,0,0,0,0],1,4].
[[2,7,2,1,2,1,1,1,1],10,2].
[[1,7,1,0,0,0,1,1,1],2,0].
[[2,7,1,0,0,0,1,1,1],16,4].
[[3,5,0,1,1,0,1,2,0],7,1].
[[2,7,2,1,2,1,2,2,1],48,8].
[[1,6,1,1,2,1,2,3,0],1,0].
[[2,6,1,1,2,1,2,3,0],18,0].
[[2,7,0,0,0,0,2,2,0],7,3].
[[1,8,1,1,1,1,2,3,0],17,5].
[[2,4,1,1,2,0,2,2,0],5,3].
[[2,3,1,0,0,0,2,3,0],5,0].
[[3,3,1,1,2,0,2,3,0],6,0].
[[3,8,1,1,1,0,2,2,1],12,12].
[[1,9,2,1,2,0,2,1,0],6,19].
[[3,7,2,1,2,1,1,1,0],3,5].
[[2,6,1,1,2,1,2,2,0],11,1].
[[3,6,1,1,2,1,1,1,0],4,0].
[[2,7,2,1,2,0,1,2,1],7,1].
[[3,7,2,0,0,0,2,1,0],7,0].
[[3,6,0,0,0,0,2,3,0],18,15].
[[2,6,0,1,2,1,2,2,1],3,2].
[[3,7,2,1,1,0,2,3,0],5,1].
[[2,7,0,1,2,1,2,2,1],4,3].
[[3,9,1,1,1,0,2,1,1],4,10].
[[2,3,1,1,2,1,2,3,1],2,0].
[[2,8,0,1,2,0,1,2,1],8,11].
[[3,4,1,1,2,0,2,1,0],23,4].
[[3,6,0,1,2,1,1,2,1],10,3].
[[2,7,1,1,1,1,2,2,1],4,3].
[[3,6,1,1,1,0,2,2,1],3,1].
[[2,7,2,1,2,0,1,1,1],4,2].
[[2,7,1,1,2,0,2,2,0],3,3].
[[3,3,1,1,2,0,2,2,0],3,0].
[[3,7,1,1,1,0,1,1,0],1,0].
[[1,7,1,1,2,1,1,2,1],1,1].
[[3,3,1,0,0,0,2,2,0],8,0].
[[3,8,0,1,1,0,2,3,1],3,12].
[[2,3,2,1,2,0,0,0,0],7,0].
[[2,7,2,1,2,0,2,1,1],11,1].
[[2,4,1,1,2,0,2,1,1],8,4].
[[2,9,1,1,1,0,1,1,0],1,5].
[[3,8,0,1,1,0,1,1,0],1,8].
[[3,3,1,1,2,1,1,1,1],2,0].
[[3,6,0,0,0,0,1,2,0],3,4].
[[3,7,2,1,1,0,1,2,0],8,1].
[[2,7,0,0,0,0,2,1,1],5,3].
[[2,5,0,1,1,0,1,2,0],1,0].
[[2,7,2,1,1,1,2,1,1],3,0].
[[1,8,1,1,1,1,1,2,1],5,2].
[[3,6,1,1,1,1,2,3,1],21,2].
[[1,7,1,1,2,1,2,1,1],4,0].
[[2,6,1,1,2,1,1,2,0],4,1].
[[3,7,0,1,2,0,2,3,1],6,11].
[[3,3,1,0,0,0,2,3,0],9,0].
[[2,6,0,1,2,1,2,3,1],6,1].
[[2,7,0,1,2,1,2,3,1],7,5].
[[1,7,1,1,2,1,2,2,1],4,2].
[[2,7,2,1,1,0,2,3,0],1,0].
[[3,3,2,1,1,0,2,3,0],2,0].
[[2,7,0,1,2,1,2,2,0],6,3].
[[1,7,1,1,2,1,2,3,1],6,2].
[[3,3,2,1,2,1,2,2,1],11,1].
[[3,2,0,1,2,1,0,0,0],2,0].
[[2,8,1,1,1,0,1,1,1],2,2].
[[3,4,0,1,2,0,1,1,1],0,1].
[[3,6,0,1,2,0,2,3,1],3,3].
[[2,5,0,1,2,0,1,1,0],3,1].
[[3,7,2,0,0,0,1,1,0],7,2].
[[3,7,0,1,2,0,0,0,0],6,15].
[[2,8,1,1,1,0,2,2,1],3,9].
[[3,3,2,1,2,1,1,2,1],8,0].
[[2,4,1,1,2,0,2,1,0],4,3].
[[1,8,1,1,1,1,1,2,0],3,0].
[[2,4,1,1,2,0,1,1,0],6,1].
[[2,6,1,1,2,0,2,2,0],1,0].
[[3,3,2,1,2,0,2,2,1],4,0].
[[3,3,1,0,0,0,2,2,1],15,1].
[[3,6,1,1,1,1,2,2,0],7,0].
[[3,3,1,1,2,1,1,2,0],3,0].
[[2,7,2,1,1,1,0,0,0],10,2].
[[3,6,0,1,2,0,2,2,1],2,4].
[[1,9,2,1,2,0,1,1,1],3,7].
[[2,9,1,1,1,0,1,2,1],1,9].
[[3,4,0,1,2,0,1,2,1],0,4].
[[3,7,0,1,1,1,1,2,0],7,3].
[[2,7,2,1,2,1,2,2,0],12,1].
[[3,6,1,1,1,1,0,0,0],13,4].
[[1,8,1,1,2,0,2,1,0],4,7].
[[3,7,1,1,1,0,1,2,0],1,2].
[[1,7,2,1,2,0,2,3,1],3,0].
[[3,6,0,1,1,1,0,0,0],2,6].
[[3,3,1,1,2,0,2,1,1],5,1].
[[3,7,2,1,2,0,2,1,0],4,2].
[[3,3,1,1,1,1,2,2,1],2,1].
[[1,9,2,1,1,1,1,1,1],3,7].
[[3,7,2,1,1,0,0,0,0],7,3].
[[3,2,0,0,0,0,2,2,0],1,0].
[[2,9,1,1,1,0,0,0,0],0,5].
[[3,8,0,1,1,0,0,0,0],0,4].
[[3,7,0,1,2,1,1,1,1],5,1].
[[3,7,0,1,2,1,1,1,0],9,3].
[[2,9,1,1,1,0,1,2,0],3,9].
[[2,6,1,1,1,1,2,3,1],7,1].
[[3,6,0,1,2,1,2,1,0],2,6].
[[3,3,0,0,0,0,0,0,0],0,1].
[[2,6,1,1,2,0,2,1,1],4,0].
[[2,8,1,1,1,0,2,3,0],4,9].
[[1,8,1,1,2,0,2,2,0],8,4].
[[1,7,2,1,2,0,2,2,1],3,2].
[[2,3,1,0,0,0,2,2,1],1,0].
[[2,6,1,0,0,0,1,1,0],0,1].
[[3,4,0,1,2,0,2,2,1],0,5].
[[2,6,1,0,0,0,1,1,1],5,0].
[[3,7,0,1,2,0,2,1,0],0,5].
[[1,6,1,0,0,0,1,1,1],3,0].
[[2,6,0,1,2,1,2,1,1],0,4].
[[2,8,1,1,1,0,2,1,0],0,5].
[[3,7,1,1,1,0,2,1,0],0,2].
[[2,6,1,1,2,1,1,2,1],6,2].
[[3,3,1,1,1,1,1,2,1],2,0].
[[1,7,2,1,2,1,2,2,1],9,2].
[[3,7,2,1,1,0,2,2,0],3,0].
[[1,7,2,0,0,0,2,2,0],6,1].
[[2,3,2,1,2,0,2,2,0],1,0].
[[3,3,2,1,2,0,1,2,0],1,0].
[[2,6,1,1,2,0,2,2,1],6,0].
[[2,8,1,1,1,0,1,1,0],0,3].
[[3,6,1,1,1,0,1,2,1],1,0].
[[2,6,0,0,0,0,2,1,0],1,3].
[[3,6,0,1,1,1,1,2,1],0,2].
[[3,3,1,0,0,0,2,1,0],6,0].
[[2,9,1,1,1,0,2,3,1],2,5].
[[3,9,1,1,1,0,2,3,1],3,6].
[[2,6,1,0,0,0,1,2,0],3,1].
[[2,3,2,1,2,1,2,1,1],3,0].
[[3,3,2,1,1,1,1,2,1],1,0].
[[3,6,0,1,1,1,2,3,0],5,6].
[[3,3,2,1,2,1,2,2,0],5,0].
[[1,7,2,1,2,0,2,3,0],1,0].
[[2,7,2,1,1,0,1,2,0],1,1].
[[2,6,0,1,2,1,1,1,0],1,0].
[[3,3,1,1,2,1,1,1,0],2,0].
[[1,6,0,0,0,0,2,1,1],0,1].
[[1,6,0,0,0,0,2,3,0],2,3].
[[2,6,0,1,2,1,2,3,0],2,4].
[[2,3,1,0,0,0,2,3,1],6,0].
[[3,3,1,0,0,0,1,2,1],2,0].
[[2,7,1,1,1,1,2,3,0],4,3].
[[2,7,1,1,1,1,1,2,0],2,0].
[[3,3,0,1,2,1,0,0,0],0,2].
[[2,7,1,1,2,0,1,2,0],3,0].
[[2,3,2,1,2,1,2,2,1],2,0].
[[3,3,2,1,2,1,1,1,1],4,0].
[[3,6,0,1,2,1,1,1,1],1,3].
[[2,3,1,0,0,0,2,1,1],3,0].
[[3,7,0,0,0,0,1,1,0],4,0].
[[1,6,1,0,0,0,2,1,0],4,0].
[[1,7,2,1,2,1,1,2,1],0,3].
[[3,2,1,1,2,0,0,0,0],2,0].
[[1,8,1,1,2,0,1,1,1],0,1].
[[2,3,2,0,0,0,2,1,1],6,1].
[[2,7,1,1,1,1,2,1,0],2,0].
[[2,7,2,1,1,1,2,3,1],9,1].
[[1,6,1,1,2,1,2,2,0],2,0].
[[3,4,0,1,2,0,2,3,0],0,1].
[[3,6,1,1,1,0,2,1,0],1,0].
[[3,6,0,1,1,1,2,3,1],3,3].
[[1,7,2,1,2,0,2,1,1],1,0].
[[1,7,1,1,2,1,2,3,0],4,0].
[[3,3,2,1,1,0,0,0,0],3,0].
[[2,7,2,1,1,1,2,1,0],3,0].
[[2,6,0,1,2,1,1,2,0],3,1].
[[3,3,1,1,1,1,2,3,1],2,0].
[[3,3,2,1,2,0,1,1,1],1,0].
[[2,7,0,1,2,1,1,1,0],0,1].
[[1,7,2,0,0,0,2,1,0],3,0].
[[2,7,0,1,2,1,1,2,0],4,0].
[[3,4,0,1,2,0,0,0,0],0,2].
[[2,3,1,0,0,0,2,2,0],2,0].
[[2,3,2,1,2,1,2,3,1],5,0].
[[3,3,2,1,2,0,2,1,1],2,0].
[[2,6,1,1,1,1,2,3,0],1,1].
[[2,3,2,0,0,0,1,1,1],1,0].
[[2,7,2,1,2,0,2,1,0],1,0].
[[2,6,1,1,2,0,2,3,0],4,0].
[[3,2,1,0,0,0,2,1,0],1,0].
[[3,6,1,1,1,0,1,2,0],1,0].
[[3,4,0,1,2,0,1,2,0],0,5].
[[2,3,1,1,2,1,2,2,0],1,0].
[[2,7,2,1,1,1,2,2,0],0,1].
[[1,8,1,1,1,1,1,1,0],2,0].
[[2,7,1,1,1,1,1,1,0],2,1].
[[3,9,1,1,1,0,2,1,0],0,3].
[[2,7,2,0,0,0,1,1,0],4,1].
[[3,6,1,1,2,0,1,1,0],1,1].
[[3,3,2,0,0,0,2,1,1],7,1].
[[2,2,0,0,0,0,0,0,0],2,0].
[[3,2,0,0,0,0,0,0,0],1,0].
[[3,2,1,1,2,1,2,3,1],1,0].
[[2,7,2,1,1,1,1,1,1],2,0].
[[3,3,1,1,2,1,1,2,1],9,0].
[[3,2,1,0,0,0,2,3,1],3,0].
[[3,6,0,1,2,0,2,1,0],0,1].
[[3,6,1,1,1,0,2,3,0],0,1].
[[2,6,1,1,1,1,1,2,1],1,0].
[[2,6,1,1,2,0,1,2,1],1,0].
[[3,6,1,1,1,0,2,2,0],0,1].
[[3,6,1,1,1,0,2,1,1],2,2].
[[2,7,2,1,1,1,2,3,0],2,0].
[[1,3,2,0,0,0,2,2,1],1,0].
[[2,3,2,0,0,0,2,2,1],6,0].
[[2,3,2,1,2,0,2,1,1],1,0].
[[3,2,1,1,2,0,2,1,1],1,0].
[[3,6,0,0,0,0,1,1,1],2,1].
[[3,3,2,1,2,1,2,1,0],1,0].
[[2,9,1,1,1,0,2,2,1],0,3].
[[3,8,1,0,0,0,0,0,0],1,6].
[[3,6,0,1,1,1,2,2,1],1,2].
[[3,6,1,0,0,0,2,1,0],10,0].
[[3,9,1,1,2,1,0,0,0],0,5].
[[3,3,1,0,0,0,1,1,0],2,0].
[[2,7,2,1,1,0,0,0,0],4,2].
[[2,6,0,0,0,0,1,2,1],1,1].
[[1,8,0,1,2,1,1,1,1],0,3].
[[2,7,2,1,2,0,1,1,0],1,0].
[[3,6,1,1,1,0,0,0,0],3,0].
[[3,2,1,0,0,0,2,2,1],2,0].
[[2,7,2,1,2,1,1,2,0],2,0].
[[2,2,1,1,2,1,0,0,0],2,0].
[[3,3,1,1,2,0,1,2,1],2,0].
[[3,7,0,1,2,0,1,1,0],1,0].
[[3,5,0,1,1,0,1,2,1],0,1].
[[3,4,0,1,2,0,2,2,0],0,2].
[[3,2,0,1,2,1,1,2,0],1,0].
[[2,5,0,1,1,1,1,2,0],4,0].
[[2,8,0,1,2,0,1,1,1],2,5].
[[3,8,1,1,1,0,0,0,0],0,1].
[[2,6,0,1,2,1,2,1,0],1,0].
[[3,2,0,1,2,1,2,2,1],1,0].
[[3,6,0,1,2,0,1,2,0],1,1].
[[3,3,1,1,2,0,2,1,0],1,0].
[[3,3,2,0,0,0,2,1,0],1,0].
[[3,5,0,1,1,0,1,1,1],2,2].
[[1,7,2,1,2,0,1,2,1],1,0].
[[2,7,0,1,2,1,2,1,0],1,2].
[[2,6,1,1,1,1,2,1,1],1,0].
[[1,7,1,1,2,1,2,1,0],1,0].
[[3,3,2,1,2,0,2,3,0],3,0].
[[2,7,2,1,2,0,1,2,0],2,0].
[[3,7,2,1,1,1,2,1,0],2,0].
[[3,3,2,1,1,1,2,3,0],1,0].
[[3,3,2,1,1,1,2,3,1],3,0].
[[1,8,1,1,2,0,1,1,0],0,2].
[[3,3,1,1,1,1,2,3,0],1,0].
[[3,4,0,1,2,0,1,1,0],0,1].
[[2,7,2,1,1,0,2,3,1],0,1].
[[3,4,0,1,2,0,2,3,1],0,1].
[[3,6,0,0,0,0,1,1,0],0,1].
[[3,3,2,1,2,1,2,3,0],1,0].
[[3,6,0,1,2,0,1,2,1],2,0].
[[2,6,1,1,2,1,1,1,1],1,0].
[[1,6,1,1,2,1,2,2,1],2,0].
[[3,7,0,0,0,0,1,1,1],1,1].
[[3,3,1,0,0,0,1,1,1],2,0].
[[2,3,2,0,0,0,2,2,0],2,0].
[[3,3,2,0,0,0,1,1,0],1,0].
[[3,1,1,1,2,0,1,1,0],2,0].
[[3,6,0,1,2,0,1,1,0],1,0].
[[2,3,1,1,2,1,1,2,1],1,0].
[[2,3,1,1,2,1,2,2,1],1,0].
[[3,6,0,1,1,1,2,1,1],1,0].
[[3,6,0,1,1,1,2,1,0],1,0].
[[3,6,1,1,1,0,1,1,1],1,0].
[[1,6,1,1,2,1,2,1,1],1,0].
[[2,2,1,1,2,1,2,2,1],1,0].
[[3,7,0,1,1,1,1,1,0],1,0].
[[2,3,2,1,2,0,2,3,1],1,0].
[[2,6,0,0,0,0,1,2,0],0,1].
