total_WL(6471,5496).
[[1,8,0,1,2,2,1,2,0],7,1].
[[2,8,0,1,1,2,1,2,0],21,5].
[[3,4,2,1,2,0,1,2,0],121,2].
[[1,8,1,0,0,0,0,0,0],420,241].
[[2,8,1,1,2,0,2,1,0],7,6].
[[3,8,1,1,2,0,2,3,1],42,28].
[[1,9,2,0,0,0,2,3,1],151,251].
[[2,9,1,0,0,0,2,3,1],14,49].
[[3,9,1,0,0,0,1,1,0],4,13].
[[1,8,1,1,2,0,0,0,0],55,42].
[[2,8,1,1,2,0,0,0,0],29,22].
[[2,6,1,1,2,0,0,0,0],10,5].
[[3,6,1,1,2,2,2,2,1],20,3].
[[1,8,0,0,0,0,0,0,0],132,177].
[[2,8,0,0,0,0,0,0,0],19,62].
[[3,7,1,0,0,0,2,3,1],24,16].
[[1,8,1,1,2,2,2,2,1],120,52].
[[2,8,1,1,2,2,2,2,1],148,82].
[[3,8,1,1,1,2,2,2,1],46,25].
[[1,8,1,0,0,0,2,2,0],63,19].
[[2,8,1,1,2,0,2,2,0],19,15].
[[3,8,1,1,2,0,2,2,0],12,15].
[[1,9,2,1,1,2,0,0,0],86,74].
[[2,8,0,1,1,2,0,0,0],35,49].
[[3,4,2,1,2,0,2,2,0],68,1].
[[1,9,2,1,2,2,0,0,0],122,322].
[[2,9,2,1,2,2,0,0,0],0,18].
[[3,9,1,1,1,0,2,1,1],0,4].
[[1,9,2,1,2,2,1,2,0],85,61].
[[2,9,2,1,2,2,1,2,0],40,23].
[[3,8,1,1,2,2,1,2,0],97,33].
[[1,8,1,1,2,2,1,2,1],37,16].
[[2,8,1,1,2,2,1,2,0],57,18].
[[1,9,2,1,2,2,2,2,0],134,182].
[[2,9,1,1,2,2,1,2,0],69,110].
[[1,8,0,0,0,0,1,2,0],6,7].
[[2,8,0,0,0,0,1,2,0],21,14].
[[3,8,0,1,2,2,1,1,0],22,38].
[[2,8,1,0,0,0,2,2,1],95,47].
[[3,8,1,0,0,0,2,2,1],25,16].
[[1,8,1,0,0,0,1,2,0],16,9].
[[3,8,1,1,1,2,1,1,0],17,11].
[[1,8,0,1,2,2,0,0,0],211,238].
[[2,8,0,1,2,2,0,0,0],62,141].
[[3,7,0,1,2,2,0,0,0],18,18].
[[2,8,0,0,0,0,2,3,1],39,50].
[[3,8,0,1,2,0,2,3,1],13,24].
[[1,8,1,1,2,2,2,3,0],56,26].
[[2,8,1,1,2,2,2,3,0],83,40].
[[3,7,1,1,2,2,0,0,0],57,34].
[[2,8,1,1,1,2,1,2,0],14,7].
[[3,7,1,1,1,2,1,2,0],16,0].
[[1,8,1,1,2,2,2,1,1],77,28].
[[2,8,1,1,2,2,2,1,1],106,51].
[[3,8,1,1,2,2,2,1,1],64,36].
[[1,9,2,0,0,0,2,3,0],145,248].
[[2,8,1,1,2,0,2,3,0],25,14].
[[1,8,1,1,1,2,0,0,0],60,16].
[[2,8,1,1,1,2,2,3,1],79,23].
[[1,9,2,1,2,2,2,2,1],147,189].
[[2,8,0,1,2,2,2,2,1],59,84].
[[3,8,0,1,2,2,2,2,1],31,71].
[[1,7,2,0,0,0,0,0,0],94,15].
[[2,7,2,0,0,0,0,0,0],55,9].
[[3,7,2,0,0,0,2,1,1],4,1].
[[3,8,1,1,2,0,1,1,0],7,8].
[[1,8,1,1,2,0,2,3,0],8,7].
[[2,8,1,1,1,0,2,3,0],0,8].
[[3,7,1,1,1,0,2,3,0],2,9].
[[3,9,1,1,1,2,1,2,0],46,112].
[[2,9,1,1,2,2,2,2,1],37,66].
[[3,9,1,1,2,2,2,1,0],1,25].
[[1,8,1,1,2,2,0,0,0],353,146].
[[3,8,1,1,2,2,1,2,1],185,82].
[[1,9,2,1,2,0,2,1,0],4,5].
[[2,9,1,1,2,0,2,1,0],1,13].
[[2,8,1,0,0,0,2,2,0],35,23].
[[3,8,1,0,0,0,2,2,0],10,9].
[[2,8,1,0,0,0,2,3,1],116,72].
[[3,8,1,0,0,0,2,3,1],22,25].
[[1,9,2,0,0,0,0,0,0],99,292].
[[2,9,1,0,0,0,2,2,0],12,42].
[[3,9,1,0,0,0,1,2,0],19,46].
[[2,8,0,1,2,2,2,2,0],84,78].
[[3,8,0,1,1,2,1,1,0],11,25].
[[1,8,1,0,0,0,2,3,0],92,27].
[[2,8,1,0,0,0,1,2,0],43,13].
[[3,8,1,0,0,0,1,2,0],35,14].
[[1,8,1,0,0,0,2,2,1],140,58].
[[2,8,1,1,2,0,2,2,1],40,23].
[[3,7,1,1,2,2,2,2,1],91,39].
[[2,8,1,1,2,2,1,1,1],46,36].
[[3,8,1,1,1,2,1,1,1],43,30].
[[1,9,2,1,1,2,2,3,0],100,66].
[[2,8,0,1,1,2,2,3,0],42,49].
[[3,8,0,1,1,2,2,3,0],42,109].
[[1,9,2,0,0,0,2,2,1],101,162].
[[2,9,1,0,0,0,1,1,1],8,20].
[[3,9,1,0,0,0,1,1,1],6,18].
[[2,8,1,1,1,2,2,2,1],61,20].
[[3,7,1,1,1,2,2,2,1],38,16].
[[1,9,2,1,1,2,2,2,1],75,46].
[[3,4,2,1,2,0,2,3,1],88,6].
[[1,9,2,0,0,0,2,2,0],104,148].
[[3,7,1,1,2,2,1,2,1],65,22].
[[3,8,0,1,1,2,2,2,0],24,51].
[[3,8,1,1,2,2,2,3,0],43,42].
[[2,4,2,1,2,0,2,3,0],49,1].
[[3,4,2,1,2,0,1,2,1],160,4].
[[1,9,2,1,1,2,1,2,0],39,14].
[[2,9,1,1,1,2,1,2,0],59,48].
[[3,8,0,1,1,2,1,2,0],62,55].
[[2,8,0,1,2,2,2,3,0],81,112].
[[3,8,0,1,2,2,1,2,0],84,78].
[[2,9,1,0,0,0,1,2,1],26,42].
[[3,8,0,1,2,0,1,2,1],12,19].
[[1,9,2,1,2,2,2,3,0],193,268].
[[2,9,2,1,2,2,2,3,0],36,85].
[[3,8,0,1,2,2,2,3,0],56,132].
[[3,8,1,1,1,0,2,1,1],4,12].
[[2,9,2,0,0,0,2,1,1],9,23].
[[3,8,0,0,0,0,2,1,1],12,15].
[[1,9,2,0,0,0,2,1,1],88,143].
[[2,9,1,1,2,0,2,1,1],6,15].
[[3,9,1,1,2,0,1,2,1],16,57].
[[1,8,1,0,0,0,1,2,1],39,23].
[[2,8,1,1,2,0,1,1,1],16,8].
[[3,8,1,1,2,0,1,1,1],30,19].
[[2,8,1,1,2,0,1,2,0],12,7].
[[3,8,1,1,1,0,1,2,0],8,13].
[[2,9,1,1,2,2,2,3,0],56,152].
[[3,9,1,1,2,2,2,3,0],4,82].
[[3,9,1,0,0,0,1,2,1],16,36].
[[2,9,1,1,2,0,1,2,1],7,20].
[[3,9,1,1,1,0,1,2,1],6,19].
[[1,9,2,1,2,0,0,0,0],11,35].
[[2,9,1,1,2,2,2,2,0],26,79].
[[3,8,0,1,2,2,2,2,0],44,105].
[[2,8,0,0,0,0,2,2,1],20,32].
[[3,7,1,0,0,0,2,2,1],30,12].
[[2,8,1,1,2,2,2,1,0],23,14].
[[2,7,1,1,2,2,0,0,0],144,56].
[[3,7,1,1,1,2,0,0,0],27,12].
[[2,8,0,0,0,0,2,3,0],36,60].
[[3,7,0,1,2,2,2,3,0],15,15].
[[2,8,1,1,1,2,0,0,0],44,12].
[[1,9,2,1,2,2,2,1,1],103,113].
[[2,8,0,1,2,2,2,1,1],50,49].
[[3,7,0,1,2,2,2,1,1],6,6].
[[2,8,0,1,2,2,1,2,0],36,35].
[[2,9,1,0,0,0,2,3,0],15,80].
[[2,8,0,1,2,2,2,3,1],65,99].
[[3,7,1,1,2,2,2,3,1],130,60].
[[1,6,1,0,0,0,0,0,0],84,7].
[[2,6,1,0,0,0,2,3,0],9,0].
[[3,6,1,1,2,0,2,2,0],2,0].
[[1,8,0,1,2,2,2,2,0],39,21].
[[1,9,2,1,2,0,2,1,1],7,13].
[[2,8,0,1,2,0,2,1,1],6,7].
[[3,8,0,1,2,0,2,1,1],7,13].
[[2,9,1,1,2,2,1,1,1],21,28].
[[3,9,1,1,2,2,1,1,1],21,63].
[[2,9,1,1,2,2,1,2,1],64,100].
[[3,8,1,1,1,0,1,1,1],7,14].
[[3,9,1,1,2,2,1,2,0],65,162].
[[3,9,1,1,2,2,2,2,0],5,60].
[[2,7,2,1,2,0,2,3,1],23,4].
[[3,7,2,1,2,0,1,2,1],21,4].
[[2,4,2,1,2,0,0,0,0],17,3].
[[1,8,0,1,1,2,2,1,0],4,3].
[[2,4,2,1,2,0,1,2,0],41,1].
[[1,8,0,1,2,2,2,3,1],35,41].
[[2,8,0,1,2,2,1,2,1],26,22].
[[3,8,0,1,1,2,1,2,1],45,63].
[[2,7,1,1,2,2,2,2,0],17,5].
[[1,8,1,0,0,0,2,3,1],186,77].
[[3,7,2,0,0,0,2,2,1],19,1].
[[1,8,0,1,1,2,2,3,0],8,8].
[[3,7,1,1,1,2,2,3,0],25,10].
[[3,8,1,1,1,2,1,2,1],87,56].
[[1,6,1,1,2,2,0,0,0],22,1].
[[2,6,1,1,2,2,2,3,1],18,0].
[[3,3,1,1,2,2,2,3,1],7,2].
[[1,9,2,1,2,0,1,2,1],7,3].
[[2,5,0,1,1,0,1,1,1],1,0].
[[3,5,0,1,1,0,1,1,1],6,3].
[[1,8,1,1,2,2,2,1,0],15,5].
[[2,6,1,1,2,2,2,1,0],3,1].
[[3,6,1,1,2,2,1,1,0],5,2].
[[1,8,1,1,1,2,2,3,0],13,5].
[[2,4,2,1,2,0,2,2,0],36,1].
[[1,8,1,1,2,2,2,3,1],163,52].
[[2,7,1,1,2,2,2,3,1],66,21].
[[1,8,1,0,0,0,1,1,1],13,11].
[[2,8,1,0,0,0,1,1,1],28,23].
[[3,8,1,0,0,0,1,1,1],13,24].
[[2,8,1,1,2,0,2,3,1],50,36].
[[3,8,1,1,1,0,1,2,1],17,23].
[[2,9,1,1,1,2,2,1,1],13,11].
[[3,8,0,1,1,2,2,1,1],21,33].
[[3,8,1,1,2,0,1,2,0],30,18].
[[2,8,0,1,2,0,0,0,0],6,23].
[[3,8,0,1,1,0,0,0,0],0,1].
[[3,6,0,1,2,2,2,2,0],8,4].
[[2,9,2,0,0,0,2,3,0],16,39].
[[2,9,2,0,0,0,1,2,1],28,27].
[[3,8,0,1,2,2,1,2,1],51,89].
[[1,9,2,1,2,2,2,1,0],53,60].
[[2,8,1,1,2,2,2,3,1],216,89].
[[3,8,1,1,1,2,2,1,0],8,10].
[[3,8,1,1,2,2,1,1,1],68,55].
[[1,9,2,1,2,0,1,2,0],6,13].
[[2,8,1,0,0,0,2,3,0],51,28].
[[3,7,1,1,2,2,2,1,0],22,12].
[[1,8,0,1,2,2,2,1,1],24,17].
[[3,8,0,1,2,2,1,1,1],23,36].
[[1,8,1,0,0,0,2,1,1],105,45].
[[3,8,1,1,1,2,2,1,1],39,19].
[[3,8,0,1,2,0,2,3,0],8,28].
[[3,8,0,1,2,2,2,1,1],31,48].
[[1,9,2,0,0,0,2,1,0],54,63].
[[2,5,0,0,0,0,1,2,0],10,0].
[[3,5,0,1,2,0,1,1,0],5,1].
[[2,6,1,1,1,2,0,0,0],5,0].
[[3,6,1,1,1,2,2,2,1],6,0].
[[1,6,1,0,0,0,2,2,1],5,2].
[[2,6,1,1,2,0,2,2,1],4,1].
[[3,6,1,1,2,0,2,1,0],2,0].
[[1,8,1,1,2,2,2,2,0],49,12].
[[3,7,1,1,2,2,2,2,0],37,21].
[[3,9,1,0,0,0,2,3,0],0,19].
[[1,9,2,1,2,0,2,2,0],7,23].
[[2,9,1,1,2,0,2,2,0],10,19].
[[3,9,1,1,2,0,1,2,0],21,53].
[[3,7,2,0,0,0,0,0,0],7,0].
[[2,9,2,1,1,2,1,1,0],5,3].
[[3,4,2,1,2,0,1,1,0],39,0].
[[1,9,2,0,0,0,1,2,0],82,58].
[[2,9,2,1,2,0,1,2,0],4,12].
[[3,9,1,1,1,0,1,2,0],4,25].
[[2,9,1,1,2,0,2,3,1],6,20].
[[3,8,1,1,2,2,2,3,1],123,60].
[[1,8,0,0,0,0,2,2,0],27,13].
[[2,8,0,1,2,0,1,2,0],6,4].
[[3,7,0,1,2,2,1,2,0],6,4].
[[1,9,2,1,2,2,1,1,1],19,28].
[[2,8,0,1,2,2,1,1,1],9,11].
[[3,7,1,1,2,2,1,1,1],28,11].
[[3,7,1,1,2,0,2,3,1],37,14].
[[3,8,1,1,2,0,2,2,1],23,21].
[[1,9,2,1,1,2,2,1,1],45,32].
[[2,4,2,1,2,0,1,1,1],19,0].
[[3,4,2,1,2,0,1,1,1],65,1].
[[3,8,0,1,2,0,2,2,1],10,26].
[[1,7,2,1,2,2,2,3,1],8,0].
[[2,7,2,1,1,2,1,2,1],3,0].
[[3,7,1,1,1,2,1,2,1],35,13].
[[2,9,2,1,1,2,1,1,1],8,5].
[[3,8,0,1,1,2,1,1,1],22,16].
[[2,7,1,0,0,0,0,0,0],79,27].
[[3,7,1,0,0,0,2,2,0],10,6].
[[2,9,1,0,0,0,1,2,0],40,58].
[[2,8,1,0,0,0,2,1,1],64,38].
[[3,6,1,1,2,0,2,3,0],3,0].
[[2,9,2,1,2,2,2,1,1],11,36].
[[3,6,1,1,2,2,2,3,1],30,1].
[[2,9,1,1,1,2,0,0,0],1,3].
[[3,9,1,1,1,2,2,3,0],6,55].
[[3,7,1,1,2,2,2,1,1],82,27].
[[2,6,1,0,0,0,2,1,1],7,0].
[[3,6,1,1,2,0,2,1,1],6,3].
[[3,8,1,0,0,0,2,1,1],21,15].
[[1,8,0,1,2,2,2,2,1],35,33].
[[2,7,1,1,1,2,1,2,1],1,3].
[[1,8,1,1,1,2,2,3,1],32,9].
[[2,9,1,1,2,0,1,2,0],12,30].
[[3,8,0,1,2,0,1,2,0],22,17].
[[1,9,2,1,2,2,2,3,1],187,245].
[[2,9,2,1,2,2,2,3,1],24,56].
[[3,9,1,1,2,2,2,1,1],8,34].
[[3,7,0,1,2,0,2,1,1],2,2].
[[3,7,2,1,2,2,2,2,1],38,7].
[[3,8,0,1,2,2,2,3,1],45,93].
[[1,8,1,1,2,0,2,2,0],11,1].
[[3,8,1,1,2,0,2,3,0],12,14].
[[3,4,2,1,2,0,2,2,1],67,2].
[[2,9,1,1,2,2,2,3,1],46,105].
[[3,9,1,1,2,2,1,2,1],59,137].
[[1,7,2,0,0,0,2,3,0],2,0].
[[2,3,2,0,0,0,2,3,0],2,0].
[[3,3,2,1,2,0,2,3,1],7,0].
[[2,8,1,1,1,0,2,2,1],2,2].
[[3,7,1,1,1,0,2,2,1],4,5].
[[2,7,0,1,2,2,1,2,0],1,0].
[[2,8,1,1,2,2,2,2,0],62,33].
[[2,9,1,1,2,2,2,1,1],20,56].
[[2,8,1,1,1,0,0,0,0],1,4].
[[3,8,1,1,1,0,2,2,1],8,10].
[[3,8,0,1,2,2,0,0,0],0,24].
[[2,7,1,1,2,2,2,1,1],30,7].
[[3,7,1,1,1,2,2,1,1],21,12].
[[2,8,1,0,0,0,1,2,1],51,31].
[[3,6,1,1,2,0,1,2,1],7,1].
[[2,8,1,1,1,2,2,1,1],31,15].
[[3,8,1,1,2,0,0,0,0],2,1].
[[2,8,0,1,2,0,2,3,1],8,15].
[[1,9,2,0,0,0,1,1,1],23,31].
[[2,9,2,0,0,0,1,1,1],8,16].
[[3,9,1,1,2,0,1,1,1],4,18].
[[2,7,2,1,2,2,0,0,0],54,7].
[[3,7,2,1,2,2,2,1,0],3,1].
[[2,9,2,0,0,0,2,3,1],13,28].
[[3,8,0,0,0,0,2,3,1],12,27].
[[2,8,1,1,1,2,2,2,0],26,5].
[[3,5,0,1,1,2,1,2,0],17,0].
[[2,9,2,1,2,2,1,1,1],15,20].
[[1,3,2,0,0,0,0,0,0],10,0].
[[2,3,2,0,0,0,2,3,1],2,0].
[[3,3,2,1,2,0,1,2,1],4,0].
[[1,8,0,0,0,0,2,3,1],29,18].
[[2,7,1,0,0,0,2,3,1],29,7].
[[3,7,1,0,0,0,1,2,1],10,8].
[[2,7,2,0,0,0,2,2,1],25,4].
[[3,8,1,1,2,0,1,2,1],51,40].
[[1,8,0,0,0,0,2,2,1],12,16].
[[2,8,0,1,2,0,2,2,1],5,15].
[[3,7,2,0,0,0,2,3,1],14,2].
[[1,9,2,1,2,0,2,3,0],14,40].
[[3,9,1,1,1,0,2,3,0],1,8].
[[3,8,1,1,1,0,2,3,1],5,18].
[[3,8,1,1,1,2,2,3,1],68,35].
[[3,8,0,1,2,0,1,1,1],5,9].
[[1,8,0,1,1,2,2,3,1],12,3].
[[2,8,0,1,1,2,2,3,1],51,34].
[[2,3,2,0,0,0,0,0,0],17,1].
[[3,3,2,1,2,2,2,2,1],9,0].
[[1,8,1,0,0,0,2,1,0],23,7].
[[2,8,1,0,0,0,1,1,0],15,8].
[[3,7,2,1,1,2,2,1,1],8,2].
[[1,7,1,0,0,0,0,0,0],71,25].
[[2,3,1,0,0,0,0,0,0],6,0].
[[3,3,1,1,2,2,2,1,1],10,1].
[[1,9,2,1,2,2,1,1,0],18,41].
[[2,8,1,1,2,2,1,1,0],10,11].
[[3,8,1,1,2,2,1,1,0],20,27].
[[2,7,0,1,2,2,0,0,0],11,14].
[[2,8,0,1,2,2,1,1,0],7,13].
[[1,8,1,1,2,0,2,1,1],13,9].
[[2,8,1,1,1,0,1,2,1],4,7].
[[3,7,1,1,1,0,1,2,1],4,2].
[[1,9,2,1,1,2,2,3,1],97,52].
[[2,9,2,1,1,2,2,3,1],23,34].
[[3,8,0,1,1,2,2,3,1],43,58].
[[3,9,1,1,2,2,2,2,1],9,55].
[[3,7,1,1,2,0,2,1,1],17,7].
[[2,9,2,1,2,2,1,1,0],6,14].
[[3,9,1,1,2,2,1,1,0],7,78].
[[3,7,2,1,2,2,2,1,1],21,6].
[[2,8,1,1,1,2,1,2,1],43,21].
[[1,9,2,1,2,0,1,1,0],3,9].
[[1,9,2,0,0,0,1,2,1],52,47].
[[2,9,2,1,2,2,1,2,1],34,46].
[[3,9,1,1,1,2,1,2,1],25,112].
[[2,9,2,1,1,2,2,1,1],15,13].
[[3,9,1,1,1,2,2,1,1],7,19].
[[3,8,0,0,0,0,1,2,1],9,21].
[[2,6,1,1,2,2,1,2,1],7,0].
[[3,6,1,1,2,2,1,2,1],19,4].
[[2,9,2,1,2,0,1,2,1],7,5].
[[3,7,2,0,0,0,2,3,0],7,0].
[[2,7,2,1,2,2,1,1,1],5,3].
[[3,7,2,1,2,2,1,1,1],19,4].
[[1,8,0,0,0,0,2,1,0],13,10].
[[2,8,0,1,2,0,1,1,0],0,6].
[[3,8,0,1,2,0,1,1,0],8,9].
[[3,8,0,1,1,2,2,2,1],21,65].
[[1,7,2,0,0,0,2,2,1],10,4].
[[2,7,2,1,2,0,1,1,1],2,0].
[[3,7,2,1,2,0,1,1,1],11,3].
[[2,8,0,0,0,0,2,1,0],20,16].
[[3,8,0,1,2,0,2,1,0],6,14].
[[3,7,2,1,2,0,2,2,1],21,0].
[[1,7,1,1,2,2,0,0,0],63,20].
[[2,8,1,1,2,2,0,0,0],67,46].
[[3,6,1,1,2,2,2,2,0],11,0].
[[2,8,0,0,0,0,1,1,0],8,7].
[[3,8,0,0,0,0,1,1,0],9,12].
[[2,9,2,1,2,2,2,2,1],11,50].
[[2,9,1,1,1,2,2,3,0],42,52].
[[2,8,1,1,1,0,1,2,0],1,2].
[[3,8,1,1,1,0,1,1,0],3,4].
[[2,7,1,1,2,2,2,3,0],24,5].
[[3,3,1,1,2,2,2,3,0],6,1].
[[3,7,1,1,2,2,1,2,0],37,3].
[[2,8,0,0,0,0,1,1,1],2,6].
[[3,7,0,1,2,0,1,1,1],1,0].
[[3,3,1,1,2,2,0,0,0],33,2].
[[2,8,0,1,2,0,2,1,0],4,4].
[[3,8,0,1,2,2,2,1,0],14,33].
[[2,5,0,1,2,2,1,1,0],5,2].
[[3,5,0,1,2,2,1,1,0],18,6].
[[2,8,1,1,2,0,2,1,1],30,25].
[[1,4,2,1,2,0,1,1,0],6,0].
[[2,4,2,1,2,0,1,1,0],11,0].
[[3,8,1,0,0,0,1,1,0],8,7].
[[3,7,2,1,2,0,2,3,1],25,3].
[[3,7,0,1,1,2,2,1,0],3,1].
[[3,7,2,1,2,0,2,2,0],4,0].
[[2,8,1,1,2,2,1,2,1],106,46].
[[2,9,1,1,1,2,2,2,1],21,31].
[[2,7,1,0,0,0,2,2,1],27,10].
[[1,4,2,1,2,0,2,3,0],11,0].
[[2,8,0,1,1,2,2,2,0],29,22].
[[2,7,1,1,2,2,2,2,1],40,17].
[[2,9,1,1,1,2,2,3,1],33,33].
[[1,6,0,1,2,2,0,0,0],13,5].
[[2,6,0,1,2,2,0,0,0],10,9].
[[3,6,0,1,1,2,2,2,0],5,2].
[[2,7,1,0,0,0,2,2,0],7,2].
[[2,8,0,0,0,0,2,2,0],29,27].
[[3,8,0,0,0,0,1,2,0],15,14].
[[2,7,1,0,0,0,2,1,1],13,7].
[[3,7,1,0,0,0,2,1,1],9,10].
[[3,7,0,1,2,2,2,2,1],7,6].
[[2,8,1,1,1,2,2,3,0],32,13].
[[3,7,2,1,1,2,1,2,1],15,1].
[[3,9,1,1,1,2,2,2,0],5,45].
[[1,7,2,1,2,2,0,0,0],51,1].
[[3,7,2,1,2,2,2,3,1],59,4].
[[2,9,2,1,1,2,1,2,0],12,9].
[[2,8,1,1,1,0,2,1,1],1,2].
[[1,4,2,1,2,0,2,2,0],9,0].
[[2,4,2,1,2,0,2,2,1],39,2].
[[2,8,0,1,1,2,2,1,0],11,7].
[[3,8,0,1,1,2,2,1,0],10,21].
[[1,9,2,1,2,0,2,3,1],9,35].
[[3,9,1,1,2,0,2,3,1],3,13].
[[2,6,1,0,0,0,0,0,0],37,4].
[[3,3,1,1,2,0,0,0,0],6,1].
[[2,6,1,1,2,2,2,2,1],16,1].
[[3,6,1,1,2,2,2,1,0],6,0].
[[2,7,2,1,2,2,1,2,1],13,0].
[[3,7,2,1,2,2,1,2,1],33,1].
[[3,9,1,0,0,0,2,2,0],0,17].
[[2,8,1,0,0,0,0,0,0],65,29].
[[3,8,1,0,0,0,2,3,0],14,11].
[[2,9,2,0,0,0,0,0,0],2,14].
[[2,9,1,1,1,2,1,2,1],37,36].
[[3,6,1,1,2,0,2,3,1],19,2].
[[3,7,1,1,2,0,2,2,0],9,2].
[[2,9,2,0,0,0,2,1,0],3,8].
[[3,9,1,1,2,0,1,1,0],3,15].
[[2,4,2,1,2,0,2,1,1],31,0].
[[3,4,2,1,2,0,2,1,1],50,1].
[[3,9,1,1,1,2,1,1,1],12,45].
[[3,8,0,0,0,0,2,3,0],12,37].
[[3,8,0,1,1,0,2,2,0],0,5].
[[2,7,2,1,2,0,2,1,0],1,1].
[[3,7,2,1,1,0,2,1,0],0,2].
[[3,7,2,1,2,0,2,1,0],2,0].
[[3,7,1,1,1,2,2,3,1],53,30].
[[1,8,1,0,0,0,1,1,0],5,3].
[[2,9,2,0,0,0,2,2,0],6,27].
[[2,7,1,1,1,2,2,1,0],3,1].
[[3,7,1,1,1,2,2,1,0],3,1].
[[2,7,2,1,2,0,2,2,1],9,3].
[[3,7,2,1,1,0,1,2,1],8,8].
[[1,7,1,1,2,2,2,1,1],7,0].
[[2,7,1,1,1,2,2,3,1],20,3].
[[2,9,2,1,1,2,2,3,0],19,37].
[[3,8,1,1,2,2,2,2,1],84,50].
[[1,8,0,1,1,2,0,0,0],53,32].
[[2,7,2,1,2,2,2,1,1],12,3].
[[1,6,1,1,2,2,1,1,1],2,0].
[[2,6,1,1,2,2,1,1,1],5,1].
[[3,3,1,1,2,2,1,1,1],3,0].
[[2,9,1,1,1,2,1,1,1],10,12].
[[2,9,1,1,2,0,1,1,1],4,8].
[[3,8,1,1,2,2,2,2,0],30,27].
[[2,7,1,0,0,0,1,1,1],2,2].
[[3,7,1,0,0,0,1,1,1],9,3].
[[2,8,1,1,2,0,1,2,1],28,15].
[[2,7,2,1,2,2,2,3,1],41,1].
[[2,9,1,1,2,0,2,3,0],10,31].
[[3,5,0,1,1,2,1,1,1],18,2].
[[2,4,2,1,2,0,2,1,0],7,1].
[[3,4,2,1,2,0,2,1,0],21,2].
[[1,4,2,1,2,0,2,2,1],13,1].
[[2,4,2,1,2,0,1,2,1],36,2].
[[3,9,1,1,2,0,2,1,0],1,10].
[[1,8,0,0,0,0,2,3,0],32,34].
[[3,3,2,0,0,0,0,0,0],11,1].
[[1,9,2,1,2,2,1,2,1],67,70].
[[3,6,0,1,2,2,1,2,1],2,1].
[[1,8,0,1,2,2,2,3,0],57,27].
[[3,7,1,1,2,0,2,2,1],21,13].
[[3,7,0,1,1,2,2,3,1],3,7].
[[3,8,1,1,2,0,2,1,1],29,13].
[[2,6,1,0,0,0,2,2,1],13,0].
[[3,6,1,1,2,2,2,3,0],15,1].
[[3,7,1,1,1,0,2,3,1],9,11].
[[1,9,2,1,1,2,2,2,0],60,35].
[[2,9,1,1,2,2,2,1,0],12,40].
[[3,5,0,0,0,0,1,1,1],6,1].
[[1,8,1,1,2,2,1,2,0],8,6].
[[3,8,1,1,1,2,1,2,0],36,16].
[[1,8,1,1,2,2,1,1,1],12,13].
[[2,8,1,1,1,2,1,1,1],15,12].
[[3,7,2,1,2,0,0,0,0],16,2].
[[2,9,2,0,0,0,1,2,0],12,10].
[[3,7,1,1,1,0,0,0,0],1,7].
[[3,7,1,1,2,0,2,3,0],15,16].
[[3,6,1,0,0,0,2,3,0],5,0].
[[2,9,2,0,0,0,2,2,1],6,22].
[[3,8,1,1,2,2,2,1,0],11,18].
[[3,8,0,0,0,0,2,2,1],4,15].
[[2,5,0,1,1,2,1,2,0],5,0].
[[2,6,1,0,0,0,2,2,0],6,0].
[[3,6,0,1,2,2,2,1,0],3,3].
[[2,9,1,1,2,2,0,0,0],1,21].
[[3,7,0,1,2,0,2,3,1],4,3].
[[3,8,1,1,1,2,2,3,0],20,20].
[[3,8,1,0,0,0,1,2,1],47,28].
[[2,6,0,1,2,2,2,1,1],3,2].
[[3,6,0,1,2,2,2,1,1],3,3].
[[3,7,0,1,2,2,2,3,1],11,9].
[[2,8,1,1,1,0,2,2,0],4,2].
[[3,4,0,1,2,0,2,3,0],0,1].
[[2,9,2,1,2,2,2,2,0],24,54].
[[3,8,0,0,0,0,2,2,0],8,24].
[[3,9,1,1,1,2,1,1,0],15,42].
[[1,9,2,1,1,2,1,2,1],25,10].
[[1,4,2,1,2,0,2,3,1],18,0].
[[2,8,0,0,0,0,1,2,1],16,12].
[[3,7,1,1,2,0,1,1,1],10,5].
[[2,6,0,1,1,2,0,0,0],8,4].
[[3,4,2,1,2,0,2,3,0],78,6].
[[2,5,0,0,0,0,1,1,0],6,0].
[[3,5,0,1,2,0,1,2,0],11,0].
[[2,9,1,0,0,0,2,1,0],9,18].
[[3,8,0,0,0,0,2,1,0],6,15].
[[3,6,1,1,2,0,1,2,0],3,0].
[[2,9,2,1,2,0,2,3,1],8,19].
[[2,9,2,1,1,2,2,2,0],18,25].
[[1,8,0,1,1,2,2,1,1],7,5].
[[2,9,1,1,1,2,2,2,0],25,29].
[[3,9,1,1,2,0,2,3,0],4,24].
[[2,4,2,1,2,0,2,3,1],55,5].
[[3,8,1,1,2,0,2,1,0],3,3].
[[2,8,0,1,1,2,2,2,1],42,35].
[[3,6,0,1,1,2,2,2,1],4,5].
[[3,8,0,0,0,0,1,1,1],3,15].
[[1,7,1,0,0,0,2,3,0],4,0].
[[3,3,2,0,0,0,2,3,1],2,0].
[[2,9,1,0,0,0,1,1,0],9,12].
[[3,7,1,0,0,0,2,3,0],11,7].
[[2,8,0,1,2,2,2,1,0],27,22].
[[2,8,0,0,0,0,2,1,1],26,30].
[[3,9,1,1,2,0,2,2,1],7,16].
[[3,7,0,1,1,2,2,2,0],7,7].
[[1,7,1,1,2,2,2,3,1],8,2].
[[1,8,0,1,1,2,2,2,1],12,6].
[[3,7,0,1,1,2,2,2,1],3,7].
[[1,7,2,1,2,2,2,1,1],5,0].
[[2,9,2,1,2,0,2,2,1],4,13].
[[3,7,2,1,1,2,0,0,0],12,0].
[[2,7,2,0,0,0,2,3,1],29,3].
[[1,6,0,0,0,0,2,3,0],1,0].
[[2,6,0,1,2,2,2,3,0],5,0].
[[3,3,1,1,2,2,2,2,1],12,1].
[[1,7,2,0,0,0,2,3,1],19,1].
[[3,9,1,1,2,2,2,3,1],18,35].
[[3,6,0,1,2,2,2,3,0],8,8].
[[2,9,1,0,0,0,2,1,1],10,24].
[[3,9,1,0,0,0,2,1,1],1,11].
[[1,7,2,0,0,0,1,2,1],4,3].
[[2,7,2,0,0,0,1,2,1],8,4].
[[3,7,2,0,0,0,1,2,1],13,2].
[[3,6,0,1,1,2,2,1,0],1,0].
[[3,6,0,1,1,2,2,3,0],5,3].
[[2,9,1,1,2,2,1,1,0],13,53].
[[1,9,2,1,1,2,2,1,0],17,9].
[[3,9,1,0,0,0,2,2,1],2,13].
[[3,6,1,1,2,2,1,2,0],7,1].
[[1,4,2,1,2,0,0,0,0],15,1].
[[3,9,1,1,2,0,2,2,0],3,14].
[[3,7,0,1,2,0,0,0,0],2,8].
[[2,7,1,1,2,2,1,2,1],11,2].
[[1,8,0,0,0,0,2,1,1],10,13].
[[2,7,0,0,0,0,2,1,1],1,0].
[[3,7,0,0,0,0,2,1,1],3,0].
[[1,9,2,1,2,0,2,2,1],11,27].
[[3,7,1,0,0,0,1,1,0],2,1].
[[2,9,1,1,2,0,1,1,0],3,10].
[[3,9,1,1,1,0,1,1,0],1,6].
[[2,5,0,1,2,2,1,1,1],14,0].
[[3,5,0,1,2,2,1,1,1],32,3].
[[2,9,2,1,1,2,2,1,0],4,1].
[[2,9,2,1,1,0,2,2,0],0,2].
[[3,9,1,1,1,0,2,2,0],3,6].
[[2,9,2,1,1,0,1,2,0],1,2].
[[2,9,2,1,1,2,0,0,0],8,9].
[[2,7,2,1,2,2,2,2,1],22,1].
[[2,9,2,1,1,2,2,2,1],11,19].
[[2,7,0,0,0,0,0,0,0],6,5].
[[3,7,0,0,0,0,2,3,1],4,4].
[[3,6,1,0,0,0,2,3,1],20,1].
[[1,8,1,1,2,0,2,3,1],22,17].
[[1,8,1,1,1,2,1,2,1],9,5].
[[1,8,1,1,1,2,2,2,1],22,4].
[[2,8,0,1,2,0,2,3,0],10,11].
[[2,9,2,0,0,0,1,1,0],6,5].
[[3,6,0,1,1,2,2,3,1],4,2].
[[2,8,0,1,1,2,2,1,1],21,24].
[[3,7,0,1,1,2,2,1,1],5,3].
[[3,7,0,0,0,0,2,3,0],3,4].
[[2,9,1,1,1,2,2,1,0],16,14].
[[3,7,2,1,1,2,2,2,1],18,1].
[[2,7,1,0,0,0,2,3,0],12,7].
[[3,7,1,1,2,2,2,3,0],53,20].
[[3,6,1,1,2,0,0,0,0],4,0].
[[3,9,1,1,1,2,2,3,1],6,24].
[[3,7,1,1,2,0,0,0,0],15,7].
[[1,9,2,1,1,2,1,1,0],11,10].
[[2,9,1,1,1,2,1,1,0],16,19].
[[3,7,0,1,1,2,1,2,0],1,0].
[[3,6,0,1,2,2,0,0,0],6,13].
[[3,7,1,0,0,0,2,1,0],3,3].
[[2,7,2,1,1,2,2,1,1],2,0].
[[3,7,1,1,1,2,2,2,0],12,6].
[[3,7,0,0,0,0,2,2,0],1,3].
[[3,8,0,1,2,0,2,2,0],5,17].
[[2,6,1,1,2,2,0,0,0],44,1].
[[3,6,1,1,2,2,2,1,1],11,0].
[[3,7,1,1,2,0,2,1,0],10,2].
[[3,8,0,1,1,0,1,2,1],4,7].
[[3,6,1,1,1,0,2,1,0],1,1].
[[3,6,0,1,1,2,1,2,1],1,0].
[[2,8,1,0,0,0,2,1,0],19,8].
[[3,6,1,0,0,0,2,1,0],1,0].
[[3,7,0,1,2,2,2,2,0],17,12].
[[2,6,0,1,2,2,2,2,0],2,2].
[[3,6,0,1,2,2,1,2,0],1,2].
[[1,7,2,1,2,0,0,0,0],20,6].
[[3,6,1,1,1,2,2,2,0],2,0].
[[2,9,2,1,2,0,2,2,0],4,18].
[[1,6,1,0,0,0,2,3,1],10,1].
[[2,6,1,0,0,0,1,2,1],6,3].
[[3,6,1,0,0,0,1,1,1],3,2].
[[2,9,2,1,1,2,1,2,1],20,20].
[[3,4,0,1,2,0,1,1,0],0,1].
[[2,7,1,1,2,0,0,0,0],13,10].
[[1,7,1,1,2,2,2,3,0],6,1].
[[2,7,1,1,2,2,1,2,0],4,1].
[[1,7,2,1,2,2,2,2,1],5,0].
[[3,9,1,1,1,2,2,2,1],6,20].
[[2,8,0,1,2,0,1,2,1],5,4].
[[2,7,2,1,2,0,2,3,0],3,1].
[[3,7,2,1,1,0,2,1,1],1,2].
[[2,9,2,1,2,0,0,0,0],0,6].
[[2,6,1,0,0,0,2,3,1],18,2].
[[1,7,1,0,0,0,1,2,1],0,1].
[[2,3,1,1,2,2,1,2,1],0,1].
[[3,2,0,1,2,2,1,2,1],0,1].
[[3,5,0,1,2,0,1,1,1],15,1].
[[3,9,1,1,1,0,2,1,0],1,2].
[[3,6,1,0,0,0,2,1,1],4,0].
[[1,8,1,1,1,2,2,1,1],17,0].
[[2,7,1,1,1,2,2,1,1],10,1].
[[1,8,0,1,2,2,1,1,0],2,1].
[[2,7,1,1,2,2,1,1,0],2,1].
[[3,7,1,1,2,2,1,1,0],7,2].
[[3,3,2,1,2,2,0,0,0],24,0].
[[3,7,2,1,2,2,2,2,0],7,0].
[[3,7,0,0,0,0,2,2,1],1,2].
[[2,7,1,1,2,0,1,2,0],0,2].
[[3,7,1,1,2,0,1,1,0],1,3].
[[3,4,0,1,2,0,2,3,1],0,1].
[[2,9,1,1,2,0,2,2,1],5,18].
[[1,9,2,1,2,0,1,1,1],4,5].
[[2,9,2,1,2,0,1,1,1],2,5].
[[2,7,0,1,1,2,0,0,0],7,2].
[[3,7,0,1,1,2,2,3,0],11,12].
[[3,5,0,1,2,2,1,2,0],33,1].
[[3,9,1,1,1,0,2,2,1],2,3].
[[1,8,1,1,2,0,2,2,1],13,6].
[[2,9,1,0,0,0,0,0,0],0,6].
[[3,8,0,1,2,0,0,0,0],1,5].
[[2,7,2,1,2,0,2,1,1],9,2].
[[1,7,1,0,0,0,2,2,0],4,2].
[[3,3,1,0,0,0,2,3,1],6,0].
[[2,6,0,1,1,2,2,1,1],0,1].
[[3,6,0,1,1,2,2,1,1],1,2].
[[1,7,1,1,2,2,1,2,1],2,1].
[[2,7,1,1,1,2,1,1,1],3,1].
[[3,7,1,1,1,2,1,1,0],4,3].
[[3,3,1,0,0,0,0,0,0],11,3].
[[1,7,2,0,0,0,1,1,1],2,2].
[[2,7,2,0,0,0,1,1,1],4,5].
[[1,7,1,1,2,2,2,2,1],6,0].
[[2,3,1,1,2,2,2,2,1],1,0].
[[3,3,1,1,2,2,1,2,1],4,0].
[[2,7,1,0,0,0,1,2,1],3,3].
[[2,6,1,1,2,0,2,1,1],5,0].
[[3,3,1,1,2,0,2,1,1],3,0].
[[2,7,1,1,2,2,1,1,1],7,1].
[[2,7,0,0,0,0,2,2,0],2,0].
[[3,7,0,1,2,0,1,1,0],1,1].
[[3,6,1,0,0,0,2,2,1],11,0].
[[1,6,1,1,2,2,2,3,0],1,0].
[[3,3,2,1,2,2,1,1,1],2,0].
[[2,7,2,0,0,0,2,1,1],13,2].
[[3,3,2,0,0,0,2,1,1],3,0].
[[2,7,2,1,2,0,0,0,0],21,1].
[[3,7,2,1,2,0,2,3,0],7,0].
[[2,8,1,1,2,0,1,1,0],3,2].
[[2,9,2,1,2,0,2,1,1],7,11].
[[3,9,1,1,2,0,2,1,1],3,10].
[[2,9,1,1,1,0,1,2,1],0,2].
[[3,8,0,1,1,0,1,2,0],2,5].
[[3,7,1,1,1,0,1,2,0],1,2].
[[1,6,0,1,2,2,2,3,0],0,2].
[[2,7,2,1,1,2,2,3,1],7,1].
[[2,8,1,1,1,0,2,3,1],7,12].
[[3,7,2,1,1,0,2,3,1],8,4].
[[3,8,0,1,1,0,2,2,1],0,3].
[[1,7,1,1,2,2,2,2,0],3,0].
[[3,3,1,1,2,2,1,2,0],2,0].
[[1,9,2,0,0,0,1,1,0],18,32].
[[2,9,1,1,1,0,2,3,0],0,4].
[[3,8,0,1,1,0,2,3,0],1,7].
[[3,7,1,0,0,0,1,2,0],6,1].
[[2,6,0,1,2,2,2,3,1],0,3].
[[3,2,0,1,2,2,2,3,1],0,1].
[[3,6,1,0,0,0,2,2,0],1,0].
[[2,9,2,1,1,0,2,3,1],0,1].
[[3,7,2,1,2,2,2,3,0],10,0].
[[3,7,2,1,2,2,0,0,0],22,4].
[[3,8,0,1,1,0,1,1,0],2,2].
[[3,7,2,0,0,0,1,1,1],5,6].
[[2,7,1,1,2,0,2,2,0],1,0].
[[1,8,1,1,1,2,1,1,1],7,1].
[[2,8,0,1,1,2,1,1,1],3,4].
[[1,8,0,1,2,2,2,1,0],10,9].
[[3,4,2,1,2,0,0,0,0],11,4].
[[2,9,1,1,1,0,2,2,1],0,1].
[[1,4,2,1,2,0,1,2,1],6,0].
[[2,8,1,1,1,2,1,1,0],8,4].
[[3,3,1,1,1,2,0,0,0],6,0].
[[2,6,1,1,2,2,2,2,0],5,1].
[[2,6,1,1,1,2,2,3,0],1,0].
[[3,3,1,1,1,2,2,3,0],2,0].
[[2,9,1,0,0,0,2,2,1],17,36].
[[2,7,1,1,1,2,1,2,0],2,0].
[[2,9,2,1,2,0,2,3,0],6,15].
[[1,6,0,0,0,0,0,0,0],6,3].
[[2,6,0,1,2,2,2,2,1],5,4].
[[3,6,0,1,2,2,2,2,1],6,8].
[[2,7,1,1,1,2,0,0,0],29,8].
[[3,5,0,1,1,0,1,2,0],0,2].
[[3,6,0,1,1,2,0,0,0],5,4].
[[2,3,2,0,0,0,2,2,1],2,0].
[[3,3,2,0,0,0,2,2,1],2,0].
[[3,6,1,1,1,2,1,1,1],2,1].
[[2,5,0,1,1,2,1,1,1],1,1].
[[2,7,0,1,2,2,2,3,1],5,2].
[[2,6,1,1,1,2,1,1,1],1,0].
[[2,7,1,1,2,2,2,1,0],2,2].
[[3,5,0,0,0,0,1,1,0],5,0].
[[1,6,1,0,0,0,2,2,0],3,0].
[[2,6,1,1,2,0,2,2,0],1,0].
[[3,6,1,1,1,2,2,3,0],7,1].
[[3,7,1,1,1,0,1,1,1],0,2].
[[2,7,1,1,1,2,2,2,0],5,0].
[[2,7,0,0,0,0,2,3,1],1,1].
[[3,7,1,1,1,2,1,1,1],14,3].
[[1,8,0,1,1,2,2,2,0],5,3].
[[2,7,1,1,2,0,2,3,1],5,8].
[[3,7,0,1,2,0,2,3,0],3,2].
[[2,9,2,1,2,2,2,1,0],10,19].
[[3,8,0,1,1,2,0,0,0],0,20].
[[1,7,2,1,2,0,2,3,1],5,0].
[[3,7,1,0,0,0,0,0,0],18,4].
[[2,8,1,1,1,2,2,1,0],6,3].
[[1,8,1,1,2,0,1,2,1],3,4].
[[3,8,0,1,1,0,2,3,1],1,4].
[[2,5,0,1,2,0,1,2,0],1,0].
[[1,6,1,1,2,2,2,3,1],3,0].
[[3,3,1,1,1,2,1,2,1],2,1].
[[3,6,1,1,1,2,2,3,1],10,2].
[[2,7,2,0,0,0,2,3,0],6,0].
[[3,7,2,1,2,0,1,2,0],4,0].
[[2,6,0,0,0,0,2,1,0],0,2].
[[3,6,0,1,2,0,2,1,0],0,1].
[[1,4,2,1,2,0,1,2,0],9,1].
[[1,9,2,1,1,2,1,1,1],7,6].
[[3,7,2,1,1,2,1,1,1],5,1].
[[2,8,0,1,2,0,2,2,0],7,8].
[[3,7,1,1,2,0,1,2,1],20,1].
[[2,9,2,1,2,0,2,1,0],2,3].
[[3,6,1,1,2,0,2,2,1],9,2].
[[2,7,2,1,2,2,2,3,0],6,0].
[[3,7,2,1,1,0,2,2,1],3,3].
[[3,9,1,0,0,0,2,3,1],3,6].
[[2,3,2,1,2,2,0,0,0],7,0].
[[3,3,2,1,2,2,2,1,1],1,0].
[[2,7,2,1,2,0,1,2,1],5,0].
[[3,7,0,1,2,2,2,1,0],5,3].
[[2,8,0,1,1,2,1,2,1],17,7].
[[3,6,0,1,2,2,2,3,1],6,7].
[[3,8,1,0,0,0,2,1,0],4,2].
[[3,7,0,1,1,2,0,0,0],9,11].
[[3,3,2,1,2,0,0,0,0],13,0].
[[2,3,1,1,2,2,0,0,0],7,0].
[[3,3,1,1,1,2,2,3,1],7,0].
[[1,7,1,0,0,0,2,2,1],1,1].
[[3,7,0,1,1,2,1,2,1],7,3].
[[3,6,0,0,0,0,1,2,1],3,1].
[[2,6,0,0,0,0,0,0,0],6,4].
[[2,3,2,1,2,0,0,0,0],6,0].
[[3,3,2,0,0,0,1,2,1],1,0].
[[1,8,1,1,2,0,1,1,1],2,2].
[[2,7,1,1,2,0,1,1,1],2,1].
[[3,7,1,1,2,0,1,2,0],7,4].
[[3,5,0,1,1,2,1,1,0],8,2].
[[3,7,2,0,0,0,1,2,0],2,0].
[[2,7,0,1,1,2,2,1,1],2,1].
[[2,6,1,0,0,0,2,1,0],2,0].
[[1,7,2,0,0,0,2,1,1],9,3].
[[3,6,1,0,0,0,1,2,1],8,0].
[[3,6,1,1,2,2,0,0,0],11,0].
[[3,7,0,0,0,0,1,2,1],2,4].
[[2,7,0,1,1,2,2,2,1],2,0].
[[3,8,0,1,1,0,1,1,1],0,6].
[[3,3,1,1,2,2,2,2,0],4,0].
[[3,3,1,0,0,0,2,2,1],3,0].
[[3,7,2,1,1,2,2,3,1],14,0].
[[3,8,1,1,1,2,2,2,0],18,12].
[[2,7,0,1,2,2,2,3,0],4,0].
[[1,6,1,1,2,2,2,1,0],3,0].
[[2,6,1,1,2,2,1,2,0],1,0].
[[3,8,0,0,0,0,0,0,0],0,4].
[[2,7,1,0,0,0,1,2,0],2,1].
[[3,7,2,1,1,0,2,3,0],1,0].
[[2,5,0,1,2,2,1,2,0],7,0].
[[3,3,2,1,1,2,0,0,0],1,0].
[[2,6,1,0,0,0,1,2,0],2,0].
[[3,3,1,1,2,0,1,2,0],1,0].
[[3,8,1,1,1,0,2,3,0],4,12].
[[3,6,0,1,2,0,2,2,0],1,0].
[[2,3,2,1,2,0,2,3,1],1,0].
[[3,3,2,1,2,2,2,3,1],5,0].
[[3,3,1,1,2,2,2,1,0],1,0].
[[2,9,2,1,1,0,1,1,1],0,2].
[[2,2,1,0,0,0,0,0,0],7,0].
[[3,2,1,1,2,0,0,0,0],1,0].
[[3,2,1,1,2,2,0,0,0],2,0].
[[1,6,1,0,0,0,2,3,0],5,0].
[[3,6,0,0,0,0,2,3,1],1,2].
[[3,7,2,1,1,2,2,2,0],3,0].
[[1,7,1,0,0,0,2,3,1],2,4].
[[2,7,1,0,0,0,2,1,0],4,2].
[[3,7,0,0,0,0,2,1,0],2,2].
[[2,6,0,0,0,0,2,2,0],2,0].
[[3,6,0,0,0,0,1,2,0],2,1].
[[2,9,1,1,1,0,1,2,0],0,3].
[[3,7,1,1,1,0,2,2,0],2,2].
[[2,9,1,1,1,0,2,2,0],0,4].
[[3,7,2,0,0,0,2,2,0],4,0].
[[2,6,1,1,2,0,2,3,0],2,0].
[[3,3,1,1,2,0,2,3,0],2,0].
[[3,9,1,0,0,0,0,0,0],0,1].
[[3,8,1,1,1,2,0,0,0],1,3].
[[3,9,1,1,1,2,0,0,0],0,1].
[[3,6,1,1,2,2,1,1,1],9,1].
[[3,7,2,1,1,2,1,2,0],5,0].
[[3,3,1,1,2,0,2,2,1],3,0].
[[2,7,2,0,0,0,1,2,0],1,1].
[[2,6,1,1,2,2,2,3,0],9,0].
[[3,2,1,0,0,0,0,0,0],3,0].
[[3,6,1,1,1,2,1,2,1],9,0].
[[1,6,0,1,2,2,2,2,0],1,0].
[[3,3,1,1,1,2,2,1,1],1,1].
[[3,9,1,1,1,2,2,1,0],3,8].
[[2,7,2,1,1,2,2,3,0],1,0].
[[2,6,0,1,1,2,1,2,0],0,1].
[[3,5,0,0,0,0,1,2,0],7,0].
[[2,8,0,1,1,2,1,1,0],4,1].
[[2,5,0,0,0,0,1,1,1],5,1].
[[2,7,0,1,2,2,2,1,0],1,0].
[[3,7,2,1,1,0,1,1,1],1,1].
[[3,3,2,1,2,0,2,1,1],3,0].
[[2,6,1,1,2,0,2,3,1],4,0].
[[2,7,0,1,1,2,2,2,0],2,1].
[[3,6,1,0,0,0,1,2,0],2,0].
[[2,3,1,1,2,2,2,3,1],2,0].
[[1,7,2,1,2,2,1,1,1],1,0].
[[3,6,1,1,1,2,0,0,0],3,0].
[[3,3,2,1,2,0,2,2,1],1,0].
[[3,7,2,1,2,0,2,1,1],8,2].
[[3,7,0,1,2,0,2,2,0],1,1].
[[2,7,1,1,1,2,2,2,1],6,3].
[[3,3,1,1,1,2,2,2,1],4,0].
[[3,7,2,1,1,0,2,2,0],2,0].
[[2,7,2,1,1,0,2,3,1],3,3].
[[3,6,1,1,1,0,2,3,1],2,1].
[[3,8,0,1,1,0,2,1,0],0,1].
[[2,6,1,0,0,0,1,1,1],4,1].
[[3,6,1,1,2,0,1,1,1],4,2].
[[3,5,0,1,1,0,1,1,0],1,2].
[[1,6,1,0,0,0,2,1,1],2,1].
[[2,9,1,1,1,0,2,3,1],0,1].
[[1,6,1,1,2,2,2,2,1],4,0].
[[3,9,1,0,0,0,2,1,0],0,2].
[[3,7,2,0,0,0,1,1,0],3,1].
[[1,8,1,1,2,2,1,1,0],1,2].
[[3,7,0,0,0,0,1,2,0],2,0].
[[2,7,0,1,2,2,2,2,0],3,1].
[[1,8,1,1,1,2,2,1,0],6,1].
[[1,4,2,1,2,0,2,1,0],4,0].
[[3,9,1,1,1,0,1,1,1],0,6].
[[3,7,2,1,2,2,1,2,0],6,0].
[[2,7,2,1,2,2,2,2,0],2,0].
[[3,6,0,1,2,2,1,1,0],0,1].
[[3,5,0,1,2,2,1,2,1],2,0].
[[3,2,0,1,2,2,2,2,0],1,0].
[[3,7,2,1,2,0,1,1,0],1,3].
[[1,8,0,0,0,0,1,1,0],1,4].
[[3,7,2,1,1,0,0,0,0],3,2].
[[2,7,2,1,2,2,1,2,0],2,0].
[[2,9,1,1,2,0,0,0,0],0,3].
[[3,2,1,0,0,0,2,2,0],1,0].
[[2,3,1,0,0,0,2,3,1],1,0].
[[1,7,2,1,2,0,2,1,1],1,0].
[[3,8,1,1,1,0,2,2,0],1,4].
[[3,7,0,1,1,2,1,1,1],1,3].
[[1,8,1,1,2,0,2,1,0],3,2].
[[1,6,1,1,2,2,1,2,1],1,0].
[[2,6,1,1,1,2,1,2,1],2,0].
[[1,8,1,1,1,2,2,2,0],5,1].
[[2,6,1,1,2,2,2,1,1],10,0].
[[3,6,1,1,1,2,2,1,1],5,0].
[[2,6,0,0,0,0,2,1,1],1,0].
[[1,8,0,1,1,2,1,2,0],1,1].
[[2,7,1,1,2,0,2,2,1],3,3].
[[1,8,1,1,1,2,1,2,0],2,1].
[[2,6,1,1,1,2,2,3,1],3,1].
[[2,6,0,1,2,2,2,1,0],0,1].
[[2,7,2,1,1,2,0,0,0],6,0].
[[2,3,2,0,0,0,2,1,1],1,0].
[[3,6,1,0,0,0,0,0,0],5,1].
[[2,3,2,1,2,2,2,3,1],2,0].
[[3,3,2,1,1,2,2,2,1],2,0].
[[3,9,1,1,2,2,0,0,0],0,2].
[[3,8,1,1,2,2,0,0,0],0,1].
[[3,8,1,1,1,0,2,1,0],2,1].
[[3,6,1,1,1,0,1,1,1],0,1].
[[3,2,1,1,2,0,2,2,1],3,0].
[[2,7,2,1,2,2,2,1,0],1,0].
[[2,6,1,1,1,2,2,2,1],1,0].
[[2,7,0,0,0,0,2,3,0],1,2].
[[1,8,0,0,0,0,1,1,1],0,3].
[[3,6,0,0,0,0,0,0,0],2,1].
[[1,7,2,1,2,0,2,2,1],3,0].
[[1,4,2,1,2,0,2,1,1],2,0].
[[3,7,0,1,2,2,1,1,0],1,1].
[[3,3,1,0,0,0,2,1,1],3,0].
[[2,6,0,0,0,0,2,3,0],2,0].
[[3,7,0,0,0,0,0,0,0],0,3].
[[1,8,0,1,2,2,1,2,1],0,3].
[[2,7,1,1,2,0,2,1,1],2,3].
[[3,7,1,1,1,0,2,1,1],2,1].
[[2,6,1,1,2,0,1,2,0],1,1].
[[3,6,1,1,1,0,1,2,0],0,1].
[[2,7,1,1,2,0,2,3,0],1,2].
[[2,5,0,1,2,0,1,1,1],1,1].
[[2,8,1,1,1,0,1,1,1],0,1].
[[3,4,0,1,2,0,1,1,1],0,1].
[[3,7,0,1,2,2,1,2,1],2,0].
[[2,3,2,0,0,0,1,2,1],1,0].
[[3,3,2,1,2,0,2,3,0],2,0].
[[2,7,1,1,1,2,2,3,0],5,0].
[[3,7,2,1,1,0,1,1,0],1,0].
[[2,7,2,1,2,0,2,2,0],1,0].
[[3,7,2,1,2,2,1,1,0],2,0].
[[2,6,0,0,0,0,2,2,1],1,0].
[[3,6,0,1,2,0,2,3,0],1,0].
[[3,6,0,0,0,0,2,1,1],1,0].
[[2,9,1,1,1,0,1,1,1],1,0].
[[3,6,0,0,0,0,2,2,0],1,0].
[[1,8,0,0,0,0,1,2,1],1,2].
[[1,6,1,0,0,0,1,1,1],0,2].
[[2,6,1,1,2,2,1,1,0],0,1].
[[3,3,2,1,2,2,2,3,0],2,0].
[[3,3,1,0,0,0,2,3,0],2,0].
[[3,2,1,1,2,2,2,3,0],1,0].
[[1,6,1,1,2,2,2,2,0],2,0].
[[2,8,1,1,1,0,1,1,0],0,2].
[[2,7,2,1,1,2,2,2,1],3,0].
[[2,7,1,1,2,0,2,1,0],0,1].
[[3,7,0,1,2,2,1,1,1],0,2].
[[2,6,0,1,1,2,2,2,1],2,2].
[[3,6,0,1,2,0,0,0,0],0,1].
[[3,8,0,1,1,0,2,1,1],0,1].
[[3,6,0,1,2,2,1,1,1],1,1].
[[3,7,0,1,2,0,1,2,1],1,0].
[[3,6,0,1,2,0,2,2,1],0,1].
[[3,6,0,1,2,0,1,2,0],1,0].
[[2,7,2,1,1,0,2,3,0],0,1].
[[1,8,0,1,1,2,1,2,1],1,0].
[[2,6,0,1,1,2,2,1,0],0,1].
[[3,6,0,1,1,2,1,2,0],2,1].
[[3,4,0,1,2,0,1,2,1],0,1].
[[2,7,0,1,2,2,2,2,1],0,1].
[[2,8,1,1,1,0,2,1,0],1,1].
[[3,7,1,1,1,0,2,1,0],2,2].
[[2,8,0,1,2,0,1,1,1],0,4].
[[3,6,1,0,0,0,1,1,0],2,0].
[[1,8,1,1,2,0,1,2,0],2,0].
[[3,3,2,1,2,2,2,2,0],2,0].
[[3,6,0,0,0,0,2,3,0],0,1].
[[2,6,1,1,2,0,1,1,1],0,1].
[[3,3,2,1,2,2,1,2,1],1,0].
[[2,5,0,1,1,0,1,1,0],1,0].
[[3,6,0,1,2,0,2,3,1],1,1].
[[3,2,1,1,2,2,2,3,1],1,0].
[[2,9,1,1,1,0,2,1,1],0,1].
[[2,9,2,1,2,0,1,1,0],0,1].
[[2,7,0,1,1,2,2,1,0],0,1].
[[2,7,0,0,0,0,2,2,1],0,2].
[[2,6,0,1,1,2,2,3,1],1,1].
[[2,7,2,0,0,0,2,2,0],2,0].
[[2,3,1,1,2,2,2,1,1],2,0].
[[3,9,1,1,1,0,2,3,1],0,2].
[[3,7,0,1,2,0,2,1,0],0,1].
[[3,3,2,1,2,0,2,2,0],1,0].
[[3,5,0,1,2,0,1,2,1],1,0].
[[3,7,2,1,1,2,2,3,0],1,0].
[[2,6,1,1,1,2,1,2,0],1,0].
[[3,6,1,1,1,2,1,2,0],1,0].
[[2,7,2,1,1,2,2,2,0],1,0].
[[2,7,2,1,1,0,0,0,0],3,1].
[[3,7,0,1,1,2,1,1,0],3,0].
[[1,6,1,1,2,2,2,1,1],3,0].
[[3,2,1,1,2,2,2,1,1],1,0].
[[1,7,2,1,2,0,2,3,0],1,0].
[[2,3,2,1,2,0,2,3,0],1,0].
[[2,7,0,1,1,2,2,3,0],1,0].
[[2,3,1,1,2,2,2,3,0],1,0].
[[3,6,0,0,0,0,2,2,1],1,0].
[[2,9,2,1,1,0,1,2,1],2,1].
[[3,4,0,1,2,0,1,2,0],0,1].
[[1,7,2,0,0,0,2,2,0],1,0].
[[2,5,0,1,2,0,1,1,0],0,1].
[[1,4,2,1,2,0,1,1,1],1,0].
[[3,6,0,1,1,2,1,1,0],1,0].
[[3,7,2,1,1,2,1,1,0],2,0].
[[2,7,2,1,1,0,2,2,1],2,1].
[[3,3,2,1,1,0,2,2,1],1,0].
[[3,6,1,1,1,0,2,2,0],1,0].
[[3,3,2,1,1,0,0,0,0],1,0].
[[2,7,0,1,2,2,2,1,1],1,0].
[[1,7,1,0,0,0,1,1,1],1,0].
[[3,5,0,1,1,2,1,2,1],1,1].
[[1,3,2,0,0,0,2,3,1],1,0].
[[2,3,2,0,0,0,2,2,0],1,0].
[[3,3,2,1,2,0,1,2,0],1,0].
[[2,7,2,1,1,0,1,2,1],1,0].
[[2,2,1,1,2,2,2,3,1],1,0].
[[3,2,1,1,1,2,2,3,1],1,0].
[[2,6,0,0,0,0,1,2,0],0,1].
[[3,7,0,1,2,0,2,2,1],0,1].
[[2,2,1,1,2,2,0,0,0],1,0].
[[1,8,0,1,2,2,1,1,1],0,1].
[[2,7,0,1,2,2,1,1,1],0,1].
[[2,7,1,0,0,0,1,1,0],1,0].
[[3,3,1,0,0,0,1,1,0],1,0].
[[1,7,2,1,2,2,2,3,0],1,0].
[[3,3,2,1,2,0,1,1,1],1,0].
[[3,7,0,1,2,0,1,2,0],1,0].
[[2,5,0,1,1,2,1,1,0],1,0].
[[2,6,1,1,1,2,2,2,0],1,0].
[[3,3,1,1,1,2,2,2,0],1,0].
[[3,3,0,1,2,2,0,0,0],0,1].
[[1,2,1,0,0,0,0,0,0],1,0].
[[3,2,1,1,2,2,2,2,0],1,0].
[[2,9,1,1,1,0,1,1,0],0,1].
