total_WL(5546,6261).
[[1,6,1,0,0,0,2,3,1],7,0].
[[2,6,1,1,2,0,2,3,1],9,0].
[[3,6,1,1,2,0,2,3,1],25,0].
[[1,9,2,1,2,2,2,3,1],160,289].
[[2,9,1,1,2,2,2,3,1],53,180].
[[3,8,0,1,2,2,2,3,1],28,112].
[[1,7,2,0,0,0,2,1,1],11,1].
[[2,3,2,0,0,0,2,1,1],2,0].
[[3,3,2,1,2,2,2,2,1],8,0].
[[1,8,1,1,2,2,2,1,1],67,35].
[[2,6,1,1,2,2,2,1,1],8,0].
[[3,6,1,1,1,2,1,1,1],4,1].
[[1,8,0,0,0,0,0,0,0],112,230].
[[2,8,0,0,0,0,0,0,0],10,66].
[[3,7,0,1,2,2,0,0,0],2,19].
[[1,4,2,1,2,0,2,3,0],22,0].
[[2,4,2,1,2,0,2,3,0],59,2].
[[3,4,2,1,2,0,2,3,0],86,4].
[[1,9,2,0,0,0,2,3,1],116,315].
[[2,9,1,0,0,0,2,3,1],29,92].
[[3,8,0,0,0,0,2,3,1],9,31].
[[1,8,1,1,1,2,2,3,1],44,6].
[[2,8,1,1,1,2,2,3,1],79,30].
[[1,8,1,1,2,0,0,0,0],39,38].
[[2,8,1,1,2,0,2,3,1],46,31].
[[3,8,1,1,2,0,2,3,1],33,32].
[[1,9,2,0,0,0,0,0,0],65,303].
[[2,9,1,0,0,0,2,2,1],28,96].
[[3,9,1,1,2,2,1,1,1],19,91].
[[1,8,0,1,2,2,2,3,1],28,47].
[[2,7,1,1,2,2,2,3,1],41,21].
[[3,7,1,1,1,2,2,3,1],41,25].
[[1,9,2,1,1,2,2,2,0],45,35].
[[2,8,1,1,1,2,2,2,0],16,5].
[[3,6,1,1,1,2,2,2,0],2,0].
[[1,9,2,1,1,2,0,0,0],57,65].
[[2,9,1,1,1,2,2,2,1],48,68].
[[3,9,1,1,1,2,2,2,1],11,40].
[[1,8,1,1,1,2,0,0,0],59,24].
[[2,8,1,1,1,2,0,0,0],23,24].
[[3,4,2,1,2,0,2,2,0],44,4].
[[1,9,2,1,2,2,2,1,1],79,146].
[[3,9,1,1,2,2,1,2,1],38,213].
[[1,8,1,0,0,0,0,0,0],347,249].
[[2,8,1,1,2,2,2,3,1],183,95].
[[3,8,1,1,2,2,1,2,1],177,128].
[[1,8,1,0,0,0,2,3,1],178,90].
[[2,8,1,0,0,0,1,2,1],69,39].
[[3,8,1,0,0,0,1,2,1],47,41].
[[1,9,2,1,2,2,2,3,0],182,266].
[[2,8,0,1,2,2,2,3,0],68,129].
[[3,8,0,1,2,2,1,2,0],43,88].
[[1,9,2,0,0,0,2,3,0],147,250].
[[2,9,1,0,0,0,2,3,0],43,135].
[[3,8,0,1,2,0,2,3,0],14,40].
[[1,8,0,1,1,2,2,2,1],12,6].
[[2,8,0,1,1,2,2,2,1],34,47].
[[3,7,0,1,1,2,2,2,1],4,15].
[[1,9,2,0,0,0,1,2,1],41,69].
[[2,9,1,0,0,0,1,2,1],21,99].
[[3,9,1,1,2,0,1,2,1],14,71].
[[1,9,2,0,0,0,2,2,1],100,259].
[[2,9,1,1,2,0,2,3,1],11,45].
[[3,9,1,1,2,2,2,2,1],13,59].
[[2,9,1,1,2,2,2,1,0],21,72].
[[3,9,1,1,1,2,2,1,0],3,33].
[[2,8,0,0,0,0,2,2,0],17,39].
[[3,8,0,1,2,0,2,2,0],8,18].
[[3,8,1,1,1,2,1,2,1],102,50].
[[1,9,2,1,2,2,2,2,1],146,265].
[[3,4,2,1,2,0,2,2,1],96,6].
[[1,8,1,1,2,2,0,0,0],271,189].
[[3,8,1,1,1,2,2,3,0],18,30].
[[1,8,1,0,0,0,2,2,1],148,102].
[[2,8,1,1,2,0,1,2,1],25,21].
[[3,7,2,1,1,0,1,2,1],7,3].
[[2,7,1,0,0,0,0,0,0],60,25].
[[3,7,1,1,2,0,2,2,1],33,19].
[[2,8,1,1,2,2,0,0,0],35,48].
[[3,8,1,1,2,2,2,1,1],52,37].
[[2,8,0,0,0,0,2,3,1],33,80].
[[3,7,0,0,0,0,2,3,1],5,10].
[[2,8,0,0,0,0,2,3,0],28,41].
[[3,6,0,1,2,2,2,3,0],5,14].
[[2,8,1,0,0,0,2,1,1],55,42].
[[3,8,1,1,2,0,2,1,1],17,14].
[[1,8,1,0,0,0,2,1,1],86,56].
[[2,6,1,0,0,0,2,1,1],8,1].
[[3,6,1,1,2,2,2,1,1],16,1].
[[2,8,1,0,0,0,0,0,0],25,45].
[[3,8,1,1,2,2,2,3,0],24,47].
[[3,8,0,1,2,2,2,2,1],28,105].
[[1,7,1,1,2,2,0,0,0],72,29].
[[2,7,1,1,2,2,2,3,0],21,8].
[[3,7,1,1,1,2,2,3,0],24,14].
[[1,9,2,1,2,2,2,2,0],99,153].
[[2,9,1,1,2,2,1,1,0],25,46].
[[3,9,1,1,2,2,1,1,0],12,45].
[[1,8,0,1,2,2,0,0,0],106,282].
[[2,8,0,1,2,2,2,2,1],48,121].
[[2,8,1,1,2,0,0,0,0],17,14].
[[2,8,1,1,2,2,2,1,1],82,63].
[[3,8,1,1,1,2,2,1,1],26,20].
[[1,9,2,0,0,0,2,1,0],35,89].
[[2,8,0,1,2,2,2,1,0],16,38].
[[3,8,0,1,1,2,1,1,0],10,31].
[[1,9,2,0,0,0,1,2,0],41,61].
[[2,9,1,0,0,0,1,2,0],34,77].
[[3,8,0,0,0,0,1,2,0],8,14].
[[2,8,0,1,2,2,2,3,1],68,145].
[[3,6,0,1,2,2,2,3,1],5,11].
[[1,9,2,1,1,2,2,3,1],96,83].
[[3,4,2,1,2,0,1,2,1],175,3].
[[3,8,0,1,1,2,2,2,1],20,83].
[[3,8,0,1,2,0,2,2,1],6,29].
[[3,8,0,1,2,2,1,2,1],46,152].
[[2,9,1,1,2,2,2,3,0],67,232].
[[3,9,1,1,2,2,2,2,0],5,33].
[[3,8,0,1,2,2,2,3,0],35,144].
[[1,9,2,1,2,2,2,1,0],52,90].
[[2,9,1,1,1,2,2,1,0],14,32].
[[3,9,1,1,1,2,2,2,0],1,30].
[[1,8,1,0,0,0,1,2,1],40,26].
[[2,6,1,0,0,0,1,2,1],8,0].
[[3,6,1,1,2,2,1,2,1],25,0].
[[3,7,1,1,2,0,0,0,0],19,8].
[[1,8,0,0,0,0,1,1,0],1,0].
[[2,8,0,0,0,0,1,2,0],11,10].
[[2,8,0,1,2,2,2,2,0],35,67].
[[1,8,0,1,2,2,2,2,1],29,46].
[[1,9,2,1,1,2,2,3,0],87,62].
[[2,9,1,1,1,2,2,3,0],52,95].
[[1,9,2,1,1,2,2,1,0],26,26].
[[2,8,1,1,1,2,2,1,0],11,7].
[[3,7,2,1,1,2,1,1,1],8,5].
[[2,7,1,0,0,0,1,2,1],12,3].
[[3,7,1,0,0,0,1,2,1],31,6].
[[2,9,1,1,2,0,1,2,1],21,47].
[[1,9,2,1,2,2,1,1,1],36,37].
[[2,8,1,1,2,2,1,1,1],62,48].
[[3,8,1,1,1,2,1,1,1],46,49].
[[2,9,1,1,1,2,2,1,1],18,32].
[[3,9,1,1,1,2,2,1,1],3,16].
[[1,9,2,0,0,0,2,1,1],57,139].
[[3,9,1,1,2,2,2,3,1],4,33].
[[1,6,1,0,0,0,0,0,0],99,3].
[[2,6,1,0,0,0,0,0,0],48,3].
[[3,2,1,0,0,0,0,0,0],6,0].
[[2,9,1,1,2,2,2,2,1],64,167].
[[1,9,2,1,2,2,0,0,0],84,284].
[[2,8,0,1,2,2,0,0,0],25,121].
[[3,7,1,1,2,2,0,0,0],42,33].
[[1,8,0,1,2,2,2,2,0],19,24].
[[2,8,0,1,1,2,2,2,0],23,20].
[[3,8,0,1,1,2,2,2,0],22,41].
[[1,8,0,1,1,2,0,0,0],74,43].
[[2,4,2,1,2,0,0,0,0],15,0].
[[3,4,2,1,2,0,0,0,0],18,2].
[[3,7,1,0,0,0,0,0,0],15,18].
[[1,9,2,1,1,2,2,2,1],93,64].
[[2,8,1,1,1,2,2,2,1],68,27].
[[3,8,1,1,1,2,2,2,1],61,43].
[[1,9,2,1,2,0,2,1,1],5,22].
[[3,8,1,1,2,2,2,3,1],107,59].
[[1,8,1,1,2,2,2,1,0],11,6].
[[2,8,1,1,2,2,2,1,0],11,19].
[[3,8,1,1,2,2,1,1,0],14,18].
[[1,9,2,0,0,0,2,2,0],76,143].
[[3,8,0,0,0,0,2,2,0],3,21].
[[1,8,1,1,2,2,2,2,1],136,82].
[[2,8,1,1,2,2,2,2,1],156,125].
[[3,7,1,1,2,2,2,2,1],96,52].
[[2,7,2,0,0,0,0,0,0],43,9].
[[3,3,2,0,0,0,0,0,0],14,1].
[[2,8,1,1,1,2,1,2,1],57,15].
[[3,9,1,1,2,2,1,2,0],52,163].
[[2,9,1,1,2,0,2,3,0],17,57].
[[3,8,0,0,0,0,2,3,0],10,36].
[[3,9,1,1,1,2,1,2,0],28,125].
[[2,4,2,1,2,0,2,3,1],61,1].
[[3,4,2,1,2,0,2,3,1],78,4].
[[3,7,2,1,2,0,2,2,1],31,3].
[[3,8,1,1,2,2,1,1,1],69,81].
[[1,8,1,1,2,2,2,2,0],29,13].
[[2,8,1,1,2,2,2,2,0],32,38].
[[3,8,1,1,1,0,2,2,0],3,6].
[[1,8,1,1,2,2,2,3,0],47,25].
[[2,8,1,1,2,2,2,3,0],75,56].
[[3,8,1,1,1,2,2,3,1],49,38].
[[2,8,1,0,0,0,2,3,1],101,74].
[[2,8,1,0,0,0,2,2,1],115,85].
[[3,7,1,0,0,0,2,2,1],25,7].
[[1,3,2,0,0,0,0,0,0],13,0].
[[2,3,2,0,0,0,0,0,0],18,0].
[[2,8,1,1,2,0,2,2,0],12,5].
[[3,7,1,1,2,0,2,2,0],8,1].
[[1,9,2,1,2,2,1,1,0],13,29].
[[2,9,1,1,2,2,1,2,1],74,190].
[[3,6,0,1,2,2,2,2,0],4,7].
[[1,9,2,1,2,2,1,2,1],64,63].
[[2,8,0,1,1,2,2,3,0],38,49].
[[3,5,0,1,1,2,1,2,0],26,2].
[[1,8,1,1,2,2,1,2,1],40,15].
[[2,9,1,1,1,2,2,2,0],41,45].
[[3,8,1,1,1,2,2,2,0],5,18].
[[1,8,0,1,2,2,2,3,0],35,41].
[[2,9,1,1,2,0,2,1,0],3,16].
[[3,9,1,1,2,0,2,1,0],0,6].
[[3,9,1,1,1,2,1,2,1],24,139].
[[3,8,1,0,0,0,1,1,1],24,17].
[[2,9,1,0,0,0,0,0,0],0,22].
[[3,9,1,1,2,2,2,3,0],8,109].
[[1,9,2,1,1,2,1,2,1],35,14].
[[2,4,2,1,2,0,1,1,1],15,0].
[[3,4,2,1,2,0,1,1,1],78,2].
[[1,8,0,0,0,0,2,3,1],24,42].
[[2,6,0,0,0,0,2,3,1],2,2].
[[3,7,2,0,0,0,2,3,1],21,1].
[[2,9,1,1,2,2,2,2,0],34,109].
[[3,8,1,1,1,0,2,2,1],8,15].
[[3,8,1,1,2,2,2,1,0],10,19].
[[3,8,1,1,2,2,2,2,1],110,79].
[[3,7,1,1,1,2,1,2,1],38,13].
[[3,9,1,1,2,0,2,2,0],1,13].
[[3,7,2,1,2,0,2,3,1],21,2].
[[1,8,1,1,2,0,2,2,0],4,2].
[[2,8,1,1,1,0,2,2,0],1,2].
[[3,4,0,1,2,0,1,1,1],0,2].
[[2,8,0,1,2,0,2,3,0],5,20].
[[2,8,1,1,2,2,1,2,1],123,60].
[[3,8,0,1,1,2,2,3,0],21,99].
[[3,6,0,1,2,2,2,1,0],0,5].
[[2,8,0,1,2,2,1,2,0],26,39].
[[3,7,1,1,2,2,1,2,0],21,3].
[[2,9,1,0,0,0,2,1,0],7,49].
[[3,8,0,1,2,2,2,1,0],9,36].
[[3,8,0,1,2,2,1,1,0],18,34].
[[1,8,0,1,2,2,2,1,0],13,11].
[[1,8,0,1,1,2,2,3,1],14,15].
[[3,8,0,1,1,2,1,2,1],26,85].
[[2,9,1,1,2,2,2,1,1],26,84].
[[3,8,0,1,1,2,2,1,1],7,36].
[[1,9,2,1,2,0,2,3,0],10,32].
[[1,6,1,1,2,2,0,0,0],31,1].
[[2,6,1,1,2,2,0,0,0],46,2].
[[3,6,1,1,2,2,2,3,0],12,0].
[[2,7,1,1,2,2,2,2,1],40,21].
[[2,8,0,0,0,0,1,2,1],9,13].
[[3,8,0,0,0,0,1,2,1],9,25].
[[2,9,1,1,2,2,0,0,0],2,34].
[[3,9,1,1,1,0,2,3,0],0,14].
[[2,7,1,1,2,2,0,0,0],98,62].
[[3,7,1,1,2,2,2,2,0],18,20].
[[2,8,0,1,1,2,2,3,1],32,71].
[[3,9,1,1,2,0,1,2,0],17,36].
[[2,8,1,1,1,2,1,2,0],14,5].
[[3,8,1,1,1,2,1,1,0],9,12].
[[3,7,1,1,2,2,2,3,1],125,48].
[[2,7,2,0,0,0,1,1,1],4,4].
[[3,7,2,1,2,0,1,1,1],10,3].
[[1,8,1,1,2,0,2,3,1],18,20].
[[2,8,1,1,1,0,2,3,1],3,7].
[[3,6,1,1,1,0,2,3,1],2,1].
[[1,8,1,0,0,0,2,1,0],22,12].
[[2,8,1,0,0,0,1,1,0],6,4].
[[2,9,1,1,1,2,2,3,1],57,68].
[[3,5,0,1,2,2,1,2,0],42,2].
[[1,9,2,1,2,0,0,0,0],4,29].
[[3,7,1,1,1,2,0,0,0],15,14].
[[1,7,1,0,0,0,0,0,0],52,27].
[[2,3,1,0,0,0,0,0,0],8,3].
[[3,3,1,1,2,0,0,0,0],5,1].
[[1,7,2,0,0,0,0,0,0],117,14].
[[2,7,2,1,2,2,2,3,1],25,3].
[[3,7,2,1,2,2,2,3,1],42,2].
[[1,8,0,0,0,0,2,2,0],18,33].
[[3,7,0,1,2,0,2,2,0],1,4].
[[1,8,1,0,0,0,2,2,0],37,12].
[[2,7,1,0,0,0,2,2,0],6,0].
[[2,9,1,1,1,0,2,1,0],0,2].
[[3,8,0,1,1,0,2,1,0],0,4].
[[2,7,2,0,0,0,2,3,1],32,1].
[[3,7,2,0,0,0,2,2,1],22,2].
[[2,8,1,0,0,0,1,2,0],22,7].
[[3,8,1,1,2,2,1,2,0],65,33].
[[1,8,1,0,0,0,1,1,0],6,3].
[[2,8,1,1,2,2,1,1,0],11,12].
[[3,8,1,1,2,0,2,2,1],44,33].
[[1,7,2,0,0,0,2,1,0],1,0].
[[2,7,2,0,0,0,2,1,0],2,0].
[[3,7,2,0,0,0,1,1,0],1,0].
[[3,8,0,1,1,2,2,3,1],28,91].
[[3,8,0,1,2,0,2,3,1],12,23].
[[1,8,1,1,2,2,2,3,1],136,72].
[[2,6,1,1,2,2,2,3,1],13,1].
[[3,6,1,1,2,2,2,3,1],35,1].
[[1,8,0,1,1,2,2,2,0],7,3].
[[2,8,0,1,2,2,1,1,0],2,9].
[[1,8,1,1,1,2,2,2,1],25,4].
[[2,4,2,1,2,0,2,2,1],59,2].
[[2,9,1,1,1,0,2,2,1],1,6].
[[3,9,1,1,1,0,1,2,1],1,24].
[[1,8,0,0,0,0,2,2,1],12,31].
[[2,8,0,0,0,0,2,2,1],27,47].
[[1,9,2,1,2,0,2,2,1],8,25].
[[2,8,0,1,2,2,2,1,1],25,64].
[[3,9,1,1,1,2,2,3,0],4,64].
[[2,9,1,1,2,0,1,2,0],15,37].
[[3,8,1,1,1,0,1,2,0],2,8].
[[3,9,1,1,2,2,2,1,0],6,38].
[[3,8,0,0,0,0,2,2,1],9,21].
[[2,8,0,1,2,2,1,1,1],8,13].
[[3,8,0,1,1,2,1,1,1],15,39].
[[2,8,1,1,2,0,1,1,1],14,7].
[[3,8,1,1,2,0,1,1,1],20,29].
[[3,8,1,1,2,2,2,2,0],9,28].
[[2,9,1,1,2,2,1,2,0],69,140].
[[3,8,0,1,1,2,1,2,0],37,59].
[[3,6,1,1,2,0,2,2,1],14,2].
[[3,8,0,1,2,2,2,1,1],5,46].
[[3,8,0,1,2,2,2,2,0],13,76].
[[1,9,2,1,1,2,1,1,1],9,7].
[[2,9,1,1,1,2,1,2,0],53,64].
[[1,9,2,1,2,2,1,2,0],58,73].
[[1,8,1,0,0,0,1,1,1],17,18].
[[2,8,1,0,0,0,1,1,1],21,25].
[[2,8,1,1,2,0,2,2,1],37,26].
[[2,8,1,1,2,0,2,1,1],17,20].
[[3,8,1,1,1,0,1,1,1],9,12].
[[3,8,1,1,2,0,1,2,1],54,48].
[[2,7,1,1,1,2,2,3,1],14,4].
[[2,8,1,0,0,0,2,3,0],50,23].
[[3,7,1,0,0,0,2,3,0],13,4].
[[2,8,0,1,1,2,0,0,0],19,42].
[[3,8,0,1,1,2,0,0,0],0,15].
[[2,8,0,1,2,2,1,2,1],12,40].
[[1,7,2,0,0,0,2,3,1],21,3].
[[3,8,1,0,0,0,2,1,1],10,17].
[[3,7,1,0,0,0,2,3,1],27,16].
[[3,8,0,1,1,0,2,1,1],1,2].
[[3,9,1,1,1,2,1,1,1],15,60].
[[3,9,1,1,1,2,2,3,1],2,14].
[[3,7,1,1,2,0,2,1,1],16,6].
[[2,9,1,1,1,2,1,1,1],44,30].
[[2,8,1,0,0,0,2,2,0],32,16].
[[3,8,1,1,2,0,1,2,0],22,11].
[[2,9,1,1,2,2,1,1,1],35,79].
[[1,9,2,1,1,2,1,1,0],9,1].
[[2,9,1,1,1,2,1,1,0],16,20].
[[3,4,2,1,2,0,1,1,0],27,0].
[[2,5,0,1,1,2,1,2,0],7,0].
[[3,8,0,1,1,2,2,1,0],7,28].
[[1,9,2,0,0,0,1,1,0],11,20].
[[2,9,1,1,2,0,1,1,0],2,10].
[[3,9,1,1,2,0,1,1,0],4,11].
[[1,6,0,1,2,2,0,0,0],10,7].
[[2,6,0,1,2,2,0,0,0],13,24].
[[3,6,0,1,1,2,2,2,1],3,11].
[[3,6,1,0,0,0,2,3,1],12,1].
[[2,8,0,1,1,2,2,1,0],9,23].
[[3,4,2,1,2,0,2,1,0],26,0].
[[1,9,2,1,1,2,2,1,1],43,25].
[[2,8,1,1,1,2,2,1,1],29,11].
[[2,8,0,1,2,0,2,2,1],5,20].
[[2,8,1,1,2,0,2,3,0],16,13].
[[3,7,2,0,0,0,0,0,0],4,0].
[[2,7,1,0,0,0,2,3,0],13,4].
[[2,8,1,1,1,2,1,1,1],18,12].
[[2,4,2,1,2,0,2,1,1],21,3].
[[1,8,1,1,2,0,2,3,0],5,7].
[[3,8,1,1,2,0,2,3,0],9,15].
[[2,9,1,1,1,0,2,1,1],0,3].
[[3,9,1,1,1,0,2,3,1],0,5].
[[3,9,1,1,1,0,1,2,0],4,34].
[[1,6,1,0,0,0,1,2,1],2,0].
[[3,6,1,0,0,0,1,2,1],5,1].
[[3,7,1,1,2,2,2,3,0],38,26].
[[2,9,1,1,2,0,1,1,1],8,21].
[[3,8,1,1,1,2,1,2,0],36,16].
[[2,9,1,1,1,2,1,2,1],59,62].
[[3,5,0,1,1,2,1,1,1],25,3].
[[2,6,0,1,2,2,2,2,1],2,3].
[[1,8,1,1,1,2,2,1,1],6,4].
[[2,7,1,1,1,2,2,1,1],6,2].
[[3,7,1,1,1,2,1,1,1],11,8].
[[1,3,2,0,0,0,2,3,1],2,0].
[[2,3,2,0,0,0,2,3,1],5,0].
[[3,3,2,1,2,2,2,3,1],10,0].
[[2,8,1,1,2,0,2,1,0],6,2].
[[3,8,1,1,2,0,1,1,0],11,8].
[[3,5,0,1,2,2,1,1,1],41,1].
[[3,8,1,0,0,0,1,2,0],18,12].
[[2,7,1,1,2,0,2,3,1],5,10].
[[3,7,1,1,1,0,2,3,1],6,7].
[[2,5,0,1,2,2,1,1,1],13,1].
[[3,5,0,1,2,2,1,1,0],17,4].
[[3,9,1,0,0,0,1,2,0],9,42].
[[2,5,0,1,2,2,1,1,0],4,2].
[[3,6,1,1,2,0,2,3,0],6,1].
[[2,8,0,1,2,0,0,0,0],1,10].
[[1,8,1,0,0,0,2,3,0],62,24].
[[2,7,2,0,0,0,1,2,1],12,2].
[[3,7,2,0,0,0,1,1,1],5,3].
[[2,7,0,1,2,2,2,2,0],2,1].
[[3,7,0,1,2,2,2,2,0],4,13].
[[2,9,1,1,2,0,2,2,1],5,39].
[[1,7,1,0,0,0,2,2,1],8,1].
[[3,8,1,1,1,2,2,1,0],4,12].
[[3,8,1,0,0,0,2,3,0],11,13].
[[3,7,1,1,2,2,1,2,1],81,27].
[[2,7,2,1,2,0,0,0,0],15,7].
[[3,4,2,1,2,0,1,2,0],108,5].
[[2,7,2,0,0,0,2,2,1],37,2].
[[3,7,2,1,2,2,2,1,1],12,5].
[[3,7,1,1,1,2,2,2,0],13,8].
[[3,8,1,0,0,0,2,2,1],26,22].
[[2,8,1,1,1,0,2,3,0],2,7].
[[3,8,1,1,1,0,2,3,1],7,14].
[[2,7,2,0,0,0,2,1,1],18,2].
[[3,7,2,1,2,2,1,2,1],32,3].
[[3,7,1,1,2,0,2,3,1],31,17].
[[1,6,1,1,2,2,2,3,1],2,0].
[[2,6,1,1,2,2,2,2,0],6,0].
[[3,6,1,1,2,2,2,2,0],10,0].
[[3,3,1,1,2,2,0,0,0],29,12].
[[3,3,1,0,0,0,0,0,0],8,2].
[[2,8,0,1,2,0,1,2,1],2,7].
[[3,8,0,1,2,0,1,2,1],8,32].
[[3,6,0,1,2,2,2,2,1],2,7].
[[3,7,1,1,2,2,1,1,1],27,18].
[[2,9,1,1,1,2,0,0,0],4,13].
[[2,7,1,1,1,2,2,2,1],9,4].
[[2,9,1,0,0,0,2,2,0],24,56].
[[1,6,1,0,0,0,2,1,1],7,0].
[[2,6,1,1,2,2,1,1,1],2,1].
[[3,6,1,1,2,2,1,1,1],7,2].
[[2,9,1,0,0,0,1,1,1],20,35].
[[3,9,1,1,2,0,1,1,1],6,34].
[[1,9,2,1,2,0,2,3,1],10,40].
[[3,8,0,1,1,0,1,2,0],2,7].
[[3,7,2,1,2,2,1,1,1],25,5].
[[2,7,1,1,1,2,0,0,0],38,13].
[[3,7,1,1,1,0,2,2,1],3,6].
[[2,7,2,1,2,2,2,1,1],18,3].
[[3,7,2,1,1,2,1,2,1],9,1].
[[1,8,1,1,2,2,1,1,1],18,11].
[[2,7,1,1,2,2,1,1,1],5,3].
[[1,8,0,1,2,2,2,1,1],15,23].
[[2,7,1,1,2,2,2,1,1],25,6].
[[3,7,0,1,2,2,2,1,1],4,5].
[[2,6,1,1,2,2,2,2,1],21,0].
[[3,6,1,1,2,2,2,2,1],23,4].
[[1,8,1,1,2,0,2,2,1],17,9].
[[2,7,2,1,1,0,2,2,1],1,1].
[[3,7,2,1,1,0,2,2,1],5,2].
[[2,4,2,1,2,0,2,1,0],14,2].
[[3,3,1,1,2,2,2,2,1],18,2].
[[3,8,0,1,2,2,0,0,0],0,29].
[[3,7,2,1,1,2,2,2,1],21,3].
[[2,9,1,1,1,0,2,3,0],1,11].
[[1,8,0,0,0,0,1,2,0],5,3].
[[3,7,2,1,2,0,2,1,1],14,4].
[[1,7,1,1,2,2,2,2,1],4,2].
[[3,7,1,1,2,2,2,1,1],44,13].
[[3,7,0,1,2,2,2,3,0],11,15].
[[3,3,1,1,2,2,2,1,1],12,1].
[[2,7,2,1,2,2,1,2,1],14,3].
[[2,8,0,1,2,0,2,2,0],4,12].
[[2,9,1,0,0,0,2,1,1],10,37].
[[2,7,1,0,0,0,2,2,1],29,13].
[[3,8,0,1,2,2,1,1,1],15,48].
[[3,8,1,0,0,0,2,1,0],1,8].
[[2,4,2,1,2,0,2,2,0],17,1].
[[2,7,1,1,2,0,0,0,0],13,13].
[[1,8,0,1,1,2,1,2,0],2,1].
[[2,8,0,1,1,2,1,2,0],13,10].
[[3,7,1,1,1,2,1,2,0],20,0].
[[1,8,1,1,2,0,2,1,1],9,6].
[[3,3,2,1,2,0,2,2,1],7,0].
[[2,6,1,0,0,0,2,3,1],16,1].
[[3,6,0,1,1,2,0,0,0],3,3].
[[3,5,0,0,0,0,1,1,0],7,2].
[[3,9,1,1,1,0,2,2,1],1,4].
[[3,3,2,1,2,0,2,3,1],11,0].
[[2,9,1,1,2,0,2,2,0],6,33].
[[3,7,0,1,2,2,2,3,1],5,23].
[[3,8,0,1,1,0,2,3,0],3,14].
[[1,8,1,1,1,2,1,2,0],2,0].
[[3,7,1,1,2,2,2,1,0],8,4].
[[1,8,1,1,2,2,1,2,0],10,10].
[[2,8,1,1,2,2,1,2,0],37,14].
[[3,8,1,1,2,0,2,2,0],6,13].
[[2,7,2,1,2,2,0,0,0],44,6].
[[3,7,2,1,2,2,0,0,0],6,1].
[[1,9,2,1,2,0,2,2,0],6,26].
[[2,3,1,1,2,2,0,0,0],13,4].
[[3,3,1,1,2,2,2,3,1],13,0].
[[3,9,1,1,2,0,2,3,0],3,33].
[[2,8,0,1,1,2,2,1,1],17,18].
[[3,7,1,1,1,2,2,1,1],18,14].
[[3,4,2,1,2,0,2,1,1],34,1].
[[3,7,1,1,1,2,2,2,1],39,22].
[[3,7,0,1,1,2,2,3,1],6,16].
[[2,7,1,0,0,0,2,3,1],29,15].
[[2,7,0,1,1,2,2,2,1],2,2].
[[1,6,0,0,0,0,0,0,0],1,10].
[[2,6,0,0,0,0,0,0,0],0,11].
[[3,6,0,1,2,0,0,0,0],0,1].
[[1,9,2,1,2,0,1,2,1],7,8].
[[2,8,1,1,1,0,1,2,1],3,6].
[[3,8,1,1,1,0,1,2,1],16,24].
[[3,7,0,1,2,2,2,2,1],5,15].
[[3,7,2,1,1,2,2,3,1],20,1].
[[2,8,1,0,0,0,2,1,0],9,8].
[[1,8,0,0,0,0,2,3,0],20,22].
[[3,3,1,0,0,0,2,3,0],2,0].
[[3,9,1,1,1,2,1,1,0],6,36].
[[3,3,2,0,0,0,2,3,1],4,0].
[[3,7,2,1,1,0,0,0,0],3,1].
[[2,7,1,1,2,0,2,2,1],4,3].
[[3,3,2,0,0,0,2,2,1],8,0].
[[1,7,2,1,2,2,2,1,1],3,1].
[[2,7,2,1,2,2,1,1,1],9,0].
[[3,3,2,1,2,2,1,1,1],4,0].
[[3,3,1,1,2,0,2,3,1],3,0].
[[1,8,0,1,2,2,1,2,1],0,4].
[[3,7,0,1,2,2,1,1,1],0,2].
[[3,7,0,1,1,2,2,1,1],2,8].
[[3,9,1,0,0,0,1,1,0],1,20].
[[3,9,1,0,0,0,1,2,1],2,44].
[[1,4,2,1,2,0,1,2,0],6,0].
[[2,4,2,1,2,0,1,2,0],37,2].
[[3,7,2,1,1,0,2,3,1],6,5].
[[1,7,2,1,2,2,0,0,0],31,5].
[[2,7,2,1,2,2,2,2,1],23,3].
[[3,6,0,0,0,0,1,2,1],1,0].
[[3,8,0,1,2,0,1,2,0],13,13].
[[2,7,1,1,1,2,2,2,0],5,0].
[[2,8,1,1,2,0,1,2,0],9,6].
[[1,9,2,1,2,0,1,2,0],9,10].
[[2,9,1,1,1,0,1,2,0],3,4].
[[3,7,1,1,1,0,2,2,0],0,1].
[[1,8,0,1,2,2,1,2,0],5,6].
[[3,7,1,1,1,0,1,2,1],2,5].
[[3,8,0,1,2,0,2,1,1],4,13].
[[3,8,1,1,1,0,2,3,0],2,12].
[[2,6,0,1,2,2,2,3,0],2,4].
[[3,3,1,1,2,2,1,2,1],4,1].
[[3,3,1,1,1,2,0,0,0],11,0].
[[3,6,0,1,2,2,2,1,1],1,5].
[[2,8,1,1,1,2,2,3,0],19,14].
[[3,8,1,0,0,0,2,3,1],15,18].
[[3,8,0,0,0,0,2,1,0],0,11].
[[3,6,1,0,0,0,2,2,1],12,0].
[[1,8,1,0,0,0,1,2,0],10,2].
[[2,7,1,1,2,0,1,2,0],2,0].
[[3,7,1,1,2,0,1,2,0],6,1].
[[3,9,1,0,0,0,2,2,0],0,8].
[[1,8,0,1,1,2,1,1,1],0,2].
[[2,8,0,1,1,2,1,1,1],7,6].
[[3,7,0,1,1,2,1,1,1],2,2].
[[1,9,2,0,0,0,1,1,1],19,36].
[[3,6,0,1,1,2,2,3,1],2,5].
[[2,7,2,1,1,2,2,3,1],6,0].
[[1,8,1,1,2,0,1,1,0],2,0].
[[2,8,1,1,2,0,1,1,0],3,4].
[[2,6,1,0,0,0,2,1,0],3,0].
[[2,9,1,1,1,0,1,2,1],0,6].
[[2,7,1,1,2,2,2,2,0],12,6].
[[3,9,1,1,2,0,2,1,1],3,11].
[[2,8,0,0,0,0,2,1,1],14,21].
[[3,8,0,0,0,0,1,1,1],3,13].
[[3,9,1,0,0,0,2,1,1],0,5].
[[3,6,1,1,1,2,2,3,1],8,1].
[[2,3,2,1,2,2,0,0,0],5,0].
[[3,3,2,1,2,2,2,2,0],2,0].
[[3,8,0,1,1,0,2,2,0],1,7].
[[3,6,0,1,1,2,2,1,0],0,3].
[[3,6,0,0,0,0,0,0,0],0,3].
[[2,7,1,1,2,2,1,2,1],14,3].
[[3,9,1,0,0,0,1,1,1],2,21].
[[2,7,2,1,2,0,2,2,1],10,3].
[[1,4,2,1,2,0,2,3,1],18,0].
[[2,8,0,1,2,0,1,2,0],2,9].
[[1,4,2,1,2,0,2,1,1],9,1].
[[3,9,1,0,0,0,2,2,1],6,9].
[[1,7,2,0,0,0,2,2,1],14,2].
[[1,9,2,1,1,2,1,2,0],32,19].
[[2,6,0,1,2,2,2,3,1],4,5].
[[2,8,0,1,2,0,2,3,1],8,16].
[[3,7,1,1,1,0,2,3,0],2,3].
[[3,7,1,1,2,0,1,2,1],24,11].
[[3,6,1,0,0,0,2,1,1],5,1].
[[3,7,1,1,2,2,1,1,0],8,2].
[[3,5,0,1,1,0,1,1,1],1,6].
[[1,7,2,1,2,0,0,0,0],10,3].
[[3,7,1,0,0,0,2,1,1],13,11].
[[3,7,2,1,1,2,2,1,1],4,2].
[[3,7,0,1,2,0,2,3,0],3,4].
[[3,8,0,1,2,0,1,1,0],1,7].
[[2,8,0,1,1,2,1,2,1],18,14].
[[3,7,1,1,2,0,1,1,1],4,7].
[[2,8,1,1,1,0,2,2,1],4,4].
[[3,6,0,0,0,0,2,2,1],1,2].
[[3,8,0,1,1,0,2,3,1],0,5].
[[1,6,1,1,2,2,2,2,1],6,0].
[[3,3,1,1,1,2,2,2,1],2,1].
[[3,9,1,0,0,0,2,3,0],1,26].
[[1,7,2,0,0,0,1,1,1],3,0].
[[2,9,1,0,0,0,1,1,0],13,17].
[[3,8,1,0,0,0,1,1,0],6,3].
[[2,6,1,0,0,0,2,2,1],19,1].
[[3,8,0,1,2,0,0,0,0],0,8].
[[3,9,1,1,2,0,2,2,1],2,26].
[[3,8,0,0,0,0,2,1,1],6,5].
[[3,6,1,1,1,2,2,2,1],12,0].
[[2,9,1,1,2,0,0,0,0],1,15].
[[2,8,0,0,0,0,2,1,0],8,13].
[[3,8,0,1,1,0,2,2,1],0,5].
[[2,8,0,0,0,0,1,1,0],3,8].
[[3,8,0,0,0,0,1,1,0],5,13].
[[2,4,2,1,2,0,1,2,1],48,0].
[[1,8,1,1,2,2,1,1,0],2,1].
[[2,7,1,1,1,2,1,1,0],1,0].
[[2,7,1,1,2,2,2,1,0],2,2].
[[1,8,1,1,1,2,2,1,0],5,1].
[[1,8,0,0,0,0,2,1,1],13,17].
[[2,7,1,0,0,0,2,1,1],12,8].
[[2,9,1,1,2,0,2,1,1],3,20].
[[3,7,2,1,1,0,2,1,1],0,2].
[[3,9,1,1,2,2,2,1,1],4,15].
[[2,7,0,1,2,2,2,3,0],1,3].
[[3,7,0,1,2,2,1,2,0],4,5].
[[3,5,0,1,1,2,1,1,0],15,1].
[[3,7,0,1,2,2,1,1,0],1,2].
[[2,8,0,1,2,0,2,1,0],2,4].
[[3,7,0,1,2,0,2,1,0],0,2].
[[2,7,0,1,2,2,0,0,0],6,19].
[[3,7,2,1,1,0,2,3,0],1,0].
[[2,8,1,1,1,0,0,0,0],1,2].
[[3,5,0,1,2,0,1,2,0],10,2].
[[3,8,0,0,0,0,0,0,0],0,3].
[[3,9,1,1,2,0,2,3,1],1,9].
[[1,7,2,1,2,0,2,3,0],1,0].
[[2,7,2,1,1,0,2,3,1],3,0].
[[1,6,1,1,2,2,2,2,0],1,0].
[[2,6,1,1,1,2,2,2,0],2,0].
[[1,4,2,1,2,0,2,2,1],8,0].
[[2,6,1,1,2,2,1,2,1],10,1].
[[3,6,1,1,1,2,1,2,1],6,0].
[[1,6,1,0,0,0,2,2,1],11,0].
[[3,6,1,1,2,0,1,2,1],5,0].
[[3,8,1,1,1,0,2,1,1],7,3].
[[2,8,0,1,1,2,1,1,0],3,3].
[[3,6,1,1,1,2,2,1,1],4,1].
[[1,8,0,1,1,2,2,3,0],12,6].
[[2,6,1,1,2,2,2,1,0],4,0].
[[3,3,1,1,2,2,2,1,0],1,0].
[[3,7,1,1,2,0,2,3,0],12,10].
[[3,9,1,0,0,0,2,1,0],1,11].
[[3,3,1,0,0,0,1,2,1],1,0].
[[2,7,0,0,0,0,0,0,0],0,4].
[[3,6,0,1,2,2,0,0,0],5,14].
[[2,6,1,1,1,2,2,3,1],2,0].
[[3,2,1,1,1,2,2,3,1],1,0].
[[1,7,2,1,2,0,2,3,1],3,0].
[[3,7,1,1,1,2,1,1,0],3,1].
[[3,5,0,1,2,0,1,1,0],7,0].
[[1,9,2,1,2,0,1,1,0],1,5].
[[3,9,1,1,1,0,1,1,1],0,11].
[[2,4,2,1,2,0,1,1,0],9,0].
[[2,7,0,1,1,2,2,1,1],0,1].
[[3,7,1,0,0,0,1,1,0],1,1].
[[3,3,2,1,2,2,1,2,1],7,0].
[[1,9,2,1,2,0,2,1,0],4,6].
[[2,7,1,0,0,0,1,1,1],2,3].
[[3,3,1,0,0,0,1,1,1],1,0].
[[3,7,0,0,0,0,1,2,0],1,0].
[[1,7,1,1,2,2,2,1,1],2,1].
[[1,7,2,0,0,0,2,3,0],2,1].
[[2,7,2,0,0,0,2,3,0],4,0].
[[3,7,0,1,2,0,2,3,1],2,8].
[[2,6,1,1,2,0,2,2,1],3,0].
[[1,7,2,0,0,0,1,2,1],5,0].
[[1,8,0,0,0,0,2,1,0],4,11].
[[1,7,2,1,2,2,2,2,1],3,0].
[[2,7,2,1,1,2,1,2,1],3,0].
[[3,7,2,1,2,2,2,2,1],36,5].
[[1,4,2,1,2,0,0,0,0],10,1].
[[3,7,2,0,0,0,1,2,0],2,1].
[[3,7,1,1,1,2,2,1,0],5,3].
[[2,7,1,1,2,0,1,1,1],2,0].
[[2,7,0,0,0,0,2,1,1],0,1].
[[3,7,0,1,2,0,1,2,1],1,1].
[[3,7,0,0,0,0,0,0,0],1,6].
[[2,7,2,1,2,0,2,3,1],9,5].
[[3,6,0,1,1,2,1,2,0],0,2].
[[3,8,0,1,1,0,1,2,1],0,8].
[[3,7,2,0,0,0,1,2,1],13,0].
[[2,8,1,1,1,2,1,1,0],2,1].
[[3,7,2,1,1,2,1,1,0],2,0].
[[1,8,0,1,2,2,1,1,0],1,2].
[[2,7,2,1,2,0,1,2,1],7,0].
[[3,7,2,1,2,0,1,2,1],18,3].
[[2,6,1,1,2,0,0,0,0],18,1].
[[1,6,1,0,0,0,2,3,0],3,0].
[[2,6,1,1,2,0,2,3,0],4,0].
[[3,3,2,1,2,0,1,2,1],2,0].
[[3,7,1,1,2,0,1,1,0],3,0].
[[3,7,1,0,0,0,1,2,0],4,0].
[[1,8,1,1,1,2,1,2,1],8,5].
[[3,7,2,0,0,0,2,3,0],2,1].
[[1,6,0,1,2,2,2,3,0],0,1].
[[3,6,0,1,1,2,2,2,0],2,6].
[[2,6,0,1,2,2,2,1,1],1,1].
[[2,7,1,1,1,2,2,1,0],1,0].
[[3,3,1,1,1,2,2,1,0],1,0].
[[1,4,2,1,2,0,1,2,1],5,0].
[[1,8,1,1,1,2,2,2,0],7,0].
[[2,6,0,0,0,0,2,1,0],0,1].
[[1,7,2,1,2,0,2,1,1],1,0].
[[2,7,2,1,2,0,2,3,0],1,0].
[[3,7,2,1,2,2,1,2,0],4,1].
[[3,6,1,0,0,0,0,0,0],4,0].
[[1,9,2,1,2,0,1,1,1],2,3].
[[2,8,1,1,1,0,2,1,0],0,2].
[[3,8,1,1,1,0,2,1,0],0,2].
[[1,7,1,1,2,2,2,3,0],2,2].
[[2,7,1,1,2,2,1,2,0],7,0].
[[3,5,0,0,0,0,1,2,0],9,0].
[[3,6,1,1,1,0,2,2,0],1,0].
[[2,8,0,1,2,0,2,1,1],5,9].
[[2,9,1,1,1,0,0,0,0],0,2].
[[1,8,0,1,1,2,1,1,0],0,1].
[[2,5,0,1,1,2,1,1,1],2,0].
[[3,9,1,1,1,0,0,0,0],0,1].
[[2,7,2,1,1,2,2,1,1],1,0].
[[3,3,2,1,1,2,2,1,1],2,0].
[[3,7,2,0,0,0,2,2,0],2,0].
[[3,7,2,1,2,0,2,3,0],2,0].
[[2,5,0,1,2,0,1,2,0],2,2].
[[3,5,0,1,1,0,1,2,0],1,5].
[[1,7,1,0,0,0,1,1,1],1,0].
[[3,6,0,1,1,2,2,3,0],1,7].
[[3,7,0,1,1,2,0,0,0],3,8].
[[3,8,0,1,2,0,2,1,0],2,9].
[[2,8,0,0,0,0,1,1,1],3,10].
[[3,8,0,1,2,0,1,1,1],8,13].
[[1,4,2,1,2,0,1,1,1],4,0].
[[3,7,0,1,1,2,1,2,0],2,0].
[[2,7,1,1,2,0,2,3,0],2,1].
[[2,3,1,1,2,2,2,2,1],2,0].
[[2,7,2,1,2,0,2,1,1],4,0].
[[3,6,0,1,2,2,1,2,1],1,4].
[[3,5,0,1,2,0,1,1,1],11,2].
[[3,7,1,0,0,0,2,2,0],4,4].
[[3,8,1,1,2,0,2,1,0],3,4].
[[3,6,0,0,0,0,2,3,1],0,4].
[[1,7,1,1,2,2,2,1,0],2,0].
[[2,7,0,1,2,2,2,2,1],0,1].
[[3,8,1,0,0,0,2,2,0],4,9].
[[3,9,1,1,1,0,2,1,1],0,2].
[[2,6,1,1,2,0,1,1,1],1,0].
[[3,6,1,1,2,0,1,1,1],3,0].
[[2,9,1,1,1,0,2,3,1],0,4].
[[3,6,1,1,2,2,0,0,0],9,1].
[[1,7,2,1,2,2,1,1,1],1,0].
[[3,6,1,1,1,2,2,3,0],9,0].
[[3,3,2,1,1,0,2,2,1],1,0].
[[3,7,0,1,2,2,1,2,1],2,1].
[[2,6,1,0,0,0,1,1,0],1,0].
[[3,6,1,1,2,2,1,1,0],4,0].
[[3,7,1,1,1,0,2,1,1],2,5].
[[3,7,0,1,2,2,2,1,0],4,8].
[[1,8,0,0,0,0,1,2,1],1,1].
[[1,7,1,1,2,2,2,2,0],1,0].
[[3,4,0,1,2,0,2,2,1],0,1].
[[3,7,0,0,0,0,2,2,0],1,1].
[[2,7,2,1,2,0,1,1,1],1,2].
[[3,7,2,1,1,0,1,2,0],0,2].
[[2,7,0,1,1,2,0,0,0],3,6].
[[2,7,1,1,2,2,1,1,0],2,1].
[[3,7,1,1,1,0,1,1,0],2,2].
[[3,7,0,1,1,2,2,1,0],1,7].
[[2,9,1,1,1,0,2,2,0],1,1].
[[3,6,1,0,0,0,2,2,0],6,0].
[[3,6,0,1,1,2,2,1,1],1,1].
[[2,7,0,1,1,2,2,3,1],1,2].
[[3,3,0,1,1,2,2,3,1],0,1].
[[1,8,1,1,2,0,2,1,0],1,3].
[[3,5,0,1,2,0,1,2,1],0,1].
[[3,7,1,1,1,0,0,0,0],1,3].
[[2,7,1,1,1,2,2,3,0],3,2].
[[3,7,1,0,0,0,1,1,1],8,6].
[[2,6,0,1,1,2,0,0,0],5,6].
[[1,7,2,1,2,0,2,2,1],2,0].
[[2,6,1,1,1,2,0,0,0],6,1].
[[3,6,1,1,1,2,0,0,0],1,0].
[[3,6,0,1,2,0,2,3,1],1,0].
[[3,7,2,1,2,2,2,3,0],4,1].
[[3,7,0,1,1,2,2,2,0],3,4].
[[3,9,1,1,1,0,1,1,0],1,4].
[[1,8,1,1,1,2,2,3,0],7,2].
[[2,5,0,1,2,2,1,2,0],5,0].
[[3,7,0,1,2,0,2,2,1],3,5].
[[2,7,0,1,1,2,2,1,0],2,0].
[[3,7,0,1,1,2,1,1,0],2,0].
[[2,5,0,1,2,0,1,1,1],2,1].
[[3,7,0,1,1,2,2,3,0],4,15].
[[2,5,0,0,0,0,1,1,0],4,0].
[[1,8,1,1,2,0,1,1,1],1,0].
[[3,7,1,1,2,0,2,1,0],1,2].
[[3,3,2,1,2,0,0,0,0],10,0].
[[3,3,1,1,1,2,2,2,0],3,0].
[[2,3,2,1,2,0,2,1,1],1,0].
[[3,2,1,1,2,0,2,1,1],1,0].
[[1,7,1,0,0,0,2,2,0],1,1].
[[3,3,1,1,2,0,1,2,0],1,0].
[[1,4,2,1,2,0,1,1,0],3,0].
[[2,3,2,1,2,0,0,0,0],6,0].
[[3,3,2,1,1,0,2,1,1],1,0].
[[2,6,0,1,1,2,2,3,0],1,0].
[[2,7,1,1,2,0,2,2,0],2,0].
[[3,8,0,1,1,0,0,0,0],0,2].
[[3,2,1,0,0,0,2,1,1],1,0].
[[3,7,0,1,2,0,0,0,0],0,2].
[[2,6,1,1,2,0,1,2,1],4,0].
[[3,6,1,1,2,2,2,1,0],3,0].
[[3,3,1,1,2,0,2,3,0],2,0].
[[3,6,0,1,1,2,1,2,1],1,4].
[[2,8,0,1,2,0,1,1,1],1,2].
[[3,6,1,1,1,0,0,0,0],1,0].
[[2,8,1,1,1,0,1,2,0],1,1].
[[2,3,2,1,2,2,2,3,1],1,0].
[[2,7,2,1,2,2,2,3,0],2,0].
[[3,6,1,1,2,0,2,1,1],5,1].
[[2,7,0,1,1,2,2,3,0],2,0].
[[3,3,2,1,2,2,0,0,0],10,0].
[[3,7,0,0,0,0,2,3,0],1,4].
[[3,6,1,1,2,0,0,0,0],1,2].
[[3,7,2,1,1,2,0,0,0],3,0].
[[3,3,1,0,0,0,2,3,1],5,0].
[[2,7,2,1,1,2,0,0,0],4,1].
[[3,7,2,1,2,2,2,2,0],3,0].
[[1,7,1,1,2,2,1,1,1],1,0].
[[1,7,1,0,0,0,1,2,1],1,0].
[[2,7,1,1,2,0,1,2,1],5,0].
[[3,3,2,0,0,0,1,1,1],2,0].
[[1,7,1,1,2,2,1,2,1],1,0].
[[2,3,2,1,2,2,2,1,1],1,0].
[[2,8,1,1,1,0,1,1,1],1,1].
[[3,3,1,0,0,0,2,1,1],2,0].
[[2,7,1,1,1,2,1,2,1],6,2].
[[1,8,0,1,1,2,2,1,1],2,5].
[[2,7,2,1,1,2,1,1,1],2,0].
[[3,6,1,1,2,2,1,2,0],6,0].
[[3,4,0,1,2,0,1,2,1],0,1].
[[2,6,0,0,0,0,2,2,0],1,1].
[[3,6,0,0,0,0,2,2,0],1,2].
[[1,8,0,1,1,2,2,1,0],0,4].
[[3,2,0,1,2,2,0,0,0],1,0].
[[3,7,2,1,2,2,1,1,0],0,1].
[[1,6,1,1,2,2,2,1,1],2,0].
[[2,6,1,1,1,2,2,1,1],2,0].
[[3,3,1,1,1,2,2,1,1],2,0].
[[2,6,0,1,2,2,1,2,0],0,1].
[[1,7,1,1,2,2,2,3,1],8,0].
[[2,3,1,1,2,2,2,3,1],2,0].
[[2,7,2,1,1,2,2,2,1],3,1].
[[3,3,1,1,2,0,2,1,1],1,0].
[[3,8,1,1,1,0,1,1,0],0,2].
[[3,6,1,1,1,2,2,1,0],1,0].
[[1,8,1,1,2,0,1,2,1],5,5].
[[3,6,1,1,1,0,1,2,1],2,0].
[[1,6,1,0,0,0,2,2,0],2,0].
[[2,6,1,0,0,0,2,2,0],4,0].
[[2,7,0,0,0,0,2,1,0],0,1].
[[3,9,1,0,0,0,2,3,1],1,12].
[[2,5,0,0,0,0,1,2,0],2,0].
[[3,7,2,1,2,0,0,0,0],3,0].
[[3,5,0,0,0,0,1,1,1],5,0].
[[3,6,0,1,2,2,1,1,1],0,2].
[[2,6,0,0,0,0,2,3,0],1,2].
[[3,5,0,0,0,0,1,2,1],0,1].
[[2,3,2,0,0,0,2,2,1],4,0].
[[3,3,2,0,0,0,1,2,1],1,0].
[[3,9,1,1,1,0,2,2,0],0,3].
[[3,6,1,0,0,0,1,2,0],2,0].
[[2,7,2,0,0,0,1,2,0],1,0].
[[3,9,1,1,1,2,0,0,0],0,2].
[[3,6,1,1,1,0,2,1,1],2,1].
[[1,4,2,1,2,0,2,2,0],6,0].
[[3,7,2,0,0,0,2,1,1],9,3].
[[1,7,1,0,0,0,2,3,1],6,2].
[[3,7,2,1,1,0,2,2,0],1,0].
[[2,7,0,1,2,2,2,3,1],2,1].
[[3,7,0,1,2,0,1,2,0],1,1].
[[3,6,1,1,2,0,2,2,0],2,1].
[[3,6,1,1,1,0,1,1,1],1,0].
[[2,9,1,1,1,0,1,1,1],0,1].
[[3,8,1,0,0,0,0,0,0],0,1].
[[1,4,2,1,2,0,2,1,0],3,0].
[[2,2,1,0,0,0,0,0,0],3,0].
[[3,2,1,1,2,0,0,0,0],1,0].
[[2,6,0,1,1,2,2,1,1],0,1].
[[2,6,1,1,2,2,2,3,0],6,0].
[[3,7,0,0,0,0,2,2,1],1,1].
[[3,7,0,1,2,0,2,1,1],0,2].
[[3,9,1,1,1,0,2,1,0],0,1].
[[3,3,1,0,0,0,2,2,0],3,0].
[[2,7,0,1,2,2,2,1,1],2,1].
[[1,8,1,1,1,2,1,1,1],1,2].
[[2,8,1,1,1,0,2,1,1],2,3].
[[3,7,1,0,0,0,2,1,0],1,2].
[[2,7,1,0,0,0,1,2,0],0,1].
[[3,7,2,1,1,2,2,1,0],1,0].
[[3,6,0,0,0,0,1,1,1],0,1].
[[3,3,1,1,2,0,2,2,1],1,1].
[[2,2,0,1,2,2,0,0,0],0,1].
[[3,2,0,1,1,2,0,0,0],0,1].
[[3,8,1,1,2,2,0,0,0],0,2].
[[3,1,1,1,2,0,1,1,1],1,0].
[[1,7,2,1,2,2,2,3,1],4,0].
[[3,6,1,1,2,0,2,1,0],1,0].
[[3,3,1,1,1,2,2,3,1],1,0].
[[2,7,0,0,0,0,2,3,1],0,1].
[[2,7,2,1,2,2,2,1,0],1,0].
[[1,6,0,1,2,2,2,1,0],1,0].
[[2,6,0,1,1,2,1,2,0],2,0].
[[3,3,1,1,1,2,1,2,0],1,0].
[[3,3,1,1,2,2,2,3,0],2,0].
[[3,3,1,0,0,0,2,2,1],2,0].
[[2,5,0,1,1,2,1,1,0],2,0].
[[1,7,1,0,0,0,2,1,1],2,0].
[[2,3,1,0,0,0,2,1,1],1,0].
[[3,8,1,1,1,0,0,0,0],0,1].
[[3,7,2,1,1,2,2,3,0],1,0].
[[3,3,2,1,2,2,2,1,1],1,0].
[[3,9,1,0,0,0,0,0,0],0,2].
[[2,8,0,1,2,0,1,1,0],0,1].
[[2,6,1,0,0,0,2,3,0],2,0].
[[1,6,1,1,2,2,1,2,1],0,1].
[[2,8,1,1,1,0,1,1,0],1,1].
[[3,5,0,1,1,0,1,1,0],0,3].
[[2,7,0,0,0,0,2,2,0],0,2].
[[2,2,1,1,2,2,0,0,0],1,0].
[[3,2,1,1,2,2,0,0,0],2,0].
[[3,3,2,1,2,0,2,1,1],2,0].
[[1,7,2,1,2,2,1,2,1],3,0].
[[2,7,2,1,1,0,2,1,1],0,1].
[[2,5,0,0,0,0,1,1,1],3,0].
[[2,5,0,1,2,0,1,1,0],1,0].
[[3,6,0,1,2,0,2,3,0],0,2].
[[3,7,0,0,0,0,1,2,1],0,1].
[[3,6,0,0,0,0,2,1,1],0,1].
[[2,6,0,1,1,2,2,3,1],0,2].
[[3,6,1,0,0,0,2,1,0],1,0].
[[2,7,0,0,0,0,2,3,0],0,1].
[[3,6,0,1,2,2,1,1,0],0,1].
[[2,6,0,1,2,2,2,2,0],2,0].
[[3,7,2,1,1,0,1,1,1],1,1].
[[3,6,0,0,0,0,1,1,0],1,1].
[[3,3,2,0,0,0,2,1,1],1,0].
[[3,2,1,0,0,0,2,3,1],1,0].
[[3,9,1,1,2,0,0,0,0],0,1].
[[2,6,0,1,2,2,2,1,0],1,0].
[[3,8,0,1,1,0,1,1,1],0,1].
[[3,7,0,1,2,0,1,1,1],0,1].
[[3,3,1,1,2,0,1,2,1],1,0].
[[2,6,1,1,1,2,2,2,1],1,0].
[[3,3,2,1,1,2,2,2,1],1,0].
[[3,7,2,1,2,0,2,2,0],1,0].
[[2,6,0,1,1,2,2,2,1],1,0].
[[3,6,1,0,0,0,1,1,1],1,0].
[[1,6,1,0,0,0,1,1,1],0,1].
[[3,3,1,1,2,2,1,1,1],0,1].
[[3,7,0,0,0,0,2,1,0],0,1].
[[3,6,1,0,0,0,2,3,0],3,0].
[[2,9,1,1,1,0,1,1,0],0,2].
[[3,8,0,1,1,0,1,1,0],0,2].
[[3,6,0,1,2,2,1,2,0],1,0].
[[3,4,0,1,2,0,1,1,0],0,1].
[[3,2,1,0,0,0,2,2,1],1,0].
[[1,7,1,0,0,0,2,3,0],1,1].
[[3,5,0,1,1,2,1,2,1],1,0].
[[1,2,1,0,0,0,0,0,0],1,0].
[[3,7,0,1,1,2,1,2,1],0,2].
[[2,6,1,1,2,0,2,2,0],1,0].
[[2,3,1,0,0,0,2,3,1],1,0].
[[3,3,2,1,1,2,0,0,0],1,0].
[[1,6,1,1,2,2,1,1,1],1,0].
[[3,3,1,1,2,2,2,2,0],1,0].
[[2,7,1,1,2,0,2,1,0],1,0].
[[3,2,1,1,2,2,2,2,1],1,0].
[[3,6,0,0,0,0,2,3,0],0,2].
[[2,7,2,0,0,0,2,2,0],1,0].
[[2,7,1,0,0,0,2,1,0],1,0].
[[3,5,0,1,2,2,1,2,1],1,0].
[[2,6,0,1,2,2,1,2,1],0,1].
[[3,7,2,1,1,2,1,2,0],1,0].
[[3,8,1,1,1,2,0,0,0],0,2].
[[3,6,0,1,1,2,1,1,1],0,1].
[[3,3,0,1,1,2,0,0,0],0,2].
[[2,7,1,1,2,0,2,1,1],0,1].
[[2,6,1,1,2,2,1,1,0],1,0].
[[3,6,0,1,2,0,2,2,1],1,1].
[[2,3,1,0,0,0,2,2,1],1,0].
[[2,5,0,1,1,0,1,1,0],0,1].
[[1,7,2,1,2,2,2,3,0],1,0].
[[2,7,2,1,1,2,2,3,0],1,0].
[[2,7,2,1,1,0,0,0,0],1,0].
[[2,6,0,0,0,0,2,2,1],0,1].
[[2,3,2,1,2,2,1,2,1],1,0].
[[3,2,1,1,2,2,1,2,1],1,0].
