total_WL(23963,12709).
[[1,8,1,0,0,0,2,3,1],398,56].
[[2,8,1,1,2,0,2,3,1],57,13].
[[3,8,1,1,2,1,1,2,1],172,22].
[[1,9,2,0,0,0,2,3,0],1355,1080].
[[2,9,2,0,0,0,2,3,0],257,464].
[[3,9,2,1,2,0,1,2,0],125,220].
[[1,8,0,0,0,0,0,0,0],905,690].
[[2,8,0,0,0,0,2,2,0],273,207].
[[3,7,1,1,2,0,2,3,1],42,9].
[[1,8,1,0,0,0,0,0,0],1941,368].
[[2,8,1,0,0,0,2,3,2],358,62].
[[3,6,1,0,0,0,2,3,2],24,1].
[[1,9,2,1,2,1,1,1,2],77,58].
[[2,9,2,1,2,1,1,1,2],106,110].
[[3,8,1,1,2,1,1,1,2],166,40].
[[1,8,1,1,2,1,1,2,0],53,16].
[[2,8,1,1,2,1,1,2,0],262,40].
[[3,7,2,1,2,1,1,2,0],50,4].
[[1,7,1,0,0,0,0,0,0],332,54].
[[2,7,2,0,0,0,2,3,2],93,3].
[[3,7,2,0,0,0,2,3,2],70,1].
[[2,8,1,0,0,0,2,3,0],518,81].
[[3,8,1,1,2,1,1,2,0],648,82].
[[1,7,2,0,0,0,2,3,0],27,0].
[[2,7,2,0,0,0,2,3,0],48,1].
[[3,7,2,0,0,0,2,3,0],38,0].
[[1,9,2,0,0,0,2,3,2],590,549].
[[2,9,2,0,0,0,2,3,2],166,247].
[[3,8,0,0,0,0,2,3,2],81,78].
[[1,9,2,1,2,1,2,2,2],263,215].
[[2,9,2,1,2,1,2,2,2],185,237].
[[3,8,1,1,1,1,2,2,2],94,15].
[[1,7,1,0,0,0,2,3,0],33,4].
[[2,7,1,1,2,1,2,3,0],100,4].
[[3,7,1,1,2,1,2,3,0],279,38].
[[1,6,0,0,0,0,0,0,0],41,18].
[[2,6,0,0,0,0,2,3,0],10,10].
[[3,6,0,1,2,1,1,2,0],15,6].
[[1,8,1,1,2,1,2,2,1],68,8].
[[2,7,1,1,1,1,2,2,1],4,1].
[[3,4,1,1,2,0,2,2,1],16,0].
[[1,8,1,0,0,0,2,2,2],482,64].
[[2,8,1,1,2,1,2,2,2],311,37].
[[3,8,1,1,2,1,2,2,2],295,24].
[[1,9,2,0,0,0,0,0,0],574,1090].
[[2,9,2,1,2,1,2,3,0],277,462].
[[3,9,2,1,2,1,1,2,0],428,707].
[[3,9,2,1,2,0,2,3,2],14,31].
[[1,9,2,0,0,0,2,1,2],570,538].
[[2,9,2,1,2,1,2,1,2],173,223].
[[3,8,0,1,2,1,2,1,2],171,190].
[[1,8,1,0,0,0,2,3,2],503,73].
[[2,7,1,1,2,1,2,3,2],74,10].
[[3,7,1,1,1,1,1,2,2],41,4].
[[1,8,0,0,0,0,2,3,2],161,97].
[[2,7,1,0,0,0,2,3,2],79,9].
[[3,7,1,1,2,0,2,3,2],63,8].
[[1,8,1,1,2,1,2,1,1],22,7].
[[2,8,1,1,1,1,2,1,1],6,1].
[[3,8,1,1,1,1,2,1,1],22,4].
[[2,9,2,0,0,0,2,2,0],222,333].
[[2,8,1,1,2,1,2,3,2],310,48].
[[3,8,1,1,2,1,2,3,2],245,35].
[[1,6,1,1,2,1,0,0,0],48,4].
[[2,2,1,1,2,1,0,0,0],3,0].
[[3,2,1,1,1,1,2,3,0],1,0].
[[3,8,1,0,0,0,2,3,2],135,21].
[[1,8,1,1,2,1,2,2,2],164,19].
[[2,7,1,1,2,1,2,2,2],66,6].
[[3,7,1,1,2,1,2,2,2],198,33].
[[3,9,2,1,2,0,1,1,0],45,96].
[[2,8,0,0,0,0,0,0,0],145,267].
[[3,8,0,1,2,1,2,1,0],90,137].
[[2,8,0,0,0,0,2,3,0],356,256].
[[3,8,0,1,2,1,2,3,0],207,341].
[[1,9,2,1,2,1,1,2,0],237,185].
[[2,9,2,1,1,1,1,2,0],148,94].
[[3,4,1,1,2,0,1,2,0],167,3].
[[1,9,2,1,2,1,2,1,2],262,195].
[[2,9,2,1,2,1,1,1,0],151,231].
[[3,9,2,1,1,1,1,1,2],31,56].
[[2,9,2,0,0,0,0,0,0],6,92].
[[3,9,2,1,2,1,2,2,0],21,172].
[[1,9,2,1,2,1,2,1,0],225,164].
[[2,9,2,1,2,1,2,1,0],130,179].
[[3,9,2,1,2,1,2,1,2],59,97].
[[1,8,0,1,2,1,2,1,0],40,19].
[[2,8,0,1,1,1,1,1,0],4,9].
[[3,8,0,1,1,1,1,2,0],155,112].
[[1,8,1,0,0,0,2,3,0],753,94].
[[2,7,1,0,0,0,2,3,0],140,14].
[[3,7,1,0,0,0,2,3,2],107,14].
[[1,9,2,0,0,0,1,2,0],523,420].
[[2,8,0,1,2,0,1,2,0],16,17].
[[3,8,0,1,2,0,1,1,0],42,53].
[[2,9,2,1,2,0,1,2,0],105,136].
[[1,9,2,1,1,1,2,1,0],22,14].
[[2,9,2,1,1,1,1,1,0],59,45].
[[3,9,2,1,1,1,1,1,0],43,130].
[[1,8,1,1,2,0,0,0,0],77,30].
[[2,8,1,1,2,0,2,2,0],85,22].
[[3,7,1,1,2,0,2,2,0],48,14].
[[1,8,1,0,0,0,1,1,2],66,14].
[[2,8,1,1,2,1,1,1,2],102,19].
[[3,8,1,1,1,1,1,1,2],66,10].
[[3,9,2,0,0,0,2,2,0],7,68].
[[2,9,2,0,0,0,2,1,2],182,244].
[[3,9,2,0,0,0,1,2,2],60,109].
[[2,9,2,0,0,0,1,2,0],511,438].
[[3,8,0,1,2,1,1,2,0],500,345].
[[1,8,0,0,0,0,1,2,0],53,13].
[[2,8,0,0,0,0,1,2,0],151,87].
[[3,7,1,0,0,0,1,2,0],87,5].
[[3,8,0,0,0,0,1,2,0],184,119].
[[1,9,2,0,0,0,2,1,0],539,395].
[[3,9,2,1,2,1,1,1,0],142,282].
[[1,7,2,0,0,0,0,0,0],234,18].
[[2,7,2,0,0,0,0,0,0],161,18].
[[3,7,2,0,0,0,2,2,2],74,2].
[[1,9,2,0,0,0,1,2,2],375,226].
[[2,9,2,1,2,1,1,2,2],215,225].
[[3,8,0,1,2,1,1,2,2],165,187].
[[2,8,1,0,0,0,1,2,0],308,54].
[[3,7,1,1,2,1,1,2,0],186,13].
[[1,8,0,1,2,1,2,1,2],70,36].
[[2,7,1,1,1,1,2,1,2],7,0].
[[3,4,1,1,2,0,2,1,2],49,1].
[[1,9,2,1,2,1,2,3,0],601,470].
[[2,8,1,1,2,1,2,3,0],432,66].
[[3,8,1,1,1,1,2,3,0],69,19].
[[1,8,1,1,2,1,2,2,0],137,14].
[[2,8,1,1,2,1,2,3,1],241,27].
[[2,9,2,1,2,1,2,3,2],149,242].
[[1,9,2,0,0,0,2,2,2],556,536].
[[2,8,0,1,2,1,2,2,2],149,123].
[[2,9,2,0,0,0,1,1,2],120,116].
[[3,9,2,0,0,0,1,1,2],33,66].
[[3,9,2,1,2,0,2,1,2],11,25].
[[1,9,2,1,1,1,2,1,2],34,22].
[[2,4,1,1,2,0,1,1,2],8,0].
[[3,4,1,1,2,0,1,1,2],46,2].
[[1,8,0,1,2,1,2,2,0],72,34].
[[2,8,0,1,2,1,1,1,0],43,45].
[[3,8,0,1,2,1,1,1,0],135,174].
[[2,9,2,0,0,0,2,2,2],183,256].
[[3,9,2,1,2,0,2,2,2],16,29].
[[1,9,2,1,1,1,0,0,0],33,20].
[[2,4,1,1,2,0,2,2,1],2,0].
[[3,4,1,1,2,0,1,2,1],17,2].
[[2,9,2,1,1,1,1,1,2],20,33].
[[3,8,0,1,1,1,1,1,2],23,31].
[[3,9,2,1,2,1,1,1,2],90,144].
[[2,8,1,1,2,0,2,1,1],13,4].
[[3,7,2,1,1,0,1,1,2],6,8].
[[2,8,1,1,2,0,0,0,0],50,23].
[[3,7,1,1,2,0,0,0,0],54,16].
[[3,7,1,1,1,1,2,3,2],57,6].
[[2,9,2,0,0,0,1,1,0],161,238].
[[3,8,0,0,0,0,1,1,0],71,55].
[[3,9,2,0,0,0,1,2,0],180,285].
[[1,9,2,1,2,1,0,0,0],258,445].
[[2,9,2,1,2,1,0,0,0],9,86].
[[3,8,1,1,1,1,0,0,0],1,4].
[[1,9,2,1,2,1,1,2,2],153,123].
[[2,8,0,1,1,1,1,2,2],15,7].
[[3,8,0,1,1,1,1,2,2],64,53].
[[1,8,1,1,2,1,0,0,0],599,101].
[[2,7,1,1,2,1,0,0,0],234,50].
[[1,8,1,0,0,0,2,2,1],261,27].
[[2,8,1,1,2,1,2,2,1],158,12].
[[3,7,1,1,2,1,2,2,1],113,13].
[[1,8,1,1,2,1,1,2,2],42,12].
[[2,7,1,1,1,1,1,2,2],2,1].
[[3,7,1,1,1,1,1,1,2],16,6].
[[1,7,2,0,0,0,2,1,2],76,5].
[[2,7,2,1,2,0,2,1,2],32,6].
[[3,7,2,1,2,0,2,1,2],61,9].
[[2,9,2,1,2,1,1,2,0],471,461].
[[1,9,2,0,0,0,2,3,1],178,53].
[[2,9,2,0,0,0,2,3,1],90,35].
[[3,5,0,1,2,1,1,2,1],30,0].
[[2,6,1,1,2,1,0,0,0],77,5].
[[3,6,1,1,2,1,2,3,0],66,3].
[[3,8,1,0,0,0,1,2,2],146,27].
[[2,8,1,1,1,1,2,2,2],76,10].
[[1,9,2,1,2,1,2,3,2],257,215].
[[3,8,1,1,1,1,2,3,2],79,16].
[[2,9,2,1,2,0,2,3,2],34,68].
[[2,8,1,1,2,1,0,0,0],178,65].
[[3,7,1,1,1,1,0,0,0],40,12].
[[2,8,0,1,2,1,0,0,0],114,281].
[[2,8,1,1,2,0,2,1,2],102,15].
[[3,8,1,1,1,0,2,1,2],14,6].
[[3,8,1,1,2,1,1,1,0],191,77].
[[2,9,2,0,0,0,2,1,0],120,144].
[[3,9,2,0,0,0,1,1,0],58,145].
[[1,7,2,1,2,1,0,0,0],48,5].
[[2,7,2,1,2,1,2,2,2],49,4].
[[3,7,2,1,1,1,2,2,2],32,2].
[[2,8,0,0,0,0,2,2,2],179,128].
[[3,8,0,0,0,0,2,2,2],70,66].
[[2,7,2,0,0,0,2,2,2],110,2].
[[3,7,2,0,0,0,1,2,0],43,0].
[[2,8,0,1,2,1,2,3,0],345,259].
[[2,9,2,1,2,0,2,1,0],16,54].
[[3,9,2,1,1,0,1,1,0],6,34].
[[1,9,2,0,0,0,2,2,0],979,830].
[[2,8,1,0,0,0,2,2,0],353,66].
[[3,7,1,0,0,0,2,2,0],93,18].
[[3,8,1,1,2,1,2,3,0],237,53].
[[3,9,2,1,2,1,1,2,2],167,321].
[[1,8,1,0,0,0,2,2,0],507,69].
[[3,7,2,1,2,1,2,1,2],154,11].
[[3,5,0,1,2,1,1,1,0],82,24].
[[2,7,1,1,2,1,2,2,0],62,5].
[[3,7,1,1,1,1,2,2,0],50,8].
[[2,8,1,1,2,1,2,2,0],312,33].
[[3,8,1,1,2,1,2,2,0],133,24].
[[2,7,2,0,0,0,2,1,2],99,9].
[[3,7,2,0,0,0,2,1,2],71,4].
[[3,7,1,0,0,0,2,3,0],157,19].
[[3,7,1,1,2,1,1,1,0],55,16].
[[2,8,0,0,0,0,2,1,0],145,88].
[[3,8,0,1,2,0,2,1,0],27,38].
[[2,8,0,0,0,0,2,1,2],181,121].
[[3,8,0,1,2,0,2,1,2],40,48].
[[3,9,2,0,0,0,2,3,1],10,16].
[[1,8,0,0,0,0,2,3,0],292,163].
[[2,8,0,1,2,1,1,2,0],163,83].
[[3,9,2,0,0,0,2,3,0],9,64].
[[3,9,2,1,1,1,1,2,0],155,267].
[[2,8,0,1,2,1,2,1,2],164,117].
[[3,6,0,1,2,1,2,1,2],16,8].
[[3,9,2,1,2,0,2,1,0],2,20].
[[1,8,0,1,2,1,2,3,0],111,45].
[[2,8,0,1,1,1,2,3,2],33,19].
[[1,7,1,1,2,1,0,0,0],77,13].
[[3,3,1,1,2,1,2,2,0],23,1].
[[3,8,0,0,0,0,0,0,0],0,42].
[[3,8,1,1,2,0,1,2,0],225,50].
[[3,8,1,0,0,0,1,2,0],267,36].
[[1,9,2,1,2,1,2,2,0],393,318].
[[3,7,0,0,0,0,0,0,0],15,26].
[[3,8,0,1,2,1,2,2,0],187,249].
[[1,8,1,0,0,0,2,1,2],530,67].
[[2,8,1,0,0,0,2,1,2],381,63].
[[3,8,1,1,2,1,2,1,2],282,40].
[[3,9,2,1,1,1,2,3,2],16,32].
[[2,7,1,0,0,0,0,0,0],337,73].
[[3,7,1,0,0,0,2,1,2],110,8].
[[2,9,2,1,2,1,2,2,0],240,351].
[[3,8,0,1,1,1,2,2,0],41,97].
[[1,9,2,0,0,0,1,1,0],159,213].
[[3,8,0,0,0,0,2,1,2],62,73].
[[3,6,0,0,0,0,2,1,0],10,7].
[[3,7,2,1,1,1,2,3,2],26,5].
[[1,8,0,0,0,0,2,2,2],168,115].
[[3,8,0,1,2,1,2,2,2],163,169].
[[2,7,1,0,0,0,2,2,1],70,2].
[[3,5,0,0,0,0,1,1,1],27,0].
[[3,8,0,0,0,0,2,2,0],83,115].
[[2,8,1,1,2,0,2,2,1],54,12].
[[3,7,1,1,2,0,2,2,1],44,4].
[[3,7,1,1,1,1,1,2,0],45,5].
[[3,9,2,1,2,1,2,3,2],39,108].
[[1,8,0,1,2,1,0,0,0],278,225].
[[2,8,0,1,2,1,2,1,0],140,93].
[[2,8,1,1,2,1,2,1,2],296,38].
[[3,9,2,0,0,0,2,2,2],18,47].
[[3,8,0,1,1,1,1,1,0],45,65].
[[3,8,1,0,0,0,2,2,0],61,17].
[[1,8,1,0,0,0,1,2,1],95,22].
[[2,8,1,0,0,0,1,1,1],18,11].
[[3,8,1,1,2,1,1,1,1],22,22].
[[1,5,0,1,1,1,1,1,2],2,0].
[[2,5,0,1,1,1,1,1,2],19,1].
[[3,5,0,1,1,1,1,1,2],69,3].
[[3,6,0,0,0,0,2,2,2],10,11].
[[3,7,2,1,2,0,2,3,2],48,3].
[[2,8,0,1,1,1,0,0,0],22,35].
[[3,8,0,1,1,1,2,1,2],46,70].
[[3,8,0,0,0,0,2,3,0],77,142].
[[3,7,1,1,2,1,2,2,0],177,29].
[[1,7,2,1,2,0,0,0,0],13,3].
[[2,7,2,1,2,0,2,3,2],19,5].
[[3,7,2,1,2,1,2,3,2],89,4].
[[2,9,2,1,1,1,2,1,2],55,38].
[[3,8,1,1,1,1,2,1,2],85,14].
[[1,8,1,1,1,1,0,0,0],63,5].
[[2,8,1,1,1,1,2,2,0],55,9].
[[2,9,2,1,2,0,2,1,2],51,64].
[[1,8,1,1,2,1,2,3,2],169,31].
[[1,8,1,1,2,1,2,1,0],72,16].
[[2,8,1,1,1,1,1,2,0],59,7].
[[3,4,1,1,2,0,1,1,0],53,2].
[[1,9,2,1,2,0,2,2,2],31,24].
[[2,8,0,1,2,0,2,2,2],21,17].
[[3,7,1,1,1,0,2,2,2],4,7].
[[1,8,1,0,0,0,2,1,0],276,28].
[[2,8,1,1,2,1,2,1,0],148,31].
[[2,7,1,0,0,0,2,1,0],55,2].
[[2,6,1,1,2,1,2,3,2],20,0].
[[3,6,1,1,2,1,2,3,2],52,1].
[[1,8,0,0,0,0,2,1,2],176,105].
[[2,7,1,0,0,0,2,1,2],109,10].
[[3,7,1,1,2,1,2,1,2],213,25].
[[2,9,2,1,1,1,2,1,0],34,31].
[[3,9,2,1,1,1,2,1,0],7,34].
[[2,8,1,0,0,0,2,1,0],186,34].
[[2,7,1,0,0,0,2,2,2],96,10].
[[3,7,1,1,2,0,2,2,2],56,4].
[[3,8,1,1,2,1,2,3,1],186,35].
[[2,8,1,0,0,0,1,2,2],234,23].
[[3,8,1,1,2,0,1,2,2],109,28].
[[2,9,2,0,0,0,1,2,2],245,231].
[[1,5,0,0,0,0,1,2,0],6,0].
[[2,5,0,0,0,0,1,1,1],13,0].
[[3,7,0,1,2,1,1,2,0],31,5].
[[3,6,1,1,1,1,2,1,0],6,0].
[[3,8,1,1,2,1,2,1,0],78,21].
[[3,6,0,0,0,0,2,2,0],13,12].
[[3,5,0,1,2,0,1,1,2],57,4].
[[1,9,2,0,0,0,2,2,1],112,32].
[[2,8,0,0,0,0,2,2,1],27,4].
[[3,8,0,1,2,1,2,2,1],46,16].
[[2,3,1,0,0,0,0,0,0],37,2].
[[3,3,2,1,2,0,0,0,0],12,0].
[[2,9,2,1,1,1,1,2,2],65,39].
[[3,4,1,1,2,0,1,2,2],62,1].
[[1,9,2,1,2,1,1,1,0],78,94].
[[2,8,1,1,2,1,1,1,0],67,36].
[[3,8,1,1,1,1,1,1,0],63,29].
[[3,7,1,1,2,1,2,3,2],179,30].
[[2,8,0,0,0,0,1,1,0],63,40].
[[3,7,1,0,0,0,1,2,1],37,1].
[[2,6,1,1,1,1,0,0,0],13,1].
[[3,6,1,1,1,1,2,2,0],8,0].
[[3,7,1,0,0,0,1,1,0],31,8].
[[3,8,0,1,2,0,1,2,0],124,91].
[[1,9,2,1,1,1,1,1,2],7,6].
[[2,8,1,1,1,1,1,1,2],11,1].
[[3,7,0,0,0,0,2,3,0],25,19].
[[2,8,1,1,2,0,1,2,1],29,13].
[[3,8,1,1,2,0,1,2,1],79,9].
[[1,9,2,1,2,0,2,3,2],22,25].
[[2,9,2,1,2,0,1,2,2],46,68].
[[3,9,2,1,2,0,1,2,2],39,101].
[[2,6,1,0,0,0,2,1,0],21,1].
[[3,6,1,1,2,0,2,1,0],8,0].
[[1,8,1,1,2,0,2,2,0],17,10].
[[2,6,1,1,2,0,2,2,0],7,1].
[[3,6,1,1,1,0,1,1,0],1,0].
[[3,8,1,1,2,0,2,2,0],44,13].
[[2,8,0,0,0,0,2,3,1],41,11].
[[1,6,1,0,0,0,0,0,0],248,10].
[[2,6,1,0,0,0,2,1,2],38,1].
[[3,6,1,1,2,1,2,1,2],40,1].
[[3,8,0,0,0,0,2,1,0],30,55].
[[3,8,1,1,2,1,1,2,2],320,47].
[[1,7,2,1,2,1,2,3,0],5,0].
[[2,7,2,1,2,1,2,1,2],74,4].
[[2,8,1,1,1,1,2,3,0],72,10].
[[3,8,1,1,1,1,1,2,0],207,34].
[[2,8,1,0,0,0,2,3,1],297,40].
[[3,8,1,1,2,0,2,3,1],66,17].
[[1,8,0,0,0,0,2,2,0],202,131].
[[1,7,2,0,0,0,2,2,2],73,4].
[[2,7,2,1,2,0,2,2,2],22,5].
[[3,7,2,1,2,0,2,2,2],38,7].
[[3,3,1,1,2,1,0,0,0],58,1].
[[1,9,2,1,2,0,2,1,2],27,32].
[[3,8,0,1,2,0,1,2,2],46,51].
[[1,8,0,0,0,0,2,1,0],119,57].
[[2,8,0,1,2,0,2,1,0],17,22].
[[3,6,0,1,2,0,2,1,0],2,1].
[[1,3,2,0,0,0,2,2,0],1,0].
[[2,3,2,0,0,0,1,1,0],2,0].
[[3,3,2,1,2,1,1,1,0],2,0].
[[3,8,0,1,1,1,2,3,1],16,16].
[[3,7,0,1,2,0,2,2,2],2,5].
[[2,8,1,0,0,0,2,2,2],337,51].
[[3,9,2,1,2,0,1,1,2],28,50].
[[1,9,2,0,0,0,1,1,2],211,123].
[[2,8,1,0,0,0,1,1,2],115,20].
[[3,8,1,1,2,0,1,1,2],52,14].
[[3,8,0,1,2,1,2,3,2],151,174].
[[2,8,0,1,2,1,2,2,0],241,178].
[[3,8,0,1,2,1,2,3,1],60,23].
[[2,8,1,0,0,0,1,2,1],113,13].
[[3,5,0,1,2,0,1,1,1],17,0].
[[1,8,0,1,2,1,2,3,2],44,31].
[[3,6,1,1,1,1,2,2,2],20,0].
[[2,8,1,1,2,0,1,1,2],25,9].
[[3,8,1,0,0,0,1,1,0],95,29].
[[3,8,0,0,0,0,1,2,2],77,63].
[[3,8,1,0,0,0,2,3,0],99,25].
[[2,8,0,1,2,1,2,3,2],137,112].
[[2,9,2,1,2,1,2,3,1],70,35].
[[1,9,2,0,0,0,1,2,1],44,10].
[[2,8,0,1,2,1,1,2,1],11,5].
[[3,8,0,1,2,1,1,2,1],41,6].
[[2,8,1,1,2,0,2,1,0],45,13].
[[3,8,1,1,1,0,2,3,1],14,5].
[[1,7,1,0,0,0,2,1,2],36,2].
[[3,7,1,1,2,1,1,1,2],60,12].
[[2,9,2,1,2,1,2,2,1],59,13].
[[3,9,2,1,2,1,1,2,1],39,15].
[[3,8,1,1,1,1,1,2,2],101,22].
[[1,8,1,1,2,1,2,3,1],128,14].
[[3,6,1,1,2,1,2,3,1],32,0].
[[1,9,2,1,1,1,2,2,2],37,16].
[[2,9,2,1,1,1,2,2,2],49,47].
[[3,8,0,1,2,1,1,1,2],75,86].
[[1,8,0,0,0,0,1,1,2],16,7].
[[2,7,0,1,2,1,1,1,2],2,1].
[[3,7,0,1,2,1,1,1,2],10,7].
[[1,9,2,1,1,1,2,3,0],68,35].
[[2,4,1,1,2,0,2,3,0],17,1].
[[2,7,2,1,2,1,1,2,0],17,1].
[[3,7,2,1,1,1,1,1,0],3,2].
[[1,8,1,1,2,1,2,3,0],240,30].
[[1,9,2,0,0,0,2,1,1],40,16].
[[2,8,0,0,0,0,2,1,1],7,4].
[[2,6,1,1,2,1,2,3,0],30,0].
[[3,3,2,1,2,1,2,3,0],7,0].
[[2,8,1,1,2,0,2,3,2],80,21].
[[3,8,1,1,2,0,2,3,2],97,14].
[[2,8,0,1,1,1,1,1,2],4,4].
[[2,9,2,1,2,0,2,2,0],42,96].
[[3,8,1,1,1,0,2,2,0],9,6].
[[1,9,2,1,1,1,2,2,0],65,26].
[[2,8,0,0,0,0,2,3,2],169,116].
[[3,9,2,1,1,0,1,2,2],8,27].
[[3,7,1,1,2,0,1,2,1],26,4].
[[1,8,1,1,1,1,2,3,1],12,1].
[[2,7,1,1,1,1,2,3,1],5,0].
[[1,9,2,1,2,0,2,3,0],61,70].
[[2,9,2,1,2,0,2,3,0],64,104].
[[2,8,1,0,0,0,0,0,0],269,73].
[[3,7,1,1,2,1,0,0,0],142,31].
[[1,8,1,0,0,0,1,2,2],147,25].
[[2,5,0,1,2,0,1,1,2],12,2].
[[3,5,0,1,1,0,1,1,2],6,4].
[[2,6,0,0,0,0,0,0,0],48,28].
[[2,3,1,1,2,1,0,0,0],18,1].
[[3,3,1,1,2,1,2,3,0],25,0].
[[1,8,1,1,2,0,2,3,1],11,5].
[[2,7,1,1,2,0,2,3,1],11,3].
[[1,9,2,1,2,1,2,3,1],70,29].
[[3,6,0,1,2,1,2,2,0],24,10].
[[1,8,1,1,2,1,1,1,1],8,3].
[[2,8,1,1,1,1,1,1,1],7,1].
[[3,4,1,1,2,0,1,1,1],6,0].
[[2,9,2,1,1,1,2,3,0],85,75].
[[3,4,1,1,2,0,2,3,1],19,0].
[[3,7,2,1,2,1,2,2,2],112,4].
[[3,8,1,1,2,1,2,2,1],121,17].
[[1,7,2,1,2,1,2,3,2],13,3].
[[2,7,2,1,2,1,2,3,2],44,5].
[[2,8,0,0,0,0,1,2,2],95,58].
[[2,7,2,1,2,1,2,3,0],13,0].
[[3,3,2,1,1,1,2,3,0],2,0].
[[3,7,0,0,0,0,2,2,0],16,7].
[[3,7,2,1,2,1,1,2,2],100,12].
[[2,9,2,1,2,0,1,1,0],36,67].
[[1,8,0,0,0,0,1,2,2],34,19].
[[2,7,0,1,2,1,1,2,2],2,1].
[[3,7,0,1,2,1,1,2,2],18,13].
[[1,9,2,1,2,0,2,2,0],26,59].
[[2,9,2,1,1,0,1,1,0],1,7].
[[1,8,1,1,2,0,1,2,0],8,7].
[[2,8,1,1,2,0,1,1,0],19,18].
[[3,8,1,1,1,0,1,2,0],33,29].
[[2,7,1,1,2,0,2,3,0],11,5].
[[2,9,2,1,1,1,2,2,0],56,59].
[[3,7,1,0,0,0,2,1,0],58,13].
[[3,6,1,1,2,0,2,3,1],21,0].
[[3,7,1,1,2,0,1,2,2],34,9].
[[3,8,1,1,2,0,2,3,0],63,20].
[[2,6,1,0,0,0,0,0,0],140,6].
[[3,8,1,1,1,1,2,3,1],57,19].
[[3,8,1,0,0,0,2,2,2],122,19].
[[1,8,1,1,2,0,2,2,2],22,12].
[[2,8,1,1,2,0,2,2,2],63,22].
[[3,8,1,1,2,0,2,2,2],105,20].
[[2,8,0,1,1,1,2,1,0],13,16].
[[3,7,1,1,1,1,2,3,1],52,10].
[[2,7,0,1,2,1,0,0,0],45,19].
[[3,7,0,1,2,1,2,3,0],74,51].
[[2,8,0,1,2,0,0,0,0],23,47].
[[3,9,2,1,2,1,2,3,0],9,213].
[[1,7,1,0,0,0,2,3,2],22,2].
[[2,8,0,1,2,0,2,1,2],18,18].
[[3,7,1,1,2,0,2,1,2],70,6].
[[2,6,1,1,2,0,2,3,1],10,1].
[[3,2,1,1,2,0,2,3,1],1,0].
[[3,7,1,1,2,1,1,2,1],64,4].
[[2,7,1,1,2,0,0,0,0],42,15].
[[2,8,1,1,1,1,2,1,2],74,14].
[[3,6,1,1,1,1,2,1,2],11,0].
[[2,8,1,1,1,1,2,3,1],65,12].
[[3,8,0,0,0,0,1,1,2],32,30].
[[3,4,1,1,2,0,2,3,0],42,1].
[[3,8,0,1,2,0,2,2,0],43,82].
[[3,9,2,1,2,0,2,3,1],6,12].
[[2,8,0,1,2,0,2,3,2],20,22].
[[3,7,2,1,2,0,2,3,0],34,0].
[[3,9,2,1,2,1,2,3,1],23,25].
[[3,8,1,0,0,0,2,1,2],138,22].
[[1,8,1,1,2,0,2,1,0],13,4].
[[3,9,2,1,1,1,2,1,2],32,32].
[[2,6,0,0,0,0,1,2,0],4,1].
[[1,8,1,1,2,0,2,1,2],29,11].
[[2,6,1,1,2,0,2,1,2],5,1].
[[3,6,1,1,2,0,1,2,2],9,2].
[[3,8,1,1,2,0,1,1,0],71,39].
[[1,7,2,0,0,0,2,3,2],67,8].
[[3,8,1,1,2,0,2,1,0],31,12].
[[3,3,1,0,0,0,0,0,0],40,1].
[[3,9,2,1,1,1,1,2,2],49,110].
[[3,7,2,1,2,0,2,2,0],19,2].
[[1,8,1,0,0,0,2,1,1],78,8].
[[2,6,1,0,0,0,2,1,1],6,0].
[[3,6,1,0,0,0,2,1,1],3,0].
[[3,8,1,0,0,0,1,1,2],75,14].
[[2,8,0,1,2,0,1,2,2],8,6].
[[2,7,2,0,0,0,2,1,0],18,0].
[[3,7,2,1,2,0,2,1,0],15,3].
[[3,9,2,1,2,1,2,2,2],50,104].
[[2,9,2,1,1,1,2,3,1],15,5].
[[3,9,2,1,1,1,2,3,1],5,10].
[[1,9,2,1,1,1,1,2,0],22,12].
[[1,5,0,0,0,0,1,1,1],2,0].
[[3,7,1,0,0,0,2,2,2],98,18].
[[2,7,1,0,0,0,1,2,1],19,0].
[[3,7,1,1,1,1,2,1,2],46,9].
[[2,8,1,0,0,0,1,1,0],90,37].
[[3,7,1,1,2,1,2,1,0],99,6].
[[2,4,1,1,2,0,2,3,1],8,0].
[[2,8,1,1,2,0,1,1,1],7,2].
[[3,9,2,0,0,0,2,1,2],26,44].
[[3,8,0,1,1,0,1,2,0],7,16].
[[1,8,1,1,2,0,2,3,2],25,12].
[[3,8,1,1,2,0,2,1,2],118,23].
[[2,8,1,1,1,1,2,3,2],72,5].
[[3,8,1,0,0,0,2,3,1],89,20].
[[3,8,0,1,1,1,2,3,0],52,118].
[[1,8,1,0,0,0,1,2,0],131,36].
[[2,6,1,0,0,0,1,2,0],12,0].
[[3,6,1,1,2,1,1,2,0],37,1].
[[3,7,1,1,1,1,2,3,0],71,11].
[[2,8,1,0,0,0,2,1,1],74,5].
[[3,8,1,1,2,0,2,1,1],25,5].
[[1,8,1,1,2,1,2,1,2],164,23].
[[3,7,2,1,2,1,1,1,2],48,18].
[[2,4,1,1,2,0,1,2,0],17,0].
[[3,7,1,0,0,0,1,2,2],68,12].
[[3,7,0,1,2,1,2,3,2],29,15].
[[1,9,2,1,1,1,1,2,2],18,6].
[[2,8,1,1,1,1,0,0,0],48,5].
[[3,8,1,1,1,1,2,2,0],59,10].
[[1,7,1,0,0,0,2,1,0],16,0].
[[1,8,1,0,0,0,1,1,1],17,9].
[[3,8,1,0,0,0,1,1,1],14,2].
[[1,9,2,1,2,0,0,0,0],26,61].
[[3,9,2,1,2,0,2,3,0],4,66].
[[3,8,0,1,2,0,2,3,0],55,92].
[[2,7,2,1,2,1,2,2,0],18,1].
[[3,7,2,1,2,1,1,1,0],26,2].
[[3,7,2,1,1,1,1,2,2],24,4].
[[2,9,2,1,1,1,2,3,2],49,33].
[[3,8,0,1,1,1,2,3,2],52,61].
[[3,6,0,0,0,0,2,3,2],15,6].
[[3,3,1,0,0,0,2,1,2],8,0].
[[3,6,1,1,2,1,2,2,2],51,2].
[[2,6,1,1,2,1,2,1,0],17,0].
[[2,6,0,1,2,1,0,0,0],22,17].
[[3,6,0,1,2,1,2,2,2],21,8].
[[2,5,0,0,0,0,1,2,0],13,0].
[[3,5,0,1,2,1,1,2,0],46,1].
[[3,8,1,0,0,0,2,2,1],61,5].
[[3,6,1,0,0,0,1,2,0],15,0].
[[1,9,2,1,1,1,1,1,0],8,9].
[[3,7,2,0,0,0,1,1,2],25,6].
[[2,8,0,0,0,0,1,1,2],44,31].
[[3,7,0,0,0,0,1,1,2],3,3].
[[2,7,1,1,2,1,2,1,2],61,12].
[[3,3,1,1,2,1,2,1,2],19,0].
[[2,7,2,1,2,0,2,3,0],15,0].
[[2,8,0,1,2,0,1,1,0],8,8].
[[3,8,0,1,1,0,1,1,0],3,9].
[[2,8,1,0,0,0,2,2,1],179,16].
[[3,7,1,0,0,0,2,2,1],46,2].
[[3,6,1,0,0,0,2,2,2],22,1].
[[2,8,1,1,2,0,1,2,2],49,18].
[[2,8,1,1,2,1,1,1,1],20,11].
[[3,8,1,1,1,1,1,1,1],6,9].
[[2,8,1,1,2,1,1,2,2],177,30].
[[2,8,0,1,1,1,1,2,0],25,12].
[[1,6,1,0,0,0,2,3,2],18,2].
[[2,6,1,1,2,0,2,3,2],6,2].
[[3,6,1,1,1,0,2,3,2],2,2].
[[3,9,2,1,1,0,1,2,0],22,67].
[[2,8,1,1,2,0,2,3,0],117,36].
[[3,7,1,1,1,0,2,3,0],7,11].
[[2,4,1,1,2,0,2,2,2],13,0].
[[3,4,1,1,2,0,2,2,2],49,1].
[[1,8,0,0,0,0,2,3,1],40,12].
[[2,5,0,0,0,0,1,1,2],85,1].
[[3,5,0,0,0,0,1,1,2],80,0].
[[2,9,2,1,2,0,1,1,2],31,38].
[[2,7,1,0,0,0,2,1,1],12,0].
[[3,7,1,0,0,0,2,1,1],20,1].
[[1,8,0,0,0,0,1,1,0],18,9].
[[3,6,1,1,2,1,1,1,1],4,1].
[[2,7,1,1,2,0,1,2,1],4,2].
[[3,7,1,1,2,1,2,1,1],25,1].
[[3,7,0,1,2,1,2,2,1],7,0].
[[3,8,1,1,2,1,2,1,1],50,10].
[[2,9,2,1,1,0,2,1,2],2,9].
[[3,7,1,1,1,1,2,1,1],4,1].
[[1,9,2,1,2,1,2,2,1],36,7].
[[2,9,2,1,2,1,1,1,1],5,4].
[[3,9,2,1,2,1,1,1,1],6,5].
[[1,8,1,1,2,0,2,2,1],18,5].
[[3,6,1,1,2,0,1,1,1],1,0].
[[2,7,1,1,2,1,2,2,1],42,2].
[[3,7,0,1,2,1,2,2,0],61,28].
[[2,8,1,1,2,0,1,2,0],64,30].
[[3,7,2,1,1,0,1,2,0],7,1].
[[2,8,0,1,2,0,2,3,0],45,42].
[[1,6,1,0,0,0,2,3,0],23,0].
[[2,6,1,0,0,0,2,3,1],28,0].
[[3,2,1,1,2,1,2,3,1],2,0].
[[1,9,2,1,1,1,2,3,2],47,21].
[[2,6,1,1,2,1,2,1,1],2,1].
[[3,6,1,1,2,1,2,1,1],8,0].
[[3,9,2,1,2,0,2,2,0],4,49].
[[2,9,2,1,1,1,2,2,1],12,4].
[[3,8,0,1,1,1,2,2,1],17,4].
[[3,9,2,1,2,1,2,2,1],22,12].
[[2,6,1,0,0,0,2,2,2],40,2].
[[3,3,1,0,0,0,2,2,2],13,0].
[[3,7,1,1,2,1,2,3,1],169,16].
[[2,8,1,1,2,1,2,1,1],51,7].
[[3,7,0,1,2,1,0,0,0],23,46].
[[3,8,0,1,2,1,0,0,0],1,82].
[[3,7,2,1,1,0,1,2,2],4,4].
[[3,9,2,1,1,1,2,2,2],23,35].
[[2,6,1,0,0,0,1,2,2],9,0].
[[3,6,1,0,0,0,1,2,2],16,2].
[[3,8,0,1,1,1,0,0,0],1,10].
[[3,6,1,0,0,0,2,1,0],12,0].
[[2,9,2,0,0,0,2,2,1],57,22].
[[3,9,2,1,2,0,2,2,1],3,8].
[[3,7,1,0,0,0,1,1,2],29,7].
[[2,9,2,0,0,0,1,2,1],46,11].
[[3,9,2,0,0,0,1,2,1],28,3].
[[3,8,0,1,1,1,2,2,2],49,61].
[[2,7,1,1,2,0,2,3,2],7,3].
[[3,3,1,1,2,0,2,3,2],8,0].
[[1,7,1,0,0,0,2,3,1],27,0].
[[2,7,1,0,0,0,2,3,1],74,8].
[[3,7,1,0,0,0,2,3,1],79,13].
[[3,5,0,1,1,1,1,1,0],33,6].
[[2,8,0,1,1,1,2,1,2],22,20].
[[2,6,1,1,2,1,2,2,2],34,1].
[[3,7,2,0,0,0,0,0,0],49,5].
[[3,7,0,1,1,1,2,3,0],18,8].
[[3,7,1,1,2,0,2,3,0],64,20].
[[3,5,0,1,2,1,2,1,0],42,2].
[[3,7,1,1,1,1,2,2,2],46,16].
[[2,8,1,1,2,1,1,2,1],95,21].
[[3,7,0,0,0,0,2,3,1],1,0].
[[2,6,1,0,0,0,2,2,0],39,1].
[[3,6,1,0,0,0,2,3,1],23,0].
[[2,8,0,1,2,1,2,2,1],23,6].
[[3,8,0,1,1,1,1,2,1],8,1].
[[2,8,0,1,2,0,2,2,0],28,43].
[[3,7,1,1,1,0,2,3,2],3,8].
[[1,7,1,1,2,1,2,3,2],9,0].
[[2,7,1,1,1,1,2,3,2],5,1].
[[3,7,0,0,0,0,2,2,2],19,6].
[[1,8,0,1,2,1,2,3,1],12,3].
[[2,7,0,0,0,0,0,0,0],37,38].
[[3,7,1,0,0,0,0,0,0],64,33].
[[2,6,1,1,1,1,2,2,0],3,0].
[[3,6,1,1,1,1,1,2,0],6,0].
[[2,9,2,1,2,1,2,1,1],10,6].
[[3,5,0,1,1,1,1,1,1],19,0].
[[3,6,1,1,2,0,2,2,2],12,2].
[[2,9,2,0,0,0,2,1,1],27,8].
[[3,6,1,1,2,1,0,0,0],24,2].
[[1,7,2,0,0,0,2,2,0],19,1].
[[2,7,1,0,0,0,1,2,2],31,10].
[[2,7,1,1,1,1,2,3,0],16,2].
[[3,6,0,1,2,1,1,1,0],10,1].
[[1,2,1,0,0,0,0,0,0],5,0].
[[2,2,1,1,2,1,2,2,2],1,0].
[[3,2,1,1,2,1,2,2,2],2,0].
[[1,9,2,1,2,0,2,1,0],21,21].
[[1,8,1,1,2,0,2,3,0],29,12].
[[3,7,2,1,2,0,1,2,0],28,0].
[[2,5,0,1,1,1,2,1,0],5,1].
[[3,5,0,1,1,1,2,1,0],12,2].
[[3,7,2,1,2,1,2,2,0],46,3].
[[3,8,1,0,0,0,1,2,1],71,7].
[[2,7,1,1,2,0,2,1,2],13,3].
[[3,5,0,1,2,1,1,1,2],228,3].
[[3,8,1,1,1,0,1,2,1],7,11].
[[3,8,1,1,2,1,0,0,0],1,19].
[[3,6,1,1,2,1,1,1,2],13,1].
[[3,7,1,1,2,1,1,2,2],92,20].
[[3,6,1,1,2,0,2,3,2],17,2].
[[2,8,1,1,1,0,2,1,2],5,6].
[[3,7,2,1,1,0,2,1,2],10,7].
[[2,8,0,1,1,1,2,3,0],50,35].
[[3,9,2,1,1,1,2,2,0],7,74].
[[3,6,1,0,0,0,2,3,0],34,1].
[[3,7,1,1,2,0,2,1,0],26,5].
[[2,7,1,1,2,1,1,1,1],2,1].
[[3,7,1,1,2,1,1,1,1],15,3].
[[3,9,2,1,1,1,2,3,0],4,72].
[[2,8,1,1,1,1,1,2,2],35,4].
[[3,8,1,0,0,0,2,1,0],37,4].
[[2,8,0,1,2,1,1,2,2],80,69].
[[3,7,2,1,2,0,1,1,0],6,2].
[[2,6,0,0,0,0,2,3,2],12,4].
[[3,6,0,1,2,0,2,3,2],2,1].
[[2,7,0,0,0,0,2,1,0],2,0].
[[3,7,0,1,2,1,2,1,0],29,12].
[[3,7,2,1,2,1,2,1,0],26,1].
[[3,6,1,1,2,0,2,1,2],13,2].
[[2,6,0,1,2,1,2,1,0],5,0].
[[3,6,0,1,1,1,2,1,0],2,1].
[[3,8,0,1,2,0,2,2,1],13,6].
[[3,4,1,1,2,0,2,3,2],48,0].
[[1,8,0,0,0,0,2,2,1],23,3].
[[2,8,0,1,2,0,2,2,1],11,1].
[[3,7,1,1,2,0,1,1,2],17,2].
[[3,7,2,1,2,1,0,0,0],60,5].
[[3,8,0,1,1,0,2,3,0],6,15].
[[2,7,2,1,1,1,2,1,2],8,1].
[[3,7,2,1,1,1,2,1,2],31,3].
[[3,6,0,0,0,0,2,3,0],9,7].
[[1,8,1,0,0,0,1,1,0],42,20].
[[1,5,0,0,0,0,1,1,2],35,1].
[[3,6,1,0,0,0,1,2,1],8,1].
[[3,8,0,0,0,0,2,2,1],18,2].
[[2,7,2,0,0,0,1,1,2],22,5].
[[2,5,0,1,2,1,1,2,0],9,0].
[[2,7,1,0,0,0,2,2,0],89,7].
[[1,6,1,0,0,0,2,3,1],23,0].
[[2,5,0,1,2,0,1,1,0],7,0].
[[3,5,0,1,1,0,1,1,0],7,6].
[[3,9,2,0,0,0,2,3,2],13,33].
[[3,7,0,1,2,1,2,1,2],48,13].
[[1,5,0,1,2,1,2,1,0],11,1].
[[2,5,0,1,2,1,2,1,0],28,1].
[[3,3,2,1,2,1,2,3,2],19,0].
[[3,8,0,1,2,0,2,3,2],32,42].
[[3,4,1,1,2,0,2,2,0],36,0].
[[1,7,1,0,0,0,2,2,0],20,1].
[[2,7,1,0,0,0,1,1,0],13,1].
[[2,9,2,1,2,0,0,0,0],3,18].
[[3,8,0,1,2,0,0,0,0],0,20].
[[2,6,0,0,0,0,2,3,1],3,1].
[[3,6,0,0,0,0,2,3,1],2,1].
[[1,8,1,1,1,1,2,1,2],21,1].
[[2,8,0,1,2,1,1,1,2],44,30].
[[3,8,1,0,0,0,0,0,0],0,5].
[[3,6,0,1,2,1,2,1,1],3,0].
[[1,3,2,0,0,0,0,0,0],19,0].
[[2,3,2,1,2,1,0,0,0],12,0].
[[3,3,2,1,2,1,0,0,0],28,0].
[[3,8,1,1,1,1,1,2,1],63,4].
[[3,7,2,1,2,0,0,0,0],22,1].
[[3,9,2,1,2,1,2,1,0],16,76].
[[1,8,0,1,2,1,2,2,2],55,35].
[[2,8,0,1,1,1,2,2,2],29,15].
[[2,8,0,1,2,1,2,1,1],6,0].
[[3,8,0,1,2,1,2,1,1],14,2].
[[2,6,1,0,0,0,2,3,0],44,2].
[[3,6,1,1,2,0,2,2,0],18,3].
[[2,5,0,1,2,1,1,1,2],95,2].
[[3,9,2,1,1,0,2,3,0],0,7].
[[3,9,2,1,2,0,1,2,1],5,10].
[[1,8,1,1,2,1,1,1,2],21,3].
[[3,5,0,1,2,1,1,1,1],48,0].
[[2,9,2,1,2,0,2,2,2],40,58].
[[3,7,1,1,2,0,1,2,0],52,9].
[[3,8,1,1,2,0,2,2,1],41,10].
[[2,6,0,0,0,0,2,1,0],5,2].
[[3,3,1,1,2,1,1,2,1],5,0].
[[3,6,1,0,0,0,1,1,0],6,0].
[[1,8,1,1,2,1,1,2,1],24,8].
[[1,8,1,1,1,1,2,1,1],3,0].
[[3,7,1,1,1,1,1,1,1],3,3].
[[3,8,1,1,1,1,2,2,1],49,2].
[[3,6,1,1,1,1,2,3,0],19,2].
[[2,7,1,1,2,1,2,3,1],67,3].
[[3,7,2,1,2,1,2,3,0],45,8].
[[3,3,1,1,2,1,2,3,2],19,0].
[[3,7,2,1,1,1,1,2,0],18,3].
[[3,8,0,1,1,1,2,1,0],24,53].
[[2,7,0,0,0,0,2,3,0],13,4].
[[3,7,0,1,2,0,2,3,0],9,5].
[[3,8,0,1,2,0,1,1,2],28,28].
[[2,7,1,0,0,0,1,2,0],42,5].
[[3,6,0,1,2,0,0,0,0],2,5].
[[3,7,0,1,2,0,1,2,2],4,5].
[[3,7,0,1,2,1,1,1,0],10,4].
[[1,8,0,1,2,1,1,1,2],7,2].
[[3,6,0,1,2,1,1,1,2],8,3].
[[3,9,2,0,0,0,2,1,0],3,24].
[[3,7,1,1,1,1,2,1,0],14,9].
[[2,3,1,0,0,0,2,2,0],2,0].
[[2,7,0,1,2,1,1,1,0],1,1].
[[3,7,2,1,1,0,2,2,2],9,4].
[[3,7,2,0,0,0,1,2,2],56,3].
[[3,6,1,1,2,1,1,2,2],25,2].
[[2,8,0,1,2,1,2,3,1],43,9].
[[2,6,1,0,0,0,2,2,1],17,0].
[[3,6,1,1,2,0,2,2,1],17,0].
[[2,8,0,1,2,0,1,1,2],8,4].
[[3,7,1,1,1,0,1,1,2],3,2].
[[3,7,0,1,1,1,2,3,2],6,3].
[[2,8,1,1,1,0,2,1,1],3,0].
[[3,8,1,1,1,0,1,1,1],4,3].
[[2,7,2,1,2,1,0,0,0],80,9].
[[1,9,2,1,2,0,1,2,0],16,22].
[[2,7,1,1,2,1,2,1,0],25,3].
[[3,7,1,1,1,1,1,1,0],14,6].
[[3,7,1,1,2,0,1,1,0],19,4].
[[2,3,2,0,0,0,0,0,0],36,0].
[[3,3,2,0,0,0,2,3,0],5,0].
[[3,6,0,1,2,1,0,0,0],10,20].
[[3,6,0,1,2,1,2,3,0],33,16].
[[2,5,0,0,0,0,1,1,0],19,3].
[[3,5,0,0,0,0,1,1,0],31,7].
[[2,6,1,1,2,1,2,3,1],21,1].
[[3,3,1,1,2,1,2,3,1],18,1].
[[1,9,2,1,1,1,1,2,1],2,1].
[[2,9,2,1,1,1,1,2,1],11,2].
[[2,6,1,1,2,0,2,3,0],7,2].
[[3,6,1,1,2,0,1,2,0],23,3].
[[3,6,0,0,0,0,1,2,0],7,1].
[[2,7,2,0,0,0,1,2,2],46,6].
[[3,8,1,1,1,1,2,1,0],26,12].
[[3,6,1,1,2,1,1,2,1],18,1].
[[1,9,2,0,0,0,1,1,1],6,5].
[[2,6,1,0,0,0,2,3,2],36,3].
[[3,2,0,0,0,0,0,0,0],3,0].
[[3,3,2,1,2,1,2,1,2],28,0].
[[1,8,0,1,2,1,1,2,0],15,12].
[[3,6,0,1,1,1,1,2,0],4,0].
[[3,7,2,1,2,0,1,2,2],64,9].
[[2,8,1,1,1,0,0,0,0],1,2].
[[3,7,1,1,1,0,0,0,0],4,1].
[[3,6,0,1,2,1,2,1,0],11,6].
[[1,7,2,1,2,1,2,1,2],17,0].
[[2,7,1,1,1,1,0,0,0],24,1].
[[2,8,0,1,1,1,2,2,0],29,20].
[[2,8,1,1,1,0,2,3,2],8,3].
[[3,8,1,1,1,0,2,3,2],13,8].
[[3,6,1,1,2,1,2,2,0],46,0].
[[2,8,1,1,1,1,1,2,1],16,2].
[[2,7,2,0,0,0,2,2,0],26,0].
[[3,3,2,1,2,0,2,2,0],1,0].
[[1,9,2,1,2,0,1,2,2],11,18].
[[1,8,0,1,2,1,1,2,2],14,7].
[[3,6,0,1,1,1,2,2,0],3,4].
[[3,6,0,1,2,1,1,2,2],8,6].
[[3,3,2,1,2,1,2,1,0],3,0].
[[3,6,0,1,2,0,2,3,0],7,5].
[[2,8,0,1,1,1,2,2,1],7,0].
[[3,8,0,1,1,1,1,1,1],3,0].
[[3,7,0,0,0,0,1,2,0],19,2].
[[3,6,1,1,2,1,2,1,0],23,0].
[[2,2,1,0,0,0,0,0,0],10,0].
[[3,2,1,0,0,0,2,3,0],1,0].
[[3,7,0,0,0,0,1,1,0],7,2].
[[2,8,1,1,1,1,2,1,0],23,7].
[[3,6,1,0,0,0,0,0,0],23,1].
[[3,9,2,1,1,0,1,1,2],6,20].
[[3,7,1,1,1,0,1,1,0],0,4].
[[3,8,0,1,2,0,2,3,1],18,3].
[[2,5,0,1,2,1,1,1,0],28,3].
[[3,6,1,1,1,1,2,2,1],4,0].
[[2,7,0,1,2,1,2,3,2],7,3].
[[3,7,2,1,1,0,2,2,0],2,4].
[[3,6,0,1,2,1,2,3,2],16,9].
[[1,8,1,1,1,1,2,3,0],14,1].
[[2,7,2,1,1,1,2,3,0],2,0].
[[2,7,1,1,2,1,1,2,2],12,3].
[[3,6,1,1,2,1,1,1,0],14,2].
[[3,3,2,1,2,1,2,2,2],18,0].
[[1,7,1,0,0,0,2,2,1],23,3].
[[3,4,1,1,2,0,2,1,0],24,0].
[[3,6,1,0,0,0,2,1,2],27,0].
[[2,7,1,1,2,0,2,2,2],9,5].
[[3,7,0,1,1,1,1,1,0],2,0].
[[3,9,2,1,1,0,2,1,2],5,9].
[[1,7,1,1,2,1,2,2,0],5,0].
[[2,3,1,1,2,1,2,2,0],2,0].
[[3,3,1,1,1,1,0,0,0],10,0].
[[2,8,1,1,1,0,1,2,0],8,7].
[[3,8,1,1,1,0,1,1,0],7,16].
[[3,6,0,0,0,0,0,0,0],9,10].
[[1,6,1,0,0,0,2,2,2],30,2].
[[2,6,1,1,2,1,1,2,2],12,0].
[[3,8,0,1,2,0,2,2,2],36,41].
[[3,6,1,1,2,1,2,2,1],32,1].
[[1,8,1,1,2,0,2,1,1],3,2].
[[2,8,1,1,1,0,1,2,1],1,2].
[[2,8,0,1,2,0,2,3,1],5,4].
[[3,8,0,1,2,0,1,2,1],10,1].
[[3,7,0,0,0,0,2,1,2],16,7].
[[3,8,1,1,1,0,1,2,2],24,16].
[[3,7,0,1,2,1,2,2,2],33,23].
[[2,6,1,1,2,1,2,1,2],25,0].
[[2,5,0,1,2,0,1,2,0],3,0].
[[3,5,0,1,2,0,1,1,0],19,5].
[[2,5,0,1,1,0,1,1,0],0,1].
[[2,7,2,1,2,1,1,1,0],1,1].
[[1,5,0,0,0,0,1,1,0],6,0].
[[2,5,0,0,0,0,2,1,0],30,2].
[[3,5,0,0,0,0,2,1,0],17,0].
[[2,4,1,1,2,0,1,1,0],7,0].
[[1,7,1,1,2,1,2,1,2],8,1].
[[1,9,2,1,2,1,2,1,1],18,3].
[[3,9,2,1,2,1,2,1,1],5,9].
[[3,2,1,1,2,1,0,0,0],5,0].
[[2,6,0,1,2,1,2,2,2],8,2].
[[3,3,1,1,1,1,2,2,2],3,0].
[[1,3,2,0,0,0,2,1,2],2,0].
[[2,3,2,1,2,1,2,1,2],6,0].
[[3,3,2,1,1,1,2,1,2],1,0].
[[2,9,2,1,2,1,1,2,1],40,11].
[[3,9,2,1,1,1,1,2,1],12,4].
[[3,7,2,1,1,1,2,2,0],13,0].
[[3,7,0,1,2,0,2,1,0],4,5].
[[2,7,2,1,2,0,1,1,2],7,3].
[[3,7,2,1,2,0,1,1,2],27,7].
[[3,8,0,1,1,0,2,2,2],6,5].
[[3,3,1,0,0,0,2,3,1],7,0].
[[3,3,1,1,2,1,2,1,0],8,0].
[[3,3,0,0,0,0,0,0,0],0,1].
[[3,8,1,1,1,0,2,3,0],8,9].
[[2,9,2,1,1,0,2,3,2],2,4].
[[3,8,0,1,1,0,2,3,2],4,10].
[[3,7,0,1,1,1,2,3,1],1,1].
[[3,5,0,1,2,0,1,2,1],15,1].
[[1,5,0,1,2,1,1,1,2],17,0].
[[2,7,2,1,2,0,0,0,0],40,5].
[[2,4,1,1,2,0,1,2,2],10,0].
[[2,4,1,1,2,0,2,3,2],15,0].
[[1,7,1,0,0,0,2,2,2],28,5].
[[2,7,0,1,2,1,2,3,0],10,1].
[[2,3,2,0,0,0,2,3,2],14,0].
[[3,3,2,0,0,0,1,2,2],5,0].
[[3,3,2,0,0,0,0,0,0],18,0].
[[3,5,0,0,0,0,1,2,0],14,0].
[[2,6,0,0,0,0,2,2,2],6,4].
[[2,7,0,0,0,0,2,2,0],9,3].
[[1,6,0,0,0,0,2,2,0],2,1].
[[2,6,0,1,2,1,1,2,0],1,1].
[[3,7,2,1,1,1,2,3,0],10,2].
[[2,6,1,1,2,0,2,2,1],4,0].
[[3,6,1,1,2,0,2,3,0],20,2].
[[3,8,1,1,1,0,2,2,2],16,11].
[[2,6,1,1,1,1,2,1,1],2,0].
[[3,9,2,1,1,0,2,2,2],3,5].
[[1,6,1,1,2,1,2,3,2],3,0].
[[3,6,1,1,1,1,1,2,2],3,0].
[[3,6,0,0,0,0,1,2,2],7,3].
[[3,7,1,1,1,1,2,2,1],28,5].
[[2,7,2,1,2,0,2,2,0],7,1].
[[3,3,1,1,2,0,2,2,0],5,0].
[[3,7,0,1,1,1,2,1,0],4,1].
[[2,7,1,1,2,0,2,1,0],11,2].
[[1,7,1,1,2,1,2,3,0],6,1].
[[2,7,1,1,1,1,1,2,0],3,1].
[[2,8,1,1,1,0,2,2,0],0,7].
[[2,9,2,1,1,0,2,2,0],0,9].
[[3,9,2,1,1,0,2,2,0],0,15].
[[1,8,1,1,1,1,2,3,2],24,3].
[[2,7,2,1,1,1,2,1,0],1,0].
[[3,7,2,1,1,1,2,1,0],7,0].
[[1,6,1,1,2,1,2,1,2],6,0].
[[1,8,1,1,1,1,1,2,2],2,1].
[[3,6,0,1,2,1,2,2,1],5,1].
[[2,7,2,1,2,0,1,2,2],15,4].
[[3,9,2,0,0,0,2,2,1],4,7].
[[3,3,2,0,0,0,2,3,2],19,0].
[[2,8,1,1,1,1,2,2,1],29,4].
[[2,7,1,1,2,1,2,1,1],15,0].
[[1,7,2,0,0,0,1,2,2],20,6].
[[2,7,2,1,2,1,1,2,2],27,8].
[[2,5,0,0,0,0,1,2,1],8,0].
[[3,5,0,0,0,0,1,2,1],21,0].
[[2,7,1,1,2,0,2,2,0],12,4].
[[2,7,1,1,2,1,1,1,0],9,4].
[[2,6,1,0,0,0,1,1,0],6,0].
[[3,3,1,0,0,0,1,1,0],2,0].
[[3,8,0,1,1,0,2,2,0],0,14].
[[2,8,1,1,1,1,1,1,0],9,9].
[[1,8,1,1,1,1,2,2,0],8,2].
[[3,5,0,1,1,0,1,1,1],2,2].
[[3,8,1,0,0,0,2,1,1],18,4].
[[1,7,2,0,0,0,1,1,2],9,2].
[[2,3,2,0,0,0,1,1,2],1,0].
[[3,3,2,1,2,1,1,1,2],7,0].
[[3,3,1,1,2,1,2,2,2],25,0].
[[1,9,2,1,1,1,2,2,1],7,2].
[[2,9,2,1,1,0,1,2,0],9,10].
[[3,5,0,1,1,1,1,2,1],15,0].
[[2,3,2,0,0,0,2,1,2],11,0].
[[3,3,2,0,0,0,1,1,2],5,0].
[[3,6,1,0,0,0,2,2,0],22,0].
[[2,6,0,1,2,1,2,3,2],6,3].
[[1,9,2,1,2,0,2,2,1],5,2].
[[2,9,2,1,2,0,2,2,1],8,10].
[[3,9,2,1,1,0,2,2,1],1,2].
[[2,6,1,0,0,0,1,2,1],11,1].
[[2,9,2,1,1,1,0,0,0],6,10].
[[3,6,1,0,0,0,2,2,1],10,1].
[[3,8,0,0,0,0,2,3,1],28,13].
[[3,7,0,1,2,1,2,3,1],10,1].
[[3,8,0,0,0,0,2,1,1],6,4].
[[3,3,2,0,0,0,2,1,2],13,0].
[[2,7,0,1,2,1,2,1,0],6,0].
[[2,7,1,1,2,1,1,2,0],15,3].
[[2,4,1,1,2,0,2,1,2],13,0].
[[1,3,2,0,0,0,2,3,2],4,0].
[[2,3,2,1,2,0,2,3,2],3,0].
[[3,3,2,1,2,0,1,2,2],5,0].
[[1,9,2,1,1,1,2,3,1],9,3].
[[3,8,1,1,1,0,1,1,2],11,8].
[[2,7,2,1,1,1,2,2,2],4,0].
[[3,3,2,1,1,1,2,2,2],3,0].
[[1,6,0,0,0,0,2,1,2],2,2].
[[2,6,0,0,0,0,1,1,2],0,1].
[[3,3,1,0,0,0,1,1,2],0,1].
[[3,3,1,0,0,0,2,2,1],9,1].
[[3,7,1,1,1,0,2,2,1],2,3].
[[3,7,2,1,1,0,2,3,0],4,1].
[[1,9,2,1,2,0,2,3,1],7,2].
[[2,9,2,1,2,0,2,3,1],13,5].
[[2,7,1,1,1,1,2,2,2],6,0].
[[3,7,0,1,1,1,2,2,0],11,8].
[[2,6,0,0,0,0,2,1,2],8,2].
[[3,6,0,0,0,0,2,1,2],10,2].
[[3,8,1,1,1,0,2,1,0],4,3].
[[3,7,0,0,0,0,2,1,0],7,9].
[[3,3,1,1,2,0,0,0,0],17,1].
[[2,7,2,0,0,0,1,2,0],21,5].
[[3,3,2,0,0,0,2,2,2],15,0].
[[1,9,2,1,2,1,1,2,1],22,5].
[[3,3,1,1,2,0,1,2,1],1,0].
[[2,6,0,1,2,1,2,1,2],9,2].
[[3,5,0,1,2,1,1,2,2],0,2].
[[2,7,1,1,2,1,1,1,2],13,1].
[[3,3,1,1,2,1,1,1,2],7,0].
[[2,8,1,1,1,0,2,2,2],7,3].
[[2,6,1,1,2,1,2,2,0],20,0].
[[2,8,0,0,0,0,1,2,1],13,3].
[[2,7,1,1,2,0,2,1,1],2,2].
[[3,7,1,1,1,0,2,1,1],2,2].
[[1,8,1,1,1,1,2,2,2],16,2].
[[3,5,0,1,1,1,1,2,0],8,1].
[[3,7,2,1,1,1,0,0,0],18,2].
[[2,7,2,1,2,1,1,1,2],12,4].
[[3,7,2,1,1,1,1,1,2],14,3].
[[3,6,1,1,1,0,2,2,0],2,2].
[[2,7,2,1,1,0,0,0,0],3,2].
[[3,7,2,1,1,0,0,0,0],2,3].
[[1,7,2,0,0,0,2,1,0],12,0].
[[3,3,2,1,1,1,2,3,2],2,0].
[[3,3,1,1,2,1,2,2,1],9,0].
[[2,9,2,0,0,0,1,1,1],3,3].
[[3,8,0,0,0,0,1,1,1],0,2].
[[3,9,2,1,1,1,2,2,1],6,9].
[[3,4,1,1,2,0,0,0,0],12,1].
[[3,7,1,1,1,0,2,3,1],5,4].
[[3,9,2,1,1,0,2,1,0],1,7].
[[3,8,1,1,1,0,2,2,1],11,3].
[[3,3,1,1,2,0,2,2,2],5,0].
[[2,7,0,0,0,0,2,2,2],4,6].
[[2,5,0,1,2,1,1,1,1],11,0].
[[2,6,0,1,2,1,2,3,0],12,1].
[[3,6,0,1,1,1,2,3,0],7,2].
[[3,3,1,1,2,0,2,1,2],3,0].
[[2,9,2,1,2,0,1,2,1],5,5].
[[1,7,2,1,2,1,2,2,2],8,0].
[[2,7,0,1,2,1,2,1,2],8,4].
[[3,7,0,1,1,1,2,1,2],6,5].
[[3,6,1,1,1,1,2,3,2],18,0].
[[3,8,1,1,2,0,0,0,0],2,7].
[[3,7,1,1,1,1,1,2,1],10,0].
[[3,2,0,0,0,0,2,3,0],2,0].
[[1,8,0,0,0,0,1,1,1],1,0].
[[2,8,0,0,0,0,1,1,1],2,2].
[[3,8,0,1,2,1,1,1,1],7,1].
[[2,4,1,1,2,0,0,0,0],3,0].
[[3,6,0,0,0,0,1,1,0],5,1].
[[3,3,1,1,2,0,2,3,0],4,0].
[[2,7,1,1,2,0,2,2,1],9,4].
[[3,6,1,1,2,0,0,0,0],7,1].
[[3,2,0,1,2,1,2,2,2],1,0].
[[1,8,0,1,2,1,2,2,1],10,1].
[[3,8,1,1,1,0,2,1,1],3,2].
[[1,6,1,0,0,0,2,1,0],7,0].
[[1,7,1,1,2,1,2,2,2],3,0].
[[3,7,0,1,2,0,0,0,0],7,8].
[[3,3,2,1,2,0,2,1,2],8,0].
[[2,7,2,1,1,1,0,0,0],14,1].
[[2,7,1,1,2,0,1,1,2],4,1].
[[3,3,1,1,1,1,2,3,2],5,0].
[[3,7,1,1,1,0,1,2,0],5,5].
[[3,3,2,1,2,0,2,3,2],5,0].
[[2,6,0,0,0,0,1,2,2],3,1].
[[3,7,2,1,1,0,2,3,2],7,8].
[[3,7,2,0,0,0,2,2,0],24,0].
[[3,5,0,1,2,0,1,2,0],11,0].
[[3,9,2,1,1,0,2,3,2],2,8].
[[2,8,1,1,1,0,1,1,2],0,3].
[[3,7,2,0,0,0,2,1,0],14,0].
[[1,7,1,1,2,1,2,1,0],1,1].
[[2,5,0,1,1,1,1,1,0],8,0].
[[3,3,1,1,2,0,1,2,0],1,0].
[[2,7,1,0,0,0,1,1,2],12,1].
[[3,2,1,0,0,0,2,2,2],1,0].
[[2,7,0,1,2,1,2,3,1],1,0].
[[3,3,1,1,2,1,1,2,0],8,0].
[[1,9,2,1,2,0,1,2,1],3,2].
[[3,8,0,1,1,0,1,2,1],1,1].
[[1,6,1,0,0,0,2,1,2],20,0].
[[1,6,1,1,2,1,2,2,0],3,1].
[[2,7,1,1,2,0,1,1,1],2,1].
[[3,7,1,1,1,0,1,1,1],2,0].
[[3,6,1,1,2,0,1,1,0],5,0].
[[1,8,1,1,2,0,1,1,2],1,4].
[[1,6,1,0,0,0,2,2,1],11,1].
[[2,7,1,1,1,1,2,1,0],6,0].
[[2,3,1,0,0,0,2,3,0],5,0].
[[1,9,2,1,2,0,1,1,0],12,12].
[[2,9,2,1,2,0,2,1,1],5,2].
[[3,8,0,1,2,0,2,1,1],9,3].
[[3,3,1,0,0,0,2,3,2],9,0].
[[2,3,2,0,0,0,2,1,0],4,0].
[[2,4,1,1,2,0,2,1,0],11,0].
[[3,7,0,1,2,0,1,2,0],6,2].
[[3,7,1,0,0,0,1,1,1],6,1].
[[3,7,0,1,2,0,2,2,0],8,5].
[[3,7,2,0,0,0,1,1,0],5,6].
[[3,7,0,1,1,1,1,2,0],5,1].
[[1,8,1,1,1,1,2,1,0],12,0].
[[2,7,2,1,1,1,1,2,0],3,1].
[[3,6,0,1,2,0,1,2,2],2,0].
[[3,8,0,0,0,0,1,2,1],12,3].
[[3,6,0,1,2,0,1,2,0],4,1].
[[2,5,0,1,2,0,2,1,0],6,2].
[[3,5,0,1,1,0,2,1,0],2,2].
[[1,7,2,1,2,0,2,1,2],5,2].
[[2,4,1,1,2,0,2,2,0],16,0].
[[3,1,1,1,2,0,1,2,1],1,0].
[[1,8,0,0,0,0,1,2,1],1,1].
[[3,7,0,1,2,1,1,2,1],1,0].
[[3,6,1,0,0,0,1,1,1],2,0].
[[3,6,1,0,0,0,1,1,2],11,0].
[[2,8,1,1,1,0,2,2,1],5,0].
[[3,7,0,1,1,1,0,0,0],5,5].
[[2,7,0,1,2,1,2,2,0],9,1].
[[1,7,1,0,0,0,2,1,1],5,0].
[[3,7,1,1,2,0,1,1,1],8,2].
[[3,7,0,0,0,0,1,2,1],1,0].
[[1,9,2,1,2,1,1,1,1],4,1].
[[2,8,0,1,2,1,1,1,1],4,0].
[[2,3,2,1,2,0,0,0,0],4,0].
[[3,3,2,1,2,0,2,3,0],1,0].
[[3,7,0,0,0,0,1,2,2],4,3].
[[2,3,1,1,2,1,2,3,0],5,0].
[[2,6,1,1,2,1,1,1,2],4,0].
[[2,6,1,1,2,0,1,1,0],1,0].
[[3,2,1,1,2,0,1,1,0],1,0].
[[2,7,1,1,1,1,1,1,2],3,1].
[[3,3,1,1,1,1,1,1,2],2,0].
[[3,6,0,1,2,0,2,3,1],2,0].
[[3,3,0,1,2,1,0,0,0],0,4].
[[3,4,0,1,2,0,1,2,2],0,2].
[[1,8,0,0,0,0,2,1,1],3,3].
[[3,6,0,1,1,1,1,2,2],3,3].
[[2,7,0,0,0,0,2,3,2],8,4].
[[3,6,1,1,1,1,2,3,1],11,2].
[[3,7,0,0,0,0,2,3,2],17,6].
[[3,5,0,1,2,0,2,1,0],11,1].
[[1,8,1,1,1,1,1,2,1],2,0].
[[2,7,1,1,1,1,1,2,1],3,0].
[[3,7,0,1,2,0,1,1,2],2,2].
[[3,2,1,0,0,0,2,3,2],1,0].
[[3,3,2,1,2,1,2,2,0],4,0].
[[2,3,2,1,2,1,2,3,2],3,0].
[[1,7,2,1,2,0,2,3,0],1,1].
[[2,7,0,1,2,1,2,2,2],3,4].
[[3,7,0,1,1,1,1,1,2],0,3].
[[3,8,0,1,1,0,1,2,2],0,7].
[[3,9,2,0,0,0,2,1,1],2,6].
[[2,9,2,1,1,0,0,0,0],0,3].
[[1,8,1,1,1,1,1,1,2],3,0].
[[2,8,1,1,1,0,2,1,0],2,2].
[[3,7,2,1,1,0,2,1,0],3,0].
[[3,3,2,0,0,0,1,2,0],5,0].
[[3,7,0,1,1,1,2,2,2],11,2].
[[3,3,1,0,0,0,2,2,0],5,0].
[[3,7,1,1,1,0,2,1,0],4,3].
[[2,7,2,1,1,0,2,1,2],4,1].
[[3,7,0,1,1,1,2,1,1],1,0].
[[1,6,1,0,0,0,2,2,0],17,1].
[[2,6,1,1,2,1,1,2,0],3,3].
[[1,9,2,1,2,0,1,1,2],3,11].
[[2,9,2,1,1,0,1,1,2],0,3].
[[3,3,1,1,2,0,2,3,1],5,0].
[[1,7,1,0,0,0,1,2,2],1,0].
[[3,3,2,1,2,1,1,2,2],15,0].
[[3,3,1,0,0,0,2,3,0],17,0].
[[2,8,1,1,1,0,2,3,0],3,4].
[[3,6,0,0,0,0,1,1,2],2,1].
[[3,3,2,1,2,0,1,2,0],2,0].
[[3,7,1,1,1,0,2,1,2],3,6].
[[1,7,2,1,2,0,2,2,2],3,3].
[[1,7,2,0,0,0,1,2,0],5,0].
[[3,3,2,1,2,1,1,2,0],4,0].
[[2,6,1,1,2,0,0,0,0],20,3].
[[2,8,0,1,1,1,2,3,1],6,5].
[[1,8,1,1,1,1,1,1,0],1,0].
[[3,8,0,1,1,0,2,3,1],1,2].
[[1,7,1,1,2,1,2,1,1],1,0].
[[2,7,1,1,2,0,1,1,0],1,2].
[[3,7,1,1,2,0,2,1,1],7,1].
[[2,7,1,1,1,1,2,2,0],8,0].
[[2,7,0,0,0,0,2,1,2],6,2].
[[2,3,1,0,0,0,2,2,2],3,0].
[[3,2,1,0,0,0,0,0,0],6,0].
[[3,6,1,1,1,1,1,1,0],3,1].
[[3,6,1,1,1,0,2,2,2],0,1].
[[1,8,1,1,2,0,1,2,2],7,1].
[[3,2,1,1,2,1,2,3,2],3,0].
[[2,5,0,1,2,1,1,2,1],8,0].
[[3,6,1,1,1,1,1,2,1],4,0].
[[2,8,0,1,1,1,1,2,1],2,1].
[[3,3,1,0,0,0,2,1,0],5,0].
[[1,8,1,1,2,0,1,2,1],4,2].
[[2,3,2,0,0,0,2,2,0],3,0].
[[3,3,2,0,0,0,2,2,0],6,0].
[[3,4,0,1,2,0,2,3,2],0,3].
[[3,8,0,1,1,0,2,1,2],4,8].
[[2,7,1,1,2,0,1,2,0],6,0].
[[3,2,0,1,2,1,0,0,0],2,0].
[[2,7,1,1,2,1,1,2,1],9,0].
[[3,4,0,1,2,0,1,2,0],0,4].
[[2,3,2,0,0,0,2,2,2],14,0].
[[3,6,0,1,2,1,2,3,1],2,2].
[[3,6,0,1,2,0,2,2,0],5,0].
[[3,3,1,0,0,0,1,2,0],4,0].
[[3,6,0,0,0,0,2,2,1],2,0].
[[3,3,1,1,2,1,1,2,2],6,0].
[[1,5,0,0,0,0,2,1,0],14,0].
[[1,6,1,0,0,0,2,1,1],3,0].
[[3,9,2,1,2,0,1,1,1],1,1].
[[2,8,1,1,1,0,2,3,1],6,3].
[[1,8,0,1,2,1,1,1,0],6,5].
[[2,7,2,1,2,0,2,1,0],6,1].
[[3,2,1,1,2,1,2,3,0],3,0].
[[1,8,1,1,1,1,2,2,1],2,0].
[[2,3,2,1,2,1,1,1,2],1,0].
[[2,9,2,1,1,0,2,3,0],3,8].
[[2,9,2,1,1,0,1,2,2],2,10].
[[2,9,2,1,1,1,2,1,1],5,2].
[[3,8,0,1,1,1,2,1,1],4,1].
[[1,8,0,1,2,1,2,1,1],2,0].
[[2,6,0,1,2,1,2,1,1],1,0].
[[1,6,1,1,2,1,2,3,1],7,0].
[[2,6,1,1,2,1,1,2,1],3,0].
[[3,3,1,1,2,0,2,1,1],1,0].
[[3,3,1,1,1,1,2,1,2],7,1].
[[3,7,1,1,1,0,2,2,0],5,2].
[[3,6,1,1,2,0,1,2,1],5,0].
[[3,7,0,1,1,1,1,2,2],2,2].
[[3,6,1,1,1,0,1,2,0],1,1].
[[3,4,1,1,2,0,2,1,1],8,0].
[[2,7,1,0,0,0,1,1,1],4,1].
[[2,6,1,1,2,1,2,2,1],8,0].
[[2,6,0,0,0,0,2,2,0],4,5].
[[2,7,2,1,1,1,2,3,2],6,1].
[[3,6,0,1,1,1,2,1,2],2,2].
[[2,5,0,1,1,1,1,1,1],2,0].
[[2,8,1,1,1,0,1,2,2],3,3].
[[1,8,1,1,2,0,1,1,0],2,2].
[[2,8,1,1,1,0,1,1,0],2,2].
[[2,8,0,1,1,1,2,1,1],1,0].
[[2,7,0,1,2,1,1,2,0],2,0].
[[3,6,1,1,1,1,1,1,2],2,0].
[[3,7,0,1,2,0,2,2,1],2,0].
[[3,6,0,1,1,1,2,3,2],4,1].
[[3,7,0,1,2,0,2,1,2],2,3].
[[1,8,1,1,2,1,1,1,0],8,5].
[[2,9,2,1,1,0,2,1,0],3,2].
[[3,6,0,1,1,1,0,0,0],0,5].
[[2,7,2,1,1,0,2,2,0],1,0].
[[3,2,1,0,0,0,2,1,2],3,0].
[[3,6,1,1,1,0,2,2,1],3,0].
[[3,8,1,1,2,0,1,1,1],8,2].
[[3,9,2,1,1,0,1,2,1],1,3].
[[3,3,2,0,0,0,2,1,0],6,0].
[[1,6,0,0,0,0,2,3,0],3,1].
[[2,7,0,0,0,0,1,2,0],1,0].
[[3,6,1,1,1,1,0,0,0],6,0].
[[3,9,2,1,1,1,2,1,1],3,3].
[[2,3,2,1,2,1,2,2,2],6,0].
[[2,6,1,0,0,0,1,1,2],5,0].
[[2,2,0,0,0,0,0,0,0],3,0].
[[2,5,0,1,2,0,1,1,1],3,1].
[[3,3,1,1,2,0,2,1,0],1,0].
[[2,5,0,1,1,1,1,2,1],1,0].
[[2,6,1,1,2,0,1,2,0],1,0].
[[3,3,2,1,2,0,2,2,2],3,0].
[[3,3,0,0,0,0,2,3,0],0,1].
[[3,1,1,1,2,0,1,1,2],2,0].
[[2,8,0,1,2,0,1,2,1],5,0].
[[1,6,1,1,2,1,2,3,0],2,0].
[[3,6,1,1,1,0,2,3,0],0,2].
[[3,6,0,1,1,1,2,2,2],2,3].
[[3,9,2,0,0,0,1,1,1],1,0].
[[2,6,0,1,2,1,1,2,2],1,1].
[[1,6,1,1,2,1,2,1,1],1,0].
[[1,5,0,0,0,0,1,2,1],2,0].
[[1,7,2,1,2,0,2,2,0],0,1].
[[3,3,1,1,2,0,2,2,1],2,0].
[[2,7,2,1,1,1,2,2,0],1,0].
[[3,8,0,1,1,0,2,1,0],2,6].
[[3,8,1,1,1,0,0,0,0],0,4].
[[3,9,2,1,2,1,0,0,0],0,4].
[[1,8,1,1,1,1,1,1,1],1,1].
[[3,2,1,1,2,1,2,2,0],2,0].
[[1,6,0,0,0,0,2,2,2],3,1].
[[2,7,2,1,2,1,2,1,0],10,1].
[[3,9,2,1,2,0,2,1,1],0,3].
[[3,3,1,1,2,1,2,1,1],3,0].
[[2,3,1,0,0,0,2,2,1],3,0].
[[3,3,2,1,1,0,0,0,0],4,0].
[[2,6,0,1,2,1,2,2,0],3,2].
[[3,6,1,1,2,0,2,1,1],1,1].
[[3,3,2,1,1,0,2,1,2],3,0].
[[3,6,0,1,1,1,1,1,2],0,1].
[[2,5,0,1,2,0,1,2,1],4,1].
[[3,5,0,1,1,0,1,2,1],2,1].
[[2,9,2,1,1,0,2,2,2],1,4].
[[3,7,0,1,2,0,2,3,2],9,3].
[[2,6,1,1,1,1,2,3,0],1,0].
[[3,6,0,1,2,0,2,1,2],3,2].
[[3,6,0,1,1,1,2,3,1],2,1].
[[2,3,2,1,2,0,2,2,2],1,0].
[[3,2,1,1,1,1,0,0,0],1,0].
[[1,7,2,1,2,0,2,3,2],4,0].
[[2,6,1,1,2,0,2,2,2],2,1].
[[2,3,1,0,0,0,2,1,0],1,0].
[[3,3,1,1,2,1,1,1,0],3,0].
[[1,9,2,1,1,1,2,1,1],2,0].
[[2,4,1,1,2,0,2,1,1],2,0].
[[3,6,1,1,2,0,1,1,2],4,1].
[[3,8,0,1,1,0,2,1,1],1,1].
[[1,6,1,1,2,1,2,2,2],5,0].
[[2,6,1,1,1,1,2,2,2],2,0].
[[2,7,2,1,1,1,1,1,2],1,0].
[[1,7,1,1,2,1,2,3,1],8,0].
[[2,3,1,1,2,1,2,3,1],1,0].
[[3,6,1,1,1,0,0,0,0],1,0].
[[2,6,0,1,2,1,2,3,1],2,0].
[[3,2,1,1,2,0,2,2,0],1,0].
[[3,4,0,1,2,0,2,1,2],0,4].
[[3,3,2,1,1,0,1,1,2],1,0].
[[1,7,2,1,2,0,1,2,2],1,0].
[[1,6,0,0,0,0,2,3,2],1,2].
[[3,2,1,0,0,0,2,3,1],2,0].
[[2,3,1,1,2,1,2,1,2],1,0].
[[3,7,2,1,1,0,1,1,0],1,1].
[[1,7,2,1,2,1,2,1,0],1,0].
[[3,3,2,1,1,1,0,0,0],3,0].
[[2,7,0,0,0,0,2,2,1],2,0].
[[2,7,2,1,1,1,1,2,2],3,0].
[[2,6,0,0,0,0,1,1,0],1,1].
[[2,8,0,1,1,1,1,1,1],1,0].
[[2,6,0,1,2,1,2,2,1],1,0].
[[2,7,0,0,0,0,1,1,0],1,0].
[[1,7,1,0,0,0,1,1,1],1,0].
[[2,7,0,0,0,0,2,3,1],1,0].
[[1,7,2,1,2,0,2,1,0],1,1].
[[2,7,2,1,1,0,2,1,0],0,1].
[[2,2,1,1,2,1,2,1,2],1,0].
[[3,2,1,1,2,1,2,1,2],1,0].
[[2,3,2,0,0,0,1,2,2],4,0].
[[2,3,1,1,2,1,2,3,2],1,0].
[[3,6,0,1,2,0,2,2,2],2,3].
[[2,3,1,1,2,1,2,2,2],1,0].
[[3,2,1,1,2,1,1,2,2],1,0].
[[3,9,2,0,0,0,0,0,0],0,1].
[[2,8,1,1,1,0,1,1,1],1,0].
[[2,9,2,1,1,0,1,2,1],0,1].
[[1,7,1,0,0,0,1,2,1],2,1].
[[2,3,1,0,0,0,1,2,1],2,0].
[[3,3,1,0,0,0,1,2,1],2,0].
[[2,9,2,1,1,0,2,2,1],1,1].
[[3,5,0,1,1,0,1,2,0],1,0].
[[1,7,1,0,0,0,1,2,0],2,2].
[[2,7,2,1,1,0,2,3,2],4,1].
[[3,3,1,0,0,0,1,1,1],1,0].
[[1,7,1,1,2,1,1,2,1],1,1].
[[3,7,1,1,1,0,1,2,1],1,2].
[[2,7,2,1,1,0,2,2,2],1,2].
[[3,4,0,1,2,0,1,1,2],0,1].
[[2,3,2,1,2,1,2,3,0],1,0].
[[1,7,1,1,2,1,1,2,0],1,1].
[[2,3,2,0,0,0,2,3,0],1,0].
[[2,3,2,1,2,0,2,2,0],1,0].
[[1,7,2,1,2,0,1,1,2],1,0].
[[2,3,2,1,2,0,1,1,2],3,0].
[[3,3,2,1,2,0,1,1,2],3,0].
[[3,3,1,1,1,1,1,2,1],1,0].
[[3,2,1,0,0,0,2,1,0],1,0].
[[2,6,1,1,2,0,2,1,0],2,0].
[[2,7,1,1,2,0,1,2,2],5,0].
[[3,3,1,1,2,0,1,2,2],2,0].
[[2,6,1,1,1,1,2,3,1],2,0].
[[3,6,0,1,2,0,1,1,0],0,1].
[[3,6,1,1,1,0,2,1,2],1,4].
[[2,6,1,1,1,1,2,3,2],1,0].
[[3,2,0,0,0,0,2,1,2],1,0].
[[3,2,0,1,2,1,2,2,0],2,0].
[[3,8,0,1,2,0,1,1,1],1,1].
[[2,3,1,0,0,0,2,3,2],3,0].
[[3,3,1,1,1,1,2,2,0],1,0].
[[2,8,0,1,2,0,2,1,1],1,0].
[[1,3,2,0,0,0,2,2,2],1,0].
[[2,6,1,1,1,1,2,1,2],4,0].
[[2,2,1,0,0,0,2,3,2],1,0].
[[3,3,0,1,2,1,2,2,2],0,1].
[[1,5,0,1,2,1,1,1,0],2,0].
[[2,7,0,0,0,0,1,2,2],1,1].
[[2,7,2,1,2,0,1,2,0],5,0].
[[3,6,1,1,1,0,2,3,1],2,0].
[[1,8,1,1,1,1,1,2,0],1,0].
[[2,3,2,0,0,0,1,2,0],1,0].
[[3,6,1,1,1,0,1,2,1],1,0].
[[2,2,1,0,0,0,2,3,1],1,0].
[[2,6,0,1,2,1,1,1,0],1,0].
[[1,5,0,1,2,0,1,1,0],2,0].
[[1,6,1,1,2,1,2,1,0],1,1].
[[2,2,1,0,0,0,2,1,2],1,0].
[[3,2,1,0,0,0,1,1,2],1,0].
[[2,6,1,1,2,0,2,1,1],0,1].
[[3,6,1,1,1,0,2,1,1],0,1].
[[3,6,0,1,1,1,1,1,0],0,1].
[[3,3,2,1,1,0,2,3,2],1,0].
[[3,2,1,1,2,0,2,3,0],1,0].
[[3,6,1,1,1,1,1,1,1],2,0].
[[3,3,0,0,0,0,2,2,2],0,1].
[[3,2,1,1,2,1,2,1,0],1,0].
[[1,7,2,0,0,0,1,1,0],1,0].
[[3,2,1,0,0,0,1,2,1],1,0].
[[2,6,1,1,1,1,1,1,0],1,0].
[[2,7,1,1,1,1,1,1,1],0,2].
[[3,7,0,1,2,1,2,1,1],2,0].
[[1,7,1,1,2,1,2,2,1],2,0].
[[1,5,0,1,2,1,1,1,1],1,0].
[[3,7,1,1,1,0,1,2,2],1,1].
[[3,6,1,1,1,1,2,1,1],0,1].
[[1,3,2,0,0,0,1,2,2],1,0].
[[3,8,0,1,1,0,0,0,0],0,3].
[[3,9,2,1,1,1,1,1,1],1,1].
[[2,3,1,0,0,0,2,3,1],1,0].
[[1,9,2,1,2,0,1,1,1],1,0].
[[1,7,1,1,2,1,1,1,2],1,0].
[[1,9,2,1,2,0,2,1,1],2,0].
[[2,5,0,1,1,1,1,2,0],0,1].
[[1,7,2,1,2,1,1,2,0],1,1].
[[3,3,1,1,1,1,2,3,0],2,0].
[[3,3,1,0,0,0,2,1,1],1,0].
[[2,6,0,0,0,0,2,2,1],1,0].
[[3,3,0,1,2,1,2,1,0],0,1].
[[2,3,1,0,0,0,2,1,2],1,0].
[[3,3,1,0,0,0,1,2,2],1,0].
[[3,7,0,1,2,1,1,1,1],1,0].
[[3,8,0,1,1,0,2,2,1],1,0].
[[3,6,1,1,1,0,1,2,2],1,0].
[[2,5,0,1,1,0,2,1,0],1,0].
[[2,7,2,0,0,0,1,1,0],1,0].
[[2,6,1,1,1,1,1,1,2],1,0].
[[1,5,0,1,2,0,1,1,2],0,1].
[[2,6,1,1,1,1,1,2,0],1,0].
[[3,3,1,1,1,1,1,2,0],1,0].
[[2,4,1,1,2,0,1,1,1],1,0].
[[2,7,2,1,2,0,1,1,0],1,0].
[[1,7,2,1,2,1,1,1,2],1,0].
[[2,6,0,1,2,1,1,1,2],1,0].
[[2,7,2,1,1,0,1,2,2],1,0].
