total_WL(12654,22575).
[[1,8,1,1,2,1,2,1,0],36,20].
[[2,8,1,1,1,1,2,1,0],20,15].
[[3,4,1,1,2,0,2,1,0],32,12].
[[1,9,2,1,2,1,0,0,0],133,687].
[[2,8,0,1,2,1,0,0,0],36,383].
[[3,8,0,1,1,1,2,3,0],7,239].
[[1,8,0,0,0,0,2,3,0],101,254].
[[2,7,0,0,0,0,2,3,0],1,10].
[[3,7,0,1,2,1,2,3,0],4,84].
[[1,9,2,0,0,0,0,0,0],260,1502].
[[2,9,1,1,2,1,0,0,0],3,51].
[[3,8,0,1,2,1,0,0,0],1,104].
[[1,9,2,0,0,0,2,3,0],508,1682].
[[2,9,1,0,0,0,2,3,0],104,560].
[[3,8,0,1,2,1,2,3,0],44,777].
[[1,8,1,1,2,1,0,0,0],342,315].
[[2,7,1,1,2,1,0,0,0],127,149].
[[3,7,1,1,1,1,0,0,0],14,27].
[[1,7,1,0,0,0,0,0,0],225,145].
[[2,7,1,0,0,0,0,0,0],196,171].
[[3,7,1,1,2,0,0,0,0],34,37].
[[1,8,0,0,0,0,0,0,0],277,1231].
[[2,8,0,1,2,0,2,1,1],1,29].
[[3,8,0,1,1,0,2,2,1],1,8].
[[2,9,1,0,0,0,2,2,0],64,411].
[[3,9,0,1,2,1,1,2,0],0,67].
[[2,8,0,0,0,0,0,0,0],40,387].
[[3,7,1,0,0,0,2,3,1],86,74].
[[2,6,0,0,0,0,0,0,0],12,49].
[[3,6,0,0,0,0,2,2,0],0,15].
[[1,8,1,1,2,1,2,3,1],150,102].
[[2,8,1,1,2,1,2,3,1],225,188].
[[3,8,1,1,2,1,2,1,0],82,121].
[[1,9,2,0,0,0,1,2,0],107,462].
[[2,9,1,0,0,0,1,1,0],13,148].
[[3,9,1,1,2,1,1,1,0],13,228].
[[1,9,2,1,2,1,2,3,2],141,494].
[[2,9,1,1,2,1,1,2,2],67,237].
[[3,9,1,1,2,1,1,2,2],6,264].
[[1,9,2,0,0,0,2,3,1],230,966].
[[2,9,2,1,2,1,2,3,1],15,139].
[[3,9,1,1,2,1,2,2,0],11,362].
[[1,9,2,1,2,1,2,3,1],104,360].
[[3,7,1,1,2,1,2,3,1],186,130].
[[3,7,1,0,0,0,2,1,1],46,40].
[[1,9,2,0,0,0,1,2,1],137,352].
[[2,9,2,0,0,0,1,2,1],36,134].
[[3,8,1,1,2,0,1,2,1],136,130].
[[1,9,2,0,0,0,2,2,0],309,1102].
[[2,9,1,1,1,1,0,0,0],1,16].
[[3,9,1,1,1,1,2,3,0],4,176].
[[2,9,1,0,0,0,0,0,0],5,61].
[[1,8,1,0,0,0,1,2,0],38,23].
[[2,8,1,0,0,0,1,1,0],32,32].
[[3,8,1,1,2,0,1,1,0],19,27].
[[1,8,1,0,0,0,2,2,1],487,303].
[[2,8,1,0,0,0,2,2,1],209,200].
[[3,8,1,0,0,0,1,2,1],167,139].
[[1,8,1,0,0,0,2,3,2],727,476].
[[2,8,1,0,0,0,2,1,1],153,154].
[[3,8,1,1,2,1,2,1,1],58,70].
[[2,8,0,0,0,0,2,3,0],101,458].
[[1,8,0,1,2,1,2,2,1],12,35].
[[2,8,0,1,2,1,2,2,1],18,166].
[[3,8,0,1,2,1,2,2,1],9,160].
[[1,9,2,0,0,0,2,3,2],324,1244].
[[2,8,0,0,0,0,2,3,2],43,366].
[[3,8,0,1,2,1,1,1,1],15,150].
[[1,8,1,0,0,0,1,2,2],147,78].
[[2,8,1,1,2,0,1,2,2],48,36].
[[3,8,1,1,2,1,1,2,2],199,167].
[[1,8,1,0,0,0,2,3,0],305,157].
[[2,8,1,1,2,0,2,3,0],71,69].
[[3,8,1,1,1,0,1,2,0],13,22].
[[1,8,1,0,0,0,0,0,0],1014,933].
[[2,8,1,0,0,0,2,3,1],320,246].
[[3,8,1,0,0,0,2,3,1],64,67].
[[1,8,0,0,0,0,2,3,2],114,452].
[[3,7,0,1,2,1,2,3,2],7,49].
[[2,7,1,1,2,1,2,2,1],67,34].
[[3,7,1,1,2,1,2,2,1],113,108].
[[2,8,1,0,0,0,2,2,0],226,147].
[[3,7,1,1,2,1,2,2,0],112,60].
[[1,9,2,0,0,0,2,1,0],135,496].
[[2,9,1,1,2,1,2,1,0],29,221].
[[2,8,1,0,0,0,2,3,2],342,250].
[[3,8,1,0,0,0,2,2,1],43,49].
[[1,8,1,0,0,0,2,1,1],267,182].
[[3,8,1,1,2,0,1,1,1],67,83].
[[2,9,2,1,2,1,2,3,0],52,333].
[[2,9,2,0,0,0,2,3,2],14,121].
[[3,9,1,0,0,0,2,2,0],7,146].
[[1,8,1,0,0,0,2,3,1],520,285].
[[2,8,1,1,2,1,2,2,0],145,112].
[[3,8,1,1,2,1,2,2,0],134,199].
[[2,8,0,0,0,0,2,2,0],50,272].
[[3,8,0,1,2,1,2,2,0],20,464].
[[2,9,1,0,0,0,2,3,1],15,97].
[[3,9,1,0,0,0,2,1,0],3,68].
[[1,3,2,0,0,0,0,0,0],29,0].
[[2,3,2,1,2,0,0,0,0],5,1].
[[3,3,2,1,2,0,0,0,0],12,0].
[[2,8,0,1,2,1,2,2,0],49,285].
[[3,7,1,1,2,1,1,2,1],195,73].
[[2,8,0,0,0,0,1,2,0],20,135].
[[3,8,0,0,0,0,1,2,0],13,163].
[[1,8,1,0,0,0,1,2,1],184,105].
[[2,8,1,1,2,1,1,2,1],213,142].
[[3,8,1,1,1,1,1,2,1],128,139].
[[2,9,2,0,0,0,2,2,0],41,227].
[[1,8,0,1,2,1,1,2,2],8,21].
[[2,5,0,1,2,1,1,1,1],97,13].
[[3,5,0,1,1,1,1,1,1],88,15].
[[3,6,0,1,2,1,2,3,0],0,42].
[[3,9,1,1,2,0,1,2,0],14,163].
[[2,8,1,0,0,0,2,3,0],307,195].
[[3,8,1,0,0,0,1,1,1],81,94].
[[1,9,2,1,2,1,2,3,0],217,664].
[[2,9,1,1,1,1,1,2,0],36,67].
[[3,9,1,1,1,1,1,2,0],15,238].
[[1,9,2,1,2,1,2,2,0],141,450].
[[2,9,1,1,2,1,2,3,0],103,621].
[[3,9,1,1,2,1,2,3,0],20,463].
[[2,7,1,1,2,1,2,3,1],71,35].
[[3,7,1,1,2,1,2,3,0],168,97].
[[2,9,2,0,0,0,2,2,1],16,99].
[[3,9,1,1,2,0,1,2,1],7,183].
[[3,9,1,1,2,1,2,1,0],7,194].
[[3,8,0,0,0,0,1,1,0],0,58].
[[1,8,0,0,0,0,2,2,1],32,122].
[[1,8,1,1,2,1,2,2,1],162,95].
[[2,8,1,1,2,1,2,2,1],175,194].
[[2,8,1,0,0,0,1,1,1],123,113].
[[2,8,1,1,2,1,1,2,2],143,89].
[[3,8,1,1,1,1,1,2,2],64,61].
[[3,8,0,1,2,1,1,2,0],23,421].
[[1,8,0,1,2,1,0,0,0],100,374].
[[2,8,0,1,2,1,2,3,0],75,390].
[[2,9,1,1,2,1,1,2,1],66,305].
[[3,8,0,1,1,1,1,2,1],10,134].
[[1,6,1,0,0,0,2,1,1],19,0].
[[2,6,1,1,2,0,1,2,1],6,1].
[[3,6,1,1,2,0,1,2,1],24,1].
[[1,9,2,1,2,1,1,2,0],61,168].
[[2,9,2,1,2,1,1,2,0],22,138].
[[3,8,0,1,1,1,1,2,0],9,132].
[[1,9,2,1,2,1,2,1,1],63,200].
[[2,9,2,1,2,1,2,2,0],33,221].
[[1,9,2,1,2,1,1,1,1],34,53].
[[2,8,0,1,2,1,1,1,1],11,34].
[[1,8,1,1,1,1,0,0,0],40,25].
[[2,7,1,1,1,1,0,0,0],15,12].
[[3,7,1,1,1,1,2,1,1],21,24].
[[2,9,1,1,2,1,2,3,1],12,104].
[[3,8,0,1,2,1,2,3,1],10,217].
[[2,8,1,0,0,0,0,0,0],127,174].
[[3,8,1,0,0,0,2,1,1],18,27].
[[1,9,2,1,1,1,2,3,0],37,75].
[[2,4,1,1,2,0,1,2,0],6,5].
[[3,4,1,1,2,0,1,2,0],73,25].
[[3,9,1,1,2,1,1,2,1],32,476].
[[2,3,1,0,0,0,0,0,0],33,10].
[[3,3,1,1,2,1,0,0,0],42,13].
[[2,7,0,1,2,1,0,0,0],5,40].
[[3,7,0,1,2,1,0,0,0],3,101].
[[2,9,2,1,2,0,2,2,0],10,69].
[[3,8,1,1,2,1,1,1,1],158,198].
[[1,9,2,0,0,0,2,1,1],139,515].
[[2,9,1,0,0,0,1,2,1],50,286].
[[3,8,0,1,2,1,1,2,1],18,385].
[[3,9,1,1,2,0,2,2,0],5,98].
[[2,8,1,1,2,1,2,1,1],126,125].
[[2,8,1,1,1,1,2,2,0],34,19].
[[3,8,1,1,1,1,1,2,0],62,44].
[[2,8,1,1,2,1,2,1,0],95,56].
[[3,7,1,1,2,1,2,1,0],59,23].
[[2,8,0,0,0,0,2,3,1],34,269].
[[3,8,0,0,0,0,1,2,1],10,160].
[[1,8,1,1,2,0,0,0,0],55,67].
[[2,8,1,1,2,0,2,1,1],30,47].
[[3,8,1,1,2,0,2,1,0],30,43].
[[3,8,0,0,0,0,2,2,0],13,229].
[[2,8,1,1,1,1,0,0,0],20,22].
[[3,8,1,1,1,1,2,2,1],32,54].
[[2,8,1,1,1,1,2,3,2],53,28].
[[3,4,1,1,2,0,2,2,1],30,9].
[[3,8,1,0,0,0,2,3,0],87,123].
[[1,9,2,1,2,1,2,1,0],70,240].
[[2,8,0,1,2,1,2,1,0],22,140].
[[2,9,2,0,0,0,2,1,0],12,102].
[[3,8,0,1,2,1,2,1,0],12,252].
[[3,8,1,1,2,1,1,2,1],360,339].
[[2,9,1,1,1,1,1,1,0],5,33].
[[3,4,1,1,2,0,1,1,0],28,14].
[[2,9,1,1,2,0,0,0,0],0,11].
[[3,9,1,1,2,0,2,3,0],5,113].
[[1,8,0,1,2,1,2,2,0],15,63].
[[2,7,0,1,2,1,2,2,0],0,4].
[[3,7,0,1,2,1,1,1,1],0,11].
[[2,9,1,1,2,1,1,2,0],68,333].
[[1,8,1,1,2,1,2,1,1],106,56].
[[2,8,1,1,1,1,2,1,1],33,21].
[[3,4,1,1,2,0,1,1,1],54,19].
[[2,9,1,1,2,0,2,2,0],11,97].
[[3,8,0,1,2,0,2,2,0],11,143].
[[2,7,1,0,0,0,1,2,2],38,18].
[[2,8,1,1,2,1,1,1,1],111,89].
[[1,9,2,1,1,1,1,2,2],20,23].
[[2,9,1,1,1,1,1,2,1],29,63].
[[3,4,1,1,2,0,1,2,1],85,32].
[[1,8,0,0,0,0,2,3,1],43,172].
[[2,7,1,0,0,0,2,3,1],95,63].
[[2,9,1,1,1,1,2,1,0],22,51].
[[3,9,1,1,1,1,2,1,0],2,67].
[[2,9,2,1,2,0,2,3,0],5,77].
[[3,8,1,1,2,1,2,3,1],110,131].
[[1,7,2,0,0,0,0,0,0],219,26].
[[2,7,2,0,0,0,2,3,2],130,16].
[[3,7,2,1,2,0,2,3,2],54,8].
[[1,9,2,1,2,1,1,1,0],9,55].
[[2,8,0,1,2,1,1,1,0],5,46].
[[3,7,1,1,2,1,1,1,0],19,8].
[[2,6,1,1,2,1,0,0,0],78,7].
[[1,9,2,0,0,0,1,1,0],22,139].
[[2,5,0,0,0,0,1,1,0],7,2].
[[3,5,0,1,2,0,1,1,0],17,10].
[[2,9,1,1,2,1,2,2,0],63,388].
[[3,9,1,1,1,1,1,1,0],4,100].
[[1,6,0,0,0,0,0,0,0],10,41].
[[3,3,1,0,0,0,2,1,1],12,1].
[[1,7,1,0,0,0,2,1,1],14,10].
[[2,7,1,0,0,0,2,3,0],60,30].
[[3,7,1,1,2,0,1,2,0],28,8].
[[3,9,0,1,1,1,1,2,0],0,23].
[[1,6,1,0,0,0,0,0,0],226,19].
[[2,3,2,0,0,0,0,0,0],30,0].
[[3,3,1,0,0,0,0,0,0],26,7].
[[2,8,1,0,0,0,1,2,1],284,181].
[[3,8,1,1,2,0,2,3,1],40,46].
[[1,6,1,0,0,0,2,3,2],67,10].
[[2,6,1,0,0,0,2,3,2],66,9].
[[3,3,2,1,2,1,2,3,2],32,1].
[[2,9,2,1,1,1,2,3,0],10,63].
[[3,7,1,1,2,1,2,1,1],84,83].
[[1,9,2,1,2,1,1,2,2],96,210].
[[3,7,1,1,2,1,2,3,2],220,112].
[[1,9,2,0,0,0,2,2,1],190,707].
[[3,9,0,0,0,0,1,2,0],0,22].
[[2,9,2,0,0,0,2,1,1],16,77].
[[3,8,0,1,2,1,2,1,1],9,113].
[[2,8,0,1,2,1,1,2,0],17,112].
[[1,8,0,0,0,0,2,2,0],40,150].
[[1,6,1,0,0,0,2,3,1],19,3].
[[2,6,1,0,0,0,2,3,0],24,1].
[[3,6,1,1,2,1,2,3,0],51,2].
[[1,7,2,0,0,0,2,3,1],39,2].
[[2,7,2,0,0,0,2,3,1],76,5].
[[3,7,2,0,0,0,2,3,1],55,3].
[[2,9,1,0,0,0,2,2,1],11,90].
[[1,8,1,0,0,0,1,1,1],90,78].
[[2,8,1,0,0,0,1,2,0],105,39].
[[3,8,1,0,0,0,1,2,0],98,55].
[[2,8,1,1,2,1,2,3,0],220,165].
[[2,8,0,1,2,0,2,3,0],13,67].
[[3,7,1,1,2,0,2,3,0],57,38].
[[1,8,1,1,2,1,1,2,1],56,43].
[[3,7,2,1,1,1,1,2,1],13,4].
[[2,8,1,1,2,0,2,2,1],54,79].
[[3,8,1,1,1,0,1,2,1],22,34].
[[2,8,0,1,2,1,2,1,1],19,115].
[[3,8,1,0,0,0,2,2,0],70,89].
[[1,9,2,0,0,0,1,2,2],212,536].
[[2,8,1,0,0,0,1,2,2],168,105].
[[2,8,0,1,1,1,0,0,0],15,44].
[[3,4,1,1,2,0,2,3,0],58,20].
[[1,8,1,1,2,1,2,3,2],273,145].
[[2,7,1,1,2,1,2,3,2],101,63].
[[3,7,1,1,2,1,1,2,2],113,56].
[[2,5,0,0,0,0,1,1,1],103,10].
[[3,5,0,1,2,0,1,1,1],76,9].
[[2,9,2,0,0,0,1,2,2],17,103].
[[1,8,0,1,2,1,2,1,0],11,33].
[[2,7,1,1,2,1,2,1,0],12,4].
[[3,3,1,1,2,1,2,1,0],4,0].
[[3,7,2,0,0,0,1,2,2],57,8].
[[2,6,1,1,2,1,2,1,1],15,3].
[[3,3,1,1,2,1,2,1,1],10,1].
[[2,5,0,1,2,1,1,2,0],51,3].
[[3,5,0,1,2,1,1,2,0],199,4].
[[2,4,1,1,2,0,1,2,1],13,8].
[[2,8,1,1,2,1,0,0,0],83,128].
[[3,8,1,1,2,1,2,3,2],65,51].
[[3,6,0,1,2,1,2,2,0],1,28].
[[3,8,1,1,2,1,1,2,0],216,149].
[[2,7,1,1,2,0,0,0,0],32,43].
[[3,7,0,1,2,0,0,0,0],1,24].
[[3,7,0,1,1,1,2,3,0],0,17].
[[2,6,0,0,0,0,2,2,1],3,3].
[[3,6,0,0,0,0,2,2,1],0,13].
[[2,6,0,0,0,0,2,3,2],6,16].
[[3,6,0,1,2,1,1,2,2],1,17].
[[3,7,2,1,2,1,2,2,1],46,3].
[[1,9,2,1,2,0,2,2,1],7,28].
[[2,8,0,1,2,0,2,2,1],4,29].
[[3,8,0,1,1,0,1,1,1],0,4].
[[2,6,1,1,1,1,0,0,0],10,1].
[[3,6,1,1,1,1,2,1,1],13,0].
[[3,8,0,1,2,0,2,1,0],4,73].
[[3,7,0,1,2,0,2,1,1],0,9].
[[3,9,1,1,2,1,1,2,0],43,615].
[[3,8,0,1,2,1,1,1,0],0,153].
[[2,9,2,1,2,0,2,1,0],3,18].
[[3,9,1,1,1,0,1,1,1],1,12].
[[3,6,1,1,2,1,2,1,1],42,2].
[[2,9,1,1,2,1,2,2,1],14,94].
[[3,8,1,1,2,1,2,2,1],84,120].
[[3,9,1,1,1,1,1,2,2],2,104].
[[3,7,1,0,0,0,1,2,0],34,2].
[[3,6,1,0,0,0,0,0,0],16,1].
[[1,7,2,0,0,0,2,1,1],23,4].
[[3,3,2,1,2,1,2,3,1],10,1].
[[3,8,0,0,0,0,1,2,2],3,146].
[[2,8,0,1,1,1,1,1,1],2,8].
[[3,8,0,1,1,1,1,1,1],2,49].
[[2,8,1,1,2,1,1,1,0],23,24].
[[3,5,0,1,2,1,1,1,0],37,16].
[[2,8,1,1,1,1,2,3,0],46,30].
[[3,8,1,1,1,1,2,3,0],67,81].
[[1,8,0,0,0,0,1,2,0],10,26].
[[2,7,1,1,2,1,1,2,0],8,3].
[[3,7,1,1,1,1,1,2,0],22,6].
[[2,7,2,1,2,1,2,3,2],85,12].
[[3,8,0,1,1,1,2,1,1],4,40].
[[3,7,2,0,0,0,2,3,2],49,5].
[[2,7,1,0,0,0,2,1,1],54,30].
[[1,8,0,0,0,0,1,2,2],31,67].
[[2,8,0,0,0,0,1,2,2],37,176].
[[1,8,1,1,2,1,2,3,0],80,48].
[[2,7,2,1,2,1,2,3,0],14,1].
[[2,9,2,0,0,0,2,3,0],55,340].
[[2,9,2,1,2,1,2,1,0],9,91].
[[1,7,1,0,0,0,2,3,2],64,35].
[[2,7,1,0,0,0,2,3,2],154,80].
[[3,7,1,1,2,0,2,3,2],76,40].
[[3,7,2,1,2,0,2,3,1],29,8].
[[1,8,1,0,0,0,2,1,0],75,53].
[[2,7,1,0,0,0,2,1,0],17,5].
[[3,7,1,1,2,0,2,1,0],16,14].
[[2,8,0,1,1,1,2,3,0],16,54].
[[3,8,1,1,1,1,2,2,0],49,80].
[[1,8,1,0,0,0,2,2,0],203,94].
[[3,7,1,1,2,0,1,2,1],54,39].
[[2,8,1,0,0,0,2,1,0],105,71].
[[2,9,1,1,2,0,1,2,1],10,79].
[[2,9,1,0,0,0,1,2,0],61,363].
[[2,8,0,0,0,0,2,1,0],19,138].
[[3,7,0,1,2,1,2,1,0],0,34].
[[3,7,1,0,0,0,2,3,0],83,52].
[[2,8,1,1,2,1,2,3,2],270,208].
[[2,8,1,1,2,0,1,2,0],14,22].
[[3,8,1,1,2,1,1,1,0],66,66].
[[1,9,2,1,2,1,1,2,1],78,137].
[[2,8,0,1,1,1,1,2,1],3,12].
[[3,8,1,1,2,1,2,3,0],163,238].
[[3,7,2,1,2,1,2,3,2],83,11].
[[1,7,2,1,2,1,2,1,1],5,1].
[[2,7,2,1,2,1,2,1,1],18,4].
[[3,7,2,1,2,1,2,1,1],51,6].
[[3,7,1,0,0,0,1,2,2],55,32].
[[3,7,2,0,0,0,2,2,1],17,3].
[[2,8,0,0,0,0,1,2,1],29,93].
[[3,7,1,0,0,0,1,2,1],72,26].
[[2,9,1,1,2,1,2,3,2],1,12].
[[2,8,0,1,2,1,1,2,2],30,140].
[[3,5,0,1,2,1,1,1,1],291,28].
[[3,8,0,1,1,1,2,2,0],9,177].
[[1,8,1,1,2,0,2,3,1],27,19].
[[2,7,1,1,2,0,2,3,1],15,9].
[[3,3,1,1,2,0,2,3,1],3,0].
[[2,5,0,1,2,1,1,2,2],5,1].
[[3,5,0,1,2,1,1,2,2],23,2].
[[2,9,1,0,0,0,1,2,2],60,263].
[[3,7,1,1,2,0,1,2,2],52,15].
[[3,8,1,1,2,0,2,3,0],79,109].
[[3,7,0,1,2,1,2,2,1],2,41].
[[2,9,2,0,0,0,2,3,1],18,179].
[[3,9,1,0,0,0,1,2,1],9,209].
[[2,5,0,1,2,1,1,1,0],9,4].
[[2,9,2,0,0,0,0,0,0],5,74].
[[3,9,1,0,0,0,2,3,0],6,181].
[[3,6,1,0,0,0,2,3,2],33,1].
[[3,7,1,1,1,1,2,3,1],46,39].
[[2,9,2,1,2,0,2,2,1],0,21].
[[3,8,0,1,2,0,2,2,1],1,40].
[[3,8,0,1,2,1,1,2,2],12,359].
[[3,8,0,1,2,1,2,3,2],4,130].
[[2,8,0,1,2,1,2,3,2],46,272].
[[2,9,2,1,2,1,2,2,1],16,89].
[[1,8,0,1,2,1,2,3,1],17,62].
[[2,8,0,1,1,1,2,3,1],13,35].
[[3,4,1,1,2,0,2,3,1],29,11].
[[3,9,1,1,1,1,1,2,1],10,221].
[[2,6,0,1,2,1,0,0,0],4,36].
[[2,6,1,1,2,0,2,2,1],10,0].
[[3,6,1,1,2,1,1,1,1],19,1].
[[3,9,1,1,2,0,1,1,1],5,65].
[[3,6,1,1,2,1,2,3,2],62,3].
[[2,9,2,1,2,0,1,2,2],4,26].
[[2,9,2,1,2,1,2,1,1],5,98].
[[3,8,0,1,2,0,1,2,0],3,104].
[[3,7,1,1,1,1,1,2,1],48,33].
[[2,9,1,0,0,0,2,1,1],6,48].
[[2,9,2,1,1,1,2,2,0],16,39].
[[1,8,0,0,0,0,2,1,0],25,75].
[[3,8,0,1,2,0,1,1,0],0,34].
[[2,9,1,0,0,0,2,1,0],27,212].
[[2,8,0,0,0,0,2,1,1],23,135].
[[3,9,0,1,2,0,1,2,0],0,26].
[[3,7,1,1,1,1,2,1,0],20,14].
[[3,9,1,1,2,0,1,2,2],1,92].
[[2,6,0,1,2,1,2,3,1],1,4].
[[3,6,0,1,1,1,1,2,1],0,5].
[[2,6,1,0,0,0,0,0,0],115,11].
[[3,6,1,0,0,0,2,2,0],18,0].
[[2,9,1,0,0,0,1,1,1],34,101].
[[2,6,1,0,0,0,1,2,2],14,2].
[[3,3,1,0,0,0,1,2,2],9,1].
[[3,8,1,1,1,1,2,1,0],22,42].
[[2,9,1,1,2,1,1,1,0],12,136].
[[3,7,2,1,2,1,1,2,2],93,15].
[[1,9,2,1,2,0,2,3,2],9,65].
[[2,8,0,1,2,0,2,3,2],1,49].
[[2,8,0,1,1,1,2,3,2],18,28].
[[3,4,1,1,2,0,2,3,2],12,5].
[[2,7,1,1,2,0,2,3,2],24,15].
[[2,7,0,0,0,0,1,2,0],0,1].
[[3,7,1,0,0,0,1,1,1],43,26].
[[1,8,1,0,0,0,1,1,0],11,9].
[[1,9,2,1,2,1,2,2,1],100,263].
[[2,7,1,0,0,0,2,2,0],33,15].
[[3,7,1,1,2,0,2,2,0],31,20].
[[3,8,1,0,0,0,2,3,2],31,27].
[[3,5,0,1,1,1,1,2,0],59,1].
[[3,8,1,1,2,0,2,2,0],54,86].
[[3,7,2,1,2,0,1,1,0],6,2].
[[3,7,0,0,0,0,2,3,2],3,34].
[[2,7,1,1,2,1,2,1,1],38,27].
[[3,7,1,1,2,1,1,1,1],86,58].
[[3,8,1,0,0,0,1,1,0],30,37].
[[3,7,0,0,0,0,0,0,0],4,33].
[[2,9,2,1,2,1,1,1,0],3,24].
[[3,9,1,0,0,0,1,2,0],22,233].
[[3,8,1,1,2,0,2,3,2],19,21].
[[3,7,1,1,1,1,2,3,2],50,34].
[[2,7,0,0,0,0,0,0,0],8,53].
[[3,7,0,0,0,0,2,2,1],2,22].
[[3,8,0,0,0,0,2,3,2],3,42].
[[3,8,0,0,0,0,2,3,0],20,316].
[[2,9,2,1,1,1,2,1,1],8,24].
[[3,9,1,1,1,1,1,1,1],4,88].
[[2,9,2,1,2,0,2,3,2],1,28].
[[3,8,0,1,2,0,2,3,2],2,42].
[[3,5,0,0,0,0,1,2,0],79,3].
[[1,9,2,1,1,1,0,0,0],32,48].
[[2,9,1,1,1,1,2,2,0],29,81].
[[3,9,0,1,1,1,1,2,1],0,1].
[[1,7,2,0,0,0,2,3,2],152,20].
[[2,9,1,1,1,1,1,1,1],8,17].
[[3,6,0,1,1,1,2,3,0],0,9].
[[2,9,1,1,2,0,2,1,0],6,61].
[[2,9,2,1,2,1,1,2,1],24,120].
[[2,9,2,1,2,1,1,2,2],28,92].
[[2,6,0,1,2,1,2,2,1],1,6].
[[3,6,0,1,2,1,2,2,1],0,15].
[[3,8,0,1,1,1,2,1,0],7,86].
[[3,8,1,1,2,0,1,2,2],73,79].
[[3,7,2,0,0,0,1,2,1],44,4].
[[2,8,1,1,1,1,2,3,1],57,50].
[[1,6,1,1,2,1,2,3,2],9,3].
[[2,6,1,1,2,1,1,2,2],9,2].
[[3,6,1,1,2,1,1,2,2],44,4].
[[1,8,0,0,0,0,2,1,1],26,81].
[[2,8,0,0,0,0,1,1,1],11,35].
[[2,6,0,1,2,1,2,2,0],3,5].
[[3,3,1,1,2,1,2,2,0],9,1].
[[3,9,1,0,0,0,1,1,1],9,88].
[[3,9,1,0,0,0,1,2,2],4,129].
[[1,7,2,1,2,1,0,0,0],48,3].
[[2,7,2,1,2,1,0,0,0],74,8].
[[3,7,2,1,2,1,0,0,0],27,6].
[[2,7,2,1,2,0,2,1,1],13,2].
[[3,7,2,1,2,0,2,2,1],24,2].
[[3,9,1,0,0,0,1,1,0],7,91].
[[3,7,2,1,2,1,2,1,0],19,4].
[[3,7,1,1,2,1,0,0,0],104,106].
[[1,8,1,1,2,0,2,2,1],26,16].
[[3,7,1,1,2,0,2,2,1],35,30].
[[2,7,2,0,0,0,0,0,0],116,18].
[[2,3,1,1,2,1,0,0,0],14,1].
[[3,3,1,1,1,1,2,2,1],6,0].
[[2,9,1,1,2,0,2,3,0],16,139].
[[3,8,0,1,2,0,2,3,1],3,57].
[[2,9,1,1,1,1,1,2,2],18,43].
[[2,9,2,0,0,0,1,1,1],23,78].
[[3,8,0,0,0,0,1,1,1],5,58].
[[2,7,1,0,0,0,2,2,1],83,51].
[[3,8,1,1,2,0,2,1,1],21,25].
[[3,6,0,0,0,0,2,3,0],2,17].
[[2,9,1,1,2,1,2,1,1],12,45].
[[3,7,0,1,2,1,2,1,1],3,25].
[[3,6,0,1,1,1,2,2,0],1,5].
[[2,8,0,0,0,0,2,2,1],22,196].
[[3,7,1,0,0,0,2,2,1],71,43].
[[2,7,1,0,0,0,1,1,1],20,16].
[[3,8,0,0,0,0,2,3,1],1,80].
[[2,8,0,1,1,1,2,2,0],12,43].
[[3,4,1,1,2,0,2,2,0],57,16].
[[3,7,1,0,0,0,2,3,2],97,55].
[[3,8,1,1,2,0,2,2,1],38,50].
[[1,8,0,1,2,1,2,3,0],29,85].
[[2,8,1,1,2,0,2,3,1],63,66].
[[3,5,0,0,0,0,1,2,1],17,0].
[[3,6,1,0,0,0,1,2,1],32,4].
[[2,9,2,0,0,0,1,2,0],29,115].
[[3,7,1,0,0,0,2,2,0],50,24].
[[3,9,1,1,2,1,1,1,1],15,198].
[[1,7,1,0,0,0,2,3,1],25,7].
[[3,7,1,1,1,1,2,3,0],40,24].
[[3,7,2,1,2,0,0,0,0],7,6].
[[3,9,1,1,2,0,1,1,0],0,77].
[[3,7,2,1,2,1,2,2,0],36,4].
[[3,8,0,1,2,0,1,1,1],4,48].
[[1,9,2,0,0,0,1,1,1],73,141].
[[3,7,1,1,2,0,1,1,1],24,16].
[[3,8,1,0,0,0,1,2,2],83,71].
[[2,9,2,1,1,1,1,2,2],7,21].
[[3,8,0,1,1,1,1,2,2],3,98].
[[1,6,1,1,2,1,2,3,0],3,0].
[[2,6,1,1,2,1,2,3,0],17,1].
[[3,6,1,1,2,1,2,1,0],20,0].
[[3,6,1,1,2,1,0,0,0],24,7].
[[3,7,0,0,0,0,2,3,0],0,34].
[[3,7,1,1,1,1,2,2,1],36,28].
[[2,8,0,1,2,1,2,3,1],44,243].
[[2,7,1,1,2,1,2,3,0],49,10].
[[2,8,1,1,2,0,2,3,2],80,83].
[[3,8,1,1,2,0,1,2,0],68,55].
[[3,7,1,0,0,0,0,0,0],44,33].
[[3,6,0,1,2,1,1,2,1],2,5].
[[3,7,0,1,2,1,2,2,0],0,58].
[[1,7,2,1,2,1,2,3,2],31,7].
[[2,7,2,1,1,1,1,2,2],5,2].
[[3,7,2,1,1,1,1,1,1],4,5].
[[2,6,1,1,2,0,0,0,0],24,2].
[[3,2,1,1,2,0,0,0,0],2,0].
[[1,9,2,1,2,0,2,3,0],17,79].
[[3,8,0,1,1,0,1,2,0],1,9].
[[1,9,2,1,2,0,2,2,0],16,56].
[[2,9,2,1,2,0,1,2,0],5,32].
[[3,7,0,1,2,1,2,3,1],4,52].
[[2,8,0,0,0,0,1,1,0],3,37].
[[3,7,0,1,2,0,1,1,0],0,1].
[[2,9,1,1,2,0,1,1,1],8,20].
[[1,8,1,1,2,0,1,2,2],7,7].
[[2,6,1,1,2,0,1,2,2],0,1].
[[3,6,1,1,2,1,1,2,1],42,4].
[[2,7,2,1,2,0,0,0,0],29,10].
[[3,7,2,1,2,0,2,2,0],19,0].
[[1,9,2,1,1,1,2,2,0],20,50].
[[3,6,1,1,2,0,2,3,0],15,3].
[[2,5,0,1,1,1,1,1,1],20,3].
[[1,6,0,0,0,0,2,3,2],1,6].
[[2,8,1,1,2,0,2,2,0],48,43].
[[3,8,1,1,1,0,2,2,0],3,23].
[[1,5,0,0,0,0,1,1,1],48,2].
[[3,8,0,0,0,0,2,1,0],2,110].
[[2,7,1,0,0,0,1,2,1],33,19].
[[2,8,1,1,1,0,2,3,0],4,7].
[[3,8,1,1,1,0,2,3,0],11,25].
[[2,7,1,1,2,0,2,3,0],9,5].
[[3,7,0,1,2,0,2,3,0],0,17].
[[1,8,1,1,2,0,2,3,2],51,36].
[[2,7,2,1,2,1,2,1,0],7,1].
[[3,7,2,1,2,1,1,2,0],20,0].
[[2,9,2,1,1,1,2,3,1],12,26].
[[3,8,0,1,1,1,2,3,1],6,50].
[[3,6,1,0,0,0,2,1,1],14,1].
[[1,7,2,0,0,0,1,2,1],10,0].
[[2,7,2,1,2,1,1,2,1],18,2].
[[2,9,1,1,1,1,2,2,1],5,13].
[[3,3,2,1,2,1,2,3,0],6,0].
[[2,8,1,1,1,0,2,3,2],10,8].
[[3,8,1,1,1,0,2,3,2],2,6].
[[2,7,2,0,0,0,1,2,2],48,5].
[[2,7,2,1,2,1,1,2,2],43,6].
[[3,6,0,1,2,1,0,0,0],0,38].
[[3,6,0,1,2,1,1,2,0],1,9].
[[1,6,1,1,2,1,0,0,0],38,4].
[[3,3,1,1,2,1,2,3,2],32,3].
[[2,9,1,1,1,1,2,3,1],9,24].
[[1,7,1,1,2,1,2,2,1],2,2].
[[2,7,1,1,2,1,1,2,1],30,15].
[[3,7,0,1,2,1,1,2,1],2,13].
[[3,8,0,1,2,0,1,2,1],8,107].
[[2,9,2,1,2,1,1,1,1],14,78].
[[1,5,0,0,0,0,2,1,0],18,0].
[[2,5,0,1,2,1,2,1,0],14,1].
[[3,8,0,1,2,0,2,3,0],7,206].
[[2,7,1,1,2,1,2,2,0],24,14].
[[2,9,2,1,2,1,2,3,2],15,123].
[[1,9,2,1,2,0,1,2,2],9,31].
[[3,8,0,1,1,0,1,2,2],0,19].
[[3,7,1,1,2,1,1,2,0],67,15].
[[1,9,2,1,2,0,2,3,1],7,47].
[[2,8,0,1,2,0,2,3,1],3,42].
[[3,7,1,1,2,0,2,3,1],47,41].
[[2,7,1,1,2,1,1,2,2],22,11].
[[2,9,2,1,1,1,2,3,2],4,27].
[[3,8,0,1,1,1,2,3,2],1,41].
[[2,5,0,1,2,1,1,2,1],9,0].
[[3,5,0,1,1,1,1,2,1],25,1].
[[3,3,2,1,2,0,2,3,2],16,0].
[[2,5,0,0,0,0,2,2,0],4,0].
[[3,5,0,1,2,0,1,2,0],53,3].
[[3,8,0,0,0,0,0,0,0],1,43].
[[2,8,1,1,1,1,2,2,1],44,28].
[[3,7,0,1,2,0,2,3,1],0,12].
[[3,5,0,0,0,0,1,1,1],98,10].
[[3,9,1,1,1,1,2,2,0],7,124].
[[2,8,1,1,2,0,2,1,0],20,27].
[[1,9,2,1,2,0,1,1,0],0,8].
[[2,8,0,1,2,0,1,1,0],0,9].
[[3,7,1,1,2,0,1,1,0],4,2].
[[2,8,1,1,2,0,1,2,1],68,42].
[[3,3,0,1,2,1,0,0,0],0,4].
[[1,9,2,1,1,1,2,2,1],20,19].
[[2,9,1,1,1,1,2,3,0],35,129].
[[2,7,1,1,2,0,1,2,2],4,2].
[[3,3,1,1,2,0,1,2,2],1,0].
[[2,7,2,0,0,0,2,2,0],23,1].
[[1,9,2,1,2,0,0,0,0],10,74].
[[3,7,2,0,0,0,2,2,0],20,2].
[[2,8,1,1,2,1,1,2,0],72,39].
[[3,7,1,1,1,0,2,3,2],10,9].
[[1,7,1,0,0,0,2,2,1],25,13].
[[3,6,1,0,0,0,2,2,1],24,1].
[[1,8,1,1,2,1,2,2,0],60,36].
[[3,7,1,1,1,1,2,2,0],28,18].
[[2,9,1,0,0,0,2,3,2],2,13].
[[3,9,1,1,2,1,2,1,1],1,26].
[[3,3,1,1,2,1,2,2,1],16,3].
[[1,7,1,1,2,1,0,0,0],31,30].
[[1,8,1,1,1,1,1,1,1],5,2].
[[2,7,2,1,1,1,1,1,1],2,1].
[[2,7,2,1,2,1,2,2,1],28,1].
[[2,9,2,1,2,1,0,0,0],2,66].
[[1,8,1,1,1,1,2,3,0],7,4].
[[2,7,1,1,1,1,2,3,0],4,2].
[[2,3,1,0,0,0,2,3,2],9,3].
[[3,4,1,1,2,0,1,2,2],50,21].
[[1,8,1,1,2,0,2,2,0],9,7].
[[1,8,0,1,2,1,2,3,2],41,128].
[[1,8,1,1,1,1,2,3,2],31,10].
[[3,6,1,1,1,1,2,3,1],16,1].
[[3,7,1,0,0,0,1,1,0],11,6].
[[2,9,2,1,2,0,0,0,0],1,17].
[[3,8,0,1,2,0,0,0,0],0,18].
[[2,7,2,0,0,0,2,2,1],38,3].
[[2,8,0,1,2,1,1,2,1],26,83].
[[2,8,0,1,1,1,1,2,2],11,24].
[[2,9,2,0,0,0,1,1,0],1,36].
[[2,7,2,1,2,0,2,3,2],35,7].
[[3,7,2,1,1,0,2,3,1],3,5].
[[3,3,1,1,1,1,1,2,2],2,0].
[[1,8,0,1,2,1,2,1,1],8,26].
[[2,9,2,1,2,0,2,3,1],1,40].
[[2,8,1,1,1,0,1,2,2],3,4].
[[3,8,1,1,1,0,1,2,2],9,22].
[[2,4,1,1,2,0,2,2,1],14,3].
[[2,7,1,1,1,1,2,3,2],14,7].
[[2,7,2,1,1,1,0,0,0],16,0].
[[1,8,1,1,2,1,1,2,2],49,26].
[[1,8,0,1,2,1,1,2,0],2,10].
[[1,8,1,1,2,1,1,1,0],4,3].
[[2,5,0,0,0,0,2,3,0],13,0].
[[1,9,2,1,1,1,2,3,1],31,27].
[[3,9,1,1,1,0,1,2,0],1,42].
[[2,3,2,0,0,0,2,3,2],28,0].
[[3,3,1,1,2,0,0,0,0],19,3].
[[3,6,1,0,0,0,1,2,2],19,1].
[[3,6,0,1,2,1,2,1,1],0,15].
[[3,9,1,1,2,1,2,3,1],2,26].
[[2,7,0,1,2,1,1,2,0],0,2].
[[3,7,0,1,2,1,1,2,0],2,24].
[[2,7,2,0,0,0,2,1,1],40,8].
[[3,7,2,0,0,0,1,1,1],25,7].
[[2,8,1,1,2,0,1,1,1],38,41].
[[2,6,1,1,2,1,2,2,0],13,0].
[[3,6,1,1,2,1,2,2,0],26,2].
[[2,7,2,1,1,1,2,3,2],13,4].
[[3,7,2,1,1,1,2,3,1],21,4].
[[1,5,0,0,0,0,1,2,0],11,0].
[[2,5,0,0,0,0,1,2,0],51,5].
[[3,5,0,0,0,0,1,1,0],19,9].
[[2,9,1,1,2,1,1,1,1],29,78].
[[3,8,0,1,1,1,2,2,1],0,36].
[[2,8,1,1,1,1,1,2,0],17,9].
[[1,9,2,1,1,1,2,3,2],29,28].
[[3,7,0,0,0,0,1,2,1],0,10].
[[3,3,1,1,2,0,2,2,1],3,0].
[[2,8,1,1,1,0,2,2,1],3,8].
[[3,7,2,0,0,0,2,3,0],26,0].
[[3,7,2,1,2,0,2,1,0],9,0].
[[2,8,0,1,2,0,0,0,0],4,46].
[[3,7,2,1,2,1,1,2,1],84,8].
[[3,6,1,1,2,0,2,3,1],23,3].
[[2,9,2,1,1,1,0,0,0],2,20].
[[3,8,0,1,1,1,0,0,0],0,27].
[[2,7,2,1,2,0,1,2,1],11,4].
[[3,7,2,1,1,0,1,1,0],0,1].
[[3,9,0,1,2,1,1,1,0],0,31].
[[2,6,1,0,0,0,1,1,1],15,2].
[[2,5,0,1,2,0,1,2,1],1,1].
[[2,5,0,1,2,1,2,3,0],11,1].
[[3,5,0,1,2,1,2,3,0],16,1].
[[2,9,2,1,1,1,1,1,0],1,5].
[[1,9,2,1,2,0,2,1,0],7,22].
[[2,7,2,0,0,0,1,2,1],31,3].
[[3,7,2,1,2,0,1,2,1],43,4].
[[2,7,1,1,1,1,1,1,1],4,0].
[[3,8,1,1,1,1,2,3,1],34,42].
[[3,7,2,1,2,1,2,3,1],75,5].
[[1,7,2,1,2,0,0,0,0],12,6].
[[3,7,0,1,1,1,2,2,0],0,12].
[[2,7,2,0,0,0,2,3,0],28,0].
[[2,8,1,1,1,1,1,2,1],43,33].
[[3,8,0,0,0,0,2,1,1],2,41].
[[3,6,1,1,1,1,1,2,2],5,1].
[[2,5,0,0,0,0,2,1,0],19,0].
[[1,7,1,1,2,1,2,3,2],8,6].
[[3,3,1,1,1,1,0,0,0],7,1].
[[1,8,1,1,2,0,2,1,0],6,5].
[[2,8,1,1,2,0,0,0,0],24,52].
[[3,3,2,0,0,0,0,0,0],17,1].
[[2,6,1,0,0,0,2,1,1],31,1].
[[3,8,1,1,1,1,2,3,2],22,14].
[[2,7,1,1,1,1,2,1,0],2,0].
[[3,7,1,1,1,1,1,1,0],3,4].
[[3,7,2,1,2,0,1,2,2],45,9].
[[3,8,1,1,2,1,0,0,0],2,16].
[[1,9,2,1,1,1,2,1,0],14,18].
[[3,6,1,1,2,0,1,1,0],3,2].
[[2,9,2,1,2,0,1,1,1],4,20].
[[2,6,1,1,2,1,2,3,1],27,2].
[[2,6,1,0,0,0,2,2,1],37,5].
[[3,6,1,0,0,0,1,1,1],11,6].
[[3,7,1,0,0,0,2,1,0],27,14].
[[3,8,1,1,1,1,1,1,1],59,59].
[[2,9,1,1,2,0,1,2,0],9,73].
[[3,6,1,1,2,0,2,2,1],16,5].
[[3,5,0,1,2,1,1,2,1],43,2].
[[2,8,0,1,2,0,2,1,0],2,14].
[[3,7,0,1,2,0,2,1,0],0,9].
[[1,9,2,1,2,0,1,2,1],2,16].
[[2,5,0,1,1,0,1,1,1],1,1].
[[3,5,0,1,1,0,1,1,1],13,6].
[[3,7,0,1,1,1,2,3,2],2,11].
[[1,8,1,1,2,0,2,1,1],15,13].
[[3,7,0,1,1,1,1,1,1],1,3].
[[3,7,0,1,1,1,2,1,1],1,4].
[[2,7,2,1,2,1,2,3,1],38,4].
[[2,8,0,1,2,0,2,2,0],4,37].
[[3,8,0,1,1,0,2,2,0],0,13].
[[1,5,0,1,2,1,1,1,1],12,1].
[[3,8,1,1,1,1,0,0,0],0,6].
[[2,9,2,1,1,1,2,1,0],3,17].
[[3,6,1,1,1,1,0,0,0],11,1].
[[2,5,0,1,2,0,1,1,1],29,4].
[[1,8,1,1,2,0,2,3,0],15,11].
[[3,7,2,0,0,0,1,2,0],14,0].
[[2,3,2,1,2,1,2,1,1],3,0].
[[3,3,2,1,2,1,2,1,1],5,0].
[[3,6,1,1,1,1,1,2,1],14,3].
[[3,7,0,0,0,0,1,2,0],0,10].
[[1,9,2,1,1,1,1,2,0],14,23].
[[2,9,1,1,2,0,1,1,0],1,31].
[[2,6,1,1,2,1,2,3,2],61,3].
[[2,8,0,1,2,0,1,2,2],4,26].
[[3,8,0,1,2,0,1,2,2],1,93].
[[3,3,1,0,0,0,2,2,1],25,2].
[[3,7,0,1,1,1,0,0,0],0,13].
[[3,7,2,0,0,0,2,1,1],32,4].
[[1,8,0,1,2,1,1,2,1],1,2].
[[3,8,0,1,1,0,2,3,2],0,3].
[[3,3,2,0,0,0,2,3,2],15,0].
[[3,6,1,1,2,1,1,2,0],15,0].
[[2,5,0,1,2,1,2,2,0],3,0].
[[1,8,1,1,1,1,2,2,0],8,6].
[[2,4,1,1,2,0,1,1,0],7,3].
[[3,8,1,0,0,0,2,1,0],32,47].
[[3,7,2,1,2,0,1,2,0],8,2].
[[3,6,0,1,2,1,2,3,2],2,33].
[[3,7,0,1,2,1,1,2,2],1,27].
[[3,9,1,1,2,1,2,2,1],0,31].
[[1,8,1,1,2,0,1,1,1],3,3].
[[3,8,1,1,1,0,1,1,1],9,16].
[[1,9,2,1,2,0,1,1,1],3,7].
[[2,7,2,1,2,0,1,2,2],13,7].
[[3,7,2,1,1,1,1,2,2],23,4].
[[2,6,1,1,2,1,2,2,1],29,0].
[[3,2,1,1,2,1,2,2,1],2,0].
[[3,5,0,0,0,0,2,3,0],13,0].
[[3,5,0,1,2,0,1,2,1],18,0].
[[1,6,1,0,0,0,2,2,0],7,2].
[[2,6,1,1,2,0,1,2,0],2,0].
[[3,3,1,1,2,0,1,2,0],1,0].
[[1,8,1,1,2,1,1,1,1],32,23].
[[2,7,2,1,2,1,1,1,1],8,3].
[[3,7,2,1,2,1,1,1,1],33,15].
[[3,9,1,1,2,0,2,1,0],2,53].
[[2,6,1,1,2,1,1,1,1],9,0].
[[3,6,1,1,1,1,1,1,1],7,1].
[[3,8,0,1,1,0,1,1,0],0,8].
[[1,9,2,1,1,1,1,2,1],10,14].
[[2,9,2,1,1,1,1,2,1],13,24].
[[3,8,1,1,1,0,2,2,1],5,17].
[[2,4,1,1,2,0,1,2,2],11,7].
[[1,9,2,1,2,0,2,1,1],6,28].
[[2,8,1,1,1,0,2,1,1],1,4].
[[1,9,2,1,1,1,2,1,1],12,25].
[[2,4,1,1,2,0,2,3,1],17,2].
[[1,8,1,1,1,1,2,2,1],16,7].
[[2,4,1,1,2,0,2,1,0],14,0].
[[2,6,1,0,0,0,2,3,1],50,3].
[[3,8,1,1,1,1,2,1,1],14,15].
[[3,6,1,1,2,1,2,3,1],54,3].
[[2,9,2,1,1,1,1,2,0],11,26].
[[2,9,1,1,2,0,1,2,2],7,69].
[[3,7,2,1,2,1,2,3,0],44,3].
[[2,7,2,1,2,0,2,2,1],11,5].
[[3,9,1,1,1,0,2,2,0],1,23].
[[2,7,2,1,2,1,2,2,0],12,0].
[[2,5,0,1,2,0,1,2,0],10,1].
[[2,7,0,0,0,0,2,2,0],1,8].
[[3,7,0,0,0,0,2,2,0],0,16].
[[2,9,2,1,2,0,2,1,1],3,15].
[[3,5,0,0,0,0,1,2,2],11,1].
[[2,8,1,1,1,1,1,1,1],24,20].
[[2,8,1,1,1,0,1,1,1],1,5].
[[3,4,0,1,2,0,1,1,1],0,3].
[[3,6,0,1,2,0,0,0,0],0,7].
[[2,6,0,1,2,1,2,3,0],2,5].
[[3,9,0,1,2,0,1,1,0],0,11].
[[2,8,0,1,1,1,1,2,0],4,17].
[[3,7,1,1,1,1,1,1,1],16,18].
[[2,9,2,1,2,0,1,2,1],9,31].
[[3,6,1,1,2,0,1,2,2],7,1].
[[2,8,0,1,1,1,2,1,1],4,13].
[[3,9,0,1,1,1,1,1,0],0,10].
[[2,8,0,1,1,1,2,2,1],7,23].
[[2,9,1,1,2,0,2,2,1],3,27].
[[3,5,0,1,1,1,1,2,2],9,2].
[[1,7,1,1,2,1,2,1,1],3,2].
[[2,7,1,1,1,1,2,1,1],5,2].
[[3,6,1,0,0,0,2,3,1],31,3].
[[3,7,0,1,2,0,2,3,2],0,19].
[[3,3,1,1,2,1,2,3,0],14,0].
[[1,6,1,0,0,0,2,2,1],27,2].
[[2,6,1,1,2,1,1,2,0],3,1].
[[3,7,2,1,1,1,2,2,0],6,0].
[[3,9,1,1,1,0,1,2,2],1,20].
[[1,8,0,0,0,0,1,1,0],3,9].
[[2,7,0,0,0,0,1,1,0],0,1].
[[3,7,0,1,2,1,1,1,0],0,13].
[[1,7,1,1,2,1,2,3,0],4,2].
[[3,9,1,1,1,0,1,2,1],0,34].
[[1,7,2,0,0,0,2,2,0],6,2].
[[3,7,1,1,2,0,2,1,1],23,23].
[[3,8,1,1,1,1,1,1,0],20,28].
[[3,6,1,1,1,0,2,1,1],0,1].
[[2,7,1,1,2,0,1,2,1],8,4].
[[3,7,1,1,1,0,1,2,1],1,9].
[[1,8,0,0,0,0,1,2,1],1,8].
[[2,7,0,0,0,0,1,2,1],0,2].
[[3,5,0,0,0,0,2,1,0],14,0].
[[3,6,0,0,0,0,2,3,2],2,9].
[[2,5,0,0,0,0,1,2,1],8,1].
[[3,7,2,1,2,0,2,3,0],22,3].
[[3,9,1,1,1,0,1,1,0],0,17].
[[3,9,1,1,1,0,2,3,0],1,28].
[[3,2,1,1,2,1,0,0,0],4,0].
[[1,8,1,1,1,1,2,3,1],14,10].
[[2,7,2,0,0,0,2,1,0],7,1].
[[3,7,2,0,0,0,2,1,0],9,0].
[[3,8,1,1,1,0,2,1,1],2,10].
[[2,5,0,1,2,0,2,1,0],4,0].
[[3,7,1,1,1,1,1,2,2],21,15].
[[2,7,2,1,2,0,2,3,1],22,5].
[[3,7,2,1,1,0,2,3,0],7,2].
[[3,9,0,0,0,0,1,1,0],0,13].
[[3,7,0,1,1,1,2,2,1],1,9].
[[3,9,0,0,0,0,2,1,0],0,4].
[[3,6,1,1,2,0,1,2,0],9,2].
[[2,3,1,0,0,0,2,3,1],4,0].
[[3,3,1,0,0,0,2,3,2],14,6].
[[2,6,0,0,0,0,2,3,1],3,6].
[[3,6,0,0,0,0,2,3,1],2,10].
[[2,8,1,1,1,1,1,1,0],7,6].
[[3,3,1,1,2,1,2,3,1],17,5].
[[3,4,1,1,2,0,2,1,1],15,6].
[[3,7,2,1,2,0,1,1,1],18,9].
[[2,9,2,1,1,0,2,2,1],0,4].
[[2,8,1,1,1,1,1,2,2],33,16].
[[3,6,0,0,0,0,1,2,2],0,11].
[[3,3,2,1,2,1,1,2,2],5,0].
[[2,4,1,1,2,0,2,3,0],18,7].
[[3,8,0,1,2,0,2,1,1],0,22].
[[2,7,0,1,2,1,2,2,1],0,3].
[[3,8,0,0,0,0,2,2,1],1,58].
[[3,7,2,1,1,0,1,2,1],9,3].
[[2,5,0,1,1,1,2,2,0],1,0].
[[3,5,0,1,1,1,2,2,0],2,0].
[[3,7,1,1,1,0,2,2,0],4,6].
[[3,5,0,1,2,0,2,3,0],7,0].
[[3,6,1,1,2,0,2,2,0],17,1].
[[2,7,1,0,0,0,1,2,0],15,2].
[[3,5,0,1,2,1,2,1,0],17,1].
[[3,3,2,0,0,0,2,3,1],9,0].
[[2,3,2,0,0,0,1,2,2],3,0].
[[3,3,2,1,2,1,1,1,1],7,0].
[[3,6,1,1,2,1,1,1,0],7,0].
[[2,6,1,0,0,0,2,1,0],3,0].
[[3,3,1,0,0,0,2,1,0],4,0].
[[3,6,0,1,1,1,1,2,2],0,9].
[[3,5,0,0,0,0,2,2,0],4,0].
[[2,7,2,1,2,0,1,1,1],3,4].
[[3,7,2,1,1,0,2,3,2],4,9].
[[3,7,0,0,0,0,2,3,1],1,18].
[[3,7,1,1,1,0,1,2,2],8,4].
[[3,6,1,1,2,1,2,2,1],42,1].
[[2,7,1,1,2,0,2,1,1],10,5].
[[1,3,2,0,0,0,2,3,1],3,0].
[[2,2,1,0,0,0,2,3,1],4,0].
[[3,2,1,0,0,0,2,3,1],3,0].
[[3,6,1,1,2,0,2,1,0],8,1].
[[3,8,0,1,1,0,2,3,0],0,22].
[[1,7,2,1,2,0,2,3,2],7,2].
[[2,3,2,1,2,0,2,3,2],5,0].
[[2,2,1,1,2,1,0,0,0],2,0].
[[3,2,1,1,2,1,2,3,2],6,0].
[[3,7,2,0,0,0,0,0,0],14,4].
[[3,9,1,0,0,0,2,3,1],1,20].
[[3,7,2,1,1,1,1,1,0],3,0].
[[1,8,1,1,2,1,1,2,0],17,5].
[[3,3,1,1,2,0,2,3,0],5,0].
[[2,8,0,1,2,0,1,1,1],2,3].
[[3,7,0,1,2,0,1,1,1],0,2].
[[1,8,1,1,2,0,1,2,1],13,11].
[[2,8,1,1,1,0,1,2,1],4,2].
[[2,9,2,1,1,1,1,1,1],3,19].
[[1,5,0,1,2,0,1,1,1],3,1].
[[3,8,0,1,1,1,1,1,0],0,45].
[[2,7,1,1,2,0,2,2,0],5,4].
[[3,7,0,1,2,0,2,2,0],0,8].
[[2,7,0,0,0,0,2,3,2],4,16].
[[3,8,1,1,2,0,0,0,0],2,5].
[[3,2,0,1,2,1,2,2,1],1,1].
[[3,6,1,1,1,1,2,3,0],12,2].
[[2,7,1,1,1,1,2,3,1],6,3].
[[3,3,1,1,1,1,2,3,1],3,1].
[[3,3,1,1,2,1,1,2,2],9,0].
[[3,3,2,0,0,0,1,1,1],5,0].
[[2,5,0,1,1,1,1,2,0],17,2].
[[1,8,1,1,1,1,2,1,1],11,3].
[[1,7,2,1,2,1,1,2,1],2,2].
[[2,7,2,1,1,1,1,2,1],2,3].
[[3,3,2,1,1,1,1,2,1],1,0].
[[2,8,1,1,1,0,0,0,0],1,3].
[[3,3,1,0,0,0,2,3,1],13,4].
[[1,7,2,1,2,1,1,2,2],4,2].
[[1,9,2,1,1,1,1,1,1],5,7].
[[2,7,1,0,0,0,1,1,0],1,2].
[[1,6,0,0,0,0,2,3,0],2,1].
[[1,7,2,0,0,0,2,2,1],17,3].
[[2,9,1,1,1,0,1,2,0],1,6].
[[2,7,0,1,2,1,2,3,2],4,9].
[[2,6,1,1,2,0,2,3,2],7,4].
[[3,6,1,1,2,0,2,3,2],19,1].
[[3,7,2,1,1,1,2,3,2],17,5].
[[3,6,1,1,1,1,2,2,0],7,1].
[[3,6,0,1,1,1,2,2,1],0,4].
[[2,9,1,1,2,0,2,3,1],2,20].
[[1,6,1,1,2,1,1,2,1],1,1].
[[2,6,1,1,1,1,1,2,1],3,1].
[[2,7,2,1,1,0,0,0,0],4,3].
[[3,3,2,1,1,0,0,0,0],3,0].
[[3,7,2,1,1,1,2,3,0],8,1].
[[1,6,0,0,0,0,2,2,0],0,3].
[[2,6,0,0,0,0,2,2,0],1,8].
[[2,9,2,1,1,0,2,2,0],1,3].
[[3,6,1,1,2,0,0,0,0],11,1].
[[3,6,1,1,1,1,2,3,2],13,1].
[[2,9,1,1,1,1,2,1,1],4,12].
[[2,9,1,1,1,0,2,2,0],1,8].
[[3,9,1,0,0,0,2,1,1],2,13].
[[2,7,1,1,1,1,2,2,1],6,4].
[[2,8,0,1,1,1,2,1,0],8,17].
[[3,9,1,1,2,1,0,0,0],0,7].
[[3,7,0,1,2,0,2,2,1],0,9].
[[1,7,2,0,0,0,1,2,2],21,3].
[[3,5,0,1,1,1,1,1,0],12,10].
[[2,7,2,1,2,1,1,2,0],5,1].
[[1,8,1,1,1,1,1,2,2],6,1].
[[3,6,1,0,0,0,2,1,0],8,0].
[[2,5,0,0,0,0,1,2,2],4,0].
[[2,9,1,1,1,0,2,3,0],1,9].
[[3,6,1,1,2,0,2,1,1],8,3].
[[2,5,0,1,2,0,1,1,0],2,2].
[[3,3,1,1,2,0,1,2,1],1,0].
[[2,3,2,1,2,1,0,0,0],19,0].
[[2,9,2,1,1,1,2,2,1],6,19].
[[2,4,1,1,2,0,2,2,0],15,7].
[[3,7,0,0,0,0,1,1,0],0,5].
[[1,7,2,0,0,0,1,1,1],2,1].
[[2,7,2,0,0,0,1,1,1],12,7].
[[3,5,0,1,1,0,2,3,0],1,0].
[[3,6,1,1,1,1,2,2,1],13,1].
[[3,6,1,0,0,0,1,2,0],5,0].
[[1,7,2,1,2,0,2,3,1],5,0].
[[3,6,0,1,2,0,2,3,0],0,11].
[[2,6,1,0,0,0,2,2,0],16,0].
[[3,6,1,0,0,0,2,3,0],37,0].
[[2,7,2,1,2,0,2,1,0],3,2].
[[3,7,2,1,1,0,1,2,0],1,2].
[[3,5,0,1,1,0,1,2,0],8,2].
[[2,6,1,1,2,0,2,3,1],8,1].
[[3,6,1,1,1,0,2,3,1],6,0].
[[1,6,1,0,0,0,2,1,0],3,0].
[[2,6,1,1,2,1,2,1,0],7,0].
[[2,6,1,1,2,1,1,1,0],1,0].
[[2,6,1,0,0,0,1,2,0],6,1].
[[3,7,2,1,1,0,1,2,2],6,7].
[[1,8,1,1,1,1,1,2,1],5,2].
[[3,7,0,0,0,0,1,2,2],0,13].
[[3,7,2,1,1,1,2,1,1],12,1].
[[2,7,0,0,0,0,2,2,1],0,3].
[[2,7,0,1,2,1,2,1,1],2,3].
[[1,7,1,1,2,1,2,2,0],1,1].
[[3,8,0,1,1,0,1,2,1],0,13].
[[3,3,2,1,2,1,0,0,0],24,0].
[[3,9,1,1,1,1,2,3,1],1,14].
[[3,9,0,1,1,0,1,1,0],0,3].
[[2,9,1,1,1,0,1,1,0],0,4].
[[2,8,1,1,1,0,2,3,1],4,6].
[[3,5,0,1,2,0,1,2,2],8,2].
[[3,9,0,1,2,1,1,2,1],0,4].
[[3,3,2,1,2,0,1,2,1],2,0].
[[1,5,0,1,1,1,1,1,1],2,0].
[[3,3,2,1,2,0,2,3,1],6,0].
[[3,3,2,1,2,0,1,2,2],5,0].
[[1,7,1,0,0,0,1,2,1],4,2].
[[3,7,2,1,1,0,2,2,1],4,2].
[[3,6,1,1,1,0,2,3,2],2,3].
[[3,8,0,1,1,0,2,1,0],0,13].
[[3,7,2,1,2,0,2,1,1],16,3].
[[3,6,0,1,2,1,1,1,1],2,2].
[[3,3,1,0,0,0,2,2,0],5,0].
[[2,8,0,1,1,1,1,1,0],2,2].
[[3,7,0,1,1,1,1,1,0],0,1].
[[3,6,1,1,1,1,1,2,0],1,1].
[[1,7,1,0,0,0,2,3,0],10,2].
[[3,6,0,0,0,0,2,1,1],0,5].
[[2,9,1,1,1,0,2,3,1],0,4].
[[3,8,1,1,1,0,2,3,1],5,24].
[[2,7,1,1,2,1,1,1,1],8,9].
[[2,6,0,0,0,0,1,1,0],1,1].
[[3,3,1,0,0,0,1,1,0],2,0].
[[3,6,0,1,1,1,2,3,1],0,7].
[[2,7,0,1,2,1,2,3,0],5,11].
[[3,6,0,1,2,1,2,3,1],3,24].
[[3,7,0,1,1,1,1,2,1],0,6].
[[3,9,0,1,2,1,1,1,1],0,3].
[[2,8,1,1,1,0,1,2,0],1,1].
[[1,7,2,0,0,0,2,3,0],8,1].
[[1,5,0,1,2,1,2,3,0],2,1].
[[2,7,0,0,0,0,2,3,1],0,9].
[[2,8,1,1,2,0,1,1,0],5,8].
[[3,6,0,1,1,1,0,0,0],0,6].
[[3,6,1,1,2,0,1,1,1],7,2].
[[2,4,1,1,2,0,1,1,1],8,2].
[[3,6,1,1,1,0,1,2,1],2,2].
[[3,7,0,1,1,1,1,2,0],2,3].
[[1,7,1,0,0,0,1,1,1],2,1].
[[3,6,0,1,2,0,2,2,0],0,4].
[[2,7,0,1,2,1,2,1,0],0,6].
[[2,7,2,1,2,1,1,1,0],1,1].
[[3,7,2,1,2,1,1,1,0],7,4].
[[3,5,0,1,1,1,2,1,0],8,1].
[[1,7,2,1,2,1,2,3,0],2,0].
[[2,3,2,0,0,0,2,2,1],3,0].
[[2,3,2,1,2,1,2,3,2],4,0].
[[3,3,2,1,1,1,2,3,1],3,0].
[[3,7,1,1,1,0,2,2,1],6,10].
[[3,6,0,1,1,1,2,3,2],0,4].
[[2,7,2,0,0,0,1,2,0],4,0].
[[2,8,0,1,2,0,1,2,1],2,17].
[[2,6,1,1,2,0,2,1,0],3,0].
[[3,9,1,0,0,0,2,2,1],2,7].
[[2,6,1,0,0,0,1,2,1],18,1].
[[3,3,2,0,0,0,1,2,2],11,0].
[[1,2,1,0,0,0,0,0,0],2,0].
[[3,9,0,1,2,1,2,2,0],0,4].
[[3,2,1,1,2,1,2,1,1],1,0].
[[2,7,1,1,1,1,2,2,0],0,3].
[[3,3,1,1,2,0,2,3,2],10,0].
[[3,7,0,1,2,0,1,2,2],0,6].
[[3,7,0,1,1,1,2,1,0],0,7].
[[3,9,1,1,2,0,2,2,1],0,7].
[[3,9,1,1,2,0,0,0,0],0,4].
[[2,7,0,1,2,1,2,3,1],0,6].
[[3,7,0,1,1,1,2,3,1],0,13].
[[3,6,0,0,0,0,0,0,0],0,19].
[[3,9,1,1,1,1,2,1,1],1,8].
[[2,9,2,1,1,0,1,2,1],0,4].
[[3,4,0,1,2,0,2,2,1],0,2].
[[2,6,0,1,2,1,2,3,2],1,9].
[[3,3,1,1,2,0,2,1,1],4,0].
[[3,8,1,0,0,0,0,0,0],4,9].
[[2,3,2,0,0,0,1,2,1],2,0].
[[3,3,2,1,2,1,1,2,1],4,0].
[[1,5,0,1,2,1,2,1,0],4,1].
[[3,8,1,1,1,0,2,1,0],2,15].
[[2,7,2,0,0,0,1,1,0],2,1].
[[3,7,2,0,0,0,1,1,0],7,3].
[[1,7,2,1,2,1,2,2,0],1,0].
[[2,7,2,1,1,1,2,2,0],1,0].
[[3,8,0,1,1,0,2,3,1],0,11].
[[1,7,2,1,2,1,2,2,1],4,0].
[[3,7,1,1,1,0,2,1,1],2,5].
[[3,7,0,1,1,1,1,2,2],0,6].
[[3,5,0,1,1,0,1,2,1],3,4].
[[3,7,1,1,1,0,0,0,0],2,4].
[[2,3,2,1,2,1,1,2,2],1,0].
[[3,3,2,1,1,1,1,2,2],5,0].
[[3,3,2,1,2,1,2,2,1],11,0].
[[3,5,0,1,1,1,2,3,0],2,0].
[[2,7,1,1,2,0,2,2,1],11,6].
[[2,7,2,1,1,1,2,3,1],2,1].
[[2,4,1,1,2,0,2,3,2],7,3].
[[1,7,2,1,2,0,2,2,1],4,1].
[[3,7,2,1,1,0,1,1,1],2,5].
[[2,9,1,1,1,0,1,2,2],2,7].
[[3,3,2,0,0,0,2,1,1],6,0].
[[2,6,1,1,2,0,2,1,1],1,1].
[[3,6,1,1,1,0,1,1,1],1,1].
[[2,7,2,1,1,0,2,3,0],1,2].
[[2,8,1,1,1,0,2,2,0],1,2].
[[2,9,2,1,2,0,1,1,0],0,8].
[[3,3,1,0,0,0,2,3,0],6,0].
[[2,3,1,0,0,0,2,2,1],4,0].
[[3,3,2,0,0,0,1,2,1],5,0].
[[2,6,1,1,1,1,2,3,2],6,1].
[[3,3,1,1,1,1,2,3,2],4,0].
[[3,2,1,0,0,0,2,2,1],1,0].
[[2,7,2,1,2,0,2,3,0],11,1].
[[3,6,0,0,0,0,1,2,1],0,11].
[[2,3,1,1,2,1,2,3,2],5,0].
[[2,7,2,1,1,1,2,1,1],1,0].
[[3,7,2,1,1,0,2,2,0],3,1].
[[1,9,2,1,2,0,1,2,0],2,19].
[[2,6,0,0,0,0,1,2,2],1,2].
[[2,5,0,1,1,1,1,2,2],4,0].
[[2,9,1,1,1,0,2,1,0],0,4].
[[2,9,1,1,1,0,0,0,0],0,1].
[[3,9,1,1,1,0,2,1,0],0,13].
[[3,5,0,1,1,0,1,1,0],0,4].
[[2,9,2,1,1,0,1,2,2],0,4].
[[2,9,2,1,1,0,2,3,2],0,3].
[[3,4,0,1,2,0,2,3,2],0,1].
[[3,7,0,0,0,0,2,1,0],0,13].
[[3,6,1,1,1,1,1,1,0],1,0].
[[3,5,0,1,2,1,2,2,0],4,0].
[[3,6,0,0,0,0,1,2,0],0,3].
[[3,7,1,1,1,0,2,3,0],3,6].
[[2,9,1,1,2,0,2,1,1],0,8].
[[3,3,2,1,2,1,2,2,0],4,0].
[[3,3,1,0,0,0,1,1,1],2,1].
[[3,7,0,0,0,0,2,1,1],1,11].
[[2,6,0,0,0,0,2,1,0],1,4].
[[3,6,0,0,0,0,1,1,0],0,4].
[[3,7,2,1,1,1,0,0,0],6,3].
[[3,3,2,1,1,1,2,3,2],4,0].
[[1,7,1,1,2,1,2,3,1],4,2].
[[3,5,0,1,2,0,2,1,0],4,0].
[[2,7,1,1,1,1,1,2,1],5,1].
[[2,8,0,1,2,0,1,2,0],1,9].
[[3,3,2,1,2,0,2,2,1],4,0].
[[3,4,0,1,2,0,1,2,2],0,1].
[[2,3,2,0,0,0,2,3,1],2,0].
[[3,6,0,1,2,0,2,3,2],0,4].
[[2,8,1,1,1,0,2,1,0],2,4].
[[2,7,1,1,2,0,1,2,0],1,0].
[[3,9,1,1,2,0,2,3,1],0,14].
[[2,6,0,1,2,1,2,1,0],0,2].
[[3,6,0,1,1,1,2,1,0],0,3].
[[3,7,2,1,1,1,2,2,1],8,0].
[[1,6,1,0,0,0,1,1,1],4,1].
[[1,6,1,0,0,0,1,2,1],3,0].
[[2,3,1,0,0,0,1,2,1],1,0].
[[3,3,1,1,2,1,1,2,1],2,1].
[[3,6,0,1,2,0,2,3,1],0,3].
[[1,3,2,0,0,0,2,3,2],3,0].
[[1,7,1,0,0,0,2,2,0],6,0].
[[1,5,0,0,0,0,2,3,0],5,0].
[[3,2,0,0,0,0,0,0,0],0,3].
[[2,7,1,1,2,0,2,1,0],4,6].
[[2,3,1,0,0,0,2,2,0],1,0].
[[3,7,1,1,1,0,2,1,0],3,4].
[[2,6,1,1,2,0,1,1,0],1,1].
[[3,6,0,1,2,1,2,1,0],0,11].
[[2,9,1,1,1,0,2,2,1],0,3].
[[3,3,1,1,1,1,2,1,1],2,0].
[[3,3,2,1,2,0,2,3,0],2,0].
[[2,9,1,1,1,0,1,2,1],0,4].
[[1,9,2,1,1,1,1,1,0],3,2].
[[2,9,2,1,1,0,2,3,0],0,5].
[[2,9,2,1,1,0,2,1,0],1,4].
[[3,4,0,1,2,0,2,1,0],0,1].
[[2,6,0,1,2,1,1,2,2],0,3].
[[2,6,0,1,2,1,1,2,0],0,2].
[[1,7,2,1,2,1,2,3,1],5,4].
[[2,4,1,1,2,0,2,1,1],5,4].
[[3,6,0,1,2,0,1,1,1],1,0].
[[3,9,1,0,0,0,0,0,0],0,2].
[[2,5,0,1,1,1,1,1,0],3,0].
[[2,5,0,1,1,1,2,1,0],2,0].
[[3,7,1,1,1,0,2,3,1],3,5].
[[3,6,1,1,1,0,2,2,0],1,0].
[[3,6,1,1,1,0,2,3,0],3,0].
[[3,6,0,1,2,0,1,2,2],0,3].
[[3,6,0,0,0,0,1,1,1],0,1].
[[3,7,1,1,1,0,1,1,1],1,5].
[[3,7,0,0,0,0,1,1,1],1,1].
[[3,9,0,1,2,0,2,2,0],0,1].
[[3,7,2,1,1,1,2,1,0],4,2].
[[3,9,0,1,2,1,2,1,0],0,2].
[[3,9,0,1,1,1,1,1,1],0,1].
[[3,9,1,1,1,1,2,2,1],0,4].
[[3,2,1,1,2,1,1,2,1],2,0].
[[2,6,1,0,0,0,1,1,0],1,1].
[[2,3,1,0,0,0,2,1,1],3,0].
[[2,6,0,0,0,0,2,1,1],0,3].
[[2,3,2,0,0,0,1,1,1],2,0].
[[1,8,0,0,0,0,1,1,1],0,3].
[[2,5,0,1,1,1,1,2,1],1,0].
[[1,6,1,1,2,1,2,2,1],2,1].
[[2,9,2,1,1,0,2,3,1],0,3].
[[2,2,1,0,0,0,2,3,2],3,0].
[[3,2,1,0,0,0,2,3,2],4,0].
[[2,3,2,1,2,1,2,2,1],1,0].
[[3,3,2,1,1,1,2,3,0],1,0].
[[2,6,0,0,0,0,2,3,0],3,14].
[[3,9,0,1,2,0,2,3,0],0,2].
[[3,3,1,1,2,0,1,1,1],3,0].
[[3,3,2,1,2,0,2,1,1],2,0].
[[3,9,0,0,0,0,1,1,1],0,1].
[[3,9,1,1,1,0,2,3,1],0,1].
[[2,2,1,0,0,0,0,0,0],9,0].
[[2,2,1,0,0,0,2,2,0],1,0].
[[3,2,1,0,0,0,2,2,0],3,0].
[[3,8,1,1,1,0,0,0,0],0,3].
[[2,7,1,1,2,0,1,1,1],1,2].
[[3,3,1,0,0,0,1,2,1],5,0].
[[2,6,1,1,2,1,1,2,1],4,0].
[[1,7,1,1,2,1,1,1,1],0,1].
[[3,4,1,1,2,0,0,0,0],6,4].
[[1,6,1,1,2,1,2,3,1],5,0].
[[2,7,0,1,2,1,1,2,2],1,3].
[[3,3,2,1,1,0,2,3,2],3,0].
[[2,4,1,1,2,0,0,0,0],5,2].
[[3,6,0,1,1,1,1,2,0],0,1].
[[2,7,2,1,1,0,2,3,2],0,1].
[[2,3,1,1,2,1,2,2,0],1,0].
[[3,3,1,1,1,1,2,2,0],1,0].
[[3,6,1,1,1,0,2,2,1],3,0].
[[3,3,2,0,0,0,2,2,1],4,0].
[[1,6,1,1,2,1,2,1,1],2,0].
[[3,3,1,0,0,0,1,2,0],2,0].
[[2,9,2,1,1,0,1,1,0],0,1].
[[3,3,2,1,1,1,2,1,0],1,0].
[[2,3,2,0,0,0,2,2,0],1,0].
[[3,3,2,1,2,0,2,2,0],3,0].
[[2,6,1,1,2,0,2,3,0],6,0].
[[3,2,1,1,2,0,1,2,1],1,0].
[[1,6,1,0,0,0,2,3,0],6,0].
[[3,1,1,1,2,0,1,1,1],2,0].
[[3,6,1,0,0,0,1,1,0],3,1].
[[3,3,0,0,0,0,0,0,0],0,3].
[[2,7,2,1,1,0,1,2,2],0,1].
[[3,2,1,1,2,0,2,1,0],1,0].
[[3,6,0,0,0,0,2,1,0],0,4].
[[2,7,1,1,2,1,1,1,0],0,2].
[[3,9,0,1,2,0,1,2,1],0,2].
[[3,8,1,1,1,0,1,1,0],3,5].
[[1,6,0,0,0,0,2,1,0],1,0].
[[3,3,2,1,2,0,1,1,1],2,0].
[[2,7,2,1,1,0,2,3,1],2,0].
[[3,9,0,1,2,0,2,1,0],0,1].
[[2,6,1,1,2,0,2,2,0],3,0].
[[2,6,1,1,1,1,2,2,1],5,2].
[[2,7,1,1,1,1,1,2,2],2,1].
[[3,3,2,1,2,1,1,2,0],2,0].
[[2,5,0,1,2,0,1,2,2],3,0].
[[3,7,2,1,1,0,2,1,0],3,2].
[[3,9,1,1,1,1,0,0,0],0,1].
[[3,3,2,1,1,1,0,0,0],4,0].
[[3,4,0,1,2,0,1,2,1],0,4].
[[2,6,1,1,1,1,1,2,2],0,1].
[[3,7,2,1,1,1,1,2,0],4,0].
[[2,3,2,0,0,0,2,3,0],2,0].
[[3,6,0,1,2,0,1,2,0],0,2].
[[3,4,0,1,2,0,2,2,0],0,1].
[[2,6,1,1,1,1,2,3,1],4,0].
[[3,3,0,1,2,1,2,3,0],0,1].
[[3,3,2,0,0,0,2,3,0],5,0].
[[3,2,1,0,0,0,1,2,2],1,0].
[[2,7,2,1,2,0,1,2,0],2,0].
[[3,3,2,1,2,0,1,2,0],2,0].
[[3,3,2,0,0,0,2,2,0],1,0].
[[3,9,0,0,0,0,2,2,0],0,1].
[[3,6,0,1,1,1,1,1,1],0,2].
[[3,1,1,1,2,0,1,1,0],1,0].
[[3,2,1,1,2,1,2,3,0],2,0].
[[3,6,0,1,2,0,2,2,1],0,2].
[[3,3,1,1,2,1,1,1,1],3,0].
[[2,5,0,1,2,0,2,2,0],1,0].
[[3,5,0,1,1,0,2,2,0],1,0].
[[3,6,1,1,1,1,2,1,0],2,0].
[[1,7,1,0,0,0,2,1,0],3,1].
[[3,7,0,1,2,0,1,2,1],1,4].
[[1,8,0,1,2,1,1,1,0],0,4].
[[1,8,1,1,2,0,1,2,0],0,1].
[[2,9,1,1,1,0,1,1,1],0,3].
[[2,3,2,1,2,1,2,3,0],1,0].
[[1,8,1,1,1,1,2,1,0],5,0].
[[3,9,0,1,1,0,1,2,0],0,3].
[[3,9,1,1,2,0,2,1,1],0,4].
[[3,7,2,1,1,0,0,0,0],1,1].
[[3,3,1,1,2,0,2,1,0],2,0].
[[3,7,0,1,2,0,1,2,0],0,3].
[[3,2,1,1,2,0,2,3,2],1,0].
[[3,6,0,1,2,1,1,1,0],0,1].
[[3,8,0,1,1,0,0,0,0],0,2].
[[3,6,0,1,2,0,2,1,1],0,2].
[[3,3,2,1,2,0,2,1,0],1,0].
[[1,7,2,1,2,0,1,2,2],1,0].
[[3,9,1,1,1,0,2,2,1],0,1].
[[1,5,0,1,2,1,1,2,0],3,0].
[[1,7,1,1,2,1,1,2,1],0,1].
[[2,9,2,1,1,0,1,2,0],0,1].
[[3,7,2,1,1,0,2,1,1],1,1].
[[2,7,0,0,0,0,2,1,1],1,2].
[[3,2,1,0,0,0,0,0,0],3,0].
[[3,9,0,1,2,1,2,3,0],0,1].
[[2,7,2,1,1,1,2,3,0],2,0].
[[1,5,0,1,1,1,1,2,0],0,1].
[[3,4,0,1,2,0,2,3,1],0,1].
[[3,5,0,1,1,0,2,1,0],1,2].
[[3,6,0,1,2,0,1,2,1],0,1].
[[1,7,2,1,2,0,1,2,1],1,0].
[[3,9,1,1,1,0,2,1,1],0,1].
[[2,3,1,1,2,1,2,2,1],1,0].
[[3,3,1,1,1,1,2,3,0],2,0].
[[3,9,0,1,1,1,2,2,0],0,1].
[[2,7,0,0,0,0,2,1,0],0,2].
[[3,9,0,0,0,0,2,3,0],0,1].
[[2,7,2,1,1,0,2,2,1],0,1].
[[2,2,0,0,0,0,0,0,0],0,1].
[[1,7,2,0,0,0,2,1,0],2,0].
[[2,6,1,1,1,1,2,1,0],1,0].
[[3,7,1,1,1,0,1,1,0],0,1].
[[2,9,2,1,1,0,0,0,0],0,1].
[[3,9,0,1,1,1,2,1,0],0,3].
[[2,3,1,1,2,1,2,3,1],1,0].
[[3,6,0,1,2,0,2,1,0],0,1].
[[3,2,1,1,2,0,2,3,0],1,0].
[[2,3,2,1,2,1,2,3,1],2,0].
[[3,2,1,1,2,0,2,2,1],1,0].
[[2,9,2,1,1,0,2,1,1],0,1].
[[3,8,0,1,1,0,2,1,1],0,1].
[[3,5,0,1,1,0,1,2,2],1,0].
[[1,8,1,1,1,1,1,2,0],0,1].
[[3,9,0,0,0,0,1,2,1],0,1].
[[3,9,0,1,2,0,1,1,1],0,1].
[[2,5,0,1,2,0,2,3,0],2,0].
[[3,6,1,1,1,0,2,1,0],2,0].
[[1,8,1,1,2,0,1,1,0],0,1].
[[2,3,1,1,2,1,2,1,1],1,0].
[[3,3,2,1,1,1,1,2,0],1,0].
[[3,3,1,1,2,1,1,2,0],1,0].
[[3,6,0,1,1,1,2,1,1],0,1].
[[2,5,0,1,1,0,2,1,0],1,0].
[[2,7,2,1,2,0,2,2,0],2,1].
[[3,2,1,0,0,0,1,1,1],1,0].
[[2,2,1,0,0,0,2,2,1],1,0].
[[2,6,1,1,1,1,2,1,1],1,0].
[[3,7,1,1,1,0,1,2,0],0,1].
[[3,3,2,0,0,0,1,2,0],1,0].
