total_WL(19926,16066).
[[1,9,2,0,0,0,2,3,0],1007,1172].
[[2,9,1,1,2,1,2,3,0],297,576].
[[3,9,1,1,2,1,1,2,0],341,648].
[[1,9,2,1,2,1,2,3,0],460,455].
[[2,9,1,1,2,1,2,2,0],228,422].
[[3,9,1,1,1,1,2,3,1],25,59].
[[1,9,2,0,0,0,2,2,0],716,817].
[[2,9,1,0,0,0,2,2,0],245,453].
[[3,8,1,0,0,0,2,2,0],47,68].
[[1,7,2,0,0,0,1,2,1],26,5].
[[2,7,2,0,0,0,1,2,1],67,9].
[[3,7,2,1,2,1,1,2,1],142,8].
[[1,8,1,0,0,0,2,2,0],314,105].
[[2,8,1,0,0,0,2,3,0],374,199].
[[3,8,1,0,0,0,2,3,0],99,99].
[[1,8,0,0,0,0,0,0,0],768,769].
[[2,8,0,1,2,1,0,0,0],113,262].
[[3,7,1,1,2,1,2,2,1],251,97].
[[1,6,1,0,0,0,2,3,1],58,2].
[[2,3,1,0,0,0,2,3,1],13,1].
[[3,3,1,1,2,1,2,3,1],33,5].
[[1,9,2,0,0,0,2,3,1],827,1193].
[[2,8,1,1,2,1,2,3,1],500,218].
[[3,8,1,1,2,1,2,3,1],319,155].
[[1,9,2,0,0,0,1,2,1],389,411].
[[2,9,1,1,2,1,1,2,1],262,418].
[[3,8,1,1,1,1,1,2,1],173,84].
[[2,9,1,0,0,0,2,3,0],299,579].
[[3,9,1,0,0,0,1,2,0],142,238].
[[1,9,2,0,0,0,0,0,0],495,1131].
[[2,8,0,0,0,0,2,3,1],257,273].
[[3,8,0,1,2,1,2,3,1],155,256].
[[1,9,2,1,2,1,1,2,0],179,159].
[[2,9,1,1,2,1,1,2,0],348,405].
[[3,8,1,1,2,1,1,2,0],373,157].
[[1,8,1,0,0,0,0,0,0],1421,808].
[[2,8,1,0,0,0,2,1,1],294,124].
[[3,8,1,1,2,0,2,1,1],41,23].
[[1,8,0,1,2,1,2,2,0],57,32].
[[2,8,0,1,1,1,2,2,0],35,31].
[[3,8,0,1,1,1,2,2,0],76,120].
[[2,9,1,0,0,0,2,1,0],115,208].
[[3,9,1,1,2,0,1,2,0],103,201].
[[2,9,1,0,0,0,0,0,0],6,87].
[[3,8,1,0,0,0,0,0,0],0,9].
[[2,9,1,0,0,0,1,2,0],365,424].
[[3,8,1,1,2,0,1,2,0],140,55].
[[1,3,2,0,0,0,2,3,1],4,0].
[[2,3,2,0,0,0,1,2,1],6,0].
[[3,3,2,1,2,1,1,2,1],18,0].
[[1,9,2,1,2,1,1,1,0],64,87].
[[2,9,1,1,2,1,1,1,0],119,239].
[[3,9,1,1,2,1,1,1,0],90,324].
[[3,9,1,1,2,1,2,2,1],50,128].
[[1,7,2,0,0,0,0,0,0],234,32].
[[2,7,2,1,2,0,2,3,1],38,5].
[[3,7,1,1,2,0,2,3,1],115,47].
[[2,9,1,0,0,0,2,3,1],177,338].
[[3,8,0,0,0,0,2,3,1],75,78].
[[2,8,0,1,2,1,2,3,1],221,269].
[[3,7,0,1,2,1,2,3,1],57,33].
[[3,8,0,1,2,1,2,3,0],250,432].
[[1,9,2,1,2,1,2,2,0],346,343].
[[1,8,1,0,0,0,2,3,1],937,395].
[[2,8,1,0,0,0,2,3,1],646,265].
[[2,8,1,0,0,0,0,0,0],159,154].
[[3,8,1,1,2,0,2,2,0],52,73].
[[1,8,1,0,0,0,2,2,1],697,269].
[[2,7,2,0,0,0,2,2,1],97,10].
[[3,3,2,1,2,1,2,2,1],21,1].
[[2,8,1,0,0,0,2,2,1],419,185].
[[3,8,1,1,2,1,2,2,1],220,104].
[[2,8,1,1,2,0,2,3,1],136,119].
[[3,7,1,1,2,1,2,3,1],379,146].
[[3,9,1,1,1,1,2,2,0],11,81].
[[2,7,1,0,0,0,0,0,0],304,121].
[[3,7,1,1,2,0,2,3,0],53,37].
[[1,8,0,1,2,1,0,0,0],238,275].
[[2,8,0,1,2,1,2,1,0],109,88].
[[3,8,0,1,1,1,1,1,0],36,42].
[[3,9,1,0,0,0,1,2,1],55,173].
[[2,8,0,1,2,1,2,3,0],282,241].
[[3,8,0,1,1,1,2,3,0],85,148].
[[2,8,1,1,2,1,0,0,0],150,132].
[[3,7,1,1,2,1,0,0,0],126,89].
[[1,9,2,1,2,0,2,1,0],14,21].
[[2,9,1,1,1,0,1,2,0],5,9].
[[3,8,1,1,1,0,1,2,0],22,31].
[[1,8,1,0,0,0,1,2,1],223,88].
[[3,7,2,0,0,0,1,2,1],69,7].
[[1,9,2,0,0,0,2,1,1],419,520].
[[2,8,0,0,0,0,2,1,1],126,131].
[[3,8,0,1,2,1,2,1,1],66,98].
[[3,7,2,0,0,0,2,3,0],26,3].
[[1,8,1,1,2,1,2,2,0],101,26].
[[2,8,1,1,2,1,2,2,0],212,98].
[[3,5,0,1,2,1,1,1,0],100,31].
[[2,8,1,1,2,1,2,2,1],331,131].
[[3,8,1,1,1,1,1,1,1],69,40].
[[3,5,0,1,2,1,1,2,0],105,13].
[[1,8,0,0,0,0,1,1,1],16,13].
[[2,8,0,0,0,0,1,1,1],52,44].
[[2,7,1,1,2,1,2,3,1],158,33].
[[1,9,2,1,2,1,2,3,1],385,465].
[[3,8,1,1,2,1,2,3,0],237,224].
[[1,9,2,0,0,0,2,2,1],514,680].
[[3,5,0,0,0,0,1,1,1],75,2].
[[1,9,2,0,0,0,1,2,0],445,361].
[[2,8,0,1,2,1,1,2,0],152,53].
[[3,8,0,1,2,1,1,2,0],369,271].
[[2,8,0,0,0,0,2,1,0],108,85].
[[3,8,0,0,0,0,1,1,0],53,57].
[[2,8,0,1,2,0,2,3,0],42,33].
[[1,8,1,1,2,0,0,0,0],51,42].
[[2,8,1,1,2,0,2,2,0],61,48].
[[1,8,1,0,0,0,2,3,0],469,136].
[[2,8,1,0,0,0,1,2,0],182,73].
[[3,8,0,1,2,0,1,2,1],51,92].
[[3,9,1,1,2,1,2,3,0],19,212].
[[1,9,2,0,0,0,2,1,0],395,401].
[[1,9,2,1,2,1,2,2,1],205,270].
[[2,9,1,1,1,1,1,1,1],25,31].
[[3,9,1,1,1,1,1,1,1],21,62].
[[2,8,0,1,2,1,2,2,1],137,156].
[[3,8,0,1,1,1,2,2,1],35,54].
[[3,8,1,1,2,1,1,1,0],120,93].
[[1,8,1,0,0,0,2,1,1],540,188].
[[2,8,1,1,2,0,2,1,1],70,36].
[[1,8,1,0,0,0,2,1,0],126,36].
[[2,7,2,0,0,0,2,1,0],8,0].
[[3,7,2,0,0,0,1,1,1],14,8].
[[3,7,2,0,0,0,2,3,1],75,6].
[[1,9,2,1,2,1,0,0,0],216,486].
[[2,9,1,1,2,1,0,0,0],9,87].
[[3,9,1,1,1,1,1,2,1],67,164].
[[2,8,0,0,0,0,2,2,0],219,193].
[[3,7,1,0,0,0,2,2,0],73,34].
[[3,7,2,1,2,0,2,1,1],38,3].
[[2,8,1,0,0,0,1,2,1],345,163].
[[3,8,1,1,2,0,1,2,1],176,110].
[[1,8,0,0,0,0,2,3,0],228,121].
[[1,8,1,0,0,0,1,1,0],24,19].
[[3,8,1,0,0,0,1,1,0],55,49].
[[2,9,1,1,2,1,2,1,0],117,229].
[[3,9,1,1,1,1,1,1,0],41,127].
[[2,9,1,1,2,1,2,3,1],187,368].
[[3,8,0,1,1,1,2,3,1],48,82].
[[2,9,1,0,0,0,1,2,1],251,414].
[[3,9,1,1,2,1,1,2,1],183,496].
[[1,9,2,1,2,0,1,2,0],18,21].
[[2,9,1,1,2,0,1,2,0],93,102].
[[3,9,1,1,1,0,1,2,0],9,53].
[[3,8,0,1,1,1,1,2,1],71,105].
[[2,9,1,0,0,0,1,1,0],120,203].
[[1,9,2,1,2,1,1,1,1],76,60].
[[2,9,1,1,1,1,1,2,1],84,80].
[[3,8,1,0,0,0,1,2,1],225,127].
[[2,8,1,1,2,1,1,2,0],173,46].
[[3,7,1,1,2,1,1,2,0],120,18].
[[2,9,1,0,0,0,2,2,1],124,238].
[[3,8,1,1,2,1,2,1,1],143,54].
[[1,9,2,1,1,1,2,2,1],40,28].
[[2,9,1,1,1,1,2,2,0],70,88].
[[1,9,2,1,2,0,2,3,1],29,66].
[[2,8,0,1,2,0,2,3,1],27,39].
[[1,9,2,0,0,0,1,1,0],110,207].
[[2,8,1,1,2,0,1,1,0],15,9].
[[3,7,2,1,1,0,1,1,1],3,4].
[[1,8,1,1,2,1,0,0,0],454,250].
[[2,6,1,0,0,0,2,3,0],44,0].
[[3,6,1,1,2,0,1,2,0],13,2].
[[2,9,1,1,2,1,2,2,1],110,222].
[[1,9,2,1,1,1,2,1,0],19,15].
[[2,4,1,1,2,0,2,1,0],7,1].
[[3,4,1,1,2,0,1,2,0],114,35].
[[1,9,2,1,1,1,2,3,1],67,44].
[[2,9,1,1,1,1,2,3,1],65,57].
[[1,8,1,1,1,1,2,1,1],15,6].
[[2,7,1,1,1,1,2,1,1],10,2].
[[3,4,1,1,2,0,2,1,1],30,7].
[[2,8,1,1,2,1,1,2,1],272,119].
[[3,7,1,1,1,1,1,2,1],55,18].
[[2,9,1,1,2,0,2,3,1],42,87].
[[1,8,1,1,2,0,2,2,1],27,11].
[[2,8,1,1,2,0,2,2,1],94,38].
[[3,6,1,1,2,1,2,2,1],59,1].
[[2,7,1,0,0,0,2,2,1],132,51].
[[3,7,1,1,2,1,2,2,0],145,57].
[[3,8,1,1,2,1,2,2,0],175,144].
[[2,9,1,1,2,0,1,2,1],64,107].
[[3,9,1,1,2,0,1,2,1],54,167].
[[3,8,1,1,2,0,2,2,1],89,41].
[[3,8,0,0,0,0,1,2,0],149,114].
[[2,8,0,1,2,1,2,2,0],207,183].
[[3,8,0,1,2,1,1,1,0],121,157].
[[1,8,0,0,0,0,2,1,0],79,54].
[[2,7,1,0,0,0,2,1,0],21,8].
[[3,7,1,0,0,0,2,3,1],212,66].
[[2,9,1,0,0,0,1,1,1],100,144].
[[3,5,0,1,2,0,1,1,1],62,6].
[[3,8,0,0,0,0,1,2,1],101,130].
[[1,8,0,0,0,0,2,2,1],194,145].
[[2,7,0,0,0,0,2,2,1],12,7].
[[3,7,0,0,0,0,1,1,1],5,2].
[[2,8,1,1,2,1,1,1,0],43,36].
[[3,8,1,1,1,1,1,1,0],28,34].
[[3,9,1,1,2,1,2,3,1],53,140].
[[3,9,1,1,2,0,1,1,0],29,99].
[[2,5,0,1,2,0,1,1,1],12,5].
[[3,5,0,1,2,1,1,1,1],181,14].
[[3,8,0,1,2,0,1,2,0],73,80].
[[3,4,1,1,2,0,1,2,1],112,23].
[[3,7,1,1,2,0,2,2,1],63,35].
[[3,7,0,1,2,1,2,1,0],27,10].
[[1,8,0,1,2,1,2,1,1],53,48].
[[3,6,0,1,2,1,2,3,1],29,23].
[[2,7,2,0,0,0,0,0,0],122,10].
[[3,7,2,1,2,0,2,2,0],9,1].
[[3,9,1,1,1,1,1,2,0],130,255].
[[1,9,2,0,0,0,1,1,1],160,171].
[[2,9,1,1,2,1,1,1,1],99,141].
[[3,9,1,1,2,1,1,1,1],52,164].
[[2,7,2,1,2,0,0,0,0],29,9].
[[3,7,2,1,2,1,2,1,1],61,11].
[[1,8,0,0,0,0,2,2,0],163,106].
[[2,8,0,1,2,1,1,1,0],42,33].
[[2,5,0,0,0,0,1,1,1],81,8].
[[1,7,1,0,0,0,0,0,0],286,86].
[[2,7,1,1,2,1,0,0,0],182,106].
[[1,8,1,1,2,1,2,2,1],254,65].
[[2,7,1,1,2,1,2,2,1],110,24].
[[3,7,1,1,2,1,1,2,1],231,60].
[[2,8,0,1,1,1,2,3,0],53,37].
[[3,7,0,1,1,1,2,3,0],19,10].
[[2,8,1,0,0,0,2,1,0],112,54].
[[1,9,2,1,2,1,2,1,0],159,180].
[[2,8,1,0,0,0,2,2,0],276,120].
[[3,8,1,0,0,0,1,2,0],182,73].
[[1,8,0,1,2,1,2,1,0],36,9].
[[2,8,1,1,2,1,2,3,0],326,169].
[[3,7,1,1,1,1,2,3,0],67,24].
[[1,8,1,1,2,1,2,1,1],173,58].
[[2,8,1,1,1,1,2,1,1],53,23].
[[3,6,1,1,1,1,2,1,1],12,0].
[[1,9,2,1,2,1,1,2,1],174,173].
[[2,8,0,1,2,1,1,2,1],115,97].
[[3,6,1,0,0,0,2,2,1],24,1].
[[1,9,2,1,2,1,2,1,1],197,240].
[[2,8,1,1,2,1,2,1,1],254,102].
[[3,8,1,1,2,0,1,1,1],71,37].
[[1,8,1,1,2,0,2,3,1],44,31].
[[3,7,2,1,1,0,2,3,1],11,7].
[[2,4,1,1,2,0,1,2,0],24,4].
[[3,8,0,1,2,0,2,3,1],43,62].
[[3,8,1,1,1,1,2,1,1],50,29].
[[2,7,1,0,0,0,2,1,1],102,29].
[[3,7,1,1,2,0,2,1,1],50,24].
[[2,8,0,0,0,0,2,2,1],162,135].
[[3,7,0,0,0,0,2,2,1],26,10].
[[1,8,0,1,2,1,2,3,0],83,44].
[[3,8,1,1,1,1,2,1,0],23,29].
[[1,6,1,1,2,1,0,0,0],52,5].
[[2,6,1,1,2,1,0,0,0],80,4].
[[3,6,1,1,2,1,2,3,1],94,3].
[[3,7,0,0,0,0,2,2,0],22,14].
[[1,6,1,0,0,0,0,0,0],254,17].
[[2,6,1,0,0,0,2,3,1],94,5].
[[3,3,2,1,2,0,2,3,1],14,1].
[[1,9,2,1,2,0,2,3,0],40,56].
[[3,8,0,1,1,0,2,1,0],3,8].
[[3,9,1,1,2,0,2,3,1],11,43].
[[1,8,1,1,2,1,2,3,1],311,110].
[[2,7,2,1,2,1,2,3,1],75,1].
[[3,7,2,1,1,1,1,2,1],34,7].
[[3,7,1,1,2,1,2,1,1],173,62].
[[1,7,1,0,0,0,2,3,0],28,8].
[[2,7,1,0,0,0,2,3,0],75,19].
[[3,7,1,0,0,0,2,3,0],111,48].
[[2,8,1,1,2,0,1,2,0],46,23].
[[3,7,1,0,0,0,0,0,0],66,43].
[[2,9,1,1,1,1,1,1,0],50,47].
[[1,8,0,1,2,1,1,2,0],7,5].
[[3,9,1,1,2,1,2,2,0],31,182].
[[3,8,0,1,2,1,2,1,0],98,160].
[[2,8,0,1,2,0,1,2,0],11,12].
[[1,9,2,1,1,1,2,3,0],68,37].
[[3,9,1,1,2,0,2,1,0],1,34].
[[2,8,0,0,0,0,1,2,0],130,67].
[[1,8,0,0,0,0,1,2,0],47,21].
[[2,7,1,1,2,0,1,2,0],4,1].
[[3,7,1,1,2,0,1,2,0],38,9].
[[3,6,1,0,0,0,2,3,1],54,1].
[[2,9,1,0,0,0,2,1,1],66,125].
[[2,8,1,1,2,0,1,1,1],30,26].
[[3,9,1,0,0,0,1,1,0],42,110].
[[3,5,0,1,1,0,1,1,1],2,5].
[[2,8,1,1,2,0,1,2,1],79,49].
[[3,8,0,1,2,1,1,2,1],200,316].
[[1,9,2,1,2,0,2,1,1],11,36].
[[3,8,1,1,1,0,1,2,1],16,40].
[[3,6,1,0,0,0,2,1,1],35,1].
[[2,8,0,0,0,0,2,3,0],317,264].
[[3,7,0,1,2,1,2,3,0],82,30].
[[2,5,0,1,2,1,2,3,0],10,0].
[[3,8,0,1,2,1,2,2,1],99,145].
[[1,8,0,0,0,0,2,3,1],245,219].
[[2,8,0,0,0,0,1,2,1],110,100].
[[2,8,1,1,1,0,2,2,1],4,8].
[[3,8,0,1,2,1,2,2,0],183,332].
[[3,8,1,1,2,1,1,2,1],488,249].
[[1,7,1,0,0,0,2,3,1],47,11].
[[3,8,1,1,1,0,2,3,1],20,26].
[[3,9,1,0,0,0,2,2,1],15,43].
[[3,7,1,1,1,1,2,1,1],47,23].
[[1,6,1,0,0,0,2,1,1],22,1].
[[2,6,1,0,0,0,2,1,1],49,4].
[[3,6,1,1,2,0,1,1,1],7,1].
[[2,9,1,1,2,1,2,1,1],73,133].
[[1,9,2,1,1,1,1,2,1],32,19].
[[2,4,1,1,2,0,1,2,1],15,1].
[[3,6,1,1,2,1,2,3,0],59,2].
[[1,9,2,1,2,0,2,2,0],31,41].
[[2,9,1,1,1,0,1,1,0],2,5].
[[3,5,0,1,1,0,1,1,0],5,3].
[[3,8,1,0,0,0,2,1,1],53,23].
[[2,7,2,0,0,0,2,1,1],68,7].
[[2,7,1,1,2,1,2,3,0],61,16].
[[3,7,1,1,2,1,2,3,0],223,84].
[[2,7,1,0,0,0,2,3,1],183,63].
[[2,7,2,1,2,1,1,2,1],43,6].
[[3,5,0,1,2,0,1,2,0],43,5].
[[2,8,0,0,0,0,0,0,0],115,300].
[[3,8,0,0,0,0,2,3,0],102,183].
[[2,9,1,1,2,0,2,2,0],45,121].
[[3,8,1,1,2,0,2,3,1],113,61].
[[1,8,1,0,0,0,1,2,0],85,33].
[[2,5,0,1,2,1,1,2,0],28,6].
[[3,9,1,1,1,1,2,3,0],5,81].
[[3,7,1,0,0,0,1,1,1],35,19].
[[2,9,1,1,2,0,2,2,1],21,53].
[[3,8,0,1,2,0,2,2,1],20,48].
[[3,9,1,1,2,0,2,1,1],10,20].
[[1,8,1,1,2,1,2,1,0],36,14].
[[2,8,1,1,1,1,2,1,0],29,12].
[[3,4,1,1,2,0,2,1,0],35,6].
[[2,7,1,1,2,0,0,0,0],49,28].
[[2,8,1,1,2,1,2,1,0],96,45].
[[3,8,1,1,2,1,2,1,0],61,76].
[[2,7,1,1,2,0,2,2,0],10,6].
[[3,6,0,0,0,0,0,0,0],7,14].
[[3,8,0,1,2,0,2,3,0],60,97].
[[3,9,1,0,0,0,2,3,0],10,74].
[[1,6,1,0,0,0,2,1,0],9,0].
[[2,3,1,0,0,0,2,1,0],1,0].
[[3,3,1,0,0,0,1,2,0],5,0].
[[3,9,1,0,0,0,2,3,1],18,55].
[[1,5,0,0,0,0,1,1,1],33,4].
[[1,7,2,1,2,1,0,0,0],41,6].
[[2,7,2,1,2,1,0,0,0],71,8].
[[3,7,2,1,2,1,2,2,1],75,10].
[[1,8,1,1,1,1,0,0,0],46,24].
[[2,8,1,1,1,1,2,2,1],77,24].
[[3,7,1,0,0,0,2,2,1],125,49].
[[3,6,1,1,2,0,2,2,0],19,1].
[[3,9,1,1,2,1,0,0,0],0,4].
[[3,8,0,1,2,0,2,2,0],54,88].
[[3,9,1,0,0,0,1,1,1],22,52].
[[1,8,1,1,2,1,1,2,1],58,32].
[[2,8,1,1,1,1,1,2,1],58,25].
[[1,8,0,0,0,0,2,1,1],151,129].
[[2,8,0,1,2,1,1,1,1],37,27].
[[3,8,0,1,2,1,1,1,1],83,105].
[[3,7,1,1,2,1,1,1,0],34,16].
[[3,8,1,0,0,0,2,3,1],152,79].
[[3,8,1,1,2,1,1,1,1],194,98].
[[1,8,1,1,2,1,2,3,0],137,50].
[[3,8,1,1,1,1,2,3,1],108,49].
[[3,8,0,0,0,0,2,2,0],82,128].
[[1,9,2,1,1,1,0,0,0],45,50].
[[2,9,1,1,1,1,2,2,1],31,44].
[[3,9,1,1,1,1,2,2,1],14,41].
[[3,7,1,1,1,1,2,2,1],70,19].
[[2,2,1,0,0,0,0,0,0],9,0].
[[3,2,1,0,0,0,0,0,0],4,0].
[[2,8,0,1,2,0,2,2,0],28,32].
[[3,7,0,1,2,0,2,2,0],9,5].
[[2,9,1,1,1,1,2,3,0],99,114].
[[3,7,2,1,2,0,1,2,1],60,3].
[[3,7,0,0,0,0,2,3,0],37,20].
[[2,8,0,1,1,1,2,1,0],20,12].
[[2,9,1,1,2,0,2,1,0],24,46].
[[3,8,0,1,2,0,2,1,0],34,41].
[[3,7,1,1,1,1,2,3,1],96,38].
[[1,7,1,1,2,1,0,0,0],52,20].
[[3,3,1,1,2,1,2,2,1],30,0].
[[3,8,1,1,1,1,1,2,0],132,62].
[[3,6,0,1,2,1,2,2,0],25,19].
[[3,9,1,0,0,0,2,2,0],14,72].
[[2,8,1,1,1,1,1,1,1],22,11].
[[3,8,1,1,1,1,2,3,0],97,79].
[[3,9,1,1,2,0,2,2,0],5,59].
[[2,7,2,1,2,1,1,1,1],12,5].
[[3,7,2,1,2,1,1,1,1],40,12].
[[1,8,0,1,2,1,2,2,1],58,42].
[[2,8,0,1,1,1,1,1,1],4,7].
[[3,6,0,1,2,1,2,2,1],15,11].
[[3,8,1,0,0,0,2,2,1],112,55].
[[2,9,1,1,2,0,2,3,0],57,159].
[[3,3,1,1,2,0,2,2,0],3,0].
[[1,9,2,1,1,1,2,1,1],25,20].
[[1,6,1,0,0,0,2,2,0],15,0].
[[3,3,1,0,0,0,2,3,1],20,2].
[[3,8,0,0,0,0,2,2,1],56,68].
[[3,6,1,1,2,1,1,2,1],57,3].
[[1,9,2,1,1,1,2,2,0],62,37].
[[3,7,1,1,2,0,2,2,0],55,24].
[[2,8,1,0,0,0,1,1,1],141,72].
[[3,8,1,0,0,0,1,1,1],90,46].
[[1,8,1,1,2,0,1,1,0],1,2].
[[2,7,2,0,0,0,2,3,1],140,18].
[[3,7,2,0,0,0,1,2,0],16,2].
[[3,7,2,1,2,1,2,3,1],158,6].
[[3,7,2,1,2,1,1,2,0],38,2].
[[2,6,1,1,2,1,2,1,0],11,0].
[[3,6,1,1,1,1,2,1,0],5,2].
[[1,8,1,0,0,0,1,1,1],87,46].
[[3,7,1,1,1,1,1,1,1],17,10].
[[3,7,1,1,1,1,2,2,0],44,26].
[[3,8,0,0,0,0,2,1,0],42,49].
[[3,6,1,1,2,0,2,1,1],20,1].
[[3,7,1,0,0,0,2,1,1],96,29].
[[1,3,2,0,0,0,0,0,0],26,0].
[[2,3,2,0,0,0,0,0,0],33,0].
[[3,3,2,0,0,0,2,2,1],18,0].
[[3,9,1,1,1,1,2,1,1],10,24].
[[2,7,2,1,2,1,2,1,1],38,5].
[[2,6,0,0,0,0,2,2,1],5,4].
[[3,6,0,0,0,0,2,2,1],14,4].
[[1,6,1,0,0,0,2,3,0],13,1].
[[1,7,2,0,0,0,2,1,1],62,10].
[[2,7,2,0,0,0,1,1,1],17,5].
[[1,7,1,0,0,0,2,2,1],46,13].
[[3,7,1,1,2,1,1,1,1],78,29].
[[1,8,1,1,1,1,2,2,0],9,5].
[[2,8,1,1,1,1,2,2,0],39,16].
[[2,6,0,0,0,0,2,1,1],12,4].
[[3,8,0,1,2,0,1,1,0],33,43].
[[3,6,1,1,2,1,1,1,0],6,2].
[[1,9,2,1,2,0,0,0,0],18,73].
[[2,8,1,1,1,0,0,0,0],3,3].
[[3,8,1,1,1,0,2,2,1],5,21].
[[3,3,1,1,2,1,2,1,1],26,3].
[[2,8,0,1,2,0,1,2,1],20,12].
[[3,6,1,1,2,1,2,1,0],16,0].
[[1,8,1,1,2,1,1,2,0],39,16].
[[2,7,2,1,2,1,1,2,0],6,0].
[[2,5,0,0,0,0,1,2,0],33,4].
[[3,7,2,1,2,1,2,2,0],30,2].
[[3,8,0,0,0,0,1,1,1],33,53].
[[2,7,0,0,0,0,2,3,1],16,6].
[[3,7,0,1,2,0,2,3,1],12,9].
[[1,8,1,1,2,0,1,1,1],4,3].
[[2,7,1,1,2,0,1,1,1],3,0].
[[3,7,1,1,2,0,1,1,1],24,14].
[[2,8,1,1,2,0,2,3,0],101,65].
[[3,6,1,1,2,0,2,3,0],26,2].
[[2,7,1,1,2,0,2,3,0],7,8].
[[3,7,1,1,1,0,1,2,0],2,2].
[[2,7,1,1,2,1,2,2,0],48,11].
[[2,7,1,1,2,1,1,2,0],15,3].
[[3,7,0,0,0,0,2,3,1],22,11].
[[2,8,1,0,0,0,1,1,0],58,34].
[[3,6,1,0,0,0,1,1,0],8,1].
[[2,6,1,1,2,1,2,1,1],25,1].
[[3,3,2,1,1,1,2,1,1],2,0].
[[2,8,1,1,2,1,1,1,1],92,42].
[[3,5,0,1,1,1,1,1,0],32,13].
[[3,8,1,1,2,0,2,3,0],72,96].
[[2,7,2,1,2,0,2,2,0],5,1].
[[3,3,1,1,2,0,0,0,0],12,3].
[[3,7,0,1,2,1,1,2,1],36,12].
[[1,7,2,0,0,0,2,2,1],68,6].
[[3,7,2,0,0,0,2,2,1],53,3].
[[1,9,2,1,1,1,1,2,0],25,11].
[[2,7,2,1,2,0,2,3,0],7,0].
[[3,7,1,1,2,0,0,0,0],46,34].
[[1,9,2,1,2,0,2,2,1],24,35].
[[2,8,0,1,2,0,2,2,1],13,30].
[[2,9,1,1,1,1,1,2,0],103,88].
[[3,8,0,1,1,1,1,2,0],125,104].
[[3,7,0,1,2,1,2,2,0],54,25].
[[2,7,0,0,0,0,0,0,0],35,27].
[[2,8,0,1,2,0,0,0,0],19,45].
[[3,6,0,1,2,0,0,0,0],1,3].
[[2,6,1,1,2,0,0,0,0],21,3].
[[3,6,1,1,2,0,0,0,0],16,3].
[[2,7,1,1,2,0,2,2,1],21,9].
[[3,7,1,1,2,0,1,2,1],60,30].
[[3,7,2,1,1,1,2,3,1],39,3].
[[2,8,0,1,2,0,1,1,1],9,5].
[[3,8,0,1,2,0,1,1,1],26,24].
[[2,7,0,1,2,1,0,0,0],30,8].
[[3,3,0,1,2,1,0,0,0],0,3].
[[3,7,1,0,0,0,2,1,0],34,16].
[[3,8,1,0,0,0,2,1,0],37,35].
[[1,7,2,0,0,0,2,3,1],107,10].
[[3,3,2,1,2,1,2,3,1],31,0].
[[2,8,0,0,0,0,1,1,0],42,51].
[[3,7,0,0,0,0,1,1,0],9,2].
[[3,7,0,1,1,1,2,3,1],22,5].
[[3,9,1,1,2,1,2,1,0],22,99].
[[3,7,0,1,2,1,0,0,0],44,44].
[[2,6,1,0,0,0,2,2,1],53,2].
[[3,6,1,0,0,0,1,1,1],13,1].
[[2,7,1,0,0,0,1,1,1],18,8].
[[2,8,0,1,2,0,2,1,0],11,16].
[[1,5,0,1,2,0,2,1,0],1,0].
[[2,5,0,1,2,0,2,1,0],3,2].
[[3,5,0,1,2,0,2,1,0],4,2].
[[3,8,0,1,1,0,1,2,0],7,13].
[[2,7,2,1,2,1,2,2,1],62,8].
[[3,8,0,0,0,0,2,1,1],21,34].
[[2,6,1,1,1,1,0,0,0],8,0].
[[3,3,1,1,1,1,0,0,0],9,1].
[[3,8,0,1,1,1,1,1,1],15,38].
[[3,3,2,1,2,0,2,2,1],14,1].
[[2,5,0,0,0,0,2,3,0],12,0].
[[1,8,1,1,2,1,1,1,1],26,10].
[[3,7,2,1,1,1,1,1,1],9,4].
[[1,7,1,0,0,0,1,2,0],2,1].
[[2,7,1,0,0,0,1,2,0],28,2].
[[3,3,1,1,2,1,1,2,0],6,0].
[[3,8,1,1,1,1,2,2,1],78,49].
[[2,7,1,0,0,0,2,2,0],61,14].
[[1,5,0,1,2,1,1,1,1],20,1].
[[2,5,0,1,2,1,1,1,1],66,6].
[[1,8,1,1,1,1,2,3,1],25,6].
[[2,8,1,1,1,1,2,3,1],110,46].
[[3,6,1,1,1,1,1,2,1],14,1].
[[3,8,1,1,1,1,2,2,0],41,54].
[[3,3,1,0,0,0,2,1,1],14,2].
[[2,4,1,1,2,0,1,1,1],8,1].
[[3,4,1,1,2,0,1,1,1],45,10].
[[3,6,0,0,0,0,2,2,0],11,6].
[[1,8,1,1,2,0,2,1,1],20,14].
[[3,7,2,1,2,1,2,1,0],12,2].
[[2,8,0,1,1,1,1,2,1],24,10].
[[1,6,1,1,2,1,2,2,1],6,1].
[[2,6,1,1,2,1,2,2,1],40,2].
[[2,9,1,1,1,1,2,1,0],36,34].
[[2,8,1,1,2,0,0,0,0],39,51].
[[1,7,2,1,2,1,2,2,0],1,1].
[[3,7,2,1,1,1,1,2,0],8,1].
[[2,6,0,1,2,1,2,3,0],13,2].
[[3,6,0,1,1,1,2,3,0],7,3].
[[3,4,1,1,2,0,2,2,0],50,14].
[[3,4,1,1,2,0,2,2,1],39,6].
[[3,4,1,1,2,0,2,3,1],57,13].
[[3,7,1,0,0,0,1,2,0],72,4].
[[1,5,0,0,0,0,2,1,0],15,2].
[[3,7,0,1,2,1,1,2,0],32,6].
[[3,7,0,1,2,1,1,1,1],11,5].
[[3,6,1,1,2,0,2,3,1],40,4].
[[1,8,0,1,2,1,2,3,1],88,65].
[[2,6,0,0,0,0,0,0,0],42,20].
[[2,9,1,1,1,1,2,1,1],20,30].
[[3,6,1,0,0,0,2,2,0],18,3].
[[3,7,0,0,0,0,1,2,1],10,2].
[[2,3,1,0,0,0,0,0,0],29,9].
[[1,8,1,1,2,0,2,3,0],19,18].
[[3,7,2,1,2,0,2,2,1],50,2].
[[2,5,0,0,0,0,2,2,0],3,0].
[[3,9,1,1,2,0,2,2,1],13,39].
[[3,7,2,1,2,0,2,3,1],60,5].
[[3,7,0,1,1,1,0,0,0],10,11].
[[3,6,0,1,1,1,2,3,1],6,3].
[[2,7,1,1,1,1,0,0,0],17,10].
[[3,7,1,1,1,1,0,0,0],38,23].
[[3,5,0,1,1,1,1,1,1],53,4].
[[2,9,1,1,2,0,2,1,1],17,40].
[[2,6,1,0,0,0,0,0,0],127,6].
[[3,3,2,0,0,0,0,0,0],17,0].
[[2,5,0,1,2,1,2,1,0],11,0].
[[3,5,0,1,2,1,2,1,0],9,0].
[[3,3,1,1,2,1,0,0,0],54,5].
[[3,7,2,1,1,0,0,0,0],4,2].
[[1,5,0,0,0,0,1,2,0],11,2].
[[3,5,0,0,0,0,1,2,0],48,6].
[[3,8,0,1,1,1,2,1,1],24,21].
[[3,7,2,0,0,0,0,0,0],12,3].
[[1,8,1,1,1,1,2,2,1],15,3].
[[2,4,1,1,2,0,2,2,1],10,4].
[[2,4,1,1,2,0,2,3,0],12,7].
[[3,4,1,1,2,0,1,1,0],44,11].
[[3,6,0,0,0,0,1,2,0],14,1].
[[2,5,0,1,1,1,1,1,1],14,2].
[[3,7,0,0,0,0,2,1,0],7,7].
[[3,3,2,1,2,1,1,1,1],3,0].
[[1,3,2,0,0,0,2,1,1],1,0].
[[3,3,2,0,0,0,1,2,1],16,0].
[[1,7,2,1,2,0,2,2,1],7,1].
[[2,3,2,1,2,0,2,2,1],3,1].
[[3,8,1,1,2,0,2,1,0],17,23].
[[3,8,0,1,1,1,2,1,0],29,61].
[[3,3,1,1,2,0,2,1,1],10,2].
[[3,6,0,1,2,0,2,2,1],2,2].
[[3,3,1,1,2,1,2,3,0],21,0].
[[3,6,1,0,0,0,2,3,0],40,1].
[[1,8,0,0,0,0,1,1,0],14,10].
[[3,6,1,1,2,1,2,1,1],29,2].
[[3,4,1,1,2,0,2,3,0],51,8].
[[3,6,1,1,1,1,2,2,1],15,2].
[[2,8,0,1,2,1,2,1,1],97,108].
[[3,7,0,1,2,1,1,1,0],12,5].
[[2,8,0,1,1,1,0,0,0],14,40].
[[2,7,2,1,1,1,2,2,0],4,1].
[[3,7,1,1,1,1,2,1,0],21,15].
[[2,6,1,1,2,1,2,3,1],54,3].
[[2,7,1,1,2,0,1,2,1],6,4].
[[3,3,2,0,0,0,2,3,1],27,0].
[[2,7,1,0,0,0,1,2,1],33,17].
[[1,6,1,0,0,0,2,2,1],34,0].
[[2,2,1,0,0,0,2,2,1],2,0].
[[3,2,1,1,2,0,2,2,1],2,0].
[[2,7,2,1,2,0,1,2,1],21,4].
[[3,7,2,1,1,0,1,2,1],8,2].
[[1,6,0,0,0,0,2,3,0],6,0].
[[3,6,0,1,2,1,2,3,0],31,14].
[[2,7,2,1,2,1,2,1,0],8,1].
[[2,3,2,1,2,1,0,0,0],11,0].
[[3,3,2,1,2,1,2,1,1],14,0].
[[3,8,1,1,2,0,1,1,0],41,36].
[[2,7,0,0,0,0,2,2,0],7,5].
[[3,8,1,1,1,0,2,1,1],7,13].
[[2,9,1,1,2,0,1,1,1],22,35].
[[3,5,0,0,0,0,1,1,0],39,13].
[[3,7,1,1,2,0,1,1,0],6,6].
[[3,9,1,1,1,0,1,1,0],7,26].
[[2,8,1,1,1,1,2,3,0],62,33].
[[2,7,1,1,2,1,1,2,1],30,3].
[[1,8,1,1,2,0,2,2,0],15,7].
[[3,9,1,0,0,0,2,1,0],4,39].
[[1,7,2,0,0,0,1,1,1],7,1].
[[2,3,2,0,0,0,1,1,1],3,0].
[[3,9,1,1,2,0,2,3,0],3,55].
[[3,3,2,1,2,0,1,2,1],8,0].
[[3,7,0,0,0,0,1,2,0],16,3].
[[1,7,2,0,0,0,2,3,0],17,0].
[[2,7,2,0,0,0,2,3,0],23,2].
[[3,7,2,1,2,1,2,3,0],42,1].
[[3,7,2,1,1,1,0,0,0],9,1].
[[3,9,1,1,2,1,2,1,1],24,71].
[[3,7,1,0,0,0,1,2,1],100,33].
[[3,3,1,0,0,0,0,0,0],34,11].
[[3,7,1,1,2,1,2,1,0],75,20].
[[1,7,1,0,0,0,2,1,0],1,2].
[[2,7,1,1,2,1,1,1,0],4,1].
[[3,8,0,1,2,1,0,0,0],0,60].
[[1,8,0,1,2,1,1,1,1],6,2].
[[2,7,1,1,2,1,1,1,1],12,3].
[[2,7,1,0,0,0,1,1,0],9,3].
[[3,3,1,0,0,0,1,1,0],3,0].
[[3,8,0,1,1,1,0,0,0],0,18].
[[3,7,0,1,2,1,2,1,1],35,10].
[[3,7,2,1,1,1,2,2,1],24,3].
[[2,7,1,1,2,0,2,3,1],23,11].
[[3,7,1,1,1,0,2,3,0],4,16].
[[2,7,2,0,0,0,1,2,0],9,1].
[[3,8,0,1,1,0,2,2,0],2,15].
[[1,8,0,1,2,1,1,2,1],16,7].
[[3,9,1,1,1,1,2,1,0],6,41].
[[2,6,1,0,0,0,2,1,0],11,0].
[[2,9,1,1,1,0,2,1,0],0,9].
[[3,8,1,1,1,0,2,1,0],5,13].
[[3,2,1,1,2,1,2,2,1],1,0].
[[2,8,0,1,1,1,2,3,1],43,37].
[[2,8,0,1,2,0,2,1,1],16,22].
[[3,8,1,1,1,0,2,2,0],10,14].
[[3,6,1,1,2,0,1,2,1],26,3].
[[3,6,0,1,1,1,1,1,0],1,2].
[[3,7,0,1,2,1,2,2,1],40,18].
[[3,8,1,1,2,0,0,0,0],0,2].
[[3,6,0,1,2,1,1,1,1],2,3].
[[2,9,1,1,1,0,2,3,1],2,4].
[[3,9,1,1,1,0,2,1,1],1,8].
[[2,5,0,1,2,0,1,2,0],12,1].
[[3,6,1,1,2,1,2,2,0],59,4].
[[1,8,1,1,1,1,1,2,1],8,2].
[[3,7,0,0,0,0,0,0,0],20,20].
[[2,7,0,0,0,0,1,1,1],2,0].
[[3,7,0,1,2,0,1,1,1],3,2].
[[3,3,2,1,1,0,2,3,1],1,0].
[[2,8,0,1,1,1,2,2,1],22,19].
[[3,7,1,1,1,0,0,0,0],8,2].
[[2,6,0,0,0,0,2,3,0],12,6].
[[3,9,1,1,1,0,1,2,1],0,44].
[[3,7,0,1,2,0,2,1,1],4,6].
[[3,7,2,1,2,0,2,1,0],8,2].
[[2,9,1,1,2,0,1,1,0],25,59].
[[3,6,0,1,2,1,1,2,1],8,12].
[[3,9,1,1,2,0,1,1,1],17,52].
[[3,7,1,1,2,0,2,1,0],24,10].
[[2,7,0,1,2,1,2,2,1],8,6].
[[3,8,0,1,2,0,2,1,1],21,36].
[[2,5,0,1,2,1,1,1,0],19,8].
[[3,9,1,1,1,0,2,3,0],0,11].
[[2,7,0,0,0,0,1,2,0],5,1].
[[3,7,2,1,2,1,0,0,0],27,0].
[[1,7,2,1,2,1,2,3,1],15,3].
[[2,7,2,1,1,1,1,2,1],5,2].
[[2,8,1,1,1,1,0,0,0],29,24].
[[2,6,0,0,0,0,2,3,1],11,8].
[[3,6,0,0,0,0,2,3,1],11,9].
[[1,9,2,1,2,0,1,1,1],6,7].
[[3,7,2,1,2,0,1,1,1],26,10].
[[1,9,2,1,2,0,1,2,1],25,19].
[[2,8,1,1,1,0,1,2,1],3,5].
[[3,7,2,0,0,0,2,1,1],29,1].
[[1,9,2,1,1,1,1,1,1],8,6].
[[3,2,1,1,2,1,2,3,1],3,0].
[[3,6,1,1,2,0,2,2,1],22,2].
[[3,9,1,1,1,0,1,1,1],1,14].
[[3,7,0,1,1,1,2,2,0],7,7].
[[3,5,0,1,1,1,1,2,0],42,7].
[[1,8,1,1,1,1,2,3,0],20,4].
[[2,8,1,1,1,1,1,2,0],29,13].
[[2,7,2,1,2,0,2,2,1],27,1].
[[3,8,1,1,2,1,0,0,0],1,17].
[[2,9,1,1,1,1,0,0,0],5,17].
[[2,6,1,0,0,0,2,2,0],32,3].
[[2,3,2,1,2,0,2,1,1],2,0].
[[3,3,2,1,2,0,1,1,1],6,0].
[[3,7,1,1,1,0,2,2,1],9,8].
[[2,7,0,1,2,1,2,1,0],5,1].
[[3,7,0,1,1,1,2,1,0],6,0].
[[2,7,2,1,1,1,0,0,0],8,1].
[[3,3,2,1,1,1,0,0,0],5,0].
[[2,7,2,1,1,1,2,1,1],8,1].
[[3,7,2,1,1,1,2,1,1],19,2].
[[3,6,1,1,2,1,1,2,0],30,1].
[[2,6,0,1,2,1,2,3,1],7,7].
[[3,5,0,1,2,1,2,3,0],17,0].
[[3,3,1,1,2,0,2,3,1],15,0].
[[1,7,2,1,2,0,0,0,0],16,4].
[[3,3,1,0,0,0,2,3,0],10,0].
[[3,6,1,1,2,1,0,0,0],29,3].
[[3,3,2,1,2,0,0,0,0],16,0].
[[3,6,0,1,2,1,0,0,0],14,19].
[[2,6,1,1,2,0,2,2,1],10,0].
[[3,3,2,1,1,0,2,2,1],1,0].
[[3,9,1,0,0,0,2,1,1],9,28].
[[2,7,2,1,2,0,2,1,1],22,5].
[[1,7,1,0,0,0,2,2,0],18,3].
[[1,7,2,0,0,0,2,2,0],8,0].
[[2,3,2,1,2,1,2,2,0],1,0].
[[3,3,2,1,2,1,1,1,0],2,0].
[[3,7,0,1,2,0,2,3,0],18,8].
[[2,4,1,1,2,0,2,3,1],24,8].
[[2,6,1,1,2,0,2,3,0],7,2].
[[3,7,0,1,2,0,1,2,1],6,3].
[[2,6,0,1,2,1,0,0,0],25,16].
[[2,7,0,1,2,1,2,3,1],15,4].
[[3,7,2,1,2,0,2,3,0],15,0].
[[2,7,1,1,1,1,1,2,1],3,1].
[[3,7,0,1,2,0,0,0,0],6,7].
[[1,8,0,0,0,0,1,2,1],44,31].
[[3,9,1,1,1,0,2,3,1],4,7].
[[2,5,0,0,0,0,1,1,0],21,8].
[[2,9,1,1,1,0,2,2,1],2,2].
[[3,9,1,1,1,0,2,2,1],1,14].
[[2,7,0,0,0,0,2,1,1],10,4].
[[1,7,1,1,2,1,2,2,0],6,0].
[[2,7,1,1,1,1,2,2,0],4,0].
[[2,7,1,1,2,0,2,1,1],16,5].
[[2,7,2,0,0,0,2,2,0],20,0].
[[3,7,2,1,2,1,1,1,0],8,4].
[[2,4,1,1,2,0,0,0,0],5,1].
[[3,4,1,1,2,0,0,0,0],8,1].
[[3,6,0,1,1,1,2,2,1],1,1].
[[1,7,2,1,2,1,1,2,1],7,0].
[[2,8,1,1,1,0,2,3,1],6,10].
[[3,6,1,1,1,1,2,3,1],24,2].
[[1,7,1,0,0,0,1,2,1],3,3].
[[3,6,0,1,2,1,2,1,0],12,4].
[[2,6,1,1,1,1,2,3,1],5,1].
[[3,5,0,1,1,0,2,3,0],0,1].
[[3,2,1,1,2,0,0,0,0],3,0].
[[3,6,0,0,0,0,2,3,0],18,6].
[[2,9,1,1,2,0,0,0,0],0,14].
[[2,6,1,1,2,0,2,2,0],9,0].
[[3,7,0,1,1,1,2,2,1],9,5].
[[3,7,2,1,1,1,2,2,0],5,0].
[[1,6,0,0,0,0,0,0,0],35,17].
[[2,6,0,0,0,0,2,1,0],5,0].
[[3,6,0,1,2,0,2,1,0],1,1].
[[1,9,2,1,2,0,1,1,0],3,20].
[[2,8,0,1,2,0,1,1,0],4,8].
[[3,5,0,1,2,0,1,1,0],25,16].
[[3,9,1,1,1,1,0,0,0],0,3].
[[2,6,1,1,2,0,2,3,1],11,2].
[[1,7,1,1,2,1,2,3,0],6,0].
[[2,7,1,1,1,1,2,3,0],12,2].
[[3,6,0,1,2,0,2,3,0],2,6].
[[2,6,0,0,0,0,1,2,0],3,0].
[[3,8,0,1,1,0,2,3,0],5,17].
[[1,7,1,1,2,1,2,1,1],8,3].
[[2,7,1,1,2,1,2,1,1],69,32].
[[3,7,1,1,1,1,1,2,0],30,3].
[[1,5,0,0,0,0,1,1,0],5,1].
[[3,8,1,1,1,0,2,3,0],10,10].
[[2,3,2,0,0,0,2,3,1],19,0].
[[3,7,2,0,0,0,2,2,0],14,2].
[[3,7,1,1,1,0,1,2,1],4,5].
[[2,6,0,1,2,1,2,1,1],1,3].
[[3,6,0,0,0,0,2,1,0],2,2].
[[2,6,1,0,0,0,1,1,1],7,1].
[[3,6,1,1,2,1,1,1,1],12,3].
[[1,6,1,1,2,1,2,3,1],9,1].
[[2,6,1,1,2,1,1,2,1],9,1].
[[1,7,1,1,2,1,2,3,1],12,3].
[[2,3,1,1,2,1,2,3,1],4,0].
[[3,5,0,1,1,0,1,2,0],5,5].
[[1,8,1,1,2,0,1,2,0],4,1].
[[3,2,1,1,2,1,0,0,0],6,0].
[[2,6,1,1,2,1,2,3,0],19,2].
[[3,7,1,1,1,0,2,2,0],3,7].
[[3,6,1,0,0,0,2,1,0],13,0].
[[2,4,1,1,2,0,2,2,0],13,4].
[[2,7,2,1,1,0,2,3,1],2,0].
[[2,9,1,1,1,0,1,2,1],3,12].
[[2,8,0,1,1,1,1,2,0],15,8].
[[2,6,1,1,2,0,2,1,1],10,1].
[[3,6,1,1,1,0,1,1,1],2,0].
[[3,7,0,1,2,0,2,2,1],4,7].
[[2,8,0,1,1,1,2,1,1],20,11].
[[3,7,0,1,1,1,2,1,1],5,0].
[[2,8,1,1,1,1,1,1,0],6,5].
[[3,8,0,1,1,0,1,2,1],3,12].
[[3,7,1,1,1,0,2,3,1],12,11].
[[2,8,1,1,2,0,2,1,0],20,19].
[[2,7,1,1,1,1,2,2,1],8,3].
[[2,3,2,0,0,0,2,1,1],9,0].
[[1,8,1,1,2,0,1,2,1],8,6].
[[2,7,0,1,2,1,2,3,0],10,1].
[[1,7,2,1,2,1,2,2,1],17,1].
[[1,7,1,0,0,0,2,1,1],33,8].
[[2,6,0,0,0,0,2,2,0],9,3].
[[3,4,0,1,2,0,1,2,1],0,3].
[[2,6,1,0,0,0,1,2,0],9,1].
[[3,6,1,0,0,0,1,2,0],11,0].
[[1,5,0,1,1,1,2,1,0],0,1].
[[1,9,2,1,1,1,1,1,0],9,4].
[[2,4,1,1,2,0,1,1,0],9,0].
[[2,7,0,0,0,0,2,1,0],5,2].
[[3,7,0,1,2,0,1,1,0],1,1].
[[2,6,1,1,2,0,1,1,1],1,0].
[[3,7,2,1,1,0,2,1,1],7,1].
[[2,7,0,1,2,1,2,2,0],7,1].
[[3,5,0,1,2,0,2,2,0],9,0].
[[3,6,1,0,0,0,1,2,1],31,1].
[[1,7,1,1,2,1,2,2,1],4,0].
[[2,3,1,1,2,1,2,2,1],2,0].
[[3,7,2,1,2,0,0,0,0],14,1].
[[3,6,1,1,1,1,0,0,0],7,0].
[[3,3,2,1,2,1,0,0,0],22,2].
[[2,3,2,0,0,0,2,3,0],2,0].
[[3,3,2,1,2,1,2,3,0],3,0].
[[3,8,0,1,2,0,0,0,0],0,23].
[[2,6,1,1,2,1,1,2,0],5,1].
[[1,7,2,1,2,1,2,1,1],11,3].
[[1,6,1,1,2,1,2,2,0],4,0].
[[2,3,1,1,2,1,2,2,0],1,0].
[[3,3,1,1,1,1,1,2,0],1,0].
[[2,4,1,1,2,0,2,1,1],7,5].
[[2,5,0,1,1,1,2,3,0],2,0].
[[3,5,0,1,1,1,2,3,0],6,0].
[[1,6,0,0,0,0,2,3,1],5,3].
[[2,2,0,0,0,0,2,3,1],1,0].
[[3,2,0,0,0,0,1,2,1],1,0].
[[3,3,2,0,0,0,2,1,1],9,0].
[[2,8,1,1,1,0,2,3,0],6,5].
[[2,6,1,1,2,1,2,2,0],13,1].
[[3,6,1,1,1,1,2,2,0],14,0].
[[2,6,0,1,2,1,2,2,1],3,3].
[[3,8,0,1,1,0,2,3,1],1,11].
[[3,4,0,1,2,0,1,1,0],0,3].
[[1,7,2,1,2,0,2,3,1],6,0].
[[2,3,2,1,2,0,0,0,0],6,0].
[[3,7,0,0,0,0,2,1,1],16,9].
[[3,6,0,1,2,1,1,2,0],13,1].
[[3,6,1,0,0,0,0,0,0],17,0].
[[2,2,1,0,0,0,2,3,1],3,0].
[[3,2,1,0,0,0,2,3,1],4,0].
[[2,3,2,1,2,1,2,3,1],10,0].
[[1,8,1,1,1,1,1,1,0],4,0].
[[3,2,0,1,2,1,0,0,0],1,0].
[[2,6,1,0,0,0,1,2,1],12,0].
[[3,7,1,0,0,0,1,1,0],20,7].
[[3,6,1,1,1,0,2,3,1],3,4].
[[1,6,0,0,0,0,2,1,0],2,0].
[[3,3,1,1,2,0,2,1,0],4,0].
[[3,9,1,1,1,0,2,2,0],1,13].
[[3,6,0,1,1,1,2,2,0],2,4].
[[3,7,2,1,2,0,1,2,0],16,1].
[[2,5,0,0,0,0,2,1,0],15,1].
[[3,5,0,0,0,0,2,1,0],6,1].
[[3,7,2,0,0,0,2,1,0],8,0].
[[3,5,0,0,0,0,2,3,0],8,0].
[[3,6,0,0,0,0,1,2,1],4,3].
[[3,6,1,1,1,1,1,2,0],6,3].
[[1,8,1,1,2,0,2,1,0],5,2].
[[2,7,1,1,2,0,2,1,0],4,2].
[[2,8,1,1,1,0,1,1,1],0,6].
[[3,4,0,1,2,0,1,1,1],0,2].
[[3,8,0,1,1,0,2,1,1],0,4].
[[2,3,1,0,0,0,2,3,0],3,0].
[[2,7,1,1,1,1,2,3,1],12,3].
[[3,3,1,0,0,0,2,2,1],15,3].
[[3,6,0,1,2,0,2,1,1],4,1].
[[2,7,1,1,2,1,2,1,0],15,3].
[[3,7,0,1,2,0,1,2,0],7,0].
[[3,3,1,1,2,0,2,2,1],5,0].
[[1,5,0,1,2,0,2,3,0],1,0].
[[2,5,0,1,2,0,2,3,0],4,0].
[[1,7,2,1,2,0,2,1,1],5,1].
[[3,6,0,1,2,1,2,1,1],9,7].
[[2,7,2,1,2,1,2,3,0],20,1].
[[3,5,0,1,1,1,2,1,0],6,0].
[[1,7,2,1,2,1,2,3,0],6,0].
[[3,8,0,1,1,0,2,2,1],2,4].
[[3,6,1,1,1,1,1,1,0],3,0].
[[2,6,1,1,1,1,2,2,0],5,0].
[[2,7,2,1,1,1,2,2,1],5,0].
[[3,3,1,1,1,1,2,3,1],5,1].
[[1,8,1,1,2,1,1,1,0],10,6].
[[2,6,1,1,2,1,1,1,0],2,1].
[[2,6,1,1,1,1,1,2,1],5,0].
[[2,3,2,0,0,0,2,2,1],14,0].
[[3,6,1,1,1,1,1,1,1],5,0].
[[3,3,2,1,2,0,2,1,1],5,0].
[[1,5,0,1,2,0,1,1,1],0,2].
[[2,7,2,1,1,0,2,1,1],0,2].
[[3,7,2,1,1,0,2,1,0],1,1].
[[2,9,1,1,1,0,2,2,0],4,7].
[[3,3,2,1,1,0,2,3,0],1,0].
[[3,7,2,1,1,0,1,2,0],4,2].
[[1,5,0,1,2,1,1,2,0],5,0].
[[3,3,1,0,0,0,2,2,0],14,0].
[[3,3,1,1,2,1,2,2,0],9,0].
[[2,3,1,1,2,1,0,0,0],8,1].
[[3,8,0,0,0,0,0,0,0],1,29].
[[3,3,1,0,0,0,1,1,1],2,1].
[[2,6,1,1,1,1,2,3,0],2,0].
[[3,3,1,1,1,1,2,3,0],7,0].
[[3,4,0,1,2,0,2,3,1],0,1].
[[2,8,0,1,1,1,1,1,0],4,7].
[[3,7,0,1,1,1,1,1,0],4,1].
[[2,9,1,1,1,0,2,3,0],1,4].
[[2,7,1,1,1,1,1,2,0],3,0].
[[3,6,0,1,2,0,1,2,1],0,2].
[[2,6,1,1,1,1,1,2,0],1,0].
[[3,6,0,1,2,0,2,2,0],4,4].
[[1,8,0,1,2,1,1,1,0],1,3].
[[3,3,1,1,2,1,2,1,0],4,0].
[[3,7,2,1,1,1,2,1,0],4,1].
[[3,9,1,0,0,0,0,0,0],0,2].
[[3,7,2,1,1,0,2,2,1],3,0].
[[2,7,0,0,0,0,1,1,0],1,0].
[[2,9,1,1,1,0,1,1,1],1,2].
[[3,8,0,1,1,0,1,1,0],2,5].
[[3,3,1,1,2,1,1,2,1],10,0].
[[1,5,0,1,2,1,2,1,0],4,0].
[[2,5,0,1,1,1,1,2,0],8,0].
[[3,7,2,1,1,1,2,3,0],11,1].
[[2,3,1,0,0,0,2,2,1],7,0].
[[3,7,0,1,2,0,2,1,0],3,4].
[[3,6,1,1,1,0,2,1,1],1,2].
[[3,6,0,0,0,0,2,1,1],8,4].
[[3,4,0,1,2,0,2,3,0],0,1].
[[3,6,1,1,1,1,2,3,0],11,1].
[[2,7,2,1,1,1,2,3,1],9,3].
[[3,3,2,1,1,1,2,3,1],6,0].
[[3,3,1,1,2,1,1,1,0],5,0].
[[1,6,1,0,0,0,1,2,1],3,1].
[[2,6,1,1,2,1,1,1,1],5,1].
[[2,5,0,1,1,1,1,1,0],5,1].
[[3,8,1,1,1,0,1,1,1],5,12].
[[3,6,0,1,2,1,1,1,0],7,1].
[[1,6,0,0,0,0,2,2,0],3,1].
[[2,3,1,0,0,0,2,2,0],4,0].
[[3,9,1,1,1,0,2,1,0],0,3].
[[3,7,0,1,1,1,1,2,0],15,0].
[[1,7,2,0,0,0,2,1,0],3,0].
[[2,3,2,0,0,0,2,1,0],1,0].
[[1,6,1,1,2,1,2,1,1],7,0].
[[2,6,1,1,1,1,2,1,1],3,0].
[[3,7,1,1,1,0,2,1,0],1,1].
[[2,5,0,1,2,0,1,1,0],10,3].
[[3,3,2,0,0,0,2,3,0],6,0].
[[2,7,0,1,2,1,2,1,1],3,1].
[[1,7,1,0,0,0,1,1,1],0,1].
[[2,6,1,1,1,1,2,2,1],3,0].
[[3,7,1,1,1,0,1,1,1],3,3].
[[3,8,1,1,1,0,1,1,0],4,6].
[[3,3,2,1,2,0,2,3,0],3,0].
[[3,6,0,1,2,0,1,1,1],2,0].
[[2,6,0,1,2,1,2,2,0],2,4].
[[3,6,0,1,1,1,1,2,0],4,1].
[[3,7,2,1,1,1,1,1,0],5,0].
[[3,7,1,1,1,1,1,1,0],8,1].
[[2,7,0,1,2,1,1,2,0],1,0].
[[3,6,1,1,1,0,2,3,0],1,1].
[[3,7,0,1,1,1,1,1,1],3,0].
[[2,7,2,1,2,0,1,2,0],1,1].
[[2,8,1,1,1,0,2,2,0],3,3].
[[2,5,0,1,1,0,1,1,0],0,1].
[[3,4,0,1,2,0,1,2,0],0,4].
[[3,7,2,0,0,0,1,1,0],5,2].
[[3,6,0,1,1,1,0,0,0],1,2].
[[3,6,1,1,2,0,2,1,0],5,1].
[[2,7,0,0,0,0,2,3,0],8,3].
[[3,3,1,1,2,0,2,3,0],4,0].
[[3,6,1,1,1,0,0,0,0],1,1].
[[3,7,0,1,1,1,1,2,1],2,2].
[[3,3,2,0,0,0,2,2,0],4,0].
[[3,3,1,1,2,1,1,1,1],4,0].
[[3,3,1,0,0,0,1,2,1],2,0].
[[3,6,0,0,0,0,1,1,0],1,1].
[[3,5,0,1,1,1,2,2,0],0,1].
[[2,6,0,1,2,1,2,1,0],5,0].
[[3,3,1,1,1,1,2,1,1],4,0].
[[3,5,0,0,0,0,1,2,1],0,1].
[[2,7,2,1,2,0,1,1,1],5,4].
[[1,8,1,1,1,1,1,2,0],1,3].
[[2,9,1,1,1,0,2,1,1],0,1].
[[3,6,0,1,2,0,1,2,0],4,0].
[[2,6,1,1,2,0,1,2,1],3,0].
[[3,3,2,1,1,1,1,1,1],1,0].
[[2,6,0,1,2,1,1,1,0],1,0].
[[3,7,1,1,1,0,2,1,1],5,4].
[[3,8,0,1,1,0,1,1,1],2,3].
[[3,3,1,1,1,1,2,2,1],1,0].
[[3,3,2,0,0,0,1,1,1],3,0].
[[2,3,2,1,2,1,1,2,1],3,0].
[[2,7,2,0,0,0,1,1,0],2,1].
[[2,8,1,1,1,0,2,1,0],1,0].
[[2,8,1,1,1,0,2,1,1],3,5].
[[3,6,1,1,1,0,1,2,0],1,0].
[[3,6,1,1,1,0,2,2,1],1,0].
[[3,3,2,1,1,1,2,3,0],1,0].
[[2,7,2,1,2,0,1,1,0],1,1].
[[3,7,2,1,2,0,1,1,0],6,0].
[[1,8,1,1,1,1,1,1,1],2,0].
[[1,5,0,1,2,0,1,1,0],1,0].
[[2,5,0,1,1,0,1,1,1],0,1].
[[3,8,1,1,1,1,0,0,0],1,5].
[[1,5,0,0,0,0,2,3,0],5,1].
[[3,2,1,1,2,0,2,3,1],4,0].
[[1,6,1,1,2,1,2,3,0],2,0].
[[2,7,1,1,1,1,2,1,0],0,2].
[[3,6,0,1,1,1,1,1,1],0,1].
[[2,3,2,1,2,0,2,1,0],2,0].
[[3,3,2,1,1,0,1,2,0],2,0].
[[3,5,0,0,0,0,2,2,0],4,0].
[[3,5,0,1,2,1,2,2,0],7,0].
[[1,8,1,1,1,1,2,1,0],3,2].
[[3,6,1,1,2,0,1,1,0],4,0].
[[1,7,2,1,2,1,2,1,0],1,0].
[[2,7,2,1,1,1,2,1,0],2,0].
[[1,5,0,1,2,1,1,1,0],1,1].
[[2,3,2,1,2,1,2,2,1],4,0].
[[1,5,0,1,2,1,2,3,0],2,0].
[[2,5,0,1,1,1,2,1,0],3,0].
[[2,7,2,1,2,1,2,2,0],4,0].
[[3,3,2,0,0,0,2,1,0],1,0].
[[3,2,0,1,2,1,2,3,0],1,0].
[[1,2,1,0,0,0,0,0,0],4,0].
[[2,2,1,1,2,1,0,0,0],1,0].
[[3,5,0,1,2,0,2,3,0],4,0].
[[2,8,1,1,1,0,1,2,0],3,3].
[[2,7,2,1,1,0,0,0,0],1,1].
[[3,6,0,1,2,0,2,3,1],3,6].
[[1,7,2,1,2,1,1,1,1],2,0].
[[1,7,2,1,2,0,1,2,1],0,1].
[[2,7,2,1,1,0,1,2,1],1,1].
[[3,3,2,1,1,1,1,2,1],1,0].
[[3,9,1,1,2,0,0,0,0],0,1].
[[3,3,1,1,2,0,1,1,1],2,0].
[[1,7,1,1,2,1,2,1,0],2,0].
[[2,3,2,1,2,0,2,3,1],1,0].
[[2,7,0,1,2,1,1,2,1],2,0].
[[2,3,2,0,0,0,2,2,0],1,0].
[[2,7,0,0,0,0,1,2,1],1,1].
[[3,7,1,1,1,0,1,1,0],3,2].
[[3,3,1,1,2,0,1,2,0],2,0].
[[3,3,0,0,0,0,2,3,1],0,1].
[[1,6,0,0,0,0,2,1,1],1,1].
[[3,3,1,1,1,1,2,2,0],3,0].
[[3,6,0,1,1,1,2,1,1],1,0].
[[2,7,2,1,1,1,2,3,0],3,0].
[[2,2,1,0,0,0,2,3,0],1,0].
[[3,2,1,0,0,0,2,3,0],1,0].
[[1,7,2,1,2,0,2,1,0],0,1].
[[2,2,1,0,0,0,2,1,1],1,0].
[[3,2,1,1,2,1,2,1,1],2,0].
[[3,3,1,0,0,0,2,1,0],1,1].
[[2,3,1,1,2,1,2,3,0],3,0].
[[3,6,1,1,1,0,1,2,1],0,1].
[[2,6,0,0,0,0,1,1,1],2,0].
[[1,5,0,1,1,1,1,1,1],2,1].
[[3,3,2,1,1,0,2,1,1],1,0].
[[3,6,0,1,1,1,1,2,1],2,1].
[[2,6,0,1,2,1,1,2,0],1,1].
[[3,2,1,0,0,0,2,2,1],2,0].
[[3,1,1,1,2,0,1,1,0],1,0].
[[2,6,0,1,2,1,1,2,1],1,1].
[[3,2,0,1,2,1,1,2,1],1,0].
[[2,7,2,1,1,1,1,1,0],1,0].
[[3,2,0,0,0,0,0,0,0],2,0].
[[2,3,1,0,0,0,2,1,1],1,0].
[[2,8,1,1,1,0,1,1,0],1,2].
[[2,6,1,1,2,0,1,2,0],2,0].
[[1,3,2,0,0,0,2,2,1],3,0].
[[3,6,0,0,0,0,1,1,1],0,1].
[[2,3,2,1,2,1,2,1,1],4,0].
[[3,2,1,0,0,0,1,2,1],1,0].
[[3,3,1,1,2,0,1,2,1],1,0].
[[2,7,2,1,1,0,2,2,1],1,0].
[[2,7,1,1,1,1,1,1,0],1,0].
[[3,7,2,1,1,0,2,3,0],5,1].
[[2,7,1,1,2,0,1,1,0],1,1].
[[2,6,1,0,0,0,1,1,0],1,0].
[[2,7,2,1,1,0,2,1,0],1,0].
[[1,7,1,1,2,1,1,2,0],1,0].
[[1,7,2,1,2,0,1,1,1],1,0].
[[2,7,2,1,1,0,2,3,0],0,1].
[[3,3,2,1,2,1,1,2,0],1,0].
[[3,7,2,1,1,0,2,2,0],2,0].
[[2,7,2,1,1,1,1,1,1],0,1].
[[2,7,2,1,1,1,1,2,0],0,2].
[[3,6,1,1,1,0,1,1,0],0,1].
[[2,6,0,0,0,0,1,2,1],1,0].
[[2,3,1,1,2,1,2,1,1],2,0].
[[2,7,2,1,2,0,2,1,0],1,0].
[[1,3,2,0,0,0,1,2,1],1,0].
[[1,5,0,1,1,1,1,2,0],1,0].
[[3,4,0,1,2,0,2,2,0],0,1].
[[3,2,0,1,2,1,2,2,1],1,0].
[[3,4,0,1,2,0,2,1,1],0,1].
[[1,6,0,0,0,0,2,2,1],0,1].
[[3,3,2,1,2,1,2,2,0],1,0].
[[3,5,0,1,2,1,1,2,1],0,1].
[[3,6,0,1,1,1,2,1,0],1,0].
[[2,5,0,1,2,0,2,2,0],1,0].
