total_WL(13680,21653).
[[1,9,2,0,0,0,2,3,1],622,1983].
[[2,9,1,0,0,0,2,1,0],60,268].
[[3,9,1,1,2,0,1,2,0],28,152].
[[1,9,2,1,2,1,0,0,0],134,592].
[[2,9,1,1,2,1,2,3,0],150,638].
[[3,9,1,1,2,1,2,3,0],23,310].
[[1,9,2,0,0,0,2,2,0],399,964].
[[2,9,1,0,0,0,2,2,0],142,481].
[[3,9,1,1,2,0,2,2,0],11,98].
[[1,9,2,1,2,1,2,3,0],216,516].
[[2,8,0,1,2,1,2,3,0],110,315].
[[3,8,0,1,2,1,2,3,0],80,523].
[[1,8,1,0,0,0,2,1,1],322,217].
[[2,8,1,0,0,0,2,1,1],209,177].
[[3,7,1,1,2,0,2,1,1],47,45].
[[1,9,2,1,2,1,2,2,1],171,545].
[[2,8,0,1,2,1,2,2,1],65,313].
[[3,8,0,1,2,1,2,3,1],78,542].
[[1,8,1,0,0,0,0,0,0],1423,1051].
[[2,8,1,1,2,0,2,3,1],136,156].
[[3,8,1,1,2,0,2,3,1],104,123].
[[1,9,2,0,0,0,2,3,0],484,1256].
[[2,9,1,1,2,1,1,2,0],127,377].
[[3,8,0,1,2,1,1,2,0],99,343].
[[1,9,2,1,2,1,2,3,1],299,798].
[[2,9,1,1,2,1,2,3,1],124,634].
[[3,9,1,1,2,1,1,2,1],73,915].
[[2,9,1,0,0,0,2,3,1],114,683].
[[3,8,1,1,2,1,2,3,1],329,331].
[[1,8,1,0,0,0,2,3,1],925,554].
[[2,8,1,1,2,1,2,3,1],536,387].
[[3,8,1,1,1,1,2,3,1],118,112].
[[1,8,1,1,2,1,0,0,0],477,359].
[[2,8,1,1,1,1,2,2,1],74,54].
[[3,8,1,1,1,1,1,2,1],197,188].
[[2,8,1,1,1,1,2,1,1],28,21].
[[3,8,1,1,1,1,2,1,1],14,24].
[[1,9,2,1,2,1,2,1,1],105,282].
[[2,9,1,1,2,1,2,1,1],29,176].
[[2,9,1,1,1,1,2,3,0],53,143].
[[3,8,1,1,1,1,2,3,0],28,81].
[[2,8,1,0,0,0,2,2,1],426,319].
[[3,7,2,1,2,1,2,2,1],114,14].
[[3,8,1,1,2,1,1,2,1],596,437].
[[2,8,1,0,0,0,2,2,0],148,88].
[[3,7,2,1,2,0,2,3,1],77,17].
[[3,8,1,0,0,0,2,1,0],34,40].
[[2,9,1,0,0,0,1,1,0],34,161].
[[3,9,1,1,2,1,1,1,0],29,231].
[[1,9,2,0,0,0,2,2,1],389,1335].
[[2,9,1,0,0,0,2,2,1],53,382].
[[3,8,1,1,2,1,2,2,1],182,178].
[[1,9,2,0,0,0,0,0,0],293,1481].
[[3,9,1,1,2,0,1,2,1],26,256].
[[1,9,2,0,0,0,1,2,1],218,538].
[[2,8,0,0,0,0,1,2,1],38,146].
[[3,5,0,1,2,0,1,1,1],38,11].
[[1,8,0,0,0,0,2,1,1],42,134].
[[2,8,0,1,2,1,2,1,1],49,174].
[[3,8,0,1,2,1,2,1,1],16,137].
[[1,6,1,1,2,1,0,0,0],57,4].
[[2,6,1,1,1,1,0,0,0],13,2].
[[3,6,1,1,1,1,2,2,1],12,2].
[[2,8,1,1,2,1,2,3,0],183,136].
[[3,8,1,1,2,1,1,2,0],168,97].
[[1,8,1,1,2,0,1,2,1],13,11].
[[2,7,1,1,2,0,1,2,1],10,5].
[[3,7,1,1,1,0,1,1,1],1,4].
[[1,8,0,0,0,0,2,3,1],114,308].
[[2,8,0,0,0,0,2,3,1],131,536].
[[1,9,2,0,0,0,2,1,1],233,771].
[[3,8,0,0,0,0,2,3,1],30,251].
[[1,6,1,1,2,1,2,3,1],6,2].
[[2,6,1,1,2,1,1,2,1],15,5].
[[3,6,1,1,2,1,1,1,1],25,11].
[[2,8,1,1,2,1,2,2,0],131,98].
[[1,8,0,1,2,1,0,0,0],163,388].
[[2,8,0,1,2,1,0,0,0],43,376].
[[3,8,0,1,1,1,0,0,0],0,27].
[[2,8,1,0,0,0,2,3,1],645,482].
[[3,8,1,1,2,1,2,2,0],98,142].
[[1,9,2,1,1,1,2,1,1],21,18].
[[2,4,1,1,2,0,2,3,1],24,9].
[[3,4,1,1,2,0,1,2,1],143,39].
[[2,8,1,1,2,1,0,0,0],113,118].
[[2,9,1,1,2,0,1,2,1],47,175].
[[3,5,0,1,2,0,1,2,1],4,1].
[[1,7,2,1,2,0,0,0,0],22,8].
[[2,7,2,1,2,0,2,3,1],41,12].
[[3,7,2,1,1,0,2,2,0],1,1].
[[2,9,1,1,2,1,2,1,0],59,272].
[[3,9,1,1,2,1,2,1,0],23,187].
[[2,7,2,0,0,0,2,3,1],144,26].
[[3,7,1,0,0,0,2,3,1],222,117].
[[2,8,1,1,2,1,1,2,1],340,207].
[[2,8,1,1,2,1,2,1,1],176,119].
[[3,8,1,1,2,1,2,1,1],84,66].
[[1,7,1,0,0,0,0,0,0],302,168].
[[2,7,1,0,0,0,0,0,0],315,207].
[[3,7,1,1,2,0,2,3,0],36,25].
[[1,8,1,1,2,1,2,3,1],307,163].
[[2,8,1,1,1,1,2,1,0],11,7].
[[3,8,1,1,1,1,2,1,0],17,24].
[[1,9,2,1,2,1,2,2,0],177,350].
[[2,9,1,1,1,1,1,2,0],37,63].
[[3,9,1,1,1,1,1,2,0],20,206].
[[1,9,2,1,2,0,1,2,1],8,25].
[[3,8,0,1,2,0,1,2,1],19,158].
[[2,8,1,0,0,0,1,1,1],133,118].
[[3,8,1,0,0,0,1,1,1],73,98].
[[1,8,1,0,0,0,2,3,0],244,123].
[[2,8,1,0,0,0,2,3,0],198,140].
[[3,6,1,0,0,0,2,3,0],27,0].
[[3,8,0,1,1,1,1,2,0],18,106].
[[1,8,0,0,0,0,0,0,0],397,1352].
[[2,8,0,1,2,1,2,2,0],58,254].
[[3,8,0,1,2,1,1,1,0],29,138].
[[1,9,2,1,2,1,1,2,1],112,228].
[[3,7,1,1,1,1,1,2,1],69,34].
[[3,7,2,1,2,1,1,2,1],164,14].
[[2,8,0,1,2,0,1,2,1],5,20].
[[2,9,1,0,0,0,1,2,0],143,350].
[[3,9,1,1,2,1,1,2,0],117,514].
[[1,8,1,1,1,1,2,3,1],26,8].
[[2,8,1,1,1,1,1,2,1],70,47].
[[3,5,0,1,2,0,1,1,0],38,10].
[[2,8,0,1,2,1,1,2,1],41,142].
[[3,5,0,1,2,1,1,1,1],141,3].
[[2,8,1,1,2,0,0,0,0],27,38].
[[1,8,0,0,0,0,2,2,0],67,176].
[[2,8,0,0,0,0,2,2,0],77,268].
[[3,7,0,0,0,0,2,2,0],2,21].
[[2,9,1,1,1,1,1,1,1],25,45].
[[3,8,0,1,1,1,1,1,1],8,72].
[[1,9,2,1,2,0,2,3,1],13,86].
[[2,9,1,1,2,0,2,3,1],21,151].
[[3,9,1,1,2,0,2,3,1],1,38].
[[1,9,2,1,2,1,1,2,0],65,147].
[[2,8,0,1,2,1,1,2,0],32,93].
[[3,7,1,1,2,1,1,2,0],70,11].
[[1,9,2,0,0,0,1,2,0],197,324].
[[2,8,1,1,2,0,1,2,0],24,12].
[[3,8,1,1,1,0,1,2,1],32,82].
[[2,8,1,0,0,0,1,2,1],379,237].
[[3,8,1,1,2,0,1,2,1],232,163].
[[2,8,1,1,2,0,2,2,0],35,35].
[[3,8,0,1,2,1,1,2,1],89,606].
[[2,9,1,1,2,0,1,1,1],10,61].
[[1,7,2,0,0,0,0,0,0],300,62].
[[3,7,1,0,0,0,2,1,1],67,43].
[[2,9,1,1,2,1,2,2,0],106,510].
[[3,8,0,1,2,1,2,2,0],52,437].
[[1,8,1,1,2,1,2,1,0],37,12].
[[2,8,1,1,2,1,2,1,0],75,39].
[[3,8,1,1,2,1,2,1,0],63,97].
[[2,9,1,0,0,0,2,3,0],144,564].
[[3,9,1,1,2,0,2,3,0],6,97].
[[1,8,1,1,2,0,0,0,0],67,76].
[[2,7,1,1,2,0,0,0,0],41,35].
[[1,9,2,1,2,1,1,1,0],19,74].
[[2,9,1,1,2,1,1,1,0],47,182].
[[2,8,1,1,1,0,2,2,1],4,9].
[[3,8,1,1,1,0,1,1,1],8,29].
[[2,8,0,1,2,1,2,3,1],108,480].
[[3,7,1,0,0,0,2,2,0],44,21].
[[3,8,0,1,1,1,2,3,1],15,160].
[[2,8,1,1,2,1,2,2,1],324,240].
[[3,8,1,1,1,1,2,2,1],66,53].
[[2,7,2,1,2,1,0,0,0],90,21].
[[3,7,2,1,2,1,2,3,1],188,22].
[[2,9,1,1,2,1,1,2,1],174,697].
[[3,9,1,1,1,1,1,2,1],31,353].
[[1,8,0,1,2,1,2,3,1],39,120].
[[3,8,0,1,2,1,2,2,1],34,273].
[[1,8,1,0,0,0,1,2,1],210,118].
[[3,8,1,0,0,0,1,2,1],276,207].
[[1,9,2,0,0,0,2,1,0],189,524].
[[2,8,0,1,2,1,2,1,0],30,132].
[[3,8,0,1,1,1,2,1,0],12,81].
[[1,8,0,0,0,0,2,1,0],40,68].
[[2,8,0,1,2,0,2,1,0],7,17].
[[3,7,1,1,2,0,2,1,0],20,9].
[[2,8,0,0,0,0,2,1,1],40,190].
[[3,8,0,0,0,0,2,3,0],31,194].
[[2,9,1,1,2,1,2,2,1],65,364].
[[3,9,1,1,1,1,2,2,1],0,20].
[[1,8,1,1,2,0,2,3,1],51,27].
[[1,8,0,0,0,0,2,2,1],75,243].
[[2,8,0,0,0,0,2,2,1],83,367].
[[3,8,0,1,2,1,1,1,1],32,193].
[[1,8,1,0,0,0,2,2,1],611,357].
[[3,8,1,1,2,0,2,2,1],70,64].
[[2,6,1,1,2,0,0,0,0],25,1].
[[3,6,1,1,2,0,0,0,0],11,1].
[[3,9,1,1,2,0,2,2,1],0,24].
[[2,8,1,1,2,0,2,3,0],53,47].
[[3,8,1,1,2,0,1,1,1],55,75].
[[2,9,1,1,1,1,1,1,0],11,37].
[[2,8,1,1,2,1,1,1,1],96,101].
[[3,7,1,1,2,1,0,0,0],121,97].
[[1,9,2,1,2,1,2,1,0],87,222].
[[2,9,1,0,0,0,1,1,1],72,228].
[[3,9,1,1,2,0,1,1,1],5,82].
[[1,7,2,0,0,0,2,3,1],77,10].
[[2,7,2,0,0,0,1,2,1],50,7].
[[3,7,1,1,2,0,1,2,1],75,33].
[[1,9,2,1,2,0,2,3,0],22,60].
[[2,9,1,1,2,0,2,3,0],35,140].
[[3,8,1,0,0,0,2,2,1],82,92].
[[3,8,1,0,0,0,1,1,0],24,31].
[[3,8,0,1,1,1,2,3,0],30,169].
[[1,9,2,1,1,1,0,0,0],25,43].
[[2,9,1,1,1,1,2,2,0],47,92].
[[3,9,1,1,1,1,2,1,0],6,84].
[[2,6,1,0,0,0,0,0,0],153,6].
[[3,6,1,0,0,0,2,2,1],41,2].
[[3,8,1,0,0,0,2,3,0],51,92].
[[2,7,1,0,0,0,2,3,0],42,23].
[[3,7,1,0,0,0,2,3,0],52,41].
[[1,8,0,1,2,1,2,3,0],45,68].
[[3,6,0,1,2,1,2,3,0],6,30].
[[2,7,1,1,2,1,2,2,1],91,48].
[[3,7,1,1,2,1,2,2,1],274,147].
[[2,8,0,0,0,0,2,3,0],111,355].
[[1,9,2,1,1,1,2,3,0],34,55].
[[2,5,0,1,1,1,1,2,0],12,0].
[[3,5,0,1,1,1,1,2,0],46,4].
[[3,1,1,1,2,0,1,2,0],4,0].
[[2,4,1,1,2,0,2,3,0],12,7].
[[3,4,1,1,2,0,2,3,0],37,15].
[[1,9,2,0,0,0,1,1,1],91,199].
[[2,8,0,0,0,0,1,1,1],20,55].
[[3,7,1,0,0,0,1,1,1],38,25].
[[2,9,1,1,2,0,2,2,0],28,138].
[[3,7,1,1,2,1,2,3,0],138,61].
[[3,9,1,1,1,1,2,2,0],7,127].
[[3,8,0,0,0,0,1,1,1],8,77].
[[3,7,1,1,2,1,2,3,1],352,229].
[[1,8,0,0,0,0,2,3,0],107,222].
[[2,8,0,0,0,0,1,2,0],45,95].
[[3,8,0,0,0,0,1,2,0],33,136].
[[2,8,1,0,0,0,1,2,0],92,48].
[[3,8,1,0,0,0,1,2,0],87,39].
[[2,8,1,0,0,0,0,0,0],130,172].
[[3,7,1,0,0,0,0,0,0],64,41].
[[3,8,1,1,1,1,1,1,1],55,60].
[[3,9,1,1,1,1,1,1,0],11,86].
[[3,8,0,1,2,1,2,1,0],24,208].
[[1,3,2,0,0,0,0,0,0],32,0].
[[2,3,2,0,0,0,0,0,0],45,0].
[[3,3,2,0,0,0,0,0,0],29,0].
[[1,9,2,0,0,0,1,1,0],48,150].
[[2,8,1,0,0,0,1,1,0],30,21].
[[3,7,1,1,2,1,1,1,0],25,8].
[[2,8,1,1,2,0,2,2,1],105,96].
[[3,8,1,1,2,0,2,3,0],41,64].
[[2,9,1,0,0,0,0,0,0],3,132].
[[3,8,0,0,0,0,0,0,0],0,39].
[[2,8,0,0,0,0,0,0,0],62,348].
[[3,8,0,1,2,0,2,2,1],10,82].
[[3,9,1,1,1,1,1,1,1],6,109].
[[2,8,1,0,0,0,2,1,0],77,58].
[[3,8,1,0,0,0,2,3,1],141,127].
[[1,8,1,1,2,1,2,2,1],201,115].
[[1,9,2,1,2,0,2,2,1],12,72].
[[3,8,0,1,2,0,2,3,1],19,123].
[[3,7,0,1,2,0,1,2,1],0,5].
[[2,7,1,1,2,1,0,0,0],211,123].
[[3,5,0,0,0,0,1,2,1],4,2].
[[2,7,1,0,0,0,2,3,1],176,74].
[[3,7,1,0,0,0,2,2,1],125,70].
[[3,8,1,1,2,1,2,3,0],104,175].
[[3,9,1,0,0,0,2,3,1],6,63].
[[3,5,0,1,2,1,1,1,0],124,42].
[[1,8,1,0,0,0,2,2,0],196,70].
[[3,9,1,0,0,0,1,1,0],12,87].
[[2,9,1,1,2,0,2,2,1],14,98].
[[2,8,1,1,2,1,1,1,0],18,27].
[[3,8,1,1,1,1,1,1,0],12,31].
[[3,8,0,1,1,1,2,2,0],12,120].
[[2,8,1,1,1,1,2,3,0],35,32].
[[3,8,1,1,1,1,1,2,0],75,44].
[[2,7,1,1,2,1,2,1,1],57,21].
[[3,7,1,1,2,1,1,2,1],260,89].
[[2,9,1,1,1,0,2,2,0],2,6].
[[3,8,0,1,1,0,2,2,0],3,15].
[[1,9,2,1,2,1,1,1,1],52,75].
[[2,9,1,1,2,1,1,1,1],80,206].
[[3,8,1,1,2,1,1,1,1],151,237].
[[1,7,1,0,0,0,2,1,1],15,7].
[[3,7,1,1,2,1,2,1,1],132,68].
[[2,7,1,1,1,1,0,0,0],13,13].
[[3,7,1,1,1,1,2,1,1],34,24].
[[3,7,2,1,1,0,2,3,1],16,7].
[[1,8,1,1,2,1,1,1,1],27,27].
[[2,8,1,1,1,1,1,1,1],25,18].
[[3,4,1,1,2,0,1,1,1],61,13].
[[2,8,1,1,2,0,1,2,1],87,60].
[[2,7,2,1,2,1,2,3,1],84,12].
[[3,7,2,1,1,1,1,2,1],41,4].
[[3,9,1,0,0,0,1,2,1],43,332].
[[3,8,1,1,1,0,2,3,1],15,38].
[[3,9,1,1,2,1,2,3,1],14,152].
[[1,3,2,0,0,0,2,3,1],6,0].
[[2,3,2,0,0,0,2,3,1],18,0].
[[3,2,1,0,0,0,2,3,1],2,0].
[[3,5,0,1,2,1,1,2,0],118,3].
[[1,8,1,0,0,0,1,1,1],67,66].
[[2,6,1,1,2,1,1,1,1],6,2].
[[2,5,0,1,1,1,1,1,0],3,1].
[[3,5,0,1,1,1,1,1,0],42,13].
[[2,7,0,0,0,0,0,0,0],7,52].
[[3,7,0,0,0,0,2,3,1],7,40].
[[3,9,1,0,0,0,2,2,1],3,33].
[[3,4,1,1,2,0,1,2,0],54,23].
[[3,4,1,1,2,0,2,2,0],55,10].
[[3,9,1,1,2,1,2,2,0],30,300].
[[2,9,1,0,0,0,1,2,1],204,675].
[[1,8,1,1,2,1,1,2,1],85,51].
[[1,8,1,1,2,1,2,3,0],103,31].
[[2,6,1,1,2,1,2,3,0],25,1].
[[3,3,2,1,2,1,1,2,1],18,0].
[[3,8,1,1,2,0,1,2,0],70,43].
[[3,5,0,0,0,0,1,2,0],44,2].
[[2,9,1,0,0,0,2,1,1],36,159].
[[3,9,1,1,2,1,1,1,1],22,303].
[[3,7,1,1,2,0,2,3,1],120,84].
[[1,9,2,1,2,0,2,2,0],18,52].
[[1,9,2,1,1,1,2,2,0],35,35].
[[2,4,1,1,2,0,2,2,0],15,4].
[[2,9,1,1,2,0,2,1,0],23,70].
[[3,8,0,1,2,0,2,1,0],8,57].
[[2,6,1,1,2,1,2,3,1],63,4].
[[3,6,1,1,2,1,1,2,1],60,5].
[[1,9,2,1,2,0,0,0,0],10,71].
[[3,8,0,1,2,0,2,3,0],14,118].
[[2,7,1,0,0,0,2,2,1],124,67].
[[3,7,2,0,0,0,2,3,1],94,7].
[[2,9,1,1,1,1,1,2,1],68,146].
[[3,8,0,0,0,0,2,2,0],24,185].
[[3,8,0,1,1,0,2,3,1],0,23].
[[1,8,1,1,1,1,2,2,1],16,13].
[[2,9,1,1,1,1,2,3,1],32,128].
[[3,8,0,0,0,0,2,1,1],6,48].
[[2,8,0,1,1,1,2,3,1],30,56].
[[3,8,0,1,1,1,1,2,1],22,179].
[[3,6,1,1,2,0,1,2,1],25,2].
[[3,8,1,0,0,0,2,1,1],31,28].
[[3,7,2,1,1,1,2,3,1],46,10].
[[3,7,1,1,1,1,2,2,1],68,41].
[[1,6,1,0,0,0,0,0,0],266,14].
[[2,6,1,0,0,0,2,3,1],72,6].
[[3,6,1,1,2,1,2,2,0],22,0].
[[3,7,2,0,0,0,2,2,1],53,9].
[[3,6,0,0,0,0,0,0,0],3,18].
[[1,8,1,0,0,0,2,1,0],91,45].
[[3,8,1,1,2,0,2,1,0],24,32].
[[3,8,0,1,2,0,0,0,0],0,15].
[[2,8,0,1,2,0,2,3,0],9,55].
[[3,8,0,1,2,0,1,1,1],4,45].
[[2,8,0,1,2,0,2,2,0],11,38].
[[3,8,0,1,2,0,2,2,0],8,100].
[[3,8,0,1,2,1,0,0,0],0,88].
[[3,7,1,1,2,0,2,2,1],85,53].
[[1,7,1,1,2,1,2,1,1],6,1].
[[3,3,1,1,2,1,2,1,1],13,3].
[[3,9,1,1,1,1,2,3,1],2,49].
[[2,8,1,1,1,1,1,1,0],3,3].
[[2,8,1,1,1,1,2,3,1],117,66].
[[3,7,1,1,1,1,2,3,1],95,73].
[[3,3,1,1,2,1,0,0,0],55,12].
[[2,6,0,0,0,0,0,0,0],19,71].
[[3,6,0,1,2,0,2,2,1],2,6].
[[2,5,0,1,2,1,1,2,0],20,1].
[[2,7,2,0,0,0,2,1,1],44,9].
[[3,7,2,1,2,1,1,1,1],48,12].
[[3,7,0,1,2,1,1,2,1],3,31].
[[3,6,1,1,2,0,2,3,1],44,6].
[[3,8,0,1,1,0,2,1,0],0,12].
[[3,9,1,1,1,1,2,3,0],9,117].
[[2,6,1,0,0,0,2,2,1],52,1].
[[3,6,1,1,2,0,2,2,1],34,2].
[[3,5,0,0,0,0,1,1,0],53,12].
[[3,7,0,1,1,1,2,1,1],5,13].
[[3,7,2,1,2,1,0,0,0],29,2].
[[3,8,1,1,1,1,2,2,0],33,60].
[[3,7,0,1,2,1,2,3,1],17,90].
[[2,8,0,0,0,0,2,1,0],56,146].
[[3,7,1,0,0,0,2,1,0],18,8].
[[3,3,1,1,2,1,2,3,0],13,0].
[[2,6,1,1,2,1,2,2,1],35,6].
[[3,3,1,1,2,1,2,2,1],35,6].
[[1,8,1,1,1,1,2,1,1],6,3].
[[2,7,2,1,1,1,2,1,1],4,4].
[[3,4,1,1,2,0,2,1,1],19,5].
[[3,6,0,0,0,0,2,1,0],0,8].
[[3,8,1,1,2,0,2,2,0],44,67].
[[2,7,2,0,0,0,2,2,1],87,19].
[[3,4,1,1,2,0,2,3,1],69,19].
[[1,7,2,0,0,0,2,2,1],56,5].
[[2,3,2,0,0,0,2,2,1],11,0].
[[2,6,0,0,0,0,2,2,1],3,17].
[[3,6,0,0,0,0,1,2,1],1,7].
[[3,7,0,1,2,1,2,1,0],1,24].
[[2,9,1,1,2,0,1,2,0],33,90].
[[2,3,2,1,2,1,0,0,0],17,0].
[[3,3,2,1,1,1,0,0,0],5,0].
[[2,9,1,1,1,1,0,0,0],5,23].
[[1,7,1,1,2,1,0,0,0],63,32].
[[2,7,1,1,2,1,2,3,1],108,64].
[[3,7,0,1,1,1,2,3,1],3,26].
[[2,8,0,1,1,1,2,1,0],5,18].
[[3,8,0,0,0,0,2,2,1],15,137].
[[2,8,0,1,1,1,2,2,0],11,22].
[[1,9,2,1,1,1,1,1,1],5,5].
[[2,4,1,1,2,0,1,2,1],26,8].
[[3,9,1,0,0,0,2,2,0],13,121].
[[2,8,0,1,2,0,2,2,1],7,57].
[[3,8,0,1,1,0,1,2,1],0,18].
[[3,7,0,1,2,1,2,3,0],10,69].
[[3,7,0,1,2,1,2,1,1],7,37].
[[3,7,2,1,2,1,2,1,1],52,5].
[[2,5,0,0,0,0,1,2,0],28,1].
[[3,8,0,0,0,0,1,2,1],27,271].
[[3,6,1,0,0,0,1,1,1],15,2].
[[1,8,1,1,2,1,2,1,1],97,56].
[[2,7,1,1,1,1,2,1,1],12,2].
[[3,7,0,0,0,0,0,0,0],4,39].
[[1,6,1,0,0,0,2,2,0],6,0].
[[2,6,1,0,0,0,2,2,0],29,0].
[[2,5,0,0,0,0,1,1,1],29,6].
[[3,6,1,1,2,1,0,0,0],25,0].
[[2,7,1,0,0,0,1,2,1],43,15].
[[3,7,1,0,0,0,1,2,1],115,62].
[[2,6,1,1,2,1,0,0,0],97,8].
[[2,6,1,0,0,0,2,1,1],38,1].
[[3,6,1,0,0,0,2,1,1],19,2].
[[1,6,0,0,0,0,0,0,0],16,45].
[[2,6,0,1,2,1,2,3,0],1,8].
[[3,6,0,1,2,1,1,2,0],4,12].
[[1,8,1,1,1,1,2,2,0],8,3].
[[2,8,1,1,1,1,2,2,0],28,10].
[[3,7,2,1,2,0,2,1,1],19,8].
[[3,6,1,1,1,0,2,3,1],3,1].
[[2,8,0,1,2,0,2,3,1],10,80].
[[3,7,1,1,1,1,1,1,1],17,13].
[[3,9,1,0,0,0,1,1,1],10,121].
[[2,6,1,1,2,0,2,2,1],17,3].
[[3,6,1,1,1,0,1,1,1],2,0].
[[3,6,1,0,0,0,1,2,1],29,1].
[[3,9,1,1,2,0,2,1,1],0,9].
[[3,3,2,0,0,0,2,2,1],13,0].
[[3,5,0,0,0,0,1,1,1],51,5].
[[3,3,1,1,2,0,2,2,1],9,1].
[[3,9,1,0,0,0,1,2,0],35,174].
[[3,7,1,1,2,0,2,2,0],27,23].
[[2,9,1,1,2,1,0,0,0],2,122].
[[1,9,2,1,1,1,2,3,1],53,73].
[[3,8,0,0,0,0,2,1,0],12,102].
[[2,7,0,1,2,1,0,0,0],10,57].
[[3,8,0,0,0,0,1,1,0],13,65].
[[3,8,1,0,0,0,2,2,0],54,57].
[[3,9,1,1,2,1,2,2,1],1,60].
[[2,7,2,1,2,0,2,2,1],23,10].
[[3,3,2,1,2,0,2,2,1],10,0].
[[1,8,0,1,2,1,2,1,0],5,29].
[[2,7,1,1,1,1,1,1,1],2,1].
[[3,7,1,1,2,1,2,1,0],41,19].
[[1,9,2,1,2,0,2,1,1],5,47].
[[2,9,1,1,1,0,1,2,1],0,20].
[[3,6,0,0,0,0,2,1,1],2,9].
[[3,8,0,1,2,0,1,2,0],29,94].
[[1,8,1,1,1,1,0,0,0],43,25].
[[2,8,1,1,2,1,1,2,0],80,32].
[[3,8,1,1,2,1,1,1,0],51,65].
[[2,3,1,0,0,0,0,0,0],41,6].
[[3,7,1,1,2,1,2,2,0],93,51].
[[1,8,1,1,2,0,2,2,0],9,11].
[[2,8,1,1,1,0,2,2,0],2,6].
[[3,8,1,1,1,0,2,2,0],4,16].
[[1,9,2,1,1,1,1,2,1],22,19].
[[3,9,1,1,1,0,1,2,1],5,72].
[[2,6,0,1,2,1,2,1,0],1,4].
[[3,6,0,1,2,1,2,1,0],2,13].
[[2,8,1,1,2,0,1,1,1],19,35].
[[3,7,1,1,2,0,1,1,1],31,17].
[[1,8,1,1,2,1,2,2,0],50,27].
[[3,6,0,0,0,0,2,2,0],0,11].
[[1,6,1,0,0,0,2,1,1],6,0].
[[2,6,1,1,2,1,2,1,1],10,2].
[[3,7,1,1,1,0,2,3,1],11,24].
[[2,8,0,1,2,0,2,1,1],4,31].
[[3,7,2,1,2,1,1,2,0],5,0].
[[1,8,0,1,2,1,2,2,1],32,82].
[[3,7,0,0,0,0,2,2,1],5,32].
[[3,6,1,1,1,1,2,2,0],10,0].
[[3,5,0,1,1,0,1,1,1],5,3].
[[3,9,1,1,1,0,1,2,0],2,39].
[[3,3,1,0,0,0,0,0,0],42,13].
[[2,7,2,0,0,0,0,0,0],149,24].
[[3,7,2,1,2,0,2,2,1],55,10].
[[1,8,0,1,2,1,2,1,1],19,35].
[[2,8,0,1,1,1,2,2,1],24,43].
[[3,8,1,1,1,0,2,3,0],4,15].
[[2,3,1,1,2,1,0,0,0],18,7].
[[3,7,2,1,1,0,1,1,1],4,3].
[[1,7,1,0,0,0,2,3,1],40,7].
[[3,3,1,1,2,1,2,3,1],37,3].
[[3,6,1,1,2,1,2,2,1],80,4].
[[3,3,2,1,2,0,2,3,1],17,0].
[[2,8,1,1,1,1,0,0,0],25,32].
[[3,4,1,1,2,0,2,2,1],32,17].
[[1,9,2,1,1,1,2,2,1],43,53].
[[2,9,1,1,1,1,2,2,1],29,76].
[[3,5,0,1,1,1,1,2,1],4,3].
[[3,7,2,0,0,0,0,0,0],14,2].
[[2,8,0,0,0,0,1,1,0],9,42].
[[3,8,1,1,1,1,0,0,0],0,14].
[[3,7,1,1,1,1,2,2,0],21,16].
[[3,7,0,1,1,1,2,1,0],0,6].
[[1,7,1,0,0,0,2,2,1],28,6].
[[2,7,1,1,2,1,1,1,1],9,8].
[[3,7,1,1,2,1,1,1,1],85,44].
[[3,7,0,1,1,1,0,0,0],2,19].
[[1,8,1,1,2,0,2,2,1],36,31].
[[2,7,1,1,2,0,2,2,1],22,11].
[[3,7,1,1,1,1,2,3,0],36,19].
[[2,8,0,1,1,1,0,0,0],21,39].
[[2,7,2,1,2,1,2,1,1],41,3].
[[2,5,0,0,0,0,1,1,0],32,6].
[[1,9,2,1,2,0,1,1,0],0,13].
[[2,9,1,1,1,0,1,1,0],0,3].
[[3,9,1,1,1,0,1,1,0],1,18].
[[2,7,0,1,2,1,2,3,0],4,5].
[[3,7,0,1,2,1,0,0,0],13,63].
[[2,6,1,1,1,1,2,3,1],6,1].
[[3,3,1,1,1,1,2,3,1],8,0].
[[1,8,1,1,2,0,2,1,1],12,8].
[[2,8,1,1,1,0,2,1,1],2,7].
[[2,8,1,1,1,0,2,3,1],11,14].
[[3,6,1,1,1,1,0,0,0],5,0].
[[2,8,1,1,2,0,2,1,1],47,52].
[[3,7,2,1,1,0,2,2,1],7,8].
[[2,7,1,0,0,0,1,1,1],11,7].
[[2,7,2,1,2,1,2,2,1],85,7].
[[3,7,2,1,1,1,2,2,1],18,5].
[[3,6,1,0,0,0,2,3,1],70,4].
[[2,2,1,0,0,0,0,0,0],11,0].
[[3,2,1,0,0,0,0,0,0],7,0].
[[2,8,0,1,2,1,1,1,0],20,29].
[[3,8,0,1,1,1,1,1,0],7,55].
[[2,7,1,1,2,1,2,3,0],48,10].
[[2,7,2,0,0,0,2,2,0],5,2].
[[3,7,2,1,2,0,2,2,0],4,1].
[[3,8,0,1,1,0,1,2,0],1,7].
[[2,7,2,1,2,0,1,2,1],6,4].
[[3,7,2,1,2,0,1,2,1],58,5].
[[3,9,1,1,2,1,0,0,0],0,7].
[[3,6,0,1,2,1,0,0,0],2,37].
[[3,9,1,0,0,0,2,3,0],7,109].
[[3,8,0,1,1,1,2,1,1],5,40].
[[3,7,0,1,2,0,2,3,0],1,10].
[[2,7,1,1,2,0,2,3,1],26,14].
[[3,7,2,1,2,0,2,1,0],4,0].
[[3,6,0,1,2,1,2,2,0],1,25].
[[2,5,0,1,2,0,1,1,0],7,2].
[[3,6,1,1,2,1,2,3,1],124,6].
[[2,8,0,1,2,0,1,2,0],5,15].
[[2,7,1,1,2,1,1,2,1],40,8].
[[3,9,1,1,2,1,2,1,1],1,11].
[[2,8,0,1,1,1,1,1,1],4,4].
[[2,7,1,0,0,0,2,1,1],65,40].
[[2,7,1,1,1,1,2,3,1],23,5].
[[3,7,2,0,0,0,1,1,0],2,1].
[[3,7,0,0,0,0,2,3,0],4,28].
[[2,7,2,1,1,1,1,1,1],4,2].
[[2,7,1,1,2,1,2,1,0],14,7].
[[1,8,1,1,2,0,1,2,0],3,2].
[[2,8,1,1,1,0,1,1,0],0,2].
[[3,8,1,1,1,0,1,1,0],4,6].
[[2,7,2,1,1,1,0,0,0],11,5].
[[2,7,2,1,1,1,2,3,1],14,1].
[[2,7,1,1,2,1,2,2,0],22,11].
[[3,6,0,0,0,0,2,2,1],8,20].
[[2,5,0,1,2,0,1,1,1],11,2].
[[3,3,1,1,2,0,0,0,0],25,4].
[[3,3,2,0,0,0,2,3,1],19,1].
[[3,3,1,1,2,0,2,3,1],12,2].
[[2,7,1,0,0,0,2,1,0],16,7].
[[3,6,0,1,1,1,0,0,0],1,7].
[[3,8,0,1,1,1,2,2,1],8,84].
[[2,7,2,1,2,0,2,1,1],15,3].
[[3,7,2,1,2,1,2,3,0],21,0].
[[2,6,0,0,0,0,2,3,1],6,23].
[[3,3,1,0,0,0,2,3,1],19,1].
[[3,4,1,1,2,0,1,1,0],29,11].
[[1,6,1,1,2,1,2,3,0],5,0].
[[3,6,1,1,2,1,2,1,0],16,0].
[[3,6,0,1,2,1,2,1,1],3,18].
[[3,8,1,1,1,0,2,2,1],10,19].
[[2,8,0,1,1,1,2,1,1],10,24].
[[3,9,1,0,0,0,2,1,0],12,73].
[[1,9,2,1,2,0,2,1,0],5,14].
[[3,8,1,1,1,0,1,2,0],9,19].
[[3,6,1,1,2,1,2,1,1],37,3].
[[3,3,2,1,2,1,2,1,1],13,0].
[[2,9,1,1,2,0,0,0,0],0,21].
[[3,9,1,1,2,0,2,1,0],2,60].
[[3,7,1,1,1,0,2,2,1],9,14].
[[3,7,0,0,0,0,1,2,1],1,13].
[[3,5,0,1,1,0,1,2,0],4,4].
[[2,3,2,1,2,0,0,0,0],13,0].
[[3,3,2,1,1,0,2,3,1],4,0].
[[1,7,2,1,2,1,0,0,0],85,12].
[[3,7,2,0,0,0,2,2,0],9,2].
[[3,8,1,1,2,0,1,1,0],15,21].
[[3,7,0,0,0,0,1,1,0],1,7].
[[3,5,0,1,2,0,1,2,0],30,0].
[[3,8,1,1,1,0,2,1,1],6,2].
[[3,3,1,0,0,0,2,2,1],24,1].
[[3,6,1,1,1,1,2,1,1],13,1].
[[3,9,1,1,1,0,2,2,1],0,5].
[[2,9,1,1,2,0,1,1,0],4,43].
[[3,8,0,1,2,0,1,1,0],8,39].
[[1,8,1,0,0,0,1,2,0],36,16].
[[2,7,1,1,2,1,1,2,0],10,4].
[[3,7,1,1,1,1,1,2,0],19,6].
[[2,9,1,1,2,0,2,1,1],3,47].
[[2,6,1,1,2,1,2,2,0],13,0].
[[1,8,0,1,2,1,2,2,0],22,48].
[[3,9,1,0,0,0,2,1,1],0,7].
[[3,9,1,1,2,0,1,1,0],8,84].
[[3,6,0,0,0,0,2,3,1],1,27].
[[1,8,0,1,2,1,1,2,0],2,11].
[[1,6,1,0,0,0,2,2,1],26,2].
[[2,6,0,1,2,1,2,2,0],2,8].
[[3,6,1,1,1,1,2,3,1],21,1].
[[2,6,1,1,2,0,2,3,1],12,2].
[[3,7,1,1,2,0,0,0,0],38,32].
[[2,3,1,0,0,0,2,2,1],8,0].
[[1,8,0,0,0,0,1,2,0],16,27].
[[2,7,1,1,2,0,1,2,0],1,1].
[[1,9,2,1,1,1,1,2,0],11,9].
[[2,4,1,1,2,0,1,2,0],13,6].
[[2,8,0,1,2,1,1,1,1],20,50].
[[3,3,2,1,2,1,2,3,1],25,0].
[[2,7,2,1,2,1,1,2,1],47,5].
[[3,7,0,1,2,0,1,2,0],1,1].
[[3,6,1,1,2,1,1,2,0],15,0].
[[3,8,0,1,2,0,2,1,1],3,29].
[[3,6,1,1,2,0,2,1,1],15,2].
[[3,6,1,1,1,0,1,2,1],3,2].
[[2,5,0,1,1,1,1,1,1],9,0].
[[3,5,0,1,1,1,1,1,1],38,2].
[[2,8,0,1,1,1,2,3,0],12,32].
[[3,7,0,1,1,1,2,3,0],2,14].
[[3,2,0,0,0,0,0,0,0],1,2].
[[2,8,0,1,1,1,1,2,0],7,15].
[[3,8,1,0,0,0,0,0,0],0,10].
[[3,3,2,1,2,0,2,3,0],2,0].
[[2,7,2,1,2,0,0,0,0],36,10].
[[3,7,1,1,2,0,1,1,0],2,4].
[[3,7,0,1,2,1,2,2,0],3,49].
[[1,9,2,1,1,1,2,1,0],16,15].
[[2,4,1,1,2,0,2,1,0],8,3].
[[3,4,1,1,2,0,2,1,0],22,5].
[[3,6,1,1,2,1,2,3,0],37,1].
[[1,9,2,1,2,0,1,1,1],3,11].
[[1,7,1,0,0,0,1,2,1],7,5].
[[2,7,1,0,0,0,2,2,0],37,14].
[[2,9,1,1,1,1,2,1,0],19,59].
[[3,6,1,0,0,0,2,1,0],6,0].
[[3,6,0,1,2,1,1,1,0],0,8].
[[3,3,2,1,2,0,0,0,0],12,0].
[[1,8,1,1,2,1,1,1,0],2,5].
[[2,7,1,1,2,1,1,1,0],2,1].
[[2,4,1,1,2,0,2,2,1],13,3].
[[2,7,0,1,2,1,2,1,1],1,8].
[[1,6,1,0,0,0,1,2,1],2,2].
[[2,6,1,1,2,0,1,1,1],1,0].
[[2,8,0,1,1,1,1,2,1],13,18].
[[3,6,0,1,1,1,1,2,1],1,3].
[[3,7,1,1,1,1,0,0,0],20,21].
[[2,8,1,1,2,0,2,1,0],17,11].
[[3,7,2,0,0,0,1,2,1],65,2].
[[3,7,0,1,2,1,2,2,1],7,74].
[[2,8,1,1,1,0,1,2,1],2,10].
[[3,4,0,1,2,0,1,2,1],0,4].
[[3,6,1,0,0,0,2,2,0],11,0].
[[3,7,2,1,1,1,0,0,0],3,2].
[[3,6,0,1,2,1,2,2,1],8,33].
[[1,9,2,1,2,0,1,2,0],4,16].
[[3,6,1,0,0,0,0,0,0],20,1].
[[3,7,2,0,0,0,2,1,1],26,8].
[[1,6,1,0,0,0,2,3,1],31,3].
[[3,6,1,1,1,1,1,1,0],2,1].
[[3,9,1,1,1,0,0,0,0],0,2].
[[1,7,2,0,0,0,2,1,1],34,5].
[[2,9,1,1,1,1,2,1,1],11,24].
[[2,7,0,0,0,0,2,3,1],2,12].
[[3,7,1,1,1,0,2,1,0],0,2].
[[2,4,1,1,2,0,1,1,1],7,2].
[[1,8,1,1,1,1,1,1,1],6,0].
[[3,6,0,1,2,1,2,3,1],5,43].
[[1,7,2,1,2,1,2,2,1],24,3].
[[3,4,1,1,2,0,0,0,0],3,1].
[[2,6,1,0,0,0,2,3,0],24,0].
[[3,3,2,0,0,0,2,3,0],6,0].
[[2,5,0,1,2,1,1,1,1],39,2].
[[3,7,2,0,0,0,2,1,0],4,1].
[[3,9,1,1,1,0,1,1,1],1,18].
[[1,7,2,1,2,1,1,2,1],3,2].
[[2,7,2,1,2,1,1,1,1],13,4].
[[2,6,1,0,0,0,1,1,1],7,2].
[[3,6,0,1,2,1,1,1,1],0,5].
[[1,7,1,0,0,0,2,2,0],6,4].
[[3,7,0,1,1,1,2,2,1],2,17].
[[3,6,1,1,1,1,2,3,0],14,1].
[[3,7,0,0,0,0,2,1,1],4,12].
[[3,3,2,1,2,1,2,2,1],24,0].
[[2,8,0,1,2,0,0,0,0],7,43].
[[2,9,1,1,1,0,1,2,0],1,5].
[[3,9,1,1,1,0,2,3,0],3,25].
[[1,8,1,0,0,0,1,1,0],6,12].
[[3,6,1,1,1,1,1,2,1],16,7].
[[3,8,0,1,1,0,1,1,1],0,8].
[[2,6,0,1,2,1,2,2,1],1,5].
[[3,8,1,1,2,0,2,1,1],20,37].
[[2,6,0,1,2,1,0,0,0],10,31].
[[3,8,0,1,1,0,2,3,0],0,16].
[[1,8,1,1,2,1,1,2,0],13,8].
[[2,9,1,1,1,0,2,1,0],1,5].
[[3,6,1,1,1,1,1,1,1],4,2].
[[3,6,1,1,2,0,2,2,0],15,1].
[[2,3,2,0,0,0,2,1,1],4,0].
[[2,3,2,1,2,1,2,3,0],1,0].
[[3,3,2,1,1,1,1,2,0],1,0].
[[3,6,0,1,1,1,2,3,1],1,8].
[[3,7,0,0,0,0,2,1,0],1,14].
[[3,7,1,1,1,1,1,1,0],5,1].
[[3,6,0,0,0,0,1,1,1],0,4].
[[3,2,1,0,0,0,2,1,1],2,0].
[[3,7,1,0,0,0,1,2,0],25,4].
[[2,7,1,1,2,0,2,1,1],5,5].
[[3,3,1,1,2,0,2,1,1],6,0].
[[1,6,1,1,2,1,1,1,1],1,0].
[[1,8,0,1,2,1,1,1,0],3,0].
[[3,7,2,1,2,1,2,1,0],12,0].
[[2,7,0,1,2,1,2,1,0],0,2].
[[3,9,1,1,1,0,2,2,0],1,19].
[[3,6,1,1,2,0,1,2,0],4,1].
[[2,7,2,1,2,1,2,3,0],10,0].
[[3,7,2,1,1,1,2,3,0],13,1].
[[2,5,0,1,2,1,1,1,0],27,11].
[[3,7,2,1,1,0,2,1,1],5,3].
[[2,7,0,1,2,1,2,3,1],2,12].
[[1,7,2,1,2,0,2,3,1],3,3].
[[3,7,2,0,0,0,1,1,1],14,10].
[[1,9,2,1,1,1,1,1,0],3,7].
[[2,7,0,0,0,0,2,3,0],2,5].
[[3,4,0,1,2,0,2,1,0],0,2].
[[2,6,0,0,0,0,2,3,0],3,2].
[[3,3,1,1,2,1,1,2,1],14,1].
[[1,7,2,1,2,0,1,2,1],1,1].
[[2,7,2,1,2,0,1,1,1],3,4].
[[3,7,2,1,2,0,1,1,0],1,5].
[[2,7,2,0,0,0,2,3,0],6,1].
[[3,7,0,1,1,1,2,2,0],0,10].
[[3,7,2,1,1,1,2,2,0],1,0].
[[3,7,1,1,1,0,2,1,1],1,7].
[[3,7,2,1,2,0,1,1,1],30,9].
[[2,7,0,0,0,0,2,2,0],0,8].
[[3,7,1,1,1,1,2,1,0],14,2].
[[2,7,0,1,2,1,2,2,0],2,4].
[[3,7,0,1,2,1,1,2,0],10,11].
[[3,7,2,1,2,0,0,0,0],12,1].
[[3,3,0,1,2,1,0,0,0],0,5].
[[3,3,2,1,2,0,2,1,1],7,0].
[[3,3,2,1,2,1,0,0,0],27,1].
[[3,3,1,0,0,0,2,2,0],9,0].
[[3,7,1,1,1,0,1,2,1],7,13].
[[3,4,0,1,2,0,1,1,0],0,1].
[[1,8,1,1,2,0,2,3,0],13,9].
[[3,3,2,0,0,0,2,1,1],7,0].
[[3,6,1,0,0,0,1,1,0],1,3].
[[3,7,1,1,1,0,2,3,0],5,3].
[[2,6,0,0,0,0,2,2,0],1,10].
[[3,2,1,1,2,1,0,0,0],9,0].
[[3,7,0,1,2,0,2,2,0],0,10].
[[2,8,1,1,2,0,1,1,0],4,12].
[[1,8,1,1,2,0,2,1,0],7,3].
[[3,7,1,1,2,0,1,2,0],21,1].
[[2,3,2,1,2,0,2,3,1],3,0].
[[3,3,2,1,2,0,1,2,1],9,0].
[[3,3,2,1,1,0,2,2,1],6,0].
[[3,7,2,1,1,1,2,1,1],8,1].
[[3,7,2,1,1,0,1,2,1],9,6].
[[3,6,0,1,2,0,0,0,0],0,7].
[[3,7,0,0,0,0,1,2,0],4,6].
[[2,7,1,1,1,1,2,2,1],14,6].
[[2,7,2,0,0,0,1,1,1],16,5].
[[2,7,0,0,0,0,2,1,1],1,7].
[[3,7,0,1,2,1,1,1,1],4,8].
[[3,3,1,0,0,0,2,1,1],9,1].
[[2,7,2,1,1,0,2,2,1],5,2].
[[2,6,0,1,2,1,2,3,1],0,6].
[[3,7,1,1,1,0,2,2,0],1,1].
[[3,6,1,0,0,0,1,2,0],6,0].
[[3,9,1,1,1,0,2,1,1],0,4].
[[1,6,1,0,0,0,2,1,0],1,0].
[[2,6,1,0,0,0,2,1,0],7,0].
[[2,8,1,1,1,0,2,1,0],1,5].
[[3,8,1,1,1,0,2,1,0],1,8].
[[1,7,2,1,2,1,2,3,1],19,1].
[[3,7,0,0,0,0,1,1,1],1,3].
[[2,6,1,1,2,0,2,1,0],1,0].
[[3,6,1,1,2,0,2,1,0],7,0].
[[2,7,2,1,1,0,2,3,1],2,2].
[[3,7,1,0,0,0,1,1,0],10,4].
[[3,9,1,1,1,0,2,3,1],0,4].
[[2,6,1,0,0,0,1,2,1],17,4].
[[3,7,0,1,2,0,0,0,0],3,17].
[[1,7,2,0,0,0,1,2,1],15,6].
[[3,3,2,0,0,0,1,2,1],12,0].
[[3,7,2,0,0,0,2,3,0],10,0].
[[1,6,1,0,0,0,2,3,0],7,0].
[[2,9,1,1,1,0,1,1,1],0,1].
[[3,3,1,1,1,1,0,0,0],13,3].
[[2,6,1,1,2,0,2,3,0],2,0].
[[3,3,1,1,2,0,2,3,0],1,0].
[[2,7,1,1,2,0,2,3,0],7,3].
[[1,8,0,0,0,0,1,2,1],4,6].
[[3,2,0,1,2,1,2,2,1],0,1].
[[3,6,0,1,2,0,2,3,0],1,4].
[[3,7,0,1,1,1,1,2,1],2,9].
[[1,7,1,1,2,1,2,3,1],8,4].
[[2,3,1,1,2,1,2,3,1],2,1].
[[2,9,1,1,1,0,2,2,1],1,10].
[[3,7,0,1,2,0,2,3,1],3,17].
[[3,3,2,1,2,1,1,1,1],4,0].
[[3,9,1,1,1,1,2,1,1],1,13].
[[3,1,1,1,2,0,1,1,0],2,0].
[[2,9,1,1,1,0,2,1,1],0,5].
[[3,2,1,1,2,1,2,2,1],2,0].
[[3,6,1,1,1,0,2,2,1],9,0].
[[1,8,1,1,1,1,1,2,1],4,5].
[[2,7,0,0,0,0,2,2,1],2,2].
[[3,5,0,1,2,1,1,2,1],12,2].
[[3,6,0,0,0,0,1,1,0],1,2].
[[3,6,1,1,2,0,2,3,0],11,0].
[[2,8,0,1,1,1,1,1,0],3,6].
[[2,6,1,1,2,0,1,2,1],4,1].
[[1,7,1,1,2,1,2,2,1],5,2].
[[3,6,0,0,0,0,2,3,0],3,11].
[[1,7,1,0,0,0,2,3,0],8,1].
[[3,3,1,0,0,0,2,3,0],9,0].
[[2,6,0,0,0,0,2,1,1],0,3].
[[2,7,2,1,2,1,1,1,0],1,2].
[[1,7,1,1,2,1,2,1,0],2,0].
[[2,7,1,1,1,1,1,1,0],1,1].
[[3,3,1,1,1,1,1,1,0],2,0].
[[2,9,1,1,1,0,0,0,0],0,3].
[[2,9,1,1,1,0,2,3,1],1,6].
[[3,2,0,0,0,0,2,2,0],0,1].
[[2,6,1,1,2,0,2,1,1],5,0].
[[3,8,0,1,1,0,1,1,0],1,3].
[[3,6,0,1,2,0,2,1,0],0,3].
[[3,5,0,1,1,0,1,2,1],1,1].
[[2,8,1,1,1,1,1,2,0],8,6].
[[2,7,1,0,0,0,1,2,0],11,1].
[[3,3,1,1,2,0,2,1,0],2,0].
[[3,5,0,1,1,0,1,1,0],3,4].
[[2,6,1,1,2,1,2,1,0],3,0].
[[3,6,1,1,1,1,2,1,0],6,0].
[[3,9,1,0,0,0,0,0,0],0,6].
[[2,7,0,1,2,1,2,2,1],2,3].
[[3,3,1,0,0,0,1,2,1],5,0].
[[3,7,2,1,1,1,1,1,1],12,3].
[[3,2,1,1,2,0,0,0,0],3,0].
[[1,8,0,0,0,0,1,1,0],6,7].
[[1,7,1,0,0,0,2,1,0],2,1].
[[1,3,2,0,0,0,2,2,1],1,0].
[[2,3,2,0,0,0,1,2,1],7,0].
[[2,4,1,1,2,0,2,1,1],6,2].
[[3,6,0,1,2,0,2,3,1],2,9].
[[1,8,1,1,2,0,1,1,1],0,4].
[[2,8,1,1,1,0,1,1,1],1,5].
[[3,7,0,1,2,0,2,2,1],1,14].
[[2,6,1,1,1,1,2,2,0],3,0].
[[3,3,1,1,1,1,2,2,0],1,0].
[[3,7,2,1,2,1,1,1,0],4,8].
[[2,7,2,1,1,1,2,2,1],7,1].
[[3,3,1,0,0,0,1,2,0],2,0].
[[2,8,0,1,2,0,1,1,0],1,4].
[[2,6,0,0,0,0,1,2,0],2,2].
[[3,2,0,0,0,0,1,2,0],1,0].
[[1,8,1,1,1,1,2,3,0],8,2].
[[1,7,2,0,0,0,2,3,0],6,1].
[[3,9,1,1,1,0,2,1,0],0,11].
[[1,6,1,1,2,1,2,2,1],3,2].
[[3,2,1,1,2,1,2,3,1],6,0].
[[3,6,0,1,1,1,2,1,1],0,5].
[[3,4,0,1,2,0,2,3,1],0,2].
[[2,7,1,1,2,0,2,1,0],5,2].
[[1,7,2,1,2,1,2,1,1],10,0].
[[3,6,1,1,2,0,1,1,1],5,3].
[[2,8,1,1,1,0,2,3,0],4,4].
[[3,7,0,1,2,0,2,1,0],1,1].
[[3,6,0,1,1,1,1,2,0],0,3].
[[2,4,1,1,2,0,0,0,0],5,1].
[[1,7,2,1,2,0,2,2,1],3,1].
[[2,9,1,1,1,0,2,3,0],2,9].
[[3,7,2,1,2,1,2,2,0],14,0].
[[2,3,1,0,0,0,2,2,0],1,0].
[[2,6,1,1,1,1,2,2,1],2,0].
[[3,3,2,1,1,1,2,3,1],2,0].
[[3,6,0,1,1,1,2,1,0],0,4].
[[3,3,2,0,0,0,1,1,1],3,0].
[[3,3,2,1,1,0,0,0,0],2,0].
[[2,7,0,0,0,0,2,1,0],2,1].
[[2,8,0,1,2,0,1,1,1],2,9].
[[1,7,1,0,0,0,1,1,1],0,3].
[[1,8,0,1,2,1,1,1,1],1,0].
[[3,8,0,1,1,0,2,1,1],0,4].
[[2,6,0,0,0,0,2,1,0],1,3].
[[3,6,0,0,0,0,1,2,0],1,4].
[[3,3,2,1,1,1,1,1,0],1,0].
[[2,6,0,1,2,1,1,1,0],0,1].
[[3,7,0,1,2,1,1,1,0],3,3].
[[1,7,1,1,2,1,2,3,0],3,1].
[[2,7,1,1,1,1,1,2,1],4,1].
[[3,7,0,1,1,1,1,1,1],1,2].
[[2,7,2,1,1,0,2,1,1],1,1].
[[2,7,1,0,0,0,1,1,0],2,2].
[[3,3,2,1,1,1,2,2,1],2,0].
[[1,8,0,0,0,0,1,1,1],1,2].
[[3,9,1,1,2,0,0,0,0],0,1].
[[2,7,2,1,2,1,2,1,0],2,0].
[[3,8,0,1,1,0,2,2,1],0,10].
[[3,6,0,1,2,0,2,2,0],0,4].
[[2,7,2,0,0,0,1,1,0],1,2].
[[3,7,1,1,1,0,1,2,0],1,2].
[[3,8,1,1,2,1,0,0,0],0,17].
[[3,7,0,1,1,1,1,2,0],0,2].
[[2,3,1,0,0,0,2,3,1],5,0].
[[1,7,2,1,2,1,1,1,1],1,1].
[[1,7,1,1,2,1,1,2,1],3,0].
[[2,3,1,1,2,1,1,2,1],1,0].
[[2,7,2,1,2,1,2,2,0],4,0].
[[2,5,0,1,2,0,1,2,0],6,0].
[[3,8,0,1,1,0,0,0,0],0,2].
[[3,6,0,1,2,0,2,1,1],1,4].
[[1,7,2,1,2,0,1,1,1],0,1].
[[3,6,1,1,1,0,2,2,0],0,2].
[[3,2,1,0,0,0,2,2,0],1,0].
[[1,6,1,0,0,0,1,1,1],1,0].
[[3,3,1,0,0,0,1,1,1],2,0].
[[2,8,1,1,1,0,1,2,0],2,2].
[[3,7,2,1,1,0,1,2,0],1,0].
[[2,7,1,1,1,1,2,2,0],2,1].
[[1,7,2,1,2,1,2,2,0],0,1].
[[2,7,2,1,2,1,1,2,0],1,2].
[[2,7,2,1,2,0,2,3,0],3,2].
[[3,7,2,1,2,0,2,3,0],6,2].
[[1,8,0,1,2,1,1,2,1],2,4].
[[3,7,2,1,1,1,1,1,0],0,2].
[[3,3,1,1,2,1,2,2,0],6,0].
[[3,3,0,0,0,0,0,0,0],0,1].
[[1,7,1,1,2,1,2,2,0],4,0].
[[3,7,0,1,2,0,2,1,1],0,6].
[[2,6,1,1,1,1,2,1,1],2,1].
[[2,6,1,1,1,1,2,3,0],2,0].
[[2,8,1,1,1,0,0,0,0],2,2].
[[2,7,1,1,1,1,2,3,0],2,2].
[[3,2,0,0,0,0,2,3,0],0,1].
[[2,4,1,1,2,0,1,1,0],2,1].
[[2,7,2,1,1,1,1,2,1],6,0].
[[2,6,1,1,1,1,1,2,0],1,0].
[[3,6,0,1,2,1,1,2,1],0,10].
[[1,6,0,0,0,0,2,2,1],0,1].
[[3,8,1,1,2,0,0,0,0],0,2].
[[3,6,0,1,2,0,1,2,0],1,0].
[[3,6,1,1,1,1,1,2,0],4,0].
[[3,3,1,1,2,0,2,2,0],4,0].
[[1,7,2,0,0,0,1,1,1],2,2].
[[1,6,0,0,0,0,2,2,0],2,1].
[[3,3,1,1,2,0,1,2,1],4,0].
[[3,6,0,1,2,0,1,1,1],0,1].
[[3,7,1,1,1,0,0,0,0],1,2].
[[3,9,1,1,1,1,0,0,0],0,4].
[[3,3,1,1,1,1,2,2,1],3,1].
[[3,7,0,1,2,0,1,1,0],0,3].
[[3,3,2,0,0,0,2,2,0],2,0].
[[3,3,2,1,2,1,2,2,0],1,0].
[[3,3,1,1,1,1,2,3,0],2,0].
[[3,4,0,1,2,0,2,3,0],0,2].
[[1,6,1,1,2,1,2,1,1],3,0].
[[2,7,2,0,0,0,2,1,0],3,0].
[[3,6,1,1,1,0,0,0,0],1,0].
[[1,7,2,1,2,1,2,3,0],1,0].
[[3,6,0,1,2,0,1,2,1],1,0].
[[2,6,1,0,0,0,1,2,0],1,0].
[[3,3,1,1,2,1,1,2,0],5,0].
[[3,3,1,1,1,1,2,1,1],2,0].
[[3,7,0,1,1,1,1,1,0],0,1].
[[2,6,1,1,2,0,2,2,0],4,0].
[[3,3,1,1,2,1,1,1,1],2,1].
[[3,7,2,0,0,0,1,2,0],3,0].
[[2,7,0,1,2,1,1,2,1],1,1].
[[3,3,2,1,2,0,1,1,1],1,0].
[[3,6,0,1,1,1,2,2,0],0,3].
[[2,7,2,1,2,0,1,2,0],1,0].
[[3,6,0,1,1,1,2,3,0],1,6].
[[2,7,2,0,0,0,1,2,0],0,1].
[[3,7,2,1,2,0,1,2,0],0,1].
[[3,6,1,1,1,0,2,1,1],2,0].
[[2,7,1,1,1,1,1,2,0],0,1].
[[3,2,0,0,0,0,2,3,1],0,2].
[[2,3,1,0,0,0,2,1,1],1,0].
[[2,7,0,0,0,0,1,2,0],0,2].
[[1,6,1,1,2,1,1,2,1],0,1].
[[2,7,1,1,2,0,2,2,0],3,2].
[[2,3,2,1,2,1,2,1,1],3,0].
[[1,2,1,0,0,0,0,0,0],1,0].
[[2,2,1,1,2,1,0,0,0],1,0].
[[1,8,1,1,1,1,1,2,0],0,1].
[[2,3,1,1,2,1,2,2,1],1,0].
[[3,2,0,1,2,1,0,0,0],1,0].
[[1,6,1,1,2,1,2,2,0],1,1].
[[2,6,1,1,1,1,1,1,0],0,1].
[[2,7,1,1,2,0,1,1,1],1,0].
[[3,2,0,0,0,0,2,1,0],0,1].
[[1,3,2,0,0,0,2,1,1],2,0].
[[2,3,2,1,2,1,1,1,1],1,0].
[[2,6,0,1,2,1,1,2,0],1,0].
[[3,2,1,0,0,0,2,2,1],4,0].
[[3,4,0,1,2,0,1,1,1],0,3].
[[3,3,2,1,2,1,2,3,0],4,0].
[[3,3,0,0,0,0,2,1,0],0,1].
[[3,6,1,1,1,0,2,3,0],1,0].
[[3,6,0,1,1,1,2,2,1],0,2].
[[3,3,2,1,1,1,1,1,1],2,0].
[[1,8,1,1,1,1,2,1,0],3,0].
[[3,6,1,1,2,1,1,1,0],1,0].
[[3,6,1,1,1,0,2,1,0],1,0].
[[2,7,0,0,0,0,1,1,0],0,1].
[[2,3,2,0,0,0,1,1,1],1,0].
[[3,3,1,1,2,1,1,1,0],1,0].
[[3,7,2,1,1,1,1,2,0],1,0].
[[2,3,2,1,2,0,1,2,1],1,0].
[[2,2,1,0,0,0,2,3,1],1,0].
[[2,7,0,1,2,1,1,2,0],0,1].
[[2,6,1,1,1,1,2,1,0],2,0].
[[2,3,1,0,0,0,2,3,0],1,0].
[[3,2,1,1,2,1,2,2,0],1,0].
[[2,7,2,1,1,0,0,0,0],1,0].
[[3,6,0,1,1,1,1,1,1],0,1].
[[3,2,1,0,0,0,1,2,1],1,0].
[[1,7,2,0,0,0,2,2,0],2,0].
[[2,3,2,1,2,1,2,2,0],1,0].
[[3,3,2,1,2,1,1,1,0],1,0].
[[3,2,1,1,2,1,2,1,1],1,0].
[[2,6,1,1,1,1,1,2,1],1,0].
[[3,3,2,1,1,1,1,2,1],2,0].
[[3,7,0,1,2,0,1,1,1],0,1].
[[1,6,0,0,0,0,2,3,0],1,0].
[[3,2,0,1,2,1,2,3,0],0,1].
