total_WL(7033,4991).
[[1,8,0,1,2,2,2,1,1],20,19].
[[2,7,1,1,2,2,2,1,1],29,11].
[[3,7,1,1,1,0,1,1,1],3,1].
[[1,4,2,1,2,0,2,3,0],19,0].
[[2,4,2,1,2,0,2,3,1],69,2].
[[3,4,2,1,2,0,1,2,1],186,1].
[[1,8,1,1,2,2,2,2,1],128,51].
[[2,8,1,1,1,2,1,2,1],56,18].
[[3,8,1,1,1,2,1,2,1],125,45].
[[1,8,0,0,0,0,2,3,0],30,32].
[[2,8,0,1,2,0,2,3,0],11,13].
[[3,8,0,1,1,0,2,3,0],1,8].
[[1,8,1,0,0,0,0,0,0],470,164].
[[2,7,2,1,2,0,0,0,0],22,7].
[[3,3,2,1,1,0,0,0,0],2,0].
[[1,9,2,0,0,0,2,3,0],174,182].
[[2,8,0,0,0,0,2,3,0],31,34].
[[3,8,0,1,2,2,2,3,0],40,112].
[[1,7,1,1,2,2,0,0,0],74,17].
[[2,7,1,1,2,2,0,0,0],134,45].
[[3,7,1,1,1,0,0,0,0],5,6].
[[1,4,2,1,2,0,1,1,0],3,0].
[[2,4,2,1,2,0,1,1,0],19,0].
[[3,4,2,1,2,0,1,1,0],49,0].
[[1,8,1,1,2,2,2,3,1],205,64].
[[2,8,1,1,2,2,1,2,1],139,52].
[[3,8,1,1,2,2,1,2,1],243,102].
[[2,8,0,0,0,0,1,2,0],13,10].
[[3,8,0,0,0,0,1,2,0],20,8].
[[1,9,2,1,2,0,2,3,1],21,42].
[[2,9,2,1,2,2,2,2,1],80,146].
[[3,9,2,1,2,2,2,2,1],20,51].
[[1,9,2,0,0,0,0,0,0],138,331].
[[2,8,1,0,0,0,0,0,0],83,31].
[[3,7,1,1,2,0,0,0,0],26,10].
[[1,9,2,1,2,2,1,2,1],76,76].
[[2,9,2,1,2,2,1,2,1],121,148].
[[3,8,0,1,2,2,1,2,1],71,114].
[[2,8,1,0,0,0,2,3,1],200,65].
[[3,8,1,0,0,0,1,1,1],29,13].
[[1,7,2,0,0,0,0,0,0],113,15].
[[2,3,2,1,2,0,0,0,0],3,0].
[[3,3,2,1,2,0,2,2,1],5,0].
[[1,8,1,1,2,2,0,0,0],367,125].
[[3,7,1,1,2,2,2,1,1],63,14].
[[1,9,2,1,2,2,2,1,1],90,114].
[[2,9,2,1,2,2,2,1,1],54,100].
[[3,9,2,1,2,2,2,1,1],15,51].
[[2,8,0,0,0,0,0,0,0],40,58].
[[3,8,0,0,0,0,2,2,1],15,20].
[[1,9,2,1,2,2,2,1,0],80,56].
[[2,9,2,1,1,2,2,1,0],20,27].
[[3,4,2,1,2,0,2,1,0],33,0].
[[1,4,2,1,2,0,1,1,1],4,0].
[[2,4,2,1,2,0,1,1,1],23,0].
[[3,4,2,1,2,0,1,1,1],67,3].
[[1,8,1,1,2,2,2,1,0],9,2].
[[2,8,1,1,1,2,1,2,0],10,2].
[[3,8,1,1,1,2,1,2,0],25,6].
[[1,8,0,1,2,2,2,3,0],37,19].
[[2,6,0,1,1,2,2,3,0],1,0].
[[3,6,0,1,1,2,2,3,0],4,4].
[[1,9,2,0,0,0,2,2,1],116,183].
[[2,9,2,1,2,2,1,1,1],38,55].
[[3,5,0,1,2,2,1,1,1],36,5].
[[3,9,2,1,1,2,1,2,1],62,129].
[[1,7,2,0,0,0,2,1,1],10,1].
[[2,7,2,0,0,0,2,1,1],20,2].
[[3,7,2,1,2,2,1,2,1],53,4].
[[1,9,2,1,1,2,2,2,1],71,34].
[[2,4,2,1,2,0,2,2,1],64,1].
[[3,4,2,1,2,0,2,2,1],105,3].
[[1,8,1,0,0,0,2,3,1],273,69].
[[2,7,1,1,2,0,2,3,1],8,4].
[[3,3,1,1,2,2,2,3,1],21,0].
[[1,8,1,1,2,0,0,0,0],31,31].
[[2,8,1,1,2,0,0,0,0],34,17].
[[3,8,1,1,1,0,2,2,1],8,22].
[[2,9,2,1,2,2,2,1,0],32,57].
[[3,8,0,1,2,2,2,1,0],15,32].
[[2,8,1,1,2,2,2,3,1],259,91].
[[3,7,2,1,2,2,2,3,1],53,6].
[[1,8,1,1,1,2,0,0,0],80,17].
[[3,4,2,1,2,0,2,3,1],107,4].
[[2,7,1,1,2,2,2,2,1],60,11].
[[3,7,1,1,2,2,1,1,1],45,20].
[[1,9,2,1,1,2,0,0,0],118,87].
[[2,8,0,1,1,2,0,0,0],54,54].
[[3,6,0,1,1,2,0,0,0],3,5].
[[1,9,2,1,2,2,2,3,0],196,191].
[[2,8,0,1,1,2,2,3,0],49,34].
[[3,7,0,1,1,2,2,3,0],14,5].
[[2,9,2,1,2,2,2,2,0],59,131].
[[3,9,2,1,2,2,2,2,0],7,58].
[[1,8,0,1,2,2,0,0,0],217,216].
[[2,8,0,1,2,2,2,2,0],57,52].
[[3,7,1,1,2,2,1,2,1],109,14].
[[3,7,1,1,1,2,0,0,0],35,13].
[[1,9,2,1,2,2,2,2,0],145,121].
[[3,8,0,1,2,2,2,2,0],34,68].
[[1,9,2,1,2,0,2,2,1],8,28].
[[3,9,2,1,1,2,1,1,1],15,38].
[[1,4,2,1,2,0,2,3,1],18,2].
[[2,3,2,0,0,0,2,1,1],4,0].
[[3,3,2,0,0,0,2,1,1],6,0].
[[1,8,0,0,0,0,2,2,1],24,24].
[[2,7,1,0,0,0,2,2,1],28,9].
[[3,7,1,0,0,0,1,2,1],30,6].
[[1,8,1,0,0,0,2,1,1],106,30].
[[2,8,1,0,0,0,2,1,1],74,22].
[[3,8,1,0,0,0,1,2,1],65,33].
[[2,9,2,0,0,0,0,0,0],0,23].
[[3,9,2,0,0,0,2,2,0],1,14].
[[1,9,2,1,2,2,2,2,1],166,162].
[[1,9,2,0,0,0,2,3,1],190,252].
[[2,8,0,0,0,0,2,3,1],35,52].
[[3,7,0,0,0,0,2,3,1],1,8].
[[1,9,2,1,2,0,0,0,0],24,49].
[[2,9,2,1,2,0,2,2,0],10,23].
[[3,8,0,1,1,0,2,2,0],4,7].
[[2,9,2,1,2,2,2,3,0],89,149].
[[3,9,2,1,2,2,2,3,0],4,64].
[[2,4,2,1,2,0,1,2,1],52,0].
[[1,9,2,1,2,2,2,3,1],232,236].
[[2,9,2,1,1,2,2,2,1],60,56].
[[1,8,1,1,2,0,2,2,1],21,7].
[[2,8,1,1,2,0,2,2,1],48,26].
[[3,8,1,1,2,0,2,2,1],45,18].
[[2,9,2,1,2,2,2,3,1],84,168].
[[3,8,0,1,2,2,2,3,1],66,91].
[[1,9,2,1,2,0,1,2,0],7,8].
[[2,8,0,1,2,0,1,2,0],4,3].
[[3,8,0,1,2,2,1,2,0],45,57].
[[2,9,2,1,1,2,1,2,0],52,37].
[[3,4,2,1,2,0,1,2,0],93,1].
[[1,9,2,0,0,0,2,2,0],99,122].
[[3,9,2,1,1,2,2,2,0],8,52].
[[2,8,0,1,1,2,2,3,1],50,53].
[[3,8,0,1,1,2,2,3,1],40,73].
[[2,8,0,0,0,0,2,2,0],33,21].
[[3,8,0,1,2,0,1,2,0],18,8].
[[1,8,0,0,0,0,0,0,0],142,173].
[[3,8,0,0,0,0,2,3,0],7,26].
[[1,6,0,1,2,2,0,0,0],14,4].
[[2,6,0,1,1,2,0,0,0],6,4].
[[1,8,0,1,2,2,1,2,0],6,2].
[[2,8,0,1,2,2,1,2,0],24,29].
[[3,8,0,1,1,2,1,2,0],33,38].
[[2,9,2,0,0,0,2,2,0],29,55].
[[1,9,2,0,0,0,1,1,0],20,26].
[[2,9,2,1,2,0,1,1,0],9,13].
[[3,9,2,1,2,0,1,1,0],4,20].
[[1,9,2,1,2,2,0,0,0],199,364].
[[1,9,2,1,2,2,1,1,0],15,19].
[[2,9,2,1,2,2,1,1,0],39,26].
[[3,5,0,1,1,2,1,2,0],22,1].
[[2,4,2,1,2,0,2,2,0],37,1].
[[2,8,0,0,0,0,2,2,1],40,41].
[[3,8,0,1,2,2,2,2,1],51,87].
[[3,9,2,1,2,2,1,2,0],62,99].
[[3,8,0,1,1,2,2,2,1],35,48].
[[1,8,1,1,2,2,2,1,1],94,22].
[[2,8,1,1,2,2,1,1,1],46,39].
[[1,8,0,1,1,2,0,0,0],86,40].
[[2,8,0,1,1,2,2,1,1],19,19].
[[3,7,0,1,1,2,2,1,1],7,4].
[[2,8,1,0,0,0,2,2,1],113,47].
[[3,7,1,1,2,0,2,2,1],28,8].
[[1,7,2,1,2,2,0,0,0],43,2].
[[2,7,2,1,2,2,0,0,0],51,5].
[[3,7,2,1,2,2,2,2,1],62,1].
[[1,8,1,0,0,0,2,3,0],58,6].
[[2,8,1,0,0,0,1,2,0],17,2].
[[3,7,2,1,2,0,1,2,0],4,0].
[[1,8,1,1,1,2,2,2,0],8,0].
[[2,7,2,1,1,2,1,2,1],3,0].
[[3,7,2,1,1,2,1,2,1],20,1].
[[1,8,0,1,2,2,2,3,1],61,26].
[[2,8,0,1,2,2,2,2,1],53,74].
[[3,8,1,1,2,2,2,1,1],89,23].
[[3,9,2,1,2,2,1,1,0],24,42].
[[3,9,2,1,2,2,1,2,1],81,165].
[[1,9,2,1,1,2,2,1,0],26,21].
[[3,4,2,1,2,0,2,3,0],62,2].
[[1,9,2,1,2,0,2,2,0],17,12].
[[2,9,2,1,2,2,1,2,0],73,97].
[[2,9,2,1,1,2,2,3,0],47,64].
[[3,9,2,1,1,2,2,2,1],13,29].
[[2,8,0,1,2,0,2,3,1],9,19].
[[3,8,0,1,2,0,1,2,1],14,25].
[[2,9,2,1,1,2,0,0,0],11,26].
[[2,9,2,1,2,2,0,0,0],4,58].
[[2,8,0,1,2,2,2,1,1],27,44].
[[3,8,0,1,2,2,2,1,1],23,57].
[[1,6,1,0,0,0,2,2,1],9,0].
[[2,6,1,0,0,0,2,2,1],14,2].
[[3,6,1,1,2,0,2,2,1],10,1].
[[2,8,1,1,2,2,2,2,0],28,19].
[[2,9,2,0,0,0,2,3,1],40,94].
[[3,9,2,1,2,0,2,2,1],4,23].
[[1,8,0,1,2,2,2,2,0],32,24].
[[2,8,0,1,2,2,2,3,0],71,79].
[[3,7,0,1,2,2,2,3,0],12,12].
[[1,8,1,0,0,0,1,2,1],67,37].
[[2,8,1,0,0,0,1,2,1],126,32].
[[3,7,2,1,2,0,1,2,1],22,7].
[[3,8,0,0,0,0,1,2,1],15,28].
[[1,9,2,1,2,0,2,1,0],4,14].
[[2,8,1,1,1,0,2,3,1],5,7].
[[3,8,1,1,1,0,2,3,1],18,15].
[[2,8,1,1,2,2,0,0,0],119,51].
[[3,7,2,1,2,2,0,0,0],26,9].
[[3,8,0,1,2,2,1,1,1],26,29].
[[1,9,2,1,1,2,2,3,0],86,37].
[[2,9,2,1,1,2,2,2,0],53,42].
[[3,4,2,1,2,0,2,2,0],58,3].
[[2,9,2,1,1,2,2,3,1],71,60].
[[3,8,1,1,1,2,2,3,1],84,42].
[[3,8,0,1,1,2,2,3,0],16,60].
[[2,8,1,1,2,2,2,1,1],132,35].
[[3,8,1,1,2,2,2,3,1],143,60].
[[3,7,1,1,1,2,2,3,1],70,30].
[[2,8,0,1,2,2,2,3,1],114,108].
[[2,9,2,0,0,0,2,1,1],33,42].
[[3,8,0,0,0,0,2,1,1],6,10].
[[1,9,2,1,2,0,2,3,0],13,27].
[[2,9,2,1,2,0,2,3,0],12,30].
[[3,9,2,1,1,0,2,1,0],0,7].
[[2,9,2,1,2,0,2,3,1],11,41].
[[3,9,2,1,1,0,1,2,0],3,17].
[[1,6,1,0,0,0,2,3,0],3,0].
[[2,6,1,1,2,2,1,2,0],1,0].
[[3,6,1,1,2,2,1,2,0],6,0].
[[2,9,2,1,1,2,2,1,1],26,34].
[[2,9,2,0,0,0,2,2,1],34,80].
[[3,9,2,1,2,2,1,1,1],22,71].
[[1,9,2,0,0,0,2,1,0],50,62].
[[3,8,1,1,2,2,2,2,1],112,52].
[[3,8,0,1,1,0,2,1,1],1,5].
[[2,9,2,0,0,0,2,1,0],18,24].
[[3,9,2,0,0,0,2,3,0],4,19].
[[2,8,1,1,2,2,2,2,1],182,67].
[[1,9,2,1,1,2,2,3,1],114,72].
[[3,8,0,1,1,2,1,2,1],54,84].
[[3,8,1,1,2,0,1,2,1],99,41].
[[3,9,2,1,2,0,2,2,0],2,20].
[[2,8,1,1,1,2,2,3,1],110,29].
[[1,9,2,1,1,2,2,1,1],36,18].
[[2,8,1,1,1,2,2,1,1],49,8].
[[3,7,2,1,1,2,2,1,1],8,0].
[[3,7,0,1,2,2,2,3,1],19,16].
[[3,8,1,1,2,2,1,1,0],17,10].
[[3,8,0,1,1,2,2,1,0],10,23].
[[2,6,0,1,2,2,0,0,0],14,9].
[[3,3,1,1,2,2,2,2,1],12,1].
[[3,9,2,1,1,2,1,1,0],12,44].
[[3,7,2,1,2,2,2,1,1],34,2].
[[2,9,2,0,0,0,1,2,0],39,49].
[[3,9,2,1,2,0,1,2,0],13,32].
[[1,8,0,1,2,2,2,1,0],18,10].
[[2,8,0,1,1,2,1,2,0],13,14].
[[3,7,0,1,1,2,1,2,0],3,1].
[[1,9,2,1,1,2,2,2,0],67,33].
[[3,8,0,1,1,2,2,2,0],26,54].
[[3,9,1,1,2,2,1,1,1],6,8].
[[2,7,1,1,2,2,2,3,1],77,14].
[[3,8,1,1,2,0,2,3,1],56,33].
[[2,8,0,1,2,2,0,0,0],63,137].
[[3,7,1,1,2,2,0,0,0],82,30].
[[1,9,2,0,0,0,2,1,1],74,100].
[[1,8,0,1,1,2,2,2,0],12,5].
[[2,8,0,1,1,2,2,2,0],41,24].
[[2,9,2,1,1,2,1,2,1],94,72].
[[1,8,0,0,0,0,2,3,1],30,29].
[[3,6,0,1,2,2,2,3,1],17,7].
[[3,7,1,1,1,2,2,2,1],51,9].
[[1,8,1,0,0,0,2,2,1],174,55].
[[3,6,1,1,2,0,1,2,1],12,0].
[[3,9,2,1,1,2,1,2,0],44,64].
[[3,4,2,1,2,0,2,1,1],70,0].
[[2,9,2,1,2,0,1,2,0],24,17].
[[3,9,2,1,2,2,2,3,1],10,57].
[[2,6,0,0,0,0,2,3,1],1,0].
[[3,6,0,0,0,0,1,2,1],1,1].
[[3,8,0,1,2,0,2,2,1],16,18].
[[2,8,1,0,0,0,2,2,0],20,9].
[[3,7,1,0,0,0,2,2,0],11,1].
[[2,8,0,1,2,2,1,1,1],10,9].
[[1,8,0,1,1,2,2,3,1],12,10].
[[3,7,0,1,2,2,0,0,0],12,15].
[[3,9,2,1,1,2,2,3,0],7,68].
[[2,7,1,0,0,0,0,0,0],56,25].
[[3,7,1,0,0,0,2,2,1],30,9].
[[1,8,1,1,2,2,1,2,1],42,18].
[[3,8,1,1,1,0,1,2,1],11,27].
[[3,9,2,1,2,0,1,2,1],12,46].
[[3,6,1,0,0,0,2,1,1],6,0].
[[3,7,1,1,2,2,2,2,1],99,33].
[[3,7,2,1,1,0,0,0,0],5,3].
[[1,9,2,1,2,0,1,2,1],5,8].
[[2,8,0,1,2,0,1,2,1],4,4].
[[3,8,0,1,1,0,1,2,1],1,4].
[[1,8,1,1,2,0,2,3,1],22,10].
[[1,8,0,1,2,2,2,2,1],39,34].
[[2,8,1,1,2,0,2,1,0],7,1].
[[1,4,2,1,2,0,2,2,0],10,0].
[[2,4,2,1,2,0,2,3,0],43,1].
[[1,6,1,0,0,0,0,0,0],79,8].
[[2,6,1,1,2,0,0,0,0],11,3].
[[3,6,1,1,1,0,2,2,1],6,3].
[[1,8,1,1,2,0,2,1,1],9,4].
[[3,8,1,1,2,2,1,1,1],80,62].
[[1,8,1,1,2,2,2,3,0],29,4].
[[2,7,2,1,2,2,2,2,1],21,4].
[[3,7,1,1,1,2,2,1,1],28,6].
[[1,8,1,0,0,0,2,2,0],40,5].
[[3,7,1,1,2,2,2,2,0],14,7].
[[1,9,2,1,1,2,1,2,1],44,22].
[[1,8,0,0,0,0,1,1,0],3,2].
[[2,8,0,0,0,0,1,1,0],4,6].
[[3,8,0,0,0,0,1,1,0],6,7].
[[3,8,1,0,0,0,1,2,0],15,4].
[[2,8,1,0,0,0,1,1,1],28,25].
[[3,8,1,1,2,0,1,1,1],28,25].
[[1,6,1,0,0,0,2,3,1],7,0].
[[2,6,1,0,0,0,1,2,1],7,0].
[[3,6,1,1,2,2,1,2,1],22,0].
[[2,9,1,1,1,2,1,2,1],5,2].
[[3,8,0,0,0,0,2,3,1],7,18].
[[2,7,2,0,0,0,0,0,0],56,4].
[[3,8,1,1,1,2,2,1,1],42,17].
[[1,9,2,0,0,0,1,1,1],26,25].
[[3,7,1,0,0,0,1,1,1],7,10].
[[3,8,0,1,2,2,0,0,0],0,32].
[[1,9,2,1,2,2,1,1,1],29,30].
[[1,8,0,1,1,2,2,3,0],8,1].
[[1,8,1,1,1,2,2,2,1],38,7].
[[3,9,2,1,1,2,2,1,0],1,14].
[[2,9,2,0,0,0,1,2,1],59,69].
[[3,7,2,1,2,0,2,1,1],18,0].
[[2,8,1,1,1,2,2,1,0],9,2].
[[3,8,1,1,1,2,1,1,0],9,8].
[[3,7,1,1,1,2,1,2,1],52,12].
[[3,8,0,1,2,0,1,1,1],3,14].
[[2,8,0,0,0,0,1,2,1],13,16].
[[2,8,0,1,1,2,1,2,1],21,8].
[[2,8,1,1,1,2,0,0,0],50,11].
[[2,5,0,1,2,2,1,2,0],9,0].
[[3,6,1,1,2,2,2,3,1],43,2].
[[2,8,1,1,1,2,2,2,0],13,1].
[[2,8,0,1,1,2,2,2,1],36,24].
[[3,8,0,1,1,2,1,1,1],13,19].
[[2,7,1,1,2,2,1,2,1],13,8].
[[1,9,2,1,1,2,1,1,1],13,8].
[[2,8,1,1,1,2,1,1,1],24,14].
[[3,7,1,1,1,2,1,1,1],16,16].
[[2,9,2,0,0,0,2,3,0],36,108].
[[3,7,2,1,2,0,2,2,1],15,3].
[[2,9,2,1,2,0,2,1,1],11,22].
[[3,9,2,1,2,0,1,1,1],13,18].
[[2,9,2,1,2,0,1,2,1],26,42].
[[2,8,1,1,2,0,1,2,1],39,25].
[[1,8,1,1,2,2,2,2,0],19,8].
[[2,8,1,1,2,2,1,2,0],34,8].
[[3,8,1,1,2,2,1,2,0],48,14].
[[1,9,2,1,1,2,1,1,0],9,11].
[[3,9,2,1,1,2,2,3,1],10,31].
[[3,6,0,1,1,2,2,3,1],3,3].
[[3,8,0,1,2,0,2,3,0],11,25].
[[2,6,1,0,0,0,0,0,0],44,2].
[[3,6,1,1,2,0,0,0,0],9,1].
[[2,8,1,1,1,2,2,2,1],62,21].
[[2,3,2,0,0,0,0,0,0],20,0].
[[3,3,2,1,2,2,0,0,0],16,0].
[[2,7,1,1,2,2,2,3,0],11,0].
[[3,7,1,1,1,2,2,3,0],10,0].
[[1,9,2,0,0,0,1,2,1],75,58].
[[3,7,1,1,2,0,1,2,1],30,7].
[[3,3,1,1,2,2,0,0,0],25,4].
[[3,8,1,0,0,0,2,2,1],39,14].
[[3,9,2,1,1,2,0,0,0],0,3].
[[1,8,1,1,1,2,1,1,1],3,4].
[[1,8,1,1,2,2,1,1,0],1,1].
[[2,8,1,1,2,2,1,1,0],3,8].
[[3,7,1,1,2,2,1,1,0],4,6].
[[1,9,2,0,0,0,1,2,0],47,46].
[[3,7,0,1,2,2,1,2,0],4,5].
[[3,7,2,1,1,2,0,0,0],15,2].
[[2,7,2,0,0,0,2,2,1],18,3].
[[3,9,2,0,0,0,1,1,1],8,14].
[[2,9,2,1,1,2,1,1,1],19,23].
[[2,9,2,1,2,0,0,0,0],1,11].
[[3,9,2,1,1,2,2,1,1],10,23].
[[2,8,0,1,2,2,1,2,1],34,37].
[[1,4,2,1,2,0,0,0,0],23,1].
[[3,8,0,0,0,0,1,1,1],9,11].
[[2,5,0,0,0,0,1,1,0],3,0].
[[3,5,0,0,0,0,1,1,0],2,0].
[[2,9,2,1,2,0,1,1,1],13,16].
[[3,9,2,1,1,0,1,1,1],0,5].
[[2,9,2,1,1,0,2,2,1],0,6].
[[3,8,0,1,1,0,2,2,1],1,12].
[[1,8,0,0,0,0,2,1,1],13,15].
[[3,6,0,1,2,2,2,1,1],1,3].
[[2,8,1,1,1,0,0,0,0],3,6].
[[3,8,1,1,1,2,2,2,1],79,29].
[[3,8,0,1,1,2,0,0,0],2,16].
[[2,9,2,0,0,0,1,1,1],18,25].
[[2,8,1,1,2,0,2,3,1],74,31].
[[3,8,1,1,2,0,2,3,0],6,5].
[[3,7,1,0,0,0,2,1,1],19,5].
[[3,6,1,1,2,2,2,2,1],31,2].
[[3,8,0,1,2,0,1,1,0],6,10].
[[2,7,2,0,0,0,2,3,1],40,1].
[[3,7,2,0,0,0,2,3,1],17,0].
[[2,8,1,1,2,0,2,1,1],29,13].
[[2,9,2,1,2,0,2,1,0],1,16].
[[3,8,0,1,2,0,2,1,0],3,8].
[[3,8,1,0,0,0,2,1,1],34,7].
[[3,9,2,0,0,0,1,1,0],5,9].
[[3,9,2,1,1,0,2,1,1],1,2].
[[3,7,1,1,2,0,2,3,1],32,16].
[[3,7,2,0,0,0,2,2,1],14,0].
[[2,8,1,1,1,0,2,2,1],5,8].
[[3,7,1,1,1,0,2,2,1],8,4].
[[3,7,2,1,2,0,2,3,1],26,4].
[[3,9,2,1,1,0,1,2,1],6,28].
[[2,8,0,0,0,0,1,1,1],6,7].
[[1,9,2,1,2,2,1,2,0],56,58].
[[2,8,1,1,2,0,2,2,0],10,4].
[[3,6,1,1,1,0,2,2,0],0,1].
[[3,3,1,1,2,0,0,0,0],8,0].
[[2,6,1,0,0,0,2,3,1],19,0].
[[3,9,2,1,2,0,2,3,1],3,11].
[[2,9,1,1,1,2,2,2,0],1,4].
[[3,9,1,1,1,2,1,2,0],4,1].
[[2,8,0,1,2,2,2,1,0],22,22].
[[3,7,2,1,2,0,0,0,0],20,2].
[[2,8,0,1,2,0,2,2,0],13,10].
[[3,7,0,1,2,0,2,2,0],5,2].
[[2,9,2,1,2,0,2,2,1],15,25].
[[1,9,2,1,1,2,1,2,0],23,12].
[[3,7,0,1,1,2,2,3,1],13,9].
[[3,8,1,0,0,0,2,3,1],55,23].
[[3,8,1,1,2,2,2,3,0],21,15].
[[1,8,1,0,0,0,1,1,1],21,13].
[[2,6,1,1,2,0,1,1,1],2,0].
[[3,2,1,1,2,0,1,1,1],1,0].
[[3,7,1,1,2,2,2,3,1],163,51].
[[2,8,1,1,2,2,2,3,0],43,21].
[[3,7,1,1,2,2,2,3,0],18,8].
[[2,8,0,0,0,0,2,1,1],7,28].
[[2,5,0,1,2,2,1,2,1],2,0].
[[3,5,0,1,2,2,1,2,1],9,1].
[[1,8,1,1,1,2,2,1,1],11,2].
[[3,8,1,1,1,2,1,1,1],36,38].
[[2,9,2,0,0,0,1,1,0],13,22].
[[2,4,2,1,2,0,2,1,1],31,0].
[[3,8,1,1,1,0,2,1,1],8,11].
[[3,8,1,1,1,2,2,2,0],14,1].
[[3,9,2,0,0,0,1,2,1],18,38].
[[3,9,2,0,0,0,1,2,0],10,17].
[[1,8,1,0,0,0,2,1,0],24,3].
[[3,8,0,1,2,0,0,0,0],0,5].
[[3,2,1,1,2,0,0,0,0],2,0].
[[3,8,1,1,1,0,2,3,0],3,1].
[[2,4,2,1,2,0,0,0,0],38,2].
[[2,8,1,1,2,0,2,3,0],13,2].
[[2,3,1,1,2,2,0,0,0],22,2].
[[3,7,2,1,2,0,1,1,1],12,2].
[[1,7,1,0,0,0,0,0,0],60,21].
[[3,3,2,0,0,0,2,3,1],2,0].
[[3,9,2,0,0,0,2,3,1],2,14].
[[2,7,1,1,1,2,0,0,0],29,6].
[[3,6,0,1,2,0,2,3,0],1,1].
[[3,6,1,1,2,0,2,3,1],15,1].
[[3,5,0,1,1,2,1,1,1],26,2].
[[2,7,2,0,0,0,1,2,1],13,1].
[[3,6,1,0,0,0,0,0,0],8,1].
[[3,6,1,1,1,2,2,3,1],8,1].
[[2,8,0,1,2,0,0,0,0],7,29].
[[3,8,0,1,1,2,2,1,1],21,36].
[[1,4,2,1,2,0,2,2,1],16,0].
[[1,7,1,0,0,0,2,3,1],11,5].
[[2,7,1,0,0,0,2,2,0],5,0].
[[1,8,1,1,1,2,2,3,1],39,7].
[[2,7,2,1,1,2,2,3,1],6,1].
[[3,7,2,1,1,2,2,3,1],24,1].
[[2,9,2,1,1,2,1,1,0],17,22].
[[3,8,0,1,1,2,1,1,0],16,19].
[[3,8,1,1,2,0,2,1,1],43,13].
[[3,3,2,1,2,0,2,1,1],6,0].
[[1,9,2,1,2,0,2,1,1],7,15].
[[2,8,1,1,2,2,2,1,0],11,4].
[[3,7,1,1,1,2,2,1,0],11,2].
[[1,6,1,1,2,2,2,2,1],2,1].
[[2,6,1,1,1,2,1,1,1],0,1].
[[3,6,1,1,1,2,1,1,1],4,2].
[[2,9,1,1,2,0,2,3,0],1,0].
[[3,9,1,1,2,2,1,2,0],2,3].
[[3,6,1,1,2,2,2,1,1],16,0].
[[3,8,0,0,0,0,2,1,0],3,6].
[[3,6,0,0,0,0,2,2,0],1,1].
[[3,7,0,1,2,0,2,3,0],3,2].
[[3,8,0,0,0,0,0,0,0],0,8].
[[2,8,0,1,1,2,2,1,0],21,8].
[[3,8,1,1,2,2,2,2,0],14,11].
[[2,8,0,1,2,0,2,2,1],5,16].
[[3,8,1,1,2,0,0,0,0],0,3].
[[2,7,1,1,2,0,0,0,0],11,10].
[[3,8,0,1,2,0,2,1,1],7,25].
[[2,9,2,1,1,0,2,1,1],0,2].
[[3,6,1,1,2,0,2,2,0],3,0].
[[1,7,2,0,0,0,2,3,1],16,1].
[[2,7,2,1,2,2,1,2,1],12,1].
[[2,6,1,1,2,2,2,3,1],19,1].
[[2,7,1,1,1,2,2,2,1],10,2].
[[3,6,1,1,1,2,0,0,0],5,0].
[[3,7,0,0,0,0,2,1,1],0,1].
[[2,3,2,1,2,2,0,0,0],5,0].
[[3,3,2,1,2,2,2,2,1],3,0].
[[3,9,1,1,2,2,1,2,1],7,6].
[[3,8,0,1,2,0,2,3,1],16,20].
[[1,8,0,1,1,2,2,1,1],11,5].
[[2,7,1,1,1,2,2,1,1],6,0].
[[3,6,0,1,2,2,0,0,0],7,11].
[[3,8,1,0,0,0,2,3,0],9,1].
[[3,7,0,1,1,2,0,0,0],12,18].
[[3,5,0,1,2,2,1,2,0],41,0].
[[3,8,0,1,2,2,1,1,0],29,23].
[[3,7,1,1,1,0,1,2,1],1,7].
[[3,9,2,0,0,0,2,2,1],4,10].
[[3,6,1,1,2,2,0,0,0],13,0].
[[2,5,0,1,2,2,1,1,0],4,0].
[[3,5,0,1,2,2,1,1,0],13,0].
[[1,8,0,0,0,0,1,2,0],4,5].
[[2,7,2,1,2,2,2,1,1],13,1].
[[2,8,0,1,1,2,1,1,1],6,6].
[[3,8,0,0,0,0,2,2,0],12,19].
[[2,6,0,1,2,2,2,1,1],1,1].
[[3,6,0,1,2,2,1,2,1],4,2].
[[3,7,1,0,0,0,2,3,1],41,4].
[[3,8,0,1,2,0,2,2,0],9,22].
[[3,3,2,1,2,2,2,3,0],1,0].
[[3,4,2,1,2,0,0,0,0],18,0].
[[3,7,1,1,2,2,2,1,0],9,6].
[[3,7,0,0,0,0,2,3,0],3,5].
[[3,5,0,1,2,0,1,1,1],17,3].
[[3,5,0,1,1,0,1,2,0],3,2].
[[3,3,1,1,2,2,2,1,1],9,0].
[[2,8,1,0,0,0,1,1,0],11,4].
[[3,7,1,0,0,0,1,1,0],3,0].
[[2,7,0,1,2,2,0,0,0],16,13].
[[3,7,0,1,2,2,2,2,0],5,1].
[[2,7,2,1,2,2,2,3,1],33,4].
[[1,7,1,1,2,2,2,2,0],1,1].
[[2,7,1,1,2,2,2,2,0],8,2].
[[2,4,2,1,2,0,2,1,0],22,0].
[[3,6,1,0,0,0,2,2,1],9,0].
[[1,6,1,1,2,2,2,3,1],3,0].
[[2,6,1,1,1,2,2,3,1],4,1].
[[1,8,0,0,0,0,2,2,0],22,11].
[[3,4,0,1,2,0,2,2,1],0,2].
[[3,7,1,1,2,0,2,1,1],9,6].
[[3,5,0,1,2,0,1,2,0],7,1].
[[3,7,2,0,0,0,1,2,1],19,1].
[[3,8,0,1,1,0,1,1,1],0,5].
[[3,9,1,0,0,0,1,1,1],1,2].
[[1,8,0,1,1,2,2,2,1],11,5].
[[2,7,1,1,2,0,2,2,1],8,0].
[[2,6,1,1,2,2,0,0,0],34,0].
[[2,8,1,1,2,0,1,1,1],13,14].
[[1,8,1,1,1,2,2,1,0],3,0].
[[2,3,1,0,0,0,0,0,0],7,0].
[[2,7,0,1,1,2,0,0,0],11,3].
[[3,8,1,0,0,0,1,1,0],5,6].
[[3,9,1,1,1,0,1,1,1],0,2].
[[3,3,1,1,2,2,2,3,0],2,0].
[[1,8,1,1,2,2,1,1,1],12,12].
[[3,8,0,1,1,0,1,2,0],4,2].
[[3,3,0,1,1,2,0,0,0],0,1].
[[2,7,1,0,0,0,2,3,1],36,9].
[[2,7,2,1,1,2,0,0,0],10,2].
[[1,6,1,0,0,0,1,2,1],1,0].
[[3,6,1,0,0,0,1,2,1],13,2].
[[1,8,1,1,1,2,1,2,1],9,0].
[[3,7,0,1,1,2,2,1,0],3,1].
[[3,7,0,0,0,0,0,0,0],4,3].
[[1,8,1,1,2,0,1,2,1],6,2].
[[2,8,1,0,0,0,2,3,0],26,12].
[[3,6,0,1,2,0,1,2,1],1,1].
[[3,9,1,1,1,2,1,2,1],1,7].
[[3,8,1,1,1,0,1,1,1],5,10].
[[3,7,1,1,2,0,2,2,0],3,3].
[[3,9,1,0,0,0,1,2,0],2,0].
[[2,7,0,1,1,2,2,3,1],1,2].
[[2,7,1,1,2,0,2,3,0],3,0].
[[2,7,1,1,1,2,2,2,0],2,0].
[[3,7,1,1,1,2,2,2,0],8,0].
[[2,6,1,0,0,0,2,1,1],12,1].
[[2,5,0,1,1,2,1,2,1],2,0].
[[2,7,1,1,1,2,2,3,1],15,7].
[[3,9,1,1,2,0,1,1,1],3,1].
[[3,9,1,1,2,0,1,2,1],1,1].
[[1,6,1,0,0,0,2,1,1],3,1].
[[2,6,1,0,0,0,1,1,1],0,1].
[[3,6,1,1,2,2,1,1,1],5,4].
[[3,6,1,1,1,0,2,3,0],0,1].
[[1,7,2,0,0,0,1,2,1],5,1].
[[2,3,2,0,0,0,1,2,1],1,0].
[[3,3,2,0,0,0,1,2,1],2,0].
[[3,7,2,1,1,0,2,2,1],5,8].
[[2,8,0,1,2,0,2,1,1],3,7].
[[3,8,1,1,2,0,2,2,0],3,4].
[[2,5,0,0,0,0,1,1,1],3,0].
[[3,6,1,1,2,2,2,3,0],4,1].
[[3,6,0,1,1,2,2,1,0],4,0].
[[3,9,2,1,1,0,1,1,0],1,9].
[[3,7,0,1,2,2,2,2,1],6,8].
[[2,4,2,1,2,0,1,2,0],26,0].
[[3,8,1,1,2,0,2,1,0],5,2].
[[1,8,1,1,2,0,2,3,0],4,3].
[[2,8,1,1,2,0,1,2,0],7,4].
[[3,8,1,1,2,0,1,2,0],15,7].
[[3,8,1,1,2,2,0,0,0],5,5].
[[2,7,1,1,2,2,1,1,1],9,7].
[[2,9,2,1,1,0,1,2,1],1,4].
[[1,4,2,1,2,0,1,2,1],4,0].
[[3,9,2,1,2,0,2,1,0],0,8].
[[3,5,0,0,0,0,1,1,1],7,0].
[[2,5,0,1,2,2,1,1,1],8,0].
[[2,8,1,1,1,2,2,3,0],16,1].
[[1,7,1,1,2,2,2,2,1],6,2].
[[3,6,0,1,2,2,2,2,1],10,8].
[[1,8,1,1,2,2,1,2,0],4,0].
[[3,9,2,1,2,0,0,0,0],0,2].
[[2,7,0,0,0,0,2,3,1],1,1].
[[2,6,1,1,2,2,2,2,1],14,0].
[[3,8,1,1,1,2,0,0,0],1,1].
[[1,8,0,0,0,0,1,2,1],2,1].
[[2,6,0,1,2,2,1,2,1],2,1].
[[3,9,2,1,2,2,2,1,0],2,16].
[[2,8,0,0,0,0,2,1,0],11,9].
[[3,7,0,1,2,0,2,1,0],2,0].
[[3,8,1,1,2,2,2,1,0],7,2].
[[2,9,2,1,1,0,2,3,0],0,6].
[[3,9,2,1,1,0,2,3,0],0,7].
[[2,7,0,1,2,2,2,2,1],2,1].
[[3,7,0,1,2,2,1,1,1],2,1].
[[3,6,1,1,2,0,2,1,1],8,1].
[[2,6,0,0,0,0,0,0,0],10,4].
[[3,6,0,0,0,0,0,0,0],1,1].
[[3,5,0,1,1,2,1,1,0],5,1].
[[1,8,0,1,1,2,1,1,0],1,0].
[[1,8,0,0,0,0,1,1,1],3,1].
[[3,9,2,0,0,0,2,1,1],1,10].
[[3,5,0,0,0,0,1,2,0],8,0].
[[3,7,1,1,2,2,1,2,0],18,2].
[[3,7,0,1,1,2,2,2,0],9,3].
[[2,7,0,1,1,2,2,2,1],4,0].
[[3,7,1,1,1,0,2,3,1],8,8].
[[2,6,1,1,2,2,2,1,1],7,0].
[[2,7,1,0,0,0,2,3,0],7,0].
[[3,7,2,1,1,0,2,3,1],3,5].
[[3,9,2,1,2,0,2,1,1],3,13].
[[3,7,1,1,1,0,2,3,0],1,0].
[[1,7,1,1,2,2,2,3,1],8,4].
[[2,6,0,1,2,2,2,3,1],4,2].
[[2,7,1,0,0,0,1,2,1],9,4].
[[1,8,0,1,1,2,2,1,0],6,1].
[[1,7,1,0,0,0,2,2,0],2,0].
[[2,3,1,0,0,0,2,2,0],1,0].
[[3,3,1,1,2,0,1,2,0],1,0].
[[2,8,1,0,0,0,2,1,0],9,1].
[[3,7,1,0,0,0,2,1,0],4,1].
[[2,6,1,1,2,0,2,1,1],1,1].
[[2,8,0,1,2,2,1,1,0],12,10].
[[3,7,0,1,2,2,1,1,0],1,1].
[[2,7,2,1,1,0,2,2,1],1,2].
[[3,6,1,0,0,0,2,3,1],10,1].
[[3,6,0,1,2,0,0,0,0],2,0].
[[2,7,2,1,2,0,1,2,1],6,3].
[[2,9,1,1,2,2,1,1,1],4,1].
[[3,5,0,1,2,0,1,1,0],2,1].
[[2,8,0,1,1,2,1,1,0],6,1].
[[3,3,1,1,1,2,0,0,0],7,1].
[[1,6,1,1,2,2,0,0,0],33,1].
[[2,6,1,1,2,2,2,3,0],1,0].
[[2,6,0,1,2,2,2,2,0],2,0].
[[3,6,0,1,2,2,2,2,0],3,7].
[[3,7,0,1,2,2,2,1,0],4,2].
[[3,7,1,1,2,0,1,1,1],8,3].
[[3,9,2,1,2,0,2,3,0],3,26].
[[3,7,1,1,1,0,2,1,1],4,3].
[[2,7,0,1,1,2,2,1,1],0,2].
[[3,7,0,1,1,2,1,2,1],3,3].
[[3,9,2,1,1,0,2,2,0],0,10].
[[1,7,1,0,0,0,2,2,1],8,0].
[[3,7,0,0,0,0,1,2,1],0,2].
[[3,7,0,1,2,0,2,1,1],1,1].
[[3,6,0,1,2,0,2,3,1],0,1].
[[1,8,0,0,0,0,2,1,0],10,7].
[[2,6,0,0,0,0,2,1,0],1,0].
[[3,6,0,1,2,2,1,1,0],2,1].
[[3,7,0,1,2,0,2,2,1],1,3].
[[1,4,2,1,2,0,2,1,0],8,0].
[[2,7,0,0,0,0,2,1,1],1,0].
[[3,7,0,1,2,2,2,1,1],5,4].
[[3,5,0,1,1,2,1,2,1],7,1].
[[2,7,2,1,2,0,2,3,1],8,3].
[[3,3,2,1,1,0,2,3,1],1,0].
[[3,3,1,1,1,2,2,3,1],3,1].
[[3,6,0,1,1,2,1,2,0],1,2].
[[2,7,1,0,0,0,2,1,1],14,4].
[[3,8,0,1,1,0,2,3,1],2,15].
[[3,4,0,1,2,0,0,0,0],0,2].
[[2,7,0,0,0,0,0,0,0],7,8].
[[3,7,0,1,2,0,2,3,1],1,3].
[[3,7,2,0,0,0,0,0,0],11,0].
[[2,9,1,1,2,2,2,3,0],1,1].
[[3,9,1,1,1,2,2,3,0],1,2].
[[2,9,1,1,2,2,1,2,1],3,1].
[[3,8,1,1,1,0,2,2,0],1,1].
[[1,3,2,0,0,0,0,0,0],8,0].
[[2,3,2,1,2,2,2,3,1],3,0].
[[3,3,2,1,2,2,2,3,1],7,0].
[[3,8,1,1,1,2,2,3,0],13,6].
[[2,6,1,0,0,0,2,3,0],7,0].
[[3,6,1,0,0,0,1,2,0],2,0].
[[1,8,1,1,1,2,1,2,0],1,0].
[[2,7,1,1,1,2,1,2,0],1,0].
[[3,7,1,1,1,2,1,2,0],10,0].
[[1,7,2,0,0,0,2,2,1],12,1].
[[2,7,2,0,0,0,1,1,1],7,0].
[[3,7,2,1,2,2,1,1,1],14,2].
[[2,8,1,1,1,0,1,1,1],1,1].
[[1,6,0,0,0,0,0,0,0],6,0].
[[3,3,1,0,0,0,0,0,0],6,1].
[[1,7,2,1,2,0,1,2,1],1,0].
[[3,9,1,1,1,2,2,2,0],0,3].
[[3,8,1,1,1,0,1,2,0],4,3].
[[2,7,2,0,0,0,2,1,0],5,0].
[[3,7,2,0,0,0,1,1,0],1,0].
[[3,7,0,1,1,2,2,2,1],9,6].
[[3,6,0,1,1,2,2,2,1],6,0].
[[3,7,2,1,1,0,2,1,1],2,0].
[[3,6,0,1,1,2,2,1,1],1,2].
[[1,9,2,1,2,0,1,1,1],1,2].
[[2,5,0,1,1,0,1,1,1],0,1].
[[3,5,0,1,1,0,1,1,1],4,4].
[[1,4,2,1,2,0,2,1,1],9,0].
[[3,8,1,1,1,0,2,1,0],0,2].
[[2,5,0,0,0,0,1,2,1],3,1].
[[3,5,0,1,2,0,1,2,1],0,1].
[[3,7,1,0,0,0,0,0,0],14,6].
[[1,7,2,1,2,2,2,2,1],3,0].
[[1,7,2,1,2,2,2,2,0],1,0].
[[2,7,2,1,2,2,2,2,0],1,0].
[[2,5,0,0,0,0,1,2,0],4,0].
[[2,7,0,0,0,0,2,1,0],2,0].
[[3,7,0,0,0,0,1,2,0],1,1].
[[3,6,1,1,1,2,2,2,1],10,0].
[[3,9,2,1,1,0,2,3,1],1,5].
[[3,3,2,0,0,0,0,0,0],11,0].
[[2,6,1,1,2,0,2,3,1],4,0].
[[3,6,1,1,1,0,1,2,1],1,0].
[[3,3,1,1,2,2,1,1,1],3,1].
[[3,7,2,1,2,0,2,1,0],4,0].
[[2,8,1,1,1,0,2,1,1],1,3].
[[3,3,1,1,2,0,2,1,1],4,0].
[[2,8,1,1,1,2,1,1,0],3,0].
[[3,7,1,1,1,2,1,1,0],2,0].
[[3,7,0,0,0,0,2,2,1],2,1].
[[3,9,1,1,2,0,1,2,0],1,1].
[[3,7,0,1,1,2,1,1,0],5,2].
[[2,8,1,1,1,0,1,2,1],0,3].
[[1,7,2,1,2,2,2,3,1],8,0].
[[2,7,2,1,2,0,2,1,1],8,2].
[[1,4,2,1,2,0,1,2,0],8,0].
[[2,6,1,1,2,2,2,2,0],5,0].
[[3,3,2,1,2,2,2,2,0],3,0].
[[2,6,1,0,0,0,2,1,0],2,0].
[[1,7,2,1,2,0,0,0,0],4,2].
[[2,7,1,1,2,0,1,1,1],0,1].
[[1,8,1,0,0,0,1,2,0],6,3].
[[3,7,1,0,0,0,1,2,0],5,1].
[[2,9,2,1,1,0,2,1,0],1,2].
[[3,5,0,1,1,0,1,1,0],3,1].
[[2,9,2,1,1,0,1,2,0],1,5].
[[2,6,1,1,2,0,2,3,0],3,0].
[[3,9,1,1,2,2,2,3,0],0,2].
[[2,6,0,1,1,2,2,3,1],1,1].
[[3,3,1,1,2,2,2,2,0],2,0].
[[3,6,0,1,2,2,1,2,0],1,3].
[[2,5,0,1,1,2,1,2,0],5,0].
[[3,8,1,1,2,0,1,1,0],3,5].
[[2,7,0,1,2,2,2,2,0],0,1].
[[3,6,1,1,1,2,2,3,0],3,0].
[[3,6,1,0,0,0,1,1,1],3,1].
[[2,6,0,0,0,0,2,3,0],1,0].
[[3,3,1,0,0,0,2,3,1],5,0].
[[2,7,2,1,1,2,2,2,1],4,0].
[[3,7,2,1,1,2,1,1,1],3,1].
[[2,3,2,0,0,0,2,2,0],3,0].
[[3,6,0,1,2,2,2,1,0],0,3].
[[2,7,1,1,2,0,2,1,1],5,1].
[[2,6,1,1,1,2,0,0,0],10,0].
[[3,3,2,1,2,0,2,3,1],6,0].
[[3,3,1,1,2,2,1,2,1],4,1].
[[2,7,1,0,0,0,1,2,0],2,0].
[[1,7,1,1,2,2,1,2,1],1,1].
[[2,3,1,1,2,2,1,2,1],1,0].
[[2,7,0,1,2,2,2,1,1],1,1].
[[3,7,1,1,2,0,1,2,0],5,0].
[[3,7,1,0,0,0,2,3,0],6,1].
[[3,6,1,1,2,0,1,2,0],3,0].
[[2,7,2,1,2,0,1,1,1],3,0].
[[1,7,1,0,0,0,2,1,1],4,2].
[[3,6,0,1,1,2,1,2,1],2,4].
[[2,2,0,1,2,2,0,0,0],1,1].
[[3,2,0,1,1,2,0,0,0],1,1].
[[1,8,0,1,2,2,1,2,1],3,2].
[[3,6,1,1,1,0,2,3,1],4,0].
[[2,5,0,1,2,0,1,1,0],1,1].
[[3,3,2,1,2,0,0,0,0],4,0].
[[2,7,2,1,2,0,2,2,1],9,3].
[[1,8,0,1,2,2,1,1,0],3,0].
[[2,9,1,0,0,0,1,2,1],1,2].
[[3,9,1,0,0,0,1,2,1],1,1].
[[3,6,1,0,0,0,2,3,0],2,1].
[[3,6,0,1,2,2,2,3,0],10,5].
[[3,6,1,1,1,2,1,2,1],7,0].
[[3,7,2,1,1,2,2,2,1],11,3].
[[3,7,2,1,1,0,1,2,1],4,3].
[[3,7,0,0,0,0,2,2,0],1,1].
[[2,9,2,1,1,0,2,3,1],3,4].
[[3,4,0,1,2,0,1,2,1],0,1].
[[2,7,1,0,0,0,1,1,1],4,0].
[[3,9,1,1,2,0,2,3,0],0,2].
[[1,8,1,0,0,0,1,1,0],5,2].
[[2,6,1,1,2,0,2,2,1],4,2].
[[3,8,1,1,1,2,2,1,0],3,4].
[[3,9,2,1,1,0,2,2,1],0,5].
[[2,9,1,0,0,0,1,1,1],3,0].
[[2,6,0,1,2,2,2,3,0],2,1].
[[3,3,1,1,2,0,2,3,1],3,0].
[[3,6,0,1,2,0,2,2,1],1,0].
[[3,8,1,0,0,0,2,2,0],4,1].
[[3,6,1,1,2,0,1,1,1],2,1].
[[2,6,1,1,1,2,2,2,1],3,0].
[[3,7,2,1,2,2,2,1,0],4,0].
[[2,7,2,1,1,0,0,0,0],0,2].
[[3,4,0,1,2,0,2,3,1],0,2].
[[2,2,1,0,0,0,2,3,1],1,0].
[[3,2,1,1,2,2,2,3,1],2,0].
[[3,8,1,0,0,0,2,1,0],3,0].
[[2,8,0,1,2,0,1,1,1],3,0].
[[1,9,2,1,2,0,1,1,0],3,3].
[[2,8,1,1,1,0,1,1,0],0,2].
[[3,7,1,1,1,0,1,1,0],0,1].
[[2,7,0,0,0,0,2,2,0],1,0].
[[3,9,1,1,2,2,2,2,0],0,2].
[[2,9,1,1,1,0,1,2,1],0,1].
[[3,9,1,1,1,0,1,2,1],0,1].
[[1,7,2,0,0,0,2,2,0],2,0].
[[3,3,2,1,2,0,2,2,0],1,0].
[[2,5,0,1,2,0,1,1,1],3,0].
[[1,7,1,1,2,2,2,3,0],1,0].
[[3,8,1,1,1,0,1,1,0],2,4].
[[1,7,2,0,0,0,1,1,1],3,0].
[[3,7,2,0,0,0,1,1,1],7,2].
[[2,7,1,1,2,0,1,2,1],3,0].
[[2,7,0,0,0,0,2,3,0],1,2].
[[3,7,0,1,2,0,0,0,0],2,2].
[[3,7,2,0,0,0,2,1,0],1,0].
[[2,6,1,1,2,2,2,1,0],1,0].
[[3,7,1,1,2,0,2,3,0],7,0].
[[2,9,1,1,1,2,2,3,0],1,2].
[[3,3,1,1,2,0,2,2,1],4,0].
[[3,7,2,0,0,0,2,1,1],11,0].
[[2,8,0,1,2,0,1,1,0],0,1].
[[3,8,0,1,1,0,1,1,0],0,4].
[[2,7,0,1,1,2,2,2,0],0,2].
[[2,6,1,1,2,0,2,1,0],2,0].
[[3,6,0,0,0,0,2,3,1],2,0].
[[2,7,2,1,2,2,1,1,1],2,3].
[[3,3,2,1,2,2,1,1,1],1,0].
[[1,7,2,1,2,2,2,1,1],3,0].
[[2,3,2,1,2,2,2,1,1],1,0].
[[3,3,2,1,2,2,1,2,1],3,0].
[[2,8,0,1,2,0,2,1,0],3,5].
[[3,6,0,1,2,0,2,2,0],2,0].
[[3,7,2,1,2,2,1,2,0],3,0].
[[2,7,1,1,1,2,2,3,0],2,0].
[[2,6,1,1,2,0,2,2,0],1,0].
[[3,9,2,0,0,0,2,1,0],0,4].
[[1,8,1,1,2,0,2,2,0],1,2].
[[2,7,1,1,2,0,2,2,0],0,1].
[[2,6,1,0,0,0,1,1,0],1,0].
[[3,3,1,0,0,0,1,1,0],1,0].
[[3,7,2,1,2,0,2,2,0],3,0].
[[2,6,0,0,0,0,2,2,0],1,0].
[[3,3,1,0,0,0,2,2,0],2,0].
[[3,6,1,1,1,2,2,1,1],6,0].
[[1,7,1,1,2,2,2,1,1],2,1].
[[2,7,1,1,1,2,1,2,1],3,0].
[[3,6,1,1,2,2,2,2,0],4,0].
[[2,3,2,0,0,0,2,3,1],1,0].
[[3,5,0,0,0,0,1,2,1],5,0].
[[3,7,0,1,2,2,1,2,1],1,3].
[[3,9,1,1,1,2,1,1,1],3,3].
[[3,6,1,0,0,0,2,2,0],4,0].
[[3,9,2,1,2,2,0,0,0],0,3].
[[1,6,1,1,2,2,2,1,1],2,0].
[[2,6,1,1,1,2,2,1,1],2,0].
[[3,3,1,1,1,2,2,1,1],2,0].
[[2,7,0,1,2,2,2,1,0],1,0].
[[2,9,2,1,1,0,2,2,0],1,2].
[[2,6,1,1,2,0,1,2,1],2,0].
[[1,8,1,1,2,0,2,1,0],2,1].
[[2,7,1,1,2,0,2,1,0],1,0].
[[3,6,0,0,0,0,2,3,0],0,3].
[[1,8,1,1,2,0,1,2,0],0,2].
[[1,7,2,1,2,2,1,1,1],0,2].
[[2,9,1,1,1,2,1,2,0],0,1].
[[3,7,2,1,1,2,2,2,0],1,0].
[[2,9,1,1,2,0,1,2,0],1,0].
[[1,7,1,0,0,0,2,3,0],3,0].
[[1,8,1,1,1,2,2,3,0],1,1].
[[2,9,2,1,1,0,1,1,0],0,3].
[[3,6,0,1,1,2,1,1,1],0,2].
[[2,6,0,1,2,2,2,1,0],1,0].
[[2,9,1,0,0,0,2,2,0],0,1].
[[3,9,1,0,0,0,2,2,0],0,1].
[[3,6,0,1,2,0,1,2,0],1,0].
[[3,2,1,0,0,0,0,0,0],2,0].
[[2,9,1,1,1,2,1,1,1],2,0].
[[1,7,1,1,2,2,2,1,0],2,0].
[[2,7,1,1,2,2,1,1,0],1,0].
[[3,7,2,1,2,2,1,1,0],1,0].
[[1,8,1,1,2,0,1,1,1],2,1].
[[2,8,1,1,2,0,1,1,0],2,2].
[[3,7,2,1,1,0,1,1,1],1,2].
[[2,5,0,1,1,2,1,1,1],2,2].
[[2,6,1,1,1,2,2,3,0],1,0].
[[1,7,1,1,2,2,1,1,1],1,2].
[[2,7,1,1,1,2,1,1,1],4,3].
[[1,2,1,0,0,0,0,0,0],1,0].
[[2,2,1,0,0,0,0,0,0],1,0].
[[3,4,0,1,2,0,1,2,0],0,1].
[[2,7,1,1,2,2,2,1,0],4,0].
[[3,3,2,0,0,0,2,2,1],1,0].
[[3,6,0,0,0,0,2,2,1],2,1].
[[2,7,1,1,2,2,1,2,0],2,0].
[[2,6,1,0,0,0,2,2,0],1,0].
[[3,9,1,1,1,2,1,1,0],1,0].
[[3,6,1,1,2,2,2,1,0],2,0].
[[3,3,1,1,2,2,2,1,0],2,0].
[[2,3,1,1,2,2,2,2,1],1,0].
[[3,3,1,1,1,2,2,3,0],1,0].
[[2,7,1,1,1,2,2,1,0],0,1].
[[2,7,2,0,0,0,2,3,0],1,0].
[[3,7,1,1,2,0,2,1,0],1,1].
[[3,7,0,0,0,0,1,1,0],0,1].
[[3,6,1,1,1,2,2,2,0],1,0].
[[3,8,1,0,0,0,0,0,0],0,1].
[[3,9,1,1,1,0,2,3,0],0,1].
[[2,7,1,0,0,0,1,1,0],1,0].
[[3,7,1,1,2,0,1,1,0],4,0].
[[2,6,1,1,2,2,1,1,1],2,0].
[[1,6,0,1,2,2,2,2,0],1,0].
[[2,6,0,1,1,2,2,2,0],2,0].
[[3,6,0,1,1,2,2,2,0],1,3].
[[2,7,0,1,2,2,2,3,1],1,0].
[[1,7,1,0,0,0,1,2,1],1,1].
[[3,3,2,1,1,2,2,2,1],1,0].
[[1,3,2,0,0,0,2,3,1],1,0].
[[3,3,2,1,1,2,2,3,1],1,0].
[[3,3,2,1,2,0,1,2,1],1,0].
[[2,7,0,1,2,2,2,3,0],2,0].
[[2,9,2,1,1,0,1,1,1],0,2].
[[2,9,1,0,0,0,1,2,0],0,1].
[[1,7,2,0,0,0,2,1,0],1,0].
[[2,9,1,0,0,0,2,3,0],0,1].
[[3,9,1,0,0,0,2,3,0],0,1].
[[2,2,1,1,2,2,0,0,0],1,0].
[[3,2,1,1,2,2,0,0,0],1,0].
[[2,9,1,1,2,2,1,2,0],0,1].
[[1,6,0,0,0,0,2,2,1],1,0].
[[2,6,0,0,0,0,2,2,1],1,0].
[[3,7,2,1,2,2,2,2,0],2,0].
[[3,7,0,0,0,0,1,1,1],0,1].
[[3,8,0,1,1,0,0,0,0],0,1].
[[2,9,1,1,2,2,2,2,0],1,0].
[[2,3,1,0,0,0,2,2,1],1,0].
[[3,3,1,1,1,2,1,1,1],1,0].
[[2,7,2,1,2,0,2,1,0],1,0].
[[3,7,2,1,1,0,1,1,0],1,0].
[[2,9,1,1,2,0,1,1,1],1,0].
[[3,2,1,1,2,0,2,2,1],1,0].
[[3,6,0,0,0,0,1,2,0],0,1].
[[3,3,2,1,2,2,2,1,1],2,0].
[[3,6,1,1,1,0,1,1,1],1,0].
[[2,2,1,0,0,0,2,2,1],1,0].
[[3,2,1,0,0,0,1,1,1],2,0].
[[2,7,1,0,0,0,2,1,0],3,0].
[[3,6,1,1,1,2,2,1,0],1,0].
[[3,7,0,1,2,0,1,1,1],1,0].
[[3,6,1,1,2,0,2,3,0],2,0].
[[3,7,2,1,2,2,2,3,0],1,0].
[[3,7,0,1,2,0,1,2,1],1,0].
[[1,7,2,1,2,0,2,3,1],2,0].
[[2,3,1,0,0,0,2,3,1],1,0].
[[2,6,1,1,1,2,1,2,1],1,0].
[[3,3,1,1,1,2,1,2,1],1,0].
[[2,3,2,0,0,0,1,1,1],1,0].
[[3,7,2,0,0,0,2,3,0],1,0].
[[2,7,2,1,2,2,1,1,0],1,0].
[[3,7,2,1,1,2,1,1,0],1,0].
[[1,6,0,1,2,2,2,3,1],1,0].
[[3,6,0,1,2,2,1,1,1],1,0].
[[1,6,0,1,2,2,2,1,0],1,0].
[[2,6,0,1,1,2,2,1,0],1,0].
[[3,6,0,1,2,0,2,1,1],1,0].
[[2,5,0,1,1,0,1,2,1],0,1].
[[3,5,0,1,1,0,1,2,1],0,2].
[[3,3,1,0,0,0,2,2,1],2,0].
[[3,3,2,1,1,2,0,0,0],1,0].
[[3,2,1,1,2,2,2,1,1],1,0].
[[2,3,2,1,2,0,2,2,1],1,0].
[[2,7,0,1,1,2,2,3,0],1,0].
[[2,6,0,1,2,2,2,2,1],1,1].
[[1,7,1,0,0,0,1,1,1],1,0].
[[2,6,1,1,2,2,1,2,1],2,0].
[[3,7,1,1,1,0,2,1,0],0,1].
[[2,3,1,0,0,0,2,1,1],1,0].
[[2,6,0,1,2,2,1,2,0],1,1].
[[2,6,0,0,0,0,2,1,1],1,0].
[[3,6,0,0,0,0,2,1,1],1,0].
[[2,6,0,1,1,2,2,2,1],1,0].
[[3,7,2,0,0,0,1,2,0],2,0].
[[2,7,0,1,1,2,2,1,0],1,0].
[[3,3,1,1,2,0,2,1,0],1,0].
[[3,7,0,1,1,2,1,1,1],0,1].
[[2,6,0,1,1,2,2,1,1],0,1].
[[3,3,1,0,0,0,1,1,1],1,0].
[[2,5,0,1,1,2,1,1,0],1,0].
[[1,7,2,1,2,2,1,2,1],1,0].
[[3,4,0,1,2,0,1,1,1],0,1].
[[3,2,0,1,2,2,1,2,0],1,0].
[[2,7,2,1,1,2,2,1,1],1,0].
[[3,7,0,1,2,0,1,2,0],0,1].
[[2,7,1,1,2,0,1,2,0],0,1].
[[2,8,1,1,1,0,2,3,0],0,1].
[[2,7,2,0,0,0,2,2,0],1,0].
[[3,8,0,1,1,0,2,1,0],0,1].
[[2,9,1,1,1,0,1,2,0],0,1].
[[3,9,1,1,1,0,1,2,0],0,1].
