total_WL(5834,6045).
[[1,9,2,1,1,2,2,1,1],45,24].
[[2,4,2,1,2,0,2,1,1],34,1].
[[3,4,2,1,2,0,2,1,1],52,3].
[[1,8,0,1,2,2,0,0,0],148,256].
[[2,8,0,1,2,2,0,0,0],21,131].
[[3,7,1,1,2,2,2,3,1],113,65].
[[1,8,0,1,2,2,2,3,1],58,67].
[[2,7,0,1,2,2,2,3,1],6,2].
[[3,7,0,1,2,2,1,2,1],9,12].
[[1,9,2,1,1,2,2,3,0],58,47].
[[2,8,1,1,1,2,1,2,1],56,16].
[[3,8,1,1,1,2,1,2,1],130,77].
[[1,9,2,1,2,2,2,1,0],55,78].
[[2,9,2,1,2,2,2,2,0],35,69].
[[3,8,0,1,2,2,2,2,0],22,64].
[[1,8,1,0,0,0,2,3,1],252,116].
[[2,8,1,1,2,2,2,2,1],225,95].
[[3,7,1,1,2,2,2,2,1],133,54].
[[1,8,1,0,0,0,2,2,1],224,107].
[[2,8,1,0,0,0,1,2,1],103,49].
[[3,8,1,0,0,0,1,2,1],83,46].
[[1,7,1,0,0,0,2,1,1],1,2].
[[2,7,1,1,2,0,2,1,1],3,3].
[[3,7,1,1,1,0,1,1,1],0,2].
[[1,8,1,1,2,2,1,2,1],46,29].
[[2,7,2,1,2,2,1,2,1],14,3].
[[3,7,2,1,2,2,1,2,1],68,7].
[[1,9,2,0,0,0,1,1,1],25,36].
[[2,9,1,1,2,0,1,1,1],3,8].
[[3,8,0,1,2,0,1,1,1],2,20].
[[1,9,2,0,0,0,2,3,1],109,311].
[[2,9,1,1,2,2,2,3,1],2,8].
[[3,9,1,1,2,2,2,3,1],0,10].
[[1,9,2,1,1,2,2,2,1],86,73].
[[2,9,2,1,1,2,2,2,1],45,59].
[[3,8,1,1,1,2,2,2,1],62,38].
[[1,8,0,0,0,0,0,0,0],96,206].
[[2,8,0,1,2,0,2,1,0],2,7].
[[3,8,0,1,2,2,2,1,0],9,65].
[[1,9,2,1,1,2,2,3,1],88,73].
[[3,8,0,1,1,2,2,2,1],29,66].
[[2,8,0,1,2,2,2,3,1],67,140].
[[3,8,0,1,2,2,2,3,1],17,111].
[[1,9,2,1,2,2,2,3,0],152,214].
[[2,5,0,1,2,2,1,2,0],21,0].
[[3,5,0,1,2,2,1,2,0],54,3].
[[1,8,0,1,1,2,2,1,1],9,5].
[[2,8,0,1,1,2,1,1,1],4,10].
[[3,8,0,1,1,2,1,1,1],13,59].
[[2,9,2,1,2,2,1,2,0],38,48].
[[3,8,1,1,2,2,1,1,1],99,80].
[[1,9,2,1,2,2,2,2,0],82,98].
[[3,9,1,1,1,2,1,2,0],19,34].
[[1,4,2,1,2,0,2,3,1],19,0].
[[2,4,2,1,2,0,2,2,1],60,5].
[[3,4,2,1,2,0,2,2,1],99,6].
[[1,9,2,0,0,0,2,3,0],123,200].
[[2,9,1,1,2,2,2,3,0],15,48].
[[3,9,1,1,2,2,2,3,0],7,49].
[[1,9,2,1,2,2,0,0,0],93,287].
[[2,9,2,1,1,2,2,3,0],48,65].
[[3,9,2,1,1,2,2,3,0],5,28].
[[1,4,2,1,2,0,2,1,1],12,1].
[[3,4,2,1,2,0,1,2,1],197,9].
[[1,7,2,0,0,0,0,0,0],95,13].
[[2,7,2,0,0,0,2,3,1],39,4].
[[3,7,2,0,0,0,2,3,1],20,0].
[[2,8,0,0,0,0,0,0,0],9,70].
[[3,8,0,1,2,0,2,1,0],4,9].
[[2,9,1,1,2,2,2,1,0],7,12].
[[2,8,1,1,2,2,1,2,1],182,83].
[[3,8,1,1,2,2,1,2,1],247,146].
[[3,8,0,0,0,0,0,0,0],0,13].
[[2,7,2,1,2,0,2,1,1],9,4].
[[3,7,1,1,2,0,2,1,1],21,16].
[[1,8,1,0,0,0,2,1,1],110,56].
[[2,8,1,0,0,0,2,1,1],71,36].
[[3,8,1,0,0,0,2,1,1],10,11].
[[1,8,0,1,1,2,2,3,0],11,6].
[[2,7,1,1,1,2,2,3,1],19,3].
[[3,7,1,1,1,2,1,2,1],48,14].
[[1,9,2,1,1,2,0,0,0],44,59].
[[2,8,0,1,1,2,0,0,0],26,47].
[[3,8,0,1,1,2,0,0,0],0,30].
[[1,4,2,1,2,0,2,3,0],11,1].
[[2,4,2,1,2,0,2,3,0],35,4].
[[3,4,2,1,2,0,2,3,0],78,6].
[[1,9,2,0,0,0,2,1,1],72,149].
[[2,9,2,0,0,0,1,1,1],12,31].
[[3,9,2,0,0,0,1,1,1],3,10].
[[1,9,2,0,0,0,2,2,1],144,305].
[[3,9,1,1,2,0,1,1,1],4,26].
[[1,9,2,1,2,2,2,2,1],180,313].
[[2,9,2,1,2,2,2,2,1],43,154].
[[3,9,1,1,2,2,1,1,1],14,63].
[[1,8,1,1,2,2,2,3,1],224,68].
[[3,7,2,1,2,2,2,2,1],55,6].
[[1,9,2,0,0,0,0,0,0],68,281].
[[2,9,2,0,0,0,2,3,0],37,85].
[[1,8,1,1,2,2,1,1,1],23,24].
[[2,6,1,1,2,2,1,1,1],3,1].
[[3,6,1,1,2,2,1,1,1],8,3].
[[3,8,1,1,2,0,1,2,1],107,57].
[[1,9,2,1,2,2,2,3,1],157,329].
[[2,8,0,1,1,2,2,3,1],46,59].
[[3,8,0,1,2,0,2,3,0],5,36].
[[2,9,2,1,2,2,0,0,0],1,75].
[[3,9,2,1,2,2,0,0,0],0,4].
[[2,8,0,0,0,0,2,3,1],25,70].
[[3,8,0,1,2,0,2,3,1],6,20].
[[1,8,1,1,2,2,0,0,0],244,114].
[[2,6,1,1,2,2,0,0,0],34,2].
[[3,6,1,1,2,2,2,3,1],36,3].
[[2,8,1,1,1,2,0,0,0],8,1].
[[3,4,2,1,2,0,2,3,1],75,3].
[[2,9,2,1,2,2,2,3,0],54,149].
[[3,9,2,1,2,2,2,3,0],6,57].
[[2,4,2,1,2,0,1,2,1],55,3].
[[3,5,0,1,2,0,1,1,1],22,2].
[[1,8,1,0,0,0,0,0,0],284,168].
[[2,8,1,1,2,0,2,2,1],73,50].
[[3,8,1,1,1,0,2,3,1],8,15].
[[2,8,0,1,2,2,2,2,1],58,163].
[[3,8,0,1,2,2,2,2,1],32,110].
[[2,8,1,1,2,2,2,3,1],225,120].
[[3,8,1,1,2,2,2,3,1],87,46].
[[2,9,2,0,0,0,2,3,1],13,61].
[[3,9,1,1,2,2,1,2,0],20,56].
[[2,9,2,1,2,2,2,3,1],30,141].
[[3,9,1,1,2,2,1,2,1],33,130].
[[2,9,2,1,2,0,2,1,0],5,8].
[[2,9,2,1,2,2,1,2,1],75,183].
[[3,8,0,1,2,2,1,2,1],65,193].
[[3,8,1,0,0,0,1,1,1],35,28].
[[1,8,0,1,1,2,0,0,0],71,40].
[[2,8,0,1,1,2,2,1,1],30,13].
[[3,7,0,1,1,2,2,1,1],2,2].
[[2,7,2,0,0,0,0,0,0],31,7].
[[3,7,2,1,2,0,2,3,1],31,4].
[[2,9,2,1,1,2,2,3,1],36,54].
[[3,8,1,1,1,2,2,3,1],43,30].
[[1,8,0,1,1,2,2,1,0],4,4].
[[2,7,0,1,1,2,2,1,0],1,2].
[[1,8,1,0,0,0,1,2,1],88,28].
[[3,8,1,1,2,2,2,2,1],129,85].
[[1,9,2,0,0,0,2,2,0],59,124].
[[2,9,2,0,0,0,2,2,0],8,49].
[[3,9,2,1,2,2,2,2,0],3,23].
[[1,9,2,0,0,0,1,2,1],80,117].
[[2,9,1,1,2,2,1,2,1],25,73].
[[3,8,0,1,2,2,0,0,0],0,55].
[[2,7,1,1,2,2,1,2,1],23,10].
[[3,7,1,1,2,2,1,2,1],108,41].
[[2,8,0,1,1,2,2,1,0],27,14].
[[3,4,2,1,2,0,1,1,0],29,1].
[[1,8,1,0,0,0,1,1,1],16,22].
[[2,8,1,1,2,0,1,1,1],14,17].
[[3,7,1,1,2,2,1,1,1],39,34].
[[1,9,2,1,2,0,0,0,0],6,46].
[[2,9,2,1,2,0,2,3,0],12,52].
[[1,8,1,1,1,2,0,0,0],45,10].
[[2,8,1,1,1,2,2,3,1],77,22].
[[1,9,2,1,2,2,2,1,1],82,145].
[[2,8,0,1,2,2,2,1,1],24,69].
[[3,8,0,1,2,2,2,1,1],16,48].
[[2,7,1,1,1,2,1,1,1],3,2].
[[3,7,1,1,1,2,1,1,1],24,7].
[[1,8,1,1,2,2,2,2,0],14,5].
[[3,7,1,1,1,2,2,3,1],57,26].
[[3,8,0,1,1,2,2,3,1],13,68].
[[1,8,1,1,2,0,2,1,1],2,8].
[[2,8,1,1,2,0,2,1,1],23,28].
[[3,8,1,1,1,0,2,1,1],5,14].
[[1,9,2,0,0,0,2,1,0],41,79].
[[2,9,2,0,0,0,2,1,0],11,35].
[[3,8,1,1,2,0,2,1,1],22,11].
[[3,9,1,1,1,2,1,2,1],14,101].
[[1,8,1,1,1,2,2,3,1],30,8].
[[2,7,2,1,1,2,2,3,1],4,0].
[[2,9,2,1,2,2,2,1,1],10,83].
[[1,8,0,1,2,2,2,1,1],19,33].
[[2,6,0,1,2,2,2,1,1],0,2].
[[3,6,0,1,1,2,2,1,1],1,4].
[[2,8,1,1,2,2,2,1,1],90,64].
[[3,8,1,1,2,2,2,1,1],42,33].
[[2,8,0,0,0,0,1,2,1],16,33].
[[3,7,1,1,2,0,1,2,1],32,8].
[[2,8,1,0,0,0,2,2,1],164,83].
[[3,7,2,1,2,0,2,2,1],42,5].
[[1,6,1,0,0,0,0,0,0],85,6].
[[2,6,1,1,2,2,2,3,1],24,1].
[[3,6,1,1,1,2,2,1,1],6,0].
[[2,7,1,1,1,2,1,2,1],4,1].
[[2,9,1,1,2,2,2,2,1],13,32].
[[1,8,0,0,0,0,2,3,0],29,32].
[[2,8,0,0,0,0,2,3,0],22,43].
[[3,6,0,0,0,0,2,3,0],1,2].
[[3,8,0,1,2,0,2,2,0],5,29].
[[2,7,1,0,0,0,0,0,0],56,33].
[[3,7,1,0,0,0,2,3,1],38,18].
[[1,8,1,1,2,0,2,3,1],21,16].
[[3,8,1,1,1,2,2,3,0],7,11].
[[1,9,2,1,2,0,1,2,1],8,12].
[[2,8,1,1,2,0,2,3,1],52,48].
[[3,7,1,0,0,0,2,2,1],33,18].
[[2,8,1,1,1,2,2,1,1],47,12].
[[3,8,1,1,1,2,2,1,1],32,18].
[[1,7,2,1,2,0,0,0,0],11,1].
[[2,7,2,1,2,2,2,1,1],24,3].
[[3,3,2,1,2,2,2,1,1],6,0].
[[1,9,2,1,2,2,1,2,0],47,39].
[[2,8,1,1,2,2,1,2,0],20,6].
[[2,8,0,1,1,2,2,2,1],36,56].
[[3,8,0,1,1,2,1,2,1],33,121].
[[1,8,1,1,2,2,2,1,1],66,34].
[[3,8,1,1,2,0,2,3,1],27,27].
[[2,8,1,0,0,0,2,3,1],126,77].
[[2,9,2,0,0,0,1,2,0],18,34].
[[3,8,0,1,2,0,1,2,0],8,16].
[[3,9,2,1,2,2,1,2,0],11,31].
[[3,8,1,1,2,0,1,1,1],33,21].
[[2,9,2,1,2,2,1,1,1],46,53].
[[3,5,0,1,2,2,1,1,1],67,3].
[[2,9,1,1,1,2,2,2,0],4,8].
[[3,8,0,1,1,2,2,2,0],13,39].
[[2,9,2,1,1,2,1,2,1],54,64].
[[1,8,1,1,2,2,2,2,1],167,64].
[[2,7,1,1,2,2,2,2,1],63,17].
[[3,9,2,1,2,2,1,2,1],21,124].
[[3,5,0,1,2,0,1,1,0],9,0].
[[2,7,2,0,0,0,2,1,1],20,4].
[[3,7,2,0,0,0,2,1,1],7,3].
[[1,8,1,1,2,0,2,2,1],26,16].
[[1,9,2,1,2,0,2,3,1],16,36].
[[2,8,0,1,2,0,2,3,1],6,24].
[[3,8,0,1,1,0,1,2,1],1,11].
[[3,7,0,1,2,0,2,3,1],0,7].
[[3,4,2,1,2,0,1,1,1],92,1].
[[3,9,1,1,1,2,2,3,0],5,43].
[[2,9,2,1,1,2,0,0,0],6,25].
[[2,7,1,1,1,2,0,0,0],38,5].
[[2,8,1,0,0,0,1,1,1],42,31].
[[3,7,2,0,0,0,1,1,1],8,1].
[[2,4,2,1,2,0,2,3,1],49,3].
[[3,7,1,1,2,0,2,2,1],33,21].
[[1,8,0,1,1,2,2,3,1],18,12].
[[3,9,1,0,0,0,2,2,1],3,4].
[[2,8,1,1,2,2,2,3,0],31,24].
[[3,7,1,1,2,2,2,3,0],23,10].
[[1,8,0,1,2,2,2,1,0],10,16].
[[2,8,0,1,1,2,1,2,0],9,17].
[[3,7,0,1,1,2,1,2,0],1,3].
[[1,9,2,1,1,2,2,1,0],28,21].
[[2,9,2,1,1,2,2,1,0],16,24].
[[3,9,1,1,1,2,2,1,0],2,21].
[[2,6,0,1,2,2,2,3,1],3,4].
[[3,6,0,1,2,2,1,2,1],2,1].
[[1,8,0,0,0,0,2,3,1],27,53].
[[3,8,0,1,2,0,2,2,1],11,35].
[[3,8,1,1,2,2,2,3,0],19,24].
[[1,8,0,1,2,2,2,2,1],37,67].
[[2,8,0,1,2,2,1,2,1],36,64].
[[2,9,2,0,0,0,2,1,1],16,40].
[[3,9,1,1,2,0,2,1,1],0,4].
[[1,9,2,1,2,2,1,2,1],87,117].
[[2,6,1,0,0,0,0,0,0],30,1].
[[3,6,1,0,0,0,2,2,1],17,1].
[[1,8,0,0,0,0,2,2,1],25,38].
[[2,8,0,1,2,0,2,2,1],5,19].
[[3,8,0,1,2,2,1,1,1],18,78].
[[1,8,0,0,0,0,2,1,1],16,29].
[[2,8,0,0,0,0,1,1,1],4,10].
[[3,7,1,0,0,0,1,1,1],12,8].
[[2,9,2,0,0,0,1,2,1],44,101].
[[2,9,1,0,0,0,1,2,0],10,14].
[[3,5,0,1,2,2,1,1,0],27,3].
[[3,9,2,1,1,2,1,2,0],8,9].
[[2,8,0,0,0,0,2,1,0],14,12].
[[1,8,1,0,0,0,2,3,0],45,15].
[[2,8,1,0,0,0,2,3,0],33,14].
[[3,7,1,1,2,0,2,3,0],10,5].
[[1,9,2,0,0,0,1,2,0],40,57].
[[2,9,1,1,2,2,1,2,0],13,29].
[[3,7,0,1,1,2,2,2,1],3,15].
[[1,9,2,1,2,0,2,2,0],9,15].
[[3,7,2,1,2,0,1,1,1],7,5].
[[3,9,1,0,0,0,1,2,0],8,14].
[[2,7,2,1,2,2,2,2,1],35,4].
[[1,8,0,1,2,2,2,2,0],29,28].
[[2,8,0,1,2,2,2,2,0],24,55].
[[3,8,0,1,1,2,1,2,0],23,48].
[[1,9,2,1,1,2,1,1,1],19,11].
[[2,4,2,1,2,0,1,1,1],25,1].
[[2,8,1,1,2,2,0,0,0],25,26].
[[2,8,1,1,1,2,2,3,0],12,5].
[[3,7,1,1,1,2,2,3,0],9,5].
[[3,8,1,1,2,0,2,2,1],46,28].
[[1,9,2,1,1,2,1,2,1],44,26].
[[2,8,0,1,1,2,1,2,1],22,20].
[[2,6,1,0,0,0,2,3,1],31,2].
[[3,6,1,0,0,0,1,2,1],15,2].
[[2,5,0,1,1,0,1,1,1],0,1].
[[3,5,0,1,1,0,1,1,1],3,6].
[[2,8,0,1,2,2,2,1,0],19,47].
[[1,8,0,1,1,2,2,2,1],16,7].
[[3,7,0,1,1,2,2,3,1],5,23].
[[1,7,2,0,0,0,2,3,1],25,3].
[[1,8,1,1,1,2,2,1,1],22,2].
[[3,9,2,0,0,0,1,2,1],8,29].
[[1,9,2,1,1,2,2,2,0],41,24].
[[2,9,2,1,1,2,2,2,0],17,27].
[[3,4,2,1,2,0,2,2,0],30,2].
[[3,8,1,1,1,2,1,1,0],4,4].
[[2,8,0,1,1,2,2,2,0],26,11].
[[3,7,0,1,1,2,2,2,0],3,4].
[[1,7,1,0,0,0,0,0,0],69,32].
[[2,7,1,1,2,2,0,0,0],66,52].
[[3,7,2,1,2,0,2,1,1],15,4].
[[3,6,0,1,2,2,0,0,0],0,11].
[[2,3,2,0,0,0,0,0,0],16,0].
[[3,3,2,0,0,0,0,0,0],6,0].
[[2,8,0,1,2,0,2,3,0],7,15].
[[3,8,0,1,1,0,2,3,0],2,15].
[[2,8,1,0,0,0,0,0,0],13,9].
[[3,6,1,1,2,0,0,0,0],1,1].
[[2,8,0,0,0,0,2,2,0],22,28].
[[3,6,1,1,2,2,2,3,0],4,1].
[[3,9,2,1,2,2,1,1,1],5,33].
[[2,8,0,1,2,2,2,3,0],56,104].
[[3,8,0,1,2,2,2,3,0],31,158].
[[1,4,2,1,2,0,1,2,1],9,0].
[[1,8,0,1,2,2,1,2,0],4,4].
[[2,8,0,1,2,2,1,2,0],20,18].
[[2,9,2,1,1,2,1,1,1],19,30].
[[3,6,1,0,0,0,0,0,0],2,0].
[[3,9,1,0,0,0,1,2,1],6,35].
[[2,8,0,1,2,0,2,2,0],5,12].
[[1,4,2,1,2,0,1,1,1],2,1].
[[3,8,0,0,0,0,1,2,0],8,13].
[[2,7,1,1,2,2,2,1,1],32,9].
[[3,7,1,1,2,2,2,1,1],46,31].
[[3,8,0,1,1,0,2,1,1],0,4].
[[1,8,1,1,1,2,2,2,1],32,8].
[[1,3,2,0,0,0,2,2,1],2,0].
[[2,3,2,0,0,0,1,2,1],3,0].
[[3,3,2,1,2,0,1,2,1],6,0].
[[2,8,0,1,1,2,2,3,0],35,42].
[[3,7,1,1,2,2,1,2,0],15,0].
[[2,7,1,0,0,0,1,2,1],19,7].
[[3,7,1,0,0,0,1,2,1],31,9].
[[3,8,1,1,1,0,2,2,1],9,18].
[[3,9,1,1,2,0,2,2,0],1,8].
[[2,8,1,1,1,2,2,2,1],75,26].
[[1,8,0,1,2,2,2,3,0],29,39].
[[2,8,0,1,2,2,1,1,1],15,18].
[[3,7,0,1,2,2,1,1,1],2,2].
[[1,8,1,1,2,0,0,0,0],24,41].
[[3,8,1,1,1,0,1,2,1],15,38].
[[2,9,1,1,1,2,2,3,0],12,16].
[[3,5,0,1,1,2,1,2,0],45,1].
[[3,7,1,1,1,2,0,0,0],7,8].
[[1,6,1,0,0,0,2,3,0],3,0].
[[2,2,1,0,0,0,2,3,0],1,0].
[[3,2,1,0,0,0,2,3,0],1,0].
[[2,8,0,1,2,0,0,0,0],2,17].
[[2,7,1,1,2,0,2,3,0],3,1].
[[3,9,2,0,0,0,2,2,0],2,9].
[[2,7,1,1,2,2,2,3,1],65,22].
[[3,7,2,0,0,0,2,2,1],21,3].
[[3,9,2,1,1,2,1,2,1],6,87].
[[2,9,2,1,2,0,2,3,1],8,29].
[[3,9,2,1,1,0,2,3,1],0,2].
[[3,5,0,1,1,2,1,1,0],9,3].
[[2,9,2,1,1,0,2,3,1],0,3].
[[3,8,0,1,1,0,2,3,1],0,7].
[[3,8,0,0,0,0,2,1,0],1,12].
[[2,8,1,1,1,0,2,3,1],4,11].
[[3,4,0,1,2,0,1,2,1],0,5].
[[2,7,2,1,2,0,2,2,1],13,3].
[[2,9,2,1,2,2,2,1,0],17,56].
[[2,9,2,1,2,0,1,2,1],25,37].
[[3,8,0,1,2,0,1,2,1],11,33].
[[3,8,0,1,1,2,2,3,0],28,78].
[[1,9,2,1,2,0,2,2,1],8,38].
[[2,9,2,1,2,0,2,2,1],8,44].
[[2,8,1,1,2,2,1,1,1],40,59].
[[3,8,1,1,1,2,1,1,1],38,34].
[[3,9,2,1,2,2,2,1,1],2,12].
[[2,7,2,0,0,0,2,2,1],31,5].
[[2,8,1,1,2,0,1,2,1],44,35].
[[3,8,1,1,2,0,1,1,0],0,3].
[[3,5,0,1,1,2,1,2,1],9,2].
[[1,8,1,1,2,2,2,3,0],19,7].
[[3,8,1,1,1,2,1,2,0],20,9].
[[2,4,2,1,2,0,0,0,0],13,2].
[[1,6,1,1,2,2,2,3,1],2,0].
[[2,6,1,1,1,2,2,2,1],6,0].
[[3,9,2,1,2,0,1,2,1],6,34].
[[2,9,2,1,2,2,1,1,0],12,21].
[[3,9,2,1,2,2,1,1,0],2,14].
[[3,9,2,1,2,2,2,1,0],1,29].
[[3,6,1,1,2,2,2,1,1],12,1].
[[1,7,1,0,0,0,2,3,1],15,6].
[[2,7,1,1,2,0,2,3,1],11,5].
[[1,9,2,1,1,2,1,2,0],21,10].
[[2,4,2,1,2,0,1,2,0],18,0].
[[3,4,2,1,2,0,1,2,0],58,3].
[[1,8,0,0,0,0,2,1,0],6,7].
[[3,8,0,0,0,0,2,3,0],8,36].
[[3,7,0,1,2,2,2,3,1],11,16].
[[1,8,1,0,0,0,2,1,0],13,3].
[[2,8,1,1,2,0,2,3,0],9,3].
[[3,8,1,1,1,0,2,3,0],1,2].
[[3,5,0,1,1,2,1,1,1],38,2].
[[3,6,1,0,0,0,2,1,1],7,0].
[[2,9,1,1,2,0,1,2,1],2,21].
[[2,7,1,0,0,0,2,2,1],27,12].
[[2,7,2,1,2,2,2,3,1],34,4].
[[3,7,2,1,2,2,2,3,1],50,11].
[[2,9,1,0,0,0,2,2,1],7,13].
[[3,9,1,1,2,0,1,2,1],15,36].
[[1,9,2,1,2,0,2,1,1],6,14].
[[2,9,1,1,2,0,2,1,1],1,2].
[[3,8,0,0,0,0,2,2,0],3,19].
[[1,7,2,0,0,0,1,2,1],7,2].
[[2,7,2,0,0,0,1,1,1],5,7].
[[3,7,2,1,2,2,1,1,1],16,12].
[[3,7,0,0,0,0,0,0,0],0,3].
[[1,7,1,0,0,0,2,2,1],6,3].
[[3,9,1,1,2,2,2,1,0],3,26].
[[2,9,1,1,1,2,2,1,0],4,13].
[[3,7,1,0,0,0,2,3,0],7,0].
[[3,6,1,1,2,2,0,0,0],3,0].
[[3,8,1,0,0,0,2,2,1],30,28].
[[3,7,1,1,2,2,2,2,0],11,4].
[[1,9,2,1,2,0,2,3,0],12,32].
[[2,9,2,0,0,0,2,2,1],17,81].
[[2,5,0,0,0,0,1,2,1],1,0].
[[3,5,0,0,0,0,1,2,1],3,0].
[[3,8,0,1,2,2,1,1,0],13,15].
[[3,5,0,1,2,2,1,2,1],12,2].
[[2,5,0,1,1,2,1,1,1],13,2].
[[1,7,2,1,2,2,0,0,0],21,6].
[[3,7,2,1,1,2,1,2,1],23,0].
[[2,6,1,1,2,2,2,2,1],21,1].
[[3,6,1,1,1,2,1,2,1],7,2].
[[3,7,1,1,2,0,2,3,1],30,17].
[[3,9,2,1,1,0,2,3,0],0,9].
[[2,8,0,0,0,0,2,2,1],18,55].
[[3,6,0,1,2,2,2,2,1],5,9].
[[3,3,1,1,2,2,2,3,0],4,1].
[[1,7,1,1,2,2,0,0,0],56,20].
[[1,6,1,1,2,2,0,0,0],31,4].
[[2,3,1,1,2,2,0,0,0],12,4].
[[3,3,2,1,2,2,0,0,0],7,0].
[[1,8,1,1,1,2,2,3,0],5,0].
[[2,8,0,0,0,0,2,1,1],16,36].
[[2,9,2,1,1,2,1,2,0],34,23].
[[3,6,1,1,2,0,2,3,1],17,5].
[[2,8,1,1,1,0,2,2,1],1,12].
[[3,7,2,0,0,0,1,2,1],27,2].
[[2,7,2,0,0,0,1,2,1],19,1].
[[3,3,2,0,0,0,1,2,1],2,0].
[[3,7,0,1,2,2,2,2,1],6,20].
[[2,5,0,1,2,2,1,1,0],5,0].
[[3,6,1,1,1,2,2,2,1],10,0].
[[3,7,1,1,2,2,0,0,0],20,10].
[[2,7,1,1,2,0,2,2,1],6,6].
[[2,9,2,1,1,2,2,1,1],19,20].
[[1,7,2,1,2,2,2,1,1],6,0].
[[3,8,0,1,1,2,2,1,0],8,36].
[[2,9,1,1,1,2,2,2,1],9,13].
[[3,6,1,1,2,0,2,2,1],9,5].
[[2,7,1,1,1,2,2,2,1],12,6].
[[3,7,1,1,1,2,2,2,1],54,30].
[[2,7,1,0,0,0,2,3,1],51,15].
[[2,7,1,1,2,0,0,0,0],8,13].
[[3,7,1,1,1,0,2,3,1],6,10].
[[3,9,2,1,1,2,2,1,0],2,14].
[[1,6,1,0,0,0,2,2,1],14,0].
[[2,9,2,1,2,0,2,2,0],5,27].
[[3,8,1,1,1,0,1,1,1],6,27].
[[2,6,1,1,2,0,2,1,1],3,1].
[[3,6,1,1,2,0,1,1,1],4,4].
[[2,4,2,1,2,0,2,2,0],16,2].
[[3,8,0,1,1,2,2,1,1],16,29].
[[3,9,1,1,1,2,2,2,0],1,16].
[[3,6,0,1,1,2,2,3,0],4,10].
[[3,7,0,0,0,0,2,1,0],2,0].
[[3,6,0,0,0,0,2,3,1],1,2].
[[2,8,0,1,2,0,1,2,1],2,4].
[[3,8,0,1,2,2,1,2,0],24,45].
[[2,8,0,0,0,0,1,2,0],12,13].
[[3,8,1,1,2,0,2,3,0],4,8].
[[3,9,2,1,1,2,2,2,1],3,5].
[[2,8,1,1,1,0,1,2,1],2,2].
[[2,7,0,1,1,2,0,0,0],1,4].
[[2,9,1,1,1,2,1,2,0],9,11].
[[3,8,1,1,2,2,1,2,0],43,18].
[[3,8,0,0,0,0,1,2,1],10,44].
[[3,8,0,0,0,0,2,3,1],4,29].
[[3,7,0,1,2,0,2,3,0],1,4].
[[3,9,2,1,1,0,1,1,1],1,6].
[[3,7,1,1,1,2,2,1,1],38,6].
[[3,9,1,1,1,2,1,1,1],12,33].
[[1,7,2,0,0,0,2,1,1],12,3].
[[3,8,0,1,1,2,1,1,0],11,11].
[[2,8,1,1,1,2,2,2,0],6,2].
[[3,8,1,1,1,2,2,2,0],3,3].
[[3,9,1,1,1,0,2,2,1],0,3].
[[3,9,1,1,2,2,2,2,0],6,19].
[[1,9,2,1,2,2,1,1,0],14,19].
[[2,5,0,1,1,2,1,1,0],5,3].
[[2,7,1,1,2,2,2,3,0],11,3].
[[3,8,1,1,2,2,2,1,0],4,6].
[[3,9,1,1,2,2,0,0,0],0,2].
[[2,9,1,1,2,0,2,3,0],4,5].
[[3,9,1,1,2,0,2,3,0],2,18].
[[2,9,1,1,1,2,1,1,1],11,9].
[[3,9,2,1,1,2,1,1,1],4,36].
[[1,7,2,1,2,0,2,3,1],4,0].
[[3,9,1,1,2,0,1,2,0],4,26].
[[3,4,2,1,2,0,2,1,0],32,0].
[[1,9,2,1,2,0,1,1,0],2,1].
[[2,8,0,1,2,0,1,1,0],2,1].
[[3,8,0,1,2,0,1,1,0],2,2].
[[3,9,2,1,2,0,2,1,0],1,6].
[[2,2,1,0,0,0,0,0,0],6,0].
[[3,2,1,0,0,0,2,3,1],3,0].
[[2,9,1,0,0,0,2,3,0],4,11].
[[1,6,0,1,2,2,0,0,0],7,3].
[[3,6,0,1,2,2,2,3,1],6,8].
[[3,9,1,1,2,2,2,2,1],7,30].
[[2,8,1,1,2,2,2,2,0],23,14].
[[3,7,0,1,2,2,0,0,0],6,21].
[[3,9,2,1,2,0,2,1,1],1,4].
[[3,6,0,1,1,2,2,1,0],1,3].
[[2,7,2,1,2,2,0,0,0],31,7].
[[3,7,2,1,2,2,0,0,0],9,1].
[[2,9,1,1,1,2,2,1,1],2,4].
[[1,8,1,0,0,0,2,2,0],23,11].
[[2,8,0,1,2,2,1,1,0],6,9].
[[2,7,0,1,2,2,0,0,0],6,15].
[[3,8,1,1,2,2,2,2,0],7,6].
[[3,7,1,1,1,2,1,2,0],5,1].
[[3,6,1,1,1,2,2,3,1],13,1].
[[3,7,0,1,2,2,2,1,0],3,6].
[[1,7,1,1,2,2,2,3,1],11,3].
[[3,9,2,1,1,0,1,2,1],2,17].
[[2,9,1,1,2,2,2,2,0],12,21].
[[3,8,0,1,1,0,1,1,1],1,4].
[[3,8,0,0,0,0,1,1,1],5,12].
[[2,9,1,1,2,2,1,1,1],10,26].
[[1,4,2,1,2,0,0,0,0],10,2].
[[2,9,2,0,0,0,1,1,0],2,9].
[[3,9,2,1,2,0,1,1,0],0,4].
[[2,9,2,0,0,0,0,0,0],1,38].
[[1,8,1,1,2,0,1,2,1],11,7].
[[2,9,1,0,0,0,2,1,1],3,6].
[[1,7,2,0,0,0,2,2,1],19,0].
[[3,7,2,1,2,0,1,2,1],27,0].
[[3,3,2,1,2,0,2,1,1],4,0].
[[2,8,1,1,2,0,0,0,0],4,4].
[[3,9,2,0,0,0,2,3,0],0,14].
[[3,9,2,1,2,2,2,2,1],4,11].
[[3,9,1,1,1,0,2,2,0],0,1].
[[3,6,1,1,2,2,2,2,1],31,2].
[[2,8,1,1,2,0,2,1,0],6,2].
[[3,7,1,1,2,0,2,1,0],7,1].
[[2,7,2,1,2,0,0,0,0],13,1].
[[3,9,1,0,0,0,1,1,1],3,20].
[[2,9,2,1,2,0,2,1,1],4,15].
[[3,5,0,0,0,0,1,1,1],16,0].
[[1,8,0,0,0,0,2,2,0],20,22].
[[3,7,0,1,2,0,2,2,0],1,2].
[[3,6,0,1,1,2,2,3,1],5,7].
[[3,9,1,1,2,0,2,2,1],1,10].
[[2,8,1,1,1,2,1,1,1],23,7].
[[3,8,0,0,0,0,2,2,1],9,23].
[[2,6,1,0,0,0,2,2,1],20,0].
[[2,6,1,1,2,0,2,2,1],4,0].
[[3,7,0,1,2,0,2,1,1],0,3].
[[3,8,0,1,2,0,0,0,0],0,12].
[[3,7,2,1,2,2,2,1,1],23,4].
[[3,8,0,1,1,0,2,2,0],2,4].
[[3,3,1,1,2,0,2,3,1],4,1].
[[2,9,1,0,0,0,1,2,1],14,29].
[[1,9,2,1,2,2,1,1,1],32,28].
[[3,6,1,1,2,2,1,2,1],21,2].
[[3,9,1,1,1,2,1,1,0],2,10].
[[2,7,0,1,2,2,2,1,1],2,3].
[[1,8,0,0,0,0,1,2,1],1,3].
[[2,7,0,0,0,0,1,2,1],1,0].
[[3,7,0,1,2,0,1,2,1],1,0].
[[2,6,1,1,1,2,0,0,0],5,0].
[[3,3,1,0,0,0,2,2,1],9,1].
[[1,7,1,0,0,0,1,2,1],4,1].
[[2,8,1,1,2,0,2,2,0],7,2].
[[3,6,1,1,2,0,2,2,0],3,0].
[[3,9,2,1,1,2,2,1,1],1,4].
[[3,7,0,0,0,0,1,1,1],0,3].
[[3,4,2,1,2,0,0,0,0],13,2].
[[1,8,1,1,2,0,2,1,0],5,2].
[[2,8,1,1,1,0,2,1,0],0,1].
[[3,6,1,1,1,0,2,1,0],0,1].
[[3,3,1,1,2,2,2,2,1],11,4].
[[3,3,1,1,2,2,0,0,0],20,3].
[[1,8,1,1,2,2,2,1,0],11,2].
[[2,8,1,1,1,2,1,2,0],9,2].
[[2,8,1,1,2,2,2,1,0],12,5].
[[3,8,1,1,1,2,2,1,0],3,4].
[[1,6,0,0,0,0,0,0,0],1,5].
[[2,6,0,1,2,2,0,0,0],10,10].
[[2,3,1,0,0,0,0,0,0],11,1].
[[3,3,1,0,0,0,0,0,0],10,2].
[[1,7,1,1,2,2,2,1,1],4,1].
[[3,9,1,1,2,2,1,1,0],6,16].
[[3,7,1,0,0,0,2,1,1],20,9].
[[3,8,1,0,0,0,2,3,1],20,20].
[[3,7,2,1,1,2,2,2,1],12,2].
[[2,9,1,0,0,0,2,1,0],6,6].
[[3,5,0,1,2,0,1,2,0],14,1].
[[3,3,2,0,0,0,2,3,1],3,0].
[[2,9,2,1,1,0,2,2,0],2,3].
[[3,7,0,1,2,2,2,2,0],1,7].
[[3,9,1,1,1,2,2,2,1],4,13].
[[3,9,1,1,1,0,1,2,1],2,18].
[[3,3,1,1,2,0,0,0,0],4,0].
[[2,6,0,0,0,0,0,0,0],0,5].
[[3,6,0,1,2,0,0,0,0],0,1].
[[2,8,0,1,2,0,2,1,1],4,5].
[[1,7,2,1,2,2,2,3,1],7,0].
[[3,7,0,1,2,2,2,3,0],8,17].
[[2,9,1,1,1,2,1,2,1],20,28].
[[1,8,0,0,0,0,1,2,0],1,5].
[[2,7,1,0,0,0,1,1,1],1,4].
[[3,7,1,1,2,0,1,1,1],14,15].
[[2,4,2,1,2,0,2,1,0],16,0].
[[3,6,0,1,1,2,2,2,1],1,5].
[[3,8,0,1,2,0,2,1,1],1,13].
[[2,9,1,1,2,0,2,2,1],2,7].
[[2,8,1,1,2,0,1,2,0],7,2].
[[1,4,2,1,2,0,2,2,1],24,1].
[[2,9,1,1,2,0,2,1,0],2,4].
[[3,6,0,1,2,2,2,2,0],2,4].
[[2,8,1,0,0,0,2,2,0],8,13].
[[3,8,1,1,2,0,2,2,0],2,5].
[[3,7,2,1,1,0,1,2,1],4,5].
[[3,7,0,1,1,2,0,0,0],3,5].
[[1,8,0,1,1,2,2,2,0],6,2].
[[2,6,0,1,1,2,2,2,0],2,0].
[[3,6,0,1,1,2,2,2,0],1,2].
[[2,9,2,1,1,0,2,2,1],0,4].
[[1,4,2,1,2,0,2,2,0],6,1].
[[2,4,2,1,2,0,1,1,0],5,0].
[[2,6,1,1,1,2,2,1,1],1,1].
[[3,3,1,1,1,2,2,1,1],3,1].
[[3,7,0,1,1,2,2,1,0],4,3].
[[3,8,1,1,2,2,0,0,0],0,3].
[[3,3,1,1,2,2,2,1,1],4,1].
[[3,9,2,1,2,0,2,2,1],1,5].
[[2,9,2,1,1,0,2,3,0],0,5].
[[3,8,1,0,0,0,2,2,0],3,5].
[[2,8,0,1,2,0,1,1,1],1,2].
[[2,7,1,0,0,0,2,1,1],16,5].
[[3,3,1,1,2,2,2,3,1],17,3].
[[2,9,1,0,0,0,2,2,0],6,4].
[[3,5,0,0,0,0,1,2,0],13,0].
[[3,5,0,0,0,0,1,1,0],7,2].
[[3,9,2,1,2,0,1,1,1],1,12].
[[3,3,2,1,2,0,0,0,0],6,0].
[[3,8,1,1,2,0,1,2,0],10,6].
[[1,8,1,1,2,0,2,2,0],5,1].
[[2,7,1,1,2,2,2,2,0],8,0].
[[3,7,1,1,1,0,2,2,1],4,9].
[[1,8,0,1,2,2,1,2,1],3,2].
[[2,9,2,1,1,2,1,1,0],17,11].
[[3,9,2,1,2,2,2,3,1],1,12].
[[3,6,0,1,2,2,2,1,1],0,4].
[[3,8,0,0,0,0,2,1,1],5,6].
[[2,5,0,1,2,2,1,1,1],22,1].
[[2,8,0,1,2,0,1,2,0],3,5].
[[3,8,0,1,1,0,1,2,0],3,2].
[[3,7,2,1,2,0,0,0,0],5,2].
[[3,3,1,1,2,2,1,2,1],4,0].
[[2,3,2,1,2,0,0,0,0],5,0].
[[3,7,0,0,0,0,2,1,1],1,4].
[[3,6,0,1,2,2,2,3,0],6,7].
[[1,8,1,1,2,0,1,1,1],1,2].
[[2,8,1,1,1,0,1,1,1],0,2].
[[3,9,1,1,1,0,2,3,0],1,5].
[[2,8,1,1,1,2,2,1,0],6,1].
[[3,7,1,1,1,2,2,1,0],3,1].
[[1,9,2,0,0,0,1,1,0],8,9].
[[2,9,2,1,2,0,1,1,0],3,5].
[[3,5,0,1,1,0,1,1,0],3,1].
[[3,7,2,1,1,2,2,3,1],20,0].
[[2,7,1,1,1,2,2,1,1],8,3].
[[3,9,2,1,1,2,2,2,0],1,17].
[[3,6,1,0,0,0,1,1,1],2,2].
[[3,9,1,1,1,0,2,1,1],0,2].
[[2,9,1,0,0,0,1,1,1],8,20].
[[1,6,1,1,2,2,2,1,1],4,0].
[[2,6,1,1,1,2,1,2,1],2,0].
[[3,9,2,1,2,0,2,3,0],0,18].
[[3,7,1,1,2,0,1,2,0],4,0].
[[3,6,1,1,2,0,1,2,1],11,3].
[[3,8,0,1,1,0,2,2,1],0,4].
[[2,3,2,0,0,0,2,2,1],3,0].
[[3,3,2,1,2,2,1,2,1],6,0].
[[2,9,2,1,2,0,1,1,1],4,14].
[[3,9,2,0,0,0,2,2,1],0,6].
[[2,7,2,1,2,0,2,3,1],15,3].
[[2,9,1,0,0,0,1,1,0],2,2].
[[3,6,1,1,2,2,2,1,0],4,0].
[[2,7,2,1,1,2,2,2,1],2,0].
[[1,7,1,1,2,2,2,2,1],6,0].
[[3,9,1,1,1,0,1,2,0],0,12].
[[1,8,1,1,1,2,2,2,0],2,1].
[[3,7,1,1,1,2,2,2,0],3,1].
[[2,7,1,0,0,0,2,3,0],6,2].
[[2,7,0,0,0,0,2,3,1],1,1].
[[3,7,0,0,0,0,2,3,1],1,6].
[[2,9,2,1,1,0,1,2,0],0,1].
[[3,3,1,1,2,2,2,2,0],5,1].
[[3,7,2,1,1,2,1,1,1],6,3].
[[2,9,2,1,2,0,0,0,0],0,15].
[[2,9,1,0,0,0,0,0,0],1,4].
[[3,7,1,1,1,0,2,1,1],3,7].
[[3,3,2,1,2,2,2,3,1],7,0].
[[3,8,1,1,2,2,1,1,0],9,4].
[[2,8,1,1,2,2,1,1,0],5,4].
[[3,2,1,0,0,0,0,0,0],2,0].
[[1,4,2,1,2,0,1,2,0],4,0].
[[2,5,0,0,0,0,1,2,0],9,0].
[[2,8,1,0,0,0,1,2,0],18,2].
[[2,6,0,1,1,2,0,0,0],4,2].
[[3,9,2,1,1,2,1,1,0],3,13].
[[3,7,1,1,2,0,0,0,0],7,5].
[[3,8,1,1,1,0,2,2,0],0,4].
[[3,8,1,0,0,0,1,2,0],11,1].
[[3,6,1,0,0,0,2,3,1],14,0].
[[3,3,1,1,1,2,0,0,0],7,0].
[[3,7,2,1,1,0,2,1,1],3,2].
[[2,6,0,1,2,2,2,2,1],1,3].
[[1,7,1,1,2,2,1,2,1],2,1].
[[1,7,2,1,2,2,2,2,1],7,2].
[[3,6,1,1,1,2,2,1,0],1,0].
[[3,3,2,1,2,2,2,2,1],6,0].
[[3,2,1,1,2,2,2,3,1],1,0].
[[2,9,1,1,2,2,1,1,0],3,8].
[[3,7,1,1,2,0,2,2,0],2,2].
[[3,9,1,1,1,0,1,1,0],0,2].
[[2,6,1,0,0,0,2,1,1],10,3].
[[2,6,1,1,2,2,1,2,1],4,2].
[[1,6,1,0,0,0,2,1,1],5,2].
[[2,6,1,1,2,0,2,3,1],8,2].
[[3,7,0,1,1,2,2,3,0],5,10].
[[3,3,2,1,2,0,2,3,1],11,0].
[[2,3,1,0,0,0,2,2,1],4,0].
[[3,3,1,1,2,0,2,2,1],3,0].
[[3,8,0,0,0,0,1,1,0],1,1].
[[3,3,2,0,0,0,2,1,1],6,0].
[[2,9,1,1,1,2,1,1,0],2,4].
[[2,9,1,1,2,2,2,1,1],2,6].
[[1,8,0,1,2,2,1,1,0],1,1].
[[2,8,0,1,1,2,1,1,0],3,3].
[[2,8,1,0,0,0,2,1,0],10,3].
[[3,7,0,1,2,0,2,1,0],0,3].
[[2,3,2,0,0,0,2,3,1],7,0].
[[1,6,1,0,0,0,2,3,1],13,0].
[[1,9,2,1,1,2,1,1,0],8,4].
[[3,9,1,0,0,0,2,2,0],1,3].
[[1,7,1,1,2,2,2,3,0],1,1].
[[2,7,1,1,1,2,2,3,0],2,1].
[[3,9,2,0,0,0,1,2,0],4,5].
[[3,9,1,1,2,0,2,1,0],0,12].
[[1,8,1,1,1,2,1,1,1],3,2].
[[2,7,1,1,2,2,1,1,1],6,6].
[[3,7,0,1,2,0,0,0,0],1,3].
[[2,7,1,1,2,0,2,2,0],0,1].
[[2,7,2,1,2,0,1,2,1],12,1].
[[2,5,0,1,2,0,1,2,0],2,0].
[[2,9,1,0,0,0,2,3,1],2,2].
[[3,7,1,0,0,0,0,0,0],7,5].
[[2,9,1,1,1,2,0,0,0],1,1].
[[1,8,1,1,2,0,2,3,0],5,2].
[[1,3,2,0,0,0,0,0,0],11,0].
[[3,7,0,1,2,2,2,1,1],6,8].
[[2,6,0,1,2,2,2,3,0],5,2].
[[2,7,0,0,0,0,0,0,0],0,9].
[[3,9,2,1,2,0,2,2,0],1,7].
[[3,8,1,1,2,0,2,1,0],2,0].
[[2,9,1,1,2,0,1,2,0],1,11].
[[2,7,1,1,2,2,2,1,0],10,0].
[[3,7,1,1,2,2,2,1,0],11,3].
[[1,3,2,0,0,0,2,3,1],2,0].
[[2,6,1,1,2,0,2,3,0],5,0].
[[2,9,2,1,2,0,1,2,0],6,13].
[[3,9,2,1,2,0,1,2,0],3,8].
[[2,3,1,1,2,2,2,3,1],2,0].
[[3,7,1,1,2,2,1,1,0],1,3].
[[2,5,0,1,1,2,1,2,0],7,0].
[[2,7,0,0,0,0,2,2,1],0,1].
[[2,9,1,1,2,0,0,0,0],0,2].
[[2,6,1,1,2,0,0,0,0],7,1].
[[2,7,0,1,2,2,2,1,0],1,0].
[[3,9,1,1,2,2,2,1,1],0,7].
[[1,4,2,1,2,0,2,1,0],8,0].
[[3,7,2,1,1,0,2,2,1],4,4].
[[3,3,1,0,0,0,2,3,1],7,0].
[[2,7,0,1,1,2,2,3,1],1,2].
[[3,7,0,1,1,2,1,2,1],1,3].
[[1,9,2,1,2,0,2,1,0],5,5].
[[3,9,1,1,1,0,1,1,1],0,7].
[[2,7,0,1,1,2,2,2,0],2,0].
[[1,9,2,1,2,0,1,2,0],3,6].
[[1,8,1,0,0,0,1,2,0],8,0].
[[1,9,2,1,2,0,1,1,1],3,7].
[[2,9,1,1,1,2,2,3,1],2,2].
[[2,6,0,1,2,2,1,2,1],0,1].
[[3,6,0,1,1,2,1,2,1],0,5].
[[3,9,1,1,2,0,2,3,1],1,0].
[[3,9,1,0,0,0,2,3,0],0,12].
[[2,7,2,1,2,0,1,1,1],1,1].
[[3,8,1,0,0,0,1,1,0],1,1].
[[3,7,0,0,0,0,1,2,1],1,2].
[[3,9,1,0,0,0,2,3,1],0,2].
[[1,8,1,0,0,0,1,1,0],1,2].
[[2,7,1,0,0,0,1,1,0],0,1].
[[3,7,1,0,0,0,1,1,0],1,1].
[[2,9,2,1,1,0,1,1,1],0,3].
[[3,6,0,1,2,2,1,2,0],8,4].
[[3,3,1,1,2,2,1,1,1],1,0].
[[1,7,2,1,2,2,1,2,1],2,0].
[[2,6,0,1,1,2,2,3,0],1,1].
[[3,6,1,1,2,0,2,1,1],4,2].
[[1,2,1,0,0,0,0,0,0],3,0].
[[3,3,1,1,1,2,2,3,1],5,0].
[[3,9,1,1,1,2,2,1,1],0,5].
[[2,7,2,1,1,2,0,0,0],6,0].
[[3,8,0,1,1,0,2,1,0],0,5].
[[2,5,0,1,2,0,1,1,1],3,1].
[[2,9,1,1,2,2,0,0,0],2,3].
[[3,7,2,1,1,0,2,3,1],5,2].
[[2,6,0,1,1,2,2,3,1],1,2].
[[3,9,2,0,0,0,2,3,1],0,3].
[[3,2,1,1,2,0,0,0,0],3,0].
[[2,6,0,0,0,0,2,3,0],1,1].
[[3,6,0,1,2,0,2,2,0],1,0].
[[3,9,2,0,0,0,2,1,0],1,4].
[[2,6,1,0,0,0,1,2,1],8,1].
[[3,3,1,1,2,0,1,2,1],1,0].
[[2,9,1,1,1,0,1,2,0],1,1].
[[2,3,2,1,2,2,2,3,1],1,0].
[[2,8,1,1,1,0,2,3,0],2,1].
[[3,3,1,1,1,2,2,2,1],6,0].
[[3,7,0,0,0,0,2,2,1],0,2].
[[3,8,1,1,1,0,1,2,0],4,5].
[[2,3,1,0,0,0,2,3,1],1,0].
[[2,6,0,1,1,2,2,2,1],2,1].
[[3,3,1,1,2,0,2,1,1],2,0].
[[3,7,1,1,1,0,1,2,1],1,7].
[[3,5,0,1,2,0,1,2,1],1,0].
[[3,8,1,1,1,0,2,1,0],0,1].
[[2,7,2,1,2,2,1,1,1],5,2].
[[2,6,1,1,1,2,2,3,1],7,2].
[[2,5,0,0,0,0,1,1,0],4,0].
[[3,7,0,0,0,0,2,3,0],0,4].
[[2,7,0,1,1,2,2,2,1],1,0].
[[2,7,2,1,1,2,2,1,1],3,0].
[[3,6,0,1,2,0,2,1,1],0,1].
[[3,6,0,1,2,2,2,1,0],1,3].
[[2,8,1,1,1,0,2,2,0],1,0].
[[3,5,0,1,1,0,1,2,0],3,2].
[[1,6,1,0,0,0,2,2,0],3,0].
[[1,7,1,0,0,0,2,3,0],2,0].
[[3,7,1,0,0,0,1,2,0],3,0].
[[2,7,2,1,1,0,2,2,1],2,4].
[[3,4,0,1,2,0,2,2,1],0,1].
[[3,9,2,1,1,2,2,3,1],1,5].
[[2,5,0,0,0,0,1,1,1],5,0].
[[2,7,1,1,2,0,1,2,1],2,4].
[[3,3,2,0,0,0,2,2,1],8,0].
[[3,6,1,0,0,0,1,2,0],2,0].
[[3,9,2,1,1,0,2,2,1],0,3].
[[2,8,1,1,1,0,2,1,1],0,4].
[[3,8,0,1,1,0,1,1,0],2,2].
[[3,9,1,1,2,0,1,1,0],0,3].
[[2,3,2,1,2,2,2,2,1],2,0].
[[3,9,2,1,2,0,0,0,0],0,1].
[[2,7,0,0,0,0,2,3,0],0,3].
[[3,9,1,1,1,2,2,3,1],0,7].
[[2,9,1,1,1,0,2,3,1],0,1].
[[3,7,0,1,2,2,1,2,0],3,4].
[[3,9,1,0,0,0,1,1,0],0,1].
[[3,6,0,1,2,0,1,1,1],0,1].
[[3,7,2,1,1,2,2,1,1],10,1].
[[3,7,1,1,1,0,0,0,0],0,2].
[[3,7,1,1,1,2,1,1,0],2,4].
[[3,3,1,1,2,2,2,1,0],4,0].
[[2,9,1,1,2,0,2,2,0],1,2].
[[3,7,0,1,1,2,1,1,0],1,0].
[[3,3,2,1,1,0,1,2,1],2,0].
[[3,6,1,1,1,2,1,1,1],5,0].
[[3,9,2,0,0,0,0,0,0],0,1].
[[3,6,0,0,0,0,2,1,1],3,0].
[[1,8,1,1,1,2,1,2,1],8,4].
[[3,4,0,1,2,0,2,2,0],0,1].
[[2,3,2,0,0,0,2,1,1],1,0].
[[3,3,2,0,0,0,1,1,1],2,0].
[[3,8,1,0,0,0,2,1,0],2,2].
[[1,8,1,1,2,2,1,2,0],2,1].
[[3,9,1,0,0,0,2,1,0],0,3].
[[3,6,0,1,1,2,0,0,0],1,4].
[[2,6,0,1,2,2,2,2,0],2,1].
[[3,6,1,1,2,2,2,2,0],2,0].
[[3,7,0,1,2,0,1,1,1],0,3].
[[2,7,0,0,0,0,2,1,1],0,2].
[[2,6,1,1,2,2,2,2,0],3,0].
[[3,9,1,1,1,0,2,3,1],0,2].
[[2,7,1,0,0,0,2,2,0],6,1].
[[3,7,0,0,0,0,2,2,0],2,2].
[[3,9,2,1,1,2,0,0,0],0,1].
[[1,6,1,0,0,0,1,2,1],2,1].
[[3,6,1,1,2,2,1,1,0],1,2].
[[3,3,0,1,1,2,0,0,0],0,1].
[[2,6,1,0,0,0,1,1,1],4,1].
[[2,9,2,1,1,0,1,2,1],0,6].
[[3,6,0,0,0,0,1,2,1],0,1].
[[1,7,1,0,0,0,1,1,1],1,2].
[[1,8,1,1,2,2,1,1,0],1,0].
[[2,6,1,1,2,0,1,2,1],1,0].
[[3,7,2,0,0,0,0,0,0],1,0].
[[2,3,2,1,2,2,2,1,1],1,0].
[[3,7,2,1,1,0,1,1,1],0,2].
[[2,8,1,0,0,0,1,1,0],3,0].
[[3,3,1,1,1,2,1,2,1],4,0].
[[3,7,0,1,1,2,1,1,1],0,4].
[[3,6,1,0,0,0,2,3,0],2,0].
[[1,6,1,0,0,0,2,1,0],2,0].
[[2,6,1,1,2,2,2,1,0],1,0].
[[3,6,0,0,0,0,2,1,0],0,1].
[[2,5,0,1,2,2,1,2,1],3,2].
[[1,8,1,1,1,2,2,1,0],2,0].
[[2,8,1,1,1,2,1,1,0],2,1].
[[2,6,0,0,0,0,2,2,0],1,0].
[[3,6,0,1,2,0,1,2,0],1,0].
[[2,9,1,1,1,0,1,2,1],0,2].
[[3,8,1,1,1,0,1,1,0],0,1].
[[2,9,1,1,1,0,1,1,1],0,1].
[[2,3,2,1,2,2,0,0,0],2,1].
[[2,6,1,1,2,2,2,1,1],4,0].
[[2,6,0,1,1,2,2,1,1],1,1].
[[3,6,0,1,1,2,1,1,1],1,2].
[[3,9,2,1,2,0,2,3,1],1,3].
[[3,9,2,0,0,0,2,1,1],1,0].
[[3,6,1,1,2,0,1,2,0],3,0].
[[3,9,1,0,0,0,2,1,1],0,1].
[[3,8,1,0,0,0,2,3,0],3,3].
[[3,9,1,1,1,0,0,0,0],0,1].
[[3,7,1,0,0,0,2,2,0],2,1].
[[3,7,0,1,2,2,1,1,0],3,1].
[[2,7,1,1,2,0,1,1,1],3,1].
[[3,3,1,1,2,0,1,1,1],1,0].
[[3,6,1,1,1,2,2,3,0],1,0].
[[2,3,2,1,2,0,2,3,1],2,0].
[[3,3,2,1,1,0,2,3,1],2,0].
[[3,9,2,1,1,0,1,2,0],0,5].
[[3,9,2,1,1,0,1,1,0],0,1].
[[3,6,0,0,0,0,2,2,1],0,1].
[[3,2,0,1,2,2,0,0,0],1,0].
[[2,9,2,1,1,0,1,1,0],1,0].
[[2,3,2,1,2,0,1,2,1],2,0].
[[2,7,0,0,0,0,2,1,0],0,1].
[[2,7,0,1,2,2,2,2,0],2,3].
[[2,7,1,1,2,0,2,1,0],1,0].
[[2,9,1,1,2,0,1,1,0],0,1].
[[3,3,2,1,1,2,2,3,1],1,0].
[[3,7,0,0,0,0,1,2,0],0,2].
[[3,3,2,1,1,2,1,2,1],1,0].
[[2,7,2,1,1,2,1,2,1],3,1].
[[1,6,1,1,2,2,2,2,1],3,0].
[[3,6,1,1,1,0,2,2,1],1,1].
[[2,7,0,1,2,2,2,2,1],2,1].
[[1,7,2,0,0,0,1,1,1],2,1].
[[3,6,1,1,1,0,2,3,0],1,0].
[[2,7,1,0,0,0,2,1,0],1,0].
[[3,7,1,0,0,0,2,1,0],2,0].
[[3,6,1,0,0,0,2,1,0],1,0].
[[3,6,0,1,2,2,1,1,0],0,1].
[[3,9,1,1,1,2,0,0,0],0,1].
[[2,6,1,1,2,2,2,3,0],3,0].
[[2,7,2,1,1,0,2,3,1],2,0].
[[3,6,1,1,1,0,1,2,1],2,0].
[[2,6,0,0,0,0,2,3,1],0,1].
[[3,6,0,1,2,0,2,2,1],0,1].
[[2,9,1,1,2,0,2,3,1],0,2].
[[3,3,2,1,2,0,2,2,1],1,0].
[[2,6,0,1,1,2,2,1,0],1,0].
[[3,3,1,1,1,2,2,1,0],1,0].
[[2,8,0,0,0,0,1,1,0],1,1].
[[1,6,0,1,2,2,2,2,0],1,0].
[[2,7,0,1,2,2,2,3,0],0,2].
[[1,7,1,1,2,2,2,1,0],1,1].
[[3,9,2,0,0,0,1,1,0],0,1].
[[1,7,2,1,2,0,1,1,1],1,0].
[[2,6,1,0,0,0,1,2,0],2,0].
[[2,3,1,1,2,2,2,2,1],1,0].
[[3,3,1,0,0,0,2,1,1],2,1].
[[2,7,0,1,1,2,2,1,1],0,1].
[[3,9,1,1,1,0,2,1,0],0,1].
[[2,9,2,1,1,0,2,1,0],0,1].
[[3,2,1,1,2,2,0,0,0],1,0].
[[3,6,1,1,1,0,2,3,1],0,1].
[[3,2,1,1,2,0,2,3,1],1,0].
[[1,8,0,1,1,2,1,2,0],0,2].
[[2,7,2,1,1,0,0,0,0],1,0].
[[1,8,0,1,1,2,1,1,0],0,1].
[[2,6,0,0,0,0,2,1,1],1,1].
[[3,2,1,0,0,0,2,1,1],1,0].
[[3,3,2,1,1,2,0,0,0],1,1].
[[1,6,0,1,2,2,2,3,0],0,1].
[[2,6,0,1,2,2,1,2,0],0,1].
[[3,3,1,0,0,0,1,2,1],1,0].
[[3,5,0,1,1,0,1,2,1],1,0].
[[2,8,1,1,1,0,1,2,0],0,1].
[[3,3,1,0,0,0,2,2,0],1,0].
[[2,6,1,1,2,2,1,1,0],1,0].
[[2,7,1,1,1,2,2,1,0],1,0].
[[2,3,2,1,2,0,2,2,1],1,0].
[[3,3,2,1,1,0,0,0,0],1,0].
[[3,6,0,0,0,0,0,0,0],0,1].
[[3,7,2,1,1,2,0,0,0],2,0].
[[2,9,2,1,1,0,2,1,1],0,1].
[[3,1,1,1,2,0,1,2,0],1,0].
[[3,6,1,1,2,0,2,3,0],2,0].
[[2,7,1,1,2,2,1,2,0],0,1].
[[2,6,1,0,0,0,2,2,0],3,0].
[[3,6,1,0,0,0,2,2,0],1,0].
[[3,2,1,1,2,2,2,1,1],1,0].
[[1,8,0,1,1,2,1,2,1],1,0].
[[2,7,0,0,0,0,1,2,0],0,1].
[[2,7,1,1,1,2,2,2,0],0,1].
[[1,6,1,0,0,0,1,1,1],1,0].
[[1,7,2,1,2,0,1,2,1],1,0].
