total_WL(7063,5041).
[[1,8,1,0,0,0,2,2,2],175,43].
[[2,7,2,1,2,0,2,2,2],9,1].
[[3,3,2,1,2,0,2,2,2],9,0].
[[1,9,2,0,0,0,2,2,2],77,124].
[[2,9,2,0,0,0,1,2,2],64,73].
[[3,9,2,1,2,2,1,2,2],37,106].
[[1,9,2,1,2,2,1,2,0],75,54].
[[2,9,2,1,1,2,1,2,0],65,40].
[[3,5,0,1,1,2,1,2,0],27,0].
[[1,9,2,1,2,2,2,3,2],151,174].
[[2,9,2,1,2,2,2,3,2],44,108].
[[2,9,2,1,2,2,1,2,2],104,133].
[[1,9,2,1,2,0,0,0,0],12,41].
[[2,8,1,1,2,0,0,0,0],14,8].
[[3,8,1,1,2,0,2,1,1],24,13].
[[1,9,2,1,2,2,2,3,0],188,204].
[[2,9,2,1,2,2,2,3,0],76,172].
[[3,8,1,1,2,2,1,2,1],140,46].
[[1,7,2,0,0,0,0,0,0],59,4].
[[2,7,2,1,2,0,0,0,0],13,1].
[[3,7,2,1,2,0,2,2,0],4,0].
[[1,8,0,1,1,2,0,0,0],48,28].
[[2,8,0,1,1,2,0,0,0],19,47].
[[3,7,1,1,1,2,0,0,0],12,6].
[[1,8,1,1,1,2,2,3,2],23,7].
[[2,4,2,1,2,0,1,2,2],33,0].
[[3,4,2,1,2,0,1,2,2],106,3].
[[1,9,2,0,0,0,1,2,2],127,99].
[[3,8,0,1,2,0,1,2,2],8,31].
[[1,9,2,1,2,2,1,2,1],48,42].
[[2,9,2,1,2,2,1,2,1],55,73].
[[3,8,1,1,2,2,1,1,1],49,40].
[[1,9,2,1,2,2,2,1,0],49,65].
[[2,9,2,1,2,2,1,2,0],88,120].
[[3,9,2,1,1,2,1,2,0],49,107].
[[1,9,2,1,2,2,2,2,2],94,131].
[[2,8,0,1,2,2,2,2,2],37,81].
[[3,8,0,1,2,2,1,2,1],30,43].
[[1,9,2,1,1,2,2,2,2],44,28].
[[2,8,0,1,1,2,2,2,2],24,33].
[[3,7,0,1,1,2,2,2,2],3,8].
[[1,7,1,1,2,2,0,0,0],66,13].
[[2,7,1,1,2,2,2,1,1],16,5].
[[3,7,1,1,2,2,2,1,1],42,23].
[[1,8,0,1,2,2,0,0,0],144,211].
[[2,8,0,1,1,2,2,3,2],31,30].
[[3,8,0,1,1,2,1,1,1],8,17].
[[1,9,2,0,0,0,1,2,0],48,56].
[[2,8,1,0,0,0,1,2,0],20,6].
[[3,7,2,0,0,0,1,2,2],23,2].
[[1,9,2,1,1,2,2,2,0],69,29].
[[2,9,2,1,1,2,1,1,0],28,20].
[[3,8,1,1,1,2,1,1,0],12,6].
[[1,9,2,0,0,0,2,2,0],115,159].
[[3,9,2,1,1,2,2,1,1],14,24].
[[1,8,1,1,2,0,0,0,0],30,19].
[[2,8,1,1,1,0,0,0,0],1,0].
[[3,7,2,1,1,0,2,3,2],3,3].
[[1,8,1,0,0,0,2,3,2],175,58].
[[2,8,1,0,0,0,1,2,2],74,24].
[[3,8,1,1,2,0,1,2,2],52,21].
[[1,7,1,1,2,2,2,3,0],2,1].
[[2,7,1,1,1,2,2,3,0],5,0].
[[3,7,1,1,1,2,2,3,0],17,7].
[[3,8,1,1,2,2,2,3,2],104,26].
[[3,9,2,1,1,2,1,1,0],10,47].
[[1,9,2,0,0,0,2,3,0],169,217].
[[2,9,2,0,0,0,2,3,0],30,94].
[[3,8,0,0,0,0,2,3,0],4,25].
[[2,8,1,1,2,2,2,3,2],158,39].
[[1,8,1,0,0,0,2,2,1],84,28].
[[2,8,1,0,0,0,2,2,1],73,23].
[[3,8,1,1,2,2,2,2,1],62,21].
[[1,9,2,1,2,2,2,2,0],142,162].
[[3,8,0,1,2,2,2,3,0],40,118].
[[1,8,1,0,0,0,2,2,0],51,6].
[[2,7,2,1,2,0,2,2,1],4,0].
[[3,7,2,1,1,0,2,2,1],2,1].
[[1,9,2,1,2,2,0,0,0],126,262].
[[1,9,2,1,2,2,1,2,2],141,101].
[[2,9,2,1,1,2,1,2,2],65,54].
[[1,8,1,1,2,0,2,2,0],6,4].
[[2,8,1,1,2,0,1,2,0],11,5].
[[3,8,1,1,2,0,1,2,0],34,8].
[[1,8,0,1,2,2,2,3,1],18,20].
[[2,8,0,1,1,2,1,2,1],12,9].
[[3,5,0,1,1,2,1,1,1],53,4].
[[1,9,2,0,0,0,2,3,2],113,150].
[[2,8,1,0,0,0,2,3,2],99,17].
[[3,8,1,0,0,0,1,1,1],11,19].
[[2,5,0,1,2,2,1,2,2],4,0].
[[3,5,0,1,2,2,1,2,2],6,1].
[[1,9,2,0,0,0,0,0,0],80,227].
[[2,9,2,1,2,0,2,2,1],8,12].
[[3,9,2,1,2,0,1,2,1],6,32].
[[1,8,0,1,1,2,2,3,2],16,9].
[[2,4,2,1,2,0,2,1,1],19,1].
[[3,4,2,1,2,0,2,1,1],45,1].
[[2,9,2,1,2,0,1,2,2],21,35].
[[3,8,1,1,1,0,1,2,2],11,20].
[[1,8,1,0,0,0,2,3,1],159,50].
[[2,7,1,1,2,2,2,3,1],39,10].
[[3,7,1,1,2,2,2,3,1],75,24].
[[1,9,2,1,1,2,2,1,0],30,18].
[[1,8,0,0,0,0,2,2,2],26,45].
[[3,8,0,1,1,2,1,2,2],40,72].
[[1,8,0,1,2,2,2,2,0],25,28].
[[2,8,0,1,1,2,2,2,0],34,35].
[[3,8,0,1,1,2,2,2,0],23,53].
[[1,9,2,0,0,0,1,1,1],7,19].
[[2,8,1,1,2,0,1,1,1],11,8].
[[1,8,0,0,0,0,2,2,1],10,6].
[[2,8,0,1,2,2,2,2,1],27,28].
[[3,7,1,1,2,2,2,2,1],45,14].
[[1,7,1,0,0,0,2,2,2],5,6].
[[3,7,1,0,0,0,1,2,2],16,6].
[[1,8,0,0,0,0,0,0,0],85,140].
[[2,7,0,1,2,2,0,0,0],7,10].
[[3,7,0,1,2,2,2,3,0],10,16].
[[1,8,1,1,2,2,2,1,1],72,14].
[[2,8,1,1,2,2,1,1,1],35,18].
[[1,8,1,0,0,0,1,2,2],54,19].
[[2,5,0,0,0,0,1,1,2],14,0].
[[3,5,0,1,2,0,1,1,2],15,0].
[[1,9,2,1,2,2,2,2,1],67,71].
[[2,9,2,1,2,2,2,2,1],35,59].
[[3,9,2,1,1,2,2,2,1],6,16].
[[1,8,1,0,0,0,0,0,0],286,91].
[[2,8,1,0,0,0,2,2,2],73,15].
[[3,8,1,0,0,0,1,2,2],42,7].
[[2,9,2,1,2,2,2,2,0],53,126].
[[3,5,0,1,2,2,2,3,0],8,0].
[[1,8,0,1,1,2,2,3,1],8,6].
[[2,4,2,1,2,0,2,3,1],30,2].
[[3,4,2,1,2,0,2,3,1],52,3].
[[3,7,1,0,0,0,2,2,1],23,9].
[[1,7,1,0,0,0,2,3,0],4,0].
[[2,7,1,0,0,0,2,3,0],19,2].
[[3,7,1,0,0,0,1,2,0],9,0].
[[2,7,1,1,2,2,0,0,0],93,36].
[[3,7,1,1,1,2,2,1,0],8,0].
[[1,8,1,1,2,2,0,0,0],247,84].
[[2,8,1,1,2,2,2,3,0],56,19].
[[3,6,1,1,2,2,2,3,0],3,1].
[[1,8,1,1,1,2,1,2,2],7,1].
[[1,8,1,0,0,0,2,1,1],89,24].
[[2,8,1,0,0,0,2,1,1],58,16].
[[3,8,1,0,0,0,2,1,1],28,5].
[[1,9,2,0,0,0,2,1,1],31,56].
[[2,9,2,0,0,0,1,1,1],15,9].
[[3,8,0,1,2,2,1,1,1],13,11].
[[1,9,2,0,0,0,2,3,1],77,87].
[[2,9,2,0,0,0,2,3,1],19,33].
[[3,8,0,0,0,0,2,3,1],5,7].
[[2,9,2,0,0,0,2,2,0],29,67].
[[3,9,2,0,0,0,2,2,0],1,9].
[[1,9,2,1,1,2,2,3,2],71,34].
[[2,8,1,1,1,2,2,3,2],51,6].
[[3,8,1,1,1,2,2,3,2],34,7].
[[2,9,2,1,2,2,2,2,2],29,67].
[[3,8,0,1,1,2,2,2,2],7,33].
[[1,8,1,1,2,2,2,3,2],133,28].
[[2,8,1,1,1,2,1,2,2],35,6].
[[3,7,1,1,1,2,1,2,2],23,9].
[[1,4,2,1,2,0,2,3,2],11,2].
[[2,4,2,1,2,0,2,3,2],39,5].
[[3,4,2,1,2,0,2,3,2],53,5].
[[2,8,0,1,2,2,2,1,0],29,24].
[[3,8,0,1,2,2,2,1,0],7,25].
[[2,9,2,1,2,0,1,1,1],5,9].
[[3,9,2,1,2,2,1,1,1],12,27].
[[2,8,0,1,2,2,2,1,1],20,15].
[[2,7,2,1,2,2,0,0,0],33,3].
[[3,7,2,1,2,2,2,2,0],5,0].
[[2,7,2,0,0,0,2,3,2],31,3].
[[3,7,2,1,2,2,1,2,1],23,0].
[[3,9,2,1,2,2,2,3,2],7,22].
[[2,3,2,0,0,0,0,0,0],10,0].
[[3,3,2,0,0,0,0,0,0],5,0].
[[1,9,2,1,2,0,2,3,2],12,29].
[[2,8,1,1,1,0,2,3,2],0,5].
[[3,8,1,1,1,0,2,3,2],4,8].
[[2,7,1,1,1,2,2,3,2],10,1].
[[2,8,0,1,1,2,2,3,0],52,32].
[[3,4,2,1,2,0,1,2,0],112,3].
[[3,8,1,0,0,0,1,2,1],31,18].
[[2,8,1,1,2,2,2,1,0],22,10].
[[3,8,1,1,2,2,2,2,2],50,15].
[[1,8,1,1,2,2,2,2,2],117,39].
[[2,8,1,1,2,2,1,2,2],107,40].
[[3,8,1,1,1,2,1,2,2],67,28].
[[1,8,1,0,0,0,1,2,0],12,3].
[[2,8,1,0,0,0,1,1,0],7,4].
[[3,8,1,1,2,2,1,1,0],23,11].
[[1,7,2,0,0,0,2,3,2],31,4].
[[2,7,2,1,2,2,2,3,2],34,2].
[[3,7,2,1,2,2,2,3,2],50,3].
[[1,8,1,1,1,2,2,1,1],10,2].
[[2,8,1,1,1,2,2,3,0],21,4].
[[3,7,2,1,2,0,2,3,2],20,2].
[[1,9,2,1,1,2,1,2,0],28,12].
[[3,8,1,1,1,2,1,2,1],58,26].
[[1,9,2,1,2,2,2,3,1],107,90].
[[3,8,0,1,1,2,1,2,1],24,44].
[[3,3,2,1,2,2,0,0,0],12,0].
[[1,8,1,1,2,2,2,2,1],79,21].
[[2,6,1,1,2,2,2,2,1],8,0].
[[3,6,1,1,2,2,1,2,1],11,0].
[[3,8,0,1,2,2,1,2,2],60,114].
[[2,8,1,0,0,0,2,3,1],94,28].
[[3,8,1,1,2,2,2,3,1],74,36].
[[2,8,0,1,1,2,2,3,1],17,13].
[[2,8,0,0,0,0,2,3,2],25,35].
[[3,7,1,1,2,0,2,3,2],25,6].
[[3,3,1,1,2,2,0,0,0],22,3].
[[2,8,1,1,2,2,2,1,1],79,28].
[[3,8,1,1,2,2,2,1,1],64,28].
[[2,8,1,1,2,0,2,3,1],39,15].
[[3,7,1,1,2,0,2,3,1],27,10].
[[1,8,1,1,2,0,2,2,2],13,4].
[[2,8,1,1,2,2,2,2,1],98,28].
[[3,8,1,1,2,2,1,2,2],140,39].
[[1,4,2,1,2,0,1,2,2],8,0].
[[1,7,1,1,2,2,2,3,2],16,2].
[[2,3,1,1,2,2,2,3,2],4,0].
[[3,3,1,1,2,2,2,3,2],13,0].
[[3,9,2,1,1,2,1,1,2],2,9].
[[1,8,1,0,0,0,2,1,0],28,3].
[[2,8,1,1,2,0,1,1,0],1,2].
[[3,7,1,1,2,2,1,1,0],9,1].
[[2,9,2,0,0,0,2,2,1],19,35].
[[3,9,2,0,0,0,1,1,0],2,21].
[[1,8,0,1,2,2,2,1,0],11,7].
[[2,8,0,1,2,2,1,2,0],26,33].
[[3,8,0,1,2,2,1,1,0],14,37].
[[1,8,0,1,2,2,2,2,1],10,11].
[[3,8,0,1,2,2,2,2,2],20,53].
[[1,9,2,1,1,2,0,0,0],60,50].
[[2,4,2,1,2,0,0,0,0],14,2].
[[3,4,2,1,2,0,2,2,0],51,2].
[[2,9,2,1,1,2,0,0,0],2,15].
[[3,8,0,1,1,2,0,0,0],0,26].
[[1,9,2,1,1,2,2,1,1],28,10].
[[2,8,1,0,0,0,2,3,0],36,17].
[[3,8,1,1,2,2,2,3,0],18,23].
[[3,5,0,1,2,2,1,2,0],41,4].
[[2,9,2,0,0,0,1,2,0],51,63].
[[3,9,2,1,2,0,1,2,0],18,53].
[[3,9,2,1,2,2,1,1,0],14,57].
[[3,6,0,1,1,2,0,0,0],3,6].
[[1,8,1,1,2,2,2,3,1],123,35].
[[2,8,1,1,2,2,2,2,2],103,28].
[[3,8,0,1,1,2,1,2,0],43,44].
[[1,7,1,0,0,0,0,0,0],60,13].
[[3,7,1,1,2,2,1,1,1],22,8].
[[1,9,2,1,1,2,2,3,0],92,34].
[[2,4,2,1,2,0,1,1,0],6,0].
[[3,4,2,1,2,0,1,1,0],46,2].
[[2,8,0,1,2,2,2,3,1],23,40].
[[2,4,2,1,2,0,2,2,1],21,1].
[[3,4,2,1,2,0,2,2,1],35,0].
[[1,8,1,0,0,0,1,1,2],16,6].
[[2,8,1,0,0,0,1,1,2],12,2].
[[3,7,1,1,2,2,1,1,2],16,3].
[[2,9,2,1,1,2,1,1,1],12,9].
[[3,8,1,1,1,2,1,1,1],22,13].
[[2,8,1,1,1,2,2,3,1],46,12].
[[3,7,1,1,1,2,2,3,1],43,10].
[[2,8,1,0,0,0,2,2,0],19,11].
[[3,8,1,0,0,0,1,2,0],18,3].
[[1,9,2,1,1,2,2,2,1],19,16].
[[2,8,0,1,1,2,2,2,1],15,9].
[[3,8,0,1,1,2,2,2,1],9,19].
[[1,8,0,1,1,2,1,2,2],7,1].
[[2,5,0,1,1,2,1,1,2],14,0].
[[3,5,0,1,1,2,1,1,2],21,1].
[[2,8,1,1,1,2,2,2,2],38,11].
[[3,7,2,1,1,2,2,2,2],10,0].
[[1,9,2,1,1,2,1,2,2],58,23].
[[2,9,2,1,2,2,2,1,0],12,34].
[[3,8,0,1,1,2,2,1,0],1,17].
[[3,8,0,1,2,2,1,2,0],61,81].
[[1,9,2,1,2,2,1,1,2],24,17].
[[2,9,2,1,2,2,1,1,2],16,18].
[[3,9,2,1,2,2,1,1,2],4,13].
[[2,8,1,1,2,0,2,2,2],24,12].
[[3,8,1,1,2,0,2,2,2],11,4].
[[3,9,2,1,2,2,2,2,0],7,48].
[[2,9,2,1,1,0,2,3,2],1,3].
[[3,8,0,1,1,0,2,3,2],3,7].
[[2,9,2,1,2,0,2,3,0],20,44].
[[3,5,0,1,1,0,1,2,0],3,4].
[[3,5,0,0,0,0,1,2,0],15,0].
[[1,5,0,1,2,2,1,1,2],9,1].
[[2,5,0,1,2,2,1,1,2],29,1].
[[3,5,0,1,2,2,1,1,1],95,9].
[[2,7,1,1,2,2,2,3,2],49,10].
[[3,7,1,1,2,2,2,3,2],89,23].
[[1,9,2,0,0,0,1,1,0],17,37].
[[2,8,0,0,0,0,1,1,0],3,8].
[[3,8,0,0,0,0,1,1,0],7,5].
[[3,8,1,1,2,2,1,2,0],59,17].
[[1,5,0,1,1,2,1,1,1],4,0].
[[2,5,0,1,1,2,1,1,1],19,0].
[[3,4,2,1,2,0,1,1,1],46,0].
[[3,7,2,1,1,2,0,0,0],3,1].
[[2,9,2,1,1,2,2,3,0],51,64].
[[3,8,1,1,1,2,2,3,1],37,16].
[[2,8,1,1,2,2,0,0,0],34,32].
[[3,7,1,1,2,2,0,0,0],25,19].
[[1,9,2,1,2,0,2,3,0],16,33].
[[3,9,2,1,1,2,2,3,0],4,58].
[[3,9,2,1,1,2,1,2,2],23,68].
[[1,6,1,0,0,0,0,0,0],64,3].
[[2,6,1,0,0,0,0,0,0],27,2].
[[3,6,1,1,2,0,2,3,0],3,0].
[[2,9,2,1,1,2,2,3,2],33,35].
[[3,9,2,1,1,2,2,3,2],2,15].
[[2,8,1,1,2,0,1,2,1],30,10].
[[3,8,1,1,2,0,1,2,1],39,19].
[[2,9,2,1,2,0,1,1,0],9,11].
[[2,8,1,1,2,2,2,3,1],151,49].
[[3,8,1,1,1,2,1,2,0],36,5].
[[2,8,1,1,1,2,1,2,1],39,5].
[[3,7,1,1,1,2,1,2,1],30,2].
[[1,8,0,0,0,0,2,3,2],38,44].
[[2,8,0,1,2,2,2,3,2],40,69].
[[3,8,0,1,2,2,2,3,2],18,58].
[[2,9,2,0,0,0,1,1,0],12,31].
[[2,9,2,1,1,2,2,2,0],39,41].
[[1,8,0,0,0,0,2,3,0],36,32].
[[2,8,0,1,2,2,2,3,0],80,120].
[[3,9,2,0,0,0,1,2,1],11,17].
[[1,9,2,1,2,0,1,2,2],8,15].
[[2,9,2,1,1,0,1,2,2],2,5].
[[3,9,2,1,1,0,1,2,2],2,16].
[[1,8,1,1,1,2,2,2,0],8,0].
[[2,8,1,1,1,2,2,2,0],14,4].
[[3,8,1,1,1,2,2,3,0],17,4].
[[3,8,0,1,1,2,2,1,1],13,16].
[[3,8,0,0,0,0,1,2,0],22,19].
[[2,9,2,1,1,2,2,2,1],22,26].
[[1,8,0,1,2,2,2,2,2],35,57].
[[2,8,1,1,2,2,1,2,0],38,7].
[[3,7,1,1,2,2,1,2,0],18,3].
[[3,8,0,1,2,2,2,3,1],18,41].
[[1,8,0,0,0,0,1,2,2],14,11].
[[2,8,0,1,2,2,1,2,2],39,50].
[[1,9,2,0,0,0,2,1,0],57,58].
[[3,9,2,1,2,2,1,2,0],71,160].
[[3,7,2,1,2,0,2,2,2],14,0].
[[1,9,2,1,2,2,2,1,1],46,43].
[[2,9,2,1,1,2,2,1,1],26,23].
[[3,9,2,1,1,2,1,1,1],11,24].
[[3,3,2,1,2,2,2,3,2],11,0].
[[2,9,2,1,2,2,1,1,0],24,47].
[[2,9,2,1,1,2,1,2,1],28,27].
[[3,9,2,1,1,2,1,2,1],18,52].
[[2,7,1,0,0,0,0,0,0],30,15].
[[3,7,1,0,0,0,2,2,0],6,2].
[[2,7,1,0,0,0,2,3,1],25,6].
[[3,3,1,0,0,0,2,3,1],5,1].
[[3,7,2,1,2,2,0,0,0],14,4].
[[1,8,1,0,0,0,1,2,1],43,20].
[[2,7,1,1,2,2,1,2,1],17,1].
[[3,3,1,1,2,2,1,2,1],2,0].
[[3,7,2,1,2,2,2,1,0],6,1].
[[2,8,0,0,0,0,2,3,0],45,60].
[[3,7,1,0,0,0,2,1,1],13,4].
[[2,7,1,1,2,0,0,0,0],17,7].
[[3,7,1,1,1,0,0,0,0],1,1].
[[3,8,0,0,0,0,1,2,2],10,19].
[[1,6,1,0,0,0,2,1,1],7,2].
[[2,3,2,0,0,0,1,2,2],2,0].
[[3,3,2,1,2,0,1,2,2],3,0].
[[2,8,1,1,2,2,2,2,0],44,20].
[[3,8,1,1,2,2,2,2,0],14,14].
[[2,9,2,1,2,0,2,1,1],4,13].
[[3,9,2,1,2,0,1,1,1],3,10].
[[2,8,0,0,0,0,1,2,0],15,10].
[[3,8,0,1,2,0,1,1,0],11,11].
[[1,9,2,0,0,0,2,2,1],49,55].
[[2,8,0,0,0,0,2,2,1],15,11].
[[3,8,0,1,2,0,2,2,1],4,7].
[[2,7,1,1,2,2,2,2,2],46,12].
[[3,7,1,1,2,2,2,2,2],72,18].
[[2,9,2,1,1,2,2,2,2],21,22].
[[1,9,2,1,1,2,1,1,1],8,2].
[[2,5,0,1,2,2,1,2,0],13,4].
[[2,8,0,1,1,2,2,1,1],13,5].
[[1,8,0,0,0,0,2,1,1],8,5].
[[2,8,0,0,0,0,2,1,1],8,11].
[[3,8,0,1,2,0,2,1,1],5,5].
[[1,4,2,1,2,0,2,2,0],14,0].
[[2,4,2,1,2,0,2,2,0],28,1].
[[1,7,2,1,2,2,0,0,0],17,3].
[[2,7,2,1,1,2,0,0,0],8,0].
[[3,7,2,1,1,2,2,3,0],1,0].
[[1,8,1,1,2,0,2,3,1],15,10].
[[3,8,0,0,0,0,2,2,0],7,17].
[[3,8,1,1,1,2,2,1,1],36,16].
[[2,8,0,1,2,0,0,0,0],6,15].
[[3,8,0,1,2,0,2,2,0],3,22].
[[2,9,2,0,0,0,0,0,0],2,17].
[[3,9,2,1,2,0,2,3,0],3,26].
[[3,8,1,0,0,0,2,2,2],21,2].
[[3,8,0,1,2,2,2,2,1],31,39].
[[2,6,1,0,0,0,2,2,2],14,0].
[[3,6,1,1,2,2,1,2,2],5,0].
[[2,8,1,1,2,2,1,1,2],24,7].
[[3,8,1,1,2,2,1,1,2],17,9].
[[3,5,0,1,2,2,1,1,2],37,1].
[[1,4,2,1,2,0,2,2,2],9,1].
[[3,8,1,0,0,0,2,3,2],23,5].
[[2,8,1,1,2,0,2,1,1],23,12].
[[2,8,0,1,2,2,0,0,0],34,103].
[[3,8,0,1,2,2,2,2,0],29,86].
[[3,9,2,1,2,0,1,1,0],4,22].
[[1,9,2,1,2,2,1,1,0],20,25].
[[2,8,0,1,2,2,1,1,0],9,12].
[[3,8,0,1,2,0,1,2,0],14,13].
[[2,8,0,0,0,0,0,0,0],16,52].
[[3,9,2,0,0,0,1,2,2],10,21].
[[1,5,0,1,2,2,1,1,1],14,0].
[[2,5,0,1,2,2,1,1,1],39,8].
[[2,8,0,0,0,0,1,2,2],29,26].
[[3,8,0,0,0,0,1,1,1],2,4].
[[2,8,1,1,2,2,1,2,1],87,34].
[[3,9,2,1,2,0,1,2,2],16,39].
[[1,8,0,1,2,2,1,2,2],17,16].
[[2,7,1,1,2,2,1,2,2],14,4].
[[2,9,2,1,2,2,2,1,1],36,55].
[[1,5,0,0,0,0,1,1,2],6,0].
[[2,6,1,1,2,0,0,0,0],9,0].
[[3,3,2,1,2,0,0,0,0],8,0].
[[3,4,2,1,2,0,1,2,1],87,2].
[[3,7,1,0,0,0,2,3,2],19,5].
[[3,8,0,1,2,2,1,1,2],7,20].
[[2,9,2,0,0,0,2,3,2],16,44].
[[2,6,1,1,1,2,1,2,2],1,0].
[[1,8,0,0,0,0,2,2,0],18,16].
[[3,7,1,1,2,0,2,2,1],23,6].
[[1,8,1,1,2,2,2,3,0],42,7].
[[2,7,1,1,2,2,2,3,0],16,3].
[[3,7,1,1,2,2,2,3,0],38,11].
[[2,9,2,1,2,0,2,2,0],13,26].
[[3,8,1,1,2,0,1,1,1],17,9].
[[2,7,1,0,0,0,2,3,2],35,5].
[[1,9,2,1,1,2,2,3,1],40,18].
[[2,4,2,1,2,0,2,2,2],19,1].
[[2,7,1,1,1,2,0,0,0],24,7].
[[3,7,1,1,2,0,1,2,2],22,9].
[[2,8,1,0,0,0,0,0,0],31,14].
[[2,8,1,1,1,0,2,3,0],1,2].
[[3,7,1,1,1,0,2,3,0],2,3].
[[2,8,0,0,0,0,2,2,0],28,32].
[[2,9,2,0,0,0,2,2,2],15,33].
[[3,9,2,1,2,2,2,2,2],1,4].
[[3,7,1,1,1,2,2,2,1],36,6].
[[1,6,1,0,0,0,2,3,1],9,2].
[[2,6,1,0,0,0,1,2,1],4,1].
[[1,8,0,0,0,0,1,2,0],2,8].
[[2,7,1,1,2,0,2,2,2],6,1].
[[3,7,1,1,2,0,2,2,2],18,3].
[[1,4,2,1,2,0,0,0,0],14,0].
[[3,5,0,1,2,2,1,1,0],9,3].
[[2,5,0,0,0,0,1,1,1],21,1].
[[3,5,0,0,0,0,1,1,1],16,0].
[[2,5,0,0,0,0,1,2,0],8,1].
[[1,9,2,0,0,0,1,2,1],32,26].
[[2,9,2,0,0,0,1,2,1],29,35].
[[3,8,0,0,0,0,1,2,1],13,11].
[[1,8,0,1,2,2,2,3,2],53,43].
[[3,7,1,1,2,2,1,2,2],55,20].
[[3,5,0,0,0,0,2,2,0],10,1].
[[2,9,2,0,0,0,2,1,1],19,29].
[[3,9,2,0,0,0,2,1,1],5,7].
[[3,8,0,0,0,0,0,0,0],0,3].
[[1,8,0,1,2,2,2,3,0],49,36].
[[3,7,1,1,1,2,2,1,1],28,3].
[[3,7,1,1,1,0,2,3,1],2,3].
[[3,8,0,1,2,2,0,0,0],0,26].
[[3,8,1,1,1,2,2,2,2],39,6].
[[3,8,1,1,1,2,2,2,1],36,14].
[[3,9,2,1,2,2,1,2,1],33,81].
[[3,9,2,1,2,2,2,3,0],5,88].
[[2,9,2,1,1,2,2,3,1],40,21].
[[3,8,0,1,1,2,2,3,1],21,23].
[[3,7,2,1,2,2,2,2,2],31,5].
[[2,7,1,1,2,2,2,2,1],26,3].
[[2,9,2,1,2,2,2,3,1],45,75].
[[1,9,2,0,0,0,1,1,2],23,18].
[[3,8,0,1,1,2,2,3,2],16,45].
[[1,4,2,1,2,0,2,3,0],16,0].
[[2,4,2,1,2,0,2,3,0],50,3].
[[1,2,1,0,0,0,0,0,0],4,0].
[[2,2,1,0,0,0,0,0,0],2,0].
[[3,2,1,0,0,0,0,0,0],1,0].
[[3,9,2,1,2,2,2,3,1],8,24].
[[2,8,0,1,2,0,2,2,1],2,2].
[[3,8,0,1,1,0,1,2,1],1,2].
[[1,8,1,1,1,2,0,0,0],45,9].
[[1,8,1,1,1,2,2,2,1],12,3].
[[2,7,1,1,1,2,2,2,1],5,0].
[[3,3,1,1,1,2,2,2,1],2,0].
[[1,8,1,1,2,2,1,2,2],33,10].
[[1,5,0,1,2,2,2,2,0],10,0].
[[2,5,0,1,2,2,2,2,0],18,1].
[[3,5,0,1,1,2,2,2,0],13,4].
[[2,7,1,1,1,2,2,3,1],10,3].
[[3,1,2,1,2,0,1,2,1],2,0].
[[3,7,0,1,1,2,2,1,1],1,1].
[[2,9,2,1,2,2,0,0,0],5,46].
[[3,9,2,1,2,2,2,1,0],0,8].
[[2,8,0,0,0,0,2,3,1],16,18].
[[3,8,0,1,2,0,2,2,2],4,7].
[[3,7,0,1,1,2,2,3,0],10,9].
[[2,7,1,0,0,0,1,2,1],12,5].
[[3,7,1,0,0,0,1,1,1],8,6].
[[2,3,1,0,0,0,2,1,1],1,1].
[[3,3,1,1,2,2,1,1,1],2,1].
[[2,8,0,1,1,2,2,1,0],12,10].
[[2,7,2,1,2,0,2,3,2],13,2].
[[3,7,2,1,2,0,1,2,2],21,2].
[[1,8,1,1,2,0,1,2,1],1,3].
[[2,8,1,1,1,0,1,1,1],1,1].
[[3,8,1,1,1,0,1,1,1],3,8].
[[2,8,1,1,1,2,2,1,1],33,6].
[[2,3,1,1,2,2,2,3,1],2,0].
[[3,3,1,1,2,2,2,2,1],9,0].
[[2,6,1,1,2,2,2,1,1],8,0].
[[3,3,1,1,2,2,2,1,1],4,0].
[[3,8,0,1,2,2,2,1,1],22,26].
[[1,6,1,1,2,2,2,3,2],5,0].
[[2,6,1,1,2,2,2,3,2],9,0].
[[3,6,1,1,1,2,2,3,2],6,0].
[[1,8,1,1,2,2,2,1,0],21,3].
[[2,6,1,1,2,2,2,1,0],3,0].
[[3,6,1,1,2,2,1,2,0],6,0].
[[2,8,0,0,0,0,2,1,0],17,16].
[[3,8,0,1,2,0,1,2,1],6,15].
[[2,8,1,1,2,0,2,2,1],21,10].
[[3,6,1,1,2,2,2,2,1],17,1].
[[3,8,1,1,1,2,2,1,0],5,1].
[[1,7,2,1,2,2,2,3,1],1,0].
[[2,7,2,1,2,2,1,2,1],7,1].
[[3,7,0,1,2,2,1,2,2],4,5].
[[3,6,1,1,2,0,2,2,0],4,0].
[[1,4,2,1,2,0,1,2,0],6,0].
[[2,4,2,1,2,0,1,2,0],28,0].
[[1,7,2,1,2,2,2,3,2],15,0].
[[2,7,2,1,1,2,1,1,1],1,0].
[[3,7,2,1,1,2,1,1,1],3,3].
[[3,7,1,1,1,0,2,1,0],3,0].
[[3,8,0,1,2,0,1,1,1],9,7].
[[2,8,0,1,2,0,2,1,1],1,5].
[[3,8,0,1,1,0,2,3,0],0,9].
[[2,7,2,1,2,2,2,2,1],7,2].
[[2,8,1,0,0,0,2,1,0],10,3].
[[3,7,1,1,2,0,2,1,0],2,1].
[[3,6,0,1,2,2,0,0,0],1,10].
[[2,9,2,1,2,0,2,3,2],10,28].
[[1,7,1,0,0,0,2,1,1],9,1].
[[2,7,1,1,2,0,1,2,1],1,0].
[[3,3,1,1,2,0,1,2,1],1,0].
[[3,7,2,1,2,2,1,2,2],44,6].
[[1,8,1,1,1,2,2,1,0],5,1].
[[2,7,2,1,1,2,2,1,1],1,1].
[[2,8,1,0,0,0,1,2,1],52,22].
[[3,7,1,0,0,0,1,2,1],18,4].
[[3,6,1,1,2,2,2,3,2],21,0].
[[1,9,2,1,2,0,2,2,0],12,20].
[[2,8,1,1,2,0,2,2,0],10,6].
[[3,8,1,1,2,0,2,2,0],6,4].
[[3,6,1,1,2,0,2,2,2],6,1].
[[1,8,0,1,2,2,1,1,2],7,3].
[[2,7,0,1,2,2,1,1,2],1,0].
[[3,8,0,1,1,2,2,3,0],29,79].
[[2,8,0,1,2,2,2,2,0],39,59].
[[3,8,1,1,2,0,2,3,1],31,13].
[[2,8,1,1,2,0,1,1,2],5,6].
[[3,7,2,1,2,0,1,1,2],9,4].
[[3,9,2,1,2,0,2,2,1],4,6].
[[3,9,2,0,0,0,1,2,0],13,26].
[[3,7,1,1,1,2,2,2,2],40,7].
[[1,3,2,0,0,0,0,0,0],7,0].
[[3,6,1,0,0,0,2,3,2],12,1].
[[2,8,0,1,2,0,2,3,0],9,13].
[[3,6,1,1,2,2,0,0,0],7,0].
[[3,8,1,1,2,0,2,3,2],26,9].
[[2,8,1,1,1,0,2,2,2],1,3].
[[1,8,1,1,2,2,2,2,0],38,7].
[[3,7,0,1,1,2,2,2,1],4,2].
[[3,8,0,1,1,2,1,1,0],14,12].
[[3,7,0,1,2,0,0,0,0],0,3].
[[3,7,1,0,0,0,2,2,2],18,8].
[[3,8,0,1,2,0,2,3,0],7,28].
[[1,8,1,1,1,2,1,2,1],7,1].
[[2,9,2,1,1,2,1,1,2],10,10].
[[3,4,2,1,2,0,2,3,0],70,8].
[[3,7,0,1,2,2,0,0,0],6,10].
[[1,8,1,1,2,0,2,3,0],6,2].
[[2,7,2,1,1,0,2,3,0],0,1].
[[3,7,2,1,1,0,2,3,0],0,1].
[[1,8,0,1,1,2,2,3,0],15,2].
[[1,9,2,1,2,0,2,2,1],2,7].
[[2,9,2,1,1,0,2,2,1],0,3].
[[3,8,0,1,1,0,2,2,1],2,3].
[[2,7,1,0,0,0,1,2,2],8,6].
[[3,4,2,1,2,0,1,1,2],23,3].
[[2,9,2,1,2,0,2,3,1],5,15].
[[1,7,1,0,0,0,2,3,2],8,3].
[[3,7,1,1,1,2,2,3,2],34,12].
[[1,8,0,0,0,0,2,1,0],13,7].
[[3,8,0,1,1,0,1,1,0],1,2].
[[2,8,1,1,2,0,2,3,2],28,17].
[[2,8,1,1,2,0,2,3,0],17,5].
[[2,6,1,1,2,0,2,3,2],5,0].
[[3,9,2,1,2,2,2,1,1],15,29].
[[3,7,0,0,0,0,1,1,0],1,2].
[[1,7,2,0,0,0,2,3,1],6,0].
[[2,7,2,1,2,0,1,2,1],4,1].
[[3,7,2,1,2,0,1,2,1],6,1].
[[1,4,2,1,2,0,2,1,0],6,1].
[[2,9,2,1,2,0,1,2,1],8,20].
[[3,9,2,1,1,0,1,2,1],3,11].
[[3,7,2,0,0,0,2,3,2],17,1].
[[3,8,1,1,2,0,2,1,0],1,2].
[[1,8,0,0,0,0,2,3,1],14,12].
[[2,7,2,1,1,2,2,2,1],3,0].
[[3,7,2,1,1,2,1,2,2],20,2].
[[2,9,2,1,1,2,2,1,0],13,22].
[[1,9,2,1,1,2,1,2,1],15,4].
[[3,7,1,1,2,2,1,2,1],60,12].
[[1,6,0,1,2,2,2,2,2],2,1].
[[2,3,1,1,2,2,2,2,2],3,0].
[[3,3,1,1,2,2,2,2,2],16,0].
[[1,7,2,0,0,0,2,2,2],25,2].
[[2,7,2,0,0,0,2,2,2],30,1].
[[2,8,1,1,1,2,2,2,1],43,6].
[[3,7,1,1,1,0,2,1,1],0,2].
[[2,8,0,1,2,0,2,3,1],7,7].
[[3,7,0,1,2,2,2,3,1],6,5].
[[1,8,1,1,1,2,2,3,1],28,3].
[[2,8,1,1,1,2,1,1,0],6,0].
[[3,7,1,1,1,2,1,1,0],4,0].
[[1,8,0,1,1,2,2,2,2],13,7].
[[2,8,0,1,1,2,1,2,2],33,21].
[[2,6,1,1,2,2,2,3,1],11,0].
[[3,3,1,1,2,2,2,3,1],8,0].
[[3,5,0,1,1,2,1,2,2],6,0].
[[3,5,0,1,2,2,1,2,1],36,2].
[[2,7,1,0,0,0,2,2,2],18,11].
[[2,6,1,0,0,0,2,2,1],10,0].
[[3,6,1,0,0,0,1,1,1],4,0].
[[1,9,2,1,1,2,1,1,2],12,4].
[[3,9,2,1,2,0,2,3,2],2,5].
[[2,2,1,0,0,0,2,2,2],2,0].
[[3,2,1,0,0,0,2,2,2],1,0].
[[3,9,2,0,0,0,2,3,0],1,22].
[[3,7,1,0,0,0,2,3,0],8,3].
[[3,6,1,1,2,2,2,3,1],19,1].
[[3,5,0,0,0,0,1,2,1],10,1].
[[3,7,0,1,1,2,2,2,0],4,10].
[[3,5,0,1,2,0,1,1,1],27,3].
[[1,6,1,1,2,2,0,0,0],25,0].
[[2,6,1,1,2,2,0,0,0],27,0].
[[1,7,1,0,0,0,2,2,1],7,5].
[[2,7,1,0,0,0,2,2,1],18,6].
[[2,8,0,0,0,0,2,2,2],16,25].
[[3,7,0,1,2,2,2,2,2],2,6].
[[3,3,1,0,0,0,0,0,0],6,0].
[[1,8,0,1,2,2,2,1,1],6,4].
[[3,7,0,1,2,2,2,1,1],2,1].
[[1,9,2,1,2,0,2,2,2],9,21].
[[2,9,2,1,2,0,2,2,2],4,11].
[[3,6,1,1,2,0,0,0,0],4,0].
[[3,9,2,1,1,2,2,3,1],4,6].
[[2,9,2,0,0,0,2,1,0],12,15].
[[2,6,1,0,0,0,2,3,2],22,2].
[[3,9,2,1,1,2,2,2,0],3,35].
[[3,8,0,0,0,0,2,3,2],9,16].
[[1,8,0,1,2,2,1,2,0],6,7].
[[2,7,0,1,2,2,1,2,0],0,1].
[[2,8,0,0,0,0,1,2,1],9,5].
[[3,7,0,0,0,0,1,2,1],2,1].
[[3,6,1,0,0,0,1,2,1],6,0].
[[3,8,1,0,0,0,2,2,1],20,3].
[[1,7,2,0,0,0,1,2,2],11,2].
[[2,7,2,1,2,0,1,1,1],2,2].
[[3,7,2,1,2,0,1,1,1],5,4].
[[3,4,2,1,2,0,2,2,2],26,3].
[[1,8,1,1,2,0,2,3,2],17,13].
[[2,9,2,1,2,0,2,1,0],1,9].
[[3,8,0,1,1,0,2,3,1],1,4].
[[3,2,1,0,0,0,1,2,1],1,0].
[[1,8,1,1,2,2,1,1,2],11,2].
[[3,7,1,1,2,0,0,0,0],8,6].
[[1,8,1,1,2,0,2,2,1],19,5].
[[2,7,0,1,1,2,0,0,0],3,4].
[[3,7,0,1,1,2,2,3,1],2,4].
[[2,7,2,1,2,2,1,2,2],15,5].
[[3,3,1,1,1,2,2,3,2],4,0].
[[1,7,1,1,2,2,2,2,2],10,2].
[[1,9,2,1,1,2,1,1,0],4,9].
[[1,9,2,1,2,2,1,1,1],15,11].
[[2,8,0,1,2,2,1,1,1],6,5].
[[2,9,2,1,2,2,1,1,1],15,19].
[[3,5,0,1,2,2,2,2,0],16,2].
[[2,7,1,1,1,2,1,2,1],3,1].
[[1,8,1,0,0,0,2,3,0],56,9].
[[2,5,0,1,2,2,1,2,1],9,0].
[[2,8,0,0,0,0,1,1,2],8,7].
[[2,8,1,1,2,0,1,2,2],29,13].
[[2,8,1,0,0,0,1,1,1],22,21].
[[3,7,1,1,2,0,1,2,1],12,4].
[[3,7,1,0,0,0,1,1,2],6,3].
[[1,8,1,1,2,2,1,2,1],36,14].
[[2,9,2,1,2,0,1,1,2],3,8].
[[3,5,0,1,1,0,1,1,1],7,7].
[[2,7,1,1,2,2,2,2,0],13,0].
[[3,7,1,1,2,2,2,2,0],27,6].
[[2,7,0,0,0,0,0,0,0],6,5].
[[3,7,0,0,0,0,2,3,0],6,5].
[[3,6,1,1,2,0,2,3,1],11,0].
[[3,3,1,1,1,2,1,2,1],1,0].
[[2,7,1,1,2,0,2,3,2],6,6].
[[2,6,0,0,0,0,2,2,2],2,0].
[[3,6,0,1,2,2,2,2,2],3,3].
[[1,8,1,1,2,0,1,2,2],5,4].
[[3,6,1,1,2,0,1,2,2],10,0].
[[2,8,0,1,2,0,1,2,0],3,7].
[[3,9,2,1,2,0,2,2,0],4,13].
[[1,5,0,0,0,0,1,2,1],3,1].
[[2,9,2,1,2,0,1,2,0],14,25].
[[3,9,2,1,1,0,1,2,0],2,20].
[[2,4,2,1,2,0,2,1,0],11,2].
[[2,8,1,1,1,2,1,1,1],6,4].
[[1,6,0,1,2,2,2,1,1],1,0].
[[2,3,1,1,2,2,1,1,2],1,0].
[[3,3,1,1,2,2,1,1,2],3,0].
[[2,5,0,1,2,0,1,2,0],3,1].
[[3,5,0,1,2,0,1,2,0],7,2].
[[3,6,1,0,0,0,1,2,2],9,0].
[[2,8,0,1,1,2,1,2,0],13,9].
[[3,8,0,1,2,0,2,3,1],8,7].
[[1,8,1,1,2,2,1,2,0],9,1].
[[2,7,2,0,0,0,1,2,2],15,3].
[[2,6,1,1,1,2,2,2,2],2,0].
[[3,3,2,1,1,2,2,2,2],2,0].
[[3,1,2,1,2,0,2,3,0],1,0].
[[1,6,1,0,0,0,1,1,1],1,0].
[[2,6,1,0,0,0,1,1,1],2,0].
[[2,5,0,1,1,2,1,2,0],10,0].
[[3,8,1,1,2,0,1,1,2],5,7].
[[2,9,2,0,0,0,1,1,2],12,10].
[[3,8,1,0,0,0,1,1,2],5,2].
[[3,9,2,1,2,0,1,1,2],1,7].
[[1,8,1,0,0,0,1,1,1],8,14].
[[3,7,1,0,0,0,2,3,1],16,4].
[[1,7,2,1,2,2,2,2,1],3,0].
[[3,7,2,1,2,2,1,1,0],5,1].
[[2,6,0,1,1,2,2,3,2],1,2].
[[3,6,0,1,1,2,2,3,2],5,4].
[[3,8,1,1,1,0,2,2,1],3,10].
[[3,9,2,0,0,0,2,2,1],3,5].
[[2,7,0,0,0,0,2,3,2],1,4].
[[3,7,0,1,2,0,2,3,2],1,3].
[[2,7,0,0,0,0,2,2,2],0,4].
[[3,7,0,1,2,0,1,2,2],1,2].
[[2,6,1,0,0,0,2,1,1],7,0].
[[3,3,2,0,0,0,1,1,2],3,0].
[[3,8,1,1,2,0,2,2,1],14,9].
[[3,5,0,1,2,0,2,3,0],4,0].
[[3,8,1,0,0,0,2,3,0],9,5].
[[3,8,1,1,2,2,2,1,0],3,6].
[[3,6,1,1,1,2,2,1,1],7,0].
[[1,6,1,0,0,0,2,2,2],12,0].
[[2,6,1,0,0,0,1,2,2],4,0].
[[3,9,2,1,2,2,2,2,1],6,26].
[[2,7,0,1,2,2,2,2,1],1,2].
[[3,7,0,1,2,2,2,2,1],2,5].
[[3,7,1,0,0,0,2,1,0],3,2].
[[3,6,0,1,1,2,2,1,0],1,1].
[[3,7,1,1,1,2,1,1,1],7,4].
[[3,9,2,1,2,0,2,1,1],1,13].
[[3,8,1,1,1,0,1,1,2],1,5].
[[2,7,2,1,2,2,2,3,1],12,0].
[[3,7,2,1,2,2,2,3,1],14,0].
[[3,8,1,1,1,0,2,3,1],8,10].
[[2,8,1,1,2,0,2,1,0],3,3].
[[3,6,1,1,2,0,2,1,0],2,0].
[[2,8,0,1,2,0,2,2,0],2,10].
[[3,8,0,1,1,0,2,2,0],1,8].
[[2,6,0,0,0,0,0,0,0],2,5].
[[3,6,0,1,2,2,2,3,2],3,5].
[[2,8,0,1,2,2,1,1,2],11,8].
[[1,9,2,1,2,0,2,1,0],4,7].
[[2,7,2,1,1,0,2,3,2],1,2].
[[3,7,2,1,2,0,2,2,1],5,1].
[[3,6,1,1,2,2,2,2,2],8,0].
[[3,4,2,1,2,0,2,1,0],15,1].
[[3,7,2,1,1,2,2,3,2],15,3].
[[1,7,1,1,2,2,2,3,1],7,2].
[[2,8,0,1,2,0,2,3,2],10,7].
[[3,8,0,1,2,0,2,3,2],15,14].
[[3,8,0,0,0,0,2,2,1],4,6].
[[3,7,0,1,1,2,2,3,2],1,2].
[[2,8,0,1,2,2,1,2,1],20,19].
[[3,7,2,0,0,0,1,1,1],4,3].
[[2,3,2,1,2,0,2,2,2],1,0].
[[2,7,0,1,1,2,2,3,2],1,3].
[[3,7,0,1,1,2,1,2,2],1,4].
[[3,8,1,1,1,0,1,2,0],3,3].
[[3,6,1,1,1,0,2,1,1],2,0].
[[2,6,1,0,0,0,2,3,1],15,1].
[[3,6,1,1,1,2,2,3,1],5,0].
[[1,5,0,0,0,0,1,1,1],8,1].
[[2,5,0,1,2,0,1,1,1],7,3].
[[2,8,0,1,2,0,2,2,2],5,13].
[[3,8,0,1,1,0,1,2,2],3,5].
[[2,7,2,0,0,0,2,2,1],4,2].
[[2,7,1,0,0,0,2,1,1],11,1].
[[3,7,1,0,0,0,0,0,0],4,4].
[[3,7,1,0,0,0,1,1,0],3,0].
[[3,7,0,0,0,0,2,3,1],1,2].
[[3,6,1,0,0,0,2,2,2],6,0].
[[3,6,1,1,1,2,2,3,0],2,0].
[[1,1,2,1,2,0,1,1,1],1,0].
[[2,1,2,1,2,0,1,1,1],3,0].
[[3,1,2,1,2,0,1,1,1],5,0].
[[3,6,1,1,1,2,1,2,2],7,0].
[[1,8,1,1,1,2,2,2,2],26,1].
[[3,3,1,1,2,0,2,2,2],3,0].
[[2,5,0,1,1,2,1,2,1],4,0].
[[1,7,2,1,2,2,2,3,0],2,0].
[[2,7,2,1,2,2,2,2,2],23,6].
[[3,7,2,1,2,2,1,2,0],11,0].
[[2,4,2,1,2,0,1,2,1],23,1].
[[3,9,2,1,1,0,1,1,2],0,3].
[[1,8,1,1,1,2,1,1,1],1,1].
[[3,6,1,1,1,0,2,3,2],1,1].
[[3,8,0,1,2,0,0,0,0],0,10].
[[1,8,1,1,2,0,1,2,0],1,1].
[[2,7,1,1,2,0,1,2,0],2,1].
[[3,7,1,1,2,0,1,2,0],5,1].
[[3,7,1,1,1,0,2,2,0],1,0].
[[3,8,0,0,0,0,2,1,1],7,10].
[[3,8,1,1,1,0,1,2,1],13,11].
[[3,6,0,0,0,0,2,3,1],0,1].
[[2,5,0,1,2,0,1,1,2],5,0].
[[1,9,2,1,2,0,2,3,1],5,9].
[[2,7,0,0,0,0,2,3,0],3,1].
[[3,8,0,0,0,0,2,2,2],3,7].
[[2,8,0,1,2,0,1,1,2],0,2].
[[3,6,0,1,2,2,1,1,2],0,2].
[[3,8,1,1,1,0,2,2,2],5,5].
[[3,3,1,1,2,0,0,0,0],4,0].
[[2,7,2,1,1,2,2,3,1],1,0].
[[3,7,2,1,1,2,2,3,1],5,0].
[[3,5,0,0,0,0,1,2,2],3,0].
[[2,8,0,1,2,0,1,2,2],3,7].
[[2,7,2,0,0,0,0,0,0],22,2].
[[3,1,2,1,2,0,1,2,0],5,0].
[[1,6,1,0,0,0,2,3,2],14,0].
[[2,3,2,0,0,0,2,3,2],5,0].
[[3,3,2,0,0,0,1,2,2],2,0].
[[2,9,2,1,2,0,0,0,0],0,12].
[[2,6,1,1,2,2,2,2,2],7,0].
[[3,6,1,1,2,2,1,1,2],2,0].
[[3,5,0,1,2,0,1,2,1],12,0].
[[2,8,0,0,0,0,1,1,1],1,6].
[[3,7,1,1,2,0,2,1,1],10,8].
[[1,8,0,1,1,2,2,2,0],9,3].
[[3,7,0,0,0,0,1,2,2],1,5].
[[2,3,2,1,2,2,2,3,2],6,0].
[[3,3,2,1,1,2,2,3,2],2,0].
[[3,7,0,0,0,0,0,0,0],1,4].
[[3,7,1,1,1,2,2,2,0],8,6].
[[2,8,1,1,1,2,1,2,0],15,0].
[[3,7,1,1,1,2,1,2,0],12,0].
[[2,7,2,0,0,0,2,3,1],8,0].
[[3,7,2,0,0,0,2,2,2],11,0].
[[3,8,1,0,0,0,2,3,1],26,4].
[[3,9,2,0,0,0,2,3,1],0,8].
[[1,4,2,1,2,0,2,3,1],5,1].
[[3,6,1,0,0,0,2,2,0],3,0].
[[3,7,2,1,2,2,2,2,1],15,1].
[[2,8,0,1,2,0,1,2,1],3,2].
[[3,7,0,1,2,0,1,2,1],1,0].
[[3,8,0,0,0,0,2,1,0],1,8].
[[3,3,2,1,2,2,2,3,1],5,0].
[[2,7,2,1,1,2,2,3,2],5,1].
[[1,9,2,1,2,0,2,1,1],4,8].
[[3,8,1,1,2,0,2,3,0],3,4].
[[2,7,0,1,2,2,2,2,2],2,3].
[[2,3,2,1,2,2,0,0,0],5,0].
[[3,3,2,1,1,2,2,3,1],2,0].
[[1,7,2,0,0,0,2,2,0],2,0].
[[1,5,0,0,0,0,2,2,0],8,0].
[[2,5,0,0,0,0,2,2,0],9,1].
[[3,8,0,1,1,2,1,1,2],7,14].
[[3,8,1,0,0,0,1,1,0],13,2].
[[2,5,0,1,1,2,2,2,0],10,1].
[[3,8,0,1,2,0,1,1,2],2,6].
[[3,7,1,1,1,0,2,3,2],0,5].
[[2,8,1,1,1,2,0,0,0],14,3].
[[2,7,0,1,2,2,2,3,1],1,0].
[[2,9,2,1,1,0,0,0,0],0,3].
[[3,4,0,1,2,0,2,1,0],0,1].
[[3,7,2,1,1,0,1,2,1],2,3].
[[2,8,1,1,1,0,1,2,1],3,1].
[[3,7,1,1,1,0,1,2,1],1,2].
[[1,6,0,0,0,0,0,0,0],2,1].
[[2,3,1,0,0,0,0,0,0],6,0].
[[3,8,0,0,0,0,1,1,2],2,5].
[[2,7,2,0,0,0,2,1,0],1,0].
[[3,7,0,1,2,2,2,3,2],4,9].
[[2,7,0,1,2,2,2,3,2],2,1].
[[3,6,1,1,2,2,2,2,0],6,0].
[[1,8,0,1,1,2,2,2,1],6,2].
[[3,9,2,0,0,0,1,1,1],1,11].
[[1,6,1,1,2,2,2,3,1],2,0].
[[2,2,1,1,2,2,2,3,1],1,0].
[[3,2,1,1,2,2,2,3,1],2,0].
[[3,7,2,0,0,0,2,2,1],0,1].
[[2,9,2,1,1,0,2,2,0],1,5].
[[3,6,0,1,1,2,2,2,0],1,5].
[[3,7,2,1,2,0,2,3,1],7,0].
[[2,6,0,1,2,2,2,3,0],4,4].
[[3,6,0,1,1,2,2,3,0],3,4].
[[1,7,2,0,0,0,2,2,1],2,0].
[[3,7,0,1,2,2,1,1,0],2,0].
[[2,8,0,1,1,2,1,1,2],7,5].
[[3,7,0,1,1,2,1,1,2],1,0].
[[2,6,0,1,2,2,0,0,0],8,10].
[[1,8,1,1,2,2,1,1,1],8,5].
[[2,6,0,1,1,2,2,2,2],2,0].
[[3,6,0,1,1,2,1,2,2],2,1].
[[3,5,0,1,1,2,1,1,0],3,0].
[[3,8,0,1,1,0,1,2,0],2,7].
[[3,7,0,1,1,2,0,0,0],1,9].
[[2,8,1,1,1,2,2,1,0],11,4].
[[1,5,0,1,2,0,2,2,0],2,1].
[[2,5,0,1,2,0,2,2,0],4,2].
[[3,7,0,1,2,0,2,2,2],0,2].
[[3,7,2,0,0,0,2,1,1],5,1].
[[1,6,1,0,0,0,2,3,0],2,0].
[[2,6,1,0,0,0,2,3,0],5,0].
[[1,7,2,1,2,0,1,1,2],0,1].
[[2,7,2,1,2,0,1,1,2],1,1].
[[3,3,2,1,2,2,2,2,2],9,0].
[[3,9,2,1,1,0,2,2,1],1,4].
[[3,6,1,0,0,0,0,0,0],7,0].
[[3,9,2,1,1,2,2,1,0],0,5].
[[3,7,2,1,1,2,1,1,0],3,0].
[[3,8,1,1,1,0,2,1,1],5,5].
[[2,6,1,1,1,2,2,1,1],1,0].
[[3,6,1,1,1,2,1,2,1],4,0].
[[3,5,0,1,1,2,1,2,1],22,0].
[[1,6,0,1,2,2,2,3,0],0,3].
[[3,6,0,1,2,2,1,2,0],5,1].
[[3,9,2,1,1,0,1,1,0],1,10].
[[2,6,1,1,2,0,2,2,1],2,1].
[[3,6,1,1,2,0,2,2,1],5,1].
[[1,7,2,1,2,2,1,2,2],4,1].
[[3,3,2,0,0,0,2,3,2],7,0].
[[2,6,0,1,2,2,2,1,0],1,2].
[[3,3,1,1,2,2,2,1,0],3,0].
[[3,6,0,0,0,0,2,3,2],0,1].
[[2,7,0,1,2,2,2,3,0],4,2].
[[2,8,1,1,1,2,1,1,2],8,1].
[[2,7,1,1,1,2,2,2,2],12,2].
[[1,9,2,1,2,0,1,1,0],0,3].
[[2,7,1,0,0,0,1,1,1],0,2].
[[1,9,2,1,2,0,1,1,2],3,3].
[[1,8,0,1,1,2,2,1,1],1,4].
[[2,6,0,1,1,2,2,1,1],0,2].
[[3,6,0,1,1,2,2,1,1],2,4].
[[2,7,1,1,2,2,1,1,2],4,1].
[[3,7,1,1,2,2,2,1,0],15,4].
[[3,8,1,0,0,0,2,2,0],2,5].
[[3,8,1,1,1,2,1,1,2],13,4].
[[3,6,1,1,1,2,2,2,1],5,0].
[[1,8,1,1,2,0,2,1,1],7,0].
[[3,6,1,1,2,0,1,1,1],5,1].
[[3,7,0,1,2,2,2,1,0],6,2].
[[3,6,1,0,0,0,1,2,0],1,0].
[[2,6,0,1,2,2,2,3,2],3,2].
[[2,7,1,1,1,2,2,2,0],1,3].
[[3,7,2,1,1,0,2,2,2],3,3].
[[3,5,0,1,2,0,1,1,0],3,1].
[[3,7,2,1,2,0,2,3,0],3,0].
[[2,5,0,1,2,2,2,3,0],3,0].
[[3,7,2,1,2,0,0,0,0],5,0].
[[1,7,2,1,2,2,2,2,2],10,2].
[[2,7,2,1,1,2,1,1,2],3,0].
[[3,7,2,1,1,2,1,1,2],5,3].
[[3,5,0,0,0,0,1,1,2],10,0].
[[1,8,1,1,2,2,1,1,0],5,0].
[[2,7,1,1,1,2,1,1,0],1,0].
[[1,8,0,0,0,0,1,1,2],4,1].
[[2,6,0,1,2,2,1,1,2],0,2].
[[3,6,0,1,1,2,1,2,0],2,3].
[[2,9,2,1,1,0,2,2,2],0,5].
[[1,7,1,0,0,0,2,1,0],1,0].
[[2,7,1,1,2,2,2,1,0],6,0].
[[1,9,2,1,2,0,1,2,0],6,12].
[[2,9,2,1,1,0,1,2,0],2,4].
[[3,7,1,1,2,0,2,3,0],16,4].
[[3,6,0,1,2,2,2,2,1],2,5].
[[3,9,2,0,0,0,2,1,0],0,1].
[[3,9,2,0,0,0,0,0,0],0,1].
[[2,6,0,1,1,2,0,0,0],2,5].
[[3,5,0,1,2,0,2,2,0],5,0].
[[3,7,2,1,2,0,2,1,1],3,1].
[[3,7,1,1,2,0,2,2,0],7,1].
[[2,4,2,1,2,0,1,1,1],10,0].
[[3,7,2,1,2,2,1,1,2],6,2].
[[3,7,2,0,0,0,2,3,1],4,1].
[[3,6,0,1,1,2,1,1,2],0,1].
[[2,7,2,1,2,2,2,1,1],4,0].
[[3,7,2,1,2,2,2,1,1],10,0].
[[2,8,0,1,2,0,1,1,0],2,2].
[[3,7,0,1,2,0,1,1,0],2,0].
[[2,6,0,1,2,2,2,2,2],4,5].
[[3,6,0,1,1,2,2,2,2],0,4].
[[2,3,2,0,0,0,2,2,2],6,0].
[[3,3,2,0,0,0,1,2,1],1,0].
[[3,9,2,1,1,0,2,2,2],0,3].
[[3,7,1,1,1,2,1,1,2],7,3].
[[3,6,1,1,1,2,0,0,0],4,0].
[[3,7,2,1,2,2,1,1,1],3,2].
[[2,8,1,1,1,0,2,2,1],2,0].
[[3,7,2,1,1,0,1,2,2],8,3].
[[3,8,0,1,2,0,2,1,0],0,4].
[[3,3,1,1,2,2,1,2,2],4,1].
[[2,7,1,1,2,0,2,3,1],7,1].
[[2,5,0,0,0,0,2,3,0],2,0].
[[2,9,2,1,1,0,1,1,2],0,1].
[[3,8,0,1,1,0,1,1,2],0,2].
[[3,9,2,1,1,0,1,1,1],1,8].
[[2,8,1,1,1,0,1,2,2],2,5].
[[3,8,1,1,2,0,1,1,0],10,3].
[[2,7,2,1,2,2,2,2,0],1,0].
[[2,9,2,1,1,0,1,1,0],0,1].
[[3,4,0,1,2,0,1,1,0],0,1].
[[3,6,1,1,1,0,0,0,0],2,0].
[[3,5,0,1,1,0,2,2,0],3,1].
[[2,7,2,1,2,0,2,2,0],2,0].
[[3,7,2,1,2,0,1,1,0],3,0].
[[3,6,0,1,2,2,2,3,0],4,10].
[[1,7,2,1,2,0,2,3,2],2,2].
[[2,7,2,1,2,0,1,2,2],9,2].
[[3,7,2,1,1,0,1,1,1],0,1].
[[3,7,1,1,1,0,2,2,2],2,2].
[[2,8,1,1,2,2,1,1,0],11,2].
[[3,9,2,1,1,0,2,3,2],0,1].
[[1,7,2,1,2,0,2,2,2],2,3].
[[3,6,0,1,2,2,2,2,0],6,6].
[[1,7,1,1,2,2,2,1,1],2,2].
[[2,6,1,1,2,0,2,3,1],4,1].
[[3,6,1,1,1,0,2,3,1],2,1].
[[3,7,2,1,1,2,1,2,1],4,0].
[[3,7,2,1,1,2,2,2,1],4,0].
[[3,5,0,1,1,0,1,2,1],2,4].
[[2,3,2,1,2,0,2,3,1],1,0].
[[3,3,2,1,2,0,2,3,1],1,0].
[[3,4,2,1,2,0,0,0,0],7,3].
[[2,7,1,1,1,2,1,1,1],2,0].
[[1,4,2,1,2,0,2,2,1],4,0].
[[3,6,1,0,0,0,2,3,1],8,0].
[[2,7,1,1,1,2,2,1,1],6,1].
[[3,7,0,0,0,0,2,2,2],1,3].
[[3,8,1,1,2,2,0,0,0],0,3].
[[3,7,2,0,0,0,0,0,0],1,1].
[[2,3,2,1,2,0,0,0,0],4,0].
[[3,3,2,1,2,0,2,2,1],2,0].
[[3,4,0,1,2,0,1,1,2],0,1].
[[3,7,2,0,0,0,1,2,1],7,2].
[[2,5,0,1,2,0,1,2,1],2,1].
[[3,8,1,1,1,0,2,2,0],1,2].
[[2,5,0,0,0,0,1,2,1],8,0].
[[3,8,0,1,1,0,1,1,1],0,2].
[[3,3,2,0,0,0,2,2,2],1,0].
[[3,3,1,0,0,0,2,3,2],6,0].
[[3,6,1,1,2,2,2,1,1],6,0].
[[3,9,2,0,0,0,2,3,2],0,8].
[[3,9,2,1,2,0,2,3,1],1,4].
[[2,8,1,1,1,0,2,1,0],2,0].
[[3,2,1,0,0,0,2,2,1],1,0].
[[1,4,2,1,2,0,2,1,1],6,0].
[[2,4,2,1,2,0,1,1,2],5,1].
[[2,7,2,1,2,2,2,3,0],3,0].
[[3,7,2,1,1,2,2,1,1],3,0].
[[1,6,1,0,0,0,2,1,0],1,0].
[[2,8,0,1,1,2,1,1,1],2,1].
[[3,6,1,1,1,0,1,2,1],0,1].
[[3,3,2,1,2,2,1,2,1],1,0].
[[3,7,2,1,2,2,2,3,0],2,0].
[[1,7,2,0,0,0,1,2,1],2,0].
[[3,6,0,0,0,0,1,2,2],2,1].
[[3,7,0,1,1,2,1,2,0],2,3].
[[3,8,0,1,1,0,2,2,2],0,3].
[[3,8,1,1,1,2,2,2,0],2,4].
[[2,7,1,0,0,0,2,1,0],3,0].
[[3,7,1,1,2,0,1,1,0],4,0].
[[3,7,0,1,2,2,2,2,0],2,9].
[[2,7,2,0,0,0,1,1,2],5,1].
[[2,6,1,1,2,0,2,2,2],3,0].
[[2,9,2,1,1,0,2,3,0],0,4].
[[3,9,2,1,1,0,2,3,0],0,12].
[[2,6,0,0,0,0,2,3,2],2,0].
[[3,6,1,1,2,0,2,3,2],10,1].
[[3,9,2,1,1,2,0,0,0],0,2].
[[3,7,0,0,0,0,2,2,0],0,4].
[[3,7,0,1,2,2,1,2,0],5,1].
[[1,6,1,1,2,2,2,2,2],3,0].
[[2,3,2,1,2,2,2,2,2],4,0].
[[2,7,0,0,0,0,2,1,0],2,0].
[[3,7,2,1,2,0,1,2,0],4,0].
[[2,9,2,1,1,0,2,1,1],2,4].
[[3,4,0,1,2,0,2,1,1],0,1].
[[2,5,0,1,1,2,1,1,0],1,0].
[[2,7,0,1,1,2,2,3,1],0,1].
[[3,7,0,1,1,2,1,2,1],2,1].
[[3,6,1,1,2,2,1,1,1],5,0].
[[1,9,2,1,2,0,1,2,1],2,9].
[[3,3,1,1,2,0,2,3,2],5,0].
[[3,6,1,0,0,0,2,2,1],3,0].
[[1,7,2,1,2,0,1,2,2],1,1].
[[2,7,2,1,1,0,1,1,1],0,1].
[[3,7,1,1,1,0,1,1,1],0,1].
[[2,7,2,0,0,0,1,2,1],6,0].
[[3,3,1,1,2,0,2,3,1],1,1].
[[3,7,1,1,1,0,1,2,2],1,2].
[[2,8,1,1,1,0,2,3,1],2,5].
[[2,7,1,1,2,0,2,3,0],2,1].
[[3,6,0,1,2,2,2,1,0],1,6].
[[2,7,1,0,0,0,2,2,0],6,0].
[[1,6,0,1,2,2,2,1,0],0,1].
[[2,6,0,1,1,2,1,1,0],0,1].
[[3,6,0,1,1,2,1,1,0],0,1].
[[3,9,2,1,1,0,2,1,1],0,3].
[[3,3,2,1,2,0,2,3,2],5,0].
[[2,7,0,0,0,0,2,2,0],1,0].
[[2,7,2,1,2,2,1,1,0],1,0].
[[3,3,2,1,2,2,1,1,0],1,0].
[[3,9,2,1,1,0,0,0,0],0,2].
[[2,6,1,1,1,2,2,2,1],1,0].
[[3,3,1,1,1,2,2,2,2],3,0].
[[3,7,2,0,0,0,1,1,2],3,1].
[[3,5,0,1,1,0,1,2,2],2,1].
[[2,6,1,1,2,2,2,2,0],5,0].
[[3,3,1,1,2,2,2,2,0],4,0].
[[1,5,0,0,0,0,2,3,0],1,0].
[[1,6,1,1,2,2,2,2,1],1,0].
[[1,1,2,1,2,0,1,1,2],1,0].
[[2,1,2,1,2,0,1,1,2],1,0].
[[3,1,2,1,2,0,1,1,2],3,0].
[[2,8,0,1,1,2,1,1,0],1,6].
[[1,8,0,0,0,0,1,1,1],0,1].
[[2,8,0,1,2,0,1,1,1],0,1].
[[2,6,0,1,1,2,2,3,0],1,2].
[[3,3,2,1,2,2,2,2,1],1,0].
[[2,5,0,1,2,0,2,3,0],2,1].
[[2,6,1,1,2,2,1,2,2],2,0].
[[1,8,1,1,1,2,1,2,0],1,0].
[[2,7,2,1,1,2,1,2,0],1,0].
[[3,7,2,1,1,2,1,2,0],1,0].
[[1,8,1,1,1,2,2,3,0],4,0].
[[1,7,1,0,0,0,2,3,1],5,0].
[[2,7,1,0,0,0,1,2,0],2,0].
[[2,7,1,1,2,2,1,2,0],3,0].
[[2,3,1,1,2,2,0,0,0],12,0].
[[1,7,1,0,0,0,1,2,1],2,1].
[[3,6,1,1,2,0,2,1,1],5,1].
[[3,7,1,1,2,0,1,1,1],3,4].
[[2,6,1,0,0,0,2,2,0],2,0].
[[3,6,1,0,0,0,2,1,1],1,0].
[[1,8,1,1,2,0,2,1,0],3,1].
[[2,7,0,1,1,2,2,3,0],1,1].
[[1,5,0,0,0,0,1,2,0],2,0].
[[2,7,2,0,0,0,2,3,0],3,0].
[[1,8,1,1,2,0,1,1,2],0,2].
[[2,7,2,1,1,0,1,1,2],0,1].
[[3,7,0,1,2,0,2,1,0],0,1].
[[3,6,1,1,2,0,1,2,0],4,0].
[[3,7,1,1,2,0,1,1,2],2,2].
[[3,7,0,1,1,2,1,1,0],1,3].
[[3,9,2,1,2,2,0,0,0],0,6].
[[2,7,2,1,2,2,1,1,2],2,0].
[[2,7,1,1,2,0,2,2,1],3,4].
[[3,7,0,0,0,0,2,3,2],1,1].
[[1,4,2,1,2,0,1,2,1],1,0].
[[2,7,0,1,1,2,2,2,0],4,0].
[[2,6,1,1,2,2,2,3,0],2,0].
[[2,6,1,1,2,2,1,2,1],3,0].
[[1,7,2,1,2,0,0,0,0],7,2].
[[3,3,1,1,1,2,0,0,0],6,0].
[[1,3,2,0,0,0,2,3,2],1,0].
[[2,3,2,1,2,2,1,2,2],2,0].
[[3,3,2,1,1,2,1,2,2],1,0].
[[1,6,1,0,0,0,2,2,1],2,0].
[[2,2,1,0,0,0,2,1,1],1,0].
[[3,2,1,1,2,2,2,1,1],2,0].
[[2,7,0,1,1,2,2,2,2],2,1].
[[3,6,1,1,2,0,1,2,1],7,0].
[[3,6,1,0,0,0,2,1,0],1,0].
[[3,9,2,1,1,0,2,3,1],0,3].
[[3,7,1,1,1,0,1,2,0],0,3].
[[2,7,2,0,0,0,1,1,1],0,1].
[[2,8,1,1,1,0,1,1,2],0,1].
[[3,6,0,1,2,2,1,2,2],4,2].
[[2,6,0,0,0,0,2,2,1],0,1].
[[3,3,0,0,0,0,2,2,1],0,1].
[[3,9,2,1,2,0,2,2,2],0,2].
[[2,7,2,1,1,2,2,2,0],1,0].
[[3,7,2,1,1,2,2,2,0],1,0].
[[2,7,2,1,1,2,1,2,2],3,1].
[[3,7,0,1,2,2,1,2,1],0,1].
[[1,7,1,1,2,2,2,2,1],3,0].
[[1,4,2,1,2,0,1,1,2],1,0].
[[1,3,2,0,0,0,2,2,1],1,0].
[[2,3,2,0,0,0,2,2,1],1,0].
[[3,3,2,1,2,0,1,1,1],1,0].
[[3,9,2,0,0,0,1,1,2],3,4].
[[3,6,1,1,2,0,1,1,2],1,0].
[[3,5,0,1,1,2,2,3,0],4,0].
[[1,7,2,0,0,0,2,1,1],3,0].
[[2,7,2,0,0,0,2,1,1],6,0].
[[3,7,0,1,2,0,2,3,1],2,0].
[[1,4,2,1,2,0,1,1,1],1,0].
[[3,7,2,0,0,0,2,2,0],3,0].
[[2,7,1,1,1,2,1,2,2],8,1].
[[3,3,1,1,1,2,1,2,2],4,0].
[[2,6,1,1,1,2,0,0,0],3,0].
[[1,8,1,1,2,0,1,1,1],2,0].
[[2,7,1,1,2,0,2,1,1],3,1].
[[2,7,0,1,2,2,2,2,0],3,0].
[[3,7,0,0,0,0,1,2,0],2,0].
[[3,6,0,0,0,0,0,0,0],0,1].
[[3,6,0,0,0,0,1,2,0],2,0].
[[2,7,0,1,1,2,1,2,2],0,1].
[[1,5,0,1,2,0,1,1,1],0,1].
[[2,5,0,1,1,0,1,1,1],0,1].
[[2,1,2,1,2,0,2,3,0],1,0].
[[1,6,1,0,0,0,2,2,0],1,0].
[[2,6,1,0,0,0,1,1,0],1,0].
[[3,6,1,1,2,0,1,1,0],2,0].
[[3,8,1,0,0,0,2,1,0],3,0].
[[2,5,0,1,1,2,2,3,0],2,0].
[[1,7,1,1,2,2,2,1,0],1,0].
[[2,7,1,1,2,2,1,1,0],3,0].
[[2,7,2,1,2,2,1,1,1],1,1].
[[3,8,0,1,1,0,2,1,0],0,1].
[[1,8,0,0,0,0,1,1,0],2,1].
[[2,1,2,1,2,0,2,2,0],1,0].
[[3,1,2,1,2,0,2,2,0],1,0].
[[2,7,2,1,1,2,2,2,2],5,0].
[[2,7,1,1,2,0,1,2,2],2,0].
[[3,7,0,1,2,0,2,3,0],2,2].
[[3,3,1,1,1,2,2,3,1],3,0].
[[1,6,0,1,2,2,0,0,0],5,8].
[[3,7,2,1,1,0,2,1,1],1,0].
[[3,3,1,1,2,0,1,2,0],1,0].
[[1,8,1,0,0,0,1,1,0],3,0].
[[3,6,0,0,0,0,2,2,0],0,1].
[[2,6,1,1,1,2,2,3,2],2,0].
[[1,3,2,0,0,0,2,1,1],1,0].
[[2,3,2,1,2,0,2,1,1],1,0].
[[3,3,2,1,2,0,2,1,1],1,0].
[[1,5,0,1,2,2,2,3,0],1,0].
[[1,6,1,1,2,2,2,1,1],2,0].
[[1,7,1,1,2,2,2,2,0],1,0].
[[3,7,0,1,2,0,1,2,0],0,2].
[[2,6,0,1,2,2,2,2,0],3,1].
[[2,8,1,1,1,0,2,1,1],1,1].
[[3,7,0,1,2,2,1,1,1],0,1].
[[3,9,2,1,2,0,2,1,0],0,3].
[[2,2,1,1,2,2,0,0,0],2,0].
[[3,2,1,1,2,2,2,2,1],1,0].
[[2,7,2,0,0,0,2,2,0],2,0].
[[1,9,2,1,2,0,1,1,1],1,1].
[[2,9,2,1,1,0,1,1,1],1,1].
[[2,6,0,0,0,0,2,3,0],1,1].
[[3,6,0,1,2,0,2,3,0],0,1].
[[3,6,0,1,1,2,1,2,1],1,1].
[[2,8,0,1,2,0,2,1,0],1,2].
[[1,7,1,1,2,2,1,2,1],2,0].
[[2,6,0,1,1,2,1,2,2],2,0].
[[2,5,0,1,1,2,1,2,2],2,0].
[[3,7,1,1,1,0,2,2,1],2,2].
[[3,2,1,1,2,0,2,2,2],3,0].
[[2,5,0,0,0,0,1,2,2],1,0].
[[2,7,1,0,0,0,1,1,2],1,1].
[[3,3,1,1,2,2,2,3,0],1,0].
[[3,3,2,0,0,0,2,2,1],1,0].
[[1,7,1,0,0,0,2,2,0],2,0].
[[1,7,2,0,0,0,1,1,1],1,0].
[[3,6,1,1,2,2,2,1,0],3,0].
[[2,9,2,1,1,0,1,2,1],0,2].
[[2,6,0,1,2,2,1,2,2],1,0].
[[2,6,0,1,1,2,2,3,1],0,1].
[[3,6,0,1,1,2,2,3,1],1,1].
[[3,8,1,1,1,0,2,3,0],3,0].
[[1,6,0,0,0,0,2,2,2],1,0].
[[2,7,2,1,2,0,1,2,0],1,0].
[[3,8,1,1,1,2,0,0,0],0,1].
[[2,7,1,1,1,2,1,2,0],1,0].
[[3,7,0,1,2,0,2,2,0],2,1].
[[2,7,2,1,2,0,1,1,0],1,0].
[[2,9,2,1,1,0,2,3,1],0,2].
[[1,7,2,0,0,0,2,3,0],2,0].
[[1,6,1,0,0,0,1,2,1],2,0].
[[2,6,1,1,2,2,1,1,1],2,0].
[[3,6,0,0,0,0,2,2,2],0,1].
[[3,3,2,1,2,2,1,2,2],7,0].
[[3,7,0,1,1,2,2,1,0],1,2].
[[3,2,1,1,2,2,1,1,1],1,0].
[[2,7,2,1,2,0,2,3,1],1,0].
[[1,8,0,1,1,2,2,1,0],3,2].
[[3,8,1,1,1,0,1,1,0],0,3].
[[3,9,2,1,1,0,2,2,0],0,4].
[[2,7,0,0,0,0,2,3,1],0,1].
[[3,3,2,1,1,0,1,2,2],1,0].
[[2,6,1,1,1,2,2,3,1],1,0].
[[2,8,1,1,1,0,1,2,0],1,0].
[[2,6,1,1,2,0,2,1,1],2,0].
[[3,6,0,1,2,0,2,2,2],0,1].
[[3,9,2,1,1,2,2,2,2],0,3].
[[1,5,0,1,1,2,1,2,0],2,0].
[[2,2,0,1,2,2,0,0,0],1,0].
[[3,2,0,1,2,2,2,3,0],1,0].
[[3,6,1,1,1,2,1,2,0],1,0].
[[2,3,1,0,0,0,2,3,0],1,0].
[[3,6,0,0,0,0,2,2,1],0,1].
[[3,7,0,1,2,2,1,1,2],2,0].
[[3,6,0,0,0,0,2,3,0],1,3].
[[3,3,1,1,2,0,1,2,2],2,0].
[[2,7,1,1,2,2,1,1,1],4,0].
[[2,6,1,1,2,2,1,1,2],1,0].
[[3,6,1,1,1,2,1,1,2],1,0].
[[1,5,0,1,2,0,1,2,0],1,0].
[[3,3,1,0,0,0,2,2,1],1,0].
[[2,3,1,0,0,0,2,2,0],1,0].
[[3,3,1,1,2,0,2,2,0],1,0].
[[3,7,0,0,0,0,2,1,0],1,1].
[[3,3,1,0,0,0,1,2,1],2,0].
[[3,6,1,1,1,2,1,1,1],0,1].
[[3,3,1,0,0,0,2,1,1],1,0].
[[3,6,0,1,2,2,1,2,1],1,1].
[[3,7,2,0,0,0,2,1,0],1,0].
[[1,8,0,1,1,2,1,1,0],0,1].
[[2,7,0,1,1,2,1,1,0],0,1].
[[3,7,0,0,0,0,2,2,1],1,0].
[[2,3,2,1,2,0,1,2,2],0,1].
[[3,3,2,1,1,0,1,1,1],0,1].
[[2,7,2,1,2,0,2,1,1],1,0].
[[2,5,0,1,2,0,1,2,2],1,0].
[[3,5,0,1,2,0,1,2,2],2,0].
[[2,7,2,1,1,0,1,2,2],0,1].
[[3,5,0,1,1,0,1,1,2],0,1].
[[2,6,1,1,2,0,2,2,0],0,1].
[[2,7,1,1,1,2,2,1,0],2,0].
[[3,6,0,1,2,0,2,3,2],1,0].
[[1,5,0,1,2,2,1,2,0],1,0].
[[1,8,0,1,1,2,1,1,2],0,2].
[[1,8,0,1,2,2,1,2,1],0,2].
[[3,3,2,1,1,2,2,2,1],1,0].
[[1,8,0,0,0,0,1,2,1],1,0].
[[2,3,1,1,2,2,2,2,1],1,0].
[[2,7,2,1,1,0,0,0,0],1,0].
[[3,1,1,1,2,0,1,1,0],1,0].
[[2,6,1,1,2,0,2,3,0],1,0].
[[3,6,0,1,2,2,2,1,1],1,0].
[[2,7,2,0,0,0,1,1,0],1,0].
[[2,2,1,0,0,0,2,3,2],1,0].
[[3,2,1,0,0,0,2,3,2],1,0].
[[2,6,1,1,2,0,1,2,1],1,0].
[[3,3,1,1,1,2,2,1,1],1,0].
[[1,6,1,1,2,2,2,2,0],2,0].
[[2,6,1,1,1,2,2,2,0],1,0].
[[3,6,1,1,1,2,2,2,0],2,0].
[[3,6,0,1,2,2,1,1,0],0,1].
[[3,3,2,1,1,0,2,3,2],2,0].
[[3,4,0,1,2,0,1,1,1],0,1].
[[3,3,2,0,0,0,2,3,0],1,0].
[[2,5,0,0,0,0,1,1,0],1,0].
[[2,6,1,0,0,0,2,1,0],1,0].
[[3,6,0,1,2,2,2,3,1],0,1].
[[1,5,0,1,2,2,1,2,1],1,0].
[[2,6,0,0,0,0,2,2,0],0,1].
[[3,6,1,1,1,0,1,2,2],2,0].
[[2,6,1,1,2,0,2,1,0],1,0].
[[3,6,0,1,1,2,2,2,1],0,1].
[[3,3,2,1,2,2,2,1,1],1,0].
[[3,3,1,0,0,0,1,1,1],1,0].
[[1,4,2,1,2,0,1,1,0],1,0].
[[2,7,1,1,2,0,1,1,1],0,1].
[[3,3,1,1,1,2,2,1,0],1,0].
[[3,8,0,1,1,0,2,1,1],1,0].
[[3,8,1,1,2,0,0,0,0],0,1].
[[3,5,0,1,1,0,2,3,0],0,1].
[[2,7,1,0,0,0,1,1,0],1,0].
[[3,6,0,1,2,0,2,2,0],0,1].
[[3,3,2,0,0,0,2,3,1],1,0].
[[3,3,2,1,1,2,2,1,1],1,0].
[[2,3,1,0,0,0,2,3,2],1,0].
[[1,8,0,1,2,2,1,1,0],0,1].
[[3,3,1,1,2,0,2,1,1],1,0].
[[3,6,0,1,2,0,0,0,0],0,1].
[[1,8,0,1,1,2,1,2,0],1,0].
[[3,2,1,0,0,0,2,3,0],1,0].
[[2,6,0,1,1,2,1,2,0],0,1].
[[1,7,2,0,0,0,1,1,2],1,0].
[[3,8,0,1,1,0,0,0,0],0,1].
[[3,7,2,1,1,0,1,1,2],0,1].
