total_WL(6458,5190).
[[1,9,2,0,0,0,2,3,1],206,285].
[[2,8,1,0,0,0,2,3,1],135,72].
[[3,8,1,0,0,0,2,2,1],29,16].
[[1,9,2,1,1,2,0,0,0],50,59].
[[2,8,0,1,1,2,0,0,0],28,38].
[[3,8,0,1,1,2,0,0,0],0,21].
[[1,9,2,1,1,2,2,1,1],38,32].
[[2,9,2,1,1,2,1,2,1],67,56].
[[3,5,0,1,1,2,1,1,1],32,3].
[[1,9,2,0,0,0,1,2,0],48,57].
[[2,5,0,1,2,2,1,1,0],7,3].
[[3,5,0,1,2,2,1,1,0],28,8].
[[1,9,2,0,0,0,2,2,0],103,127].
[[2,9,2,0,0,0,2,2,0],21,49].
[[3,9,1,1,2,2,1,2,0],47,97].
[[1,8,1,0,0,0,2,1,1],94,29].
[[2,8,1,0,0,0,1,1,1],33,27].
[[3,8,1,0,0,0,1,1,1],33,19].
[[1,9,2,1,2,2,0,0,0],104,258].
[[2,9,2,1,2,2,2,2,0],66,99].
[[3,9,2,1,2,2,2,2,0],5,31].
[[1,8,1,0,0,0,0,0,0],354,160].
[[2,8,1,0,0,0,2,2,1],129,55].
[[3,8,1,1,2,2,2,1,1],81,36].
[[2,8,0,0,0,0,2,3,1],43,62].
[[3,8,0,0,0,0,2,2,1],11,19].
[[1,8,1,0,0,0,2,2,1],185,77].
[[2,8,1,1,2,2,2,2,1],204,82].
[[3,8,1,1,2,2,1,1,1],79,49].
[[3,8,1,0,0,0,2,2,0],3,6].
[[2,9,2,0,0,0,1,2,1],52,88].
[[3,8,0,0,0,0,1,2,1],15,32].
[[1,9,2,1,2,2,2,2,0],141,151].
[[1,9,2,0,0,0,0,0,0],89,253].
[[2,9,1,1,2,0,2,3,0],5,9].
[[1,9,2,0,0,0,2,1,1],90,120].
[[2,8,1,0,0,0,2,1,1],83,24].
[[3,8,1,0,0,0,2,1,1],21,9].
[[1,9,2,1,1,2,2,2,0],65,31].
[[2,9,2,1,1,2,2,2,0],39,37].
[[3,9,2,1,1,2,1,2,0],17,21].
[[1,9,2,0,0,0,2,2,1],142,207].
[[2,8,0,0,0,0,2,2,1],36,44].
[[1,8,0,1,2,2,0,0,0],174,214].
[[2,7,1,1,2,2,0,0,0],107,51].
[[3,7,1,1,1,0,0,0,0],2,3].
[[1,8,1,1,2,2,2,3,1],195,67].
[[2,8,1,1,2,2,2,3,1],237,127].
[[3,8,1,1,1,2,2,3,1],77,33].
[[1,8,0,0,0,0,0,0,0],113,174].
[[3,8,0,1,2,2,2,2,1],36,62].
[[2,9,2,1,2,0,2,1,1],6,10].
[[3,8,0,1,1,0,2,1,1],0,9].
[[3,9,2,1,2,2,1,2,0],25,22].
[[1,8,1,0,0,0,2,3,1],251,104].
[[2,8,1,0,0,0,1,2,1],75,35].
[[3,8,1,1,2,0,1,2,1],85,50].
[[1,9,2,0,0,0,2,3,0],160,158].
[[2,9,1,1,2,2,2,2,1],8,19].
[[3,9,1,1,2,2,1,1,1],25,44].
[[2,9,2,0,0,0,2,2,1],34,68].
[[3,8,0,1,2,0,2,2,1],6,31].
[[1,7,1,0,0,0,0,0,0],71,28].
[[2,7,1,0,0,0,2,2,1],34,11].
[[3,7,2,0,0,0,2,2,1],16,0].
[[2,8,1,1,2,2,1,2,1],132,66].
[[3,8,1,1,2,2,1,2,1],203,118].
[[1,9,2,1,2,2,2,3,1],216,307].
[[2,8,0,1,2,2,2,3,1],88,131].
[[3,8,0,1,1,2,2,3,1],35,50].
[[2,9,2,1,2,0,2,2,0],11,29].
[[3,8,0,1,2,2,2,2,0],48,77].
[[2,7,1,0,0,0,2,3,1],39,8].
[[3,7,1,0,0,0,2,3,1],36,7].
[[1,8,1,1,2,2,2,1,1],74,29].
[[2,8,1,1,2,2,2,1,1],103,45].
[[1,4,2,1,2,0,2,2,0],7,0].
[[2,4,2,1,2,0,1,2,0],21,0].
[[3,4,2,1,2,0,1,2,0],82,0].
[[1,8,1,1,2,2,0,0,0],289,114].
[[2,7,2,1,2,2,0,0,0],43,5].
[[3,7,2,1,1,2,2,1,1],7,1].
[[1,6,1,0,0,0,2,3,1],9,0].
[[2,6,1,1,2,0,2,3,1],6,0].
[[3,6,1,1,2,0,2,3,0],2,1].
[[2,8,0,0,0,0,2,2,0],28,24].
[[3,8,0,0,0,0,2,2,0],10,17].
[[2,7,1,1,2,2,2,2,1],49,16].
[[3,7,2,1,2,2,2,2,1],40,4].
[[1,8,0,1,1,2,2,2,1],8,7].
[[2,8,0,1,1,2,2,2,1],43,44].
[[3,8,0,1,1,2,1,1,1],14,34].
[[1,8,1,0,0,0,1,2,1],50,34].
[[2,7,1,1,2,2,1,2,1],19,5].
[[3,7,1,1,2,2,1,2,1],90,24].
[[2,7,2,0,0,0,2,3,1],38,1].
[[3,3,2,0,0,0,2,3,1],6,0].
[[2,8,0,0,0,0,2,1,1],16,20].
[[3,8,0,1,2,2,1,1,1],27,48].
[[2,8,1,1,2,0,2,2,1],47,38].
[[3,8,1,1,2,0,2,2,1],55,14].
[[2,8,1,0,0,0,2,2,0],19,11].
[[3,7,1,1,2,2,2,2,0],20,11].
[[1,6,1,0,0,0,0,0,0],76,9].
[[2,6,1,0,0,0,2,3,1],24,2].
[[3,6,1,1,2,2,2,3,1],39,1].
[[1,9,2,1,1,2,1,2,0],24,10].
[[2,9,2,1,1,2,1,2,0],34,25].
[[3,8,1,1,1,2,1,2,0],22,12].
[[1,9,2,0,0,0,2,1,0],59,47].
[[2,9,2,1,2,0,2,1,0],4,9].
[[3,8,0,1,2,0,2,1,0],4,8].
[[1,9,2,1,1,2,2,2,1],95,49].
[[2,9,2,1,1,2,2,2,1],43,48].
[[3,9,1,1,1,2,1,2,1],16,72].
[[1,9,2,0,0,0,1,2,1],68,84].
[[2,9,2,1,2,0,1,2,1],17,31].
[[1,9,2,1,1,2,2,1,0],20,18].
[[2,8,1,1,1,2,1,2,1],51,16].
[[3,8,1,1,1,2,1,2,1],127,65].
[[2,9,1,1,2,2,2,3,1],5,6].
[[3,9,1,1,2,2,2,3,1],6,8].
[[2,9,2,0,0,0,2,3,0],43,65].
[[3,9,2,0,0,0,2,3,0],1,9].
[[1,9,2,1,2,0,0,0,0],8,41].
[[2,8,0,1,2,2,0,0,0],30,127].
[[3,7,1,1,1,0,2,2,1],5,6].
[[1,9,2,1,2,2,1,2,1],59,82].
[[2,9,2,1,1,2,1,1,0],15,6].
[[3,8,1,1,1,2,1,1,0],6,5].
[[2,9,2,1,1,2,2,3,1],61,67].
[[2,8,0,1,2,2,2,3,0],92,88].
[[3,7,1,1,2,2,2,3,0],31,13].
[[2,8,1,0,0,0,1,2,0],12,10].
[[3,8,1,0,0,0,1,2,0],16,8].
[[3,8,0,1,2,2,2,3,1],61,110].
[[1,8,1,1,1,2,2,2,1],25,3].
[[3,4,2,1,2,0,1,2,1],168,4].
[[1,9,2,1,1,2,2,3,1],124,64].
[[2,8,1,1,1,2,2,3,1],92,27].
[[1,9,2,1,2,2,2,3,0],190,186].
[[3,8,0,1,2,2,2,1,0],11,28].
[[1,8,0,1,2,2,2,3,1],63,53].
[[3,7,1,1,2,2,2,3,1],127,74].
[[2,9,2,1,2,2,2,3,0],58,157].
[[3,9,1,1,2,2,2,3,0],4,51].
[[2,9,1,1,1,2,2,3,1],5,8].
[[3,9,1,1,1,2,1,2,0],26,71].
[[2,9,1,1,2,0,2,2,0],2,5].
[[1,8,0,1,2,2,2,1,1],10,21].
[[2,8,0,1,1,2,2,1,1],23,21].
[[2,9,2,0,0,0,2,3,1],44,85].
[[3,8,0,1,2,0,2,3,1],8,32].
[[1,8,0,0,0,0,2,1,0],12,15].
[[2,7,1,0,0,0,1,1,1],1,1].
[[3,7,1,1,2,0,1,1,1],4,6].
[[3,8,1,0,0,0,2,3,1],35,21].
[[2,9,2,1,2,2,1,2,1],77,152].
[[3,9,2,1,2,2,1,2,1],27,104].
[[3,8,0,1,2,0,1,2,1],23,26].
[[2,6,1,1,2,2,2,3,1],28,2].
[[3,6,1,1,2,2,1,1,0],6,0].
[[1,8,1,1,2,2,2,3,0],38,20].
[[2,8,1,1,2,2,1,1,1],44,36].
[[2,7,1,0,0,0,0,0,0],57,23].
[[2,8,1,0,0,0,2,3,0],42,13].
[[2,9,1,0,0,0,1,2,0],12,16].
[[1,8,1,1,2,2,2,2,1],137,55].
[[2,7,1,1,1,2,2,2,1],11,1].
[[3,7,1,1,1,2,2,2,1],45,22].
[[1,9,2,1,2,2,2,1,1],115,124].
[[2,8,0,1,2,2,2,1,1],35,59].
[[3,8,0,1,1,2,1,2,1],55,94].
[[2,8,1,1,2,0,1,1,1],12,17].
[[3,8,1,1,1,0,1,1,1],6,22].
[[2,8,1,1,2,2,1,1,0],9,8].
[[3,8,1,1,2,2,1,1,0],20,12].
[[2,5,0,0,0,0,1,1,0],4,1].
[[3,5,0,1,2,0,1,1,0],13,1].
[[1,8,0,0,0,0,2,1,1],16,15].
[[2,8,0,0,0,0,1,2,1],21,14].
[[3,7,0,0,0,0,1,2,1],4,0].
[[1,7,2,0,0,0,0,0,0],82,17].
[[2,7,2,1,2,0,0,0,0],13,6].
[[3,7,2,1,2,0,2,3,1],23,2].
[[3,6,1,0,0,0,2,2,1],12,0].
[[1,8,1,1,2,2,2,1,0],18,2].
[[2,7,2,1,2,2,1,1,1],5,3].
[[3,7,2,1,2,2,1,1,1],23,8].
[[3,8,0,1,2,2,2,3,0],50,105].
[[2,9,1,0,0,0,2,3,0],7,12].
[[3,9,1,1,2,2,1,1,0],11,24].
[[3,7,1,1,2,2,2,2,1],118,45].
[[1,9,2,1,1,2,2,3,0],96,42].
[[2,9,1,1,1,2,1,1,0],6,11].
[[3,9,1,1,1,2,1,1,0],6,22].
[[3,7,1,1,1,2,0,0,0],19,9].
[[3,8,1,1,2,0,2,3,1],39,28].
[[1,8,0,1,2,2,2,3,0],44,32].
[[2,8,0,1,1,2,2,3,0],50,31].
[[3,8,0,1,1,2,1,2,0],47,47].
[[3,8,0,1,2,0,2,2,0],13,19].
[[3,9,1,0,0,0,1,2,0],4,19].
[[3,9,1,1,1,0,2,1,0],0,1].
[[1,9,2,1,1,2,1,2,1],40,17].
[[3,9,2,1,1,2,1,2,1],26,60].
[[3,7,1,1,2,2,1,2,0],24,7].
[[2,8,0,0,0,0,2,3,0],30,41].
[[3,8,0,0,0,0,1,2,0],12,11].
[[2,9,2,1,2,2,1,2,0],66,56].
[[2,9,2,1,2,0,2,2,1],8,30].
[[1,8,0,1,1,2,0,0,0],69,31].
[[3,7,0,1,1,2,2,2,1],7,9].
[[2,9,2,1,2,2,2,1,1],32,65].
[[2,9,2,1,2,2,2,3,1],62,160].
[[3,9,2,1,2,2,1,1,1],12,28].
[[1,8,0,1,2,2,2,2,0],33,18].
[[2,8,0,1,2,2,2,2,0],53,61].
[[3,8,0,1,2,2,1,1,0],16,25].
[[2,9,1,0,0,0,2,2,0],5,12].
[[3,9,1,1,2,0,1,2,0],9,24].
[[1,8,0,0,0,0,2,3,0],23,27].
[[2,8,0,1,2,0,2,3,0],11,8].
[[3,8,0,1,1,0,2,3,0],0,8].
[[2,9,1,0,0,0,2,3,1],5,10].
[[3,9,1,0,0,0,1,2,1],7,33].
[[3,7,0,1,1,2,2,3,0],12,8].
[[2,8,1,0,0,0,0,0,0],29,14].
[[3,8,1,1,2,0,2,1,1],18,7].
[[3,7,1,0,0,0,1,2,1],26,10].
[[2,7,1,1,1,2,0,0,0],26,5].
[[3,7,1,1,1,2,2,1,0],5,0].
[[1,8,1,1,1,2,2,1,1],16,4].
[[2,8,1,1,1,2,2,3,0],30,11].
[[3,4,2,1,2,0,2,3,1],99,1].
[[1,9,2,1,2,2,1,2,0],61,38].
[[2,8,0,1,2,2,1,2,0],23,15].
[[3,8,0,1,2,2,1,2,0],68,43].
[[1,9,2,1,2,0,1,2,1],7,8].
[[3,8,0,1,1,0,1,2,1],2,13].
[[1,7,2,1,2,2,0,0,0],17,6].
[[2,3,2,1,2,2,0,0,0],5,0].
[[3,3,2,1,2,2,0,0,0],10,0].
[[2,8,1,1,2,2,0,0,0],36,23].
[[2,9,2,1,2,2,2,2,1],51,102].
[[3,6,1,1,1,2,2,3,1],11,0].
[[3,9,1,1,2,2,2,1,1],6,15].
[[2,9,2,0,0,0,0,0,0],3,26].
[[3,9,1,1,2,2,2,2,0],4,47].
[[2,9,2,0,0,0,1,2,0],30,18].
[[1,9,2,0,0,0,1,1,1],23,28].
[[2,9,2,0,0,0,1,1,1],20,20].
[[3,9,1,1,2,0,1,1,1],5,14].
[[1,9,2,1,2,2,2,1,0],66,73].
[[2,9,2,1,1,2,2,1,0],9,14].
[[3,9,2,1,1,2,2,1,0],1,4].
[[1,9,2,1,2,2,2,2,1],168,226].
[[2,9,1,1,1,2,1,2,0],14,18].
[[2,8,1,1,1,2,2,1,1],34,7].
[[3,6,1,1,1,2,2,1,1],3,1].
[[3,9,2,1,2,0,2,2,0],1,12].
[[3,9,1,1,1,2,1,1,1],9,33].
[[2,8,0,1,1,2,1,2,0],12,8].
[[3,8,0,1,1,2,2,3,0],42,93].
[[2,9,2,1,1,2,2,3,0],70,60].
[[3,9,1,1,1,2,2,3,0],7,40].
[[2,9,1,1,1,2,2,2,0],9,11].
[[1,8,1,0,0,0,2,2,0],43,11].
[[2,8,1,0,0,0,1,1,0],10,1].
[[3,7,1,1,2,0,1,1,0],2,0].
[[2,9,2,1,2,2,1,1,1],33,31].
[[2,9,1,0,0,0,2,1,1],6,17].
[[3,9,1,1,2,0,2,1,1],2,10].
[[1,8,1,1,1,2,1,1,1],3,3].
[[2,8,1,1,1,2,1,1,1],13,10].
[[3,4,2,1,2,0,1,1,1],73,2].
[[1,8,0,0,0,0,2,3,1],25,39].
[[3,6,0,1,2,2,2,3,1],7,9].
[[3,8,1,1,2,2,2,3,1],103,60].
[[1,8,0,0,0,0,2,2,1],27,30].
[[2,8,0,1,2,0,2,2,1],8,14].
[[3,7,0,1,2,2,2,2,1],18,15].
[[1,7,1,1,2,2,0,0,0],52,25].
[[1,9,2,1,2,0,2,2,1],19,36].
[[3,6,1,1,1,0,2,2,1],1,1].
[[1,9,2,1,2,2,1,1,1],30,26].
[[2,5,0,1,1,2,1,1,1],11,0].
[[3,9,2,1,2,2,2,3,0],1,34].
[[2,7,2,0,0,0,0,0,0],43,1].
[[3,9,2,1,2,2,2,2,1],5,15].
[[2,7,1,1,2,2,2,2,0],9,2].
[[1,8,1,1,2,0,1,1,1],1,6].
[[2,7,1,1,2,2,1,1,1],6,5].
[[3,7,1,1,2,2,1,1,1],34,20].
[[3,4,2,1,2,0,2,1,0],13,2].
[[1,8,1,0,0,0,1,2,0],6,3].
[[2,7,1,0,0,0,1,2,0],1,0].
[[3,7,1,0,0,0,1,2,0],8,0].
[[1,4,2,1,2,0,2,3,1],23,0].
[[2,4,2,1,2,0,2,3,1],55,3].
[[2,7,1,1,1,2,2,3,1],17,6].
[[3,7,1,1,1,2,1,2,1],54,13].
[[2,5,0,1,2,2,1,2,0],8,1].
[[3,5,0,1,2,2,1,2,0],46,3].
[[1,8,1,0,0,0,1,1,1],18,14].
[[2,8,0,1,1,2,1,2,1],16,8].
[[3,5,0,0,0,0,1,2,0],7,1].
[[1,7,2,0,0,0,2,2,1],14,1].
[[2,7,2,0,0,0,2,2,1],29,5].
[[3,7,2,1,2,0,2,2,1],20,6].
[[2,8,0,0,0,0,0,0,0],15,44].
[[3,8,0,0,0,0,0,0,0],0,11].
[[2,9,1,1,2,2,1,2,0],28,38].
[[2,9,1,1,2,0,1,2,0],8,10].
[[2,7,2,0,0,0,1,2,1],13,3].
[[3,7,2,0,0,0,1,1,1],7,5].
[[2,9,2,1,2,0,2,3,0],22,31].
[[3,8,0,1,1,0,1,2,0],2,3].
[[3,8,0,1,2,2,2,1,1],20,34].
[[2,8,0,1,2,0,2,2,0],6,9].
[[3,7,1,1,1,0,2,3,1],6,5].
[[2,9,2,1,2,2,2,1,0],16,43].
[[3,9,2,1,2,2,2,1,0],1,13].
[[3,9,2,1,2,0,1,2,0],6,3].
[[3,9,1,1,2,0,2,3,0],0,16].
[[1,2,1,0,0,0,0,0,0],2,0].
[[2,2,1,0,0,0,2,2,1],1,0].
[[3,2,1,0,0,0,2,2,1],1,0].
[[3,7,1,1,2,2,0,0,0],49,17].
[[2,8,0,1,2,2,2,2,1],75,102].
[[3,7,1,0,0,0,2,1,1],21,1].
[[3,5,0,1,2,2,1,1,1],33,5].
[[2,8,0,1,1,2,2,3,1],52,30].
[[3,7,0,1,2,2,2,3,1],10,18].
[[3,7,1,1,2,0,2,2,1],37,17].
[[1,7,2,0,0,0,2,3,1],24,1].
[[3,8,1,1,1,2,2,2,1],66,26].
[[2,7,1,1,2,2,2,1,1],29,11].
[[3,7,1,1,2,2,2,1,1],61,23].
[[3,6,0,1,2,0,0,0,0],0,2].
[[2,4,2,1,2,0,2,2,1],51,1].
[[3,4,2,1,2,0,2,2,1],82,2].
[[3,8,0,1,1,2,2,1,1],21,30].
[[2,8,0,1,1,2,2,1,0],15,12].
[[3,7,0,1,1,2,2,1,0],4,0].
[[2,7,1,0,0,0,2,1,1],10,6].
[[3,8,1,1,2,2,2,2,1],95,47].
[[3,7,1,1,2,0,1,2,1],30,8].
[[3,9,1,1,2,2,1,2,1],27,99].
[[1,9,2,1,2,0,2,1,0],3,7].
[[2,9,2,1,2,0,1,1,0],4,9].
[[3,9,2,1,2,0,1,1,0],1,9].
[[3,8,0,1,2,2,1,2,1],54,129].
[[1,8,0,1,2,2,2,2,1],33,35].
[[3,7,0,1,2,2,0,0,0],6,18].
[[2,9,1,1,1,2,1,2,1],20,15].
[[3,8,1,0,0,0,2,3,0],6,4].
[[3,8,1,1,1,2,1,1,1],35,33].
[[2,6,1,0,0,0,0,0,0],32,2].
[[3,3,1,1,2,2,0,0,0],27,10].
[[2,9,1,1,2,2,0,0,0],0,1].
[[3,9,1,1,1,2,2,2,1],4,15].
[[3,9,2,0,0,0,1,2,1],14,21].
[[2,9,1,1,2,0,1,2,1],4,8].
[[1,8,0,0,0,0,1,1,0],0,4].
[[2,8,0,0,0,0,1,1,0],2,6].
[[3,8,0,1,2,0,1,1,0],3,6].
[[2,8,0,1,2,2,2,1,0],39,21].
[[3,6,0,1,2,2,2,1,0],1,1].
[[2,8,1,0,0,0,2,1,0],12,1].
[[3,8,1,0,0,0,2,1,0],1,3].
[[1,9,2,1,1,2,1,1,1],13,7].
[[2,8,0,1,1,2,1,1,1],7,3].
[[3,7,0,0,0,0,2,1,1],2,5].
[[2,9,1,1,1,2,2,1,1],5,5].
[[2,9,1,1,1,2,1,1,1],6,10].
[[3,7,1,1,1,2,2,1,1],28,8].
[[2,7,1,1,2,2,2,3,1],64,13].
[[1,6,0,0,0,0,0,0,0],6,1].
[[2,6,0,0,0,0,0,0,0],3,7].
[[3,6,0,0,0,0,2,3,1],3,4].
[[2,9,1,1,1,2,2,2,1],9,7].
[[1,7,2,0,0,0,1,1,1],3,0].
[[2,3,2,0,0,0,1,1,1],1,0].
[[3,3,2,1,2,2,1,1,1],1,0].
[[2,6,1,1,2,2,0,0,0],26,3].
[[3,6,1,1,1,2,2,1,0],2,0].
[[1,8,1,1,1,2,2,3,1],40,5].
[[2,6,1,1,1,2,2,3,1],5,0].
[[1,8,0,1,1,2,2,1,1],9,2].
[[2,4,2,1,2,0,2,1,1],36,0].
[[3,4,2,1,2,0,2,1,1],49,2].
[[1,9,2,1,2,0,2,3,1],14,39].
[[2,8,0,1,2,0,2,3,1],9,17].
[[2,8,0,0,0,0,1,1,1],5,9].
[[3,7,0,1,2,2,1,1,1],3,4].
[[3,9,1,1,2,0,1,2,1],11,29].
[[2,6,1,1,2,2,1,2,1],5,1].
[[3,6,1,1,2,2,1,2,1],23,1].
[[1,8,1,1,2,0,2,3,1],24,21].
[[2,7,1,1,2,0,2,3,1],9,6].
[[3,3,1,1,2,0,2,3,1],4,1].
[[3,9,2,1,2,0,1,2,1],17,36].
[[1,9,2,1,2,2,1,1,0],26,22].
[[3,8,0,1,1,2,1,1,0],19,14].
[[3,8,0,1,1,2,2,2,0],22,48].
[[3,9,2,1,1,2,2,3,0],3,29].
[[3,8,1,1,2,0,1,1,1],20,19].
[[2,9,2,1,2,0,2,3,1],11,30].
[[3,9,1,1,2,2,2,2,1],6,17].
[[1,6,1,1,2,2,0,0,0],23,1].
[[2,6,1,1,2,2,2,2,1],14,1].
[[3,3,1,1,2,2,2,2,1],8,1].
[[3,7,0,1,2,2,2,2,0],8,7].
[[1,8,1,1,2,0,0,0,0],42,28].
[[2,6,1,1,2,0,0,0,0],7,2].
[[3,6,1,1,1,0,2,3,1],1,1].
[[3,9,1,1,2,0,2,2,0],2,9].
[[3,8,0,1,1,2,2,2,1],29,56].
[[1,8,0,0,0,0,2,2,0],19,12].
[[2,7,0,0,0,0,2,2,1],0,2].
[[3,7,0,1,2,0,1,2,1],0,3].
[[2,9,1,1,2,2,1,2,1],11,50].
[[2,6,1,0,0,0,1,2,1],7,1].
[[3,6,1,0,0,0,1,2,1],12,0].
[[2,9,1,1,2,2,1,1,1],10,20].
[[2,9,1,1,2,0,2,2,1],4,4].
[[3,9,2,1,1,0,1,2,0],4,5].
[[1,8,1,1,2,2,1,2,1],53,23].
[[3,8,1,1,2,0,1,2,0],16,9].
[[3,8,0,1,2,0,2,3,0],16,34].
[[2,7,0,1,2,2,2,1,0],0,1].
[[3,7,0,1,2,2,2,1,0],6,6].
[[2,8,1,1,2,2,2,2,0],37,11].
[[3,8,1,1,2,2,1,2,0],65,23].
[[2,8,1,1,2,0,1,2,0],10,3].
[[3,7,2,1,2,0,1,1,1],9,4].
[[2,8,0,1,1,2,2,2,0],30,23].
[[2,9,1,0,0,0,1,2,1],14,14].
[[3,5,0,0,0,0,1,1,1],12,0].
[[2,8,1,1,2,2,2,3,0],55,34].
[[1,9,2,1,2,0,2,3,0],25,21].
[[2,9,2,1,1,0,2,1,0],0,1].
[[3,9,2,1,1,0,1,1,0],0,2].
[[2,8,1,1,2,0,2,3,1],70,59].
[[3,7,0,1,1,2,2,2,0],5,4].
[[1,8,1,1,2,2,2,2,0],26,9].
[[2,8,1,1,1,2,2,2,0],13,3].
[[3,8,1,1,1,2,2,2,0],8,9].
[[2,9,2,1,1,2,2,1,1],15,15].
[[3,8,1,0,0,0,1,2,1],63,21].
[[3,7,2,1,2,2,1,2,1],48,2].
[[2,8,1,1,2,0,2,1,1],28,7].
[[1,6,1,0,0,0,2,2,1],6,1].
[[1,8,1,1,2,0,2,1,0],4,1].
[[2,7,1,1,2,2,2,1,0],6,2].
[[3,7,1,1,2,2,2,1,0],6,0].
[[3,8,0,1,1,2,2,1,0],8,28].
[[2,8,0,0,0,0,1,2,0],10,10].
[[3,8,0,1,2,0,1,2,0],18,13].
[[3,7,1,1,1,2,2,3,1],63,21].
[[3,7,1,0,0,0,2,2,1],33,9].
[[2,6,0,0,0,0,2,1,0],1,2].
[[3,6,0,1,2,0,2,1,0],1,0].
[[2,8,1,1,2,0,1,2,1],44,25].
[[3,5,0,1,1,2,1,2,0],25,1].
[[1,9,2,0,0,0,1,1,0],20,13].
[[2,9,2,1,2,2,1,1,0],21,29].
[[1,9,2,1,1,2,1,1,0],13,5].
[[3,4,2,1,2,0,1,1,0],52,0].
[[1,6,1,1,2,2,2,2,1],2,0].
[[2,6,1,1,2,2,1,1,1],3,0].
[[1,6,0,1,2,2,0,0,0],6,5].
[[2,6,0,1,2,2,0,0,0],8,11].
[[3,6,0,1,1,2,2,2,1],8,5].
[[2,4,2,1,2,0,1,1,1],17,1].
[[2,4,2,1,2,0,1,2,1],56,0].
[[3,8,1,1,1,0,1,2,1],31,35].
[[2,7,2,1,2,2,2,3,1],29,2].
[[3,7,2,1,2,2,2,3,1],51,2].
[[3,8,1,1,1,0,2,3,1],11,13].
[[2,8,0,0,0,0,2,1,0],8,10].
[[2,9,1,1,2,2,2,1,1],11,15].
[[1,8,1,0,0,0,2,3,0],50,15].
[[3,8,1,1,2,0,1,1,0],4,4].
[[3,6,1,0,0,0,2,1,1],8,0].
[[2,8,1,1,1,2,2,2,1],72,19].
[[3,3,1,1,2,2,2,3,1],16,1].
[[3,5,0,1,1,2,1,1,0],16,2].
[[1,9,2,1,2,0,2,2,0],7,14].
[[3,9,1,1,2,0,1,1,0],1,8].
[[3,8,1,1,2,0,2,2,0],4,8].
[[2,7,2,1,2,2,2,1,1],22,1].
[[3,8,1,1,2,2,2,3,0],30,30].
[[3,7,2,1,2,0,0,0,0],4,1].
[[3,7,1,1,1,0,2,3,0],3,4].
[[1,7,2,0,0,0,1,2,1],3,3].
[[3,3,2,0,0,0,1,2,1],4,0].
[[1,8,0,0,0,0,1,2,0],6,5].
[[3,7,1,1,2,0,1,2,0],5,0].
[[3,7,0,1,2,2,1,2,0],7,2].
[[3,7,2,1,2,2,2,1,1],29,2].
[[2,8,1,1,1,0,2,3,0],0,1].
[[3,4,0,1,2,0,1,2,0],0,1].
[[3,8,0,0,0,0,1,1,1],6,13].
[[3,9,2,1,1,2,2,2,1],0,10].
[[3,6,0,1,2,2,2,3,0],8,11].
[[2,8,1,1,1,2,2,1,0],4,0].
[[3,8,1,1,1,2,2,1,0],5,1].
[[2,6,1,0,0,0,2,2,1],20,3].
[[3,6,1,1,2,0,1,1,1],8,2].
[[3,8,1,1,2,2,2,1,0],7,7].
[[3,9,2,0,0,0,1,2,0],5,3].
[[3,6,1,1,2,0,2,2,1],12,2].
[[2,9,2,1,1,2,1,1,1],15,20].
[[3,9,1,1,2,0,2,3,1],0,6].
[[3,7,1,0,0,0,0,0,0],9,2].
[[3,7,1,1,1,2,1,1,1],9,7].
[[3,3,2,1,2,2,2,3,1],10,1].
[[1,8,1,1,1,2,1,2,1],11,0].
[[2,7,1,1,1,2,1,2,1],10,0].
[[3,9,1,1,1,0,1,2,0],1,9].
[[2,8,1,1,2,2,1,2,0],26,6].
[[1,8,1,1,2,0,2,2,1],21,16].
[[3,7,1,0,0,0,1,1,1],9,5].
[[3,6,1,1,1,2,2,3,0],4,0].
[[2,9,2,0,0,0,2,1,1],16,30].
[[3,8,0,0,0,0,2,1,1],11,8].
[[2,9,1,0,0,0,2,2,1],3,12].
[[2,9,1,1,2,2,2,3,0],14,33].
[[3,6,0,1,1,2,2,3,1],5,8].
[[3,9,1,0,0,0,1,1,0],3,4].
[[3,8,0,1,1,0,2,3,1],1,6].
[[2,3,1,0,0,0,0,0,0],8,0].
[[3,3,1,0,0,0,0,0,0],13,1].
[[3,8,0,0,0,0,1,1,0],4,4].
[[2,7,0,0,0,0,1,1,0],0,1].
[[3,7,0,0,0,0,1,2,0],1,1].
[[3,4,2,1,2,0,2,3,0],72,3].
[[2,7,1,0,0,0,2,2,0],7,1].
[[3,6,1,0,0,0,2,3,1],9,2].
[[3,6,0,1,1,2,0,0,0],1,3].
[[2,9,1,1,2,2,2,2,0],7,24].
[[3,5,0,1,2,0,1,1,1],17,1].
[[2,4,2,1,2,0,2,2,0],31,1].
[[3,4,2,1,2,0,2,2,0],51,4].
[[3,9,2,1,1,0,1,2,1],2,11].
[[1,7,1,0,0,0,2,3,1],3,2].
[[2,7,1,0,0,0,1,2,1],12,5].
[[1,8,0,1,1,2,1,1,0],2,0].
[[2,8,0,1,1,2,1,1,0],10,1].
[[2,4,2,1,2,0,2,3,0],43,1].
[[3,7,2,0,0,0,1,2,1],24,1].
[[2,8,0,1,2,2,1,1,1],17,22].
[[2,9,1,1,1,2,2,3,0],8,11].
[[1,8,0,1,1,2,2,3,1],21,6].
[[2,6,0,1,1,2,2,3,1],2,2].
[[2,6,1,0,0,0,1,1,1],5,2].
[[1,8,1,1,2,0,2,1,1],4,5].
[[3,8,1,1,1,0,2,1,1],9,9].
[[3,7,1,0,0,0,2,1,0],6,0].
[[2,8,1,1,1,0,2,2,1],7,8].
[[3,8,0,0,0,0,2,3,0],8,23].
[[3,6,1,1,2,2,2,2,1],28,3].
[[3,6,1,1,2,0,2,3,1],19,2].
[[3,9,2,1,1,2,2,2,0],3,19].
[[3,5,0,1,1,0,1,2,0],2,2].
[[3,9,1,0,0,0,2,2,1],2,5].
[[2,8,1,1,1,0,1,2,1],3,5].
[[3,7,2,1,1,0,1,2,1],6,5].
[[3,8,1,1,1,2,2,3,0],11,15].
[[2,9,2,1,2,2,0,0,0],3,52].
[[3,9,2,1,2,0,2,3,1],3,10].
[[2,9,2,1,1,0,2,1,1],0,2].
[[3,4,0,1,2,0,2,2,1],0,1].
[[3,3,2,1,2,0,0,0,0],9,0].
[[3,3,1,1,1,2,2,3,1],8,0].
[[2,7,1,1,2,2,2,3,0],19,3].
[[2,8,0,1,2,0,0,0,0],0,14].
[[3,8,0,1,2,0,0,0,0],0,6].
[[3,7,1,1,1,2,2,2,0],11,2].
[[1,8,1,1,1,2,0,0,0],48,12].
[[2,4,2,1,2,0,0,0,0],11,1].
[[3,7,2,0,0,0,2,3,1],19,1].
[[2,9,1,1,2,0,2,1,1],1,5].
[[3,9,1,1,1,0,1,2,1],1,15].
[[3,9,2,1,1,2,1,1,1],11,28].
[[2,6,0,1,2,2,2,3,1],8,0].
[[3,7,2,1,2,0,1,2,1],25,1].
[[2,9,2,1,2,0,1,2,0],12,13].
[[3,7,0,1,2,0,2,2,0],3,2].
[[3,9,1,1,1,2,2,1,1],5,7].
[[3,7,0,0,0,0,2,3,0],2,1].
[[3,7,1,1,2,0,2,2,0],3,2].
[[3,9,2,1,2,2,2,3,1],2,16].
[[3,3,1,1,1,2,0,0,0],7,0].
[[2,8,0,1,2,2,1,1,0],15,13].
[[2,7,0,1,2,2,2,2,1],3,3].
[[2,7,2,1,2,2,2,2,1],24,3].
[[1,6,1,1,2,2,2,3,1],3,0].
[[2,6,1,1,2,2,2,1,0],3,0].
[[3,6,1,1,2,2,1,2,0],8,1].
[[2,8,1,1,2,0,2,3,0],14,6].
[[2,7,2,1,1,2,2,3,1],6,1].
[[3,7,2,1,1,2,2,3,1],18,2].
[[2,9,1,1,1,0,2,1,0],0,2].
[[3,8,0,1,1,0,2,1,0],0,4].
[[3,5,0,0,0,0,1,1,0],1,3].
[[1,8,1,1,1,2,2,1,0],3,0].
[[3,7,2,1,1,2,1,1,1],8,1].
[[2,7,0,1,2,2,2,3,1],2,4].
[[2,7,1,1,2,0,2,1,0],1,0].
[[3,7,1,1,2,0,2,1,0],4,1].
[[1,8,0,1,1,2,2,2,0],11,1].
[[3,5,0,1,2,0,1,2,0],11,1].
[[2,6,1,1,2,2,2,1,1],7,0].
[[2,9,2,0,0,0,2,1,0],14,17].
[[3,9,2,1,2,2,1,1,0],6,16].
[[2,4,2,1,2,0,2,1,0],13,0].
[[2,8,1,1,2,0,0,0,0],12,12].
[[3,8,1,1,2,0,0,0,0],1,3].
[[2,8,1,1,1,2,0,0,0],15,6].
[[2,6,0,1,2,2,2,3,0],3,5].
[[3,8,0,0,0,0,2,3,1],11,22].
[[1,8,1,0,0,0,2,1,0],17,5].
[[2,3,2,0,0,0,0,0,0],13,0].
[[2,6,0,1,2,2,2,2,1],4,1].
[[3,2,0,1,2,2,2,2,1],1,0].
[[3,7,1,1,1,0,1,2,1],5,3].
[[2,7,1,0,0,0,2,1,0],1,0].
[[3,7,1,0,0,0,1,1,0],4,0].
[[2,7,1,1,2,0,0,0,0],15,18].
[[1,8,0,1,1,2,2,1,0],7,1].
[[3,6,1,1,2,0,2,1,1],5,0].
[[3,9,1,1,1,0,1,1,0],0,5].
[[2,5,0,0,0,0,1,1,1],6,0].
[[1,8,1,1,2,0,1,2,1],3,7].
[[2,7,2,1,2,0,2,2,1],12,2].
[[2,8,1,1,1,0,2,3,1],2,6].
[[3,8,1,1,1,0,2,2,0],0,2].
[[3,7,0,1,2,2,2,1,1],3,11].
[[1,7,1,0,0,0,2,2,0],0,1].
[[2,7,2,0,0,0,1,1,1],4,2].
[[2,7,1,0,0,0,2,3,0],6,3].
[[3,7,1,0,0,0,2,3,0],5,5].
[[3,8,1,1,1,2,2,1,1],22,18].
[[3,8,1,1,2,0,2,1,0],3,2].
[[2,7,1,1,1,2,2,1,1],6,3].
[[1,7,1,0,0,0,2,2,1],6,2].
[[2,3,1,0,0,0,2,2,1],1,0].
[[2,8,0,1,2,0,2,1,0],2,4].
[[1,6,0,1,2,2,2,2,0],1,1].
[[2,6,0,1,2,2,2,2,0],3,1].
[[3,6,0,1,2,2,2,2,0],4,2].
[[2,6,1,1,1,2,0,0,0],5,0].
[[3,3,2,1,1,2,0,0,0],3,0].
[[2,7,2,1,2,0,1,2,1],6,1].
[[2,2,1,0,0,0,0,0,0],3,0].
[[3,2,1,1,2,2,2,3,1],2,0].
[[3,9,2,1,2,2,2,1,1],0,7].
[[2,4,2,1,2,0,1,1,0],18,0].
[[1,8,1,1,2,2,1,1,1],14,7].
[[2,9,2,1,2,0,0,0,0],3,8].
[[3,8,1,1,1,0,2,3,0],2,4].
[[3,6,1,1,1,2,2,2,1],6,0].
[[3,6,1,1,2,2,2,2,0],7,0].
[[3,7,1,1,2,0,0,0,0],9,8].
[[3,6,0,1,2,2,2,1,1],3,8].
[[1,7,1,0,0,0,2,3,0],2,0].
[[2,3,1,0,0,0,2,3,0],1,0].
[[3,3,1,1,2,2,1,2,0],1,0].
[[2,6,1,1,2,0,2,1,0],0,1].
[[2,7,2,0,0,0,1,2,0],2,1].
[[3,7,2,0,0,0,1,2,0],1,0].
[[1,4,2,1,2,0,1,1,0],3,0].
[[2,5,0,1,2,2,1,1,1],13,1].
[[3,9,2,1,2,0,0,0,0],0,1].
[[3,3,1,1,2,0,0,0,0],4,0].
[[2,9,2,0,0,0,1,1,0],7,12].
[[3,9,2,1,1,2,1,1,0],4,11].
[[3,7,1,1,1,0,2,1,1],5,3].
[[2,6,0,1,2,2,1,1,0],1,0].
[[3,6,0,1,2,2,1,2,0],2,2].
[[2,9,1,1,2,0,1,1,1],1,1].
[[3,8,0,1,2,0,1,1,1],2,16].
[[2,6,0,0,0,0,2,3,1],1,2].
[[3,3,1,0,0,0,2,3,1],4,0].
[[3,6,1,1,1,2,1,1,1],4,1].
[[1,4,2,1,2,0,2,3,0],14,0].
[[2,9,1,1,2,2,2,1,0],2,7].
[[2,8,1,1,2,2,2,1,0],28,3].
[[3,6,1,1,2,2,2,1,1],14,2].
[[3,8,0,1,2,2,0,0,0],0,30].
[[3,8,1,1,1,0,1,2,0],3,2].
[[1,8,0,1,1,2,2,3,0],8,5].
[[3,7,2,1,1,0,1,1,1],2,3].
[[2,9,1,1,1,0,2,2,0],1,1].
[[2,7,1,1,2,0,2,2,1],8,0].
[[2,7,0,1,1,2,2,3,1],3,0].
[[3,7,0,1,1,2,2,3,1],13,6].
[[3,9,2,1,1,2,2,3,1],3,6].
[[2,8,0,1,2,0,2,1,1],3,9].
[[3,8,0,1,1,0,1,1,1],1,3].
[[2,8,0,1,2,0,1,2,1],5,9].
[[3,7,1,1,1,2,2,3,0],18,6].
[[2,9,1,0,0,0,2,1,0],1,1].
[[3,8,1,1,2,2,0,0,0],0,3].
[[3,9,2,1,2,0,2,3,0],3,9].
[[1,8,1,1,2,2,1,2,0],10,3].
[[2,7,2,1,2,2,1,2,0],2,0].
[[3,9,1,0,0,0,2,3,0],2,6].
[[3,9,2,1,2,0,1,1,1],2,7].
[[2,2,1,0,0,0,2,3,1],1,0].
[[2,9,1,0,0,0,1,1,1],5,13].
[[3,9,1,1,1,2,2,3,1],2,13].
[[1,7,1,1,2,2,2,3,0],3,0].
[[3,7,1,1,2,2,1,1,0],4,2].
[[3,9,1,0,0,0,1,1,1],3,12].
[[2,9,1,0,0,0,1,1,0],5,4].
[[3,9,2,0,0,0,1,1,1],6,9].
[[3,7,2,1,1,2,1,2,1],18,1].
[[3,6,1,1,2,2,2,3,0],13,1].
[[1,9,2,1,2,0,1,2,0],7,13].
[[2,5,0,1,2,0,1,2,0],2,0].
[[1,9,2,1,2,0,2,1,1],5,16].
[[3,7,0,1,2,0,2,3,1],4,3].
[[3,3,2,1,2,2,2,2,1],4,0].
[[3,7,2,1,2,2,1,1,0],0,2].
[[3,6,1,0,0,0,1,1,1],4,3].
[[1,7,1,0,0,0,1,2,1],5,1].
[[2,6,0,1,1,2,2,2,1],4,0].
[[3,6,0,1,1,2,1,2,1],4,1].
[[1,7,1,0,0,0,2,1,1],3,1].
[[3,7,1,1,2,0,2,1,1],28,5].
[[1,4,2,1,2,0,2,1,1],14,0].
[[3,3,1,1,2,2,2,2,0],2,0].
[[3,6,1,0,0,0,2,3,0],7,0].
[[3,7,1,1,2,0,2,3,1],35,27].
[[1,4,2,1,2,0,2,1,0],7,0].
[[3,9,1,1,1,2,2,1,0],0,12].
[[3,7,0,1,2,0,2,1,0],1,2].
[[1,8,1,1,2,0,2,2,0],3,2].
[[1,8,0,1,2,2,1,2,1],1,4].
[[2,7,0,1,2,2,0,0,0],9,14].
[[3,8,1,1,2,2,2,2,0],12,15].
[[1,7,2,0,0,0,2,1,1],4,0].
[[2,3,1,1,2,2,0,0,0],7,4].
[[2,6,1,0,0,0,2,3,0],6,0].
[[2,6,1,1,2,0,1,2,1],5,0].
[[3,7,2,1,1,0,2,1,1],3,0].
[[2,9,1,1,1,2,2,1,0],1,5].
[[1,6,0,1,2,2,2,1,0],0,1].
[[2,6,0,1,2,2,2,1,0],0,2].
[[3,3,1,1,2,2,1,2,1],3,1].
[[1,4,2,1,2,0,2,2,1],19,0].
[[3,6,0,1,2,0,2,3,1],0,2].
[[3,8,1,1,1,0,2,2,1],11,12].
[[3,7,1,0,0,0,2,2,0],4,1].
[[3,8,0,0,0,0,2,1,0],4,2].
[[3,8,0,1,1,0,2,2,1],0,7].
[[1,4,2,1,2,0,0,0,0],11,1].
[[2,7,2,1,2,2,1,2,1],14,2].
[[3,3,2,1,2,2,1,2,1],5,0].
[[2,7,0,1,1,2,2,1,1],1,1].
[[3,7,0,1,1,2,1,2,1],2,3].
[[2,7,2,1,2,0,2,3,1],9,4].
[[3,7,2,1,1,0,2,3,1],2,3].
[[2,7,0,1,2,2,2,3,0],5,1].
[[2,7,2,1,2,0,1,1,1],3,1].
[[3,9,1,0,0,0,2,1,0],0,1].
[[2,9,2,1,1,0,2,2,1],0,7].
[[3,9,2,0,0,0,2,3,1],2,4].
[[3,7,0,1,2,2,1,1,0],4,1].
[[3,6,1,0,0,0,1,2,0],2,0].
[[2,9,1,1,2,2,1,1,0],4,17].
[[1,8,0,1,2,2,1,2,0],8,3].
[[3,9,2,1,1,0,1,1,1],1,4].
[[3,6,0,1,2,2,0,0,0],0,6].
[[3,7,2,1,1,0,2,2,1],8,5].
[[1,7,2,1,2,2,2,1,1],5,0].
[[2,8,0,1,2,2,1,2,1],24,32].
[[1,7,2,1,2,0,0,0,0],16,4].
[[3,6,0,1,1,2,2,1,0],3,1].
[[2,9,1,1,1,0,1,2,0],0,3].
[[3,3,1,0,0,0,2,2,1],5,0].
[[3,9,2,0,0,0,2,2,0],2,7].
[[1,8,0,1,2,2,2,1,0],21,8].
[[2,5,0,1,1,2,1,1,0],2,1].
[[3,9,1,0,0,0,2,2,0],0,5].
[[2,8,1,1,1,2,1,2,0],14,4].
[[3,7,1,1,2,0,2,3,0],9,3].
[[3,7,2,0,0,0,2,1,1],11,0].
[[2,9,1,1,1,2,0,0,0],0,5].
[[3,5,0,1,1,0,1,1,1],4,3].
[[3,9,1,1,1,2,2,2,0],3,28].
[[1,7,2,1,2,0,2,2,1],3,1].
[[2,3,2,1,2,0,2,2,1],1,0].
[[3,3,2,1,1,0,2,3,1],1,0].
[[2,5,0,0,0,0,1,2,0],5,1].
[[1,3,2,0,0,0,0,0,0],12,0].
[[2,9,1,1,1,0,2,1,1],0,2].
[[3,4,0,1,2,0,2,1,1],0,1].
[[3,7,2,0,0,0,0,0,0],3,1].
[[3,6,0,0,0,0,1,2,0],1,0].
[[2,6,1,1,2,0,2,2,1],4,2].
[[3,6,1,1,2,0,1,2,1],11,1].
[[3,6,1,0,0,0,2,2,0],1,0].
[[2,6,1,1,2,2,2,3,0],5,0].
[[3,7,1,1,1,2,1,2,0],7,0].
[[3,7,0,1,2,2,2,3,0],10,10].
[[1,4,2,1,2,0,1,2,1],5,0].
[[3,6,0,1,2,2,1,1,1],3,0].
[[3,9,2,1,2,0,2,1,1],1,2].
[[2,7,1,1,1,2,2,3,0],2,0].
[[1,7,2,1,2,2,2,3,1],10,1].
[[2,3,2,1,2,2,2,3,1],3,0].
[[1,7,2,0,0,0,2,3,0],1,0].
[[2,7,2,0,0,0,2,3,0],4,0].
[[1,7,2,1,2,2,1,2,1],2,0].
[[2,7,2,1,2,2,1,1,0],0,1].
[[3,9,1,0,0,0,2,3,1],3,2].
[[3,8,1,1,2,0,2,3,0],7,14].
[[3,8,0,1,2,0,2,1,1],3,8].
[[2,5,0,1,2,0,1,1,0],5,0].
[[3,7,2,0,0,0,2,2,0],3,0].
[[3,3,2,0,0,0,2,2,1],3,0].
[[2,9,2,1,1,0,2,3,0],0,5].
[[3,9,2,1,1,0,2,1,1],0,1].
[[1,9,2,1,2,0,1,1,1],6,3].
[[2,9,2,1,2,0,1,1,1],5,9].
[[2,3,2,0,0,0,2,3,1],1,0].
[[3,3,2,1,2,0,2,3,1],8,0].
[[3,6,0,1,2,2,2,2,1],7,8].
[[2,9,2,1,1,0,1,2,1],1,3].
[[2,9,2,1,1,2,0,0,0],4,14].
[[2,7,1,1,1,2,2,1,0],1,0].
[[3,7,0,1,2,0,1,1,1],0,3].
[[1,4,2,1,2,0,1,1,1],2,0].
[[2,7,2,1,1,0,1,1,1],1,0].
[[3,7,1,1,1,0,1,1,1],1,1].
[[3,7,2,1,2,2,0,0,0],8,2].
[[1,8,1,1,1,2,2,2,0],4,1].
[[2,8,1,1,1,2,1,1,0],3,3].
[[2,9,2,1,1,0,0,0,0],0,2].
[[3,9,1,1,1,0,2,3,0],1,6].
[[3,7,0,0,0,0,0,0,0],2,2].
[[1,8,1,1,2,2,1,1,0],2,1].
[[3,5,0,0,0,0,1,2,1],2,1].
[[2,3,2,0,0,0,2,2,1],3,0].
[[3,3,2,0,0,0,0,0,0],5,0].
[[1,8,1,1,2,0,2,3,0],5,2].
[[3,6,0,0,0,0,2,2,1],1,0].
[[2,8,1,1,2,0,2,1,0],5,4].
[[2,6,1,1,2,0,2,3,0],1,2].
[[3,6,1,1,1,0,1,2,0],0,1].
[[3,9,2,1,1,0,2,1,0],1,1].
[[2,7,1,1,1,2,2,2,0],1,1].
[[2,3,2,1,2,0,0,0,0],6,0].
[[3,6,0,1,1,2,2,3,0],3,5].
[[2,7,0,0,0,0,0,0,0],3,5].
[[3,7,0,0,0,0,2,2,1],3,5].
[[1,8,1,0,0,0,1,1,0],3,2].
[[3,8,1,0,0,0,1,1,0],3,0].
[[2,5,0,1,1,2,1,2,0],8,0].
[[3,4,2,1,2,0,0,0,0],12,1].
[[3,9,2,1,1,0,2,3,1],1,3].
[[3,7,0,1,2,2,1,2,1],6,6].
[[3,7,2,1,1,2,2,2,1],13,2].
[[2,8,0,1,2,0,1,2,0],4,4].
[[3,9,2,1,1,0,2,2,1],0,2].
[[3,5,0,1,1,2,1,2,1],5,0].
[[2,8,1,1,2,0,2,2,0],15,1].
[[2,6,1,0,0,0,2,2,0],3,0].
[[1,7,1,1,2,2,2,1,1],4,0].
[[2,7,1,1,1,2,1,1,1],2,0].
[[3,7,0,1,1,2,0,0,0],3,4].
[[2,7,2,1,1,2,2,2,1],1,0].
[[1,7,1,1,2,2,2,2,1],8,0].
[[2,7,2,0,0,0,2,1,1],19,1].
[[3,9,1,0,0,0,2,1,1],1,8].
[[3,2,1,0,0,0,2,3,1],2,0].
[[3,7,2,1,2,0,2,2,0],1,0].
[[3,7,0,1,2,0,0,0,0],2,1].
[[2,6,1,0,0,0,2,1,1],8,0].
[[2,7,0,0,0,0,2,2,0],1,0].
[[3,6,1,0,0,0,2,1,0],1,0].
[[3,6,0,1,1,2,2,1,1],2,2].
[[3,9,1,1,2,2,2,1,0],0,5].
[[3,9,2,1,1,0,2,2,0],0,2].
[[2,7,0,1,1,2,0,0,0],5,2].
[[2,8,1,1,1,0,1,2,0],1,1].
[[3,7,1,1,1,0,1,2,0],0,1].
[[2,6,1,1,2,2,2,2,0],4,0].
[[3,7,1,1,1,2,1,1,0],2,1].
[[3,9,2,0,0,0,2,1,1],0,2].
[[2,6,0,0,0,0,2,1,1],1,0].
[[3,3,1,0,0,0,2,1,1],3,0].
[[1,8,0,1,2,2,1,1,0],4,0].
[[2,8,1,1,1,0,0,0,0],1,2].
[[3,6,1,1,2,2,0,0,0],4,1].
[[3,9,2,1,1,0,2,3,0],0,3].
[[2,6,1,1,1,2,2,2,1],1,1].
[[3,6,1,1,1,2,1,2,1],5,2].
[[3,7,0,0,0,0,1,1,1],1,0].
[[2,7,0,0,0,0,2,3,0],2,0].
[[3,7,0,0,0,0,2,2,0],2,3].
[[3,7,0,1,2,0,2,3,0],4,1].
[[2,7,0,1,2,2,2,1,1],2,1].
[[3,7,2,0,0,0,1,1,0],1,0].
[[3,9,2,1,2,0,2,1,0],0,3].
[[2,7,1,1,2,0,1,1,1],0,3].
[[1,9,2,1,2,0,1,1,0],2,4].
[[3,9,2,1,1,2,2,1,1],0,9].
[[2,9,1,1,2,0,2,1,0],0,1].
[[3,8,1,1,1,0,1,1,0],2,1].
[[3,7,2,1,1,0,0,0,0],2,0].
[[3,6,1,0,0,0,0,0,0],2,0].
[[3,3,2,1,1,0,0,0,0],1,0].
[[2,7,0,1,2,2,1,2,0],1,0].
[[3,5,0,1,1,0,1,1,0],0,1].
[[2,7,2,1,1,2,0,0,0],4,2].
[[3,7,2,1,1,2,0,0,0],3,0].
[[3,6,1,1,1,0,1,2,1],1,0].
[[2,7,0,1,2,2,2,2,0],2,1].
[[2,8,1,1,1,0,2,1,1],3,1].
[[3,6,0,1,2,2,1,1,0],2,1].
[[3,3,1,1,2,2,2,1,1],4,1].
[[2,8,1,1,1,0,1,1,1],0,1].
[[1,7,1,1,2,2,2,3,1],9,1].
[[3,3,1,1,1,2,1,2,1],2,0].
[[3,6,0,1,1,2,1,2,0],1,0].
[[3,3,2,0,0,0,1,1,1],2,0].
[[2,7,1,1,2,0,1,2,1],2,1].
[[2,7,2,1,1,0,1,2,1],1,0].
[[2,9,2,1,1,0,1,2,0],0,2].
[[3,2,1,1,2,0,2,3,0],1,0].
[[3,8,0,1,1,0,2,2,0],1,7].
[[2,7,1,1,2,0,2,1,1],5,2].
[[1,8,1,1,1,2,2,3,0],4,0].
[[3,6,1,1,1,2,1,1,0],2,1].
[[2,9,1,1,1,0,1,1,1],0,1].
[[3,9,1,1,1,0,1,1,1],0,6].
[[3,5,0,1,2,2,1,2,1],3,0].
[[3,6,1,1,2,2,1,1,1],7,1].
[[3,2,0,1,2,2,2,3,1],1,0].
[[1,3,2,0,0,0,2,2,1],1,0].
[[3,3,2,1,2,0,2,2,1],5,0].
[[1,8,1,1,2,0,1,1,0],1,1].
[[2,8,1,1,1,0,1,1,0],1,1].
[[3,6,1,1,1,0,1,1,0],0,1].
[[2,5,0,1,2,0,1,1,1],4,0].
[[3,6,0,1,2,2,1,2,1],3,2].
[[1,3,2,0,0,0,2,3,1],1,0].
[[3,3,2,1,2,0,2,1,1],6,0].
[[3,7,0,1,2,0,2,2,1],2,0].
[[2,7,2,1,1,0,2,1,1],1,1].
[[3,9,2,0,0,0,1,1,0],0,1].
[[1,6,1,0,0,0,2,1,0],1,0].
[[3,7,2,1,2,0,2,1,1],15,1].
[[2,8,0,1,2,0,1,1,1],1,2].
[[3,7,2,0,0,0,2,3,0],3,0].
[[1,7,2,1,2,2,2,2,1],5,0].
[[2,3,2,1,2,0,2,1,1],2,0].
[[3,3,2,1,1,0,1,2,1],1,0].
[[2,7,2,1,1,2,1,2,1],3,0].
[[3,6,0,1,2,0,2,3,0],0,1].
[[2,6,0,1,1,2,0,0,0],5,2].
[[2,8,1,1,2,0,1,1,0],1,2].
[[3,7,2,1,1,0,1,1,0],1,0].
[[3,6,0,0,0,0,2,3,0],0,2].
[[3,6,1,1,1,2,0,0,0],2,0].
[[3,3,1,1,2,0,2,2,1],1,1].
[[3,4,0,1,2,0,1,2,1],0,2].
[[2,9,1,0,0,0,0,0,0],0,4].
[[2,7,0,0,0,0,2,3,1],1,2].
[[3,9,1,1,1,0,2,2,0],1,1].
[[3,6,1,1,2,0,2,2,0],2,1].
[[3,6,1,1,2,0,1,2,0],1,0].
[[3,9,1,1,1,2,0,0,0],0,2].
[[2,9,2,1,1,0,2,3,1],1,3].
[[2,6,0,0,0,0,2,3,0],1,0].
[[3,6,0,0,0,0,2,2,0],1,0].
[[3,7,0,0,0,0,2,3,1],3,2].
[[2,7,0,0,0,0,1,2,0],1,0].
[[3,7,0,1,1,2,2,1,1],2,5].
[[2,7,2,1,2,0,2,1,1],4,1].
[[3,3,1,1,2,0,2,1,1],3,0].
[[3,6,1,1,1,0,2,2,0],1,0].
[[1,8,1,1,1,2,1,1,0],1,0].
[[2,6,1,1,1,2,1,1,0],1,0].
[[3,3,1,1,1,2,1,1,1],1,0].
[[3,6,0,1,1,2,2,2,0],1,2].
[[1,6,1,0,0,0,2,1,1],1,0].
[[2,2,1,1,2,2,0,0,0],1,0].
[[3,2,1,1,1,2,0,0,0],1,0].
[[2,6,1,1,2,0,2,1,1],2,0].
[[2,7,1,1,2,0,2,2,0],1,0].
[[3,6,0,0,0,0,1,2,1],1,0].
[[2,6,0,0,0,0,2,2,1],1,0].
[[1,4,2,1,2,0,1,2,0],2,0].
[[2,7,1,1,2,2,1,2,0],3,0].
[[3,3,1,1,1,2,1,2,0],1,0].
[[3,8,1,0,0,0,0,0,0],0,1].
[[2,9,1,1,2,0,1,1,0],0,1].
[[3,7,0,0,0,0,2,1,0],1,0].
[[3,9,1,1,2,0,0,0,0],0,1].
[[3,3,1,1,2,2,1,1,1],1,0].
[[3,9,2,0,0,0,2,2,1],1,2].
[[1,6,1,1,2,2,2,1,1],1,0].
[[2,6,1,0,0,0,2,1,0],1,0].
[[3,3,1,1,2,0,2,1,0],1,0].
[[3,6,1,1,2,0,0,0,0],1,1].
[[3,6,0,0,0,0,2,1,0],1,0].
[[3,3,1,1,1,2,2,2,1],1,0].
[[3,7,2,1,2,2,1,2,0],2,0].
[[3,8,0,1,1,0,1,1,0],2,4].
[[3,9,1,1,2,0,2,2,1],0,3].
[[1,7,1,1,2,2,1,2,1],3,1].
[[3,8,1,1,1,0,0,0,0],0,1].
[[1,7,2,1,2,0,2,1,1],1,0].
[[1,6,0,1,2,2,2,3,0],2,0].
[[3,2,0,1,2,2,2,3,0],1,0].
[[2,9,2,1,1,0,1,1,1],0,1].
[[2,3,1,1,2,2,2,2,1],1,0].
[[2,7,2,1,2,2,2,2,0],1,0].
[[2,7,0,1,1,2,2,3,0],0,2].
[[1,6,1,0,0,0,1,1,1],3,0].
[[2,6,1,1,1,2,1,2,1],1,0].
[[2,9,1,1,1,0,1,2,1],0,1].
[[3,6,1,1,2,0,2,1,0],1,0].
[[3,9,1,1,2,0,2,1,0],0,1].
[[2,3,2,0,0,0,2,1,1],2,0].
[[3,3,2,0,0,0,2,1,1],4,0].
[[3,7,2,1,2,2,2,3,0],1,0].
[[3,9,2,1,2,2,0,0,0],0,4].
[[3,7,1,1,1,0,2,1,0],1,0].
[[2,3,2,1,2,2,1,2,1],1,0].
[[3,3,2,1,1,2,1,1,1],1,0].
[[1,8,0,0,0,0,1,1,1],0,1].
[[2,7,2,1,2,2,2,3,0],1,0].
[[2,8,1,1,1,0,2,2,0],1,0].
[[3,7,1,1,1,0,2,2,0],2,0].
[[2,2,0,1,2,2,2,3,0],1,0].
[[3,2,0,1,2,2,1,2,0],1,0].
[[2,7,0,1,1,2,1,1,0],1,0].
[[3,7,0,1,1,2,1,1,0],2,1].
[[2,8,1,1,1,0,2,1,0],1,0].
[[3,8,1,1,1,0,2,1,0],1,0].
[[2,9,2,1,1,0,1,1,0],0,1].
[[2,7,0,0,0,0,2,1,0],1,0].
[[3,2,1,0,0,0,0,0,0],2,0].
[[3,2,1,1,2,2,0,0,0],1,0].
[[2,6,0,0,0,0,2,2,0],1,0].
[[1,8,0,0,0,0,1,2,1],2,1].
[[1,6,1,0,0,0,2,2,0],3,0].
[[2,6,1,0,0,0,1,1,0],2,0].
[[3,3,2,0,0,0,1,1,0],1,0].
[[3,9,2,1,1,2,0,0,0],0,1].
[[3,9,1,1,1,0,2,1,1],0,1].
[[2,6,0,1,2,2,1,2,1],0,1].
[[3,9,2,1,2,0,2,2,1],0,2].
[[3,3,1,1,2,0,1,2,1],2,0].
[[3,7,0,1,2,0,2,1,1],2,0].
[[2,8,0,1,2,0,1,1,0],1,1].
[[3,9,1,1,1,0,2,2,1],0,1].
[[3,7,0,1,1,2,1,2,0],2,0].
[[2,3,2,1,2,0,2,3,1],2,0].
[[2,9,1,1,2,0,2,3,1],1,1].
[[1,7,1,1,2,2,2,1,0],1,0].
[[2,7,0,1,1,2,2,2,0],1,0].
[[2,9,1,1,1,0,1,1,0],0,1].
[[1,6,1,0,0,0,1,2,1],3,0].
[[3,6,0,1,2,0,2,2,1],1,1].
[[2,7,2,1,1,2,1,1,1],1,0].
[[3,3,2,1,1,0,2,1,1],1,0].
[[3,6,1,1,1,2,1,2,0],0,1].
[[1,6,1,1,2,2,1,1,1],1,0].
[[2,6,1,1,1,2,1,1,1],2,0].
[[2,9,2,1,1,0,2,2,0],0,1].
[[1,7,2,1,2,0,2,3,1],1,1].
[[2,7,2,1,1,0,2,3,1],0,1].
[[2,6,1,1,2,0,2,2,0],2,0].
[[3,3,2,1,1,0,2,2,0],1,0].
[[2,7,1,1,2,0,2,3,0],1,0].
[[1,8,0,1,1,2,1,2,1],1,0].
[[1,6,1,1,2,2,2,2,0],1,0].
[[2,6,1,1,2,2,1,1,0],1,0].
[[3,7,2,1,2,0,2,3,0],0,1].
[[3,6,1,1,2,2,2,1,0],1,0].
[[3,4,0,1,2,0,2,3,1],0,1].
[[3,7,2,1,2,0,1,2,0],1,0].
[[3,6,0,0,0,0,1,1,0],0,1].
[[3,8,1,1,1,2,0,0,0],0,1].
[[2,9,1,1,1,0,2,2,1],0,1].
[[2,7,0,1,1,2,2,1,0],1,0].
[[2,6,1,0,0,0,1,2,0],1,0].
[[1,8,1,1,1,2,1,2,0],1,0].
[[2,3,1,0,0,0,2,3,1],1,0].
[[3,2,1,1,1,2,1,1,1],1,0].
[[2,6,1,1,1,2,2,1,1],1,0].
[[3,5,0,1,2,0,1,2,1],1,0].
[[3,8,0,1,1,0,0,0,0],0,1].
[[3,3,2,1,2,0,1,2,1],1,0].
[[2,3,2,0,0,0,1,2,1],1,0].
[[3,3,1,1,2,2,2,3,0],1,0].
[[3,3,2,1,2,2,2,1,1],1,0].
