total_WL(15974,19580).
[[1,9,2,0,0,0,2,1,0],189,356].
[[2,9,1,1,2,1,2,1,0],30,135].
[[3,9,1,1,2,1,1,2,0],153,494].
[[1,8,1,1,2,1,1,2,1],64,51].
[[2,8,1,1,2,1,1,2,1],315,163].
[[3,8,1,1,1,1,1,2,1],209,139].
[[1,8,1,0,0,0,0,0,0],1498,951].
[[2,8,1,0,0,0,2,2,1],612,367].
[[3,8,1,1,2,0,1,2,1],218,179].
[[1,8,1,1,1,1,2,3,1],25,9].
[[2,4,1,1,2,0,2,3,1],17,7].
[[3,4,1,1,2,0,2,3,1],60,15].
[[1,8,1,0,0,0,2,2,1],818,423].
[[3,6,1,0,0,0,2,2,1],59,2].
[[1,8,0,0,0,0,2,2,1],142,202].
[[2,7,1,0,0,0,2,2,1],158,64].
[[3,7,1,1,2,1,2,2,1],397,168].
[[1,9,2,0,0,0,2,1,1],340,815].
[[2,9,2,0,0,0,2,1,1],31,98].
[[3,8,0,1,2,0,2,1,1],13,45].
[[1,9,2,1,2,1,2,3,1],292,720].
[[2,8,0,1,2,1,2,3,1],150,397].
[[3,8,0,1,2,1,1,2,1],171,501].
[[1,8,1,0,0,0,2,3,1],901,430].
[[2,8,1,0,0,0,2,3,1],688,365].
[[3,8,1,1,2,1,1,2,1],596,402].
[[1,9,2,0,0,0,1,2,1],278,489].
[[3,7,2,1,2,1,1,2,1],136,15].
[[1,9,2,1,2,1,0,0,0],138,573].
[[2,9,2,1,1,1,2,3,0],17,47].
[[3,8,1,1,1,1,2,3,1],93,88].
[[2,9,1,1,1,1,2,2,1],34,72].
[[3,8,1,1,1,1,2,2,1],110,83].
[[2,8,0,0,0,0,1,2,1],76,109].
[[3,7,1,1,2,1,1,2,1],272,90].
[[1,9,2,1,2,1,2,3,0],293,519].
[[2,9,2,1,2,1,2,3,0],61,224].
[[3,9,1,1,1,1,2,3,0],8,131].
[[1,9,2,0,0,0,2,3,0],726,1283].
[[2,9,1,0,0,0,2,3,0],140,391].
[[3,8,1,0,0,0,1,2,1],308,200].
[[1,8,1,1,2,1,0,0,0],534,277].
[[2,8,1,1,2,1,2,2,1],532,261].
[[1,9,2,0,0,0,0,0,0],326,1302].
[[2,7,2,0,0,0,0,0,0],162,20].
[[3,7,2,1,2,0,2,2,1],74,8].
[[1,9,2,0,0,0,2,2,0],420,696].
[[2,9,2,1,2,1,2,2,0],46,140].
[[3,9,1,1,2,1,2,2,0],15,141].
[[2,8,1,0,0,0,2,1,0],53,33].
[[3,8,1,1,2,0,1,1,0],6,19].
[[2,9,1,0,0,0,2,1,0],45,132].
[[3,9,1,0,0,0,1,2,0],54,191].
[[3,9,1,1,1,1,2,1,0],2,59].
[[2,7,1,1,2,1,0,0,0],225,116].
[[3,3,1,1,2,1,0,0,0],59,9].
[[1,8,0,0,0,0,0,0,0],567,1157].
[[2,8,0,0,0,0,0,0,0],54,339].
[[1,9,2,0,0,0,2,2,1],668,1484].
[[2,9,2,1,2,1,1,2,1],68,214].
[[3,7,1,1,2,0,1,2,1],66,36].
[[1,9,2,0,0,0,2,3,1],657,1624].
[[2,9,1,0,0,0,2,2,1],94,362].
[[3,9,1,0,0,0,1,2,1],58,341].
[[1,8,1,0,0,0,2,1,1],463,244].
[[2,8,1,1,2,1,2,1,1],255,163].
[[3,8,1,1,2,1,1,1,1],261,260].
[[2,9,1,1,2,1,1,1,1],77,138].
[[3,8,0,1,2,1,1,1,1],62,194].
[[1,9,2,1,1,1,2,3,0],42,41].
[[2,9,1,1,1,1,2,3,0],46,74].
[[3,9,1,1,1,1,1,2,0],53,188].
[[2,8,1,1,2,1,2,3,1],528,322].
[[3,8,1,1,2,1,2,1,0],28,37].
[[3,8,1,1,2,1,2,3,1],328,237].
[[1,6,0,0,0,0,0,0,0],28,44].
[[2,6,0,0,0,0,2,2,1],3,17].
[[3,6,0,0,0,0,2,2,1],7,15].
[[1,8,1,1,2,0,0,0,0],63,62].
[[2,7,1,1,2,0,0,0,0],52,33].
[[3,7,1,1,1,0,2,3,0],3,6].
[[2,8,0,0,0,0,2,3,1],174,419].
[[3,8,0,0,0,0,2,2,1],49,180].
[[1,8,0,0,0,0,2,1,0],48,56].
[[2,7,1,0,0,0,2,1,0],16,5].
[[3,7,1,0,0,0,2,3,0],59,26].
[[1,9,2,0,0,0,1,1,1],154,191].
[[2,5,0,1,2,0,1,1,1],9,1].
[[3,5,0,1,2,0,1,1,1],42,9].
[[2,8,1,1,2,1,2,2,0],90,44].
[[3,8,1,1,2,1,2,2,0],36,62].
[[3,6,1,0,0,0,2,3,1],70,2].
[[1,8,1,0,0,0,2,3,0],235,92].
[[3,8,1,1,2,1,1,2,0],172,75].
[[2,9,2,1,2,1,0,0,0],7,66].
[[1,8,1,1,2,1,2,3,1],310,119].
[[3,6,1,1,2,1,2,3,1],113,4].
[[2,9,1,1,2,1,2,2,0],59,183].
[[3,8,0,1,2,1,2,2,0],55,256].
[[2,9,1,0,0,0,1,1,1],86,165].
[[3,9,1,0,0,0,1,1,1],31,117].
[[3,8,1,1,1,1,2,1,1],60,31].
[[1,8,1,1,2,1,2,3,0],78,31].
[[2,8,1,1,2,1,1,2,0],69,23].
[[3,7,2,1,2,1,1,2,0],8,0].
[[1,8,0,0,0,0,2,3,1],117,259].
[[1,8,0,1,2,1,2,3,1],55,88].
[[3,8,0,1,1,1,1,2,1],54,175].
[[1,8,0,0,0,0,2,1,1],87,129].
[[2,6,0,0,0,0,2,1,1],3,5].
[[3,6,0,1,2,1,2,1,1],9,13].
[[2,8,0,1,2,1,0,0,0],51,297].
[[3,8,0,1,2,1,2,1,0],22,173].
[[2,8,1,0,0,0,1,1,1],158,128].
[[3,8,1,0,0,0,1,1,1],123,111].
[[2,9,1,1,2,1,2,3,1],72,248].
[[3,9,1,1,2,1,2,1,1],14,63].
[[2,6,1,0,0,0,2,1,1],56,1].
[[3,6,1,1,2,1,1,2,1],74,5].
[[3,7,1,0,0,0,2,2,1],178,79].
[[3,7,1,1,2,0,2,3,1],116,67].
[[2,8,1,0,0,0,1,2,1],396,250].
[[3,8,1,1,2,1,2,2,1],384,254].
[[2,8,0,0,0,0,2,3,0],191,353].
[[3,8,0,1,2,0,1,2,0],33,74].
[[2,7,2,0,0,0,2,3,1],112,15].
[[3,7,2,1,2,0,1,2,1],70,9].
[[2,8,0,1,2,1,2,1,1],89,204].
[[3,8,0,1,1,1,2,1,1],14,67].
[[1,8,0,1,2,1,0,0,0],202,378].
[[3,7,1,1,1,1,2,3,1],93,47].
[[2,9,2,0,0,0,2,3,1],56,267].
[[2,8,1,1,2,0,2,3,1],120,102].
[[3,8,1,1,2,0,2,3,1],110,70].
[[2,8,0,1,1,1,2,2,1],24,47].
[[3,8,0,1,1,1,2,2,1],28,135].
[[3,9,1,1,2,0,1,2,1],45,241].
[[3,8,1,0,0,0,2,2,1],157,124].
[[3,7,2,0,0,0,2,3,1],73,4].
[[2,8,0,0,0,0,1,1,1],36,57].
[[3,8,0,1,2,0,1,1,1],24,56].
[[2,9,2,1,2,1,2,3,1],56,237].
[[3,9,1,1,1,1,1,2,1],58,332].
[[2,9,1,1,2,1,2,3,0],110,392].
[[1,9,2,0,0,0,1,2,0],233,341].
[[2,9,1,1,2,1,1,2,0],147,285].
[[1,9,2,1,2,0,2,3,1],24,74].
[[2,8,0,1,2,0,2,3,1],18,61].
[[3,7,0,1,2,0,2,3,1],10,16].
[[2,9,1,1,2,1,2,2,1],100,330].
[[3,8,0,1,2,1,2,2,1],133,424].
[[2,9,2,1,2,0,1,2,1],24,55].
[[1,8,0,0,0,0,2,3,0],161,190].
[[2,8,0,0,0,0,2,1,0],38,99].
[[3,8,0,1,2,1,1,2,0],177,262].
[[1,9,2,1,2,1,2,2,1],280,570].
[[2,9,1,1,2,1,1,2,1],159,430].
[[3,5,0,1,2,1,1,1,1],177,11].
[[2,9,1,1,2,0,2,2,0],16,35].
[[3,9,1,1,2,0,1,2,0],40,147].
[[3,8,0,1,2,1,2,3,1],96,384].
[[1,7,2,1,2,1,0,0,0],72,10].
[[2,7,2,1,2,1,0,0,0],98,19].
[[3,7,2,1,2,1,0,0,0],29,4].
[[2,9,1,0,0,0,1,2,0],138,265].
[[3,8,0,0,0,0,2,2,0],33,112].
[[1,6,0,0,0,0,2,2,0],0,1].
[[2,6,0,1,2,1,2,2,0],3,3].
[[3,6,0,1,2,1,1,2,0],5,5].
[[2,9,1,0,0,0,1,1,0],41,83].
[[3,9,1,0,0,0,1,1,0],18,51].
[[2,8,0,0,0,0,2,2,1],170,386].
[[3,9,1,1,2,1,1,2,1],143,883].
[[3,7,1,1,2,0,2,2,1],107,58].
[[3,9,1,1,2,0,2,3,0],15,105].
[[2,8,1,0,0,0,0,0,0],105,115].
[[3,8,1,1,2,0,2,2,1],115,95].
[[1,7,2,1,2,0,0,0,0],25,9].
[[2,7,2,1,1,0,2,3,1],3,5].
[[3,7,2,1,1,0,2,3,1],12,7].
[[3,7,1,0,0,0,2,3,1],177,76].
[[3,8,1,0,0,0,2,1,1],79,52].
[[2,6,1,0,0,0,0,0,0],133,12].
[[3,6,1,0,0,0,2,1,1],39,4].
[[2,9,2,0,0,0,1,2,1],104,203].
[[3,5,0,0,0,0,1,1,0],22,7].
[[3,8,0,1,2,1,2,3,0],118,479].
[[3,8,0,0,0,0,2,3,1],36,157].
[[1,9,2,1,2,1,1,2,1],114,188].
[[2,8,0,1,2,1,1,2,1],65,99].
[[2,9,1,0,0,0,1,2,1],135,424].
[[1,6,1,0,0,0,2,2,1],25,1].
[[2,3,1,0,0,0,2,2,1],5,2].
[[3,3,1,0,0,0,2,2,1],19,2].
[[2,8,1,1,1,1,2,3,1],118,60].
[[3,7,2,1,1,1,2,3,1],50,5].
[[2,6,0,0,0,0,2,3,1],10,13].
[[3,6,0,1,2,0,2,3,1],3,9].
[[3,9,1,0,0,0,2,3,1],1,39].
[[2,9,1,0,0,0,2,2,0],84,170].
[[3,9,1,0,0,0,2,2,0],4,57].
[[2,8,1,1,2,1,0,0,0],88,79].
[[1,8,1,1,2,0,2,3,1],43,32].
[[2,7,1,1,2,0,2,3,1],22,21].
[[3,3,1,1,2,0,2,3,1],8,0].
[[1,9,2,1,2,1,2,1,1],173,310].
[[2,6,0,0,0,0,0,0,0],23,44].
[[3,6,0,1,2,1,2,3,1],12,31].
[[2,8,1,1,2,0,1,2,1],80,69].
[[2,9,2,0,0,0,2,2,1],46,156].
[[2,8,0,1,2,1,2,2,1],169,325].
[[3,7,1,1,2,1,2,1,1],194,98].
[[3,8,1,0,0,0,2,1,0],10,20].
[[3,9,1,0,0,0,2,1,0],7,46].
[[3,8,0,1,1,1,1,1,1],23,77].
[[2,6,1,0,0,0,2,3,1],91,4].
[[3,6,1,0,0,0,2,3,0],23,0].
[[2,8,0,0,0,0,2,2,0],101,172].
[[2,9,2,1,2,1,2,1,1],29,103].
[[3,8,0,1,2,1,2,1,1],55,166].
[[2,7,2,0,0,0,2,2,1],124,13].
[[3,7,2,1,2,1,1,1,1],52,17].
[[2,8,1,1,2,1,1,1,1],150,123].
[[3,5,0,0,0,0,1,2,0],67,1].
[[3,4,1,1,2,0,2,3,0],48,11].
[[2,7,1,1,2,1,2,3,1],133,39].
[[3,8,0,1,1,1,2,1,0],5,48].
[[1,9,2,1,2,1,1,2,0],116,135].
[[2,9,1,1,1,1,1,1,0],15,21].
[[3,9,1,1,2,1,1,1,1],77,338].
[[3,8,0,1,1,1,2,3,1],35,143].
[[2,7,1,0,0,0,2,3,1],164,68].
[[3,7,2,1,2,1,2,3,1],166,13].
[[1,7,2,0,0,0,0,0,0],311,46].
[[2,7,2,1,2,1,2,3,1],92,8].
[[3,7,2,1,1,1,2,1,1],14,2].
[[3,9,1,1,1,1,1,1,1],26,153].
[[3,8,0,1,2,0,2,3,1],25,99].
[[1,9,2,1,2,0,2,3,0],26,69].
[[2,9,1,1,2,0,2,3,0],25,102].
[[3,9,1,1,1,0,2,3,0],1,29].
[[3,7,1,0,0,0,1,2,1],144,46].
[[3,8,1,1,1,0,2,3,1],15,23].
[[3,7,0,0,0,0,2,3,1],10,31].
[[3,7,2,0,0,0,2,2,1],83,8].
[[3,5,0,1,1,1,1,1,1],59,3].
[[2,9,1,1,1,1,1,2,1],49,89].
[[2,8,0,1,1,1,2,2,0],14,14].
[[3,7,1,1,1,1,1,1,1],26,21].
[[2,9,2,1,2,0,1,2,0],11,24].
[[2,8,0,0,0,0,2,1,1],92,220].
[[3,8,0,0,0,0,2,1,1],20,72].
[[3,8,0,0,0,0,1,2,1],58,233].
[[2,7,1,0,0,0,2,3,0],55,14].
[[3,3,1,0,0,0,2,3,0],9,3].
[[2,8,1,1,2,0,2,1,1],67,59].
[[3,7,1,1,1,0,2,1,1],6,7].
[[2,8,1,1,1,1,1,2,1],73,32].
[[3,6,1,1,1,1,1,2,1],13,2].
[[3,9,1,1,2,1,1,1,0],36,132].
[[2,9,1,1,2,0,1,2,1],29,83].
[[2,9,2,0,0,0,2,3,0],76,224].
[[2,8,1,1,2,0,2,2,1],137,121].
[[3,8,1,1,1,0,2,2,1],21,38].
[[1,8,1,1,2,1,2,1,1],134,68].
[[2,8,1,1,1,1,2,1,1],55,25].
[[3,9,1,1,2,0,2,3,1],4,32].
[[2,9,2,0,0,0,2,2,0],39,122].
[[3,9,1,0,0,0,2,3,0],15,137].
[[3,8,1,1,2,0,2,3,0],25,40].
[[3,8,1,1,2,1,2,3,0],76,119].
[[1,9,2,1,2,1,2,2,0],176,296].
[[1,7,1,0,0,0,0,0,0],308,115].
[[2,7,1,0,0,0,0,0,0],273,170].
[[3,7,1,1,2,1,2,3,0],102,57].
[[3,8,1,0,0,0,1,1,0],19,20].
[[2,7,2,1,1,1,0,0,0],16,5].
[[3,7,2,1,1,1,2,2,0],1,0].
[[2,9,2,1,2,1,2,2,1],51,201].
[[1,9,2,1,1,1,1,2,1],17,15].
[[2,4,1,1,2,0,1,2,1],18,8].
[[3,4,1,1,2,0,1,2,1],119,45].
[[1,8,1,0,0,0,2,2,0],141,52].
[[2,8,1,0,0,0,2,2,0],93,62].
[[3,8,1,0,0,0,2,2,0],12,26].
[[2,9,1,0,0,0,0,0,0],2,54].
[[3,8,0,0,0,0,0,0,0],1,45].
[[1,7,2,0,0,0,2,1,1],34,5].
[[2,7,2,0,0,0,2,1,1],64,8].
[[3,7,2,1,2,1,2,1,1],77,9].
[[3,9,1,1,2,0,2,1,0],4,41].
[[3,6,1,1,2,1,1,1,1],27,3].
[[2,8,0,1,1,1,0,0,0],19,46].
[[3,7,1,1,1,1,0,0,0],18,20].
[[2,7,1,1,2,1,2,2,1],128,42].
[[1,8,1,1,2,1,2,2,1],301,101].
[[1,8,0,0,0,0,2,2,0],105,102].
[[2,8,0,0,0,0,1,2,0],76,95].
[[3,6,0,0,0,0,1,2,0],3,3].
[[1,9,2,0,0,0,1,1,0],70,102].
[[2,8,0,0,0,0,1,1,0],28,33].
[[3,8,0,0,0,0,1,1,0],21,33].
[[3,7,2,1,1,1,1,1,1],27,4].
[[1,8,0,1,2,1,2,2,0],31,26].
[[2,8,0,1,2,1,2,2,0],95,156].
[[3,7,1,1,2,1,2,3,1],402,179].
[[2,8,0,1,2,0,2,1,1],5,29].
[[3,8,0,1,1,0,1,2,1],1,21].
[[3,7,1,0,0,0,2,2,0],29,16].
[[3,8,0,1,1,1,2,2,0],21,85].
[[1,8,0,1,2,1,2,1,1],28,36].
[[2,8,0,1,2,1,1,1,1],31,44].
[[3,6,0,1,2,1,1,1,1],4,2].
[[3,7,0,1,2,1,2,2,0],20,29].
[[2,9,1,1,2,1,1,1,0],32,84].
[[3,8,0,1,2,1,1,1,0],39,84].
[[3,7,1,1,2,1,0,0,0],86,68].
[[3,9,1,1,1,1,2,2,0],3,59].
[[2,7,0,0,0,0,2,1,1],5,9].
[[3,7,0,1,2,1,2,1,1],13,38].
[[1,8,1,1,2,1,2,2,0],43,21].
[[2,8,1,1,2,1,1,1,0],23,18].
[[3,8,1,1,2,1,1,1,0],39,45].
[[1,8,0,1,2,1,1,1,0],2,4].
[[2,8,0,1,2,1,1,1,0],17,30].
[[2,9,1,1,2,1,2,1,1],28,112].
[[2,8,1,0,0,0,2,1,1],327,196].
[[2,9,1,0,0,0,2,1,1],43,133].
[[2,8,1,0,0,0,2,3,0],194,99].
[[3,8,1,0,0,0,2,3,0],26,58].
[[3,8,0,1,2,0,2,3,0],37,149].
[[3,8,0,1,1,1,2,3,0],42,174].
[[2,8,0,1,2,1,2,1,0],34,92].
[[3,8,0,1,1,1,1,1,0],12,28].
[[2,5,0,0,0,0,1,1,1],38,3].
[[3,5,0,0,0,0,1,1,1],53,5].
[[2,9,1,1,2,0,2,1,1],3,34].
[[3,9,1,1,1,0,2,1,1],1,8].
[[1,8,0,1,2,1,2,3,0],52,52].
[[2,7,1,1,2,1,2,3,0],38,7].
[[2,9,2,1,1,0,2,3,1],1,4].
[[3,9,1,1,1,0,1,2,1],6,58].
[[3,7,1,1,2,1,1,1,1],111,62].
[[3,8,1,1,1,1,1,2,0],54,20].
[[2,9,2,0,0,0,1,2,0],57,99].
[[3,8,0,1,2,0,1,2,1],44,134].
[[1,7,2,1,2,1,2,1,1],12,1].
[[2,7,2,1,1,1,1,2,1],8,2].
[[3,8,0,0,0,0,2,3,0],55,224].
[[3,7,0,1,1,1,2,2,0],1,4].
[[3,6,0,0,0,0,2,2,0],7,9].
[[3,9,1,0,0,0,2,1,1],7,27].
[[2,8,0,1,2,1,2,3,0],146,304].
[[2,9,2,0,0,0,2,1,0],24,58].
[[3,7,0,1,2,1,2,2,1],34,53].
[[3,4,1,1,2,0,1,2,0],67,10].
[[2,7,1,1,2,1,2,1,1],74,33].
[[3,9,1,1,2,0,1,1,1],19,103].
[[3,8,0,0,0,0,1,2,0],69,133].
[[1,8,1,0,0,0,1,2,1],211,130].
[[3,8,1,1,1,0,1,2,1],26,62].
[[1,7,2,0,0,0,2,2,1],55,12].
[[2,7,2,1,2,1,2,2,1],76,7].
[[3,3,2,1,2,1,2,2,1],17,0].
[[2,9,2,1,2,0,2,3,0],13,59].
[[3,8,1,1,2,0,1,1,1],100,97].
[[2,7,2,1,2,0,2,3,1],40,3].
[[3,3,2,1,2,1,2,3,1],30,0].
[[3,7,2,1,2,1,2,2,1],148,15].
[[1,3,2,0,0,0,0,0,0],22,0].
[[2,3,2,1,2,1,0,0,0],16,0].
[[3,7,2,1,2,0,2,3,1],64,10].
[[1,3,2,0,0,0,2,3,1],4,0].
[[2,3,2,1,2,1,2,3,1],6,0].
[[3,7,1,1,1,1,2,2,1],96,42].
[[2,5,0,1,2,1,1,1,0],9,1].
[[3,5,0,1,2,1,1,1,0],65,11].
[[2,8,0,1,1,1,1,2,1],14,11].
[[3,7,1,1,2,0,2,1,1],54,37].
[[1,9,2,1,2,1,2,1,0],72,143].
[[2,9,1,1,1,1,2,1,0],3,22].
[[3,5,0,1,2,1,1,2,0],143,3].
[[1,9,2,1,2,1,1,1,1],63,85].
[[2,5,0,1,2,1,1,1,1],30,0].
[[1,8,0,1,2,1,2,1,0],12,23].
[[2,8,0,1,2,1,1,2,0],66,71].
[[2,9,1,1,2,0,1,2,0],33,66].
[[2,7,1,0,0,0,2,1,1],92,40].
[[1,8,1,1,2,0,2,2,1],40,32].
[[2,8,1,1,1,0,2,2,1],7,11].
[[3,7,1,1,1,0,2,2,1],10,16].
[[3,8,0,1,2,0,2,1,0],7,55].
[[2,9,1,1,1,1,2,3,1],19,53].
[[3,7,0,0,0,0,0,0,0],7,29].
[[3,8,0,1,2,0,1,1,0],6,29].
[[1,8,1,1,2,0,2,3,0],11,4].
[[1,6,1,0,0,0,0,0,0],282,18].
[[3,9,1,1,2,0,2,1,1],3,28].
[[3,4,1,1,2,0,2,1,0],16,5].
[[3,8,1,0,0,0,0,0,0],0,5].
[[2,7,2,1,2,1,2,1,1],37,6].
[[3,7,2,1,1,0,2,2,1],7,8].
[[3,9,1,1,2,1,2,3,1],7,93].
[[3,8,1,0,0,0,2,3,1],149,102].
[[3,9,1,1,2,1,2,1,0],9,128].
[[3,7,0,0,0,0,2,3,0],13,25].
[[2,9,2,1,2,1,1,1,1],46,96].
[[1,7,1,0,0,0,2,2,1],23,12].
[[2,7,1,1,2,1,1,2,1],33,15].
[[2,9,1,0,0,0,2,3,1],62,237].
[[2,7,0,1,2,1,0,0,0],18,38].
[[3,4,1,1,2,0,1,1,0],28,7].
[[3,6,0,0,0,0,1,1,1],2,2].
[[2,6,1,1,2,1,2,3,0],12,0].
[[3,6,1,1,2,1,2,3,0],32,2].
[[2,9,2,1,1,0,2,3,0],1,8].
[[3,8,0,1,1,0,2,3,0],3,23].
[[2,8,1,1,2,1,2,3,0],155,102].
[[2,7,1,1,2,0,2,2,1],24,12].
[[2,9,2,1,2,1,1,1,0],16,15].
[[3,9,1,1,1,1,1,1,0],5,63].
[[2,8,0,1,1,1,2,1,0],4,17].
[[3,9,1,1,1,1,2,2,1],15,78].
[[2,3,2,0,0,0,0,0,0],58,3].
[[3,3,2,1,2,1,0,0,0],37,0].
[[2,8,0,1,2,0,0,0,0],10,49].
[[3,8,0,1,1,0,2,1,1],1,6].
[[3,8,0,1,2,0,2,2,0],9,60].
[[3,7,2,1,2,0,2,1,1],42,10].
[[3,6,0,0,0,0,2,1,0],2,5].
[[3,7,1,1,2,0,2,3,0],37,17].
[[2,9,2,1,1,1,2,2,0],22,27].
[[2,9,2,0,0,0,0,0,0],5,83].
[[2,7,1,1,1,1,2,3,1],14,4].
[[2,7,1,1,2,0,2,1,1],14,9].
[[1,8,1,1,2,1,1,1,1],36,33].
[[2,9,2,0,0,0,1,1,1],54,98].
[[2,9,1,1,2,0,2,1,0],10,33].
[[3,5,0,1,2,0,1,2,0],55,3].
[[3,8,1,1,1,1,2,3,0],19,48].
[[1,9,2,1,1,1,2,3,1],46,74].
[[2,8,0,1,1,1,2,3,1],33,53].
[[3,4,1,1,2,0,1,1,1],60,21].
[[2,9,1,1,2,0,0,0,0],1,22].
[[2,9,2,1,1,1,1,2,1],19,38].
[[2,7,2,1,2,0,0,0,0],42,17].
[[1,8,1,0,0,0,1,2,0],34,11].
[[2,8,1,0,0,0,1,2,0],92,36].
[[1,9,2,1,1,1,2,2,1],58,48].
[[3,8,0,0,0,0,2,1,0],10,70].
[[2,8,1,1,2,0,1,2,0],20,16].
[[3,7,1,1,2,0,1,2,0],20,2].
[[3,7,0,1,2,1,2,3,1],25,73].
[[2,7,2,0,0,0,1,2,1],49,4].
[[1,9,2,1,1,1,0,0,0],36,51].
[[2,4,1,1,2,0,0,0,0],5,3].
[[2,7,0,1,2,1,2,3,0],6,7].
[[3,7,0,1,2,1,1,2,0],15,14].
[[2,8,0,1,2,0,1,2,1],6,16].
[[1,9,2,1,2,0,1,2,0],12,18].
[[3,7,0,1,2,0,1,1,0],1,1].
[[2,9,1,1,1,1,1,2,0],43,68].
[[3,8,0,1,1,1,1,2,0],51,97].
[[3,8,1,1,1,1,2,2,0],12,21].
[[1,8,1,0,0,0,1,1,1],86,82].
[[2,9,2,1,2,0,2,3,1],18,67].
[[3,9,1,1,2,0,2,2,1],8,49].
[[1,6,1,0,0,0,2,3,1],27,3].
[[2,3,1,1,2,1,2,3,1],3,0].
[[3,3,1,1,2,1,2,3,1],45,3].
[[2,9,2,1,1,1,0,0,0],3,11].
[[3,7,0,0,0,0,2,2,1],10,35].
[[3,7,1,1,1,1,2,3,0],31,16].
[[3,3,2,0,0,0,0,0,0],22,2].
[[3,3,2,1,1,1,2,3,1],2,0].
[[3,9,1,1,2,1,2,2,1],36,191].
[[3,7,1,1,2,1,2,2,0],49,35].
[[1,8,1,1,2,0,2,2,0],3,7].
[[2,8,1,1,1,0,2,2,0],2,3].
[[3,4,0,1,2,0,1,2,1],0,7].
[[2,8,1,1,1,1,2,2,1],99,48].
[[2,8,0,1,2,0,1,1,1],3,12].
[[3,8,0,1,1,0,1,1,1],0,10].
[[2,6,1,1,1,1,0,0,0],8,2].
[[3,6,1,1,1,1,0,0,0],6,0].
[[3,6,1,1,2,1,2,1,1],51,2].
[[3,6,1,1,1,1,2,2,1],24,2].
[[3,7,1,0,0,0,2,1,0],20,7].
[[2,6,1,1,2,1,0,0,0],82,5].
[[2,6,0,0,0,0,2,2,0],6,3].
[[3,6,0,1,2,1,2,2,0],6,18].
[[2,6,1,0,0,0,2,2,1],82,5].
[[3,6,1,1,2,1,2,2,1],111,5].
[[2,7,0,0,0,0,0,0,0],17,38].
[[3,7,0,1,2,1,0,0,0],14,51].
[[3,6,1,0,0,0,2,1,0],10,0].
[[1,9,2,1,2,0,0,0,0],10,68].
[[2,9,2,1,2,0,2,1,1],7,29].
[[3,3,1,0,0,0,0,0,0],37,10].
[[2,7,1,0,0,0,1,2,1],52,23].
[[3,7,1,1,2,0,1,1,1],32,21].
[[2,6,1,1,2,1,2,1,1],34,1].
[[3,6,1,1,2,1,2,1,0],9,0].
[[3,8,1,1,2,0,2,1,1],42,46].
[[2,7,1,1,2,1,1,2,0],7,3].
[[3,7,1,1,1,1,1,2,0],13,2].
[[2,9,1,1,1,1,2,2,0],27,36].
[[1,6,1,1,2,1,0,0,0],68,3].
[[2,7,1,0,0,0,2,2,0],30,6].
[[3,6,0,0,0,0,0,0,0],2,15].
[[1,8,1,0,0,0,2,1,0],67,25].
[[3,7,1,1,2,1,2,1,0],31,13].
[[3,8,1,1,2,1,2,1,1],157,108].
[[2,6,1,1,2,1,2,3,1],52,3].
[[2,4,1,1,2,0,2,3,0],16,2].
[[1,9,2,1,2,0,2,2,1],23,69].
[[2,9,1,1,1,0,2,2,1],1,11].
[[3,9,1,1,1,0,1,1,1],3,29].
[[1,7,2,0,0,0,2,3,1],78,6].
[[3,7,2,0,0,0,1,2,1],71,6].
[[2,9,2,1,1,1,2,1,1],12,20].
[[3,7,2,1,1,0,2,1,1],7,5].
[[1,7,1,1,2,1,2,2,0],1,0].
[[2,7,1,1,2,1,1,1,0],2,0].
[[3,7,1,1,2,1,1,2,0],65,8].
[[3,8,0,1,2,0,0,0,0],0,26].
[[2,9,1,1,1,0,2,1,0],2,1].
[[3,9,1,1,1,0,1,1,0],3,9].
[[3,6,1,1,2,0,1,2,1],20,5].
[[3,3,1,1,2,1,2,2,1],33,3].
[[3,9,1,1,2,1,2,3,0],30,342].
[[2,6,1,0,0,0,2,3,0],17,0].
[[3,6,1,0,0,0,2,2,0],11,0].
[[2,8,1,0,0,0,1,1,0],17,29].
[[1,8,0,1,2,1,2,2,1],49,78].
[[1,7,1,0,0,0,1,2,1],5,5].
[[2,3,1,0,0,0,1,2,1],2,0].
[[3,3,1,1,2,0,1,1,0],1,0].
[[3,6,0,0,0,0,2,1,1],6,13].
[[3,7,1,0,0,0,0,0,0],41,42].
[[3,8,1,0,0,0,1,2,0],91,38].
[[1,8,1,1,1,1,2,2,1],30,10].
[[2,9,2,1,1,1,2,3,1],24,57].
[[3,9,1,1,1,1,2,1,1],6,21].
[[2,7,2,1,2,1,1,2,1],29,10].
[[2,9,1,1,1,0,2,2,0],2,3].
[[3,8,0,1,1,0,2,2,0],1,10].
[[3,8,0,1,2,1,0,0,0],0,107].
[[2,8,0,1,1,1,1,1,1],5,4].
[[3,6,1,1,2,0,2,3,1],42,5].
[[1,8,1,1,2,1,1,2,0],11,6].
[[2,7,2,1,1,1,1,2,0],1,0].
[[3,7,2,1,1,1,1,2,0],3,0].
[[2,9,1,1,2,0,1,1,1],16,39].
[[3,7,1,1,1,1,1,2,1],72,25].
[[3,7,0,1,1,1,2,1,0],1,9].
[[3,3,2,0,0,0,2,3,1],24,2].
[[2,9,2,1,2,1,2,1,0],11,42].
[[3,7,1,0,0,0,1,1,1],51,31].
[[1,7,1,0,0,0,2,3,1],30,8].
[[1,8,0,0,0,0,1,2,1],4,6].
[[3,8,1,1,2,0,1,2,0],79,30].
[[3,8,0,1,1,1,0,0,0],0,41].
[[1,8,1,0,0,0,1,1,0],6,11].
[[2,7,2,1,1,0,2,1,1],2,3].
[[3,7,2,1,1,0,1,2,1],11,5].
[[2,9,1,1,2,0,2,2,1],19,84].
[[3,8,0,1,2,0,2,2,1],19,108].
[[1,6,1,0,0,0,2,1,1],21,2].
[[2,6,1,1,2,1,1,2,1],10,1].
[[2,8,0,1,1,1,2,3,0],33,35].
[[3,7,0,1,1,1,2,3,0],5,9].
[[2,9,2,1,2,1,1,2,0],66,79].
[[1,7,2,1,2,0,1,1,1],2,0].
[[2,7,2,1,2,0,1,1,1],9,2].
[[3,7,2,1,2,0,1,1,1],22,11].
[[2,7,1,0,0,0,1,1,1],19,11].
[[1,9,2,1,2,1,1,1,0],35,45].
[[3,7,1,1,2,1,1,1,0],16,6].
[[1,8,1,1,2,1,2,1,0],21,9].
[[3,9,1,0,0,0,2,2,1],11,80].
[[3,6,0,0,0,0,2,3,1],10,13].
[[2,8,1,1,1,0,1,1,1],2,3].
[[2,8,1,1,2,1,2,1,0],39,27].
[[2,9,2,1,1,0,2,1,1],1,4].
[[3,8,0,0,0,0,1,1,1],22,94].
[[2,6,0,1,2,1,2,1,0],2,4].
[[3,6,0,1,2,1,2,3,0],17,30].
[[2,9,1,1,1,1,1,1,1],19,33].
[[2,8,1,1,2,0,0,0,0],17,27].
[[1,9,2,1,2,0,2,2,0],15,25].
[[3,9,1,1,2,0,1,1,0],11,43].
[[3,6,0,1,2,1,1,2,1],4,8].
[[3,9,1,1,2,1,0,0,0],0,17].
[[2,9,2,1,2,0,2,2,1],8,32].
[[1,9,2,1,2,0,1,1,1],3,18].
[[2,9,2,1,2,0,1,1,1],7,25].
[[2,6,1,1,2,1,2,2,1],44,1].
[[1,9,2,1,1,1,2,2,0],33,18].
[[2,8,1,1,2,0,1,1,1],46,41].
[[2,9,2,1,1,1,2,2,1],18,40].
[[3,7,2,0,0,0,2,1,1],43,1].
[[2,8,0,1,2,0,2,2,0],7,24].
[[3,6,0,1,2,0,2,2,0],1,3].
[[2,7,0,0,0,0,2,3,0],5,9].
[[3,7,0,1,2,0,2,3,0],5,14].
[[1,7,2,1,2,1,2,3,1],16,4].
[[3,8,1,1,1,1,2,1,0],9,22].
[[2,7,1,1,1,1,2,1,1],8,3].
[[3,7,1,1,1,1,2,1,1],45,26].
[[2,9,1,1,2,0,1,1,0],9,21].
[[3,5,0,1,2,0,1,1,0],17,6].
[[2,9,1,1,2,1,0,0,0],1,66].
[[3,8,1,1,1,1,1,1,0],16,24].
[[2,8,0,1,2,0,2,2,1],14,46].
[[3,8,0,1,1,0,2,2,1],0,16].
[[2,7,2,1,2,0,2,2,1],26,2].
[[3,7,2,1,1,0,2,3,0],0,2].
[[3,7,2,0,0,0,0,0,0],14,0].
[[3,9,1,1,1,1,2,3,1],8,31].
[[3,7,1,1,2,0,0,0,0],38,18].
[[1,8,0,1,2,1,1,2,1],4,2].
[[3,7,0,1,1,1,2,1,1],3,9].
[[3,7,0,1,2,0,1,2,1],1,4].
[[3,7,1,0,0,0,1,1,0],8,4].
[[2,7,0,0,0,0,2,3,1],3,7].
[[2,9,2,1,2,0,2,2,0],11,22].
[[1,8,1,1,2,0,2,1,1],25,13].
[[3,8,1,1,1,1,1,1,1],88,84].
[[2,3,1,1,2,1,0,0,0],17,2].
[[3,6,1,0,0,0,1,2,1],46,3].
[[1,7,1,1,2,1,0,0,0],61,27].
[[3,6,0,1,1,1,1,1,1],1,3].
[[1,8,1,1,1,1,0,0,0],52,23].
[[2,8,0,1,2,0,2,3,0],10,47].
[[3,7,0,1,2,1,2,3,0],17,71].
[[3,5,0,1,1,0,1,1,1],8,6].
[[1,9,2,1,1,1,2,1,1],22,28].
[[2,9,1,1,1,1,2,1,1],15,28].
[[2,5,0,0,0,0,1,2,0],31,2].
[[3,8,1,1,1,0,1,1,1],13,22].
[[2,7,1,1,2,0,1,1,0],0,1].
[[3,7,1,1,1,0,1,1,0],2,1].
[[3,7,2,1,2,0,0,0,0],15,3].
[[2,6,1,1,2,0,2,3,1],10,3].
[[3,6,1,1,1,0,1,2,1],4,4].
[[2,7,1,1,1,1,2,2,1],14,8].
[[3,7,0,1,1,1,2,2,1],4,10].
[[3,6,1,0,0,0,1,1,1],18,2].
[[3,6,0,1,1,1,2,2,1],2,5].
[[2,8,1,1,1,1,2,2,0],17,12].
[[2,8,1,1,2,0,2,3,0],51,39].
[[2,9,2,1,1,1,1,1,1],8,24].
[[2,7,1,1,1,1,0,0,0],20,16].
[[1,8,0,0,0,0,1,2,0],19,17].
[[2,7,1,0,0,0,1,2,0],8,3].
[[3,8,1,1,2,1,0,0,0],1,9].
[[2,8,0,1,2,0,2,1,0],2,16].
[[3,7,0,1,2,0,2,1,0],1,2].
[[3,7,1,0,0,0,2,1,1],83,54].
[[3,4,1,1,2,0,2,1,1],29,6].
[[3,7,2,1,2,0,1,2,0],4,1].
[[1,6,1,0,0,0,1,2,1],7,0].
[[2,6,1,0,0,0,1,2,1],17,2].
[[1,7,2,0,0,0,1,2,1],11,4].
[[2,3,2,0,0,0,1,2,1],5,0].
[[3,3,2,1,2,0,1,2,1],8,0].
[[2,6,0,1,2,1,0,0,0],9,33].
[[3,6,0,1,2,1,2,1,0],2,9].
[[2,5,0,1,1,1,1,1,1],10,1].
[[2,5,0,0,0,0,1,1,0],16,6].
[[3,7,0,1,2,0,0,0,0],5,10].
[[3,6,0,1,2,1,0,0,0],7,26].
[[3,7,0,1,1,1,0,0,0],3,14].
[[2,8,1,1,1,1,2,3,0],38,20].
[[3,7,0,1,2,1,1,2,1],13,16].
[[3,4,1,1,2,0,2,2,1],57,26].
[[2,3,1,0,0,0,0,0,0],39,3].
[[3,3,1,0,0,0,2,1,1],27,3].
[[3,7,1,1,1,0,2,3,1],7,18].
[[1,9,2,1,1,1,1,2,0],10,11].
[[3,6,0,1,2,1,2,2,1],14,30].
[[3,6,0,1,1,1,1,2,1],2,1].
[[2,6,1,1,1,1,2,2,1],9,1].
[[3,3,2,1,2,0,0,0,0],21,1].
[[2,9,2,1,2,0,0,0,0],0,18].
[[3,7,2,1,2,1,1,1,0],3,1].
[[2,7,2,0,0,0,1,1,1],17,9].
[[2,7,2,1,2,0,2,3,0],1,1].
[[1,8,0,1,2,1,1,2,0],11,5].
[[3,2,1,0,0,0,2,2,1],3,0].
[[3,7,1,1,2,0,2,1,0],8,7].
[[1,9,2,1,1,1,2,1,0],12,18].
[[2,9,2,1,1,1,2,1,0],8,13].
[[2,6,0,0,0,0,2,3,0],11,9].
[[3,3,1,0,0,0,1,1,1],4,0].
[[2,4,1,1,2,0,2,2,1],17,7].
[[3,7,2,1,1,1,1,1,0],0,1].
[[3,3,2,1,2,1,2,1,1],17,1].
[[2,9,2,0,0,0,1,1,0],9,16].
[[3,6,1,1,2,1,0,0,0],16,0].
[[2,8,1,1,1,1,1,1,1],26,18].
[[2,5,0,1,1,1,1,2,0],8,1].
[[3,5,0,1,1,1,1,2,0],59,4].
[[3,7,0,1,2,0,2,2,1],6,7].
[[3,6,0,0,0,0,2,3,0],7,12].
[[3,3,2,1,2,0,2,2,1],13,0].
[[3,7,1,1,2,0,1,1,0],7,5].
[[2,9,2,1,1,1,1,2,0],17,21].
[[3,6,1,1,2,0,2,3,0],11,0].
[[2,7,0,1,2,1,2,3,1],3,10].
[[3,5,0,1,1,1,1,1,0],13,4].
[[1,9,2,1,2,0,1,1,0],3,6].
[[2,7,1,1,2,0,1,2,1],4,2].
[[2,8,0,1,1,1,2,1,1],11,30].
[[3,5,0,1,2,1,1,2,1],6,1].
[[3,6,1,1,2,1,1,2,0],11,0].
[[1,6,1,0,0,0,2,3,0],9,0].
[[2,4,1,1,2,0,2,2,0],11,3].
[[3,4,1,1,2,0,2,2,0],36,3].
[[3,7,0,1,1,1,2,3,1],6,20].
[[1,7,1,1,2,1,2,3,1],8,5].
[[2,5,0,1,2,1,1,2,0],30,1].
[[2,8,1,1,1,1,1,2,0],9,3].
[[3,7,2,1,1,1,2,2,1],42,8].
[[2,8,1,1,1,1,2,1,0],6,5].
[[2,4,1,1,2,0,1,2,0],7,2].
[[1,9,2,1,2,0,2,1,1],17,30].
[[3,7,2,0,0,0,1,1,1],16,11].
[[2,7,1,1,2,1,2,1,0],12,4].
[[3,7,1,1,1,1,1,1,0],3,3].
[[3,3,1,1,2,1,1,2,1],17,1].
[[1,7,1,0,0,0,2,1,1],25,8].
[[1,9,2,1,2,0,2,1,0],6,22].
[[3,8,0,1,1,0,1,1,0],2,3].
[[3,8,1,1,2,0,2,2,0],13,18].
[[3,9,1,1,2,0,2,2,0],3,41].
[[1,8,1,1,1,1,1,1,1],3,0].
[[2,8,0,1,2,0,1,2,0],11,13].
[[3,5,0,1,1,0,1,2,0],6,4].
[[2,7,1,1,2,1,1,1,1],17,6].
[[3,7,0,1,2,1,1,1,1],4,10].
[[3,7,1,0,0,0,1,2,0],22,1].
[[2,8,1,1,1,0,2,3,1],7,13].
[[2,8,0,1,1,1,1,2,0],9,7].
[[3,7,0,1,1,1,1,2,0],4,2].
[[3,9,1,0,0,0,0,0,0],0,6].
[[1,7,2,1,2,1,2,2,1],16,3].
[[2,7,2,1,1,1,2,2,1],6,1].
[[3,7,2,1,1,1,1,2,1],30,3].
[[3,7,1,1,1,1,2,2,0],11,5].
[[2,7,2,1,2,1,1,1,1],13,4].
[[2,9,2,1,2,0,2,1,0],4,19].
[[2,7,1,1,2,1,2,2,0],21,3].
[[2,9,1,1,1,1,0,0,0],3,17].
[[3,8,0,1,1,0,2,3,1],2,14].
[[1,8,1,1,2,0,1,1,1],4,5].
[[1,9,2,1,1,1,1,1,1],8,5].
[[2,4,1,1,2,0,1,1,1],13,2].
[[3,6,1,1,2,0,1,1,1],8,3].
[[3,6,1,1,1,1,2,3,1],29,2].
[[2,6,1,0,0,0,2,1,0],10,0].
[[3,7,0,0,0,0,1,1,1],3,5].
[[1,2,1,0,0,0,0,0,0],2,0].
[[2,2,1,0,0,0,2,1,1],2,0].
[[3,2,1,1,2,1,2,2,1],2,0].
[[2,7,2,0,0,0,2,3,0],7,0].
[[3,7,2,0,0,0,1,2,0],8,0].
[[3,7,0,1,2,0,2,1,1],2,11].
[[2,6,0,1,2,1,2,2,1],6,8].
[[3,6,1,1,2,0,2,2,1],37,2].
[[2,8,1,1,2,0,1,1,0],7,0].
[[3,8,1,1,2,0,0,0,0],0,3].
[[3,6,1,1,1,1,2,1,1],18,0].
[[3,3,1,0,0,0,2,3,1],27,1].
[[2,9,1,1,2,0,2,3,1],8,58].
[[2,4,1,1,2,0,2,1,0],11,2].
[[3,6,0,0,0,0,1,2,1],3,6].
[[3,8,1,1,1,0,2,1,1],10,13].
[[3,6,1,1,2,1,2,2,0],8,0].
[[3,3,2,1,2,0,2,1,1],8,0].
[[3,7,2,1,2,1,2,3,0],9,1].
[[3,8,0,1,1,0,2,1,0],0,5].
[[3,7,0,1,2,1,2,1,0],5,12].
[[2,7,2,1,1,1,1,1,1],3,1].
[[3,3,1,1,2,1,2,1,1],18,0].
[[2,9,2,1,1,0,1,2,1],0,6].
[[3,6,1,1,1,0,2,3,0],2,1].
[[2,3,2,1,2,1,2,1,1],6,0].
[[2,9,1,1,1,0,1,1,0],1,0].
[[3,5,0,1,1,0,1,1,0],5,4].
[[3,4,0,1,2,0,2,2,0],0,1].
[[3,8,1,1,2,0,2,1,0],9,15].
[[2,8,1,1,1,0,0,0,0],0,6].
[[3,7,1,1,1,0,0,0,0],2,4].
[[3,6,1,1,2,0,1,2,0],3,1].
[[3,9,1,1,1,0,2,2,1],1,9].
[[3,3,1,1,2,0,2,1,1],6,1].
[[3,6,1,1,2,0,2,1,1],21,3].
[[2,2,1,0,0,0,0,0,0],6,0].
[[3,2,1,0,0,0,0,0,0],6,0].
[[2,9,1,1,1,0,2,3,0],0,8].
[[3,9,1,1,1,0,2,1,0],0,4].
[[2,7,1,1,2,0,2,3,0],6,3].
[[3,7,1,1,1,0,1,2,1],6,14].
[[2,8,1,1,2,0,2,2,0],26,21].
[[3,7,1,1,2,0,2,2,0],15,6].
[[3,3,1,1,1,1,2,3,1],11,0].
[[3,3,2,0,0,0,2,1,1],9,0].
[[3,6,1,1,1,0,2,3,1],5,2].
[[2,9,2,1,1,0,2,1,0],0,1].
[[3,4,0,1,2,0,2,1,0],0,1].
[[3,6,0,1,1,1,0,0,0],2,6].
[[3,3,2,0,0,0,2,2,1],19,0].
[[2,6,1,1,2,0,2,2,1],11,1].
[[3,3,1,1,2,0,2,2,0],3,0].
[[1,8,1,1,2,0,1,2,0],4,2].
[[1,6,1,1,2,1,2,3,1],10,1].
[[3,3,1,1,2,0,0,0,0],21,2].
[[3,7,0,0,0,0,2,1,1],6,14].
[[3,7,0,0,0,0,1,2,0],6,4].
[[3,8,1,1,1,0,1,2,0],5,10].
[[3,9,1,1,1,0,1,2,0],4,27].
[[1,8,1,1,1,1,2,1,1],19,4].
[[2,4,1,1,2,0,1,1,0],2,2].
[[1,8,1,1,2,0,1,2,1],6,8].
[[2,9,2,1,1,1,1,1,0],4,5].
[[3,7,0,0,0,0,1,2,1],3,9].
[[3,3,2,1,2,0,1,1,1],4,0].
[[3,7,2,1,2,0,1,1,0],1,1].
[[2,6,1,1,1,1,2,3,1],9,0].
[[1,7,1,0,0,0,2,2,0],11,2].
[[2,7,1,1,2,0,1,1,1],2,3].
[[3,4,0,1,2,0,1,1,1],0,1].
[[2,3,1,0,0,0,2,3,1],6,1].
[[2,8,1,1,1,0,2,1,1],8,5].
[[3,6,1,1,1,0,2,1,1],3,1].
[[3,8,1,1,1,0,2,2,0],3,12].
[[1,6,1,0,0,0,1,1,1],0,1].
[[2,6,1,0,0,0,1,1,1],6,3].
[[2,9,1,1,1,0,1,2,0],3,4].
[[1,7,2,0,0,0,1,1,1],4,2].
[[3,3,0,1,2,1,0,0,0],0,4].
[[2,6,0,1,2,1,2,3,0],4,8].
[[2,8,1,1,1,1,0,0,0],22,19].
[[2,3,1,1,2,1,2,2,1],3,0].
[[1,8,1,1,2,1,1,1,0],4,1].
[[3,7,0,1,2,1,1,1,0],6,3].
[[2,7,2,1,2,0,1,2,1],12,7].
[[3,6,1,1,1,1,1,1,1],6,1].
[[2,3,1,0,0,0,2,1,1],6,0].
[[3,2,1,1,2,1,2,1,1],1,0].
[[2,5,0,1,2,0,1,1,0],4,3].
[[3,6,0,0,0,0,1,1,0],4,0].
[[1,7,1,1,2,1,2,3,0],2,1].
[[2,9,1,1,1,0,1,1,1],1,6].
[[2,6,0,0,0,0,1,2,0],1,1].
[[3,8,0,1,1,0,1,2,0],3,10].
[[2,9,2,1,1,0,1,2,0],1,2].
[[3,7,1,1,1,1,2,1,0],2,6].
[[3,7,1,1,1,0,1,1,1],0,4].
[[2,4,1,1,2,0,2,1,1],9,1].
[[2,3,2,0,0,0,2,3,1],13,1].
[[3,7,0,1,2,0,1,2,0],6,1].
[[1,7,1,1,2,1,2,2,1],5,4].
[[3,3,1,1,2,0,2,2,1],11,0].
[[2,6,1,0,0,0,1,2,0],5,0].
[[3,3,1,0,0,0,1,2,0],1,0].
[[1,8,1,1,1,1,2,3,0],6,3].
[[3,3,1,1,2,0,2,1,0],4,0].
[[3,6,1,1,1,0,2,2,1],2,1].
[[2,7,0,0,0,0,2,2,0],2,4].
[[3,7,0,0,0,0,2,2,0],7,9].
[[2,6,1,1,1,1,2,1,1],6,2].
[[3,3,1,1,1,1,2,1,1],2,1].
[[2,8,1,1,2,0,2,1,0],11,10].
[[2,9,2,1,1,0,1,1,1],0,2].
[[1,7,2,1,2,0,2,1,1],5,2].
[[3,7,2,1,1,0,1,1,1],4,3].
[[2,9,2,1,1,0,0,0,0],0,3].
[[3,9,1,1,1,0,2,2,0],3,13].
[[3,6,0,1,2,0,2,3,0],2,5].
[[3,7,2,1,1,1,0,0,0],5,0].
[[3,6,0,1,1,1,2,3,1],4,8].
[[2,7,2,1,2,0,2,1,1],17,1].
[[2,6,1,1,2,0,2,3,0],5,0].
[[2,2,0,0,0,0,0,0,0],1,1].
[[3,2,0,0,0,0,2,3,1],0,1].
[[3,9,1,1,1,0,2,3,1],0,5].
[[3,3,2,1,2,0,2,3,1],12,0].
[[2,2,1,1,2,1,2,3,1],1,0].
[[3,2,1,1,2,1,2,3,1],3,0].
[[3,6,0,1,1,1,2,1,1],0,4].
[[3,3,1,1,1,1,1,1,1],1,0].
[[3,6,0,1,2,0,1,1,1],0,2].
[[2,7,0,0,0,0,2,2,1],4,8].
[[1,8,1,1,1,1,1,2,1],8,3].
[[3,8,1,1,1,0,1,1,0],3,3].
[[3,3,2,1,2,1,1,2,1],18,0].
[[2,6,1,1,2,0,2,1,0],2,0].
[[3,6,1,1,2,0,2,1,0],3,0].
[[3,6,0,1,2,0,0,0,0],1,7].
[[2,6,1,1,2,0,0,0,0],15,4].
[[2,6,1,1,1,1,2,3,0],1,1].
[[3,3,1,1,1,1,0,0,0],10,1].
[[3,7,0,1,2,0,2,2,0],3,6].
[[1,8,1,1,1,1,2,2,0],2,1].
[[3,6,0,1,1,1,2,1,0],0,2].
[[3,3,1,0,0,0,1,2,1],9,0].
[[3,6,0,1,2,0,2,2,1],1,3].
[[3,9,1,1,1,1,0,0,0],0,3].
[[3,3,1,0,0,0,2,1,0],1,0].
[[2,8,1,1,1,0,1,2,1],3,10].
[[1,7,1,0,0,0,2,3,0],8,1].
[[1,6,1,1,2,1,2,1,1],7,0].
[[2,7,2,1,1,0,2,2,1],3,0].
[[2,5,0,1,2,0,1,2,0],7,1].
[[3,8,1,1,1,0,2,3,0],3,12].
[[2,7,0,1,2,1,2,2,0],3,6].
[[2,7,1,1,2,0,2,2,0],3,2].
[[3,7,1,1,1,0,2,2,0],2,2].
[[3,6,0,1,2,0,2,1,1],4,3].
[[3,5,0,1,1,1,1,2,1],4,1].
[[2,8,1,1,1,0,2,1,0],1,1].
[[3,7,1,1,1,0,2,1,0],0,1].
[[3,6,0,1,2,0,1,2,0],1,1].
[[2,5,0,1,1,1,1,1,0],4,1].
[[3,3,2,1,1,0,2,2,1],2,0].
[[1,7,1,1,2,1,2,1,1],5,0].
[[3,6,0,1,1,1,2,3,0],1,8].
[[3,6,0,1,1,1,1,2,0],2,2].
[[2,6,1,1,2,0,2,1,1],10,1].
[[3,4,1,1,2,0,0,0,0],5,4].
[[1,3,2,0,0,0,2,2,1],4,0].
[[2,3,2,0,0,0,1,1,1],2,0].
[[3,3,2,0,0,0,1,1,1],6,0].
[[3,3,1,1,2,1,2,3,0],12,0].
[[2,5,0,1,1,0,1,2,0],1,0].
[[2,6,0,0,0,0,2,1,0],1,1].
[[3,3,1,1,2,1,2,1,0],4,0].
[[2,7,1,1,1,1,1,2,1],4,0].
[[2,8,1,1,1,1,1,1,0],1,4].
[[2,7,1,1,1,1,1,1,1],1,0].
[[3,6,1,1,1,1,2,3,0],6,0].
[[3,3,1,1,2,1,1,1,1],6,0].
[[2,3,1,0,0,0,2,3,0],1,0].
[[2,3,2,1,2,0,0,0,0],7,0].
[[3,3,2,1,2,0,2,3,0],1,0].
[[1,9,2,1,1,1,1,1,0],2,6].
[[3,4,0,1,2,0,2,1,1],0,1].
[[2,7,2,1,2,0,1,1,0],0,1].
[[3,6,1,0,0,0,0,0,0],9,1].
[[2,3,1,1,2,1,2,3,0],2,0].
[[3,3,1,1,1,1,2,3,0],1,0].
[[2,6,1,1,2,1,2,2,0],6,0].
[[3,6,1,1,1,1,2,2,0],7,0].
[[3,3,2,1,1,1,1,2,1],5,0].
[[1,8,0,0,0,0,1,1,0],3,8].
[[2,7,2,1,1,1,2,1,1],5,0].
[[2,9,1,1,1,0,2,1,1],0,2].
[[3,3,2,1,2,1,1,1,1],4,0].
[[3,7,2,1,2,0,2,2,0],2,0].
[[2,9,2,1,1,0,1,1,0],1,0].
[[1,7,2,0,0,0,2,3,0],5,1].
[[1,6,1,0,0,0,2,1,0],5,0].
[[2,6,1,1,2,0,1,1,0],3,0].
[[3,6,1,1,2,1,1,1,0],3,3].
[[2,7,2,0,0,0,1,2,0],1,0].
[[2,7,1,0,0,0,1,1,0],3,3].
[[2,3,2,0,0,0,2,2,1],3,0].
[[1,6,0,0,0,0,2,2,1],1,0].
[[2,3,2,0,0,0,2,1,1],8,0].
[[2,8,1,1,1,0,1,2,0],2,4].
[[3,6,1,1,1,0,1,2,0],0,1].
[[3,4,0,1,2,0,1,2,0],0,1].
[[3,7,0,0,0,0,2,1,0],2,7].
[[3,7,2,0,0,0,2,2,0],2,0].
[[3,3,1,1,1,1,1,2,1],2,0].
[[2,9,1,1,1,0,1,2,1],0,9].
[[1,9,2,1,2,0,1,2,1],4,19].
[[3,3,2,1,1,1,2,1,1],1,0].
[[2,9,1,1,1,0,2,3,1],0,4].
[[2,8,0,1,1,1,1,1,0],4,2].
[[3,7,0,0,0,0,1,1,0],2,1].
[[3,7,2,0,0,0,2,3,0],5,0].
[[1,8,0,0,0,0,1,1,1],1,0].
[[3,7,0,1,1,1,1,1,0],0,1].
[[3,3,2,0,0,0,1,2,1],4,0].
[[2,7,0,0,0,0,2,1,0],3,2].
[[3,6,1,1,2,0,2,2,0],3,0].
[[2,7,1,1,2,0,2,1,0],2,1].
[[2,9,2,1,2,0,1,1,0],3,1].
[[2,9,2,1,1,0,2,2,1],0,1].
[[3,8,0,1,1,0,0,0,0],0,6].
[[3,8,1,1,1,0,2,1,0],2,4].
[[2,3,2,1,2,0,1,1,1],1,0].
[[3,9,1,1,1,0,0,0,0],0,3].
[[3,3,1,1,1,1,2,2,1],4,0].
[[3,5,0,0,0,0,1,2,1],4,0].
[[1,7,1,0,0,0,1,1,1],1,2].
[[2,7,1,1,1,1,2,2,0],2,0].
[[2,6,1,1,2,1,1,1,1],4,0].
[[3,2,1,1,2,1,0,0,0],3,0].
[[2,7,2,1,1,1,2,3,1],13,0].
[[3,6,1,1,1,0,1,1,1],1,1].
[[2,6,0,1,2,1,2,3,1],10,5].
[[2,3,1,1,2,1,1,2,1],1,0].
[[3,7,2,0,0,0,1,1,0],2,1].
[[2,9,2,1,1,0,2,2,0],0,1].
[[3,5,0,1,1,0,1,2,1],0,1].
[[3,7,0,1,1,1,1,2,1],2,3].
[[2,3,2,1,2,0,2,2,1],2,0].
[[3,3,2,1,1,0,2,3,1],4,0].
[[3,2,1,1,2,1,1,1,1],1,0].
[[3,3,1,1,2,1,2,2,0],4,0].
[[1,8,1,1,2,0,2,1,0],3,1].
[[2,7,2,1,2,1,1,2,0],3,0].
[[3,3,2,1,2,1,1,2,0],1,0].
[[1,6,1,1,2,1,2,2,1],4,0].
[[2,7,2,1,1,1,2,3,0],1,0].
[[3,7,2,1,1,1,2,3,0],1,0].
[[2,6,1,1,2,0,1,2,0],2,0].
[[3,3,1,1,2,0,1,2,0],2,0].
[[3,7,1,1,1,0,1,2,0],3,1].
[[2,6,1,0,0,0,2,2,0],10,0].
[[2,7,2,0,0,0,2,2,0],1,0].
[[1,6,0,0,0,0,2,3,1],1,0].
[[3,2,1,1,2,0,0,0,0],1,0].
[[3,6,0,1,2,1,1,1,0],1,3].
[[3,3,1,1,2,0,1,2,1],2,0].
[[3,8,1,1,1,1,0,0,0],0,2].
[[3,2,1,1,2,0,2,2,0],1,0].
[[3,3,2,1,2,1,2,2,0],1,0].
[[3,9,1,1,2,0,0,0,0],0,4].
[[2,6,0,1,2,1,2,1,1],1,3].
[[3,6,0,1,1,1,2,2,0],2,3].
[[3,3,1,1,2,0,2,3,0],4,0].
[[2,7,2,1,2,1,2,2,0],1,0].
[[1,7,2,1,2,0,1,2,1],1,0].
[[2,3,2,1,2,0,1,2,1],1,0].
[[1,6,1,1,2,1,2,3,0],1,0].
[[3,7,2,1,1,0,1,2,0],1,1].
[[2,8,0,1,2,0,1,1,0],1,1].
[[2,7,0,1,2,1,1,2,0],1,1].
[[1,8,1,1,2,0,1,1,0],1,0].
[[3,6,1,1,1,0,1,1,0],2,0].
[[1,7,2,1,2,1,1,1,1],1,0].
[[3,2,1,0,0,0,2,1,1],1,0].
[[1,7,2,1,2,1,1,2,1],2,2].
[[2,6,1,1,2,1,1,1,0],0,1].
[[3,6,1,1,1,1,1,1,0],0,1].
[[3,6,1,1,1,0,0,0,0],0,2].
[[2,6,1,1,2,1,2,1,0],2,1].
[[3,6,1,1,1,1,2,1,0],2,2].
[[1,7,2,1,2,0,2,3,1],3,1].
[[3,2,1,0,0,0,1,1,1],1,0].
[[1,3,2,0,0,0,2,1,1],2,0].
[[3,3,1,0,0,0,2,2,0],4,0].
[[3,6,1,0,0,0,1,2,0],6,0].
[[3,8,1,1,1,0,0,0,0],0,2].
[[3,7,2,1,2,0,2,3,0],5,0].
[[1,6,1,1,2,1,1,2,1],1,0].
[[2,7,0,1,2,1,2,1,0],2,0].
[[3,6,0,1,2,0,1,2,1],0,1].
[[3,3,2,1,1,1,0,0,0],2,0].
[[2,8,1,1,1,0,2,3,0],3,2].
[[2,7,0,1,2,1,2,1,1],2,1].
[[2,6,1,1,1,1,2,2,0],1,0].
[[2,6,0,1,2,1,1,1,0],0,1].
[[3,6,0,1,1,1,1,1,0],0,1].
[[1,6,0,0,0,0,2,3,0],2,2].
[[2,7,0,1,2,1,2,2,1],1,3].
[[2,7,1,1,2,0,1,2,0],1,0].
[[3,4,0,1,2,0,2,2,1],0,2].
[[1,7,2,1,2,0,2,2,1],2,0].
[[3,6,1,1,2,0,0,0,0],2,1].
[[3,2,0,1,2,1,2,3,1],1,0].
[[3,6,1,0,0,0,1,1,0],0,1].
[[3,3,1,1,2,0,1,1,1],1,0].
[[2,7,2,1,2,1,2,3,0],2,0].
[[3,7,2,1,2,1,2,2,0],1,0].
[[2,3,2,1,2,0,2,3,1],2,0].
[[2,7,1,1,1,1,2,1,0],1,1].
[[3,6,1,1,1,0,2,2,0],1,0].
[[2,6,1,1,1,1,1,2,1],4,0].
[[3,4,0,1,2,0,2,3,1],0,1].
[[2,1,1,1,2,0,1,1,1],1,0].
[[3,1,1,1,2,0,1,1,1],1,0].
[[2,3,2,1,2,1,1,2,1],2,0].
[[1,6,1,0,0,0,2,2,0],4,0].
[[2,3,1,0,0,0,2,2,0],1,0].
[[2,2,1,1,2,1,0,0,0],2,0].
[[3,2,1,1,1,1,0,0,0],1,0].
[[2,7,2,1,1,0,0,0,0],0,1].
[[3,7,2,1,1,0,0,0,0],1,0].
[[3,1,1,1,2,0,1,1,0],1,0].
[[2,3,2,1,2,1,2,2,1],2,0].
[[3,2,0,1,2,1,2,3,0],0,1].
[[3,7,0,1,1,1,1,1,1],1,0].
[[1,7,1,1,2,1,1,1,1],1,0].
[[2,7,0,0,0,0,1,2,0],1,0].
[[3,3,2,1,1,1,2,2,1],2,0].
[[3,7,0,1,2,0,1,1,1],0,2].
[[1,7,1,0,0,0,2,1,0],1,0].
[[3,2,1,1,2,1,1,2,1],1,0].
[[3,2,0,0,0,0,2,2,0],0,1].
[[2,6,1,1,2,0,2,2,0],1,0].
[[3,6,1,1,2,0,1,1,0],2,0].
[[3,6,0,1,2,0,2,1,0],0,2].
[[3,3,2,1,1,0,1,2,1],1,0].
[[2,6,1,1,2,1,1,2,0],1,0].
[[2,6,1,0,0,0,1,1,0],0,1].
[[2,6,1,1,2,0,1,2,1],1,1].
[[3,2,1,1,1,1,2,2,1],1,0].
[[1,6,0,0,0,0,2,1,0],0,1].
[[2,7,1,1,1,1,2,3,0],1,1].
[[3,2,1,0,0,0,2,3,1],2,0].
[[2,6,0,1,2,1,1,2,0],1,0].
[[3,3,1,1,1,1,1,2,0],1,0].
[[3,3,0,0,0,0,2,2,1],0,1].
[[2,7,1,1,1,1,1,2,0],1,0].
[[1,7,1,1,2,1,1,2,1],1,0].
