total_WL(10500,7775).
[[1,8,2,0,0,0,1,1,2],50,29].
[[2,8,2,1,2,1,1,2,2],162,116].
[[3,8,2,1,2,1,1,2,2],188,178].
[[1,8,2,0,0,0,0,0,0],1131,1354].
[[2,8,2,1,2,0,2,3,0],100,130].
[[3,8,2,1,2,0,2,3,0],62,107].
[[1,7,2,0,0,0,2,3,2],62,45].
[[2,7,2,1,2,0,2,3,2],8,17].
[[3,7,0,1,2,0,2,3,2],0,3].
[[1,7,2,1,2,1,2,2,2],29,11].
[[2,7,2,1,2,1,2,2,2],111,68].
[[3,7,2,1,1,1,2,1,0],57,41].
[[1,8,2,0,0,0,2,3,0],931,776].
[[2,6,2,0,0,0,1,2,2],108,15].
[[3,3,2,0,0,0,1,2,2],37,1].
[[1,6,2,0,0,0,0,0,0],702,68].
[[2,6,2,0,0,0,0,0,0],213,15].
[[3,3,2,0,0,0,0,0,0],80,17].
[[1,8,2,1,2,1,2,3,0],412,324].
[[2,8,2,1,1,1,2,3,0],131,101].
[[3,8,2,1,1,1,1,2,0],154,159].
[[1,8,2,1,2,1,0,0,0],507,608].
[[2,8,2,1,2,1,2,1,2],89,56].
[[3,8,2,1,2,1,2,3,0],203,379].
[[1,7,2,0,0,0,0,0,0],740,637].
[[2,7,2,0,0,0,2,1,0],101,51].
[[3,7,2,1,2,1,1,2,0],270,120].
[[2,7,2,1,2,1,2,3,0],237,195].
[[3,3,2,1,2,1,2,3,0],86,10].
[[1,8,2,1,1,1,2,3,0],56,33].
[[2,7,2,1,1,1,2,3,0],44,24].
[[1,8,2,0,0,0,2,1,0],311,272].
[[2,8,2,0,0,0,2,1,0],158,175].
[[3,8,2,0,0,0,2,3,0],84,142].
[[1,8,2,0,0,0,2,2,0],560,493].
[[2,8,2,0,0,0,2,2,0],278,334].
[[3,8,2,0,0,0,2,2,0],79,126].
[[2,8,2,1,2,1,2,3,2],172,154].
[[3,7,2,1,2,1,2,3,2],142,94].
[[2,7,2,0,0,0,2,2,0],160,124].
[[3,7,2,0,0,0,1,2,0],127,58].
[[3,8,2,1,2,0,2,1,0],25,38].
[[1,7,2,0,0,0,2,2,0],87,65].
[[3,7,2,1,2,1,2,2,0],286,226].
[[1,7,2,1,2,1,0,0,0],259,212].
[[2,7,2,1,2,1,2,3,2],104,76].
[[1,8,2,0,0,0,2,3,2],420,381].
[[2,8,2,0,0,0,2,3,0],459,506].
[[3,8,2,1,2,1,1,2,0],380,386].
[[2,8,2,1,2,1,2,3,0],435,500].
[[2,8,2,0,0,0,1,2,0],272,231].
[[1,8,2,0,0,0,1,1,0],64,98].
[[2,7,2,0,0,0,1,1,0],22,18].
[[3,7,2,0,0,0,1,1,0],38,29].
[[1,6,2,0,0,0,1,2,2],49,14].
[[2,6,2,1,2,1,1,1,2],18,6].
[[3,3,2,1,2,1,1,1,2],25,1].
[[1,8,2,1,2,1,2,3,2],209,137].
[[2,8,2,0,0,0,2,2,2],151,138].
[[3,8,2,0,0,0,2,2,2],7,9].
[[1,8,2,1,2,1,2,1,2],92,58].
[[2,7,2,1,2,1,2,1,2],69,33].
[[3,7,2,1,1,1,1,1,2],19,15].
[[1,6,2,0,0,0,2,3,0],127,2].
[[2,6,2,0,0,0,1,2,0],53,6].
[[3,6,2,0,0,0,1,2,0],59,8].
[[2,8,2,1,2,1,0,0,0],64,114].
[[3,8,2,1,1,1,1,1,0],33,70].
[[2,7,2,0,0,0,0,0,0],327,378].
[[3,7,2,0,0,0,2,2,0],114,110].
[[2,8,2,1,2,0,2,1,0],43,44].
[[2,8,2,0,0,0,2,3,2],157,157].
[[1,8,2,1,2,1,2,2,0],243,196].
[[2,8,2,1,2,1,2,1,0],165,172].
[[3,8,2,1,1,1,2,1,0],45,56].
[[1,8,2,1,1,1,0,0,0],74,57].
[[2,8,2,1,1,1,0,0,0],30,27].
[[3,8,2,1,1,1,0,0,0],0,8].
[[1,8,2,0,0,0,1,2,0],237,201].
[[3,8,2,0,0,0,1,2,0],149,167].
[[2,8,2,1,2,1,2,2,0],291,318].
[[2,7,2,0,0,0,2,3,2],118,82].
[[3,7,2,1,2,0,2,3,2],35,34].
[[3,6,2,1,2,1,2,3,0],136,7].
[[3,8,2,1,1,1,2,3,0],82,146].
[[3,8,2,1,2,0,2,2,0],46,74].
[[3,4,1,1,2,0,2,3,0],50,13].
[[3,7,2,1,2,1,2,3,0],400,385].
[[2,8,2,1,2,1,1,1,0],66,125].
[[3,7,2,1,1,1,1,1,0],30,41].
[[2,3,2,0,0,0,0,0,0],206,39].
[[3,3,2,0,0,0,2,3,0],57,7].
[[3,6,2,1,2,0,2,1,0],19,2].
[[2,8,2,0,0,0,1,1,0],82,123].
[[3,7,2,1,2,1,1,1,0],84,83].
[[3,7,2,1,2,0,2,3,0],95,86].
[[3,3,2,1,2,1,0,0,0],148,37].
[[2,8,2,1,2,1,2,2,2],155,164].
[[2,8,2,1,1,1,1,2,0],72,58].
[[2,7,2,0,0,0,2,3,0],264,203].
[[3,7,2,1,1,1,2,2,0],85,81].
[[2,8,2,0,0,0,0,0,0],57,124].
[[3,7,2,0,0,0,0,0,0],31,47].
[[2,6,2,0,0,0,2,1,2],53,14].
[[3,6,2,1,2,0,1,1,2],31,14].
[[2,5,0,1,2,1,1,2,0],12,0].
[[3,5,0,1,2,1,1,2,0],60,0].
[[3,7,2,1,2,0,2,1,0],30,36].
[[3,7,2,1,1,1,2,3,0],134,110].
[[1,6,2,0,0,0,2,2,2],184,11].
[[2,3,2,0,0,0,2,2,2],36,3].
[[3,3,2,1,2,1,2,2,2],80,5].
[[2,7,2,1,2,1,2,2,0],144,107].
[[2,3,2,1,2,1,0,0,0],97,17].
[[1,8,2,0,0,0,2,2,2],412,329].
[[3,7,2,1,2,1,2,2,2],160,101].
[[1,8,2,1,1,1,2,2,0],42,18].
[[2,7,2,1,1,1,2,2,0],35,12].
[[3,4,1,1,2,0,1,2,0],55,23].
[[3,7,2,1,2,0,0,0,0],14,33].
[[2,6,2,1,2,1,2,1,0],23,0].
[[3,3,2,1,2,1,2,1,0],32,5].
[[2,7,2,1,2,1,0,0,0],254,349].
[[3,7,2,1,2,1,2,1,2],76,53].
[[3,8,2,1,2,1,1,1,0],102,187].
[[1,7,2,0,0,0,2,1,2],25,18].
[[2,7,2,0,0,0,1,2,2],36,26].
[[3,7,2,1,2,1,1,2,2],137,87].
[[1,8,2,1,2,1,2,1,0],127,83].
[[2,7,2,1,2,1,2,1,0],76,60].
[[3,6,2,1,2,1,2,3,2],86,4].
[[3,8,2,1,1,0,2,3,0],11,39].
[[1,8,2,1,2,1,1,1,0],35,31].
[[2,8,2,1,2,0,0,0,0],10,30].
[[3,8,2,1,2,1,2,1,0],87,166].
[[2,8,2,1,1,1,2,2,0],78,86].
[[3,7,2,1,2,0,2,2,0],61,73].
[[2,7,2,0,0,0,2,1,2],50,45].
[[3,7,2,0,0,0,2,1,0],73,55].
[[3,7,2,1,1,1,2,2,2],54,39].
[[3,7,2,0,0,0,2,3,2],71,37].
[[3,6,2,1,2,0,1,2,2],65,13].
[[1,6,2,0,0,0,2,1,2],92,13].
[[2,6,2,1,2,0,2,1,2],15,0].
[[3,6,2,1,2,1,2,1,2],37,5].
[[2,6,2,1,2,1,0,0,0],120,11].
[[1,8,2,1,2,0,2,2,0],24,25].
[[2,7,2,1,2,0,2,2,0],26,26].
[[3,3,2,1,2,0,2,2,0],28,1].
[[2,8,2,1,2,0,1,2,0],57,71].
[[3,7,2,1,2,0,1,2,0],58,46].
[[3,8,2,1,2,1,2,2,0],174,264].
[[1,8,2,1,2,0,2,3,0],34,53].
[[2,7,2,1,2,0,2,3,0],23,35].
[[3,7,2,1,2,1,2,1,0],149,122].
[[1,8,2,0,0,0,2,1,2],191,134].
[[2,8,2,0,0,0,2,1,2],64,63].
[[3,8,2,0,0,0,1,2,2],65,84].
[[1,8,2,1,2,1,1,2,0],106,95].
[[2,7,2,1,2,1,1,2,0],52,37].
[[3,7,2,1,2,1,0,0,0],68,124].
[[3,5,0,1,1,1,1,1,0],8,4].
[[1,8,2,1,2,0,1,2,2],8,6].
[[2,5,0,1,2,0,1,1,2],1,1].
[[3,5,0,1,2,0,1,1,2],8,2].
[[3,6,2,0,0,0,2,2,2],36,4].
[[1,6,2,1,2,1,2,3,2],35,1].
[[2,6,2,1,1,1,2,3,0],12,0].
[[3,6,2,1,1,1,1,2,2],29,4].
[[2,8,2,1,2,1,1,2,0],302,219].
[[1,7,2,0,0,0,2,2,2],78,51].
[[2,7,2,0,0,0,2,2,2],123,86].
[[3,7,2,1,2,0,2,2,2],34,34].
[[1,6,2,1,2,1,1,1,0],1,0].
[[2,3,2,1,2,1,1,1,0],1,0].
[[3,3,2,1,2,1,1,1,0],7,0].
[[1,3,2,0,0,0,0,0,0],111,19].
[[2,3,2,1,2,0,0,0,0],33,2].
[[3,3,2,1,2,0,2,3,0],46,4].
[[2,8,2,1,2,0,2,1,2],19,19].
[[3,7,0,1,2,1,2,3,0],0,51].
[[3,8,2,0,0,0,1,1,0],48,75].
[[2,7,2,0,0,0,1,2,0],63,34].
[[1,7,2,1,2,1,2,3,2],11,12].
[[2,7,2,1,2,1,1,2,2],16,17].
[[2,6,2,1,2,1,2,2,2],96,2].
[[3,6,2,1,2,1,1,2,2],155,16].
[[3,7,2,0,0,0,1,2,2],66,42].
[[2,5,0,1,2,1,1,1,2],16,1].
[[3,5,0,1,1,1,1,1,2],10,3].
[[1,7,2,0,0,0,2,3,0],135,97].
[[2,3,2,0,0,0,2,3,0],30,5].
[[2,3,2,1,2,1,2,3,2],11,1].
[[3,3,2,1,2,1,1,2,2],40,0].
[[3,3,2,1,2,1,2,2,0],75,6].
[[1,7,2,0,0,0,2,1,0],54,25].
[[2,6,2,0,0,0,2,2,2],146,11].
[[3,3,2,1,2,1,2,3,2],74,13].
[[1,6,2,0,0,0,2,1,0],34,4].
[[2,6,2,0,0,0,2,1,0],60,1].
[[3,6,2,0,0,0,2,1,0],40,4].
[[1,7,2,1,2,1,2,3,0],47,31].
[[1,8,2,1,2,0,2,2,2],24,18].
[[3,8,2,1,2,0,1,2,0],121,147].
[[1,6,2,1,2,0,2,3,0],6,4].
[[2,6,2,1,2,0,2,3,0],50,7].
[[3,2,2,1,2,0,2,3,0],8,0].
[[3,7,2,0,0,0,2,3,0],166,157].
[[2,3,2,1,2,1,2,3,0],12,1].
[[3,3,2,1,2,1,1,2,0],32,1].
[[3,6,2,1,1,1,2,3,0],32,1].
[[3,7,2,0,0,0,1,1,2],28,15].
[[3,8,2,1,2,0,1,2,2],51,54].
[[3,7,2,1,1,1,2,3,2],56,34].
[[1,6,2,0,0,0,1,1,2],23,9].
[[2,6,2,0,0,0,1,1,2],41,12].
[[3,3,2,0,0,0,1,1,2],13,1].
[[1,7,2,1,2,1,2,2,0],25,21].
[[3,7,2,1,2,1,1,1,2],61,34].
[[3,8,2,0,0,0,2,1,0],38,56].
[[3,7,2,1,1,1,1,2,0],102,58].
[[1,8,2,1,2,0,2,3,2],16,21].
[[2,8,2,1,1,0,2,3,2],0,2].
[[3,8,2,1,1,0,2,2,0],7,21].
[[2,8,2,1,1,1,1,1,0],25,22].
[[1,8,2,1,2,0,0,0,0],41,78].
[[3,8,2,1,2,0,0,0,0],0,2].
[[2,8,2,1,1,1,2,1,0],47,45].
[[2,6,2,1,2,1,2,3,0],79,5].
[[2,8,2,1,1,0,2,1,0],1,8].
[[3,8,2,1,1,0,1,1,0],6,14].
[[1,8,2,1,2,1,2,2,2],197,140].
[[2,4,1,1,2,0,0,0,0],4,2].
[[3,4,1,1,2,0,0,0,0],3,5].
[[1,6,2,1,2,1,2,2,0],17,0].
[[2,6,2,1,2,1,2,2,0],69,2].
[[3,6,2,1,2,1,2,2,0],98,2].
[[3,8,2,1,2,1,2,3,2],45,43].
[[2,8,2,1,2,0,2,2,0],72,93].
[[2,8,2,0,0,0,1,1,2],67,41].
[[3,7,2,1,2,0,1,1,2],20,10].
[[3,8,2,1,1,1,2,2,0],63,115].
[[3,7,2,0,0,0,2,2,2],58,43].
[[3,6,2,0,0,0,2,3,2],51,2].
[[2,8,2,1,2,0,1,1,0],14,26].
[[1,6,2,1,2,0,2,2,2],18,1].
[[2,6,2,1,2,0,2,2,2],47,2].
[[3,6,2,1,1,0,2,2,2],6,4].
[[2,3,2,0,0,0,2,2,0],18,1].
[[3,3,2,1,2,0,1,2,0],16,0].
[[3,3,2,0,0,0,2,1,2],23,1].
[[3,5,0,1,2,1,1,1,0],29,16].
[[2,7,2,1,2,0,0,0,0],30,65].
[[3,3,2,0,0,0,2,2,2],53,1].
[[2,6,2,0,0,0,2,3,2],140,7].
[[3,6,2,1,2,1,2,2,2],60,2].
[[3,6,2,1,1,1,2,2,0],29,1].
[[2,6,2,0,0,0,2,3,0],148,6].
[[3,3,2,0,0,0,2,1,0],27,4].
[[2,6,2,0,0,0,2,2,0],116,8].
[[3,6,2,1,2,0,2,3,0],69,4].
[[1,6,2,1,2,1,0,0,0],94,8].
[[3,7,2,1,1,0,0,0,0],2,4].
[[3,7,0,0,0,0,2,3,0],0,19].
[[3,6,2,1,2,0,2,1,2],17,1].
[[2,8,2,0,0,0,1,2,2],152,111].
[[2,8,2,1,1,1,1,2,2],38,27].
[[3,8,2,1,1,1,1,2,2],69,81].
[[3,8,2,0,0,0,1,1,2],27,24].
[[1,6,2,1,2,0,0,0,0],47,8].
[[3,8,2,1,1,1,2,3,2],18,22].
[[1,7,2,1,2,1,2,1,0],13,15].
[[3,7,0,1,2,1,0,0,0],1,59].
[[1,8,2,1,2,1,1,1,2],29,12].
[[3,5,0,1,2,1,1,1,2],49,1].
[[2,6,2,1,1,0,2,2,2],2,1].
[[1,8,2,1,1,1,2,3,2],19,15].
[[2,8,2,1,1,1,2,3,2],44,31].
[[3,6,2,1,1,1,2,3,2],17,2].
[[3,7,0,1,2,1,2,2,0],0,35].
[[3,3,2,0,0,0,1,2,0],17,1].
[[2,6,2,1,2,1,2,3,2],89,5].
[[3,7,2,1,1,1,1,2,2],42,28].
[[1,8,2,0,0,0,1,2,2],119,86].
[[2,7,2,1,2,0,2,1,2],12,5].
[[3,7,2,1,1,0,1,2,2],3,9].
[[2,8,2,1,2,0,2,2,2],33,28].
[[3,8,2,1,1,0,1,1,2],3,6].
[[1,6,2,0,0,0,2,3,2],200,17].
[[2,3,2,1,2,0,2,3,2],6,0].
[[3,3,2,1,1,0,2,3,2],5,0].
[[3,6,2,1,2,1,2,1,0],39,1].
[[1,7,2,0,0,0,1,2,0],13,16].
[[2,3,2,1,2,1,1,2,0],2,0].
[[3,7,2,1,1,1,0,0,0],29,29].
[[3,6,2,1,2,1,1,2,0],103,8].
[[2,7,2,1,2,0,1,2,0],15,12].
[[1,2,2,0,0,0,0,0,0],42,0].
[[2,2,2,1,2,1,0,0,0],5,0].
[[3,2,2,1,2,1,2,1,2],2,0].
[[2,6,2,1,2,1,1,2,2],51,8].
[[2,7,2,1,1,1,2,1,0],11,6].
[[3,6,2,1,2,0,1,2,0],54,6].
[[3,7,0,1,2,1,2,1,0],1,13].
[[3,4,1,1,2,0,2,1,0],29,6].
[[3,3,2,1,2,0,1,1,2],12,2].
[[3,6,2,0,0,0,1,1,2],37,10].
[[3,7,2,1,1,1,2,1,2],20,13].
[[2,6,2,1,2,0,2,2,0],35,4].
[[3,2,2,1,2,0,2,2,0],5,0].
[[2,8,2,1,2,0,1,2,2],34,38].
[[3,7,2,1,2,0,1,2,2],39,26].
[[3,8,2,1,1,1,1,1,2],23,26].
[[2,7,2,1,2,1,1,1,0],23,19].
[[3,8,2,1,2,1,1,1,2],68,76].
[[3,5,0,1,2,0,1,2,0],15,2].
[[1,8,2,1,1,1,2,1,2],10,5].
[[2,8,2,1,1,1,2,1,2],14,11].
[[2,7,0,0,0,0,0,0,0],1,19].
[[3,7,0,1,2,0,0,0,0],0,15].
[[2,7,2,0,0,0,1,1,2],26,6].
[[3,4,1,1,2,0,1,2,2],27,7].
[[3,3,2,1,2,0,0,0,0],55,7].
[[1,6,2,0,0,0,2,2,0],79,4].
[[3,4,1,1,2,0,1,1,0],22,15].
[[2,6,2,1,2,0,1,1,2],13,7].
[[2,2,2,1,2,1,2,3,2],1,0].
[[3,2,2,1,2,1,2,3,2],4,0].
[[2,8,2,1,2,0,2,3,2],37,43].
[[3,3,2,0,0,0,2,3,2],42,6].
[[1,6,2,1,2,1,2,1,2],19,0].
[[3,6,2,1,2,1,1,1,2],40,21].
[[2,3,2,0,0,0,2,1,2],22,3].
[[3,7,2,0,0,0,2,1,2],24,19].
[[2,6,2,1,2,0,0,0,0],59,9].
[[3,6,2,1,2,0,2,3,2],39,3].
[[3,6,2,0,0,0,1,2,2],97,10].
[[3,8,2,1,2,1,0,0,0],0,12].
[[1,8,2,1,2,0,1,2,0],11,11].
[[2,8,2,1,2,0,1,1,2],18,16].
[[3,5,0,1,1,0,1,1,2],3,0].
[[3,3,2,1,1,1,0,0,0],20,3].
[[3,8,2,1,1,1,2,2,2],7,5].
[[2,2,2,0,0,0,2,2,2],6,0].
[[3,2,2,1,2,1,2,3,0],8,0].
[[3,7,2,1,2,0,1,1,0],23,26].
[[1,6,2,0,0,0,1,2,0],14,2].
[[2,6,2,1,2,1,1,2,0],25,5].
[[3,8,2,0,0,0,2,3,2],16,7].
[[2,8,2,1,1,1,2,2,2],36,29].
[[2,8,2,1,2,1,1,1,2],58,43].
[[3,6,2,1,1,1,2,2,2],16,1].
[[2,6,2,1,2,0,1,2,2],27,10].
[[3,3,2,1,2,0,1,2,2],22,0].
[[3,6,2,1,2,1,1,1,0],32,13].
[[3,8,2,1,2,0,1,1,0],37,68].
[[3,8,2,1,2,1,2,1,2],5,5].
[[1,8,2,1,1,1,1,2,2],9,2].
[[1,6,2,1,2,1,2,2,2],26,2].
[[2,3,2,1,2,1,2,2,2],19,2].
[[3,8,2,1,1,0,2,1,0],5,13].
[[3,3,2,1,1,0,2,2,2],7,0].
[[3,8,2,1,2,1,2,2,2],22,19].
[[3,6,2,0,0,0,0,0,0],16,0].
[[2,7,2,1,1,1,0,0,0],45,38].
[[3,3,2,1,1,1,1,2,2],6,1].
[[3,4,1,1,2,0,2,2,2],6,1].
[[2,6,2,1,1,1,2,3,2],7,0].
[[3,7,0,1,2,1,2,2,2],0,19].
[[3,2,2,1,2,1,0,0,0],12,0].
[[3,6,2,1,1,0,1,2,2],17,10].
[[3,4,1,1,2,0,2,2,0],42,12].
[[2,7,2,1,2,0,2,2,2],15,12].
[[3,7,2,1,1,0,1,1,2],1,4].
[[3,5,0,0,0,0,1,2,0],18,0].
[[3,6,2,1,1,1,2,1,0],21,3].
[[3,6,2,0,0,0,2,3,0],71,3].
[[2,5,0,0,0,0,1,1,2],4,1].
[[3,5,0,0,0,0,1,1,0],10,5].
[[3,7,0,1,1,1,2,2,0],0,9].
[[2,2,2,1,2,0,2,1,2],2,0].
[[3,2,2,1,2,0,1,1,2],1,0].
[[2,5,0,0,0,0,1,1,0],7,3].
[[2,8,2,1,1,1,1,1,2],15,10].
[[3,4,1,1,2,0,1,1,2],10,4].
[[1,3,2,0,0,0,2,2,2],11,0].
[[2,3,2,0,0,0,1,2,2],14,0].
[[1,3,2,0,0,0,2,1,2],7,0].
[[2,3,2,1,2,1,2,1,2],6,0].
[[3,3,2,1,1,1,2,3,0],16,4].
[[1,8,2,1,2,1,1,2,2],46,43].
[[3,6,2,1,1,1,1,1,0],4,5].
[[1,8,2,1,1,1,1,2,0],11,8].
[[2,6,2,1,1,1,1,1,2],3,0].
[[3,3,2,1,1,1,1,1,2],5,0].
[[3,3,2,0,0,0,2,2,0],38,2].
[[2,7,2,1,1,1,2,3,2],15,12].
[[2,4,1,1,2,0,2,3,0],20,4].
[[3,3,2,1,2,0,2,2,2],22,3].
[[1,7,2,1,2,1,2,1,2],16,8].
[[2,7,2,1,1,1,1,2,2],3,3].
[[2,3,2,0,0,0,2,3,2],43,4].
[[2,6,2,1,1,0,2,3,0],3,5].
[[3,6,2,1,1,0,2,3,0],10,10].
[[1,8,2,1,2,0,2,1,0],11,9].
[[3,6,2,1,2,1,0,0,0],16,2].
[[3,5,0,0,0,0,1,1,2],16,5].
[[3,5,0,1,1,1,1,2,0],15,0].
[[3,7,0,0,0,0,2,3,2],0,12].
[[3,3,2,1,1,1,2,1,0],5,1].
[[3,7,0,1,2,0,2,3,0],0,10].
[[2,6,2,1,1,1,0,0,0],17,2].
[[2,5,0,1,2,1,1,1,0],10,0].
[[3,8,2,1,2,0,2,3,2],8,10].
[[3,2,2,1,2,1,2,2,2],3,0].
[[3,5,0,1,2,0,1,1,0],8,4].
[[2,6,2,1,2,1,2,1,2],43,3].
[[3,6,2,1,1,1,2,1,2],12,0].
[[2,4,1,1,2,0,2,1,0],6,1].
[[3,6,2,0,0,0,2,2,0],56,0].
[[3,8,2,1,1,0,1,2,2],4,20].
[[2,7,2,1,2,1,1,1,2],18,10].
[[2,2,2,0,0,0,2,3,2],7,0].
[[3,2,2,0,0,0,2,3,2],7,0].
[[3,7,2,1,1,0,2,3,0],8,21].
[[1,8,2,1,1,1,2,2,2],14,16].
[[2,4,1,1,2,0,2,2,2],2,2].
[[2,7,2,1,2,0,2,1,0],9,12].
[[3,6,2,0,0,0,1,1,0],16,9].
[[3,3,2,1,2,1,2,1,2],41,2].
[[3,6,2,1,2,0,2,2,2],32,5].
[[3,7,0,0,0,0,0,0,0],0,24].
[[2,7,0,1,2,1,2,3,2],0,3].
[[3,7,0,1,2,1,2,3,2],0,15].
[[1,6,2,1,2,1,1,1,2],3,2].
[[3,7,0,1,2,1,1,1,0],0,7].
[[3,7,0,1,1,1,0,0,0],0,17].
[[3,6,2,1,2,0,2,2,0],54,3].
[[1,3,2,0,0,0,2,3,0],7,1].
[[2,3,2,1,2,1,1,1,2],5,0].
[[3,3,2,1,1,1,1,2,0],3,0].
[[3,3,2,1,2,0,2,1,2],8,2].
[[2,4,1,1,2,0,2,2,0],5,2].
[[2,6,2,1,2,0,2,3,2],35,10].
[[3,2,2,1,2,1,2,2,0],5,0].
[[2,3,2,0,0,0,2,1,0],8,2].
[[2,6,2,0,0,0,1,1,0],16,6].
[[2,4,1,1,2,0,2,1,2],2,0].
[[2,7,0,1,2,1,2,2,0],0,6].
[[3,7,0,1,2,1,1,2,0],0,9].
[[2,2,2,1,2,0,2,3,0],3,0].
[[1,6,2,1,2,1,1,2,2],5,1].
[[3,7,2,1,1,0,2,2,0],6,7].
[[3,7,0,0,0,0,2,2,0],0,6].
[[3,4,1,1,2,0,2,3,2],15,3].
[[1,6,2,1,2,0,2,1,2],7,0].
[[3,7,0,0,0,0,1,1,0],0,5].
[[1,7,2,0,0,0,1,1,0],4,6].
[[3,3,2,0,0,0,1,1,0],8,0].
[[1,8,2,1,2,0,1,1,2],2,3].
[[2,7,0,0,0,0,2,1,0],0,3].
[[3,7,0,0,0,0,2,1,0],0,4].
[[1,7,2,1,2,1,1,2,0],4,6].
[[3,6,2,1,1,1,1,1,2],13,2].
[[2,8,2,1,1,0,2,2,2],0,2].
[[3,4,0,1,2,0,1,1,2],0,2].
[[3,8,2,1,2,0,1,1,2],21,20].
[[3,8,2,1,1,0,1,2,0],15,33].
[[3,2,2,0,0,0,2,3,0],7,0].
[[2,4,1,1,2,0,1,2,0],7,6].
[[1,3,2,0,0,0,2,3,2],9,0].
[[2,7,2,1,1,1,1,2,0],10,7].
[[3,7,0,1,1,1,1,2,0],0,5].
[[3,4,1,1,2,0,2,1,2],0,3].
[[3,3,2,1,1,0,2,2,0],5,0].
[[2,7,2,1,1,1,2,2,2],13,11].
[[3,7,2,1,1,0,1,2,0],3,11].
[[2,8,2,1,1,0,2,3,0],2,12].
[[3,6,2,1,1,0,1,1,2],7,5].
[[3,3,2,1,2,0,2,3,2],32,1].
[[3,6,2,1,1,0,2,1,0],2,4].
[[2,6,2,1,2,0,1,2,0],12,2].
[[3,2,0,0,0,0,0,0,0],0,1].
[[2,8,2,1,1,0,2,2,0],3,6].
[[3,7,0,1,1,1,2,3,2],0,7].
[[1,6,2,1,2,0,2,3,2],7,0].
[[2,2,2,1,2,0,2,3,2],3,0].
[[3,2,2,1,2,0,2,3,2],5,0].
[[2,2,2,0,0,0,0,0,0],31,0].
[[3,2,2,0,0,0,0,0,0],16,0].
[[3,3,2,1,1,1,2,3,2],3,0].
[[1,8,2,1,1,1,1,1,0],2,10].
[[2,7,2,1,1,1,1,1,0],3,8].
[[3,7,0,1,1,1,1,1,0],0,4].
[[3,7,2,1,2,0,2,1,2],16,18].
[[2,2,2,0,0,0,2,1,2],6,0].
[[3,2,2,1,2,1,1,1,2],1,0].
[[2,3,2,0,0,0,1,1,2],3,1].
[[3,7,0,1,1,1,2,3,0],0,11].
[[2,7,0,1,2,1,2,3,0],0,5].
[[3,6,2,0,0,0,2,1,2],18,0].
[[2,4,1,1,2,0,2,3,2],4,1].
[[3,6,2,1,2,0,1,1,0],10,7].
[[3,2,2,0,0,0,2,1,2],4,0].
[[3,7,0,1,2,0,2,1,2],0,2].
[[1,8,2,1,2,0,2,1,2],8,11].
[[2,7,0,1,2,1,0,0,0],0,24].
[[2,3,2,1,2,1,2,2,0],14,1].
[[3,7,0,0,0,0,2,2,2],0,7].
[[2,7,2,1,2,0,1,2,2],7,5].
[[1,8,2,1,1,1,2,1,0],11,10].
[[3,2,2,0,0,0,1,1,0],2,0].
[[2,7,2,1,2,0,1,1,2],0,1].
[[3,7,0,1,2,0,1,1,2],0,1].
[[1,6,2,1,2,0,1,2,2],6,0].
[[3,6,2,1,1,1,1,2,0],22,4].
[[2,7,0,1,2,1,1,2,0],0,2].
[[1,8,2,1,2,0,1,1,0],2,8].
[[2,7,2,1,2,0,1,1,0],1,7].
[[3,7,0,1,1,1,2,1,0],0,3].
[[2,2,2,0,0,0,2,3,0],6,0].
[[3,2,2,1,2,1,1,2,0],4,0].
[[2,6,2,1,1,0,2,3,2],2,0].
[[3,5,0,1,1,1,1,2,2],3,0].
[[2,8,2,1,1,0,1,1,2],1,6].
[[1,2,2,0,0,0,2,3,2],5,0].
[[2,2,2,0,0,0,2,2,0],6,0].
[[3,2,2,1,2,0,1,2,0],3,0].
[[3,7,0,1,2,0,2,2,2],0,2].
[[3,3,2,1,2,0,1,1,0],8,0].
[[2,7,2,1,1,1,2,1,2],9,7].
[[2,8,2,1,1,0,1,2,0],0,6].
[[3,2,2,0,0,0,2,2,0],5,0].
[[3,8,2,1,1,1,2,1,2],3,1].
[[2,3,2,1,2,1,1,2,2],5,0].
[[3,8,2,1,2,0,2,2,2],6,5].
[[2,6,2,1,2,1,1,1,0],4,0].
[[3,8,2,1,1,0,0,0,0],0,2].
[[2,6,2,1,2,0,2,1,0],15,1].
[[3,6,2,1,1,0,1,2,0],5,4].
[[3,3,2,1,1,1,2,2,2],13,0].
[[3,2,2,1,2,0,0,0,0],8,0].
[[2,2,2,0,0,0,1,1,2],1,0].
[[3,2,2,0,0,0,1,1,2],1,0].
[[1,6,2,1,2,1,2,1,0],4,0].
[[2,6,2,1,1,1,2,1,0],2,0].
[[3,1,1,1,2,0,1,1,0],1,0].
[[1,6,2,1,2,1,2,3,0],14,0].
[[2,7,0,1,2,1,2,1,0],0,2].
[[3,7,0,1,1,1,2,1,2],0,1].
[[2,8,2,1,1,0,1,2,2],1,5].
[[2,6,2,1,1,1,2,2,2],4,0].
[[3,3,2,1,1,1,2,2,0],11,2].
[[3,2,2,1,2,1,1,2,2],6,0].
[[2,7,0,0,0,0,2,2,0],0,2].
[[3,7,0,1,2,0,2,2,0],0,3].
[[1,3,2,0,0,0,2,1,0],3,0].
[[2,3,2,1,2,1,2,1,0],9,1].
[[2,7,0,0,0,0,1,1,0],0,2].
[[3,2,2,1,2,0,2,1,2],4,0].
[[3,3,2,1,2,0,2,1,0],15,0].
[[2,6,2,1,1,0,0,0,0],4,1].
[[3,6,2,1,1,0,2,3,2],6,2].
[[2,8,2,1,1,0,1,1,0],2,2].
[[3,7,2,1,1,0,2,3,2],3,8].
[[2,6,2,1,1,1,1,2,2],3,2].
[[1,6,2,0,0,0,1,1,0],4,2].
[[2,5,0,1,1,1,1,1,0],2,0].
[[1,6,2,1,2,0,2,2,0],4,2].
[[3,8,2,1,2,0,2,1,2],1,0].
[[2,6,2,1,2,0,1,1,0],3,1].
[[2,6,2,1,1,0,1,1,2],2,0].
[[2,6,2,1,1,1,2,2,0],10,0].
[[1,2,2,0,0,0,2,2,2],4,0].
[[3,7,0,1,2,1,2,1,2],0,9].
[[3,3,2,1,1,0,1,2,2],1,0].
[[3,3,2,1,1,1,1,1,0],3,0].
[[2,3,2,1,2,0,2,1,0],3,0].
[[1,6,2,1,2,0,2,1,0],5,1].
[[2,3,2,1,2,0,2,2,2],5,0].
[[2,3,2,1,2,0,1,1,2],2,0].
[[2,7,0,0,0,0,2,3,0],0,2].
[[2,7,0,0,0,0,2,2,2],0,2].
[[3,6,2,1,2,0,0,0,0],14,0].
[[2,8,2,1,1,0,0,0,0],1,5].
[[3,7,0,0,0,0,1,2,0],0,5].
[[3,7,2,1,1,0,1,1,0],0,5].
[[3,7,0,1,2,0,1,1,0],0,2].
[[2,7,0,0,0,0,2,1,2],0,1].
[[3,7,0,0,0,0,2,1,2],0,2].
[[2,6,2,1,1,0,1,2,0],3,0].
[[3,3,2,1,1,0,1,2,0],2,0].
[[2,2,2,1,2,1,2,2,0],1,0].
[[3,3,2,1,1,0,0,0,0],7,0].
[[3,7,0,1,2,1,1,2,2],0,3].
[[3,7,0,1,2,0,1,2,0],0,3].
[[3,3,2,1,1,1,2,1,2],4,0].
[[1,3,2,0,0,0,1,2,2],2,0].
[[2,3,2,1,2,0,1,1,0],2,0].
[[3,8,2,1,1,0,2,2,2],1,1].
[[3,5,0,0,0,0,1,2,2],2,0].
[[3,6,2,1,1,0,2,2,0],6,1].
[[3,6,2,1,1,0,2,1,2],0,2].
[[3,4,0,1,2,0,2,3,0],0,2].
[[1,2,2,0,0,0,2,3,0],3,0].
[[2,3,2,1,2,0,2,1,2],2,0].
[[2,2,2,1,2,0,0,0,0],5,0].
[[3,2,2,1,2,0,2,2,2],7,0].
[[2,5,0,0,0,0,1,2,0],5,1].
[[3,7,2,1,1,0,2,1,0],0,5].
[[1,7,2,0,0,0,1,2,2],1,1].
[[3,6,2,1,1,1,0,0,0],7,0].
[[1,6,2,1,2,1,1,2,0],4,0].
[[2,2,2,1,2,0,2,1,0],1,0].
[[3,2,2,1,2,0,2,1,0],3,0].
[[2,6,2,1,1,0,2,2,0],1,0].
[[1,6,2,1,2,0,1,1,2],1,2].
[[3,5,0,1,1,0,1,1,0],0,2].
[[2,3,2,1,2,0,2,2,0],3,0].
[[3,3,2,1,1,0,1,1,0],2,0].
[[3,7,2,1,1,0,2,1,2],2,3].
[[3,2,0,1,2,1,0,0,0],0,1].
[[3,2,2,1,2,0,1,1,0],2,0].
[[2,7,0,0,0,0,1,2,0],0,1].
[[2,6,2,1,1,1,1,2,0],1,0].
[[3,2,2,0,0,0,2,2,2],8,0].
[[3,8,2,1,1,0,2,3,2],0,4].
[[3,2,2,1,2,0,1,2,2],7,0].
[[3,6,2,1,1,0,1,1,0],2,2].
[[2,4,1,1,2,0,1,2,2],2,0].
[[2,2,2,1,2,1,2,1,2],1,0].
[[1,6,2,1,2,0,1,1,0],1,0].
[[2,3,2,1,2,0,2,3,0],4,0].
[[2,3,2,0,0,0,1,2,0],1,1].
[[3,7,0,1,2,0,2,1,0],0,1].
[[2,6,2,1,1,1,2,1,2],3,1].
[[3,8,2,1,1,0,2,1,2],0,2].
[[3,7,0,0,0,0,1,1,2],0,1].
[[2,4,1,1,2,0,1,1,0],1,1].
[[3,7,0,1,1,1,2,2,2],0,4].
[[3,3,0,1,2,1,0,0,0],0,1].
[[3,7,0,1,1,1,1,1,2],0,1].
[[2,2,2,1,2,1,1,2,0],1,0].
[[3,2,2,1,1,1,1,2,0],1,0].
[[3,2,2,1,1,0,2,3,0],1,0].
[[3,5,0,1,2,1,1,2,2],3,0].
[[1,7,2,1,2,1,1,1,0],1,1].
[[1,3,2,0,0,0,2,2,0],0,1].
[[3,2,0,0,0,0,1,2,0],0,1].
[[3,8,2,0,0,0,2,1,2],1,2].
[[2,8,2,1,1,0,2,1,2],0,3].
[[3,7,2,1,1,0,2,2,2],2,2].
[[2,2,2,0,0,0,1,2,2],2,0].
[[3,2,2,0,0,0,1,2,2],6,0].
[[2,6,2,1,1,0,2,1,0],1,1].
[[2,5,0,1,1,1,1,2,0],2,0].
[[3,3,0,1,2,1,2,2,2],0,1].
[[3,3,2,1,1,0,2,1,2],3,0].
[[3,3,2,1,1,0,2,3,0],4,0].
[[2,2,2,1,2,0,2,2,0],2,0].
[[2,2,2,1,2,0,2,2,2],2,0].
[[3,3,2,1,1,0,2,1,0],1,0].
[[3,8,2,0,0,0,0,0,0],1,3].
[[1,7,2,1,2,1,1,1,2],1,1].
[[2,7,2,1,1,1,1,1,2],0,1].
[[3,2,2,0,0,0,2,1,0],2,0].
[[1,2,2,0,0,0,2,1,2],1,0].
[[2,2,2,1,2,1,2,2,2],2,0].
[[2,2,2,1,2,1,1,2,2],1,0].
[[3,6,2,1,1,0,0,0,0],0,1].
[[3,7,0,1,2,1,1,1,2],0,1].
[[3,3,0,0,0,0,2,1,0],0,1].
[[3,2,2,0,0,0,1,2,0],2,0].
[[2,2,2,0,0,0,2,1,0],1,0].
[[2,4,1,1,2,0,1,1,2],0,1].
[[2,2,2,1,2,1,2,1,0],1,0].
[[3,2,2,1,2,1,2,1,0],1,0].
[[2,5,0,1,2,0,1,2,0],1,0].
[[2,3,2,1,2,0,1,2,2],2,0].
[[3,3,2,1,1,0,1,1,2],1,0].
[[2,2,2,1,2,1,2,3,0],1,0].
