total_WL(14919,3718).
[[1,8,2,0,0,0,2,3,0],1415,311].
[[2,6,2,0,0,0,2,2,2],144,6].
[[3,6,2,1,2,1,2,2,2],105,3].
[[1,8,2,0,0,0,0,0,0],2151,688].
[[2,8,2,0,0,0,2,3,0],669,175].
[[3,8,2,0,0,0,2,3,0],101,47].
[[1,6,2,1,2,1,2,3,2],34,6].
[[2,2,2,1,2,1,2,3,2],3,0].
[[3,2,2,1,2,1,2,3,2],8,0].
[[1,8,2,1,2,1,2,3,0],562,142].
[[2,8,2,1,1,1,2,3,0],145,41].
[[3,8,2,1,1,1,1,2,0],237,69].
[[2,8,2,0,0,0,1,2,0],445,127].
[[3,7,2,1,2,1,1,2,0],447,61].
[[1,6,2,0,0,0,2,3,2],171,10].
[[2,6,2,0,0,0,2,3,2],158,8].
[[3,3,2,0,0,0,2,3,2],66,4].
[[1,8,2,0,0,0,2,2,0],868,221].
[[2,8,2,1,2,0,1,1,0],26,16].
[[3,8,2,1,1,0,1,1,0],8,9].
[[1,8,2,0,0,0,1,2,0],403,125].
[[3,8,2,1,2,1,1,2,0],645,146].
[[1,6,2,0,0,0,0,0,0],805,41].
[[2,6,2,0,0,0,2,2,0],63,2].
[[3,6,2,0,0,0,2,2,0],31,1].
[[2,8,2,1,2,1,1,2,0],474,113].
[[2,7,2,0,0,0,0,0,0],628,158].
[[3,7,2,1,2,1,2,3,0],608,145].
[[2,7,2,0,0,0,2,3,0],408,69].
[[3,7,2,0,0,0,2,2,0],183,40].
[[1,8,2,1,2,1,0,0,0],876,289].
[[2,8,2,1,2,1,2,1,0],199,57].
[[3,6,2,1,2,1,2,1,2],91,1].
[[2,8,2,0,0,0,2,1,2],225,76].
[[3,7,2,0,0,0,2,1,2],77,24].
[[2,6,2,0,0,0,2,3,0],93,2].
[[3,3,2,0,0,0,2,3,0],52,1].
[[1,7,2,0,0,0,2,3,0],207,23].
[[2,7,2,1,2,0,1,2,0],20,10].
[[3,7,2,1,2,0,1,2,0],106,16].
[[3,7,2,0,0,0,2,3,0],251,61].
[[1,7,2,0,0,0,2,3,2],90,20].
[[2,7,2,1,2,1,2,3,2],162,35].
[[3,7,2,1,2,1,2,3,2],297,92].
[[3,8,2,0,0,0,1,2,0],264,69].
[[2,6,2,0,0,0,0,0,0],289,7].
[[3,6,2,1,2,0,2,2,2],60,5].
[[2,8,2,1,2,1,2,3,0],636,212].
[[1,7,2,0,0,0,2,1,0],75,9].
[[2,7,2,1,2,1,1,2,0],113,24].
[[1,6,2,0,0,0,1,2,2],59,10].
[[2,3,2,0,0,0,1,2,2],16,0].
[[3,3,2,0,0,0,1,1,2],19,0].
[[1,8,2,1,2,1,2,3,2],266,77].
[[2,8,2,1,2,1,2,1,2],220,57].
[[3,8,2,1,2,1,1,2,2],270,83].
[[1,8,2,0,0,0,2,1,0],394,107].
[[2,8,2,0,0,0,2,1,0],165,54].
[[3,8,2,0,0,0,1,1,0],76,44].
[[2,8,2,1,2,1,2,3,2],353,104].
[[3,8,2,1,2,1,2,3,2],195,64].
[[1,8,2,0,0,0,2,3,2],559,159].
[[2,8,2,0,0,0,2,2,2],277,72].
[[3,7,2,1,2,1,2,2,2],268,51].
[[1,8,2,0,0,0,2,2,2],463,119].
[[2,8,2,1,2,1,2,2,2],268,71].
[[3,7,2,0,0,0,2,2,2],112,24].
[[2,3,2,0,0,0,0,0,0],246,16].
[[3,3,2,0,0,0,2,1,2],55,1].
[[1,8,2,1,2,1,2,2,2],208,41].
[[2,7,2,1,2,1,2,2,2],137,26].
[[3,7,2,1,1,1,2,2,2],92,13].
[[1,8,2,1,2,1,2,2,0],364,107].
[[2,8,2,1,1,1,2,2,0],102,30].
[[3,4,1,1,2,0,2,3,2],32,7].
[[1,8,2,1,2,0,2,2,0],44,16].
[[2,8,2,1,2,0,2,2,0],99,43].
[[3,8,2,1,2,0,2,2,0],70,20].
[[1,7,2,1,2,1,2,1,0],23,4].
[[2,7,2,1,2,1,2,1,0],113,24].
[[1,7,2,0,0,0,1,1,0],8,2].
[[2,7,2,1,2,1,1,1,0],30,15].
[[1,8,2,0,0,0,2,1,2],333,105].
[[3,7,2,1,2,1,2,1,2],207,53].
[[3,8,2,1,1,1,2,2,0],63,37].
[[2,7,2,1,2,1,2,3,0],362,66].
[[3,8,2,1,2,0,1,1,0],53,34].
[[1,7,2,0,0,0,0,0,0],1186,305].
[[2,7,2,1,2,1,0,0,0],544,159].
[[3,7,2,1,2,1,2,2,0],412,109].
[[3,3,2,1,2,1,2,3,2],103,0].
[[2,3,2,1,2,1,0,0,0],106,5].
[[3,3,2,1,2,1,2,3,0],83,1].
[[2,2,2,0,0,0,0,0,0],41,0].
[[3,2,2,0,0,0,0,0,0],15,0].
[[3,8,2,1,2,1,2,3,0],275,127].
[[1,8,2,1,2,1,2,1,2],164,35].
[[2,8,2,1,1,1,2,1,2],46,11].
[[3,7,2,1,1,1,2,1,2],55,18].
[[3,8,2,1,1,1,2,1,2],56,25].
[[3,8,2,1,2,0,1,1,2],33,11].
[[2,8,2,1,2,0,2,3,0],134,52].
[[3,8,2,1,1,0,2,3,0],14,15].
[[3,7,2,1,2,1,0,0,0],227,85].
[[3,6,2,1,2,0,1,2,0],47,8].
[[3,8,2,1,2,0,2,2,2],46,17].
[[2,8,2,0,0,0,0,0,0],166,80].
[[3,6,2,1,2,1,1,2,2],126,13].
[[1,7,2,0,0,0,2,1,2],55,10].
[[2,7,2,0,0,0,2,1,2],93,29].
[[1,8,2,1,2,0,1,2,0],13,8].
[[1,6,2,1,2,1,2,1,2],13,0].
[[2,6,2,1,2,1,2,1,2],65,1].
[[3,3,2,1,2,1,2,2,2],78,2].
[[2,7,2,0,0,0,2,2,2],136,20].
[[1,8,2,1,2,1,2,1,0],173,42].
[[3,7,2,1,2,1,2,1,0],180,52].
[[3,8,2,1,2,0,1,2,0],194,61].
[[3,7,2,0,0,0,1,2,0],175,25].
[[3,6,2,0,0,0,2,3,0],32,0].
[[1,6,2,0,0,0,2,1,2],134,2].
[[2,3,2,0,0,0,2,1,2],30,2].
[[3,3,2,1,2,1,2,1,2],53,1].
[[3,3,2,0,0,0,0,0,0],122,6].
[[3,8,2,0,0,0,2,2,0],86,35].
[[3,8,2,1,2,0,2,3,0],67,44].
[[2,6,2,1,2,1,2,2,0],33,2].
[[3,6,2,1,1,1,1,1,0],4,2].
[[2,8,2,0,0,0,2,3,2],329,93].
[[3,6,2,1,2,0,2,3,2],77,4].
[[3,3,2,1,2,0,2,3,0],23,0].
[[2,8,2,0,0,0,2,2,0],452,127].
[[3,7,2,1,1,1,1,2,2],63,14].
[[2,8,2,1,2,0,1,2,0],89,30].
[[2,6,2,1,2,1,2,3,0],56,1].
[[3,6,2,1,2,1,2,2,0],38,4].
[[2,7,2,1,1,1,0,0,0],62,13].
[[3,7,2,1,1,1,0,0,0],45,24].
[[2,8,2,1,2,1,2,2,0],425,115].
[[2,6,2,0,0,0,2,1,2],122,1].
[[3,6,2,0,0,0,2,1,2],68,2].
[[3,6,2,1,2,1,2,3,0],67,1].
[[2,6,2,1,2,0,0,0,0],90,9].
[[3,6,2,1,1,0,2,3,2],12,11].
[[3,8,2,1,2,1,2,2,2],212,46].
[[1,8,2,1,2,0,2,1,0],14,12].
[[2,7,2,1,2,0,2,1,0],17,5].
[[2,8,2,1,1,1,1,1,2],18,4].
[[3,4,1,1,2,0,1,1,2],17,2].
[[2,8,2,1,2,0,2,1,2],49,20].
[[3,8,2,1,2,1,1,1,2],99,37].
[[3,3,2,1,2,1,0,0,0],178,15].
[[2,6,2,1,2,0,1,1,0],7,0].
[[3,6,2,1,2,0,1,2,2],69,5].
[[1,7,2,1,2,1,2,2,2],21,5].
[[3,7,2,1,2,1,1,2,2],158,35].
[[2,6,2,0,0,0,1,2,0],63,9].
[[3,3,2,0,0,0,1,2,0],18,0].
[[1,7,2,1,2,1,0,0,0],353,89].
[[3,8,2,1,2,0,2,1,2],66,25].
[[1,6,2,1,2,1,0,0,0],156,6].
[[2,6,2,1,2,1,0,0,0],150,8].
[[3,6,2,1,1,1,2,2,0],9,1].
[[2,8,2,0,0,0,1,1,2],70,23].
[[3,8,2,0,0,0,1,2,2],86,32].
[[2,8,2,0,0,0,1,1,0],115,82].
[[2,7,2,0,0,0,2,2,0],272,56].
[[3,7,2,1,2,1,1,1,2],61,23].
[[1,8,2,1,1,1,0,0,0],115,30].
[[2,8,2,1,1,1,0,0,0],38,19].
[[3,4,1,1,2,0,2,2,2],26,2].
[[2,6,2,1,2,1,2,3,2],106,6].
[[1,7,2,0,0,0,2,2,2],68,18].
[[3,7,2,0,0,0,1,2,2],68,16].
[[3,8,2,1,2,1,1,1,0],163,117].
[[3,8,2,0,0,0,2,1,0],15,11].
[[3,8,2,1,1,1,2,1,0],20,13].
[[2,8,2,1,1,1,2,3,2],71,28].
[[3,6,2,1,1,1,2,3,2],38,4].
[[2,8,2,1,2,1,1,1,0],124,78].
[[3,7,2,1,2,1,1,1,0],135,51].
[[1,7,2,0,0,0,2,2,0],145,23].
[[2,7,2,1,2,1,2,1,2],81,20].
[[2,6,2,0,0,0,1,2,2],92,9].
[[3,5,0,1,1,1,1,2,0],15,1].
[[2,8,2,1,2,1,1,2,2],166,50].
[[3,8,2,1,1,1,1,2,2],95,53].
[[3,7,2,0,0,0,2,1,0],75,15].
[[3,6,2,1,2,0,2,1,2],46,2].
[[2,7,2,0,0,0,1,2,0],126,21].
[[3,7,2,1,1,1,1,2,0],134,27].
[[2,8,2,0,0,0,1,2,2],176,60].
[[3,8,2,1,2,1,2,1,2],186,47].
[[3,3,2,0,0,0,1,2,2],39,1].
[[3,8,2,1,2,1,2,2,0],180,73].
[[3,7,2,1,2,0,1,2,2],35,17].
[[1,8,2,1,2,1,1,2,0],169,49].
[[1,7,2,1,2,1,2,2,0],50,7].
[[2,7,2,1,1,1,1,1,0],6,1].
[[3,7,2,1,1,1,1,1,0],41,18].
[[3,8,2,1,1,0,2,1,2],9,5].
[[3,7,2,1,2,0,0,0,0],55,17].
[[2,7,2,0,0,0,2,3,2],171,52].
[[3,6,2,1,2,0,1,1,2],32,17].
[[3,7,2,0,0,0,1,1,2],26,5].
[[3,3,2,1,2,1,2,2,0],59,3].
[[1,8,2,1,2,0,0,0,0],81,44].
[[2,8,2,1,2,0,2,2,2],58,19].
[[3,7,2,1,2,0,2,2,2],52,20].
[[2,7,2,1,2,0,0,0,0],71,30].
[[1,7,2,0,0,0,1,2,0],34,7].
[[2,6,2,1,1,1,0,0,0],26,2].
[[3,4,1,1,2,0,0,0,0],8,1].
[[2,8,2,1,1,1,2,2,2],68,16].
[[1,7,2,1,2,1,2,1,2],13,4].
[[3,8,2,1,1,1,2,3,0],93,52].
[[1,8,2,1,2,1,1,1,0],47,30].
[[3,8,2,1,1,1,1,1,0],80,51].
[[2,6,2,1,2,0,2,3,2],51,8].
[[3,8,2,0,0,0,2,2,2],72,21].
[[3,8,2,1,1,1,2,2,2],67,23].
[[2,6,2,1,2,1,2,2,2],84,3].
[[2,7,2,1,2,0,2,2,2],13,11].
[[1,8,2,1,2,0,1,2,2],4,0].
[[2,7,2,1,2,0,1,2,2],3,1].
[[1,8,2,0,0,0,1,1,0],98,64].
[[3,6,2,1,2,0,1,1,0],15,4].
[[1,6,2,0,0,0,2,2,2],149,6].
[[3,6,2,0,0,0,1,2,2],74,11].
[[3,8,2,0,0,0,2,3,2],93,24].
[[2,8,2,1,2,0,2,1,0],36,20].
[[3,8,2,1,1,0,2,1,0],5,4].
[[1,7,2,1,2,1,2,3,0],84,15].
[[2,7,2,1,1,1,2,3,0],38,14].
[[3,4,1,1,2,0,2,3,0],44,2].
[[2,7,2,1,1,1,2,3,2],23,5].
[[3,7,2,1,1,1,2,3,2],90,22].
[[1,8,2,1,2,0,2,3,0],48,21].
[[3,7,2,1,2,0,2,3,0],160,34].
[[3,6,2,1,1,1,1,1,2],16,4].
[[2,2,2,0,0,0,2,3,2],7,0].
[[3,2,2,0,0,0,2,3,2],10,0].
[[2,4,1,1,2,0,2,3,0],11,3].
[[3,7,2,1,1,1,2,1,0],57,19].
[[2,7,2,1,2,0,2,2,0],21,7].
[[3,7,2,1,2,0,2,2,0],90,26].
[[1,8,2,1,1,1,2,3,0],53,10].
[[3,6,2,1,1,1,1,2,2],35,3].
[[2,8,2,1,1,1,1,2,0],97,30].
[[3,8,2,0,0,0,2,1,2],74,18].
[[2,8,2,1,1,0,2,1,2],2,2].
[[3,7,2,1,1,0,2,1,2],5,3].
[[3,5,0,1,2,1,1,1,2],41,2].
[[1,6,2,0,0,0,2,2,0],72,8].
[[3,6,2,0,0,0,1,2,0],56,4].
[[3,6,2,1,2,1,1,1,2],49,22].
[[3,7,2,1,1,1,2,3,0],171,64].
[[3,6,2,1,2,1,2,3,2],133,1].
[[2,7,2,1,1,1,1,1,2],2,1].
[[3,7,2,1,1,1,1,1,2],17,5].
[[3,8,2,1,1,0,1,2,0],21,29].
[[3,7,2,0,0,0,2,3,2],117,24].
[[1,6,2,0,0,0,2,1,0],33,1].
[[3,2,2,1,2,0,2,1,2],4,0].
[[3,3,2,1,2,0,0,0,0],79,4].
[[3,6,2,1,2,0,0,0,0],17,2].
[[3,7,2,1,2,0,2,3,2],87,27].
[[2,7,2,1,2,1,2,2,0],234,48].
[[3,7,2,1,1,1,2,2,0],125,26].
[[1,8,2,1,2,0,2,3,2],21,16].
[[2,6,2,1,1,0,2,3,2],5,3].
[[1,3,2,0,0,0,0,0,0],141,11].
[[1,3,2,0,0,0,2,1,2],8,0].
[[2,7,2,0,0,0,1,1,0],24,11].
[[3,7,2,0,0,0,1,1,0],48,18].
[[2,8,2,1,2,0,0,0,0],36,17].
[[3,8,2,1,2,0,2,3,2],56,24].
[[3,6,2,1,1,0,1,2,0],4,4].
[[3,6,2,1,2,1,1,2,0],77,2].
[[1,2,2,0,0,0,0,0,0],31,0].
[[3,2,2,0,0,0,2,2,0],4,0].
[[2,8,2,1,2,1,0,0,0],157,86].
[[1,6,2,0,0,0,1,1,2],26,9].
[[2,6,2,0,0,0,1,1,2],46,14].
[[3,8,2,1,2,0,1,2,2],76,31].
[[2,3,2,0,0,0,2,1,0],12,0].
[[3,3,2,0,0,0,1,1,0],9,0].
[[2,5,0,1,2,1,1,1,0],3,0].
[[3,5,0,1,2,1,1,1,0],10,4].
[[2,7,2,1,2,0,2,3,2],20,3].
[[1,8,2,1,2,1,1,2,2],56,19].
[[2,5,0,1,2,1,1,2,0],8,1].
[[3,5,0,1,2,1,1,2,0],26,1].
[[3,3,2,0,0,0,2,2,2],63,1].
[[1,8,2,1,1,1,2,1,0],22,7].
[[1,8,2,0,0,0,1,2,2],142,48].
[[2,5,0,1,2,0,1,1,2],3,0].
[[3,5,0,1,2,0,1,1,2],10,0].
[[3,3,2,1,2,0,2,3,2],48,0].
[[3,8,2,1,1,1,2,3,2],90,25].
[[1,6,2,1,2,0,2,3,2],11,4].
[[3,4,1,1,2,0,2,1,2],19,1].
[[3,7,2,0,0,0,0,0,0],99,32].
[[3,4,1,1,2,0,2,1,0],12,1].
[[3,7,2,1,1,0,1,1,0],5,2].
[[2,7,2,0,0,0,2,1,0],121,24].
[[3,4,1,1,2,0,1,2,0],59,5].
[[3,3,2,0,0,0,2,2,0],32,1].
[[3,6,2,0,0,0,1,1,2],38,7].
[[3,7,2,1,2,0,2,1,0],40,14].
[[3,7,2,1,2,0,1,1,0],27,17].
[[3,6,2,1,2,1,0,0,0],28,1].
[[2,3,2,0,0,0,2,3,2],41,2].
[[2,8,2,1,1,1,1,2,2],66,13].
[[3,3,2,1,2,0,1,2,0],14,0].
[[3,3,2,1,1,1,2,3,2],12,1].
[[2,8,2,1,1,0,2,3,0],10,8].
[[1,6,2,1,2,1,1,2,2],13,1].
[[2,3,2,1,2,1,1,2,2],8,0].
[[3,3,2,1,2,1,1,2,2],38,0].
[[2,6,2,1,2,1,1,2,0],20,4].
[[3,6,2,1,2,1,1,1,0],38,9].
[[3,3,2,1,2,0,1,2,2],23,0].
[[3,6,2,0,0,0,2,3,2],59,3].
[[2,8,2,1,1,0,1,2,0],4,4].
[[3,7,2,1,1,0,1,2,0],7,8].
[[2,8,2,1,1,1,2,1,0],37,6].
[[2,3,2,0,0,0,2,2,2],41,2].
[[2,6,2,1,2,0,2,2,2],47,11].
[[3,6,2,1,1,0,2,2,2],9,8].
[[2,6,2,1,2,0,2,1,0],6,3].
[[3,6,2,1,2,0,2,1,0],15,1].
[[1,8,2,1,1,1,2,2,0],33,11].
[[2,8,2,1,1,1,1,1,0],42,16].
[[1,6,2,0,0,0,2,3,0],82,3].
[[2,8,2,1,1,0,2,1,0],3,3].
[[3,7,2,1,1,0,2,1,0],4,4].
[[1,7,2,1,2,1,2,3,2],38,4].
[[3,5,0,1,1,1,1,1,0],8,2].
[[3,2,2,0,0,0,1,1,2],4,0].
[[3,6,2,0,0,0,1,1,0],16,7].
[[2,6,2,1,2,0,1,1,2],15,4].
[[3,7,2,1,2,0,2,1,2],57,16].
[[2,6,2,1,2,0,1,2,2],29,4].
[[1,8,2,1,2,0,2,2,2],18,8].
[[3,2,2,0,0,0,2,2,2],11,0].
[[2,7,2,1,1,1,2,1,2],12,10].
[[2,3,2,1,2,1,2,3,2],24,0].
[[1,8,2,1,2,1,1,1,2],8,10].
[[2,8,2,1,2,1,1,1,2],58,20].
[[3,5,0,1,1,0,1,2,0],0,2].
[[2,4,1,1,2,0,2,2,0],7,2].
[[3,6,2,1,1,1,1,2,0],18,4].
[[3,5,0,0,0,0,1,1,2],30,0].
[[2,3,2,1,2,1,2,2,0],5,0].
[[3,3,2,1,2,1,1,2,0],34,0].
[[1,8,2,1,1,1,2,3,2],21,11].
[[1,8,2,0,0,0,1,1,2],52,16].
[[3,6,2,1,1,1,2,3,0],16,1].
[[1,6,2,1,2,0,2,2,2],8,2].
[[3,6,2,0,0,0,2,2,2],70,1].
[[2,3,2,1,2,1,2,1,0],4,1].
[[3,3,2,1,2,1,2,1,0],21,1].
[[2,7,2,1,2,0,2,1,2],18,4].
[[2,7,2,0,0,0,1,2,2],38,1].
[[1,6,2,1,2,1,2,2,2],18,3].
[[2,6,2,1,1,1,2,2,2],5,0].
[[3,5,0,1,2,0,1,2,0],9,0].
[[3,3,2,1,2,0,2,1,2],25,0].
[[1,6,2,1,2,0,0,0,0],40,12].
[[3,6,2,1,2,0,2,2,0],30,1].
[[2,8,2,1,2,0,1,2,2],38,25].
[[2,7,2,0,0,0,1,1,2],15,4].
[[2,4,1,1,2,0,2,1,2],4,1].
[[2,6,2,0,0,0,2,1,0],30,0].
[[2,6,2,1,2,1,1,1,2],15,4].
[[2,3,2,1,2,1,2,1,2],6,0].
[[3,3,2,1,1,1,2,1,2],10,1].
[[2,7,2,1,2,1,1,1,2],8,7].
[[2,5,0,1,2,1,1,1,2],13,1].
[[1,8,2,1,2,0,2,1,2],16,7].
[[3,8,2,1,1,0,1,2,2],11,15].
[[2,8,2,1,2,0,2,3,2],73,42].
[[2,7,2,1,2,0,2,3,0],57,11].
[[3,7,0,1,2,1,2,2,0],3,0].
[[3,8,2,0,0,0,1,1,2],35,24].
[[1,6,2,1,2,0,2,2,0],5,0].
[[2,6,2,1,2,0,1,2,0],15,3].
[[2,7,2,1,1,1,2,2,0],30,10].
[[3,6,2,1,1,1,0,0,0],7,1].
[[3,6,2,0,0,0,0,0,0],19,0].
[[2,3,2,1,2,0,0,0,0],29,2].
[[3,3,2,1,1,0,2,3,2],4,1].
[[3,3,2,1,2,0,2,2,2],46,1].
[[2,3,2,1,2,1,2,2,2],7,0].
[[3,8,2,1,1,0,2,3,2],9,5].
[[3,3,2,0,0,0,2,1,0],15,1].
[[3,7,0,1,2,1,2,1,2],5,1].
[[2,6,2,1,1,0,2,1,2],4,5].
[[3,4,0,1,2,0,1,2,2],0,2].
[[3,8,2,1,2,0,2,1,0],16,13].
[[3,8,2,1,1,1,1,1,2],39,11].
[[3,3,2,1,1,1,2,2,0],9,0].
[[3,3,2,1,1,1,0,0,0],28,1].
[[3,7,2,1,2,0,1,1,2],18,5].
[[3,6,2,1,1,1,2,2,2],30,2].
[[2,3,2,1,2,1,2,3,0],15,0].
[[3,5,0,1,2,0,1,1,0],3,4].
[[1,8,2,1,1,1,1,1,0],6,1].
[[2,8,2,1,1,0,2,3,2],4,5].
[[3,8,2,1,1,0,2,2,0],7,3].
[[2,6,2,1,2,0,2,2,0],17,2].
[[2,2,2,1,2,1,2,2,2],3,0].
[[3,2,2,1,2,1,1,2,2],3,0].
[[3,4,1,1,2,0,1,2,2],29,5].
[[3,7,2,1,1,0,2,2,0],7,9].
[[2,4,1,1,2,0,1,2,2],3,1].
[[2,6,2,1,2,0,2,1,2],23,4].
[[3,6,2,1,1,0,2,1,2],10,5].
[[2,6,2,1,2,1,1,1,0],9,1].
[[3,3,2,1,2,1,1,1,0],9,0].
[[3,2,2,0,0,0,2,3,0],9,0].
[[2,2,2,0,0,0,2,2,2],10,0].
[[3,2,2,1,2,0,1,2,2],4,0].
[[2,7,2,1,1,1,2,2,2],26,5].
[[1,6,2,0,0,0,1,2,0],26,1].
[[3,2,2,1,2,1,2,3,0],2,0].
[[2,3,2,0,0,0,2,3,0],31,1].
[[2,6,2,1,2,1,1,2,2],43,7].
[[2,6,2,1,2,1,2,1,0],11,0].
[[2,8,2,1,2,0,1,1,2],19,4].
[[3,2,2,1,1,0,2,1,2],2,0].
[[2,7,0,1,2,1,2,1,2],1,0].
[[3,8,2,0,0,0,0,0,0],1,3].
[[3,4,1,1,2,0,1,1,0],31,4].
[[2,6,2,1,1,1,2,3,2],12,4].
[[2,7,2,1,1,1,2,1,0],14,5].
[[3,3,2,1,1,1,2,3,0],18,0].
[[3,6,2,1,2,1,2,1,0],17,0].
[[2,5,0,0,0,0,1,1,2],15,0].
[[3,8,2,1,2,1,2,1,0],57,21].
[[2,7,2,1,2,1,1,2,2],22,9].
[[2,6,2,0,0,0,1,1,0],11,4].
[[3,7,2,1,1,0,2,3,0],11,12].
[[1,6,2,1,2,1,2,3,0],14,0].
[[3,3,2,1,2,0,2,2,0],13,0].
[[3,3,2,1,1,0,2,1,2],6,0].
[[3,8,2,1,2,1,0,0,0],3,4].
[[3,3,2,1,2,0,1,1,2],13,0].
[[3,6,2,1,2,0,2,3,0],42,5].
[[3,3,2,1,1,1,2,2,2],7,0].
[[2,3,2,1,2,0,2,3,2],9,1].
[[3,3,2,1,2,0,1,1,0],3,0].
[[2,3,2,0,0,0,2,2,0],18,2].
[[3,6,2,1,1,1,2,1,2],23,3].
[[3,5,0,1,1,1,1,1,2],21,0].
[[2,6,2,1,1,0,2,1,0],2,0].
[[3,3,2,1,1,0,2,1,0],2,0].
[[2,2,2,1,2,1,0,0,0],4,0].
[[3,2,2,1,2,1,2,1,0],5,0].
[[2,6,2,1,1,0,1,2,2],0,1].
[[3,6,2,1,1,0,1,2,2],5,9].
[[2,6,2,1,1,1,2,3,0],8,0].
[[2,6,2,1,1,0,2,2,2],4,2].
[[3,2,2,1,2,0,2,1,0],1,0].
[[1,6,2,1,2,0,1,2,2],4,0].
[[1,6,2,1,2,0,2,3,0],8,1].
[[3,8,2,1,1,0,2,2,2],4,6].
[[1,6,2,1,2,0,2,1,2],11,1].
[[2,2,2,1,2,0,0,0,0],5,0].
[[1,6,2,1,2,1,1,1,0],1,0].
[[2,6,2,1,1,1,1,1,2],4,1].
[[3,3,2,1,1,0,0,0,0],7,0].
[[3,8,2,1,2,0,0,0,0],0,3].
[[2,3,2,1,2,0,2,3,0],3,0].
[[3,3,2,1,1,0,1,2,2],4,0].
[[2,7,2,1,1,1,1,2,2],8,0].
[[2,6,2,1,1,0,0,0,0],4,2].
[[3,6,2,1,1,0,0,0,0],6,1].
[[3,3,2,1,1,1,2,1,0],5,0].
[[2,3,2,1,2,0,2,1,2],5,0].
[[1,8,2,1,1,1,2,2,2],13,4].
[[2,4,1,1,2,0,2,2,2],4,0].
[[3,2,2,1,2,1,0,0,0],14,0].
[[3,5,0,0,0,0,1,2,0],9,0].
[[3,6,2,1,1,0,2,2,0],2,1].
[[2,4,1,1,2,0,2,3,2],8,0].
[[2,8,2,1,1,0,2,2,0],6,8].
[[3,8,2,1,1,0,1,1,2],3,3].
[[2,5,0,1,2,0,1,2,0],1,0].
[[2,6,2,1,2,0,2,3,0],14,5].
[[3,6,2,1,1,0,1,1,0],1,2].
[[3,2,2,0,0,0,2,1,2],6,0].
[[3,3,2,1,2,1,1,1,2],17,0].
[[3,3,0,1,2,1,2,2,2],0,1].
[[1,3,2,0,0,0,2,2,2],8,0].
[[2,3,2,0,0,0,1,1,2],8,0].
[[1,8,2,1,1,1,2,1,2],20,5].
[[3,3,2,1,2,0,2,1,0],6,0].
[[1,8,2,1,2,0,1,1,0],3,4].
[[3,4,0,1,2,0,1,1,2],0,1].
[[3,3,2,1,1,1,1,1,0],1,0].
[[3,7,0,0,0,0,2,1,2],1,0].
[[1,8,2,1,1,1,1,2,0],5,5].
[[2,6,2,1,1,1,2,2,0],2,0].
[[2,5,0,0,0,0,1,1,0],4,0].
[[3,5,0,0,0,0,1,1,0],6,1].
[[3,4,1,1,2,0,2,2,0],14,1].
[[2,7,2,1,1,1,1,2,0],10,1].
[[3,6,2,0,0,0,2,1,0],13,0].
[[3,1,1,1,2,0,1,1,2],2,0].
[[1,6,2,0,0,0,1,1,0],2,2].
[[2,3,2,1,2,1,1,1,2],1,0].
[[3,3,2,1,1,1,1,1,2],2,0].
[[3,2,2,0,0,0,1,2,2],2,0].
[[3,7,2,1,1,0,2,2,2],4,4].
[[1,3,2,0,0,0,2,2,0],1,0].
[[3,2,0,1,2,1,2,2,0],1,0].
[[2,2,2,1,2,0,2,1,2],1,0].
[[3,5,0,1,1,0,1,1,0],1,1].
[[1,7,2,1,2,1,1,2,0],8,3].
[[3,2,2,1,2,0,2,3,2],11,0].
[[2,7,2,1,2,0,1,1,2],2,0].
[[1,2,2,0,0,0,2,3,2],4,0].
[[2,2,2,1,2,1,1,2,2],1,0].
[[2,6,2,1,1,1,1,2,2],5,0].
[[1,8,2,1,1,1,1,2,2],9,1].
[[3,7,2,1,1,0,2,3,2],8,4].
[[2,2,2,0,0,0,1,2,2],1,0].
[[2,2,0,0,0,0,0,0,0],1,0].
[[3,2,0,0,0,0,0,0,0],2,1].
[[3,2,2,0,0,0,1,2,0],3,0].
[[3,3,2,1,1,1,1,2,0],3,0].
[[1,2,2,0,0,0,2,3,0],2,0].
[[2,2,2,1,2,0,1,2,0],1,0].
[[3,2,2,1,2,0,1,2,0],4,0].
[[2,4,1,1,2,0,1,2,0],5,2].
[[1,3,2,0,0,0,2,3,2],10,0].
[[3,2,2,1,2,0,0,0,0],10,0].
[[2,2,2,1,2,0,2,2,2],2,0].
[[3,2,2,1,2,0,2,2,2],8,0].
[[1,6,2,1,2,1,1,1,2],0,1].
[[3,2,2,1,2,1,2,2,2],4,0].
[[3,8,2,1,1,1,0,0,0],0,5].
[[1,2,2,0,0,0,2,2,2],1,0].
[[2,2,2,0,0,0,1,1,2],1,0].
[[2,6,2,1,1,1,2,1,2],9,0].
[[3,4,0,1,2,0,1,2,0],0,2].
[[2,4,1,1,2,0,1,1,2],1,0].
[[3,7,0,1,2,1,0,0,0],1,0].
[[3,5,0,1,2,1,1,2,2],5,2].
[[1,6,2,1,2,1,2,2,0],5,1].
[[3,2,2,1,2,1,2,2,0],5,0].
[[3,2,2,1,2,0,1,1,0],2,0].
[[2,2,2,1,2,0,1,2,2],1,0].
[[2,3,2,1,2,0,2,2,2],4,0].
[[3,6,2,1,1,0,2,1,0],2,0].
[[3,7,0,1,1,1,1,2,0],1,0].
[[2,6,2,1,1,0,1,1,2],1,1].
[[3,6,2,1,1,0,1,1,2],3,3].
[[1,6,2,1,2,1,1,2,0],1,0].
[[2,4,1,1,2,0,0,0,0],5,0].
[[1,8,2,1,1,1,1,1,2],1,0].
[[3,2,2,1,2,1,1,1,2],1,0].
[[2,5,0,0,0,0,1,2,0],3,0].
[[3,2,0,0,0,0,2,3,0],0,1].
[[2,2,2,0,0,0,2,1,2],3,0].
[[2,2,2,1,2,1,2,3,0],1,0].
[[3,2,2,1,1,0,2,3,2],2,0].
[[3,7,2,1,1,0,1,2,2],1,3].
[[1,3,2,0,0,0,1,2,2],2,0].
[[3,2,2,1,2,1,2,1,2],2,0].
[[3,2,0,1,2,1,0,0,0],2,0].
[[1,2,2,0,0,0,2,1,0],1,0].
[[2,2,2,0,0,0,2,1,0],1,0].
[[3,2,2,0,0,0,2,1,0],2,0].
[[3,6,2,1,1,1,2,1,0],4,0].
[[3,7,2,1,1,0,1,1,2],0,1].
[[2,8,2,1,1,0,2,2,2],3,1].
[[2,3,2,1,2,0,2,2,0],2,0].
[[3,3,2,1,1,0,2,2,0],3,0].
[[1,6,2,1,2,0,1,1,2],3,0].
[[1,6,2,1,2,1,2,1,0],1,1].
[[2,2,2,1,2,1,2,1,0],1,0].
[[1,2,2,0,0,0,2,1,2],1,0].
[[2,2,2,1,2,0,1,1,2],1,0].
[[3,2,2,1,2,0,1,1,2],1,0].
[[3,3,2,1,1,1,1,2,2],4,0].
[[2,4,1,1,2,0,2,1,0],7,0].
[[2,5,0,1,1,1,1,1,2],4,0].
[[2,3,2,1,2,1,1,2,0],2,1].
[[3,6,2,1,1,0,2,3,0],4,5].
[[3,5,0,1,1,0,1,2,2],0,1].
[[2,2,2,1,2,1,2,2,0],1,0].
[[3,2,2,1,2,1,1,1,0],1,0].
[[1,3,2,0,0,0,2,1,0],1,1].
[[2,3,2,0,0,0,1,1,0],3,0].
[[1,6,2,1,2,0,1,2,0],2,0].
[[2,6,2,1,1,1,2,1,0],1,1].
[[3,2,2,1,1,1,2,3,0],1,0].
[[3,5,0,1,1,0,1,1,2],1,1].
[[2,8,2,1,1,0,1,1,2],1,0].
[[2,8,2,1,1,0,1,1,0],0,1].
[[2,6,2,1,1,0,2,3,0],1,0].
[[3,3,2,1,1,0,2,3,0],2,0].
[[2,8,2,1,1,0,0,0,0],0,2].
[[3,3,2,1,1,0,2,2,2],4,0].
[[1,8,2,1,2,0,1,1,2],2,0].
[[2,3,2,0,0,0,1,2,0],7,0].
[[1,6,2,1,2,0,2,1,0],2,0].
[[3,2,2,1,2,1,1,2,0],2,0].
[[1,7,2,0,0,0,1,2,2],0,1].
[[3,7,2,1,1,0,0,0,0],0,1].
[[2,4,1,1,2,0,1,1,0],5,1].
[[2,7,0,0,0,0,2,1,2],1,0].
[[3,7,0,0,0,0,1,1,2],1,0].
[[2,6,2,1,1,0,2,2,0],2,1].
[[2,5,0,1,1,1,1,1,0],2,0].
[[2,7,0,0,0,0,0,0,0],0,1].
[[3,7,0,1,2,0,0,0,0],0,1].
[[1,7,2,1,2,1,1,1,2],1,0].
[[1,3,2,0,0,0,2,3,0],4,0].
[[3,3,2,1,1,0,1,2,0],1,0].
[[3,2,0,1,2,1,1,2,0],0,1].
[[2,2,2,1,2,0,2,3,2],3,0].
[[1,7,2,1,2,1,1,1,0],1,0].
[[3,7,0,0,0,0,0,0,0],1,0].
[[3,2,2,0,0,0,1,1,0],1,0].
[[3,2,2,1,2,0,2,3,0],2,0].
[[3,7,0,1,2,1,1,2,2],1,0].
[[3,2,2,1,1,0,2,1,0],1,0].
[[2,5,0,1,1,1,1,2,0],1,0].
[[3,1,1,1,2,0,1,2,0],1,0].
[[1,2,2,0,0,0,2,2,0],2,0].
[[2,2,2,0,0,0,2,2,0],2,0].
[[3,3,2,1,1,0,1,1,0],1,0].
[[2,3,2,1,2,0,1,1,2],2,0].
[[3,3,2,1,1,0,1,1,2],1,0].
[[3,2,2,1,2,0,2,2,0],2,0].
[[2,3,2,1,2,0,1,2,2],1,0].
[[3,2,2,1,1,1,2,2,2],1,0].
[[2,7,2,1,2,0,1,1,0],3,1].
[[3,2,2,1,1,0,2,2,2],1,0].
[[2,2,2,0,0,0,2,3,0],1,0].
[[2,3,2,1,2,0,1,2,0],1,0].
[[3,2,2,1,1,1,1,2,2],1,0].
[[2,2,2,0,0,0,1,2,0],2,0].
[[2,8,2,1,1,0,1,2,2],0,1].
