total_WL(15373,20081).
[[1,8,1,0,0,0,1,2,1],279,169].
[[2,7,2,1,2,1,1,2,1],41,4].
[[3,7,2,1,2,1,1,2,1],174,14].
[[1,9,2,0,0,0,1,2,0],147,188].
[[2,9,1,0,0,0,1,2,0],54,97].
[[3,8,0,1,2,0,1,2,0],24,59].
[[1,7,2,0,0,0,0,0,0],309,41].
[[2,7,2,1,2,0,2,3,1],40,9].
[[3,7,2,1,2,0,1,2,1],84,16].
[[1,9,2,0,0,0,2,1,1],324,794].
[[2,8,1,0,0,0,2,1,1],300,177].
[[3,8,1,0,0,0,2,1,1],44,41].
[[1,9,2,0,0,0,1,2,1],320,582].
[[2,9,2,0,0,0,1,2,1],155,455].
[[3,8,0,1,2,1,1,2,1],179,709].
[[1,8,1,0,0,0,2,1,1],452,218].
[[2,8,1,0,0,0,2,3,1],790,456].
[[3,8,1,1,2,1,2,3,1],416,318].
[[1,8,1,0,0,0,2,2,1],828,426].
[[2,8,1,1,2,1,1,2,1],432,241].
[[3,7,1,1,2,1,1,2,1],318,84].
[[1,9,2,1,2,1,2,3,0],264,408].
[[2,9,1,1,2,1,2,3,0],61,137].
[[3,9,1,1,2,1,1,1,0],13,108].
[[1,9,2,0,0,0,2,2,1],576,1443].
[[2,8,0,0,0,0,2,2,1],142,385].
[[3,8,0,0,0,0,2,3,1],66,209].
[[1,9,2,1,1,1,2,3,1],71,66].
[[2,8,1,1,1,1,2,3,1],144,79].
[[3,4,1,1,2,0,1,2,1],167,44].
[[1,8,1,0,0,0,0,0,0],1192,796].
[[2,8,1,1,2,1,2,1,0],27,22].
[[3,8,1,1,1,1,2,1,0],9,17].
[[1,9,2,0,0,0,2,3,1],789,1884].
[[2,9,2,1,2,1,1,2,1],141,432].
[[3,9,1,1,2,1,1,2,1],155,857].
[[2,8,1,0,0,0,2,2,1],542,354].
[[3,7,2,1,2,1,2,2,1],135,17].
[[3,8,1,1,2,0,1,1,1],81,113].
[[2,9,1,0,0,0,1,2,1],138,333].
[[3,8,1,0,0,0,1,2,1],372,236].
[[3,8,1,0,0,0,2,3,1],208,158].
[[1,8,1,0,0,0,2,3,1],1169,559].
[[2,8,1,1,2,0,1,2,1],102,99].
[[3,7,1,1,2,0,1,2,1],108,45].
[[1,8,0,0,0,0,0,0,0],450,1167].
[[2,6,0,0,0,0,0,0,0],11,47].
[[3,6,0,1,2,1,2,1,1],4,16].
[[1,6,1,0,0,0,0,0,0],248,21].
[[2,6,1,0,0,0,2,1,1],36,3].
[[3,6,1,1,2,1,2,1,1],49,4].
[[1,9,2,1,2,1,2,2,1],280,572].
[[3,9,2,1,1,1,1,2,1],6,67].
[[2,7,1,0,0,0,0,0,0],246,144].
[[3,7,0,0,0,0,0,0,0],4,25].
[[2,8,0,0,0,0,2,3,1],193,479].
[[1,8,1,1,2,1,1,1,0],2,1].
[[2,8,1,1,1,1,1,1,0],6,4].
[[3,7,1,1,1,1,1,1,0],6,3].
[[2,9,2,0,0,0,2,3,1],124,428].
[[3,8,0,1,2,1,2,3,1],107,503].
[[3,7,2,1,2,1,1,1,1],69,17].
[[1,9,2,0,0,0,0,0,0],306,1421].
[[2,9,2,0,0,0,0,0,0],5,153].
[[3,9,1,0,0,0,2,1,0],4,61].
[[1,9,2,0,0,0,1,1,1],147,232].
[[2,8,0,0,0,0,1,1,1],31,79].
[[3,8,0,1,2,1,1,1,1],57,238].
[[2,8,0,0,0,0,2,1,1],68,196].
[[3,8,0,1,2,1,2,1,1],24,128].
[[1,8,1,1,2,1,2,3,1],399,188].
[[3,8,1,1,1,1,1,2,1],268,189].
[[1,8,1,1,2,1,2,2,0],32,24].
[[2,8,1,1,2,1,2,2,0],71,45].
[[3,7,1,1,1,1,2,2,0],12,6].
[[1,9,2,0,0,0,2,3,0],535,1004].
[[3,9,1,0,0,0,1,2,1],54,349].
[[2,8,1,1,2,1,2,1,1],230,166].
[[3,8,1,1,1,1,1,1,1],72,85].
[[2,8,0,1,2,1,2,3,1],160,457].
[[1,8,1,1,2,1,2,2,1],279,118].
[[2,7,2,1,2,1,2,2,1],83,8].
[[2,8,1,1,2,1,2,3,1],655,399].
[[3,8,1,1,1,1,2,3,1],142,109].
[[3,8,1,1,2,0,2,2,1],73,83].
[[2,8,0,0,0,0,1,2,1],78,165].
[[3,5,0,1,2,0,1,1,0],32,6].
[[2,7,2,0,0,0,2,1,1],69,10].
[[3,6,1,1,2,1,2,3,1],132,6].
[[3,8,1,1,1,1,2,2,1],87,58].
[[3,8,1,1,2,1,1,2,1],819,543].
[[1,9,2,1,2,1,2,3,1],357,777].
[[3,5,0,1,2,1,1,1,1],166,14].
[[1,9,2,0,0,0,2,2,0],382,709].
[[2,9,2,0,0,0,2,2,0],75,239].
[[3,8,0,1,2,1,2,2,0],59,371].
[[1,8,0,1,2,1,0,0,0],185,425].
[[2,8,0,1,1,1,2,2,1],32,46].
[[3,4,1,1,2,0,2,2,1],54,10].
[[2,8,0,0,0,0,2,2,0],82,214].
[[3,8,0,0,0,0,2,2,0],28,162].
[[1,7,1,0,0,0,0,0,0],256,125].
[[2,7,1,0,0,0,2,2,1],181,74].
[[3,7,1,1,2,1,2,2,1],340,171].
[[3,7,1,1,2,0,2,2,1],108,55].
[[2,6,1,0,0,0,0,0,0],112,7].
[[3,6,1,0,0,0,2,3,1],64,3].
[[1,9,2,1,1,1,1,2,1],29,21].
[[2,8,1,1,1,1,1,2,1],86,55].
[[2,8,1,0,0,0,1,2,1],534,311].
[[3,7,1,0,0,0,1,2,1],171,68].
[[3,8,1,0,0,0,1,1,1],109,94].
[[3,8,0,1,1,1,2,2,1],25,94].
[[2,9,2,0,0,0,2,3,0],101,323].
[[3,9,2,0,0,0,2,3,0],2,26].
[[3,8,0,1,2,0,1,1,1],11,65].
[[1,6,1,0,0,0,2,1,1],19,0].
[[2,6,1,0,0,0,1,2,1],30,4].
[[3,6,1,1,2,0,1,1,1],9,4].
[[2,8,1,1,2,1,2,2,1],453,249].
[[3,8,1,1,2,1,2,1,1],104,78].
[[2,9,1,1,2,0,1,2,1],26,84].
[[3,9,1,1,2,1,1,1,1],30,264].
[[1,8,1,1,1,1,2,3,1],35,19].
[[3,4,1,1,2,0,2,3,1],79,20].
[[1,8,0,0,0,0,2,2,0],70,124].
[[2,7,1,0,0,0,2,2,0],24,12].
[[3,7,1,1,2,0,1,2,0],12,1].
[[1,9,2,1,2,0,2,1,1],16,44].
[[2,9,2,1,2,0,2,1,1],7,23].
[[3,7,1,0,0,0,2,1,1],73,41].
[[2,9,2,1,2,1,1,1,1],74,184].
[[3,9,2,1,2,1,1,2,1],16,152].
[[1,8,0,0,0,0,2,3,1],153,313].
[[3,5,0,1,2,1,1,2,0],160,1].
[[1,8,1,0,0,0,2,1,0],50,24].
[[2,8,1,0,0,0,2,1,0],36,24].
[[3,8,1,1,2,0,1,2,1],249,236].
[[3,9,1,1,2,0,1,2,1],38,241].
[[3,7,0,0,0,0,2,2,1],15,41].
[[1,6,1,1,2,1,2,2,1],14,1].
[[2,6,1,1,2,1,2,2,0],7,0].
[[3,6,1,1,2,1,2,2,0],19,0].
[[1,9,2,1,2,0,2,2,0],13,32].
[[2,8,0,1,2,0,2,2,0],6,34].
[[3,8,0,1,2,0,2,2,0],12,97].
[[1,8,1,1,2,1,0,0,0],415,278].
[[2,8,1,1,1,1,2,2,1],100,43].
[[3,7,1,1,1,1,2,2,1],76,48].
[[3,8,0,0,0,0,1,2,1],66,275].
[[2,7,1,1,1,1,2,2,1],12,8].
[[3,4,1,1,2,0,1,1,1],59,21].
[[2,8,0,1,2,1,2,2,1],120,363].
[[3,8,0,1,2,1,2,2,1],77,328].
[[2,9,1,0,0,0,0,0,0],2,39].
[[3,9,1,0,0,0,2,3,0],7,73].
[[2,7,1,0,0,0,1,2,1],59,24].
[[3,7,1,0,0,0,1,2,0],17,3].
[[1,8,1,0,0,0,2,3,0],178,54].
[[2,8,1,1,2,0,2,3,0],24,21].
[[2,8,0,1,2,1,0,0,0],62,362].
[[3,8,0,1,2,1,2,3,0],97,435].
[[2,9,1,1,2,1,1,2,1],143,321].
[[3,9,1,1,1,1,1,2,1],53,324].
[[1,8,0,1,2,1,2,1,1],26,49].
[[2,8,0,1,1,1,2,1,1],11,31].
[[3,6,0,1,1,1,2,1,1],1,1].
[[3,8,0,1,1,1,2,1,0],10,88].
[[2,9,2,0,0,0,2,2,1],80,300].
[[1,7,2,1,2,1,0,0,0],58,5].
[[2,7,2,1,1,1,0,0,0],11,3].
[[3,7,2,1,1,1,2,3,1],41,6].
[[1,9,2,1,2,1,0,0,0],176,596].
[[3,8,0,1,1,1,2,3,0],32,158].
[[2,9,2,1,2,1,2,3,0],106,322].
[[3,9,1,1,2,1,1,2,0],75,177].
[[2,9,1,1,2,1,2,3,1],71,202].
[[3,8,0,1,1,1,2,3,1],38,182].
[[1,9,2,0,0,0,2,1,0],216,420].
[[2,9,1,1,2,1,2,1,0],39,110].
[[3,8,0,1,2,1,2,1,0],37,237].
[[1,7,1,0,0,0,2,2,1],44,6].
[[3,7,1,0,0,0,2,2,1],163,85].
[[3,8,1,0,0,0,2,2,1],132,76].
[[2,7,1,1,2,1,0,0,0],162,106].
[[3,7,1,1,2,1,2,3,1],466,215].
[[3,9,1,1,2,1,2,3,1],26,103].
[[2,8,0,1,2,1,2,2,0],75,169].
[[2,9,1,1,2,1,1,2,0],48,87].
[[3,8,0,1,2,1,1,2,0],97,184].
[[3,9,2,1,2,0,1,2,0],2,16].
[[1,8,0,1,2,1,2,2,1],55,98].
[[2,9,1,0,0,0,2,1,0],31,93].
[[3,8,0,0,0,0,2,1,0],7,85].
[[1,8,1,0,0,0,1,1,1],88,82].
[[2,7,2,0,0,0,1,1,1],25,15].
[[3,7,1,0,0,0,1,1,1],60,47].
[[2,9,2,1,2,1,2,2,0],73,246].
[[3,9,1,1,2,1,2,2,0],31,243].
[[2,8,0,1,2,1,2,1,0],46,126].
[[2,8,1,1,2,0,2,2,1],114,98].
[[2,9,2,0,0,0,1,1,1],69,166].
[[3,9,2,1,2,0,1,1,1],4,27].
[[2,9,2,1,2,1,0,0,0],8,151].
[[3,9,1,1,2,1,2,3,0],18,177].
[[2,9,1,0,0,0,1,1,0],19,61].
[[3,8,1,0,0,0,1,1,0],10,22].
[[2,9,2,1,2,1,2,3,1],102,399].
[[1,9,2,1,2,0,2,3,0],26,43].
[[2,9,2,1,2,0,2,3,0],16,76].
[[3,9,2,1,2,0,2,3,0],4,29].
[[3,8,0,1,1,1,0,0,0],0,55].
[[2,5,0,1,2,0,1,1,1],14,1].
[[3,5,0,1,1,0,1,1,1],8,4].
[[2,7,2,0,0,0,0,0,0],133,18].
[[3,7,2,1,2,1,2,3,1],201,19].
[[2,7,2,1,2,1,0,0,0],74,14].
[[2,8,0,1,2,1,2,1,1],66,188].
[[3,7,0,1,1,1,2,1,1],2,12].
[[1,9,2,1,1,1,2,2,1],42,57].
[[1,9,2,1,2,1,1,1,1],85,104].
[[2,5,0,1,2,1,1,1,1],40,3].
[[3,7,2,1,2,1,2,1,1],67,6].
[[1,8,1,1,2,0,2,3,1],53,44].
[[2,8,1,1,2,0,2,3,1],172,143].
[[3,8,1,1,1,0,2,3,0],2,10].
[[2,6,1,0,0,0,2,2,1],77,6].
[[3,6,1,0,0,0,2,2,1],41,5].
[[1,9,2,1,2,1,2,1,1],153,331].
[[2,9,1,0,0,0,2,3,1],45,220].
[[3,6,1,0,0,0,2,1,1],25,2].
[[2,5,0,0,0,0,1,1,1],49,7].
[[3,5,0,0,0,0,1,1,1],77,7].
[[1,8,0,0,0,0,2,2,1],139,257].
[[2,9,2,1,1,1,1,2,1],46,78].
[[3,8,0,1,1,1,1,2,1],46,214].
[[2,9,1,0,0,0,2,2,0],68,160].
[[3,9,1,0,0,0,2,2,0],7,95].
[[2,8,1,1,2,0,2,1,1],74,55].
[[2,7,1,1,2,1,2,2,1],105,47].
[[2,8,1,0,0,0,2,2,0],82,45].
[[3,8,1,0,0,0,2,2,0],15,32].
[[3,9,1,1,2,0,1,2,0],15,73].
[[2,8,0,0,0,0,0,0,0],45,363].
[[1,8,1,1,2,1,1,1,1],40,27].
[[2,8,1,1,2,1,1,1,1],147,97].
[[3,7,1,1,2,1,1,1,1],112,58].
[[2,9,1,0,0,0,2,3,0],47,123].
[[3,7,1,1,2,1,2,3,0],65,30].
[[2,8,0,1,2,1,2,3,0],117,272].
[[3,7,2,0,0,0,2,3,1],93,8].
[[3,8,0,1,2,0,2,1,0],10,53].
[[2,7,1,1,2,1,2,3,1],169,60].
[[2,7,2,0,0,0,2,3,1],131,13].
[[3,9,1,0,0,0,1,1,1],17,118].
[[2,9,1,1,2,0,2,3,1],13,48].
[[3,8,0,1,2,0,2,3,1],34,135].
[[1,8,0,0,0,0,2,3,0],118,166].
[[2,8,0,0,0,0,2,3,0],134,269].
[[3,8,0,0,0,0,2,3,0],30,178].
[[1,7,2,0,0,0,2,2,1],70,4].
[[1,9,2,1,2,1,1,2,0],63,76].
[[2,9,1,1,1,1,1,2,0],13,30].
[[3,5,0,1,1,1,1,1,0],49,5].
[[2,8,0,1,1,1,0,0,0],19,55].
[[3,6,0,1,2,1,2,3,1],14,42].
[[2,8,1,0,0,0,0,0,0],54,77].
[[3,9,2,1,2,1,0,0,0],0,6].
[[3,8,1,1,2,1,1,1,1],251,250].
[[3,7,2,1,2,0,2,2,1],56,5].
[[2,6,0,0,0,0,2,2,0],5,2].
[[3,6,0,0,0,0,2,2,0],3,9].
[[3,8,0,1,1,1,2,2,0],19,130].
[[1,7,2,0,0,0,2,3,1],76,8].
[[3,7,2,1,1,0,2,3,1],18,8].
[[3,6,0,0,0,0,0,0,0],3,21].
[[1,8,1,1,2,1,2,1,1],146,61].
[[2,7,1,1,2,1,2,1,1],60,28].
[[3,7,1,1,2,1,2,1,1],156,93].
[[1,9,2,1,1,1,2,1,0],16,23].
[[2,8,1,1,1,1,1,1,1],35,15].
[[1,9,2,1,2,0,2,3,1],30,100].
[[2,7,1,0,0,0,2,3,1],207,93].
[[3,5,0,0,0,0,1,1,0],63,4].
[[2,9,1,0,0,0,1,1,1],48,113].
[[1,9,2,1,2,1,2,1,0],104,192].
[[3,6,1,1,2,1,1,2,1],92,6].
[[3,7,2,1,2,0,2,1,1],36,7].
[[1,9,2,1,2,1,2,2,0],159,281].
[[2,9,1,1,2,1,1,1,0],16,58].
[[2,9,2,1,2,0,1,1,1],9,44].
[[3,9,1,1,2,0,1,1,1],12,75].
[[3,7,1,1,2,0,2,3,0],13,9].
[[2,8,0,1,2,0,2,2,1],11,64].
[[2,8,0,1,2,0,2,1,0],8,21].
[[3,8,0,1,2,0,1,1,0],4,33].
[[1,7,2,1,2,0,2,2,1],4,3].
[[2,7,2,1,1,0,2,2,1],6,4].
[[3,7,2,1,1,0,2,2,1],12,7].
[[2,9,2,0,0,0,2,1,1],32,156].
[[3,9,2,1,2,1,2,1,1],1,13].
[[2,7,2,1,2,1,2,1,1],48,6].
[[3,9,1,1,2,1,2,1,0],21,166].
[[2,8,1,1,1,1,2,1,0],8,1].
[[3,4,1,1,2,0,1,1,0],21,9].
[[1,9,2,1,2,1,1,2,1],147,262].
[[3,5,0,1,1,1,1,1,1],73,10].
[[2,9,2,1,2,0,2,2,1],18,71].
[[3,9,1,1,1,0,1,1,1],0,17].
[[2,9,2,1,1,1,2,3,0],39,84].
[[3,9,2,0,0,0,1,1,1],4,48].
[[3,8,0,0,0,0,0,0,0],0,54].
[[3,7,1,0,0,0,2,3,1],229,99].
[[2,6,1,1,1,1,2,2,1],7,0].
[[3,6,1,1,1,1,2,2,1],23,1].
[[2,9,2,1,2,0,2,3,1],29,111].
[[3,9,2,1,2,0,1,2,1],5,50].
[[3,8,0,0,0,0,2,1,1],11,51].
[[1,9,2,1,2,0,2,2,1],19,68].
[[2,8,1,0,0,0,2,3,0],96,62].
[[3,8,1,1,2,1,2,3,0],30,71].
[[3,7,0,1,2,1,2,3,0],18,48].
[[3,6,0,1,2,1,2,2,1],12,28].
[[3,7,1,1,2,1,0,0,0],60,40].
[[2,7,1,1,1,1,2,3,1],19,10].
[[3,7,1,1,1,1,1,2,1],85,35].
[[2,8,0,1,2,0,2,3,0],18,29].
[[3,8,0,1,2,0,2,3,0],23,101].
[[2,9,2,1,2,1,2,2,1],74,320].
[[1,9,2,1,1,1,2,2,0],16,32].
[[2,8,0,1,1,1,2,2,0],14,24].
[[3,8,0,1,1,1,1,1,0],3,26].
[[2,8,0,1,2,1,1,1,1],39,76].
[[3,7,0,1,2,1,0,0,0],16,63].
[[1,8,1,0,0,0,2,2,0],112,40].
[[3,7,1,1,2,1,2,2,0],31,26].
[[1,9,2,0,0,0,1,1,0],44,88].
[[2,8,1,0,0,0,1,1,0],10,19].
[[3,7,1,1,2,0,2,3,1],143,90].
[[1,6,1,1,2,1,0,0,0],49,3].
[[2,3,2,1,2,1,2,2,1],6,0].
[[3,3,2,1,1,1,1,2,1],2,0].
[[1,9,2,1,1,1,2,1,1],21,34].
[[2,9,2,1,1,1,2,1,1],10,23].
[[3,8,0,1,1,1,2,1,1],5,34].
[[3,8,1,1,1,0,2,3,1],28,33].
[[2,6,1,1,2,1,2,3,1],58,4].
[[3,8,0,0,0,0,1,1,1],21,124].
[[2,8,1,0,0,0,1,1,1],143,142].
[[2,8,0,1,1,1,2,3,0],28,40].
[[2,9,2,1,2,1,2,1,1],23,125].
[[1,6,1,0,0,0,2,3,1],44,3].
[[3,6,1,0,0,0,1,2,0],6,0].
[[3,9,1,0,0,0,2,3,1],7,60].
[[2,9,2,1,1,1,2,2,0],20,47].
[[3,4,1,1,2,0,2,2,0],32,7].
[[2,9,2,1,2,1,1,2,0],79,96].
[[3,9,1,1,1,1,1,2,0],43,97].
[[1,9,2,1,1,1,2,3,0],47,45].
[[3,9,1,1,1,1,2,1,0],9,79].
[[3,7,1,1,1,1,2,3,1],127,71].
[[1,9,2,1,2,0,1,2,0],8,17].
[[2,8,0,1,2,0,1,2,0],3,7].
[[3,7,0,1,2,1,1,2,0],8,13].
[[2,9,1,1,2,0,2,2,0],12,30].
[[3,8,1,1,2,0,2,2,0],11,25].
[[2,8,0,1,2,0,2,3,1],17,74].
[[3,8,0,1,2,0,1,2,1],38,184].
[[2,6,1,0,0,0,2,3,1],101,9].
[[3,3,1,0,0,0,2,3,1],28,8].
[[1,8,0,0,0,0,2,1,0],58,77].
[[2,8,0,0,0,0,1,1,0],23,24].
[[3,8,0,0,0,0,1,1,0],7,27].
[[2,9,2,1,2,1,2,1,0],49,149].
[[2,8,1,1,1,1,2,1,1],49,26].
[[3,7,1,1,1,1,2,1,1],38,28].
[[3,9,2,1,2,1,2,2,1],6,26].
[[2,8,1,1,2,0,1,1,1],45,39].
[[3,7,2,1,2,0,1,1,1],38,12].
[[3,9,1,1,2,0,2,1,0],6,68].
[[3,9,2,1,2,1,1,1,1],16,105].
[[3,8,0,1,1,1,1,2,0],26,60].
[[2,9,2,0,0,0,2,1,0],38,154].
[[3,9,1,1,2,0,1,1,0],6,38].
[[2,5,0,1,2,0,1,2,0],8,3].
[[3,5,0,1,2,0,1,2,0],51,4].
[[3,9,1,0,0,0,1,2,0],36,101].
[[1,7,2,1,2,1,2,1,1],10,0].
[[2,7,1,0,0,0,2,1,1],82,39].
[[3,8,1,1,2,1,2,2,1],247,184].
[[2,8,1,0,0,0,1,2,0],59,18].
[[3,5,0,0,0,0,1,2,0],80,1].
[[2,9,2,0,0,0,1,1,0],16,35].
[[2,9,2,1,2,0,2,2,0],11,74].
[[3,9,1,1,2,0,2,3,0],2,47].
[[2,7,1,1,2,0,2,3,1],41,29].
[[3,9,2,1,2,1,2,2,0],4,40].
[[1,8,0,1,2,1,2,3,1],51,105].
[[2,7,2,0,0,0,1,2,1],59,8].
[[3,7,2,0,0,0,1,2,1],90,5].
[[3,6,0,1,2,1,2,2,0],8,16].
[[3,5,0,1,1,1,1,2,1],19,3].
[[3,7,2,1,2,0,2,3,1],68,11].
[[2,7,2,1,2,1,2,3,1],94,8].
[[2,9,1,1,1,1,1,1,1],13,17].
[[3,9,1,1,1,1,1,1,1],10,80].
[[2,9,2,1,2,0,1,2,1],29,120].
[[3,5,0,1,2,0,1,2,1],11,3].
[[1,8,1,1,2,0,2,2,1],49,29].
[[3,8,1,1,1,0,1,2,1],34,70].
[[2,9,1,1,2,0,2,1,0],8,30].
[[3,8,1,1,1,1,1,2,0],27,10].
[[3,9,1,0,0,0,1,1,0],6,48].
[[3,8,0,1,2,1,0,0,0],0,146].
[[3,9,1,1,1,1,2,3,1],8,52].
[[2,8,1,1,2,0,0,0,0],9,17].
[[2,9,2,1,1,1,2,3,1],43,86].
[[1,8,0,1,2,1,1,2,1],1,8].
[[2,8,0,1,1,1,1,2,1],17,20].
[[3,7,0,1,1,1,1,2,1],1,8].
[[3,7,2,0,0,0,2,2,1],73,8].
[[2,8,1,1,2,1,2,3,0],83,55].
[[3,7,0,0,0,0,1,1,0],2,1].
[[3,7,0,1,2,1,2,2,1],19,66].
[[2,9,1,1,2,1,2,2,0],65,167].
[[3,9,1,1,1,1,2,2,0],11,99].
[[2,8,0,1,1,1,2,3,1],37,73].
[[3,8,1,1,2,1,2,2,0],42,62].
[[2,8,1,1,2,1,0,0,0],37,55].
[[2,9,1,1,1,1,2,2,0],12,31].
[[3,3,1,1,2,1,2,3,1],61,6].
[[3,6,1,0,0,0,1,2,1],38,2].
[[3,8,0,1,2,0,2,1,1],10,28].
[[2,7,1,1,2,0,2,3,0],1,3].
[[1,8,0,1,2,1,2,2,0],26,38].
[[3,9,2,1,1,1,2,3,0],2,31].
[[2,7,2,1,1,1,2,3,1],8,1].
[[3,3,1,0,0,0,2,2,1],18,5].
[[1,9,2,1,1,1,0,0,0],36,52].
[[2,4,1,1,2,0,2,3,1],32,10].
[[1,6,0,0,0,0,0,0,0],18,32].
[[2,6,0,1,2,1,2,1,0],0,4].
[[3,6,0,1,2,1,2,1,0],2,13].
[[2,7,2,0,0,0,2,2,1],121,10].
[[3,8,0,1,1,1,1,1,1],23,95].
[[1,7,1,1,2,1,1,2,1],3,1].
[[3,5,0,1,2,1,1,1,0],113,9].
[[2,7,2,1,2,0,1,2,1],22,8].
[[3,8,0,1,2,0,0,0,0],0,39].
[[2,8,0,1,2,1,1,2,1],55,167].
[[3,7,0,1,2,1,1,2,1],5,32].
[[1,8,1,1,1,1,0,0,0],44,22].
[[1,8,0,1,2,1,2,1,0],11,21].
[[2,4,1,1,2,0,2,1,0],5,1].
[[3,4,1,1,2,0,2,1,0],20,3].
[[2,3,2,1,2,1,2,3,1],6,0].
[[3,3,2,1,2,1,2,3,1],37,0].
[[3,8,1,1,2,0,2,3,1],144,107].
[[2,9,1,1,1,1,2,3,1],23,44].
[[3,9,2,0,0,0,1,2,1],10,65].
[[2,9,2,0,0,0,1,2,0],63,94].
[[3,8,1,1,2,1,1,2,0],84,36].
[[2,6,0,1,2,1,0,0,0],8,33].
[[3,6,0,1,1,1,2,3,1],1,10].
[[1,8,1,1,2,0,0,0,0],50,64].
[[2,8,1,1,1,0,2,2,1],8,14].
[[3,8,1,1,1,0,2,2,1],11,28].
[[3,6,0,1,2,1,1,2,1],5,15].
[[3,9,1,1,1,0,2,3,1],2,7].
[[3,8,0,1,1,0,2,3,0],0,8].
[[2,8,0,0,0,0,2,1,0],55,141].
[[2,9,1,1,2,1,1,1,1],47,106].
[[3,6,0,0,0,0,2,2,1],2,22].
[[2,9,1,0,0,0,2,2,1],24,112].
[[2,8,0,1,2,0,1,2,1],9,22].
[[3,7,1,1,2,0,1,1,1],50,26].
[[1,7,2,1,2,0,1,2,1],1,0].
[[1,8,1,1,2,0,2,3,0],7,3].
[[2,3,2,0,0,0,2,2,1],15,0].
[[3,3,2,0,0,0,2,2,1],20,0].
[[3,6,1,1,2,1,2,2,1],99,3].
[[2,6,1,1,2,0,0,0,0],19,1].
[[3,6,1,1,2,0,2,3,1],54,3].
[[2,9,1,1,1,1,2,3,0],20,27].
[[1,8,0,0,0,0,2,1,1],62,153].
[[3,8,0,1,1,0,1,2,1],6,34].
[[3,8,1,1,1,0,2,1,0],1,5].
[[2,3,2,0,0,0,0,0,0],45,0].
[[3,3,2,0,0,0,2,3,1],22,1].
[[1,7,1,0,0,0,2,1,1],12,10].
[[2,7,2,1,2,0,2,1,1],15,4].
[[3,7,1,1,2,0,2,1,1],55,31].
[[3,8,0,1,2,0,2,2,1],15,83].
[[3,9,1,1,2,1,2,2,1],9,45].
[[1,8,0,1,2,1,2,3,0],47,67].
[[1,9,2,1,2,0,0,0,0],13,76].
[[2,9,2,1,1,0,2,3,0],0,6].
[[2,8,1,1,1,0,2,3,1],8,18].
[[3,7,1,1,1,0,2,3,1],9,20].
[[3,8,1,0,0,0,2,3,0],20,28].
[[3,3,1,0,0,0,2,1,1],12,0].
[[2,6,0,1,2,1,2,2,0],3,1].
[[3,3,1,1,2,1,2,2,0],1,0].
[[2,7,1,1,2,1,1,2,1],48,17].
[[2,9,2,1,2,0,2,1,0],13,42].
[[3,9,1,1,1,0,2,1,0],1,11].
[[3,7,0,1,2,1,2,3,1],17,68].
[[2,7,1,1,2,1,2,3,0],20,9].
[[3,3,1,1,2,1,2,3,0],5,3].
[[2,8,0,1,2,0,0,0,0],9,53].
[[2,8,1,1,2,1,1,1,0],10,23].
[[3,7,1,1,2,1,1,1,0],10,12].
[[3,9,1,1,2,0,2,2,0],5,76].
[[3,9,2,1,1,0,1,1,1],2,9].
[[3,7,1,0,0,0,0,0,0],33,26].
[[1,9,2,1,2,1,1,1,0],19,30].
[[3,5,0,1,2,1,1,2,1],57,7].
[[1,8,1,1,2,1,1,2,1],101,48].
[[3,6,1,1,1,1,1,2,1],20,2].
[[2,4,1,1,2,0,1,2,1],28,7].
[[3,5,0,1,1,1,1,2,0],63,1].
[[2,6,1,1,2,1,0,0,0],74,7].
[[3,3,2,1,2,1,0,0,0],24,0].
[[2,6,1,1,2,0,2,3,0],2,0].
[[3,6,1,1,2,0,2,3,0],6,0].
[[2,7,1,1,2,0,2,2,1],25,11].
[[2,9,1,1,2,1,2,1,1],14,28].
[[1,6,1,0,0,0,2,2,0],4,0].
[[2,6,1,0,0,0,2,2,0],15,0].
[[3,6,1,1,2,1,1,2,0],11,0].
[[1,8,1,0,0,0,1,1,0],3,7].
[[2,7,1,0,0,0,1,1,0],2,1].
[[3,7,1,0,0,0,1,1,0],3,1].
[[2,9,1,1,1,1,1,2,1],50,53].
[[1,8,1,0,0,0,1,2,0],20,10].
[[3,8,1,1,2,0,1,2,0],36,14].
[[3,3,2,1,2,0,2,1,1],11,0].
[[2,8,0,1,2,0,2,1,1],12,33].
[[2,7,0,1,2,1,0,0,0],12,45].
[[3,7,0,1,2,1,2,1,1],16,35].
[[2,3,1,1,2,1,0,0,0],28,3].
[[3,3,1,1,2,1,0,0,0],48,2].
[[1,8,1,1,1,1,1,2,1],13,3].
[[3,7,1,1,1,1,1,1,1],32,16].
[[2,9,2,1,2,0,0,0,0],1,25].
[[2,5,0,0,0,0,1,1,0],19,1].
[[1,8,0,0,0,0,1,2,0],8,15].
[[2,8,0,0,0,0,1,2,0],53,55].
[[3,8,0,0,0,0,1,2,0],42,75].
[[3,3,2,0,0,0,0,0,0],15,0].
[[2,8,1,1,1,1,0,0,0],18,9].
[[2,3,1,0,0,0,0,0,0],30,7].
[[3,3,2,0,0,0,1,2,1],14,0].
[[1,7,1,1,2,1,0,0,0],59,31].
[[2,7,1,0,0,0,2,1,0],7,2].
[[3,7,1,1,2,1,2,1,0],24,9].
[[3,7,1,1,1,0,2,2,1],8,21].
[[3,9,2,1,1,1,1,1,0],0,3].
[[2,9,1,1,1,1,2,2,1],9,20].
[[1,7,2,0,0,0,2,1,1],51,7].
[[2,9,2,1,1,1,0,0,0],7,30].
[[3,8,1,1,2,0,2,3,0],8,23].
[[3,6,1,1,2,1,1,1,1],37,7].
[[2,8,1,1,1,1,2,2,0],6,7].
[[3,7,1,1,2,0,2,1,0],10,4].
[[3,9,2,1,2,0,2,3,1],1,8].
[[3,3,2,0,0,0,2,1,1],14,0].
[[2,7,2,1,1,1,2,2,1],8,0].
[[3,7,0,1,2,0,1,2,0],1,1].
[[2,9,1,1,2,1,2,2,1],31,95].
[[2,9,1,1,1,1,0,0,0],3,8].
[[2,7,0,0,0,0,0,0,0],16,46].
[[3,7,0,1,2,0,0,0,0],5,13].
[[2,9,1,1,1,1,2,1,0],19,24].
[[3,7,1,0,0,0,2,2,0],26,7].
[[2,9,2,1,1,0,2,3,1],0,7].
[[3,9,1,1,1,0,1,2,1],3,66].
[[3,6,1,1,2,0,1,2,1],24,8].
[[2,9,2,1,1,1,2,2,1],23,61].
[[3,9,2,1,1,1,1,1,1],3,47].
[[3,7,2,1,1,1,2,1,1],12,2].
[[3,4,1,1,2,0,1,2,0],41,8].
[[3,9,2,1,2,1,2,3,1],2,25].
[[1,3,2,0,0,0,0,0,0],32,0].
[[2,3,2,1,2,1,0,0,0],12,0].
[[2,8,0,1,2,1,1,2,0],35,46].
[[2,9,1,1,2,0,2,3,0],10,27].
[[3,6,0,1,2,1,0,0,0],3,19].
[[2,7,2,1,2,0,2,2,1],45,5].
[[3,3,2,1,2,1,2,2,1],23,0].
[[1,6,1,1,2,1,2,3,1],6,0].
[[2,8,0,1,1,1,1,1,1],6,14].
[[2,9,2,1,1,1,1,1,1],15,40].
[[3,3,1,0,0,0,0,0,0],32,5].
[[3,8,1,1,1,1,2,1,1],30,27].
[[3,8,1,1,1,1,1,1,0],5,24].
[[3,8,1,1,1,0,1,1,1],16,35].
[[3,7,2,1,2,1,0,0,0],18,1].
[[3,7,2,1,1,1,1,1,1],13,5].
[[2,5,0,1,2,1,1,1,0],27,1].
[[3,9,1,1,1,1,1,1,0],6,39].
[[2,6,1,1,2,1,2,2,1],67,1].
[[3,2,1,1,2,1,2,2,1],5,0].
[[1,7,2,0,0,0,1,1,1],5,5].
[[3,7,2,0,0,0,1,1,1],22,10].
[[3,3,2,1,2,1,2,1,1],15,0].
[[2,3,2,0,0,0,2,1,1],12,0].
[[3,3,2,1,2,1,1,1,1],11,0].
[[3,8,1,0,0,0,1,2,0],50,16].
[[2,9,1,1,2,0,1,1,1],6,21].
[[2,7,2,1,2,0,0,0,0],29,7].
[[3,7,2,0,0,0,2,1,1],31,6].
[[2,7,1,1,2,1,1,1,1],15,13].
[[3,4,1,1,2,0,2,3,0],35,8].
[[2,3,2,1,2,0,0,0,0],9,0].
[[3,3,2,1,1,0,2,3,1],6,0].
[[3,7,0,1,2,1,2,1,0],2,18].
[[1,8,1,1,2,1,2,1,0],17,4].
[[2,8,1,1,2,1,1,2,0],42,18].
[[2,8,1,1,2,0,1,2,0],16,9].
[[1,6,1,0,0,0,2,2,1],33,4].
[[3,3,1,1,2,1,2,2,1],32,4].
[[3,7,2,0,0,0,0,0,0],8,0].
[[3,9,1,1,1,1,2,3,0],5,87].
[[1,9,2,1,1,1,1,1,1],11,12].
[[3,8,0,1,2,1,1,1,0],23,78].
[[3,6,0,1,2,1,2,3,0],12,25].
[[3,7,0,0,0,0,2,3,1],11,30].
[[2,6,1,0,0,0,2,3,0],15,2].
[[3,3,2,1,2,1,1,2,1],16,0].
[[1,8,1,1,2,0,2,1,1],21,19].
[[3,6,1,1,1,1,2,3,1],32,4].
[[2,8,1,1,2,0,2,2,0],20,13].
[[3,6,0,1,2,0,2,3,0],3,3].
[[1,6,1,0,0,0,2,3,0],9,0].
[[2,6,1,1,2,1,2,3,0],4,0].
[[2,9,1,1,2,0,1,1,0],4,24].
[[3,5,0,1,1,0,1,1,0],7,3].
[[3,7,1,0,0,0,2,1,0],11,8].
[[2,7,1,1,2,0,0,0,0],36,35].
[[1,9,2,1,2,0,1,1,0],2,2].
[[2,9,2,1,2,0,1,1,0],4,8].
[[3,3,1,1,2,1,2,1,1],16,2].
[[3,5,0,0,0,0,1,2,1],19,3].
[[3,9,2,1,2,0,2,1,0],0,13].
[[3,9,2,1,2,1,2,3,0],5,47].
[[3,7,2,1,1,1,2,2,1],31,5].
[[3,8,0,0,0,0,2,2,1],30,118].
[[3,8,1,1,1,1,2,3,0],18,30].
[[3,7,1,0,0,0,2,3,0],28,14].
[[3,7,0,0,0,0,1,2,1],2,12].
[[3,7,0,1,2,0,2,3,1],4,19].
[[3,8,1,1,2,1,1,1,0],19,40].
[[3,8,1,0,0,0,2,1,0],9,22].
[[3,9,1,1,2,0,2,3,1],6,46].
[[2,5,0,1,1,1,1,1,1],14,2].
[[2,3,2,0,0,0,2,3,1],20,0].
[[3,2,1,0,0,0,2,3,1],6,0].
[[3,7,0,0,0,0,2,3,0],7,16].
[[3,7,0,1,2,0,2,3,0],5,6].
[[3,9,1,0,0,0,2,2,1],4,28].
[[3,6,1,1,2,1,0,0,0],15,0].
[[2,9,2,1,2,1,1,1,0],15,26].
[[3,3,0,1,2,1,0,0,0],0,6].
[[1,7,2,1,2,0,0,0,0],15,11].
[[3,3,1,1,2,0,0,0,0],18,2].
[[2,9,2,1,2,0,1,2,0],12,35].
[[3,7,0,1,1,1,0,0,0],8,21].
[[2,6,1,0,0,0,1,1,1],10,3].
[[3,3,1,1,2,1,1,1,1],7,0].
[[1,7,2,1,2,1,2,2,1],13,0].
[[3,9,2,1,1,1,1,2,0],3,19].
[[2,9,2,1,1,1,1,1,0],3,8].
[[1,7,1,0,0,0,2,3,1],48,16].
[[3,8,1,1,2,1,2,1,0],30,26].
[[3,6,0,0,0,0,1,2,1],2,13].
[[1,9,2,1,2,0,1,2,1],15,26].
[[2,9,1,1,2,0,2,1,1],3,5].
[[3,8,0,1,1,0,2,1,1],1,5].
[[3,8,1,1,1,0,1,2,0],5,7].
[[1,7,2,1,2,1,1,2,1],2,2].
[[2,7,2,1,1,1,1,1,0],0,1].
[[3,7,2,1,1,1,1,1,0],0,1].
[[1,7,1,0,0,0,2,3,0],10,0].
[[2,7,1,0,0,0,2,3,0],32,3].
[[1,8,1,1,2,1,2,3,0],52,16].
[[1,7,2,0,0,0,1,2,1],11,8].
[[2,3,2,0,0,0,1,2,1],4,0].
[[3,3,2,1,2,0,1,1,1],5,0].
[[2,8,0,1,2,1,1,1,0],15,25].
[[3,6,0,1,2,1,1,1,0],2,4].
[[3,6,1,1,1,1,2,3,0],4,0].
[[3,8,1,1,2,0,2,1,1],35,22].
[[3,6,0,1,2,0,1,2,0],1,3].
[[3,9,2,1,1,1,2,2,0],1,11].
[[3,6,1,1,1,1,0,0,0],4,1].
[[3,3,2,1,2,0,0,0,0],13,0].
[[1,8,0,0,0,0,1,1,0],5,4].
[[3,7,1,1,1,0,1,1,1],2,8].
[[3,9,2,0,0,0,2,2,0],1,22].
[[2,5,0,0,0,0,1,2,0],39,2].
[[3,8,0,1,1,0,1,1,1],0,11].
[[2,9,1,0,0,0,2,1,1],9,33].
[[3,6,0,0,0,0,2,3,1],9,29].
[[3,6,1,1,2,0,2,1,1],15,2].
[[2,9,1,1,2,0,1,2,0],10,21].
[[2,4,1,1,2,0,1,1,1],5,0].
[[3,9,1,0,0,0,0,0,0],0,10].
[[2,9,1,1,2,1,0,0,0],0,39].
[[3,7,0,1,1,1,2,2,1],6,16].
[[2,3,2,1,2,0,2,3,1],4,0].
[[3,3,2,1,2,0,2,3,1],19,0].
[[1,7,2,1,2,1,2,3,1],15,2].
[[2,8,0,1,1,1,2,1,0],7,11].
[[3,9,1,1,1,0,2,3,0],0,8].
[[2,6,0,1,2,1,2,2,1],4,10].
[[3,6,0,1,1,1,2,2,1],0,4].
[[3,8,1,1,2,0,1,1,0],6,14].
[[2,7,0,0,0,0,2,1,0],1,5].
[[3,7,0,0,0,0,2,1,0],3,13].
[[2,7,0,1,2,1,2,2,1],5,9].
[[3,8,1,1,1,1,0,0,0],0,3].
[[3,3,1,0,0,0,2,1,0],3,0].
[[2,6,1,1,2,0,2,3,1],19,3].
[[3,8,1,1,2,0,2,1,0],9,10].
[[2,7,0,0,0,0,2,1,1],2,5].
[[3,9,2,1,1,1,2,1,0],0,11].
[[1,9,2,1,2,0,2,1,0],10,22].
[[3,3,1,1,2,0,2,2,1],15,0].
[[3,6,0,0,0,0,2,3,0],2,14].
[[1,7,1,1,2,1,2,2,1],8,1].
[[2,3,1,1,2,1,2,2,1],5,0].
[[3,5,0,1,2,0,1,1,1],46,12].
[[3,9,2,1,2,1,2,1,0],4,35].
[[3,6,0,0,0,0,2,1,0],0,10].
[[1,8,1,1,2,0,1,1,1],5,8].
[[3,6,1,1,1,1,2,1,1],12,1].
[[2,9,2,1,1,1,2,1,0],10,26].
[[3,7,0,1,1,1,2,3,1],3,23].
[[3,7,1,1,2,1,1,2,0],33,2].
[[2,8,1,1,1,0,1,1,1],1,4].
[[3,7,2,1,1,0,1,2,1],13,6].
[[3,9,1,1,1,1,0,0,0],0,9].
[[2,7,0,1,2,1,2,2,0],1,3].
[[3,7,0,1,1,1,2,2,0],1,6].
[[3,3,1,0,0,0,2,3,0],5,0].
[[2,9,2,1,1,0,2,2,1],2,7].
[[3,8,0,1,1,0,2,2,1],2,13].
[[3,6,0,1,1,1,2,3,0],3,4].
[[2,9,2,1,1,0,2,1,1],1,4].
[[3,9,2,1,1,0,1,2,1],1,10].
[[1,8,1,1,2,0,1,2,1],12,14].
[[3,3,2,1,1,0,2,2,1],5,0].
[[3,8,1,1,1,1,2,2,0],9,22].
[[2,6,1,1,2,1,2,1,1],32,0].
[[2,3,1,0,0,0,2,2,1],12,0].
[[3,9,2,1,2,1,1,2,0],11,40].
[[1,7,1,0,0,0,2,2,0],5,1].
[[2,7,1,1,2,0,2,2,0],3,1].
[[3,6,0,1,2,0,1,1,1],1,1].
[[2,9,1,1,1,1,2,1,1],4,6].
[[3,6,1,0,0,0,2,2,0],9,0].
[[3,6,0,1,2,1,1,1,1],3,5].
[[2,6,0,0,0,0,2,3,1],6,14].
[[3,7,0,0,0,0,2,2,0],6,16].
[[3,3,2,1,1,0,2,1,1],4,0].
[[2,9,2,1,1,0,1,2,1],2,9].
[[3,6,0,1,1,1,0,0,0],1,8].
[[3,6,1,1,1,0,2,3,1],3,4].
[[2,5,0,1,2,1,1,2,0],42,2].
[[3,6,1,1,2,0,2,1,0],2,0].
[[3,9,2,0,0,0,1,2,0],5,13].
[[3,6,1,1,2,0,2,2,1],37,3].
[[2,9,1,1,1,0,2,3,0],0,1].
[[3,9,1,1,1,0,2,2,0],1,10].
[[2,4,1,1,2,0,2,2,1],22,3].
[[2,7,0,1,2,1,2,3,0],3,6].
[[2,7,0,0,0,0,2,3,1],3,9].
[[1,7,1,0,0,0,1,1,1],4,5].
[[2,7,1,0,0,0,1,1,1],26,17].
[[2,6,1,1,2,1,1,1,1],4,2].
[[3,7,0,0,0,0,2,1,1],2,17].
[[3,7,1,1,2,0,2,2,0],12,7].
[[2,6,0,1,2,1,2,1,1],1,0].
[[1,9,2,1,2,0,1,1,1],5,9].
[[2,8,0,1,2,0,1,1,1],3,9].
[[2,7,1,1,1,1,0,0,0],15,6].
[[3,3,1,1,1,1,0,0,0],8,0].
[[3,6,1,1,1,0,2,1,1],3,1].
[[3,3,1,0,0,0,1,2,1],10,1].
[[1,7,1,0,0,0,1,2,1],7,4].
[[1,8,1,1,1,1,2,2,1],31,12].
[[2,7,2,1,1,1,1,2,1],4,0].
[[2,3,1,1,2,1,2,1,1],1,0].
[[3,3,1,1,2,1,1,2,1],10,0].
[[2,9,1,1,2,0,2,2,1],4,25].
[[2,9,1,1,1,1,1,1,0],5,9].
[[2,8,1,1,2,0,2,1,0],6,5].
[[2,6,0,0,0,0,2,3,0],7,12].
[[3,7,2,1,1,1,1,2,1],37,4].
[[3,3,1,1,2,0,2,3,1],9,4].
[[2,9,2,1,1,1,1,2,0],19,20].
[[3,7,1,1,1,1,2,3,0],14,15].
[[1,8,0,1,2,1,1,1,1],1,2].
[[1,8,1,1,1,1,2,1,1],15,5].
[[3,6,1,1,1,1,1,1,1],14,1].
[[2,7,2,1,2,1,1,1,1],17,1].
[[3,3,2,0,0,0,1,1,1],8,0].
[[3,8,1,1,2,1,0,0,0],0,10].
[[2,6,0,0,0,0,2,2,1],3,13].
[[2,9,2,1,1,0,0,0,0],0,3].
[[2,3,1,0,0,0,1,1,1],1,0].
[[3,3,1,1,2,1,1,1,0],1,0].
[[1,8,0,0,0,0,1,1,1],4,6].
[[3,7,1,1,1,0,2,2,0],1,3].
[[3,9,1,1,2,1,2,1,1],2,9].
[[3,7,0,1,2,0,1,2,1],1,8].
[[3,7,2,1,1,0,1,1,1],3,10].
[[2,7,2,1,1,1,1,1,1],2,1].
[[2,7,2,1,1,0,2,3,1],2,4].
[[3,9,2,1,2,0,2,1,1],1,2].
[[1,7,1,1,2,1,2,1,1],4,1].
[[3,7,1,1,1,0,2,1,1],2,10].
[[2,7,1,1,2,0,2,1,0],2,0].
[[2,8,1,1,1,0,2,1,1],4,5].
[[3,8,1,1,1,0,2,1,1],9,7].
[[3,9,2,0,0,0,2,3,1],0,10].
[[2,3,1,1,2,1,2,2,0],2,0].
[[3,3,1,1,1,1,1,1,0],1,0].
[[2,8,1,1,1,1,2,3,0],15,6].
[[2,9,2,1,1,0,1,1,1],1,2].
[[1,8,1,1,1,1,2,3,0],9,0].
[[3,7,1,1,2,0,0,0,0],23,13].
[[2,6,1,1,2,0,1,2,1],2,1].
[[3,9,2,0,0,0,2,1,0],0,13].
[[3,7,0,0,0,0,1,1,1],1,5].
[[2,7,1,1,2,1,2,1,0],8,3].
[[3,3,1,1,2,1,2,1,0],2,0].
[[3,9,2,1,2,1,1,1,0],4,10].
[[3,9,1,1,1,1,2,2,1],5,19].
[[2,7,1,1,2,1,2,2,0],6,4].
[[3,9,2,0,0,0,2,2,1],0,14].
[[2,4,1,1,2,0,2,1,1],8,2].
[[3,6,0,0,0,0,1,2,0],1,5].
[[2,6,1,1,2,1,1,2,1],15,2].
[[3,9,1,1,2,0,2,2,1],4,17].
[[1,8,1,1,2,0,2,1,0],4,0].
[[3,5,0,1,1,0,1,2,0],9,1].
[[1,8,0,0,0,0,1,2,1],5,8].
[[2,7,2,1,1,0,2,1,1],3,2].
[[3,7,2,1,1,0,2,1,1],4,4].
[[3,3,1,0,0,0,1,1,1],7,0].
[[3,8,0,1,1,0,1,2,0],2,5].
[[2,7,2,1,1,0,1,1,1],1,1].
[[3,7,2,1,1,0,1,1,0],0,2].
[[3,2,1,1,2,1,0,0,0],3,0].
[[3,6,0,1,2,0,2,3,1],0,4].
[[3,8,0,1,1,0,2,1,0],1,11].
[[2,3,1,0,0,0,2,3,0],4,0].
[[3,8,0,1,1,0,2,3,1],0,21].
[[3,6,1,0,0,0,2,3,0],10,0].
[[2,4,1,1,2,0,0,0,0],5,0].
[[3,4,1,1,2,0,0,0,0],6,1].
[[3,3,1,1,1,1,2,2,1],6,1].
[[1,8,1,1,1,1,2,2,0],2,0].
[[2,8,1,1,2,0,1,1,0],2,8].
[[3,7,1,1,2,0,1,1,0],2,3].
[[2,6,0,0,0,0,2,1,1],1,5].
[[3,7,0,1,1,1,2,3,0],5,10].
[[3,3,2,1,1,0,0,0,0],2,0].
[[3,3,2,1,2,0,2,2,1],15,0].
[[2,6,1,1,2,0,1,1,1],0,1].
[[2,9,1,1,1,0,2,2,1],0,1].
[[3,7,1,1,1,1,0,0,0],10,13].
[[3,7,0,1,2,0,2,1,0],1,5].
[[1,8,0,1,2,1,1,2,0],4,5].
[[2,8,0,1,1,1,1,1,0],2,2].
[[3,9,1,1,1,0,1,2,0],2,19].
[[3,7,0,1,2,0,2,2,0],2,4].
[[3,9,2,1,2,0,2,2,0],0,13].
[[2,3,1,0,0,0,2,1,1],4,0].
[[3,3,1,1,2,0,2,1,1],7,0].
[[2,9,2,1,1,0,2,1,0],0,3].
[[3,7,0,0,0,0,1,2,0],4,4].
[[3,3,1,1,2,0,2,3,0],2,0].
[[1,6,1,0,0,0,2,1,0],2,0].
[[2,6,1,0,0,0,1,1,0],2,0].
[[3,6,1,1,2,1,1,1,0],2,2].
[[2,2,1,0,0,0,0,0,0],10,0].
[[3,2,1,1,2,1,2,3,1],3,0].
[[1,7,2,1,2,0,2,3,1],6,3].
[[2,7,0,0,0,0,2,2,1],4,7].
[[1,9,2,1,1,1,1,2,0],4,12].
[[3,7,1,1,1,0,1,2,1],5,10].
[[2,6,0,1,2,1,2,3,0],2,2].
[[3,6,0,1,2,1,1,2,0],4,2].
[[3,6,1,1,1,0,1,2,1],4,1].
[[3,8,1,1,1,0,1,1,0],1,4].
[[2,9,1,1,1,0,1,1,1],0,2].
[[2,6,1,1,1,1,2,3,1],11,0].
[[3,3,1,1,1,1,2,3,1],6,1].
[[3,3,0,1,2,1,2,3,0],0,1].
[[3,6,1,1,2,1,2,3,0],10,1].
[[2,8,0,1,1,1,1,2,0],6,9].
[[3,7,0,1,2,0,2,1,1],1,7].
[[3,6,1,1,1,1,1,1,0],1,0].
[[3,6,1,0,0,0,1,1,1],10,5].
[[2,6,1,1,2,0,2,2,1],13,2].
[[3,7,0,1,2,1,2,2,0],10,27].
[[3,6,0,0,0,0,2,1,1],3,10].
[[3,9,2,1,1,1,2,3,1],0,3].
[[2,7,1,1,2,0,1,2,1],7,2].
[[2,7,2,1,2,0,1,1,1],7,4].
[[3,9,1,1,1,1,2,1,1],1,3].
[[1,8,1,1,2,1,1,2,0],4,3].
[[3,9,1,1,2,0,0,0,0],0,5].
[[2,4,1,1,2,0,2,3,0],16,4].
[[2,5,0,1,1,1,1,2,1],1,1].
[[3,7,1,1,1,1,1,2,0],6,1].
[[3,3,2,1,1,0,1,1,1],2,0].
[[2,6,1,1,1,1,2,1,1],2,0].
[[3,4,1,1,2,0,2,1,1],19,2].
[[3,3,0,1,2,1,2,1,0],0,1].
[[2,9,1,1,2,0,0,0,0],0,13].
[[1,8,0,1,2,1,1,1,0],1,2].
[[2,8,1,1,1,0,1,1,0],0,2].
[[3,7,1,1,1,0,1,1,0],0,1].
[[2,5,0,1,1,1,1,2,0],9,0].
[[2,7,2,1,1,1,2,1,1],3,0].
[[3,7,0,1,1,1,2,1,0],0,5].
[[2,8,1,1,1,1,1,2,0],5,3].
[[1,7,1,0,0,0,2,1,0],1,1].
[[2,7,1,1,2,0,1,2,0],1,0].
[[1,6,1,1,2,1,2,1,1],3,0].
[[3,9,2,1,2,0,2,2,1],1,8].
[[2,5,0,1,2,1,1,2,1],6,0].
[[2,7,1,1,1,1,1,2,1],4,1].
[[3,7,0,1,2,1,1,1,1],3,13].
[[3,7,1,1,1,1,2,1,0],4,3].
[[2,7,1,1,2,0,2,1,1],8,7].
[[3,3,1,1,1,1,2,1,1],3,0].
[[1,6,1,0,0,0,1,1,1],0,1].
[[1,8,1,1,2,0,2,2,0],2,2].
[[3,6,0,1,2,0,2,2,0],0,7].
[[2,2,0,0,0,0,0,0,0],1,3].
[[3,2,0,1,2,1,2,3,1],0,1].
[[1,6,1,0,0,0,1,2,1],6,2].
[[2,9,2,1,1,0,2,2,0],1,4].
[[3,8,0,1,1,0,2,2,0],0,11].
[[2,9,2,1,1,0,1,2,0],0,1].
[[2,6,1,1,2,0,2,1,1],8,1].
[[3,9,2,0,0,0,1,1,0],0,5].
[[2,7,1,1,2,0,1,1,1],6,3].
[[3,9,1,1,2,1,0,0,0],0,12].
[[1,6,0,0,0,0,2,1,0],1,0].
[[2,3,1,0,0,0,2,1,0],1,0].
[[2,7,0,1,2,1,2,3,1],1,9].
[[2,8,1,1,1,0,2,2,0],1,0].
[[2,5,0,1,1,1,1,1,0],5,0].
[[2,7,0,1,2,1,2,1,1],2,4].
[[3,9,2,1,1,1,2,2,1],0,9].
[[1,9,2,1,1,1,1,1,0],4,3].
[[3,3,2,1,1,1,2,3,1],4,0].
[[2,9,1,1,1,0,2,1,0],1,2].
[[3,7,2,1,2,0,0,0,0],4,2].
[[3,9,1,1,1,0,2,2,1],1,3].
[[2,7,1,1,2,1,1,1,0],0,2].
[[3,7,0,1,2,1,1,1,0],2,7].
[[2,4,1,1,2,0,1,1,0],4,3].
[[3,7,2,1,1,1,0,0,0],3,2].
[[1,8,1,1,1,1,1,1,1],0,2].
[[3,7,1,1,1,0,0,0,0],1,6].
[[1,3,2,0,0,0,2,2,1],5,0].
[[3,9,1,1,1,0,1,1,0],0,6].
[[2,8,1,1,1,0,0,0,0],0,4].
[[3,7,0,1,2,0,2,2,1],4,10].
[[3,9,1,0,0,0,2,1,1],0,3].
[[2,4,1,1,2,0,1,2,0],7,2].
[[3,6,1,1,1,1,2,1,0],2,0].
[[3,7,0,1,1,1,1,2,0],2,1].
[[1,8,1,1,2,0,1,2,0],1,0].
[[3,9,1,1,2,0,2,1,1],0,3].
[[2,9,1,1,1,0,1,2,1],0,6].
[[3,7,1,1,1,0,2,3,0],2,1].
[[2,5,0,1,1,0,1,1,1],1,1].
[[2,5,0,1,1,0,1,2,1],0,1].
[[3,5,0,1,1,0,1,2,1],0,3].
[[2,8,1,1,1,0,1,2,1],5,7].
[[1,7,2,1,2,0,2,1,1],2,1].
[[1,7,1,1,2,1,2,3,1],9,4].
[[2,7,0,1,2,1,2,1,0],0,1].
[[2,4,1,1,2,0,2,2,0],10,2].
[[2,7,0,0,0,0,2,2,0],1,3].
[[2,8,1,1,1,0,2,3,0],1,1].
[[3,9,2,1,1,0,2,2,0],0,4].
[[2,3,1,1,2,1,2,3,1],4,0].
[[2,8,0,1,2,0,1,1,0],2,1].
[[3,6,1,0,0,0,0,0,0],8,2].
[[2,7,2,1,1,0,0,0,0],1,3].
[[2,5,0,1,2,0,1,1,0],3,2].
[[3,3,1,1,1,1,1,2,1],3,0].
[[1,7,1,1,2,1,2,3,0],2,0].
[[2,6,1,1,1,1,2,1,0],1,0].
[[3,2,1,0,0,0,0,0,0],6,0].
[[3,3,2,1,1,1,2,2,1],5,0].
[[3,6,0,1,1,1,1,1,0],1,0].
[[3,6,1,0,0,0,2,1,0],2,0].
[[3,9,1,1,1,0,0,0,0],0,1].
[[3,3,1,0,0,0,2,2,0],2,1].
[[3,9,2,1,2,0,1,1,0],0,4].
[[1,7,1,1,2,1,2,2,0],1,0].
[[3,3,1,1,2,1,1,2,0],2,0].
[[3,8,0,1,1,0,1,1,0],0,2].
[[3,4,0,1,2,0,1,2,1],0,6].
[[3,9,2,1,1,0,2,3,0],0,4].
[[3,6,0,1,2,0,2,1,0],0,2].
[[1,2,1,0,0,0,0,0,0],5,0].
[[3,9,2,0,0,0,2,1,1],1,3].
[[3,2,1,1,2,1,2,3,0],1,0].
[[3,9,2,1,1,0,2,1,0],0,2].
[[2,6,0,1,2,1,2,3,1],1,4].
[[2,2,1,1,2,1,0,0,0],2,0].
[[3,8,0,1,1,0,0,0,0],0,4].
[[3,9,2,1,1,0,1,2,0],0,4].
[[2,7,1,1,1,1,1,2,0],2,0].
[[1,7,2,1,2,1,1,1,1],2,1].
[[3,3,1,1,1,1,1,1,1],3,0].
[[3,6,1,1,1,1,2,2,0],2,1].
[[1,8,1,1,2,0,1,1,0],0,2].
[[3,6,1,1,2,0,2,2,0],3,0].
[[3,6,1,0,0,0,1,1,0],1,2].
[[3,9,2,1,1,0,2,3,1],0,1].
[[3,9,2,1,1,1,0,0,0],0,3].
[[3,3,2,1,1,1,0,0,0],1,0].
[[3,7,2,1,2,1,1,1,0],0,3].
[[3,7,0,1,1,1,1,1,1],0,5].
[[2,6,1,1,1,1,0,0,0],4,2].
[[3,2,0,0,0,0,0,0,0],1,2].
[[3,3,1,1,2,0,1,2,1],5,0].
[[2,7,1,1,1,1,2,1,1],5,3].
[[2,9,1,1,1,0,1,1,0],0,1].
[[3,7,2,1,2,0,1,1,0],0,2].
[[2,9,1,1,1,0,1,2,0],1,2].
[[1,7,1,1,2,1,2,1,0],2,1].
[[2,3,1,0,0,0,2,3,1],4,0].
[[3,3,1,1,2,0,1,1,1],2,0].
[[2,6,1,1,1,1,1,2,1],3,0].
[[3,1,1,1,2,0,1,1,1],3,0].
[[3,8,1,1,1,0,2,2,0],1,2].
[[2,3,1,0,0,0,2,2,0],1,0].
[[3,6,0,1,2,0,2,1,1],2,1].
[[2,7,0,0,0,0,2,3,0],4,1].
[[3,2,1,1,2,1,2,1,1],3,0].
[[2,9,1,1,1,0,2,3,1],0,6].
[[2,5,0,1,1,0,1,2,0],1,0].
[[3,2,0,1,2,1,0,0,0],1,1].
[[3,7,0,1,2,0,1,1,0],2,0].
[[2,7,1,1,1,1,2,3,0],6,1].
[[3,6,0,1,2,0,2,2,1],0,4].
[[2,7,2,1,1,0,1,2,1],0,2].
[[3,2,1,1,2,1,2,2,0],1,0].
[[3,6,1,1,1,0,1,1,1],1,1].
[[3,6,0,1,2,0,0,0,0],1,6].
[[1,8,1,1,1,1,2,1,0],1,1].
[[1,3,2,0,0,0,2,3,1],5,0].
[[2,2,1,0,0,0,2,3,1],1,0].
[[2,5,0,0,0,0,1,2,1],4,0].
[[3,3,2,1,2,0,1,2,1],3,0].
[[2,6,0,0,0,0,2,1,0],2,5].
[[2,6,0,0,0,0,1,1,0],0,1].
[[3,8,1,1,2,0,0,0,0],0,1].
[[3,6,0,1,1,1,2,2,0],0,2].
[[2,5,0,1,2,0,1,2,1],1,0].
[[2,7,0,1,2,1,1,2,1],0,1].
[[2,6,1,1,2,1,2,1,0],2,0].
[[3,9,2,1,1,0,2,2,1],0,1].
[[3,6,0,0,0,0,1,1,0],1,0].
[[3,9,2,1,1,0,0,0,0],0,1].
[[1,7,2,1,2,0,1,1,1],2,0].
[[2,3,2,1,2,0,1,1,1],1,0].
[[2,7,1,0,0,0,1,2,0],4,0].
[[2,6,1,1,2,1,1,2,0],1,0].
[[3,6,1,1,1,1,1,2,0],1,0].
[[3,6,1,1,2,1,2,1,0],1,0].
[[3,3,1,1,2,0,2,1,0],1,0].
[[1,6,0,0,0,0,2,3,0],0,3].
[[3,2,0,0,0,0,2,3,1],0,1].
[[1,3,2,0,0,0,2,1,1],1,0].
[[2,7,1,1,2,1,1,2,0],1,1].
[[2,8,1,1,1,0,2,1,0],0,1].
[[3,7,2,1,1,0,0,0,0],2,0].
[[2,9,1,1,1,0,2,2,0],2,2].
[[3,8,1,1,1,0,0,0,0],0,1].
[[1,8,1,1,1,1,1,2,0],1,0].
[[2,6,1,0,0,0,2,1,0],1,0].
[[3,2,1,1,2,0,0,0,0],1,0].
[[3,9,2,1,1,0,2,1,1],0,1].
[[3,2,0,1,2,1,2,2,0],1,1].
[[3,6,1,1,2,0,1,2,0],1,0].
[[3,7,0,1,2,0,1,1,1],0,2].
[[2,7,1,1,1,1,1,1,1],1,0].
[[3,9,2,1,1,1,2,1,1],0,1].
[[3,2,1,0,0,0,2,1,1],1,0].
[[3,1,1,1,2,0,1,2,0],1,0].
[[3,6,0,1,1,1,1,2,0],0,1].
[[2,7,1,1,1,1,2,2,0],1,0].
[[2,3,2,1,2,0,1,2,1],1,0].
[[2,3,2,1,2,1,1,1,1],1,0].
[[3,3,2,1,2,1,1,1,0],1,0].
[[3,6,1,1,1,0,0,0,0],0,1].
[[3,6,1,1,1,0,2,2,1],1,0].
[[1,6,1,1,2,1,1,2,1],2,1].
[[2,3,2,1,2,0,2,2,1],2,0].
[[3,6,0,1,1,1,2,1,0],2,0].
[[2,3,2,0,0,0,1,1,1],1,0].
[[3,3,2,1,1,1,1,1,1],2,0].
[[3,4,0,1,2,0,2,3,1],0,2].
[[2,7,1,1,1,1,2,1,0],1,0].
[[3,6,0,1,2,0,1,2,1],0,1].
[[3,1,1,1,2,0,1,2,1],1,0].
[[3,2,0,0,0,0,2,1,0],1,0].
[[2,2,0,0,0,0,2,3,0],0,1].
[[3,2,0,0,0,0,2,3,0],0,1].
[[3,8,1,0,0,0,0,0,0],0,1].
[[3,9,2,0,0,0,0,0,0],0,1].
[[3,7,1,1,1,0,1,2,0],1,0].
[[2,6,0,0,0,0,1,2,0],0,1].
[[2,3,2,1,2,1,2,1,1],1,0].
