total_WL(5027,6667).
[[1,8,1,1,2,2,2,3,1],81,58].
[[2,7,2,1,2,2,2,3,1],20,5].
[[3,7,2,1,2,2,1,2,2],29,6].
[[1,8,1,1,2,2,2,3,2],143,68].
[[2,8,1,1,1,2,1,2,2],21,15].
[[3,4,2,1,2,0,1,2,2],52,3].
[[1,9,2,1,2,2,0,0,0],92,294].
[[2,9,2,1,2,2,2,3,0],29,180].
[[3,9,1,1,2,2,2,1,0],1,49].
[[1,8,0,1,2,2,0,0,0],88,227].
[[2,8,0,1,2,2,2,1,1],10,41].
[[3,7,0,1,2,2,2,1,1],2,11].
[[1,9,2,0,0,0,0,0,0],51,262].
[[2,9,2,0,0,0,2,1,0],5,30].
[[3,9,2,0,0,0,2,1,0],0,3].
[[1,8,1,0,0,0,2,3,2],190,89].
[[2,8,1,0,0,0,2,3,2],57,46].
[[3,7,1,1,2,0,2,3,2],24,11].
[[1,8,1,1,2,2,2,2,1],106,68].
[[2,8,1,1,2,2,2,2,1],107,82].
[[3,8,1,1,2,2,1,2,1],149,123].
[[2,8,0,1,2,2,2,3,1],22,89].
[[3,7,0,1,2,2,2,3,1],3,17].
[[1,8,1,1,2,2,2,3,0],38,14].
[[2,8,1,1,2,2,2,3,0],69,55].
[[3,7,1,1,2,2,2,3,0],46,28].
[[1,8,1,0,0,0,2,1,1],69,49].
[[2,7,1,1,2,0,2,1,1],3,3].
[[3,7,1,1,1,0,2,1,1],0,1].
[[1,8,1,0,0,0,1,2,1],57,23].
[[2,7,1,1,2,2,1,2,1],12,4].
[[3,7,1,1,2,2,1,2,1],66,15].
[[1,9,2,0,0,0,2,1,1],32,66].
[[2,9,2,0,0,0,1,1,1],8,27].
[[3,8,1,1,2,0,1,1,1],18,28].
[[1,7,1,0,0,0,0,0,0],47,26].
[[2,7,1,1,2,2,2,3,1],46,17].
[[3,7,1,1,2,2,2,3,1],74,54].
[[1,9,2,1,1,2,0,0,0],63,60].
[[2,9,1,1,1,2,2,3,0],27,56].
[[3,9,1,1,1,2,2,3,0],1,65].
[[1,8,0,0,0,0,2,1,1],6,10].
[[2,8,0,0,0,0,1,1,1],6,5].
[[3,5,0,1,2,0,1,1,1],20,3].
[[1,8,0,1,1,2,2,3,2],14,17].
[[2,6,0,1,1,2,2,3,2],1,2].
[[3,4,2,1,2,0,2,3,1],45,6].
[[2,8,0,0,0,0,0,0,0],10,72].
[[3,8,0,1,2,0,2,3,0],3,60].
[[1,8,1,1,2,0,2,2,1],17,13].
[[3,8,1,1,2,2,2,3,0],47,75].
[[1,9,2,0,0,0,2,2,1],54,167].
[[2,8,0,1,2,2,2,2,1],24,92].
[[3,6,0,1,2,2,2,2,1],0,16].
[[2,8,1,1,1,2,2,2,1],45,20].
[[3,8,1,1,1,2,1,2,1],87,64].
[[1,9,2,1,1,2,2,3,0],70,66].
[[2,9,1,1,1,2,2,2,0],12,26].
[[3,8,0,1,1,2,2,2,0],7,81].
[[3,7,1,0,0,0,2,1,1],9,6].
[[1,9,2,0,0,0,2,3,1],61,170].
[[2,9,2,0,0,0,1,2,1],11,36].
[[3,8,1,1,2,0,1,2,1],61,45].
[[1,9,2,1,2,2,2,2,1],65,190].
[[3,7,1,1,2,2,2,2,1],67,37].
[[2,7,1,1,2,2,2,3,2],60,11].
[[3,7,1,1,2,2,2,3,2],73,28].
[[2,9,2,1,2,2,1,2,1],24,81].
[[3,8,0,1,2,2,1,2,1],13,111].
[[1,8,1,1,2,0,2,3,2],12,10].
[[2,7,1,1,2,0,2,3,2],3,3].
[[3,7,1,1,1,0,2,3,2],1,3].
[[1,9,2,1,2,2,2,3,0],136,295].
[[2,8,0,1,2,2,2,3,0],43,151].
[[3,5,0,1,2,2,1,2,0],43,2].
[[1,8,0,0,0,0,0,0,0],57,198].
[[3,8,0,1,2,2,1,2,0],13,84].
[[2,8,1,1,2,2,2,3,2],93,61].
[[3,8,1,1,2,2,2,2,1],28,38].
[[1,9,2,1,1,2,2,3,1],58,41].
[[2,9,1,1,1,2,2,1,0],17,17].
[[3,4,2,1,2,0,1,2,0],82,5].
[[1,9,2,1,2,0,2,3,0],10,35].
[[1,6,1,0,0,0,2,3,1],9,0].
[[2,6,1,0,0,0,1,2,1],6,0].
[[3,3,1,1,2,0,1,2,1],1,0].
[[1,8,0,0,0,0,2,2,1],16,31].
[[2,8,0,1,2,2,1,1,1],10,22].
[[3,8,0,1,1,2,1,1,1],2,27].
[[2,8,1,1,2,2,2,3,1],116,93].
[[1,9,2,0,0,0,2,1,0],34,115].
[[2,8,0,1,2,2,2,1,0],11,47].
[[3,8,0,1,2,2,2,3,0],13,230].
[[1,9,2,1,2,2,2,3,2],67,242].
[[3,9,1,1,1,2,1,1,0],4,28].
[[2,8,0,1,2,0,0,0,0],0,12].
[[3,8,0,1,1,0,2,3,1],1,5].
[[1,9,2,0,0,0,1,2,0],20,60].
[[2,9,2,0,0,0,1,2,0],10,25].
[[3,9,1,0,0,0,1,2,0],5,37].
[[1,9,2,1,2,2,2,3,1],71,192].
[[2,9,2,1,1,2,2,3,1],19,37].
[[3,9,1,1,1,2,1,2,1],11,87].
[[1,9,2,1,2,0,1,2,1],3,5].
[[2,9,2,1,2,0,1,2,2],3,10].
[[3,9,1,1,2,0,1,2,2],0,18].
[[1,9,2,1,2,2,1,2,0],31,66].
[[2,9,2,1,1,2,1,2,0],13,31].
[[3,9,1,1,1,2,1,2,0],11,80].
[[1,9,2,1,1,2,2,1,1],21,15].
[[2,9,2,1,1,2,2,3,0],39,75].
[[3,8,1,1,1,2,2,3,0],27,40].
[[1,8,1,1,2,2,0,0,0],196,152].
[[2,8,1,1,2,2,2,1,1],42,47].
[[3,8,1,1,2,2,1,1,1],55,70].
[[2,9,2,1,2,2,2,3,1],11,92].
[[3,9,2,1,2,2,1,2,1],3,33].
[[1,8,0,1,2,2,1,1,1],4,4].
[[2,8,0,1,1,2,1,2,1],11,15].
[[3,5,0,1,1,2,1,2,1],17,0].
[[3,8,0,1,2,2,2,2,1],7,55].
[[1,8,1,1,2,2,2,1,0],17,5].
[[2,8,1,1,2,2,1,2,0],25,10].
[[3,8,1,1,2,2,1,2,0],44,31].
[[1,9,2,1,2,2,1,2,2],71,92].
[[2,9,2,1,1,2,1,2,2],14,23].
[[3,5,0,1,1,2,1,2,2],9,1].
[[1,8,1,0,0,0,0,0,0],234,208].
[[2,8,1,0,0,0,2,2,1],76,51].
[[3,8,1,0,0,0,2,3,0],13,16].
[[1,9,2,0,0,0,1,2,2],48,103].
[[2,9,2,0,0,0,1,2,2],9,25].
[[3,9,1,0,0,0,1,2,2],0,14].
[[1,9,2,1,1,2,2,1,0],29,23].
[[2,9,1,1,1,2,1,1,0],4,9].
[[3,8,0,1,1,2,1,1,0],0,15].
[[2,8,1,0,0,0,2,3,0],45,31].
[[3,8,1,1,2,0,2,3,0],14,24].
[[2,8,1,1,2,0,2,2,1],25,24].
[[1,9,2,1,2,2,2,1,0],45,92].
[[3,8,0,1,2,2,2,1,0],8,65].
[[1,9,2,1,2,0,1,1,1],2,10].
[[2,9,2,1,1,0,1,1,1],0,1].
[[3,8,0,1,1,0,1,1,1],1,6].
[[2,9,2,1,2,2,1,2,0],15,55].
[[3,9,1,1,2,2,1,2,0],15,110].
[[3,8,0,1,1,2,1,2,0],5,72].
[[2,9,1,1,2,2,2,3,0],14,108].
[[1,8,0,0,0,0,2,3,1],11,26].
[[2,7,1,0,0,0,2,3,1],27,7].
[[3,7,0,0,0,0,2,3,1],0,3].
[[3,8,0,1,1,2,2,3,0],14,135].
[[1,9,2,0,0,0,2,2,0],57,177].
[[2,9,2,1,2,0,2,2,0],7,29].
[[3,5,0,1,1,0,1,2,0],6,3].
[[2,6,1,0,0,0,0,0,0],22,2].
[[3,3,1,1,2,2,0,0,0],25,4].
[[2,4,2,1,2,0,2,2,1],25,3].
[[3,4,2,1,2,0,2,2,1],37,5].
[[2,8,0,1,2,2,0,0,0],15,134].
[[2,9,2,1,2,2,2,2,1],17,68].
[[3,8,1,1,2,2,1,2,2],75,46].
[[1,7,2,0,0,0,2,2,1],12,1].
[[2,7,2,1,2,2,2,3,2],33,7].
[[3,7,2,1,2,2,2,3,1],20,3].
[[1,8,1,0,0,0,2,2,1],151,76].
[[2,8,1,1,2,0,1,1,1],11,19].
[[3,8,1,1,1,0,1,1,1],3,18].
[[2,8,1,1,1,0,2,3,0],0,1].
[[3,8,1,1,1,0,2,3,0],5,11].
[[1,8,1,1,2,2,2,1,1],43,28].
[[3,8,1,1,2,2,2,3,1],47,48].
[[2,9,1,1,2,2,1,2,0],20,63].
[[2,8,0,1,2,2,2,2,0],21,73].
[[1,8,1,1,1,2,1,2,2],3,2].
[[2,7,1,0,0,0,2,1,1],15,11].
[[3,7,1,1,2,0,1,2,1],20,7].
[[3,6,1,1,2,0,2,2,1],7,1].
[[1,8,1,1,1,2,1,2,1],8,5].
[[2,4,2,1,2,0,1,1,0],14,2].
[[3,4,2,1,2,0,1,1,0],39,4].
[[2,8,0,1,1,2,0,0,0],13,34].
[[2,9,2,1,2,0,2,3,0],8,49].
[[2,9,2,1,1,2,1,1,1],9,21].
[[3,9,1,1,1,2,1,1,1],8,21].
[[1,9,2,1,2,0,2,3,2],3,30].
[[3,8,1,1,2,2,2,3,2],22,27].
[[2,9,1,1,1,2,1,2,1],16,20].
[[2,8,1,1,1,2,1,1,1],16,7].
[[3,7,2,1,1,2,1,1,1],6,2].
[[1,8,0,1,1,2,0,0,0],37,42].
[[2,8,0,1,1,2,2,3,2],9,40].
[[3,8,0,1,1,2,2,2,1],0,53].
[[1,9,2,0,0,0,2,3,0],109,277].
[[2,9,2,0,0,0,2,3,0],21,73].
[[1,8,0,1,2,2,2,3,1],17,30].
[[2,8,0,1,1,2,2,3,1],19,39].
[[3,8,0,1,1,2,2,3,1],11,50].
[[2,8,0,1,1,2,2,1,1],14,12].
[[2,8,0,1,1,2,2,3,0],27,55].
[[3,8,1,1,1,2,1,2,2],33,29].
[[2,9,2,1,2,2,2,2,0],24,111].
[[3,8,0,1,2,2,2,2,0],14,127].
[[2,4,2,1,2,0,2,3,0],61,3].
[[3,4,2,1,2,0,2,3,0],117,5].
[[2,9,2,0,0,0,2,2,0],11,50].
[[3,8,0,0,0,0,2,2,0],5,22].
[[2,8,1,0,0,0,2,1,1],40,27].
[[3,8,1,0,0,0,2,1,1],11,5].
[[1,6,1,0,0,0,0,0,0],64,3].
[[2,3,1,0,0,0,0,0,0],7,3].
[[3,3,1,0,0,0,2,3,2],8,0].
[[2,8,1,0,0,0,1,2,1],66,43].
[[3,8,1,0,0,0,1,1,1],19,22].
[[1,8,1,1,2,2,1,1,1],17,15].
[[2,8,1,1,2,2,1,1,1],41,47].
[[3,6,1,1,2,2,1,1,1],7,3].
[[1,7,2,0,0,0,2,3,1],8,4].
[[2,7,2,0,0,0,2,3,1],13,3].
[[1,4,2,1,2,0,2,3,0],16,1].
[[3,4,2,1,2,0,2,1,0],60,3].
[[3,9,1,0,0,0,2,2,0],2,16].
[[3,7,1,1,2,0,2,2,1],19,9].
[[2,7,2,1,2,2,1,1,1],4,4].
[[3,7,2,1,1,2,1,2,1],16,3].
[[1,4,2,1,2,0,0,0,0],17,1].
[[2,4,2,1,2,0,2,2,0],45,4].
[[3,4,2,1,2,0,1,1,1],72,3].
[[2,9,2,1,1,2,0,0,0],7,14].
[[1,6,0,1,2,2,0,0,0],1,8].
[[2,6,0,1,2,2,2,3,2],1,10].
[[3,6,0,1,2,2,1,2,2],1,7].
[[1,9,2,1,1,2,2,2,1],41,47].
[[3,8,1,1,1,2,1,1,1],36,33].
[[2,5,0,0,0,0,1,1,1],18,4].
[[2,8,1,1,1,2,2,1,1],14,13].
[[3,7,2,1,2,2,2,3,2],32,0].
[[1,9,2,1,1,2,2,3,2],45,61].
[[2,4,2,1,2,0,1,2,1],26,2].
[[3,4,2,1,2,0,1,2,1],91,7].
[[3,6,0,1,1,2,2,2,1],0,4].
[[2,8,1,1,1,2,2,3,0],33,12].
[[3,7,1,1,1,2,2,3,0],16,12].
[[1,9,2,0,0,0,1,1,1],19,25].
[[1,7,2,1,2,2,2,3,1],4,0].
[[2,7,2,1,1,2,1,2,1],2,0].
[[3,8,0,1,2,2,1,1,1],7,57].
[[2,9,1,1,2,2,1,2,1],27,63].
[[3,9,1,1,1,0,1,2,1],2,8].
[[2,8,0,0,0,0,2,3,2],23,52].
[[3,7,0,1,2,0,2,3,2],0,2].
[[1,7,2,1,2,2,2,1,1],2,0].
[[2,7,2,1,1,2,2,1,1],3,0].
[[2,8,1,1,2,2,2,1,0],24,18].
[[3,8,1,1,2,2,2,1,0],29,30].
[[2,9,2,1,2,2,1,2,2],29,77].
[[3,9,1,1,2,2,1,2,1],7,124].
[[1,8,1,1,2,0,2,1,1],5,6].
[[2,8,1,1,2,0,2,1,1],10,14].
[[3,8,1,1,1,0,2,1,1],2,5].
[[2,8,0,0,0,0,2,3,0],16,79].
[[2,8,1,1,2,2,0,0,0],39,43].
[[1,8,1,0,0,0,2,3,0],57,31].
[[2,7,1,1,2,0,2,3,0],5,2].
[[3,7,1,1,2,0,2,3,0],14,7].
[[2,7,1,1,2,2,0,0,0],65,61].
[[2,9,1,1,2,2,2,2,0],16,68].
[[3,9,1,1,2,2,2,2,0],3,73].
[[2,8,1,1,2,2,1,2,1],109,54].
[[3,6,1,1,2,2,2,3,2],9,1].
[[2,9,1,1,2,0,2,3,0],3,29].
[[3,8,1,1,2,0,1,2,2],22,15].
[[1,8,1,1,2,0,2,3,1],8,10].
[[3,7,1,1,1,2,2,3,1],30,28].
[[3,9,2,0,0,0,1,1,1],0,7].
[[2,9,2,1,1,2,2,2,1],11,29].
[[3,9,2,1,1,2,1,2,1],3,16].
[[2,9,1,1,2,2,1,2,2],17,50].
[[3,9,1,1,2,2,1,2,2],4,83].
[[1,8,0,1,2,2,2,3,0],23,46].
[[2,8,0,1,2,2,1,2,0],9,43].
[[1,8,1,1,1,2,2,3,2],35,11].
[[2,4,2,1,2,0,1,2,2],21,3].
[[1,9,2,1,1,2,2,2,0],42,46].
[[2,8,1,1,1,2,2,2,0],29,10].
[[3,7,1,1,1,2,2,2,0],19,14].
[[1,9,2,1,1,2,1,2,0],22,17].
[[3,8,1,0,0,0,2,2,0],9,20].
[[1,8,1,1,2,0,0,0,0],15,37].
[[1,9,2,1,2,2,1,2,1],46,73].
[[1,8,1,0,0,0,2,3,1],142,77].
[[2,8,1,0,0,0,2,3,1],85,65].
[[1,9,2,1,2,0,1,2,2],4,10].
[[3,5,0,1,2,2,1,2,2],6,0].
[[3,7,2,1,1,2,2,2,1],7,0].
[[1,4,2,1,2,0,1,2,1],4,0].
[[1,8,0,1,1,2,2,2,0],6,7].
[[2,7,1,1,1,2,2,2,0],2,2].
[[2,4,2,1,2,0,2,3,1],26,4].
[[1,9,2,0,0,0,1,2,1],36,73].
[[2,9,1,1,2,0,1,2,1],3,23].
[[3,8,0,1,2,0,1,2,1],3,36].
[[3,9,2,1,1,2,2,3,1],0,8].
[[1,8,0,1,2,2,2,3,2],31,101].
[[2,8,0,1,2,2,2,3,2],19,91].
[[3,8,0,1,2,2,2,3,2],5,40].
[[2,9,1,0,0,0,1,1,0],4,23].
[[3,8,0,1,2,2,1,1,0],0,39].
[[2,9,2,1,2,2,1,1,1],20,44].
[[3,5,0,1,1,2,1,1,1],62,3].
[[3,8,1,0,0,0,1,2,0],24,5].
[[2,8,0,1,2,0,2,3,0],3,18].
[[1,9,2,1,2,2,2,2,0],58,176].
[[3,7,1,1,2,2,1,1,1],31,21].
[[3,9,2,0,0,0,2,2,0],0,3].
[[2,9,1,1,2,2,2,1,0],13,29].
[[1,8,0,1,2,2,2,1,0],4,18].
[[2,8,0,1,1,2,1,2,0],8,13].
[[1,7,2,0,0,0,0,0,0],72,8].
[[3,7,2,1,2,2,1,2,1],38,9].
[[1,9,2,1,1,2,1,2,1],12,15].
[[2,9,2,1,1,2,1,2,1],22,33].
[[2,7,0,1,1,2,0,0,0],3,8].
[[3,4,2,1,2,0,0,0,0],10,3].
[[2,8,0,1,1,2,2,2,0],14,36].
[[3,7,0,1,1,2,1,2,1],0,5].
[[1,8,1,0,0,0,2,2,0],32,16].
[[2,8,1,1,2,0,2,2,0],10,11].
[[3,8,1,1,2,0,2,2,0],9,17].
[[2,8,1,0,0,0,2,2,0],29,28].
[[3,8,1,1,2,2,2,2,0],46,45].
[[1,9,2,0,0,0,1,1,0],6,31].
[[3,8,0,0,0,0,1,1,0],0,5].
[[2,5,0,1,1,2,1,2,1],4,0].
[[2,9,2,1,1,2,2,2,0],17,36].
[[3,8,1,1,2,0,2,3,1],21,23].
[[3,8,0,1,2,2,1,2,2],9,88].
[[1,8,1,1,1,2,2,2,1],28,12].
[[2,8,1,1,1,2,1,2,1],36,17].
[[2,9,1,1,2,2,1,1,0],5,33].
[[3,9,1,1,2,2,1,1,0],4,53].
[[3,7,2,1,2,2,1,1,1],11,7].
[[3,7,1,1,1,2,1,2,0],11,2].
[[1,8,1,1,1,2,2,1,1],19,2].
[[2,7,1,1,1,2,2,1,1],7,1].
[[3,7,1,1,1,2,2,1,1],12,9].
[[1,9,2,0,0,0,2,3,2],62,207].
[[3,8,1,1,2,0,2,1,0],16,12].
[[3,8,0,0,0,0,2,1,1],0,8].
[[1,8,1,0,0,0,1,2,2],36,20].
[[2,8,1,1,2,2,1,2,2],68,30].
[[3,6,1,1,2,2,1,2,2],12,2].
[[1,8,0,1,2,2,2,2,0],10,26].
[[2,9,1,0,0,0,2,3,0],11,40].
[[3,9,1,1,2,0,1,2,1],4,40].
[[3,8,0,1,1,0,1,2,1],0,10].
[[1,8,1,1,1,2,0,0,0],49,17].
[[2,7,2,1,1,2,0,0,0],5,2].
[[3,7,2,1,1,2,0,0,0],5,1].
[[2,9,2,1,2,0,2,3,2],1,19].
[[3,8,1,0,0,0,1,2,1],32,31].
[[2,4,2,1,2,0,2,1,1],13,2].
[[3,4,2,1,2,0,2,1,1],23,2].
[[3,8,0,1,1,2,0,0,0],0,19].
[[2,8,1,1,2,0,1,2,1],30,22].
[[1,3,2,0,0,0,0,0,0],8,0].
[[2,3,2,0,0,0,2,3,0],1,0].
[[3,3,2,1,2,2,2,3,0],1,0].
[[3,8,1,0,0,0,2,1,0],4,12].
[[1,8,1,1,1,2,2,3,0],11,3].
[[2,6,1,0,0,0,2,2,1],11,0].
[[3,6,1,0,0,0,2,2,1],9,1].
[[2,7,1,0,0,0,2,2,1],21,12].
[[3,7,1,0,0,0,1,1,1],16,8].
[[2,7,1,0,0,0,2,3,2],28,11].
[[3,7,1,0,0,0,2,3,2],26,14].
[[3,7,1,1,2,0,2,3,1],18,10].
[[2,8,0,1,2,2,1,2,1],16,33].
[[1,9,2,1,1,2,1,1,0],7,3].
[[2,9,2,1,1,2,2,1,0],12,23].
[[3,9,1,1,1,2,2,1,0],1,37].
[[3,7,0,0,0,0,0,0,0],0,6].
[[2,7,1,1,1,2,0,0,0],15,7].
[[3,7,1,1,1,2,0,0,0],10,10].
[[1,9,2,1,2,0,2,3,1],5,30].
[[2,9,2,1,2,0,1,2,1],4,21].
[[3,5,0,1,1,0,1,1,0],1,2].
[[2,9,2,1,2,2,2,1,0],9,65].
[[3,9,1,1,2,0,2,2,0],3,25].
[[1,8,0,1,1,2,1,2,0],4,0].
[[2,4,2,1,2,0,1,2,0],27,1].
[[2,9,2,1,1,2,2,1,1],5,14].
[[3,5,0,1,2,2,1,1,1],97,5].
[[2,7,2,0,0,0,1,2,2],9,1].
[[3,7,2,1,2,0,1,2,2],19,2].
[[2,8,1,0,0,0,1,1,1],35,31].
[[3,7,2,0,0,0,1,1,1],8,2].
[[3,7,1,1,1,2,1,2,1],34,6].
[[2,7,2,0,0,0,2,2,1],13,0].
[[3,7,2,0,0,0,2,2,1],8,0].
[[3,9,1,1,1,2,1,2,2],2,42].
[[3,6,1,0,0,0,2,3,1],12,1].
[[3,8,1,1,1,2,2,2,1],16,20].
[[1,8,1,1,1,2,2,3,1],18,7].
[[1,8,1,1,2,2,1,2,1],40,17].
[[3,7,1,1,2,2,1,2,0],17,3].
[[2,9,2,1,2,2,0,0,0],1,45].
[[3,9,1,1,2,2,2,3,0],8,89].
[[2,9,2,0,0,0,2,2,1],3,41].
[[3,8,0,1,2,0,2,2,1],1,12].
[[3,9,2,1,2,2,1,1,1],2,27].
[[1,7,1,1,2,2,1,1,1],0,2].
[[2,7,1,1,2,2,1,1,1],5,4].
[[1,6,1,0,0,0,2,3,2],18,2].
[[2,6,1,0,0,0,2,3,2],23,1].
[[2,7,1,1,1,2,2,3,1],9,6].
[[1,8,1,1,2,0,2,2,0],4,2].
[[2,8,1,1,2,0,1,2,0],4,10].
[[3,8,1,1,2,0,1,1,0],7,8].
[[3,7,0,1,1,2,2,3,2],1,12].
[[3,8,0,1,2,0,1,1,0],0,15].
[[2,8,1,1,1,2,2,3,1],38,31].
[[1,8,1,1,2,2,1,2,2],36,10].
[[2,7,1,1,2,2,1,2,2],10,2].
[[3,7,1,1,1,2,1,2,2],14,11].
[[3,8,1,1,1,2,2,3,1],24,31].
[[1,7,2,0,0,0,2,3,2],36,8].
[[3,7,2,1,2,2,2,2,1],19,2].
[[1,9,2,1,2,0,0,0,0],3,38].
[[2,9,2,1,2,0,2,1,1],1,11].
[[3,9,2,1,2,0,2,3,0],0,4].
[[3,7,0,1,2,2,2,2,0],0,14].
[[3,8,0,1,1,2,2,1,0],3,50].
[[1,7,2,0,0,0,2,3,0],3,2].
[[2,7,2,0,0,0,2,3,0],8,0].
[[3,7,1,0,0,0,2,3,0],9,6].
[[2,9,1,1,2,0,2,1,0],4,14].
[[3,9,1,1,1,0,2,1,0],0,3].
[[2,8,0,1,2,2,1,2,2],12,51].
[[1,9,2,1,1,2,1,2,2],31,26].
[[2,4,2,1,2,0,0,0,0],12,1].
[[2,9,1,0,0,0,1,2,0],7,34].
[[2,5,0,1,1,2,1,2,0],11,0].
[[3,5,0,1,1,2,1,2,0],40,0].
[[3,9,2,1,2,2,2,3,0],1,36].
[[3,8,0,0,0,0,2,3,0],5,48].
[[1,7,2,1,2,2,0,0,0],25,3].
[[1,8,0,0,0,0,2,3,2],29,57].
[[2,8,0,0,0,0,1,2,2],8,25].
[[1,9,2,1,2,2,2,1,1],39,91].
[[2,7,1,1,1,2,1,2,1],7,2].
[[1,7,1,1,2,2,2,3,2],20,1].
[[2,9,1,0,0,0,1,2,2],9,30].
[[3,9,1,0,0,0,1,2,1],3,35].
[[2,4,2,1,2,0,2,3,2],26,0].
[[2,8,0,0,0,0,2,3,1],13,32].
[[3,8,0,1,2,0,2,2,0],6,29].
[[2,8,0,1,1,2,2,2,1],15,46].
[[3,8,0,1,1,2,1,2,1],11,82].
[[2,8,0,0,0,0,1,2,1],4,20].
[[2,7,1,1,2,2,2,2,1],44,18].
[[2,6,1,1,2,2,2,3,1],11,0].
[[3,3,2,1,2,2,2,3,1],4,0].
[[3,7,1,0,0,0,2,2,1],20,10].
[[2,8,0,0,0,0,1,2,0],9,16].
[[3,8,0,0,0,0,1,2,0],4,19].
[[2,7,2,0,0,0,1,2,1],9,3].
[[3,7,2,0,0,0,1,2,1],14,2].
[[1,8,0,0,0,0,2,2,0],7,21].
[[2,8,0,1,2,0,1,2,0],1,7].
[[3,8,0,1,2,0,1,2,0],3,21].
[[3,8,0,1,2,0,2,1,0],3,22].
[[2,9,2,1,2,2,2,1,1],3,25].
[[3,9,2,1,1,2,2,2,1],0,5].
[[3,8,1,1,1,0,1,2,1],15,26].
[[2,5,0,1,2,2,1,1,1],44,2].
[[1,9,2,1,2,0,1,2,0],5,4].
[[2,8,1,1,1,0,1,2,0],1,0].
[[3,7,1,1,1,0,1,2,0],2,2].
[[2,9,1,1,1,2,1,1,1],4,8].
[[3,8,0,1,1,2,2,1,1],0,17].
[[2,8,0,1,1,2,2,1,0],16,21].
[[2,8,1,1,1,2,2,3,2],42,25].
[[2,7,2,1,2,2,1,2,1],11,4].
[[3,7,2,1,1,0,1,2,1],7,1].
[[3,9,1,1,2,0,2,3,0],2,28].
[[2,9,1,0,0,0,2,2,0],10,25].
[[2,8,1,0,0,0,1,2,2],32,25].
[[3,8,1,0,0,0,1,2,2],15,19].
[[3,6,1,1,2,2,1,2,1],15,1].
[[3,7,0,0,0,0,1,2,1],0,2].
[[1,8,0,0,0,0,2,3,0],20,42].
[[2,8,0,1,2,2,1,1,0],2,15].
[[3,7,1,1,2,2,1,1,0],6,3].
[[1,8,1,1,1,2,1,2,0],1,0].
[[2,8,1,1,1,2,1,2,0],14,2].
[[3,8,1,1,2,2,2,1,1],20,17].
[[2,7,0,0,0,0,0,0,0],2,8].
[[3,9,2,1,1,2,2,2,0],0,14].
[[2,9,2,1,2,0,2,2,1],3,14].
[[3,8,0,1,1,2,1,2,2],1,56].
[[2,7,2,1,2,2,0,0,0],37,4].
[[3,7,2,1,1,2,2,3,0],5,0].
[[1,7,2,1,2,2,2,3,2],15,2].
[[2,7,2,1,1,2,2,1,0],1,0].
[[3,8,1,1,2,0,2,3,2],7,7].
[[2,9,1,0,0,0,2,1,0],4,26].
[[3,8,0,0,0,0,2,1,0],0,16].
[[2,9,2,1,2,2,2,3,2],12,68].
[[1,4,2,1,2,0,2,3,2],12,0].
[[3,8,1,1,1,2,1,1,0],11,6].
[[2,9,1,1,1,2,1,2,0],10,27].
[[2,9,1,1,1,2,1,2,2],12,16].
[[1,8,0,1,1,2,2,3,0],8,6].
[[1,8,0,0,0,0,2,1,0],7,12].
[[2,8,0,0,0,0,2,1,0],6,28].
[[3,9,1,1,1,2,2,2,0],6,48].
[[3,8,0,1,2,2,0,0,0],0,29].
[[3,9,2,0,0,0,2,3,0],0,3].
[[1,7,1,0,0,0,2,3,2],14,9].
[[2,7,2,1,2,0,2,2,1],9,1].
[[3,7,2,1,2,0,1,1,1],7,2].
[[3,7,2,1,2,0,1,2,1],14,1].
[[1,8,1,1,2,0,2,3,0],3,7].
[[3,8,1,1,1,0,1,2,0],3,11].
[[2,8,0,0,0,0,2,2,0],6,42].
[[3,8,1,1,1,2,2,1,0],14,13].
[[3,8,1,0,0,0,2,3,2],8,2].
[[2,7,1,1,2,2,2,1,1],15,4].
[[3,3,1,1,2,2,2,1,1],5,0].
[[2,6,1,1,2,2,2,3,2],16,3].
[[3,6,1,1,1,2,2,2,1],5,2].
[[1,7,1,1,2,2,0,0,0],44,18].
[[2,3,1,1,2,2,0,0,0],17,1].
[[3,3,1,1,1,2,0,0,0],5,1].
[[3,8,1,1,1,2,2,1,1],10,10].
[[3,4,2,1,2,0,2,2,0],84,3].
[[3,8,1,1,1,2,2,2,0],20,28].
[[2,8,1,1,2,0,2,3,1],24,23].
[[3,8,1,1,1,0,2,3,1],1,8].
[[3,8,0,1,2,2,2,3,1],7,67].
[[3,7,1,1,1,2,2,2,1],25,18].
[[2,3,2,0,0,0,0,0,0],8,0].
[[3,3,1,0,0,0,0,0,0],10,0].
[[2,5,0,0,0,0,1,1,0],4,0].
[[3,5,0,0,0,0,1,1,0],5,0].
[[1,9,2,1,2,0,1,1,0],0,4].
[[3,8,1,1,2,2,1,1,0],14,18].
[[2,7,1,0,0,0,0,0,0],44,22].
[[2,9,1,0,0,0,0,0,0],1,9].
[[3,8,1,1,2,0,0,0,0],0,2].
[[2,8,1,1,2,0,2,3,0],9,19].
[[2,8,0,1,2,0,2,3,2],2,13].
[[3,8,0,1,2,0,1,2,2],1,22].
[[3,8,1,0,0,0,2,3,1],13,12].
[[2,8,1,0,0,0,1,2,0],18,8].
[[3,7,1,1,2,0,1,2,0],7,1].
[[3,8,1,0,0,0,1,1,0],2,9].
[[2,6,0,1,2,2,0,0,0],2,21].
[[3,6,0,1,2,2,2,1,0],0,5].
[[3,9,2,0,0,0,1,2,0],0,4].
[[2,8,0,1,2,0,1,1,1],3,2].
[[3,5,0,1,1,0,1,1,1],3,3].
[[2,5,0,1,2,2,2,1,0],9,0].
[[3,5,0,1,2,2,2,1,0],8,0].
[[2,8,1,1,2,2,2,2,0],45,39].
[[3,8,1,1,1,2,1,2,0],28,13].
[[3,7,1,0,0,0,0,0,0],8,4].
[[3,7,1,1,2,2,2,2,0],34,11].
[[2,7,1,1,1,2,2,2,1],16,2].
[[2,4,2,1,2,0,1,1,1],15,2].
[[1,8,1,0,0,0,2,1,0],27,10].
[[2,7,1,0,0,0,2,1,0],1,3].
[[3,7,1,0,0,0,1,2,0],3,1].
[[2,9,1,0,0,0,1,1,1],4,15].
[[3,9,1,1,2,2,1,1,1],6,34].
[[3,6,0,1,2,2,2,3,0],3,16].
[[3,9,2,1,2,2,1,2,0],3,16].
[[2,8,0,1,2,0,1,2,1],2,4].
[[3,7,0,1,2,0,1,2,1],0,1].
[[2,9,2,0,0,0,0,0,0],0,21].
[[3,8,0,0,0,0,0,0,0],0,10].
[[1,8,1,1,2,0,1,2,2],2,5].
[[2,8,1,1,2,0,1,2,2],20,14].
[[3,6,1,1,2,0,1,2,2],2,1].
[[2,8,1,1,1,2,1,1,0],3,2].
[[3,7,1,0,0,0,2,3,1],20,10].
[[3,7,1,1,1,2,2,3,2],19,9].
[[1,5,0,0,0,0,1,1,1],9,1].
[[2,5,0,1,2,0,1,2,1],1,0].
[[3,5,0,1,2,0,1,2,1],5,1].
[[3,7,1,1,2,2,2,1,1],32,21].
[[2,8,1,1,2,0,2,3,2],26,25].
[[3,3,1,1,2,2,2,2,1],15,0].
[[2,9,1,1,2,2,2,3,1],1,9].
[[3,6,1,1,2,0,2,3,1],8,1].
[[2,8,0,0,0,0,2,2,1],12,34].
[[3,8,0,0,0,0,2,3,1],1,19].
[[2,9,2,1,2,0,2,1,0],2,18].
[[3,8,1,1,2,0,2,2,1],8,22].
[[3,5,0,1,2,2,1,2,1],27,2].
[[2,5,0,1,2,0,1,2,0],3,0].
[[3,5,0,1,2,0,1,2,0],19,0].
[[2,4,2,1,2,0,2,1,0],22,3].
[[1,7,2,1,2,0,0,0,0],10,5].
[[2,7,2,1,1,0,0,0,0],1,2].
[[3,7,2,1,1,0,2,2,1],1,7].
[[3,8,1,0,0,0,2,2,1],9,6].
[[3,7,0,1,2,2,2,3,2],1,11].
[[1,9,2,1,2,2,1,1,0],6,22].
[[3,2,1,0,0,0,0,0,0],3,0].
[[1,8,0,1,2,2,1,2,0],1,8].
[[3,9,1,0,0,0,1,1,0],1,14].
[[1,8,1,0,0,0,1,1,1],21,23].
[[2,7,1,1,1,2,1,1,1],2,2].
[[3,7,1,1,1,2,1,1,1],10,4].
[[2,6,1,1,2,0,2,2,0],1,0].
[[3,6,1,1,2,2,2,2,0],8,1].
[[2,9,1,1,1,2,2,1,1],2,2].
[[2,5,0,0,0,0,1,2,1],7,0].
[[2,7,0,1,1,2,2,3,2],0,5].
[[3,7,0,1,1,2,1,2,2],0,7].
[[3,7,0,1,2,2,1,2,1],2,6].
[[1,8,1,1,1,2,2,2,0],4,1].
[[3,6,1,1,1,2,2,2,0],2,0].
[[3,7,0,1,1,2,0,0,0],1,6].
[[3,7,2,1,2,0,2,3,1],10,2].
[[2,8,1,1,1,0,2,3,1],1,2].
[[3,8,1,1,1,0,2,2,1],3,6].
[[1,8,0,1,1,2,2,2,1],9,7].
[[2,8,0,1,1,2,1,1,1],8,2].
[[3,3,2,1,2,2,2,3,2],8,0].
[[2,6,1,1,2,2,0,0,0],32,0].
[[3,6,1,1,2,2,2,2,1],23,0].
[[1,9,2,1,2,0,2,2,0],7,20].
[[1,8,0,1,1,2,2,3,1],9,8].
[[2,9,2,0,0,0,2,3,1],7,57].
[[2,9,1,1,2,0,2,3,1],1,2].
[[3,7,1,1,2,2,0,0,0],27,28].
[[3,6,1,1,2,0,1,2,1],13,3].
[[3,7,1,0,0,0,2,2,0],4,7].
[[2,7,1,1,2,0,2,1,0],1,1].
[[3,7,1,1,1,0,2,1,0],2,0].
[[2,9,1,1,2,2,1,1,1],6,21].
[[3,9,2,1,2,2,2,2,0],0,16].
[[2,6,0,1,1,2,0,0,0],0,4].
[[3,6,0,1,1,2,0,0,0],1,3].
[[3,8,1,1,2,2,0,0,0],0,4].
[[1,8,0,1,2,2,2,2,1],13,35].
[[3,7,1,1,2,0,2,2,0],8,4].
[[3,9,1,1,2,0,1,2,0],6,33].
[[2,6,1,0,0,0,2,1,1],11,0].
[[3,3,2,1,2,0,2,1,1],5,0].
[[3,7,1,1,2,0,1,2,2],11,7].
[[2,8,0,1,1,2,1,1,0],2,4].
[[3,7,0,1,1,2,1,1,0],0,1].
[[2,5,0,1,2,0,1,1,1],7,1].
[[3,6,1,0,0,0,1,2,2],4,0].
[[3,9,2,1,1,0,2,3,0],1,3].
[[2,5,0,1,2,2,1,2,0],15,1].
[[3,5,0,1,2,2,1,1,0],12,5].
[[2,8,0,0,0,0,2,1,1],5,16].
[[3,7,1,1,2,0,2,1,1],12,5].
[[1,8,0,0,0,0,1,2,2],8,14].
[[2,8,0,1,2,0,1,2,2],4,6].
[[3,7,1,1,1,0,1,2,2],2,2].
[[1,5,0,1,2,2,2,1,0],2,1].
[[3,6,1,0,0,0,1,1,1],3,1].
[[3,8,0,1,2,2,2,1,1],2,34].
[[3,7,0,0,0,0,2,3,0],0,8].
[[2,7,1,1,1,2,2,3,2],19,4].
[[2,6,0,0,0,0,0,0,0],0,5].
[[3,6,0,0,0,0,2,2,0],0,2].
[[1,8,0,1,1,2,2,1,0],2,4].
[[3,7,1,1,1,0,1,2,1],2,1].
[[3,6,1,0,0,0,2,3,0],12,0].
[[1,7,1,1,2,2,2,3,1],8,2].
[[3,8,0,0,0,0,1,2,1],2,26].
[[2,7,2,1,2,2,2,1,1],10,0].
[[3,7,1,1,2,2,1,2,2],31,12].
[[2,8,1,1,2,0,0,0,0],5,14].
[[2,9,1,0,0,0,2,3,1],2,6].
[[2,7,1,0,0,0,1,2,1],13,3].
[[3,3,1,0,0,0,1,2,1],3,0].
[[2,9,2,0,0,0,2,1,1],5,16].
[[3,8,1,1,2,0,2,1,1],6,6].
[[1,6,1,1,2,2,0,0,0],29,2].
[[3,6,1,1,2,2,2,1,1],10,0].
[[1,8,1,1,2,0,1,2,0],0,1].
[[3,8,0,1,1,2,2,3,2],2,20].
[[3,8,0,0,0,0,1,2,2],1,32].
[[2,5,0,0,0,0,2,1,0],7,0].
[[3,5,0,0,0,0,2,1,0],3,0].
[[2,7,0,0,0,0,2,3,2],1,3].
[[3,7,0,0,0,0,2,2,1],2,5].
[[2,7,2,1,2,0,2,3,2],17,5].
[[3,7,1,1,1,0,1,1,1],3,2].
[[2,7,2,1,2,0,2,2,0],1,0].
[[3,7,2,1,2,2,1,2,0],7,0].
[[2,8,1,1,2,0,2,1,0],11,5].
[[3,7,0,1,2,0,2,3,0],0,7].
[[2,6,1,0,0,0,2,3,1],14,2].
[[3,8,0,1,2,0,2,3,2],0,13].
[[3,8,1,1,1,2,2,3,2],6,14].
[[2,8,1,1,1,0,1,2,2],0,4].
[[3,6,1,1,1,0,1,2,2],0,1].
[[3,7,2,1,2,2,2,1,1],15,2].
[[2,8,1,1,1,2,2,1,0],13,1].
[[2,5,0,1,1,2,1,1,1],15,0].
[[3,7,2,1,1,0,1,2,0],0,1].
[[2,7,1,0,0,0,2,3,0],8,3].
[[2,7,1,1,2,2,2,3,0],13,6].
[[3,3,1,1,2,2,2,3,0],4,0].
[[1,8,1,1,2,2,2,2,0],26,13].
[[3,3,1,1,1,2,2,2,0],1,0].
[[1,7,1,0,0,0,2,1,1],3,0].
[[2,7,2,1,2,0,1,2,1],3,0].
[[1,4,2,1,2,0,1,1,1],2,1].
[[2,6,0,1,2,2,2,1,0],0,1].
[[2,8,0,1,2,0,2,2,0],1,12].
[[3,8,0,1,1,0,2,2,0],1,5].
[[2,8,0,1,1,2,1,2,2],15,17].
[[2,3,2,0,0,0,2,3,2],8,1].
[[3,3,2,0,0,0,2,2,1],5,0].
[[2,8,1,0,0,0,0,0,0],15,26].
[[3,7,2,1,1,0,1,2,2],3,4].
[[2,9,1,1,2,0,2,2,0],3,15].
[[3,6,0,1,2,0,0,0,0],0,1].
[[2,9,1,0,0,0,1,2,1],11,36].
[[3,6,1,1,2,2,2,3,1],10,1].
[[3,7,1,1,1,2,2,1,0],7,3].
[[3,7,1,0,0,0,1,2,1],19,6].
[[3,8,0,1,2,0,0,0,0],0,5].
[[2,8,1,1,1,2,0,0,0],12,14].
[[1,6,0,0,0,0,0,0,0],2,4].
[[1,8,0,1,2,2,1,2,2],10,8].
[[3,8,1,1,2,0,1,2,0],14,7].
[[1,7,2,1,2,0,2,3,2],4,1].
[[2,7,2,1,1,0,2,3,1],1,1].
[[3,4,0,1,2,0,2,3,1],0,2].
[[2,6,1,1,1,2,1,2,1],1,1].
[[3,8,1,1,1,0,1,2,2],6,9].
[[2,7,2,0,0,0,2,3,2],28,4].
[[3,7,2,1,2,0,2,3,2],7,2].
[[3,7,0,1,2,2,2,1,0],0,8].
[[1,8,0,1,2,2,1,1,0],1,3].
[[3,6,1,1,1,2,2,1,0],2,0].
[[2,7,2,1,2,2,2,2,1],18,3].
[[3,7,2,1,2,2,2,3,0],8,3].
[[1,7,2,0,0,0,1,2,1],4,3].
[[1,8,1,1,2,2,1,2,0],9,1].
[[2,7,1,0,0,0,1,2,2],7,2].
[[2,7,1,0,0,0,2,2,0],4,4].
[[3,3,1,0,0,0,2,2,0],1,2].
[[3,6,0,1,2,2,1,2,1],0,6].
[[3,5,0,0,0,0,1,1,1],27,2].
[[3,9,1,1,2,0,2,1,0],2,15].
[[2,5,0,1,2,0,1,1,0],0,1].
[[3,5,0,1,2,0,1,1,0],3,1].
[[2,9,1,1,1,2,2,3,1],2,4].
[[1,4,2,1,2,0,2,3,1],7,1].
[[3,9,2,1,2,2,2,3,1],0,7].
[[1,5,0,1,1,2,1,2,0],2,0].
[[1,5,0,0,0,0,2,1,0],2,0].
[[2,5,0,0,0,0,2,3,0],2,0].
[[3,5,0,1,2,0,2,3,0],2,0].
[[2,9,1,1,2,0,1,1,0],0,6].
[[3,9,1,1,2,0,1,1,0],1,23].
[[2,9,2,1,2,2,1,1,0],1,9].
[[2,7,2,1,2,0,1,2,2],10,2].
[[1,8,0,1,2,2,2,1,1],14,18].
[[2,6,1,1,2,0,2,3,2],3,0].
[[3,7,1,0,0,0,2,1,0],8,3].
[[2,9,1,0,0,0,2,1,1],1,4].
[[2,6,1,1,2,2,2,2,1],15,1].
[[3,8,0,0,0,0,2,2,1],5,13].
[[3,7,2,1,2,2,0,0,0],9,1].
[[1,6,1,0,0,0,2,3,0],2,0].
[[2,6,1,1,2,0,2,3,1],5,0].
[[3,2,1,1,2,0,2,3,1],1,0].
[[3,8,0,1,1,0,2,3,0],2,12].
[[1,6,1,1,2,2,2,2,1],4,0].
[[2,6,1,1,1,2,2,2,1],2,1].
[[3,9,2,1,1,2,2,1,0],0,1].
[[3,7,2,0,0,0,2,3,1],9,1].
[[1,7,1,1,2,2,2,2,1],4,1].
[[2,8,0,1,2,0,1,1,0],0,5].
[[3,8,0,1,1,0,1,1,0],0,2].
[[2,5,0,0,0,0,1,2,0],11,0].
[[2,9,2,1,1,0,2,1,1],0,2].
[[3,9,1,1,1,0,1,1,1],0,3].
[[3,8,1,1,1,0,1,1,0],1,3].
[[3,7,1,1,1,0,2,2,1],3,4].
[[3,7,0,1,2,2,0,0,0],1,22].
[[3,7,2,1,1,2,2,3,2],12,2].
[[3,5,0,0,0,0,1,2,0],14,0].
[[3,7,1,0,0,0,1,2,2],10,4].
[[1,8,1,0,0,0,1,2,0],5,6].
[[3,3,2,1,2,2,0,0,0],9,0].
[[3,9,2,1,1,0,2,2,0],0,2].
[[2,7,0,1,2,2,0,0,0],1,11].
[[1,9,2,1,2,0,2,2,1],3,20].
[[3,8,0,1,1,0,2,2,1],0,3].
[[2,7,2,1,2,0,0,0,0],13,2].
[[3,7,2,1,2,0,2,2,0],2,1].
[[2,7,1,1,1,2,2,3,0],7,0].
[[3,5,0,1,2,2,2,2,0],1,0].
[[3,7,0,1,2,2,2,3,0],1,17].
[[2,9,2,0,0,0,2,3,2],3,32].
[[3,3,1,1,2,2,1,2,2],4,0].
[[1,6,1,0,0,0,1,2,1],3,1].
[[2,6,1,1,2,2,1,2,1],6,0].
[[3,6,1,1,1,2,1,2,1],3,0].
[[3,9,2,1,1,2,2,1,1],0,1].
[[2,5,0,1,1,2,1,2,2],2,1].
[[2,7,1,1,2,0,0,0,0],7,9].
[[3,7,2,1,2,0,0,0,0],3,2].
[[3,9,2,1,2,2,1,2,2],0,7].
[[2,5,0,0,0,0,1,2,2],1,0].
[[3,5,0,0,0,0,1,2,2],4,0].
[[1,5,0,1,2,0,2,3,0],2,0].
[[2,5,0,1,2,2,2,3,0],4,0].
[[3,7,0,1,2,2,2,2,1],3,12].
[[2,5,0,1,1,2,2,3,0],1,1].
[[3,5,0,1,1,2,2,3,0],1,1].
[[3,6,0,0,0,0,0,0,0],0,4].
[[2,7,1,1,2,2,2,1,0],10,3].
[[3,7,1,1,2,2,2,1,0],18,6].
[[1,7,2,1,2,2,2,2,1],5,1].
[[1,9,2,1,2,2,1,1,1],18,26].
[[2,9,1,1,2,0,1,2,2],3,15].
[[3,6,0,1,1,2,2,2,0],0,5].
[[2,9,2,1,2,0,1,2,0],6,12].
[[2,7,0,0,0,0,1,2,2],1,1].
[[2,9,1,1,2,0,1,2,0],5,9].
[[3,9,0,1,2,0,1,1,0],0,1].
[[3,7,0,1,1,2,2,3,0],1,10].
[[3,9,2,1,1,2,1,2,0],2,9].
[[3,3,2,1,2,2,2,1,1],2,0].
[[3,3,1,0,0,0,2,1,1],4,0].
[[3,5,0,1,2,2,2,3,0],3,0].
[[3,7,2,0,0,0,2,3,0],3,1].
[[2,9,1,1,1,2,2,2,1],3,2].
[[3,7,2,1,1,2,2,1,1],8,1].
[[2,8,1,1,2,2,1,1,0],3,6].
[[3,7,2,1,2,2,1,1,0],1,4].
[[3,7,1,1,2,0,0,0,0],7,5].
[[3,8,0,1,2,0,1,1,1],1,11].
[[2,9,2,1,1,2,2,3,2],7,22].
[[2,7,2,1,1,0,2,3,2],4,0].
[[2,6,1,1,1,2,2,3,2],7,0].
[[3,3,1,1,1,2,2,3,2],7,1].
[[2,7,1,1,2,2,2,2,0],9,5].
[[3,3,1,1,2,2,2,3,1],8,2].
[[3,9,2,1,2,0,1,2,1],0,11].
[[3,3,1,1,2,2,2,3,2],14,1].
[[2,9,2,1,2,0,1,1,1],3,15].
[[1,8,1,1,2,2,1,1,0],2,1].
[[3,7,1,1,1,2,1,1,0],5,2].
[[2,3,1,1,2,2,2,3,2],4,0].
[[3,6,1,1,1,2,2,3,2],5,1].
[[1,6,1,1,2,2,2,3,2],4,0].
[[3,9,2,1,2,2,2,1,0],0,7].
[[2,9,1,1,2,2,0,0,0],1,5].
[[3,6,1,1,1,2,2,3,1],11,0].
[[1,7,2,1,2,2,1,2,2],3,1].
[[2,7,2,1,1,2,1,2,2],2,0].
[[2,6,1,1,2,0,2,2,1],8,1].
[[3,6,1,1,2,0,2,2,0],5,1].
[[2,9,2,1,2,0,2,3,1],3,22].
[[1,9,2,1,2,0,2,1,1],0,10].
[[2,9,1,1,1,0,2,2,0],1,3].
[[3,9,1,1,1,0,2,2,0],1,12].
[[2,3,2,1,2,2,0,0,0],11,0].
[[2,7,2,1,2,2,2,1,0],1,0].
[[3,3,2,1,2,2,2,1,0],1,0].
[[2,8,0,1,2,0,2,2,1],2,13].
[[3,9,1,1,2,0,1,1,1],2,8].
[[3,9,1,0,0,0,1,1,1],1,14].
[[3,6,1,1,2,2,2,3,0],17,0].
[[3,8,0,1,2,0,2,3,1],3,11].
[[3,9,2,1,1,2,1,1,1],0,17].
[[3,6,0,1,1,2,2,3,0],0,4].
[[3,9,1,1,1,2,2,2,1],0,5].
[[1,4,2,1,2,0,2,1,0],5,1].
[[3,6,1,1,1,2,1,2,0],2,0].
[[3,3,2,1,2,2,2,2,1],6,0].
[[3,9,1,1,1,2,2,3,1],0,4].
[[2,7,2,1,1,0,2,2,1],0,1].
[[2,9,2,1,1,0,2,3,0],1,4].
[[2,7,2,0,0,0,1,2,0],2,0].
[[3,7,2,0,0,0,1,2,0],2,0].
[[3,6,0,1,2,2,2,3,1],0,11].
[[1,5,0,1,1,2,1,1,1],6,0].
[[2,9,2,1,2,0,1,1,0],0,5].
[[1,3,2,0,0,0,2,3,2],5,0].
[[2,3,2,0,0,0,2,3,1],2,0].
[[3,3,2,1,2,0,2,3,1],6,0].
[[3,6,1,1,2,0,2,3,2],10,0].
[[2,6,1,1,2,2,2,1,1],8,1].
[[3,8,1,1,1,0,2,2,0],4,7].
[[3,6,1,1,2,0,1,1,1],6,1].
[[3,7,0,1,2,0,1,2,2],0,2].
[[3,9,2,1,2,0,1,2,0],1,4].
[[2,7,2,0,0,0,0,0,0],21,4].
[[3,7,2,0,0,0,2,2,0],5,0].
[[3,7,0,1,1,2,2,2,1],1,7].
[[3,5,0,1,1,2,2,1,0],6,0].
[[3,9,2,1,2,0,2,2,0],0,3].
[[3,8,0,0,0,0,1,1,1],2,10].
[[1,7,1,0,0,0,2,2,1],3,3].
[[3,7,2,1,2,0,2,1,1],8,1].
[[2,7,0,1,2,2,2,2,1],3,1].
[[3,3,1,1,2,0,2,3,1],5,3].
[[3,7,1,1,2,0,1,1,1],13,8].
[[3,9,0,1,2,0,1,2,0],0,1].
[[3,3,1,1,2,0,0,0,0],9,1].
[[1,5,0,1,2,2,2,3,0],1,0].
[[3,7,2,0,0,0,1,2,2],6,2].
[[1,8,1,1,1,2,1,1,0],1,0].
[[1,5,0,1,2,2,1,1,1],8,0].
[[2,6,1,1,2,0,0,0,0],5,1].
[[3,3,2,1,2,0,0,0,0],4,1].
[[1,8,0,0,0,0,1,2,1],2,1].
[[3,7,2,1,2,2,2,2,0],8,0].
[[1,9,2,1,1,2,1,1,1],8,4].
[[3,1,2,1,2,0,1,2,1],1,0].
[[2,7,2,1,2,2,1,1,0],1,0].
[[3,4,2,1,2,0,2,3,2],28,0].
[[3,6,0,1,2,2,2,2,0],0,7].
[[2,8,1,1,1,0,1,2,1],2,5].
[[1,4,2,1,2,0,2,1,1],6,2].
[[3,9,2,0,0,0,1,2,1],0,8].
[[2,5,0,1,1,2,1,1,0],4,3].
[[3,5,0,1,1,2,1,1,0],10,3].
[[2,3,2,1,2,2,1,2,2],2,0].
[[3,3,2,1,2,2,1,2,2],7,0].
[[1,4,2,1,2,0,1,2,2],7,0].
[[3,9,2,1,1,0,1,1,0],0,1].
[[1,8,0,0,0,0,1,1,1],2,1].
[[2,7,0,1,2,2,2,3,2],0,5].
[[3,3,1,1,1,2,1,2,1],2,0].
[[3,9,2,1,2,0,2,3,1],0,1].
[[1,8,0,1,1,2,1,1,1],1,1].
[[3,9,2,1,2,0,1,1,1],0,12].
[[2,8,1,1,1,0,1,1,1],0,4].
[[2,8,1,0,0,0,2,1,0],24,9].
[[3,7,2,0,0,0,2,1,0],3,0].
[[3,9,2,1,1,0,1,2,1],0,2].
[[2,7,2,1,1,2,2,3,2],3,3].
[[1,6,1,1,2,2,2,3,0],1,0].
[[2,6,1,1,2,2,2,3,0],4,0].
[[2,9,2,1,1,0,2,2,0],0,4].
[[2,6,1,0,0,0,2,2,0],3,0].
[[3,3,2,0,0,0,2,3,2],8,0].
[[3,7,0,1,2,2,1,2,0],1,5].
[[2,5,0,1,1,2,2,1,0],3,0].
[[2,7,2,1,2,0,2,1,0],2,0].
[[3,7,2,1,2,2,2,1,0],4,1].
[[2,6,1,1,1,2,0,0,0],4,0].
[[1,9,2,1,2,0,2,1,0],2,11].
[[2,8,0,1,2,0,2,1,0],0,4].
[[3,8,0,1,1,0,2,1,0],0,2].
[[1,6,1,0,0,0,2,1,1],6,0].
[[3,2,1,1,2,2,2,1,1],1,0].
[[2,8,1,1,1,0,0,0,0],0,4].
[[3,7,1,1,1,0,0,0,0],1,5].
[[3,6,0,1,2,2,0,0,0],0,6].
[[2,7,1,1,2,0,2,3,1],2,3].
[[3,7,1,1,1,0,2,3,0],2,4].
[[2,8,0,0,0,0,1,1,0],1,7].
[[3,7,1,1,2,0,1,1,0],2,1].
[[3,6,0,1,2,2,1,2,0],2,2].
[[3,6,1,1,2,2,1,1,0],2,1].
[[2,9,2,1,1,0,1,2,1],1,3].
[[3,7,1,1,2,0,2,1,0],8,3].
[[2,8,1,0,0,0,1,1,0],5,6].
[[3,7,2,1,2,0,1,1,0],2,0].
[[3,9,1,1,1,0,2,3,0],1,11].
[[3,9,1,1,1,0,1,2,2],0,8].
[[3,9,2,1,1,2,2,3,0],0,23].
[[3,7,2,1,1,2,1,2,0],3,0].
[[1,8,0,1,1,2,1,2,2],2,2].
[[3,6,0,1,1,2,1,2,0],1,2].
[[3,8,1,1,1,0,2,3,2],3,4].
[[3,5,0,1,1,2,2,2,0],2,0].
[[2,7,2,0,0,0,1,1,1],4,2].
[[3,5,0,1,1,0,1,2,1],1,2].
[[3,3,2,1,1,2,2,3,2],2,0].
[[2,8,1,1,1,0,2,2,1],1,2].
[[2,8,0,1,2,0,2,3,1],2,11].
[[1,7,2,0,0,0,2,1,0],1,0].
[[3,3,2,1,2,0,2,1,0],2,0].
[[1,8,0,1,1,2,2,1,1],1,3].
[[2,7,2,0,0,0,2,1,0],3,0].
[[3,7,2,0,0,0,2,3,2],12,0].
[[3,3,1,1,2,2,2,2,0],3,0].
[[2,9,1,1,2,2,2,2,1],1,14].
[[3,9,2,1,1,0,1,2,2],0,1].
[[2,7,1,1,2,0,1,1,1],2,1].
[[3,9,1,0,0,0,2,1,0],2,12].
[[2,9,2,1,1,0,2,3,1],0,3].
[[2,9,2,1,1,0,2,2,1],0,1].
[[3,9,1,1,1,0,2,2,1],0,1].
[[3,7,2,1,1,2,2,2,0],5,0].
[[2,9,2,0,0,0,1,1,0],1,6].
[[2,6,0,1,1,2,2,3,1],2,0].
[[2,7,1,0,0,0,1,1,1],8,1].
[[2,9,1,1,1,2,0,0,0],2,1].
[[1,8,1,1,2,0,1,1,1],2,5].
[[2,9,1,1,1,0,1,2,2],0,2].
[[3,7,0,1,1,2,2,1,0],1,7].
[[3,9,1,1,2,0,2,3,1],0,1].
[[3,6,1,1,2,2,0,0,0],7,1].
[[1,8,0,0,0,0,1,2,0],1,4].
[[1,7,2,1,2,0,1,1,1],1,0].
[[2,7,2,1,2,0,1,1,1],1,2].
[[1,7,1,0,0,0,2,2,0],2,1].
[[1,8,1,1,1,2,2,1,0],3,1].
[[1,8,0,0,0,0,1,1,0],0,2].
[[3,7,2,1,1,0,2,1,1],1,2].
[[3,9,1,1,2,0,2,1,1],0,2].
[[3,7,0,1,1,2,2,1,1],1,7].
[[2,9,1,1,1,0,2,3,0],1,3].
[[3,9,1,0,0,0,2,3,0],2,11].
[[3,3,1,1,1,2,2,3,1],2,1].
[[3,7,0,0,0,0,1,2,2],0,1].
[[2,9,1,0,0,0,2,2,1],1,4].
[[3,7,0,1,1,2,2,3,1],0,6].
[[2,3,1,0,0,0,2,3,2],4,0].
[[3,3,1,0,0,0,2,2,1],4,0].
[[3,6,0,1,2,2,1,1,1],1,1].
[[3,9,2,1,1,2,1,2,2],0,13].
[[3,3,1,1,2,0,2,1,1],3,0].
[[3,9,1,1,1,0,1,2,0],3,8].
[[2,6,1,0,0,0,1,2,2],3,0].
[[3,3,2,0,0,0,1,2,2],6,0].
[[3,6,1,1,2,2,1,2,0],5,0].
[[2,3,2,0,0,0,1,2,1],1,0].
[[3,3,2,0,0,0,1,1,1],2,0].
[[3,3,1,0,0,0,2,3,1],3,0].
[[2,9,1,1,2,0,1,1,1],1,3].
[[2,9,2,1,1,2,1,1,0],4,5].
[[2,8,0,1,2,0,2,1,1],1,9].
[[3,6,0,1,2,0,1,2,0],0,1].
[[3,6,0,1,1,2,1,2,1],1,4].
[[3,9,1,1,2,2,2,3,1],1,7].
[[1,8,1,1,1,2,1,1,1],2,0].
[[3,8,0,1,1,0,1,2,0],0,11].
[[3,6,1,1,2,0,2,1,1],5,1].
[[2,3,2,0,0,0,2,2,1],3,0].
[[1,8,1,1,2,0,1,2,1],3,2].
[[1,5,0,0,0,0,1,2,0],4,0].
[[3,7,2,1,2,0,2,3,0],6,1].
[[2,6,1,1,2,2,2,2,0],1,0].
[[2,5,0,1,2,2,1,1,0],2,1].
[[3,6,1,1,1,2,1,2,2],3,0].
[[2,3,2,1,2,2,2,3,2],4,0].
[[2,7,0,1,2,2,2,1,1],1,2].
[[2,3,1,1,2,2,2,3,1],2,0].
[[1,7,2,0,0,0,2,1,1],4,1].
[[2,7,2,1,2,0,2,1,1],4,0].
[[1,1,2,1,2,0,2,1,0],1,0].
[[2,1,2,1,2,0,2,2,0],1,0].
[[3,1,2,1,2,0,2,2,0],1,0].
[[2,7,2,1,2,2,1,2,2],8,2].
[[3,7,0,1,1,2,2,2,0],0,6].
[[3,7,2,1,1,2,2,3,1],5,2].
[[2,7,2,1,2,2,1,2,0],0,1].
[[3,9,0,0,0,0,1,2,0],0,1].
[[2,6,1,0,0,0,2,3,0],6,0].
[[2,7,1,1,2,0,2,2,0],3,1].
[[2,3,2,1,2,0,2,3,1],2,0].
[[3,6,1,0,0,0,1,2,1],6,0].
[[2,1,2,1,2,0,1,1,1],2,0].
[[3,1,2,1,2,0,1,1,1],4,0].
[[1,6,1,0,0,0,2,2,1],8,1].
[[2,6,1,0,0,0,1,1,1],3,1].
[[3,3,1,1,2,0,2,3,2],5,1].
[[3,3,2,1,2,0,1,2,2],1,0].
[[2,5,0,1,2,2,1,2,1],6,1].
[[3,6,1,1,1,2,0,0,0],2,0].
[[3,6,0,1,2,0,2,2,1],0,1].
[[3,3,2,1,2,0,2,3,2],7,0].
[[2,6,0,0,0,0,2,3,2],3,1].
[[3,8,0,0,0,0,2,3,2],0,9].
[[2,9,1,1,1,0,1,1,1],1,0].
[[2,6,0,1,2,2,2,1,1],0,3].
[[2,9,2,1,2,0,0,0,0],0,1].
[[3,9,1,1,2,0,0,0,0],0,1].
[[3,9,1,1,1,0,2,3,1],0,1].
[[1,5,0,1,2,0,2,1,0],1,0].
[[3,7,2,1,1,0,2,3,1],5,0].
[[1,6,1,1,2,2,2,1,1],1,0].
[[2,6,1,1,2,2,1,1,1],1,0].
[[3,7,0,1,1,2,1,1,1],0,3].
[[1,7,1,0,0,0,2,3,0],4,3].
[[2,3,1,0,0,0,2,3,0],1,0].
[[3,6,1,1,1,2,1,1,0],0,1].
[[3,7,0,1,2,0,0,0,0],1,2].
[[2,6,1,0,0,0,2,1,0],5,0].
[[3,3,1,1,2,0,2,1,0],2,0].
[[2,7,0,0,0,0,2,1,1],0,1].
[[3,7,0,0,0,0,2,1,1],0,1].
[[3,3,2,1,1,2,2,3,1],3,0].
[[3,6,0,0,0,0,2,3,2],0,5].
[[3,9,1,1,1,0,1,1,0],0,4].
[[3,9,2,1,1,0,1,1,1],0,7].
[[3,9,1,1,1,2,0,0,0],0,1].
[[2,7,2,1,2,2,2,3,0],4,3].
[[2,3,1,1,2,2,2,2,1],4,0].
[[3,3,1,1,1,2,2,2,1],3,1].
[[3,9,0,1,2,2,1,1,0],0,3].
[[1,6,1,1,2,2,2,3,1],4,0].
[[2,7,2,1,2,0,2,3,1],6,0].
[[3,5,0,1,1,0,2,3,0],2,1].
[[3,7,0,1,2,2,1,1,1],0,4].
[[1,8,0,1,1,2,1,1,0],1,0].
[[2,8,1,1,1,0,2,1,1],2,0].
[[3,1,2,1,2,0,1,2,0],1,0].
[[3,7,2,1,1,2,1,2,2],6,0].
[[2,6,0,0,0,0,2,3,0],1,1].
[[3,3,1,0,0,0,2,3,0],2,0].
[[2,7,2,0,0,0,2,1,1],7,3].
[[3,7,2,0,0,0,2,1,1],0,1].
[[3,9,2,1,2,2,1,1,0],0,2].
[[3,6,1,1,1,2,2,1,1],4,0].
[[3,9,1,1,2,2,2,2,1],0,4].
[[1,8,1,0,0,0,1,1,0],0,1].
[[3,7,2,1,1,0,2,3,0],2,0].
[[3,6,0,1,1,2,2,3,2],0,7].
[[3,6,1,1,2,0,2,1,0],4,0].
[[2,7,1,1,2,0,1,2,2],2,1].
[[2,6,0,1,1,2,2,1,0],0,1].
[[3,3,2,1,2,2,1,2,1],2,0].
[[1,7,1,1,2,2,2,3,0],3,0].
[[3,8,0,1,2,0,2,1,1],1,7].
[[3,6,0,1,2,2,2,1,1],0,3].
[[3,9,2,1,2,2,0,0,0],0,1].
[[2,7,1,1,2,0,1,2,1],1,1].
[[2,6,1,1,1,2,2,3,0],2,0].
[[3,3,2,1,1,2,2,3,0],1,0].
[[2,9,2,1,1,0,2,1,0],0,1].
[[3,9,2,1,1,0,1,2,0],0,2].
[[2,6,0,1,2,2,2,2,1],1,1].
[[2,9,1,1,2,2,2,1,1],0,4].
[[2,8,1,1,1,0,2,2,0],2,1].
[[1,7,2,0,0,0,1,2,2],7,1].
[[1,7,1,1,2,2,2,1,1],0,2].
[[3,6,1,1,2,0,2,3,0],2,1].
[[3,3,2,1,2,0,2,2,1],3,0].
[[2,7,2,1,2,0,2,3,0],3,0].
[[3,6,1,1,1,0,2,2,1],1,0].
[[3,7,2,1,1,0,0,0,0],1,0].
[[3,8,1,1,1,2,0,0,0],0,2].
[[1,7,2,1,2,0,2,2,1],1,1].
[[2,3,2,1,2,0,2,2,1],1,0].
[[3,3,2,1,1,0,2,2,1],1,0].
[[3,7,0,1,2,0,1,1,0],0,1].
[[2,7,1,1,2,2,1,2,0],1,1].
[[3,7,2,1,2,0,2,2,1],7,2].
[[2,6,1,1,2,0,2,1,0],2,0].
[[3,6,1,1,2,0,1,2,0],1,0].
[[3,7,0,1,2,2,1,2,2],2,6].
[[3,7,2,1,1,2,2,1,0],1,1].
[[3,8,0,1,1,0,1,2,2],0,4].
[[3,6,0,1,2,2,2,3,2],1,5].
[[3,7,0,1,2,2,1,1,0],0,1].
[[1,5,0,1,2,2,1,2,0],1,1].
[[3,9,2,0,0,0,1,2,2],0,1].
[[2,6,1,1,2,2,1,2,2],3,1].
[[3,3,2,1,2,2,1,1,1],1,0].
[[3,7,2,0,0,0,0,0,0],4,0].
[[3,6,1,1,1,0,1,1,1],0,1].
[[3,3,2,1,1,2,2,2,0],1,0].
[[3,6,1,0,0,0,0,0,0],1,1].
[[3,6,0,1,2,0,2,1,1],0,1].
[[3,5,0,1,1,0,1,2,2],1,0].
[[2,5,0,1,2,0,2,3,0],1,0].
[[3,8,1,1,1,0,2,1,0],0,2].
[[2,7,0,1,2,2,1,2,2],0,2].
[[2,7,2,1,1,2,2,3,0],1,0].
[[3,3,2,0,0,0,1,2,1],2,0].
[[3,6,0,1,2,0,2,3,0],0,1].
[[2,9,1,1,2,0,2,2,1],1,1].
[[3,5,0,0,0,0,1,2,1],4,0].
[[1,7,2,1,2,2,1,2,1],2,0].
[[2,9,1,1,1,0,1,2,1],0,1].
[[1,7,2,1,2,0,1,2,2],1,1].
[[1,7,1,1,2,2,1,2,1],2,1].
[[3,9,2,1,2,2,2,2,1],0,1].
[[3,6,0,1,2,2,1,1,0],0,1].
[[1,4,2,1,2,0,1,2,0],2,0].
[[2,7,2,0,0,0,2,2,0],2,0].
[[3,9,2,1,1,0,2,1,0],0,2].
[[2,8,1,1,1,0,2,1,0],1,0].
[[1,4,2,1,2,0,2,2,1],6,0].
[[3,7,1,1,1,0,2,2,0],1,0].
[[1,7,1,1,2,2,2,2,0],0,1].
[[1,5,0,1,1,2,2,1,0],3,0].
[[3,9,2,1,2,0,1,2,2],0,1].
[[3,3,1,1,2,2,2,1,0],1,0].
[[2,6,0,1,2,2,2,3,1],0,1].
[[1,3,2,0,0,0,2,2,1],1,0].
[[2,3,2,1,2,2,1,1,1],1,0].
[[3,3,2,1,1,2,1,1,1],1,0].
[[1,8,1,1,2,0,2,1,0],2,2].
[[1,4,2,1,2,0,2,2,0],9,2].
[[1,7,1,0,0,0,2,3,1],1,1].
[[2,7,1,1,2,0,2,2,1],3,2].
[[3,6,0,0,0,0,1,2,2],0,1].
[[3,6,1,1,2,2,2,1,0],5,0].
[[3,7,0,1,1,2,1,2,0],0,4].
[[2,3,1,0,0,0,2,1,1],1,0].
[[2,7,2,1,1,2,2,3,1],5,0].
[[3,7,1,0,0,0,1,1,0],1,0].
[[3,3,2,0,0,0,0,0,0],3,0].
[[3,7,0,0,0,0,2,3,2],1,1].
[[3,3,2,1,1,0,2,3,2],1,0].
[[2,9,2,1,1,0,1,2,2],0,2].
[[1,7,2,1,2,2,2,2,0],1,0].
[[2,7,2,1,1,2,2,2,0],1,0].
[[1,2,1,0,0,0,0,0,0],1,0].
[[2,2,1,0,0,0,2,2,0],1,0].
[[3,2,1,0,0,0,2,3,0],1,0].
[[3,6,1,0,0,0,2,3,2],3,0].
[[3,9,1,1,2,2,0,0,0],0,1].
[[3,7,2,1,1,0,1,1,1],2,0].
[[2,6,1,1,1,2,2,2,0],1,0].
[[2,5,0,1,2,2,1,2,2],2,0].
[[2,3,2,0,0,0,2,1,1],1,0].
[[3,3,2,0,0,0,2,3,0],1,0].
[[3,7,0,0,0,0,1,1,1],0,1].
[[3,7,0,1,2,0,2,3,1],0,3].
[[3,6,0,1,1,2,2,3,1],0,1].
[[1,8,0,1,2,2,1,2,1],1,1].
[[3,5,0,1,2,0,2,1,0],1,0].
[[2,7,2,1,1,0,1,2,2],0,1].
[[3,7,0,1,2,0,1,2,0],0,2].
[[3,9,2,1,2,2,2,3,2],0,3].
[[2,6,0,1,2,2,2,3,0],2,6].
[[3,7,2,1,1,2,1,1,0],1,0].
[[2,6,1,1,2,2,2,1,0],2,0].
[[3,3,0,1,2,2,2,3,2],0,1].
[[2,6,1,1,1,2,2,1,1],2,0].
[[3,3,1,0,0,0,1,2,2],1,0].
[[1,7,2,0,0,0,1,1,1],2,1].
[[3,9,1,0,0,0,2,1,1],1,0].
[[3,8,1,0,0,0,0,0,0],0,1].
[[2,7,0,0,0,0,2,3,1],0,1].
[[3,6,1,1,2,0,0,0,0],3,0].
[[2,3,2,1,2,0,0,0,0],2,0].
[[2,7,2,1,2,2,2,2,0],2,0].
[[2,6,1,1,2,0,1,1,1],0,1].
[[1,6,0,0,0,0,2,3,1],0,1].
[[2,6,0,0,0,0,2,3,1],0,1].
[[3,7,0,1,2,0,2,1,1],0,1].
[[3,3,2,1,1,2,0,0,0],2,0].
[[3,7,0,1,2,0,2,2,0],0,3].
[[3,7,2,1,2,0,1,2,0],1,1].
[[3,7,0,0,0,0,1,2,0],0,1].
[[1,8,0,1,1,2,1,2,1],1,0].
[[2,8,1,1,1,0,2,3,2],2,0].
[[3,7,0,1,2,0,2,2,1],0,1].
[[3,3,1,1,1,2,2,3,0],1,0].
[[2,6,1,1,1,2,2,3,1],1,0].
[[1,1,2,1,2,0,1,1,1],1,0].
[[3,6,0,1,1,2,2,1,1],0,1].
[[3,6,1,0,0,0,2,1,1],3,0].
[[3,7,0,0,0,0,2,1,0],0,4].
[[3,7,1,1,1,0,2,3,1],1,1].
[[2,7,0,0,0,0,2,3,0],0,2].
[[2,7,1,1,2,2,1,1,0],1,0].
[[3,6,1,1,1,2,2,3,0],4,0].
[[3,3,1,1,2,0,2,2,1],1,0].
[[1,6,1,0,0,0,2,1,0],1,0].
[[3,6,1,1,2,0,1,1,0],1,0].
[[3,9,2,1,1,2,2,3,2],0,1].
[[2,3,2,1,2,0,2,3,2],3,0].
[[3,2,1,1,2,2,2,3,2],1,0].
[[3,9,2,1,2,2,2,1,1],0,1].
[[2,7,2,1,1,2,2,2,1],1,0].
[[3,9,1,1,2,0,2,2,1],0,3].
[[3,3,1,1,2,2,1,1,1],2,0].
[[3,6,1,1,1,0,2,3,2],1,0].
[[2,6,1,0,0,0,1,2,0],0,1].
[[3,9,1,0,0,0,2,3,1],0,1].
[[3,9,0,1,2,2,1,2,0],0,3].
[[3,7,2,1,1,0,2,3,2],3,2].
[[2,9,1,1,1,0,1,2,0],0,2].
[[2,3,1,0,0,0,2,2,1],2,0].
[[2,9,2,1,1,0,1,2,0],0,1].
[[1,7,2,1,2,0,2,3,1],1,0].
[[3,6,0,1,1,2,1,2,2],1,0].
[[3,9,2,0,0,0,2,3,1],0,1].
[[2,9,1,1,2,0,0,0,0],0,1].
[[3,9,1,1,2,2,2,1,1],1,0].
[[3,6,1,0,0,0,2,1,0],2,0].
[[2,6,0,0,0,0,2,1,1],0,1].
[[3,6,0,0,0,0,1,2,1],0,1].
[[2,7,0,1,2,2,2,3,0],0,1].
[[1,6,0,1,2,2,2,3,2],1,0].
[[1,7,2,1,2,0,1,2,1],0,1].
[[2,7,2,1,1,0,1,2,1],0,1].
[[3,4,0,1,2,0,1,2,1],0,1].
[[3,4,0,1,2,0,1,2,0],0,1].
[[3,3,2,0,0,0,2,1,1],1,0].
[[3,9,1,1,1,2,2,1,1],0,1].
[[2,6,0,1,1,2,2,2,0],0,1].
[[1,4,2,1,2,0,1,1,0],1,0].
[[1,7,1,0,0,0,1,2,1],0,1].
[[2,7,1,0,0,0,1,1,0],0,1].
[[2,6,1,1,2,2,1,2,0],1,0].
[[2,1,2,1,2,0,2,3,0],1,0].
[[3,1,2,1,2,0,2,3,0],1,0].
[[2,5,0,1,1,0,1,1,0],1,0].
[[2,7,0,1,2,2,2,1,0],0,1].
[[3,7,2,0,0,0,1,1,0],1,0].
[[2,7,1,1,1,2,1,2,0],1,0].
[[2,2,1,1,2,2,0,0,0],1,0].
[[3,2,1,1,2,2,2,3,0],1,0].
[[3,3,0,0,0,0,0,0,0],0,1].
[[3,2,1,0,0,0,2,1,0],1,0].
[[3,3,2,1,1,0,2,2,0],1,0].
[[2,7,0,1,1,2,2,1,0],0,1].
[[3,7,0,0,0,0,2,2,0],0,1].
[[2,7,1,1,1,2,1,2,2],1,0].
[[2,3,1,0,0,0,2,3,1],1,0].
[[2,5,0,1,1,2,2,2,0],1,0].
[[2,7,1,0,0,0,1,2,0],0,1].
[[3,6,0,0,0,0,2,3,0],0,1].
[[3,9,2,0,0,0,1,1,0],0,1].
