total_WL(6223,5638).
[[1,8,1,0,0,0,0,0,0],385,192].
[[2,8,1,1,2,0,2,2,1],65,41].
[[3,8,1,1,2,2,1,2,1],205,128].
[[1,7,2,0,0,0,0,0,0],87,13].
[[2,3,2,0,0,0,0,0,0],18,1].
[[3,3,2,1,2,0,2,3,1],6,0].
[[1,9,2,1,2,2,2,3,1],167,270].
[[2,8,0,1,2,2,2,3,1],62,123].
[[3,8,0,1,1,2,1,1,1],15,37].
[[1,8,0,1,2,2,2,1,1],27,22].
[[2,8,0,1,2,2,2,1,1],58,71].
[[3,7,1,1,2,2,2,1,1],75,40].
[[2,8,1,1,2,0,0,0,0],10,9].
[[3,8,1,1,1,0,2,1,1],4,13].
[[1,7,2,0,0,0,1,2,1],4,2].
[[2,7,2,0,0,0,1,2,1],18,3].
[[3,7,2,1,2,0,1,2,1],30,5].
[[1,4,2,1,2,0,2,2,1],14,0].
[[2,4,2,1,2,0,1,1,1],33,1].
[[3,4,2,1,2,0,1,1,1],111,1].
[[1,8,1,0,0,0,2,3,1],230,88].
[[2,8,1,1,2,0,2,3,1],67,33].
[[3,6,1,1,2,0,2,3,1],10,0].
[[1,9,2,1,2,2,2,1,1],129,141].
[[2,9,2,1,1,2,1,2,1],45,38].
[[3,9,1,1,1,2,1,2,1],32,108].
[[1,8,0,0,0,0,2,3,1],28,31].
[[2,8,0,0,0,0,2,3,1],31,68].
[[3,8,0,1,2,0,2,3,1],5,34].
[[1,9,2,0,0,0,2,3,0],165,186].
[[2,9,1,0,0,0,2,3,0],13,32].
[[3,8,1,1,2,0,1,2,1],91,46].
[[1,8,1,1,2,2,0,0,0],281,125].
[[2,8,1,1,2,2,2,2,1],213,94].
[[3,7,2,1,2,2,2,2,1],43,2].
[[2,9,2,1,1,2,1,1,1],20,19].
[[3,9,2,1,1,2,1,1,1],6,18].
[[2,9,2,1,2,2,2,3,0],49,137].
[[3,9,2,1,2,2,2,3,0],2,25].
[[1,9,2,1,2,2,2,3,0],168,259].
[[2,9,1,1,2,2,2,3,0],30,77].
[[3,9,1,1,2,2,2,2,0],3,55].
[[1,9,2,0,0,0,2,3,1],152,276].
[[2,9,2,0,0,0,2,3,1],29,75].
[[1,9,2,1,2,0,1,1,1],1,7].
[[2,9,2,1,2,0,1,1,1],2,14].
[[3,9,1,1,1,0,1,2,1],3,23].
[[2,6,1,0,0,0,0,0,0],46,2].
[[3,2,1,0,0,0,0,0,0],2,0].
[[1,9,2,0,0,0,1,1,1],21,33].
[[2,5,0,0,0,0,1,1,1],12,0].
[[3,5,0,0,0,0,1,1,1],11,0].
[[2,9,2,1,2,2,1,2,1],50,114].
[[3,9,2,1,2,2,1,2,1],12,32].
[[1,8,1,1,2,0,2,2,1],15,12].
[[2,8,1,1,1,0,2,2,1],2,7].
[[3,7,1,1,1,0,2,2,1],3,8].
[[1,9,2,1,2,2,2,2,1],174,257].
[[2,9,1,1,2,2,2,2,0],19,49].
[[3,9,1,1,2,2,1,2,1],54,196].
[[1,8,1,1,2,2,2,2,0],21,13].
[[2,8,1,1,2,2,1,2,0],26,10].
[[3,8,1,1,2,2,1,2,0],63,27].
[[1,8,1,1,2,2,2,3,1],175,73].
[[2,8,1,1,2,2,2,3,1],219,99].
[[3,8,1,1,2,2,2,3,1],121,69].
[[1,8,1,0,0,0,2,3,0],54,26].
[[2,7,2,1,2,0,1,2,1],4,1].
[[3,8,0,1,2,2,2,3,0],59,132].
[[3,8,0,0,0,0,2,3,1],11,25].
[[1,9,2,1,2,2,1,1,1],32,37].
[[1,9,2,0,0,0,2,2,0],90,142].
[[2,9,2,1,2,0,2,2,0],7,22].
[[3,9,1,1,2,0,2,2,0],1,23].
[[1,8,0,1,2,2,0,0,0],154,226].
[[2,8,0,1,2,2,0,0,0],22,128].
[[3,7,1,1,2,2,0,0,0],28,11].
[[1,9,2,1,2,0,2,3,1],18,46].
[[2,9,2,1,2,0,2,3,1],9,31].
[[3,9,2,1,2,2,1,1,1],4,22].
[[2,8,1,1,2,2,0,0,0],36,33].
[[3,8,1,1,2,2,2,2,1],93,51].
[[1,9,2,0,0,0,0,0,0],68,265].
[[2,8,1,0,0,0,2,3,1],160,83].
[[3,8,1,0,0,0,2,3,1],35,25].
[[2,8,1,1,2,0,2,1,1],36,20].
[[3,7,2,1,2,0,2,1,1],12,5].
[[3,8,0,1,2,2,2,1,1],35,71].
[[1,8,0,0,0,0,0,0,0],124,184].
[[3,7,1,0,0,0,2,3,1],41,15].
[[1,9,2,0,0,0,2,1,0],54,50].
[[2,8,0,1,2,2,2,1,0],20,26].
[[1,8,0,1,2,2,2,2,0],24,19].
[[2,8,0,1,2,2,2,2,0],47,65].
[[3,7,1,1,2,2,1,1,1],30,27].
[[1,9,2,0,0,0,2,2,1],128,248].
[[2,9,2,1,2,2,2,2,1],31,102].
[[3,9,1,1,2,2,1,1,1],14,53].
[[3,9,1,1,2,2,1,2,0],46,116].
[[1,8,1,0,0,0,2,1,1],140,50].
[[2,8,1,0,0,0,2,1,1],78,55].
[[3,7,1,0,0,0,2,1,1],19,12].
[[1,9,2,0,0,0,1,2,1],67,78].
[[2,9,1,1,2,2,1,2,1],32,79].
[[1,9,2,1,1,2,0,0,0],60,54].
[[2,8,0,1,1,2,0,0,0],19,48].
[[3,7,1,1,1,2,2,2,1],60,23].
[[2,9,1,1,2,2,1,2,0],38,70].
[[2,7,1,0,0,0,0,0,0],63,18].
[[1,8,0,1,2,2,2,3,1],39,56].
[[2,8,0,1,1,2,2,3,1],43,56].
[[3,8,0,1,1,2,2,3,0],29,98].
[[2,8,1,0,0,0,2,2,1],123,53].
[[3,7,2,1,2,0,2,2,1],22,2].
[[1,9,2,1,2,2,1,1,0],20,25].
[[2,9,1,1,2,2,1,1,0],7,29].
[[1,8,0,1,2,2,2,1,0],13,11].
[[3,8,0,1,2,2,1,1,0],20,27].
[[2,9,2,1,2,2,2,3,1],31,123].
[[3,9,2,1,1,2,1,2,1],4,24].
[[2,9,1,1,2,2,2,2,1],16,44].
[[3,8,0,1,2,2,2,2,1],28,91].
[[1,9,2,0,0,0,2,1,1],77,178].
[[3,8,0,1,1,2,2,2,1],20,62].
[[1,9,2,1,1,2,2,3,0],75,57].
[[2,4,2,1,2,0,2,3,0],41,2].
[[3,4,2,1,2,0,2,2,0],47,0].
[[3,8,1,1,1,2,2,3,1],68,36].
[[2,7,1,1,2,2,2,3,1],65,18].
[[3,7,1,1,1,2,2,3,1],77,31].
[[3,8,1,1,1,0,1,2,1],21,27].
[[3,7,1,1,2,2,2,3,1],127,52].
[[1,8,1,1,2,2,2,1,1],106,38].
[[2,8,1,1,2,2,1,1,1],64,39].
[[3,8,1,1,2,2,1,1,1],86,72].
[[2,4,2,1,2,0,2,2,1],42,2].
[[3,4,2,1,2,0,2,2,1],73,7].
[[1,8,1,0,0,0,1,1,1],18,16].
[[2,8,1,0,0,0,1,2,1],115,42].
[[3,8,1,0,0,0,1,2,1],63,46].
[[1,8,1,1,2,2,2,1,0],7,3].
[[2,7,2,1,2,2,1,1,1],8,3].
[[3,7,2,1,2,2,1,2,0],2,1].
[[3,6,0,1,1,2,2,3,1],5,7].
[[2,8,1,1,2,0,1,2,1],28,19].
[[1,8,1,0,0,0,1,2,1],50,19].
[[3,7,1,0,0,0,1,2,1],17,10].
[[2,8,1,1,2,2,1,2,1],119,72].
[[2,8,1,1,2,2,2,3,0],51,37].
[[3,8,1,1,2,2,2,3,0],15,36].
[[2,9,1,1,2,0,0,0,0],0,3].
[[3,8,0,1,2,0,0,0,0],0,7].
[[2,8,1,1,2,0,2,3,0],13,9].
[[3,8,1,1,2,0,1,2,0],28,9].
[[1,9,2,1,2,2,2,2,0],118,155].
[[2,8,1,1,2,0,1,1,1],7,12].
[[3,8,1,1,2,0,1,1,1],33,21].
[[2,9,2,0,0,0,1,2,1],27,62].
[[2,7,1,0,0,0,2,3,1],32,13].
[[3,3,1,1,2,2,2,3,1],18,6].
[[2,9,2,1,2,2,2,2,0],30,75].
[[2,8,1,0,0,0,2,2,0],30,15].
[[3,8,1,1,2,0,1,1,0],6,8].
[[2,9,1,1,2,2,2,1,1],12,31].
[[3,9,1,1,1,2,1,1,1],16,59].
[[3,7,1,1,2,0,2,2,1],32,17].
[[1,9,2,1,2,2,1,2,1],92,91].
[[3,8,0,1,2,2,1,2,1],49,120].
[[1,8,1,1,2,0,2,3,1],21,13].
[[2,9,2,1,2,2,1,1,0],8,16].
[[3,8,1,1,2,2,1,1,0],17,15].
[[2,9,2,1,2,0,2,1,0],5,5].
[[3,9,1,1,2,0,2,3,0],2,22].
[[1,9,2,1,2,2,1,2,0],56,56].
[[3,9,1,1,1,0,1,2,0],1,16].
[[2,8,1,1,1,0,1,2,1],2,5].
[[3,7,1,1,1,0,1,2,1],0,5].
[[2,9,1,0,0,0,2,1,1],8,27].
[[3,9,1,0,0,0,1,2,1],9,43].
[[2,9,2,1,2,0,1,2,0],7,15].
[[2,9,1,1,1,2,1,2,1],36,27].
[[3,8,1,1,1,2,1,2,1],130,54].
[[1,7,1,1,2,2,0,0,0],71,28].
[[2,7,1,1,1,2,2,3,1],19,3].
[[3,7,0,1,1,2,2,3,1],6,12].
[[1,6,1,0,0,0,0,0,0],77,4].
[[2,6,1,1,2,0,0,0,0],17,1].
[[3,6,1,1,2,0,2,2,1],16,2].
[[3,8,1,1,2,0,2,3,1],38,36].
[[2,8,0,0,0,0,2,1,1],24,37].
[[3,8,0,1,2,0,2,1,1],7,21].
[[2,7,2,0,0,0,0,0,0],41,3].
[[3,7,2,1,2,2,2,3,1],65,4].
[[3,8,0,1,2,2,2,3,1],38,98].
[[2,9,1,1,1,2,1,2,0],24,20].
[[3,8,0,1,1,2,1,2,0],35,51].
[[2,9,1,1,2,0,1,2,1],8,24].
[[2,8,0,1,2,0,2,3,1],9,13].
[[3,8,0,1,2,0,2,2,1],7,22].
[[1,9,2,1,1,2,2,2,0],49,38].
[[2,9,2,1,1,2,2,3,0],39,52].
[[3,4,2,1,2,0,1,2,0],95,1].
[[2,7,1,1,2,2,0,0,0],100,45].
[[3,3,1,1,2,2,0,0,0],26,2].
[[1,8,0,1,1,2,1,1,0],1,0].
[[2,8,0,1,1,2,1,1,0],6,1].
[[3,4,2,1,2,0,1,1,0],37,0].
[[2,8,1,1,2,2,2,1,1],151,66].
[[1,9,2,1,1,2,2,3,1],90,76].
[[2,8,1,1,1,2,2,3,1],97,30].
[[3,4,2,1,2,0,2,3,1],92,4].
[[1,8,1,1,1,2,0,0,0],51,15].
[[2,8,1,1,1,2,2,2,1],72,22].
[[3,7,2,1,1,2,2,2,1],17,2].
[[1,8,0,0,0,0,2,3,0],27,22].
[[2,8,0,1,2,2,2,3,0],83,101].
[[3,7,0,1,1,2,2,3,0],5,13].
[[3,9,1,1,1,2,2,3,0],10,50].
[[2,7,1,1,2,0,0,0,0],14,8].
[[1,8,1,1,2,0,0,0,0],39,29].
[[3,3,1,1,2,0,0,0,0],5,1].
[[3,7,0,0,0,0,2,3,1],1,5].
[[3,8,1,1,1,0,2,3,1],6,13].
[[1,8,1,1,2,2,2,2,1],156,63].
[[3,8,1,1,1,2,2,3,0],13,17].
[[2,4,2,1,2,0,2,2,0],29,0].
[[3,8,1,1,1,2,1,1,1],51,37].
[[3,6,1,1,2,2,2,3,1],41,1].
[[1,8,0,1,1,2,2,3,0],17,6].
[[2,8,0,1,1,2,2,3,0],47,52].
[[2,9,1,0,0,0,1,2,1],12,34].
[[3,9,2,0,0,0,1,2,1],1,12].
[[1,4,2,1,2,0,2,1,0],7,0].
[[2,4,2,1,2,0,1,2,1],43,2].
[[2,9,2,0,0,0,2,1,0],8,17].
[[3,9,1,1,2,0,1,1,0],0,16].
[[2,8,1,1,1,2,1,1,1],22,10].
[[3,7,1,1,1,2,1,1,1],14,10].
[[1,8,1,0,0,0,2,2,1],188,83].
[[2,9,2,0,0,0,2,3,0],28,62].
[[3,8,0,1,2,0,2,3,0],14,33].
[[2,9,1,1,2,0,1,2,0],6,12].
[[3,8,1,1,1,0,1,2,0],6,6].
[[1,9,2,1,1,2,2,1,1],59,35].
[[2,4,2,1,2,0,2,1,1],36,1].
[[3,4,2,1,2,0,2,1,1],58,2].
[[2,9,1,0,0,0,1,1,0],9,22].
[[3,9,1,1,2,2,1,1,0],10,34].
[[2,8,0,1,1,2,1,2,0],11,9].
[[3,5,0,1,1,2,1,2,0],28,1].
[[2,8,0,1,2,0,0,0,0],4,17].
[[3,7,0,1,2,0,0,0,0],2,4].
[[1,7,1,0,0,0,0,0,0],61,25].
[[2,8,0,0,0,0,2,1,0],6,9].
[[3,7,1,1,2,0,2,1,0],3,0].
[[1,9,2,1,2,0,2,3,0],18,32].
[[1,8,1,1,1,2,1,2,1],6,1].
[[3,4,2,1,2,0,1,2,1],155,2].
[[2,8,0,1,2,2,1,2,0],30,24].
[[3,8,0,1,2,2,1,2,0],65,67].
[[2,9,2,1,2,2,2,1,0],15,31].
[[3,9,1,1,2,2,2,1,0],1,11].
[[3,8,0,1,2,2,2,1,0],13,27].
[[1,9,2,1,2,2,0,0,0],88,255].
[[2,9,1,1,2,2,0,0,0],0,13].
[[3,8,0,1,2,2,0,0,0],0,34].
[[3,5,0,1,2,2,1,1,0],22,5].
[[2,7,1,1,2,0,2,3,0],3,1].
[[3,7,1,1,2,0,2,3,0],6,2].
[[1,9,2,1,1,2,2,2,1],73,59].
[[1,8,0,1,1,2,0,0,0],69,50].
[[2,8,0,1,1,2,2,1,0],12,5].
[[3,6,0,1,1,2,2,1,0],1,1].
[[1,7,2,1,2,0,2,2,1],3,0].
[[2,7,2,1,1,0,2,2,1],2,0].
[[3,7,2,1,1,0,2,2,1],7,3].
[[2,6,1,0,0,0,2,3,1],16,0].
[[3,6,1,1,2,0,1,2,1],10,0].
[[3,9,2,1,2,0,1,2,0],1,7].
[[3,7,1,1,1,2,2,1,1],26,11].
[[1,8,0,1,2,2,2,3,0],56,32].
[[1,8,1,1,2,2,2,3,0],40,17].
[[3,8,1,1,1,2,2,2,1],50,29].
[[2,7,2,1,2,0,0,0,0],6,5].
[[1,8,0,1,2,2,1,1,0],2,2].
[[2,6,0,1,2,2,1,1,0],1,0].
[[3,6,0,1,1,2,1,1,0],1,0].
[[1,8,0,1,2,2,2,2,1],34,41].
[[2,7,1,1,2,2,2,2,1],53,22].
[[3,3,1,1,2,2,2,2,1],12,1].
[[2,9,2,1,1,2,2,3,1],30,57].
[[3,8,0,1,1,2,2,3,1],27,87].
[[2,8,1,1,2,2,2,1,0],14,6].
[[2,8,1,1,1,2,0,0,0],15,8].
[[2,6,1,0,0,0,2,1,1],9,2].
[[3,6,1,1,2,0,2,1,1],8,1].
[[2,8,0,0,0,0,2,2,1],17,63].
[[3,8,0,0,0,0,2,1,1],7,19].
[[3,8,0,1,1,2,1,2,1],38,83].
[[3,6,1,1,2,2,2,3,0],8,0].
[[2,8,1,1,2,2,2,2,0],40,24].
[[3,8,1,1,2,0,2,2,1],37,17].
[[2,9,2,1,1,2,0,0,0],7,13].
[[3,9,2,1,1,2,2,2,0],0,8].
[[1,8,1,1,1,2,2,2,1],25,7].
[[2,7,1,1,1,2,2,2,1],12,7].
[[3,6,0,1,2,2,1,2,0],5,3].
[[2,9,1,1,1,2,2,2,1],14,21].
[[3,9,1,1,1,2,2,2,1],3,20].
[[3,7,1,1,2,2,2,2,1],121,38].
[[1,3,2,0,0,0,0,0,0],11,0].
[[2,3,2,1,2,2,0,0,0],4,0].
[[3,3,2,1,2,2,0,0,0],7,0].
[[2,8,0,0,0,0,2,2,0],25,31].
[[3,8,0,0,0,0,1,2,0],16,17].
[[2,9,1,1,1,2,2,3,0],20,29].
[[3,8,0,1,1,2,0,0,0],0,17].
[[1,9,2,1,1,2,2,1,0],15,9].
[[2,9,2,1,1,2,2,1,0],10,15].
[[3,9,1,1,1,2,2,1,0],1,10].
[[2,9,2,1,2,0,1,2,1],12,29].
[[3,9,1,1,2,0,1,2,1],14,65].
[[2,8,0,0,0,0,0,0,0],13,54].
[[3,7,0,1,2,2,0,0,0],4,9].
[[1,7,2,0,0,0,2,3,1],20,0].
[[3,7,2,1,2,2,1,2,1],38,9].
[[1,7,1,1,2,2,2,3,1],10,0].
[[2,7,1,1,1,2,1,2,1],4,0].
[[3,3,1,1,1,2,1,2,1],4,0].
[[2,9,1,1,1,2,2,1,1],15,16].
[[3,8,1,1,1,2,2,1,1],35,19].
[[2,9,1,1,1,2,1,1,0],4,8].
[[3,9,1,1,1,2,1,1,0],7,18].
[[3,7,0,1,2,2,2,3,1],12,16].
[[2,8,0,1,2,2,1,2,1],38,33].
[[3,5,0,1,1,2,1,1,1],28,2].
[[2,9,2,1,2,2,1,1,1],29,45].
[[3,8,0,1,1,2,2,1,0],1,18].
[[2,9,2,0,0,0,2,2,0],15,28].
[[2,8,0,1,1,2,2,2,0],24,25].
[[3,8,0,1,1,2,1,1,0],7,17].
[[2,7,0,1,2,2,2,3,0],3,1].
[[3,7,0,1,2,2,2,3,0],15,14].
[[1,4,2,1,2,0,1,2,0],8,0].
[[2,4,2,1,2,0,1,2,0],28,0].
[[1,8,1,1,2,2,1,2,1],42,18].
[[3,8,1,1,2,2,2,1,1],68,33].
[[3,9,1,1,2,2,2,3,0],12,59].
[[2,8,0,1,1,2,2,1,1],20,20].
[[2,7,2,1,2,0,2,1,1],7,0].
[[3,8,0,1,2,0,1,2,1],7,25].
[[2,9,2,1,1,2,2,2,0],32,32].
[[3,8,0,1,1,2,2,2,0],21,60].
[[2,9,1,1,2,2,1,1,1],21,29].
[[3,8,0,1,2,2,1,1,1],34,54].
[[2,7,1,0,0,0,2,2,0],7,2].
[[3,7,1,0,0,0,2,3,0],8,2].
[[3,6,1,1,2,2,2,2,1],36,2].
[[1,9,2,1,1,2,1,1,1],15,8].
[[2,8,0,1,1,2,1,1,1],9,7].
[[1,8,0,1,1,2,2,2,1],17,9].
[[2,8,0,1,1,2,1,2,1],22,20].
[[2,8,1,0,0,0,1,2,0],23,11].
[[3,7,1,0,0,0,1,2,0],3,1].
[[3,7,1,1,1,2,2,3,0],20,13].
[[3,8,1,1,1,2,2,2,0],6,13].
[[1,7,2,0,0,0,2,1,1],11,2].
[[2,7,2,1,2,0,2,2,1],17,2].
[[3,7,2,1,1,0,1,1,1],2,3].
[[2,6,0,1,2,2,0,0,0],6,19].
[[3,6,0,1,2,2,2,3,0],9,9].
[[2,8,0,1,2,2,1,1,1],11,21].
[[3,6,1,0,0,0,1,2,0],2,0].
[[2,8,0,1,1,2,2,2,1],39,40].
[[3,7,0,1,1,2,2,2,1],9,15].
[[3,9,2,1,2,2,1,2,0],6,15].
[[2,8,0,1,2,2,2,2,1],67,108].
[[2,8,1,1,1,2,1,2,1],51,19].
[[3,7,2,1,1,2,1,2,1],11,2].
[[2,9,2,0,0,0,1,1,1],9,26].
[[1,8,0,0,0,0,2,1,1],16,17].
[[3,8,0,1,2,0,1,1,1],5,22].
[[3,7,1,1,2,0,2,1,1],28,7].
[[2,8,1,0,0,0,2,1,0],5,4].
[[3,8,1,0,0,0,2,1,0],1,1].
[[2,4,2,1,2,0,2,1,0],13,1].
[[3,4,2,1,2,0,2,1,0],21,1].
[[3,6,0,1,2,2,2,2,1],4,13].
[[2,7,1,1,2,0,2,2,1],5,7].
[[2,9,1,0,0,0,2,3,1],11,19].
[[3,4,2,1,2,0,2,3,0],69,4].
[[3,8,0,0,0,0,1,2,1],9,36].
[[2,9,2,0,0,0,2,2,1],21,46].
[[3,8,1,0,0,0,2,2,1],34,21].
[[1,8,0,1,2,2,1,1,1],2,2].
[[3,9,1,1,2,2,2,3,1],3,23].
[[3,6,1,1,1,2,2,2,1],14,0].
[[3,7,2,1,2,2,2,1,1],42,2].
[[3,8,0,0,0,0,1,1,0],2,2].
[[3,9,1,1,1,2,2,2,0],4,34].
[[2,9,1,1,2,0,2,1,1],4,9].
[[3,9,1,1,2,0,2,1,1],1,7].
[[1,7,2,1,2,2,0,0,0],33,4].
[[2,7,2,1,1,2,0,0,0],8,1].
[[3,8,0,1,1,0,0,0,0],0,1].
[[2,7,0,0,0,0,2,1,1],0,1].
[[3,7,0,1,2,0,2,1,1],1,3].
[[1,6,0,1,2,2,0,0,0],9,5].
[[3,8,1,0,0,0,1,2,0],21,12].
[[1,9,2,1,1,2,1,2,1],37,13].
[[2,9,1,0,0,0,1,2,0],31,28].
[[3,9,1,0,0,0,1,2,0],17,19].
[[2,9,2,1,1,2,2,1,1],13,19].
[[3,8,1,1,2,2,2,2,0],17,21].
[[3,8,1,0,0,0,2,1,1],18,16].
[[1,4,2,1,2,0,2,1,1],12,0].
[[3,8,0,1,2,2,2,2,0],34,84].
[[1,7,1,0,0,0,1,1,1],3,1].
[[2,7,1,1,2,2,1,1,1],3,3].
[[3,7,1,1,2,2,1,2,1],105,20].
[[3,8,1,0,0,0,2,3,0],8,6].
[[3,8,0,1,2,0,2,1,0],1,8].
[[2,9,2,1,2,0,2,3,0],13,26].
[[1,9,2,1,2,0,2,2,1],11,40].
[[2,8,0,1,2,0,2,2,1],7,22].
[[2,7,1,1,2,0,2,3,1],8,6].
[[3,6,1,0,0,0,2,3,1],15,0].
[[3,7,1,1,2,2,2,2,0],25,11].
[[3,9,1,1,2,2,2,2,1],4,21].
[[3,5,0,0,0,0,1,2,0],11,0].
[[3,8,1,1,2,0,2,1,1],22,12].
[[3,7,1,1,1,2,0,0,0],7,11].
[[3,8,1,0,0,0,1,1,0],7,4].
[[2,5,0,1,1,2,1,2,0],7,0].
[[2,9,2,1,1,2,1,2,0],19,20].
[[2,9,1,1,2,2,2,3,1],17,40].
[[3,7,1,1,2,0,2,3,1],41,13].
[[3,7,0,1,1,2,1,1,1],1,1].
[[2,6,1,0,0,0,1,2,1],4,0].
[[3,3,1,0,0,0,1,2,1],2,0].
[[2,6,1,1,2,2,2,3,1],25,1].
[[3,3,1,1,1,2,2,3,1],5,1].
[[1,8,1,1,1,2,2,1,1],19,6].
[[3,7,1,1,1,2,1,2,1],48,14].
[[2,8,0,0,0,0,1,1,1],6,5].
[[2,9,2,1,2,2,1,2,0],49,44].
[[1,8,0,0,0,0,2,2,0],20,26].
[[2,7,1,0,0,0,1,1,1],5,2].
[[3,3,1,1,2,0,1,1,1],1,0].
[[3,5,0,1,1,2,1,2,1],4,1].
[[3,7,2,1,1,2,2,3,1],15,1].
[[2,9,1,1,2,0,2,3,0],2,19].
[[3,8,0,0,0,0,2,2,1],4,19].
[[1,8,1,0,0,0,1,1,0],3,1].
[[2,8,1,1,2,0,1,1,0],3,2].
[[3,9,2,1,2,2,2,2,0],1,6].
[[3,5,0,1,2,0,1,1,0],12,0].
[[2,7,2,1,1,2,2,1,1],4,0].
[[3,7,2,1,1,2,2,1,1],6,0].
[[3,7,2,1,2,2,1,1,1],20,5].
[[3,8,0,1,1,0,2,2,0],1,4].
[[3,6,0,1,1,2,2,2,1],3,3].
[[2,9,1,0,0,0,2,2,0],6,17].
[[1,8,1,1,2,0,1,1,1],2,2].
[[2,7,1,1,2,0,1,1,1],3,0].
[[3,7,1,1,1,0,1,1,1],3,0].
[[2,8,1,1,1,2,2,1,1],47,16].
[[1,9,2,1,1,2,1,2,0],24,16].
[[1,8,1,1,2,2,1,1,1],15,13].
[[3,7,2,1,2,2,1,1,0],0,1].
[[2,8,1,1,1,2,2,2,0],10,6].
[[2,8,1,0,0,0,1,1,1],35,22].
[[3,8,1,0,0,0,1,1,1],28,22].
[[3,7,1,1,2,2,2,1,0],8,1].
[[2,8,0,1,2,2,1,1,0],6,12].
[[2,9,1,1,1,2,1,1,1],22,20].
[[3,7,1,1,2,2,2,3,0],35,21].
[[2,4,2,1,2,0,0,0,0],16,2].
[[3,4,2,1,2,0,0,0,0],10,3].
[[2,8,1,1,1,0,1,1,1],1,1].
[[2,8,1,0,0,0,0,0,0],14,22].
[[3,7,1,1,2,0,0,0,0],14,7].
[[2,7,2,0,0,0,2,1,1],13,0].
[[3,3,2,0,0,0,2,1,1],6,0].
[[1,6,0,0,0,0,0,0,0],3,1].
[[2,6,0,0,0,0,0,0,0],1,3].
[[1,9,2,0,0,0,1,2,0],55,62].
[[3,5,0,1,2,0,1,2,0],12,1].
[[2,7,0,1,1,2,0,0,0],5,2].
[[3,9,1,1,2,0,1,2,0],16,27].
[[1,8,1,1,1,2,2,3,1],32,4].
[[2,8,1,1,1,0,2,3,1],4,6].
[[3,8,1,1,1,0,1,1,1],5,12].
[[2,7,1,1,2,2,2,1,1],29,8].
[[3,7,0,0,0,0,0,0,0],3,4].
[[2,7,1,0,0,0,1,1,0],0,2].
[[3,7,1,0,0,0,1,1,0],3,1].
[[3,8,1,1,1,0,2,2,0],1,6].
[[2,9,1,1,1,2,2,2,0],8,15].
[[2,8,0,0,0,0,2,3,0],37,39].
[[2,6,1,1,2,2,0,0,0],38,0].
[[3,6,1,1,2,2,0,0,0],7,0].
[[3,9,1,1,1,2,1,2,0],24,77].
[[3,8,1,1,1,2,1,2,0],31,16].
[[2,9,2,0,0,0,1,2,0],25,19].
[[2,9,1,0,0,0,2,1,0],3,8].
[[1,9,2,1,2,0,0,0,0],12,29].
[[3,8,0,1,2,0,2,2,0],7,23].
[[3,6,0,1,1,2,1,2,1],2,0].
[[2,9,1,0,0,0,2,2,1],7,24].
[[1,9,2,1,2,2,2,1,0],48,38].
[[2,5,0,1,2,2,1,1,0],5,4].
[[2,7,1,0,0,0,2,2,1],35,7].
[[3,5,0,1,2,2,1,1,1],37,3].
[[3,8,1,1,1,2,2,1,0],1,3].
[[2,9,2,0,0,0,2,1,1],12,31].
[[3,9,1,1,1,0,1,1,0],2,6].
[[1,9,2,1,2,0,1,2,1],3,7].
[[2,9,2,1,1,0,1,2,1],0,2].
[[3,9,2,1,1,0,1,2,1],1,10].
[[2,7,0,0,0,0,0,0,0],4,4].
[[2,5,0,1,1,2,1,1,0],4,0].
[[3,5,0,1,1,2,1,1,0],11,0].
[[2,7,2,1,2,0,2,3,1],15,2].
[[2,8,1,1,1,2,2,3,0],22,12].
[[2,8,0,0,0,0,1,2,0],12,15].
[[2,9,2,1,2,2,2,1,1],25,50].
[[2,8,1,1,1,0,2,3,0],2,0].
[[3,8,1,1,1,0,2,3,0],3,7].
[[2,7,2,0,0,0,2,3,1],26,6].
[[3,7,2,1,2,0,2,3,1],23,5].
[[1,8,1,1,2,0,2,1,1],9,6].
[[2,6,1,1,2,0,2,1,1],1,0].
[[3,6,1,1,1,0,2,1,1],2,1].
[[2,6,1,1,2,0,2,2,1],4,2].
[[3,6,1,1,1,0,2,2,1],3,0].
[[1,6,1,1,2,2,0,0,0],33,0].
[[3,6,1,1,1,2,0,0,0],3,0].
[[2,7,1,1,1,2,0,0,0],27,8].
[[2,7,2,1,2,2,2,2,1],30,1].
[[3,9,2,1,2,2,2,3,1],0,9].
[[3,7,1,1,1,0,2,3,1],4,9].
[[3,3,0,1,2,2,2,3,0],0,1].
[[3,7,1,1,2,2,1,2,0],21,1].
[[2,9,2,1,1,2,2,2,1],35,44].
[[1,8,1,0,0,0,2,2,0],40,6].
[[1,4,2,1,2,0,2,2,0],12,0].
[[3,7,0,1,1,2,2,2,0],5,8].
[[2,9,2,1,2,2,0,0,0],1,35].
[[3,9,2,1,1,2,1,2,0],5,11].
[[1,6,1,1,2,2,2,1,1],3,0].
[[2,6,1,1,1,2,2,1,1],1,0].
[[3,6,1,1,1,2,2,1,1],7,0].
[[3,7,0,1,1,2,0,0,0],2,11].
[[1,4,2,1,2,0,2,3,1],16,0].
[[2,4,2,1,2,0,2,3,1],56,0].
[[2,9,1,0,0,0,1,1,1],9,21].
[[3,7,1,1,1,2,2,2,0],6,3].
[[3,8,1,1,2,2,2,1,0],5,6].
[[3,8,0,1,1,2,2,1,1],10,39].
[[2,7,0,1,1,2,2,2,1],0,2].
[[3,7,1,1,2,0,1,1,1],9,3].
[[3,7,1,0,0,0,2,2,0],8,3].
[[3,9,2,1,2,2,2,1,0],1,8].
[[2,7,1,1,2,0,2,1,1],2,2].
[[3,7,1,1,2,0,1,2,1],20,11].
[[1,8,1,1,2,0,2,1,0],3,1].
[[2,8,1,1,2,0,2,1,0],8,4].
[[3,9,2,1,2,2,2,1,1],2,3].
[[3,6,1,1,2,0,1,1,1],2,2].
[[3,7,1,1,2,0,2,2,0],4,6].
[[1,7,2,1,2,0,0,0,0],5,3].
[[2,3,2,1,2,0,0,0,0],7,0].
[[3,3,2,1,2,0,0,0,0],6,0].
[[3,9,1,0,0,0,1,1,0],4,7].
[[1,7,2,0,0,0,2,2,1],18,0].
[[2,7,2,0,0,0,2,2,1],25,2].
[[1,9,2,1,1,2,1,1,0],7,5].
[[2,8,1,1,1,2,1,1,0],3,3].
[[3,7,0,1,2,2,2,2,1],12,16].
[[2,7,2,1,2,2,0,0,0],38,8].
[[2,6,0,1,2,2,2,2,1],3,4].
[[3,6,0,1,1,2,0,0,0],1,4].
[[1,6,1,0,0,0,1,2,1],2,0].
[[3,3,2,1,2,0,1,2,1],1,0].
[[3,3,1,0,0,0,0,0,0],8,0].
[[3,8,1,1,1,2,1,1,0],7,11].
[[2,7,1,1,2,0,2,2,0],3,2].
[[3,7,1,1,1,0,2,2,0],1,2].
[[3,6,0,1,2,2,0,0,0],1,9].
[[2,8,1,0,0,0,2,3,0],32,19].
[[1,9,2,1,2,0,2,2,0],3,26].
[[2,9,1,1,1,0,1,2,0],0,3].
[[1,6,1,0,0,0,2,1,1],6,1].
[[2,6,1,1,2,2,1,1,1],3,0].
[[3,6,1,1,2,2,1,1,1],5,1].
[[1,6,1,1,2,2,1,2,1],1,0].
[[2,6,1,1,2,2,1,2,1],9,0].
[[3,6,1,1,2,2,1,2,1],23,0].
[[3,6,0,1,2,2,2,1,1],6,2].
[[3,9,1,1,2,2,2,1,1],7,18].
[[2,3,1,0,0,0,0,0,0],8,2].
[[3,3,1,0,0,0,2,3,1],4,1].
[[3,8,0,0,0,0,2,3,0],11,34].
[[2,3,1,1,2,2,0,0,0],21,1].
[[3,8,1,1,2,0,2,3,0],7,10].
[[2,6,1,1,2,2,2,2,0],4,0].
[[3,6,1,1,2,2,1,2,0],7,0].
[[3,6,1,1,1,2,2,3,1],7,0].
[[3,8,0,1,1,0,1,2,1],0,7].
[[3,8,1,1,2,0,2,2,0],5,7].
[[3,3,1,1,2,0,2,2,1],3,0].
[[3,7,0,0,0,0,2,3,0],6,2].
[[3,9,1,1,2,0,1,1,1],5,21].
[[2,9,1,1,2,0,2,2,0],1,12].
[[1,4,2,1,2,0,1,2,1],4,0].
[[3,7,2,0,0,0,1,2,1],19,1].
[[1,8,0,0,0,0,2,2,1],21,39].
[[2,9,2,1,2,0,2,2,1],7,22].
[[3,9,2,1,2,0,1,2,1],1,10].
[[1,6,1,0,0,0,2,2,1],8,0].
[[2,6,1,1,2,2,2,2,1],19,1].
[[3,6,1,1,1,2,1,2,1],8,0].
[[2,6,1,1,2,0,2,2,0],2,0].
[[3,8,1,1,1,0,2,2,1],12,11].
[[2,9,2,1,2,0,2,1,1],8,10].
[[2,7,1,1,2,2,2,3,0],17,6].
[[3,7,2,0,0,0,2,3,1],23,0].
[[2,7,2,0,0,0,1,1,1],7,2].
[[2,5,0,1,2,2,1,1,1],8,0].
[[3,8,0,1,1,0,2,3,1],2,10].
[[3,6,1,1,2,2,2,1,1],25,2].
[[3,3,2,0,0,0,0,0,0],6,0].
[[3,8,1,1,1,0,2,1,0],1,1].
[[3,5,0,1,1,0,1,1,0],1,5].
[[3,6,0,0,0,0,1,2,0],1,1].
[[3,6,1,0,0,0,2,2,1],9,1].
[[3,7,1,0,0,0,2,2,1],33,7].
[[3,7,0,1,1,2,1,1,0],1,0].
[[1,9,2,0,0,0,1,1,0],8,28].
[[2,9,2,1,2,0,1,1,0],0,6].
[[3,5,0,1,2,0,1,1,1],14,2].
[[1,7,2,0,0,0,1,1,1],2,2].
[[3,7,2,1,1,2,1,1,1],7,3].
[[2,6,0,0,0,0,2,3,1],2,1].
[[3,6,0,1,2,2,2,3,1],3,5].
[[2,7,2,1,2,2,2,3,1],23,3].
[[2,7,0,1,2,2,2,3,1],2,2].
[[2,8,1,1,2,0,1,2,0],7,2].
[[2,9,1,1,1,2,2,3,1],9,8].
[[2,6,1,1,2,2,2,1,1],11,0].
[[3,3,1,1,1,2,2,1,1],4,0].
[[3,6,0,0,0,0,2,1,0],0,1].
[[1,2,1,0,0,0,2,1,1],1,0].
[[2,2,1,0,0,0,1,1,1],1,0].
[[3,2,1,1,2,2,1,1,1],2,0].
[[1,8,0,0,0,0,2,1,0],9,9].
[[3,6,0,1,2,2,2,1,0],0,2].
[[1,8,0,1,1,2,2,1,1],7,5].
[[1,8,1,1,1,2,1,1,1],9,2].
[[3,8,0,1,2,0,1,2,0],10,13].
[[2,8,0,1,2,0,2,2,0],3,13].
[[3,7,2,1,1,0,2,1,1],2,2].
[[3,7,0,1,2,0,2,2,0],1,1].
[[3,9,2,1,1,0,1,2,0],1,3].
[[2,5,0,0,0,0,1,1,0],5,0].
[[3,7,0,1,2,2,2,1,1],7,9].
[[3,8,0,1,2,0,1,1,0],3,2].
[[3,6,0,1,1,2,2,1,1],1,2].
[[3,8,0,1,1,0,1,1,1],0,7].
[[3,9,2,1,2,2,2,2,1],1,7].
[[2,6,1,1,2,0,2,3,1],5,0].
[[2,9,2,1,2,0,0,0,0],2,14].
[[3,9,2,1,1,0,2,3,0],0,2].
[[3,9,2,1,1,2,2,3,1],2,3].
[[3,7,0,1,2,0,2,3,0],3,4].
[[2,8,1,1,2,2,1,1,0],11,6].
[[2,5,0,1,2,0,1,1,1],1,0].
[[2,8,1,1,2,0,2,2,0],11,5].
[[2,9,2,0,0,0,1,1,0],5,10].
[[3,9,2,1,2,0,1,1,0],0,3].
[[3,9,2,1,1,2,2,3,0],2,13].
[[2,7,0,1,2,2,2,2,0],1,4].
[[3,7,0,1,2,2,2,2,0],10,9].
[[1,8,1,1,1,2,2,3,0],8,3].
[[2,9,1,1,1,0,1,1,0],1,2].
[[2,7,2,1,1,2,2,2,1],8,1].
[[3,7,2,1,1,2,2,2,0],2,0].
[[2,9,1,1,2,0,2,2,1],1,12].
[[1,7,1,0,0,0,2,2,1],14,4].
[[2,7,1,0,0,0,2,3,0],9,1].
[[2,9,1,1,2,0,2,3,1],2,9].
[[3,5,0,1,2,0,1,2,1],1,0].
[[2,8,0,0,0,0,1,1,0],1,2].
[[3,6,1,1,1,0,1,1,1],0,2].
[[3,9,1,0,0,0,2,1,0],1,8].
[[3,5,0,1,2,2,1,2,1],2,0].
[[3,8,0,0,0,0,2,2,0],5,17].
[[1,7,2,0,0,0,2,3,0],2,0].
[[2,7,2,1,2,2,1,2,0],2,0].
[[3,7,2,1,1,2,1,2,0],1,0].
[[3,2,1,1,2,2,2,2,0],1,0].
[[2,7,0,0,0,0,2,2,0],1,1].
[[3,7,0,1,2,0,1,2,0],0,1].
[[3,3,1,1,2,2,2,2,0],2,0].
[[2,6,1,0,0,0,2,2,1],19,2].
[[2,7,2,1,2,2,2,1,1],16,1].
[[3,3,2,1,2,2,2,1,1],5,0].
[[3,6,0,0,0,0,2,3,1],1,1].
[[1,8,1,1,2,0,2,2,0],3,2].
[[2,8,1,1,1,0,1,1,0],0,1].
[[3,7,1,1,1,0,1,1,0],0,1].
[[1,8,1,0,0,0,1,2,0],10,5].
[[1,7,2,1,2,2,2,2,1],2,0].
[[3,9,1,0,0,0,2,2,0],2,6].
[[3,9,2,0,0,0,2,3,1],0,3].
[[2,8,1,1,1,2,1,2,0],8,5].
[[3,7,1,1,1,2,1,2,0],9,2].
[[2,5,0,1,2,2,1,2,0],10,1].
[[3,5,0,1,2,2,1,2,0],43,6].
[[1,8,0,0,0,0,1,2,0],4,4].
[[3,6,1,0,0,0,0,0,0],3,1].
[[2,9,1,1,2,0,1,1,0],1,3].
[[3,5,0,0,0,0,1,1,0],6,1].
[[3,9,1,1,1,2,2,3,1],3,14].
[[2,7,1,1,1,2,2,3,0],5,0].
[[3,9,1,0,0,0,2,3,0],1,21].
[[3,6,1,1,2,2,2,1,0],2,0].
[[2,8,0,1,2,0,1,2,0],4,1].
[[1,8,1,0,0,0,2,1,0],12,2].
[[2,8,1,0,0,0,1,1,0],5,5].
[[3,6,1,0,0,0,1,1,0],1,0].
[[3,6,1,1,2,0,2,2,0],2,0].
[[2,7,1,0,0,0,1,2,1],9,0].
[[3,9,1,1,1,0,2,3,0],0,8].
[[3,7,2,0,0,0,2,1,1],10,0].
[[3,7,1,1,2,0,1,2,0],6,1].
[[2,8,0,1,2,0,2,1,1],3,13].
[[1,7,1,1,2,2,1,2,1],1,1].
[[2,7,1,1,2,2,1,2,1],23,5].
[[1,8,1,1,2,2,1,2,0],8,5].
[[2,7,1,1,2,2,1,2,0],5,1].
[[3,3,2,1,2,0,2,2,1],4,0].
[[3,9,1,0,0,0,2,1,1],4,4].
[[3,9,2,1,2,0,1,1,1],0,11].
[[2,9,2,1,1,0,2,2,0],1,2].
[[3,7,1,1,1,0,1,2,0],1,0].
[[1,8,0,1,1,2,2,3,1],19,9].
[[2,7,2,1,1,0,2,3,1],0,2].
[[3,7,2,1,1,0,2,3,1],5,4].
[[2,7,1,1,1,2,2,1,1],8,1].
[[3,9,2,1,1,2,2,1,0],0,4].
[[2,8,0,1,2,0,2,3,0],7,9].
[[3,7,2,0,0,0,2,2,1],12,0].
[[2,9,1,1,2,2,2,1,0],4,13].
[[3,8,0,0,0,0,1,1,1],3,15].
[[3,9,1,0,0,0,1,1,1],4,17].
[[1,3,2,0,0,0,2,3,1],1,0].
[[2,3,2,0,0,0,2,3,1],1,0].
[[3,3,2,0,0,0,2,3,1],3,0].
[[3,7,0,0,0,0,2,2,1],2,3].
[[3,9,1,0,0,0,2,3,1],1,8].
[[3,8,1,1,2,0,2,1,0],1,3].
[[3,9,2,1,1,0,1,1,1],0,4].
[[3,7,1,1,1,0,2,1,1],2,4].
[[3,9,1,1,1,0,1,1,1],0,8].
[[3,6,0,1,2,2,2,2,0],2,3].
[[3,7,1,1,1,0,0,0,0],2,4].
[[3,7,1,0,0,0,0,0,0],9,1].
[[3,9,2,1,2,2,1,1,0],5,0].
[[3,6,1,1,2,2,1,1,0],1,0].
[[3,9,1,1,1,2,2,1,1],3,10].
[[3,7,2,1,2,2,0,0,0],6,1].
[[2,7,2,1,2,2,1,2,1],11,2].
[[2,4,2,1,2,0,1,1,0],13,0].
[[3,7,2,0,0,0,1,1,1],10,2].
[[1,9,2,1,2,0,1,2,0],6,5].
[[1,7,1,0,0,0,1,2,1],3,1].
[[2,7,1,1,2,0,1,1,0],0,1].
[[3,7,1,1,2,2,1,1,0],5,4].
[[1,7,2,1,2,2,1,1,1],1,1].
[[2,6,1,0,0,0,2,1,0],2,0].
[[3,6,0,1,2,2,1,2,1],2,2].
[[1,6,1,1,2,2,2,2,1],3,0].
[[3,6,1,1,2,2,2,2,0],5,0].
[[2,9,1,1,2,0,1,1,1],1,12].
[[3,9,1,1,2,0,2,2,1],2,6].
[[2,8,0,1,2,0,1,1,1],0,1].
[[3,9,1,1,1,0,2,1,1],1,6].
[[2,8,1,1,1,2,2,1,0],1,2].
[[3,7,1,1,1,2,2,1,0],2,3].
[[3,6,0,1,1,2,2,3,0],6,4].
[[2,5,0,1,1,2,1,1,1],4,0].
[[1,8,1,1,2,0,2,3,0],3,3].
[[3,7,1,1,1,0,2,3,0],1,1].
[[1,9,2,1,2,0,2,1,1],5,19].
[[1,6,1,0,0,0,2,3,1],5,0].
[[3,9,1,1,2,2,0,0,0],0,3].
[[1,6,1,0,0,0,2,1,0],1,0].
[[2,6,1,1,2,0,1,2,0],1,0].
[[3,2,1,1,2,0,1,2,0],1,0].
[[2,6,0,1,2,2,2,3,1],1,0].
[[2,8,1,1,1,0,2,2,0],2,2].
[[1,8,0,1,2,2,1,2,0],6,3].
[[2,6,1,0,0,0,2,2,0],4,0].
[[3,6,1,0,0,0,2,2,0],3,0].
[[3,1,1,1,2,0,1,1,1],3,0].
[[2,7,1,0,0,0,2,1,1],25,8].
[[2,7,0,1,2,2,0,0,0],12,9].
[[1,3,2,0,0,0,2,2,1],2,0].
[[2,3,2,0,0,0,2,2,1],6,0].
[[3,3,2,0,0,0,2,2,1],6,0].
[[2,9,2,0,0,0,0,0,0],0,19].
[[3,9,2,1,2,0,0,0,0],0,1].
[[2,9,2,1,1,0,2,2,1],0,2].
[[3,8,0,1,1,0,2,2,1],1,6].
[[2,6,0,1,2,2,2,3,0],4,2].
[[2,6,0,1,1,2,0,0,0],3,5].
[[3,3,1,1,1,2,0,0,0],9,3].
[[3,6,1,1,1,2,2,2,0],1,0].
[[1,8,1,1,2,0,1,2,0],0,1].
[[3,7,1,1,2,0,1,1,0],0,3].
[[3,7,0,1,1,2,2,1,0],3,1].
[[3,7,0,1,2,2,1,1,0],1,2].
[[3,7,0,1,1,2,2,1,1],4,5].
[[3,8,1,1,1,2,0,0,0],0,6].
[[3,7,2,1,2,0,1,1,1],5,2].
[[3,9,2,1,1,0,2,1,0],0,3].
[[3,6,1,0,0,0,1,2,1],10,0].
[[3,9,1,1,2,0,2,3,1],2,6].
[[2,7,0,1,2,2,2,1,1],2,2].
[[3,7,0,1,2,2,1,1,1],2,1].
[[3,7,2,0,0,0,0,0,0],3,0].
[[3,9,1,1,1,0,2,2,0],0,7].
[[2,9,1,1,1,2,2,1,0],3,2].
[[3,9,2,1,2,0,2,3,0],0,5].
[[3,6,0,1,2,0,2,3,1],1,2].
[[1,7,1,0,0,0,2,1,1],4,2].
[[2,3,1,0,0,0,2,1,1],3,0].
[[3,3,1,1,2,2,2,1,1],11,0].
[[2,6,0,1,1,2,2,2,1],0,1].
[[3,3,1,1,1,2,2,2,1],2,1].
[[2,6,1,0,0,0,1,1,1],2,2].
[[3,7,1,0,0,0,1,1,1],8,2].
[[3,9,2,1,2,0,2,2,0],1,3].
[[3,6,1,0,0,0,1,1,1],5,1].
[[3,6,0,1,2,2,1,1,1],0,3].
[[2,7,1,0,0,0,2,1,0],2,0].
[[3,3,1,0,0,0,2,1,0],2,0].
[[3,3,1,0,0,0,2,1,1],4,0].
[[1,7,2,1,2,2,2,3,1],9,1].
[[3,9,2,1,1,2,2,1,1],0,3].
[[3,3,1,1,2,2,1,1,1],4,0].
[[3,9,2,1,2,0,2,2,1],0,2].
[[3,3,2,1,1,2,2,2,1],1,0].
[[2,7,1,1,2,2,2,1,0],6,1].
[[2,8,0,0,0,0,1,2,1],14,13].
[[1,9,2,1,2,0,2,1,0],3,8].
[[2,5,0,1,1,0,1,2,0],1,0].
[[3,5,0,1,1,0,1,2,0],1,2].
[[3,7,0,0,0,0,2,2,0],2,3].
[[2,7,2,1,1,2,2,3,1],4,1].
[[2,6,1,1,1,2,1,1,1],1,0].
[[3,3,1,1,1,2,1,1,1],1,0].
[[1,8,0,0,0,0,1,1,1],1,1].
[[3,2,1,1,2,2,2,2,1],1,0].
[[2,7,1,1,2,2,2,2,0],5,0].
[[2,5,0,0,0,0,1,2,0],9,0].
[[2,7,1,1,2,2,1,1,0],0,1].
[[3,9,2,0,0,0,1,2,0],3,3].
[[2,3,1,1,2,2,1,2,1],1,0].
[[3,3,1,1,2,2,1,2,1],7,0].
[[2,7,1,0,0,0,1,2,0],2,0].
[[3,3,1,0,0,0,1,2,0],1,0].
[[3,3,1,1,2,0,2,2,0],1,0].
[[3,7,2,1,2,0,0,0,0],2,0].
[[2,7,0,1,2,2,2,1,0],1,0].
[[3,7,0,1,2,2,2,1,0],6,4].
[[1,7,2,1,2,2,2,1,1],3,0].
[[3,3,2,1,2,2,1,1,1],3,0].
[[2,9,2,1,1,2,1,1,0],5,6].
[[3,6,0,1,2,0,1,2,1],0,2].
[[3,9,2,0,0,0,1,1,1],2,5].
[[3,3,2,1,2,2,2,3,1],5,1].
[[3,9,1,1,1,0,0,0,0],0,1].
[[3,7,0,1,2,2,1,2,1],5,4].
[[1,8,1,1,2,2,1,1,0],3,1].
[[1,6,1,1,2,2,2,3,1],4,0].
[[3,9,2,1,2,0,2,3,1],0,4].
[[1,4,2,1,2,0,2,3,0],14,1].
[[3,9,2,1,1,0,2,2,0],0,2].
[[1,6,0,1,2,2,2,3,0],0,1].
[[2,6,1,0,0,0,2,3,0],3,0].
[[2,5,0,1,2,0,1,2,0],2,1].
[[2,9,1,0,0,0,0,0,0],1,3].
[[1,4,2,1,2,0,1,1,1],4,0].
[[1,7,2,1,2,2,2,3,0],1,0].
[[2,7,2,1,1,2,1,2,1],2,0].
[[3,3,1,1,2,2,2,3,0],5,0].
[[2,9,1,1,1,0,2,2,0],0,2].
[[3,7,0,1,1,2,1,2,1],2,4].
[[3,7,0,1,2,2,1,2,0],3,6].
[[3,8,0,0,0,0,2,1,0],5,5].
[[1,8,1,1,1,2,2,2,0],6,0].
[[2,8,0,1,2,0,2,1,0],1,2].
[[2,6,1,1,1,2,0,0,0],9,0].
[[2,7,2,1,2,2,2,3,0],2,0].
[[2,6,1,1,1,2,2,3,1],3,0].
[[2,7,0,1,1,2,2,3,0],1,1].
[[1,8,0,1,1,2,2,2,0],4,4].
[[2,9,2,1,1,0,2,3,0],1,4].
[[3,9,1,0,0,0,2,2,1],2,7].
[[1,7,1,0,0,0,2,2,0],1,2].
[[2,3,1,0,0,0,2,2,0],1,0].
[[3,3,1,0,0,0,2,3,0],1,0].
[[3,6,1,1,1,2,1,1,0],1,1].
[[2,9,1,1,1,0,2,3,0],1,2].
[[2,7,0,0,0,0,2,3,0],2,2].
[[3,3,1,0,0,0,2,2,0],1,0].
[[3,7,0,1,2,0,2,2,1],1,3].
[[2,7,0,1,2,2,2,2,1],3,2].
[[2,7,0,0,0,0,2,1,0],1,0].
[[1,6,1,1,2,2,2,3,0],3,0].
[[2,6,1,1,1,2,2,3,0],2,0].
[[3,2,1,1,1,2,2,3,0],1,0].
[[3,4,0,1,2,0,2,2,0],0,1].
[[3,9,1,0,0,0,0,0,0],0,1].
[[3,9,2,0,0,0,2,3,0],0,4].
[[1,4,2,1,2,0,0,0,0],8,1].
[[3,8,0,1,1,0,2,1,0],0,2].
[[3,3,1,1,2,0,2,3,1],1,0].
[[3,6,1,1,2,0,2,1,0],2,0].
[[3,3,2,1,2,0,2,1,1],1,0].
[[3,7,0,0,0,0,1,2,0],2,0].
[[2,9,2,1,1,0,2,3,1],0,7].
[[1,7,1,1,2,2,1,1,1],1,0].
[[2,3,1,1,2,2,1,1,1],1,0].
[[3,8,0,0,0,0,0,0,0],0,6].
[[3,9,1,1,1,0,2,2,1],0,1].
[[3,7,2,1,2,0,1,2,0],3,0].
[[1,7,2,1,2,0,2,3,1],1,0].
[[3,6,0,0,0,0,0,0,0],0,2].
[[2,8,0,1,2,0,1,1,0],0,2].
[[3,6,1,1,2,0,2,3,0],2,0].
[[3,8,0,1,1,0,2,3,0],0,6].
[[1,8,1,1,1,2,2,1,0],3,0].
[[2,7,1,1,1,2,2,1,0],2,1].
[[2,8,0,1,2,0,1,2,1],2,5].
[[2,9,1,1,2,0,2,1,0],0,2].
[[3,9,1,1,1,0,2,1,0],0,2].
[[2,9,2,1,1,0,2,1,1],0,1].
[[2,7,2,0,0,0,2,3,0],1,0].
[[2,6,1,1,2,0,1,2,1],1,0].
[[3,6,1,1,1,0,1,2,1],1,0].
[[3,6,1,0,0,0,2,1,1],5,0].
[[2,9,2,1,1,0,0,0,0],0,1].
[[3,9,2,0,0,0,2,2,0],0,2].
[[1,8,0,1,1,2,1,2,0],1,0].
[[2,6,0,1,2,2,2,1,0],2,1].
[[2,6,0,1,2,2,1,2,0],1,1].
[[3,3,2,1,1,2,2,3,1],1,0].
[[1,7,1,1,2,2,2,1,1],5,1].
[[3,7,0,1,2,0,2,3,1],2,1].
[[3,9,2,1,1,2,1,1,0],3,2].
[[3,6,0,1,1,2,2,2,0],1,2].
[[2,9,1,1,1,0,2,3,1],0,3].
[[3,9,1,1,1,0,2,3,1],0,2].
[[2,6,1,1,2,2,1,2,0],3,1].
[[3,6,1,1,1,2,1,2,0],1,0].
[[3,7,2,1,2,2,2,3,0],3,0].
[[1,7,1,1,2,2,2,2,1],5,2].
[[2,6,0,1,2,2,2,1,1],1,3].
[[1,7,1,0,0,0,2,3,0],4,0].
[[2,8,1,1,1,0,2,1,1],1,0].
[[3,3,0,1,1,2,2,1,1],0,1].
[[3,9,2,1,1,2,2,2,1],1,3].
[[2,9,2,1,1,0,2,1,0],0,1].
[[2,6,0,0,0,0,2,1,0],1,0].
[[3,3,1,0,0,0,2,2,1],1,0].
[[2,9,1,1,1,0,2,1,1],0,2].
[[2,7,1,1,2,0,2,1,0],0,1].
[[3,3,1,1,1,2,2,3,0],1,0].
[[1,8,1,1,2,0,1,2,1],5,3].
[[2,7,1,1,2,0,1,2,1],1,0].
[[3,7,2,0,0,0,2,3,0],1,0].
[[2,7,2,1,1,2,1,1,1],2,0].
[[2,9,2,1,1,0,1,1,1],0,4].
[[3,7,0,1,1,2,1,2,0],2,2].
[[3,6,1,0,0,0,2,3,0],1,1].
[[3,3,2,1,2,0,1,1,1],2,0].
[[1,7,1,0,0,0,2,3,1],2,2].
[[1,9,2,1,2,0,1,1,0],0,5].
[[1,8,0,1,2,2,1,2,1],2,0].
[[3,6,1,1,2,0,1,2,0],1,1].
[[3,3,2,0,0,0,1,2,1],8,0].
[[3,8,0,1,1,0,1,2,0],2,6].
[[3,6,1,1,1,0,2,3,1],0,1].
[[3,8,1,0,0,0,2,2,0],1,4].
[[2,3,1,1,2,2,2,1,1],2,0].
[[3,7,1,0,0,0,2,1,0],1,1].
[[3,3,1,1,2,0,2,1,1],1,0].
[[2,3,1,1,2,2,2,3,1],1,0].
[[3,5,0,1,1,0,1,2,1],1,0].
[[1,6,1,0,0,0,1,1,1],1,0].
[[3,6,1,1,1,2,2,1,0],1,0].
[[1,7,1,1,2,2,2,3,0],2,0].
[[1,6,1,0,0,0,2,2,0],1,1].
[[3,8,1,1,1,0,1,1,0],0,2].
[[3,7,2,1,2,0,2,3,0],1,0].
[[1,8,0,1,1,2,2,1,0],2,1].
[[3,9,2,1,2,0,2,1,1],0,2].
[[2,6,1,1,2,2,2,3,0],2,0].
[[3,7,0,0,0,0,2,1,1],2,1].
[[3,9,2,0,0,0,2,1,0],0,1].
[[3,1,1,1,2,0,1,1,0],2,0].
[[2,7,2,0,0,0,1,2,0],1,0].
[[3,8,1,1,2,2,0,0,0],0,1].
[[2,5,0,1,1,0,1,1,1],1,0].
[[3,5,0,1,1,0,1,1,1],2,1].
[[3,6,1,1,2,0,0,0,0],3,0].
[[1,7,2,0,0,0,2,2,0],0,1].
[[2,7,2,0,0,0,1,1,0],0,1].
[[3,7,2,1,2,0,1,1,0],0,1].
[[1,4,2,1,2,0,1,1,0],3,0].
[[3,3,1,1,2,2,1,2,0],2,0].
[[3,6,1,0,0,0,2,1,0],1,0].
[[2,3,1,1,2,2,2,2,1],1,0].
[[2,7,0,0,0,0,2,3,1],1,0].
[[3,7,2,0,0,0,1,2,0],2,0].
[[2,9,1,1,1,0,2,2,1],2,0].
[[3,3,2,1,2,2,2,2,1],2,0].
[[3,8,0,1,1,0,1,1,0],0,2].
[[2,9,1,1,1,2,0,0,0],0,2].
[[2,2,1,0,0,0,0,0,0],2,0].
[[3,2,1,1,2,0,2,2,1],1,0].
[[2,1,1,1,2,0,1,1,0],1,0].
[[2,3,2,0,0,0,2,1,1],1,0].
[[2,7,2,1,2,0,1,1,1],2,0].
[[2,7,0,1,1,2,2,3,1],1,0].
[[2,7,1,1,1,2,2,2,0],1,0].
[[3,7,1,1,1,2,1,1,0],4,0].
[[2,6,0,0,0,0,2,2,1],0,1].
[[2,3,1,0,0,0,2,3,0],1,0].
[[2,3,2,1,2,2,2,2,1],1,0].
[[3,3,2,1,2,2,1,2,1],1,0].
[[3,4,0,1,2,0,2,3,0],0,1].
[[2,7,2,1,1,0,1,2,1],1,0].
[[3,7,2,1,1,0,1,2,1],3,0].
[[3,6,0,1,2,0,1,2,0],0,1].
[[3,6,1,1,1,0,2,3,0],1,1].
[[3,4,0,1,2,0,1,1,0],0,1].
[[3,7,2,1,1,2,0,0,0],1,0].
[[3,6,1,1,2,0,1,1,0],1,0].
[[3,3,2,1,1,0,2,2,1],1,0].
[[1,7,2,1,2,0,2,1,1],2,0].
[[3,6,0,1,2,0,2,3,0],0,1].
[[1,8,0,0,0,0,1,1,0],0,2].
[[2,3,1,0,0,0,2,2,1],1,0].
[[3,6,0,1,1,2,1,1,1],0,1].
[[2,3,2,0,0,0,1,2,1],2,0].
[[3,6,1,1,1,2,2,3,0],2,0].
[[2,7,0,1,1,2,2,1,1],0,1].
[[3,3,2,1,1,0,2,3,1],1,0].
[[2,6,0,1,1,2,2,3,0],1,0].
[[3,3,1,1,2,0,2,1,0],1,0].
[[3,6,1,1,1,0,2,2,0],0,1].
[[3,7,2,1,2,2,2,2,0],1,0].
[[3,9,1,1,1,2,0,0,0],0,1].
[[2,6,1,0,0,0,1,2,0],1,0].
[[2,7,2,1,1,0,2,1,1],0,1].
[[1,7,2,1,2,2,1,2,1],1,0].
[[3,7,0,0,0,0,1,2,1],1,0].
[[1,2,1,0,0,0,0,0,0],1,0].
[[3,2,1,0,0,0,2,1,0],1,0].
[[3,7,0,1,2,0,1,2,1],1,1].
[[3,2,1,1,1,2,0,0,0],1,0].
[[2,6,0,1,1,2,2,3,1],3,0].
[[2,7,0,0,0,0,2,2,1],0,1].
[[3,9,2,0,0,0,1,1,0],0,1].
[[3,2,1,1,2,2,0,0,0],3,0].
[[2,6,0,1,2,2,2,2,0],1,0].
[[3,6,0,1,2,2,1,1,0],1,0].
[[1,8,0,0,0,0,1,2,1],0,1].
[[3,6,0,1,2,0,0,0,0],0,1].
[[1,7,1,1,2,2,2,2,0],3,0].
[[2,6,1,1,1,2,2,2,1],1,0].
[[2,2,0,1,2,2,0,0,0],2,0].
[[3,2,0,1,2,2,2,3,0],1,0].
[[2,7,1,1,1,2,1,1,0],1,0].
[[3,2,1,1,2,0,0,0,0],1,0].
[[3,2,0,1,1,2,0,0,0],1,0].
[[3,6,1,1,1,2,1,1,1],0,1].
[[3,3,2,0,0,0,1,1,1],1,0].
[[3,2,0,1,1,2,2,2,1],1,0].
[[3,7,2,1,1,0,0,0,0],0,1].
[[3,9,2,1,2,0,2,1,0],1,0].
[[2,3,2,1,2,0,2,1,1],1,0].
[[3,6,1,1,1,0,0,0,0],1,0].
