total_WL(13266,5027).
[[1,8,2,1,2,1,2,1,2],90,37].
[[2,8,2,1,2,1,1,1,2],70,25].
[[3,7,2,1,2,1,1,1,2],63,27].
[[1,8,2,0,0,0,2,2,0],738,276].
[[2,8,2,0,0,0,1,2,0],339,104].
[[3,8,2,0,0,0,1,2,0],212,63].
[[1,8,2,1,2,1,2,3,2],357,160].
[[2,8,2,1,2,1,1,2,2],267,110].
[[3,8,2,1,1,1,1,1,0],56,40].
[[1,8,2,1,1,1,2,2,2],32,11].
[[2,4,1,1,2,0,1,2,2],11,0].
[[3,4,1,1,2,0,1,2,2],44,8].
[[1,6,2,0,0,0,0,0,0],657,38].
[[2,6,2,1,2,0,2,3,2],74,7].
[[3,6,2,1,2,0,1,2,2],99,14].
[[1,7,2,0,0,0,0,0,0],976,380].
[[2,7,2,1,2,1,0,0,0],424,231].
[[3,7,2,1,1,1,2,2,0],101,51].
[[1,7,2,0,0,0,1,2,0],28,7].
[[2,7,2,0,0,0,1,2,0],92,28].
[[3,7,2,0,0,0,1,1,0],52,17].
[[1,8,2,0,0,0,1,1,0],100,62].
[[2,7,2,0,0,0,1,1,0],27,12].
[[2,7,2,0,0,0,2,3,2],266,77].
[[3,7,2,0,0,0,2,1,2],38,11].
[[2,6,2,1,2,0,1,2,2],37,12].
[[1,8,2,1,2,1,2,2,0],348,102].
[[2,8,2,1,2,1,2,2,0],358,172].
[[3,6,2,1,2,1,1,2,2],189,22].
[[1,8,2,0,0,0,0,0,0],1548,942].
[[2,8,2,0,0,0,2,2,0],405,203].
[[3,8,2,1,2,1,2,3,0],178,172].
[[3,8,2,0,0,0,2,2,0],89,56].
[[2,6,2,0,0,0,0,0,0],229,11].
[[3,6,2,1,2,1,2,3,0],65,1].
[[1,8,2,0,0,0,2,1,0],422,179].
[[2,7,2,0,0,0,2,1,0],143,43].
[[3,7,2,0,0,0,2,1,0],101,32].
[[1,8,2,1,2,1,2,2,2],226,104].
[[2,7,2,1,1,1,2,2,2],23,6].
[[3,7,2,1,1,1,2,3,2],124,41].
[[2,8,2,1,1,1,2,3,0],99,54].
[[3,8,2,1,1,1,2,3,0],75,69].
[[2,8,2,1,2,1,1,1,0],120,81].
[[3,8,2,1,2,1,1,2,2],338,139].
[[3,7,2,0,0,0,2,2,0],135,57].
[[1,8,2,1,1,1,2,2,0],47,7].
[[2,4,1,1,2,0,2,2,0],11,1].
[[3,4,1,1,2,0,2,2,0],41,3].
[[1,6,2,0,0,0,2,2,2],190,12].
[[2,6,2,1,2,1,2,2,2],80,5].
[[3,7,2,1,2,1,2,2,0],345,132].
[[1,8,2,0,0,0,2,1,2],210,96].
[[2,8,2,1,2,1,2,1,2],79,43].
[[3,7,2,1,2,1,2,1,2],78,33].
[[1,8,2,1,2,0,0,0,0],68,42].
[[2,8,2,1,2,0,2,1,0],35,35].
[[3,8,2,1,2,0,1,1,0],53,43].
[[1,8,2,1,2,1,2,3,0],432,155].
[[2,8,2,1,2,1,2,3,0],461,218].
[[3,7,2,1,2,1,1,1,0],135,42].
[[1,8,2,1,2,1,2,1,0],177,63].
[[2,8,2,1,1,1,2,1,0],62,26].
[[3,8,2,1,2,1,2,2,2],121,57].
[[1,8,2,0,0,0,2,3,0],989,350].
[[3,8,2,1,2,1,1,2,0],453,179].
[[1,8,2,0,0,0,1,2,0],289,113].
[[3,8,2,1,2,0,1,2,0],127,65].
[[2,7,2,1,2,1,2,3,0],267,78].
[[3,7,2,1,1,1,2,3,0],146,63].
[[2,8,2,1,2,1,1,2,0],338,114].
[[3,7,2,1,1,1,1,2,0],112,29].
[[1,6,2,0,0,0,1,1,2],21,9].
[[2,6,2,0,0,0,1,1,2],44,23].
[[3,6,2,0,0,0,1,1,2],33,19].
[[1,6,2,0,0,0,2,3,2],274,16].
[[2,6,2,0,0,0,1,2,2],131,19].
[[1,8,2,1,2,1,0,0,0],687,395].
[[2,8,2,1,1,1,2,2,0],97,39].
[[3,8,2,1,1,1,2,2,0],71,57].
[[2,8,2,1,2,1,2,1,0],197,139].
[[3,7,2,1,2,1,2,1,0],209,95].
[[1,7,2,1,2,1,0,0,0],336,106].
[[2,3,2,1,2,1,0,0,0],76,4].
[[3,3,2,1,2,1,2,3,0],60,6].
[[1,8,2,0,0,0,2,3,2],840,371].
[[2,8,2,0,0,0,2,2,2],233,96].
[[3,8,2,0,0,0,1,2,2],145,64].
[[2,8,2,1,2,1,2,3,2],423,179].
[[3,8,2,1,2,1,2,3,2],213,119].
[[1,6,2,0,0,0,1,2,0],10,5].
[[2,6,2,1,2,0,1,2,0],10,1].
[[3,6,2,1,2,1,1,2,0],66,2].
[[1,7,2,0,0,0,2,2,0],131,35].
[[3,7,2,1,2,1,0,0,0],190,117].
[[2,6,2,0,0,0,2,3,2],266,14].
[[3,6,2,1,2,0,2,2,0],22,1].
[[2,6,2,1,2,1,2,1,2],26,5].
[[3,6,2,1,2,1,1,1,2],39,31].
[[1,8,2,0,0,0,1,2,2],210,75].
[[2,8,2,0,0,0,1,2,2],280,105].
[[3,5,0,1,2,1,1,2,2],6,0].
[[2,6,2,1,2,1,2,3,2],131,2].
[[3,3,2,1,2,1,2,3,2],141,10].
[[1,8,2,1,2,0,2,2,2],16,22].
[[2,8,2,1,2,0,1,2,2],71,44].
[[3,8,2,1,1,0,1,2,2],19,23].
[[2,7,2,1,1,1,0,0,0],75,20].
[[3,7,2,1,1,1,0,0,0],43,41].
[[2,8,2,1,2,1,0,0,0],97,120].
[[2,7,2,0,0,0,1,2,2],49,16].
[[3,7,2,0,0,0,1,2,2],104,33].
[[1,8,2,0,0,0,2,2,2],527,227].
[[2,6,2,0,0,0,2,2,2],153,7].
[[3,2,2,0,0,0,2,2,2],9,0].
[[1,6,2,1,2,1,0,0,0],94,5].
[[2,6,2,1,2,1,0,0,0],118,1].
[[2,7,2,0,0,0,0,0,0],448,240].
[[3,7,2,0,0,0,2,3,0],157,80].
[[2,8,2,1,1,1,2,1,2],18,4].
[[3,7,2,1,1,1,2,1,2],20,7].
[[2,7,2,0,0,0,2,2,2],154,49].
[[2,3,2,0,0,0,0,0,0],188,13].
[[3,3,2,0,0,0,2,3,2],99,2].
[[2,7,2,1,2,1,2,1,0],109,41].
[[1,3,2,0,0,0,0,0,0],126,7].
[[2,6,2,0,0,0,1,1,0],14,6].
[[3,3,2,1,2,1,1,1,0],11,0].
[[1,7,2,0,0,0,2,2,2],95,30].
[[2,8,2,0,0,0,2,1,2],81,42].
[[2,8,2,1,2,0,2,3,2],85,57].
[[3,8,2,1,2,0,2,2,0],51,48].
[[1,7,2,1,2,1,2,2,2],26,8].
[[2,7,2,1,2,1,2,2,2],134,60].
[[3,7,2,1,2,1,2,2,2],229,81].
[[3,7,2,1,2,1,2,3,0],428,163].
[[2,6,2,1,2,0,2,2,2],46,8].
[[2,8,2,1,2,1,2,2,2],241,97].
[[1,8,2,0,0,0,1,1,2],56,38].
[[3,8,2,1,2,1,1,1,2],86,43].
[[2,8,2,0,0,0,2,3,0],474,225].
[[3,6,2,0,0,0,1,2,2],116,14].
[[2,2,2,1,2,0,2,3,2],3,0].
[[3,2,2,1,1,0,2,3,2],2,0].
[[3,6,2,1,2,1,2,2,0],49,0].
[[2,7,2,0,0,0,2,2,0],217,66].
[[3,7,0,1,2,1,2,2,0],2,7].
[[2,7,2,0,0,0,2,3,0],277,70].
[[1,7,2,0,0,0,2,3,2],120,46].
[[3,8,2,1,2,1,1,1,0],170,136].
[[2,8,2,1,1,1,1,1,2],12,11].
[[3,8,2,1,1,1,1,1,2],36,19].
[[1,6,2,0,0,0,2,1,2],74,10].
[[2,6,2,0,0,0,2,1,2],61,9].
[[3,6,2,1,2,1,2,1,2],35,1].
[[2,7,2,1,2,1,2,2,0],203,57].
[[2,7,2,1,2,0,2,3,0],35,10].
[[3,7,2,1,2,0,2,3,0],100,47].
[[2,8,2,0,0,0,2,3,2],426,194].
[[3,7,2,0,0,0,2,3,2],164,52].
[[3,6,2,0,0,0,2,3,2],109,6].
[[3,8,2,1,2,1,2,1,0],106,107].
[[3,7,2,1,2,1,1,2,0],321,55].
[[1,8,2,1,2,1,1,2,2],85,40].
[[3,3,2,1,2,1,0,0,0],147,21].
[[3,8,2,1,2,1,2,2,0],170,133].
[[2,6,2,0,0,0,2,2,0],54,2].
[[3,6,2,0,0,0,2,2,2],56,5].
[[2,7,2,1,2,1,2,3,2],214,80].
[[3,7,2,1,2,1,2,3,2],411,144].
[[2,3,2,0,0,0,2,1,2],15,0].
[[3,3,2,0,0,0,2,1,2],18,1].
[[2,3,2,1,2,1,1,1,2],1,0].
[[3,3,2,1,1,1,1,1,2],4,0].
[[2,7,2,1,2,1,1,2,2],53,20].
[[3,7,2,1,2,1,1,2,2],237,82].
[[3,3,2,1,2,0,2,2,2],33,0].
[[2,7,2,1,2,1,2,1,2],52,21].
[[3,7,2,1,1,1,1,1,2],21,7].
[[3,6,2,1,2,1,2,3,2],160,5].
[[3,8,2,1,2,0,1,2,2],106,64].
[[1,7,2,1,2,1,2,1,2],21,4].
[[2,7,2,1,2,1,1,1,2],22,3].
[[3,5,0,1,2,1,1,1,2],46,4].
[[2,8,2,0,0,0,0,0,0],116,92].
[[3,8,2,0,0,0,2,1,0],36,34].
[[2,8,2,1,1,1,1,1,0],28,13].
[[3,5,0,1,1,1,1,1,0],13,6].
[[1,6,2,0,0,0,1,2,2],97,27].
[[2,6,2,1,2,1,1,1,2],20,8].
[[3,3,2,1,2,1,1,1,2],32,0].
[[2,7,2,1,2,0,2,2,2],16,11].
[[3,6,2,1,2,0,2,3,0],36,4].
[[1,8,2,1,1,1,0,0,0],83,33].
[[3,8,2,1,2,0,2,3,2],53,27].
[[3,8,2,0,0,0,2,3,0],67,63].
[[2,6,2,0,0,0,2,3,0],55,0].
[[1,8,2,1,2,1,1,2,0],136,56].
[[2,7,2,1,2,1,1,2,0],86,22].
[[2,5,0,1,2,1,1,1,2],13,0].
[[1,7,2,1,2,1,2,3,0],70,12].
[[3,7,2,0,0,0,1,2,0],145,22].
[[3,8,2,1,1,1,1,2,0],182,66].
[[2,8,2,1,2,0,2,1,2],18,11].
[[3,7,2,1,2,0,2,1,2],22,9].
[[2,7,2,1,2,0,2,2,0],34,12].
[[3,7,2,1,2,0,1,1,0],27,14].
[[3,8,2,0,0,0,2,3,2],91,44].
[[3,6,2,0,0,0,1,2,0],28,1].
[[1,7,2,1,2,1,2,2,0],33,7].
[[2,7,2,1,1,1,2,2,0],33,5].
[[3,8,2,1,1,1,2,3,2],63,43].
[[2,8,2,0,0,0,1,1,2],75,47].
[[3,8,2,0,0,0,1,1,2],31,20].
[[2,8,2,0,0,0,2,1,0],198,109].
[[2,6,2,1,2,1,1,2,2],79,10].
[[3,3,2,1,2,1,1,2,2],72,0].
[[3,8,2,0,0,0,1,1,0],62,39].
[[2,2,2,0,0,0,1,2,0],1,0].
[[3,2,2,0,0,0,1,1,0],3,0].
[[3,6,2,1,2,0,2,2,2],43,2].
[[2,8,2,1,2,0,2,2,0],58,57].
[[3,8,2,1,1,0,2,2,0],7,9].
[[1,7,2,0,0,0,2,1,2],52,8].
[[3,3,2,1,2,0,1,2,2],33,1].
[[1,8,2,1,2,1,1,1,0],40,27].
[[1,7,2,0,0,0,2,3,0],164,38].
[[3,7,2,1,1,1,2,2,2],74,34].
[[3,3,2,1,2,1,2,1,2],20,1].
[[2,7,2,1,1,1,2,3,2],27,11].
[[1,8,2,1,1,1,2,3,0],50,16].
[[2,4,1,1,2,0,2,3,0],8,1].
[[3,4,1,1,2,0,2,3,0],39,4].
[[1,6,2,1,2,1,1,2,2],10,3].
[[1,8,2,1,1,1,1,2,0],10,5].
[[2,8,2,1,1,1,1,2,0],70,28].
[[3,5,0,1,1,1,1,2,0],25,0].
[[3,8,2,1,2,0,2,2,2],42,15].
[[1,3,2,0,0,0,2,3,2],15,0].
[[2,3,2,1,2,0,2,3,2],14,0].
[[3,3,2,1,1,0,2,3,2],8,0].
[[1,6,2,0,0,0,2,3,0],56,4].
[[2,3,2,1,2,1,2,3,0],11,4].
[[3,3,2,1,1,1,2,3,2],31,1].
[[2,8,2,0,0,0,1,1,0],121,70].
[[2,8,2,1,2,0,2,3,0],92,65].
[[3,3,2,0,0,0,2,2,2],68,0].
[[2,6,2,1,2,1,2,2,0],29,1].
[[2,7,0,1,2,1,0,0,0],3,3].
[[3,7,0,1,2,1,0,0,0],8,7].
[[2,8,2,1,1,1,2,3,2],93,40].
[[3,6,2,1,1,0,1,1,0],1,2].
[[2,6,2,1,1,1,2,2,2],12,2].
[[3,6,2,1,1,1,2,2,2],21,2].
[[3,7,2,1,2,0,0,0,0],33,26].
[[3,3,2,1,1,1,2,1,2],6,0].
[[3,4,1,1,2,0,0,0,0],9,1].
[[2,8,2,1,1,1,1,2,2],71,37].
[[3,7,2,1,1,1,1,2,2],72,31].
[[2,7,2,1,2,0,0,0,0],57,33].
[[2,8,2,1,1,1,2,2,2],63,25].
[[3,6,2,1,2,1,2,1,0],37,1].
[[3,3,2,0,0,0,2,1,0],11,0].
[[2,6,2,1,2,1,2,3,0],45,3].
[[3,6,2,1,2,1,2,2,2],89,7].
[[1,7,2,0,0,0,2,1,0],56,12].
[[3,5,0,1,2,0,1,2,0],12,0].
[[3,6,2,1,2,0,2,3,2],81,10].
[[3,7,2,1,1,0,2,2,2],7,3].
[[1,8,2,1,2,0,2,3,2],34,18].
[[3,7,2,1,2,0,1,2,2],57,28].
[[2,7,2,0,0,0,2,1,2],51,20].
[[3,7,2,0,0,0,1,1,2],24,15].
[[3,3,2,1,2,0,2,3,2],66,0].
[[1,6,2,0,0,0,2,1,0],31,1].
[[2,6,2,0,0,0,2,1,0],29,0].
[[2,8,2,1,1,1,0,0,0],27,23].
[[1,6,2,1,2,1,2,3,2],52,3].
[[2,6,2,1,1,1,2,3,2],19,4].
[[3,6,2,1,1,1,2,3,2],43,2].
[[3,3,2,1,1,1,2,3,0],13,0].
[[1,8,2,1,1,1,2,3,2],49,10].
[[3,7,2,0,0,0,0,0,0],55,45].
[[3,8,2,1,1,0,2,3,0],8,16].
[[3,7,2,0,0,0,2,2,2],94,27].
[[2,3,2,0,0,0,2,2,0],14,0].
[[3,3,2,1,2,1,2,2,0],45,1].
[[2,8,2,1,2,0,0,0,0],20,28].
[[3,8,2,1,2,1,0,0,0],0,11].
[[1,8,2,1,2,0,1,2,0],14,6].
[[2,8,2,1,2,0,1,2,0],70,39].
[[3,7,2,1,1,0,1,2,0],4,5].
[[2,5,0,1,2,1,1,1,0],12,1].
[[3,7,2,1,2,0,1,2,0],78,20].
[[3,8,2,1,2,0,2,1,0],30,18].
[[3,7,2,1,2,0,2,3,2],94,30].
[[3,8,2,1,2,0,2,3,0],54,44].
[[3,6,2,1,2,0,1,2,0],28,3].
[[1,8,2,1,2,0,2,2,0],31,15].
[[3,3,2,1,2,0,2,2,0],12,1].
[[3,8,2,1,1,1,2,2,2],57,24].
[[3,6,2,0,0,0,0,0,0],16,0].
[[3,3,2,1,2,0,2,1,2],19,0].
[[2,7,2,1,2,0,1,2,0],12,2].
[[3,5,0,1,2,0,1,1,2],18,3].
[[3,3,2,1,2,1,2,2,2],67,2].
[[1,8,2,1,2,0,1,2,2],8,8].
[[2,8,2,1,1,0,1,2,2],4,7].
[[3,5,0,1,1,0,1,1,2],2,3].
[[3,6,2,0,0,0,2,2,0],30,1].
[[3,8,2,1,1,1,1,2,2],115,75].
[[3,7,2,1,1,1,2,1,0],55,38].
[[3,4,1,1,2,0,2,1,2],7,1].
[[3,7,2,1,2,0,2,2,0],80,44].
[[3,6,2,1,2,0,1,1,0],11,9].
[[2,8,2,1,2,0,1,1,2],21,15].
[[3,8,2,1,2,0,1,1,2],22,29].
[[3,7,2,1,2,0,2,2,2],53,17].
[[3,7,2,1,1,0,2,2,0],9,17].
[[2,3,2,0,0,0,2,2,2],45,2].
[[1,6,2,1,2,1,2,2,2],29,6].
[[2,4,1,1,2,0,2,3,2],10,2].
[[3,4,1,1,2,0,1,1,2],16,3].
[[3,3,2,0,0,0,0,0,0],86,10].
[[3,6,2,1,1,0,1,1,2],2,1].
[[1,3,2,0,0,0,2,1,0],4,0].
[[2,3,2,0,0,0,2,1,0],7,0].
[[1,6,2,1,2,0,0,0,0],50,6].
[[2,6,2,1,2,0,0,0,0],53,11].
[[2,8,2,1,2,0,2,2,2],47,32].
[[1,6,2,1,2,0,2,2,2],13,4].
[[2,3,2,1,2,0,2,2,2],4,0].
[[2,6,2,1,2,0,2,2,0],10,0].
[[3,7,2,1,2,0,2,1,0],40,27].
[[3,6,2,1,1,0,2,2,2],9,8].
[[2,5,0,0,0,0,1,1,2],8,2].
[[3,5,0,0,0,0,1,1,2],18,4].
[[3,6,2,1,1,1,2,1,2],14,1].
[[1,3,2,0,0,0,1,2,2],2,0].
[[2,3,2,1,2,1,1,2,2],8,0].
[[3,3,2,0,0,0,2,2,0],21,2].
[[2,3,2,1,2,0,0,0,0],37,0].
[[3,3,2,1,1,0,0,0,0],8,0].
[[3,6,2,1,2,0,0,0,0],12,1].
[[3,6,2,1,1,0,2,3,2],23,4].
[[3,6,2,1,2,1,0,0,0],25,0].
[[2,6,2,1,2,0,1,1,2],9,8].
[[1,8,2,1,2,1,1,1,2],26,7].
[[3,8,2,1,1,1,2,1,0],44,34].
[[2,7,2,1,1,1,1,2,2],9,1].
[[1,8,2,1,2,0,2,1,0],9,11].
[[3,4,1,1,2,0,2,2,2],18,4].
[[1,8,2,1,1,1,2,1,0],28,9].
[[1,8,2,1,2,0,2,3,0],38,22].
[[3,6,2,0,0,0,2,1,2],16,2].
[[3,5,0,0,0,0,1,2,0],17,0].
[[3,8,2,1,1,0,1,2,0],18,30].
[[1,7,2,1,2,1,2,1,0],21,10].
[[2,7,2,1,1,1,2,1,0],18,7].
[[3,6,2,1,1,1,1,2,2],43,5].
[[3,3,2,1,2,0,0,0,0],52,2].
[[2,7,0,0,0,0,0,0,0],2,3].
[[3,7,0,0,0,0,0,0,0],1,4].
[[2,7,2,1,1,1,2,3,0],47,10].
[[3,7,0,1,2,1,2,2,2],2,2].
[[2,8,2,1,1,0,0,0,0],3,2].
[[3,8,2,1,1,0,2,2,2],2,6].
[[3,8,2,1,1,0,2,1,2],2,5].
[[3,7,0,1,2,1,2,3,2],4,6].
[[3,6,2,0,0,0,1,1,0],13,7].
[[3,3,2,1,1,1,1,2,2],12,0].
[[3,7,2,1,1,1,1,1,0],35,24].
[[3,6,2,1,1,0,0,0,0],4,3].
[[2,7,2,1,2,0,2,3,2],19,17].
[[2,4,1,1,2,0,1,2,0],11,2].
[[3,2,0,0,0,0,0,0,0],0,1].
[[3,3,2,1,1,1,0,0,0],12,0].
[[3,7,2,1,1,0,0,0,0],2,2].
[[3,5,0,1,2,1,1,2,0],51,0].
[[2,6,2,1,2,0,2,1,2],18,3].
[[3,6,2,1,2,0,2,1,2],25,1].
[[3,5,0,1,2,1,1,1,0],36,9].
[[2,8,2,1,1,0,2,2,2],5,4].
[[1,6,2,1,2,1,1,1,2],9,1].
[[3,6,2,1,1,1,1,1,2],10,5].
[[2,3,2,0,0,0,2,3,2],72,1].
[[1,6,2,1,2,1,2,1,2],11,2].
[[3,6,2,1,1,1,1,2,0],21,2].
[[1,6,2,0,0,0,2,2,0],38,0].
[[2,6,2,1,1,0,1,2,2],7,1].
[[3,6,2,1,1,0,1,2,0],7,3].
[[3,7,0,1,2,1,2,1,2],2,3].
[[3,4,1,1,2,0,1,1,0],21,3].
[[3,3,2,0,0,0,1,2,2],42,1].
[[1,6,2,1,2,1,2,3,0],11,1].
[[2,6,2,1,2,1,1,2,0],17,2].
[[3,2,2,1,2,1,1,2,0],2,0].
[[1,6,2,1,2,1,1,1,0],1,1].
[[2,6,2,1,2,1,1,1,0],6,4].
[[3,3,2,1,1,0,1,2,2],2,0].
[[3,8,2,1,2,0,2,1,2],11,6].
[[3,7,2,1,1,0,2,3,2],3,10].
[[2,2,2,0,0,0,0,0,0],41,0].
[[2,3,2,1,2,1,2,3,2],33,0].
[[2,7,0,0,0,0,2,1,0],0,2].
[[3,7,0,1,2,1,2,1,0],0,8].
[[3,6,2,1,1,1,2,2,0],6,0].
[[2,7,2,1,1,1,2,1,2],5,1].
[[3,8,2,0,0,0,2,2,2],44,17].
[[2,8,2,1,2,0,1,1,0],17,18].
[[3,5,0,1,1,1,1,1,2],11,2].
[[1,6,2,1,2,0,2,2,0],3,0].
[[2,2,2,1,2,0,2,2,0],1,0].
[[3,2,2,1,1,0,2,2,0],1,0].
[[3,5,0,0,0,0,1,1,0],23,5].
[[2,6,2,1,1,1,2,2,0],4,0].
[[3,3,2,1,1,1,2,2,0],6,0].
[[2,6,2,0,0,0,1,2,0],28,3].
[[3,3,2,0,0,0,1,2,0],20,0].
[[3,3,2,1,2,1,1,2,0],21,1].
[[3,3,2,1,2,0,2,3,0],14,0].
[[1,7,2,1,2,1,1,1,0],2,2].
[[2,7,2,1,2,1,1,1,0],23,17].
[[2,8,2,1,1,0,2,3,0],7,4].
[[3,4,1,1,2,0,1,2,0],41,9].
[[3,8,2,1,2,1,2,1,2],33,27].
[[1,7,2,1,2,1,1,2,0],8,3].
[[2,7,2,1,1,1,1,2,0],11,3].
[[2,6,2,1,1,0,0,0,0],6,3].
[[2,2,2,0,0,0,2,2,0],1,0].
[[3,2,2,0,0,0,2,2,0],4,0].
[[3,8,2,1,1,0,2,3,2],4,12].
[[3,6,2,1,1,0,2,1,2],4,1].
[[1,8,2,1,1,1,2,1,2],11,2].
[[3,8,2,0,0,0,2,1,2],19,8].
[[1,8,2,1,1,1,1,1,0],2,4].
[[3,6,2,1,2,0,1,1,2],22,17].
[[1,2,2,0,0,0,0,0,0],38,0].
[[2,2,2,1,2,0,2,2,2],1,0].
[[3,2,2,1,2,0,2,2,2],10,0].
[[2,3,2,1,2,1,2,2,0],9,0].
[[3,7,0,0,0,0,2,2,2],1,2].
[[3,3,2,0,0,0,1,1,2],19,0].
[[3,3,2,1,2,0,2,1,0],10,0].
[[1,2,2,0,0,0,2,2,2],1,0].
[[2,2,2,0,0,0,2,2,2],11,0].
[[1,8,2,1,1,1,1,2,2],12,2].
[[2,6,2,1,2,0,1,1,0],1,3].
[[3,3,2,1,2,0,1,1,0],6,0].
[[2,6,2,1,1,1,1,1,2],6,2].
[[2,4,1,1,2,0,2,2,2],5,3].
[[3,8,2,1,1,0,1,1,0],7,13].
[[1,6,2,1,2,1,2,2,0],6,0].
[[2,7,2,0,0,0,1,1,2],13,8].
[[1,7,2,0,0,0,1,1,0],5,2].
[[3,6,2,1,2,1,1,1,0],19,13].
[[3,2,2,1,2,0,0,0,0],6,0].
[[3,8,2,1,1,0,1,1,2],2,9].
[[3,7,2,1,2,0,1,1,2],16,8].
[[2,6,2,1,2,0,2,3,0],12,2].
[[3,3,2,1,2,0,1,1,2],10,0].
[[2,8,2,1,1,0,2,2,0],5,9].
[[2,5,0,0,0,0,1,1,0],12,2].
[[2,4,1,1,2,0,1,1,2],5,0].
[[2,7,2,1,2,0,2,1,2],11,5].
[[1,6,2,1,2,0,2,1,2],4,1].
[[1,7,2,1,2,1,2,3,2],42,15].
[[2,6,2,1,2,1,2,1,0],13,1].
[[2,2,2,0,0,0,2,3,2],10,0].
[[3,2,2,0,0,0,2,3,2],13,0].
[[3,3,2,0,0,0,1,1,0],8,0].
[[3,4,1,1,2,0,2,3,2],29,5].
[[3,6,2,0,0,0,2,3,0],31,1].
[[1,6,2,1,2,0,1,2,2],5,1].
[[3,6,2,1,1,0,1,2,2],14,7].
[[3,7,0,0,0,0,2,1,0],0,1].
[[1,7,2,0,0,0,1,2,2],2,0].
[[3,5,0,1,1,1,1,2,2],3,0].
[[3,5,0,1,2,0,1,1,0],8,5].
[[3,3,2,1,2,0,1,2,0],11,0].
[[3,3,2,1,1,0,2,2,2],11,0].
[[3,7,0,1,2,1,1,1,0],0,2].
[[3,7,0,1,2,0,0,0,0],1,1].
[[2,5,0,0,0,0,1,2,0],8,0].
[[3,2,2,1,2,1,2,3,2],13,0].
[[3,6,2,1,2,0,2,1,0],12,0].
[[2,4,1,1,2,0,2,1,0],4,2].
[[3,4,1,1,2,0,2,1,0],15,5].
[[2,2,2,0,0,0,2,1,2],4,0].
[[3,2,2,0,0,0,2,1,2],3,0].
[[2,6,2,1,1,1,1,1,0],0,1].
[[3,6,2,1,1,1,1,1,0],3,6].
[[2,3,2,0,0,0,2,3,0],14,1].
[[3,2,2,0,0,0,2,3,0],5,0].
[[3,3,2,0,0,0,2,3,0],26,1].
[[2,4,1,1,2,0,2,1,2],2,0].
[[3,8,2,1,1,0,2,1,0],4,11].
[[3,7,0,1,2,1,1,2,0],0,4].
[[2,3,2,1,2,1,2,2,2],15,0].
[[3,7,0,1,2,1,2,3,0],3,4].
[[2,6,2,1,1,1,0,0,0],14,0].
[[2,6,2,1,1,1,1,2,0],3,0].
[[3,8,2,1,1,1,2,1,2],15,9].
[[2,5,0,1,2,0,1,1,2],5,0].
[[3,4,0,1,2,0,1,1,2],0,1].
[[1,6,2,1,2,0,2,3,0],3,1].
[[2,6,2,1,2,0,2,1,0],3,1].
[[3,3,2,1,2,1,2,1,0],15,1].
[[3,2,2,1,2,0,2,1,2],3,0].
[[2,3,2,1,2,1,2,1,2],7,0].
[[2,8,2,1,1,0,1,1,0],1,1].
[[1,8,2,1,2,0,2,1,2],7,7].
[[3,6,2,1,1,1,2,3,0],9,2].
[[2,6,2,1,1,1,1,2,2],13,0].
[[3,7,2,1,1,0,1,2,2],2,5].
[[3,7,2,1,1,0,2,3,0],8,9].
[[2,3,2,0,0,0,1,1,0],3,0].
[[1,6,2,1,2,0,2,3,2],22,4].
[[3,6,2,1,1,1,2,1,0],5,0].
[[2,3,2,0,0,0,1,1,2],8,0].
[[3,2,2,1,2,1,2,2,2],6,0].
[[3,3,2,1,1,1,2,2,2],10,0].
[[3,7,0,1,2,0,2,1,2],0,1].
[[2,7,2,1,2,0,2,1,0],9,4].
[[2,3,2,0,0,0,1,2,2],19,0].
[[2,6,2,1,1,0,2,2,2],7,1].
[[3,2,2,1,2,1,2,2,0],4,0].
[[2,8,2,1,1,0,2,1,0],2,3].
[[2,6,2,1,1,1,2,1,2],5,0].
[[3,7,0,1,2,0,2,3,0],1,2].
[[2,3,2,1,2,0,1,2,2],4,0].
[[3,2,2,1,2,1,2,1,0],3,0].
[[1,3,2,0,0,0,2,2,0],2,1].
[[3,6,2,0,0,0,2,1,0],20,0].
[[2,6,2,1,1,0,2,3,2],9,1].
[[3,2,2,1,2,1,1,1,2],3,0].
[[3,8,2,1,2,0,0,0,0],0,4].
[[1,6,2,1,2,1,1,2,0],3,0].
[[2,3,2,0,0,0,1,2,0],6,0].
[[2,5,0,1,2,1,1,2,0],8,0].
[[3,2,2,1,2,0,2,3,0],3,0].
[[3,7,0,0,0,0,2,3,0],2,2].
[[2,7,0,0,0,0,2,2,2],1,1].
[[3,7,0,0,0,0,2,2,0],0,3].
[[2,7,0,1,2,1,1,1,0],0,1].
[[3,3,2,1,1,0,2,1,2],1,0].
[[2,7,2,1,2,0,1,1,0],2,1].
[[3,6,2,1,1,1,0,0,0],3,0].
[[2,2,2,1,2,1,2,3,0],1,0].
[[3,2,2,1,2,1,2,3,0],2,0].
[[3,2,2,0,0,0,1,2,2],16,0].
[[2,7,2,1,2,0,1,2,2],2,5].
[[1,6,2,0,0,0,1,1,0],1,1].
[[1,8,2,1,2,0,1,1,2],2,2].
[[3,2,2,1,2,0,1,2,2],6,0].
[[3,8,2,0,0,0,0,0,0],0,5].
[[3,7,2,1,1,0,1,1,2],1,1].
[[1,8,2,1,1,1,1,1,2],4,1].
[[2,3,2,1,2,1,1,2,0],2,0].
[[3,4,0,1,2,0,0,0,0],0,1].
[[2,2,2,1,2,1,2,2,2],3,0].
[[2,7,2,1,1,1,1,1,2],1,1].
[[3,2,2,0,0,0,0,0,0],15,0].
[[3,6,2,1,1,0,2,2,0],2,2].
[[3,7,2,1,1,0,1,1,0],2,1].
[[3,8,2,1,1,1,0,0,0],1,4].
[[3,6,2,1,1,0,2,3,0],5,4].
[[2,7,2,1,1,1,1,1,0],2,3].
[[3,7,2,1,1,0,2,1,2],4,0].
[[1,6,2,1,2,1,2,1,0],3,0].
[[3,7,0,0,0,0,1,2,2],0,1].
[[3,7,0,1,1,1,2,3,0],0,4].
[[2,4,1,1,2,0,0,0,0],3,1].
[[2,7,0,1,2,1,2,1,0],0,1].
[[1,2,2,0,0,0,2,3,2],2,0].
[[3,6,2,1,1,0,2,1,0],3,2].
[[1,3,2,0,0,0,2,2,2],4,0].
[[2,3,2,1,2,0,2,1,2],3,0].
[[2,7,0,0,0,0,2,2,0],0,1].
[[3,7,0,1,2,0,2,2,0],0,2].
[[1,3,2,0,0,0,2,3,0],4,0].
[[2,8,2,1,1,0,1,2,0],2,6].
[[2,8,2,1,1,0,2,3,2],1,7].
[[3,2,2,0,0,0,2,1,0],5,0].
[[2,2,2,0,0,0,1,2,2],7,0].
[[3,5,0,1,1,0,1,1,0],1,1].
[[2,6,2,1,1,0,2,1,2],1,0].
[[3,2,2,1,2,0,2,2,0],1,0].
[[2,2,2,1,2,0,0,0,0],3,0].
[[3,3,0,1,2,1,0,0,0],0,2].
[[2,2,2,1,2,1,0,0,0],3,0].
[[3,3,0,1,2,1,2,3,2],0,1].
[[3,2,2,1,2,1,1,2,2],3,0].
[[2,5,0,1,1,1,1,1,2],1,1].
[[2,7,0,1,2,1,2,3,2],0,2].
[[2,7,2,1,2,0,1,1,2],2,1].
[[3,7,0,1,2,1,1,2,2],1,2].
[[1,6,2,1,2,0,1,1,2],3,0].
[[2,7,0,0,0,0,2,3,2],3,0].
[[3,7,0,1,2,0,2,3,2],1,0].
[[3,7,0,0,0,0,2,3,2],0,2].
[[2,6,2,1,1,0,2,3,0],0,1].
[[3,7,2,1,1,0,2,1,0],2,3].
[[2,3,2,1,2,1,2,1,0],4,0].
[[3,3,2,1,1,1,2,1,0],4,0].
[[3,2,2,1,2,0,2,3,2],7,0].
[[3,2,2,0,0,0,1,1,2],3,0].
[[3,2,2,1,2,1,0,0,0],8,0].
[[3,3,2,1,1,1,1,1,0],1,0].
[[3,7,0,1,2,0,2,1,0],0,1].
[[3,7,0,1,1,1,2,2,0],0,1].
[[1,3,2,0,0,0,1,1,2],2,0].
[[1,2,2,0,0,0,2,3,0],2,0].
[[2,2,2,1,2,0,2,3,0],1,0].
[[3,2,2,1,1,0,2,3,0],1,0].
[[2,2,2,1,2,1,2,1,2],1,0].
[[3,7,0,1,1,1,2,3,2],0,1].
[[2,7,0,0,0,0,2,3,0],0,1].
[[2,2,2,0,0,0,2,1,0],2,0].
[[3,2,2,1,2,0,1,1,0],1,0].
[[2,8,2,1,1,0,2,1,2],1,0].
[[2,5,0,1,1,1,1,1,0],0,1].
[[2,3,2,1,2,0,2,2,0],1,0].
[[2,3,2,1,2,0,1,1,2],1,0].
[[2,6,2,1,1,1,2,3,0],2,0].
[[1,8,2,1,2,0,1,1,0],2,2].
[[1,2,2,0,0,0,1,2,2],1,0].
[[2,5,0,1,2,0,1,1,0],2,0].
[[2,3,2,1,2,0,1,2,0],1,0].
[[3,3,2,1,1,0,1,1,0],1,0].
[[3,2,0,0,0,0,2,3,0],1,0].
[[3,5,0,0,0,0,1,2,2],1,0].
[[3,5,0,1,2,0,1,2,2],2,0].
[[3,7,0,1,1,1,2,2,2],1,0].
[[2,5,0,1,1,1,1,2,0],2,0].
[[1,6,2,1,2,0,2,1,0],1,1].
[[2,3,2,1,2,0,2,1,0],1,0].
[[3,5,0,1,1,0,1,2,0],0,1].
[[3,1,1,1,2,0,1,1,2],1,0].
[[1,6,2,1,2,0,1,1,0],0,1].
[[3,7,0,1,1,1,1,2,0],0,1].
[[2,6,2,1,1,0,2,2,0],1,0].
[[1,7,2,0,0,0,1,1,2],1,0].
[[1,2,2,0,0,0,2,1,2],2,0].
[[2,2,2,1,2,0,2,1,2],1,0].
[[3,7,0,1,1,1,0,0,0],1,0].
[[3,7,0,0,0,0,2,1,2],1,0].
[[3,3,2,1,1,0,2,2,0],1,0].
[[2,2,2,0,0,0,2,3,0],2,0].
[[2,3,2,1,2,1,1,1,0],2,0].
[[2,3,2,1,2,0,2,3,0],1,0].
[[2,5,0,1,2,0,1,2,0],1,0].
[[3,4,0,1,2,0,2,2,0],0,1].
[[3,7,0,1,2,0,2,2,2],1,0].
[[3,3,2,1,1,0,2,3,0],1,0].
[[3,2,2,1,1,0,2,2,2],1,0].
[[3,3,2,1,1,0,2,1,0],1,0].
[[2,7,0,1,2,1,2,2,0],0,1].
[[3,7,0,1,1,1,1,1,0],0,1].
[[2,6,2,1,1,1,2,1,0],1,0].
[[2,4,1,1,2,0,1,1,0],2,0].
[[2,7,0,1,2,1,2,3,0],0,1].
[[3,2,2,1,2,0,1,1,2],1,0].
[[3,4,0,1,2,0,1,2,2],0,1].
[[2,6,2,1,1,0,2,1,0],0,1].
[[2,8,2,1,1,0,1,1,2],1,0].
