total_WL(6910,4983).
[[1,4,2,1,2,0,2,3,1],21,0].
[[2,4,2,1,2,0,2,2,1],41,1].
[[3,4,2,1,2,0,2,2,1],62,3].
[[1,9,2,1,2,2,2,3,1],184,216].
[[2,9,1,1,2,2,1,2,1],87,137].
[[3,9,1,1,2,2,1,2,1],44,128].
[[1,8,1,0,0,0,2,3,0],126,43].
[[2,8,1,0,0,0,2,2,0],67,24].
[[3,8,1,1,2,0,2,1,1],17,9].
[[1,6,1,0,0,0,2,3,1],14,0].
[[2,2,1,0,0,0,2,3,1],3,0].
[[3,2,1,0,0,0,2,3,1],2,0].
[[1,9,2,1,2,2,1,2,0],110,83].
[[2,8,1,1,2,2,1,2,0],65,31].
[[3,7,1,1,2,2,1,2,0],44,10].
[[1,8,1,1,2,2,0,0,0],264,141].
[[2,8,1,1,1,2,2,3,1],93,25].
[[3,4,2,1,2,0,2,3,1],94,3].
[[1,7,1,0,0,0,0,0,0],47,21].
[[2,7,1,0,0,0,0,0,0],55,27].
[[3,7,1,1,2,0,0,0,0],10,7].
[[1,9,2,1,1,2,2,3,0],92,51].
[[2,8,0,1,1,2,2,3,0],58,37].
[[3,7,0,1,1,2,2,3,0],17,6].
[[1,9,2,1,2,2,1,1,0],26,39].
[[2,9,1,1,2,2,1,2,0],137,162].
[[3,9,1,1,2,2,1,2,0],92,165].
[[1,8,1,0,0,0,2,3,1],239,85].
[[2,7,2,0,0,0,2,3,1],23,2].
[[3,7,2,0,0,0,2,3,1],12,0].
[[2,7,1,1,2,2,0,0,0],78,55].
[[3,7,1,1,2,2,0,0,0],39,22].
[[1,8,0,1,2,2,1,2,0],8,4].
[[2,8,0,1,2,2,1,2,0],45,36].
[[3,7,1,1,2,2,1,2,1],78,21].
[[1,8,1,1,2,2,2,3,1],175,58].
[[2,8,1,1,2,2,2,3,1],188,91].
[[3,7,1,1,2,2,2,3,1],130,45].
[[3,8,0,1,2,2,1,2,0],98,77].
[[1,8,1,0,0,0,0,0,0],327,175].
[[2,8,1,0,0,0,2,2,1],94,39].
[[3,8,1,1,2,2,2,3,0],63,94].
[[2,8,1,1,2,0,2,2,0],20,13].
[[3,7,1,1,2,2,2,2,0],59,22].
[[1,9,2,1,1,2,2,1,1],58,24].
[[2,9,1,1,1,2,2,1,1],33,14].
[[3,9,1,1,1,2,1,1,1],12,38].
[[1,8,0,1,1,2,2,2,1],22,9].
[[2,8,0,1,1,2,2,2,1],26,21].
[[3,8,0,1,1,2,2,2,1],13,31].
[[1,8,0,1,2,2,0,0,0],171,153].
[[2,8,0,1,1,2,2,3,1],63,34].
[[3,8,0,1,1,2,2,3,1],28,51].
[[2,8,0,1,2,2,2,3,1],80,75].
[[3,8,1,1,1,2,1,2,1],75,39].
[[1,9,2,1,2,2,2,3,0],213,228].
[[2,8,0,1,2,2,2,3,0],100,81].
[[1,9,2,0,0,0,2,3,0],195,217].
[[2,9,1,1,2,0,2,3,1],12,29].
[[3,8,1,1,1,0,2,3,1],9,9].
[[1,9,2,1,1,2,0,0,0],69,63].
[[2,9,1,1,1,2,2,3,1],43,55].
[[3,9,1,1,1,2,2,3,1],12,34].
[[1,8,1,1,2,0,0,0,0],32,21].
[[2,8,1,1,1,0,0,0,0],2,1].
[[3,8,1,1,1,0,2,3,0],6,8].
[[1,8,1,0,0,0,2,1,1],123,44].
[[2,8,1,1,2,0,2,2,1],33,20].
[[3,8,1,1,1,0,1,1,1],3,4].
[[1,9,2,1,2,2,1,2,1],83,93].
[[2,8,0,1,2,2,1,2,1],41,37].
[[3,8,0,1,2,2,1,2,1],80,87].
[[1,9,2,0,0,0,2,2,0],143,162].
[[2,8,0,0,0,0,2,2,0],42,32].
[[3,8,0,1,2,0,1,1,0],11,15].
[[2,9,1,1,1,2,2,2,1],19,35].
[[3,4,2,1,2,0,1,2,1],131,0].
[[2,9,1,1,2,0,1,2,1],20,42].
[[3,9,1,1,1,0,1,2,0],6,20].
[[1,9,2,1,2,2,2,1,1],94,85].
[[2,8,1,1,2,0,2,3,1],48,36].
[[3,8,1,1,2,0,2,2,0],14,21].
[[1,9,2,1,1,2,2,2,0],61,31].
[[2,4,2,1,2,0,2,2,0],51,0].
[[3,4,2,1,2,0,2,2,0],72,3].
[[2,9,1,1,2,0,2,2,0],25,47].
[[3,9,1,1,2,2,2,3,0],10,71].
[[1,9,2,0,0,0,2,3,1],170,226].
[[2,9,1,0,0,0,1,2,1],48,60].
[[3,9,1,0,0,0,1,2,1],11,21].
[[1,9,2,0,0,0,2,2,1],108,115].
[[3,7,1,1,2,0,2,2,1],23,13].
[[2,9,1,0,0,0,2,3,0],54,107].
[[3,8,1,0,0,0,2,3,0],17,11].
[[2,8,1,1,2,2,2,1,1],107,36].
[[3,8,1,1,2,2,2,2,1],70,35].
[[1,8,1,0,0,0,1,2,0],28,10].
[[2,8,1,0,0,0,1,2,0],41,7].
[[3,6,1,0,0,0,1,2,0],10,0].
[[2,9,1,1,2,2,2,2,0],88,156].
[[3,8,0,1,2,2,2,2,0],53,98].
[[1,9,2,1,1,2,1,1,1],13,7].
[[2,8,0,1,1,2,1,1,1],11,6].
[[3,8,0,1,1,2,1,1,1],13,21].
[[1,6,1,0,0,0,0,0,0],80,0].
[[2,6,1,1,2,2,2,3,1],20,0].
[[3,6,1,1,2,2,1,2,1],20,1].
[[1,9,2,1,1,2,1,1,0],13,5].
[[2,8,1,1,1,2,1,1,0],6,3].
[[3,7,1,1,1,2,1,1,0],6,4].
[[3,7,1,1,2,2,2,1,1],69,21].
[[2,8,0,0,0,0,2,3,1],42,48].
[[3,8,0,0,0,0,1,2,1],13,18].
[[2,9,1,0,0,0,2,2,0],31,66].
[[3,9,1,1,2,0,2,3,0],2,14].
[[2,8,1,0,0,0,2,3,0],81,44].
[[1,8,1,1,2,2,2,3,0],70,22].
[[2,8,1,1,2,2,2,3,0],117,74].
[[3,7,2,1,2,2,1,2,1],44,4].
[[1,9,2,1,2,0,2,2,0],16,33].
[[2,8,1,1,1,0,2,2,1],3,2].
[[3,8,1,1,1,0,2,2,1],7,6].
[[1,8,0,0,0,0,2,3,0],36,21].
[[3,7,0,1,2,2,2,3,0],25,9].
[[2,8,1,1,2,2,1,1,1],54,13].
[[3,8,1,1,2,2,1,2,1],155,81].
[[1,8,0,1,1,2,2,2,0],11,3].
[[2,8,0,1,1,2,2,2,0],36,21].
[[3,8,0,1,1,2,2,2,0],42,61].
[[1,9,2,0,0,0,0,0,0],82,225].
[[2,8,1,0,0,0,0,0,0],41,27].
[[1,8,1,1,2,2,2,1,1],99,29].
[[2,7,1,1,1,2,2,1,1],7,1].
[[3,7,1,1,1,2,2,3,1],52,22].
[[1,9,2,1,1,2,1,2,0],51,15].
[[2,9,1,1,1,2,1,1,0],19,23].
[[3,9,1,1,1,2,1,1,0],20,45].
[[1,8,1,1,2,2,2,2,1],137,40].
[[2,8,1,1,2,2,2,2,1],126,65].
[[3,8,1,1,1,2,2,3,1],60,30].
[[1,8,0,0,0,0,2,1,0],7,17].
[[2,8,0,1,2,0,1,1,0],2,2].
[[1,9,2,1,2,2,2,2,1],110,137].
[[2,9,1,1,2,2,1,1,1],34,50].
[[3,8,1,1,2,2,1,1,1],62,34].
[[1,8,1,1,2,2,1,1,1],21,5].
[[3,8,1,1,1,2,1,1,1],18,14].
[[3,8,1,1,2,2,2,3,1],92,43].
[[2,7,1,0,0,0,2,1,1],20,4].
[[3,7,1,0,0,0,2,1,1],14,1].
[[1,6,1,1,2,2,0,0,0],30,2].
[[2,6,1,1,1,2,2,3,0],4,0].
[[3,6,1,1,1,2,2,3,0],9,0].
[[2,7,1,0,0,0,2,3,1],48,7].
[[3,7,1,1,1,2,2,2,1],35,10].
[[3,8,0,0,0,0,1,1,0],7,9].
[[1,9,2,1,1,2,2,2,1],57,30].
[[1,8,0,0,0,0,0,0,0],114,144].
[[3,9,1,1,2,0,1,2,1],17,41].
[[3,8,1,1,2,0,2,3,0],26,28].
[[2,8,0,1,2,2,2,1,1],40,31].
[[2,8,0,0,0,0,2,3,0],51,38].
[[1,9,2,0,0,0,2,1,1],104,88].
[[2,8,1,0,0,0,2,1,1],74,26].
[[3,7,1,1,2,0,2,1,1],12,4].
[[1,5,0,0,0,0,1,1,1],11,5].
[[2,5,0,0,0,0,1,1,1],20,4].
[[3,5,0,1,2,2,1,1,1],52,5].
[[1,7,1,1,2,2,0,0,0],46,17].
[[2,7,1,1,2,2,2,1,1],27,9].
[[2,9,1,1,1,2,0,0,0],0,8].
[[3,9,1,1,1,2,2,3,0],3,50].
[[1,8,0,0,0,0,2,3,1],31,32].
[[3,8,0,1,2,0,2,3,1],14,25].
[[2,9,1,1,1,2,2,1,0],34,30].
[[3,9,1,1,1,2,2,1,0],3,17].
[[1,8,1,1,2,2,2,2,0],60,17].
[[2,6,1,1,2,2,2,2,0],8,0].
[[3,6,1,1,2,2,1,1,0],8,1].
[[1,8,1,1,1,2,0,0,0],53,12].
[[2,4,2,1,2,0,2,3,0],64,2].
[[3,4,2,1,2,0,2,3,0],90,4].
[[1,9,2,1,2,2,0,0,0],119,238].
[[2,8,1,1,1,2,2,1,1],33,8].
[[3,7,1,1,1,2,2,1,1],26,8].
[[2,8,0,0,0,0,2,2,1],32,22].
[[3,8,0,1,2,2,1,1,1],20,29].
[[1,9,2,1,2,2,2,1,0],74,80].
[[2,8,1,1,2,2,2,1,0],35,22].
[[3,8,1,1,2,2,1,1,0],35,33].
[[2,9,1,1,2,2,2,1,0],37,60].
[[3,8,1,1,2,2,2,1,0],25,16].
[[2,9,1,1,1,2,2,2,0],57,67].
[[2,9,1,1,2,2,2,1,1],22,33].
[[3,8,0,1,1,2,2,1,1],12,15].
[[1,8,1,1,1,2,2,3,1],38,7].
[[2,4,2,1,2,0,2,3,1],54,1].
[[3,6,1,1,2,2,2,3,0],19,0].
[[3,8,0,1,2,0,2,3,0],14,30].
[[1,8,0,1,2,2,2,3,1],61,40].
[[3,9,1,1,2,2,2,1,0],3,24].
[[3,8,0,1,1,2,1,2,0],68,52].
[[1,9,2,1,2,2,2,2,0],177,173].
[[2,8,0,1,2,0,2,1,1],7,5].
[[2,9,1,1,2,2,2,3,0],102,208].
[[1,8,1,0,0,0,2,2,1],143,71].
[[1,6,1,0,0,0,2,2,1],14,1].
[[2,6,1,1,2,2,1,2,1],7,0].
[[1,8,1,0,0,0,1,2,1],42,32].
[[2,8,1,0,0,0,1,2,1],59,35].
[[1,8,0,0,0,0,2,2,1],39,35].
[[2,8,0,1,2,0,2,2,1],6,11].
[[2,8,1,1,2,0,1,1,1],10,3].
[[3,6,1,1,2,0,1,1,1],2,1].
[[3,9,1,1,1,2,1,2,0],64,139].
[[2,9,1,0,0,0,2,1,0],21,35].
[[3,9,1,0,0,0,1,1,0],7,27].
[[2,8,1,1,2,2,1,2,1],120,49].
[[2,8,0,1,2,2,0,0,0],46,109].
[[3,6,0,1,2,2,0,0,0],3,8].
[[3,8,1,1,2,0,1,2,0],43,22].
[[2,7,1,1,2,2,2,2,1],33,12].
[[3,7,1,1,2,2,2,2,1],88,31].
[[3,8,1,1,2,0,2,1,0],7,8].
[[1,8,1,1,2,0,2,2,0],8,4].
[[2,8,1,1,2,0,0,0,0],11,15].
[[3,7,2,1,1,0,2,3,1],4,4].
[[1,8,0,1,2,2,2,2,0],37,27].
[[2,8,0,1,2,2,2,1,0],37,29].
[[3,8,0,1,2,2,2,3,0],68,129].
[[3,8,0,1,2,2,2,3,1],48,58].
[[2,9,1,1,1,2,2,3,0],61,82].
[[1,8,1,1,1,2,2,1,0],5,2].
[[2,8,1,1,1,2,1,2,0],23,3].
[[3,8,1,1,1,2,1,2,0],55,22].
[[3,8,1,0,0,0,2,1,0],3,8].
[[1,8,0,0,0,0,2,2,0],24,10].
[[1,8,0,1,1,2,2,3,1],26,7].
[[2,4,2,1,2,0,1,2,1],45,0].
[[2,8,0,1,2,0,1,2,1],4,8].
[[3,8,1,1,2,0,1,2,1],43,37].
[[2,9,1,1,1,2,1,2,1],60,55].
[[1,8,1,0,0,0,2,2,0],78,21].
[[2,8,1,1,2,2,1,1,0],26,16].
[[2,7,2,1,2,2,2,2,0],5,0].
[[3,7,2,1,2,2,2,2,0],9,0].
[[3,8,1,1,2,2,2,1,1],47,20].
[[1,8,1,1,2,2,1,2,1],38,16].
[[3,4,2,1,2,0,1,2,0],163,1].
[[2,9,1,0,0,0,2,2,1],25,38].
[[3,8,0,0,0,0,2,2,1],7,11].
[[3,9,1,1,2,2,1,1,0],29,103].
[[1,9,2,1,2,0,2,2,1],13,18].
[[2,8,0,1,2,2,2,2,1],54,53].
[[2,9,1,1,1,2,1,2,0],75,52].
[[2,8,1,0,0,0,2,3,1],133,45].
[[3,8,1,0,0,0,2,3,1],35,16].
[[3,8,0,0,0,0,2,2,0],19,27].
[[1,9,2,0,0,0,1,2,1],86,84].
[[3,9,1,1,2,0,1,2,0],20,51].
[[3,8,0,1,2,2,2,1,1],16,20].
[[2,8,1,1,2,2,2,2,0],73,40].
[[3,8,1,1,2,2,1,2,0],115,59].
[[2,8,0,1,1,2,1,1,0],8,6].
[[3,8,0,1,1,2,1,1,0],21,29].
[[3,9,1,1,2,2,2,1,1],5,24].
[[3,9,1,1,1,2,2,2,1],13,16].
[[1,7,2,1,2,2,2,2,1],8,0].
[[3,3,1,1,2,2,2,2,1],13,1].
[[3,8,1,1,2,2,2,2,0],43,48].
[[2,9,1,1,2,2,2,3,1],62,114].
[[3,9,1,1,2,2,1,1,1],20,45].
[[3,8,0,0,0,0,2,3,1],9,15].
[[1,9,2,1,1,2,2,3,1],98,56].
[[3,8,0,1,1,2,1,2,1],40,53].
[[3,8,0,1,2,2,2,2,1],24,42].
[[1,8,0,1,2,2,2,3,0],53,26].
[[2,7,1,1,2,2,2,3,0],27,12].
[[2,8,0,1,2,0,0,0,0],4,14].
[[3,8,0,1,1,0,0,0,0],0,2].
[[3,8,1,1,1,2,2,2,0],23,22].
[[1,4,2,1,2,0,0,0,0],12,0].
[[3,8,1,1,1,2,2,2,1],40,22].
[[3,7,0,1,1,2,0,0,0],8,13].
[[3,8,1,0,0,0,1,2,0],34,15].
[[2,9,1,1,2,0,2,3,0],22,44].
[[2,8,0,1,2,2,1,1,0],15,12].
[[3,7,1,1,2,2,1,1,0],10,7].
[[2,8,1,1,2,0,1,2,0],11,7].
[[3,8,1,1,1,0,1,2,0],10,16].
[[1,9,2,0,0,0,2,1,0],64,88].
[[1,9,2,1,2,0,2,1,1],7,11].
[[3,9,1,1,2,2,2,3,1],11,33].
[[2,6,1,0,0,0,2,2,1],16,2].
[[3,3,2,0,0,0,2,2,1],5,1].
[[1,7,2,0,0,0,0,0,0],67,11].
[[2,7,2,1,2,2,2,3,1],44,6].
[[3,3,2,1,2,2,2,3,1],6,0].
[[3,8,0,0,0,0,2,3,0],13,22].
[[1,8,1,1,1,2,2,3,0],14,3].
[[1,8,0,1,2,2,2,1,1],27,24].
[[3,8,0,0,0,0,2,1,0],2,15].
[[2,8,1,1,1,2,2,2,1],56,21].
[[2,7,0,1,1,2,0,0,0],2,5].
[[2,9,1,0,0,0,2,3,1],34,63].
[[3,9,1,1,2,0,2,3,1],5,13].
[[2,7,1,1,2,2,2,3,1],75,22].
[[1,8,1,0,0,0,1,1,1],18,9].
[[2,6,1,0,0,0,1,1,1],2,0].
[[3,6,1,0,0,0,1,1,1],3,0].
[[2,9,1,1,2,2,2,2,1],37,72].
[[3,3,1,1,2,2,0,0,0],16,9].
[[1,7,2,0,0,0,2,3,1],29,1].
[[2,8,0,0,0,0,0,0,0],14,54].
[[3,8,0,1,2,0,0,0,0],0,5].
[[2,9,1,1,2,2,0,0,0],2,35].
[[2,8,0,1,1,2,0,0,0],32,41].
[[3,7,1,1,1,2,0,0,0],16,10].
[[3,8,1,1,1,0,2,2,0],4,9].
[[3,6,1,1,2,2,2,3,1],35,1].
[[3,9,1,1,1,2,1,2,1],35,83].
[[2,5,0,1,1,2,1,2,0],5,0].
[[3,5,0,1,1,2,1,2,0],23,3].
[[2,9,1,0,0,0,1,1,0],17,48].
[[1,9,2,1,2,0,0,0,0],15,18].
[[3,8,1,0,0,0,2,2,0],17,11].
[[2,7,2,1,2,0,0,0,0],12,0].
[[3,3,2,1,1,0,0,0,0],1,0].
[[3,9,1,1,1,2,2,1,1],7,8].
[[2,3,2,0,0,0,2,2,1],3,0].
[[2,9,1,0,0,0,0,0,0],2,16].
[[3,9,1,0,0,0,2,1,0],2,2].
[[2,7,2,1,2,2,2,1,1],19,3].
[[1,9,2,1,2,0,2,3,0],24,29].
[[2,8,0,1,2,0,2,3,0],9,12].
[[3,6,0,1,2,2,2,3,0],11,11].
[[1,6,1,0,0,0,2,3,0],6,0].
[[2,6,1,0,0,0,2,3,0],10,0].
[[3,6,1,1,2,0,2,1,1],8,0].
[[3,7,1,1,2,2,1,1,1],14,11].
[[2,8,1,1,1,2,1,2,1],43,15].
[[3,7,1,1,1,2,1,2,1],37,12].
[[3,9,1,1,2,0,2,2,1],6,14].
[[2,9,1,0,0,0,1,1,1],17,29].
[[3,8,0,0,0,0,1,1,1],13,6].
[[2,6,1,1,2,2,0,0,0],38,2].
[[3,6,1,1,2,2,2,2,0],12,0].
[[2,7,1,1,1,2,2,3,1],13,5].
[[2,8,0,1,2,2,2,2,0],94,61].
[[3,8,0,1,1,2,2,3,0],38,82].
[[2,8,1,1,2,0,2,3,0],32,24].
[[3,7,1,1,2,2,2,3,0],74,37].
[[2,7,2,0,0,0,1,2,0],3,0].
[[3,7,2,0,0,0,1,1,0],5,0].
[[1,5,0,1,1,2,2,1,0],2,0].
[[3,8,1,0,0,0,1,1,1],21,8].
[[1,4,2,1,2,0,1,2,1],4,0].
[[3,4,2,1,2,0,1,1,1],54,1].
[[3,8,0,1,1,2,2,1,0],20,31].
[[1,4,2,1,2,0,2,2,1],10,0].
[[2,6,1,1,2,2,2,3,0],9,0].
[[2,3,2,1,2,2,0,0,0],7,0].
[[3,3,2,1,2,2,0,0,0],14,0].
[[3,4,2,1,2,0,2,1,1],28,1].
[[3,8,1,1,1,2,2,3,0],34,36].
[[1,5,0,1,1,2,1,1,1],6,1].
[[2,5,0,1,1,2,1,1,1],14,2].
[[3,5,0,1,1,2,1,1,1],37,2].
[[2,8,1,1,1,2,2,3,0],46,17].
[[3,8,0,1,2,2,2,1,0],25,35].
[[3,8,0,1,2,0,2,1,0],6,8].
[[2,9,1,0,0,0,2,1,1],17,20].
[[3,9,1,1,2,0,1,1,1],6,10].
[[3,7,2,1,1,0,2,2,1],4,0].
[[3,5,0,0,0,0,1,1,1],14,1].
[[2,8,1,1,2,2,0,0,0],54,57].
[[3,6,1,1,2,2,2,1,1],15,2].
[[2,7,1,1,2,2,2,2,0],22,8].
[[3,9,1,0,0,0,1,2,0],25,42].
[[3,9,1,1,1,0,2,3,1],2,6].
[[2,8,0,0,0,0,2,1,0],11,17].
[[1,9,2,1,1,2,2,1,0],29,14].
[[1,8,1,1,2,0,2,2,1],18,8].
[[2,6,1,1,2,2,2,1,1],10,1].
[[3,3,1,1,1,2,2,1,1],3,0].
[[3,8,1,0,0,0,1,1,0],13,10].
[[1,6,0,1,2,2,0,0,0],7,5].
[[2,6,0,1,1,2,0,0,0],1,4].
[[3,6,0,1,1,2,2,2,0],0,3].
[[2,8,1,1,2,0,1,2,1],24,20].
[[3,8,1,1,1,0,1,2,1],12,27].
[[2,8,1,0,0,0,1,1,0],17,12].
[[1,9,2,0,0,0,1,1,1],33,29].
[[1,7,2,1,2,0,2,2,1],1,0].
[[2,3,2,1,2,0,2,2,1],1,0].
[[3,3,2,1,2,0,2,2,1],3,0].
[[2,8,0,1,1,2,2,1,0],24,5].
[[1,7,2,1,2,2,0,0,0],19,1].
[[3,7,2,1,2,2,2,1,1],20,4].
[[3,9,1,1,2,2,2,2,1],15,28].
[[3,7,0,1,2,2,0,0,0],16,14].
[[2,5,0,1,1,0,1,1,0],0,1].
[[3,5,0,1,1,0,1,1,0],1,3].
[[3,5,0,1,2,2,1,2,0],27,5].
[[1,9,2,0,0,0,1,2,0],72,73].
[[2,8,0,1,2,0,1,2,0],6,6].
[[3,8,0,1,2,0,1,2,0],21,15].
[[1,9,2,1,2,2,1,1,1],53,24].
[[2,7,2,0,0,0,2,1,1],25,0].
[[3,7,2,0,0,0,1,2,1],16,1].
[[3,8,1,0,0,0,2,2,1],24,10].
[[2,5,0,1,1,2,2,1,0],3,1].
[[2,8,0,1,1,2,1,2,0],30,12].
[[3,7,1,1,1,2,1,2,0],19,3].
[[3,7,2,1,2,2,2,2,1],30,0].
[[2,7,0,0,0,0,2,3,0],1,0].
[[3,7,0,0,0,0,2,3,0],8,0].
[[3,7,1,1,2,0,2,3,0],23,6].
[[3,8,1,0,0,0,1,2,1],46,11].
[[3,5,0,1,1,2,1,1,0],17,4].
[[3,9,1,1,2,0,2,2,0],4,27].
[[2,9,1,1,2,0,1,1,1],5,8].
[[3,8,1,1,2,0,1,1,1],23,12].
[[2,9,1,1,2,0,1,1,0],6,19].
[[3,9,1,1,1,0,1,1,0],2,9].
[[2,6,0,1,2,2,2,3,0],3,2].
[[1,8,0,1,1,2,0,0,0],47,30].
[[3,7,1,1,2,2,2,1,0],21,11].
[[2,5,0,1,1,2,1,1,0],5,0].
[[2,4,2,1,2,0,1,2,0],44,0].
[[3,7,2,1,2,0,1,2,1],17,7].
[[2,9,1,1,1,2,1,1,1],19,21].
[[3,9,1,1,2,0,1,1,0],6,24].
[[2,6,1,0,0,0,2,3,1],24,1].
[[3,7,1,1,1,2,2,3,0],24,18].
[[2,7,2,1,2,2,2,2,1],23,0].
[[2,8,1,1,1,2,2,2,0],32,5].
[[1,8,0,1,2,2,2,2,1],27,34].
[[3,7,1,1,1,0,2,3,1],5,12].
[[1,4,2,1,2,0,2,3,0],22,0].
[[3,7,2,1,1,2,2,2,0],5,1].
[[1,7,1,0,0,0,2,2,1],8,4].
[[2,7,1,0,0,0,2,2,1],23,11].
[[3,7,1,0,0,0,1,2,1],23,5].
[[3,9,1,1,2,2,0,0,0],0,4].
[[2,9,1,0,0,0,1,2,0],64,63].
[[2,8,1,0,0,0,1,1,1],25,11].
[[2,7,2,0,0,0,0,0,0],26,2].
[[1,9,2,0,0,0,1,1,0],24,34].
[[2,5,0,1,2,2,1,1,0],3,4].
[[3,5,0,1,2,2,1,1,0],20,6].
[[2,5,0,1,2,2,1,2,0],14,2].
[[1,8,0,1,2,2,1,1,0],4,4].
[[2,7,1,1,2,2,1,1,0],2,1].
[[3,8,0,1,2,0,2,2,0],7,30].
[[3,8,1,0,0,0,2,1,1],16,6].
[[1,8,1,1,1,2,2,2,1],17,7].
[[3,8,0,1,2,2,1,1,0],40,41].
[[3,7,1,0,0,0,2,2,0],14,4].
[[3,5,0,1,2,0,1,1,1],22,1].
[[3,7,2,1,2,0,0,0,0],6,1].
[[1,7,2,0,0,0,2,3,0],6,0].
[[2,3,2,0,0,0,2,3,0],2,0].
[[3,3,2,1,2,2,2,1,0],1,0].
[[1,9,2,1,1,2,1,2,1],40,13].
[[2,8,0,1,1,2,1,2,1],13,11].
[[3,7,2,1,1,2,2,3,1],23,1].
[[1,7,2,1,2,0,0,0,0],5,1].
[[2,7,2,1,2,0,2,1,1],9,2].
[[3,3,1,1,2,2,2,3,1],18,0].
[[3,7,0,1,1,2,1,2,1],7,3].
[[3,3,1,0,0,0,2,3,1],4,0].
[[3,7,0,1,2,2,2,2,1],10,5].
[[1,7,1,0,0,0,2,2,0],5,0].
[[2,7,1,0,0,0,2,2,0],11,1].
[[2,8,0,0,0,0,1,2,0],13,8].
[[3,7,1,1,2,0,1,2,0],6,3].
[[2,7,1,1,2,2,1,2,1],20,4].
[[2,9,1,1,2,2,1,1,0],34,60].
[[1,7,1,1,2,2,2,2,1],7,0].
[[3,7,1,1,1,0,2,3,0],1,6].
[[1,8,0,0,0,0,1,2,0],1,7].
[[1,8,1,0,0,0,2,1,0],20,9].
[[2,8,1,1,2,0,2,1,0],10,4].
[[3,8,1,1,2,0,1,1,0],13,11].
[[1,7,2,0,0,0,2,2,1],15,3].
[[2,7,2,0,0,0,2,2,1],20,2].
[[2,6,1,1,2,0,2,2,1],4,0].
[[3,6,1,1,2,0,2,2,1],11,0].
[[3,7,1,0,0,0,2,3,1],33,8].
[[3,7,1,1,2,0,1,1,0],5,4].
[[3,9,1,1,2,2,2,2,0],14,48].
[[2,6,0,0,0,0,0,0,0],3,5].
[[3,6,0,0,0,0,0,0,0],2,2].
[[2,6,1,1,2,0,2,3,1],10,0].
[[2,7,2,0,0,0,1,2,1],18,6].
[[1,7,1,1,2,2,2,2,0],5,0].
[[3,4,2,1,2,0,1,1,0],60,0].
[[2,7,1,1,2,0,2,3,1],12,4].
[[1,8,1,1,2,2,1,1,0],6,1].
[[2,8,0,0,0,0,1,2,1],18,21].
[[3,8,0,1,2,2,0,0,0],0,12].
[[3,7,0,1,1,2,2,2,0],15,3].
[[3,6,0,0,0,0,2,2,1],2,1].
[[3,6,1,1,2,2,2,1,0],5,0].
[[2,5,0,1,2,0,1,2,0],4,0].
[[3,5,0,1,2,0,1,2,0],9,2].
[[1,8,0,1,1,2,2,3,0],16,9].
[[1,8,0,0,0,0,1,1,1],5,3].
[[2,7,0,1,2,2,1,1,1],1,0].
[[3,7,0,1,2,2,1,2,1],8,4].
[[1,8,0,1,2,2,2,1,0],21,10].
[[3,6,0,1,2,2,2,1,0],3,3].
[[1,7,1,0,0,0,2,1,1],12,2].
[[2,7,1,1,2,0,2,2,0],4,0].
[[3,7,1,1,1,0,2,2,0],3,2].
[[3,8,1,1,2,0,2,2,1],42,15].
[[2,8,0,1,1,2,2,1,1],25,19].
[[3,7,1,1,2,0,2,3,1],34,12].
[[3,6,0,1,2,2,1,2,0],11,0].
[[2,7,2,1,1,2,2,3,0],1,1].
[[3,7,2,1,1,2,1,2,1],10,1].
[[2,9,1,1,2,0,1,2,0],20,40].
[[3,8,1,1,1,2,2,1,1],27,7].
[[1,8,1,1,2,0,1,2,1],1,9].
[[2,8,0,1,2,2,1,1,1],13,15].
[[1,8,1,1,2,0,2,3,1],21,11].
[[3,7,0,0,0,0,2,3,1],3,1].
[[2,9,1,1,2,0,2,1,0],9,16].
[[3,7,2,0,0,0,2,1,1],6,0].
[[3,8,1,1,1,2,2,1,0],15,9].
[[1,5,0,1,2,2,1,2,0],4,0].
[[2,7,1,1,1,2,2,2,1],11,1].
[[3,3,1,1,1,2,2,2,1],2,0].
[[3,6,1,0,0,0,1,1,0],1,0].
[[1,8,0,1,1,2,1,2,1],3,3].
[[3,7,2,1,2,2,2,3,1],42,4].
[[2,3,2,1,2,0,0,0,0],2,0].
[[3,8,0,1,2,0,1,2,1],20,30].
[[1,5,0,1,2,2,1,1,1],9,1].
[[2,5,0,1,2,2,1,1,1],24,1].
[[1,8,1,1,1,2,2,2,0],10,1].
[[2,6,1,1,1,2,2,2,0],3,0].
[[3,3,1,1,1,2,2,2,0],1,0].
[[1,8,1,1,2,2,1,2,0],14,6].
[[3,7,2,1,2,2,1,2,0],10,0].
[[3,8,1,1,2,0,2,3,1],28,18].
[[1,8,1,1,2,0,2,1,1],4,10].
[[3,9,1,0,0,0,2,2,1],2,8].
[[3,2,1,1,2,2,0,0,0],2,0].
[[3,3,2,0,0,0,2,3,1],10,0].
[[1,5,0,1,2,2,1,1,0],0,1].
[[3,7,2,0,0,0,2,3,0],9,0].
[[2,7,1,1,2,0,0,0,0],11,12].
[[3,7,1,1,1,0,0,0,0],1,6].
[[1,9,2,1,2,0,1,1,0],2,5].
[[3,6,1,1,1,2,2,2,1],10,0].
[[2,6,1,0,0,0,0,0,0],35,1].
[[2,7,2,1,2,0,2,2,1],8,1].
[[3,7,2,1,2,0,2,2,1],16,1].
[[1,4,2,1,2,0,1,1,1],4,0].
[[2,4,2,1,2,0,1,1,1],17,1].
[[3,4,2,1,2,0,2,1,0],40,1].
[[1,7,2,0,0,0,2,1,1],18,1].
[[2,8,1,1,1,0,2,3,1],3,5].
[[1,7,2,1,2,2,2,3,0],1,1].
[[3,6,1,0,0,0,2,1,0],4,0].
[[3,6,0,1,2,2,1,1,0],2,1].
[[1,8,1,0,0,0,1,1,0],3,5].
[[1,7,1,1,2,2,2,1,0],1,1].
[[2,3,1,1,2,2,2,1,0],1,0].
[[3,3,1,1,2,2,2,1,0],2,1].
[[3,8,0,1,2,0,1,1,1],6,11].
[[3,8,0,1,1,0,2,3,1],2,4].
[[3,6,1,0,0,0,2,3,1],14,0].
[[2,7,1,0,0,0,1,1,1],4,5].
[[3,7,2,0,0,0,2,2,0],3,0].
[[3,6,1,1,1,2,2,1,1],4,0].
[[3,3,2,1,2,2,2,1,1],8,0].
[[1,4,2,1,2,0,1,2,0],12,0].
[[3,9,1,1,1,2,2,2,0],6,48].
[[2,3,1,0,0,0,2,1,1],1,0].
[[3,3,1,1,2,0,1,2,1],2,0].
[[1,8,0,0,0,0,2,1,1],17,9].
[[2,8,0,0,0,0,2,1,1],14,15].
[[3,7,2,1,2,2,0,0,0],5,1].
[[3,8,0,1,1,2,0,0,0],1,13].
[[3,7,0,1,2,2,2,3,1],15,10].
[[3,7,0,1,1,2,2,1,1],10,2].
[[2,5,0,1,2,0,1,1,1],5,2].
[[2,7,2,1,1,0,2,1,1],1,2].
[[3,7,2,1,1,0,2,1,1],2,1].
[[3,7,1,0,0,0,1,2,0],6,1].
[[3,9,1,1,1,0,1,2,1],1,27].
[[2,7,1,1,1,2,0,0,0],24,6].
[[3,4,2,1,2,0,0,0,0],7,3].
[[2,8,1,1,1,2,0,0,0],22,8].
[[3,3,1,1,1,2,2,3,0],5,0].
[[3,6,0,1,2,2,2,1,1],2,0].
[[2,7,2,1,2,0,2,3,1],15,2].
[[3,8,0,0,0,0,2,1,1],9,6].
[[3,9,1,0,0,0,2,3,0],3,17].
[[3,8,1,1,1,2,1,1,0],14,9].
[[3,6,1,0,0,0,2,1,1],5,0].
[[1,8,1,1,2,2,2,1,0],25,5].
[[3,7,1,0,0,0,2,2,1],24,9].
[[1,6,0,1,2,2,2,3,0],1,2].
[[3,6,0,1,1,2,2,3,0],3,6].
[[2,8,1,1,1,0,1,2,1],2,2].
[[2,8,1,1,1,2,1,1,1],11,7].
[[3,9,1,0,0,0,2,3,1],8,10].
[[1,3,2,0,0,0,0,0,0],5,0].
[[2,3,2,0,0,0,0,0,0],14,0].
[[3,3,2,1,2,0,2,3,1],8,1].
[[2,9,1,1,2,0,2,1,1],5,10].
[[1,6,1,0,0,0,2,1,1],5,1].
[[1,7,2,0,0,0,1,1,1],3,1].
[[2,7,2,1,2,0,1,1,1],1,2].
[[3,7,2,1,1,0,1,2,0],1,2].
[[3,9,1,1,1,0,2,2,0],1,10].
[[3,7,0,1,2,2,1,2,0],8,1].
[[3,5,0,1,1,0,1,1,1],4,2].
[[3,6,1,1,2,0,2,2,0],10,0].
[[2,7,0,0,0,0,0,0,0],5,5].
[[3,7,0,0,0,0,2,2,0],3,2].
[[2,6,1,1,2,2,2,2,1],16,0].
[[3,6,1,1,2,2,2,2,1],18,0].
[[3,8,0,0,0,0,1,2,0],14,9].
[[1,8,0,0,0,0,1,2,1],5,4].
[[2,6,0,0,0,0,1,2,1],1,0].
[[3,2,0,1,2,2,1,2,1],1,0].
[[2,8,1,1,1,2,2,1,0],14,2].
[[3,7,1,1,1,2,2,1,0],12,3].
[[2,6,1,1,2,0,0,0,0],10,0].
[[3,6,1,1,2,0,2,3,0],10,0].
[[3,5,0,0,0,0,2,1,0],1,0].
[[3,7,2,1,1,0,1,2,1],3,4].
[[2,6,0,1,2,2,2,2,0],3,2].
[[3,6,0,1,2,2,2,2,0],5,4].
[[2,7,1,1,2,0,2,3,0],2,3].
[[3,3,2,0,0,0,2,3,0],2,0].
[[2,8,1,0,0,0,2,1,0],23,15].
[[3,7,2,0,0,0,1,1,1],6,2].
[[2,6,1,0,0,0,2,2,0],6,0].
[[3,6,1,0,0,0,2,2,0],5,1].
[[1,9,2,1,2,0,1,2,0],9,10].
[[2,7,0,1,2,2,0,0,0],9,3].
[[2,7,2,1,2,2,2,3,0],3,0].
[[3,7,0,1,2,2,1,1,1],4,3].
[[2,3,1,1,2,2,0,0,0],8,2].
[[3,3,1,1,2,2,2,1,1],7,2].
[[2,4,2,1,2,0,1,1,0],16,0].
[[3,7,1,1,2,0,2,1,0],5,2].
[[2,8,0,1,2,0,2,2,0],9,16].
[[3,7,1,1,2,0,2,2,0],20,6].
[[3,8,1,1,1,0,1,1,0],1,10].
[[2,9,1,1,2,0,2,2,1],17,19].
[[3,8,0,1,1,0,2,2,1],0,6].
[[2,7,2,0,0,0,2,1,0],3,1].
[[3,6,1,0,0,0,2,3,0],8,1].
[[2,7,2,1,2,0,1,2,1],5,2].
[[3,6,0,0,0,0,2,2,0],1,1].
[[1,6,1,1,2,2,2,2,0],1,0].
[[3,6,1,1,2,0,2,3,1],17,2].
[[2,4,2,1,2,0,0,0,0],14,0].
[[1,8,1,1,1,2,1,2,0],5,0].
[[3,6,1,1,1,2,2,3,1],7,1].
[[3,3,1,0,0,0,0,0,0],7,0].
[[1,9,2,1,2,0,2,3,1],14,39].
[[2,9,1,1,1,0,1,2,1],3,5].
[[2,4,2,1,2,0,2,1,0],17,0].
[[3,6,1,1,2,2,0,0,0],14,1].
[[2,6,0,1,1,2,2,3,0],2,1].
[[2,7,1,1,2,2,1,1,1],7,4].
[[2,9,1,1,1,0,2,2,0],0,7].
[[3,3,0,1,1,2,0,0,0],0,1].
[[1,6,1,0,0,0,2,1,0],2,0].
[[2,6,1,0,0,0,2,1,0],5,1].
[[2,8,0,0,0,0,1,1,0],3,5].
[[2,7,2,0,0,0,1,1,1],6,3].
[[3,7,2,1,2,0,1,1,1],8,2].
[[2,8,0,0,0,0,1,1,1],14,5].
[[2,7,0,1,2,2,2,1,0],2,0].
[[3,7,0,1,2,2,2,1,0],4,3].
[[3,7,1,0,0,0,0,0,0],13,8].
[[3,6,0,0,0,0,2,3,0],4,1].
[[1,8,0,1,1,2,2,1,1],7,5].
[[1,5,0,0,0,0,1,1,0],1,1].
[[3,7,2,1,1,2,2,2,1],6,0].
[[3,5,0,1,2,0,1,1,0],8,2].
[[1,4,2,1,2,0,2,2,0],19,0].
[[1,4,2,1,2,0,2,1,0],6,0].
[[2,7,0,1,2,2,2,2,0],5,1].
[[3,7,0,1,2,2,2,2,0],15,9].
[[3,7,2,1,2,2,2,3,0],14,1].
[[2,7,2,0,0,0,2,3,0],8,0].
[[3,7,1,1,2,0,1,1,1],11,2].
[[2,3,1,0,0,0,0,0,0],13,1].
[[3,3,1,1,2,0,2,2,1],3,0].
[[3,8,0,1,1,0,2,2,0],3,11].
[[2,6,0,1,2,2,2,1,1],2,1].
[[1,6,1,1,2,2,2,2,1],4,0].
[[3,2,1,1,2,2,2,2,1],1,0].
[[3,8,1,1,1,2,0,0,0],0,1].
[[3,7,2,1,1,0,2,1,0],2,0].
[[2,3,2,0,0,0,2,3,1],9,0].
[[1,8,1,1,1,2,1,1,1],3,2].
[[3,7,1,1,1,2,1,1,1],12,7].
[[3,7,2,1,2,0,2,3,1],30,1].
[[3,8,0,1,1,0,1,2,1],2,7].
[[2,7,1,1,2,0,2,2,1],1,5].
[[3,3,2,0,0,0,0,0,0],5,0].
[[3,7,0,1,2,2,2,1,1],8,5].
[[3,3,2,1,1,0,2,3,1],1,0].
[[3,7,0,1,2,0,1,2,1],1,2].
[[3,7,1,1,2,0,1,2,1],21,7].
[[2,8,0,1,2,0,2,1,0],4,3].
[[3,5,0,1,2,0,2,1,0],2,0].
[[1,7,2,1,2,2,2,3,1],7,0].
[[3,6,1,0,0,0,0,0,0],7,0].
[[3,8,0,1,1,0,2,3,0],2,7].
[[2,7,0,1,2,2,2,3,0],3,1].
[[3,7,1,0,0,0,2,1,0],6,4].
[[3,6,0,0,0,0,2,3,1],1,0].
[[3,7,1,1,1,2,2,2,0],18,12].
[[2,7,2,1,2,2,2,1,0],4,0].
[[3,7,2,1,2,2,2,1,0],5,0].
[[3,7,2,0,0,0,2,1,0],4,1].
[[1,7,1,0,0,0,2,3,1],11,3].
[[3,7,2,1,2,0,2,1,1],13,0].
[[3,6,0,1,1,2,2,3,1],3,7].
[[3,7,1,1,1,0,2,2,1],4,1].
[[3,7,0,1,2,0,2,2,1],3,2].
[[3,6,1,1,2,0,1,2,1],6,1].
[[2,6,0,1,2,2,0,0,0],10,8].
[[3,6,0,1,2,2,2,3,1],9,5].
[[2,7,2,1,2,2,0,0,0],21,1].
[[3,7,2,1,2,2,1,1,0],3,2].
[[2,6,1,1,1,2,0,0,0],4,1].
[[3,3,2,0,0,0,1,1,1],1,0].
[[3,7,0,1,1,2,2,1,0],4,1].
[[3,7,1,0,0,0,2,3,0],19,3].
[[3,7,0,1,2,0,2,3,0],4,3].
[[3,3,1,1,2,2,2,3,0],5,0].
[[3,3,1,0,0,0,1,1,1],2,1].
[[2,7,0,1,1,2,2,3,1],1,1].
[[3,7,0,1,1,2,2,3,1],11,9].
[[3,7,2,1,2,0,1,2,0],7,1].
[[2,7,0,1,2,2,2,3,1],4,2].
[[2,7,1,0,0,0,1,2,1],10,5].
[[2,9,1,1,1,0,0,0,0],1,2].
[[2,7,1,0,0,0,2,3,0],23,2].
[[3,8,0,1,1,0,1,2,0],3,8].
[[2,7,1,1,2,2,2,1,0],12,1].
[[2,9,1,1,1,0,1,2,0],3,4].
[[3,7,2,1,2,2,1,1,1],11,6].
[[1,7,1,0,0,0,2,1,0],2,0].
[[2,7,1,0,0,0,1,1,0],2,0].
[[3,7,0,1,2,0,2,3,1],5,2].
[[1,9,2,1,2,0,1,2,1],5,6].
[[3,8,0,1,1,0,2,1,0],1,3].
[[3,5,0,0,0,0,1,1,0],3,3].
[[3,6,1,1,2,0,1,2,0],7,0].
[[3,9,1,1,1,0,2,1,1],0,2].
[[1,8,1,1,2,0,2,1,0],5,4].
[[1,6,1,0,0,0,2,2,0],6,1].
[[2,6,1,0,0,0,1,2,0],5,0].
[[3,3,2,1,2,0,1,2,0],2,0].
[[1,8,0,1,1,2,2,1,0],7,3].
[[1,7,1,0,0,0,2,3,0],4,1].
[[1,8,1,1,1,2,2,1,1],12,4].
[[3,8,1,1,1,0,2,1,1],6,5].
[[2,7,1,1,2,0,1,2,1],3,3].
[[1,7,2,1,2,0,2,3,0],1,1].
[[2,7,2,1,2,0,2,3,0],3,2].
[[1,7,2,0,0,0,1,2,1],8,3].
[[3,3,2,0,0,0,1,2,1],2,0].
[[2,8,1,1,2,0,2,1,1],14,13].
[[3,8,1,1,1,0,2,1,0],1,2].
[[3,9,1,0,0,0,1,1,1],6,13].
[[3,5,0,1,1,0,1,2,0],4,5].
[[1,8,1,1,2,0,2,3,0],10,6].
[[2,6,0,1,1,2,2,3,1],2,1].
[[3,7,2,1,2,0,2,2,0],3,0].
[[2,7,0,1,1,2,2,3,0],1,1].
[[3,8,0,0,0,0,0,0,0],0,6].
[[2,8,0,1,2,0,2,3,1],15,7].
[[3,7,1,1,1,0,2,1,1],3,2].
[[2,9,1,1,1,0,2,2,1],0,5].
[[3,9,1,1,1,0,1,1,1],2,4].
[[2,9,1,1,1,0,2,3,0],1,4].
[[3,9,1,1,1,0,2,1,0],1,5].
[[1,3,2,0,0,0,1,1,1],1,0].
[[2,3,2,1,2,2,1,1,1],1,0].
[[3,3,2,1,2,2,1,1,1],2,0].
[[3,2,1,1,2,0,1,2,1],1,0].
[[3,7,0,1,2,2,1,1,0],5,2].
[[3,3,2,1,1,0,2,2,1],1,0].
[[1,8,0,1,1,2,1,2,0],3,1].
[[2,7,1,1,1,2,1,2,0],2,0].
[[2,7,1,1,1,2,2,3,0],10,3].
[[1,7,2,0,0,0,2,2,0],4,0].
[[2,7,2,0,0,0,2,2,0],5,0].
[[2,5,0,1,2,2,2,1,0],4,0].
[[3,5,0,1,1,2,2,3,0],6,0].
[[2,7,2,1,1,2,2,1,1],1,0].
[[3,7,2,1,1,2,2,1,1],9,0].
[[3,8,0,1,2,0,2,1,1],2,6].
[[1,4,2,1,2,0,1,1,0],1,0].
[[3,6,0,1,1,2,2,1,1],2,0].
[[3,7,0,0,0,0,0,0,0],3,5].
[[1,7,1,1,2,2,2,3,0],5,2].
[[3,7,0,1,2,0,0,0,0],0,6].
[[3,9,1,0,0,0,2,1,1],1,2].
[[1,4,2,1,2,0,2,1,1],6,1].
[[2,4,2,1,2,0,2,1,1],14,1].
[[1,8,0,1,2,2,1,2,1],8,7].
[[3,5,0,1,1,2,2,1,0],2,1].
[[3,3,1,1,2,2,2,2,0],8,0].
[[3,6,0,1,1,2,0,0,0],0,4].
[[2,9,1,1,1,0,2,3,1],0,7].
[[2,7,1,1,1,2,2,2,0],6,2].
[[2,6,0,1,2,2,2,2,1],3,2].
[[3,9,1,1,2,0,2,1,1],2,4].
[[3,6,0,1,2,0,0,0,0],0,1].
[[2,8,1,1,1,0,2,1,1],0,3].
[[2,7,2,1,2,2,1,2,1],8,2].
[[3,3,1,0,0,0,2,1,1],1,1].
[[3,7,0,1,2,0,2,1,0],2,0].
[[2,7,0,1,2,2,2,1,1],2,2].
[[3,6,1,0,0,0,1,2,1],5,1].
[[2,7,2,1,1,2,0,0,0],7,0].
[[3,3,2,1,1,2,0,0,0],3,0].
[[1,9,2,1,2,0,2,1,0],4,8].
[[3,6,1,1,2,2,1,1,1],12,0].
[[3,6,1,1,2,2,1,2,0],7,0].
[[3,8,1,1,2,0,0,0,0],0,3].
[[2,7,2,1,1,2,2,3,1],7,0].
[[2,5,0,0,0,0,1,1,0],3,2].
[[3,6,1,1,1,2,1,2,0],2,0].
[[2,7,1,1,2,0,2,1,0],1,1].
[[1,6,1,1,2,2,2,3,1],2,0].
[[3,2,1,0,0,0,2,2,1],1,0].
[[2,6,1,0,0,0,1,2,1],5,0].
[[3,9,1,0,0,0,2,2,0],2,8].
[[2,7,2,1,2,0,2,1,0],2,0].
[[3,7,2,1,2,0,1,1,0],2,1].
[[3,8,0,1,1,0,1,1,0],1,5].
[[2,6,1,1,1,2,2,1,1],2,0].
[[3,3,2,1,1,2,1,1,1],1,0].
[[2,8,1,1,2,0,1,1,0],0,10].
[[3,5,0,1,2,2,2,1,0],7,0].
[[3,6,1,1,1,2,1,2,1],7,0].
[[2,3,1,0,0,0,2,3,0],1,0].
[[3,7,0,1,1,2,2,2,1],7,4].
[[3,7,0,0,0,0,2,1,0],4,0].
[[1,7,1,1,2,2,2,3,1],15,2].
[[2,3,1,1,2,2,2,3,1],3,1].
[[3,3,1,1,1,2,2,3,1],4,2].
[[2,6,1,0,0,0,2,1,1],5,1].
[[3,6,1,1,2,0,0,0,0],4,0].
[[3,7,0,1,2,0,2,2,0],1,0].
[[1,7,1,1,2,2,2,1,1],4,1].
[[2,5,0,0,0,0,1,2,0],7,0].
[[1,7,2,1,2,0,1,2,1],0,1].
[[1,5,0,0,0,0,2,1,0],3,0].
[[3,5,0,1,2,2,2,3,0],5,0].
[[2,9,1,1,1,0,1,1,0],0,4].
[[1,6,0,0,0,0,0,0,0],3,3].
[[2,9,1,1,1,0,2,1,0],0,1].
[[2,6,0,1,2,2,2,1,0],2,0].
[[1,9,2,1,2,0,1,1,1],2,4].
[[2,9,1,1,1,0,1,1,1],0,2].
[[3,4,0,1,2,0,1,2,0],0,2].
[[3,3,1,1,2,0,2,3,1],3,0].
[[3,6,0,1,2,2,2,2,1],3,4].
[[1,5,0,1,1,2,2,3,0],1,0].
[[2,5,0,1,1,2,2,3,0],1,0].
[[3,3,1,0,0,0,2,2,1],4,0].
[[3,7,0,0,0,0,1,2,1],4,1].
[[2,7,2,1,1,2,2,2,1],5,0].
[[1,3,2,0,0,0,2,3,1],2,0].
[[3,2,1,1,2,0,0,0,0],1,0].
[[3,6,0,1,2,0,2,2,0],0,2].
[[2,8,1,1,1,0,1,1,0],0,2].
[[1,8,0,0,0,0,1,1,0],0,3].
[[3,7,2,1,2,0,2,3,0],4,0].
[[3,3,2,1,2,0,0,0,0],4,0].
[[3,9,1,1,2,0,2,1,0],1,6].
[[2,6,1,1,2,0,2,1,1],1,1].
[[2,6,1,1,1,2,2,2,1],2,0].
[[3,4,0,1,2,0,2,3,1],0,1].
[[3,6,1,1,1,0,2,3,1],1,2].
[[3,3,2,0,0,0,2,2,0],2,0].
[[3,6,0,1,2,2,1,2,1],3,3].
[[2,7,0,1,2,2,1,2,1],0,2].
[[2,6,1,1,2,2,1,2,0],2,0].
[[2,6,0,0,0,0,2,3,1],0,1].
[[3,7,0,0,0,0,2,2,1],2,1].
[[3,7,2,0,0,0,2,2,1],7,0].
[[3,7,2,1,1,2,0,0,0],3,0].
[[2,7,0,1,2,2,1,2,0],1,0].
[[3,7,0,1,1,2,1,2,0],7,3].
[[1,7,2,1,2,2,2,1,0],2,0].
[[2,6,1,1,2,2,1,1,1],1,0].
[[3,7,1,0,0,0,1,1,0],3,1].
[[2,7,1,1,2,0,2,1,1],2,5].
[[2,9,1,1,2,0,0,0,0],0,5].
[[2,7,0,1,2,2,2,2,1],0,1].
[[3,7,1,0,0,0,1,1,1],4,7].
[[3,9,1,1,1,2,0,0,0],0,1].
[[3,3,1,1,1,2,0,0,0],5,1].
[[2,7,0,1,1,2,2,2,1],0,1].
[[3,7,2,1,1,2,2,3,0],6,0].
[[2,7,0,0,0,0,2,1,1],0,1].
[[3,3,2,1,2,0,2,1,0],1,0].
[[3,7,0,1,2,0,2,1,1],2,1].
[[2,3,2,1,2,2,2,3,1],1,0].
[[3,3,2,1,2,2,2,3,0],4,0].
[[1,8,1,1,1,2,1,2,1],7,3].
[[3,7,2,0,0,0,0,0,0],2,0].
[[3,8,0,1,2,0,2,2,1],7,5].
[[2,7,1,1,1,2,2,1,0],3,1].
[[3,3,1,1,1,2,2,1,0],1,0].
[[3,6,0,1,1,2,2,2,1],2,1].
[[3,7,2,1,1,2,2,1,0],2,0].
[[2,6,0,1,2,2,2,3,1],2,4].
[[3,7,2,1,1,0,0,0,0],1,0].
[[3,6,1,0,0,0,2,2,1],5,0].
[[3,6,1,1,1,2,0,0,0],1,0].
[[2,9,1,1,1,0,2,1,1],1,1].
[[3,8,0,1,1,0,2,1,1],1,3].
[[3,2,1,0,0,0,0,0,0],4,0].
[[3,6,1,1,1,0,2,3,0],0,1].
[[2,6,1,1,2,0,2,1,0],1,1].
[[3,3,2,1,2,2,2,2,1],7,0].
[[2,6,0,0,0,0,2,2,1],1,1].
[[2,7,1,1,2,2,1,2,0],9,1].
[[1,6,0,1,2,2,2,2,1],1,0].
[[2,3,1,1,2,2,2,2,1],2,0].
[[3,6,0,1,2,0,2,1,1],1,0].
[[1,8,0,1,2,2,1,1,1],2,4].
[[2,7,2,1,2,0,2,2,0],2,0].
[[3,7,2,1,1,2,1,1,1],1,1].
[[2,6,0,1,1,2,1,2,0],0,1].
[[3,6,0,1,1,2,1,2,0],4,1].
[[3,3,2,1,1,2,1,2,1],2,0].
[[2,3,2,0,0,0,2,1,1],1,0].
[[3,3,2,1,2,0,2,1,1],4,0].
[[3,7,2,1,2,0,2,1,0],1,0].
[[2,7,0,1,1,2,2,1,1],2,2].
[[2,6,0,1,1,2,2,2,1],0,1].
[[2,7,1,0,0,0,1,2,0],2,0].
[[3,3,1,1,2,0,0,0,0],5,1].
[[3,5,0,0,0,0,1,2,0],11,1].
[[3,7,1,1,1,0,1,1,1],1,1].
[[2,6,1,1,2,0,2,2,0],1,0].
[[3,3,1,1,2,0,2,2,0],2,0].
[[2,6,1,1,2,0,1,2,0],1,1].
[[3,6,1,1,1,0,1,2,0],0,1].
[[1,6,0,1,2,2,2,2,0],2,0].
[[2,7,2,1,1,2,2,1,0],1,0].
[[3,7,2,1,1,2,1,1,0],1,1].
[[1,7,2,1,2,0,2,1,1],3,1].
[[1,8,1,1,1,2,1,1,0],2,0].
[[2,8,1,1,1,0,2,2,0],2,2].
[[3,3,1,0,0,0,1,2,1],1,0].
[[2,5,0,1,2,0,2,1,0],1,0].
[[2,7,0,1,1,2,2,1,0],1,0].
[[3,6,1,1,2,0,2,1,0],1,1].
[[3,3,1,0,0,0,1,2,0],1,0].
[[2,7,2,1,1,2,1,2,1],1,0].
[[1,5,0,1,2,2,2,1,0],3,0].
[[2,5,0,1,2,2,2,3,0],6,0].
[[2,7,2,1,1,2,2,2,0],1,0].
[[3,9,1,1,1,0,2,2,1],2,3].
[[2,6,0,1,2,2,1,1,1],0,1].
[[3,6,0,1,2,2,1,1,1],1,1].
[[3,9,1,1,1,0,2,3,0],0,2].
[[2,5,0,1,2,0,2,3,0],2,0].
[[3,5,0,1,2,0,2,3,0],1,0].
[[3,7,2,0,0,0,1,2,0],3,0].
[[3,6,0,1,1,2,1,2,1],1,1].
[[2,5,0,0,0,0,2,3,0],2,0].
[[3,3,2,1,2,0,1,2,1],5,0].
[[2,6,1,1,2,0,2,3,0],2,0].
[[1,7,2,1,2,0,2,3,1],2,0].
[[2,6,1,1,2,2,2,1,0],2,0].
[[3,3,1,1,2,0,1,1,1],1,0].
[[3,7,0,0,0,0,2,1,1],5,1].
[[1,3,2,0,0,0,2,2,1],1,0].
[[2,3,2,1,2,0,2,3,1],1,0].
[[2,8,1,1,1,0,2,1,0],0,2].
[[3,8,0,1,1,0,1,1,1],0,3].
[[3,4,0,1,2,0,2,2,1],0,1].
[[1,5,0,0,0,0,2,3,0],1,0].
[[2,5,0,1,2,2,2,2,0],1,0].
[[1,7,1,1,2,2,1,2,0],1,0].
[[1,6,0,1,2,2,2,3,1],0,1].
[[3,2,1,1,2,2,2,1,0],1,0].
[[1,7,2,1,2,2,2,1,1],2,1].
[[2,7,1,0,0,0,2,1,0],1,3].
[[1,8,1,1,2,0,1,1,0],1,0].
[[2,6,1,1,2,0,1,1,0],1,0].
[[3,3,1,1,2,0,1,1,0],1,0].
[[2,7,2,1,2,2,1,1,1],4,1].
[[3,7,1,1,1,0,1,2,0],1,1].
[[2,8,1,1,1,0,2,3,0],1,2].
[[1,7,1,0,0,0,1,2,1],0,1].
[[2,8,0,1,2,0,1,1,1],1,1].
[[2,6,0,0,0,0,2,3,0],1,0].
[[3,6,0,0,0,0,1,2,0],1,0].
[[2,6,1,1,2,2,1,1,0],0,1].
[[3,5,0,1,1,0,2,1,0],1,0].
[[2,7,0,0,0,0,2,1,0],0,1].
[[3,6,0,1,1,2,2,1,0],1,1].
[[2,5,0,0,0,0,2,1,0],1,0].
[[3,3,1,0,0,0,2,3,0],1,0].
[[3,6,1,1,1,2,2,2,0],2,0].
[[3,7,0,0,0,0,1,1,1],0,1].
[[2,3,2,0,0,0,1,2,1],3,0].
[[3,6,0,1,2,0,1,1,0],1,0].
[[3,3,1,0,0,0,2,1,0],1,1].
[[2,3,1,1,2,2,2,3,0],3,0].
[[3,3,1,1,2,2,1,2,0],1,0].
[[3,6,0,1,1,2,1,1,1],1,0].
[[1,7,2,0,0,0,2,1,0],1,0].
[[1,5,0,1,2,2,2,3,0],1,0].
[[3,5,0,1,2,2,2,2,0],1,0].
[[2,6,1,1,2,0,1,1,1],1,0].
[[3,3,1,1,2,2,1,2,1],3,0].
[[1,5,0,1,2,0,1,1,1],1,0].
[[2,5,0,1,1,0,1,1,1],1,0].
[[2,7,0,0,0,0,2,3,1],1,1].
[[2,7,0,0,0,0,2,2,1],0,1].
[[2,3,2,1,2,0,2,1,1],1,0].
[[2,3,1,0,0,0,2,3,1],1,0].
[[3,6,0,1,1,2,1,1,0],2,0].
[[2,7,1,1,1,2,1,2,1],1,2].
[[2,5,0,1,2,0,1,1,0],2,0].
[[3,3,2,0,0,0,2,1,0],1,0].
[[2,8,1,1,1,0,1,2,0],1,1].
[[3,7,1,1,1,0,1,2,1],1,2].
[[3,7,0,0,0,0,1,1,0],1,0].
[[2,3,2,1,2,2,2,2,1],2,0].
[[3,6,1,1,1,0,2,2,0],1,0].
[[3,6,1,1,1,2,1,1,0],1,0].
[[2,6,0,1,1,2,2,2,0],0,1].
[[2,7,0,1,2,2,1,1,0],1,0].
[[2,7,2,1,2,2,1,1,0],0,1].
[[2,7,1,1,2,0,1,2,0],1,1].
[[3,6,0,0,0,0,1,1,1],1,0].
[[2,6,0,0,0,0,2,1,1],1,0].
[[3,3,1,1,2,2,1,1,1],1,0].
[[1,7,1,1,2,2,1,1,1],1,0].
[[1,6,1,1,2,2,2,1,1],2,0].
[[2,2,1,0,0,0,0,0,0],2,0].
[[2,3,2,0,0,0,2,2,0],2,0].
[[3,7,1,1,1,0,2,1,0],0,1].
[[2,7,2,1,1,0,2,3,0],0,1].
[[2,3,2,0,0,0,2,1,0],1,0].
[[3,3,2,0,0,0,1,1,0],1,0].
[[3,7,2,1,1,0,2,3,0],3,0].
[[2,7,0,1,1,2,1,2,0],1,0].
[[1,7,2,1,2,2,1,2,1],2,0].
[[3,3,2,1,2,2,1,2,1],2,0].
[[2,3,2,1,2,2,1,2,1],1,0].
[[2,6,0,1,1,2,1,2,1],1,0].
[[3,3,2,0,0,0,2,1,1],1,0].
[[2,3,1,0,0,0,2,2,1],1,0].
[[3,7,0,0,0,0,1,2,0],1,0].
[[3,6,0,0,0,0,2,1,1],0,1].
[[1,8,1,1,2,0,1,1,1],0,1].
[[2,7,2,1,1,0,2,3,1],1,0].
[[3,8,1,1,2,2,0,0,0],0,2].
[[2,7,1,1,1,2,1,1,1],0,1].
[[3,7,0,1,1,2,1,1,1],2,0].
[[3,3,2,1,2,0,2,2,0],1,0].
[[2,5,0,1,1,0,1,2,0],0,1].
[[3,8,1,1,1,0,0,0,0],0,1].
[[1,8,1,1,2,0,1,2,0],0,1].
[[1,5,0,0,0,0,1,2,0],1,0].
[[3,2,1,1,2,0,2,3,0],1,0].
[[1,6,1,1,2,2,1,2,1],1,0].
[[3,7,2,1,1,2,1,2,0],1,0].
[[3,7,0,1,2,0,1,1,1],1,0].
[[1,6,1,1,2,2,2,3,0],2,0].
[[2,7,0,1,1,2,1,1,1],1,0].
[[2,3,1,1,2,2,2,1,1],1,0].
[[2,3,1,1,2,2,2,2,0],1,0].
[[3,7,0,1,1,2,1,1,0],1,0].
[[3,5,0,1,1,2,2,2,0],1,0].
[[1,2,1,0,0,0,0,0,0],1,0].
[[3,2,1,1,2,0,2,2,0],1,0].
[[2,6,1,1,1,2,1,2,1],1,0].
[[3,3,2,1,2,2,1,1,0],1,0].
