total_WL(14258,20997).
[[1,8,0,0,0,0,0,0,0],247,989].
[[2,8,0,1,2,1,2,2,0],53,269].
[[3,8,0,1,2,1,1,1,0],5,163].
[[1,8,0,0,0,0,2,2,2],105,235].
[[2,7,0,1,2,1,2,2,2],0,4].
[[3,7,0,1,1,1,1,2,2],2,14].
[[1,9,2,1,2,1,2,3,0],252,555].
[[2,9,2,1,2,1,1,2,1],72,192].
[[3,8,1,1,2,1,1,2,1],353,224].
[[1,9,2,0,0,0,1,1,2],212,256].
[[2,9,2,0,0,0,1,2,1],74,170].
[[3,8,0,0,0,0,1,2,1],12,105].
[[1,8,1,0,0,0,2,2,1],368,179].
[[2,7,1,1,2,1,2,2,1],50,18].
[[3,7,1,1,2,1,1,2,1],174,51].
[[1,9,2,0,0,0,2,3,2],234,823].
[[2,9,2,0,0,0,2,2,1],16,115].
[[3,8,0,1,2,1,2,2,1],7,95].
[[1,8,1,0,0,0,2,3,2],545,297].
[[2,8,1,1,2,0,2,3,2],58,41].
[[3,7,1,1,2,1,2,3,2],109,62].
[[1,8,1,1,2,1,2,1,2],76,36].
[[2,8,1,1,2,1,2,1,2],76,41].
[[3,8,1,1,1,1,1,2,2],124,86].
[[1,9,2,0,0,0,1,2,2],447,863].
[[2,9,2,0,0,0,1,2,2],150,532].
[[3,5,0,1,2,1,1,1,2],286,5].
[[1,8,1,0,0,0,2,2,2],472,271].
[[2,8,1,1,2,1,1,1,2],83,40].
[[3,7,2,1,1,1,1,1,2],10,8].
[[3,9,2,1,2,0,1,2,2],2,92].
[[1,8,1,1,2,1,2,2,0],46,24].
[[2,8,1,1,1,1,2,2,0],32,19].
[[3,8,1,1,1,1,2,2,0],67,64].
[[2,5,0,1,2,1,1,1,2],136,2].
[[1,9,2,0,0,0,2,1,0],178,589].
[[2,8,0,0,0,0,2,1,0],30,174].
[[3,8,0,0,0,0,2,1,1],0,12].
[[1,8,1,0,0,0,0,0,0],762,646].
[[2,7,2,1,2,0,0,0,0],21,3].
[[3,7,2,1,2,0,0,0,0],4,3].
[[1,8,1,0,0,0,2,1,1],139,51].
[[2,8,1,0,0,0,1,1,1],69,55].
[[3,8,1,1,2,1,1,1,1],60,80].
[[1,8,1,0,0,0,2,3,1],647,348].
[[2,6,1,0,0,0,2,3,1],72,5].
[[3,6,1,0,0,0,1,2,1],29,1].
[[1,9,2,0,0,0,2,3,0],480,1315].
[[2,9,2,1,2,0,1,2,0],17,61].
[[3,8,0,1,2,0,1,2,0],3,80].
[[1,8,1,0,0,0,1,2,2],250,106].
[[2,8,1,0,0,0,1,2,1],277,134].
[[3,8,1,0,0,0,1,2,0],79,55].
[[2,8,1,0,0,0,2,2,1],165,117].
[[3,7,1,1,2,1,2,2,1],68,59].
[[1,9,2,1,2,1,1,1,0],30,71].
[[2,9,2,1,2,1,1,1,0],20,122].
[[3,8,1,1,2,1,1,1,0],65,77].
[[2,9,2,0,0,0,2,1,0],53,281].
[[3,8,0,1,2,1,2,1,0],18,319].
[[2,9,1,0,0,0,2,3,0],33,126].
[[3,8,0,1,2,0,2,3,0],12,169].
[[1,9,2,1,1,1,1,2,0],9,10].
[[2,9,1,1,1,1,1,2,0],16,38].
[[3,8,0,1,1,1,1,2,0],3,106].
[[1,9,2,0,0,0,2,2,0],314,1023].
[[2,9,2,0,0,0,2,2,0],72,429].
[[3,8,0,0,0,0,2,2,0],5,220].
[[2,8,1,0,0,0,0,0,0],72,100].
[[3,8,1,1,2,1,2,3,1],84,121].
[[1,9,2,1,2,1,1,2,0],46,155].
[[2,9,2,1,2,1,1,2,0],40,198].
[[3,9,2,1,1,1,1,2,0],2,34].
[[1,9,2,1,2,1,2,2,2],100,307].
[[2,9,2,1,2,1,2,3,0],124,583].
[[3,8,0,1,1,1,2,3,0],15,188].
[[2,8,1,1,2,1,2,3,2],198,94].
[[2,8,1,1,2,0,1,1,1],12,15].
[[2,9,2,0,0,0,2,3,0],119,607].
[[3,9,1,0,0,0,2,2,0],2,51].
[[3,9,2,0,0,0,2,1,0],1,41].
[[2,9,2,1,1,1,2,3,0],47,131].
[[3,9,1,1,1,1,1,2,0],16,141].
[[1,8,0,0,0,0,2,1,2],42,133].
[[2,8,0,0,0,0,2,1,2],17,92].
[[3,7,1,0,0,0,2,1,2],26,21].
[[1,7,2,0,0,0,2,3,2],97,15].
[[2,7,2,0,0,0,2,2,1],22,3].
[[3,7,2,1,2,1,2,3,0],38,3].
[[1,8,1,1,2,1,2,3,0],73,36].
[[2,8,1,1,1,1,2,3,0],42,24].
[[3,4,1,1,2,0,2,3,0],84,22].
[[2,9,2,1,2,1,2,2,2],16,80].
[[3,8,1,1,2,1,2,2,2],45,27].
[[1,8,1,1,2,0,2,3,1],32,25].
[[2,8,1,1,1,0,2,3,1],1,3].
[[3,8,1,1,1,0,2,1,1],0,4].
[[1,9,2,1,2,1,2,1,2],38,133].
[[2,9,1,1,2,1,1,2,2],21,56].
[[3,9,1,1,1,1,1,2,2],7,72].
[[1,8,1,1,2,1,2,3,2],205,110].
[[2,8,1,1,2,1,1,2,2],257,122].
[[3,7,1,1,2,1,1,2,2],208,68].
[[1,9,2,0,0,0,2,2,2],184,701].
[[2,8,1,0,0,0,2,2,2],215,146].
[[3,7,2,1,2,1,2,2,2],64,11].
[[2,8,0,0,0,0,1,2,2],67,254].
[[3,8,0,1,2,1,1,2,2],26,552].
[[1,8,0,0,0,0,2,1,0],32,81].
[[2,8,0,1,2,0,2,1,0],3,22].
[[3,7,1,1,1,0,2,1,0],1,3].
[[1,9,2,0,0,0,2,1,1],36,48].
[[2,8,0,1,2,0,2,1,1],1,2].
[[3,7,0,1,2,0,2,1,1],1,4].
[[1,9,2,0,0,0,0,0,0],319,1331].
[[2,8,1,1,2,1,2,2,0],145,92].
[[3,8,1,1,2,1,1,2,0],197,120].
[[1,9,2,0,0,0,2,2,1],125,355].
[[2,9,2,1,2,0,2,2,1],2,29].
[[3,9,1,1,1,0,1,2,1],2,10].
[[1,9,2,1,2,1,2,2,0],158,421].
[[2,9,1,1,2,1,1,1,0],7,95].
[[2,9,2,1,2,1,2,2,0],64,441].
[[3,9,1,1,2,1,1,2,0],26,371].
[[1,9,2,1,2,1,1,2,2],195,356].
[[3,5,0,1,2,1,1,1,1],230,12].
[[1,8,0,0,0,0,2,3,2],86,246].
[[2,7,0,1,2,1,2,3,2],2,8].
[[3,8,1,0,0,0,1,2,2],162,129].
[[1,8,1,1,2,1,0,0,0],268,216].
[[2,8,1,1,1,1,2,2,2],44,19].
[[3,7,1,1,1,1,2,2,2],33,17].
[[3,8,0,1,2,1,2,2,0],21,497].
[[1,9,2,1,2,1,2,3,2],120,302].
[[2,9,2,1,1,1,1,2,2],58,123].
[[3,4,1,1,2,0,1,2,2],83,21].
[[1,8,0,0,0,0,2,2,0],51,169].
[[2,8,0,0,0,0,2,2,0],54,284].
[[3,7,1,1,2,1,2,2,0],101,62].
[[1,8,1,0,0,0,2,1,0],109,50].
[[2,8,1,0,0,0,1,1,0],34,35].
[[3,6,1,1,2,0,1,1,0],2,0].
[[1,9,2,0,0,0,2,1,2],83,334].
[[1,7,1,0,0,0,2,1,2],27,6].
[[2,7,1,0,0,0,2,1,2],55,28].
[[3,7,1,1,2,0,2,1,2],18,11].
[[1,8,0,0,0,0,2,2,1],38,71].
[[2,7,1,0,0,0,2,2,1],73,34].
[[3,7,0,0,0,0,2,2,1],1,13].
[[1,7,2,0,0,0,0,0,0],144,26].
[[3,7,2,1,2,0,2,2,2],26,10].
[[1,8,1,1,2,1,2,3,1],230,109].
[[2,8,1,1,2,1,2,3,1],265,185].
[[3,7,1,1,2,1,2,3,1],165,138].
[[2,9,2,1,2,0,1,2,2],33,126].
[[3,9,2,1,1,0,1,2,2],0,19].
[[2,8,0,0,0,0,0,0,0],39,364].
[[3,8,0,0,0,0,2,3,2],2,47].
[[2,8,0,1,1,1,2,2,2],7,25].
[[3,8,0,1,1,1,2,2,2],1,20].
[[2,8,1,0,0,0,1,2,2],312,180].
[[3,8,1,0,0,0,1,2,1],154,97].
[[2,9,1,0,0,0,2,1,0],9,78].
[[3,9,1,1,2,1,2,1,0],11,106].
[[2,8,0,1,2,0,0,0,0],6,53].
[[3,7,1,1,1,0,0,0,0],3,7].
[[1,9,2,0,0,0,2,3,1],254,759].
[[2,8,1,0,0,0,2,3,1],320,243].
[[3,8,1,0,0,0,2,3,1],47,49].
[[2,6,0,0,0,0,0,0,0],6,44].
[[3,6,0,0,0,0,2,3,0],1,20].
[[1,8,0,0,0,0,2,3,1],59,173].
[[2,8,0,1,2,1,2,3,1],40,188].
[[3,8,0,1,2,1,2,3,1],7,122].
[[1,8,1,1,1,1,0,0,0],26,18].
[[3,8,1,1,1,1,1,1,2],38,27].
[[3,9,1,0,0,0,1,2,2],5,76].
[[1,9,2,1,2,1,1,1,2],84,112].
[[3,8,1,1,2,1,1,1,2],140,79].
[[2,8,1,0,0,0,2,1,1],46,28].
[[2,9,2,1,2,1,1,2,2],168,510].
[[3,8,1,1,2,1,1,2,2],337,252].
[[2,9,2,0,0,0,2,3,2],18,116].
[[3,8,1,1,2,0,2,2,0],56,73].
[[3,8,1,1,2,1,2,3,0],177,203].
[[1,8,0,1,2,1,0,0,0],102,321].
[[2,8,0,1,2,1,2,1,2],13,75].
[[3,8,0,1,2,1,1,1,2],6,187].
[[3,9,1,0,0,0,1,2,0],12,161].
[[2,9,2,0,0,0,2,3,1],30,170].
[[3,9,1,1,2,0,1,1,2],0,27].
[[2,9,1,1,2,1,2,3,0],28,130].
[[3,8,0,1,2,1,2,3,0],27,635].
[[2,8,0,0,0,0,2,3,2],36,216].
[[2,9,2,1,2,0,1,2,1],12,51].
[[3,9,1,1,2,0,1,2,1],10,52].
[[3,7,1,0,0,0,2,3,1],88,58].
[[2,8,0,1,2,1,1,2,2],74,238].
[[1,8,1,0,0,0,2,1,2],207,104].
[[3,7,1,1,2,1,2,1,2],64,29].
[[3,5,0,1,1,1,1,2,2],24,1].
[[3,7,1,1,2,1,1,1,1],40,20].
[[2,9,1,0,0,0,1,2,0],30,180].
[[3,8,0,1,2,1,1,2,0],16,370].
[[3,9,1,1,1,1,2,1,0],4,40].
[[1,8,1,0,0,0,2,3,0],217,99].
[[2,7,1,1,2,1,2,3,0],34,7].
[[3,7,1,1,2,1,2,3,0],140,68].
[[1,8,0,0,0,0,1,2,2],57,117].
[[3,8,0,1,2,1,1,2,1],29,258].
[[2,8,1,0,0,0,2,1,0],122,72].
[[3,8,1,1,2,0,2,1,0],38,48].
[[3,7,0,1,2,1,2,2,0],0,61].
[[1,9,2,1,2,1,2,3,1],136,352].
[[3,9,1,1,2,1,1,1,0],9,178].
[[2,9,1,1,2,1,2,1,0],15,70].
[[3,9,0,1,2,1,1,2,0],0,57].
[[2,8,1,0,0,0,2,2,0],186,116].
[[3,8,1,0,0,0,2,2,0],63,77].
[[2,9,2,1,2,1,0,0,0],12,139].
[[2,8,0,1,2,1,0,0,0],24,293].
[[3,8,0,1,1,1,2,2,0],12,121].
[[1,8,1,0,0,0,1,1,2],105,43].
[[2,7,1,0,0,0,1,1,2],27,12].
[[3,3,1,0,0,0,1,1,2],4,0].
[[1,8,1,0,0,0,2,2,0],169,82].
[[2,8,1,1,2,1,1,2,0],72,42].
[[3,8,1,1,1,1,1,2,0],66,55].
[[2,9,1,0,0,0,1,1,2],18,35].
[[1,8,1,1,2,0,2,2,1],17,14].
[[2,8,1,1,2,0,2,2,1],31,35].
[[3,7,2,1,2,0,2,3,1],26,4].
[[2,8,1,1,2,0,2,3,1],73,84].
[[3,5,0,1,1,0,1,2,1],9,10].
[[2,8,1,1,2,1,2,2,2],175,108].
[[1,8,0,1,2,1,1,1,2],6,12].
[[2,6,0,1,2,1,1,1,2],0,2].
[[3,6,0,1,1,1,1,1,2],0,4].
[[1,9,2,0,0,0,1,1,0],38,192].
[[2,9,2,0,0,0,1,1,0],19,126].
[[3,8,1,0,0,0,1,1,0],23,28].
[[3,8,0,0,0,0,2,3,0],15,267].
[[2,8,1,0,0,0,2,3,2],240,152].
[[3,7,1,1,2,0,2,3,2],40,34].
[[1,7,2,0,0,0,2,1,2],47,8].
[[2,7,2,0,0,0,1,1,2],38,15].
[[3,7,2,1,2,1,1,1,2],53,26].
[[3,7,1,0,0,0,1,2,2],95,31].
[[3,8,1,1,2,0,1,1,0],27,25].
[[1,9,2,1,1,1,2,3,1],28,31].
[[2,4,1,1,2,0,2,3,0],24,6].
[[1,8,0,0,0,0,2,3,0],72,186].
[[2,8,0,0,0,0,2,3,0],67,372].
[[3,7,0,0,0,0,2,3,0],0,27].
[[1,7,1,1,2,1,0,0,0],41,16].
[[2,7,1,1,2,1,2,3,1],78,54].
[[1,9,2,0,0,0,1,2,0],92,337].
[[2,8,0,1,2,1,1,2,0],24,89].
[[3,8,1,1,2,1,2,2,1],66,64].
[[1,7,1,0,0,0,0,0,0],162,97].
[[2,7,1,0,0,0,2,3,1],131,55].
[[3,8,1,1,1,1,1,2,1],124,106].
[[2,8,1,1,2,1,2,3,0],186,159].
[[3,9,2,0,0,0,2,3,0],2,58].
[[2,9,1,0,0,0,1,2,1],24,96].
[[1,9,2,1,2,0,2,3,0],14,72].
[[2,9,2,1,2,0,2,3,0],22,144].
[[3,9,2,1,1,0,2,3,0],0,12].
[[2,8,1,1,2,1,1,2,1],238,127].
[[3,6,1,1,2,1,1,2,1],44,2].
[[3,9,1,0,0,0,2,3,0],1,76].
[[3,9,1,1,2,1,1,1,1],3,36].
[[1,8,1,0,0,0,1,2,1],185,101].
[[2,6,1,0,0,0,1,2,1],25,4].
[[1,7,2,0,0,0,2,2,2],77,18].
[[2,7,2,0,0,0,1,2,2],91,12].
[[3,7,2,0,0,0,1,2,2],81,13].
[[2,5,0,1,2,1,1,2,0],52,3].
[[3,5,0,1,2,1,1,2,0],155,9].
[[3,8,0,0,0,0,2,1,0],6,117].
[[1,9,2,0,0,0,1,2,1],124,229].
[[3,9,2,0,0,0,1,2,1],8,65].
[[3,9,1,1,2,1,1,2,2],10,175].
[[2,8,1,1,2,0,1,2,1],67,47].
[[3,7,1,1,2,0,1,2,1],54,16].
[[3,8,0,1,1,1,1,1,0],0,65].
[[1,9,2,1,2,1,2,1,0],110,245].
[[2,9,2,1,2,1,2,1,0],56,264].
[[3,5,0,1,2,1,1,2,1],212,3].
[[2,7,1,0,0,0,0,0,0],137,103].
[[3,7,1,1,2,1,0,0,0],42,47].
[[1,5,0,0,0,0,2,3,0],25,1].
[[2,5,0,0,0,0,2,3,0],54,1].
[[3,5,0,1,2,1,2,3,0],85,5].
[[2,9,2,1,2,1,2,1,1],8,13].
[[1,8,1,1,2,1,2,1,1],45,19].
[[2,8,1,1,1,1,2,1,1],4,5].
[[3,8,1,1,1,1,2,1,1],6,8].
[[3,8,1,0,0,0,2,2,2],19,13].
[[1,9,2,1,2,1,0,0,0],142,510].
[[3,8,0,1,2,1,0,0,0],0,117].
[[2,9,1,0,0,0,2,2,0],21,120].
[[3,9,1,1,2,1,2,2,0],11,173].
[[3,9,2,1,2,1,2,3,0],0,192].
[[2,9,2,1,2,1,2,3,1],23,175].
[[2,7,1,1,2,1,0,0,0],93,93].
[[3,7,1,1,1,1,2,3,1],39,34].
[[2,7,1,1,2,0,2,1,0],3,3].
[[3,7,1,1,2,0,2,1,0],20,14].
[[2,8,0,0,0,0,2,3,1],45,206].
[[3,8,0,1,2,0,2,3,1],1,41].
[[2,8,1,1,2,0,1,2,2],80,57].
[[3,8,1,1,2,0,1,2,2],125,101].
[[1,9,2,1,2,1,1,1,1],15,18].
[[2,5,0,1,1,1,1,1,1],17,4].
[[3,5,0,1,1,1,1,1,1],79,7].
[[3,9,2,1,2,1,1,2,2],9,345].
[[2,8,1,1,1,1,2,3,2],50,15].
[[2,6,1,0,0,0,2,3,0],19,0].
[[3,6,1,1,2,0,2,3,0],13,1].
[[2,8,0,1,2,0,1,2,1],2,12].
[[3,7,0,1,2,0,1,2,1],0,5].
[[2,9,2,1,2,0,1,1,0],3,29].
[[2,8,0,0,0,0,2,2,2],26,187].
[[3,7,1,1,2,0,2,2,2],43,22].
[[2,8,1,0,0,0,2,3,0],253,133].
[[3,8,1,0,0,0,1,1,1],26,43].
[[1,8,1,1,2,0,2,2,2],27,27].
[[2,8,1,1,2,0,2,2,2],34,42].
[[3,5,0,0,0,0,1,2,1],89,3].
[[3,7,1,0,0,0,2,1,0],34,18].
[[3,9,1,1,2,0,1,2,0],6,123].
[[3,7,1,1,2,1,2,2,2],131,63].
[[1,8,0,0,0,0,1,2,0],7,28].
[[2,8,0,0,0,0,1,2,0],15,97].
[[2,7,1,0,0,0,2,3,0],44,13].
[[3,7,1,1,2,0,2,3,0],39,18].
[[2,8,1,1,2,1,2,2,1],121,111].
[[1,5,0,1,2,0,2,2,0],3,2].
[[2,5,0,1,2,0,1,2,1],11,3].
[[3,5,0,1,2,0,1,2,1],60,10].
[[3,8,0,0,0,0,1,2,0],8,132].
[[1,9,2,1,2,0,2,1,0],10,32].
[[3,8,0,1,2,0,2,2,0],8,121].
[[3,7,1,1,2,1,1,2,0],60,5].
[[1,9,2,1,2,0,2,3,1],10,45].
[[2,3,1,0,0,0,0,0,0],23,5].
[[3,3,1,0,0,0,2,1,0],7,0].
[[3,9,2,1,2,0,2,2,0],0,43].
[[2,8,0,1,2,1,2,3,0],75,342].
[[1,8,0,1,2,1,2,3,0],23,49].
[[1,8,1,1,2,1,2,2,1],111,54].
[[2,6,1,1,2,1,2,2,1],17,1].
[[3,6,1,1,2,1,2,2,1],36,1].
[[2,8,1,1,1,0,1,2,2],4,7].
[[3,4,0,1,2,0,1,2,2],0,2].
[[1,8,0,1,2,1,2,2,1],11,23].
[[2,8,0,1,2,1,2,2,1],20,99].
[[1,9,2,1,1,1,1,2,2],36,28].
[[2,9,1,1,1,1,1,2,1],6,13].
[[3,5,0,1,1,1,1,2,1],98,2].
[[2,9,2,1,2,0,2,2,0],13,114].
[[2,5,0,1,1,1,1,1,2],36,3].
[[3,1,1,1,2,0,1,1,2],2,0].
[[2,8,1,1,2,0,2,3,0],52,57].
[[3,8,1,0,0,0,2,2,1],26,32].
[[2,8,0,1,2,0,2,3,0],6,58].
[[3,7,0,1,2,0,2,3,0],1,20].
[[3,8,0,0,0,0,1,2,2],7,231].
[[2,8,1,1,2,1,2,1,1],30,35].
[[3,9,1,1,2,1,2,3,0],12,195].
[[2,7,2,0,0,0,2,2,2],83,20].
[[3,3,2,0,0,0,2,2,2],14,0].
[[3,7,1,1,1,1,2,2,0],19,16].
[[2,5,0,0,0,0,1,1,2],114,4].
[[3,5,0,0,0,0,1,1,2],99,3].
[[1,8,0,1,2,1,2,3,2],27,94].
[[3,8,0,1,1,1,1,2,2],9,160].
[[1,8,1,1,2,1,1,1,2],32,13].
[[2,8,1,1,1,1,1,1,2],14,10].
[[3,7,1,1,1,1,1,1,2],17,10].
[[1,9,2,1,2,1,2,2,1],62,152].
[[3,8,0,1,2,1,1,1,1],10,42].
[[3,8,1,1,2,1,2,1,0],96,107].
[[3,8,0,1,2,0,2,2,1],2,31].
[[2,9,1,1,2,1,2,2,0],29,115].
[[2,7,1,0,0,0,2,2,0],36,18].
[[3,7,1,0,0,0,2,2,0],58,29].
[[3,7,1,0,0,0,2,2,2],68,30].
[[2,9,1,0,0,0,0,0,0],3,12].
[[3,9,0,0,0,0,2,1,0],0,1].
[[3,8,1,1,2,0,2,3,0],54,97].
[[3,8,1,1,2,0,1,1,2],39,18].
[[3,9,2,0,0,0,1,1,2],0,36].
[[2,8,0,1,2,1,1,2,1],17,53].
[[3,7,0,1,2,1,1,2,1],2,11].
[[1,9,2,1,1,1,2,2,2],26,24].
[[2,9,2,1,1,1,2,3,2],6,27].
[[3,8,0,1,1,1,2,3,2],2,31].
[[1,8,1,1,2,0,0,0,0],39,42].
[[2,7,1,1,2,0,0,0,0],27,22].
[[3,3,1,1,2,0,0,0,0],7,2].
[[3,8,0,1,2,1,2,3,2],5,97].
[[1,8,0,1,2,1,1,2,2],20,28].
[[2,7,1,1,1,1,1,2,2],4,2].
[[3,7,1,1,1,1,1,2,2],49,24].
[[3,8,1,0,0,0,1,1,2],51,32].
[[3,9,1,1,2,0,1,1,0],3,64].
[[3,9,2,1,1,1,1,2,1],7,90].
[[3,7,1,0,0,0,2,3,2],87,31].
[[1,8,0,1,2,1,2,2,2],28,82].
[[3,8,0,1,1,1,1,1,2],2,50].
[[2,9,1,1,2,1,1,1,1],1,16].
[[3,9,0,1,2,1,1,1,1],0,4].
[[1,7,1,0,0,0,2,2,0],6,5].
[[2,7,1,0,0,0,1,2,0],5,5].
[[2,6,1,1,1,1,2,2,1],6,0].
[[3,6,1,1,1,1,2,1,0],8,0].
[[3,6,0,0,0,0,2,2,2],0,9].
[[3,7,1,0,0,0,2,3,0],77,33].
[[2,8,0,0,0,0,1,1,0],9,45].
[[1,8,1,1,2,0,2,1,0],2,6].
[[2,8,1,1,2,0,1,2,0],16,15].
[[3,8,1,1,2,0,1,2,0],65,47].
[[3,9,2,1,2,1,1,2,1],10,157].
[[1,9,2,1,1,1,1,1,2],13,10].
[[3,5,0,1,1,1,1,1,2],103,9].
[[3,9,1,1,1,1,1,2,1],11,85].
[[2,9,2,1,2,1,1,1,2],56,154].
[[3,9,1,1,2,1,1,1,2],6,107].
[[2,9,2,1,2,0,2,3,1],2,54].
[[3,9,1,1,2,0,2,2,0],2,60].
[[2,9,2,1,2,0,1,1,2],10,36].
[[3,6,1,1,1,0,1,2,1],3,1].
[[2,9,2,0,0,0,1,1,2],48,156].
[[2,6,1,1,2,1,1,1,2],4,1].
[[1,9,2,1,2,0,2,2,1],4,18].
[[2,8,1,1,1,0,2,2,1],3,6].
[[3,8,1,1,1,0,2,2,1],1,7].
[[2,8,1,0,0,0,1,2,0],79,43].
[[3,9,2,1,2,0,1,2,1],1,58].
[[2,9,1,1,1,1,1,1,0],7,24].
[[3,8,1,1,1,1,1,1,0],32,24].
[[2,8,1,1,1,1,1,2,0],16,6].
[[3,7,1,1,1,1,1,2,0],18,4].
[[1,8,1,1,2,0,1,2,1],8,10].
[[2,7,2,1,2,0,1,2,1],5,1].
[[3,7,2,1,1,0,1,2,1],3,1].
[[3,7,2,1,2,1,1,2,2],181,28].
[[3,9,1,1,2,0,1,2,2],3,48].
[[3,8,1,0,0,0,2,1,0],41,44].
[[2,7,1,0,0,0,2,2,2],111,44].
[[2,8,1,1,1,1,0,0,0],15,12].
[[2,9,2,1,1,1,2,1,0],31,46].
[[3,8,1,1,1,1,2,1,0],31,32].
[[3,6,1,1,2,0,2,2,2],13,1].
[[3,8,0,1,2,1,2,2,2],7,78].
[[3,5,0,1,2,0,1,2,0],43,6].
[[2,8,1,1,2,0,2,2,0],44,22].
[[2,8,1,1,2,1,0,0,0],53,75].
[[2,6,0,1,2,1,0,0,0],3,35].
[[3,6,0,1,1,1,2,2,1],0,1].
[[2,9,1,1,2,1,1,2,0],26,177].
[[3,7,1,0,0,0,2,2,1],51,21].
[[3,7,0,1,2,1,0,0,0],0,59].
[[3,7,1,1,2,0,2,2,0],43,26].
[[1,5,0,1,2,1,2,2,0],22,2].
[[2,5,0,1,2,1,2,2,0],61,3].
[[3,5,0,1,2,1,2,2,0],92,1].
[[2,9,1,0,0,0,1,1,0],1,97].
[[3,8,0,1,2,0,1,1,0],0,48].
[[3,7,2,1,2,1,1,2,1],64,10].
[[2,9,1,0,0,0,1,2,2],10,64].
[[2,7,2,1,2,1,1,2,1],14,6].
[[1,6,1,0,0,0,0,0,0],204,8].
[[2,6,1,0,0,0,0,0,0],97,4].
[[3,6,1,1,2,1,2,3,1],60,2].
[[2,7,0,1,2,1,2,1,2],3,6].
[[3,7,0,1,2,1,1,2,2],1,54].
[[2,9,1,1,2,0,1,2,0],8,58].
[[3,9,1,1,1,0,1,2,0],0,35].
[[3,9,2,0,0,0,2,2,0],0,57].
[[3,9,1,0,0,0,1,1,0],8,70].
[[3,7,2,1,2,1,2,3,1],50,7].
[[2,6,1,1,2,0,0,0,0],12,2].
[[3,6,1,1,1,0,0,0,0],1,1].
[[3,9,2,1,2,1,2,2,0],5,119].
[[3,8,1,1,1,0,1,2,1],20,33].
[[3,8,1,1,2,1,2,2,0],162,170].
[[3,8,1,1,1,1,2,3,0],54,68].
[[1,8,0,1,2,1,2,1,0],6,29].
[[2,8,0,1,2,1,2,1,0],27,154].
[[3,9,2,1,1,1,1,1,0],0,28].
[[3,3,1,0,0,0,0,0,0],20,11].
[[2,9,1,1,2,0,1,1,0],3,20].
[[2,9,2,1,2,0,2,1,0],7,69].
[[3,9,1,1,2,0,2,1,0],2,39].
[[3,8,1,0,0,0,2,3,2],26,14].
[[3,7,1,1,2,0,1,2,2],64,32].
[[1,8,1,1,2,1,2,2,2],162,67].
[[2,8,1,1,1,1,1,2,2],52,26].
[[2,9,2,1,1,1,2,2,2],17,25].
[[3,3,1,0,0,0,2,3,1],24,1].
[[3,4,1,1,2,0,2,1,0],47,10].
[[2,7,1,1,2,1,1,2,0],11,4].
[[3,7,0,1,2,1,1,2,0],1,16].
[[1,8,1,0,0,0,1,1,0],16,12].
[[2,8,0,1,2,1,2,2,2],27,177].
[[3,8,0,1,1,1,2,3,1],1,33].
[[3,8,1,1,2,0,1,1,1],26,29].
[[3,9,2,1,2,1,1,2,0],8,134].
[[3,8,1,0,0,0,2,3,0],79,92].
[[2,8,0,1,2,1,1,1,2],28,78].
[[3,7,0,1,2,1,1,1,2],3,16].
[[1,7,1,0,0,0,1,2,1],5,1].
[[2,7,1,0,0,0,1,2,1],27,12].
[[2,9,1,1,2,0,2,2,0],2,23].
[[3,9,1,1,1,0,2,2,0],0,8].
[[2,9,2,1,2,1,2,2,1],33,111].
[[3,8,0,1,2,0,1,2,2],6,125].
[[3,9,2,1,2,1,1,1,0],3,87].
[[1,7,1,0,0,0,2,2,2],47,24].
[[3,7,1,1,2,1,2,1,0],59,33].
[[2,8,0,0,0,0,1,1,2],41,81].
[[3,6,0,0,0,0,1,1,2],1,6].
[[3,9,1,1,2,1,1,2,1],21,165].
[[2,9,2,1,2,1,2,3,2],21,102].
[[2,9,2,0,0,0,2,1,2],3,48].
[[2,8,1,0,0,0,2,1,2],88,48].
[[1,7,2,0,0,0,1,1,1],3,1].
[[2,7,1,0,0,0,1,1,1],12,5].
[[3,3,1,0,0,0,1,1,1],1,0].
[[1,5,0,0,0,0,2,2,0],37,2].
[[2,5,0,0,0,0,2,2,0],53,4].
[[3,5,0,1,2,0,2,2,0],23,1].
[[3,7,2,1,1,1,2,2,2],16,4].
[[1,9,2,1,2,1,1,2,1],55,89].
[[2,9,1,1,2,1,1,2,1],20,75].
[[3,9,2,0,0,0,1,2,2],2,126].
[[3,6,1,1,1,1,2,3,2],11,1].
[[2,7,0,0,0,0,0,0,0],7,48].
[[3,7,0,0,0,0,2,3,1],0,29].
[[1,9,2,1,2,0,2,3,2],5,41].
[[2,9,2,0,0,0,2,2,2],9,96].
[[3,8,1,1,2,0,2,2,2],14,13].
[[2,9,2,1,1,0,2,3,2],0,3].
[[3,9,1,1,1,0,1,2,2],0,12].
[[3,3,2,1,2,0,1,2,2],9,0].
[[3,9,2,1,1,1,2,1,0],0,24].
[[3,5,0,1,1,1,2,3,0],34,0].
[[3,6,1,0,0,0,2,3,0],20,0].
[[1,8,0,1,2,1,2,2,0],22,61].
[[2,8,0,1,1,1,2,2,0],11,47].
[[2,8,0,1,2,0,2,2,2],5,30].
[[2,5,0,1,1,1,1,1,0],6,0].
[[3,5,0,1,1,1,1,1,0],24,12].
[[3,7,2,0,0,0,1,1,2],23,17].
[[1,8,1,1,1,1,2,3,1],17,10].
[[2,7,1,1,1,1,2,3,1],11,7].
[[3,7,1,1,1,1,1,2,1],56,34].
[[2,9,2,0,0,0,1,2,0],43,204].
[[1,7,2,0,0,0,2,3,1],31,0].
[[2,7,2,0,0,0,2,3,1],37,4].
[[3,7,2,0,0,0,2,3,1],23,1].
[[3,5,0,0,0,0,1,1,1],87,9].
[[3,5,0,0,0,0,1,1,0],26,3].
[[2,9,2,0,0,0,0,0,0],19,143].
[[2,3,2,0,0,0,2,3,2],7,0].
[[3,3,2,0,0,0,2,3,2],20,0].
[[3,9,2,1,2,0,1,2,0],4,34].
[[3,9,2,1,2,0,2,3,0],0,51].
[[3,4,1,1,2,0,2,3,2],10,3].
[[2,5,0,1,2,1,2,3,0],57,3].
[[3,8,0,1,1,1,1,2,1],8,102].
[[2,8,1,0,0,0,1,1,2],115,61].
[[3,7,1,1,2,1,1,1,2],61,40].
[[3,5,0,0,0,0,2,2,0],39,1].
[[3,5,0,1,2,1,1,1,0],60,22].
[[3,9,1,1,1,1,2,2,0],9,72].
[[3,7,1,0,0,0,1,2,0],25,7].
[[2,6,1,1,2,1,1,2,1],11,1].
[[3,7,1,1,2,0,2,3,1],67,32].
[[2,8,1,1,2,1,1,1,0],36,23].
[[3,8,1,1,2,0,1,2,1],129,84].
[[3,7,0,0,0,0,2,2,2],4,14].
[[2,8,0,1,1,1,2,3,0],20,52].
[[2,8,0,0,0,0,2,2,1],24,102].
[[3,8,0,0,0,0,2,2,1],4,30].
[[1,9,2,1,2,0,1,2,0],4,22].
[[2,9,2,1,1,0,1,2,0],0,6].
[[3,9,2,1,1,0,1,2,0],1,12].
[[3,6,1,1,2,1,2,2,0],24,1].
[[2,5,0,1,1,1,1,2,1],18,1].
[[2,7,2,0,0,0,2,3,2],82,7].
[[3,7,2,1,2,1,2,3,2],64,11].
[[3,9,2,1,1,1,1,1,2],0,24].
[[1,8,1,1,2,0,2,1,2],13,5].
[[2,8,1,1,1,1,2,2,1],32,26].
[[1,7,2,0,0,0,1,2,2],40,15].
[[2,7,2,1,2,1,1,2,2],67,10].
[[3,7,2,1,1,1,1,2,2],41,9].
[[2,6,0,1,2,1,1,2,2],2,6].
[[3,6,0,1,2,1,1,2,2],3,22].
[[2,8,1,1,2,0,0,0,0],15,28].
[[3,7,1,1,2,0,0,0,0],8,14].
[[3,7,1,1,2,1,2,1,1],15,15].
[[3,8,1,1,2,0,2,3,2],19,15].
[[2,8,1,1,2,1,2,1,0],96,62].
[[2,5,0,0,0,0,1,1,1],84,6].
[[3,8,1,1,2,0,2,1,1],6,4].
[[2,8,0,1,1,1,1,2,2],21,28].
[[1,9,2,1,2,0,1,2,2],15,38].
[[2,8,0,1,2,0,1,2,2],9,42].
[[3,8,0,1,1,0,1,2,2],0,24].
[[3,5,0,1,1,1,2,2,0],32,2].
[[2,7,1,1,2,0,2,2,2],16,11].
[[3,7,1,1,1,0,1,1,2],4,5].
[[3,7,1,1,2,0,2,2,1],17,20].
[[2,9,1,1,1,1,1,2,2],3,15].
[[3,9,2,0,0,0,1,1,0],1,38].
[[3,8,0,1,2,0,2,2,2],1,18].
[[2,8,0,0,0,0,1,2,1],24,72].
[[3,7,0,0,0,0,1,2,1],1,4].
[[2,7,1,1,2,1,2,3,2],65,37].
[[2,5,0,1,2,0,1,1,2],29,2].
[[3,5,0,1,2,0,1,1,2],82,7].
[[3,7,2,0,0,0,1,1,0],4,1].
[[2,7,1,0,0,0,2,1,1],27,13].
[[2,7,2,1,2,0,1,2,2],15,9].
[[1,7,2,1,2,1,2,3,2],20,4].
[[1,8,0,1,2,1,2,1,2],23,31].
[[3,5,0,1,1,1,1,2,0],50,5].
[[2,7,1,0,0,0,1,2,2],52,10].
[[2,8,1,1,2,1,1,1,1],50,39].
[[3,7,1,1,1,1,1,1,1],11,7].
[[2,7,1,0,0,0,2,3,2],105,38].
[[3,7,1,0,0,0,1,2,1],85,31].
[[1,6,1,1,2,1,2,3,2],10,1].
[[2,6,1,1,2,1,1,2,2],21,2].
[[3,3,1,1,2,1,1,2,2],12,2].
[[2,7,2,0,0,0,2,3,0],23,1].
[[1,5,0,1,2,1,1,1,2],36,3].
[[3,7,0,0,0,0,2,2,0],0,28].
[[2,7,2,1,2,0,2,2,2],16,6].
[[1,8,1,1,2,1,1,2,2],61,30].
[[3,8,1,1,2,1,2,1,2],19,11].
[[3,8,1,1,1,1,2,3,1],23,35].
[[2,9,2,1,1,0,2,3,0],1,11].
[[1,7,1,1,2,1,2,3,2],9,5].
[[2,7,1,1,2,1,1,2,2],40,24].
[[1,6,1,0,0,0,2,3,1],37,0].
[[2,6,1,1,2,1,2,3,1],40,2].
[[3,6,1,1,1,1,2,3,1],24,2].
[[1,6,1,0,0,0,2,1,2],19,0].
[[2,3,1,0,0,0,2,1,2],4,0].
[[3,3,1,1,2,0,2,1,2],6,0].
[[2,7,1,1,2,1,2,2,0],22,11].
[[2,8,0,0,0,0,1,1,1],7,14].
[[3,9,1,0,0,0,2,3,1],0,3].
[[3,8,1,1,1,1,1,1,1],26,32].
[[3,8,1,1,2,0,2,3,1],25,50].
[[3,9,1,1,1,1,1,1,0],4,73].
[[2,7,2,0,0,0,0,0,0],63,8].
[[3,3,2,0,0,0,0,0,0],12,0].
[[3,7,1,0,0,0,0,0,0],38,15].
[[3,7,0,1,1,1,0,0,0],1,14].
[[3,9,1,1,1,1,2,3,0],2,65].
[[3,6,0,1,2,1,2,2,0],0,31].
[[3,8,0,1,1,1,2,2,1],3,32].
[[2,6,1,0,0,0,2,1,1],12,0].
[[2,7,2,1,2,0,1,1,2],11,7].
[[3,7,2,1,1,0,1,1,1],1,4].
[[2,7,0,1,2,1,1,2,2],2,2].
[[3,7,1,0,0,0,1,1,2],25,17].
[[1,8,1,0,0,0,1,2,0],38,33].
[[3,9,1,0,0,0,2,1,0],3,49].
[[2,7,1,1,2,0,2,3,1],19,11].
[[3,7,1,1,2,0,1,1,1],14,6].
[[3,9,2,1,2,1,2,3,1],0,19].
[[3,6,0,1,2,1,1,1,2],1,10].
[[3,9,2,1,1,1,1,2,2],12,135].
[[3,9,1,0,0,0,1,2,1],9,76].
[[3,9,2,1,2,1,2,1,0],0,82].
[[2,8,0,1,1,1,2,1,2],4,11].
[[3,7,0,1,1,1,2,1,2],0,1].
[[3,3,2,1,2,0,1,1,2],4,0].
[[1,5,0,1,1,1,1,1,1],2,0].
[[3,9,2,0,0,0,0,0,0],0,1].
[[1,6,1,1,2,1,2,3,1],6,0].
[[2,6,1,1,1,1,2,1,1],2,0].
[[3,6,1,1,1,1,1,2,1],13,2].
[[1,8,1,1,2,1,2,1,0],42,23].
[[3,8,0,0,0,0,2,3,1],5,55].
[[1,3,2,0,0,0,1,1,2],1,0].
[[2,3,2,0,0,0,1,2,2],8,0].
[[3,3,2,0,0,0,1,2,2],11,0].
[[2,5,0,0,0,0,1,1,0],16,1].
[[3,6,1,0,0,0,2,3,1],37,0].
[[3,8,0,1,1,1,2,1,0],3,95].
[[3,7,1,1,1,0,2,2,2],3,5].
[[2,3,1,1,2,1,0,0,0],10,2].
[[3,3,1,1,2,1,0,0,0],37,7].
[[2,7,2,0,0,0,2,1,0],8,0].
[[3,7,2,1,2,0,1,2,2],53,17].
[[3,8,1,1,2,1,2,3,2],58,37].
[[2,9,2,1,1,1,1,1,2],20,26].
[[2,9,2,1,2,1,2,1,2],2,46].
[[3,8,0,1,2,1,2,1,2],0,38].
[[2,7,1,1,2,1,2,1,2],27,22].
[[2,7,1,1,2,1,2,1,1],25,7].
[[3,6,0,1,2,1,2,3,0],3,32].
[[1,6,1,0,0,0,2,2,2],38,1].
[[2,6,1,0,0,0,2,2,2],40,1].
[[3,6,1,0,0,0,1,2,2],26,1].
[[3,9,2,1,2,0,1,1,0],0,32].
[[2,8,1,1,1,1,2,1,0],20,8].
[[3,8,0,1,2,0,2,1,0],3,64].
[[2,7,2,1,2,1,1,1,1],2,2].
[[3,7,2,1,2,1,1,1,1],7,10].
[[3,7,0,1,1,1,1,2,0],0,7].
[[2,7,1,0,0,0,2,1,0],25,6].
[[2,5,0,1,2,0,2,2,0],11,1].
[[3,5,0,1,2,0,2,3,0],23,1].
[[1,9,2,0,0,0,1,1,1],25,39].
[[1,8,1,0,0,0,1,1,1],54,40].
[[3,9,2,1,1,1,2,2,0],1,62].
[[1,9,2,1,1,1,1,1,0],5,9].
[[2,8,1,1,1,1,1,1,0],10,10].
[[2,9,2,1,1,1,1,2,1],21,57].
[[3,4,1,1,2,0,1,2,1],91,14].
[[1,6,1,0,0,0,2,3,2],45,2].
[[2,6,1,0,0,0,2,2,1],44,0].
[[3,3,1,1,2,1,2,2,1],14,3].
[[2,8,0,1,1,1,1,2,0],5,12].
[[3,5,0,0,0,0,1,2,0],67,2].
[[3,6,1,1,2,1,2,3,0],42,0].
[[2,9,2,1,1,1,0,0,0],7,32].
[[3,8,0,1,1,1,0,0,0],0,31].
[[3,6,0,1,2,0,2,2,0],0,5].
[[3,9,2,1,2,1,1,1,1],3,20].
[[3,9,1,1,2,0,2,3,0],1,62].
[[3,4,1,1,2,0,1,1,2],42,10].
[[2,8,0,1,2,1,2,3,2],32,191].
[[2,7,1,1,2,0,2,3,2],7,7].
[[3,6,1,1,1,1,1,2,0],5,1].
[[1,9,2,1,2,0,2,2,0],16,45].
[[1,9,2,1,2,0,2,2,2],3,36].
[[1,5,0,0,0,0,1,1,1],38,2].
[[2,2,1,1,2,1,2,3,2],1,0].
[[3,2,1,1,2,1,2,3,2],2,0].
[[3,6,1,1,2,1,1,1,1],8,5].
[[3,7,1,1,1,1,0,0,0],12,21].
[[1,9,2,1,2,0,0,0,0],12,49].
[[2,9,2,1,1,0,2,1,0],0,6].
[[3,9,1,1,1,0,2,1,0],0,10].
[[1,9,2,1,1,1,2,1,0],26,19].
[[2,8,1,1,1,1,2,1,2],11,5].
[[3,8,0,1,2,0,1,2,1],8,64].
[[3,8,0,0,0,0,2,1,2],0,18].
[[3,6,0,1,2,1,2,2,2],0,24].
[[3,8,1,1,1,1,2,1,2],10,4].
[[3,3,1,1,2,1,2,3,1],20,6].
[[2,7,2,1,2,1,0,0,0],43,4].
[[3,7,2,1,2,1,0,0,0],9,0].
[[3,8,0,1,2,0,0,0,0],0,36].
[[2,8,0,1,1,1,1,2,1],4,9].
[[3,8,0,1,1,0,0,0,0],0,5].
[[3,7,2,1,2,0,2,1,2],13,1].
[[3,7,2,1,2,1,2,2,1],23,5].
[[3,6,1,1,2,0,2,3,1],20,2].
[[3,8,0,1,2,0,2,3,2],1,21].
[[2,7,2,1,2,0,2,1,2],9,1].
[[2,9,1,1,2,0,2,3,0],7,29].
[[2,9,2,1,1,1,1,2,0],22,36].
[[3,4,1,1,2,0,1,2,0],56,21].
[[2,7,2,0,0,0,1,2,1],19,6].
[[3,7,2,1,2,1,1,2,0],13,1].
[[2,9,2,1,2,0,2,3,2],3,28].
[[1,6,1,1,2,1,0,0,0],47,3].
[[2,8,0,1,2,0,2,1,2],0,11].
[[3,8,0,1,2,0,2,1,2],1,14].
[[3,3,2,1,2,1,1,2,2],22,0].
[[3,8,0,1,2,0,1,1,2],2,51].
[[2,9,2,1,2,1,1,1,1],20,33].
[[3,9,0,0,0,0,1,2,0],0,26].
[[3,5,0,1,2,1,1,2,2],44,2].
[[2,8,0,1,1,1,0,0,0],14,39].
[[3,9,2,1,1,1,2,3,0],0,64].
[[3,7,2,0,0,0,2,3,0],15,1].
[[2,9,2,1,2,0,2,2,2],0,15].
[[2,7,2,1,2,1,2,3,1],22,11].
[[2,9,2,0,0,0,1,1,1],10,31].
[[3,3,1,1,2,1,2,2,2],24,4].
[[1,9,2,1,1,1,0,0,0],40,47].
[[3,3,1,1,2,1,2,3,2],27,3].
[[2,6,1,1,2,1,2,1,1],8,0].
[[3,6,1,1,2,1,2,1,1],14,0].
[[1,7,2,1,2,0,2,1,0],1,0].
[[2,7,2,1,2,0,2,1,0],3,0].
[[3,8,0,0,0,0,0,0,0],0,59].
[[2,6,1,1,2,1,2,2,2],35,1].
[[3,6,1,1,2,1,1,1,2],13,1].
[[1,8,1,1,2,0,2,3,2],21,14].
[[2,8,1,1,1,0,2,3,2],1,4].
[[3,7,1,1,1,0,2,3,2],3,6].
[[1,9,2,1,1,1,2,3,0],30,58].
[[2,9,2,1,1,1,2,2,0],36,68].
[[3,7,1,1,1,1,2,3,0],34,18].
[[3,7,0,0,0,0,2,1,0],0,10].
[[2,9,1,1,2,1,1,1,2],14,30].
[[3,9,1,1,1,0,1,1,0],0,14].
[[3,7,0,1,1,1,2,2,0],0,11].
[[3,6,1,0,0,0,2,1,2],9,0].
[[1,8,1,1,1,1,2,2,2],18,6].
[[3,5,0,1,2,0,1,1,1],63,12].
[[1,8,1,1,2,1,1,2,0],19,4].
[[1,7,1,0,0,0,1,1,1],1,2].
[[3,7,1,0,0,0,1,1,1],24,12].
[[2,9,1,1,1,1,2,3,0],13,15].
[[3,7,2,1,2,1,2,2,0],29,2].
[[3,7,1,1,1,1,2,3,2],41,23].
[[2,7,1,1,2,1,2,1,0],15,6].
[[3,7,1,1,2,1,1,1,0],33,12].
[[3,7,0,1,1,1,2,1,0],1,4].
[[3,6,0,1,2,1,0,0,0],1,34].
[[1,8,0,1,2,1,2,3,1],19,45].
[[2,7,0,1,2,1,2,3,1],2,3].
[[3,9,0,1,1,1,1,2,0],0,20].
[[2,6,1,1,2,1,2,1,0],8,1].
[[3,6,1,1,2,1,2,1,0],33,2].
[[2,7,1,1,2,1,2,2,2],64,28].
[[3,6,1,1,1,1,2,2,0],10,2].
[[1,7,2,0,0,0,1,1,2],16,8].
[[2,7,2,1,2,1,1,1,2],23,16].
[[3,7,2,1,1,1,1,2,1],13,4].
[[2,5,0,1,1,1,2,2,0],13,1].
[[1,7,2,1,2,1,2,2,2],23,4].
[[2,7,2,1,1,1,2,2,1],3,0].
[[3,4,1,1,2,0,1,1,1],21,8].
[[2,8,1,1,1,1,1,2,1],62,24].
[[3,8,1,1,2,0,2,2,1],15,35].
[[1,8,1,1,1,1,1,2,2],9,3].
[[2,7,2,0,0,0,2,1,2],30,8].
[[3,7,2,0,0,0,2,1,2],13,6].
[[2,7,2,1,1,1,1,1,2],2,3].
[[3,8,1,1,1,1,2,2,2],23,6].
[[3,7,0,0,0,0,0,0,0],2,34].
[[1,7,1,0,0,0,2,3,0],8,2].
[[2,3,1,0,0,0,2,3,0],2,0].
[[3,3,1,0,0,0,2,2,0],4,0].
[[2,7,2,1,2,1,2,1,2],23,6].
[[3,7,2,1,2,1,2,1,2],28,6].
[[2,8,0,1,1,1,2,1,0],8,18].
[[3,5,0,1,1,0,2,3,0],5,0].
[[2,6,1,1,2,0,2,2,2],7,1].
[[3,6,1,1,2,0,1,1,2],5,2].
[[1,8,1,1,2,0,2,3,0],13,7].
[[2,7,1,1,2,0,2,3,0],7,4].
[[3,7,1,1,2,0,1,2,0],19,6].
[[3,4,1,1,2,0,2,2,0],45,15].
[[2,5,0,1,2,1,1,2,1],63,3].
[[3,6,1,0,0,0,2,2,1],19,1].
[[3,7,0,1,2,1,2,3,0],2,84].
[[3,9,1,1,1,1,1,1,2],2,40].
[[3,7,1,1,1,1,2,2,1],25,20].
[[3,3,1,0,0,0,2,2,2],18,2].
[[1,5,0,0,0,0,1,1,2],62,2].
[[3,8,0,1,1,1,1,1,1],1,18].
[[3,7,2,0,0,0,2,3,2],35,7].
[[3,9,2,0,0,0,1,1,1],1,8].
[[2,7,2,1,2,1,2,3,2],61,11].
[[3,3,2,1,2,1,2,3,2],25,0].
[[2,6,1,0,0,0,2,3,2],60,4].
[[3,6,1,0,0,0,2,3,2],31,1].
[[2,9,2,1,1,1,2,3,1],17,30].
[[2,6,1,1,2,0,2,3,1],14,0].
[[2,6,1,0,0,0,1,2,2],19,2].
[[3,6,1,1,2,1,1,2,2],66,5].
[[3,3,1,1,2,1,2,2,0],9,2].
[[3,8,0,0,0,0,1,1,0],0,69].
[[3,9,0,0,0,0,1,1,0],0,15].
[[1,8,1,1,2,0,1,1,1],1,2].
[[2,8,1,1,1,0,1,1,1],1,1].
[[3,7,1,1,1,0,1,1,1],1,0].
[[3,6,0,1,1,1,2,3,1],2,4].
[[1,7,2,1,2,1,1,2,2],7,1].
[[1,6,1,1,2,1,2,2,2],13,1].
[[2,6,1,1,1,1,1,1,2],2,0].
[[2,7,1,1,2,1,1,1,2],15,4].
[[3,8,0,0,0,0,1,1,1],2,18].
[[1,7,2,0,0,0,2,2,1],13,2].
[[2,7,2,1,2,0,2,2,1],10,1].
[[3,7,2,1,1,0,2,2,1],1,0].
[[3,5,0,0,0,0,2,3,0],39,1].
[[1,6,1,0,0,0,2,2,1],13,3].
[[2,6,1,1,2,0,2,2,1],5,2].
[[3,6,1,1,1,0,2,2,1],1,0].
[[2,4,1,1,2,0,2,1,0],9,4].
[[3,5,0,1,2,0,1,2,2],23,2].
[[3,7,0,1,2,0,2,2,1],0,5].
[[1,8,1,1,2,1,1,1,1],16,13].
[[1,9,2,1,2,0,1,1,2],8,21].
[[2,9,1,1,2,0,1,1,2],4,12].
[[2,6,1,1,2,1,0,0,0],50,3].
[[1,8,1,1,1,1,2,3,2],22,6].
[[3,7,1,1,2,0,1,1,2],26,17].
[[1,7,1,0,0,0,2,3,1],38,10].
[[2,3,1,1,2,1,2,3,1],3,1].
[[3,7,0,0,0,0,1,2,0],0,12].
[[3,9,0,1,2,1,2,2,0],0,4].
[[1,8,1,1,2,1,1,2,1],79,27].
[[3,6,0,0,0,0,0,0,0],0,19].
[[3,7,2,1,2,0,2,3,2],27,4].
[[1,9,2,1,1,1,2,2,1],7,15].
[[1,6,1,0,0,0,2,1,1],7,1].
[[2,3,1,0,0,0,2,1,1],2,0].
[[3,3,1,1,2,0,1,1,1],1,0].
[[1,9,2,1,1,1,2,2,0],31,38].
[[1,6,1,1,2,1,2,2,1],8,0].
[[3,6,1,1,1,1,2,2,1],7,1].
[[3,7,0,1,1,1,2,3,0],0,25].
[[2,7,2,1,2,1,2,2,2],42,12].
[[3,8,0,0,0,0,2,2,2],0,26].
[[3,7,0,1,1,1,2,3,1],0,11].
[[3,7,2,1,1,0,1,1,2],4,3].
[[1,6,0,0,0,0,0,0,0],9,36].
[[2,9,2,1,2,0,2,1,2],1,17].
[[1,7,1,1,2,1,2,2,2],5,2].
[[3,6,1,1,1,1,0,0,0],4,0].
[[3,8,1,1,1,1,2,3,2],20,9].
[[3,8,1,1,1,0,1,2,0],8,20].
[[3,6,1,1,2,0,1,2,1],21,1].
[[2,7,2,1,2,0,2,3,1],13,2].
[[2,5,0,0,0,0,1,2,0],31,1].
[[3,2,0,1,2,1,0,0,0],0,1].
[[1,7,2,1,2,1,2,3,0],1,1].
[[2,7,2,1,2,1,2,3,0],10,0].
[[2,6,1,1,2,0,2,3,2],11,1].
[[3,6,1,1,2,0,2,3,2],19,1].
[[3,6,1,1,1,1,1,2,2],12,1].
[[3,6,1,1,2,0,1,2,2],18,1].
[[2,9,1,1,1,1,2,1,0],11,16].
[[3,7,2,0,0,0,2,2,2],29,2].
[[2,8,1,1,1,1,2,3,1],72,47].
[[2,7,0,1,2,1,2,2,0],0,10].
[[2,7,0,0,0,0,2,3,2],3,8].
[[3,7,0,0,0,0,1,2,2],0,16].
[[2,4,1,1,2,0,2,2,0],15,3].
[[3,9,1,0,0,0,1,1,2],1,31].
[[2,4,1,1,2,0,1,1,0],3,2].
[[3,4,1,1,2,0,1,1,0],39,12].
[[2,6,0,0,0,0,2,2,0],2,7].
[[2,8,1,1,2,0,1,1,2],25,24].
[[1,8,0,0,0,0,1,1,2],30,30].
[[1,9,2,1,1,1,2,3,2],12,29].
[[2,7,2,1,2,1,2,2,1],13,1].
[[2,9,2,1,2,0,0,0,0],5,31].
[[3,3,1,1,1,1,2,1,2],0,1].
[[1,3,2,0,0,0,0,0,0],20,0].
[[2,3,2,0,0,0,0,0,0],26,2].
[[3,5,0,0,0,0,1,2,2],23,0].
[[3,7,1,1,1,1,2,1,1],5,4].
[[3,6,1,1,2,1,2,3,2],45,4].
[[3,7,0,1,2,1,2,1,2],4,17].
[[2,4,1,1,2,0,2,3,1],7,2].
[[3,7,0,1,2,1,1,1,0],0,8].
[[1,8,1,1,1,1,2,2,1],8,3].
[[2,7,1,1,1,1,2,2,1],5,4].
[[3,3,1,1,1,1,2,2,1],1,1].
[[2,7,0,0,0,0,2,2,0],0,9].
[[3,8,1,1,1,0,2,3,0],6,28].
[[3,7,1,0,0,0,1,1,0],16,7].
[[2,7,0,0,0,0,2,2,2],0,12].
[[3,5,0,0,0,0,2,1,0],3,0].
[[2,9,2,1,1,0,2,2,0],0,8].
[[3,8,0,1,1,0,2,2,0],1,12].
[[3,9,1,1,2,1,0,0,0],0,9].
[[1,8,1,1,2,0,2,2,0],5,5].
[[2,7,1,1,2,0,2,2,0],5,2].
[[3,7,1,1,2,0,1,1,0],7,0].
[[3,7,0,1,2,0,2,1,0],0,4].
[[2,8,0,1,2,1,1,1,0],11,37].
[[3,9,2,0,0,0,1,2,0],2,41].
[[2,5,0,1,2,0,1,1,1],20,3].
[[2,5,0,0,0,0,1,2,2],11,0].
[[2,6,1,0,0,0,2,1,2],20,0].
[[3,6,1,1,2,0,2,1,2],5,0].
[[3,8,0,1,1,0,2,1,0],0,10].
[[2,9,2,1,1,1,2,2,1],9,29].
[[2,8,0,1,2,0,2,3,1],4,35].
[[3,7,0,1,2,0,2,3,1],1,9].
[[3,9,0,1,2,1,1,1,0],0,20].
[[3,6,1,1,2,0,2,1,1],7,0].
[[3,8,0,1,1,0,2,3,0],0,16].
[[2,5,0,1,1,0,1,2,1],1,0].
[[2,7,1,1,1,1,2,3,0],8,2].
[[1,7,1,1,2,1,2,2,1],4,2].
[[2,9,1,1,1,1,2,2,0],8,21].
[[3,6,0,1,2,1,2,3,1],0,19].
[[2,6,1,1,2,1,2,3,2],38,2].
[[2,5,0,1,2,0,2,3,0],7,0].
[[2,7,2,1,1,1,0,0,0],7,2].
[[3,7,2,1,1,1,2,2,0],7,0].
[[2,8,1,1,2,0,2,1,0],38,26].
[[3,8,1,1,1,0,2,1,0],4,15].
[[2,5,0,0,0,0,1,2,1],60,4].
[[3,7,2,1,2,1,2,1,0],13,1].
[[3,2,1,1,2,0,2,3,1],2,0].
[[3,7,2,1,2,0,1,1,1],1,4].
[[1,6,1,0,0,0,1,1,1],2,4].
[[3,8,1,1,1,0,1,1,2],6,15].
[[2,9,2,1,1,1,1,1,0],9,21].
[[2,7,0,0,0,0,2,1,0],1,7].
[[3,8,0,0,0,0,1,1,2],6,79].
[[3,5,0,1,1,1,2,1,0],6,1].
[[3,8,1,1,1,1,2,2,1],18,15].
[[3,7,2,0,0,0,2,1,0],10,0].
[[2,9,1,1,2,0,1,2,2],0,13].
[[3,6,1,1,1,1,2,3,0],11,1].
[[1,9,2,1,2,1,2,1,1],14,23].
[[2,9,2,1,1,1,2,1,1],1,7].
[[3,9,2,1,1,1,2,1,1],0,1].
[[2,5,0,1,2,0,1,2,0],7,3].
[[3,9,2,1,2,1,1,1,2],0,66].
[[2,7,0,1,2,1,2,1,0],0,3].
[[2,6,0,1,2,1,2,1,1],0,1].
[[3,6,0,1,1,1,2,1,1],0,1].
[[2,8,0,1,2,1,1,1,1],7,13].
[[3,6,0,1,2,0,2,3,0],0,7].
[[3,3,1,1,1,1,0,0,0],7,1].
[[3,6,1,0,0,0,0,0,0],7,2].
[[3,3,2,0,0,0,1,1,2],8,0].
[[1,9,2,1,1,1,1,2,1],14,11].
[[3,3,1,1,2,1,2,1,2],9,3].
[[1,7,2,0,0,0,2,3,0],7,0].
[[3,4,1,1,2,0,0,0,0],4,5].
[[1,9,2,1,2,0,1,1,0],3,8].
[[2,8,0,1,2,0,1,1,0],1,5].
[[3,8,0,1,1,0,1,1,0],1,7].
[[3,6,1,1,2,1,0,0,0],17,2].
[[2,8,1,1,2,0,2,1,2],20,17].
[[3,8,1,1,1,0,2,1,2],1,4].
[[3,7,0,1,2,0,0,0,0],3,10].
[[2,7,2,1,2,1,2,1,0],8,0].
[[3,6,1,1,2,1,2,2,2],38,3].
[[3,6,1,1,1,1,2,1,2],2,2].
[[2,8,0,1,2,1,2,1,1],2,11].
[[3,7,0,1,2,1,2,1,1],1,6].
[[3,8,1,1,1,0,2,2,0],5,17].
[[3,7,2,1,2,0,2,1,0],6,1].
[[3,7,0,1,2,1,2,3,1],4,30].
[[1,7,1,0,0,0,2,3,2],42,14].
[[2,3,2,1,2,1,0,0,0],13,0].
[[3,3,2,1,2,1,0,0,0],16,0].
[[3,7,2,1,2,0,1,1,2],21,9].
[[3,9,1,0,0,0,1,1,1],0,10].
[[2,7,1,1,2,0,1,2,2],6,8].
[[3,7,1,1,1,0,1,2,2],3,5].
[[2,8,0,1,1,1,2,3,1],17,32].
[[3,8,1,1,1,0,2,3,2],3,7].
[[1,7,2,1,2,0,0,0,0],11,5].
[[1,7,1,1,2,1,2,3,1],5,4].
[[3,7,2,1,2,0,1,2,0],9,3].
[[3,8,1,1,2,1,0,0,0],0,8].
[[3,7,2,1,2,0,1,2,1],27,3].
[[2,3,2,1,2,0,0,0,0],5,0].
[[3,3,2,1,2,0,0,0,0],9,1].
[[3,9,1,1,1,1,1,1,1],1,4].
[[2,3,2,0,0,0,2,2,2],14,0].
[[3,6,0,1,2,0,1,2,2],0,4].
[[2,9,1,1,1,1,1,1,1],3,3].
[[3,5,0,1,2,0,1,1,0],15,7].
[[3,5,0,1,1,0,1,1,2],6,6].
[[2,8,0,0,0,0,2,1,1],9,16].
[[3,9,1,1,1,0,2,3,0],0,15].
[[1,7,2,1,2,1,2,1,0],1,0].
[[1,8,0,0,0,0,2,1,1],12,11].
[[3,3,1,0,0,0,1,2,2],7,1].
[[3,7,2,0,0,0,1,2,0],13,2].
[[2,8,1,1,1,1,1,1,1],9,12].
[[3,3,2,1,1,1,2,2,2],5,0].
[[2,4,1,1,2,0,2,1,1],1,0].
[[2,7,2,1,2,0,2,3,2],20,6].
[[3,3,2,1,2,0,2,3,2],4,0].
[[2,6,1,1,2,1,2,2,0],9,1].
[[3,6,1,1,2,1,1,1,0],6,1].
[[2,8,0,1,1,1,1,1,2],10,7].
[[1,7,2,0,0,0,1,2,1],4,4].
[[2,7,2,0,0,0,1,1,0],0,2].
[[2,8,0,1,2,0,2,2,0],7,40].
[[2,5,0,1,2,1,1,1,0],18,3].
[[1,8,1,1,2,0,1,2,0],1,2].
[[1,9,2,1,1,1,2,1,2],8,10].
[[2,4,1,1,2,0,2,1,2],1,2].
[[2,5,0,1,2,1,1,2,2],13,0].
[[2,6,1,1,2,0,2,1,2],7,0].
[[1,8,0,0,0,0,1,1,0],5,7].
[[2,7,1,1,2,1,1,1,0],3,3].
[[2,7,2,0,0,0,1,1,1],1,7].
[[1,7,2,1,2,1,2,3,1],7,0].
[[2,6,1,0,0,0,1,1,2],5,1].
[[3,6,1,0,0,0,1,1,2],10,0].
[[3,9,2,1,1,0,2,2,0],0,13].
[[2,7,2,1,1,1,1,2,0],1,1].
[[3,7,2,1,1,1,1,2,0],3,1].
[[2,7,1,1,1,1,2,2,0],1,2].
[[2,7,1,1,2,1,1,2,1],26,7].
[[3,7,1,1,1,1,2,1,2],16,10].
[[1,5,0,1,2,1,1,1,1],23,2].
[[2,5,0,1,2,1,1,1,1],82,2].
[[2,9,2,0,0,0,2,1,1],2,19].
[[3,8,0,1,2,0,2,1,1],0,4].
[[3,7,2,1,1,0,1,2,0],3,2].
[[2,9,1,1,1,1,1,1,2],5,10].
[[2,3,2,1,2,1,1,2,2],2,0].
[[1,7,2,1,2,1,0,0,0],36,8].
[[3,7,2,1,1,1,2,3,0],7,2].
[[2,5,0,1,2,0,1,2,2],4,0].
[[2,5,0,1,1,1,1,2,0],8,2].
[[1,5,0,1,2,1,1,2,1],8,0].
[[3,6,1,0,0,0,2,2,0],18,0].
[[3,3,2,1,1,0,2,1,2],2,0].
[[1,7,1,0,0,0,1,2,2],2,1].
[[1,8,1,1,2,0,1,2,2],11,9].
[[2,6,0,0,0,0,2,3,1],0,8].
[[3,8,1,1,1,0,1,2,2],17,30].
[[3,7,2,1,2,0,2,3,0],14,3].
[[3,7,2,0,0,0,2,2,1],8,2].
[[2,8,0,1,1,1,2,2,1],5,9].
[[1,7,1,1,2,1,2,1,1],7,2].
[[2,7,1,1,1,1,1,2,1],3,5].
[[3,3,1,1,1,1,1,2,1],1,1].
[[2,4,1,1,2,0,1,1,2],8,2].
[[3,7,0,0,0,0,2,3,2],1,13].
[[3,3,2,1,2,1,2,2,2],16,0].
[[3,8,1,0,0,0,2,1,2],7,10].
[[3,7,2,0,0,0,1,2,1],28,5].
[[3,3,1,0,0,0,2,3,2],27,1].
[[2,8,0,1,1,1,2,3,2],7,26].
[[3,7,0,1,1,1,2,3,2],0,8].
[[2,8,0,1,1,1,1,1,0],4,5].
[[1,8,1,1,2,0,2,1,1],4,2].
[[3,7,0,1,1,1,1,1,0],0,2].
[[3,9,1,1,2,0,1,1,1],0,8].
[[1,8,1,1,1,1,2,3,0],5,5].
[[3,8,0,1,1,1,2,1,1],0,5].
[[2,6,0,0,0,0,1,2,2],1,6].
[[3,6,0,0,0,0,1,2,2],0,19].
[[3,7,1,1,1,0,2,2,1],1,3].
[[2,7,2,1,1,1,1,2,2],2,1].
[[3,7,2,1,1,0,2,2,0],5,2].
[[3,7,2,1,2,0,2,2,1],13,4].
[[3,7,2,1,1,1,2,3,2],12,3].
[[2,6,1,1,1,1,2,2,2],2,1].
[[3,3,1,1,1,1,2,2,2],1,0].
[[1,7,2,1,2,0,2,2,2],4,2].
[[2,7,2,1,1,0,2,3,1],2,0].
[[3,7,2,1,1,0,2,3,0],10,1].
[[2,6,0,1,2,1,2,2,2],3,10].
[[3,6,0,1,2,1,1,2,1],0,9].
[[2,4,1,1,2,0,2,2,2],3,1].
[[3,4,1,1,2,0,2,2,2],13,3].
[[3,9,2,1,1,0,2,1,0],0,6].
[[3,7,2,0,0,0,2,2,0],14,0].
[[2,8,0,1,1,1,1,1,1],0,2].
[[3,6,1,0,0,0,2,1,0],12,0].
[[3,3,1,1,2,1,2,3,0],7,1].
[[3,7,2,1,1,0,1,2,2],10,5].
[[2,7,2,1,1,0,2,2,2],1,1].
[[3,7,2,1,1,0,2,2,2],1,4].
[[2,3,2,1,2,1,2,3,2],11,0].
[[3,9,2,1,2,0,1,1,2],0,17].
[[2,9,1,1,2,0,0,0,0],0,4].
[[1,6,1,0,0,0,2,1,0],6,0].
[[2,6,1,0,0,0,2,1,0],12,0].
[[3,6,1,1,2,0,2,1,0],10,0].
[[3,6,1,0,0,0,2,2,2],15,1].
[[2,9,1,1,2,0,2,1,0],2,19].
[[2,8,1,1,1,0,2,2,2],2,4].
[[3,8,1,1,1,0,2,2,2],1,3].
[[3,2,1,1,2,0,2,2,2],1,0].
[[2,7,2,1,1,1,2,2,2],8,4].
[[3,7,2,1,1,1,2,1,0],3,1].
[[3,7,0,1,2,1,2,2,1],3,20].
[[3,3,2,1,2,1,2,2,1],6,0].
[[3,6,1,0,0,0,1,2,0],7,1].
[[1,6,1,1,2,1,2,3,0],3,1].
[[2,3,1,1,2,1,2,3,0],1,0].
[[3,3,1,1,2,1,1,2,0],6,0].
[[3,9,1,1,1,0,1,1,2],0,8].
[[3,9,2,1,2,0,2,1,0],0,21].
[[3,9,1,0,0,0,2,1,1],0,1].
[[2,7,1,1,1,1,2,2,2],6,3].
[[3,8,0,1,2,0,1,1,1],5,7].
[[1,7,1,0,0,0,2,2,1],20,9].
[[3,7,1,0,0,0,2,1,1],10,11].
[[2,9,1,0,0,0,1,1,1],4,12].
[[2,6,1,1,1,1,0,0,0],6,3].
[[3,7,0,0,0,0,1,1,2],0,9].
[[3,6,0,1,2,1,2,1,0],0,13].
[[3,3,1,0,0,0,2,1,2],5,0].
[[2,8,0,1,2,0,2,3,2],4,28].
[[2,6,0,0,0,0,2,3,2],1,13].
[[3,6,0,1,2,1,2,3,2],2,12].
[[2,6,0,1,2,1,2,3,2],2,5].
[[3,6,0,1,2,0,0,0,0],0,8].
[[3,6,1,1,1,1,1,1,2],3,1].
[[3,8,0,1,1,0,1,2,0],0,16].
[[1,7,2,0,0,0,2,2,0],4,0].
[[2,7,2,1,2,1,2,2,0],7,0].
[[3,8,1,1,2,1,2,1,1],5,18].
[[3,4,1,1,2,0,2,1,1],0,2].
[[3,9,1,1,1,1,2,2,1],0,3].
[[3,3,1,1,2,1,1,1,2],8,0].
[[2,4,1,1,2,0,1,2,1],13,3].
[[3,6,0,1,2,1,2,1,2],0,5].
[[3,5,0,1,1,0,1,1,1],6,4].
[[2,6,1,1,2,0,1,1,1],1,1].
[[3,3,1,1,2,1,1,1,1],3,1].
[[3,9,0,1,1,1,1,1,0],0,11].
[[3,7,0,1,2,1,2,2,2],2,32].
[[1,7,2,1,2,1,2,2,1],5,0].
[[2,8,1,1,1,0,1,1,2],1,3].
[[1,8,0,0,0,0,1,1,1],2,1].
[[2,8,0,1,2,0,1,1,1],1,0].
[[3,6,0,1,2,0,1,1,1],1,0].
[[2,4,1,1,2,0,1,2,2],16,2].
[[3,6,0,0,0,0,2,3,2],0,8].
[[3,6,1,0,0,0,1,1,0],4,1].
[[2,7,0,0,0,0,2,2,1],3,1].
[[1,7,1,0,0,0,2,1,0],9,1].
[[2,3,1,0,0,0,2,1,0],1,0].
[[3,3,1,1,2,1,2,1,0],3,0].
[[3,8,0,1,1,0,1,2,1],0,13].
[[3,3,1,1,2,0,1,2,1],3,1].
[[3,6,0,1,1,1,2,1,2],0,4].
[[3,3,1,0,0,0,2,2,1],11,0].
[[2,9,1,1,1,0,1,1,0],1,1].
[[3,7,0,1,2,1,2,3,2],7,42].
[[2,4,1,1,2,0,2,3,2],9,0].
[[2,7,0,1,2,1,0,0,0],7,33].
[[3,6,0,0,0,0,1,1,0],0,5].
[[2,8,0,1,2,0,1,1,2],5,15].
[[3,8,0,1,1,0,1,1,2],0,6].
[[1,8,1,1,1,1,2,1,0],1,0].
[[3,9,0,1,2,0,1,2,1],0,1].
[[2,7,1,1,2,1,1,1,1],7,3].
[[2,3,2,0,0,0,2,3,1],2,0].
[[3,2,1,0,0,0,2,3,1],4,0].
[[2,9,2,1,1,0,2,2,1],0,5].
[[3,3,2,1,1,1,1,2,2],4,0].
[[2,7,1,1,1,1,2,3,2],8,5].
[[3,7,0,0,0,0,2,1,1],1,3].
[[2,6,1,1,2,1,1,1,1],3,4].
[[3,6,0,1,1,1,2,2,2],0,5].
[[2,3,2,1,2,1,2,2,2],6,0].
[[3,7,1,1,1,1,1,1,0],6,4].
[[2,8,0,1,2,0,2,2,1],2,9].
[[3,8,0,1,1,0,1,1,1],0,1].
[[2,7,2,1,1,1,2,3,2],9,3].
[[3,3,2,1,1,1,2,3,2],4,0].
[[3,8,1,1,1,0,2,3,1],4,11].
[[3,6,1,1,2,0,0,0,0],7,0].
[[1,8,1,1,1,1,1,2,1],6,5].
[[3,9,2,1,1,1,0,0,0],0,4].
[[2,8,1,1,1,0,1,2,1],4,3].
[[2,6,1,1,2,1,2,1,2],12,0].
[[3,6,1,1,2,1,2,1,2],16,1].
[[3,7,1,1,1,0,2,3,0],3,3].
[[3,9,0,1,2,0,1,2,0],0,12].
[[1,7,2,1,2,1,2,2,0],2,0].
[[2,8,1,1,2,0,1,1,0],7,12].
[[3,8,1,1,1,0,1,1,0],4,12].
[[1,5,0,1,2,1,2,3,0],16,1].
[[2,8,1,1,1,0,2,1,0],1,5].
[[2,6,1,0,0,0,2,2,0],12,0].
[[1,9,2,1,2,0,2,1,2],2,13].
[[3,7,1,1,1,1,2,1,0],15,9].
[[1,9,2,1,2,0,1,2,1],3,16].
[[3,8,1,1,2,0,0,0,0],1,2].
[[3,9,2,1,1,1,1,1,1],5,8].
[[2,9,2,1,1,1,1,1,1],4,4].
[[3,9,2,1,2,1,0,0,0],0,5].
[[2,6,1,1,2,0,1,2,2],4,0].
[[3,7,0,1,2,0,2,2,0],0,15].
[[2,4,1,1,2,0,1,2,0],3,4].
[[3,7,0,1,2,1,2,1,0],0,27].
[[3,7,2,1,1,1,2,2,1],6,0].
[[3,6,0,0,0,0,2,3,1],1,8].
[[2,3,2,1,2,0,2,1,2],1,0].
[[3,3,2,1,2,0,2,1,2],4,0].
[[3,7,2,1,1,1,2,3,1],15,0].
[[1,8,0,1,2,1,1,2,1],2,1].
[[3,3,2,1,2,1,2,2,0],1,0].
[[3,8,1,0,0,0,2,1,1],5,6].
[[2,7,1,1,2,0,2,2,1],7,5].
[[1,7,2,1,2,1,1,2,1],4,1].
[[2,6,0,0,0,0,2,2,2],3,10].
[[3,3,1,0,0,0,1,2,1],2,0].
[[2,7,0,0,0,0,2,3,1],2,8].
[[3,9,1,1,2,0,2,3,1],0,1].
[[3,6,1,1,2,0,2,2,1],15,0].
[[2,6,1,0,0,0,1,1,1],3,2].
[[2,7,1,1,1,1,0,0,0],12,8].
[[2,7,1,1,1,1,1,1,1],4,0].
[[2,6,0,0,0,0,2,1,2],1,6].
[[3,8,1,1,1,1,0,0,0],0,2].
[[2,6,0,0,0,0,1,1,2],1,1].
[[3,7,2,1,2,1,1,1,0],7,1].
[[1,8,1,1,1,1,1,1,1],2,3].
[[2,6,1,1,1,1,1,1,1],1,0].
[[3,6,1,1,1,1,1,1,1],2,1].
[[2,7,0,0,0,0,2,3,0],1,6].
[[3,7,0,1,1,1,1,1,2],1,5].
[[2,8,0,1,2,0,1,2,0],2,8].
[[3,7,2,1,2,0,2,2,0],11,2].
[[2,7,2,0,0,0,2,2,0],14,1].
[[2,2,1,1,2,1,2,3,0],1,0].
[[3,2,1,1,2,1,2,3,0],4,0].
[[2,3,2,1,2,1,2,2,1],3,0].
[[1,5,0,0,0,0,1,2,1],12,0].
[[2,7,1,1,2,0,2,1,2],4,5].
[[2,9,1,1,1,0,1,2,2],0,2].
[[2,5,0,1,2,0,2,1,0],1,0].
[[3,9,1,0,0,0,2,2,1],0,1].
[[2,7,2,1,2,0,1,1,1],1,3].
[[3,8,1,1,2,0,2,1,2],7,6].
[[3,3,1,1,2,0,1,1,2],2,0].
[[2,9,2,1,1,1,2,1,2],3,7].
[[3,4,1,1,2,0,2,3,1],21,3].
[[1,8,1,1,2,0,1,1,2],3,5].
[[1,6,0,0,0,0,2,2,2],1,6].
[[3,6,0,1,2,0,1,1,2],0,5].
[[3,3,2,1,2,1,2,1,2],5,0].
[[1,6,0,0,0,0,2,3,2],2,4].
[[2,3,1,1,2,1,2,3,2],4,1].
[[2,3,1,1,2,1,2,2,2],6,0].
[[2,5,0,1,1,0,2,2,0],1,1].
[[3,5,0,1,1,0,1,2,0],7,1].
[[2,7,0,1,2,1,2,2,1],2,3].
[[2,9,1,1,1,1,0,0,0],2,4].
[[1,7,2,1,2,0,2,1,2],2,0].
[[2,4,1,1,2,0,2,2,1],7,0].
[[3,6,1,1,1,1,2,2,2],11,1].
[[3,5,0,1,2,1,2,1,0],13,0].
[[3,7,2,0,0,0,1,1,1],4,7].
[[2,3,1,0,0,0,2,3,2],6,0].
[[2,2,1,0,0,0,0,0,0],9,0].
[[3,2,1,1,2,1,0,0,0],7,0].
[[1,8,0,1,2,1,1,2,0],4,7].
[[2,6,1,1,2,1,2,3,0],7,1].
[[3,9,2,1,1,1,2,3,1],0,3].
[[2,9,1,1,2,0,1,2,1],6,20].
[[3,1,1,1,2,0,1,1,0],2,0].
[[1,8,1,1,1,1,2,1,2],6,3].
[[2,6,1,1,1,1,2,1,2],0,1].
[[3,4,1,1,2,0,2,1,2],2,3].
[[3,7,1,1,1,0,2,3,1],4,6].
[[3,7,0,1,1,1,2,2,1],1,3].
[[3,9,2,1,2,0,1,1,1],3,4].
[[3,3,1,1,2,0,1,2,2],6,1].
[[2,9,2,1,2,0,1,1,1],6,5].
[[3,5,0,1,1,0,1,1,0],4,3].
[[2,9,1,1,2,1,0,0,0],2,14].
[[2,6,0,1,2,1,2,3,0],2,3].
[[3,9,0,1,2,1,1,2,2],0,4].
[[3,6,1,1,2,0,2,2,0],12,0].
[[2,5,0,1,1,1,2,3,0],8,1].
[[2,6,1,1,1,1,2,3,1],6,1].
[[1,8,0,0,0,0,1,2,1],5,7].
[[2,9,1,0,0,0,2,3,1],3,2].
[[3,7,0,0,0,0,1,1,0],0,5].
[[3,6,0,0,0,0,2,1,1],1,0].
[[2,7,2,0,0,0,1,2,0],8,0].
[[1,7,2,1,2,1,2,1,2],9,1].
[[3,3,1,1,2,0,2,3,2],5,0].
[[1,6,1,0,0,0,1,2,1],5,1].
[[2,3,1,0,0,0,1,2,1],1,0].
[[3,3,1,1,2,1,1,2,1],9,0].
[[2,3,1,0,0,0,2,2,2],6,1].
[[3,3,1,1,2,0,2,2,2],8,0].
[[3,6,0,0,0,0,2,1,0],0,9].
[[3,6,0,0,0,0,1,2,1],1,4].
[[3,9,2,1,1,0,1,1,2],0,5].
[[2,7,0,1,2,1,2,3,0],1,11].
[[2,6,0,0,0,0,2,1,0],0,1].
[[3,2,1,0,0,0,1,2,2],2,0].
[[3,7,1,1,1,0,2,2,0],3,4].
[[3,9,2,0,0,0,2,2,1],0,2].
[[2,6,1,1,2,1,1,2,0],2,1].
[[3,6,1,1,1,0,2,2,0],2,2].
[[2,6,1,1,2,0,2,1,1],1,1].
[[3,2,1,1,2,0,2,1,1],1,0].
[[3,3,1,0,0,0,2,1,1],2,0].
[[2,5,0,1,2,1,2,1,0],2,0].
[[3,4,1,1,2,0,2,2,1],16,1].
[[2,7,2,1,2,1,1,2,0],4,0].
[[3,7,2,0,0,0,0,0,0],4,1].
[[2,6,0,1,2,1,2,3,1],3,5].
[[3,6,0,1,2,1,2,2,1],1,9].
[[3,6,0,1,1,1,0,0,0],0,5].
[[2,3,1,0,0,0,2,2,1],2,0].
[[2,6,0,0,0,0,2,2,1],1,2].
[[3,6,0,0,0,0,2,2,1],1,2].
[[3,7,2,1,1,1,0,0,0],4,0].
[[3,7,1,1,1,0,2,1,2],2,5].
[[3,7,0,1,2,0,2,1,2],0,2].
[[3,9,2,0,0,0,2,1,1],0,1].
[[2,3,2,0,0,0,2,1,2],4,0].
[[3,3,2,0,0,0,2,1,2],4,0].
[[2,7,2,1,2,0,2,3,0],8,1].
[[3,6,0,1,1,1,2,3,0],0,11].
[[3,3,2,1,2,1,2,3,0],3,0].
[[1,8,0,1,2,1,1,1,0],3,4].
[[2,6,1,1,2,0,2,2,0],1,1].
[[3,6,0,1,2,0,2,3,1],0,3].
[[1,7,1,0,0,0,2,1,1],10,2].
[[2,8,1,1,1,0,2,3,0],3,8].
[[2,7,1,1,2,0,1,1,2],2,3].
[[3,6,0,1,2,1,1,2,0],1,7].
[[1,5,0,1,2,0,1,1,1],2,1].
[[1,9,2,1,1,1,2,1,1],2,2].
[[3,7,0,1,2,0,1,2,2],0,13].
[[2,7,2,1,2,0,2,2,0],4,1].
[[3,9,0,1,2,0,1,1,0],0,7].
[[3,3,2,0,0,0,2,3,1],5,0].
[[3,9,1,1,1,1,0,0,0],0,4].
[[3,6,1,1,1,0,1,1,2],1,0].
[[2,9,2,1,1,0,1,2,2],1,13].
[[3,3,2,1,2,1,2,3,1],6,0].
[[3,3,1,1,1,1,1,2,2],4,0].
[[3,9,2,1,2,0,2,2,1],0,3].
[[3,3,1,0,0,0,2,3,0],3,0].
[[3,9,2,1,2,1,2,2,1],0,21].
[[3,9,1,1,2,0,0,0,0],0,3].
[[2,6,0,1,2,1,1,1,0],0,1].
[[3,6,0,1,2,1,1,1,0],1,2].
[[3,6,1,1,2,1,1,2,0],15,0].
[[3,6,1,1,2,0,1,2,0],4,1].
[[3,3,1,0,0,0,1,2,0],3,0].
[[3,3,2,1,2,1,1,1,2],14,0].
[[3,7,1,1,1,0,1,2,1],1,6].
[[3,8,0,1,2,1,2,1,1],0,10].
[[3,7,1,1,1,0,1,2,0],3,2].
[[2,7,1,1,2,0,1,2,1],6,3].
[[3,3,1,1,1,1,2,2,0],1,0].
[[3,9,0,1,1,1,2,1,0],0,1].
[[2,9,2,1,1,0,1,1,2],1,2].
[[2,9,2,1,2,0,2,1,1],0,3].
[[3,9,1,1,2,1,2,1,1],0,1].
[[1,5,0,0,0,0,1,2,0],10,1].
[[2,6,0,0,0,0,2,1,1],0,1].
[[3,6,0,1,2,1,1,1,1],0,4].
[[3,6,0,1,2,0,2,2,2],0,5].
[[3,6,0,1,2,0,1,2,1],0,1].
[[1,5,0,1,1,1,2,2,0],2,1].
[[2,7,2,1,1,1,2,1,2],2,1].
[[3,6,0,1,2,0,2,3,2],0,7].
[[2,9,2,1,1,0,1,1,0],1,3].
[[3,9,2,1,1,0,1,1,0],0,2].
[[3,3,2,0,0,0,2,2,0],1,0].
[[3,6,1,1,1,0,2,3,1],5,0].
[[3,8,1,0,0,0,0,0,0],0,6].
[[1,8,0,1,2,1,2,1,1],0,3].
[[3,7,0,1,1,1,1,2,1],0,2].
[[2,7,1,0,0,0,1,1,0],6,1].
[[3,3,1,1,2,0,1,1,0],1,0].
[[3,6,0,0,0,0,2,1,2],1,2].
[[2,8,1,1,2,0,2,1,1],7,6].
[[3,3,2,1,1,0,2,3,2],1,0].
[[1,7,1,1,2,1,2,1,0],2,1].
[[3,9,0,1,2,1,2,1,0],0,2].
[[2,8,1,1,1,0,0,0,0],0,2].
[[1,8,1,1,1,1,2,1,1],5,0].
[[1,3,2,0,0,0,1,2,2],1,0].
[[1,3,2,0,0,0,2,2,2],4,0].
[[3,8,0,1,1,1,2,1,2],1,8].
[[3,3,1,1,1,1,2,3,0],2,1].
[[1,8,1,1,2,1,1,1,0],4,3].
[[1,7,1,1,2,1,2,1,2],3,3].
[[1,9,2,1,2,0,1,1,1],1,0].
[[3,7,1,1,2,0,2,1,1],2,5].
[[3,2,1,0,0,0,0,0,0],5,0].
[[2,7,1,1,1,1,2,1,0],1,0].
[[3,9,0,1,1,0,1,1,0],0,1].
[[3,7,2,1,1,0,2,3,1],4,2].
[[3,9,2,1,2,1,2,2,2],1,1].
[[3,6,0,0,0,0,1,2,0],0,3].
[[3,6,1,1,1,0,2,3,2],2,0].
[[2,6,0,0,0,0,1,2,0],0,1].
[[1,3,2,0,0,0,2,3,2],4,0].
[[2,3,2,1,2,0,2,2,1],1,0].
[[3,3,2,1,1,0,2,2,1],1,0].
[[2,6,1,1,1,1,1,2,1],1,0].
[[2,6,0,1,2,1,2,2,1],0,1].
[[3,9,2,1,1,0,1,2,1],0,8].
[[3,6,1,1,1,0,2,1,2],1,1].
[[1,8,1,1,1,1,2,2,0],5,2].
[[2,6,1,1,1,1,2,2,0],2,0].
[[2,6,0,1,2,1,2,1,2],0,3].
[[3,7,2,1,1,1,1,1,1],3,0].
[[3,3,0,1,2,1,0,0,0],0,2].
[[3,6,0,1,1,1,1,2,0],0,2].
[[3,6,0,1,2,0,2,1,0],0,2].
[[1,7,2,0,0,0,2,1,0],3,0].
[[1,6,0,0,0,0,2,1,2],0,2].
[[3,8,0,1,1,0,2,2,2],0,5].
[[3,3,2,1,1,1,2,2,1],4,0].
[[3,9,0,1,2,0,2,2,0],0,1].
[[2,2,1,1,2,1,0,0,0],4,0].
[[1,9,2,1,2,0,2,1,1],0,2].
[[3,7,0,1,2,0,2,2,2],0,4].
[[3,6,1,0,0,0,1,1,1],6,3].
[[1,7,2,1,2,0,2,3,2],6,0].
[[2,9,1,1,2,1,2,3,1],1,3].
[[2,3,1,1,2,1,2,1,1],1,0].
[[2,6,1,1,2,0,1,2,1],2,1].
[[2,7,1,1,1,1,2,1,2],3,1].
[[1,6,1,0,0,0,1,2,2],2,0].
[[2,6,0,0,0,0,2,3,0],2,4].
[[1,6,1,1,2,1,2,1,2],2,1].
[[2,3,2,1,2,1,2,1,2],2,0].
[[2,5,0,1,1,1,1,2,2],2,0].
[[3,7,2,1,1,0,2,3,2],4,2].
[[3,7,2,1,2,0,1,1,0],1,1].
[[3,4,0,1,2,0,1,2,1],0,2].
[[3,3,1,1,2,0,2,3,1],6,0].
[[3,8,1,1,1,0,1,1,1],5,10].
[[3,3,2,1,2,0,2,2,2],5,0].
[[2,9,2,1,1,0,0,0,0],0,2].
[[3,3,2,0,0,0,1,1,1],1,0].
[[3,9,2,1,1,1,2,2,2],0,2].
[[1,7,2,1,2,0,2,2,1],3,0].
[[3,7,0,1,2,0,1,2,0],0,3].
[[2,7,0,0,0,0,1,2,2],0,1].
[[3,2,1,0,0,0,2,1,0],2,0].
[[2,3,2,1,2,0,1,2,2],2,0].
[[3,3,2,1,1,0,1,1,1],1,0].
[[3,3,1,1,2,0,2,2,1],3,0].
[[3,7,0,1,1,1,2,2,2],0,6].
[[3,7,2,1,1,0,2,1,0],2,1].
[[3,3,1,1,2,1,2,1,1],5,1].
[[3,9,0,1,2,1,2,3,0],0,1].
[[3,5,0,1,1,0,1,2,2],2,1].
[[2,7,2,1,1,1,2,3,1],2,0].
[[3,9,0,1,1,0,1,2,0],0,4].
[[3,7,2,1,1,0,0,0,0],2,2].
[[2,6,0,1,2,1,2,1,0],0,2].
[[1,6,1,0,0,0,2,3,0],6,0].
[[2,2,1,0,0,0,2,3,0],2,0].
[[3,9,1,0,0,0,0,0,0],0,2].
[[3,9,1,1,2,1,2,3,1],0,2].
[[2,9,2,1,1,0,1,2,1],1,2].
[[1,5,0,1,1,1,1,1,2],4,0].
[[3,6,0,0,0,0,2,2,0],0,5].
[[2,6,1,0,0,0,1,1,0],5,0].
[[3,2,1,1,1,1,0,0,0],2,0].
[[2,6,1,1,1,1,1,2,2],1,0].
[[1,2,1,0,0,0,0,0,0],1,0].
[[3,2,1,1,2,1,2,2,2],1,0].
[[2,9,1,1,1,0,1,1,2],0,1].
[[3,2,1,1,2,1,2,1,2],1,0].
[[3,5,0,1,1,0,2,2,0],1,1].
[[1,7,1,1,2,1,2,3,0],2,1].
[[2,7,2,1,1,0,0,0,0],2,3].
[[1,8,0,1,2,1,1,1,1],0,1].
[[1,5,0,1,2,1,1,2,0],4,1].
[[3,3,1,1,2,0,2,3,0],2,0].
[[3,7,0,1,2,1,1,1,1],0,4].
[[3,3,2,0,0,0,2,2,1],4,0].
[[3,2,1,0,0,0,2,1,2],2,0].
[[3,8,0,1,1,0,2,3,1],0,2].
[[3,6,1,1,1,0,1,2,2],1,0].
[[3,3,1,1,2,1,1,1,0],2,0].
[[3,7,0,0,0,0,2,1,2],0,5].
[[3,3,1,1,1,1,2,3,1],3,1].
[[1,6,0,0,0,0,2,3,0],0,1].
[[3,3,2,1,2,0,2,2,1],2,0].
[[2,5,0,1,1,0,1,1,2],1,0].
[[2,6,1,1,2,0,2,3,0],2,1].
[[2,9,1,1,1,1,2,2,1],1,0].
[[3,6,0,1,2,0,1,1,0],0,1].
[[1,8,1,1,2,0,1,1,0],0,4].
[[2,8,1,1,1,0,1,1,0],0,3].
[[3,3,1,1,1,1,2,3,2],4,1].
[[2,3,2,1,2,1,2,3,0],1,0].
[[3,3,2,1,1,1,2,3,0],1,0].
[[3,2,1,1,2,1,2,3,1],1,0].
[[2,5,0,1,2,0,1,1,0],2,3].
[[3,3,0,1,2,1,2,2,0],0,1].
[[2,7,2,1,1,1,1,2,1],2,0].
[[2,5,0,1,1,0,1,2,0],2,0].
[[1,6,1,1,2,1,1,1,1],1,0].
[[2,3,2,0,0,0,2,2,0],1,0].
[[3,3,2,1,2,0,1,2,0],1,0].
[[3,5,0,1,2,0,2,1,0],3,1].
[[3,6,0,1,1,1,2,3,2],1,2].
[[2,7,0,1,2,1,1,2,0],0,1].
[[3,3,2,1,1,0,1,1,2],1,0].
[[2,3,2,1,2,0,2,3,1],2,0].
[[3,3,2,1,2,0,1,2,1],1,0].
[[2,7,2,1,1,1,1,1,1],1,0].
[[1,5,0,1,2,0,1,2,1],1,0].
[[3,3,2,0,0,0,1,2,0],1,0].
[[3,3,2,0,0,0,2,3,0],4,0].
[[1,3,2,0,0,0,2,2,1],1,0].
[[2,3,2,1,2,1,1,2,1],2,0].
[[3,3,2,1,2,1,1,1,0],1,0].
[[1,8,1,1,1,1,1,2,0],1,0].
[[1,6,1,0,0,0,2,2,0],3,1].
[[2,9,1,1,2,1,2,1,1],0,1].
[[3,7,2,1,1,0,2,1,2],2,0].
[[3,6,1,1,1,0,2,2,2],0,1].
[[3,9,2,1,2,0,0,0,0],0,1].
[[3,7,2,1,1,1,2,1,2],2,1].
[[2,9,2,1,1,0,2,2,2],0,1].
[[3,3,1,1,2,0,2,1,0],1,0].
[[2,9,1,1,2,0,1,1,1],1,1].
[[3,6,1,1,2,0,1,1,1],3,2].
[[2,8,1,1,1,0,2,2,0],2,3].
[[3,3,2,1,2,1,1,2,1],2,0].
[[3,3,2,0,0,0,1,2,1],1,0].
[[2,7,1,1,1,1,2,1,1],2,0].
[[3,9,0,1,1,1,2,3,0],0,1].
[[2,3,2,1,2,1,2,3,1],1,0].
[[3,7,1,1,1,0,1,1,0],0,2].
[[1,7,2,1,2,0,1,2,2],1,1].
[[2,5,0,0,0,0,2,1,0],1,1].
[[3,9,2,0,0,0,2,3,1],0,3].
[[1,7,2,1,2,0,2,3,1],2,0].
[[2,8,1,1,1,0,2,1,2],2,2].
[[3,9,1,1,1,0,0,0,0],0,1].
[[2,9,1,1,1,0,1,2,0],0,2].
[[2,7,2,1,1,1,2,1,0],1,0].
[[1,6,1,0,0,0,1,1,2],1,0].
[[2,3,2,0,0,0,1,1,2],2,0].
[[2,7,2,1,1,0,1,1,1],1,1].
[[2,3,2,1,2,0,2,3,2],2,0].
[[3,3,2,1,2,0,2,3,0],1,0].
[[3,3,2,1,1,1,2,2,0],1,0].
[[2,3,1,0,0,0,2,3,1],4,0].
[[2,7,2,1,2,0,1,2,0],2,1].
[[3,9,0,1,1,1,2,2,0],0,1].
[[3,7,0,1,2,0,1,1,2],0,1].
[[2,9,1,1,2,1,2,2,1],1,2].
[[2,7,1,1,2,0,1,1,1],1,0].
[[3,3,2,1,1,1,1,2,1],1,0].
[[3,9,2,1,2,0,2,3,1],0,2].
[[3,9,1,1,2,0,2,2,1],0,1].
[[3,9,0,0,0,0,1,2,2],0,1].
[[3,3,2,1,1,0,0,0,0],2,0].
[[3,3,0,0,0,0,1,1,2],0,1].
[[2,6,0,1,2,1,2,2,0],1,2].
[[2,9,2,1,1,0,2,1,2],0,1].
[[3,4,0,1,2,0,1,1,2],0,1].
[[1,7,1,1,2,1,1,2,1],1,0].
[[2,3,1,0,0,0,2,2,0],2,0].
[[3,8,0,1,1,0,2,3,2],0,4].
[[2,3,2,0,0,0,2,2,1],1,0].
[[2,7,0,0,0,0,2,1,2],1,2].
[[2,7,1,1,2,0,2,1,1],2,0].
[[2,9,1,1,1,0,1,2,1],0,2].
[[3,6,1,1,1,0,2,3,0],1,2].
[[1,7,2,1,2,0,1,2,1],1,1].
[[1,7,2,1,2,0,1,1,2],1,1].
[[2,7,2,1,1,0,1,1,2],0,1].
[[3,7,2,1,1,0,1,1,0],1,0].
[[3,9,2,1,2,1,2,1,1],1,2].
[[2,9,1,0,0,0,2,2,1],0,1].
[[2,6,1,1,1,1,2,3,0],2,0].
[[2,7,2,1,1,0,1,2,1],1,0].
[[3,3,2,1,1,0,1,2,1],1,0].
[[1,6,0,0,0,0,2,2,0],1,1].
[[2,7,2,1,2,0,1,1,0],1,0].
[[3,3,2,1,1,1,0,0,0],2,0].
[[2,3,2,1,2,0,2,2,2],2,0].
[[3,3,2,1,1,0,2,3,0],1,0].
[[3,9,0,1,1,1,1,2,2],0,2].
[[3,6,1,0,0,0,2,1,1],1,0].
[[1,5,0,1,1,1,1,2,1],1,0].
[[2,8,1,1,1,0,1,2,0],0,1].
[[3,4,0,1,2,0,1,2,0],0,1].
[[3,7,2,1,1,1,1,1,0],1,1].
[[2,7,0,0,0,0,1,2,0],0,1].
[[3,6,1,1,1,0,1,1,1],0,1].
[[2,7,0,1,2,1,1,2,1],1,0].
[[1,6,1,1,2,1,2,1,1],1,0].
[[3,3,1,0,0,0,1,1,0],1,0].
[[2,8,0,1,1,1,2,1,1],1,1].
[[1,9,2,1,1,1,1,1,1],1,1].
[[1,5,0,1,2,0,1,1,2],0,1].
[[3,6,1,1,1,1,2,1,1],1,0].
[[3,6,0,1,2,0,2,2,1],0,1].
[[2,7,0,0,0,0,2,1,1],0,1].
[[3,6,0,1,1,1,1,2,2],0,1].
[[3,7,0,1,1,1,1,1,1],1,0].
[[3,9,2,1,2,0,2,2,2],0,2].
[[1,8,1,1,1,1,1,1,2],2,1].
[[2,4,1,1,2,0,0,0,0],2,0].
[[3,9,0,1,1,1,1,1,1],0,1].
[[3,3,1,1,2,0,2,1,1],1,0].
[[3,7,0,0,0,0,1,1,1],0,1].
[[2,6,1,1,1,1,2,1,0],1,0].
[[3,7,0,1,2,0,2,3,2],0,5].
[[3,6,0,1,1,1,2,1,0],0,1].
[[3,2,1,0,0,0,2,2,2],1,0].
[[1,6,0,0,0,0,2,2,1],1,0].
[[2,6,0,0,0,0,1,1,1],1,0].
[[3,6,0,0,0,0,1,1,1],1,0].
[[3,1,1,1,2,0,1,2,1],1,0].
[[1,7,2,1,2,0,2,3,0],1,0].
[[2,3,2,1,2,0,2,3,0],1,0].
[[3,2,1,1,2,0,2,3,0],1,0].
[[2,8,1,1,1,0,2,1,1],0,1].
[[3,2,1,1,2,1,1,1,2],1,0].
[[2,6,1,1,1,1,2,3,2],1,0].
[[3,1,1,1,2,0,1,2,0],1,0].
[[1,7,1,0,0,0,1,1,2],1,0].
[[2,3,1,0,0,0,1,1,2],1,0].
[[1,6,1,1,2,1,2,2,0],1,0].
[[2,3,1,1,2,1,2,2,0],1,0].
[[3,2,0,1,2,1,1,2,2],0,1].
[[2,6,1,1,2,0,1,1,2],1,0].
[[2,5,0,1,1,1,2,1,0],0,1].
[[1,3,2,0,0,0,2,1,2],1,0].
[[2,7,2,1,1,1,2,3,0],1,0].
[[2,4,1,1,2,0,1,1,1],0,1].
[[3,3,2,1,2,0,2,3,1],1,0].
[[1,2,1,0,0,0,2,3,2],1,0].
[[2,2,1,0,0,0,2,3,2],1,0].
[[2,6,1,1,2,1,1,1,0],1,0].
[[3,6,1,1,1,1,1,1,0],1,0].
[[2,6,1,0,0,0,1,2,0],1,0].
[[3,2,1,0,0,0,2,3,2],1,0].
[[2,3,1,1,2,1,2,1,2],1,0].
[[3,9,1,1,1,1,2,3,1],0,1].
[[3,9,1,1,2,1,2,2,1],0,2].
[[2,6,1,1,2,0,1,2,0],1,1].
[[3,6,1,1,1,0,1,2,0],1,2].
[[3,3,2,1,1,0,2,2,2],1,0].
[[3,8,0,1,1,0,2,1,2],0,1].
[[1,5,0,1,1,1,2,3,0],2,0].
[[1,5,0,0,0,0,1,1,0],1,0].
[[3,9,0,1,2,1,1,2,1],0,1].
[[3,2,1,1,1,1,2,3,2],1,0].
[[3,2,0,1,2,1,2,3,1],0,1].
[[3,9,0,1,1,0,1,1,1],0,1].
[[2,7,2,1,1,1,2,2,0],1,0].
