total_WL(450,307).
[[1,9,2,0,0,0,2,3,1],19,26].
[[2,8,0,0,0,0,2,3,1],5,7].
[[3,7,0,0,0,0,2,3,1],0,1].
[[1,8,0,1,2,1,2,2,0],2,1].
[[2,8,0,1,2,1,2,2,0],3,3].
[[3,8,0,1,2,1,2,3,0],10,10].
[[1,8,1,0,0,0,2,3,1],23,10].
[[2,8,1,0,0,0,2,3,1],18,9].
[[3,8,1,1,2,1,1,2,1],17,9].
[[3,7,1,0,0,0,2,3,1],7,0].
[[1,9,2,1,2,1,1,1,0],0,2].
[[2,9,2,1,2,1,1,1,0],0,1].
[[3,9,1,1,2,1,1,1,0],1,3].
[[1,8,1,0,0,0,2,2,1],31,3].
[[2,8,1,0,0,0,2,2,1],15,2].
[[3,8,1,1,2,1,1,1,1],7,1].
[[1,8,1,0,0,0,2,3,0],10,5].
[[2,8,1,1,2,1,2,3,0],3,5].
[[3,8,1,1,2,1,2,2,0],2,2].
[[1,8,1,0,0,0,0,0,0],30,10].
[[2,8,1,0,0,0,2,1,1],4,1].
[[3,7,1,1,2,0,2,1,1],2,0].
[[1,8,0,0,0,0,0,0,0],16,18].
[[3,8,0,1,2,1,2,3,1],4,9].
[[1,8,0,0,0,0,2,2,1],5,10].
[[2,7,1,0,0,0,2,2,1],2,1].
[[3,7,1,1,2,1,2,2,1],14,4].
[[3,8,1,0,0,0,2,3,1],4,4].
[[2,9,2,0,0,0,1,2,1],8,10].
[[3,8,0,0,0,0,1,2,1],5,4].
[[3,8,1,0,0,0,2,3,0],1,2].
[[1,7,2,0,0,0,2,3,1],2,0].
[[2,7,2,0,0,0,2,3,1],5,0].
[[3,7,2,0,0,0,1,2,1],3,0].
[[1,8,1,0,0,0,2,1,1],8,1].
[[2,8,1,1,2,1,2,1,1],4,0].
[[3,6,1,1,2,1,2,1,1],1,0].
[[1,9,2,1,2,1,2,1,1],2,2].
[[2,9,1,1,2,1,1,1,1],0,1].
[[3,9,1,1,2,1,1,1,1],3,3].
[[2,7,2,0,0,0,1,2,1],2,0].
[[3,7,2,1,2,0,1,2,1],4,0].
[[2,9,1,1,2,1,1,2,1],6,4].
[[3,8,0,1,2,1,1,2,1],3,7].
[[2,8,1,1,2,1,0,0,0],1,1].
[[3,8,1,1,2,1,2,2,1],3,3].
[[1,9,2,0,0,0,1,1,1],9,4].
[[2,9,2,1,2,1,1,1,1],3,6].
[[3,9,2,1,2,1,1,1,1],3,3].
[[1,8,0,0,0,0,1,2,1],1,0].
[[2,7,1,0,0,0,1,2,1],2,1].
[[3,7,1,1,2,1,1,2,1],8,1].
[[1,7,2,1,2,1,0,0,0],1,0].
[[2,7,2,1,1,1,0,0,0],1,0].
[[3,7,2,1,1,1,2,3,1],1,0].
[[2,8,1,0,0,0,2,3,0],8,3].
[[3,8,1,1,2,1,1,2,0],5,1].
[[1,6,1,0,0,0,0,0,0],4,0].
[[2,6,1,0,0,0,2,2,1],7,0].
[[3,6,1,1,2,0,1,1,1],2,0].
[[1,7,2,0,0,0,2,2,1],2,0].
[[2,7,2,0,0,0,2,3,0],2,0].
[[3,7,2,1,2,0,2,3,1],2,0].
[[3,7,1,1,2,0,2,3,1],2,0].
[[1,9,2,1,2,1,2,2,1],10,14].
[[2,9,2,1,1,1,2,3,1],3,2].
[[3,9,1,1,1,1,1,2,0],1,4].
[[1,9,2,0,0,0,2,2,0],9,8].
[[2,9,2,1,2,0,2,2,0],0,2].
[[3,8,0,1,1,0,2,2,0],0,1].
[[3,8,0,0,0,0,1,2,0],0,1].
[[2,6,1,0,0,0,2,3,1],2,0].
[[3,6,1,0,0,0,2,3,1],2,0].
[[1,9,2,0,0,0,2,2,1],24,17].
[[2,8,1,1,2,1,2,2,1],9,4].
[[3,6,1,1,2,1,2,3,0],2,1].
[[1,6,1,1,2,1,0,0,0],2,0].
[[2,6,1,1,2,1,2,1,1],1,0].
[[3,3,2,1,2,1,2,1,1],1,0].
[[1,9,2,1,2,0,2,2,0],1,1].
[[2,8,1,1,2,0,2,3,1],4,0].
[[3,8,1,1,2,0,2,3,1],4,0].
[[1,8,0,0,0,0,2,3,1],5,6].
[[2,8,0,1,2,0,2,2,0],2,2].
[[3,8,0,1,2,0,2,3,0],0,1].
[[2,8,1,0,0,0,2,2,0],5,1].
[[3,8,1,0,0,0,2,2,0],2,3].
[[1,9,2,0,0,0,1,2,1],14,13].
[[3,8,1,0,0,0,1,2,1],4,4].
[[1,8,1,1,2,1,2,2,1],10,4].
[[2,8,1,1,1,1,2,2,1],2,3].
[[3,8,1,1,1,1,2,1,1],1,1].
[[1,8,1,1,2,1,2,3,1],3,3].
[[2,8,1,1,1,1,2,3,1],4,2].
[[3,8,1,1,1,1,2,3,1],4,1].
[[2,7,1,1,2,1,2,3,1],6,2].
[[3,7,1,1,2,1,2,3,1],14,4].
[[2,7,2,1,2,1,1,1,1],1,0].
[[3,7,2,1,2,1,1,1,1],1,2].
[[1,9,2,0,0,0,2,1,0],7,4].
[[2,9,2,1,2,1,2,1,0],2,3].
[[3,8,0,1,2,1,2,1,0],3,1].
[[2,9,1,1,2,1,1,1,0],1,1].
[[3,8,1,1,1,1,1,1,0],1,0].
[[1,8,1,0,0,0,1,2,1],2,4].
[[2,7,2,1,2,0,1,2,1],0,1].
[[3,5,0,1,2,0,1,1,1],2,1].
[[1,9,2,1,2,1,0,0,0],5,10].
[[2,9,2,1,2,1,2,3,1],3,5].
[[2,9,1,0,0,0,2,2,1],2,2].
[[3,8,0,0,0,0,2,2,1],1,2].
[[2,8,0,0,0,0,2,2,1],9,5].
[[3,8,0,0,0,0,2,3,1],1,4].
[[2,7,2,0,0,0,2,2,1],3,0].
[[3,7,1,0,0,0,2,2,1],2,0].
[[1,9,2,0,0,0,2,1,1],4,3].
[[2,9,1,0,0,0,2,1,1],1,2].
[[3,8,1,0,0,0,2,1,1],2,1].
[[1,9,2,1,1,1,2,3,1],1,1].
[[2,8,0,1,1,1,2,3,1],0,2].
[[3,8,0,1,1,1,2,3,1],1,1].
[[2,8,0,1,2,1,2,2,1],5,5].
[[2,8,0,1,2,0,2,1,1],0,1].
[[3,8,0,1,2,0,1,1,1],1,1].
[[1,8,1,0,0,0,2,2,0],7,2].
[[2,8,1,1,2,1,2,2,0],3,2].
[[2,9,2,1,2,1,2,2,1],1,6].
[[3,9,1,1,2,1,1,2,1],6,13].
[[1,9,2,0,0,0,2,3,0],20,23].
[[2,9,2,0,0,0,2,3,0],8,7].
[[3,8,0,0,0,0,2,3,0],7,6].
[[1,5,0,0,0,0,1,2,0],1,0].
[[2,5,0,0,0,0,1,2,0],1,0].
[[3,5,0,1,2,1,1,2,0],2,0].
[[2,9,2,0,0,0,2,1,0],0,2].
[[3,9,2,1,2,0,1,1,1],0,3].
[[2,7,1,0,0,0,2,1,1],2,0].
[[3,7,1,1,2,0,1,1,1],1,0].
[[1,8,1,1,2,1,1,1,0],1,1].
[[2,8,1,1,2,1,1,1,0],1,1].
[[1,8,0,1,2,1,0,0,0],5,4].
[[2,8,0,1,2,1,0,0,0],2,5].
[[2,9,2,0,0,0,1,1,1],2,4].
[[2,8,0,0,0,0,2,3,0],6,5].
[[3,8,0,1,2,1,1,2,0],3,0].
[[1,6,1,1,2,1,2,3,1],2,0].
[[2,6,1,1,2,1,1,2,1],1,0].
[[3,6,1,1,2,1,1,2,1],3,0].
[[2,9,1,1,2,1,0,0,0],0,1].
[[3,9,1,1,2,1,2,3,0],1,3].
[[2,9,1,1,2,1,2,1,0],1,2].
[[3,9,1,1,2,1,2,1,0],1,3].
[[1,7,1,0,0,0,2,3,1],2,0].
[[2,7,1,1,2,0,2,3,1],2,0].
[[1,9,2,0,0,0,1,1,0],2,1].
[[2,9,1,0,0,0,1,2,0],4,5].
[[3,9,1,1,2,1,1,2,0],7,5].
[[1,9,2,1,1,1,2,2,1],3,1].
[[1,9,2,1,2,1,2,2,0],9,3].
[[2,9,2,1,2,1,2,2,0],6,5].
[[3,8,0,1,2,1,2,2,0],5,8].
[[2,9,1,1,2,1,1,2,0],3,2].
[[1,9,2,0,0,0,0,0,0],7,30].
[[2,8,0,0,0,0,0,0,0],1,10].
[[2,9,1,0,0,0,1,1,0],3,2].
[[3,8,1,0,0,0,1,1,0],2,0].
[[1,9,2,1,2,1,2,1,0],2,3].
[[2,5,0,0,0,0,1,1,1],3,1].
[[1,8,0,0,0,0,2,2,0],5,2].
[[2,5,0,0,0,0,2,2,0],1,0].
[[3,5,0,1,2,1,2,2,0],1,0].
[[2,8,0,1,2,1,2,1,0],2,1].
[[2,6,1,1,2,1,2,3,1],2,0].
[[3,6,1,1,1,1,1,2,1],1,0].
[[1,8,1,0,0,0,2,1,0],1,1].
[[2,7,2,1,2,0,1,1,1],0,1].
[[3,9,1,0,0,0,1,2,1],1,5].
[[1,7,1,0,0,0,2,2,1],1,0].
[[2,3,1,1,2,1,2,2,1],1,0].
[[3,3,1,1,2,1,2,2,1],2,0].
[[2,9,2,1,2,1,1,2,1],6,5].
[[1,9,2,1,2,1,2,3,1],11,7].
[[3,9,1,1,1,1,2,2,0],1,3].
[[1,9,2,1,2,1,1,2,1],5,4].
[[2,9,2,1,1,1,1,2,1],3,3].
[[3,8,0,1,1,1,1,2,1],4,3].
[[2,7,1,0,0,0,2,3,1],7,1].
[[2,9,1,1,2,1,2,2,0],3,1].
[[1,7,1,0,0,0,0,0,0],9,3].
[[2,3,1,0,0,0,0,0,0],2,0].
[[3,3,1,1,2,0,0,0,0],2,0].
[[2,9,1,0,0,0,1,1,1],1,1].
[[2,9,1,0,0,0,2,2,0],1,3].
[[3,8,0,0,0,0,2,2,0],1,3].
[[1,8,1,1,2,0,1,2,1],3,0].
[[2,7,1,1,2,0,1,2,1],1,0].
[[3,7,1,1,2,0,1,2,1],2,0].
[[2,8,1,0,0,0,1,1,1],2,4].
[[3,8,1,0,0,0,1,1,1],2,3].
[[2,8,0,1,2,1,2,1,1],1,0].
[[1,9,2,1,2,1,2,3,0],12,8].
[[2,8,0,1,2,1,2,3,1],7,3].
[[3,7,0,1,2,1,2,3,1],2,1].
[[2,8,1,1,2,1,2,1,0],3,0].
[[3,8,1,1,2,1,1,1,0],2,2].
[[2,9,2,0,0,0,0,0,0],0,6].
[[3,9,1,0,0,0,2,3,0],1,3].
[[2,7,1,1,2,1,2,2,1],5,2].
[[3,8,1,1,1,1,2,3,0],0,3].
[[3,8,1,1,2,1,2,3,0],4,5].
[[3,7,1,1,2,1,2,2,0],4,1].
[[3,8,0,1,2,1,2,2,1],0,4].
[[3,8,0,0,0,0,0,0,0],0,1].
[[3,9,1,1,1,1,1,2,1],2,3].
[[3,9,2,1,2,1,1,2,0],0,1].
[[2,7,1,1,2,1,0,0,0],5,3].
[[3,7,1,1,2,1,2,1,1],3,3].
[[1,9,2,1,1,1,1,2,1],0,3].
[[2,8,0,1,1,1,1,2,1],0,2].
[[3,8,0,1,1,1,1,1,1],0,2].
[[2,7,1,1,2,1,2,1,1],2,0].
[[3,7,1,1,2,1,1,1,1],1,0].
[[1,9,2,0,0,0,1,2,0],5,0].
[[2,8,1,0,0,0,1,2,0],3,1].
[[2,8,1,1,2,1,2,3,1],9,3].
[[2,8,0,1,2,0,2,3,1],0,2].
[[3,7,0,1,2,0,2,3,1],0,1].
[[2,9,1,1,2,1,2,2,1],1,3].
[[3,9,1,1,1,1,1,1,1],1,3].
[[2,8,1,1,2,1,1,2,1],4,2].
[[1,9,2,1,2,1,1,1,1],2,2].
[[3,8,0,1,2,1,1,1,1],1,4].
[[2,9,2,0,0,0,2,2,1],4,1].
[[3,8,1,0,0,0,2,2,1],5,0].
[[1,8,0,1,2,1,2,3,1],2,2].
[[3,7,0,1,1,1,2,3,1],2,1].
[[2,9,1,0,0,0,2,3,0],3,2].
[[1,8,0,0,0,0,2,3,0],4,3].
[[1,8,1,1,2,1,0,0,0],7,2].
[[2,7,1,0,0,0,0,0,0],5,1].
[[3,7,1,0,0,0,2,3,0],2,0].
[[3,9,1,1,1,1,2,3,1],0,2].
[[1,8,0,1,2,1,2,2,1],3,1].
[[2,8,0,1,2,1,1,2,1],4,2].
[[3,7,1,1,1,1,1,2,1],3,1].
[[2,8,1,0,0,0,1,2,1],9,4].
[[2,8,1,0,0,0,2,1,0],2,1].
[[3,7,1,0,0,0,2,1,0],1,1].
[[1,9,2,1,2,0,2,3,0],3,1].
[[2,9,2,1,2,0,2,3,0],2,0].
[[3,3,1,0,0,0,0,0,0],1,0].
[[3,7,2,1,2,1,2,3,1],5,0].
[[3,7,2,1,2,1,2,2,1],5,0].
[[1,6,1,0,0,0,2,2,1],3,0].
[[3,6,1,1,2,0,1,2,1],1,0].
[[2,9,1,1,1,1,2,2,1],0,1].
[[3,8,0,1,1,1,2,2,1],1,2].
[[3,9,1,0,0,0,2,3,1],0,1].
[[1,7,2,0,0,0,0,0,0],6,1].
[[2,3,2,0,0,0,0,0,0],1,0].
[[3,3,2,1,2,0,2,3,1],1,0].
[[2,8,0,0,0,0,2,2,0],3,3].
[[3,6,0,0,0,0,2,2,0],1,0].
[[3,5,0,1,2,1,1,2,1],2,0].
[[2,7,0,0,0,0,0,0,0],0,1].
[[3,7,0,0,0,0,0,0,0],0,1].
[[2,5,0,1,2,1,1,1,1],3,0].
[[3,5,0,1,1,1,1,2,1],1,0].
[[2,9,2,0,0,0,2,3,1],2,4].
[[2,8,0,0,0,0,2,1,0],3,0].
[[3,6,0,1,2,1,2,1,0],1,0].
[[2,8,0,1,1,1,2,2,1],0,1].
[[2,8,0,1,2,0,1,1,1],0,1].
[[3,7,0,1,2,1,1,1,1],0,1].
[[2,8,1,1,2,0,2,2,1],4,0].
[[3,7,1,1,2,0,2,2,1],4,0].
[[1,8,1,1,2,1,2,2,0],1,1].
[[2,9,1,0,0,0,1,2,1],2,5].
[[2,9,1,1,2,1,2,3,1],2,2].
[[2,7,0,1,2,1,2,3,1],0,1].
[[2,8,1,0,0,0,1,1,0],1,0].
[[3,7,0,1,2,1,0,0,0],1,2].
[[3,9,1,1,2,1,2,2,1],0,2].
[[2,8,0,1,1,1,2,2,0],0,1].
[[3,8,0,1,1,1,2,2,0],4,3].
[[1,9,2,1,2,0,2,3,1],2,1].
[[2,9,2,1,2,0,1,2,1],1,0].
[[3,9,1,1,2,0,1,2,1],3,4].
[[2,9,1,1,2,1,2,3,0],2,6].
[[2,9,2,0,0,0,2,2,0],3,3].
[[2,7,1,0,0,0,2,3,0],1,0].
[[3,3,1,1,2,1,2,3,0],2,0].
[[1,8,1,1,2,1,1,1,1],2,1].
[[2,8,1,1,1,1,1,1,1],2,0].
[[3,8,1,1,1,1,1,1,1],3,0].
[[3,5,0,1,2,0,1,2,1],1,1].
[[3,8,0,1,2,0,2,3,1],1,3].
[[3,8,1,1,2,1,2,3,1],3,2].
[[3,9,1,0,0,0,1,2,0],4,3].
[[3,8,1,1,2,0,1,1,1],1,0].
[[2,9,1,1,1,1,2,2,0],2,1].
[[2,8,1,1,2,1,1,1,1],2,0].
[[3,5,0,1,2,1,1,1,0],2,0].
[[3,8,1,1,1,1,2,2,0],0,3].
[[2,8,1,0,0,0,0,0,0],2,2].
[[3,7,1,1,2,1,0,0,0],3,0].
[[3,4,1,1,2,0,2,2,1],1,0].
[[1,8,1,1,2,1,2,1,1],3,0].
[[3,8,1,1,2,1,2,1,1],3,0].
[[2,7,1,0,0,0,2,1,0],1,0].
[[3,7,1,1,2,0,2,1,0],1,0].
[[2,7,0,0,0,0,2,3,0],1,0].
[[3,7,0,1,2,0,2,3,0],1,0].
[[1,9,2,1,1,1,0,0,0],1,1].
[[3,7,0,1,2,1,2,2,0],2,0].
[[2,9,1,1,2,0,1,2,0],0,1].
[[3,9,1,1,2,0,1,2,0],1,1].
[[2,8,1,1,2,0,2,3,0],2,1].
[[3,7,1,1,2,0,2,3,0],2,0].
[[3,9,1,1,1,1,2,1,0],0,1].
[[1,8,1,0,0,0,1,1,1],1,2].
[[2,9,1,1,1,1,1,2,1],0,1].
[[2,7,2,1,2,1,2,2,1],2,0].
[[3,3,2,1,2,1,2,2,1],2,0].
[[3,8,0,0,0,0,1,1,0],1,2].
[[1,9,2,1,2,0,1,2,1],1,1].
[[2,5,0,1,1,0,1,1,1],1,1].
[[3,5,0,1,1,0,1,1,1],2,1].
[[3,8,1,1,1,1,2,2,1],2,0].
[[2,7,0,1,2,1,0,0,0],2,0].
[[3,7,0,1,2,1,2,1,1],1,0].
[[2,9,1,0,0,0,2,1,0],0,2].
[[3,7,0,1,2,1,2,2,1],1,2].
[[3,9,1,0,0,0,1,1,0],1,2].
[[3,8,1,0,0,0,1,2,0],1,2].
[[2,9,2,1,1,1,2,3,0],4,0].
[[3,4,1,1,2,0,2,3,0],2,0].
[[3,8,1,1,2,0,1,2,1],2,1].
[[3,5,0,1,1,1,1,1,1],4,1].
[[3,7,1,0,0,0,0,0,0],0,1].
[[3,7,1,1,1,1,2,3,1],3,1].
[[1,6,1,0,0,0,2,3,1],2,0].
[[2,2,1,0,0,0,2,3,1],1,0].
[[3,2,1,0,0,0,1,2,1],1,0].
[[2,7,0,1,2,1,2,3,0],1,0].
[[3,7,0,1,2,1,2,3,0],2,0].
[[3,7,1,1,1,1,2,3,0],2,0].
[[2,9,1,1,2,0,2,1,0],0,1].
[[3,9,1,1,2,0,2,1,0],0,2].
[[3,8,0,1,1,1,2,3,0],2,3].
[[2,6,1,1,2,1,2,2,1],2,0].
[[1,9,2,1,1,1,2,2,0],1,0].
[[2,8,1,1,1,1,2,2,0],1,0].
[[3,7,1,1,1,1,2,2,0],1,0].
[[2,8,1,1,2,1,1,2,0],3,2].
[[3,8,1,1,1,1,1,2,0],1,2].
[[1,8,1,1,2,0,0,0,0],3,2].
[[2,8,1,1,1,0,2,3,1],1,0].
[[3,6,1,1,1,0,2,3,1],1,0].
[[2,9,1,1,1,1,2,3,1],1,0].
[[3,4,1,1,2,0,1,2,1],4,1].
[[2,9,2,1,2,0,2,3,1],1,2].
[[3,9,1,1,2,0,2,3,1],1,0].
[[1,7,1,1,2,1,0,0,0],1,1].
[[3,7,1,1,1,1,2,2,1],0,1].
[[2,9,2,1,1,1,2,2,1],2,0].
[[3,4,1,1,2,0,1,1,1],2,1].
[[2,9,2,1,2,1,1,2,0],2,1].
[[3,8,0,1,2,0,1,1,0],0,3].
[[2,9,2,1,2,1,2,3,0],3,2].
[[2,8,0,1,2,0,2,3,0],2,2].
[[1,8,0,1,2,1,2,3,0],4,0].
[[2,8,0,1,1,1,2,3,0],1,0].
[[3,4,1,1,2,0,2,3,1],1,0].
[[2,7,1,0,0,0,2,2,0],2,0].
[[3,7,1,0,0,0,1,2,0],2,0].
[[1,8,1,1,2,1,2,1,0],3,0].
[[3,7,1,0,0,0,1,2,1],1,0].
[[1,8,1,0,0,0,1,2,0],1,1].
[[1,9,2,1,2,1,1,2,0],1,1].
[[2,9,1,1,1,1,1,2,0],0,2].
[[2,6,0,0,0,0,2,2,1],1,0].
[[3,6,0,0,0,0,2,2,1],1,0].
[[1,8,0,0,0,0,2,1,0],1,1].
[[3,7,1,0,0,0,1,1,0],0,1].
[[1,8,1,1,2,1,2,3,0],2,1].
[[2,8,1,1,1,1,2,3,0],1,3].
[[3,5,0,0,0,0,1,1,1],3,1].
[[2,6,0,1,2,1,0,0,0],1,2].
[[3,6,0,1,2,1,2,2,1],0,1].
[[2,9,1,1,2,1,2,1,1],1,1].
[[3,8,0,1,2,1,2,1,1],2,1].
[[2,7,2,1,2,0,2,2,1],1,1].
[[3,7,2,1,2,0,2,2,1],1,0].
[[3,8,1,1,1,1,1,2,1],1,2].
[[2,5,0,1,2,1,1,2,0],1,0].
[[3,9,1,1,1,1,2,3,0],1,0].
[[3,7,0,1,1,1,0,0,0],0,1].
[[2,9,1,1,2,0,1,2,1],1,0].
[[3,8,0,1,2,0,1,2,1],2,1].
[[2,7,1,1,2,1,2,2,0],1,0].
[[2,3,2,1,2,0,2,1,1],1,0].
[[3,3,2,1,2,0,2,1,1],1,0].
[[2,7,2,0,0,0,0,0,0],2,0].
[[3,7,2,0,0,0,0,0,0],1,0].
[[2,9,1,1,1,1,2,3,0],0,2].
[[1,9,2,1,2,0,2,2,1],1,0].
[[2,9,1,1,2,0,2,2,1],1,0].
[[3,8,0,1,2,0,2,2,1],3,0].
[[2,5,0,1,1,1,1,1,1],0,1].
[[2,4,1,1,2,0,1,1,1],0,1].
[[3,7,1,0,0,0,2,2,0],2,0].
[[1,8,0,0,0,0,1,1,1],1,0].
[[2,8,0,0,0,0,1,1,1],2,1].
[[1,9,2,1,2,0,0,0,0],0,1].
[[2,9,1,1,2,0,2,2,0],0,1].
[[3,9,1,1,1,0,2,2,0],0,1].
[[3,7,1,1,1,1,1,1,1],2,0].
[[3,6,0,1,2,0,2,2,1],1,0].
[[2,8,0,1,2,1,1,1,1],1,0].
[[3,7,0,1,1,1,2,1,0],0,1].
[[3,9,1,1,1,1,2,2,1],1,0].
[[2,8,0,1,2,0,2,1,0],1,1].
[[3,8,0,1,2,0,2,1,0],1,1].
[[3,9,1,1,1,1,1,1,0],0,2].
[[2,8,0,1,2,1,2,3,0],5,4].
[[2,9,1,1,1,0,1,1,0],0,1].
[[3,8,0,1,1,0,1,1,0],0,1].
[[2,9,1,1,1,1,2,1,0],1,0].
[[3,4,1,1,2,0,2,1,1],2,0].
[[3,9,1,1,2,1,2,1,1],0,1].
[[2,8,1,1,1,1,1,2,0],3,0].
[[3,6,1,1,1,1,1,2,0],1,0].
[[3,5,0,1,2,1,1,1,1],2,0].
[[1,7,1,1,2,1,2,3,1],1,0].
[[3,7,1,1,2,1,2,3,0],3,1].
[[2,7,2,1,2,0,2,3,1],1,0].
[[1,9,2,1,1,1,1,2,0],1,1].
[[3,7,1,1,1,1,1,2,0],2,0].
[[2,8,0,0,0,0,1,2,1],1,1].
[[3,7,0,1,2,1,1,2,1],0,1].
[[3,9,2,1,1,1,2,3,0],0,1].
[[3,7,2,0,0,0,2,3,0],1,0].
[[3,6,1,1,2,1,2,2,1],1,0].
[[3,7,1,1,2,1,2,1,0],0,1].
[[3,3,1,1,2,1,2,3,1],1,0].
[[3,9,2,0,0,0,1,2,1],1,1].
[[2,8,0,0,0,0,2,1,1],1,1].
[[1,9,2,1,1,1,2,3,0],2,1].
[[3,8,1,1,2,0,2,1,0],0,1].
[[3,6,0,1,2,0,2,2,0],1,0].
[[2,8,0,1,2,0,1,2,0],1,0].
[[3,8,0,1,1,0,1,2,0],2,0].
[[2,9,1,0,0,0,2,3,1],0,2].
[[2,9,2,0,0,0,2,1,1],1,1].
[[2,6,1,0,0,0,0,0,0],2,0].
[[3,8,1,1,2,0,2,2,1],2,0].
[[2,9,2,1,2,0,1,2,0],1,1].
[[3,8,1,1,1,0,1,2,0],2,0].
[[2,6,1,0,0,0,2,3,0],2,0].
[[3,6,1,0,0,0,2,2,1],3,0].
[[3,6,0,1,2,1,0,0,0],0,1].
[[3,8,1,1,2,0,1,2,0],2,1].
[[1,8,1,1,1,1,1,2,1],1,0].
[[2,8,1,1,1,1,1,2,1],1,0].
[[1,6,1,0,0,0,1,2,1],1,0].
[[2,6,1,0,0,0,1,2,1],1,0].
[[3,3,1,1,2,1,1,2,1],1,0].
[[2,7,2,1,2,1,0,0,0],1,0].
[[3,8,0,0,0,0,1,1,1],1,1].
[[3,7,1,0,0,0,1,1,1],0,1].
[[3,7,1,1,2,0,2,2,0],0,1].
[[2,8,0,0,0,0,1,1,0],0,2].
[[3,3,1,0,0,0,2,3,1],1,0].
[[3,7,0,0,0,0,2,2,0],1,0].
[[2,7,2,1,2,0,0,0,0],0,1].
[[3,7,2,1,1,0,2,3,1],0,1].
[[3,9,1,0,0,0,2,2,1],3,0].
[[2,8,1,1,2,0,1,2,1],1,0].
[[3,9,1,0,0,0,2,1,0],0,1].
[[2,7,0,0,0,0,2,2,1],0,1].
[[3,7,0,1,2,0,1,2,1],0,1].
[[3,9,1,0,0,0,1,1,1],0,1].
[[3,7,1,1,2,1,1,1,0],1,0].
[[2,9,2,1,2,1,2,1,1],1,0].
[[3,8,0,1,2,0,0,0,0],0,1].
[[3,9,1,0,0,0,2,1,1],1,0].
[[2,4,1,1,2,0,2,3,0],2,0].
[[2,7,1,1,1,1,2,2,1],2,0].
[[1,8,1,1,2,1,1,2,1],2,0].
[[2,7,1,1,2,0,0,0,0],1,0].
[[3,8,0,1,1,1,1,2,0],0,1].
[[3,6,1,0,0,0,2,3,0],1,0].
[[3,7,2,0,0,0,2,3,1],2,0].
[[2,9,2,1,1,1,2,2,0],1,1].
[[2,5,0,0,0,0,2,3,0],1,0].
[[3,5,0,1,2,1,2,3,0],1,0].
[[1,8,0,0,0,0,1,2,0],0,1].
[[3,6,1,1,1,1,2,3,1],1,0].
[[3,7,1,1,1,1,2,1,1],0,1].
[[2,9,1,1,2,0,2,3,1],0,3].
[[3,9,1,1,1,0,1,2,1],0,2].
[[1,8,0,1,2,1,2,1,0],1,0].
[[3,8,0,1,1,1,2,1,0],1,0].
[[3,9,2,1,2,1,1,2,1],1,1].
[[2,8,0,1,2,1,1,2,0],1,0].
[[3,7,1,1,2,1,1,2,0],1,0].
[[1,5,0,0,0,0,1,1,1],1,0].
[[3,6,0,1,2,1,2,3,1],1,0].
[[2,8,1,1,1,0,1,2,1],1,0].
[[3,6,0,0,0,0,0,0,0],1,0].
[[2,6,1,1,2,0,0,0,0],1,0].
[[3,6,1,1,2,0,2,2,1],1,0].
[[3,6,0,1,2,0,2,3,0],0,1].
[[3,7,2,1,2,1,1,2,1],3,0].
[[3,4,1,1,2,0,1,1,0],1,0].
[[3,8,0,1,1,1,0,0,0],0,1].
[[2,8,1,1,1,1,2,1,1],2,0].
[[1,7,2,0,0,0,2,1,1],1,0].
[[2,7,2,1,2,1,1,2,1],1,0].
[[3,3,2,1,2,0,2,3,0],2,0].
[[2,8,1,1,2,0,2,2,0],0,1].
[[3,8,0,0,0,0,2,1,1],0,1].
[[2,6,0,1,2,1,2,3,1],1,0].
[[3,3,1,1,1,1,2,3,1],1,0].
[[3,8,1,1,1,0,1,2,1],1,0].
[[3,8,0,1,2,1,0,0,0],0,1].
[[2,9,2,1,2,0,1,1,1],0,1].
[[3,9,1,1,2,0,1,1,1],0,1].
[[3,7,1,1,1,0,2,3,0],0,1].
[[2,8,0,0,0,0,1,2,0],0,1].
[[2,8,0,1,2,0,2,2,1],1,0].
[[3,8,1,1,1,0,1,1,1],1,1].
[[2,5,0,0,0,0,1,1,0],1,0].
[[3,5,0,0,0,0,1,1,0],1,0].
[[3,8,1,1,2,1,2,1,0],2,1].
[[3,6,1,1,2,0,2,3,0],1,0].
[[3,9,1,1,2,1,2,3,1],0,1].
[[3,9,2,1,1,1,2,2,0],0,1].
[[1,8,1,1,2,0,2,2,1],0,1].
[[2,8,1,1,1,0,2,2,1],0,1].
[[2,8,1,1,1,1,2,1,0],1,0].
[[3,7,2,1,1,1,1,1,1],1,0].
[[2,9,2,0,0,0,1,2,0],1,0].
[[3,9,1,1,2,1,2,2,0],2,0].
[[2,6,1,1,2,0,2,3,0],1,0].
[[3,8,0,1,2,0,2,1,1],0,1].
[[3,6,1,1,2,0,2,3,1],1,0].
[[3,7,0,0,0,0,2,2,1],1,0].
[[1,8,1,1,1,1,2,1,1],1,0].
[[2,7,1,1,1,1,2,1,1],1,0].
[[1,6,1,1,2,1,2,2,1],1,0].
[[2,3,2,1,2,1,2,2,1],1,0].
[[3,8,0,1,2,1,1,1,0],1,0].
[[2,9,2,1,2,0,2,1,0],0,1].
[[3,9,1,1,1,0,2,1,0],0,1].
[[3,7,2,0,0,0,1,1,0],1,0].
[[2,7,1,1,2,1,2,3,0],1,0].
[[3,9,2,1,2,0,1,2,1],0,1].
[[2,7,2,0,0,0,2,1,1],1,0].
[[3,7,2,1,2,1,2,1,1],1,0].
[[3,9,2,0,0,0,2,2,0],1,0].
[[2,9,2,1,1,1,0,0,0],0,1].
[[3,7,1,0,0,0,2,1,1],1,0].
[[3,8,1,1,2,0,2,3,0],0,1].
