total_WL(7419,4831).
[[1,9,2,1,2,2,2,2,0],166,139].
[[2,8,1,1,2,2,2,2,0],40,13].
[[3,7,1,1,2,2,2,2,0],22,13].
[[1,8,0,1,2,2,2,2,0],31,22].
[[2,8,0,1,1,2,2,2,0],29,29].
[[3,7,0,1,1,2,2,2,0],7,10].
[[1,8,1,0,0,0,2,2,0],56,8].
[[2,8,1,0,0,0,1,2,0],35,4].
[[3,8,1,1,2,0,1,2,0],41,9].
[[1,9,2,1,1,2,2,3,0],89,41].
[[2,4,2,1,2,0,2,2,0],27,0].
[[3,4,2,1,2,0,2,2,0],43,0].
[[1,9,2,1,2,2,2,3,2],128,193].
[[2,9,2,1,2,2,2,3,2],57,124].
[[3,9,2,1,1,2,1,2,0],40,96].
[[1,9,2,0,0,0,2,3,2],138,192].
[[2,9,2,0,0,0,2,3,2],28,76].
[[3,8,0,1,2,0,2,3,2],7,22].
[[1,9,2,1,2,2,1,2,0],80,52].
[[2,9,2,1,2,2,1,2,0],88,119].
[[3,9,2,1,2,2,1,2,0],50,154].
[[1,4,2,1,2,0,2,3,2],15,0].
[[2,4,2,1,2,0,2,3,2],36,0].
[[3,4,2,1,2,0,2,3,2],61,0].
[[1,8,0,0,0,0,2,3,2],35,39].
[[2,8,0,0,0,0,1,2,2],28,23].
[[3,8,0,0,0,0,1,2,2],14,25].
[[1,8,0,1,2,2,0,0,0],127,155].
[[2,8,0,1,2,2,2,2,1],11,9].
[[3,8,0,1,2,2,1,2,1],13,20].
[[1,9,2,0,0,0,1,1,2],56,34].
[[2,5,0,1,2,2,1,1,2],48,6].
[[3,5,0,1,2,2,1,1,2],84,6].
[[1,8,0,1,2,2,2,3,2],52,41].
[[2,7,1,1,2,2,2,3,2],45,11].
[[3,7,2,1,2,2,2,3,2],55,6].
[[1,8,1,1,2,0,1,1,2],6,0].
[[2,8,1,1,2,2,1,1,2],53,20].
[[3,8,1,1,2,2,1,1,2],72,27].
[[1,9,2,0,0,0,0,0,0],71,211].
[[2,9,2,1,2,0,2,1,0],2,12].
[[3,9,2,1,1,0,1,2,0],5,25].
[[1,9,2,1,2,0,2,2,2],6,17].
[[2,9,2,1,1,0,1,2,2],0,11].
[[3,8,0,1,1,0,1,2,2],3,10].
[[1,9,2,1,1,2,2,1,2],26,16].
[[2,9,2,1,1,2,2,1,2],14,28].
[[3,9,2,1,1,2,1,2,2],48,119].
[[1,9,2,1,2,2,1,2,2],162,132].
[[2,9,2,1,2,2,1,2,2],136,181].
[[3,9,2,1,2,2,1,2,2],48,166].
[[1,8,1,1,1,2,2,3,2],24,2].
[[2,8,1,1,1,2,2,3,2],45,5].
[[3,8,1,1,1,2,2,3,2],43,17].
[[1,9,2,0,0,0,1,2,2],127,116].
[[2,9,2,0,0,0,1,2,2],60,79].
[[1,8,1,0,0,0,2,2,2],179,51].
[[2,8,1,0,0,0,1,2,2],102,33].
[[3,8,1,1,2,0,1,2,2],50,36].
[[1,8,0,0,0,0,2,1,2],8,19].
[[1,9,2,1,2,2,1,1,2],71,30].
[[1,9,2,1,2,2,2,1,0],59,66].
[[2,8,0,1,1,2,2,1,0],12,12].
[[3,8,0,1,1,2,2,1,0],3,22].
[[1,8,0,1,1,2,2,2,0],7,9].
[[2,6,0,1,1,2,2,2,0],1,1].
[[3,3,0,1,1,2,2,2,0],0,1].
[[1,5,0,0,0,0,1,2,1],2,0].
[[2,5,0,0,0,0,1,2,1],7,0].
[[3,5,0,0,0,0,1,2,1],9,0].
[[3,9,2,1,1,2,1,1,2],10,34].
[[1,9,2,1,1,2,2,2,2],57,38].
[[2,9,2,1,1,2,2,3,2],38,53].
[[3,9,2,1,1,2,1,2,1],6,35].
[[1,8,1,1,2,2,2,3,1],128,27].
[[2,7,2,1,2,2,1,2,2],31,3].
[[3,7,2,1,2,2,1,2,2],75,5].
[[1,7,2,0,0,0,2,2,2],29,2].
[[2,7,2,1,2,2,2,2,2],36,2].
[[3,7,2,1,2,2,2,2,2],41,5].
[[2,8,1,1,2,2,2,3,1],124,42].
[[3,8,1,1,1,2,1,2,0],38,7].
[[3,8,0,1,1,2,1,2,2],51,91].
[[1,9,2,1,2,2,2,3,0],187,211].
[[2,9,2,1,1,2,2,3,0],40,58].
[[3,9,2,1,1,2,1,1,0],16,51].
[[1,8,1,0,0,0,2,1,0],20,2].
[[2,8,1,0,0,0,2,1,1],41,12].
[[3,5,0,1,2,0,1,2,1],14,1].
[[2,7,1,1,2,2,1,2,1],15,3].
[[3,7,1,1,1,2,1,2,1],30,1].
[[1,8,1,1,2,2,2,3,2],132,23].
[[3,7,1,1,2,2,1,2,2],94,18].
[[1,8,1,0,0,0,0,0,0],292,108].
[[2,8,1,0,0,0,0,0,0],17,17].
[[3,8,1,0,0,0,2,1,1],12,3].
[[1,9,2,1,1,2,2,2,0],62,33].
[[2,9,2,1,1,2,2,2,0],41,40].
[[3,8,0,1,1,2,2,2,0],13,56].
[[1,8,1,0,0,0,2,3,2],198,56].
[[2,7,1,0,0,0,2,3,2],26,4].
[[3,7,1,0,0,0,2,3,2],21,3].
[[2,8,0,1,2,2,2,2,0],54,62].
[[2,9,2,1,2,2,2,1,1],10,16].
[[3,8,0,1,1,2,2,1,1],2,4].
[[2,4,2,1,2,0,2,2,2],43,1].
[[3,4,2,1,2,0,2,2,2],64,2].
[[2,8,0,1,2,0,2,3,2],12,16].
[[3,8,0,1,2,2,2,3,2],44,72].
[[1,8,1,1,1,2,0,0,0],37,5].
[[2,8,1,1,1,2,2,3,1],41,8].
[[3,7,1,1,1,2,2,3,1],40,11].
[[1,8,1,1,2,2,2,2,0],35,4].
[[2,9,2,1,1,2,2,2,2],36,29].
[[1,9,2,0,0,0,2,1,0],43,60].
[[2,8,1,0,0,0,2,1,0],15,5].
[[3,8,1,1,2,0,2,3,1],33,11].
[[2,6,1,1,2,2,2,3,1],16,0].
[[3,3,1,1,2,2,2,3,1],14,2].
[[1,6,1,0,0,0,0,0,0],65,3].
[[2,3,2,0,0,0,0,0,0],9,0].
[[3,3,2,1,2,0,0,0,0],2,0].
[[1,8,1,1,2,2,0,0,0],222,67].
[[2,7,2,1,2,2,2,3,2],30,4].
[[1,9,2,0,0,0,2,2,0],106,147].
[[2,9,2,1,2,0,2,2,1],2,4].
[[3,9,2,1,2,2,2,3,1],4,7].
[[1,9,2,1,2,2,0,0,0],101,215].
[[2,9,2,1,2,2,2,2,0],42,107].
[[1,9,2,1,1,2,2,1,1],7,1].
[[2,4,2,1,2,0,2,1,1],10,0].
[[3,4,2,1,2,0,1,1,1],25,1].
[[2,9,2,0,0,0,2,3,0],28,70].
[[3,8,1,0,0,0,2,3,0],3,2].
[[2,5,0,1,1,2,2,2,0],10,1].
[[3,5,0,1,1,2,1,1,1],53,3].
[[3,8,1,1,1,2,1,2,1],45,9].
[[1,9,2,0,0,0,2,3,0],150,176].
[[2,8,0,0,0,0,2,3,0],26,41].
[[3,8,0,0,0,0,2,1,2],3,5].
[[1,8,0,0,0,0,0,0,0],91,143].
[[3,8,0,1,2,0,2,3,0],9,26].
[[1,9,2,1,1,2,2,2,1],10,1].
[[2,4,2,1,2,0,1,2,1],13,1].
[[3,4,2,1,2,0,1,2,2],156,8].
[[2,8,1,1,2,2,2,3,2],154,38].
[[3,8,1,1,2,2,1,2,2],191,60].
[[1,8,1,1,2,0,1,2,2],5,7].
[[2,7,1,1,2,2,1,2,2],20,6].
[[3,7,1,1,1,0,1,2,2],1,4].
[[2,4,2,1,2,0,1,2,2],64,5].
[[1,8,1,1,1,2,1,2,2],13,1].
[[2,8,1,1,1,2,1,2,2],56,10].
[[1,8,1,1,2,0,2,3,2],14,8].
[[2,7,2,1,1,0,2,3,2],1,2].
[[3,7,2,1,1,0,2,3,2],5,4].
[[2,9,2,1,2,2,0,0,0],4,51].
[[3,9,2,1,1,2,2,3,0],2,41].
[[1,9,2,0,0,0,2,2,2],120,144].
[[2,7,2,0,0,0,2,2,2],29,4].
[[3,7,2,1,2,0,2,2,2],22,1].
[[3,8,1,1,1,2,2,3,1],42,17].
[[2,9,2,1,1,2,2,1,0],9,16].
[[1,7,1,1,2,2,0,0,0],66,14].
[[2,7,1,1,2,2,2,1,2],28,6].
[[3,3,1,1,2,2,2,1,2],10,0].
[[2,8,1,0,0,0,2,3,2],98,32].
[[3,8,1,1,2,2,2,3,2],73,15].
[[1,9,2,0,0,0,2,2,1],32,13].
[[2,8,0,0,0,0,2,2,1],4,2].
[[3,8,0,0,0,0,2,2,1],1,5].
[[1,9,2,1,2,2,2,3,1],46,39].
[[2,9,2,1,2,2,2,3,1],31,24].
[[3,8,0,1,2,2,2,3,1],19,21].
[[1,8,1,0,0,0,2,1,1],58,14].
[[3,7,1,0,0,0,2,1,1],11,0].
[[3,8,0,1,2,2,2,2,0],16,62].
[[1,8,0,0,0,0,2,3,0],31,29].
[[3,8,0,0,0,0,2,2,0],3,19].
[[1,8,0,1,1,2,0,0,0],50,33].
[[2,8,0,1,1,2,0,0,0],22,36].
[[3,7,0,1,1,2,0,0,0],2,6].
[[1,9,2,0,0,0,1,2,0],65,46].
[[2,9,2,0,0,0,1,2,0],51,68].
[[1,8,0,0,0,0,2,2,0],23,26].
[[3,8,0,1,2,2,2,3,0],30,82].
[[3,9,2,1,2,0,1,2,0],9,40].
[[1,9,2,0,0,0,2,3,1],56,42].
[[2,9,2,0,0,0,2,3,1],13,22].
[[3,9,2,1,2,0,2,3,1],0,4].
[[1,9,2,1,2,2,2,2,1],23,19].
[[2,9,2,1,2,2,2,2,1],18,14].
[[3,5,0,1,2,2,1,2,1],52,0].
[[2,8,0,1,2,2,0,0,0],27,98].
[[3,8,0,1,1,2,0,0,0],0,22].
[[3,9,2,1,1,2,2,2,0],2,34].
[[2,7,1,1,2,0,2,2,0],4,0].
[[3,7,1,1,2,0,1,2,0],11,0].
[[1,8,1,1,2,2,2,3,0],53,11].
[[3,7,2,1,1,2,1,2,2],26,3].
[[2,8,1,1,2,2,1,2,2],150,38].
[[3,6,1,1,2,2,1,2,2],17,1].
[[1,8,1,0,0,0,2,1,2],84,13].
[[2,8,1,0,0,0,1,1,2],28,12].
[[3,8,1,0,0,0,1,1,2],12,3].
[[1,7,1,0,0,0,2,2,0],2,0].
[[2,7,2,0,0,0,2,2,0],2,0].
[[3,7,2,1,2,0,2,3,2],22,2].
[[3,4,2,1,2,0,1,2,0],95,2].
[[2,8,0,1,2,0,2,1,0],3,5].
[[3,7,1,1,2,0,2,1,0],5,0].
[[3,9,2,0,0,0,1,2,2],11,22].
[[2,9,2,1,2,2,2,1,2],16,35].
[[3,9,2,1,2,2,2,1,2],1,2].
[[3,8,0,1,2,2,0,0,0],0,37].
[[2,9,2,0,0,0,2,2,0],19,51].
[[1,9,2,1,1,2,1,2,2],88,33].
[[2,8,0,1,1,2,1,2,2],36,28].
[[3,7,0,1,1,2,1,2,2],9,6].
[[1,8,0,1,2,2,1,1,2],9,4].
[[2,7,1,1,2,2,1,1,2],8,1].
[[3,7,1,1,1,2,1,1,2],15,8].
[[2,8,1,1,2,2,2,3,0],63,16].
[[3,8,1,1,2,2,2,2,2],93,15].
[[3,8,0,1,1,2,2,3,0],13,72].
[[1,9,2,0,0,0,2,1,2],47,68].
[[2,9,2,1,2,2,1,1,2],55,60].
[[2,8,1,1,2,2,2,1,2],84,17].
[[3,8,1,1,2,2,2,1,2],40,5].
[[1,8,1,1,1,2,2,3,1],21,2].
[[2,4,2,1,2,0,2,3,1],19,0].
[[3,4,2,1,2,0,2,1,2],26,3].
[[2,6,1,1,2,2,2,3,2],10,0].
[[2,9,2,1,2,0,2,2,2],8,20].
[[3,8,0,1,2,0,2,2,2],10,17].
[[2,8,1,1,2,0,2,2,1],17,7].
[[3,7,2,1,2,0,1,1,2],8,7].
[[2,9,2,0,0,0,2,1,0],7,20].
[[3,9,2,0,0,0,1,1,0],1,23].
[[2,8,1,0,0,0,2,3,1],85,27].
[[1,9,2,0,0,0,1,2,1],11,15].
[[2,5,0,0,0,0,1,1,1],21,0].
[[2,9,2,1,2,0,2,3,0],22,37].
[[2,9,2,0,0,0,2,1,2],10,21].
[[3,8,1,1,2,0,2,1,2],13,3].
[[2,9,2,1,2,2,2,3,0],62,147].
[[1,8,1,0,0,0,1,2,1],32,9].
[[2,8,1,1,2,0,1,2,1],23,4].
[[3,8,1,1,1,0,1,2,1],9,10].
[[2,8,0,0,0,0,0,0,0],19,50].
[[3,8,0,1,2,0,2,1,0],1,8].
[[1,9,2,1,2,0,2,3,2],20,24].
[[2,9,2,1,1,0,2,3,2],0,5].
[[2,9,2,1,2,2,2,1,0],16,37].
[[3,8,1,1,2,2,2,1,0],4,3].
[[2,8,1,1,2,2,2,2,2],129,35].
[[3,8,1,1,1,2,1,1,2],32,9].
[[3,7,1,1,2,2,2,1,1],25,12].
[[1,9,2,1,1,2,0,0,0],58,52].
[[2,4,2,1,2,0,2,3,0],36,1].
[[3,4,2,1,2,0,2,3,0],46,1].
[[1,9,2,1,2,0,1,2,1],1,3].
[[2,9,2,1,2,0,1,2,1],3,4].
[[3,8,0,1,2,0,1,2,1],3,5].
[[1,8,1,1,1,2,2,2,2],24,3].
[[3,8,1,1,2,2,2,3,1],62,29].
[[3,7,1,1,2,2,2,1,2],39,8].
[[1,7,2,0,0,0,0,0,0],50,3].
[[2,7,2,0,0,0,0,0,0],21,2].
[[3,7,2,1,2,2,0,0,0],10,0].
[[3,8,1,1,1,2,1,1,0],14,11].
[[1,7,2,0,0,0,2,1,2],13,1].
[[2,7,2,1,2,0,2,1,2],7,1].
[[1,6,1,0,0,0,2,3,2],10,0].
[[3,6,1,1,1,2,2,3,2],7,0].
[[1,9,2,1,1,2,1,1,0],12,10].
[[2,8,0,1,1,2,1,1,0],3,8].
[[3,8,0,1,1,2,1,1,0],16,41].
[[1,8,0,1,2,2,1,2,0],5,3].
[[2,8,0,1,2,2,1,2,0],39,21].
[[3,7,1,1,2,2,1,2,0],31,2].
[[2,9,2,1,2,0,1,2,2],23,39].
[[3,9,2,1,2,0,1,2,2],17,52].
[[1,8,1,0,0,0,2,3,0],66,12].
[[1,9,2,1,2,0,2,3,0],17,31].
[[2,9,2,1,2,0,1,2,0],16,34].
[[1,9,2,1,2,2,1,1,0],28,27].
[[2,8,0,1,2,2,1,1,0],12,11].
[[3,8,0,1,2,2,1,1,0],20,31].
[[3,9,2,1,2,2,1,1,0],22,50].
[[2,9,2,0,0,0,2,2,2],14,47].
[[3,9,2,1,2,0,1,2,1],2,9].
[[1,8,1,1,2,0,2,2,2],20,4].
[[3,8,1,1,1,0,1,1,2],5,6].
[[2,7,1,0,0,0,0,0,0],46,20].
[[3,7,1,0,0,0,2,3,1],20,8].
[[1,6,0,0,0,0,2,1,2],0,1].
[[2,6,0,0,0,0,1,2,2],0,1].
[[3,6,0,1,2,0,1,2,2],0,1].
[[3,9,2,1,2,0,2,3,0],3,19].
[[2,9,2,1,1,2,1,2,0],59,42].
[[3,8,0,1,1,2,1,2,0],49,45].
[[2,8,1,1,2,0,2,2,2],34,13].
[[3,7,1,1,2,0,2,2,2],21,6].
[[2,8,1,1,1,2,2,2,2],55,7].
[[2,8,0,1,2,0,2,2,0],8,16].
[[3,8,0,1,2,0,1,2,0],11,32].
[[1,9,2,1,2,2,2,2,2],149,142].
[[2,9,2,1,1,2,1,1,2],30,25].
[[3,8,0,1,1,2,1,1,2],20,30].
[[1,8,1,1,2,2,2,1,2],75,19].
[[1,9,2,1,1,2,2,1,0],23,15].
[[3,8,1,0,0,0,1,2,2],58,13].
[[2,9,2,1,2,0,2,3,2],17,25].
[[1,8,1,0,0,0,2,3,1],145,42].
[[2,6,1,0,0,0,2,3,1],17,1].
[[3,6,1,0,0,0,2,3,1],10,0].
[[3,8,0,0,0,0,2,3,0],8,24].
[[1,9,2,1,1,2,1,1,2],25,9].
[[3,9,2,1,2,2,2,2,0],7,47].
[[1,5,0,1,1,2,2,2,0],1,0].
[[2,1,2,1,2,0,2,2,0],2,0].
[[3,1,2,1,2,0,2,2,0],3,0].
[[1,7,1,0,0,0,2,2,1],10,2].
[[2,7,1,0,0,0,1,2,1],9,1].
[[3,7,1,1,2,2,1,2,1],36,7].
[[2,8,0,1,1,2,2,3,0],34,42].
[[3,7,1,1,1,2,2,3,0],15,7].
[[1,9,2,1,1,2,1,2,1],10,2].
[[2,9,2,1,1,2,1,2,1],15,13].
[[3,8,0,1,1,2,1,2,1],12,14].
[[1,8,1,0,0,0,2,2,1],72,19].
[[3,5,0,1,1,2,2,2,0],32,2].
[[2,8,1,1,2,2,2,1,1],51,21].
[[3,8,1,1,2,2,2,1,1],42,22].
[[2,8,1,1,2,0,1,2,0],15,3].
[[3,4,2,1,2,0,1,1,2],63,1].
[[2,8,0,0,0,0,2,3,1],14,11].
[[3,8,0,0,0,0,2,3,1],6,9].
[[3,5,0,1,2,2,2,3,0],19,1].
[[1,8,1,1,2,2,2,2,2],132,34].
[[2,8,1,1,1,2,1,1,2],15,7].
[[3,8,1,1,1,2,1,2,2],82,28].
[[2,6,1,0,0,0,2,2,0],1,1].
[[3,6,1,1,2,0,1,1,0],1,1].
[[1,8,0,1,2,2,2,2,2],54,47].
[[2,6,0,1,2,2,2,2,2],6,2].
[[3,6,0,1,2,2,2,2,2],10,7].
[[2,7,1,1,2,2,2,3,1],49,8].
[[3,7,1,1,2,2,1,1,0],16,1].
[[2,9,2,1,1,2,1,2,2],82,64].
[[3,8,1,1,1,2,2,2,2],40,7].
[[3,4,2,1,2,0,1,1,0],44,1].
[[2,7,1,1,2,0,0,0,0],10,2].
[[2,7,1,1,2,2,0,0,0],65,30].
[[3,7,1,1,1,2,2,2,1],25,5].
[[2,7,1,1,2,2,2,2,0],12,2].
[[3,7,1,1,2,2,2,3,1],57,24].
[[1,8,0,1,2,2,2,1,1],5,4].
[[2,8,0,1,1,2,2,1,1],1,5].
[[3,8,0,1,1,2,2,3,1],6,16].
[[1,9,2,1,1,2,2,3,2],85,46].
[[3,4,2,1,2,0,1,2,1],52,2].
[[2,8,0,1,1,2,2,2,2],38,20].
[[3,8,0,1,1,2,2,2,2],33,32].
[[3,7,1,0,0,0,1,2,2],23,5].
[[3,9,2,1,2,0,2,2,2],1,4].
[[3,8,0,1,2,2,1,2,2],64,128].
[[1,8,1,1,2,0,2,1,2],8,6].
[[2,8,1,1,1,0,2,1,2],1,4].
[[3,4,0,1,2,0,1,1,2],0,1].
[[2,8,1,0,0,0,1,2,1],36,12].
[[3,8,1,1,2,2,1,2,1],76,19].
[[2,5,0,1,2,2,1,2,0],6,0].
[[3,5,0,1,2,2,1,2,0],23,3].
[[3,9,2,1,2,2,2,3,0],0,67].
[[3,7,1,1,2,2,2,2,1],38,12].
[[1,8,0,1,2,2,1,2,2],24,12].
[[2,8,0,1,2,2,1,2,2],68,66].
[[2,6,0,0,0,0,0,0,0],4,2].
[[3,6,0,0,0,0,2,3,2],1,2].
[[2,8,1,1,2,2,2,2,1],87,9].
[[2,8,1,0,0,0,2,2,0],36,13].
[[3,8,1,1,2,0,2,2,2],33,8].
[[2,9,2,0,0,0,1,1,2],24,21].
[[3,9,2,0,0,0,1,1,2],2,15].
[[1,8,0,1,2,2,2,1,0],11,16].
[[2,8,0,1,2,2,2,1,0],20,38].
[[3,8,0,1,2,2,2,1,0],1,35].
[[3,8,0,0,0,0,1,2,0],22,18].
[[3,9,2,1,1,2,2,1,0],1,11].
[[3,8,1,1,2,2,2,2,1],45,12].
[[2,7,2,0,0,0,2,1,2],9,1].
[[3,7,2,1,2,2,1,1,2],15,10].
[[2,8,1,0,0,0,2,1,2],34,10].
[[3,8,1,0,0,0,2,3,1],14,10].
[[1,8,0,0,0,0,1,2,0],4,1].
[[2,8,0,0,0,0,1,2,0],12,13].
[[3,7,1,0,0,0,1,2,0],8,2].
[[1,5,0,1,2,2,1,1,2],15,2].
[[3,5,0,1,1,2,1,2,2],11,0].
[[1,8,0,0,0,0,2,2,2],39,40].
[[2,7,0,0,0,0,2,2,2],1,1].
[[3,7,0,1,2,0,1,2,2],1,1].
[[1,6,1,0,0,0,2,1,1],3,0].
[[2,6,1,1,2,0,1,1,1],1,0].
[[3,6,1,1,2,0,1,2,1],2,2].
[[1,8,0,0,0,0,1,2,2],24,7].
[[3,7,0,0,0,0,1,2,2],2,2].
[[1,9,2,1,2,2,2,1,1],17,14].
[[2,8,0,1,2,2,2,1,1],6,4].
[[3,8,0,1,2,2,2,1,1],5,10].
[[1,8,0,1,1,2,2,2,2],18,17].
[[1,7,2,0,0,0,2,3,2],35,4].
[[2,5,0,1,2,2,1,1,1],47,6].
[[2,8,0,1,2,2,2,3,0],80,99].
[[2,8,1,1,1,2,2,2,0],15,3].
[[3,8,1,1,1,2,2,2,0],7,5].
[[1,7,1,1,2,2,2,3,2],20,4].
[[2,7,1,1,1,2,2,2,2],12,0].
[[3,7,1,1,1,2,2,2,2],41,7].
[[3,8,0,1,2,2,1,2,0],68,84].
[[1,8,1,0,0,0,1,1,2],20,12].
[[3,7,1,0,0,0,1,1,2],5,2].
[[2,8,1,1,1,2,1,2,1],31,6].
[[2,8,0,0,0,0,1,1,2],12,8].
[[3,8,0,0,0,0,1,1,2],6,6].
[[3,7,2,1,1,2,2,2,2],13,0].
[[2,8,1,1,2,2,1,2,0],42,7].
[[2,7,1,0,0,0,2,2,2],33,2].
[[1,7,1,0,0,0,2,3,1],9,2].
[[3,7,2,1,2,0,1,2,1],4,1].
[[2,7,0,1,2,2,2,1,0],1,1].
[[3,7,0,1,1,2,1,1,0],1,2].
[[1,7,1,1,2,2,2,2,1],6,1].
[[2,7,1,1,1,2,2,2,1],8,0].
[[1,8,0,1,2,2,2,3,0],43,40].
[[2,5,0,1,2,2,2,3,0],15,0].
[[3,9,2,1,2,2,1,2,1],14,41].
[[3,7,2,0,0,0,1,2,2],30,4].
[[1,6,1,1,2,2,0,0,0],20,1].
[[2,3,1,1,2,2,0,0,0],6,0].
[[2,7,1,1,2,2,2,2,1],20,5].
[[2,8,0,1,2,2,2,2,2],51,68].
[[3,8,0,1,2,2,2,2,2],37,60].
[[3,7,2,1,2,0,1,2,2],29,6].
[[2,8,1,0,0,0,2,2,1],43,10].
[[3,8,1,1,2,0,1,2,1],45,10].
[[2,7,1,0,0,0,2,1,2],7,3].
[[2,9,2,0,0,0,0,0,0],2,16].
[[3,8,0,0,0,0,0,0,0],0,4].
[[1,9,2,1,2,2,2,1,2],58,83].
[[1,9,2,1,1,2,1,2,0],19,8].
[[2,7,0,0,0,0,0,0,0],4,9].
[[2,4,2,1,2,0,1,2,0],26,0].
[[2,8,1,1,1,2,2,3,0],15,2].
[[3,8,1,1,1,2,2,3,0],0,4].
[[3,9,2,1,2,2,1,1,2],17,50].
[[1,8,1,1,2,2,1,1,2],19,7].
[[3,8,1,1,1,2,2,1,2],16,4].
[[2,8,0,0,0,0,2,3,2],21,34].
[[3,5,0,1,1,2,1,1,2],55,2].
[[3,5,0,1,2,2,1,1,0],9,1].
[[1,8,1,1,2,2,1,1,0],4,3].
[[2,8,1,1,2,2,1,1,0],17,12].
[[3,5,0,1,2,0,1,1,1],23,2].
[[1,8,1,1,2,2,2,2,1],68,11].
[[2,8,1,1,2,2,1,1,1],24,13].
[[3,7,2,1,2,2,1,1,1],0,5].
[[1,9,2,1,2,0,2,1,2],7,10].
[[3,8,0,1,1,2,2,1,2],8,17].
[[2,5,0,1,2,2,1,2,1],23,0].
[[2,9,2,1,1,2,1,1,0],23,28].
[[2,8,1,1,2,0,1,1,1],6,9].
[[3,8,1,1,2,2,1,1,1],33,15].
[[3,8,1,1,2,0,2,2,1],18,8].
[[1,8,1,0,0,0,1,1,1],19,8].
[[3,8,1,1,2,0,1,1,1],5,3].
[[2,9,2,1,2,2,2,2,2],60,75].
[[1,8,1,1,2,2,1,2,0],8,3].
[[2,6,1,1,2,0,0,0,0],7,0].
[[3,6,1,1,2,0,2,3,1],12,0].
[[2,2,1,0,0,0,0,0,0],4,0].
[[3,2,1,0,0,0,0,0,0],3,0].
[[1,8,1,0,0,0,1,2,2],70,23].
[[2,8,0,0,0,0,2,1,2],8,11].
[[3,7,1,0,0,0,2,1,2],7,1].
[[1,4,2,1,2,0,1,2,2],13,0].
[[2,4,2,1,2,0,1,1,1],10,0].
[[2,9,2,0,0,0,2,1,1],5,7].
[[3,8,1,1,2,0,1,1,2],34,10].
[[3,8,0,1,1,2,2,2,1],9,7].
[[3,9,2,1,1,2,2,2,2],5,14].
[[1,8,1,1,2,2,1,2,2],67,16].
[[2,7,0,1,1,2,0,0,0],3,6].
[[1,9,2,0,0,0,1,1,0],17,37].
[[3,9,2,0,0,0,1,2,0],11,31].
[[2,7,2,1,2,0,2,2,2],22,2].
[[2,9,2,1,2,2,1,2,1],15,47].
[[2,8,1,1,2,2,1,2,1],67,19].
[[2,8,1,1,2,0,2,3,1],45,16].
[[2,8,1,1,2,0,2,3,2],38,16].
[[3,8,1,1,2,0,2,3,2],30,15].
[[3,7,0,1,1,2,2,2,2],3,6].
[[2,6,1,0,0,0,0,0,0],26,1].
[[1,8,0,1,1,2,2,1,0],4,2].
[[1,7,2,1,2,2,2,1,2],6,1].
[[2,7,2,1,2,2,2,1,2],20,0].
[[3,7,2,1,2,2,2,1,2],18,2].
[[2,8,0,1,2,2,2,3,2],57,76].
[[3,8,0,1,1,2,2,3,2],27,43].
[[3,7,2,1,2,2,1,1,0],3,0].
[[2,9,2,1,2,0,2,2,0],10,29].
[[3,8,0,1,2,0,2,2,0],8,22].
[[2,8,1,1,2,0,2,3,0],15,7].
[[3,7,1,1,2,2,2,3,0],36,11].
[[3,8,0,1,2,2,1,1,2],19,40].
[[3,9,2,1,2,0,1,1,0],3,32].
[[1,8,0,1,2,2,2,1,2],25,24].
[[3,7,1,1,1,2,2,1,2],26,4].
[[2,8,1,1,2,2,2,1,0],22,6].
[[3,8,1,1,2,2,1,2,0],93,14].
[[3,7,2,1,2,2,2,3,0],4,0].
[[2,8,1,0,0,0,2,2,2],93,27].
[[2,8,1,1,2,2,0,0,0],29,19].
[[3,7,1,1,2,2,0,0,0],19,11].
[[2,8,0,0,0,0,2,2,2],39,34].
[[3,9,2,1,2,2,2,2,2],5,27].
[[2,5,0,1,2,2,2,2,0],30,0].
[[3,7,1,0,0,0,1,2,1],11,1].
[[2,8,1,1,2,0,2,1,2],12,4].
[[2,8,1,1,2,0,1,1,2],15,8].
[[3,7,1,1,2,0,1,1,2],11,3].
[[3,7,1,1,2,2,2,2,2],63,21].
[[3,7,1,1,2,0,2,3,0],6,3].
[[3,6,1,0,0,0,2,2,2],7,0].
[[1,8,1,1,1,2,2,1,1],6,2].
[[2,7,1,1,1,2,2,1,1],3,0].
[[3,7,1,1,1,2,2,1,1],12,3].
[[2,8,0,0,0,0,1,1,0],6,5].
[[3,8,0,0,0,0,1,1,0],6,6].
[[1,8,1,1,2,2,2,1,1],43,11].
[[2,7,1,1,2,2,2,1,1],12,1].
[[2,8,0,1,1,2,2,3,2],45,28].
[[2,7,1,0,0,0,2,2,0],12,1].
[[3,7,1,0,0,0,1,1,0],3,1].
[[2,8,0,1,1,2,1,1,2],10,6].
[[1,8,1,1,2,0,2,3,1],18,10].
[[2,8,1,1,1,0,1,2,1],2,4].
[[3,8,0,0,0,0,2,2,2],7,15].
[[2,9,2,1,2,2,1,1,0],35,48].
[[3,3,2,1,2,0,2,2,2],8,1].
[[2,6,0,1,2,2,0,0,0],9,12].
[[3,6,0,1,2,2,0,0,0],0,6].
[[3,5,0,1,1,2,1,2,1],26,0].
[[1,9,2,1,2,0,0,0,0],8,22].
[[1,7,2,0,0,0,1,2,2],6,3].
[[2,7,2,1,2,0,1,2,2],13,3].
[[3,7,2,1,1,0,1,2,2],8,5].
[[3,8,1,1,1,2,2,1,1],19,8].
[[3,7,2,1,1,2,1,1,2],6,3].
[[2,8,1,1,2,0,1,2,2],38,21].
[[3,8,1,1,1,0,1,2,2],9,11].
[[3,9,2,0,0,0,2,3,2],4,7].
[[3,5,0,1,2,0,1,1,2],20,2].
[[3,9,2,1,1,0,2,2,1],0,1].
[[3,9,2,1,1,2,2,3,2],6,20].
[[3,8,1,1,2,0,2,1,1],19,11].
[[3,7,1,1,2,0,2,2,1],11,4].
[[3,6,0,1,1,2,2,3,2],2,4].
[[3,7,1,1,2,0,1,2,2],32,6].
[[2,8,0,0,0,0,2,2,0],29,42].
[[3,8,1,0,0,0,1,2,0],29,7].
[[2,8,0,1,2,2,2,1,2],21,45].
[[3,7,1,1,2,2,2,3,2],91,27].
[[3,6,0,1,2,2,2,2,1],0,1].
[[3,7,0,1,1,2,2,3,0],5,10].
[[2,6,1,1,2,2,2,2,2],12,0].
[[3,6,1,1,1,2,1,1,2],3,0].
[[3,7,2,0,0,0,2,3,1],1,0].
[[1,5,0,1,1,2,2,3,0],2,0].
[[2,9,2,1,2,0,0,0,0],2,14].
[[3,6,0,1,2,2,2,3,0],7,11].
[[2,7,1,0,0,0,2,3,1],22,5].
[[3,8,1,0,0,0,2,2,2],31,5].
[[3,7,1,1,2,0,2,1,2],10,2].
[[3,7,1,0,0,0,2,2,1],8,0].
[[3,3,1,1,1,2,0,0,0],4,0].
[[1,8,1,1,1,2,2,2,1],15,2].
[[2,8,1,1,1,2,2,2,1],20,4].
[[3,4,2,1,2,0,2,2,1],23,0].
[[2,8,1,1,1,2,1,2,0],13,1].
[[3,3,2,1,2,2,2,3,2],8,0].
[[3,6,1,1,2,0,2,2,2],6,0].
[[3,5,0,1,1,2,2,3,0],14,0].
[[1,7,1,0,0,0,2,2,2],17,1].
[[2,7,1,1,2,0,2,2,2],9,3].
[[3,8,0,1,2,2,2,1,2],7,30].
[[3,9,2,1,2,0,1,1,2],5,15].
[[2,5,0,1,1,2,1,2,0],7,0].
[[3,5,0,1,1,2,1,2,0],17,1].
[[3,7,0,1,1,2,2,1,2],1,7].
[[1,7,2,1,2,2,2,2,0],2,0].
[[2,7,2,1,1,2,2,2,0],2,0].
[[3,7,2,1,1,2,2,3,2],15,2].
[[2,7,2,0,0,0,1,2,2],19,7].
[[2,8,1,0,0,0,2,3,0],39,13].
[[3,8,1,0,0,0,1,1,0],10,2].
[[1,8,0,1,1,2,1,2,0],2,2].
[[3,6,1,1,2,0,2,3,2],13,0].
[[3,7,1,1,1,0,2,2,2],7,4].
[[2,9,2,1,1,2,2,3,1],14,14].
[[3,9,2,1,1,2,2,3,1],5,11].
[[1,6,1,0,0,0,1,2,1],4,0].
[[2,6,1,0,0,0,1,2,1],4,0].
[[3,6,1,0,0,0,1,2,1],5,0].
[[3,3,1,1,2,2,2,3,0],5,0].
[[2,4,2,1,2,0,2,2,1],11,0].
[[2,7,2,1,2,0,2,2,0],2,0].
[[1,8,0,1,1,2,2,3,1],2,4].
[[2,7,1,1,1,2,2,3,2],19,3].
[[3,7,1,1,1,2,2,3,2],38,4].
[[2,8,0,1,1,2,1,2,0],18,8].
[[3,8,1,1,2,2,2,3,0],19,9].
[[3,8,0,0,0,0,2,3,2],7,20].
[[1,5,0,1,1,2,1,1,2],2,0].
[[2,4,2,1,2,0,1,1,2],16,1].
[[3,3,0,1,1,2,0,0,0],0,2].
[[1,6,1,0,0,0,2,3,1],11,0].
[[2,6,1,1,2,2,1,2,1],2,0].
[[3,6,1,1,1,2,1,2,1],2,0].
[[1,8,1,1,2,0,2,2,0],2,2].
[[2,8,1,1,2,0,2,2,0],14,8].
[[3,8,1,1,2,0,2,2,0],4,2].
[[1,9,2,1,2,0,2,2,0],10,21].
[[1,6,1,0,0,0,2,2,2],12,2].
[[2,3,1,0,0,0,2,2,2],1,1].
[[3,3,1,1,2,0,2,2,2],3,1].
[[1,8,1,1,1,2,2,1,0],4,1].
[[2,8,1,1,1,2,1,1,0],7,2].
[[3,7,2,1,2,0,2,1,2],9,0].
[[3,7,1,1,1,2,1,2,2],41,16].
[[1,5,0,1,2,2,1,1,1],14,2].
[[3,7,2,0,0,0,2,3,2],20,0].
[[1,9,2,1,2,0,1,2,2],11,19].
[[3,6,1,1,2,2,2,2,1],12,1].
[[1,8,1,1,2,0,2,1,1],8,4].
[[3,7,1,1,2,0,2,3,1],12,7].
[[2,8,1,1,1,2,2,1,0],5,2].
[[3,8,1,0,0,0,1,2,1],21,5].
[[3,7,1,0,0,0,2,3,0],8,0].
[[3,9,2,0,0,0,2,3,0],0,17].
[[3,7,0,1,2,2,2,2,0],7,12].
[[3,9,2,0,0,0,2,2,2],1,4].
[[3,6,0,0,0,0,2,3,0],1,2].
[[2,7,0,0,0,0,2,3,2],2,2].
[[3,9,2,0,0,0,1,2,1],2,9].
[[3,8,1,1,2,2,1,1,0],29,14].
[[1,8,1,1,2,0,0,0,0],22,17].
[[2,5,0,1,1,2,1,1,2],18,0].
[[3,8,0,1,2,0,2,2,1],5,1].
[[2,5,0,1,1,2,1,2,1],13,0].
[[1,8,1,1,2,0,2,1,0],2,0].
[[2,7,1,1,2,0,2,1,0],4,0].
[[3,8,1,0,0,0,2,3,2],23,7].
[[3,7,1,1,2,2,2,1,0],14,3].
[[3,7,1,1,1,0,2,2,1],3,1].
[[3,8,1,1,1,0,1,2,0],6,7].
[[2,5,0,1,1,2,1,1,1],16,0].
[[3,9,2,1,1,2,2,2,1],3,8].
[[3,5,0,1,2,2,1,1,1],91,4].
[[1,9,2,1,1,2,2,3,1],23,13].
[[2,7,2,1,2,0,1,2,1],1,0].
[[2,8,1,1,1,0,2,3,2],2,4].
[[3,7,1,1,1,0,2,3,2],6,5].
[[3,7,1,1,2,2,1,1,2],27,7].
[[2,8,1,1,1,2,0,0,0],8,11].
[[3,5,0,0,0,0,1,1,1],28,1].
[[2,8,0,1,2,0,2,2,2],5,13].
[[2,7,1,1,2,2,2,3,0],14,6].
[[3,6,1,1,2,0,2,2,0],1,0].
[[3,6,1,1,1,2,2,3,1],6,0].
[[3,7,2,0,0,0,2,2,2],11,1].
[[3,8,1,0,0,0,2,2,0],3,5].
[[2,5,0,0,0,0,2,2,0],10,1].
[[1,8,0,1,1,2,2,3,2],19,5].
[[1,5,0,1,2,2,2,3,0],4,0].
[[3,7,1,0,0,0,2,2,0],8,3].
[[2,5,0,1,2,0,1,2,1],2,0].
[[2,8,1,1,1,0,2,3,1],2,6].
[[3,7,1,1,1,0,2,3,1],3,7].
[[3,8,0,1,2,0,1,2,2],15,27].
[[2,8,1,1,1,0,2,2,2],4,1].
[[3,8,1,1,1,0,2,2,2],9,10].
[[3,6,0,0,0,0,0,0,0],0,3].
[[3,9,2,1,2,2,2,2,1],3,7].
[[2,8,1,0,0,0,1,1,1],19,6].
[[3,7,0,1,2,2,2,3,0],7,13].
[[1,7,1,0,0,0,0,0,0],60,9].
[[2,8,0,1,2,2,1,1,2],23,19].
[[3,5,0,1,2,2,2,2,0],51,1].
[[3,7,1,1,2,0,2,3,2],16,10].
[[1,5,0,0,0,0,2,3,0],4,0].
[[2,5,0,0,0,0,2,3,0],7,2].
[[3,5,0,1,2,0,2,3,0],5,1].
[[1,8,0,1,1,2,1,1,2],1,0].
[[2,8,1,1,1,0,2,2,1],3,2].
[[3,8,1,1,1,0,2,3,1],6,12].
[[1,9,2,1,2,2,1,2,1],18,22].
[[3,8,1,1,1,2,2,2,1],18,7].
[[2,8,0,1,2,0,1,2,2],7,12].
[[2,8,0,0,0,0,2,1,0],10,18].
[[3,7,1,0,0,0,1,1,1],10,2].
[[2,8,0,1,2,0,2,3,0],7,19].
[[3,7,0,1,2,0,2,3,0],3,1].
[[1,9,2,1,2,0,2,3,1],3,4].
[[2,7,1,1,2,2,2,2,2],52,13].
[[1,7,2,1,2,2,2,2,2],11,2].
[[2,7,2,1,1,2,2,2,2],5,0].
[[3,7,2,1,1,2,1,2,1],4,0].
[[3,6,1,1,2,0,2,1,1],7,0].
[[2,8,0,1,2,0,0,0,0],2,12].
[[3,7,0,1,2,2,0,0,0],2,16].
[[1,7,2,0,0,0,1,1,1],0,1].
[[2,7,2,0,0,0,1,1,1],0,2].
[[3,7,2,0,0,0,1,1,1],0,1].
[[3,5,0,1,2,0,1,2,0],13,1].
[[3,6,1,1,1,2,2,2,2],6,0].
[[3,6,0,1,1,2,1,2,2],0,4].
[[1,8,0,1,2,2,2,2,1],7,4].
[[3,7,1,0,0,0,2,2,2],25,5].
[[2,6,1,1,2,2,2,1,1],2,0].
[[3,6,1,1,2,2,2,1,1],8,1].
[[1,8,1,0,0,0,1,2,0],11,1].
[[3,8,1,1,1,0,2,3,2],5,11].
[[2,1,2,1,2,0,1,1,2],4,0].
[[3,1,2,1,2,0,1,1,2],4,0].
[[3,7,0,1,2,2,1,2,0],8,1].
[[3,8,1,0,0,0,2,2,1],12,9].
[[1,7,2,0,0,0,1,1,2],4,2].
[[2,7,2,0,0,0,1,1,2],4,2].
[[3,4,2,1,2,0,2,3,1],24,0].
[[3,9,2,1,2,2,2,3,2],13,14].
[[3,9,2,1,1,2,2,1,2],1,5].
[[2,6,1,1,2,2,0,0,0],19,3].
[[3,6,1,1,2,2,2,3,2],15,1].
[[1,8,0,1,1,2,2,1,2],9,4].
[[2,7,1,1,1,2,2,1,2],8,2].
[[1,8,0,0,0,0,1,1,2],8,3].
[[3,3,1,0,0,0,2,2,2],7,0].
[[2,7,1,1,1,2,2,2,0],3,0].
[[2,6,1,1,2,0,2,1,1],4,0].
[[3,6,1,1,2,0,1,1,1],2,0].
[[3,9,2,0,0,0,0,0,0],0,1].
[[1,5,0,1,2,2,1,2,1],4,0].
[[3,7,1,1,2,0,2,1,1],8,1].
[[2,7,1,1,1,2,0,0,0],21,4].
[[3,4,2,1,2,0,2,1,0],19,1].
[[3,7,1,1,2,2,1,1,1],10,7].
[[1,8,1,1,2,0,2,2,1],10,5].
[[3,8,1,1,1,0,2,2,1],1,7].
[[2,8,0,1,2,2,2,3,1],17,16].
[[1,9,2,1,2,2,1,1,1],4,4].
[[2,9,2,1,2,2,1,1,1],5,5].
[[3,9,2,1,2,2,1,1,1],3,5].
[[3,6,0,1,2,2,2,1,2],4,4].
[[3,8,1,1,2,0,2,3,0],9,4].
[[3,8,0,1,2,0,0,0,0],0,9].
[[2,7,1,0,0,0,1,2,2],20,2].
[[3,3,1,1,2,2,1,2,2],4,0].
[[1,4,2,1,2,0,2,3,0],9,0].
[[1,8,1,1,2,2,2,1,0],22,3].
[[2,9,2,0,0,0,1,1,0],9,28].
[[3,7,1,1,1,2,2,1,0],7,1].
[[3,7,0,1,2,2,2,1,0],3,7].
[[2,6,1,1,2,2,1,2,0],0,1].
[[3,6,1,1,2,2,1,1,0],3,1].
[[2,6,1,1,2,2,2,2,1],7,0].
[[1,9,2,1,2,0,1,2,0],3,8].
[[3,8,0,1,1,0,1,2,0],1,8].
[[2,8,0,1,2,0,1,2,0],2,4].
[[3,7,0,1,2,0,1,2,0],2,1].
[[2,5,0,0,0,0,1,2,0],4,0].
[[3,6,1,0,0,0,2,3,2],9,2].
[[2,9,2,1,1,2,2,2,1],12,5].
[[3,8,0,1,1,0,2,3,0],0,7].
[[3,8,0,1,2,2,2,2,1],4,12].
[[1,9,2,1,2,0,2,1,0],2,17].
[[3,9,2,1,1,0,2,1,0],0,2].
[[3,8,0,1,1,0,2,3,2],1,13].
[[3,7,0,1,2,0,2,3,2],2,3].
[[2,8,1,1,1,2,2,1,1],14,4].
[[3,4,2,1,2,0,2,1,1],16,1].
[[3,8,0,1,2,0,1,1,2],6,8].
[[2,8,0,1,1,2,2,1,2],20,11].
[[3,9,2,1,2,0,2,2,0],0,16].
[[3,7,1,1,2,0,1,1,1],4,2].
[[2,3,2,0,0,0,1,2,2],2,0].
[[3,3,2,0,0,0,1,2,2],7,0].
[[3,6,1,1,2,2,0,0,0],4,0].
[[3,7,1,1,2,0,0,0,0],8,3].
[[2,7,2,1,2,2,1,1,2],9,3].
[[1,9,2,0,0,0,2,1,1],17,14].
[[2,9,2,1,2,0,2,1,1],4,2].
[[3,8,1,1,1,0,2,1,1],10,3].
[[3,7,0,1,2,2,2,3,2],6,7].
[[3,6,1,1,2,2,2,3,1],18,0].
[[2,7,1,0,0,0,1,1,2],4,0].
[[3,3,1,0,0,0,1,1,2],1,0].
[[3,9,2,1,1,2,2,1,1],1,6].
[[2,5,0,1,1,2,2,3,0],5,0].
[[3,8,1,1,1,2,1,1,1],8,6].
[[3,5,0,1,1,0,1,1,1],4,7].
[[3,5,0,0,0,0,1,2,2],6,0].
[[3,6,0,0,0,0,2,2,2],0,3].
[[2,5,0,1,2,0,1,1,2],7,2].
[[3,3,1,1,2,2,2,3,2],11,0].
[[3,7,2,1,2,0,1,1,1],0,5].
[[2,9,2,1,2,0,2,3,1],7,6].
[[3,9,2,1,1,0,2,3,1],0,1].
[[1,9,2,1,1,2,1,1,1],2,3].
[[1,8,0,0,0,0,2,3,1],10,5].
[[2,8,0,0,0,0,1,2,1],5,3].
[[3,8,0,0,0,0,1,2,1],6,3].
[[1,8,0,0,0,0,2,1,0],11,13].
[[3,6,0,1,1,2,1,1,0],2,1].
[[2,6,1,0,0,0,1,1,2],2,0].
[[3,6,1,0,0,0,1,1,2],5,1].
[[3,8,0,1,1,0,2,2,2],1,6].
[[3,8,1,1,2,2,2,2,0],4,2].
[[2,9,2,1,1,2,0,0,0],4,15].
[[2,9,2,1,2,0,1,1,2],5,11].
[[2,9,2,1,1,0,2,2,0],0,2].
[[3,9,2,1,1,0,2,2,0],1,5].
[[2,6,1,0,0,0,1,2,2],6,0].
[[3,6,1,1,2,0,1,2,2],10,0].
[[2,8,0,1,2,2,1,2,1],11,8].
[[3,8,0,1,2,2,1,1,1],1,1].
[[1,8,1,1,2,2,1,2,1],30,7].
[[1,5,0,0,0,0,1,1,2],13,1].
[[2,5,0,0,0,0,1,1,2],20,1].
[[3,5,0,0,0,0,1,1,2],16,0].
[[3,3,2,1,2,2,0,0,0],8,0].
[[2,7,0,1,2,2,0,0,0],7,13].
[[1,8,1,1,1,2,1,1,2],4,0].
[[1,7,1,0,0,0,2,3,2],7,3].
[[2,7,2,1,2,2,0,0,0],21,1].
[[2,6,1,0,0,0,2,1,1],5,0].
[[3,2,1,0,0,0,2,1,1],1,0].
[[2,9,2,0,0,0,1,2,1],7,14].
[[3,7,0,1,2,2,1,2,2],7,3].
[[1,6,1,1,2,2,2,1,2],1,0].
[[2,6,1,1,2,2,2,1,2],7,0].
[[3,6,1,1,1,2,1,2,2],6,0].
[[3,5,0,0,0,0,2,3,0],5,1].
[[2,8,1,1,2,0,2,1,1],19,5].
[[3,8,0,1,1,0,2,1,0],0,2].
[[3,4,2,1,2,0,0,0,0],6,2].
[[3,9,2,1,1,0,2,3,2],0,1].
[[3,7,0,1,2,0,2,2,0],3,0].
[[3,3,1,0,0,0,0,0,0],5,0].
[[3,6,1,1,2,0,2,3,0],4,0].
[[3,6,1,1,2,2,2,2,2],16,1].
[[1,5,0,0,0,0,1,1,1],6,0].
[[2,6,0,0,0,0,2,3,1],1,1].
[[3,8,1,0,0,0,2,1,2],11,3].
[[1,4,2,1,2,0,2,3,1],10,0].
[[2,6,1,0,0,0,2,2,1],7,0].
[[3,6,1,1,2,0,2,2,1],7,0].
[[2,4,2,1,2,0,0,0,0],8,2].
[[1,6,1,0,0,0,2,1,2],5,0].
[[2,6,1,0,0,0,2,1,2],5,0].
[[3,6,1,0,0,0,1,2,2],10,1].
[[2,7,1,1,2,2,2,1,0],8,1].
[[3,6,0,1,2,2,2,2,0],3,5].
[[2,8,1,1,1,2,2,1,2],18,4].
[[2,8,1,1,2,0,2,1,0],4,3].
[[1,3,2,0,0,0,0,0,0],8,0].
[[2,3,2,1,2,2,2,2,2],4,0].
[[3,3,2,1,1,2,1,2,2],4,0].
[[2,7,2,1,2,0,0,0,0],7,0].
[[1,4,2,1,2,0,1,1,2],4,1].
[[2,9,2,0,0,0,2,2,1],13,8].
[[3,9,2,1,2,0,2,2,1],1,4].
[[2,9,2,1,1,0,1,2,0],0,8].
[[2,6,0,1,2,2,2,1,2],3,3].
[[3,6,0,1,2,2,1,1,2],2,2].
[[1,4,2,1,2,0,2,2,2],20,1].
[[2,6,0,1,2,2,2,3,0],5,2].
[[3,6,1,1,2,2,1,1,1],5,0].
[[2,7,1,1,2,0,2,3,0],1,0].
[[3,7,1,1,1,0,1,2,0],3,0].
[[3,6,1,1,1,2,0,0,0],2,1].
[[2,8,1,1,1,0,2,2,0],2,0].
[[1,7,2,1,2,0,0,0,0],5,1].
[[2,7,2,1,2,0,2,3,2],17,5].
[[2,7,0,0,0,0,2,2,0],0,1].
[[1,8,1,1,1,2,1,1,0],2,0].
[[1,7,2,1,2,2,2,3,2],10,2].
[[1,4,2,1,2,0,2,2,0],10,0].
[[2,7,1,0,0,0,2,2,1],8,1].
[[2,7,2,1,1,2,1,1,2],3,0].
[[2,6,1,1,2,0,1,2,1],1,0].
[[3,7,2,0,0,0,1,1,2],5,3].
[[2,9,2,1,2,0,1,1,1],1,0].
[[3,9,2,1,2,0,1,1,1],1,3].
[[2,7,1,1,1,2,2,3,1],17,3].
[[3,9,2,1,2,2,2,1,1],3,8].
[[3,6,1,1,2,2,1,2,1],13,0].
[[1,9,2,1,2,0,1,1,0],4,7].
[[2,8,1,1,2,0,1,1,0],3,2].
[[3,8,1,1,1,0,2,3,0],0,6].
[[1,8,0,0,0,0,2,2,1],4,4].
[[2,8,0,1,2,0,2,2,1],3,3].
[[3,3,1,1,2,2,2,2,2],11,1].
[[3,7,0,0,0,0,2,1,0],0,3].
[[2,7,2,0,0,0,2,3,2],36,1].
[[1,8,0,0,0,0,2,1,1],4,3].
[[2,6,0,0,0,0,2,1,1],1,1].
[[3,6,0,0,0,0,2,1,1],1,1].
[[3,8,1,0,0,0,1,1,1],11,1].
[[1,7,2,1,2,2,1,2,2],4,2].
[[2,6,0,1,1,2,0,0,0],2,2].
[[3,7,1,0,0,0,0,0,0],4,8].
[[3,9,2,0,0,0,2,3,1],1,6].
[[2,9,2,0,0,0,1,1,1],0,3].
[[2,6,0,1,2,2,1,2,2],1,1].
[[3,6,0,1,2,2,1,2,2],4,7].
[[3,9,2,0,0,0,2,2,1],0,2].
[[2,6,1,1,2,0,2,2,2],3,0].
[[3,6,1,1,1,0,1,2,1],1,0].
[[1,7,1,1,2,2,2,2,2],14,3].
[[2,4,2,1,2,0,1,1,0],16,1].
[[1,8,0,1,2,2,2,3,1],16,7].
[[3,8,0,1,2,0,1,1,0],5,16].
[[1,7,1,0,0,0,1,2,1],2,1].
[[3,7,0,0,0,0,1,2,1],0,1].
[[2,6,1,1,2,0,2,3,0],2,0].
[[1,7,1,0,0,0,2,1,1],8,0].
[[2,7,1,0,0,0,1,1,1],5,1].
[[2,7,1,1,2,0,2,1,1],5,1].
[[3,7,1,1,1,0,2,1,1],1,2].
[[3,7,1,1,1,2,2,2,0],7,1].
[[3,6,0,1,2,0,2,3,0],1,1].
[[3,9,2,1,2,2,2,1,0],1,15].
[[3,6,0,0,0,0,2,3,1],2,0].
[[3,5,0,1,2,2,1,2,2],21,0].
[[1,8,1,1,2,0,1,2,1],3,5].
[[3,7,1,1,2,0,2,2,0],8,2].
[[2,9,2,1,2,0,1,1,0],10,10].
[[3,9,2,1,1,0,1,1,0],2,12].
[[3,6,1,1,2,2,2,2,0],5,0].
[[2,8,1,0,0,0,1,1,0],9,4].
[[1,1,2,1,2,0,1,1,2],1,0].
[[3,5,0,1,2,0,2,2,0],9,1].
[[3,7,2,1,2,0,2,2,0],4,0].
[[3,3,1,1,1,2,2,2,2],3,0].
[[1,9,2,1,2,0,2,2,1],2,3].
[[1,8,0,1,1,2,2,3,0],16,4].
[[2,8,0,1,1,2,1,2,1],5,4].
[[3,6,0,1,1,2,1,2,0],3,0].
[[3,8,1,1,2,0,1,1,0],7,5].
[[1,7,2,1,2,2,0,0,0],9,1].
[[3,5,0,1,1,0,2,2,0],1,2].
[[2,5,0,1,2,0,1,2,0],3,0].
[[3,7,1,1,1,0,2,2,0],2,2].
[[3,5,0,1,1,2,1,1,0],10,0].
[[2,6,1,1,1,2,2,3,2],2,0].
[[2,8,1,1,1,0,2,1,0],0,1].
[[3,8,1,1,1,0,2,1,2],3,2].
[[2,7,2,1,2,2,1,2,0],2,0].
[[3,7,2,1,2,2,1,2,0],8,0].
[[2,3,2,0,0,0,2,3,2],8,0].
[[3,3,2,1,2,0,2,3,2],6,0].
[[2,7,0,1,2,2,2,3,0],2,0].
[[3,7,0,1,1,2,2,3,2],8,8].
[[2,6,1,0,0,0,2,3,2],17,1].
[[3,7,1,1,1,2,1,1,0],9,2].
[[3,3,2,0,0,0,2,3,2],7,0].
[[1,7,2,1,2,0,2,2,2],8,0].
[[3,7,1,1,1,0,2,1,0],1,0].
[[2,7,2,1,2,2,1,2,1],1,0].
[[3,7,2,1,2,2,1,2,1],4,0].
[[2,6,0,0,0,0,2,3,0],1,1].
[[1,7,2,1,2,0,2,1,2],0,1].
[[2,7,2,1,1,0,1,2,2],0,1].
[[2,4,2,1,2,0,2,1,0],19,0].
[[1,7,2,0,0,0,2,2,0],1,0].
[[2,6,1,0,0,0,2,3,0],4,1].
[[3,6,1,0,0,0,2,3,0],3,1].
[[3,5,0,1,2,0,1,2,2],4,0].
[[2,7,2,1,1,2,2,1,2],3,0].
[[3,7,2,1,1,2,2,1,2],7,1].
[[1,3,2,0,0,0,2,2,2],4,0].
[[2,3,2,0,0,0,2,2,2],7,0].
[[3,3,2,0,0,0,2,2,2],6,0].
[[3,5,0,1,1,0,1,2,2],2,1].
[[3,6,1,1,1,2,2,1,1],3,0].
[[3,7,2,0,0,0,2,3,0],2,0].
[[3,7,0,1,2,2,1,1,0],1,1].
[[3,3,2,1,1,0,2,3,2],1,0].
[[3,7,2,1,1,0,2,2,2],4,1].
[[3,6,0,1,2,2,1,1,0],2,1].
[[3,8,0,1,1,0,2,2,0],1,4].
[[1,8,1,0,0,0,1,1,0],1,2].
[[1,5,0,1,2,2,2,2,0],13,0].
[[3,2,1,1,2,0,0,0,0],1,0].
[[1,8,1,1,1,2,2,2,0],4,0].
[[3,6,1,1,1,2,2,2,0],5,0].
[[3,3,2,1,2,0,1,2,2],6,0].
[[2,5,0,0,0,0,1,1,0],2,0].
[[2,3,1,1,2,2,2,1,1],2,0].
[[3,3,1,1,2,2,2,1,1],1,0].
[[3,9,2,1,1,0,1,2,2],8,13].
[[1,6,0,1,2,2,0,0,0],7,3].
[[3,3,1,1,2,2,0,0,0],15,2].
[[2,6,1,0,0,0,2,2,2],21,0].
[[3,6,1,1,1,2,2,1,2],4,0].
[[3,8,0,1,1,0,2,2,1],0,1].
[[2,9,2,1,1,2,2,1,1],10,5].
[[2,7,1,1,2,2,1,1,1],4,1].
[[3,7,1,1,1,2,1,1,1],8,0].
[[3,8,0,0,0,0,2,1,0],1,6].
[[3,5,0,1,1,0,1,1,2],7,2].
[[3,7,2,1,2,0,2,3,1],5,1].
[[2,8,0,1,1,2,2,3,1],5,7].
[[3,7,0,1,1,2,2,3,1],1,1].
[[2,8,1,1,1,2,1,1,1],8,5].
[[3,6,1,1,2,0,1,2,0],2,0].
[[3,6,1,1,2,0,1,1,2],2,0].
[[3,7,0,1,2,0,0,0,0],1,3].
[[1,8,1,1,1,2,2,1,2],13,1].
[[2,7,2,1,1,2,1,2,2],4,3].
[[3,6,1,0,0,0,2,2,0],4,0].
[[3,5,0,1,1,0,1,1,0],2,0].
[[3,8,1,1,2,2,0,0,0],0,4].
[[2,6,0,1,2,2,2,1,0],2,1].
[[3,6,0,1,2,2,2,1,0],1,4].
[[1,8,1,1,2,2,1,1,1],5,1].
[[2,4,2,1,2,0,2,1,2],14,1].
[[1,3,2,0,0,0,2,1,2],1,0].
[[2,3,2,0,0,0,2,1,2],3,0].
[[1,7,2,1,2,2,2,3,0],1,0].
[[3,7,2,1,1,2,1,2,0],3,0].
[[3,9,2,1,2,2,0,0,0],0,4].
[[3,9,2,1,2,0,2,3,2],2,3].
[[3,7,0,1,2,2,2,1,2],3,4].
[[2,7,1,1,2,0,2,2,1],1,1].
[[1,8,0,1,1,2,2,2,1],4,0].
[[2,8,0,1,2,0,1,1,2],1,5].
[[1,6,1,0,0,0,1,2,2],2,0].
[[2,9,2,1,1,0,1,1,0],0,4].
[[3,4,0,1,2,0,1,1,0],0,1].
[[2,8,0,1,1,2,2,2,1],8,2].
[[1,8,0,0,0,0,1,1,0],3,0].
[[2,7,1,0,0,0,1,1,0],2,0].
[[3,9,2,0,0,0,2,1,1],3,2].
[[3,7,1,1,2,0,1,2,1],16,1].
[[2,7,2,1,1,2,2,1,0],1,0].
[[2,6,1,0,0,0,1,2,0],1,0].
[[3,2,1,0,0,0,1,2,0],1,0].
[[3,3,1,0,0,0,2,3,1],4,0].
[[3,8,0,1,1,0,2,3,1],1,2].
[[1,7,1,0,0,0,2,1,2],7,0].
[[3,6,0,1,1,2,2,3,0],3,4].
[[2,6,1,1,2,2,2,2,0],3,0].
[[3,6,1,1,2,2,1,2,0],2,0].
[[3,3,1,1,2,2,1,1,2],4,0].
[[3,3,2,1,2,2,2,2,2],9,0].
[[3,6,0,1,2,2,1,2,0],5,2].
[[2,7,2,1,2,2,2,3,1],3,0].
[[3,3,2,1,2,2,2,3,1],1,0].
[[2,5,0,0,0,0,1,2,2],2,0].
[[3,7,2,1,1,0,1,1,2],4,0].
[[2,6,0,1,1,2,2,3,2],1,0].
[[3,7,0,1,2,2,2,2,2],6,7].
[[2,6,1,1,2,0,2,3,1],7,0].
[[3,5,0,1,1,0,1,2,1],3,0].
[[3,7,2,0,0,0,2,1,2],4,0].
[[1,9,2,1,2,0,1,1,2],4,5].
[[3,6,1,1,2,2,1,1,2],8,1].
[[3,6,1,1,1,2,2,2,1],4,0].
[[2,9,2,1,2,0,2,1,2],6,10].
[[2,7,0,1,2,2,2,3,1],2,0].
[[3,3,1,0,0,0,1,2,1],1,0].
[[1,5,0,1,1,2,1,1,1],3,0].
[[2,7,0,1,1,2,2,3,2],0,1].
[[1,8,0,1,1,2,1,2,2],9,3].
[[3,6,1,0,0,0,2,1,1],1,0].
[[3,3,1,0,0,0,2,3,2],6,0].
[[2,7,1,1,2,0,2,3,2],6,4].
[[3,7,2,1,2,0,2,1,0],2,0].
[[3,6,1,1,2,2,2,1,2],10,0].
[[3,7,0,1,1,2,1,2,0],4,1].
[[1,6,1,0,0,0,2,3,0],6,0].
[[3,6,1,0,0,0,2,2,1],2,0].
[[3,3,2,1,2,2,1,1,2],2,0].
[[2,8,1,1,1,0,1,1,2],4,0].
[[2,7,1,1,2,0,2,3,1],6,1].
[[2,3,1,1,2,2,2,3,1],1,1].
[[2,7,2,1,1,2,2,3,2],7,0].
[[3,6,0,0,0,0,1,2,2],0,3].
[[3,7,1,0,0,0,2,1,0],4,1].
[[2,7,0,1,2,2,1,2,2],3,1].
[[3,3,2,1,2,2,2,1,2],5,0].
[[3,7,2,0,0,0,2,1,0],1,0].
[[1,4,2,1,2,0,2,1,0],7,0].
[[3,7,2,1,1,0,2,1,2],1,2].
[[1,5,0,0,0,0,2,2,0],5,0].
[[3,9,2,1,1,0,2,3,0],0,9].
[[3,9,2,0,0,0,2,1,0],0,3].
[[2,9,2,1,1,0,2,3,0],1,3].
[[3,9,2,1,1,0,2,2,2],2,0].
[[2,3,1,1,2,2,2,3,2],3,0].
[[1,6,1,0,0,0,2,2,1],2,0].
[[2,3,1,0,0,0,2,2,1],1,0].
[[3,3,1,0,0,0,2,2,1],2,0].
[[2,6,0,0,0,0,2,2,0],0,2].
[[3,6,0,0,0,0,2,2,0],1,2].
[[2,9,2,1,1,0,1,2,1],1,2].
[[3,9,2,1,1,0,1,2,1],1,2].
[[3,7,2,1,2,0,1,1,0],1,0].
[[3,1,2,1,2,0,2,3,0],1,0].
[[2,6,0,1,1,2,1,2,0],0,1].
[[1,7,1,0,0,0,1,1,1],0,1].
[[1,4,2,1,2,0,0,0,0],9,1].
[[2,8,1,1,2,0,0,0,0],5,6].
[[3,6,1,1,2,0,0,0,0],2,0].
[[3,8,0,1,2,0,2,1,2],2,9].
[[1,4,2,1,2,0,2,1,1],1,0].
[[3,7,1,1,1,2,1,2,0],9,0].
[[2,7,1,1,2,0,2,1,2],6,1].
[[3,7,0,0,0,0,1,1,2],1,0].
[[3,7,0,0,0,0,1,2,0],4,0].
[[1,7,2,0,0,0,2,3,0],2,0].
[[2,7,2,0,0,0,2,3,0],2,0].
[[3,3,2,1,1,2,2,2,2],2,0].
[[1,4,2,1,2,0,1,1,0],3,0].
[[3,8,1,1,1,0,1,1,0],2,2].
[[1,8,1,1,1,2,1,2,1],5,0].
[[2,3,2,0,0,0,2,2,0],1,0].
[[3,3,2,1,2,0,2,2,0],1,0].
[[1,7,2,1,2,0,2,3,2],4,1].
[[3,4,0,1,2,0,1,2,2],0,2].
[[2,6,1,1,1,2,0,0,0],5,0].
[[3,2,1,1,1,2,0,0,0],1,0].
[[2,6,1,1,2,0,1,2,2],4,0].
[[3,3,2,1,1,0,1,2,2],2,0].
[[3,6,1,0,0,0,2,1,0],3,0].
[[3,2,1,1,2,0,1,2,1],1,0].
[[2,7,0,1,2,2,2,2,2],1,3].
[[2,6,1,1,2,2,1,1,2],2,0].
[[1,7,1,1,2,2,2,1,1],3,0].
[[3,3,1,1,2,2,1,2,1],2,0].
[[2,3,2,0,0,0,2,3,0],1,0].
[[3,3,2,0,0,0,2,1,2],2,0].
[[3,7,1,1,1,2,0,0,0],8,7].
[[3,5,0,1,2,0,1,1,0],2,0].
[[1,6,0,1,2,2,2,2,0],1,1].
[[2,6,0,1,2,2,1,2,0],1,1].
[[1,3,2,0,0,0,2,3,2],2,0].
[[3,7,2,1,2,2,2,1,0],2,0].
[[1,6,1,1,2,2,2,2,0],2,0].
[[3,5,0,0,0,0,1,2,0],5,0].
[[3,6,1,1,1,2,2,3,0],2,0].
[[2,9,2,1,1,0,2,2,1],0,1].
[[2,7,0,1,1,2,2,2,2],1,1].
[[2,6,1,1,2,2,1,2,2],5,0].
[[2,6,0,1,1,2,2,1,2],0,1].
[[3,7,2,1,1,2,1,1,0],1,0].
[[2,5,0,1,2,0,1,1,1],5,3].
[[2,7,0,0,0,0,1,2,0],1,0].
[[3,7,2,0,0,0,1,1,0],2,0].
[[3,7,0,1,1,2,2,1,0],1,4].
[[1,8,1,1,1,2,2,3,0],7,1].
[[2,6,1,1,2,0,2,1,2],1,0].
[[3,6,1,1,1,0,1,1,2],1,0].
[[1,6,0,1,2,2,2,3,2],1,1].
[[2,6,0,1,1,2,2,2,2],0,3].
[[3,6,0,1,1,2,2,2,2],1,2].
[[3,3,1,1,2,2,2,2,0],1,0].
[[2,6,1,1,2,0,2,2,1],2,1].
[[3,7,2,0,0,0,2,2,0],2,0].
[[3,3,1,1,2,2,1,1,1],2,0].
[[1,8,1,1,2,0,1,2,0],2,2].
[[2,8,1,1,1,0,2,1,1],0,2].
[[2,3,1,0,0,0,0,0,0],10,0].
[[3,3,1,0,0,0,2,2,0],2,0].
[[1,5,0,1,2,2,1,2,0],2,0].
[[3,9,2,1,2,0,2,1,1],0,2].
[[3,8,1,1,1,2,2,1,0],1,1].
[[2,6,0,0,0,0,2,1,0],2,0].
[[3,6,0,0,0,0,2,1,0],2,0].
[[1,8,1,1,2,0,2,3,0],4,1].
[[2,6,1,0,0,0,1,1,1],3,0].
[[1,6,1,1,2,2,2,2,2],1,0].
[[2,6,0,1,1,2,1,2,2],1,1].
[[3,7,0,1,2,0,2,1,0],1,0].
[[1,7,1,0,0,0,2,3,0],3,0].
[[3,7,2,1,1,0,1,1,1],0,2].
[[3,7,0,1,2,0,2,2,2],1,0].
[[3,6,1,1,1,0,2,3,1],1,0].
[[3,5,0,0,0,0,1,1,0],2,0].
[[2,7,1,1,2,2,1,2,0],2,0].
[[2,7,1,1,2,0,1,2,1],3,2].
[[2,7,1,1,2,0,1,2,2],4,0].
[[2,7,2,1,1,2,0,0,0],3,1].
[[3,7,2,1,1,2,0,0,0],1,1].
[[1,8,1,1,2,0,1,1,1],2,1].
[[3,7,1,1,1,0,1,1,1],0,3].
[[1,8,0,1,1,2,2,1,1],1,2].
[[3,6,0,1,1,2,2,1,1],0,1].
[[3,6,1,1,1,0,2,2,2],1,0].
[[2,9,2,1,1,2,1,1,1],2,2].
[[3,9,2,1,1,2,1,1,1],1,4].
[[1,6,1,0,0,0,2,2,0],1,0].
[[2,6,1,1,2,2,2,3,0],5,0].
[[3,8,0,1,2,0,2,3,1],3,1].
[[3,8,0,1,1,0,1,2,1],0,2].
[[3,3,2,0,0,0,0,0,0],7,0].
[[2,6,1,1,2,0,2,3,2],4,0].
[[3,6,1,1,1,0,2,3,2],1,0].
[[2,7,1,0,0,0,2,1,0],6,0].
[[2,1,2,1,2,0,1,1,1],3,0].
[[3,1,2,1,2,0,1,1,1],4,0].
[[3,8,1,1,1,0,2,2,0],3,3].
[[3,7,0,1,1,2,1,2,1],2,0].
[[2,8,0,1,2,0,2,1,2],2,1].
[[3,7,0,1,2,0,1,2,1],0,1].
[[3,6,1,1,1,2,2,1,0],1,0].
[[2,5,0,1,2,2,1,2,2],5,0].
[[3,3,1,1,1,2,2,1,1],3,0].
[[3,3,2,1,2,2,1,2,2],8,0].
[[3,8,0,1,1,2,1,1,1],1,4].
[[2,6,1,1,1,2,2,2,2],1,0].
[[2,7,2,1,1,0,2,2,2],1,0].
[[3,2,1,0,0,0,2,1,2],1,0].
[[3,7,0,0,0,0,2,2,2],1,2].
[[3,7,2,0,0,0,1,2,1],2,0].
[[3,3,1,1,2,2,2,2,1],5,1].
[[3,6,0,1,2,2,2,3,1],1,1].
[[1,5,0,1,1,2,1,2,1],1,0].
[[3,6,0,1,1,2,2,1,0],2,0].
[[3,7,2,1,2,0,0,0,0],3,0].
[[3,9,2,0,0,0,2,2,0],0,5].
[[3,9,2,1,2,0,0,0,0],0,1].
[[3,6,1,1,2,2,2,3,0],6,0].
[[3,7,1,1,1,0,1,2,1],4,3].
[[1,7,1,1,2,2,2,3,1],6,1].
[[3,7,0,1,2,2,2,3,1],2,0].
[[3,7,0,0,0,0,2,2,0],3,3].
[[2,5,0,1,1,0,1,1,2],2,0].
[[1,7,1,1,2,2,2,1,2],5,2].
[[2,6,0,0,0,0,2,2,2],0,1].
[[2,7,0,1,2,2,2,3,2],1,2].
[[3,6,1,1,1,0,0,0,0],1,0].
[[2,7,1,1,1,2,2,1,0],4,0].
[[2,7,0,1,2,2,2,2,0],1,0].
[[3,7,2,1,2,2,2,3,1],4,0].
[[2,7,1,0,0,0,2,3,0],7,0].
[[2,7,2,1,2,0,1,1,2],2,2].
[[3,8,1,1,1,2,0,0,0],0,1].
[[2,8,0,0,0,0,2,1,1],2,3].
[[1,6,0,0,0,0,0,0,0],2,0].
[[3,3,1,1,2,0,0,0,0],6,0].
[[3,7,2,1,1,0,0,0,0],2,0].
[[3,3,1,1,2,0,2,3,1],1,0].
[[3,9,2,1,2,0,2,1,2],0,1].
[[2,6,0,1,2,2,2,2,1],0,1].
[[3,6,0,1,1,2,1,2,1],0,1].
[[3,8,1,1,1,0,1,1,1],1,6].
[[3,3,0,0,0,0,0,0,0],0,1].
[[3,3,1,1,1,2,2,3,2],3,0].
[[3,7,0,1,2,2,1,2,1],0,2].
[[1,5,0,1,2,0,1,1,1],0,1].
[[1,6,1,0,0,0,1,1,1],1,0].
[[2,3,1,0,0,0,1,1,1],1,0].
[[3,3,1,0,0,0,1,1,1],2,0].
[[3,7,1,1,1,0,2,3,0],2,1].
[[2,6,0,1,2,2,2,3,2],2,2].
[[3,2,0,1,2,2,2,3,2],0,1].
[[3,8,0,1,1,0,2,1,1],1,0].
[[1,4,2,1,2,0,2,1,2],6,0].
[[1,4,2,1,2,0,2,2,1],2,0].
[[3,7,2,1,2,0,1,2,0],2,1].
[[1,5,0,1,2,0,2,3,0],2,0].
[[2,5,0,1,2,0,2,3,0],2,0].
[[3,9,2,1,1,2,0,0,0],0,2].
[[3,3,1,1,1,2,2,3,1],3,0].
[[2,9,2,1,1,0,1,1,2],0,1].
[[3,8,0,1,1,0,1,1,2],0,2].
[[1,8,1,1,1,2,1,1,1],1,1].
[[1,7,1,1,2,2,1,2,2],1,0].
[[3,2,1,1,2,2,2,1,2],1,0].
[[3,6,0,1,2,2,2,3,2],6,2].
[[2,3,2,1,2,2,2,1,2],2,0].
[[2,9,2,1,1,0,2,1,2],0,1].
[[3,9,2,1,1,0,1,1,2],0,3].
[[2,5,0,1,2,0,1,2,2],1,0].
[[1,6,1,1,2,2,2,3,0],1,1].
[[2,9,2,1,1,0,2,2,2],1,1].
[[2,6,1,1,2,2,2,1,0],1,0].
[[3,7,2,1,1,0,1,2,0],1,1].
[[3,3,1,0,0,0,1,2,2],1,1].
[[2,7,1,1,1,2,1,2,2],6,1].
[[3,5,0,1,1,0,1,2,0],1,1].
[[1,3,2,0,0,0,1,2,2],1,0].
[[3,7,2,1,2,0,2,3,0],2,0].
[[3,3,1,1,1,2,1,2,2],2,0].
[[3,3,2,1,1,2,2,3,2],2,0].
[[3,3,1,1,2,0,2,3,2],2,0].
[[1,7,1,1,2,2,2,3,0],3,1].
[[2,3,1,1,2,2,2,3,0],1,0].
[[3,3,1,1,1,2,2,3,0],1,0].
[[2,3,2,1,2,0,2,1,2],1,0].
[[3,3,1,1,2,0,2,1,2],1,0].
[[2,8,1,1,1,0,0,0,0],1,1].
[[3,7,0,1,2,2,1,1,2],1,2].
[[3,6,1,1,2,0,2,1,2],2,0].
[[3,7,2,0,0,0,0,0,0],2,1].
[[1,7,1,1,2,2,2,1,0],1,0].
[[2,3,2,1,2,2,2,3,2],3,0].
[[1,5,0,1,2,0,1,1,2],1,2].
[[1,8,0,1,2,2,1,1,0],1,0].
[[1,4,2,1,2,0,1,2,0],2,0].
[[2,7,0,0,0,0,1,2,2],2,0].
[[3,7,0,0,0,0,0,0,0],0,3].
[[2,6,1,1,2,0,2,1,0],1,0].
[[2,7,1,0,0,0,2,1,1],8,0].
[[3,7,2,1,1,0,1,1,0],0,1].
[[1,8,0,1,2,2,1,2,1],2,1].
[[3,9,2,0,0,0,2,1,2],1,1].
[[3,5,0,0,0,0,2,2,0],3,0].
[[2,7,1,1,1,2,2,3,0],5,0].
[[2,6,0,1,2,2,1,1,2],1,0].
[[1,7,2,1,2,2,2,3,1],1,0].
[[2,2,1,0,0,0,2,3,0],1,0].
[[3,2,1,0,0,0,2,3,2],1,0].
[[3,7,0,1,2,2,2,1,1],1,0].
[[3,6,0,1,1,2,0,0,0],0,7].
[[2,3,2,1,2,0,2,1,0],1,0].
[[3,3,2,1,2,2,1,2,0],1,0].
[[3,7,1,1,1,0,2,1,2],3,0].
[[3,7,0,1,1,2,2,1,1],1,1].
[[2,6,0,1,1,2,2,1,0],1,1].
[[2,7,2,1,1,2,2,3,0],1,0].
[[2,3,1,1,2,2,2,2,2],1,0].
[[2,7,2,1,1,2,1,2,1],1,0].
[[2,7,2,1,1,2,1,1,1],2,0].
[[3,3,2,1,1,2,1,1,1],1,0].
[[2,7,2,1,2,2,1,1,0],1,0].
[[3,3,2,1,2,2,1,1,0],1,0].
[[3,6,0,1,1,2,2,1,2],2,0].
[[1,7,2,0,0,0,2,1,0],1,0].
[[2,7,2,0,0,0,2,1,0],1,0].
[[3,7,2,1,2,2,2,2,0],2,0].
[[2,8,0,1,2,0,2,3,1],1,3].
[[3,9,2,1,1,0,1,1,1],0,1].
[[2,7,2,0,0,0,2,3,1],2,1].
[[1,7,2,1,2,2,1,1,2],1,0].
[[1,8,1,1,1,2,1,2,0],2,0].
[[2,8,1,1,1,0,2,3,0],0,1].
[[2,6,1,1,1,2,2,3,1],2,0].
[[2,5,0,1,2,0,2,2,0],4,0].
[[3,7,2,1,1,2,2,2,0],1,0].
[[2,8,0,1,2,0,1,1,0],0,2].
[[3,9,2,1,2,0,2,1,0],0,2].
[[2,8,0,1,2,0,1,2,1],1,1].
[[2,8,0,1,2,2,1,1,1],2,0].
[[3,3,2,0,0,0,2,3,1],1,0].
[[2,7,1,1,2,0,1,1,1],0,1].
[[2,3,2,1,2,0,2,3,2],1,0].
[[1,8,0,0,0,0,1,1,1],1,0].
[[2,6,0,0,0,0,1,1,1],1,0].
[[3,6,0,0,0,0,1,2,1],1,0].
[[1,2,1,0,0,0,0,0,0],2,0].
[[1,6,0,0,0,0,2,2,2],1,0].
[[3,6,1,1,1,2,1,2,0],1,0].
[[3,3,2,1,2,0,2,1,2],3,0].
[[3,8,0,1,1,0,1,1,0],0,1].
[[2,8,0,1,1,2,1,1,1],0,1].
[[2,9,2,1,1,0,2,1,1],1,0].
[[2,7,0,1,1,2,2,1,2],2,1].
[[3,7,0,1,2,0,2,3,1],0,2].
[[1,6,1,1,2,2,2,2,1],1,0].
[[2,6,1,1,1,2,2,2,1],1,0].
[[3,3,1,1,2,2,1,2,0],1,0].
[[3,3,1,0,0,0,2,3,0],1,0].
[[2,6,0,1,2,2,2,1,1],1,0].
[[3,6,0,1,2,2,2,1,1],1,0].
[[1,6,0,1,2,2,2,1,2],1,0].
[[3,2,1,1,2,2,0,0,0],1,0].
[[1,5,0,1,1,2,1,2,0],1,0].
[[3,6,1,1,1,0,2,1,1],1,0].
[[3,6,1,0,0,0,1,1,0],1,0].
[[2,5,0,1,1,2,1,1,0],4,0].
[[3,5,0,1,1,0,2,3,0],1,1].
[[3,7,1,1,1,0,1,1,2],3,1].
[[3,6,1,0,0,0,2,1,2],1,0].
[[3,6,0,1,1,2,2,3,1],0,1].
[[3,6,1,0,0,0,0,0,0],1,0].
[[2,9,2,1,1,0,2,1,0],0,2].
[[3,6,1,1,2,2,2,1,0],2,0].
[[3,1,2,1,2,0,1,2,2],1,0].
[[3,1,2,1,2,0,1,2,1],2,0].
[[3,7,1,1,2,0,1,1,0],2,0].
[[3,6,1,0,0,0,1,1,1],0,1].
[[1,8,0,1,1,2,1,2,1],1,0].
[[2,7,1,0,0,0,1,2,0],2,0].
[[3,7,0,0,0,0,2,3,0],2,4].
[[1,7,2,0,0,0,2,3,1],2,0].
[[3,7,2,0,0,0,1,2,0],2,0].
[[1,5,0,1,2,0,2,2,0],1,0].
[[3,7,0,1,2,2,2,2,1],1,1].
[[2,3,1,1,2,2,2,1,2],1,0].
[[2,7,0,1,1,2,2,1,1],1,0].
[[3,3,1,1,1,2,2,1,2],1,0].
[[3,7,2,1,1,2,2,3,1],1,0].
[[1,6,1,1,2,2,2,3,2],1,0].
[[3,2,1,0,0,0,2,3,1],1,0].
[[2,5,0,1,2,2,1,1,0],1,0].
[[2,7,0,1,2,2,1,1,2],1,0].
[[1,7,2,1,2,0,1,2,2],0,1].
[[2,7,1,1,1,2,1,2,1],2,0].
[[2,3,2,0,0,0,2,1,0],1,0].
[[2,7,2,1,2,0,2,3,0],0,1].
[[3,6,1,1,2,0,2,1,0],1,0].
[[3,3,1,1,2,0,2,2,1],2,0].
[[2,3,1,1,2,2,2,2,1],3,0].
[[3,6,1,1,1,0,2,1,0],0,1].
[[3,3,1,0,0,0,2,1,1],1,0].
[[2,6,0,1,1,2,2,3,0],0,1].
[[3,6,0,1,1,2,2,2,0],0,2].
[[3,7,0,1,2,0,2,1,2],0,2].
[[2,7,0,0,0,0,2,1,2],0,1].
[[3,6,0,0,0,0,1,1,0],0,1].
[[3,8,0,1,2,0,2,1,1],0,4].
[[1,4,2,1,2,0,1,2,1],1,0].
[[3,8,0,1,1,0,0,0,0],0,1].
[[2,6,1,1,1,2,1,2,0],0,1].
[[3,6,1,1,1,2,1,1,0],0,1].
[[1,7,1,0,0,0,2,1,0],1,0].
[[2,7,1,1,1,2,1,1,2],0,1].
[[3,7,2,1,1,0,1,2,1],1,0].
[[2,3,2,1,2,0,2,2,2],0,1].
[[1,7,1,1,2,2,2,2,0],1,0].
[[3,3,1,1,1,2,2,2,0],1,0].
[[3,3,1,1,2,0,1,2,2],1,0].
[[3,6,0,1,1,2,1,1,2],1,0].
[[2,7,0,1,1,2,2,3,1],1,0].
[[2,7,2,1,2,0,1,1,1],0,1].
[[2,7,1,1,1,2,1,1,1],1,0].
[[2,7,2,1,2,2,2,2,0],1,0].
[[2,8,0,0,0,0,1,1,1],1,0].
[[3,8,0,0,0,0,1,1,1],1,0].
[[2,6,0,1,2,2,2,3,1],1,0].
[[1,9,2,0,0,0,1,1,1],0,1].
[[3,4,0,1,2,0,1,1,1],0,1].
[[2,7,0,1,2,2,2,1,2],1,0].
[[3,3,1,1,1,2,2,2,1],1,0].
[[3,3,2,0,0,0,1,1,2],1,0].
[[3,4,0,1,2,0,1,2,1],0,1].
[[3,7,0,0,0,0,1,1,0],1,0].
[[3,3,1,1,2,0,2,1,1],1,0].
[[2,3,1,1,2,2,1,2,1],1,0].
[[3,3,1,1,1,2,1,2,1],1,0].
[[2,7,0,1,1,2,2,3,0],1,0].
[[3,8,1,1,2,0,2,1,0],1,0].
[[1,3,2,0,0,0,2,3,1],1,0].
[[3,3,2,0,0,0,1,2,1],1,0].
[[1,9,2,1,2,0,2,1,1],0,1].
[[2,8,0,1,2,0,2,1,1],0,1].
[[3,7,0,1,1,2,1,1,2],0,1].
[[2,7,0,0,0,0,2,3,0],1,0].
[[3,3,1,1,2,2,2,1,0],1,0].
[[2,6,1,1,1,2,2,2,0],1,0].
[[2,3,2,1,2,2,0,0,0],1,0].
[[3,7,0,0,0,0,2,3,2],0,1].
