total_WL(21196,15134).
[[1,8,1,1,2,1,2,1,2],263,57].
[[2,8,1,1,2,1,2,1,2],384,84].
[[3,7,1,1,2,1,2,1,2],246,33].
[[1,8,1,1,2,0,2,3,2],27,15].
[[2,8,1,1,1,0,2,3,2],0,7].
[[3,7,1,1,1,0,2,3,2],2,5].
[[1,7,2,1,2,0,2,1,2],8,2].
[[2,3,2,1,2,0,2,1,2],7,0].
[[3,3,2,1,2,0,2,1,2],24,1].
[[1,8,1,0,0,0,2,2,2],772,177].
[[2,7,1,1,2,1,2,2,2],117,20].
[[3,3,1,1,2,1,2,2,2],30,1].
[[2,7,2,0,0,0,2,2,2],144,9].
[[3,7,2,1,2,1,2,2,2],163,11].
[[1,8,1,0,0,0,0,0,0],1310,393].
[[2,8,1,0,0,0,2,2,2],478,116].
[[3,8,1,1,2,0,1,2,2],142,61].
[[1,9,2,1,2,1,2,2,2],292,420].
[[2,9,2,1,1,1,2,2,2],39,84].
[[3,9,2,1,1,1,1,2,0],82,269].
[[1,9,2,0,0,0,2,1,1],42,34].
[[2,5,0,1,2,1,1,2,1],58,4].
[[3,5,0,1,2,1,1,2,1],194,1].
[[1,9,2,0,0,0,2,3,0],895,1083].
[[2,9,2,0,0,0,2,3,0],209,439].
[[3,8,0,1,2,1,2,3,0],107,387].
[[1,8,1,0,0,0,1,1,2],176,60].
[[2,7,2,0,0,0,1,1,2],53,24].
[[3,7,2,0,0,0,1,1,2],65,24].
[[1,8,0,0,0,0,2,3,0],205,161].
[[2,8,0,1,2,1,2,3,0],199,268].
[[1,8,1,0,0,0,2,3,2],358,71].
[[2,8,1,1,2,1,2,3,2],145,26].
[[3,7,2,1,2,1,2,3,2],48,6].
[[1,8,1,0,0,0,1,2,1],157,42].
[[2,7,1,1,2,1,1,2,1],21,6].
[[3,7,1,1,2,1,1,2,1],110,12].
[[1,9,2,0,0,0,2,1,2],618,818].
[[2,8,0,0,0,0,2,1,2],155,202].
[[3,8,0,1,2,1,2,1,2],96,248].
[[1,9,2,1,2,1,2,1,2],273,310].
[[2,8,0,1,2,1,2,1,2],138,203].
[[3,7,0,1,2,1,2,1,2],17,40].
[[2,8,1,0,0,0,1,2,2],362,81].
[[3,7,2,0,0,0,1,2,2],92,8].
[[1,9,2,0,0,0,1,1,0],112,188].
[[2,9,2,0,0,0,1,1,0],82,207].
[[3,9,2,1,2,1,1,1,0],75,286].
[[2,8,1,0,0,0,2,1,0],88,29].
[[3,8,1,1,2,1,2,3,1],207,74].
[[1,8,0,1,2,1,0,0,0],212,259].
[[2,8,0,1,1,1,0,0,0],14,35].
[[3,4,1,1,2,0,0,0,0],8,1].
[[1,9,2,1,2,1,2,3,0],381,470].
[[2,9,2,1,2,1,1,2,0],335,430].
[[3,9,2,1,2,1,1,2,0],218,587].
[[1,7,2,0,0,0,0,0,0],165,26].
[[2,3,2,0,0,0,0,0,0],34,0].
[[3,3,2,1,2,1,0,0,0],26,0].
[[3,7,2,1,2,0,1,2,2],68,11].
[[1,8,0,0,0,0,1,2,0],34,21].
[[2,8,0,0,0,0,1,2,0],98,78].
[[3,6,0,1,2,1,1,2,0],9,5].
[[1,8,1,0,0,0,2,1,1],136,44].
[[2,8,1,0,0,0,2,1,1],99,32].
[[3,7,1,1,2,1,2,1,1],43,17].
[[2,6,1,1,2,1,1,1,2],6,0].
[[3,6,1,1,2,1,1,1,2],21,4].
[[2,6,1,0,0,0,2,2,2],61,4].
[[1,9,2,0,0,0,2,2,0],575,692].
[[2,9,2,0,0,0,2,2,0],113,245].
[[3,8,1,0,0,0,1,2,1],120,23].
[[1,8,1,0,0,0,2,2,0],248,28].
[[2,8,1,0,0,0,2,2,0],180,39].
[[3,8,1,1,2,0,1,2,0],136,25].
[[3,8,0,1,1,1,2,3,0],23,128].
[[3,8,1,1,2,1,1,1,2],336,109].
[[1,8,0,0,0,0,2,3,2],84,110].
[[2,8,0,0,0,0,2,3,2],48,103].
[[3,7,1,1,2,0,2,3,2],36,9].
[[3,9,2,0,0,0,1,2,0],105,233].
[[1,9,2,0,0,0,1,1,2],465,353].
[[2,8,0,0,0,0,1,1,2],129,105].
[[3,8,0,1,2,1,1,1,2],176,276].
[[1,9,2,0,0,0,1,2,2],548,537].
[[2,9,2,0,0,0,1,2,2],285,388].
[[3,9,2,0,0,0,1,2,2],59,157].
[[1,9,2,0,0,0,1,2,0],334,342].
[[2,8,1,0,0,0,1,2,1],185,41].
[[3,6,1,0,0,0,1,2,1],13,1].
[[1,8,1,1,2,0,2,2,2],41,24].
[[2,8,1,1,2,0,1,2,2],79,33].
[[3,8,1,1,1,0,1,2,2],26,31].
[[1,8,0,0,0,0,0,0,0],546,767].
[[2,8,0,0,0,0,2,3,0],209,257].
[[3,7,0,0,0,0,2,3,0],17,27].
[[1,9,2,0,0,0,0,0,0],404,1041].
[[2,9,2,0,0,0,2,3,1],82,75].
[[3,9,2,1,2,1,1,2,1],47,18].
[[3,9,2,0,0,0,1,1,2],57,130].
[[1,8,1,0,0,0,2,1,2],738,170].
[[2,7,1,0,0,0,2,1,2],144,29].
[[3,7,1,1,2,0,2,1,2],71,19].
[[2,9,2,1,1,1,2,1,2],40,56].
[[3,9,2,1,1,1,1,1,0],25,106].
[[3,8,1,1,2,0,1,1,2],107,51].
[[1,9,2,1,2,1,0,0,0],191,406].
[[2,9,2,1,2,1,2,2,0],113,238].
[[3,8,0,1,2,1,2,2,0],61,205].
[[2,8,1,1,1,1,2,3,1],59,20].
[[3,4,1,1,2,0,1,2,1],34,5].
[[3,9,2,1,2,1,2,2,0],6,125].
[[2,9,2,0,0,0,2,1,2],154,323].
[[3,9,2,0,0,0,2,3,0],6,89].
[[2,7,1,1,2,1,2,1,1],17,2].
[[1,7,1,0,0,0,2,2,2],57,13].
[[2,7,1,0,0,0,2,2,2],150,23].
[[3,7,1,1,2,1,2,2,2],277,54].
[[1,8,0,0,0,0,2,1,0],83,62].
[[2,8,0,0,0,0,2,1,0],92,95].
[[3,8,0,1,2,1,1,2,0],236,336].
[[1,9,2,0,0,0,2,3,1],205,130].
[[3,8,0,1,2,0,2,3,1],12,12].
[[2,9,2,0,0,0,1,2,0],287,417].
[[2,8,1,1,2,0,2,1,2],101,29].
[[2,9,2,1,2,1,2,3,0],138,451].
[[3,5,0,1,2,1,2,3,0],156,3].
[[2,8,0,0,0,0,2,2,2],178,240].
[[3,8,0,1,2,1,2,2,2],133,278].
[[2,9,2,1,2,1,2,1,2],153,273].
[[3,9,2,1,2,1,2,1,2],32,88].
[[1,6,0,0,0,0,0,0,0],23,21].
[[2,6,0,0,0,0,2,2,2],8,10].
[[3,6,0,0,0,0,1,2,2],7,5].
[[1,8,0,1,2,1,2,1,2],67,70].
[[2,7,0,1,2,1,2,1,2],2,10].
[[3,7,0,1,1,1,1,2,2],2,8].
[[1,6,1,1,2,1,0,0,0],50,2].
[[2,6,1,1,2,1,2,2,1],25,1].
[[3,6,1,1,1,1,2,2,1],19,2].
[[1,8,1,1,2,1,2,2,2],242,52].
[[2,8,1,1,2,1,2,2,2],378,110].
[[1,9,2,1,2,0,2,2,2],18,57].
[[2,8,1,1,1,0,2,2,2],3,13].
[[3,7,1,1,1,0,2,2,2],4,12].
[[1,8,0,0,0,0,2,1,2],192,215].
[[3,6,0,1,1,1,2,1,2],4,2].
[[2,9,2,0,0,0,1,1,2],230,286].
[[2,8,0,1,2,1,2,2,0],119,166].
[[3,7,0,1,2,1,2,2,0],23,29].
[[2,7,1,0,0,0,0,0,0],215,76].
[[3,7,1,1,2,0,0,0,0],14,13].
[[1,9,2,1,2,1,2,3,1],98,43].
[[1,9,2,1,2,1,1,2,2],261,224].
[[2,9,2,1,2,1,1,2,2],266,420].
[[3,9,2,1,2,1,1,2,2],140,420].
[[1,7,2,1,2,0,2,2,2],7,0].
[[2,7,2,1,2,0,1,2,2],22,3].
[[3,7,2,1,2,1,1,2,2],163,27].
[[1,8,1,1,2,1,2,3,0],108,17].
[[2,8,1,1,2,1,1,2,0],144,23].
[[3,8,1,1,1,1,1,2,0],129,19].
[[1,8,1,1,2,1,1,2,2],91,18].
[[2,8,1,1,2,1,1,2,2],320,55].
[[3,7,1,1,1,1,1,2,2],50,11].
[[2,7,2,1,1,1,2,1,2],12,1].
[[3,3,2,1,1,1,2,1,2],3,0].
[[3,8,0,1,2,0,1,2,0],57,100].
[[1,9,2,0,0,0,2,2,2],697,971].
[[3,8,1,1,2,1,1,2,2],435,109].
[[3,8,1,1,1,1,1,2,2],149,45].
[[3,4,1,1,2,0,1,2,2],94,5].
[[1,9,2,1,2,0,1,2,2],21,32].
[[2,9,2,1,2,0,1,2,2],66,118].
[[3,8,0,1,2,0,1,2,2],44,120].
[[1,9,2,1,2,1,2,3,2],106,122].
[[2,9,2,1,2,1,2,2,2],159,369].
[[3,9,2,1,2,1,2,2,2],29,118].
[[1,8,1,1,2,1,1,1,2],61,18].
[[2,7,2,1,2,1,1,1,2],40,18].
[[3,7,2,1,2,1,1,1,2],128,55].
[[1,9,2,1,2,0,2,2,1],6,10].
[[2,8,1,1,2,0,2,2,1],70,18].
[[3,7,1,1,2,0,2,2,1],46,16].
[[1,9,2,0,0,0,2,3,2],228,357].
[[2,8,1,0,0,0,2,3,2],197,34].
[[3,8,1,1,2,1,2,2,2],315,86].
[[1,8,1,1,2,1,2,3,2],117,27].
[[2,7,1,1,2,1,2,3,2],41,9].
[[3,7,1,1,2,1,2,3,2],99,13].
[[2,9,2,1,1,1,2,3,2],13,11].
[[3,8,1,1,1,1,2,3,2],37,5].
[[2,9,2,1,2,1,2,1,0],53,144].
[[2,7,1,0,0,0,2,1,0],30,0].
[[3,7,1,0,0,0,2,1,0],23,10].
[[2,8,1,0,0,0,2,2,1],280,45].
[[3,5,0,0,0,0,1,2,1],70,1].
[[2,8,1,0,0,0,0,0,0],89,72].
[[3,7,1,0,0,0,0,0,0],38,27].
[[1,7,2,0,0,0,2,2,2],113,7].
[[2,8,1,0,0,0,1,1,2],265,71].
[[3,8,1,0,0,0,1,1,2],150,50].
[[2,9,2,1,2,1,1,1,2],243,289].
[[3,5,0,1,2,1,1,1,2],478,20].
[[1,9,2,1,1,1,1,1,0],11,8].
[[2,8,0,1,1,1,1,1,0],9,4].
[[3,8,0,1,1,1,1,1,0],33,65].
[[1,7,1,0,0,0,0,0,0],246,59].
[[3,7,1,1,2,0,2,2,0],33,6].
[[3,9,2,1,2,0,1,2,0],62,175].
[[2,8,0,1,2,1,2,2,2],166,217].
[[1,9,2,1,2,1,1,1,0],58,83].
[[2,9,2,1,2,1,1,1,0],87,199].
[[3,8,1,1,2,1,1,1,0],122,59].
[[1,8,1,0,0,0,1,2,0],80,20].
[[2,8,1,0,0,0,1,2,0],178,35].
[[3,7,1,0,0,0,1,2,0],55,4].
[[1,7,1,0,0,0,2,3,1],32,6].
[[2,7,1,1,2,0,1,2,1],2,2].
[[3,7,1,1,2,0,1,2,1],33,5].
[[1,8,1,0,0,0,2,3,0],327,50].
[[2,7,1,0,0,0,2,3,0],60,12].
[[3,7,1,1,2,1,1,2,0],105,4].
[[1,9,2,1,2,1,1,2,0],179,140].
[[2,8,0,1,2,1,1,2,0],90,72].
[[3,7,0,1,2,1,1,2,0],29,9].
[[1,8,1,1,2,1,0,0,0],418,96].
[[2,7,1,1,2,1,0,0,0],149,54].
[[1,8,0,0,0,0,2,2,2],234,216].
[[2,8,0,0,0,0,1,2,2],127,156].
[[3,8,0,0,0,0,1,2,2],74,162].
[[2,9,2,1,2,1,2,3,2],27,88].
[[3,9,2,1,1,1,2,3,2],1,5].
[[3,8,0,1,2,1,1,2,2],190,383].
[[2,6,1,0,0,0,2,2,0],17,1].
[[3,6,1,0,0,0,1,2,0],13,0].
[[2,8,1,1,2,0,2,3,1],91,39].
[[3,8,1,1,1,0,1,1,0],9,6].
[[1,8,1,1,2,1,1,1,0],10,3].
[[2,8,1,1,2,1,1,1,0],33,15].
[[1,9,2,1,2,1,2,2,1],65,45].
[[2,9,2,1,1,1,2,2,1],18,13].
[[3,8,0,1,1,1,2,2,1],20,18].
[[1,9,2,0,0,0,2,2,1],160,71].
[[2,9,2,1,2,0,2,3,1],18,22].
[[1,7,1,0,0,0,2,1,2],44,12].
[[1,7,2,0,0,0,2,1,2],90,11].
[[2,8,1,0,0,0,1,1,0],54,29].
[[3,7,1,0,0,0,1,1,0],19,2].
[[3,8,0,0,0,0,2,1,2],36,109].
[[2,8,1,1,2,1,2,3,0],197,46].
[[3,8,1,1,2,1,2,2,1],169,54].
[[2,7,1,1,2,0,0,0,0],27,17].
[[3,7,1,1,1,0,2,1,2],7,11].
[[2,8,0,1,2,1,1,1,2],85,92].
[[3,5,0,1,1,1,1,1,2],183,9].
[[2,9,2,1,1,1,2,3,0],48,86].
[[3,4,1,1,2,0,1,2,0],96,11].
[[1,9,2,1,1,1,2,2,2],43,38].
[[2,9,2,1,1,1,1,1,2],59,62].
[[3,9,2,1,1,1,1,1,2],45,132].
[[3,8,0,1,1,1,2,3,2],8,23].
[[3,8,1,1,1,1,1,1,0],39,21].
[[1,7,1,0,0,0,1,2,2],1,2].
[[2,7,1,0,0,0,1,2,2],41,15].
[[3,7,1,1,2,0,1,2,2],55,20].
[[3,9,2,1,2,1,2,3,0],13,212].
[[2,8,1,1,2,1,1,1,2],203,66].
[[1,8,1,0,0,0,2,3,1],584,122].
[[3,8,1,1,2,0,1,2,1],79,19].
[[1,9,2,0,0,0,2,1,0],291,398].
[[3,8,0,1,1,1,2,1,2],36,72].
[[2,7,1,1,2,1,2,1,2],106,18].
[[3,7,1,1,1,1,2,1,2],62,22].
[[2,8,1,1,2,1,2,1,0],70,24].
[[3,8,1,1,1,1,2,1,1],24,16].
[[3,8,0,0,0,0,1,2,0],94,128].
[[2,6,1,1,1,1,2,1,2],5,1].
[[2,7,2,1,2,1,2,1,2],86,10].
[[3,7,2,1,1,1,2,1,2],28,1].
[[1,9,2,1,2,1,2,2,0],231,283].
[[3,8,1,1,2,1,2,2,0],44,23].
[[2,9,2,0,0,0,2,2,2],189,386].
[[3,8,0,0,0,0,2,2,2],70,127].
[[3,8,1,1,1,1,1,1,2],110,31].
[[3,6,1,1,2,1,2,3,0],39,3].
[[1,8,1,1,1,1,2,2,2],27,5].
[[2,4,1,1,2,0,2,2,2],14,3].
[[3,4,1,1,2,0,2,2,2],51,9].
[[3,5,0,1,2,0,1,1,2],167,10].
[[3,7,1,1,2,1,1,2,2],224,41].
[[1,8,0,1,2,1,2,3,2],28,41].
[[2,8,0,1,2,1,1,2,2],151,137].
[[3,9,2,1,1,0,1,2,2],3,42].
[[1,8,0,0,0,0,2,2,0],118,86].
[[2,8,0,0,0,0,2,2,0],141,188].
[[3,7,0,0,0,0,2,2,0],7,11].
[[3,7,1,0,0,0,1,2,1],57,4].
[[2,9,2,1,2,0,2,1,2],19,69].
[[3,9,2,1,1,0,2,1,2],1,5].
[[3,7,1,1,2,1,2,3,0],119,24].
[[1,7,1,1,2,1,2,3,1],8,0].
[[2,7,1,1,1,1,2,3,1],9,1].
[[3,7,1,1,1,1,2,3,1],58,9].
[[1,8,1,0,0,0,2,2,1],353,77].
[[3,8,1,0,0,0,2,2,1],94,24].
[[2,8,1,0,0,0,2,1,2],402,100].
[[3,8,1,1,2,0,2,1,2],85,24].
[[2,5,0,1,1,1,1,1,2],51,2].
[[3,7,2,0,0,0,2,2,2],82,2].
[[2,8,0,1,2,1,2,3,2],58,90].
[[3,8,0,1,1,1,1,2,0],84,126].
[[2,9,2,0,0,0,2,1,0],61,143].
[[3,8,0,1,2,0,2,1,0],12,39].
[[1,9,2,1,2,0,2,3,1],6,9].
[[1,9,2,1,1,1,2,1,0],27,16].
[[2,9,2,1,1,1,1,2,0],86,93].
[[2,8,1,1,1,1,2,1,2],69,19].
[[3,4,1,1,2,0,1,1,2],79,15].
[[2,9,2,1,2,1,0,0,0],14,103].
[[3,9,2,1,2,1,0,0,0],0,14].
[[2,5,0,1,2,1,2,3,0],81,1].
[[1,2,1,0,0,0,2,2,1],2,0].
[[2,2,1,0,0,0,2,2,1],3,0].
[[3,2,1,1,2,0,1,2,1],1,0].
[[2,5,0,1,2,1,1,1,2],197,8].
[[3,8,1,0,0,0,2,3,1],117,37].
[[3,9,2,1,1,1,1,2,2],46,164].
[[3,8,0,0,0,0,1,1,2],63,95].
[[3,8,1,1,2,1,2,1,2],266,65].
[[1,9,2,1,2,1,1,1,2],202,130].
[[3,8,0,0,0,0,2,3,1],30,23].
[[2,7,2,1,2,0,2,2,2],41,8].
[[3,3,2,1,2,0,2,2,2],21,1].
[[2,7,1,1,2,0,2,2,2],28,12].
[[3,7,2,1,1,0,2,2,2],12,8].
[[3,8,1,1,1,1,2,1,2],95,25].
[[3,8,0,0,0,0,2,3,0],53,170].
[[2,8,0,0,0,0,2,2,1],48,33].
[[3,8,0,1,2,0,2,2,1],22,12].
[[3,8,0,1,1,1,2,1,0],7,36].
[[1,8,0,1,2,1,2,1,0],26,16].
[[2,8,0,1,1,1,2,1,0],20,14].
[[3,8,0,1,2,0,1,1,2],54,64].
[[1,9,2,1,2,1,2,1,0],152,158].
[[3,9,2,1,2,1,2,1,0],4,77].
[[2,6,0,0,0,0,2,1,0],2,6].
[[3,6,0,1,2,1,1,1,0],3,2].
[[1,5,0,1,2,1,2,3,0],25,1].
[[3,5,0,1,1,1,1,2,1],71,4].
[[3,8,1,0,0,0,2,1,2],125,37].
[[3,7,1,1,2,1,2,1,0],42,14].
[[3,9,2,1,2,1,1,1,2],131,302].
[[2,8,1,1,2,1,2,3,1],315,55].
[[3,8,1,1,1,1,2,3,1],60,30].
[[3,8,1,0,0,0,2,2,2],118,48].
[[2,9,2,1,2,1,2,2,1],59,43].
[[2,8,1,0,0,0,2,3,0],223,42].
[[3,7,1,0,0,0,2,2,2],137,31].
[[3,7,0,1,2,1,2,3,0],32,47].
[[3,8,0,1,2,1,1,1,0],83,161].
[[3,8,1,1,2,1,1,2,0],380,55].
[[1,3,2,0,0,0,1,2,2],1,0].
[[2,3,2,0,0,0,1,2,2],10,0].
[[3,3,2,0,0,0,1,2,2],17,0].
[[1,9,2,1,1,1,2,3,2],13,17].
[[2,8,0,1,1,1,2,3,2],9,20].
[[3,7,1,1,2,1,2,3,1],212,48].
[[3,6,0,1,2,1,2,3,0],13,28].
[[2,8,0,0,0,0,0,0,0],73,280].
[[3,8,0,1,2,0,0,0,0],0,28].
[[3,5,0,1,2,1,1,1,0],60,10].
[[3,7,1,1,2,0,2,2,2],90,23].
[[3,7,1,0,0,0,2,3,1],101,19].
[[2,8,0,1,2,0,2,1,0],13,30].
[[3,7,0,1,2,0,2,1,0],3,4].
[[1,5,0,0,0,0,2,3,0],54,2].
[[2,9,2,0,0,0,2,1,1],16,21].
[[3,9,2,0,0,0,2,1,1],3,5].
[[3,8,1,1,2,0,2,1,1],26,18].
[[1,8,1,1,2,1,1,2,0],28,6].
[[2,8,1,1,1,1,1,1,0],12,3].
[[3,4,1,1,2,0,1,1,0],45,4].
[[1,8,1,1,2,1,2,1,0],34,7].
[[3,7,0,1,1,1,2,2,0],4,9].
[[3,6,1,0,0,0,2,1,2],30,0].
[[1,7,2,0,0,0,1,2,2],51,3].
[[3,7,2,1,1,1,1,1,2],37,9].
[[1,8,0,1,2,1,1,1,2],24,8].
[[3,8,0,1,1,1,1,1,2],49,78].
[[3,8,1,1,1,0,2,2,1],14,8].
[[3,7,1,1,2,0,1,1,0],14,0].
[[3,5,0,1,2,1,1,2,0],58,0].
[[1,8,1,0,0,0,1,2,2],253,59].
[[3,8,1,1,2,0,2,2,2],113,31].
[[2,8,0,1,1,1,1,1,2],18,9].
[[3,5,0,0,0,0,1,1,2],217,8].
[[2,9,2,1,2,0,2,2,0],17,75].
[[3,9,2,1,1,0,2,2,0],0,11].
[[3,8,1,0,0,0,1,1,0],53,30].
[[3,9,2,1,1,1,2,2,2],7,58].
[[3,7,1,0,0,0,1,2,2],97,20].
[[3,8,1,1,2,1,2,1,0],21,17].
[[3,5,0,1,1,1,1,1,0],22,8].
[[2,7,0,0,0,0,0,0,0],25,32].
[[2,7,2,1,2,1,2,2,2],73,11].
[[3,8,1,0,0,0,2,3,0],23,17].
[[3,7,1,1,2,1,2,2,0],76,16].
[[2,8,1,1,2,0,2,2,2],103,53].
[[1,8,1,1,2,1,2,2,0],81,9].
[[2,8,1,1,2,1,2,2,0],141,37].
[[2,7,1,1,2,0,2,2,0],4,2].
[[3,9,2,0,0,0,1,1,0],19,120].
[[3,8,0,0,0,0,1,1,0],33,71].
[[3,7,1,1,1,1,0,0,0],9,9].
[[3,8,0,1,2,0,2,2,2],31,86].
[[1,6,1,0,0,0,2,3,2],17,3].
[[2,6,1,1,2,0,2,3,2],2,1].
[[3,6,1,1,2,0,2,1,2],20,2].
[[3,7,0,1,2,1,0,0,0],12,35].
[[1,5,0,1,2,1,1,1,2],48,3].
[[3,8,0,1,1,1,1,2,2],71,108].
[[2,7,1,0,0,0,2,3,1],100,14].
[[3,7,1,1,2,0,2,3,1],62,19].
[[3,8,0,1,1,1,2,2,2],44,79].
[[2,8,1,0,0,0,2,3,1],407,90].
[[3,9,2,1,2,0,1,2,2],27,135].
[[1,9,2,1,1,1,1,2,2],32,10].
[[2,9,2,1,1,1,1,2,2],90,72].
[[2,5,0,0,0,0,1,1,1],13,0].
[[2,8,0,1,2,0,2,3,0],14,43].
[[3,8,0,1,2,0,2,3,0],29,89].
[[2,7,2,0,0,0,2,1,2],97,24].
[[3,7,2,0,0,0,1,2,0],18,0].
[[1,9,2,1,1,1,2,3,0],65,36].
[[2,8,0,1,1,1,2,3,0],36,41].
[[2,6,0,0,0,0,0,0,0],22,41].
[[3,3,1,0,0,0,2,2,1],9,0].
[[2,8,1,1,2,0,2,1,0],23,5].
[[3,7,1,0,0,0,2,1,2],118,27].
[[1,9,2,1,1,1,2,1,2],34,23].
[[2,4,1,1,2,0,2,1,2],14,3].
[[2,5,0,0,0,0,2,3,0],96,3].
[[2,8,0,1,2,1,0,0,0],76,229].
[[3,7,1,1,2,1,0,0,0],61,44].
[[2,9,2,1,2,0,2,3,0],31,98].
[[3,8,1,1,2,1,2,3,0],53,36].
[[1,8,1,1,2,0,2,3,0],19,4].
[[2,8,1,1,2,0,1,2,0],31,16].
[[3,7,1,1,2,0,1,2,0],40,3].
[[2,8,0,0,0,0,2,3,1],52,28].
[[3,8,0,1,2,1,2,3,1],65,56].
[[2,5,0,0,0,0,1,1,0],12,0].
[[3,8,1,1,2,1,2,1,1],64,35].
[[1,7,2,0,0,0,2,3,2],73,2].
[[2,8,0,0,0,0,1,1,0],40,50].
[[1,7,2,1,2,0,2,3,2],3,1].
[[2,7,2,1,2,0,2,3,2],20,2].
[[3,7,2,1,2,0,2,3,2],27,0].
[[3,8,1,0,0,0,2,3,2],44,5].
[[1,8,0,0,0,0,1,2,2],65,59].
[[2,7,1,0,0,0,2,2,1],58,14].
[[3,7,1,0,0,0,2,2,1],72,18].
[[2,9,2,1,2,0,2,2,2],33,92].
[[3,9,2,1,1,0,1,2,0],6,50].
[[3,7,1,0,0,0,2,3,0],64,14].
[[2,7,2,0,0,0,1,2,2],92,10].
[[2,9,2,1,2,0,2,1,0],12,34].
[[3,8,1,1,2,0,2,2,1],57,24].
[[2,5,0,1,2,1,2,1,0],25,0].
[[3,9,2,1,2,0,1,1,0],18,89].
[[3,8,1,0,0,0,1,2,2],234,44].
[[2,8,0,1,1,1,2,2,0],21,27].
[[1,9,2,1,2,1,1,2,1],37,13].
[[2,9,2,1,1,1,1,2,1],10,6].
[[3,9,2,1,1,1,1,2,1],11,14].
[[1,8,1,1,2,1,2,2,1],139,18].
[[1,8,1,0,0,0,2,1,0],128,24].
[[3,8,1,0,0,0,2,1,0],2,4].
[[3,7,1,1,2,1,1,1,2],140,46].
[[2,8,1,1,2,1,2,1,1],67,35].
[[2,8,1,1,2,0,2,3,2],46,18].
[[2,8,1,1,2,0,0,0,0],28,12].
[[2,7,2,0,0,0,0,0,0],88,6].
[[3,3,1,1,2,1,0,0,0],52,4].
[[1,9,2,1,1,1,2,2,0],25,25].
[[2,8,1,1,1,1,1,2,1],44,4].
[[3,8,1,1,1,1,1,2,1],85,15].
[[2,8,0,1,2,1,2,3,1],57,27].
[[2,8,1,1,2,1,1,2,1],155,26].
[[3,8,1,1,2,1,1,2,1],249,34].
[[3,9,2,1,1,1,2,3,0],5,90].
[[3,6,1,1,2,1,2,3,1],54,1].
[[2,3,1,1,2,1,0,0,0],20,0].
[[3,3,1,1,2,1,2,1,0],6,0].
[[2,7,2,1,2,1,2,3,2],26,3].
[[3,7,2,1,1,1,1,2,2],34,10].
[[2,9,2,1,1,1,1,1,0],41,46].
[[1,8,1,1,2,1,2,3,1],189,23].
[[3,7,1,1,1,1,1,1,0],6,4].
[[3,9,2,1,2,1,2,2,1],19,35].
[[2,7,0,0,0,0,2,2,2],2,10].
[[3,7,0,1,2,1,2,2,2],31,33].
[[3,7,2,1,2,0,1,1,2],60,21].
[[3,6,0,0,0,0,2,2,0],5,7].
[[2,7,1,1,2,1,2,2,1],66,5].
[[3,7,1,1,2,1,2,2,1],134,25].
[[2,7,1,1,1,1,2,1,1],3,0].
[[3,7,2,1,2,1,2,3,0],17,3].
[[2,8,1,1,1,1,2,2,1],52,9].
[[1,8,1,1,2,1,2,1,1],36,17].
[[3,7,1,1,1,1,2,1,1],14,4].
[[3,3,1,1,2,1,2,2,1],17,0].
[[1,9,2,1,2,0,0,0,0],24,49].
[[2,8,0,1,2,0,0,0,0],7,36].
[[3,5,0,1,2,0,1,1,1],12,1].
[[3,8,1,1,2,0,2,3,0],19,17].
[[2,9,2,1,2,0,1,1,0],27,47].
[[2,9,2,0,0,0,0,0,0],17,133].
[[3,9,2,0,0,0,2,1,0],4,26].
[[3,9,2,1,2,0,1,1,2],32,109].
[[2,9,2,1,1,1,2,3,1],25,14].
[[3,8,0,1,1,1,2,3,1],23,19].
[[2,6,1,1,2,1,0,0,0],77,9].
[[3,6,1,1,2,1,2,3,2],24,0].
[[3,5,0,1,1,1,2,3,0],61,1].
[[2,7,1,1,2,0,2,3,2],16,5].
[[2,5,0,1,1,1,1,2,1],13,1].
[[2,3,1,0,0,0,0,0,0],47,3].
[[3,3,1,1,2,1,2,3,2],15,0].
[[3,7,1,0,0,0,2,1,1],28,4].
[[2,7,1,1,2,1,1,1,2],23,5].
[[2,4,1,1,2,0,1,2,2],15,1].
[[2,8,1,1,1,0,1,2,0],3,3].
[[3,7,1,1,1,0,1,2,0],2,3].
[[2,8,1,1,1,1,2,2,2],89,25].
[[3,7,2,1,1,1,2,2,2],38,4].
[[3,6,0,1,2,1,2,1,0],6,6].
[[2,8,1,1,2,1,2,2,1],226,38].
[[3,8,1,1,1,1,2,2,1],58,20].
[[2,8,1,1,2,1,0,0,0],79,59].
[[1,6,1,0,0,0,0,0,0],213,14].
[[3,3,1,1,2,1,2,3,0],18,0].
[[3,8,1,0,0,0,1,1,1],10,5].
[[2,8,0,1,2,0,1,1,2],14,14].
[[3,8,0,1,1,0,1,2,2],2,13].
[[2,9,2,1,1,1,2,1,0],14,29].
[[2,8,0,1,1,1,2,2,2],23,27].
[[1,5,0,1,2,0,2,3,0],2,0].
[[2,5,0,1,2,0,2,3,0],20,3].
[[3,5,0,1,1,0,2,3,0],4,3].
[[3,6,1,1,1,1,1,2,1],6,0].
[[1,5,0,0,0,0,1,1,2],114,6].
[[2,5,0,1,2,0,1,1,2],43,13].
[[3,8,1,1,2,1,2,3,2],82,19].
[[1,8,0,1,2,1,2,2,2],69,69].
[[1,9,2,1,2,1,2,1,1],12,19].
[[1,8,0,1,2,1,2,3,0],52,55].
[[3,7,0,1,2,1,1,1,0],7,8].
[[1,8,1,1,2,0,0,0,0],58,29].
[[3,8,0,0,0,0,2,2,0],29,86].
[[3,7,2,0,0,0,2,1,2],66,5].
[[3,6,1,1,2,1,0,0,0],21,6].
[[3,6,0,1,2,1,2,3,2],3,11].
[[2,7,1,0,0,0,2,3,2],55,12].
[[1,7,2,1,2,1,2,2,2],21,1].
[[1,8,1,1,1,1,2,2,1],24,1].
[[2,6,1,1,1,1,2,2,1],2,0].
[[2,9,2,1,1,1,0,0,0],7,25].
[[3,8,0,1,1,1,0,0,0],0,25].
[[2,9,2,1,2,0,1,2,0],62,101].
[[3,8,1,0,0,0,1,2,0],151,21].
[[1,8,0,1,2,1,2,2,0],37,34].
[[2,7,1,1,2,1,2,2,0],27,2].
[[3,5,0,1,1,1,2,1,0],8,0].
[[2,8,0,1,2,1,1,1,0],36,42].
[[2,9,2,1,2,1,2,3,1],91,66].
[[3,8,0,0,0,0,0,0,0],1,37].
[[1,8,1,1,2,0,1,2,2],12,9].
[[2,8,0,1,2,1,2,2,1],36,25].
[[3,7,0,0,0,0,0,0,0],4,22].
[[3,6,0,1,2,1,2,2,2],16,19].
[[3,6,1,1,2,1,2,2,0],19,1].
[[3,8,0,1,2,1,2,1,0],25,108].
[[2,5,0,0,0,0,1,1,2],248,10].
[[3,8,1,0,0,0,2,1,1],38,16].
[[3,6,0,0,0,0,2,1,2],7,8].
[[3,7,1,0,0,0,2,3,2],41,6].
[[3,5,0,0,0,0,2,1,0],11,0].
[[2,7,1,0,0,0,1,1,2],29,11].
[[1,6,1,0,0,0,2,2,2],40,3].
[[2,6,1,1,2,1,1,2,2],16,0].
[[3,6,1,1,2,1,1,2,2],46,2].
[[3,8,1,1,1,0,1,1,2],20,25].
[[2,8,0,1,2,1,2,1,0],57,107].
[[3,7,0,1,1,1,2,1,0],3,5].
[[3,9,2,1,2,0,2,3,1],6,11].
[[2,9,2,0,0,0,2,2,1],75,44].
[[1,9,2,0,0,0,1,2,1],40,30].
[[2,9,2,1,2,1,1,2,1],46,17].
[[2,8,1,1,1,1,0,0,0],21,8].
[[3,4,1,1,2,0,2,3,1],26,1].
[[3,8,0,1,1,0,2,3,0],0,15].
[[2,4,1,1,2,0,2,3,2],5,1].
[[3,4,1,1,2,0,2,3,2],19,1].
[[3,9,2,0,0,0,2,2,0],3,49].
[[3,9,2,1,1,1,2,2,1],4,16].
[[2,8,1,1,2,1,1,1,1],15,11].
[[3,9,2,0,0,0,2,2,2],13,37].
[[1,8,1,1,2,0,2,1,2],38,17].
[[2,8,1,1,1,0,1,2,2],8,5].
[[3,7,2,0,0,0,2,3,0],11,0].
[[3,5,0,1,2,1,1,2,2],29,0].
[[1,6,1,0,0,0,2,1,2],48,3].
[[2,3,1,1,2,1,2,1,2],3,0].
[[3,3,2,1,2,1,2,1,2],27,0].
[[3,6,0,1,2,1,2,2,0],12,22].
[[3,9,2,1,2,0,2,1,2],6,27].
[[2,9,2,1,2,0,1,1,2],56,70].
[[3,7,0,1,2,0,0,0,0],1,11].
[[2,7,2,1,2,0,1,1,2],18,9].
[[3,7,1,1,1,1,2,3,2],25,6].
[[1,7,2,1,2,1,2,1,2],22,2].
[[3,7,2,1,2,1,2,1,2],134,18].
[[1,9,2,1,2,0,1,1,2],22,16].
[[3,7,0,1,2,0,2,3,0],3,11].
[[1,5,0,1,1,1,1,1,2],4,0].
[[2,9,2,0,0,0,1,2,1],33,31].
[[3,9,2,0,0,0,1,2,1],11,11].
[[1,8,0,1,2,1,1,2,2],34,8].
[[1,9,2,1,1,1,1,1,1],1,0].
[[2,8,0,1,1,1,1,1,1],1,0].
[[3,8,0,1,1,1,1,1,1],4,0].
[[2,6,1,1,2,1,2,3,0],25,0].
[[3,5,0,1,2,0,2,3,0],51,3].
[[1,8,1,0,0,0,1,1,0],28,11].
[[2,7,1,0,0,0,1,1,0],6,1].
[[1,9,2,1,2,0,2,2,0],28,37].
[[2,8,0,1,2,0,2,2,0],18,22].
[[2,9,2,1,1,1,2,2,0],26,42].
[[3,6,1,1,2,0,2,1,0],10,0].
[[3,7,0,0,0,0,1,2,0],12,4].
[[2,7,2,1,2,1,1,2,2],48,7].
[[3,8,0,0,0,0,2,3,2],10,38].
[[3,7,0,1,2,1,2,3,2],9,21].
[[3,8,1,1,2,0,1,1,0],45,17].
[[3,6,0,1,1,1,0,0,0],1,9].
[[2,7,2,1,2,0,2,1,2],36,9].
[[3,7,2,1,1,0,1,2,2],11,5].
[[1,7,1,0,0,0,2,3,2],18,6].
[[2,3,1,0,0,0,2,3,2],2,0].
[[3,3,1,1,2,0,2,3,2],4,0].
[[1,9,2,1,2,0,2,3,0],30,48].
[[2,7,2,1,1,1,0,0,0],6,1].
[[3,3,2,1,1,1,0,0,0],1,0].
[[2,7,1,1,2,1,2,3,0],58,3].
[[3,9,2,1,2,1,2,3,1],22,56].
[[3,8,0,1,2,0,2,2,0],11,51].
[[3,5,0,1,2,1,2,1,0],25,0].
[[1,8,1,1,1,1,0,0,0],31,14].
[[3,4,1,1,2,0,2,2,1],28,1].
[[3,8,0,1,1,1,2,2,0],14,68].
[[3,6,1,1,2,0,2,2,2],21,2].
[[2,8,1,1,2,0,2,2,0],34,6].
[[3,8,1,1,2,0,2,2,0],14,8].
[[3,7,0,1,2,1,2,1,0],10,20].
[[2,6,0,1,2,1,0,0,0],16,17].
[[3,9,2,1,1,1,2,1,2],15,26].
[[3,7,1,1,1,1,2,2,0],30,5].
[[3,8,0,0,0,0,2,1,0],11,43].
[[1,8,0,0,0,0,2,2,1],24,22].
[[3,7,0,1,2,1,2,2,1],5,3].
[[3,7,1,1,1,1,2,2,2],64,18].
[[1,8,1,1,2,1,1,2,1],57,16].
[[1,9,2,1,2,0,2,1,2],18,39].
[[1,7,1,0,0,0,2,1,0],12,0].
[[2,6,1,1,2,1,2,2,2],29,3].
[[3,7,0,1,2,1,1,2,2],18,19].
[[3,7,1,1,1,1,2,2,1],27,9].
[[1,8,0,1,2,1,2,2,1],15,2].
[[2,8,0,1,1,1,2,2,1],9,3].
[[2,6,0,1,2,1,2,1,2],9,3].
[[3,6,0,1,2,1,1,2,2],16,11].
[[2,6,1,0,0,0,0,0,0],113,7].
[[3,3,2,1,2,0,0,0,0],11,0].
[[3,6,0,1,2,0,0,0,0],1,8].
[[3,9,2,1,2,0,2,2,1],4,19].
[[3,8,0,1,1,1,1,2,1],6,11].
[[1,8,0,0,0,0,2,3,1],43,17].
[[2,7,0,0,0,0,2,3,1],2,0].
[[3,7,0,0,0,0,2,3,1],1,1].
[[3,8,0,1,2,1,0,0,0],0,84].
[[3,6,1,1,2,0,1,2,2],26,1].
[[2,8,1,1,1,1,2,3,0],32,8].
[[3,8,1,1,1,1,2,2,2],101,34].
[[2,8,0,1,2,0,1,2,0],6,17].
[[2,6,1,0,0,0,1,1,2],16,3].
[[2,7,1,0,0,0,1,2,1],39,6].
[[3,3,1,1,2,0,2,1,2],6,0].
[[3,8,1,1,1,1,2,2,0],6,7].
[[2,8,0,1,1,1,1,2,2],14,13].
[[1,8,1,1,1,1,2,3,1],19,0].
[[2,7,2,0,0,0,2,3,2],65,4].
[[2,6,1,0,0,0,2,3,2],19,1].
[[3,6,1,0,0,0,2,3,2],12,0].
[[2,9,2,1,2,0,1,1,1],3,1].
[[3,8,0,1,2,0,1,1,1],3,1].
[[1,5,0,0,0,0,1,2,1],15,0].
[[2,5,0,0,0,0,1,2,1],49,1].
[[2,9,2,1,2,0,1,2,1],7,7].
[[2,7,1,1,2,0,1,2,2],4,4].
[[3,9,2,1,1,0,1,1,2],3,20].
[[1,9,2,1,1,1,1,2,0],24,13].
[[2,4,1,1,2,0,1,2,0],14,0].
[[2,8,0,1,2,0,2,1,2],14,34].
[[3,8,0,1,2,0,2,1,2],23,63].
[[3,7,2,0,0,0,0,0,0],18,1].
[[3,8,0,1,2,1,2,2,1],60,34].
[[3,6,1,1,2,1,2,2,1],44,2].
[[3,8,1,1,1,0,2,1,2],12,14].
[[3,3,2,0,0,0,2,2,2],21,1].
[[3,3,1,1,2,1,1,2,2],13,0].
[[1,9,2,1,1,1,2,3,1],14,6].
[[3,7,1,1,1,1,1,1,1],5,3].
[[2,8,0,1,2,0,1,2,2],14,27].
[[3,7,0,1,2,0,1,2,2],2,7].
[[3,3,2,0,0,0,1,1,2],12,0].
[[3,8,0,0,0,0,1,2,1],12,11].
[[3,6,1,1,2,0,1,1,2],15,2].
[[1,7,2,1,2,0,0,0,0],12,3].
[[3,7,2,1,2,0,2,1,2],49,11].
[[2,7,0,1,2,1,2,2,2],10,9].
[[1,3,2,0,0,0,0,0,0],35,0].
[[3,3,2,0,0,0,0,0,0],18,0].
[[3,7,1,1,2,0,2,3,0],23,11].
[[2,8,0,1,2,0,2,3,1],7,5].
[[3,8,0,1,1,0,1,2,0],3,13].
[[1,8,1,1,1,1,2,3,0],15,0].
[[2,8,1,1,1,1,2,1,1],23,6].
[[1,9,2,1,1,1,0,0,0],39,33].
[[3,9,2,1,1,0,1,1,0],5,22].
[[3,6,0,0,0,0,1,2,0],7,1].
[[1,8,1,1,1,1,1,2,2],5,0].
[[2,8,1,1,1,1,1,2,2],64,11].
[[3,8,0,1,2,1,1,2,1],30,19].
[[2,6,0,0,0,0,2,2,0],8,1].
[[3,7,0,1,2,0,2,2,2],2,4].
[[1,7,1,0,0,0,2,1,1],5,3].
[[2,7,1,1,2,0,2,1,1],7,2].
[[3,7,1,1,1,0,2,1,1],2,2].
[[2,6,1,1,1,1,0,0,0],10,0].
[[3,6,1,1,1,1,2,3,1],7,2].
[[3,5,0,1,2,0,1,2,1],55,2].
[[2,6,1,0,0,0,2,3,0],24,1].
[[2,4,1,1,2,0,1,1,2],12,2].
[[3,9,2,1,1,1,2,2,0],2,39].
[[2,7,1,1,2,0,1,1,2],4,1].
[[3,6,1,0,0,0,2,3,1],27,1].
[[3,9,2,1,2,0,2,3,0],4,72].
[[2,5,0,1,2,1,1,1,1],13,0].
[[3,5,0,1,2,1,1,1,1],29,1].
[[3,9,2,0,0,0,2,1,2],15,31].
[[3,9,2,1,1,1,2,1,0],1,20].
[[2,7,1,1,2,0,2,1,2],25,9].
[[2,5,0,0,0,0,1,2,0],16,0].
[[1,8,0,0,0,0,1,1,0],9,16].
[[1,8,1,1,2,0,1,1,2],7,6].
[[2,6,1,1,2,0,1,1,2],1,0].
[[2,8,0,1,1,1,2,1,2],29,26].
[[3,7,0,1,1,1,2,1,2],3,8].
[[1,8,0,0,0,0,1,1,2],62,36].
[[3,7,0,1,2,1,1,1,2],17,12].
[[3,7,0,0,0,0,2,2,2],22,15].
[[2,7,2,1,2,1,2,1,0],6,0].
[[3,7,2,1,2,1,1,2,0],31,1].
[[1,8,0,0,0,0,1,2,1],3,4].
[[2,6,0,0,0,0,1,2,1],1,0].
[[3,6,0,0,0,0,1,2,1],2,0].
[[1,9,2,1,2,0,2,3,2],8,20].
[[2,8,0,1,2,0,2,3,2],6,15].
[[3,6,0,1,2,0,2,3,2],1,1].
[[2,6,1,1,2,0,0,0,0],8,3].
[[3,6,1,1,2,0,0,0,0],3,0].
[[1,7,2,0,0,0,2,2,0],8,1].
[[2,3,1,0,0,0,2,2,2],8,0].
[[3,3,1,1,2,0,1,2,2],2,0].
[[3,7,1,1,1,1,2,3,0],27,9].
[[3,7,2,0,0,0,2,1,0],6,0].
[[1,6,1,0,0,0,2,1,1],7,1].
[[2,6,1,0,0,0,2,1,1],11,1].
[[3,3,2,1,2,1,1,1,2],16,0].
[[2,9,2,0,0,0,2,3,2],26,103].
[[2,7,2,1,1,1,2,2,2],14,1].
[[3,3,2,1,1,1,2,2,2],5,0].
[[2,7,2,1,2,1,0,0,0],61,8].
[[3,7,2,1,2,1,2,1,0],11,2].
[[2,8,1,1,2,0,2,3,0],35,31].
[[3,3,1,1,2,1,2,3,1],17,2].
[[3,8,1,1,1,1,2,1,0],5,7].
[[2,7,2,0,0,0,2,3,0],8,1].
[[3,7,2,1,2,0,1,2,0],15,1].
[[3,9,2,1,2,1,2,1,1],6,17].
[[2,5,0,0,0,0,2,1,0],19,0].
[[3,5,0,1,2,0,2,1,0],5,0].
[[3,7,1,1,2,0,2,1,0],17,4].
[[3,9,2,1,1,0,2,3,0],0,14].
[[2,4,1,1,2,0,2,2,0],6,1].
[[3,4,1,1,2,0,2,2,0],17,1].
[[2,7,1,0,0,0,1,2,0],13,1].
[[2,7,2,1,1,1,1,1,2],6,0].
[[2,5,0,0,0,0,1,2,2],4,0].
[[3,3,1,1,2,0,2,2,2],9,0].
[[1,7,2,1,2,1,2,3,2],9,1].
[[3,7,0,0,0,0,2,1,0],9,3].
[[3,8,1,1,2,1,0,0,0],0,13].
[[3,8,0,1,2,0,1,1,0],18,51].
[[3,3,1,1,1,1,0,0,0],9,1].
[[3,8,1,1,2,0,2,1,0],7,6].
[[2,6,1,1,2,1,2,1,2],30,4].
[[1,7,2,0,0,0,1,1,2],25,13].
[[2,8,1,1,1,0,2,2,0],1,3].
[[3,8,1,1,1,0,2,2,2],24,12].
[[3,7,1,1,1,1,1,2,1],38,5].
[[2,8,1,1,2,0,1,2,1],46,17].
[[2,7,2,1,2,0,0,0,0],25,9].
[[3,7,2,1,2,0,2,2,2],64,10].
[[2,6,1,1,2,0,2,1,2],10,2].
[[2,5,0,1,2,1,1,2,0],23,1].
[[3,9,2,0,0,0,2,2,1],5,9].
[[3,6,1,1,2,1,2,1,2],52,2].
[[1,7,2,1,2,1,0,0,0],39,5].
[[3,7,2,1,1,1,0,0,0],8,1].
[[3,8,0,1,2,1,2,3,2],21,79].
[[1,7,1,1,2,1,0,0,0],57,11].
[[3,7,2,1,2,1,0,0,0],26,6].
[[2,8,1,1,1,1,1,1,2],44,8].
[[2,7,1,1,2,1,1,2,2],37,9].
[[3,6,0,1,2,1,2,1,2],14,11].
[[3,8,1,1,2,0,2,3,1],75,33].
[[3,8,1,1,1,0,1,2,0],18,17].
[[3,9,2,1,2,0,2,2,2],11,40].
[[2,8,1,1,1,0,0,0,0],3,1].
[[3,7,2,1,1,0,2,1,2],6,7].
[[3,8,1,0,0,0,0,0,0],0,6].
[[3,9,2,1,2,1,2,3,2],3,9].
[[1,8,1,0,0,0,1,1,1],17,13].
[[2,8,1,0,0,0,1,1,1],16,11].
[[3,7,1,0,0,0,1,1,1],4,1].
[[2,7,1,1,2,1,2,3,1],86,6].
[[3,6,0,1,2,0,1,2,2],2,4].
[[3,6,0,0,0,0,1,1,2],3,6].
[[2,3,2,0,0,0,2,3,2],10,0].
[[3,3,2,1,2,0,2,3,2],5,0].
[[3,9,2,1,2,0,2,2,0],3,38].
[[3,7,1,0,0,0,2,2,0],50,13].
[[2,3,2,1,2,0,2,2,2],7,0].
[[3,3,2,1,2,0,1,2,2],12,0].
[[3,5,0,0,0,0,1,1,0],21,5].
[[1,8,1,1,2,0,2,3,1],33,12].
[[2,8,1,1,1,0,2,3,1],8,3].
[[3,8,1,1,1,0,1,2,1],13,13].
[[2,6,0,0,0,0,2,3,0],6,12].
[[1,5,0,0,0,0,2,1,0],15,1].
[[2,5,0,1,2,0,1,2,0],5,1].
[[3,5,0,1,1,0,1,1,1],0,1].
[[1,7,1,1,2,1,2,2,2],16,0].
[[3,7,0,1,2,1,2,3,1],8,6].
[[2,6,1,0,0,0,2,1,2],58,2].
[[3,6,1,0,0,0,1,1,2],21,3].
[[1,8,0,1,2,1,2,3,1],17,8].
[[2,8,1,1,1,1,2,2,0],27,8].
[[3,7,1,1,1,1,1,2,0],25,3].
[[3,3,1,0,0,0,2,1,2],17,1].
[[1,3,2,0,0,0,2,2,2],8,0].
[[3,3,2,1,2,1,2,2,2],28,0].
[[3,7,1,1,1,0,2,2,0],0,1].
[[2,6,0,0,0,0,1,2,2],5,4].
[[3,5,0,0,0,0,2,3,0],60,1].
[[1,6,0,0,0,0,2,1,2],2,4].
[[3,6,0,1,2,1,1,1,2],6,8].
[[3,9,2,1,1,1,2,3,1],10,16].
[[3,7,1,1,2,0,1,1,2],51,15].
[[3,8,0,0,0,0,2,2,1],30,14].
[[3,3,1,0,0,0,2,2,2],13,1].
[[1,9,2,1,2,0,1,2,0],14,18].
[[2,8,1,1,2,0,1,1,1],6,5].
[[2,9,2,1,1,0,0,0,0],1,3].
[[3,8,0,1,1,0,0,0,0],0,3].
[[2,6,1,0,0,0,2,1,0],10,0].
[[2,4,1,1,2,0,2,1,0],8,0].
[[3,4,1,1,2,0,2,1,0],11,2].
[[3,7,2,1,1,1,2,2,0],2,2].
[[3,3,1,1,2,1,2,1,2],30,1].
[[3,4,1,1,2,0,2,1,2],31,6].
[[3,7,2,1,2,1,2,2,0],14,0].
[[3,7,2,0,0,0,2,3,2],38,2].
[[1,8,1,1,2,0,1,2,1],5,6].
[[3,5,0,1,1,0,1,1,2],20,17].
[[3,9,2,1,2,0,2,1,0],2,19].
[[3,7,1,0,0,0,1,1,2],71,17].
[[2,8,0,0,0,0,1,2,1],10,10].
[[3,7,0,1,1,1,2,3,1],0,3].
[[3,8,0,1,1,0,2,2,0],2,10].
[[2,9,2,1,2,0,2,2,1],14,15].
[[3,9,2,1,1,0,2,2,1],0,7].
[[3,6,1,0,0,0,2,3,0],22,0].
[[3,3,1,0,0,0,0,0,0],27,6].
[[2,7,0,0,0,0,2,3,2],1,5].
[[3,7,0,1,1,1,2,3,0],8,13].
[[3,8,1,1,2,1,1,1,1],21,12].
[[2,8,1,1,2,0,1,1,2],53,29].
[[2,6,1,0,0,0,1,2,2],16,2].
[[3,3,1,0,0,0,1,2,2],2,0].
[[1,8,1,1,1,1,1,2,0],3,2].
[[3,7,0,1,2,0,2,1,2],3,4].
[[3,5,0,0,0,0,1,2,2],15,0].
[[3,3,2,1,1,0,2,3,2],1,0].
[[1,9,2,1,2,0,1,1,0],8,10].
[[2,8,0,1,2,0,1,1,0],4,12].
[[3,6,1,1,1,1,2,1,0],4,1].
[[3,6,1,0,0,0,2,2,0],10,1].
[[2,4,1,1,2,0,2,3,1],11,0].
[[2,9,2,1,1,0,1,2,0],2,7].
[[3,7,0,1,2,0,1,1,2],3,4].
[[3,7,0,0,0,0,2,1,2],15,13].
[[2,7,1,0,0,0,2,2,0],51,5].
[[3,8,0,1,1,0,2,2,2],4,12].
[[3,7,2,1,2,0,2,1,0],6,1].
[[3,8,1,1,1,0,2,2,0],4,2].
[[1,9,2,1,2,0,2,1,0],13,26].
[[2,9,2,1,1,0,2,2,2],0,10].
[[2,9,2,1,1,1,2,1,1],7,5].
[[3,8,0,1,1,1,2,1,1],1,7].
[[3,6,1,1,2,1,1,2,1],20,2].
[[3,7,0,1,1,1,0,0,0],2,9].
[[2,3,2,1,2,1,2,1,2],6,0].
[[2,9,2,1,1,0,2,1,2],1,8].
[[3,8,0,1,1,0,2,1,2],1,15].
[[3,5,0,1,1,0,1,2,2],2,0].
[[2,9,2,1,1,0,1,1,2],2,8].
[[3,8,0,1,1,0,1,1,2],2,11].
[[3,7,1,1,2,1,1,1,0],33,7].
[[3,8,1,0,0,0,2,2,0],14,12].
[[3,3,2,0,0,0,2,3,2],8,0].
[[1,7,2,0,0,0,2,3,0],7,1].
[[2,3,2,0,0,0,2,3,0],3,0].
[[3,3,2,1,2,1,2,3,0],1,0].
[[3,6,1,1,2,1,2,2,2],55,2].
[[3,7,2,1,1,1,2,3,2],11,0].
[[1,7,2,1,2,1,1,2,2],8,3].
[[3,7,0,1,2,0,2,2,1],3,0].
[[3,6,1,1,2,0,2,3,2],6,2].
[[2,5,0,1,1,1,2,3,0],21,1].
[[3,6,1,1,2,1,1,2,0],26,0].
[[3,5,0,1,1,1,1,1,1],11,1].
[[2,6,0,0,0,0,2,3,2],2,4].
[[3,6,1,1,2,1,2,1,0],17,1].
[[2,5,0,1,2,0,1,2,1],11,2].
[[1,6,1,1,2,1,2,2,2],8,2].
[[3,6,1,1,1,1,2,2,2],12,2].
[[2,7,0,0,0,0,2,1,2],5,7].
[[2,8,1,1,1,0,2,3,0],4,4].
[[3,7,1,1,1,0,2,3,0],2,6].
[[2,6,1,1,2,1,2,1,1],7,1].
[[3,2,1,1,2,1,2,1,1],1,0].
[[3,3,1,0,0,0,2,3,2],6,0].
[[3,7,0,1,1,1,1,1,2],3,4].
[[2,3,2,0,0,0,2,1,2],16,0].
[[3,3,2,0,0,0,2,1,2],25,0].
[[3,8,1,1,1,1,2,3,0],20,14].
[[1,7,1,0,0,0,2,2,1],13,7].
[[3,6,1,1,1,1,2,1,2],15,1].
[[2,9,2,1,1,0,2,3,2],1,3].
[[3,8,0,1,1,0,2,3,2],1,4].
[[3,7,2,0,0,0,2,2,0],7,1].
[[2,8,1,1,1,1,2,3,2],36,9].
[[3,6,0,1,2,0,2,3,0],0,8].
[[3,7,0,0,0,0,1,1,2],9,9].
[[1,7,1,0,0,0,2,2,0],14,2].
[[2,7,1,0,0,0,2,1,1],22,7].
[[3,8,1,1,2,0,1,1,1],9,5].
[[3,5,0,1,2,0,1,2,0],14,0].
[[1,6,1,0,0,0,2,3,0],8,2].
[[2,8,1,1,2,0,2,1,1],30,14].
[[3,7,1,1,2,0,2,1,1],10,6].
[[3,6,1,1,1,1,2,2,0],10,1].
[[3,7,0,1,1,1,2,2,2],10,9].
[[2,7,2,1,1,1,1,2,2],6,1].
[[3,6,1,0,0,0,2,1,0],5,0].
[[3,6,0,0,0,0,0,0,0],2,10].
[[1,5,0,0,0,0,1,1,0],7,0].
[[2,7,2,1,1,1,2,3,2],4,0].
[[1,5,0,1,2,1,1,2,0],2,0].
[[3,5,0,1,1,1,1,2,0],26,2].
[[3,3,1,1,2,1,1,1,2],12,0].
[[2,6,1,0,0,0,1,2,1],10,1].
[[1,5,0,1,2,0,1,1,2],5,1].
[[2,5,0,1,1,0,1,1,2],2,1].
[[1,3,2,0,0,0,2,1,2],5,0].
[[2,3,2,1,2,1,0,0,0],10,0].
[[2,6,1,0,0,0,2,2,1],31,0].
[[2,9,2,1,2,0,0,0,0],6,34].
[[3,7,2,0,0,0,1,1,0],6,2].
[[2,7,0,1,2,1,0,0,0],15,22].
[[2,3,1,0,0,0,2,1,2],5,0].
[[2,8,1,1,2,0,1,1,0],11,7].
[[2,7,0,0,0,0,2,2,1],0,1].
[[2,8,0,1,2,1,2,1,1],7,10].
[[2,8,1,1,1,0,1,1,2],4,3].
[[2,7,1,1,1,1,2,2,2],13,0].
[[2,8,1,1,1,1,1,2,0],27,5].
[[3,6,1,1,1,1,1,2,0],6,1].
[[2,8,1,1,1,0,2,1,2],6,4].
[[1,8,0,1,2,1,1,2,0],10,7].
[[3,6,1,1,1,0,2,1,2],1,2].
[[2,7,0,1,2,1,2,1,0],4,0].
[[3,3,2,1,2,0,1,1,2],13,0].
[[3,7,0,0,0,0,1,1,0],3,3].
[[1,5,0,0,0,0,1,1,1],3,0].
[[2,8,0,1,2,1,1,2,1],10,7].
[[3,7,0,1,1,1,1,2,1],1,1].
[[3,6,1,0,0,0,2,2,2],26,2].
[[3,3,1,1,2,0,2,2,1],3,0].
[[1,8,1,1,2,0,2,2,0],13,7].
[[2,6,1,1,2,0,2,2,2],12,0].
[[3,7,2,1,2,0,2,2,0],5,0].
[[3,3,1,1,2,1,1,2,1],9,0].
[[3,7,2,1,1,1,1,2,0],7,0].
[[3,8,1,1,1,0,2,1,1],4,9].
[[3,6,0,0,0,0,2,3,1],1,2].
[[1,7,1,1,2,1,2,1,2],8,5].
[[2,9,2,1,2,0,2,3,2],6,16].
[[2,8,0,1,1,1,2,3,1],9,5].
[[3,6,1,0,0,0,2,2,1],22,1].
[[3,8,1,1,2,0,2,3,2],27,7].
[[2,8,1,1,1,1,2,1,0],12,3].
[[2,7,0,1,2,1,2,3,2],5,7].
[[2,8,0,1,2,0,2,2,2],20,40].
[[2,3,2,0,0,0,2,2,2],20,0].
[[1,7,2,1,2,1,1,1,2],5,3].
[[3,7,1,1,2,1,1,1,1],8,7].
[[3,3,1,1,2,0,0,0,0],12,1].
[[2,8,0,1,2,0,2,2,1],4,5].
[[3,8,0,1,1,0,1,2,1],0,2].
[[3,5,0,0,0,0,1,2,0],30,0].
[[1,6,1,0,0,0,2,1,0],5,0].
[[3,3,1,0,0,0,2,1,0],1,0].
[[1,9,2,1,1,1,1,1,2],29,10].
[[2,1,1,1,2,0,1,1,0],1,0].
[[3,1,1,1,2,0,1,1,0],1,0].
[[3,7,2,1,1,0,2,3,2],1,3].
[[3,3,1,1,1,1,2,1,2],8,0].
[[3,7,1,1,1,1,2,1,0],6,2].
[[3,6,0,0,0,0,2,2,1],2,1].
[[2,2,0,0,0,0,0,0,0],1,1].
[[3,2,0,1,2,1,0,0,0],0,1].
[[2,6,0,1,2,1,2,3,2],4,6].
[[1,6,0,0,0,0,2,2,1],1,0].
[[2,6,0,1,2,1,2,2,1],4,0].
[[3,6,0,1,2,1,2,2,1],1,2].
[[3,4,1,1,2,0,2,1,1],9,1].
[[2,8,0,1,1,1,1,2,0],20,10].
[[2,6,1,0,0,0,2,3,1],36,0].
[[1,8,1,1,1,1,2,1,2],18,5].
[[3,6,0,0,0,0,1,1,0],2,3].
[[2,5,0,1,2,0,1,1,0],2,0].
[[3,5,0,1,2,0,1,1,0],9,1].
[[2,9,2,1,1,0,2,3,0],1,7].
[[3,9,2,1,1,0,2,1,0],0,4].
[[1,9,2,1,1,1,2,2,1],10,3].
[[1,8,1,1,1,1,1,1,2],6,1].
[[2,7,1,1,1,1,1,1,2],1,1].
[[3,5,0,1,1,1,1,2,2],6,0].
[[3,6,1,1,1,0,2,2,2],1,1].
[[2,5,0,1,1,1,1,1,0],8,1].
[[1,7,1,0,0,0,2,3,0],12,1].
[[3,7,2,1,1,1,2,3,0],4,0].
[[3,7,2,1,1,0,1,2,0],3,0].
[[3,3,0,1,2,1,2,3,2],0,1].
[[3,6,1,1,1,1,1,1,1],1,3].
[[1,6,1,0,0,0,2,2,0],9,1].
[[2,6,1,1,2,1,1,2,0],4,1].
[[3,6,1,1,2,1,1,1,0],9,1].
[[2,8,0,0,0,0,2,1,1],16,15].
[[3,8,0,0,0,0,2,1,1],2,12].
[[3,6,1,1,2,0,2,2,0],10,1].
[[2,2,1,0,0,0,0,0,0],4,0].
[[3,2,1,0,0,0,0,0,0],4,0].
[[3,6,0,0,0,0,2,2,2],7,12].
[[3,6,1,1,1,1,1,1,2],10,0].
[[3,8,0,1,2,0,2,3,2],7,18].
[[2,6,1,1,2,1,2,3,2],23,0].
[[3,6,1,1,1,1,2,3,2],8,0].
[[3,6,0,1,2,0,2,2,2],2,3].
[[1,7,2,0,0,0,2,1,0],6,0].
[[2,7,2,1,2,1,1,1,0],1,0].
[[3,7,2,1,2,1,1,1,0],7,1].
[[3,7,1,1,1,0,2,1,0],6,1].
[[2,6,1,1,2,1,2,3,1],27,2].
[[2,3,1,1,2,1,2,3,1],4,0].
[[2,8,1,1,1,0,2,2,1],2,0].
[[3,7,2,1,1,0,1,1,2],5,10].
[[3,6,0,0,0,0,2,1,0],8,3].
[[3,8,1,1,1,0,2,3,2],4,3].
[[2,6,0,1,2,1,2,2,2],8,2].
[[3,6,0,1,1,1,2,2,2],3,3].
[[3,9,2,1,2,0,0,0,0],0,3].
[[3,6,1,1,2,0,2,2,1],10,0].
[[3,7,1,1,1,1,1,1,2],29,11].
[[3,6,0,1,1,1,2,3,1],2,0].
[[1,6,1,0,0,0,2,2,1],17,0].
[[3,2,1,1,2,0,2,3,1],2,0].
[[3,7,0,0,0,0,2,3,2],4,6].
[[3,6,1,0,0,0,2,1,1],11,0].
[[2,7,1,1,1,1,2,1,2],6,3].
[[2,3,1,1,2,1,2,2,2],5,0].
[[1,8,1,1,1,1,1,2,1],6,4].
[[2,4,1,1,2,0,1,2,1],6,2].
[[1,6,0,0,0,0,2,3,2],1,1].
[[2,6,1,1,2,0,2,2,0],3,0].
[[3,6,1,1,2,0,1,2,0],6,1].
[[2,7,1,1,2,1,2,1,0],21,5].
[[2,5,0,1,2,0,2,1,0],4,0].
[[3,8,1,1,1,0,2,3,0],0,6].
[[2,7,0,0,0,0,2,3,0],10,4].
[[3,3,2,1,2,1,2,3,2],9,0].
[[3,7,1,1,1,0,1,2,2],10,3].
[[3,6,1,1,1,0,2,2,0],1,0].
[[3,8,0,1,2,0,1,2,1],5,0].
[[2,5,0,1,2,1,1,1,0],20,0].
[[3,9,2,1,1,0,1,2,1],2,3].
[[2,6,0,1,2,1,2,2,0],1,4].
[[2,4,1,1,2,0,2,2,1],9,0].
[[2,6,0,1,2,1,2,3,0],4,3].
[[1,8,0,1,2,1,2,1,1],3,0].
[[3,5,0,1,1,0,1,2,1],3,4].
[[2,7,1,1,2,0,2,2,1],6,4].
[[3,6,1,1,1,0,1,1,2],4,0].
[[1,7,1,1,2,1,2,1,0],2,0].
[[2,7,1,1,2,1,1,1,1],4,3].
[[1,8,0,0,0,0,2,1,1],10,8].
[[3,6,1,1,2,0,1,2,1],9,1].
[[3,7,0,1,1,1,1,1,0],3,3].
[[2,7,1,1,2,1,1,2,0],15,2].
[[3,3,1,1,2,1,1,2,0],5,0].
[[3,8,0,1,2,1,1,1,1],7,1].
[[2,5,0,1,1,1,1,2,0],3,0].
[[3,6,1,1,2,0,1,1,0],5,0].
[[1,7,1,0,0,0,1,2,1],2,0].
[[3,7,0,1,1,1,2,2,1],1,1].
[[1,6,1,0,0,0,2,3,1],28,0].
[[3,1,1,1,2,0,1,2,1],6,0].
[[1,7,1,1,2,1,2,3,0],4,0].
[[1,6,1,1,2,1,2,3,1],6,2].
[[1,7,1,1,2,1,2,3,2],3,0].
[[1,6,0,0,0,0,2,3,0],1,3].
[[3,3,1,1,2,1,2,1,1],3,1].
[[2,7,1,1,2,0,1,1,1],2,1].
[[1,8,1,1,2,0,2,2,1],16,6].
[[1,7,1,1,2,1,2,2,0],4,1].
[[2,5,0,1,2,0,1,1,1],2,1].
[[3,7,1,1,2,0,1,1,1],2,3].
[[2,6,0,1,2,1,1,1,2],2,2].
[[3,5,0,1,2,0,1,2,2],8,2].
[[2,7,0,1,2,1,2,2,1],1,0].
[[2,9,2,1,2,0,2,1,1],3,8].
[[3,9,2,1,2,0,2,1,1],1,7].
[[2,7,2,1,2,1,1,2,0],6,1].
[[3,8,1,1,1,0,2,3,1],18,14].
[[3,6,1,1,2,0,2,3,1],13,1].
[[1,9,2,0,0,0,1,1,1],3,0].
[[3,9,2,1,2,0,1,2,1],12,10].
[[3,4,1,1,2,0,2,3,0],44,0].
[[3,6,0,0,0,0,2,3,2],0,7].
[[3,7,2,1,2,0,2,3,0],5,1].
[[3,6,1,0,0,0,1,2,2],25,2].
[[3,6,0,1,2,1,0,0,0],4,20].
[[2,2,1,0,0,0,2,2,2],2,0].
[[3,2,1,0,0,0,2,2,2],4,0].
[[2,7,1,1,1,1,1,1,0],0,1].
[[3,6,0,0,0,0,2,3,0],9,15].
[[2,3,1,0,0,0,2,1,1],2,0].
[[3,3,1,0,0,0,2,1,1],3,0].
[[1,5,0,1,2,1,1,2,1],10,1].
[[2,7,1,1,2,0,2,3,0],8,1].
[[3,3,1,1,2,0,2,3,0],3,0].
[[1,8,0,1,2,1,1,2,1],0,2].
[[2,8,0,1,1,1,1,2,1],2,1].
[[1,9,2,1,2,1,1,1,1],1,2].
[[2,8,0,1,2,1,1,1,1],2,0].
[[2,4,1,1,2,0,2,3,0],15,0].
[[2,6,1,1,2,0,1,2,2],2,0].
[[2,7,1,1,1,1,0,0,0],13,4].
[[3,7,0,0,0,0,1,2,2],8,9].
[[3,3,1,0,0,0,1,1,2],5,1].
[[2,9,2,1,2,1,1,1,1],3,2].
[[3,9,2,1,2,1,1,1,1],2,1].
[[1,8,1,1,1,1,2,2,0],4,2].
[[2,7,2,1,1,0,2,1,2],2,1].
[[2,8,1,1,1,0,2,1,0],1,1].
[[1,5,0,1,1,1,2,3,0],4,0].
[[2,7,2,0,0,0,2,1,0],2,0].
[[2,7,0,0,0,0,2,2,0],7,2].
[[3,9,2,1,1,0,2,2,2],0,12].
[[1,2,1,0,0,0,0,0,0],3,0].
[[2,2,1,1,2,1,2,2,2],2,0].
[[3,2,1,1,2,1,2,2,2],4,0].
[[1,6,1,1,2,1,2,1,1],4,0].
[[3,6,1,1,2,1,2,1,1],11,0].
[[1,5,0,1,2,1,2,1,0],7,1].
[[3,6,0,1,1,1,2,2,0],2,2].
[[3,6,0,1,1,1,1,2,2],3,2].
[[2,7,1,1,2,0,2,3,1],12,6].
[[2,9,2,1,2,1,2,1,1],11,17].
[[3,3,1,0,0,0,2,2,0],6,0].
[[3,6,0,1,2,0,1,2,0],0,2].
[[2,9,2,0,0,0,1,1,1],1,2].
[[1,6,1,0,0,0,1,2,1],2,0].
[[2,3,1,1,2,1,1,2,1],1,0].
[[2,7,1,1,2,0,1,1,0],1,0].
[[3,7,1,1,1,0,1,1,0],1,1].
[[2,6,1,1,2,0,1,2,0],1,0].
[[3,5,0,0,0,0,1,1,1],10,0].
[[3,7,0,0,0,0,2,2,1],2,3].
[[3,7,2,1,2,0,1,1,0],5,2].
[[3,3,0,1,2,1,2,1,0],0,1].
[[3,3,1,0,0,0,2,3,1],8,0].
[[2,6,1,1,1,1,2,3,2],4,0].
[[3,3,2,1,1,1,2,3,2],5,0].
[[2,7,0,1,2,1,2,3,0],7,8].
[[2,7,0,1,2,1,1,2,0],2,1].
[[3,7,0,1,1,1,1,2,0],8,1].
[[3,6,0,1,2,0,2,3,1],2,0].
[[3,7,0,1,2,0,2,2,0],5,5].
[[3,8,0,1,2,1,2,1,1],5,12].
[[3,7,1,1,1,0,1,2,1],0,5].
[[1,8,1,1,2,0,2,1,0],10,0].
[[2,5,0,1,2,1,1,2,2],7,0].
[[2,7,2,1,2,1,2,3,0],2,1].
[[2,6,0,1,2,1,1,2,2],3,2].
[[2,7,1,1,2,0,2,1,0],8,1].
[[2,4,1,1,2,0,1,1,0],5,1].
[[2,8,1,1,1,0,1,1,0],1,2].
[[2,7,1,1,2,0,1,2,0],2,0].
[[2,3,1,0,0,0,1,2,2],1,0].
[[2,6,0,0,0,0,2,1,2],9,5].
[[1,6,0,0,0,0,2,2,0],1,0].
[[3,3,1,0,0,0,1,2,1],5,1].
[[3,6,0,1,1,1,1,1,0],1,0].
[[2,7,2,1,2,0,2,3,0],3,0].
[[1,9,2,1,1,1,2,1,1],2,0].
[[3,3,1,1,2,1,2,2,0],7,0].
[[2,3,2,1,2,1,2,2,2],6,0].
[[2,6,1,1,2,0,2,3,1],6,0].
[[2,3,1,0,0,0,2,2,0],1,0].
[[3,3,1,0,0,0,2,3,0],8,0].
[[2,6,1,1,2,1,1,1,0],1,0].
[[3,6,1,1,1,1,1,1,0],3,0].
[[1,5,0,1,1,1,1,2,1],2,0].
[[1,6,1,1,2,1,1,2,1],2,0].
[[2,6,1,1,1,1,1,2,1],1,2].
[[3,3,2,1,1,1,1,1,2],3,0].
[[3,3,0,1,2,1,1,2,2],0,1].
[[2,9,2,1,1,0,1,2,2],1,11].
[[2,6,1,1,2,1,1,2,1],9,0].
[[3,6,1,1,1,1,1,2,2],10,2].
[[3,9,2,0,0,0,2,3,1],3,15].
[[3,3,2,1,2,1,1,2,2],15,0].
[[3,6,1,1,1,0,1,2,0],2,1].
[[1,5,0,0,0,0,1,2,0],5,0].
[[2,7,1,1,1,1,1,2,2],4,1].
[[3,7,0,1,1,1,2,3,2],2,4].
[[2,9,2,1,1,0,2,1,0],0,3].
[[3,8,0,1,1,0,2,1,0],0,4].
[[2,6,1,0,0,0,1,2,0],5,2].
[[1,8,1,1,2,0,1,2,0],2,2].
[[2,6,1,1,2,1,2,1,0],7,0].
[[2,7,0,1,2,1,2,2,0],5,1].
[[3,6,0,1,2,1,2,3,1],7,4].
[[3,7,1,1,1,0,1,1,1],0,1].
[[1,8,1,1,2,0,1,1,0],1,1].
[[3,6,1,1,1,0,1,1,0],0,1].
[[3,8,0,1,1,0,2,3,1],1,1].
[[3,9,2,1,1,1,0,0,0],0,6].
[[3,2,1,1,2,0,2,2,1],4,0].
[[2,7,0,0,0,0,1,2,2],1,2].
[[2,9,2,1,1,0,1,1,0],1,3].
[[2,7,2,1,1,0,1,2,2],1,3].
[[3,8,1,1,1,0,0,0,0],0,1].
[[3,6,1,0,0,0,0,0,0],7,1].
[[1,6,1,0,0,0,1,1,1],1,0].
[[2,6,1,1,2,1,1,1,1],1,0].
[[2,7,0,1,2,1,2,3,1],2,0].
[[3,3,1,0,0,0,1,2,0],1,0].
[[2,6,1,1,2,1,2,2,0],13,0].
[[3,9,2,0,0,0,2,3,2],0,5].
[[1,7,1,1,2,1,2,2,1],4,0].
[[3,6,0,1,2,0,2,1,2],2,1].
[[3,7,0,1,2,0,2,3,2],3,6].
[[1,8,1,1,2,0,2,1,1],5,4].
[[2,7,1,1,1,1,2,3,0],4,1].
[[3,6,1,1,2,0,2,1,1],6,1].
[[3,9,2,0,0,0,0,0,0],0,4].
[[3,9,2,1,1,1,2,1,1],2,9].
[[2,8,1,1,1,0,2,1,1],2,4].
[[1,8,0,1,2,1,1,1,0],2,3].
[[3,6,0,1,2,0,2,2,0],1,4].
[[1,8,1,1,1,1,2,3,2],10,1].
[[3,7,1,1,1,0,2,3,1],3,4].
[[1,8,1,1,2,1,1,1,1],3,1].
[[2,8,1,1,1,1,1,1,1],1,4].
[[2,3,2,1,2,1,2,3,2],3,0].
[[2,9,2,1,1,0,2,2,0],1,7].
[[3,2,1,1,2,1,2,3,2],1,0].
[[3,3,2,1,2,1,2,2,0],1,0].
[[3,3,1,1,1,1,2,2,2],9,0].
[[3,3,2,0,0,0,2,3,0],2,0].
[[2,7,2,0,0,0,1,1,0],2,1].
[[3,7,0,1,2,1,2,1,1],1,1].
[[2,6,1,0,0,0,1,1,0],4,0].
[[3,6,1,0,0,0,1,1,0],6,1].
[[3,6,0,1,1,1,1,2,0],1,0].
[[3,3,2,1,2,0,1,2,0],1,0].
[[3,3,1,1,1,1,2,3,2],2,0].
[[3,7,2,1,2,0,0,0,0],14,1].
[[3,4,0,1,2,0,2,1,1],0,1].
[[3,6,0,1,2,0,2,2,1],1,0].
[[2,7,2,0,0,0,1,2,0],5,0].
[[2,7,1,1,1,1,2,2,0],5,0].
[[3,7,0,1,2,0,1,1,0],2,1].
[[2,7,1,1,1,1,2,3,2],5,1].
[[2,3,2,1,2,0,0,0,0],5,0].
[[3,6,0,1,1,1,2,3,0],3,4].
[[3,3,2,0,0,0,2,2,0],1,0].
[[3,6,1,1,1,1,2,3,0],7,0].
[[3,6,1,1,1,0,2,3,1],1,0].
[[2,6,1,1,2,0,2,2,1],5,1].
[[2,7,2,1,2,1,2,2,0],4,0].
[[2,7,2,1,1,0,2,2,2],5,0].
[[3,3,2,1,1,0,2,2,2],4,0].
[[3,9,2,1,1,0,2,1,1],1,3].
[[2,8,0,1,1,1,2,1,1],1,1].
[[3,8,1,1,1,1,1,1,1],3,3].
[[3,8,1,1,1,1,0,0,0],1,3].
[[2,7,1,1,2,1,1,1,0],3,3].
[[2,4,1,1,2,0,0,0,0],3,0].
[[2,6,1,1,1,1,1,1,2],2,0].
[[2,6,1,1,1,1,2,2,2],3,1].
[[3,8,1,1,1,0,1,1,1],1,3].
[[1,8,0,1,2,1,1,1,1],1,0].
[[2,6,0,1,2,1,2,1,0],1,1].
[[3,5,0,1,1,0,1,2,0],4,1].
[[1,6,0,0,0,0,2,2,2],1,2].
[[2,6,0,0,0,0,1,1,0],1,2].
[[3,6,0,1,2,0,1,1,0],0,1].
[[3,2,0,0,0,0,0,0,0],1,1].
[[3,6,1,1,1,1,0,0,0],4,1].
[[2,9,2,1,1,0,2,1,1],0,1].
[[3,6,0,1,1,1,2,1,0],2,2].
[[2,7,2,1,2,0,1,1,0],1,1].
[[2,6,1,1,1,1,2,3,0],1,0].
[[2,2,1,1,2,1,2,3,1],1,0].
[[3,2,1,1,1,1,2,3,1],1,0].
[[2,6,0,0,0,0,1,1,2],3,1].
[[3,6,0,1,2,0,1,1,2],2,0].
[[3,3,1,1,1,1,2,3,1],4,0].
[[3,8,0,1,2,0,2,1,1],2,5].
[[3,4,0,1,2,0,2,1,2],0,1].
[[2,5,0,1,2,0,1,2,2],1,1].
[[2,6,1,1,1,1,2,2,0],1,1].
[[3,3,1,1,1,1,2,2,0],2,0].
[[3,7,2,1,1,0,1,1,0],3,1].
[[3,7,0,1,2,0,2,3,1],1,0].
[[3,8,1,1,2,0,0,0,0],0,3].
[[3,6,0,1,1,1,2,2,1],1,0].
[[2,7,1,1,1,1,2,2,1],6,0].
[[3,6,1,1,2,1,1,1,1],3,0].
[[3,8,0,1,1,0,1,1,0],1,6].
[[1,6,1,1,2,1,2,1,2],8,0].
[[3,3,1,1,2,0,1,2,1],0,1].
[[1,5,0,1,2,0,1,2,0],1,0].
[[3,6,1,1,2,0,2,3,0],4,0].
[[3,1,1,1,2,0,1,1,2],5,0].
[[2,3,2,1,2,1,1,1,2],1,0].
[[3,7,2,1,1,0,2,2,0],1,0].
[[2,1,1,1,2,0,1,1,2],1,0].
[[1,6,1,1,2,1,2,3,2],4,0].
[[1,7,1,0,0,0,1,1,1],1,0].
[[2,3,1,0,0,0,1,1,1],1,0].
[[2,3,1,1,2,1,2,2,1],1,0].
[[2,3,1,0,0,0,2,2,1],5,0].
[[3,9,2,1,1,1,1,1,1],1,0].
[[2,3,1,0,0,0,2,3,1],1,0].
[[2,7,0,1,2,1,1,2,2],2,0].
[[1,8,1,1,1,1,2,1,1],3,2].
[[3,7,1,1,1,0,1,1,2],1,2].
[[2,7,0,0,0,0,2,1,0],4,1].
[[2,7,2,1,1,0,1,1,2],0,2].
[[2,7,2,1,1,1,1,1,0],1,1].
[[3,7,2,1,1,1,1,1,0],4,2].
[[3,7,2,1,1,0,0,0,0],1,2].
[[1,9,2,1,1,1,1,2,1],2,0].
[[2,7,2,1,1,1,2,1,0],2,0].
[[3,3,1,1,1,1,1,2,2],1,0].
[[1,9,2,1,2,0,1,2,1],1,2].
[[3,7,0,1,2,0,1,2,0],1,2].
[[3,7,0,0,0,0,2,1,1],0,1].
[[3,3,2,1,2,1,1,2,0],1,0].
[[3,7,1,1,1,0,2,2,1],1,3].
[[3,8,0,1,1,0,2,2,1],1,2].
[[3,6,0,1,1,1,1,1,2],2,1].
[[3,2,1,1,2,1,0,0,0],3,0].
[[2,7,2,0,0,0,2,2,0],5,0].
[[2,6,1,0,0,0,1,1,1],1,0].
[[3,6,1,0,0,0,1,1,1],2,0].
[[3,7,2,1,1,1,2,1,0],2,1].
[[2,6,1,1,2,0,2,3,0],2,0].
[[1,8,0,0,0,0,1,1,1],1,1].
[[2,8,0,0,0,0,1,1,1],2,0].
[[3,2,1,1,2,0,2,1,2],1,0].
[[2,7,2,1,1,0,2,3,2],0,2].
[[2,9,2,1,1,0,2,2,1],0,1].
[[1,9,2,1,2,0,2,1,1],1,4].
[[2,2,1,0,0,0,2,1,2],1,0].
[[3,2,1,1,2,1,2,1,2],4,0].
[[3,6,1,1,1,1,2,1,1],1,0].
[[3,4,0,1,2,0,1,1,0],0,1].
[[3,4,0,1,2,0,1,1,2],0,2].
[[3,9,2,1,2,0,1,1,1],0,1].
[[2,5,0,1,1,1,2,1,0],2,0].
[[3,6,0,1,1,1,2,1,1],1,0].
[[2,6,1,1,1,1,2,3,1],3,0].
[[3,7,0,1,2,1,1,2,1],1,1].
[[2,3,2,0,0,0,1,1,2],7,0].
[[3,3,1,0,0,0,1,1,0],1,0].
[[2,7,0,0,0,0,1,1,0],0,1].
[[2,7,2,1,2,0,2,2,0],1,0].
[[1,6,1,1,2,1,2,2,0],1,0].
[[2,3,1,1,2,1,2,2,0],1,0].
[[1,7,2,1,2,0,2,1,0],1,0].
[[2,2,1,1,2,1,0,0,0],1,0].
[[2,2,1,1,2,1,2,1,2],1,0].
[[3,2,1,1,1,1,2,1,2],1,0].
[[2,3,2,1,2,0,2,3,2],1,0].
[[3,6,1,1,1,0,1,2,2],1,0].
[[2,7,0,1,2,1,1,1,0],1,1].
[[3,3,2,1,1,0,2,1,2],2,0].
[[2,6,1,1,2,0,1,1,0],1,0].
[[3,3,2,1,2,0,1,1,0],1,0].
[[3,6,0,1,2,0,2,1,0],0,3].
[[2,8,0,1,2,0,1,2,1],1,1].
[[3,6,0,1,2,0,1,2,1],0,1].
[[2,4,1,1,2,0,2,1,1],2,0].
[[3,3,1,1,1,1,2,3,0],1,0].
[[3,3,1,1,1,1,2,2,1],2,0].
[[3,7,0,0,0,0,1,2,1],1,2].
[[3,7,1,1,1,0,0,0,0],1,2].
[[3,2,1,0,0,0,2,2,1],1,0].
[[2,1,1,1,2,0,1,2,1],3,0].
[[2,7,0,0,0,0,2,1,1],1,0].
[[3,7,0,0,0,0,1,1,1],1,0].
[[2,2,1,1,2,1,2,1,1],1,0].
[[3,2,1,1,2,1,1,2,1],2,0].
[[3,3,0,1,2,1,0,0,0],0,1].
[[3,8,1,1,1,0,2,1,0],0,1].
[[1,8,1,1,1,1,1,1,1],1,1].
[[3,6,0,1,1,1,2,3,2],0,1].
[[3,3,2,1,2,0,2,1,0],2,0].
[[1,3,2,0,0,0,1,1,2],1,0].
[[3,3,0,0,0,0,0,0,0],0,2].
[[3,3,2,0,0,0,1,2,0],1,0].
[[2,5,0,1,1,0,1,1,0],0,1].
[[3,5,0,1,1,0,1,1,0],0,3].
[[1,7,1,1,2,1,1,2,2],1,0].
[[3,6,1,1,1,0,2,3,2],0,1].
[[3,2,1,1,2,1,1,2,0],1,0].
[[2,6,1,1,2,0,2,1,1],1,0].
[[3,3,1,1,2,0,2,1,1],2,0].
[[1,7,2,1,2,0,1,1,2],1,1].
[[1,5,0,1,2,1,1,1,0],2,0].
[[2,7,0,0,0,0,1,1,2],2,0].
[[3,3,1,1,1,1,1,1,2],1,0].
[[3,4,1,1,2,0,1,1,1],2,0].
[[2,9,2,1,1,0,2,3,1],0,1].
[[1,6,1,0,0,0,1,2,2],3,0].
[[2,6,1,1,2,0,2,1,0],1,0].
[[1,6,1,1,2,1,2,3,0],1,0].
[[1,7,2,1,2,0,1,2,2],1,0].
[[2,7,0,1,2,1,1,1,2],2,1].
[[1,6,1,0,0,0,1,1,2],0,1].
[[1,3,2,0,0,0,2,3,2],2,0].
[[2,2,1,0,0,0,2,3,2],1,0].
[[3,7,0,1,2,0,1,2,1],1,0].
[[3,9,2,1,1,0,2,3,1],0,1].
[[3,3,2,1,1,1,1,2,2],4,0].
[[2,6,0,0,0,0,1,2,0],1,0].
[[3,4,0,1,2,0,1,2,2],0,3].
[[3,6,1,1,1,0,2,3,0],2,1].
[[3,6,0,1,1,1,1,2,1],1,0].
[[1,8,1,1,1,1,1,1,0],1,0].
[[2,6,1,1,1,1,1,1,0],1,0].
[[1,7,2,1,2,1,2,1,0],1,0].
[[1,8,1,1,1,1,2,1,0],1,0].
[[2,6,1,1,1,1,2,1,0],1,0].
[[3,3,1,1,1,1,2,1,0],1,0].
[[3,2,0,1,2,1,2,3,0],0,1].
[[2,6,0,1,2,1,2,3,1],2,0].
[[3,3,1,1,2,1,1,1,1],2,0].
[[2,8,0,1,2,0,2,1,1],0,1].
[[3,8,0,1,1,0,2,1,1],0,1].
[[3,6,0,1,2,1,1,2,1],1,1].
[[2,7,1,0,0,0,1,1,1],1,1].
[[1,5,0,1,2,0,2,1,0],1,0].
[[3,5,0,1,1,0,2,1,0],1,0].
[[1,5,0,1,2,1,1,1,1],1,0].
[[3,3,1,1,1,1,2,1,1],1,0].
[[3,4,0,1,2,0,2,2,2],0,1].
[[1,9,2,1,2,0,1,1,1],1,0].
[[2,8,0,1,2,0,1,1,1],1,0].
[[2,7,2,1,1,0,0,0,0],1,0].
[[2,8,1,1,1,0,1,2,1],1,2].
[[1,5,0,1,2,0,1,2,1],0,1].
[[2,7,1,1,1,1,1,2,1],1,0].
[[3,3,1,1,2,0,2,3,1],1,0].
[[3,6,0,1,1,1,1,1,1],1,0].
[[2,6,1,1,1,1,1,2,2],1,0].
[[2,7,2,1,2,0,1,2,0],1,0].
[[3,3,2,1,1,0,0,0,0],1,0].
[[1,7,1,1,2,1,1,2,1],1,0].
[[3,2,1,0,0,0,1,1,2],1,0].
[[1,7,2,1,2,1,2,3,0],0,1].
