total_WL(4459,7161).
[[1,9,2,1,2,2,2,1,0],42,130].
[[2,9,1,1,2,2,2,1,0],15,97].
[[3,8,0,1,1,2,2,1,0],0,55].
[[1,8,1,0,0,0,2,2,2],92,65].
[[2,8,1,0,0,0,1,2,2],65,39].
[[3,6,1,0,0,0,1,2,2],10,1].
[[1,9,2,1,2,2,1,2,2],70,174].
[[2,8,0,1,2,2,1,2,2],17,79].
[[3,8,0,1,2,2,1,2,2],1,147].
[[1,8,0,0,0,0,2,2,2],10,54].
[[2,7,1,0,0,0,2,2,2],19,7].
[[3,7,1,1,2,2,1,2,2],58,24].
[[1,8,1,1,2,2,2,2,1],45,24].
[[2,7,1,1,2,2,2,2,1],20,10].
[[3,7,0,1,2,2,2,2,1],0,8].
[[1,9,2,0,0,0,1,2,1],26,52].
[[2,9,1,0,0,0,1,2,0],4,59].
[[3,9,0,0,0,0,1,2,0],0,13].
[[2,8,1,1,2,2,1,2,2],71,53].
[[3,8,1,1,1,2,1,2,2],48,39].
[[1,8,1,1,2,2,2,3,2],85,50].
[[2,8,1,1,1,2,2,3,2],34,18].
[[3,8,1,1,1,2,2,2,0],26,34].
[[1,9,2,1,2,2,2,3,2],47,195].
[[2,9,2,1,1,2,2,2,0],11,28].
[[3,9,1,1,1,2,1,2,2],4,94].
[[2,8,1,1,1,2,2,2,0],22,11].
[[3,4,2,1,2,0,2,2,0],79,7].
[[1,9,2,0,0,0,2,2,0],67,219].
[[2,8,1,0,0,0,1,2,1],58,30].
[[3,7,2,0,0,0,1,2,1],13,1].
[[1,9,2,0,0,0,2,2,2],36,136].
[[3,8,1,1,2,2,2,1,0],36,36].
[[1,8,1,1,2,2,2,3,1],82,46].
[[2,7,1,1,2,2,2,3,1],32,14].
[[3,7,1,1,2,2,1,2,1],45,21].
[[1,9,2,1,2,2,2,3,0],107,367].
[[2,9,1,1,2,2,2,3,0],22,205].
[[3,8,0,1,2,2,2,3,0],3,222].
[[1,6,1,0,0,0,0,0,0],57,3].
[[2,6,1,0,0,0,2,3,1],10,0].
[[3,3,2,1,2,0,2,3,1],5,0].
[[1,8,1,0,0,0,2,3,1],126,83].
[[2,7,2,0,0,0,1,1,2],7,3].
[[3,7,1,0,0,0,1,1,2],3,1].
[[1,8,1,0,0,0,0,0,0],167,231].
[[2,8,1,1,2,0,2,3,2],18,20].
[[3,7,2,1,1,0,2,3,2],2,5].
[[1,8,0,1,2,2,2,3,1],8,38].
[[2,8,0,1,2,2,2,3,1],11,76].
[[3,7,1,1,2,2,2,3,1],40,36].
[[2,8,1,1,2,2,2,1,0],35,33].
[[3,8,1,1,2,2,1,2,0],62,56].
[[1,8,1,1,2,2,0,0,0],164,132].
[[2,7,2,1,2,2,0,0,0],19,5].
[[3,7,1,1,2,2,0,0,0],13,23].
[[2,9,1,1,2,0,1,2,2],6,12].
[[3,9,1,1,2,0,1,2,2],2,32].
[[1,9,2,1,2,2,1,2,1],21,54].
[[2,8,1,1,2,2,1,2,1],56,33].
[[1,8,0,1,1,2,0,0,0],33,37].
[[2,4,2,1,2,0,2,2,1],18,0].
[[3,4,2,1,2,0,2,2,1],16,0].
[[1,9,2,1,1,2,2,2,2],26,41].
[[2,8,1,1,1,2,2,2,2],19,14].
[[3,8,1,1,1,2,1,1,2],2,10].
[[1,9,2,0,0,0,1,2,2],77,127].
[[2,9,1,1,2,2,2,2,0],21,159].
[[3,9,1,1,1,2,1,2,0],2,115].
[[1,8,1,1,2,2,1,1,1],5,13].
[[2,8,1,1,2,2,1,1,0],10,17].
[[3,7,1,1,2,2,1,1,0],7,5].
[[1,8,1,1,1,2,2,3,1],19,6].
[[2,8,1,1,1,2,2,3,1],47,14].
[[3,4,2,1,2,0,2,3,1],32,4].
[[2,8,0,0,0,0,2,2,0],5,55].
[[3,8,0,1,2,2,2,2,0],4,175].
[[2,8,1,1,2,2,2,2,2],47,63].
[[3,8,1,1,2,2,1,2,2],83,88].
[[2,9,2,1,2,2,2,3,0],18,109].
[[3,9,1,1,2,2,1,2,0],3,145].
[[1,9,2,0,0,0,2,3,0],72,322].
[[3,9,1,1,2,0,1,2,0],1,52].
[[1,7,1,0,0,0,2,3,1],3,0].
[[2,7,1,1,2,0,2,3,0],4,1].
[[2,8,1,1,2,2,2,2,1],42,49].
[[3,8,1,1,1,2,2,2,1],3,14].
[[1,8,1,1,2,2,2,2,2],93,58].
[[2,8,1,1,2,2,2,3,1],73,75].
[[3,8,1,1,1,2,2,3,0],28,44].
[[2,5,0,1,2,0,1,1,2],6,2].
[[3,5,0,1,2,0,1,1,1],20,6].
[[1,9,2,1,2,2,2,3,1],47,170].
[[3,8,1,1,2,2,2,3,0],53,93].
[[1,9,2,0,0,0,0,0,0],39,281].
[[2,8,1,0,0,0,0,0,0],19,35].
[[3,8,1,0,0,0,2,1,1],0,4].
[[1,9,2,1,2,2,1,2,0],33,94].
[[2,9,1,1,2,2,1,2,0],25,148].
[[3,8,0,1,2,2,1,2,0],2,149].
[[2,7,1,1,2,2,2,3,2],29,14].
[[3,7,1,1,2,2,2,3,2],46,31].
[[1,9,2,0,0,0,1,2,0],22,82].
[[1,8,0,0,0,0,0,0,0],29,168].
[[2,8,0,1,2,0,2,3,0],3,32].
[[3,6,0,1,2,2,2,3,0],0,15].
[[2,8,1,1,1,2,2,1,1],13,7].
[[3,7,1,1,1,2,2,1,1],9,9].
[[3,9,1,1,2,2,1,2,2],3,137].
[[2,9,1,0,0,0,2,3,0],11,90].
[[1,8,1,1,2,0,2,3,0],7,3].
[[2,8,1,1,1,0,1,2,0],1,3].
[[3,7,2,1,1,0,1,2,0],2,0].
[[2,5,0,0,0,0,2,2,0],8,0].
[[3,5,0,0,0,0,2,3,0],2,0].
[[1,9,2,1,2,2,2,2,0],72,229].
[[2,9,2,1,1,2,2,3,0],14,40].
[[3,9,1,1,1,2,2,3,0],4,89].
[[1,9,2,1,2,0,2,2,0],4,34].
[[2,8,1,1,2,0,2,2,0],14,22].
[[3,8,1,1,2,0,2,2,0],29,29].
[[1,9,2,0,0,0,2,3,2],38,188].
[[2,9,2,0,0,0,2,2,0],6,42].
[[2,8,1,0,0,0,2,3,2],61,39].
[[1,7,1,0,0,0,0,0,0],35,21].
[[2,7,1,0,0,0,2,3,1],14,11].
[[3,7,1,1,2,0,2,3,1],12,8].
[[1,8,1,0,0,0,2,3,2],133,85].
[[2,6,1,0,0,0,2,3,2],21,0].
[[3,3,1,0,0,0,2,3,2],3,0].
[[1,8,1,1,2,2,1,2,2],35,21].
[[2,8,1,1,1,2,1,2,2],34,11].
[[1,9,2,1,1,2,2,2,0],53,44].
[[2,9,1,1,1,2,1,1,0],9,37].
[[3,4,2,1,2,0,1,1,0],45,3].
[[2,8,0,1,1,2,2,2,2],12,26].
[[3,8,0,1,1,2,2,3,0],6,148].
[[3,5,0,1,2,2,1,2,0],53,2].
[[2,8,0,1,2,0,2,2,2],2,8].
[[3,8,0,1,2,2,2,1,0],1,88].
[[1,9,2,0,0,0,2,2,1],18,86].
[[2,8,0,1,2,2,2,2,1],8,48].
[[3,8,0,1,2,2,2,2,1],0,38].
[[2,3,1,1,2,2,0,0,0],8,1].
[[3,3,1,1,2,2,2,2,2],8,0].
[[2,9,2,1,2,2,1,2,2],29,144].
[[1,9,2,1,2,2,0,0,0],71,266].
[[2,8,0,1,2,2,0,0,0],9,118].
[[3,8,0,1,1,2,2,2,0],0,107].
[[2,8,1,1,2,2,1,1,2],15,15].
[[3,7,1,1,1,2,1,1,2],5,6].
[[1,8,1,0,0,0,1,2,1],36,22].
[[3,7,2,1,2,0,1,1,2],3,1].
[[2,8,1,0,0,0,2,2,2],33,37].
[[3,8,1,1,2,0,1,1,2],13,7].
[[1,8,1,1,2,2,2,3,0],46,29].
[[2,7,1,1,1,2,2,3,0],3,2].
[[3,7,1,1,1,2,2,3,0],14,19].
[[3,8,1,1,2,2,1,1,1],30,39].
[[1,8,1,1,2,2,2,2,0],44,16].
[[2,7,1,1,1,2,2,2,0],2,1].
[[2,9,1,1,2,0,2,2,0],2,33].
[[3,8,1,1,2,0,1,1,1],10,20].
[[2,8,0,1,2,2,2,2,2],10,70].
[[2,9,2,1,2,0,1,2,2],8,24].
[[3,8,0,1,2,0,1,2,2],1,33].
[[1,8,1,0,0,0,2,2,1],70,46].
[[3,8,1,1,2,2,1,2,1],70,76].
[[2,9,1,0,0,0,2,2,0],14,73].
[[1,9,2,0,0,0,1,1,2],22,26].
[[2,8,1,0,0,0,1,1,2],12,7].
[[3,8,1,0,0,0,1,1,2],2,4].
[[1,5,0,1,2,2,1,1,1],10,1].
[[2,5,0,1,2,2,1,1,1],37,5].
[[3,5,0,1,2,2,1,1,1],66,9].
[[1,9,2,1,1,2,2,3,1],36,27].
[[2,8,0,1,1,2,2,3,1],20,25].
[[3,8,0,1,1,2,1,2,1],2,57].
[[2,8,0,1,2,2,1,2,1],3,31].
[[3,8,1,1,1,2,2,3,2],12,6].
[[2,8,0,0,0,0,0,0,0],3,69].
[[3,8,0,0,0,0,2,2,0],0,30].
[[1,9,2,1,1,2,0,0,0],44,63].
[[2,4,2,1,2,0,2,3,2],19,2].
[[3,4,2,1,2,0,1,2,2],99,8].
[[2,8,1,1,2,0,2,3,1],18,27].
[[3,8,1,1,1,0,2,2,0],5,14].
[[3,7,1,1,2,0,2,2,2],14,2].
[[1,8,0,1,1,2,2,3,0],9,15].
[[2,8,0,1,1,2,1,2,0],4,19].
[[3,7,1,1,1,2,1,2,0],11,3].
[[2,8,1,0,0,0,2,3,1],52,35].
[[3,8,1,0,0,0,2,3,1],5,7].
[[2,9,2,1,1,2,1,2,2],29,58].
[[1,8,0,1,2,2,0,0,0],73,233].
[[2,7,1,1,2,2,2,1,1],7,7].
[[2,8,1,1,2,0,1,1,1],5,11].
[[2,8,1,1,2,0,2,3,0],26,18].
[[3,8,1,1,1,0,1,2,0],6,8].
[[2,9,2,1,2,0,1,2,0],2,14].
[[2,7,1,1,2,2,2,2,2],32,20].
[[3,7,1,1,1,2,2,2,2],18,9].
[[2,9,1,1,2,2,1,2,1],14,76].
[[3,9,0,1,2,2,1,2,0],0,44].
[[2,8,0,1,2,2,2,3,0],22,154].
[[1,8,1,0,0,0,1,1,2],10,5].
[[2,7,1,0,0,0,1,1,2],1,0].
[[1,9,2,1,2,2,2,1,1],13,41].
[[2,8,1,1,2,2,2,1,1],28,30].
[[3,8,1,1,1,2,1,2,1],38,45].
[[2,9,1,0,0,0,1,2,1],6,33].
[[1,9,2,1,2,0,2,2,1],3,15].
[[2,9,1,1,2,0,2,3,0],4,50].
[[3,9,1,1,2,0,1,2,1],2,33].
[[2,7,2,0,0,0,2,3,2],25,5].
[[3,7,2,1,2,0,2,3,2],14,4].
[[3,7,1,0,0,0,2,2,2],11,11].
[[1,9,2,1,2,2,2,2,2],44,179].
[[3,9,1,1,2,2,2,1,0],0,56].
[[1,9,2,1,2,0,2,1,0],3,7].
[[2,9,2,1,1,0,1,1,0],0,1].
[[3,8,0,1,1,0,1,1,0],0,3].
[[2,7,2,1,2,2,2,2,2],12,4].
[[3,3,2,1,2,2,2,2,2],3,0].
[[1,8,1,0,0,0,2,2,0],60,28].
[[2,8,1,1,2,2,2,2,0],69,48].
[[3,8,1,1,2,2,2,2,0],49,84].
[[1,8,0,1,2,2,2,3,2],20,70].
[[3,7,1,1,1,2,2,2,1],12,10].
[[2,4,2,1,2,0,0,0,0],15,6].
[[3,4,2,1,2,0,0,0,0],7,6].
[[2,7,2,0,0,0,1,2,1],8,3].
[[3,7,2,1,2,0,1,2,1],14,2].
[[2,5,0,1,2,2,1,2,0],19,1].
[[2,5,0,1,2,2,1,2,1],14,1].
[[3,5,0,1,1,2,1,2,1],26,0].
[[2,6,1,1,2,2,0,0,0],28,2].
[[3,6,1,1,1,2,2,3,1],8,0].
[[2,9,1,1,2,0,1,1,0],3,12].
[[3,8,1,1,2,0,1,1,0],8,9].
[[1,9,2,1,1,2,2,3,0],62,80].
[[2,9,1,1,1,2,2,3,0],35,83].
[[3,9,0,1,1,2,2,3,0],0,2].
[[1,8,0,0,0,0,2,1,0],4,9].
[[2,8,0,0,0,0,2,1,0],3,18].
[[3,7,1,0,0,0,1,1,1],4,4].
[[2,8,1,1,2,0,1,2,0],9,8].
[[1,8,1,0,0,0,1,2,2],46,31].
[[2,8,1,1,2,0,1,2,2],26,20].
[[3,8,1,1,2,0,1,2,2],35,32].
[[1,8,0,1,2,2,1,1,2],2,6].
[[2,8,0,1,2,2,1,1,2],4,10].
[[3,6,0,1,2,2,1,1,2],0,2].
[[1,9,2,0,0,0,2,1,0],22,105].
[[2,8,0,1,2,2,2,1,0],6,61].
[[1,6,1,0,0,0,2,2,2],7,1].
[[2,3,2,0,0,0,2,2,2],7,0].
[[3,3,2,0,0,0,1,2,2],5,0].
[[2,6,1,0,0,0,2,2,0],4,0].
[[3,6,1,1,2,2,1,1,0],2,0].
[[2,9,1,1,2,0,1,2,0],5,36].
[[2,8,0,1,2,2,1,2,0],9,59].
[[1,9,2,0,0,0,2,1,1],8,28].
[[2,8,0,0,0,0,2,1,1],2,11].
[[3,8,0,1,2,2,2,1,1],0,16].
[[1,8,0,1,1,2,2,2,2],17,8].
[[2,6,0,1,1,2,2,2,2],2,2].
[[3,6,0,1,1,2,2,3,1],0,2].
[[2,8,0,1,2,2,2,2,0],18,125].
[[3,7,2,0,0,0,2,3,2],11,1].
[[2,4,2,1,2,0,2,3,0],69,4].
[[3,4,2,1,2,0,1,2,0],126,11].
[[2,7,2,1,2,2,2,3,2],22,2].
[[3,7,2,1,2,2,2,3,2],25,3].
[[2,9,2,0,0,0,2,3,1],1,10].
[[3,9,1,0,0,0,1,2,2],0,29].
[[2,9,1,1,2,2,1,1,0],2,49].
[[3,9,0,1,2,2,1,1,0],0,27].
[[3,5,0,1,2,2,2,2,0],18,0].
[[2,8,1,1,2,2,2,3,0],82,73].
[[3,8,0,1,1,2,2,3,1],2,25].
[[1,6,1,1,2,2,0,0,0],22,0].
[[3,6,1,1,2,2,0,0,0],6,1].
[[2,8,0,1,2,2,2,3,2],10,87].
[[2,9,1,1,1,2,2,3,1],7,15].
[[2,7,2,0,0,0,1,2,2],10,7].
[[3,7,2,1,2,0,1,2,2],31,10].
[[2,9,2,1,2,0,2,2,0],2,37].
[[3,9,1,1,2,0,2,2,0],0,32].
[[3,8,1,1,2,2,2,3,1],16,36].
[[3,7,1,1,2,2,2,2,2],42,27].
[[1,8,1,1,1,2,0,0,0],26,16].
[[3,4,2,1,2,0,2,1,0],48,2].
[[1,9,2,0,0,0,2,3,1],34,147].
[[2,8,0,0,0,0,2,3,1],2,38].
[[1,7,1,0,0,0,2,2,2],11,2].
[[2,7,1,1,2,2,1,2,2],21,5].
[[2,5,0,1,1,2,1,1,1],18,0].
[[3,4,2,1,2,0,1,1,1],32,0].
[[2,8,1,1,2,2,2,3,2],67,61].
[[3,8,1,1,1,0,2,3,2],0,2].
[[1,6,0,0,0,0,2,3,2],1,0].
[[2,6,0,0,0,0,1,2,2],1,1].
[[3,5,0,1,2,0,1,1,2],12,0].
[[3,8,0,1,2,0,2,2,2],0,3].
[[1,8,0,1,2,2,2,3,0],13,53].
[[3,7,0,1,1,2,1,2,0],0,8].
[[1,8,1,0,0,0,2,3,0],80,33].
[[2,8,1,0,0,0,1,2,0],26,10].
[[3,7,1,1,2,2,1,2,0],29,5].
[[3,9,1,1,2,0,2,3,0],1,38].
[[1,8,0,1,2,2,2,2,2],17,53].
[[3,8,0,1,1,2,1,2,2],2,104].
[[1,4,2,1,2,0,2,2,2],12,2].
[[2,4,2,1,2,0,1,2,2],41,4].
[[2,9,2,1,1,2,1,2,1],8,7].
[[3,4,2,1,2,0,1,2,1],78,0].
[[3,9,1,1,2,2,2,2,0],2,99].
[[3,5,0,1,2,2,1,1,0],15,5].
[[3,7,1,1,2,0,1,1,1],7,5].
[[2,9,2,1,2,2,2,3,2],0,45].
[[3,8,0,0,0,0,2,3,0],0,43].
[[1,8,1,1,1,2,2,2,1],15,6].
[[2,7,1,1,1,2,2,2,1],4,3].
[[3,7,1,1,1,2,1,2,1],22,12].
[[2,8,0,0,0,0,2,3,0],9,85].
[[2,9,1,0,0,0,2,3,1],2,24].
[[1,3,2,0,0,0,2,3,2],2,0].
[[2,3,2,0,0,0,2,3,2],6,0].
[[3,3,2,0,0,0,2,3,2],5,0].
[[2,8,1,0,0,0,2,2,0],52,39].
[[3,6,0,1,2,2,0,0,0],0,10].
[[1,8,0,0,0,0,2,3,0],7,43].
[[3,5,0,1,2,2,2,3,0],16,0].
[[2,9,1,0,0,0,1,2,2],2,28].
[[3,9,1,0,0,0,1,2,1],0,13].
[[3,8,1,1,2,2,1,1,2],13,13].
[[2,9,1,1,1,2,1,2,0],24,41].
[[2,5,0,1,2,2,2,2,0],17,0].
[[3,3,1,1,2,2,2,3,2],8,2].
[[1,8,1,1,2,2,2,1,1],25,21].
[[2,8,1,1,2,2,1,1,1],19,25].
[[3,8,1,1,1,2,1,1,1],16,18].
[[2,9,1,1,1,2,2,2,0],15,70].
[[1,7,2,0,0,0,2,3,2],28,6].
[[3,9,1,1,2,0,1,1,0],0,21].
[[3,7,1,1,2,2,2,2,1],28,20].
[[1,9,2,1,2,0,2,3,0],10,53].
[[3,9,0,1,1,2,1,1,0],0,14].
[[2,9,2,0,0,0,1,2,1],2,16].
[[3,8,0,0,0,0,1,2,1],0,23].
[[3,8,1,1,1,2,2,3,1],12,15].
[[1,8,1,1,2,2,1,2,1],26,11].
[[2,7,2,1,2,2,1,1,2],2,3].
[[3,7,2,1,2,2,1,1,2],4,9].
[[1,9,2,1,1,2,2,1,1],15,17].
[[2,4,2,1,2,0,1,1,1],9,0].
[[2,9,1,0,0,0,2,1,1],0,5].
[[3,8,0,0,0,0,2,1,1],0,4].
[[1,9,2,1,1,2,1,2,0],18,22].
[[2,8,1,1,1,2,1,2,0],15,7].
[[3,8,1,1,1,2,1,2,0],33,22].
[[2,8,0,1,2,0,2,2,0],1,14].
[[3,8,0,1,2,0,2,2,0],4,50].
[[3,8,0,1,2,2,1,1,2],1,28].
[[2,8,1,0,0,0,2,2,1],24,32].
[[3,8,1,1,2,0,2,2,1],5,12].
[[2,7,1,0,0,0,0,0,0],28,28].
[[2,8,0,1,1,2,2,3,2],12,38].
[[3,8,0,1,1,2,2,3,2],0,21].
[[1,9,2,1,2,0,0,0,0],2,27].
[[2,9,2,1,1,0,2,2,0],0,4].
[[3,9,1,1,1,0,2,2,0],0,14].
[[1,7,2,0,0,0,0,0,0],45,8].
[[2,7,2,0,0,0,0,0,0],23,4].
[[2,9,2,1,2,2,2,2,0],8,92].
[[1,8,1,1,1,2,2,2,2],10,4].
[[3,7,1,1,1,2,1,2,2],25,10].
[[2,8,0,0,0,0,2,3,2],1,37].
[[3,8,0,0,0,0,2,3,2],0,9].
[[1,9,2,1,2,0,2,3,2],4,22].
[[3,8,0,1,2,2,0,0,0],0,30].
[[3,8,1,1,2,2,1,1,0],24,29].
[[1,9,2,1,1,2,2,3,2],41,35].
[[2,9,1,1,1,2,1,2,2],11,21].
[[1,9,2,1,1,2,1,2,1],8,6].
[[3,5,0,1,1,2,1,1,1],43,5].
[[1,8,1,1,1,2,2,3,0],12,2].
[[2,8,1,1,1,2,2,3,0],26,18].
[[3,8,1,1,1,0,1,2,2],4,11].
[[1,8,1,0,0,0,2,1,1],55,30].
[[2,8,1,1,1,2,2,1,0],17,8].
[[3,6,1,1,1,2,2,1,0],3,0].
[[2,9,1,0,0,0,1,1,1],4,11].
[[1,8,1,1,2,2,2,1,0],22,12].
[[2,7,1,1,1,2,2,1,0],1,2].
[[3,7,1,1,1,2,2,1,0],7,3].
[[2,9,2,0,0,0,2,3,2],2,20].
[[3,8,1,0,0,0,2,3,2],5,9].
[[2,8,0,0,0,0,2,2,2],4,28].
[[3,8,0,1,2,0,1,1,2],0,5].
[[2,9,2,1,1,2,2,3,1],3,5].
[[3,4,2,1,2,0,2,3,0],101,9].
[[1,9,2,1,2,2,1,1,0],4,35].
[[2,8,0,1,2,2,1,1,0],0,15].
[[3,7,0,1,1,2,1,1,0],0,1].
[[3,8,1,0,0,0,2,3,0],18,27].
[[3,4,2,1,2,0,2,3,2],20,3].
[[1,4,2,1,2,0,1,2,2],6,3].
[[3,7,1,1,2,2,2,2,0],45,25].
[[2,9,2,0,0,0,1,2,2],14,66].
[[3,8,0,0,0,0,1,2,2],0,32].
[[3,9,0,1,1,0,2,1,0],0,1].
[[1,9,2,1,1,2,1,2,2],43,33].
[[1,9,2,1,2,2,2,2,1],35,98].
[[1,8,1,1,2,0,0,0,0],17,32].
[[3,8,1,1,2,0,2,3,0],27,36].
[[1,4,2,1,2,0,1,2,0],7,1].
[[2,4,2,1,2,0,1,2,0],37,4].
[[1,8,1,0,0,0,2,1,0],17,16].
[[2,8,1,0,0,0,2,1,0],21,23].
[[3,8,1,0,0,0,2,1,0],9,8].
[[2,8,0,1,1,2,1,1,0],3,5].
[[3,7,1,1,1,2,1,1,0],1,6].
[[2,8,0,1,2,0,0,0,0],0,19].
[[3,9,0,1,1,0,1,2,0],0,4].
[[2,9,1,1,1,2,1,2,1],20,28].
[[2,8,1,1,2,0,2,2,1],13,14].
[[3,8,1,1,2,0,1,2,1],37,34].
[[2,9,2,0,0,0,1,2,0],3,27].
[[3,9,1,0,0,0,1,2,0],0,41].
[[1,4,2,1,2,0,0,0,0],11,2].
[[3,8,1,1,1,0,1,1,1],1,7].
[[2,8,1,1,2,2,1,2,0],27,19].
[[2,4,2,1,2,0,2,2,2],11,0].
[[3,4,2,1,2,0,2,2,2],9,0].
[[3,8,0,1,1,2,2,2,2],0,6].
[[3,8,0,1,1,0,1,2,0],0,12].
[[2,8,0,1,1,2,2,1,0],6,22].
[[2,7,1,1,2,0,1,2,1],4,2].
[[2,9,2,1,2,0,0,0,0],0,3].
[[3,8,0,1,2,0,0,0,0],0,7].
[[2,8,1,1,1,2,0,0,0],9,11].
[[2,9,2,1,2,2,2,1,0],7,32].
[[2,8,1,0,0,0,2,3,0],69,43].
[[1,8,1,1,1,2,2,1,1],8,2].
[[2,8,1,1,1,2,1,2,1],27,10].
[[2,8,0,1,1,2,2,2,0],17,30].
[[3,7,0,1,1,2,2,2,0],1,18].
[[3,5,0,1,2,0,1,1,0],4,1].
[[3,5,0,1,1,2,1,2,0],37,2].
[[2,5,0,0,0,0,1,1,2],15,0].
[[3,5,0,1,2,2,1,1,2],50,0].
[[2,9,1,1,2,2,1,1,1],4,23].
[[1,4,2,1,2,0,2,3,0],17,0].
[[1,6,1,1,2,2,2,3,1],2,0].
[[2,6,1,1,1,2,2,3,1],2,0].
[[1,8,0,1,1,2,2,3,2],12,14].
[[1,8,1,1,2,0,2,3,1],7,12].
[[3,7,2,1,2,2,2,3,1],16,5].
[[3,7,2,1,2,2,1,2,2],36,7].
[[1,8,1,1,2,0,2,3,2],18,10].
[[1,8,1,1,2,2,1,1,2],7,6].
[[2,6,1,1,2,2,1,1,2],1,0].
[[3,6,1,1,1,2,1,1,2],1,0].
[[3,9,0,1,1,2,1,2,0],0,28].
[[2,9,1,1,2,2,2,2,1],1,36].
[[1,8,0,0,0,0,2,3,2],8,48].
[[3,6,0,0,0,0,2,3,1],0,1].
[[3,5,0,1,2,2,1,2,1],49,1].
[[1,8,1,0,0,0,1,2,0],11,9].
[[3,8,1,0,0,0,1,2,0],19,14].
[[3,6,1,1,2,2,2,3,2],11,1].
[[2,8,0,1,1,2,0,0,0],25,46].
[[2,4,2,1,2,0,2,2,0],43,4].
[[1,8,0,1,2,2,1,2,2],9,19].
[[2,8,0,1,2,2,1,1,1],1,10].
[[3,7,0,1,1,2,1,1,1],0,1].
[[2,8,1,1,2,0,0,0,0],4,12].
[[3,7,1,1,2,0,0,0,0],3,8].
[[2,8,1,1,1,0,2,2,2],0,4].
[[3,7,1,1,1,0,2,2,2],2,1].
[[3,8,0,1,2,2,1,2,1],4,85].
[[3,8,0,1,1,2,1,2,0],1,73].
[[2,9,2,0,0,0,0,0,0],1,19].
[[3,9,1,0,0,0,0,0,0],0,2].
[[3,8,1,0,0,0,2,2,0],18,23].
[[3,6,1,1,2,0,2,3,2],5,0].
[[3,9,0,1,2,0,1,2,0],0,10].
[[3,9,1,1,1,0,1,1,0],0,10].
[[2,7,1,1,2,2,0,0,0],54,45].
[[3,7,0,1,1,2,2,1,0],0,5].
[[2,9,2,1,2,2,1,1,0],2,12].
[[3,9,1,1,2,2,1,1,0],1,64].
[[3,9,1,1,2,2,2,3,0],0,104].
[[2,7,2,1,2,2,1,2,1],9,1].
[[3,7,2,1,1,2,1,2,1],7,1].
[[3,9,1,1,1,2,1,1,0],0,58].
[[2,6,0,1,2,2,0,0,0],1,17].
[[3,6,0,1,1,2,0,0,0],0,4].
[[3,8,1,1,2,0,1,2,0],19,19].
[[2,8,1,1,1,2,2,2,1],14,17].
[[3,7,2,1,1,2,2,2,1],8,0].
[[2,9,1,1,2,2,1,2,2],15,64].
[[2,8,0,0,0,0,1,2,2],6,38].
[[3,8,1,1,2,2,2,3,2],7,14].
[[3,7,2,0,0,0,1,2,2],15,2].
[[2,5,0,0,0,0,1,2,1],11,0].
[[1,9,2,1,2,0,1,2,0],0,15].
[[2,8,0,1,2,0,1,2,0],0,10].
[[3,8,0,1,2,0,1,1,0],0,8].
[[2,5,0,0,0,0,1,1,1],24,2].
[[3,7,1,1,1,2,2,3,1],25,16].
[[2,5,0,1,2,2,1,1,0],3,1].
[[2,9,2,1,2,0,2,3,0],5,33].
[[3,7,1,1,2,0,2,3,0],25,11].
[[3,8,0,1,2,2,1,1,1],4,23].
[[1,8,0,0,0,0,1,1,2],4,2].
[[2,7,1,1,2,0,1,1,2],1,2].
[[3,7,1,1,2,0,1,2,1],9,5].
[[1,7,2,1,2,2,2,3,1],2,0].
[[2,7,2,1,1,2,2,3,1],3,0].
[[3,7,2,1,1,2,1,2,2],17,3].
[[1,8,0,1,1,2,2,1,0],1,5].
[[2,6,0,1,1,2,2,3,0],0,3].
[[3,6,0,1,1,2,2,3,0],0,8].
[[3,7,1,0,0,0,2,2,0],9,8].
[[1,7,2,0,0,0,2,3,1],13,2].
[[3,7,1,0,0,0,1,2,2],16,8].
[[1,8,0,0,0,0,1,2,2],2,17].
[[3,8,1,1,2,0,2,1,0],8,12].
[[1,8,0,0,0,0,2,2,0],8,32].
[[3,8,0,1,2,0,2,3,0],2,66].
[[3,9,1,1,1,2,2,2,0],1,58].
[[1,9,2,1,2,0,2,2,2],9,20].
[[3,7,0,1,2,0,0,0,0],1,4].
[[3,8,0,1,1,2,1,1,0],0,41].
[[3,9,1,1,2,2,1,1,2],0,19].
[[1,8,1,1,2,0,1,2,0],1,1].
[[3,7,2,1,2,0,1,2,0],6,1].
[[1,7,2,1,2,2,2,3,2],11,0].
[[3,5,0,1,2,0,1,2,0],13,1].
[[2,9,2,1,1,2,2,2,1],2,5].
[[3,9,1,1,1,2,2,2,1],0,2].
[[1,7,1,1,2,2,2,3,1],5,1].
[[2,3,1,1,2,2,2,3,1],3,0].
[[3,3,1,1,2,2,2,3,1],12,0].
[[1,9,2,1,2,2,1,1,2],17,25].
[[2,9,1,1,2,2,1,1,2],8,34].
[[3,8,1,1,2,0,2,3,1],16,12].
[[3,8,1,1,2,2,2,2,1],13,35].
[[3,8,0,1,1,2,0,0,0],0,17].
[[3,7,1,1,2,0,1,2,2],14,6].
[[3,8,0,1,2,2,1,1,0],0,47].
[[1,7,2,1,2,2,1,1,2],2,0].
[[2,7,2,1,1,2,1,1,1],1,2].
[[3,3,2,1,1,2,1,1,1],1,0].
[[2,7,2,1,2,2,2,2,0],6,1].
[[1,7,1,1,2,2,0,0,0],40,19].
[[1,9,2,1,1,2,2,1,0],28,25].
[[2,4,2,1,2,0,2,1,0],15,1].
[[3,9,1,1,1,2,1,2,1],3,73].
[[1,8,1,1,2,0,2,2,2],10,8].
[[3,7,1,1,2,2,2,1,0],20,16].
[[2,9,2,0,0,0,2,3,0],6,50].
[[1,4,2,1,2,0,2,3,2],9,3].
[[2,9,1,1,1,2,1,1,2],3,11].
[[3,8,1,1,1,2,2,1,0],10,18].
[[2,9,2,1,1,2,1,1,1],1,3].
[[3,8,0,1,1,2,1,1,1],0,12].
[[3,8,1,1,1,2,2,1,1],1,5].
[[2,7,2,1,2,2,2,3,1],8,2].
[[1,8,0,0,0,0,2,3,1],8,29].
[[3,8,0,1,2,0,2,1,0],0,20].
[[1,9,2,1,2,0,1,2,2],5,18].
[[2,8,0,1,2,0,1,2,2],2,11].
[[2,7,2,1,2,0,1,2,2],10,5].
[[3,7,1,1,1,0,1,2,2],2,2].
[[2,7,1,1,2,0,0,0,0],5,9].
[[1,8,1,1,1,2,2,3,2],17,4].
[[2,7,1,1,1,2,2,3,2],7,2].
[[3,3,1,1,1,2,2,3,2],1,0].
[[3,7,2,1,2,2,2,3,0],18,0].
[[2,9,1,1,2,0,2,1,0],2,21].
[[3,9,0,1,1,0,1,1,0],0,2].
[[2,8,0,1,1,2,1,2,2],13,35].
[[2,8,1,0,0,0,1,1,1],18,10].
[[3,8,1,0,0,0,1,1,1],11,8].
[[2,5,0,1,2,2,1,1,2],29,0].
[[2,4,2,1,2,0,2,1,1],8,1].
[[3,4,2,1,2,0,2,1,1],7,1].
[[2,7,1,1,2,0,1,2,0],1,1].
[[3,7,1,1,1,0,1,2,0],2,5].
[[3,7,2,1,2,2,2,2,0],20,1].
[[3,8,1,1,1,0,1,2,1],4,19].
[[2,9,2,1,2,2,2,1,1],1,17].
[[3,6,1,1,2,2,2,3,1],16,0].
[[3,9,1,1,1,0,2,3,0],1,11].
[[2,9,2,1,2,2,1,2,0],3,46].
[[2,9,2,1,2,2,1,2,1],6,20].
[[2,8,0,1,1,2,2,3,0],22,61].
[[1,7,2,0,0,0,2,2,2],28,3].
[[2,7,2,1,2,0,2,2,1],3,2].
[[3,7,0,1,2,2,2,3,0],0,23].
[[1,8,1,0,0,0,1,1,1],4,17].
[[1,8,0,1,1,2,2,2,0],6,4].
[[2,7,1,1,1,2,1,1,1],1,1].
[[1,5,0,0,0,0,1,1,1],9,1].
[[2,5,0,1,2,0,1,1,1],6,1].
[[3,5,0,1,1,0,1,1,1],5,9].
[[2,4,2,1,2,0,2,3,1],17,5].
[[1,5,0,1,1,2,1,1,2],4,0].
[[2,8,1,1,2,0,2,1,1],11,7].
[[3,7,1,1,2,0,2,1,1],8,4].
[[3,6,1,0,0,0,2,3,2],6,0].
[[2,9,2,1,1,2,2,3,2],9,6].
[[3,7,1,1,2,2,1,1,2],10,10].
[[3,9,0,1,2,2,2,1,0],0,6].
[[3,8,1,0,0,0,1,2,1],23,16].
[[2,8,0,0,0,0,2,2,1],4,20].
[[3,9,1,1,1,2,2,1,0],0,21].
[[3,8,1,0,0,0,1,2,2],27,20].
[[1,9,2,1,1,2,2,2,1],23,20].
[[2,9,1,1,1,2,2,1,1],0,5].
[[3,9,0,1,1,2,1,2,1],0,3].
[[1,9,2,0,0,0,1,1,0],8,27].
[[2,9,2,1,2,0,1,1,0],0,2].
[[2,9,1,1,1,2,2,2,1],4,10].
[[3,7,1,1,1,2,2,2,0],20,6].
[[1,8,1,1,2,0,1,2,1],4,4].
[[2,6,1,1,2,0,1,2,1],3,0].
[[3,6,1,1,2,0,1,2,1],6,0].
[[2,6,1,0,0,0,2,2,2],9,2].
[[3,6,1,1,2,0,1,1,2],1,0].
[[1,8,0,1,2,2,2,2,0],9,42].
[[1,9,2,1,2,0,2,3,1],2,16].
[[3,8,0,1,1,0,2,3,1],0,3].
[[3,7,2,0,0,0,0,0,0],4,1].
[[1,8,0,0,0,0,2,2,1],4,16].
[[3,8,1,1,1,0,2,3,0],6,14].
[[2,9,1,1,2,0,2,3,1],1,12].
[[3,5,0,1,2,0,1,2,1],17,3].
[[3,8,0,0,0,0,0,0,0],0,10].
[[3,8,0,1,2,0,1,2,0],0,36].
[[2,9,1,1,1,0,2,1,0],0,3].
[[3,8,0,1,1,0,2,1,0],0,7].
[[1,6,1,1,2,2,2,2,0],1,0].
[[2,3,2,1,2,2,2,2,0],1,0].
[[3,3,2,1,1,2,2,3,0],1,0].
[[1,7,1,1,2,2,2,2,1],4,1].
[[2,3,1,1,2,2,2,2,1],2,0].
[[3,3,1,1,1,2,1,2,1],2,0].
[[2,9,1,1,2,2,2,3,1],3,41].
[[3,8,0,1,2,2,2,3,1],4,33].
[[2,9,1,1,2,0,1,2,1],8,23].
[[2,5,0,0,0,0,2,1,0],2,0].
[[3,9,1,1,2,2,1,2,1],4,93].
[[2,5,0,1,2,2,2,3,0],12,0].
[[1,4,2,1,2,0,2,1,0],8,1].
[[3,7,2,0,0,0,2,3,1],5,1].
[[3,6,1,0,0,0,2,3,0],3,1].
[[2,8,1,1,2,0,2,2,2],22,15].
[[3,7,2,1,2,0,2,2,2],6,1].
[[3,7,1,0,0,0,2,3,1],13,9].
[[1,8,1,1,2,0,2,2,0],6,2].
[[2,7,1,1,2,0,2,2,0],3,5].
[[3,7,1,1,2,0,1,2,0],6,4].
[[3,8,0,1,1,2,2,2,1],0,16].
[[2,8,1,1,2,0,1,1,0],3,5].
[[3,8,1,1,1,0,1,1,0],2,5].
[[1,6,1,1,2,2,1,2,2],1,0].
[[2,6,1,1,2,2,1,2,2],4,0].
[[3,6,1,1,1,2,1,2,2],3,0].
[[3,7,0,1,1,2,0,0,0],1,12].
[[2,9,2,0,0,0,2,1,0],3,20].
[[3,9,1,1,1,2,2,1,1],0,3].
[[2,7,0,1,2,2,2,3,2],0,3].
[[3,7,0,1,2,2,2,3,1],0,14].
[[3,5,0,0,0,0,1,2,1],14,0].
[[3,7,0,0,0,0,2,3,1],0,5].
[[2,8,1,0,0,0,1,1,0],10,4].
[[2,8,1,0,0,0,2,1,1],20,14].
[[3,8,1,1,2,2,2,1,1],4,10].
[[3,7,0,1,1,2,1,2,2],0,12].
[[1,8,0,1,2,2,2,2,1],8,27].
[[3,6,0,1,2,0,0,0,0],0,3].
[[2,8,0,0,0,0,1,2,0],3,21].
[[3,8,0,0,0,0,1,2,0],0,29].
[[3,8,0,0,0,0,1,1,0],0,12].
[[3,8,0,0,0,0,2,2,2],0,5].
[[3,8,0,1,2,2,2,3,2],0,28].
[[1,5,0,1,1,2,1,1,1],4,0].
[[2,7,2,1,2,0,2,3,0],3,2].
[[2,8,1,1,2,0,2,1,0],7,10].
[[3,7,1,1,2,0,2,1,0],4,7].
[[3,7,2,1,2,0,0,0,0],1,1].
[[2,7,2,0,0,0,2,3,0],10,0].
[[3,7,2,0,0,0,1,2,0],3,0].
[[2,8,1,1,2,0,1,1,2],7,6].
[[3,7,1,1,1,0,1,1,2],0,2].
[[3,6,1,1,2,0,2,3,1],6,0].
[[2,9,1,1,2,2,2,2,2],1,4].
[[1,5,0,1,2,2,1,1,2],12,0].
[[2,9,2,1,1,2,2,1,0],6,12].
[[1,9,2,0,0,0,1,1,1],5,16].
[[3,8,0,0,0,0,1,1,1],0,3].
[[2,7,2,0,0,0,2,2,0],9,0].
[[1,9,2,1,1,2,1,1,0],6,6].
[[2,8,1,1,1,2,1,1,0],2,4].
[[3,8,1,1,1,2,1,1,0],9,14].
[[1,7,2,1,2,2,0,0,0],9,4].
[[3,7,0,1,2,2,2,2,2],0,11].
[[2,8,1,1,2,2,0,0,0],20,44].
[[3,8,1,1,2,2,0,0,0],0,6].
[[2,7,1,1,2,0,2,3,2],6,4].
[[3,7,1,1,2,0,2,3,2],15,7].
[[1,8,1,1,2,0,2,1,0],0,3].
[[2,7,1,1,2,0,2,1,0],0,3].
[[3,7,1,1,1,2,2,3,2],20,10].
[[2,8,1,1,2,0,1,2,1],15,20].
[[2,8,0,1,1,2,2,2,1],5,17].
[[2,7,2,1,2,2,2,1,1],2,0].
[[3,3,2,1,2,2,2,1,1],1,0].
[[1,8,1,1,2,0,1,1,1],2,4].
[[2,8,1,1,1,0,1,1,1],0,2].
[[3,6,1,1,2,2,2,3,0],12,1].
[[2,6,0,0,0,0,2,2,2],0,2].
[[3,6,0,0,0,0,1,2,2],0,2].
[[3,5,0,0,0,0,1,1,2],13,1].
[[2,7,1,1,1,2,2,3,1],8,3].
[[2,6,0,1,2,2,2,3,1],0,3].
[[3,6,0,1,2,2,2,3,1],0,6].
[[3,7,2,0,0,0,2,2,0],6,0].
[[2,7,1,1,1,2,2,2,2],6,4].
[[3,7,2,1,2,2,0,0,0],7,3].
[[3,7,1,1,2,2,2,3,0],44,32].
[[2,7,2,0,0,0,2,1,1],2,0].
[[3,7,2,1,2,2,2,1,1],8,0].
[[3,6,0,1,2,0,2,3,0],0,2].
[[2,9,1,1,2,2,2,1,1],3,15].
[[2,9,1,1,1,2,2,1,0],12,30].
[[3,7,0,1,2,2,2,2,0],0,17].
[[3,6,1,1,1,2,2,2,1],2,0].
[[2,6,0,1,2,2,2,3,2],0,7].
[[3,3,1,1,2,2,1,2,1],4,0].
[[3,7,2,1,2,2,1,2,1],14,1].
[[2,9,2,0,0,0,1,1,1],1,2].
[[3,9,1,1,2,2,1,1,1],1,32].
[[3,3,2,0,0,0,2,2,2],4,0].
[[3,5,0,1,1,0,1,1,2],2,3].
[[2,7,1,0,0,0,1,2,1],4,4].
[[3,7,1,0,0,0,1,2,1],11,7].
[[3,8,0,1,2,0,1,2,1],3,14].
[[1,5,0,1,2,2,2,3,0],2,0].
[[3,3,1,1,1,2,2,2,0],1,0].
[[2,6,1,1,2,2,2,3,2],4,1].
[[3,7,1,0,0,0,2,2,1],8,6].
[[2,6,1,1,1,2,0,0,0],3,0].
[[2,8,1,1,1,0,2,3,2],2,3].
[[2,7,1,1,2,2,2,1,0],12,4].
[[1,8,0,1,1,2,2,2,1],5,6].
[[1,7,2,0,0,0,1,2,2],4,2].
[[2,7,2,1,2,0,1,1,2],1,1].
[[3,3,2,1,1,0,1,1,2],1,0].
[[2,8,0,0,0,0,1,2,1],5,13].
[[3,7,2,1,2,2,1,1,0],5,0].
[[2,9,1,0,0,0,2,1,0],3,27].
[[3,8,0,0,0,0,2,1,0],0,19].
[[2,7,0,1,1,2,2,3,2],3,2].
[[3,9,1,0,0,0,2,2,0],0,23].
[[2,6,1,1,2,0,2,2,2],4,0].
[[3,6,1,1,2,2,2,2,2],9,1].
[[3,9,0,1,2,0,1,1,0],0,3].
[[1,8,1,1,1,2,1,2,1],6,1].
[[2,7,2,1,1,2,1,1,2],3,0].
[[3,4,2,1,2,0,1,1,2],26,1].
[[3,5,0,0,0,0,1,2,0],7,0].
[[1,6,1,0,0,0,2,1,1],9,0].
[[2,6,1,1,2,2,2,1,1],13,0].
[[3,3,1,1,2,2,2,1,1],5,0].
[[2,9,1,0,0,0,1,1,2],4,15].
[[3,9,1,1,2,0,1,1,2],0,4].
[[3,7,0,0,0,0,2,3,0],0,7].
[[2,7,1,0,0,0,2,2,1],10,9].
[[3,3,1,0,0,0,2,2,1],2,0].
[[3,9,1,1,1,0,1,2,0],0,21].
[[2,8,0,1,1,2,1,1,2],2,2].
[[3,7,2,1,1,2,2,3,2],7,1].
[[3,7,0,1,1,2,1,2,1],0,5].
[[2,9,2,0,0,0,2,2,1],0,12].
[[3,9,1,0,0,0,2,2,1],0,2].
[[1,9,2,1,2,2,1,1,1],8,18].
[[3,5,0,1,1,2,1,1,0],13,1].
[[2,9,2,1,2,0,2,1,1],0,4].
[[3,9,1,1,2,0,2,1,1],0,1].
[[1,6,0,1,2,2,0,0,0],3,9].
[[2,6,0,1,1,2,2,2,0],0,1].
[[3,5,0,1,1,2,2,2,0],14,2].
[[1,8,1,1,1,2,1,2,0],3,1].
[[3,7,1,0,0,0,0,0,0],4,6].
[[2,7,1,1,2,0,2,3,1],4,3].
[[3,6,1,1,2,0,2,3,0],14,0].
[[2,7,2,1,2,2,1,2,2],13,4].
[[2,7,1,1,1,2,0,0,0],7,6].
[[2,7,2,0,0,0,2,2,1],8,2].
[[3,7,2,0,0,0,2,2,1],4,1].
[[1,7,1,1,2,2,2,2,2],7,4].
[[2,7,1,1,1,2,1,2,2],4,1].
[[3,3,1,1,1,2,1,2,2],1,0].
[[2,7,1,0,0,0,2,3,0],11,4].
[[2,6,1,1,2,2,2,3,0],7,0].
[[3,6,1,1,2,2,2,2,0],12,1].
[[3,8,0,0,0,0,2,3,1],0,9].
[[2,7,1,1,2,0,1,2,2],3,0].
[[2,7,1,1,1,2,1,2,0],0,2].
[[3,9,1,0,0,0,2,3,0],1,24].
[[3,7,2,1,2,0,2,3,1],4,2].
[[2,9,2,1,1,2,2,1,1],1,2].
[[3,7,0,1,2,0,1,2,1],0,1].
[[2,3,2,1,2,2,1,1,2],1,0].
[[3,3,2,1,2,2,1,1,2],3,0].
[[1,6,0,1,2,2,2,3,2],0,2].
[[3,6,0,1,2,2,1,2,2],0,10].
[[1,4,2,1,2,0,1,2,1],5,0].
[[2,4,2,1,2,0,1,2,1],23,0].
[[3,8,0,1,1,0,2,3,0],0,12].
[[2,9,1,1,2,0,1,1,1],0,5].
[[3,9,1,1,1,0,1,2,1],0,10].
[[3,7,1,0,0,0,1,2,0],10,3].
[[1,7,1,0,0,0,2,3,0],6,0].
[[3,6,1,1,1,2,1,2,1],5,0].
[[2,9,2,1,1,0,1,2,0],0,2].
[[2,6,1,1,2,2,2,3,1],11,0].
[[3,3,2,1,2,2,1,2,2],7,0].
[[2,7,1,1,2,2,1,2,1],9,6].
[[2,6,0,1,2,2,2,3,0],2,4].
[[1,6,1,0,0,0,2,3,0],5,0].
[[2,6,1,0,0,0,1,2,0],2,1].
[[3,6,1,0,0,0,1,2,0],1,0].
[[3,3,1,0,0,0,2,3,1],2,0].
[[3,7,0,1,1,2,2,3,2],0,6].
[[2,8,0,1,1,2,1,2,1],2,14].
[[1,7,1,0,0,0,2,1,1],5,1].
[[2,7,1,0,0,0,2,3,2],19,13].
[[3,8,1,1,1,0,2,3,1],0,4].
[[3,8,0,1,2,0,2,3,2],0,6].
[[2,5,0,1,1,2,1,2,0],9,0].
[[3,7,0,1,2,2,0,0,0],1,22].
[[1,6,0,1,2,2,2,2,2],0,2].
[[3,6,0,1,1,2,1,1,2],0,2].
[[3,7,0,1,2,2,2,1,1],0,3].
[[1,4,2,1,2,0,2,3,1],5,2].
[[2,1,2,1,2,0,1,2,1],2,0].
[[3,1,2,1,2,0,1,2,1],5,0].
[[3,8,0,0,0,0,2,2,1],0,7].
[[2,6,1,0,0,0,2,2,1],5,0].
[[3,6,1,1,2,2,2,1,0],6,1].
[[2,9,2,1,1,0,2,3,2],0,3].
[[3,8,0,1,1,0,2,3,2],0,1].
[[2,8,0,0,0,0,1,1,2],5,5].
[[1,8,0,0,0,0,1,2,0],2,10].
[[3,7,0,1,2,2,1,2,0],0,11].
[[1,8,0,1,1,2,2,3,1],3,7].
[[2,6,0,1,1,2,2,3,1],0,3].
[[3,6,0,1,1,2,1,2,2],0,10].
[[3,8,0,1,1,0,1,2,2],1,11].
[[2,8,1,1,1,2,1,1,2],9,5].
[[2,6,0,1,2,2,2,2,1],1,1].
[[3,2,0,1,1,2,2,2,1],0,1].
[[1,5,0,1,2,2,1,2,0],3,1].
[[1,7,2,1,2,2,2,2,2],9,1].
[[3,7,0,1,2,0,1,2,2],0,1].
[[2,9,2,1,2,2,0,0,0],2,35].
[[3,8,0,1,2,0,2,3,1],0,19].
[[1,9,2,1,1,2,1,1,2],8,2].
[[3,5,0,1,2,2,2,1,0],5,0].
[[1,8,1,1,2,0,1,2,2],5,6].
[[2,8,1,1,1,0,1,2,2],0,4].
[[3,8,1,0,0,0,1,1,0],4,6].
[[2,7,1,0,0,0,2,1,1],9,6].
[[3,7,0,0,0,0,2,1,1],1,0].
[[1,7,1,1,2,2,2,3,0],1,1].
[[2,7,1,1,2,2,1,2,0],6,0].
[[1,7,2,0,0,0,1,1,2],2,0].
[[2,3,2,0,0,0,1,1,2],1,0].
[[3,3,2,1,2,0,1,1,2],2,0].
[[2,6,1,1,2,2,2,2,0],8,1].
[[3,6,1,1,1,2,2,2,0],6,0].
[[1,8,1,1,2,2,1,1,0],3,4].
[[3,9,1,1,1,2,1,1,1],2,21].
[[3,9,1,1,1,0,1,2,2],0,14].
[[3,7,1,1,2,2,1,1,1],12,15].
[[2,6,1,0,0,0,2,1,1],10,0].
[[1,5,0,0,0,0,1,1,2],10,0].
[[2,8,0,1,2,0,2,1,0],0,6].
[[3,7,2,1,1,0,1,2,2],10,3].
[[2,7,2,1,2,0,2,2,2],5,1].
[[2,6,1,0,0,0,2,3,0],8,0].
[[3,6,1,1,2,0,2,1,0],2,0].
[[3,9,1,1,2,0,2,1,0],0,11].
[[2,9,2,1,2,2,1,1,1],0,10].
[[2,8,1,1,1,0,0,0,0],2,2].
[[3,8,1,1,1,0,2,1,0],5,9].
[[3,7,1,0,0,0,2,3,2],11,11].
[[2,7,0,1,2,2,2,2,0],0,4].
[[2,9,1,1,2,0,1,1,2],4,4].
[[3,7,0,1,2,2,2,1,0],0,5].
[[2,7,1,1,2,2,2,2,0],13,10].
[[3,3,1,1,2,2,2,2,0],7,2].
[[2,8,1,1,1,0,2,3,0],2,5].
[[2,9,2,1,2,0,2,1,0],2,5].
[[3,5,0,1,1,0,2,1,0],1,0].
[[1,6,0,1,2,2,2,3,0],2,0].
[[3,3,1,1,2,2,2,3,0],6,0].
[[1,3,2,0,0,0,0,0,0],9,0].
[[2,3,2,1,2,2,0,0,0],3,0].
[[3,3,2,1,2,2,0,0,0],7,0].
[[3,4,0,1,2,0,2,1,0],0,2].
[[2,9,1,0,0,0,2,2,2],0,3].
[[1,8,1,1,2,0,2,2,1],10,7].
[[3,7,1,1,1,0,2,3,0],3,5].
[[3,7,2,1,2,2,1,2,0],9,0].
[[3,7,1,1,2,0,1,1,0],2,1].
[[2,7,2,1,2,0,2,3,1],4,3].
[[2,8,0,1,2,0,2,2,1],1,8].
[[3,7,1,1,1,0,2,2,1],0,2].
[[3,7,2,0,0,0,1,1,2],3,2].
[[2,9,2,1,2,2,2,3,1],2,30].
[[3,9,1,1,2,2,2,3,1],0,4].
[[3,7,1,1,1,0,1,2,1],2,4].
[[2,6,1,0,0,0,0,0,0],19,2].
[[3,9,1,1,2,0,2,2,1],0,1].
[[3,9,0,1,1,2,1,1,1],0,2].
[[2,9,1,1,1,2,0,0,0],4,9].
[[3,3,1,1,1,2,0,0,0],5,1].
[[3,8,1,1,1,2,2,2,2],1,1].
[[3,7,1,1,1,0,2,3,1],0,5].
[[3,3,1,1,2,0,0,0,0],4,1].
[[2,4,2,1,2,0,1,1,2],11,1].
[[3,7,1,1,2,2,2,1,1],12,17].
[[2,8,1,1,1,0,2,2,0],2,1].
[[3,7,1,1,1,0,2,2,0],2,2].
[[2,7,0,1,2,2,0,0,0],1,10].
[[1,7,2,1,2,0,0,0,0],4,4].
[[2,7,2,1,1,0,2,3,2],1,2].
[[3,7,1,1,1,0,1,1,1],1,1].
[[2,7,1,0,0,0,1,1,1],3,3].
[[2,7,0,1,2,2,2,3,0],2,2].
[[3,7,1,0,0,0,2,3,0],17,6].
[[2,6,1,0,0,0,1,2,1],7,1].
[[3,6,1,0,0,0,1,2,1],7,0].
[[2,9,2,1,2,0,2,2,1],0,3].
[[2,6,1,1,2,0,0,0,0],6,1].
[[3,6,1,1,1,0,2,3,2],1,0].
[[3,3,1,1,2,2,0,0,0],12,4].
[[3,6,1,1,2,0,1,2,2],8,0].
[[1,8,0,0,0,0,2,1,1],3,11].
[[3,6,0,0,0,0,2,1,1],0,1].
[[2,8,0,1,2,0,2,3,2],1,11].
[[3,7,0,1,2,2,2,3,2],0,9].
[[2,7,0,1,1,2,0,0,0],2,10].
[[1,6,0,0,0,0,0,0,0],0,3].
[[2,6,0,0,0,0,0,0,0],1,3].
[[2,5,0,1,1,2,2,3,0],5,0].
[[3,6,1,1,2,0,2,2,0],3,0].
[[1,7,2,0,0,0,1,2,1],2,2].
[[2,7,2,1,1,2,2,3,2],4,1].
[[3,7,2,1,1,2,2,3,1],9,1].
[[3,7,0,1,1,2,2,3,1],0,9].
[[3,7,2,1,1,2,2,1,0],7,0].
[[1,7,2,0,0,0,2,2,1],4,0].
[[2,9,1,1,1,0,2,3,0],1,6].
[[3,9,1,1,1,0,1,1,2],0,3].
[[1,7,1,1,2,2,2,1,0],0,2].
[[3,6,1,0,0,0,2,2,2],4,0].
[[2,9,2,0,0,0,1,1,0],1,7].
[[3,7,2,1,1,2,2,3,0],8,0].
[[1,8,0,1,2,2,2,1,1],4,7].
[[2,8,0,1,1,2,2,1,1],6,4].
[[3,6,1,1,1,0,2,3,0],2,1].
[[3,9,0,1,2,2,1,1,1],0,3].
[[2,9,2,1,2,2,2,2,1],3,17].
[[2,7,0,1,2,2,2,2,1],0,2].
[[3,7,0,1,1,2,2,2,1],0,6].
[[2,8,1,1,1,2,1,1,1],7,7].
[[3,9,1,0,0,0,1,1,0],0,11].
[[2,9,2,1,2,0,2,3,1],0,2].
[[3,6,1,1,2,2,1,2,1],11,1].
[[2,7,0,0,0,0,2,2,2],0,4].
[[3,7,0,0,0,0,2,2,2],0,3].
[[2,6,1,1,2,2,2,2,2],9,0].
[[1,6,1,0,0,0,2,2,0],7,1].
[[2,3,1,0,0,0,2,2,0],2,0].
[[3,3,1,0,0,0,2,2,0],2,0].
[[3,7,0,1,1,2,2,1,1],0,3].
[[2,6,0,1,1,2,0,0,0],1,2].
[[3,7,1,1,2,0,2,2,0],9,6].
[[2,7,2,1,1,2,2,2,2],7,0].
[[2,7,2,0,0,0,2,3,1],6,1].
[[3,3,2,0,0,0,2,3,1],4,0].
[[3,9,1,1,1,2,1,1,2],0,12].
[[2,7,1,1,2,2,2,3,0],6,9].
[[3,7,0,1,1,2,2,3,0],0,23].
[[3,5,0,0,0,0,1,1,0],5,1].
[[1,5,0,1,2,2,2,2,0],7,0].
[[1,7,1,0,0,0,2,2,0],1,2].
[[2,3,1,0,0,0,2,1,1],2,0].
[[3,3,1,1,2,0,2,1,1],2,0].
[[2,9,2,1,1,2,1,2,0],9,13].
[[1,9,2,1,1,2,1,1,1],2,3].
[[3,6,1,1,2,2,1,1,2],2,0].
[[2,7,2,0,0,0,2,2,2],12,2].
[[3,6,1,1,2,2,1,2,2],11,0].
[[2,8,0,1,2,0,2,3,1],1,10].
[[3,8,0,1,1,0,2,2,1],0,2].
[[1,7,1,0,0,0,2,3,2],4,2].
[[3,3,1,1,2,0,2,3,2],3,0].
[[2,9,1,1,2,2,0,0,0],1,19].
[[3,7,2,1,2,0,2,1,1],2,0].
[[3,3,2,1,2,0,2,3,2],6,0].
[[3,9,1,1,2,0,1,1,1],0,6].
[[3,6,0,1,2,2,2,2,0],1,9].
[[2,8,0,0,0,0,1,1,1],1,6].
[[3,6,1,0,0,0,2,1,1],7,0].
[[1,4,2,1,2,0,2,2,1],4,0].
[[3,3,1,0,0,0,2,2,2],3,0].
[[3,7,2,1,1,2,2,2,2],4,2].
[[3,8,1,0,0,0,2,2,1],3,8].
[[2,9,2,1,2,0,2,3,2],0,4].
[[1,8,1,1,2,2,1,2,0],8,6].
[[2,3,2,1,2,0,2,2,2],2,0].
[[3,3,2,1,2,2,2,2,1],5,0].
[[1,9,2,1,2,0,1,1,1],0,4].
[[2,8,0,1,1,2,1,1,1],3,1].
[[2,6,1,1,2,2,1,2,0],4,0].
[[3,6,1,1,2,2,1,2,0],8,0].
[[2,7,2,1,2,2,1,1,1],2,2].
[[2,6,1,1,2,0,2,2,1],5,1].
[[3,6,1,1,1,0,1,1,1],0,1].
[[1,8,1,1,1,2,2,1,0],4,0].
[[3,7,2,1,2,2,2,2,2],8,2].
[[1,9,2,1,2,0,2,1,1],0,9].
[[3,7,0,1,2,0,2,3,0],0,5].
[[2,7,2,1,1,2,2,2,1],3,0].
[[2,7,0,0,0,0,0,0,0],0,6].
[[3,9,0,0,0,0,1,1,0],0,4].
[[2,9,1,1,2,0,2,2,2],0,2].
[[3,7,0,0,0,0,1,2,0],0,3].
[[3,5,0,1,1,2,2,3,0],7,1].
[[1,7,1,1,2,2,2,3,2],7,6].
[[3,8,1,1,2,0,2,1,1],7,8].
[[2,9,2,1,1,2,0,0,0],5,7].
[[3,7,0,1,2,2,1,2,2],1,8].
[[3,3,2,0,0,0,1,1,2],3,0].
[[1,8,0,1,1,2,1,2,2],2,5].
[[3,3,2,1,2,0,2,3,0],2,0].
[[2,5,0,1,1,0,2,3,0],0,1].
[[3,4,0,1,2,0,2,3,0],0,2].
[[3,6,1,1,2,0,1,1,1],3,0].
[[2,7,2,0,0,0,2,1,0],2,0].
[[3,7,2,0,0,0,2,1,0],3,0].
[[3,7,0,1,2,0,2,2,0],0,3].
[[3,6,0,0,0,0,0,0,0],0,1].
[[2,8,0,0,0,0,1,1,0],4,8].
[[3,9,0,1,2,0,2,2,0],0,3].
[[3,6,1,0,0,0,2,3,1],9,0].
[[2,8,0,1,2,0,1,2,1],1,2].
[[2,5,0,0,0,0,1,2,0],6,0].
[[1,8,0,1,2,2,1,1,0],0,3].
[[2,7,2,1,1,2,1,2,2],5,1].
[[2,7,2,1,2,0,2,3,2],10,2].
[[3,7,2,1,2,2,2,2,1],10,0].
[[3,8,1,0,0,0,2,2,2],0,3].
[[1,7,2,1,2,0,2,3,0],2,0].
[[2,7,2,1,2,0,1,2,0],1,0].
[[1,8,0,0,0,0,1,2,1],1,2].
[[3,7,0,0,0,0,0,0,0],0,4].
[[2,7,2,1,2,2,2,2,1],9,1].
[[2,8,1,1,1,0,1,2,1],0,1].
[[3,8,0,1,2,0,2,2,1],0,8].
[[1,9,2,1,2,0,1,1,2],1,5].
[[2,8,0,1,2,0,1,1,2],0,1].
[[3,3,1,1,1,2,2,2,2],3,1].
[[2,5,0,1,1,2,2,2,0],8,0].
[[3,6,0,1,1,2,2,1,1],0,1].
[[3,3,1,1,2,2,1,2,0],2,0].
[[3,8,1,1,2,2,2,2,2],1,1].
[[3,7,1,0,0,0,2,1,1],2,4].
[[2,5,0,0,0,0,2,3,0],5,0].
[[3,9,1,0,0,0,1,1,2],0,7].
[[2,7,1,1,2,2,1,1,1],4,0].
[[3,3,1,1,2,2,1,1,1],1,0].
[[3,9,1,0,0,0,1,1,1],0,5].
[[1,9,2,1,2,0,1,1,0],1,5].
[[2,8,1,1,1,0,1,1,0],1,0].
[[3,7,1,0,0,0,1,1,0],4,0].
[[2,9,2,1,1,2,1,1,0],0,5].
[[1,6,1,0,0,0,2,3,1],10,0].
[[2,7,2,1,2,0,0,0,0],5,2].
[[3,7,2,1,2,0,2,1,0],1,1].
[[1,7,1,0,0,0,2,1,0],2,1].
[[2,7,1,0,0,0,1,2,0],3,3].
[[2,3,2,0,0,0,0,0,0],8,1].
[[3,3,2,0,0,0,0,0,0],5,0].
[[3,9,0,0,0,0,2,3,0],0,1].
[[1,8,0,1,2,2,2,1,0],6,14].
[[3,8,0,0,0,0,1,1,2],0,5].
[[2,9,1,0,0,0,2,2,1],1,14].
[[3,7,0,1,2,2,1,1,2],0,5].
[[3,6,0,1,2,2,2,2,2],0,5].
[[3,9,0,0,0,0,2,1,0],0,2].
[[2,9,1,0,0,0,1,1,0],2,16].
[[1,6,1,0,0,0,2,2,1],8,0].
[[3,6,1,1,2,2,2,2,1],9,0].
[[1,8,1,1,2,0,2,1,1],3,5].
[[2,8,1,1,1,0,2,1,1],0,1].
[[3,7,1,1,1,0,2,1,1],0,3].
[[3,6,1,1,2,0,0,0,0],3,0].
[[3,6,0,1,2,2,2,1,0],0,5].
[[2,4,2,1,2,0,1,1,0],10,2].
[[1,6,1,0,0,0,2,3,2],16,1].
[[2,6,1,1,2,0,2,3,2],4,0].
[[2,8,0,1,2,2,2,1,1],4,17].
[[3,3,1,1,2,2,1,2,2],2,0].
[[3,6,1,1,1,0,2,2,1],1,0].
[[3,3,1,1,2,2,2,1,0],2,0].
[[2,7,2,1,2,2,2,3,0],5,1].
[[2,8,0,1,2,0,1,1,1],1,1].
[[3,5,0,0,0,0,1,1,1],18,1].
[[1,5,0,0,0,0,1,2,0],6,1].
[[2,5,0,1,2,0,1,2,0],4,1].
[[3,5,0,1,1,0,1,2,0],4,2].
[[3,7,1,1,2,0,2,2,1],4,4].
[[2,7,1,1,2,0,2,2,1],2,3].
[[2,7,2,1,1,0,0,0,0],0,2].
[[3,7,0,0,0,0,1,1,0],0,1].
[[3,6,0,1,1,2,2,2,0],0,6].
[[1,6,1,1,2,2,2,2,2],5,0].
[[1,8,0,1,2,2,1,2,0],3,7].
[[1,8,1,1,2,0,1,1,2],0,3].
[[2,9,1,1,1,0,1,1,1],0,2].
[[3,9,0,1,1,0,1,1,1],0,1].
[[2,7,1,0,0,0,2,2,0],8,2].
[[3,7,1,1,1,2,1,1,1],6,3].
[[3,6,1,1,1,2,2,2,2],4,0].
[[2,7,1,1,1,2,1,1,0],1,0].
[[1,5,0,1,2,0,1,1,2],2,0].
[[2,9,1,1,1,0,1,2,0],1,4].
[[3,8,0,1,2,0,1,1,1],0,5].
[[2,5,0,1,1,2,1,1,0],4,0].
[[2,9,1,1,1,0,1,2,1],1,1].
[[3,7,1,1,1,0,2,3,2],3,5].
[[3,5,0,0,0,0,2,2,0],3,0].
[[3,6,1,1,2,2,2,1,1],8,1].
[[3,3,2,1,2,2,2,3,2],4,0].
[[3,5,0,1,2,0,2,3,0],4,1].
[[3,3,1,1,1,2,2,3,1],1,0].
[[2,3,2,1,2,0,2,3,2],2,0].
[[3,6,0,1,2,2,1,2,1],0,4].
[[1,7,2,1,2,2,2,2,0],1,0].
[[1,5,0,0,0,0,1,2,1],2,0].
[[1,4,2,1,2,0,2,1,1],4,1].
[[2,7,0,0,0,0,2,3,1],0,2].
[[1,6,1,1,2,2,2,1,1],3,0].
[[2,6,1,1,2,2,1,1,1],3,0].
[[3,6,1,1,2,2,1,1,1],2,2].
[[2,6,0,1,2,2,2,2,2],0,4].
[[3,7,1,1,2,0,1,1,2],3,3].
[[2,7,0,1,2,2,2,2,2],0,2].
[[3,7,2,1,2,0,2,2,0],6,1].
[[2,6,1,1,1,2,2,3,0],4,0].
[[3,6,1,1,1,2,2,3,0],5,0].
[[3,7,2,0,0,0,2,3,0],5,0].
[[1,5,0,0,0,0,2,2,0],4,0].
[[3,5,0,1,2,0,2,2,0],4,0].
[[3,9,0,1,2,2,1,2,1],0,6].
[[3,3,1,0,0,0,1,2,0],1,0].
[[1,7,2,0,0,0,2,3,0],2,0].
[[1,8,1,1,1,2,2,2,0],3,0].
[[3,7,2,1,1,0,2,2,1],1,0].
[[2,3,1,1,2,2,2,3,2],3,0].
[[3,2,1,1,2,2,2,3,2],1,0].
[[1,9,2,1,2,0,1,2,1],2,4].
[[2,9,2,1,2,0,1,2,1],1,3].
[[2,6,1,1,2,2,1,1,0],1,0].
[[3,3,2,1,2,2,1,1,0],2,0].
[[2,5,0,1,2,0,2,2,0],1,0].
[[3,6,0,1,1,2,2,3,2],0,1].
[[3,9,0,1,1,2,2,1,0],0,4].
[[3,7,2,1,2,2,2,1,0],2,0].
[[3,9,1,1,1,0,2,1,1],0,1].
[[3,9,1,0,0,0,2,1,0],0,8].
[[1,8,0,1,2,2,1,2,1],1,2].
[[3,3,2,0,0,0,1,2,1],2,0].
[[2,7,1,0,0,0,1,2,2],4,1].
[[1,8,1,1,1,2,1,2,2],5,1].
[[3,7,0,1,2,2,1,2,1],0,5].
[[3,3,2,1,2,2,2,3,0],3,0].
[[3,6,1,0,0,0,2,2,0],8,0].
[[2,9,1,1,1,2,2,2,2],0,5].
[[2,9,1,1,1,0,1,2,2],0,1].
[[3,4,0,1,2,0,1,2,2],0,1].
[[1,4,2,1,2,0,2,2,0],16,1].
[[2,6,1,1,2,2,2,2,1],10,0].
[[2,7,2,1,1,2,2,2,0],1,0].
[[1,8,0,1,1,2,1,1,2],2,1].
[[2,7,1,1,1,2,1,1,2],1,0].
[[2,7,0,0,0,0,2,2,0],0,1].
[[3,7,0,1,2,2,1,1,0],0,2].
[[1,7,2,1,2,0,1,2,2],0,1].
[[2,7,2,1,1,0,1,2,2],0,1].
[[1,7,1,1,2,2,2,1,1],3,0].
[[2,7,1,1,1,2,2,1,1],4,0].
[[3,6,0,1,2,2,1,2,0],0,2].
[[2,7,0,1,2,2,2,3,1],0,2].
[[3,7,2,1,1,0,1,2,1],0,3].
[[1,6,1,0,0,0,1,2,1],3,1].
[[2,6,1,1,2,2,1,2,1],2,0].
[[3,8,0,1,1,2,1,1,2],0,13].
[[3,7,1,0,0,0,2,1,0],7,2].
[[2,6,1,1,1,2,2,2,2],1,0].
[[3,3,1,0,0,0,0,0,0],3,1].
[[2,7,1,1,2,0,2,2,2],3,2].
[[3,7,1,1,1,2,0,0,0],3,7].
[[3,7,2,0,0,0,2,1,1],2,0].
[[2,5,0,1,2,0,2,3,0],3,0].
[[2,6,1,0,0,0,1,1,2],2,0].
[[3,7,1,1,1,0,2,1,0],2,2].
[[1,7,2,1,2,0,2,2,2],3,2].
[[1,6,1,1,2,2,2,3,2],3,0].
[[2,6,1,1,1,2,1,2,2],1,0].
[[3,2,1,1,1,2,1,2,2],1,0].
[[3,8,0,1,1,0,2,2,0],0,6].
[[1,7,1,1,2,2,2,2,0],1,1].
[[3,9,1,1,1,0,2,3,1],0,2].
[[3,8,1,1,2,0,2,3,2],8,3].
[[1,7,2,0,0,0,2,1,1],2,0].
[[2,3,2,0,0,0,2,1,1],1,0].
[[3,3,2,1,2,2,1,1,1],1,0].
[[3,7,0,0,0,0,2,3,2],0,3].
[[3,7,2,0,0,0,1,1,0],3,0].
[[2,3,2,0,0,0,2,3,0],2,0].
[[3,3,2,0,0,0,1,2,0],1,0].
[[2,6,1,1,1,2,2,1,1],2,0].
[[2,5,0,1,1,2,1,2,1],6,1].
[[3,7,2,1,1,2,0,0,0],2,0].
[[2,9,2,0,0,0,2,1,1],1,5].
[[3,5,0,1,1,0,1,2,1],2,1].
[[2,6,1,1,2,0,2,3,1],3,0].
[[3,6,1,1,1,0,1,1,2],1,0].
[[1,7,2,1,2,2,2,1,1],1,1].
[[3,7,2,1,1,2,1,1,1],3,2].
[[1,8,1,0,0,0,1,1,0],2,1].
[[3,8,0,1,2,2,2,2,2],0,2].
[[2,7,0,0,0,0,2,3,0],0,2].
[[1,7,1,0,0,0,1,2,1],2,1].
[[2,3,1,0,0,0,1,2,1],1,0].
[[3,3,1,1,2,0,1,2,1],1,0].
[[3,7,1,1,1,0,0,0,0],0,4].
[[3,7,2,0,0,0,2,2,2],2,0].
[[3,2,1,0,0,0,2,3,2],1,0].
[[3,7,2,1,2,0,2,2,1],4,2].
[[2,3,1,0,0,0,2,3,1],1,0].
[[3,3,1,1,2,0,2,3,1],2,0].
[[3,7,0,1,2,0,2,3,2],0,4].
[[2,9,1,0,0,0,0,0,0],1,9].
[[3,3,1,1,1,2,2,2,1],1,0].
[[2,1,2,1,2,0,2,2,0],1,0].
[[3,1,2,1,2,0,1,1,1],4,0].
[[3,6,1,1,2,0,1,2,0],3,1].
[[3,6,0,1,2,2,2,3,2],0,8].
[[2,9,2,1,1,0,1,2,2],0,5].
[[2,6,1,0,0,0,1,2,2],6,0].
[[2,6,0,1,2,2,2,2,0],2,1].
[[3,7,2,1,1,0,2,2,2],3,1].
[[1,2,1,0,0,0,0,0,0],2,0].
[[2,2,1,0,0,0,2,1,1],1,0].
[[3,2,1,1,2,0,2,1,1],1,0].
[[3,9,0,1,1,2,2,2,0],0,3].
[[2,9,1,1,1,2,1,1,1],8,7].
[[3,6,1,1,2,0,2,2,1],3,1].
[[2,5,0,1,2,0,1,2,1],1,0].
[[2,7,1,1,2,0,2,1,1],2,0].
[[3,7,2,1,1,0,2,1,0],1,1].
[[2,6,0,0,0,0,2,3,2],0,2].
[[3,6,0,0,0,0,2,3,2],0,1].
[[2,9,2,1,2,0,1,1,1],0,3].
[[3,7,2,1,1,2,2,2,0],1,0].
[[2,7,1,1,2,2,1,1,0],1,1].
[[3,1,2,1,2,0,1,1,2],2,0].
[[2,5,0,1,1,2,1,1,2],8,0].
[[3,6,0,1,2,2,1,1,1],0,1].
[[3,3,2,1,2,0,2,2,2],3,0].
[[3,9,1,1,1,2,2,3,1],0,3].
[[2,3,2,1,2,0,0,0,0],1,0].
[[3,8,0,1,1,0,0,0,0],0,3].
[[1,4,2,1,2,0,1,1,2],2,0].
[[3,6,0,1,1,2,2,2,2],0,1].
[[3,5,0,1,1,2,1,1,2],13,0].
[[1,3,2,0,0,0,2,2,2],2,0].
[[2,7,1,0,0,0,2,1,0],3,1].
[[3,9,0,1,2,0,2,1,0],0,1].
[[3,7,2,1,2,2,1,1,1],2,2].
[[2,8,1,1,1,0,2,3,1],1,4].
[[1,8,1,1,1,2,1,1,1],2,3].
[[3,6,0,1,2,2,2,2,1],0,2].
[[2,7,0,1,1,2,2,3,0],1,1].
[[2,6,1,1,2,0,2,3,0],2,0].
[[1,7,2,1,2,2,1,2,2],2,1].
[[2,7,2,1,1,0,1,2,0],1,0].
[[2,9,2,1,1,0,2,3,0],0,2].
[[3,8,1,1,2,0,0,0,0],0,2].
[[3,6,1,1,2,0,2,2,2],3,2].
[[3,8,0,1,1,2,2,1,1],0,9].
[[2,3,2,1,2,2,2,2,2],1,0].
[[3,3,2,1,2,2,2,3,1],3,0].
[[3,7,2,1,1,2,1,1,0],1,2].
[[3,6,0,1,2,0,2,2,0],0,2].
[[1,6,1,1,2,2,2,2,1],2,0].
[[3,7,2,1,1,2,1,2,0],2,0].
[[2,8,1,1,1,0,2,2,1],1,1].
[[3,5,0,1,1,0,1,1,0],1,2].
[[3,9,0,1,2,0,2,3,0],0,2].
[[2,9,1,1,2,0,0,0,0],0,2].
[[3,8,1,1,1,0,2,1,1],0,2].
[[3,3,1,1,2,2,2,2,1],7,0].
[[3,7,0,1,2,0,2,2,2],0,1].
[[3,6,1,0,0,0,1,1,2],1,0].
[[2,7,2,1,2,0,1,2,1],1,2].
[[2,7,2,1,2,2,2,1,0],4,0].
[[3,8,1,0,0,0,0,0,0],0,1].
[[3,7,2,1,2,0,2,3,0],4,0].
[[3,6,0,1,1,2,2,2,1],0,3].
[[2,9,1,1,2,0,2,1,1],0,2].
[[3,5,0,1,2,0,2,1,0],2,0].
[[3,6,1,1,1,0,2,2,0],1,1].
[[3,6,1,1,1,2,2,1,1],2,0].
[[3,3,1,0,0,0,2,3,0],1,0].
[[2,7,1,1,2,2,1,1,2],0,3].
[[3,8,1,1,1,0,1,1,2],1,3].
[[1,6,1,0,0,0,2,1,0],1,0].
[[3,8,1,1,1,0,2,2,1],0,4].
[[1,8,0,1,1,2,2,1,1],1,1].
[[3,3,1,1,1,2,2,1,1],1,0].
[[2,6,1,0,0,0,2,1,0],4,0].
[[3,6,1,0,0,0,2,1,0],6,0].
[[3,6,0,1,1,2,1,2,0],0,1].
[[2,8,0,1,2,0,2,1,1],0,1].
[[2,9,1,1,1,0,2,3,1],0,2].
[[3,6,0,0,0,0,2,3,0],0,3].
[[3,2,1,1,2,2,0,0,0],1,0].
[[3,6,0,1,1,2,1,2,1],0,2].
[[1,5,0,1,2,2,1,2,1],3,0].
[[3,6,1,0,0,0,0,0,0],1,1].
[[3,7,0,1,1,2,2,2,2],0,5].
[[2,7,1,1,1,2,1,2,1],5,0].
[[3,8,1,1,1,2,0,0,0],0,1].
[[3,3,2,1,2,0,1,2,0],1,0].
[[3,3,2,1,2,0,1,2,2],3,0].
[[3,9,1,1,2,2,2,2,1],0,4].
[[3,6,1,0,0,0,2,2,1],3,0].
[[2,3,1,0,0,0,0,0,0],7,0].
[[1,7,2,0,0,0,2,1,0],1,0].
[[2,3,2,1,2,0,2,1,0],1,0].
[[3,3,2,1,2,0,2,1,0],1,0].
[[3,6,1,1,1,0,0,0,0],1,0].
[[3,4,0,1,2,0,2,2,0],0,1].
[[3,5,0,1,1,0,2,3,0],1,0].
[[3,7,2,1,1,2,2,1,1],4,0].
[[2,6,1,1,2,2,2,1,0],2,0].
[[2,6,0,1,1,2,2,3,2],0,1].
[[2,7,2,1,2,0,2,1,0],1,0].
[[3,3,1,1,2,0,2,2,1],1,0].
[[2,6,1,1,2,0,2,1,1],0,2].
[[2,7,1,1,2,0,1,1,1],1,3].
[[3,8,0,1,2,0,2,1,1],0,5].
[[3,7,0,1,2,0,2,3,1],0,2].
[[2,9,1,1,1,0,2,2,0],0,3].
[[3,3,2,1,1,2,2,2,1],1,0].
[[3,3,1,0,0,0,1,2,2],2,1].
[[2,7,0,1,1,2,2,2,0],0,2].
[[3,5,0,1,1,2,2,1,0],1,0].
[[1,8,1,1,1,2,1,1,2],3,0].
[[3,7,2,1,1,2,1,1,2],3,0].
[[3,6,1,1,1,2,0,0,0],2,0].
[[2,9,1,1,2,0,2,2,1],0,4].
[[1,3,2,0,0,0,1,2,2],1,0].
[[2,3,2,0,0,0,1,2,2],2,0].
[[3,4,0,1,2,0,1,2,0],0,2].
[[1,7,2,1,2,0,2,3,2],2,1].
[[3,7,2,1,2,0,1,1,1],1,4].
[[3,9,1,1,1,0,1,1,1],0,2].
[[3,9,1,1,2,2,0,0,0],0,2].
[[3,8,0,1,1,0,1,2,1],0,1].
[[3,7,2,1,1,0,2,3,0],2,0].
[[1,7,2,0,0,0,2,2,0],5,0].
[[2,7,2,0,0,0,1,1,0],2,0].
[[2,6,1,1,1,2,2,2,1],1,0].
[[2,9,1,1,1,0,1,1,0],0,1].
[[3,3,2,1,1,2,1,1,2],1,0].
[[3,3,1,0,0,0,2,1,1],2,0].
[[3,7,2,1,1,0,1,1,0],1,0].
[[2,9,1,1,1,0,1,1,2],0,1].
[[3,8,0,1,1,0,1,1,2],0,1].
[[1,6,1,0,0,0,1,2,2],2,0].
[[2,3,2,1,2,0,1,2,1],1,0].
[[3,3,2,1,2,0,1,2,1],1,0].
[[3,6,1,1,1,0,2,3,1],0,1].
[[3,3,2,1,1,0,2,3,2],1,0].
[[1,7,1,0,0,0,2,2,1],2,2].
[[3,6,1,0,0,0,1,1,1],1,1].
[[2,7,0,1,1,2,2,2,2],1,0].
[[2,7,0,1,1,2,1,1,2],1,0].
[[2,3,1,0,0,0,2,3,2],1,0].
[[3,9,0,1,1,0,2,3,0],0,1].
[[3,6,1,1,2,0,2,1,1],1,0].
[[2,7,2,1,1,2,0,0,0],0,1].
[[3,9,0,1,2,0,1,2,1],0,1].
[[2,3,1,1,2,2,2,2,2],1,0].
[[2,7,0,1,2,2,1,2,2],0,1].
[[3,2,1,1,2,2,1,2,0],1,0].
[[3,1,2,1,2,0,2,2,0],1,0].
[[2,8,0,1,2,0,1,1,0],1,3].
[[2,7,0,1,2,2,2,1,0],0,1].
[[2,7,2,1,2,0,2,2,0],1,0].
[[2,6,1,1,2,0,1,2,0],0,1].
[[3,6,1,1,1,0,1,2,0],0,1].
[[3,7,2,1,1,0,2,3,1],0,1].
[[3,9,1,1,2,0,0,0,0],0,1].
[[3,7,2,0,0,0,1,1,1],1,0].
[[2,7,2,1,2,0,2,1,1],2,0].
[[3,7,2,1,1,0,1,1,1],1,0].
[[3,6,1,1,1,0,2,1,1],0,1].
[[1,8,0,1,1,2,1,2,1],1,0].
[[3,3,1,1,1,2,2,1,0],1,0].
[[1,7,2,1,2,2,2,3,0],1,0].
[[2,7,2,1,2,2,1,2,0],2,0].
[[2,6,0,0,0,0,1,2,0],0,1].
[[3,6,0,0,0,0,1,1,0],0,1].
[[3,7,0,1,2,0,1,1,2],0,1].
[[3,9,0,1,1,0,2,2,0],0,1].
[[3,1,2,1,2,0,2,3,0],1,0].
[[3,3,2,1,2,2,2,2,0],1,0].
[[3,7,2,1,1,0,2,2,0],1,1].
[[1,5,0,1,1,2,1,2,0],2,0].
[[3,7,0,0,0,0,1,2,1],0,1].
[[2,3,2,0,0,0,2,2,1],1,0].
[[3,3,2,0,0,0,2,2,1],1,0].
[[3,9,0,1,2,2,2,2,0],0,2].
[[3,5,0,1,1,0,2,2,0],1,0].
[[2,1,2,1,2,0,1,2,0],1,0].
[[3,1,2,1,2,0,1,2,0],2,0].
[[3,6,0,0,0,0,2,2,1],0,1].
[[3,3,2,1,2,0,0,0,0],1,0].
[[2,7,0,0,0,0,1,2,0],0,1].
[[2,7,0,0,0,0,2,3,2],0,1].
[[3,7,0,0,0,0,1,2,2],0,1].
[[3,6,0,0,0,0,2,2,2],0,1].
[[3,9,1,1,2,2,2,1,1],0,1].
[[2,6,0,1,1,2,1,1,2],0,1].
[[2,2,0,1,2,2,0,0,0],0,1].
[[3,2,0,1,2,2,2,2,0],0,1].
[[3,7,0,0,0,0,2,2,0],0,2].
[[2,9,1,1,1,0,0,0,0],0,1].
[[3,9,1,1,1,0,2,1,0],0,1].
[[3,7,2,1,2,0,1,1,0],2,0].
[[3,7,0,1,2,0,1,2,0],0,1].
[[2,2,1,0,0,0,0,0,0],1,0].
[[3,2,1,1,2,2,2,1,0],1,0].
[[3,6,1,1,1,2,2,3,2],2,0].
[[3,3,2,0,0,0,2,3,0],1,0].
[[3,6,0,0,0,0,1,2,0],0,1].
[[2,7,2,1,2,0,1,1,1],0,1].
[[2,6,0,1,1,2,2,2,1],0,1].
[[3,3,0,1,1,2,0,0,0],0,1].
[[2,9,2,1,1,0,2,3,1],0,2].
[[2,3,2,0,0,0,1,2,1],1,0].
[[3,6,0,1,1,2,2,1,0],0,1].
[[2,5,0,0,0,0,1,1,0],1,0].
[[3,9,0,0,0,0,2,2,0],0,1].
[[1,4,2,1,2,0,1,1,1],2,0].
[[3,6,1,0,0,0,1,1,0],0,1].
[[1,5,0,1,1,2,2,2,0],0,1].
[[3,7,1,1,1,0,1,1,0],1,1].
[[3,6,0,1,2,0,1,2,2],0,1].
[[3,9,1,1,1,2,0,0,0],0,2].
[[2,7,2,0,0,0,1,2,0],1,0].
[[1,8,0,0,0,0,1,1,0],0,1].
[[2,7,1,0,0,0,1,1,0],0,1].
[[1,6,0,0,0,0,2,2,2],0,1].
[[2,6,0,0,0,0,1,1,2],0,1].
[[3,6,0,0,0,0,1,2,1],0,1].
[[3,3,2,1,1,0,2,2,2],2,0].
[[2,3,2,0,0,0,2,3,1],1,0].
[[2,6,1,1,1,2,2,3,2],1,0].
[[2,7,2,1,1,0,2,2,2],1,0].
[[3,7,0,1,2,2,1,1,1],0,1].
[[2,3,2,1,2,0,2,2,0],1,0].
[[2,6,1,1,2,0,1,2,2],0,1].
[[3,6,1,1,1,0,1,2,2],0,1].
[[2,6,0,1,2,2,1,2,2],0,1].
[[3,2,0,1,2,2,1,2,2],0,1].
[[3,3,1,1,2,0,2,2,2],0,1].
[[3,7,2,1,1,0,1,1,2],0,1].
[[3,7,0,1,2,0,2,2,1],0,1].
[[3,9,0,1,2,2,2,3,0],0,1].
