total_WL(5117,6474).
[[1,9,2,1,2,2,2,3,0],129,237].
[[2,8,1,1,2,2,1,2,1],125,44].
[[3,8,1,1,1,0,1,1,1],3,9].
[[1,9,2,1,2,2,2,2,0],111,223].
[[2,9,2,1,2,2,1,2,0],15,72].
[[3,8,0,1,2,2,1,2,0],6,86].
[[1,9,2,1,2,2,1,1,0],11,37].
[[2,8,0,1,2,2,1,1,0],2,16].
[[3,5,0,1,2,2,1,1,0],13,4].
[[1,8,1,1,2,2,2,2,2],92,51].
[[2,8,1,1,2,2,2,2,2],63,47].
[[3,6,1,1,2,2,2,2,2],12,2].
[[1,9,2,0,0,0,2,2,0],69,197].
[[2,9,2,0,0,0,1,1,0],4,18].
[[3,9,1,0,0,0,1,2,0],6,15].
[[1,9,2,1,2,2,2,3,2],55,155].
[[2,8,0,1,2,2,2,3,2],8,65].
[[3,8,0,1,1,2,1,2,2],2,93].
[[1,8,1,1,2,0,2,1,0],5,2].
[[2,8,1,1,2,0,2,1,0],8,3].
[[3,8,1,1,1,0,2,1,0],2,4].
[[1,9,2,1,2,0,2,2,2],3,19].
[[2,9,2,1,2,0,1,2,2],10,37].
[[3,9,1,1,2,2,1,2,1],9,90].
[[1,8,0,0,0,0,0,0,0],70,178].
[[2,8,0,0,0,0,0,0,0],10,47].
[[3,8,0,1,2,0,2,3,0],4,36].
[[1,9,2,1,2,0,2,1,1],1,4].
[[2,9,2,1,1,0,1,2,1],0,3].
[[3,9,2,1,1,0,1,2,1],0,14].
[[1,8,0,1,2,2,2,2,0],15,31].
[[2,8,0,1,2,2,2,2,0],18,105].
[[3,7,1,1,2,2,2,2,0],20,21].
[[1,8,0,1,2,2,0,0,0],67,218].
[[3,8,0,1,2,2,2,2,0],17,123].
[[1,9,2,0,0,0,2,3,1],60,197].
[[2,8,0,0,0,0,2,3,1],4,48].
[[3,8,0,1,2,0,2,3,1],0,17].
[[2,9,2,1,1,2,1,2,0],22,28].
[[3,5,0,1,1,2,1,2,0],37,4].
[[1,8,0,1,2,2,2,3,1],11,54].
[[2,8,0,1,1,2,2,3,1],23,39].
[[1,8,1,0,0,0,2,3,0],57,26].
[[2,8,1,0,0,0,1,2,0],13,7].
[[3,7,2,0,0,0,1,2,0],2,0].
[[3,8,1,1,1,2,2,3,1],25,26].
[[1,7,1,1,2,2,0,0,0],44,25].
[[2,7,1,1,1,2,2,2,1],6,1].
[[3,7,1,1,1,2,2,2,0],18,3].
[[1,8,0,1,2,2,2,2,2],11,53].
[[2,8,0,1,2,2,2,2,2],7,61].
[[3,8,0,1,2,2,2,2,2],1,30].
[[1,8,1,0,0,0,2,2,2],123,45].
[[2,8,1,0,0,0,2,2,2],40,27].
[[3,8,1,1,2,0,1,2,2],22,22].
[[1,8,1,0,0,0,2,3,2],125,71].
[[2,8,1,0,0,0,2,3,1],93,60].
[[3,8,1,0,0,0,1,2,1],42,38].
[[2,7,1,1,1,2,0,0,0],23,7].
[[3,7,1,1,1,2,2,2,1],19,5].
[[1,8,1,1,2,2,0,0,0],133,109].
[[2,6,1,1,2,2,0,0,0],16,1].
[[3,6,1,1,2,2,0,0,0],5,0].
[[1,9,2,1,2,2,1,2,1],46,55].
[[2,9,1,1,1,2,1,2,1],15,14].
[[3,4,2,1,2,0,1,2,1],120,9].
[[2,8,1,1,2,0,2,2,2],20,18].
[[3,8,1,1,2,0,2,2,1],11,9].
[[2,7,1,0,0,0,0,0,0],37,28].
[[3,3,1,0,0,0,0,0,0],5,1].
[[1,9,2,1,1,2,2,3,1],66,35].
[[2,8,1,1,1,2,2,3,1],51,21].
[[3,7,2,1,1,2,2,3,1],6,2].
[[2,8,0,0,0,0,2,2,0],10,40].
[[1,9,2,1,2,2,1,2,2],95,160].
[[2,9,2,1,2,2,1,2,2],38,170].
[[3,5,0,1,1,2,1,1,1],46,2].
[[1,9,2,1,2,2,0,0,0],82,270].
[[2,9,2,1,1,2,2,3,2],4,11].
[[3,9,2,1,1,2,1,1,1],0,20].
[[2,8,0,1,2,2,1,2,1],11,35].
[[1,8,0,0,0,0,2,3,1],8,40].
[[2,8,0,1,2,2,2,3,1],21,104].
[[3,7,0,1,2,2,2,3,1],2,15].
[[1,8,0,1,1,2,2,3,2],14,14].
[[2,8,0,1,1,2,1,2,2],17,21].
[[1,8,1,0,0,0,0,0,0],180,182].
[[3,8,1,1,2,2,2,1,0],29,34].
[[1,9,2,0,0,0,2,2,2],39,131].
[[2,9,2,1,2,0,2,3,1],2,19].
[[3,8,0,1,2,2,2,3,1],7,72].
[[1,8,0,1,2,2,2,3,2],22,53].
[[2,7,0,1,2,2,2,3,2],1,9].
[[3,7,0,1,2,2,2,3,2],0,18].
[[1,9,2,0,0,0,0,0,0],69,247].
[[3,7,1,0,0,0,2,3,1],20,8].
[[1,8,0,1,1,2,0,0,0],41,36].
[[2,8,0,1,1,2,2,1,1],8,6].
[[2,8,1,1,2,2,2,3,1],133,116].
[[3,8,1,1,1,2,1,2,1],90,52].
[[1,9,2,1,1,2,2,2,1],19,35].
[[2,9,2,1,1,2,1,1,1],7,12].
[[3,4,2,1,2,0,1,1,1],44,0].
[[2,8,1,0,0,0,1,2,1],70,37].
[[1,9,2,1,2,2,2,3,1],101,221].
[[2,9,2,1,1,2,1,2,2],31,52].
[[3,9,1,1,1,2,1,2,2],3,20].
[[1,8,1,0,0,0,1,1,1],29,15].
[[2,8,1,0,0,0,1,1,1],30,15].
[[3,8,1,1,2,0,1,1,1],19,20].
[[3,9,1,1,2,2,1,1,0],4,55].
[[2,8,1,1,2,2,1,2,2],105,55].
[[3,7,1,1,2,2,1,2,2],55,33].
[[2,9,1,1,2,2,2,3,0],16,40].
[[3,9,1,1,1,0,1,2,0],1,18].
[[1,9,2,1,1,2,2,3,2],30,26].
[[2,8,1,1,1,2,2,3,2],24,9].
[[3,8,1,1,1,2,2,3,2],4,5].
[[1,8,1,1,2,2,2,3,1],164,74].
[[3,5,0,1,2,2,1,2,1],45,1].
[[1,9,2,0,0,0,1,2,2],70,127].
[[2,9,2,0,0,0,1,1,1],2,15].
[[3,8,1,0,0,0,1,1,1],11,16].
[[1,9,2,1,2,2,2,1,0],35,107].
[[2,9,2,1,2,2,2,1,0],17,68].
[[3,8,0,1,2,2,2,1,0],10,81].
[[1,7,2,0,0,0,0,0,0],53,8].
[[2,7,2,1,2,0,0,0,0],8,3].
[[3,7,2,1,1,0,2,3,1],4,2].
[[2,9,2,1,2,0,2,2,0],6,45].
[[3,8,0,1,2,0,2,2,0],5,24].
[[2,9,2,1,2,2,1,1,0],6,36].
[[3,9,2,1,2,2,1,1,0],0,25].
[[2,9,2,0,0,0,2,1,0],13,35].
[[3,5,0,0,0,0,1,1,0],7,2].
[[3,7,1,1,2,2,1,1,1],26,16].
[[1,9,2,1,2,2,2,2,2],49,128].
[[2,9,2,1,1,2,2,2,2],9,17].
[[3,9,1,1,1,2,2,2,0],5,35].
[[2,8,1,1,2,2,0,0,0],19,33].
[[3,8,1,1,1,2,2,2,0],22,29].
[[3,5,0,0,0,0,1,2,0],13,0].
[[1,9,2,0,0,0,2,2,1],31,121].
[[2,8,1,0,0,0,2,2,1],30,33].
[[1,9,2,1,2,0,2,3,1],5,32].
[[2,8,0,1,2,0,2,3,1],2,13].
[[1,9,2,0,0,0,2,3,0],106,200].
[[2,8,0,1,2,2,2,3,0],28,121].
[[3,6,0,1,2,2,2,3,0],0,11].
[[2,9,2,0,0,0,1,2,1],17,65].
[[3,8,0,0,0,0,1,2,1],5,24].
[[1,9,2,1,1,2,1,2,1],23,14].
[[2,4,2,1,2,0,1,1,0],12,3].
[[3,4,2,1,2,0,1,1,0],28,6].
[[1,8,0,0,0,0,2,2,2],15,45].
[[3,8,0,1,2,2,1,2,2],5,125].
[[2,8,1,0,0,0,2,3,0],41,32].
[[3,8,1,1,2,0,1,2,0],11,13].
[[1,9,2,1,2,2,2,1,1],12,34].
[[2,8,0,1,2,2,2,1,1],4,21].
[[3,8,0,1,2,2,1,1,1],10,36].
[[2,9,2,1,1,2,2,2,0],37,54].
[[3,8,1,1,1,2,1,1,1],18,19].
[[2,9,1,1,2,2,1,2,2],7,12].
[[1,8,0,0,0,0,1,2,2],8,15].
[[2,6,0,1,2,2,1,2,2],3,0].
[[3,3,1,1,2,2,1,2,2],6,1].
[[1,9,2,1,1,2,2,2,2],37,29].
[[2,9,2,1,1,2,1,1,2],5,10].
[[3,4,2,1,2,0,1,1,2],24,0].
[[2,9,2,0,0,0,1,2,2],22,63].
[[3,5,0,0,0,0,1,1,1],18,0].
[[2,8,0,0,0,0,1,2,1],8,13].
[[3,7,1,1,2,0,1,2,1],27,9].
[[1,8,1,1,1,2,2,3,1],26,5].
[[2,8,1,1,1,2,2,3,0],34,14].
[[3,7,1,1,1,2,2,3,0],20,16].
[[3,7,1,1,1,2,2,3,1],33,26].
[[1,6,1,0,0,0,2,3,2],11,1].
[[2,6,1,0,0,0,2,1,1],10,0].
[[3,6,1,1,2,0,1,2,1],14,1].
[[1,9,2,1,2,0,1,2,1],0,9].
[[2,5,0,1,1,0,1,1,1],0,1].
[[3,4,0,1,2,0,1,2,2],0,1].
[[2,9,2,0,0,0,2,2,1],1,28].
[[3,8,0,0,0,0,2,2,1],1,5].
[[2,9,2,1,2,2,2,3,1],15,106].
[[3,9,2,1,2,2,2,3,0],3,54].
[[1,8,0,1,2,2,2,2,1],14,33].
[[2,8,0,1,1,2,2,2,1],10,23].
[[3,8,0,1,1,2,2,2,1],3,23].
[[3,5,0,1,2,2,1,1,1],55,6].
[[2,8,0,1,2,2,1,2,2],19,88].
[[2,9,2,0,0,0,2,3,0],33,92].
[[2,8,0,1,2,2,0,0,0],19,109].
[[1,8,1,1,2,0,1,2,1],4,3].
[[2,8,1,1,1,0,1,1,1],0,3].
[[2,7,1,0,0,0,1,1,1],3,3].
[[3,3,1,1,2,2,1,1,1],3,0].
[[2,8,1,1,1,2,2,2,2],23,11].
[[3,7,1,1,1,2,2,2,2],24,10].
[[3,7,1,0,0,0,2,3,0],8,10].
[[3,9,2,1,1,2,2,1,0],1,13].
[[1,8,1,1,2,2,2,2,0],31,13].
[[2,7,1,1,2,2,2,2,0],10,2].
[[3,7,1,1,2,2,1,2,0],11,0].
[[2,8,0,1,1,2,0,0,0],21,48].
[[3,4,2,1,2,0,2,2,0],101,3].
[[1,9,2,1,2,2,2,2,1],47,117].
[[2,9,2,1,2,2,2,3,0],49,213].
[[3,9,1,1,2,2,2,2,0],5,53].
[[1,8,1,0,0,0,2,3,1],161,86].
[[3,7,1,1,2,2,2,3,1],91,53].
[[1,8,0,0,0,0,2,2,0],8,30].
[[2,9,2,1,2,2,2,2,0],35,152].
[[3,9,1,1,2,2,1,2,0],10,79].
[[2,9,2,1,2,0,2,2,2],3,12].
[[3,9,2,1,2,0,1,2,2],2,27].
[[3,5,0,1,2,2,2,1,0],1,0].
[[2,9,1,0,0,0,2,3,0],2,22].
[[3,9,1,1,2,0,2,2,0],2,22].
[[1,9,2,1,1,2,1,2,2],39,25].
[[2,4,2,1,2,0,1,1,1],12,0].
[[1,8,0,0,0,0,2,1,1],3,3].
[[2,5,0,1,2,2,1,2,1],17,1].
[[3,5,0,1,1,2,1,2,1],28,0].
[[3,8,0,1,2,2,1,2,1],9,99].
[[2,8,0,0,0,0,1,2,2],8,38].
[[3,7,0,0,0,0,1,2,2],0,4].
[[2,8,1,1,1,2,1,2,0],4,6].
[[3,8,1,1,1,2,1,2,0],13,12].
[[3,8,0,1,1,2,2,3,0],13,99].
[[3,8,1,1,1,0,1,2,2],7,18].
[[2,9,1,1,2,2,2,1,0],8,29].
[[1,8,1,0,0,0,1,2,2],51,29].
[[2,8,1,0,0,0,1,2,2],58,29].
[[3,6,1,0,0,0,1,2,2],9,2].
[[1,8,1,1,2,0,2,3,1],25,12].
[[2,8,1,1,1,0,2,3,1],7,1].
[[3,8,1,1,1,0,1,2,1],14,20].
[[2,9,1,1,2,2,1,1,2],1,12].
[[3,8,1,1,2,2,1,1,2],13,13].
[[1,8,1,1,1,2,2,2,2],23,5].
[[2,8,1,1,2,0,2,3,2],21,20].
[[3,7,1,1,2,2,2,3,2],38,21].
[[1,8,1,1,2,2,2,3,2],102,42].
[[2,8,1,1,1,2,1,2,2],25,13].
[[3,8,1,1,1,2,1,2,2],27,43].
[[3,8,1,1,2,2,1,2,1],135,81].
[[3,7,2,1,1,0,2,2,1],1,0].
[[1,7,1,0,0,0,2,3,2],5,3].
[[2,7,1,0,0,0,2,3,2],22,12].
[[3,7,1,0,0,0,1,2,2],12,7].
[[1,9,2,0,0,0,1,2,1],30,58].
[[3,9,2,1,2,2,1,2,2],4,80].
[[1,7,1,1,2,2,2,3,2],8,3].
[[2,7,1,1,1,2,2,1,1],1,2].
[[2,8,0,1,1,2,2,1,0],4,24].
[[3,8,0,1,1,2,1,1,0],1,30].
[[2,7,2,0,0,0,2,3,1],24,0].
[[3,7,2,1,2,0,2,2,2],12,2].
[[2,8,1,1,2,2,1,1,1],25,26].
[[1,8,0,1,1,2,2,3,1],6,8].
[[2,7,0,1,1,2,2,3,1],0,2].
[[3,7,0,1,1,2,1,2,1],0,3].
[[2,9,2,1,1,2,2,2,1],9,18].
[[3,9,2,1,1,2,2,3,0],0,42].
[[3,8,0,1,2,2,2,2,1],0,38].
[[1,8,0,1,2,2,2,3,0],18,30].
[[2,8,0,1,2,2,1,2,0],7,22].
[[3,8,0,1,1,2,1,2,0],6,47].
[[2,8,1,1,1,2,1,2,1],36,14].
[[3,8,0,1,2,2,2,3,0],18,164].
[[1,9,2,1,2,0,0,0,0],10,28].
[[2,8,0,1,2,0,0,0,0],2,11].
[[3,8,0,1,2,2,0,0,0],0,28].
[[1,9,2,0,0,0,2,3,2],41,124].
[[3,8,0,0,0,0,1,2,2],1,34].
[[1,8,0,1,1,2,2,3,0],5,10].
[[2,8,0,1,1,2,2,3,0],26,43].
[[2,9,2,1,2,2,1,2,1],30,108].
[[3,9,1,1,1,2,1,2,0],9,56].
[[3,9,1,1,2,2,2,3,0],3,54].
[[3,8,1,1,2,2,1,1,1],35,34].
[[2,9,1,1,2,2,1,2,1],14,35].
[[2,8,1,0,0,0,2,1,1],26,23].
[[3,7,1,1,2,2,2,1,1],18,12].
[[1,9,2,0,0,0,2,1,1],15,39].
[[3,8,1,0,0,0,2,1,1],3,7].
[[3,8,0,1,1,2,2,2,2],0,25].
[[2,7,1,0,0,0,2,3,1],24,14].
[[2,7,2,0,0,0,0,0,0],26,3].
[[3,7,2,1,2,2,2,3,1],25,4].
[[1,5,0,0,0,0,1,1,1],10,0].
[[2,5,0,0,0,0,1,1,1],21,0].
[[3,5,0,1,2,0,1,1,1],30,2].
[[3,8,1,1,2,2,2,3,0],44,56].
[[1,7,2,1,2,0,2,2,2],3,3].
[[2,7,1,1,2,0,2,2,2],3,1].
[[3,7,1,1,1,0,2,2,2],3,2].
[[1,8,1,0,0,0,2,2,1],79,44].
[[2,6,1,0,0,0,2,2,1],9,0].
[[3,6,1,1,2,0,2,3,0],6,1].
[[3,4,2,1,2,0,2,3,1],38,3].
[[1,8,0,0,0,0,2,3,0],13,33].
[[2,8,0,1,2,0,2,3,0],3,19].
[[3,8,0,1,1,0,2,3,0],0,7].
[[1,7,1,0,0,0,0,0,0],48,26].
[[2,7,1,1,2,2,2,2,1],26,8].
[[3,8,1,1,2,2,2,2,1],26,22].
[[1,7,2,0,0,0,2,2,2],31,6].
[[2,7,2,1,2,2,2,2,2],16,8].
[[2,9,2,1,1,2,2,3,0],37,76].
[[3,4,2,1,2,0,2,3,0],77,6].
[[2,9,2,1,2,2,2,2,1],6,44].
[[2,8,1,0,0,0,2,1,0],15,10].
[[3,9,2,0,0,0,2,3,0],0,12].
[[3,8,0,0,0,0,2,2,2],0,8].
[[1,8,0,1,1,2,2,2,2],8,11].
[[2,8,0,1,1,2,2,2,2],5,26].
[[1,6,1,0,0,0,0,0,0],61,7].
[[2,6,1,0,0,0,2,2,2],17,1].
[[3,6,1,1,2,2,1,1,2],4,0].
[[2,9,2,1,2,2,0,0,0],3,42].
[[3,8,1,1,2,2,2,3,1],48,43].
[[2,8,1,0,0,0,1,1,2],15,5].
[[3,7,1,1,2,2,1,1,2],13,6].
[[3,5,0,1,2,0,1,2,1],15,0].
[[3,5,0,1,2,2,1,1,2],46,1].
[[3,8,1,0,0,0,2,3,1],13,9].
[[1,9,2,1,1,2,2,2,0],55,43].
[[3,8,0,1,1,2,2,2,0],10,83].
[[2,9,1,1,2,2,2,2,0],20,41].
[[1,8,1,1,2,2,2,1,1],29,13].
[[2,8,1,1,2,2,2,1,1],27,20].
[[1,8,1,1,1,2,2,3,2],27,1].
[[2,5,0,1,2,2,1,2,0],13,2].
[[3,5,0,1,2,2,1,2,0],55,0].
[[1,6,1,1,2,2,2,3,0],3,0].
[[2,6,1,1,2,2,1,2,0],4,0].
[[3,6,1,1,2,2,1,2,0],7,1].
[[3,8,1,0,0,0,1,2,2],26,15].
[[2,7,2,1,2,2,1,2,2],21,1].
[[3,7,2,1,2,2,1,2,2],46,4].
[[1,8,0,0,0,0,2,2,1],8,15].
[[2,7,1,0,0,0,2,2,1],13,5].
[[3,3,1,1,2,2,2,2,1],10,1].
[[1,7,1,1,2,2,2,1,1],3,0].
[[2,7,1,1,2,2,2,1,1],13,4].
[[3,7,1,1,2,2,1,2,1],69,25].
[[2,4,2,1,2,0,2,1,1],10,1].
[[2,6,1,0,0,0,0,0,0],15,3].
[[3,6,1,0,0,0,2,1,1],7,1].
[[2,8,1,1,2,2,2,1,0],28,21].
[[3,8,1,1,1,2,2,1,0],16,15].
[[2,8,1,1,1,2,0,0,0],10,6].
[[3,7,1,1,1,2,0,0,0],7,5].
[[3,8,1,1,2,0,2,3,0],12,22].
[[1,8,1,1,2,0,0,0,0],18,18].
[[2,8,1,1,2,0,2,3,1],42,28].
[[3,7,1,1,2,0,2,3,1],28,13].
[[1,7,2,0,0,0,2,3,1],9,0].
[[2,7,1,1,2,2,2,3,1],61,26].
[[3,3,1,1,2,2,2,3,1],15,3].
[[3,6,1,0,0,0,2,3,1],12,0].
[[1,9,2,1,2,2,1,1,2],10,33].
[[2,9,1,1,1,2,1,1,2],6,10].
[[3,9,1,1,1,2,1,1,2],2,10].
[[3,8,1,1,2,2,2,2,0],47,44].
[[3,6,1,1,2,2,2,1,1],6,0].
[[2,8,0,1,2,2,2,1,0],7,55].
[[3,7,0,1,2,2,2,1,0],0,7].
[[2,8,1,1,1,2,2,2,1],32,12].
[[3,7,2,1,1,2,2,2,1],4,1].
[[3,9,2,0,0,0,1,2,2],0,13].
[[1,4,2,1,2,0,2,3,1],13,3].
[[2,4,2,1,2,0,2,3,1],34,3].
[[2,5,0,1,2,2,1,1,2],32,0].
[[2,9,1,1,1,2,1,1,0],6,10].
[[3,8,1,1,1,2,1,1,0],8,10].
[[2,8,0,1,1,2,1,2,0],4,8].
[[3,6,0,1,1,2,1,2,0],0,1].
[[3,9,2,1,1,2,2,2,0],1,41].
[[3,8,1,1,1,0,2,3,0],5,12].
[[1,8,1,1,2,2,1,2,1],41,16].
[[1,9,2,1,2,0,2,3,2],3,19].
[[3,6,0,1,2,2,2,3,2],1,5].
[[2,8,0,1,2,2,1,1,2],9,22].
[[3,8,0,1,2,2,1,1,2],2,33].
[[3,9,2,1,1,2,1,2,2],1,37].
[[3,7,1,1,2,2,2,1,0],16,7].
[[1,9,2,1,1,2,2,1,0],18,26].
[[2,8,1,1,1,2,2,1,0],12,6].
[[1,8,0,0,0,0,1,2,0],1,2].
[[2,7,1,0,0,0,1,2,0],3,1].
[[3,7,1,0,0,0,1,2,0],7,2].
[[2,8,0,1,1,2,2,2,0],23,40].
[[3,6,1,1,1,2,2,3,2],3,0].
[[1,8,0,1,1,2,1,2,1],2,1].
[[2,8,0,1,1,2,1,1,1],5,7].
[[3,7,1,1,1,2,1,1,1],14,7].
[[2,8,1,1,2,2,1,1,0],14,11].
[[3,8,1,1,2,2,1,1,0],21,17].
[[3,8,1,0,0,0,2,3,0],15,9].
[[3,3,1,1,1,2,0,0,0],5,1].
[[2,8,0,1,2,2,2,2,1],14,57].
[[3,6,0,1,2,2,2,2,1],1,6].
[[2,8,1,0,0,0,0,0,0],16,17].
[[3,7,1,1,2,0,0,0,0],9,4].
[[2,8,1,1,1,2,1,1,2],7,2].
[[3,8,1,1,1,2,1,1,2],8,10].
[[1,9,2,1,1,2,0,0,0],68,72].
[[3,7,0,1,1,2,0,0,0],1,8].
[[1,8,1,1,2,0,2,2,2],13,6].
[[2,7,2,1,2,0,2,2,2],15,1].
[[2,8,1,1,2,0,0,0,0],7,14].
[[3,8,1,1,2,0,2,2,0],21,28].
[[2,8,1,1,2,2,2,3,0],67,32].
[[1,9,2,1,1,2,2,3,0],66,55].
[[3,4,2,1,2,0,1,2,0],74,4].
[[2,9,2,1,2,2,2,3,2],3,37].
[[3,9,1,1,1,2,2,1,0],1,21].
[[1,8,0,0,0,0,2,1,0],3,11].
[[2,8,0,0,0,0,2,1,0],7,31].
[[3,8,1,1,2,2,0,0,0],0,6].
[[1,9,2,0,0,0,2,1,0],27,92].
[[3,8,0,1,2,0,2,1,0],0,15].
[[1,5,0,1,2,2,2,2,0],5,0].
[[2,5,0,1,2,2,2,2,0],19,0].
[[3,5,0,1,2,2,2,2,0],20,0].
[[2,9,2,1,1,0,2,3,1],1,9].
[[3,8,0,1,1,0,2,3,1],1,4].
[[1,8,1,0,0,0,2,2,0],34,22].
[[2,8,1,1,2,0,2,2,0],16,16].
[[1,9,2,1,2,0,2,2,0],8,27].
[[2,9,2,1,1,0,1,1,0],0,2].
[[2,8,0,0,0,0,2,2,2],6,28].
[[3,7,1,0,0,0,2,2,2],15,6].
[[1,8,1,0,0,0,2,1,1],52,31].
[[2,8,1,0,0,0,2,2,0],24,31].
[[3,7,2,1,2,0,1,2,1],11,2].
[[2,9,2,1,2,2,2,1,1],3,20].
[[3,8,1,1,2,2,2,1,1],12,13].
[[2,7,0,0,0,0,0,0,0],2,6].
[[3,7,0,0,0,0,0,0,0],1,8].
[[2,9,2,1,1,2,2,3,1],27,29].
[[1,8,1,1,2,2,2,2,1],71,25].
[[2,8,1,1,1,2,1,1,1],12,9].
[[2,9,1,0,0,0,0,0,0],0,7].
[[3,9,1,1,2,2,2,1,0],4,25].
[[2,8,1,1,2,2,2,3,2],68,36].
[[1,8,0,0,0,0,2,3,2],13,43].
[[3,7,1,1,1,2,2,3,2],20,14].
[[3,7,0,1,1,2,2,3,0],0,19].
[[3,8,0,1,1,2,1,2,1],6,70].
[[2,9,2,1,2,0,1,1,2],2,7].
[[3,5,0,1,1,0,1,1,1],3,5].
[[3,9,1,1,1,2,1,2,1],9,47].
[[2,9,2,1,1,2,1,2,1],34,44].
[[2,7,1,1,2,0,2,3,1],12,3].
[[3,7,1,1,2,2,2,3,0],38,28].
[[3,4,2,1,2,0,2,2,2],23,0].
[[3,9,1,0,0,0,1,2,1],2,17].
[[3,8,1,1,2,0,2,2,2],13,1].
[[2,8,0,0,0,0,1,2,0],2,19].
[[3,8,0,0,0,0,1,2,0],2,17].
[[2,9,1,1,2,2,1,1,0],2,24].
[[3,8,0,1,2,2,1,1,0],2,34].
[[3,8,1,1,2,0,1,2,1],49,35].
[[1,9,2,1,1,2,1,1,1],10,8].
[[3,7,2,1,1,2,1,1,1],5,1].
[[2,8,0,1,1,2,2,3,2],8,23].
[[3,9,1,0,0,0,2,1,0],0,7].
[[2,4,2,1,2,0,2,2,0],47,2].
[[3,9,2,0,0,0,1,2,1],1,29].
[[1,8,1,1,1,2,2,1,0],7,0].
[[2,7,2,1,1,2,1,1,1],1,0].
[[3,5,0,1,1,2,1,1,2],23,1].
[[3,7,2,1,2,2,1,1,2],5,7].
[[3,8,1,1,1,2,2,2,2],9,1].
[[3,9,1,1,2,2,2,3,1],0,5].
[[2,6,0,1,2,2,0,0,0],4,16].
[[3,6,0,1,2,2,0,0,0],0,12].
[[3,9,2,1,2,2,1,2,1],10,68].
[[2,8,1,1,2,2,2,2,0],54,38].
[[2,6,1,1,2,2,2,2,2],12,1].
[[2,8,1,1,1,2,2,2,0],16,9].
[[3,5,0,1,1,2,1,1,0],11,8].
[[2,9,2,1,2,0,2,1,0],3,17].
[[3,9,2,1,1,0,1,1,0],0,3].
[[1,9,2,0,0,0,1,1,0],3,25].
[[3,9,1,0,0,0,1,1,0],1,11].
[[3,8,1,1,2,2,1,2,2],100,72].
[[2,7,0,1,1,2,0,0,0],2,3].
[[3,7,0,1,1,2,2,1,0],1,10].
[[2,9,2,1,1,0,2,3,0],3,6].
[[3,5,0,1,1,0,2,3,0],1,1].
[[1,6,1,1,2,2,0,0,0],24,1].
[[3,3,2,1,2,2,2,2,2],7,0].
[[2,8,1,1,2,2,2,2,1],71,50].
[[2,7,1,1,1,2,2,3,2],14,4].
[[2,9,2,1,2,2,2,2,2],6,44].
[[3,9,1,1,2,2,1,1,2],2,13].
[[1,9,2,1,2,0,2,1,0],5,16].
[[3,8,1,1,2,2,1,2,0],41,35].
[[3,9,1,1,1,2,2,3,0],2,35].
[[2,4,2,1,2,0,0,0,0],18,1].
[[2,2,1,1,2,2,0,0,0],2,0].
[[3,2,1,1,2,2,0,0,0],2,0].
[[2,8,0,0,0,0,2,3,0],22,57].
[[3,5,0,0,0,0,2,3,0],3,0].
[[2,7,2,1,2,2,1,2,1],12,1].
[[3,7,2,1,1,0,1,2,1],2,4].
[[2,9,2,0,0,0,2,3,1],9,33].
[[1,9,2,1,1,2,1,1,0],3,10].
[[3,9,1,1,1,2,1,1,0],4,36].
[[3,8,1,0,0,0,1,1,0],7,4].
[[3,7,1,1,1,0,1,2,2],1,3].
[[3,7,1,0,0,0,1,2,1],19,5].
[[3,7,0,1,2,2,2,3,0],3,18].
[[2,7,2,1,2,0,2,3,1],5,2].
[[3,7,2,1,1,0,1,2,2],8,3].
[[3,5,0,1,1,2,2,3,0],8,0].
[[3,9,2,0,0,0,2,1,0],0,9].
[[3,8,1,1,2,2,2,2,2],18,19].
[[3,9,1,1,2,0,1,2,0],3,19].
[[3,8,0,1,2,0,1,2,0],2,17].
[[2,8,1,1,2,0,1,1,2],7,3].
[[1,8,1,1,1,2,0,0,0],33,13].
[[3,4,2,1,2,0,1,2,2],92,2].
[[1,9,2,1,2,2,1,2,0],21,56].
[[2,9,1,1,2,2,1,2,0],6,53].
[[2,7,2,0,0,0,1,1,2],1,4].
[[2,9,1,1,2,0,1,1,1],0,6].
[[3,9,1,1,2,0,1,1,1],0,8].
[[1,7,1,1,2,2,2,2,2],14,8].
[[2,3,1,1,2,2,2,2,2],1,0].
[[1,7,1,1,2,2,2,1,0],1,0].
[[2,7,1,1,2,2,2,1,0],7,2].
[[3,9,2,1,1,2,1,2,1],5,44].
[[1,9,2,0,0,0,1,1,2],20,24].
[[2,8,0,0,0,0,1,1,2],2,7].
[[3,5,0,0,0,0,1,1,2],12,0].
[[3,7,1,0,0,0,2,2,0],13,9].
[[2,8,0,1,2,0,2,2,1],1,9].
[[3,7,1,1,2,0,2,2,1],9,10].
[[3,9,1,1,1,2,1,1,1],2,12].
[[3,6,0,1,2,0,2,2,2],0,1].
[[3,8,0,0,0,0,2,3,1],1,21].
[[3,5,0,1,1,2,2,2,0],13,1].
[[3,5,0,1,1,0,1,1,0],2,1].
[[1,8,1,1,2,0,1,2,2],6,2].
[[1,8,0,1,1,2,1,2,2],4,6].
[[3,7,1,1,1,2,1,2,2],19,7].
[[3,6,1,1,2,2,2,3,1],23,2].
[[1,8,1,1,2,2,1,2,2],39,19].
[[3,6,0,1,2,2,2,3,1],2,8].
[[3,7,2,1,2,2,2,1,0],7,0].
[[3,7,2,1,1,2,1,2,0],1,0].
[[3,9,2,1,2,0,1,2,1],2,20].
[[1,8,0,1,2,2,1,2,0],0,3].
[[3,7,1,1,2,0,2,2,2],11,5].
[[3,7,0,0,0,0,1,2,1],0,2].
[[1,4,2,1,2,0,2,2,0],9,2].
[[2,8,1,1,2,0,1,1,0],1,1].
[[3,7,1,1,2,2,2,2,2],45,15].
[[3,8,1,1,2,0,1,1,0],8,6].
[[3,7,0,1,1,2,2,3,1],0,8].
[[1,5,0,1,2,2,1,1,2],13,0].
[[3,9,2,1,2,2,2,2,0],2,41].
[[1,7,2,1,2,0,0,0,0],6,1].
[[2,7,2,1,2,2,2,2,1],7,2].
[[3,7,2,1,1,2,2,3,0],6,0].
[[3,8,1,0,0,0,2,2,2],3,6].
[[3,9,2,1,1,2,1,1,0],0,15].
[[1,7,2,0,0,0,2,3,2],24,2].
[[2,3,2,0,0,0,2,3,2],5,0].
[[3,3,2,0,0,0,2,3,2],5,0].
[[2,8,0,0,0,0,2,3,2],7,34].
[[3,8,0,0,0,0,2,2,0],5,27].
[[3,8,1,1,1,0,1,2,0],5,5].
[[2,9,2,0,0,0,2,2,0],19,70].
[[1,8,0,1,2,2,2,1,0],8,24].
[[3,8,1,0,0,0,2,1,0],9,6].
[[2,9,1,1,1,2,2,2,0],15,19].
[[3,8,0,1,2,0,1,2,2],1,27].
[[3,7,1,1,1,2,1,2,1],36,13].
[[3,7,1,0,0,0,2,3,2],11,6].
[[3,8,1,0,0,0,1,2,0],13,3].
[[3,3,1,1,2,2,0,0,0],16,7].
[[2,6,1,0,0,0,2,1,0],3,1].
[[3,6,1,0,0,0,2,1,0],1,1].
[[3,6,0,1,1,2,2,2,2],0,4].
[[1,8,1,1,2,0,1,2,0],1,1].
[[2,7,1,1,2,2,1,2,0],1,0].
[[3,7,1,1,1,0,1,2,0],2,0].
[[2,9,2,1,1,2,2,1,0],15,26].
[[2,7,2,1,2,2,2,3,1],12,3].
[[3,7,2,1,1,2,1,2,2],13,3].
[[3,9,2,1,2,0,1,1,0],0,6].
[[1,9,2,0,0,0,1,2,0],15,61].
[[2,9,2,0,0,0,1,2,0],10,27].
[[3,9,1,1,2,2,1,1,1],1,17].
[[2,5,0,0,0,0,1,1,2],15,0].
[[3,5,0,1,2,0,1,1,2],16,0].
[[2,8,1,1,2,0,2,3,0],12,12].
[[3,7,1,1,2,0,2,3,0],12,6].
[[1,8,0,1,2,2,1,2,2],9,21].
[[1,6,1,0,0,0,2,2,1],1,0].
[[2,6,1,0,0,0,1,1,1],2,1].
[[2,7,1,0,0,0,2,3,0],12,2].
[[3,3,1,1,2,2,2,3,0],3,0].
[[3,9,2,1,1,2,1,2,0],5,21].
[[2,7,1,1,2,0,1,2,2],1,1].
[[1,9,2,0,0,0,1,1,1],6,18].
[[1,8,1,1,2,2,2,3,0],40,13].
[[2,9,1,1,2,0,2,2,0],4,11].
[[3,8,0,1,1,2,2,3,2],0,15].
[[2,8,1,1,2,0,2,2,1],24,13].
[[1,8,1,0,0,0,1,2,1],49,18].
[[2,7,1,0,0,0,1,2,1],11,3].
[[2,9,1,1,1,2,1,2,0],4,16].
[[1,6,0,1,2,2,0,0,0],3,5].
[[2,6,0,1,2,2,2,2,0],3,2].
[[3,6,0,1,2,2,2,2,0],1,6].
[[2,9,1,1,2,2,1,1,1],3,12].
[[3,9,2,1,2,2,2,3,1],0,11].
[[2,7,1,1,2,2,1,2,2],14,6].
[[2,8,1,1,2,0,1,2,2],31,13].
[[3,7,1,1,2,0,1,2,2],18,5].
[[2,5,0,0,0,0,1,2,0],6,0].
[[1,8,1,1,1,2,2,1,1],4,4].
[[3,8,1,1,1,2,2,3,0],24,31].
[[2,7,1,1,2,2,2,3,2],34,13].
[[2,9,1,1,2,0,2,1,0],0,7].
[[3,8,1,1,2,0,2,1,0],11,4].
[[1,8,1,1,2,0,2,2,0],4,2].
[[3,8,0,1,1,2,2,3,1],4,37].
[[1,8,1,1,2,2,2,1,0],26,11].
[[2,8,1,1,1,2,1,1,0],2,4].
[[1,6,1,1,2,2,1,2,1],2,0].
[[2,6,1,1,2,2,1,2,1],5,1].
[[2,9,2,0,0,0,2,2,2],2,23].
[[3,7,1,1,2,0,2,3,2],15,9].
[[1,8,1,1,2,2,1,2,0],8,4].
[[2,8,1,1,2,2,1,2,0],25,15].
[[2,7,1,0,0,0,2,1,1],12,4].
[[3,7,2,0,0,0,2,1,1],4,2].
[[2,8,1,1,2,2,1,1,2],16,11].
[[2,7,2,1,1,2,0,0,0],4,2].
[[1,9,2,1,2,2,1,1,1],16,20].
[[2,5,0,1,2,2,1,2,2],6,0].
[[3,5,0,1,1,2,1,2,2],11,0].
[[2,7,0,1,2,2,2,2,0],1,4].
[[3,7,0,1,2,2,2,2,0],1,12].
[[1,8,1,1,1,2,2,2,0],3,1].
[[1,9,2,1,2,0,2,2,1],2,13].
[[3,8,0,1,1,0,1,2,2],1,7].
[[2,9,2,1,2,0,0,0,0],4,12].
[[3,9,1,1,1,0,0,0,0],0,1].
[[2,8,1,1,1,0,0,0,0],1,0].
[[3,7,1,1,1,0,0,0,0],1,3].
[[2,9,1,0,0,0,2,2,0],3,21].
[[3,7,2,1,2,0,2,2,1],7,2].
[[2,3,2,1,2,0,0,0,0],2,0].
[[3,3,2,1,1,0,0,0,0],1,0].
[[2,9,1,1,2,0,1,2,1],2,3].
[[3,8,0,1,2,0,1,2,1],2,23].
[[3,7,2,1,2,0,1,1,2],6,4].
[[1,5,0,0,0,0,1,1,2],15,0].
[[2,8,1,1,2,0,2,1,1],9,10].
[[3,7,2,1,1,0,2,1,1],1,1].
[[3,8,1,0,0,0,2,2,0],10,15].
[[2,9,2,1,2,0,2,3,0],7,38].
[[3,7,2,1,1,2,1,1,2],0,2].
[[2,8,0,1,2,2,1,1,1],10,13].
[[3,5,0,1,2,2,1,2,2],15,2].
[[3,7,1,1,2,0,2,1,0],2,1].
[[1,7,1,0,0,0,1,2,1],1,0].
[[2,3,1,0,0,0,1,2,1],1,0].
[[3,3,1,1,2,0,1,2,1],2,0].
[[3,9,0,1,2,0,1,2,0],0,2].
[[2,6,1,0,0,0,2,3,2],10,1].
[[3,7,0,1,1,2,2,2,0],0,10].
[[3,8,1,1,1,0,2,3,1],8,9].
[[3,7,2,1,2,2,2,2,0],7,0].
[[3,9,2,1,1,0,1,2,2],0,13].
[[3,7,2,1,2,2,2,3,2],22,4].
[[3,7,2,1,1,2,2,2,2],4,3].
[[2,9,1,0,0,0,1,1,2],4,7].
[[3,7,2,0,0,0,1,2,2],15,2].
[[3,9,2,1,2,0,2,3,0],0,22].
[[3,5,0,1,2,2,2,3,0],7,0].
[[2,9,2,1,2,0,1,2,1],4,17].
[[2,9,2,1,2,0,1,2,0],4,19].
[[3,7,0,1,2,2,2,2,2],1,9].
[[3,7,1,1,1,0,2,3,1],2,6].
[[3,6,1,1,2,2,2,2,0],10,0].
[[1,4,2,1,2,0,2,2,1],5,0].
[[2,4,2,1,2,0,2,2,1],19,1].
[[2,7,2,0,0,0,1,2,2],17,2].
[[3,7,2,1,2,0,1,2,2],19,0].
[[3,7,2,0,0,0,2,3,2],11,0].
[[2,9,2,0,0,0,0,0,0],0,19].
[[1,9,2,1,1,2,2,1,1],12,3].
[[2,9,2,1,1,2,2,1,1],8,7].
[[3,8,1,1,1,2,2,1,1],5,4].
[[3,9,2,1,2,2,1,2,0],7,53].
[[1,9,2,1,1,2,1,1,2],8,7].
[[2,5,0,1,1,2,1,1,1],7,0].
[[2,5,0,1,2,0,1,1,1],5,0].
[[2,9,1,0,0,0,1,2,2],2,10].
[[3,9,1,0,0,0,1,2,2],0,11].
[[2,4,2,1,2,0,2,3,2],13,1].
[[2,5,0,0,0,0,1,1,0],2,2].
[[3,7,1,1,2,2,2,2,1],39,28].
[[2,8,1,1,2,0,1,1,1],11,7].
[[1,6,1,0,0,0,1,2,1],2,0].
[[3,6,1,1,1,2,1,2,1],7,0].
[[3,7,1,1,2,0,1,2,0],5,0].
[[3,9,1,1,2,0,0,0,0],0,2].
[[2,9,1,1,2,0,1,2,0],1,10].
[[2,7,2,1,2,2,0,0,0],14,6].
[[3,7,2,1,2,2,2,2,1],11,1].
[[3,7,0,0,0,0,2,2,0],0,3].
[[1,7,1,0,0,0,2,2,0],3,0].
[[3,3,1,1,2,2,2,2,0],4,1].
[[3,8,0,1,2,0,2,3,2],0,5].
[[3,8,1,1,2,0,1,1,2],2,6].
[[2,7,0,1,2,2,2,3,1],0,1].
[[2,9,1,0,0,0,1,1,0],1,14].
[[3,8,0,0,0,0,1,1,0],0,8].
[[3,7,2,0,0,0,2,3,1],13,1].
[[1,9,2,1,1,2,1,2,0],11,11].
[[2,7,2,1,2,2,2,3,0],6,0].
[[3,3,2,1,2,2,2,3,0],1,0].
[[2,6,1,0,0,0,2,3,1],21,2].
[[3,6,1,0,0,0,2,2,2],5,0].
[[3,8,1,1,1,2,2,2,1],13,11].
[[2,9,2,1,2,2,1,1,1],12,29].
[[3,7,0,1,1,2,1,2,2],0,7].
[[2,7,2,0,0,0,2,2,1],7,2].
[[3,7,2,1,2,2,1,2,1],34,5].
[[3,8,1,1,2,0,2,3,1],25,15].
[[3,9,2,1,1,2,1,1,2],0,3].
[[2,7,1,1,2,2,0,0,0],39,43].
[[2,7,1,1,2,0,0,0,0],8,8].
[[3,8,1,1,1,0,1,1,0],3,4].
[[3,7,0,1,2,2,0,0,0],0,10].
[[3,7,0,1,2,2,1,1,2],0,3].
[[1,8,1,0,0,0,1,1,2],8,3].
[[2,5,0,1,1,2,1,2,0],11,0].
[[2,7,1,0,0,0,1,2,2],5,7].
[[1,8,1,1,2,0,2,2,1],9,10].
[[3,5,0,1,1,0,1,2,1],1,4].
[[2,8,1,1,2,0,1,2,1],28,17].
[[2,6,1,1,2,2,1,2,2],5,0].
[[3,6,1,1,1,2,1,2,2],8,0].
[[3,7,2,0,0,0,2,2,1],5,0].
[[2,8,0,1,2,0,2,1,0],1,9].
[[3,7,2,1,2,0,2,3,1],15,1].
[[1,8,1,1,2,0,1,1,1],1,2].
[[2,7,2,0,0,0,2,3,2],25,0].
[[2,8,1,1,1,0,1,2,0],0,1].
[[3,4,0,1,2,0,1,2,0],0,3].
[[2,8,1,1,2,0,1,2,0],4,4].
[[3,4,2,1,2,0,2,1,0],30,5].
[[2,9,2,1,1,2,0,0,0],4,14].
[[3,6,0,1,2,2,2,2,2],0,6].
[[3,9,1,1,1,0,1,1,0],0,5].
[[2,5,0,0,0,0,2,2,0],12,0].
[[3,5,0,1,2,0,2,2,0],6,0].
[[2,3,1,1,2,2,0,0,0],9,3].
[[3,3,1,1,2,2,2,3,2],15,1].
[[1,6,1,0,0,0,2,2,2],10,0].
[[2,6,1,1,2,0,2,3,1],4,0].
[[3,3,2,1,1,0,2,3,1],1,0].
[[3,4,2,1,2,0,0,0,0],13,3].
[[1,6,1,0,0,0,2,1,1],6,2].
[[2,6,1,1,2,0,2,1,1],7,0].
[[3,3,1,1,2,0,2,1,1],1,0].
[[2,6,0,0,0,0,2,3,2],0,3].
[[3,6,0,1,2,0,1,2,2],0,1].
[[3,9,2,1,2,0,1,2,0],2,13].
[[2,9,2,1,2,0,2,1,1],1,6].
[[3,9,1,1,1,0,1,2,1],0,4].
[[3,4,2,1,2,0,2,3,2],17,4].
[[2,6,1,1,2,0,2,2,2],5,0].
[[3,3,1,1,2,0,2,2,2],1,0].
[[3,8,1,1,1,0,2,2,0],5,14].
[[1,6,1,0,0,0,2,3,1],11,1].
[[2,6,1,0,0,0,1,2,1],6,1].
[[3,2,1,0,0,0,1,2,1],1,0].
[[1,8,1,0,0,0,2,1,0],24,8].
[[3,7,1,1,2,2,1,1,0],6,3].
[[2,7,2,0,0,0,2,2,2],23,3].
[[3,7,2,0,0,0,2,3,0],3,0].
[[2,5,0,0,0,0,1,2,1],10,0].
[[3,5,0,0,0,0,1,2,1],11,0].
[[1,5,0,1,2,2,1,1,1],3,2].
[[2,5,0,1,2,2,1,1,1],29,4].
[[2,7,2,1,2,0,2,1,1],0,2].
[[1,7,2,1,2,2,1,2,2],6,0].
[[2,7,2,1,2,2,2,3,2],19,2].
[[2,8,0,1,2,0,2,2,0],3,8].
[[1,7,1,1,2,2,2,3,1],14,3].
[[2,8,0,0,0,0,1,1,0],0,7].
[[3,7,2,1,2,2,0,0,0],9,1].
[[2,4,2,1,2,0,1,2,2],35,1].
[[3,7,1,0,0,0,1,1,2],2,3].
[[2,7,0,0,0,0,2,3,1],1,1].
[[3,7,0,0,0,0,2,3,1],0,5].
[[3,8,0,1,2,2,2,3,2],0,26].
[[3,8,0,1,1,2,2,1,0],4,46].
[[1,6,1,0,0,0,2,3,0],2,1].
[[3,6,1,1,2,0,2,1,0],3,0].
[[3,9,1,0,0,0,2,3,0],2,10].
[[2,7,1,1,1,2,2,3,1],16,6].
[[2,7,2,1,2,0,1,1,2],1,3].
[[3,6,1,1,2,0,2,2,1],4,0].
[[2,9,2,0,0,0,2,3,2],2,8].
[[1,8,1,1,2,0,2,3,0],3,4].
[[1,9,2,1,2,0,2,3,0],16,28].
[[2,9,1,1,1,0,1,1,1],0,2].
[[3,8,0,1,1,0,1,1,1],0,2].
[[3,6,1,1,2,2,1,2,1],22,1].
[[3,8,0,1,1,0,2,2,0],0,6].
[[2,6,1,1,2,0,0,0,0],2,1].
[[3,6,1,1,2,0,2,3,2],5,1].
[[2,7,1,1,2,0,2,3,2],0,3].
[[1,7,2,1,2,2,2,2,2],7,1].
[[3,7,2,1,2,2,2,2,2],20,3].
[[2,9,2,1,2,0,2,2,1],1,13].
[[3,7,2,1,1,0,2,3,2],2,5].
[[3,9,1,1,2,2,1,2,2],4,37].
[[3,8,0,0,0,0,1,1,2],0,9].
[[3,8,0,1,1,2,1,1,1],5,21].
[[1,7,1,0,0,0,2,2,1],5,1].
[[3,8,1,0,0,0,2,2,1],3,8].
[[1,7,2,0,0,0,2,2,1],9,0].
[[3,7,1,0,0,0,2,2,1],20,7].
[[1,8,1,1,2,2,1,1,2],8,3].
[[2,7,1,1,2,2,2,2,2],37,19].
[[2,8,1,1,1,0,2,2,0],1,6].
[[3,4,0,1,2,0,2,2,0],0,2].
[[1,8,1,1,1,2,1,2,1],5,1].
[[1,7,2,1,2,2,0,0,0],15,7].
[[3,7,1,1,2,2,0,0,0],13,17].
[[1,5,0,1,1,2,1,1,1],4,0].
[[2,9,2,1,1,2,1,1,0],5,16].
[[2,6,0,1,2,2,2,2,1],2,1].
[[3,6,0,1,2,2,1,2,1],2,5].
[[2,4,2,1,2,0,2,3,0],40,4].
[[3,7,1,1,2,0,2,2,0],5,6].
[[3,6,1,1,2,0,2,2,2],5,0].
[[1,6,0,1,2,2,2,2,2],0,2].
[[2,6,0,1,2,2,1,1,2],0,1].
[[3,6,0,1,1,2,1,1,2],0,2].
[[2,9,1,1,1,2,1,1,1],3,3].
[[3,7,0,1,2,2,2,2,1],1,7].
[[1,8,1,1,2,2,1,1,1],10,10].
[[3,9,2,1,2,2,2,1,0],1,19].
[[3,7,1,0,0,0,0,0,0],5,3].
[[3,9,2,1,2,2,1,1,1],0,18].
[[2,9,1,1,1,2,2,3,0],13,23].
[[2,9,2,1,2,2,1,1,2],6,13].
[[1,5,0,1,1,2,2,2,0],4,0].
[[2,5,0,1,1,2,2,3,0],3,0].
[[3,9,1,1,2,0,2,1,0],1,9].
[[2,8,0,1,2,0,2,3,2],3,5].
[[3,8,0,1,1,0,2,3,2],0,2].
[[2,9,1,1,2,2,0,0,0],1,6].
[[2,9,1,0,0,0,1,2,0],2,15].
[[3,9,0,0,0,0,1,2,0],0,1].
[[3,9,1,1,2,0,2,3,0],3,22].
[[2,8,1,0,0,0,2,3,2],31,26].
[[2,7,0,1,2,2,0,0,0],5,5].
[[1,8,0,1,2,2,2,1,1],5,8].
[[3,7,1,1,1,0,1,1,0],0,1].
[[3,8,0,1,1,2,0,0,0],0,18].
[[3,8,0,0,0,0,2,1,0],4,16].
[[3,8,1,1,2,0,2,3,2],3,4].
[[1,1,2,1,2,0,1,1,1],1,0].
[[2,1,2,1,2,0,1,1,1],3,0].
[[3,1,2,1,2,0,1,1,1],5,0].
[[2,6,1,1,2,2,2,3,2],16,0].
[[3,8,0,1,2,0,0,0,0],0,8].
[[3,6,1,1,2,2,2,3,0],9,0].
[[3,8,0,1,1,0,1,1,0],0,3].
[[2,9,1,0,0,0,1,2,1],8,17].
[[2,4,2,1,2,0,1,2,1],23,3].
[[3,8,1,0,0,0,2,3,2],4,5].
[[3,4,2,1,2,0,2,1,1],12,0].
[[1,8,0,1,1,2,2,1,1],3,2].
[[3,6,0,1,1,2,2,1,1],0,1].
[[2,7,1,1,2,2,1,2,1],15,4].
[[3,3,1,1,2,2,1,2,1],6,0].
[[2,6,1,1,2,0,1,2,1],0,1].
[[3,6,1,1,2,0,1,1,1],3,3].
[[3,5,0,1,1,0,1,1,2],2,1].
[[3,3,2,1,2,2,2,3,1],3,0].
[[3,6,1,1,2,2,2,1,0],4,1].
[[3,6,1,1,2,0,2,3,1],7,1].
[[3,7,1,0,0,0,1,1,1],10,5].
[[3,7,2,0,0,0,1,2,1],8,2].
[[2,5,0,1,1,2,2,1,0],0,1].
[[3,5,0,1,1,2,2,1,0],2,1].
[[3,6,1,1,1,2,2,3,1],7,0].
[[3,8,1,1,1,0,2,2,1],1,3].
[[2,4,2,1,2,0,1,1,2],6,0].
[[3,7,1,1,1,2,1,1,2],4,1].
[[3,6,1,0,0,0,1,1,2],5,0].
[[2,7,0,0,0,0,2,2,2],1,4].
[[3,7,0,1,2,0,1,2,2],1,3].
[[2,9,2,1,1,0,1,1,1],0,1].
[[3,5,0,1,1,0,1,2,2],1,1].
[[1,8,0,0,0,0,1,2,1],0,2].
[[2,6,1,1,1,2,2,3,1],1,1].
[[3,6,1,1,1,2,2,2,2],5,1].
[[3,7,2,0,0,0,2,2,2],5,0].
[[3,8,0,1,2,0,2,2,1],2,9].
[[2,6,1,1,2,2,2,3,1],20,1].
[[1,7,2,0,0,0,1,2,1],2,2].
[[2,7,2,0,0,0,1,2,1],8,4].
[[1,7,1,0,0,0,1,1,2],0,1].
[[2,7,1,1,2,2,1,1,2],1,2].
[[2,7,2,1,2,0,1,2,2],9,0].
[[3,7,0,1,2,2,2,1,1],1,3].
[[2,7,1,1,1,2,2,3,0],4,1].
[[3,9,0,1,2,2,1,1,0],0,3].
[[2,3,1,0,0,0,0,0,0],3,0].
[[3,7,0,1,1,2,2,2,2],0,7].
[[3,7,0,1,2,0,2,1,0],0,2].
[[1,7,1,1,2,2,2,2,1],2,1].
[[3,8,1,1,1,0,2,1,1],1,1].
[[1,7,1,1,2,2,2,3,0],2,1].
[[2,7,1,1,2,2,2,3,0],15,4].
[[1,7,1,0,0,0,2,2,2],4,3].
[[2,7,1,0,0,0,2,2,2],19,5].
[[2,7,2,1,2,0,1,2,1],3,1].
[[3,7,1,1,1,0,1,2,1],4,2].
[[1,4,2,1,2,0,1,2,2],8,0].
[[3,3,2,1,2,2,0,0,0],6,0].
[[1,8,0,1,2,2,1,1,2],4,5].
[[3,7,2,1,1,2,1,2,1],13,1].
[[3,9,1,1,2,0,1,2,1],4,7].
[[3,3,2,1,1,0,1,2,2],1,0].
[[2,7,1,1,2,0,2,2,1],6,5].
[[3,3,1,1,2,0,2,2,1],3,1].
[[1,7,2,1,2,2,2,3,2],11,0].
[[2,5,0,0,0,0,1,2,2],1,0].
[[3,9,1,1,1,0,2,3,0],1,7].
[[2,7,2,1,2,0,2,3,0],1,0].
[[2,5,0,1,2,2,2,3,0],3,0].
[[1,8,1,1,1,2,2,2,1],12,4].
[[3,7,0,1,1,2,2,2,1],0,5].
[[2,6,1,0,0,0,2,2,0],5,0].
[[3,3,2,0,0,0,2,2,0],1,0].
[[1,8,1,1,2,0,1,1,2],0,1].
[[3,6,1,1,2,0,1,1,2],1,1].
[[2,9,1,0,0,0,2,1,0],8,9].
[[3,6,1,0,0,0,2,2,0],3,0].
[[1,6,0,1,2,2,2,3,2],2,1].
[[2,6,0,1,2,2,2,3,2],1,2].
[[2,4,2,1,2,0,2,1,0],13,3].
[[2,8,1,1,1,0,2,1,1],0,2].
[[3,7,1,1,1,0,2,1,0],1,1].
[[3,8,0,1,2,0,2,1,1],1,1].
[[3,5,0,0,0,0,1,2,2],1,0].
[[1,4,2,1,2,0,2,1,1],2,0].
[[3,9,1,1,1,0,2,2,0],0,7].
[[3,8,0,1,2,0,1,1,2],0,6].
[[3,7,1,1,1,0,2,3,0],1,1].
[[3,9,2,1,1,0,2,3,0],0,3].
[[3,8,0,1,2,0,1,1,1],1,12].
[[2,4,2,1,2,0,2,2,2],16,0].
[[1,9,2,1,2,0,1,2,0],0,4].
[[1,8,1,1,1,2,1,1,1],3,1].
[[3,8,0,1,2,2,2,1,1],0,7].
[[3,9,2,1,1,2,2,2,1],0,3].
[[3,6,0,0,0,0,1,2,1],1,2].
[[3,5,0,1,1,0,1,2,0],2,3].
[[3,7,1,1,1,2,2,1,1],6,5].
[[2,8,0,1,1,2,1,1,0],0,5].
[[3,7,0,1,1,2,1,1,0],0,3].
[[2,6,0,0,0,0,0,0,0],1,7].
[[3,6,0,0,0,0,0,0,0],0,2].
[[3,7,1,1,2,0,1,1,2],5,5].
[[3,4,0,1,2,0,1,2,1],0,2].
[[3,9,2,1,1,0,1,1,1],0,7].
[[1,8,0,1,1,2,2,2,1],6,1].
[[3,7,2,1,2,2,2,3,0],7,1].
[[2,4,2,1,2,0,1,2,0],14,1].
[[2,8,0,0,0,0,1,1,1],0,4].
[[2,7,2,1,2,0,2,2,1],2,3].
[[3,3,2,1,2,0,2,2,1],3,0].
[[1,7,1,0,0,0,2,3,1],11,3].
[[1,7,2,1,2,0,2,3,1],1,1].
[[2,9,1,0,0,0,1,1,1],3,4].
[[3,8,0,0,0,0,1,1,1],3,8].
[[3,7,2,1,2,2,1,2,0],7,0].
[[3,7,0,1,2,0,2,2,1],0,4].
[[3,7,1,1,1,2,1,2,0],4,1].
[[2,7,1,0,0,0,2,2,0],6,4].
[[1,8,0,1,2,2,1,2,1],0,3].
[[2,7,1,1,1,2,1,2,1],5,0].
[[2,6,1,1,2,0,1,1,1],2,1].
[[2,3,1,0,0,0,2,3,1],1,0].
[[1,4,2,1,2,0,0,0,0],15,1].
[[1,6,1,1,2,2,2,2,2],2,0].
[[2,3,2,1,2,2,2,2,2],3,0].
[[1,8,0,0,0,0,1,1,2],2,2].
[[2,6,1,1,2,0,2,3,0],1,2].
[[3,6,1,1,1,0,2,3,0],1,0].
[[2,7,1,1,1,2,2,2,2],12,2].
[[3,6,0,0,0,0,2,3,1],1,2].
[[1,7,2,0,0,0,1,2,2],8,4].
[[3,7,2,1,2,0,1,1,1],5,1].
[[3,6,0,0,0,0,1,2,2],1,2].
[[3,6,1,0,0,0,2,3,0],5,1].
[[2,8,0,1,2,0,2,1,1],1,2].
[[1,3,2,0,0,0,0,0,0],11,0].
[[2,3,2,1,2,2,2,1,1],1,0].
[[3,3,2,1,2,2,1,1,1],2,0].
[[3,7,1,1,2,0,2,1,1],7,3].
[[3,9,2,1,2,0,1,1,1],0,8].
[[3,8,0,1,1,0,1,2,0],0,4].
[[3,7,2,1,2,0,2,1,1],1,0].
[[1,5,0,0,0,0,1,2,1],3,0].
[[1,8,1,1,2,0,2,3,2],10,8].
[[2,7,2,1,2,0,2,3,2],13,4].
[[3,8,1,1,2,0,2,1,1],1,7].
[[2,7,1,1,2,0,2,2,0],1,3].
[[3,3,1,1,2,0,2,2,0],1,0].
[[2,8,0,0,0,0,2,2,1],9,27].
[[3,7,0,0,0,0,2,2,1],0,3].
[[3,4,2,1,2,0,2,2,1],18,2].
[[2,9,2,1,2,0,1,1,1],1,9].
[[2,8,0,1,2,0,1,2,0],1,3].
[[3,8,1,1,2,0,0,0,0],0,2].
[[3,3,2,1,2,2,1,2,2],8,0].
[[2,9,1,1,2,0,2,3,0],3,6].
[[2,6,0,1,1,2,1,1,2],1,1].
[[3,3,1,1,1,2,2,3,1],5,0].
[[3,8,0,1,1,2,1,1,2],1,22].
[[3,7,1,1,1,0,1,1,2],2,0].
[[3,9,0,1,2,2,1,2,0],0,2].
[[3,8,0,1,2,0,2,2,2],0,5].
[[3,9,1,0,0,0,2,2,0],0,16].
[[2,5,0,1,1,2,2,2,0],6,1].
[[2,8,0,0,0,0,2,1,1],3,8].
[[3,9,2,1,1,2,2,3,1],0,4].
[[3,8,1,1,1,0,0,0,0],0,1].
[[2,5,0,1,1,2,1,1,0],1,1].
[[2,6,0,1,2,2,2,2,2],0,5].
[[3,6,0,1,2,2,1,2,2],0,8].
[[2,9,2,1,1,0,2,3,2],0,1].
[[2,7,1,1,2,2,1,1,1],4,3].
[[2,7,2,1,2,2,1,1,1],4,0].
[[3,8,0,0,0,0,2,3,0],2,38].
[[2,8,0,1,1,2,1,1,2],3,2].
[[3,9,1,1,1,2,2,1,1],0,2].
[[2,6,1,1,2,0,2,3,2],3,1].
[[2,3,1,1,2,2,2,3,1],2,1].
[[2,3,1,0,0,0,2,2,2],1,1].
[[3,3,1,0,0,0,1,1,2],0,1].
[[3,3,2,1,2,2,2,3,2],6,0].
[[2,7,2,1,1,2,2,2,2],2,1].
[[2,5,0,1,2,0,1,2,1],1,0].
[[3,7,0,1,2,2,1,2,2],2,12].
[[2,9,2,1,1,0,2,2,0],1,4].
[[3,6,1,1,2,2,2,2,1],5,0].
[[2,9,1,1,2,0,1,1,0],1,5].
[[3,8,1,1,2,2,2,3,2],9,6].
[[3,9,2,1,2,0,2,2,0],0,11].
[[3,7,1,1,1,0,2,3,2],1,0].
[[3,9,2,1,1,0,1,2,0],0,7].
[[2,9,1,1,1,0,1,2,1],0,2].
[[3,8,0,1,1,0,1,2,1],1,4].
[[2,9,1,1,2,0,1,2,2],0,3].
[[3,6,1,1,2,2,1,2,2],19,0].
[[1,9,2,1,2,0,1,2,2],5,19].
[[2,8,0,1,2,0,1,2,2],1,8].
[[2,8,1,1,1,2,2,1,1],9,8].
[[2,7,0,0,0,0,2,2,0],0,1].
[[2,9,2,1,2,0,1,1,0],1,7].
[[3,9,1,1,2,0,1,1,0],0,10].
[[2,1,2,1,2,0,1,1,2],1,0].
[[3,1,2,1,2,0,1,1,2],3,0].
[[1,7,2,0,0,0,2,3,0],2,0].
[[2,7,2,0,0,0,2,3,0],3,0].
[[3,7,2,1,2,0,1,2,0],1,0].
[[2,7,2,0,0,0,2,1,1],1,0].
[[2,9,1,1,1,2,2,1,0],7,13].
[[3,8,0,0,0,0,2,1,1],0,1].
[[3,9,2,1,2,2,0,0,0],0,1].
[[1,6,1,1,2,2,2,3,2],3,1].
[[2,6,1,1,1,2,2,3,2],3,1].
[[3,6,1,0,0,0,2,2,1],6,1].
[[2,9,2,1,1,0,1,2,2],2,2].
[[2,9,2,0,0,0,1,1,2],2,9].
[[1,8,1,0,0,0,1,2,0],6,4].
[[1,8,0,0,0,0,1,1,0],0,2].
[[3,8,0,1,2,0,1,1,0],0,12].
[[2,6,1,1,2,2,2,2,1],3,0].
[[3,6,1,1,1,2,2,3,0],4,0].
[[3,3,1,1,2,2,2,2,2],7,1].
[[2,5,0,1,1,2,1,2,1],5,0].
[[1,7,1,0,0,0,1,2,2],1,1].
[[3,7,1,1,2,0,1,1,1],7,3].
[[3,7,0,0,0,0,2,3,0],0,5].
[[3,9,2,1,2,2,1,1,2],2,5].
[[1,7,2,0,0,0,2,2,0],4,0].
[[2,3,2,0,0,0,2,2,0],1,0].
[[3,3,2,1,2,0,2,2,0],1,0].
[[1,4,2,1,2,0,2,3,2],9,0].
[[1,8,1,0,0,0,1,1,0],2,0].
[[3,9,1,1,2,0,1,2,2],1,15].
[[1,8,0,1,1,2,2,2,0],7,6].
[[2,9,2,1,2,0,2,3,2],0,13].
[[3,7,2,1,2,0,2,2,0],5,1].
[[3,8,0,1,1,0,0,0,0],0,2].
[[2,7,0,1,1,2,2,2,2],1,1].
[[3,7,0,1,1,2,1,1,2],1,0].
[[3,8,1,1,1,2,0,0,0],1,1].
[[3,7,0,1,2,0,2,2,0],1,2].
[[1,5,0,0,0,0,2,2,0],7,0].
[[3,9,0,1,1,2,1,2,0],0,3].
[[3,6,1,0,0,0,1,2,1],8,2].
[[2,7,2,1,2,2,2,2,0],7,0].
[[2,6,1,1,2,0,2,1,0],2,0].
[[1,9,2,1,2,0,1,1,1],2,6].
[[2,8,0,1,2,0,1,1,1],2,1].
[[3,7,0,1,1,2,2,3,2],0,3].
[[3,9,2,1,2,2,2,2,2],0,2].
[[1,8,1,1,2,0,1,1,0],0,1].
[[2,8,1,1,1,0,1,1,0],1,2].
[[3,9,2,1,1,0,2,3,1],0,2].
[[3,9,2,0,0,0,1,2,0],0,8].
[[1,4,2,1,2,0,2,3,0],12,1].
[[3,7,1,1,1,2,2,1,0],7,3].
[[3,6,0,1,1,2,2,1,0],0,3].
[[2,6,0,1,1,2,2,3,2],0,2].
[[3,6,0,1,1,2,2,3,2],0,4].
[[3,9,2,0,0,0,2,2,0],1,6].
[[2,7,2,1,2,2,1,1,2],1,2].
[[3,3,1,1,2,0,2,3,2],2,1].
[[3,7,0,1,2,2,1,2,1],1,4].
[[3,7,2,1,1,0,2,3,0],0,2].
[[3,9,1,1,2,0,1,1,2],0,5].
[[2,7,0,1,1,2,2,3,2],2,1].
[[3,9,1,1,1,0,1,1,2],0,3].
[[2,9,1,1,1,0,2,2,0],0,3].
[[3,9,1,1,1,0,1,2,2],0,6].
[[1,8,1,1,2,0,2,1,1],6,4].
[[3,7,0,0,0,0,2,1,1],0,3].
[[3,9,1,1,2,2,0,0,0],0,5].
[[3,3,2,0,0,0,2,2,2],5,1].
[[3,3,2,1,2,0,2,3,2],5,0].
[[3,5,0,1,2,0,1,2,0],17,1].
[[3,6,1,1,2,0,0,0,0],1,1].
[[3,7,2,1,1,2,2,2,0],2,0].
[[3,3,2,0,0,0,1,2,2],3,0].
[[2,6,0,0,0,0,2,2,2],1,2].
[[1,8,0,1,2,2,1,1,1],0,2].
[[2,7,0,1,2,2,1,1,1],0,1].
[[3,7,0,1,2,2,1,1,0],0,5].
[[3,5,0,1,2,0,1,1,0],9,1].
[[3,3,1,1,1,2,2,2,2],2,0].
[[3,6,0,1,1,2,2,2,0],0,7].
[[3,7,2,1,1,2,0,0,0],2,0].
[[2,7,1,1,2,2,1,1,0],2,0].
[[2,5,0,1,2,2,1,1,0],4,1].
[[3,6,0,1,2,0,0,0,0],1,2].
[[1,8,0,1,1,2,2,1,0],1,4].
[[2,9,1,1,1,0,2,3,0],0,1].
[[1,9,2,1,2,0,1,1,2],3,4].
[[3,7,2,1,2,2,2,1,1],3,0].
[[2,8,0,1,2,0,2,2,2],2,7].
[[1,7,2,1,2,0,2,3,2],4,1].
[[2,7,2,1,1,0,1,2,2],2,0].
[[2,3,2,0,0,0,2,3,1],2,0].
[[3,3,2,1,2,0,2,3,0],1,0].
[[3,6,1,1,1,2,2,2,1],5,1].
[[3,3,1,0,0,0,1,2,1],1,0].
[[2,6,1,1,2,0,2,2,1],2,0].
[[3,8,1,0,0,0,1,1,2],3,2].
[[3,7,2,1,2,2,1,1,1],7,2].
[[2,6,1,0,0,0,2,3,0],5,0].
[[3,9,2,1,2,0,2,2,2],0,1].
[[2,7,2,1,2,0,1,1,1],1,1].
[[3,6,1,1,2,2,2,3,2],7,0].
[[2,6,1,0,0,0,1,2,0],2,0].
[[3,6,1,0,0,0,1,1,0],1,0].
[[3,3,1,0,0,0,2,3,1],3,1].
[[1,8,0,1,2,2,1,1,0],1,1].
[[1,8,1,1,1,2,2,3,0],4,1].
[[3,8,0,1,1,0,2,1,0],0,4].
[[3,7,2,1,2,0,2,3,2],6,1].
[[2,7,2,1,1,0,2,3,1],0,1].
[[2,7,0,1,2,2,2,3,0],1,2].
[[3,7,0,1,2,0,0,0,0],0,3].
[[2,3,2,1,2,2,0,0,0],3,0].
[[3,9,1,1,1,0,2,1,0],0,5].
[[3,8,0,0,0,0,2,3,2],0,4].
[[1,5,0,1,2,2,1,2,1],2,0].
[[3,1,2,1,2,0,1,2,1],2,0].
[[3,6,0,1,2,2,2,1,0],0,5].
[[2,7,2,1,2,2,2,1,0],2,0].
[[2,7,1,1,2,0,1,2,1],2,1].
[[2,5,0,1,1,2,1,1,2],10,0].
[[1,4,2,1,2,0,1,1,2],3,0].
[[2,3,1,1,2,2,2,3,2],2,0].
[[3,3,1,1,1,2,2,3,2],5,0].
[[3,5,0,0,0,0,2,2,0],1,0].
[[1,9,2,1,2,0,1,1,0],0,3].
[[3,7,0,1,1,2,1,2,0],0,2].
[[3,7,2,0,0,0,2,1,0],2,0].
[[3,3,1,1,2,0,0,0,0],3,1].
[[3,7,0,1,2,0,2,3,2],0,2].
[[1,8,1,1,2,2,1,1,0],1,1].
[[2,3,2,0,0,0,0,0,0],8,0].
[[3,3,2,0,0,0,0,0,0],4,0].
[[3,6,1,1,1,0,2,1,1],1,1].
[[3,7,1,0,0,0,2,1,1],3,4].
[[2,1,2,1,2,0,2,3,0],1,0].
[[3,1,2,1,2,0,2,3,0],1,0].
[[3,6,0,1,1,2,2,3,0],0,6].
[[2,9,2,1,1,0,2,2,2],0,5].
[[3,8,0,1,1,0,2,2,2],0,2].
[[2,3,1,0,0,0,2,3,2],1,0].
[[2,7,0,1,1,2,2,3,0],1,2].
[[3,8,0,1,1,2,2,1,1],1,6].
[[2,6,1,1,1,2,0,0,0],4,0].
[[3,6,1,1,1,2,2,2,0],5,0].
[[3,3,2,1,2,2,2,2,1],4,0].
[[2,6,1,1,2,2,2,2,0],6,0].
[[3,9,1,0,0,0,1,1,2],0,3].
[[2,7,0,0,0,0,2,3,0],0,1].
[[3,7,0,1,2,2,1,2,0],0,4].
[[2,9,1,1,1,2,1,2,2],5,2].
[[2,5,0,1,2,0,1,1,0],1,0].
[[2,7,0,1,2,2,2,1,0],1,2].
[[3,7,1,1,1,0,2,1,1],2,1].
[[3,7,0,0,0,0,2,2,2],1,1].
[[3,3,2,1,2,2,1,1,2],1,0].
[[2,7,2,1,1,0,0,0,0],1,0].
[[3,7,2,1,1,0,2,2,0],2,1].
[[2,9,2,0,0,0,2,1,1],0,10].
[[2,7,1,1,2,0,2,3,0],2,2].
[[3,7,0,0,0,0,1,2,0],0,2].
[[3,9,2,1,2,0,2,1,0],0,4].
[[3,7,1,1,1,0,2,2,1],0,1].
[[2,7,2,1,1,2,2,3,1],1,1].
[[2,5,0,1,1,2,1,2,2],1,0].
[[2,6,0,1,1,2,2,3,1],1,1].
[[3,6,1,0,0,0,1,1,1],3,0].
[[3,3,2,1,2,0,2,1,0],1,0].
[[2,7,2,1,1,2,2,1,0],1,0].
[[3,7,2,1,1,2,2,1,0],2,0].
[[3,9,1,1,2,2,2,1,1],0,2].
[[2,6,0,1,1,2,2,3,0],0,2].
[[3,3,1,1,2,2,2,1,1],2,0].
[[2,6,1,1,2,2,2,1,0],2,0].
[[3,2,1,1,2,2,2,1,0],1,0].
[[3,6,0,1,2,0,2,1,0],0,1].
[[2,8,0,1,1,2,1,2,1],6,6].
[[3,9,1,0,0,0,1,1,1],0,2].
[[2,6,0,1,1,2,0,0,0],1,4].
[[1,6,1,1,2,2,2,3,1],1,0].
[[2,6,1,1,2,2,2,3,0],5,1].
[[3,7,1,0,0,0,1,1,0],1,1].
[[2,8,1,1,1,0,1,2,2],0,2].
[[1,7,2,1,2,2,2,3,1],4,1].
[[3,6,1,1,2,0,2,1,1],2,0].
[[3,7,2,1,1,0,1,1,2],0,1].
[[2,8,1,0,0,0,1,1,0],8,6].
[[3,7,2,0,0,0,1,1,0],0,1].
[[3,3,2,1,2,0,2,2,2],5,0].
[[1,4,2,1,2,0,1,2,1],1,1].
[[1,3,2,0,0,0,2,2,2],1,0].
[[2,3,2,1,2,2,2,3,1],1,0].
[[2,7,1,0,0,0,2,1,0],2,1].
[[1,4,2,1,2,0,1,1,0],1,1].
[[1,8,1,1,1,2,1,2,0],2,1].
[[2,7,1,1,1,2,1,2,0],1,0].
[[3,6,0,1,1,2,2,3,1],2,2].
[[3,3,2,0,0,0,2,1,1],1,0].
[[2,3,2,0,0,0,2,2,1],1,0].
[[3,3,2,0,0,0,2,2,1],2,0].
[[3,3,2,1,2,0,2,3,1],2,0].
[[1,6,0,0,0,0,0,0,0],1,3].
[[3,6,0,0,0,0,2,1,0],0,2].
[[3,6,1,0,0,0,2,3,2],4,0].
[[2,3,2,0,0,0,2,2,2],5,0].
[[3,6,1,1,2,0,2,2,0],6,1].
[[2,5,0,1,2,0,1,1,2],8,2].
[[3,9,2,1,1,0,2,2,0],0,5].
[[2,7,1,1,1,2,1,2,2],0,2].
[[2,7,2,1,2,0,1,2,0],1,0].
[[3,7,2,1,1,0,1,2,0],1,0].
[[2,5,0,1,2,0,1,2,0],4,1].
[[2,6,0,1,1,2,2,2,0],0,1].
[[3,7,2,1,2,2,1,1,0],4,2].
[[2,8,1,1,1,0,1,2,1],3,1].
[[3,7,0,1,1,2,2,1,1],0,3].
[[3,6,1,1,1,2,1,2,0],2,0].
[[3,2,1,0,0,0,2,2,2],1,0].
[[3,6,1,1,1,0,1,2,0],0,1].
[[3,8,0,0,0,0,0,0,0],0,5].
[[2,7,2,1,1,0,1,1,2],0,1].
[[3,3,1,1,2,0,2,3,0],2,1].
[[1,8,1,1,1,2,1,1,2],2,0].
[[3,3,2,1,1,2,0,0,0],2,0].
[[1,4,2,1,2,0,2,2,2],4,0].
[[1,7,2,0,0,0,1,1,1],1,1].
[[2,7,2,0,0,0,1,1,1],3,3].
[[3,9,2,1,2,0,2,1,1],0,1].
[[3,8,1,1,1,0,1,1,2],1,4].
[[3,7,2,1,2,0,0,0,0],1,0].
[[2,6,0,1,1,2,1,2,2],0,2].
[[3,6,0,1,1,2,1,2,2],0,3].
[[1,8,1,1,1,2,1,2,2],3,3].
[[2,5,0,1,2,0,2,3,0],1,1].
[[3,5,0,1,2,0,2,3,0],2,1].
[[3,7,2,1,2,0,1,1,0],1,2].
[[2,6,0,0,0,0,2,2,0],0,1].
[[3,6,0,0,0,0,2,2,0],0,1].
[[2,6,1,1,1,2,2,2,1],1,0].
[[2,6,1,1,2,2,1,1,1],1,0].
[[3,6,1,1,2,2,1,1,1],6,2].
[[2,6,0,0,0,0,1,2,2],0,2].
[[1,7,1,1,2,2,1,1,2],1,0].
[[3,3,1,1,2,2,1,1,2],2,0].
[[3,9,2,1,1,0,2,2,1],0,3].
[[3,9,1,1,1,2,0,0,0],0,2].
[[3,7,2,0,0,0,2,2,0],4,0].
[[1,6,0,0,0,0,2,2,2],2,0].
[[2,2,0,1,2,2,2,2,2],1,0].
[[3,2,0,1,1,2,2,2,2],1,0].
[[1,7,1,1,2,2,2,2,0],1,0].
[[2,7,1,1,1,2,2,2,0],2,1].
[[3,6,1,1,2,0,1,2,2],5,0].
[[1,7,2,0,0,0,2,1,1],2,0].
[[3,7,0,0,0,0,1,1,2],0,3].
[[3,6,0,1,2,2,2,1,1],0,1].
[[1,5,0,1,2,0,1,1,1],0,1].
[[3,9,2,1,2,0,1,1,2],0,2].
[[3,9,1,1,1,0,1,1,1],0,2].
[[3,7,2,1,2,0,2,3,0],1,0].
[[3,7,1,1,1,2,1,1,0],0,1].
[[3,3,1,0,0,0,1,2,2],1,0].
[[2,5,0,1,2,0,2,2,0],2,0].
[[3,7,1,1,2,0,1,1,0],1,0].
[[2,3,1,0,0,0,2,2,1],2,0].
[[3,3,1,0,0,0,2,2,1],2,0].
[[3,6,0,1,2,2,1,2,0],0,1].
[[3,7,0,1,2,0,2,2,2],0,2].
[[2,9,2,1,1,0,0,0,0],0,1].
[[3,8,1,1,1,0,2,3,2],0,3].
[[2,6,1,0,0,0,1,2,2],2,0].
[[1,4,2,1,2,0,2,1,0],1,1].
[[2,9,1,1,2,0,0,0,0],0,2].
[[2,7,2,1,1,0,2,3,2],1,1].
[[2,6,1,1,2,2,2,1,1],3,0].
[[3,9,2,1,1,0,2,1,0],0,2].
[[3,7,2,1,1,2,2,3,2],4,0].
[[2,8,0,1,2,0,1,2,1],1,2].
[[2,8,1,1,1,0,1,1,2],1,0].
[[1,5,0,0,0,0,1,2,0],6,0].
[[3,3,2,1,2,0,1,2,1],1,0].
[[3,2,1,1,2,2,1,2,0],2,0].
[[2,8,1,1,1,0,2,3,0],2,0].
[[2,7,2,1,1,2,2,3,2],3,0].
[[3,3,2,1,1,2,2,3,2],2,0].
[[2,7,1,1,2,0,2,1,0],1,1].
[[3,7,0,1,2,2,1,1,1],1,1].
[[3,3,2,1,2,0,1,2,2],3,0].
[[2,7,2,1,2,2,2,1,1],5,0].
[[1,6,1,1,2,2,2,2,1],1,0].
[[3,7,1,1,1,0,2,2,0],0,5].
[[2,6,0,0,0,0,2,2,1],1,0].
[[2,7,1,1,2,0,1,1,1],2,1].
[[3,6,0,1,1,2,0,0,0],0,4].
[[3,3,1,1,2,0,1,1,1],1,0].
[[3,7,0,1,2,0,2,3,1],0,2].
[[3,3,2,0,0,0,2,3,1],5,0].
[[2,6,0,1,2,2,2,3,1],0,1].
[[2,9,1,0,0,0,2,3,1],0,1].
[[3,6,0,0,0,0,2,1,1],0,1].
[[3,7,0,1,2,0,2,1,1],0,2].
[[2,8,1,1,1,0,2,2,2],1,2].
[[3,4,0,1,2,0,2,1,0],0,1].
[[1,6,1,1,2,2,2,1,1],1,0].
[[2,6,1,1,1,2,1,2,1],1,0].
[[3,9,0,1,1,0,1,2,0],0,1].
[[3,6,0,1,1,2,2,2,1],1,2].
[[1,7,1,1,2,2,1,1,1],1,1].
[[3,8,1,1,1,0,2,2,2],2,5].
[[3,7,2,0,0,0,0,0,0],1,2].
[[3,7,2,0,0,0,1,1,1],3,4].
[[1,8,0,1,1,2,1,1,2],2,1].
[[2,6,0,1,2,2,2,3,0],0,1].
[[3,7,0,1,2,0,1,2,1],0,1].
[[2,6,0,0,0,0,2,1,0],0,1].
[[3,3,1,0,0,0,2,1,1],2,0].
[[2,3,2,1,2,0,2,2,2],1,0].
[[1,6,1,0,0,0,2,1,0],1,0].
[[3,3,1,0,0,0,1,2,0],1,0].
[[2,7,2,1,2,0,2,1,0],2,0].
[[3,5,0,1,2,0,1,2,2],2,0].
[[2,2,1,0,0,0,0,0,0],2,0].
[[3,2,1,1,2,2,2,3,2],1,0].
[[3,3,1,1,1,2,2,3,0],2,0].
[[2,7,2,1,1,0,2,2,2],0,1].
[[3,3,1,1,2,0,2,3,1],2,0].
[[2,6,0,0,0,0,2,3,0],1,0].
[[3,6,0,1,1,2,1,2,1],0,2].
[[2,7,2,0,0,0,2,2,0],6,0].
[[3,3,2,1,2,0,0,0,0],1,0].
[[2,7,0,0,0,0,2,3,2],0,2].
[[2,5,0,1,1,0,1,2,1],0,1].
[[3,6,0,1,2,0,2,3,1],0,1].
[[2,6,1,1,2,0,2,2,0],2,0].
[[3,6,0,1,2,0,2,3,0],0,1].
[[2,6,0,0,0,0,2,3,1],0,2].
[[3,7,1,1,1,0,1,1,1],1,0].
[[3,9,2,1,1,2,2,2,2],0,2].
[[1,7,1,0,0,0,2,1,0],1,0].
[[3,9,2,1,2,2,2,1,1],0,2].
[[1,8,0,1,1,2,1,1,1],1,0].
[[3,6,1,1,2,0,1,1,0],1,0].
[[3,7,2,0,0,0,1,1,2],2,0].
[[2,7,1,1,1,2,1,1,2],2,0].
[[3,9,2,0,0,0,2,2,2],0,1].
[[2,8,0,1,2,0,1,1,2],0,1].
[[3,8,0,1,1,0,1,1,2],0,2].
[[2,5,0,1,1,0,2,3,0],1,0].
[[3,6,1,1,1,0,2,3,1],1,0].
[[3,6,0,1,1,2,1,1,0],0,1].
[[1,7,2,0,0,0,1,1,2],0,2].
[[3,7,0,1,2,0,2,3,0],1,4].
[[2,7,2,1,1,2,1,2,2],4,0].
[[2,9,1,1,2,2,2,1,1],0,1].
[[2,7,0,1,1,2,2,1,0],0,1].
[[3,9,0,1,1,0,1,1,0],0,1].
[[1,5,0,1,1,2,1,1,2],1,0].
[[2,6,1,1,2,2,1,1,2],1,0].
[[2,8,1,1,1,0,2,3,2],0,3].
[[1,8,0,1,1,2,1,2,0],1,1].
[[3,7,0,0,0,0,2,1,0],1,0].
[[1,7,1,0,0,0,2,3,0],2,3].
[[3,1,2,1,2,0,2,2,0],1,0].
[[2,3,2,0,0,0,1,2,2],1,0].
[[2,7,1,0,0,0,1,1,2],1,0].
[[3,6,0,1,2,0,2,2,0],0,1].
[[1,7,1,0,0,0,2,1,1],2,0].
[[3,7,2,1,1,2,2,1,1],1,0].
[[2,5,0,1,1,0,2,2,0],1,0].
[[2,9,1,1,2,2,2,3,1],0,1].
[[3,9,2,1,1,2,0,0,0],0,2].
[[3,7,1,0,0,0,2,1,0],1,1].
[[3,9,2,1,2,0,2,2,1],1,0].
[[3,6,0,1,2,2,1,1,1],0,2].
[[3,7,0,1,1,2,1,1,1],0,1].
[[1,6,0,0,0,0,2,3,2],0,1].
[[3,6,0,0,0,0,1,1,1],0,1].
[[2,7,0,1,1,2,2,2,1],1,0].
[[3,8,0,1,1,0,2,2,1],0,1].
[[3,3,1,0,0,0,2,3,0],2,0].
[[2,3,2,1,2,0,2,3,2],1,0].
[[2,9,1,1,1,0,1,2,2],0,1].
[[1,5,0,1,2,2,1,2,0],1,1].
[[3,9,2,1,2,0,2,3,1],0,1].
[[2,7,0,1,2,2,2,2,2],1,1].
[[3,3,2,1,1,2,2,2,2],1,0].
[[3,3,1,1,1,2,2,2,1],1,0].
[[2,5,0,0,0,0,2,3,0],1,0].
[[3,2,1,1,2,2,2,2,2],1,0].
[[3,7,2,1,1,0,2,2,2],0,1].
[[3,3,1,1,1,2,1,2,1],1,0].
[[3,8,1,0,0,0,0,0,0],0,1].
[[3,6,0,0,0,0,2,2,2],1,0].
[[2,6,1,1,1,2,2,2,2],1,0].
[[2,9,1,1,2,0,1,1,2],1,0].
[[3,6,0,1,2,2,1,1,0],0,1].
[[3,6,1,1,1,2,2,1,1],2,0].
[[3,6,1,0,0,0,1,2,0],1,0].
[[3,6,0,0,0,0,2,3,0],1,1].
[[3,6,1,1,1,0,2,2,2],1,0].
[[3,2,1,1,1,2,2,3,2],1,0].
[[3,1,2,1,2,0,1,2,0],1,0].
[[3,9,2,1,2,2,2,2,1],0,1].
[[1,7,1,1,2,2,1,2,1],0,1].
[[2,7,1,1,2,0,2,1,1],1,0].
[[2,7,1,1,1,2,1,1,1],1,0].
[[3,3,1,1,1,2,1,1,1],1,0].
[[2,3,1,0,0,0,2,3,0],1,0].
[[3,6,1,1,1,2,1,1,0],1,0].
[[2,9,2,1,1,0,1,1,2],0,2].
[[3,3,1,0,0,0,2,3,2],1,0].
[[2,2,1,0,0,0,2,3,2],1,0].
[[3,2,1,1,2,2,2,2,1],1,0].
[[3,2,1,1,2,0,2,1,0],1,0].
[[2,3,1,1,2,2,2,1,1],1,0].
[[3,3,1,1,1,2,2,1,1],1,0].
[[2,7,0,1,1,2,1,2,2],0,1].
[[2,7,1,1,1,2,2,1,0],1,0].
[[3,3,2,0,0,0,1,2,1],1,0].
[[3,9,1,1,2,2,2,2,1],0,1].
[[3,2,0,1,2,2,0,0,0],1,0].
[[3,6,1,1,1,0,1,1,1],1,0].
[[3,7,2,1,1,2,1,1,0],0,1].
[[3,3,2,1,2,2,1,2,1],1,0].
[[3,9,2,0,0,0,1,1,0],0,1].
[[1,6,0,0,0,0,2,2,0],0,1].
[[2,6,0,0,0,0,1,1,0],0,1].
[[3,6,0,0,0,0,1,1,0],0,1].
[[3,2,1,1,2,0,2,2,2],1,0].
[[2,9,2,1,1,0,2,2,1],0,1].
[[3,7,0,1,2,0,1,2,0],0,1].
[[2,9,1,1,1,0,1,2,0],0,1].
[[3,6,0,1,2,2,1,1,2],0,1].
[[3,9,1,0,0,0,2,2,1],0,1].
[[3,9,2,0,0,0,2,2,1],0,1].
