total_WL(12923,22211).
[[1,8,1,0,0,0,0,0,0],586,683].
[[2,8,1,0,0,0,2,2,0],266,185].
[[3,7,1,1,2,1,2,2,0],146,79].
[[1,9,2,1,2,1,1,1,0],14,98].
[[2,9,2,1,1,1,1,1,0],4,14].
[[3,9,1,1,1,1,1,1,0],0,72].
[[1,7,1,0,0,0,0,0,0],152,128].
[[2,7,1,0,0,0,0,0,0],80,131].
[[3,7,0,0,0,0,0,0,0],0,41].
[[1,7,2,0,0,0,2,1,2],64,22].
[[2,7,2,0,0,0,2,3,2],83,20].
[[3,7,2,1,2,1,1,2,2],172,37].
[[1,9,2,0,0,0,2,2,2],123,745].
[[2,8,0,1,2,0,2,2,2],1,30].
[[3,7,1,1,2,0,2,2,2],41,32].
[[1,8,0,0,0,0,1,2,2],68,123].
[[2,6,0,0,0,0,1,2,2],2,8].
[[3,3,1,1,2,1,1,2,2],17,2].
[[1,9,2,1,2,1,2,1,0],81,280].
[[2,8,0,1,2,1,2,1,0],38,196].
[[3,8,0,1,2,1,2,1,0],1,305].
[[1,9,2,1,2,1,2,3,0],208,655].
[[2,8,0,1,2,1,2,3,0],59,427].
[[3,8,0,1,2,1,2,3,0],2,691].
[[1,8,1,1,2,1,2,2,2],150,85].
[[2,8,1,1,2,1,2,2,2],148,131].
[[3,8,1,1,2,1,1,2,2],345,309].
[[1,9,2,0,0,0,1,2,0],113,442].
[[2,9,1,0,0,0,1,2,0],33,345].
[[3,8,0,1,2,1,1,2,0],0,466].
[[1,8,0,0,0,0,2,2,2],76,276].
[[2,8,0,0,0,0,2,2,2],11,186].
[[3,8,0,1,2,0,2,1,0],1,90].
[[1,9,2,0,0,0,2,3,0],388,1584].
[[2,9,1,0,0,0,2,3,0],24,321].
[[3,9,1,1,2,1,1,1,2],2,134].
[[1,8,0,0,0,0,2,3,0],58,229].
[[1,9,2,0,0,0,0,0,0],277,1165].
[[2,9,2,1,2,1,0,0,0],30,137].
[[3,9,1,1,2,1,2,3,0],2,212].
[[1,8,0,0,0,0,1,1,0],1,9].
[[2,8,0,0,0,0,1,1,0],12,45].
[[3,8,0,0,0,0,1,1,0],0,75].
[[1,8,1,1,2,1,2,3,0],109,62].
[[2,8,1,1,2,1,2,3,0],259,217].
[[3,8,1,1,2,1,1,2,0],246,202].
[[1,8,1,0,0,0,1,2,0],50,29].
[[2,8,1,0,0,0,1,2,0],146,64].
[[3,8,1,0,0,0,1,2,0],119,72].
[[2,7,2,1,2,1,2,2,2],42,14].
[[2,8,1,0,0,0,1,2,2],361,230].
[[1,9,2,0,0,0,1,2,2],477,1088].
[[2,9,2,0,0,0,1,2,2],151,580].
[[3,9,1,0,0,0,1,2,2],2,173].
[[1,5,0,0,0,0,1,1,2],107,1].
[[2,5,0,1,2,1,1,1,2],184,6].
[[3,5,0,1,2,1,1,1,2],376,10].
[[1,8,1,1,2,1,0,0,0],188,189].
[[2,8,1,1,2,1,2,3,1],177,176].
[[3,8,1,1,2,1,1,2,1],165,114].
[[2,5,0,0,0,0,1,2,0],29,4].
[[3,5,0,0,0,0,1,2,0],62,3].
[[1,9,2,1,2,1,1,2,2],178,496].
[[2,8,0,1,1,1,1,2,2],11,31].
[[3,7,0,1,1,1,1,2,2],0,16].
[[1,9,2,1,2,1,1,2,0],50,182].
[[2,9,1,1,1,1,1,2,0],23,54].
[[3,9,0,1,1,1,1,2,0],0,140].
[[2,7,2,1,2,1,2,1,2],29,9].
[[3,7,2,1,2,1,2,3,0],57,6].
[[1,9,2,1,2,1,2,2,0],126,414].
[[2,8,0,1,2,1,2,2,0],43,258].
[[3,7,0,1,1,1,2,2,0],0,16].
[[1,9,2,0,0,0,2,3,2],107,588].
[[2,9,1,0,0,0,1,2,2],23,117].
[[1,8,1,0,0,0,2,3,1],511,303].
[[3,8,1,1,2,1,2,3,1],46,91].
[[2,9,1,0,0,0,2,2,0],22,243].
[[3,9,1,1,2,1,2,2,0],2,177].
[[2,5,0,0,0,0,1,1,2],203,8].
[[3,5,0,1,2,1,1,2,1],224,3].
[[1,8,0,1,2,1,2,3,0],24,74].
[[2,7,1,1,2,1,2,3,0],37,13].
[[3,7,1,1,2,1,2,3,0],170,105].
[[1,7,2,1,2,1,1,2,1],1,0].
[[2,7,2,1,1,1,1,2,0],2,1].
[[3,7,2,1,1,1,1,2,0],9,2].
[[3,9,1,1,2,1,1,2,0],5,403].
[[1,8,0,0,0,0,2,1,2],56,250].
[[2,8,0,0,0,0,1,1,2],40,141].
[[3,8,0,0,0,0,1,1,2],0,134].
[[2,5,0,0,0,0,2,3,0],111,1].
[[3,5,0,0,0,0,2,3,0],52,1].
[[2,8,1,0,0,0,2,3,0],309,266].
[[3,7,1,0,0,0,2,3,0],77,42].
[[1,8,1,0,0,0,2,1,2],407,274].
[[2,7,2,0,0,0,2,1,2],55,14].
[[3,7,2,1,2,1,2,1,2],46,9].
[[2,8,0,1,2,1,1,2,0],13,124].
[[2,8,1,0,0,0,2,1,2],130,132].
[[3,8,1,0,0,0,1,1,2],61,63].
[[1,8,1,1,2,0,0,0,0],27,40].
[[2,8,1,1,2,0,2,1,2],41,31].
[[3,8,1,1,2,0,1,1,2],45,65].
[[2,8,0,1,2,1,1,2,2],63,278].
[[3,7,1,1,2,1,1,2,2],234,138].
[[1,8,0,1,2,1,0,0,0],78,320].
[[1,8,0,0,0,0,0,0,0],209,1000].
[[2,8,0,1,2,0,0,0,0],4,42].
[[3,7,1,1,2,0,2,3,1],32,30].
[[1,9,2,1,2,1,2,1,2],52,266].
[[2,9,1,1,2,1,2,3,0],13,364].
[[1,8,1,1,2,1,2,1,2],139,90].
[[2,8,1,1,1,1,1,1,2],27,17].
[[3,4,1,1,2,0,1,1,2],43,19].
[[2,9,2,1,2,1,1,2,2],125,648].
[[3,9,1,1,2,1,1,2,2],5,480].
[[1,9,2,1,2,1,0,0,0],148,512].
[[3,9,1,1,2,1,0,0,0],0,17].
[[1,7,1,0,0,0,2,1,2],43,22].
[[2,7,1,0,0,0,2,1,2],83,51].
[[3,7,1,1,2,1,2,1,2],101,66].
[[3,8,1,1,2,1,2,3,0],198,325].
[[1,9,2,1,2,0,2,2,0],10,47].
[[2,9,1,1,2,0,1,1,0],1,36].
[[3,9,0,1,2,0,1,1,0],0,51].
[[2,9,2,0,0,0,2,2,0],62,344].
[[3,8,1,1,2,0,1,2,1],67,53].
[[1,9,2,0,0,0,2,3,1],147,517].
[[2,8,1,0,0,0,1,1,2],151,106].
[[3,8,1,0,0,0,1,2,1],80,58].
[[1,9,2,0,0,0,2,2,0],271,1064].
[[2,9,2,1,2,1,2,2,0],51,348].
[[2,7,1,1,2,1,2,3,1],51,33].
[[3,7,1,1,1,1,2,1,0],22,9].
[[1,9,2,0,0,0,2,1,0],192,664].
[[2,5,0,0,0,0,2,1,0],56,2].
[[3,5,0,1,2,1,2,1,0],97,2].
[[1,8,1,0,0,0,2,3,0],351,211].
[[2,7,1,0,0,0,2,3,0],75,22].
[[3,7,1,1,2,0,2,3,0],52,46].
[[1,8,0,0,0,0,2,1,0],37,103].
[[2,7,0,0,0,0,2,1,0],0,8].
[[3,7,0,0,0,0,2,1,0],0,16].
[[1,8,0,0,0,0,2,3,2],54,273].
[[2,8,0,0,0,0,1,2,2],82,330].
[[3,8,0,1,2,1,1,2,2],4,668].
[[1,9,2,0,0,0,1,1,2],248,467].
[[2,8,1,0,0,0,2,1,0],111,102].
[[3,7,2,0,0,0,2,1,0],16,0].
[[3,8,1,1,2,1,2,2,0],179,265].
[[1,8,1,0,0,0,2,3,2],457,325].
[[3,7,2,0,0,0,2,2,0],26,5].
[[2,9,2,0,0,0,1,1,2],60,243].
[[1,8,1,0,0,0,2,1,0],112,59].
[[2,8,1,1,2,0,2,1,0],36,23].
[[3,6,1,1,1,0,2,1,0],2,0].
[[2,6,1,1,2,1,2,1,2],20,1].
[[3,3,2,1,2,1,2,1,2],10,1].
[[1,8,1,1,1,1,2,3,0],12,4].
[[2,8,1,1,1,1,2,3,0],49,39].
[[3,8,1,1,1,1,2,2,0],65,84].
[[1,8,1,1,2,1,2,3,2],150,103].
[[2,8,1,1,2,1,2,3,2],121,97].
[[3,8,1,1,1,1,1,2,2],124,118].
[[1,9,2,1,2,0,2,3,0],15,90].
[[2,9,2,1,2,0,2,3,0],8,103].
[[1,8,1,1,2,1,1,2,2],99,44].
[[2,7,1,1,2,1,1,2,2],41,28].
[[3,6,1,1,2,1,2,3,1],39,2].
[[1,8,1,0,0,0,2,2,0],233,120].
[[2,7,2,1,2,1,1,2,1],7,4].
[[3,7,2,1,2,1,1,2,0],36,2].
[[2,9,1,1,2,1,1,2,2],15,145].
[[3,9,0,1,2,1,1,2,2],0,55].
[[2,8,0,0,0,0,2,3,0],73,457].
[[3,8,0,1,2,0,2,3,0],1,171].
[[1,9,2,1,1,1,2,2,2],18,32].
[[2,8,0,1,1,1,2,2,2],9,34].
[[3,8,0,1,1,1,2,2,0],2,185].
[[3,9,0,1,2,1,2,3,0],0,48].
[[2,7,2,1,2,0,2,3,1],11,0].
[[3,6,1,0,0,0,2,3,0],33,0].
[[2,8,1,0,0,0,2,3,2],133,120].
[[3,9,0,1,2,1,2,2,0],0,55].
[[1,5,0,0,0,0,2,1,0],34,5].
[[2,5,0,1,2,1,2,2,0],18,0].
[[3,5,0,1,1,1,2,2,0],21,2].
[[2,9,2,1,1,1,2,2,0],22,77].
[[3,9,1,1,1,1,2,2,0],0,79].
[[2,8,0,0,0,0,2,3,1],25,168].
[[3,8,0,1,2,0,2,2,0],0,139].
[[3,7,0,1,2,1,2,3,0],1,81].
[[3,5,0,1,2,1,2,2,0],63,0].
[[2,9,2,0,0,0,2,2,1],6,38].
[[3,8,0,1,2,1,2,2,1],0,32].
[[1,5,0,1,2,1,1,1,1],19,1].
[[2,5,0,1,2,1,1,1,1],93,7].
[[3,5,0,1,2,1,1,1,1],202,14].
[[2,9,2,1,2,1,1,1,2],72,217].
[[3,8,1,1,1,1,1,1,2],60,72].
[[3,9,0,1,2,1,1,2,0],0,345].
[[2,9,2,1,1,1,1,2,2],56,137].
[[3,5,0,1,1,1,1,1,2],144,4].
[[2,9,1,1,1,1,2,2,0],13,56].
[[1,8,1,0,0,0,1,2,2],273,166].
[[3,7,1,1,2,0,1,2,2],78,43].
[[2,9,2,1,2,1,2,1,0],28,222].
[[3,9,2,1,2,1,1,1,0],0,20].
[[1,8,1,0,0,0,1,1,2],145,79].
[[2,6,1,0,0,0,1,1,2],15,2].
[[3,3,1,1,2,1,1,1,2],3,0].
[[2,7,2,1,2,1,2,3,2],45,9].
[[3,7,2,1,2,1,2,3,2],32,14].
[[1,8,1,1,2,0,1,1,2],1,8].
[[2,7,1,1,2,0,1,1,2],3,5].
[[3,7,0,1,2,0,1,1,2],0,10].
[[1,8,1,0,0,0,2,2,2],437,263].
[[2,8,1,1,2,1,1,2,2],282,181].
[[1,9,2,1,1,1,1,2,2],35,39].
[[2,4,1,1,2,0,1,1,2],8,3].
[[2,9,2,1,2,1,2,3,0],79,465].
[[2,8,1,1,2,1,2,1,2],129,93].
[[2,9,1,0,0,0,1,1,0],10,137].
[[2,7,2,0,0,0,2,2,0],22,1].
[[3,7,2,1,2,1,1,1,0],10,2].
[[1,9,2,1,2,0,2,3,1],5,26].
[[2,5,0,1,2,0,1,2,1],14,3].
[[3,5,0,1,2,0,1,2,1],65,8].
[[1,5,0,0,0,0,2,3,0],59,2].
[[2,5,0,1,2,1,2,3,0],102,3].
[[2,9,1,1,2,1,1,2,0],42,384].
[[3,9,1,1,1,1,1,2,0],1,151].
[[2,8,0,0,0,0,0,0,0],32,344].
[[3,8,0,1,2,1,0,0,0],0,135].
[[1,7,1,1,2,1,2,3,0],5,1].
[[1,9,2,0,0,0,2,2,1],60,118].
[[2,9,2,1,2,0,2,3,1],1,13].
[[3,9,1,1,2,0,1,2,1],0,30].
[[3,7,1,0,0,0,1,2,2],118,50].
[[2,9,2,0,0,0,2,3,0],81,455].
[[3,8,0,0,0,0,2,3,0],0,269].
[[3,8,1,0,0,0,1,2,2],152,159].
[[3,8,0,1,2,1,2,2,0],2,476].
[[3,8,1,1,2,0,1,2,0],87,77].
[[1,8,1,1,2,0,2,3,1],25,29].
[[2,8,1,1,2,0,2,3,1],44,61].
[[2,7,0,0,0,0,1,2,2],0,3].
[[2,8,1,1,2,1,1,1,2],157,73].
[[3,7,1,1,1,1,2,3,0],55,38].
[[1,8,1,1,2,1,2,2,1],107,40].
[[2,8,1,1,2,1,2,2,1],69,70].
[[3,7,2,1,2,1,2,3,1],29,5].
[[2,8,0,0,0,0,1,2,0],15,127].
[[3,8,0,1,2,1,1,1,0],0,182].
[[3,6,0,1,2,1,1,2,0],0,16].
[[3,7,1,1,2,0,2,2,1],11,24].
[[2,8,1,1,2,0,2,3,0],72,81].
[[1,8,1,1,2,0,2,2,2],29,22].
[[2,8,1,1,2,0,2,2,2],40,37].
[[2,8,1,0,0,0,2,2,2],166,131].
[[3,8,1,1,2,0,2,3,1],15,36].
[[2,9,1,0,0,0,1,2,1],15,78].
[[3,9,1,0,0,0,1,2,1],0,25].
[[1,9,2,1,1,1,1,2,1],2,2].
[[2,8,1,1,1,1,1,2,1],27,11].
[[3,8,1,1,1,1,1,2,0],88,64].
[[3,9,1,1,1,1,1,2,2],1,200].
[[1,9,2,0,0,0,2,1,2],136,657].
[[2,9,2,1,2,0,2,2,0],14,71].
[[1,6,1,0,0,0,0,0,0],160,19].
[[2,6,1,0,0,0,0,0,0],75,7].
[[3,6,1,1,2,0,2,1,0],11,1].
[[3,8,0,0,0,0,1,2,0],0,200].
[[1,9,2,1,2,1,2,2,2],76,313].
[[2,8,0,1,2,1,2,2,2],19,189].
[[3,8,0,1,1,1,1,2,2],1,216].
[[1,9,2,0,0,0,1,2,1],43,131].
[[2,8,0,1,2,1,1,2,1],6,35].
[[3,8,0,1,2,1,1,2,1],4,130].
[[2,8,0,0,0,0,2,2,0],37,301].
[[3,8,0,0,0,0,2,2,0],0,219].
[[2,8,1,1,2,0,2,3,2],30,27].
[[3,8,1,1,2,0,2,2,0],52,99].
[[2,9,1,1,1,1,1,1,0],6,28].
[[3,5,0,1,1,1,1,1,0],15,6].
[[1,9,2,1,2,0,0,0,0],4,68].
[[2,9,2,1,2,0,2,2,1],0,10].
[[3,9,1,1,2,1,2,2,1],0,5].
[[1,8,0,0,0,0,1,1,2],37,59].
[[2,8,0,0,0,0,1,2,1],12,42].
[[3,8,0,1,1,1,2,3,0],0,230].
[[2,8,0,0,0,0,2,3,2],19,144].
[[2,8,0,1,2,1,2,3,2],12,134].
[[1,9,2,1,1,1,1,1,0],5,8].
[[2,4,1,1,2,0,1,1,0],9,0].
[[3,4,1,1,2,0,1,1,0],39,17].
[[3,9,1,1,2,1,2,1,0],0,122].
[[2,5,0,1,2,1,1,2,0],36,9].
[[3,5,0,1,2,1,1,2,0],149,10].
[[1,9,2,1,1,1,2,3,0],43,54].
[[3,8,1,1,1,1,2,3,0],73,114].
[[3,8,1,1,2,0,2,3,0],73,103].
[[1,5,0,1,2,0,2,3,0],4,1].
[[2,5,0,1,2,0,2,3,0],14,2].
[[3,5,0,1,1,0,2,3,0],6,2].
[[1,8,1,0,0,0,2,2,1],272,138].
[[2,8,1,0,0,0,1,1,1],21,17].
[[3,8,1,0,0,0,1,1,1],14,6].
[[1,8,1,1,2,1,2,1,0],42,17].
[[2,7,2,1,2,1,2,1,0],14,0].
[[3,7,2,1,1,1,1,1,2],20,14].
[[1,8,1,0,0,0,1,2,1],108,65].
[[2,8,1,0,0,0,1,2,1],146,81].
[[2,9,2,0,0,0,2,1,0],27,213].
[[3,9,1,0,0,0,1,1,0],1,53].
[[2,8,1,0,0,0,2,3,1],167,202].
[[3,8,1,0,0,0,2,3,0],83,142].
[[1,9,2,0,0,0,1,1,0],33,204].
[[2,8,1,0,0,0,1,1,0],42,35].
[[3,7,2,0,0,0,1,1,0],4,1].
[[3,7,0,1,2,1,2,3,1],1,45].
[[3,8,0,0,0,0,2,3,1],1,42].
[[3,9,2,1,2,1,1,2,2],0,62].
[[3,8,0,1,1,1,2,1,0],0,123].
[[3,8,0,0,0,0,1,2,1],1,54].
[[1,7,1,0,0,0,2,2,1],18,9].
[[2,7,1,1,2,0,2,2,1],6,6].
[[3,7,1,1,2,0,2,1,0],25,24].
[[2,5,0,1,2,1,1,2,1],68,4].
[[2,9,1,0,0,0,2,1,0],14,153].
[[3,8,1,1,2,1,2,1,0],87,152].
[[1,7,1,0,0,0,2,3,1],39,8].
[[3,3,1,1,2,1,2,3,0],15,0].
[[2,8,0,1,2,1,2,1,2],14,177].
[[3,7,0,1,2,1,2,1,2],0,35].
[[2,8,1,1,2,1,1,2,0],93,66].
[[1,8,1,1,2,1,2,3,1],168,97].
[[2,8,1,1,2,1,1,2,1],143,55].
[[3,7,1,1,2,1,2,2,2],112,88].
[[3,8,0,1,2,1,1,1,2],0,325].
[[3,7,2,1,2,1,2,1,0],22,2].
[[1,7,2,0,0,0,0,0,0],128,34].
[[2,7,2,0,0,0,2,2,2],76,21].
[[3,7,2,1,2,0,2,2,2],25,8].
[[3,9,0,0,0,0,1,1,0],0,40].
[[1,9,2,1,1,1,1,1,2],13,15].
[[2,5,0,1,1,1,1,1,2],37,5].
[[1,8,0,1,2,1,2,1,0],16,43].
[[3,7,0,1,2,1,2,1,0],0,46].
[[3,7,1,1,2,1,2,3,1],105,99].
[[2,7,2,0,0,0,2,3,1],31,10].
[[3,7,2,1,2,1,1,1,2],65,59].
[[1,6,1,0,0,0,2,1,2],37,1].
[[2,8,0,1,1,1,2,2,0],7,40].
[[3,9,1,1,2,0,2,2,0],0,58].
[[3,7,1,0,0,0,2,2,0],73,30].
[[3,8,1,1,2,0,1,1,0],37,43].
[[2,7,1,1,2,0,2,3,2],15,14].
[[2,7,1,0,0,0,2,3,1],99,54].
[[3,7,1,0,0,0,2,3,1],62,65].
[[2,8,0,1,2,1,1,1,2],43,137].
[[3,8,0,1,1,1,1,1,2],0,101].
[[1,3,2,0,0,0,2,3,2],6,0].
[[2,3,2,1,2,1,2,3,2],5,0].
[[3,3,2,1,2,1,1,2,2],27,0].
[[2,8,0,0,0,0,2,1,2],13,178].
[[3,5,0,1,2,0,1,1,2],118,8].
[[1,7,2,0,0,0,2,2,2],88,20].
[[2,7,1,1,2,1,2,2,2],67,40].
[[2,9,2,1,2,0,1,2,2],32,149].
[[3,8,0,1,2,0,1,2,2],2,180].
[[2,7,1,1,2,1,0,0,0],77,88].
[[1,6,0,0,0,0,2,2,2],2,10].
[[2,3,1,1,2,1,2,2,2],4,2].
[[3,3,1,1,1,1,1,2,2],1,1].
[[2,8,1,1,2,0,1,1,2],31,37].
[[3,8,1,1,2,1,1,1,2],143,140].
[[2,7,2,1,2,0,1,2,2],26,19].
[[3,7,2,1,2,0,1,2,2],77,17].
[[1,8,0,1,2,1,2,2,2],23,95].
[[2,9,2,1,1,1,1,1,2],31,53].
[[1,6,1,1,2,1,0,0,0],39,0].
[[2,6,1,1,1,1,2,3,1],4,1].
[[3,6,1,1,1,1,1,2,1],7,0].
[[3,9,2,0,0,0,1,1,0],0,4].
[[3,6,0,1,2,1,2,2,0],0,29].
[[2,9,1,1,2,1,1,1,0],12,151].
[[1,6,1,0,0,0,2,2,1],29,0].
[[2,6,1,0,0,0,2,2,1],24,6].
[[3,3,2,0,0,0,1,2,2],15,0].
[[1,8,1,0,0,0,2,1,1],87,29].
[[2,9,2,1,1,1,1,2,0],18,33].
[[1,8,0,0,0,0,2,2,0],44,150].
[[3,6,1,0,0,0,0,0,0],4,4].
[[3,5,0,1,1,1,2,3,0],50,3].
[[2,7,2,0,0,0,1,2,2],105,14].
[[3,7,2,0,0,0,1,2,2],100,15].
[[3,8,1,0,0,0,2,2,0],68,101].
[[3,5,0,1,2,1,2,3,0],157,7].
[[2,8,1,1,2,1,0,0,0],13,68].
[[3,7,1,1,2,1,0,0,0],22,43].
[[2,9,2,0,0,0,2,2,2],3,39].
[[3,5,0,0,0,0,1,1,2],174,5].
[[1,8,1,1,2,0,2,1,2],21,18].
[[2,8,1,1,1,0,1,1,2],0,3].
[[3,7,1,1,1,0,1,1,2],1,6].
[[2,9,1,0,0,0,1,1,2],22,69].
[[3,9,0,0,0,0,1,2,1],0,26].
[[2,9,2,1,2,1,2,3,2],7,36].
[[3,9,0,1,2,0,1,2,0],0,82].
[[2,9,1,1,1,1,2,3,0],23,71].
[[3,4,1,1,2,0,2,3,0],79,24].
[[3,9,1,0,0,0,1,2,0],0,163].
[[2,9,1,1,2,1,1,2,1],15,69].
[[3,9,1,1,2,1,1,2,1],9,76].
[[3,9,1,1,2,0,1,2,2],0,151].
[[2,6,0,0,0,0,2,3,2],1,19].
[[3,6,0,0,0,0,2,3,2],0,12].
[[2,3,2,0,0,0,0,0,0],25,1].
[[3,3,2,0,0,0,0,0,0],13,1].
[[3,9,1,1,2,0,2,1,0],0,24].
[[2,8,1,1,2,0,2,2,0],55,46].
[[3,8,1,1,1,0,2,2,0],7,26].
[[1,9,2,1,1,1,0,0,0],31,49].
[[2,8,1,1,1,1,2,3,1],38,32].
[[3,7,1,1,1,1,2,3,1],23,32].
[[3,5,0,0,0,0,2,1,0],33,2].
[[3,9,0,0,0,0,1,1,2],0,13].
[[2,9,2,1,2,0,0,0,0],7,28].
[[3,8,0,1,2,0,0,0,0],0,28].
[[2,8,1,1,2,0,0,0,0],5,19].
[[3,7,1,1,1,0,0,0,0],0,3].
[[3,8,1,1,2,0,1,2,2],102,132].
[[2,9,1,1,2,1,2,1,0],15,142].
[[2,9,2,0,0,0,2,3,2],3,48].
[[3,7,2,1,2,0,2,1,2],13,3].
[[2,8,0,1,2,0,1,2,2],11,56].
[[3,8,0,1,1,0,1,2,2],0,29].
[[1,8,1,1,2,0,2,3,2],25,20].
[[3,8,1,0,0,0,2,3,1],12,48].
[[1,9,2,1,2,1,2,3,1],51,217].
[[2,9,1,1,1,1,1,2,1],10,20].
[[1,8,0,1,2,1,2,2,0],20,48].
[[1,9,2,1,2,1,2,3,2],68,205].
[[3,8,1,1,2,1,2,3,2],27,17].
[[2,7,2,0,0,0,0,0,0],41,11].
[[1,5,0,1,2,1,2,3,0],27,3].
[[2,9,2,0,0,0,1,2,0],36,158].
[[2,9,1,1,2,0,1,2,0],14,87].
[[2,8,1,1,2,1,2,2,0],201,177].
[[3,8,1,1,2,1,1,1,1],31,12].
[[3,6,0,1,2,1,2,3,0],0,46].
[[3,9,0,1,1,1,2,3,0],0,16].
[[2,9,2,0,0,0,2,3,1],8,75].
[[1,8,1,0,0,0,1,1,0],13,15].
[[2,8,1,1,2,1,1,1,0],35,40].
[[2,8,0,1,1,1,2,3,0],21,48].
[[3,6,0,1,1,1,2,3,0],0,6].
[[2,8,1,1,1,1,2,2,2],26,19].
[[3,8,0,1,1,1,2,3,2],0,10].
[[3,8,0,1,1,0,1,1,0],0,12].
[[3,8,0,1,1,1,1,2,0],0,160].
[[2,9,2,1,1,1,2,3,0],32,110].
[[1,8,0,1,2,1,2,3,2],26,98].
[[3,8,0,1,2,1,2,3,2],0,35].
[[2,9,1,1,2,1,2,2,0],33,242].
[[2,6,1,0,0,0,2,1,2],43,2].
[[3,6,1,1,2,1,1,1,2],28,3].
[[2,5,0,1,1,1,1,1,1],17,4].
[[3,5,0,1,1,1,1,1,1],62,6].
[[2,8,1,1,1,1,1,2,0],20,12].
[[3,7,1,1,1,1,1,2,0],23,3].
[[2,7,1,1,2,1,2,1,2],60,33].
[[2,8,1,1,2,0,1,1,0],9,8].
[[2,9,1,1,2,1,2,2,1],0,2].
[[2,9,2,0,0,0,0,0,0],19,118].
[[2,3,2,0,0,0,2,1,2],14,0].
[[3,3,2,1,2,0,1,1,2],3,0].
[[2,9,2,1,1,1,2,1,0],10,43].
[[3,8,1,1,1,1,1,2,1],41,45].
[[1,9,2,1,1,1,2,3,2],11,35].
[[2,8,0,1,1,1,2,3,2],4,19].
[[2,5,0,0,0,0,1,2,1],65,2].
[[3,5,0,0,0,0,1,2,1],101,3].
[[2,9,2,1,2,1,1,1,0],5,87].
[[3,9,1,1,2,1,1,1,0],1,161].
[[3,9,2,1,2,1,1,1,2],0,91].
[[2,7,1,1,2,0,0,0,0],11,18].
[[3,7,1,1,2,0,2,3,2],38,18].
[[1,9,2,1,2,1,1,1,2],139,161].
[[2,9,1,1,2,0,2,3,0],5,81].
[[3,7,1,1,1,1,2,2,2],33,21].
[[2,9,1,1,2,1,1,1,2],13,75].
[[3,9,0,1,1,1,1,1,2],0,17].
[[2,8,0,1,2,0,2,3,0],4,74].
[[3,8,1,1,1,0,1,2,2],22,45].
[[1,8,0,1,2,1,2,3,1],8,36].
[[3,9,1,1,2,0,1,1,0],0,58].
[[3,7,2,0,0,0,1,1,2],38,24].
[[3,5,0,0,0,0,1,1,1],79,5].
[[1,8,0,0,0,0,2,3,1],26,120].
[[3,9,0,0,0,0,2,2,0],0,17].
[[2,8,0,0,0,0,2,1,0],18,180].
[[3,6,0,1,2,1,2,1,0],0,19].
[[2,9,2,0,0,0,1,1,0],9,75].
[[2,8,0,1,2,1,0,0,0],30,286].
[[2,3,2,1,2,1,0,0,0],13,1].
[[3,3,2,1,2,1,0,0,0],14,0].
[[2,7,1,0,0,0,2,2,1],52,25].
[[3,7,1,0,0,0,2,2,1],14,30].
[[1,8,1,1,2,1,1,2,1],47,23].
[[3,9,1,0,0,0,2,3,0],1,89].
[[1,7,2,0,0,0,2,3,2],76,18].
[[3,3,2,1,2,0,1,2,2],14,0].
[[3,9,1,1,1,1,1,2,1],3,31].
[[2,5,0,0,0,0,1,1,1],78,8].
[[3,7,1,1,2,1,2,3,2],93,64].
[[3,6,1,1,2,0,2,1,2],9,1].
[[1,6,1,0,0,0,2,3,2],45,3].
[[2,6,1,0,0,0,2,3,2],55,3].
[[3,6,1,1,2,0,1,2,2],23,5].
[[1,9,2,1,2,0,1,2,2],19,56].
[[2,9,1,1,2,0,1,2,2],3,32].
[[3,3,1,1,2,1,2,1,2],18,3].
[[1,9,2,1,2,0,2,3,2],2,28].
[[2,8,0,1,2,0,2,3,2],0,17].
[[1,8,1,1,2,0,1,2,2],16,11].
[[2,5,0,1,2,0,1,1,1],24,6].
[[3,5,0,1,2,0,1,1,1],67,5].
[[3,8,1,1,2,0,2,1,1],0,5].
[[3,7,1,0,0,0,2,3,2],53,33].
[[3,8,0,0,0,0,1,2,2],1,284].
[[3,8,0,0,0,0,2,1,0],1,134].
[[3,7,0,1,2,0,2,3,0],0,17].
[[1,8,0,1,2,1,1,2,2],21,44].
[[3,7,2,1,1,1,2,1,2],9,2].
[[2,8,1,1,1,0,1,2,1],1,6].
[[3,8,1,1,1,0,1,2,1],4,27].
[[2,7,1,0,0,0,1,2,2],64,28].
[[3,7,1,1,2,1,1,1,2],111,53].
[[3,7,1,0,0,0,2,1,2],44,29].
[[1,7,2,1,2,1,1,1,2],4,6].
[[2,7,2,1,2,1,1,1,2],26,19].
[[2,7,0,0,0,0,0,0,0],6,42].
[[3,7,1,1,2,1,1,1,0],35,17].
[[3,7,1,1,1,0,2,3,2],1,9].
[[2,7,2,0,0,0,2,3,0],34,4].
[[3,7,2,0,0,0,1,2,0],15,1].
[[2,7,2,1,2,0,2,2,2],23,7].
[[1,5,0,1,2,1,2,1,0],21,2].
[[2,5,0,1,2,1,2,1,0],52,2].
[[3,7,0,1,2,1,2,3,2],0,29].
[[3,9,1,1,1,0,1,2,0],0,29].
[[3,6,1,1,2,1,2,3,0],66,1].
[[3,7,1,1,1,1,2,1,2],30,19].
[[2,7,1,0,0,0,2,2,2],77,64].
[[3,3,1,0,0,0,2,2,2],8,2].
[[2,8,1,0,0,0,0,0,0],7,97].
[[3,7,1,1,2,0,0,0,0],4,13].
[[3,9,0,0,0,0,1,2,0],0,119].
[[1,8,1,1,2,1,1,2,0],17,15].
[[1,8,1,0,0,0,1,1,1],26,25].
[[3,8,0,1,2,0,1,2,0],0,130].
[[2,9,1,1,1,1,2,1,0],10,39].
[[3,8,1,1,1,1,2,1,0],30,52].
[[1,9,2,1,2,1,1,2,1],22,49].
[[3,8,0,1,1,1,1,2,1],0,31].
[[2,8,0,1,1,1,1,1,2],8,20].
[[3,7,1,1,1,1,1,1,2],22,12].
[[2,6,1,0,0,0,2,3,0],28,1].
[[3,2,1,0,0,0,2,3,0],1,0].
[[2,8,1,1,2,0,1,2,2],64,81].
[[3,8,0,1,1,0,1,1,2],0,10].
[[2,8,1,1,1,1,1,2,2],59,37].
[[3,7,1,1,1,1,1,2,2],61,38].
[[3,7,2,1,2,0,2,3,2],17,6].
[[3,8,0,1,1,1,1,1,0],0,76].
[[2,7,1,1,2,1,2,3,2],67,34].
[[3,9,2,0,0,0,2,2,0],0,8].
[[2,6,0,0,0,0,2,1,2],3,9].
[[1,7,2,1,2,1,0,0,0],26,5].
[[3,7,2,1,1,1,2,3,2],9,0].
[[3,7,1,1,2,1,1,2,0],72,17].
[[1,9,2,1,2,1,2,2,1],37,46].
[[3,9,2,1,2,1,1,2,0],0,30].
[[2,9,1,0,0,0,0,0,0],0,22].
[[3,9,0,0,0,0,2,3,0],0,20].
[[3,8,0,0,0,0,0,0,0],0,61].
[[3,7,2,1,2,1,2,2,2],46,5].
[[3,8,1,0,0,0,1,1,0],34,53].
[[3,3,1,1,2,1,2,2,1],12,1].
[[1,5,0,1,2,1,1,2,1],10,1].
[[2,3,1,1,2,1,0,0,0],13,1].
[[3,3,1,1,2,1,2,3,2],29,5].
[[2,8,0,1,2,1,2,3,1],12,140].
[[1,8,0,1,2,1,2,1,2],19,93].
[[3,8,1,0,0,0,2,1,0],36,64].
[[2,7,0,1,2,1,2,3,2],0,10].
[[1,9,2,1,2,0,1,1,2],10,13].
[[2,9,1,1,1,0,1,2,1],1,1].
[[3,5,0,1,1,0,1,1,0],2,3].
[[2,9,2,1,1,1,2,2,2],3,11].
[[3,4,1,1,2,0,2,2,0],50,18].
[[3,8,1,1,2,0,2,1,0],21,49].
[[2,9,2,1,2,0,1,2,0],6,30].
[[2,6,0,0,0,0,2,3,0],2,8].
[[2,7,2,0,0,0,1,1,2],33,25].
[[3,7,1,1,2,1,1,2,1],109,40].
[[3,9,2,1,2,1,2,3,0],0,27].
[[2,9,2,1,2,1,2,2,1],9,27].
[[2,8,0,1,2,0,2,1,2],3,24].
[[2,9,2,1,2,1,1,2,0],37,179].
[[1,7,2,0,0,0,2,1,0],9,0].
[[2,3,2,0,0,0,2,1,0],2,0].
[[3,8,0,1,2,1,2,3,1],1,96].
[[1,5,0,0,0,0,1,1,1],41,9].
[[3,7,2,1,2,0,2,3,0],28,5].
[[1,9,2,0,0,0,2,1,1],20,23].
[[1,3,2,0,0,0,0,0,0],19,0].
[[3,3,2,0,0,0,2,1,2],8,0].
[[2,7,1,1,2,0,2,2,0],6,7].
[[3,7,1,1,2,0,1,2,0],32,13].
[[3,7,2,1,1,1,2,2,0],11,1].
[[3,9,1,1,1,1,2,3,0],0,90].
[[2,8,0,1,1,1,2,1,0],6,31].
[[3,4,1,1,2,0,2,1,0],29,10].
[[1,9,2,1,2,1,2,1,1],11,10].
[[3,8,1,1,1,1,1,1,0],25,38].
[[2,7,2,1,1,1,0,0,0],4,0].
[[3,7,2,1,1,1,2,2,2],13,3].
[[2,8,0,0,0,0,2,2,1],8,40].
[[2,7,1,1,2,1,2,2,0],28,14].
[[2,9,1,1,2,1,2,3,1],3,43].
[[3,3,1,1,2,0,2,1,2],4,0].
[[2,7,2,1,1,1,2,1,2],5,2].
[[3,4,1,1,2,0,2,1,2],5,1].
[[3,9,0,1,1,1,1,1,0],0,49].
[[3,9,1,1,2,0,1,2,0],0,103].
[[3,7,1,1,2,0,1,2,1],33,16].
[[2,8,1,0,0,0,2,2,1],75,83].
[[3,6,0,1,2,1,0,0,0],0,31].
[[2,5,0,1,2,0,1,1,2],39,8].
[[3,5,0,1,2,1,1,2,2],75,0].
[[3,6,0,1,2,1,1,2,2],1,32].
[[3,8,0,1,1,0,1,2,0],0,21].
[[2,9,1,1,2,0,2,2,0],3,77].
[[2,9,2,0,0,0,1,2,1],11,39].
[[2,7,1,0,0,0,1,1,0],6,1].
[[3,7,1,0,0,0,1,1,0],23,7].
[[2,9,2,1,2,0,2,1,0],4,62].
[[2,8,0,1,2,0,1,1,2],4,18].
[[3,8,0,1,2,0,1,1,2],0,75].
[[2,8,1,1,2,1,2,1,0],113,75].
[[3,7,1,0,0,0,2,2,2],52,36].
[[2,8,0,1,1,1,1,2,0],4,18].
[[3,7,0,1,2,1,2,2,0],0,62].
[[1,6,1,1,2,1,2,3,2],10,0].
[[2,3,1,1,2,1,2,3,2],1,1].
[[3,5,0,1,2,1,1,1,0],60,30].
[[3,7,1,1,2,1,2,1,0],85,41].
[[3,3,1,0,0,0,2,3,1],14,3].
[[2,6,1,1,2,0,2,2,2],8,0].
[[3,6,1,1,2,0,2,2,2],11,0].
[[2,8,0,1,2,1,1,1,0],4,52].
[[3,7,0,1,2,0,0,0,0],0,14].
[[2,9,2,1,2,0,1,1,2],11,63].
[[3,9,2,1,2,0,1,1,2],0,26].
[[3,7,1,0,0,0,1,1,2],44,19].
[[3,9,1,1,2,0,1,1,2],0,38].
[[3,6,0,1,2,0,0,0,0],0,5].
[[3,9,2,0,0,0,1,1,2],0,28].
[[2,9,2,1,2,1,1,2,1],17,47].
[[3,9,2,1,2,1,1,2,1],0,11].
[[3,9,2,0,0,0,2,3,0],0,16].
[[3,9,1,1,1,1,2,1,0],0,40].
[[3,4,1,1,2,0,1,2,0],81,30].
[[3,7,0,1,1,1,2,1,2],0,6].
[[3,6,1,1,2,0,0,0,0],2,1].
[[1,5,0,1,2,1,1,1,2],51,1].
[[2,7,2,1,2,0,1,1,2],10,9].
[[3,7,2,1,1,0,1,2,1],3,4].
[[3,7,1,1,2,1,1,1,1],18,5].
[[3,6,1,0,0,0,2,2,1],10,0].
[[1,7,1,0,0,0,2,3,2],37,24].
[[2,7,1,0,0,0,2,3,2],85,60].
[[3,9,1,0,0,0,2,1,0],2,43].
[[1,8,0,1,2,1,1,1,2],6,26].
[[2,6,0,1,2,1,1,2,2],4,2].
[[2,8,1,1,2,0,2,1,1],2,7].
[[3,8,0,1,2,0,2,2,1],0,13].
[[1,9,2,1,1,1,2,2,0],24,37].
[[3,8,1,0,0,0,2,2,1],4,23].
[[3,9,2,1,1,1,2,2,0],0,13].
[[3,9,1,0,0,0,1,1,1],2,1].
[[2,9,2,0,0,0,2,1,1],3,4].
[[1,5,0,0,0,0,1,1,0],5,2].
[[2,5,0,0,0,0,1,1,0],17,8].
[[3,5,0,1,2,0,1,1,0],26,7].
[[2,7,2,1,2,0,2,1,2],11,10].
[[3,7,2,1,2,0,1,1,2],35,19].
[[2,7,1,0,0,0,2,2,0],49,15].
[[3,3,2,1,2,1,2,1,0],4,0].
[[2,8,0,1,2,0,2,3,1],1,26].
[[3,9,0,1,2,1,1,2,1],0,57].
[[1,5,0,0,0,0,1,2,1],18,1].
[[3,6,1,0,0,0,2,1,2],17,2].
[[1,7,2,0,0,0,1,1,2],20,13].
[[3,9,2,1,2,0,1,2,1],0,5].
[[3,9,0,0,0,0,2,1,0],0,14].
[[1,9,2,1,1,1,2,1,0],22,25].
[[1,7,2,1,2,1,2,3,1],7,1].
[[2,7,2,1,2,1,2,2,0],18,0].
[[2,8,1,1,1,1,2,1,0],19,13].
[[3,6,1,1,1,1,2,1,0],11,0].
[[3,9,2,1,1,1,1,1,2],0,28].
[[2,7,1,1,2,0,1,2,2],5,6].
[[1,7,1,0,0,0,2,2,2],36,22].
[[3,7,0,0,0,0,2,2,2],0,16].
[[1,8,0,1,2,1,1,1,0],4,9].
[[2,7,1,1,1,1,1,1,0],0,2].
[[3,7,1,1,1,1,1,1,0],10,2].
[[2,8,1,1,2,0,2,2,1],13,21].
[[3,8,1,1,1,0,2,2,1],1,4].
[[2,8,1,1,1,1,2,2,0],45,22].
[[3,6,1,1,1,1,2,2,0],7,1].
[[2,8,0,0,0,0,2,1,1],4,7].
[[3,6,1,0,0,0,2,1,0],9,0].
[[2,9,1,1,1,1,2,3,1],2,14].
[[3,8,0,1,1,1,2,3,1],1,25].
[[2,7,1,1,1,1,2,3,2],12,8].
[[3,4,1,1,2,0,2,3,1],10,7].
[[1,8,1,1,2,1,2,2,0],60,45].
[[1,8,1,1,1,1,1,2,0],4,1].
[[2,7,1,1,1,1,1,2,0],1,0].
[[3,3,1,1,1,1,1,2,0],1,0].
[[3,5,0,0,0,0,2,2,0],25,0].
[[3,4,1,1,2,0,1,2,2],92,29].
[[1,7,2,0,0,0,2,3,1],19,8].
[[3,7,2,0,0,0,2,3,1],19,3].
[[1,7,1,1,2,1,0,0,0],32,18].
[[2,7,1,1,2,0,2,3,1],15,12].
[[3,7,1,1,1,0,2,3,1],5,7].
[[1,9,2,1,2,0,1,2,0],2,20].
[[2,8,1,1,2,0,1,2,0],34,24].
[[3,8,1,1,1,0,1,2,0],8,26].
[[1,7,1,0,0,0,2,3,0],13,4].
[[2,9,2,1,1,0,1,2,0],0,7].
[[2,7,1,1,2,1,1,2,0],8,5].
[[3,7,0,1,2,1,1,2,0],0,22].
[[2,6,0,0,0,0,0,0,0],3,60].
[[3,3,0,1,2,1,0,0,0],0,7].
[[3,8,1,1,2,1,2,2,2],15,13].
[[1,6,1,0,0,0,2,3,0],10,1].
[[2,6,1,1,2,1,2,3,0],26,1].
[[3,7,2,1,2,1,2,2,0],29,3].
[[1,7,1,0,0,0,2,1,1],7,3].
[[2,7,1,0,0,0,2,1,1],22,6].
[[3,7,1,0,0,0,2,1,1],3,7].
[[2,8,1,1,1,1,2,2,1],15,15].
[[2,9,1,1,2,0,1,2,1],2,20].
[[3,8,0,1,2,0,1,2,1],1,35].
[[2,8,0,1,2,0,2,2,1],2,12].
[[3,8,0,1,2,0,2,3,1],0,28].
[[3,7,0,1,2,1,0,0,0],0,70].
[[2,6,1,0,0,0,1,2,0],5,0].
[[3,3,2,0,0,0,1,2,0],2,0].
[[2,9,1,1,1,1,1,2,2],7,28].
[[3,9,0,1,2,1,2,1,0],0,46].
[[1,5,0,1,2,1,2,2,0],3,0].
[[3,5,0,1,1,1,1,2,0],48,9].
[[1,7,2,1,2,1,2,3,2],22,4].
[[2,7,2,1,2,1,1,2,2],65,15].
[[3,7,1,0,0,0,2,1,0],29,17].
[[3,9,0,1,2,1,1,1,2],0,39].
[[2,8,0,1,2,0,1,2,1],1,8].
[[3,8,0,1,1,0,1,2,1],0,9].
[[3,5,0,1,2,0,2,3,0],39,1].
[[3,7,1,0,0,0,1,2,1],45,22].
[[3,6,1,1,1,1,2,3,0],16,2].
[[3,7,2,1,1,0,1,2,2],19,14].
[[3,9,2,0,0,0,1,2,2],0,20].
[[3,7,0,1,2,1,1,2,2],0,67].
[[3,9,0,1,2,0,1,2,2],0,23].
[[3,5,0,1,2,0,2,2,0],17,0].
[[3,8,0,1,1,1,2,2,2],0,18].
[[3,7,1,1,1,1,2,2,0],35,27].
[[1,6,1,1,2,1,2,2,2],10,1].
[[2,6,1,1,2,1,1,2,2],24,1].
[[3,6,1,1,2,1,1,2,2],59,6].
[[3,7,1,0,0,0,1,2,0],41,6].
[[3,9,0,0,0,0,1,2,2],0,21].
[[3,7,0,0,0,0,2,3,1],1,16].
[[3,7,1,1,2,0,2,1,2],33,27].
[[2,6,1,1,2,1,2,3,1],34,0].
[[3,3,1,1,2,1,2,3,1],20,3].
[[2,9,2,0,0,0,1,1,1],8,5].
[[3,9,0,1,1,1,2,1,0],0,14].
[[3,7,1,1,1,1,1,2,1],25,8].
[[3,8,1,1,2,1,0,0,0],0,10].
[[1,7,2,1,2,1,2,2,2],9,7].
[[2,7,2,1,1,1,1,1,2],5,2].
[[2,3,1,0,0,0,0,0,0],24,3].
[[3,3,1,1,2,0,2,1,0],1,1].
[[3,7,2,1,2,1,1,2,1],26,3].
[[3,8,1,1,1,1,2,3,1],10,31].
[[3,3,1,1,2,1,2,2,2],23,6].
[[1,9,2,1,1,1,2,3,1],14,17].
[[2,9,2,1,1,1,2,3,1],5,13].
[[3,7,0,1,2,1,2,2,2],0,39].
[[1,8,1,1,1,1,2,1,2],20,5].
[[2,7,1,1,1,1,2,1,2],8,6].
[[3,7,1,1,2,0,1,1,2],29,25].
[[1,8,0,1,2,1,1,2,1],0,3].
[[2,8,0,1,1,1,1,1,0],3,7].
[[1,6,1,0,0,0,1,2,1],4,1].
[[2,6,1,1,2,1,1,2,1],7,0].
[[3,6,1,1,2,1,1,2,0],25,1].
[[2,9,2,1,2,0,2,3,2],0,11].
[[3,9,2,1,1,1,1,2,2],0,28].
[[1,6,1,0,0,0,2,2,2],25,1].
[[3,6,1,1,2,0,1,1,2],8,3].
[[3,6,1,0,0,0,2,2,2],14,1].
[[2,9,1,1,1,1,1,1,2],4,10].
[[3,4,1,1,2,0,1,2,1],40,12].
[[2,7,1,1,1,1,2,3,1],7,6].
[[3,7,1,1,1,1,2,2,1],14,8].
[[1,8,1,1,1,1,2,3,1],14,6].
[[2,2,1,0,0,0,2,2,2],4,0].
[[3,2,1,0,0,0,1,2,2],3,0].
[[1,8,1,1,2,1,1,1,2],48,14].
[[2,7,1,1,2,1,1,1,2],24,7].
[[3,7,1,1,1,1,1,1,1],4,1].
[[2,9,2,1,2,1,2,1,1],5,6].
[[3,8,1,1,2,1,2,1,1],1,14].
[[3,7,2,1,2,0,2,2,0],22,6].
[[1,8,1,1,1,1,2,3,2],23,11].
[[3,7,1,1,1,1,2,3,2],23,11].
[[3,6,1,1,2,1,2,2,0],37,1].
[[1,7,1,1,2,1,2,1,2],7,6].
[[3,6,1,1,1,1,1,2,0],5,0].
[[2,9,2,1,1,1,1,2,1],6,13].
[[3,5,0,1,1,0,1,1,2],21,7].
[[2,7,1,0,0,0,1,1,2],28,15].
[[3,7,2,1,1,0,1,1,2],2,7].
[[2,8,1,1,2,1,2,1,1],20,17].
[[2,7,0,1,2,1,1,2,2],0,7].
[[2,9,1,0,0,0,2,2,1],0,8].
[[3,9,0,1,2,0,1,2,1],0,15].
[[1,5,0,1,2,1,1,2,0],6,2].
[[2,5,0,1,2,1,1,1,0],14,9].
[[2,6,1,0,0,0,2,2,0],29,2].
[[3,6,1,0,0,0,2,2,0],30,3].
[[2,8,1,1,2,0,1,2,1],30,35].
[[2,8,0,1,2,0,2,2,0],4,47].
[[2,8,0,1,1,1,0,0,0],7,35].
[[3,8,1,0,0,0,2,2,2],8,9].
[[2,9,2,1,2,1,2,2,2],2,40].
[[3,8,0,1,2,1,2,2,2],0,27].
[[2,8,1,1,1,0,2,3,1],4,4].
[[3,6,1,1,1,0,2,3,1],3,1].
[[3,7,0,0,0,0,2,3,0],0,35].
[[1,9,2,1,1,1,2,1,2],12,20].
[[1,8,0,1,2,1,2,2,1],3,2].
[[3,9,2,1,2,0,1,2,0],0,10].
[[3,3,2,1,2,0,0,0,0],7,1].
[[3,6,0,1,2,0,2,3,0],0,11].
[[3,9,1,0,0,0,0,0,0],0,7].
[[3,9,2,1,2,0,2,1,0],0,7].
[[3,8,1,1,2,0,2,3,2],6,11].
[[3,7,0,0,0,0,2,3,2],0,15].
[[3,5,0,0,0,0,1,2,2],29,1].
[[1,8,1,1,2,1,2,1,1],25,4].
[[3,8,1,1,2,1,1,1,0],77,121].
[[3,8,1,1,2,0,2,2,2],6,7].
[[3,6,1,0,0,0,2,3,2],14,0].
[[1,7,1,0,0,0,2,1,0],5,6].
[[2,7,1,0,0,0,2,1,0],26,13].
[[2,5,0,1,2,1,1,2,2],8,1].
[[3,5,0,1,1,1,1,2,2],18,3].
[[1,7,2,0,0,0,1,2,2],44,8].
[[2,3,2,1,2,0,1,2,2],1,0].
[[2,8,0,1,2,0,1,1,0],0,5].
[[2,7,1,1,2,1,2,2,1],48,23].
[[3,7,1,1,2,1,2,2,1],34,45].
[[3,8,1,1,2,1,2,2,1],8,55].
[[1,8,1,1,2,1,1,1,1],10,5].
[[2,8,1,1,2,1,1,1,1],26,8].
[[2,7,1,1,1,1,0,0,0],7,8].
[[3,6,0,1,2,1,1,1,0],0,7].
[[3,6,0,0,0,0,2,1,2],0,6].
[[2,7,1,0,0,0,1,2,0],5,4].
[[2,8,0,1,1,1,2,3,1],2,14].
[[1,8,0,1,2,1,1,2,0],2,15].
[[3,9,2,1,2,1,0,0,0],0,6].
[[1,8,0,0,0,0,2,2,1],13,38].
[[2,8,0,0,0,0,1,1,1],2,4].
[[3,8,0,1,2,0,1,1,1],0,1].
[[2,7,2,1,2,0,2,3,2],22,8].
[[3,8,1,1,1,0,2,3,0],6,40].
[[2,9,1,1,1,0,1,2,2],0,3].
[[3,5,0,0,0,0,1,1,0],32,10].
[[2,7,1,0,0,0,1,2,1],22,13].
[[3,7,2,1,2,0,1,2,1],11,3].
[[2,7,1,1,2,1,2,1,0],27,5].
[[3,7,1,1,2,0,1,1,0],11,6].
[[2,6,1,0,0,0,2,2,2],37,0].
[[2,9,1,1,2,0,2,1,0],2,40].
[[2,4,1,1,2,0,2,3,0],21,10].
[[2,3,2,0,0,0,2,3,2],10,0].
[[3,3,2,0,0,0,2,3,2],6,0].
[[3,6,1,0,0,0,1,1,0],7,0].
[[3,7,0,1,1,1,2,3,1],0,7].
[[3,8,1,0,0,0,2,3,2],7,9].
[[2,3,2,1,2,1,2,2,2],4,0].
[[3,3,2,1,2,1,2,2,2],9,0].
[[2,3,1,0,0,0,2,3,2],10,3].
[[3,9,1,1,2,0,2,3,0],0,65].
[[3,7,1,1,2,0,2,2,0],41,29].
[[3,6,0,1,2,0,1,2,2],0,4].
[[3,7,1,0,0,0,0,0,0],4,20].
[[3,9,1,1,1,0,1,1,2],0,8].
[[2,8,1,1,1,1,2,3,2],24,16].
[[3,9,2,1,1,1,1,2,0],0,14].
[[3,6,1,0,0,0,1,1,2],16,3].
[[2,6,0,0,0,0,2,2,0],3,3].
[[3,3,1,0,0,0,1,2,1],4,0].
[[3,9,2,0,0,0,0,0,0],0,1].
[[3,9,0,1,2,1,1,1,0],0,133].
[[2,7,1,1,1,1,2,3,0],13,2].
[[3,6,1,1,2,1,1,2,1],22,1].
[[2,9,2,1,1,1,0,0,0],6,27].
[[3,7,1,1,1,0,2,3,0],5,9].
[[3,6,0,1,2,1,1,2,1],0,7].
[[3,3,1,0,0,0,2,2,1],6,1].
[[3,8,1,1,1,0,2,3,1],6,6].
[[1,7,2,1,2,0,2,3,2],5,4].
[[2,7,2,1,1,0,2,3,2],1,2].
[[3,7,2,1,1,0,2,3,2],3,5].
[[2,9,2,1,1,0,2,3,2],0,2].
[[3,9,1,1,1,0,1,2,2],0,39].
[[3,7,2,0,0,0,2,3,0],22,3].
[[3,9,2,1,1,1,2,3,0],0,13].
[[2,8,0,1,2,0,2,1,0],2,32].
[[3,8,0,1,1,0,2,2,0],0,19].
[[2,6,1,0,0,0,2,3,1],40,3].
[[3,3,2,0,0,0,2,3,1],2,0].
[[3,3,1,0,0,0,2,1,2],10,2].
[[2,6,0,1,2,1,0,0,0],5,41].
[[2,6,1,1,2,1,2,3,2],19,1].
[[1,7,1,1,2,1,2,3,2],8,4].
[[3,7,2,1,1,1,2,3,0],6,1].
[[1,7,1,1,2,1,2,2,1],5,2].
[[3,6,0,0,0,0,2,3,0],0,22].
[[2,7,2,0,0,0,1,2,1],8,3].
[[3,5,0,1,2,0,1,2,0],39,3].
[[3,9,0,1,1,1,1,2,1],0,22].
[[2,9,2,1,2,1,2,3,1],7,59].
[[2,7,2,0,0,0,1,1,0],2,2].
[[3,3,1,0,0,0,2,3,2],20,4].
[[2,5,0,1,2,0,2,1,0],9,1].
[[2,7,0,0,0,0,2,2,2],2,12].
[[3,7,0,1,2,0,2,2,2],0,8].
[[3,8,0,0,0,0,2,2,2],0,8].
[[1,9,2,1,2,0,1,1,0],0,10].
[[2,9,1,1,1,0,1,1,0],0,7].
[[3,9,0,1,1,0,1,1,0],0,10].
[[3,7,2,0,0,0,2,3,2],22,3].
[[3,9,0,1,2,0,1,1,2],0,11].
[[3,6,0,0,0,0,1,2,2],0,23].
[[3,6,0,1,2,1,2,3,1],0,13].
[[3,9,2,1,2,1,2,2,0],0,29].
[[2,8,1,1,1,1,0,0,0],6,9].
[[2,7,2,1,2,1,2,3,1],17,3].
[[3,9,2,1,1,0,2,2,0],0,1].
[[3,8,0,1,2,0,1,1,0],0,49].
[[3,9,0,1,1,1,2,2,0],0,19].
[[3,7,0,1,2,0,2,3,1],1,12].
[[3,5,0,1,2,0,1,2,2],16,2].
[[3,8,1,1,1,0,1,1,2],6,21].
[[2,8,0,1,1,1,2,1,2],8,21].
[[2,3,1,0,0,0,2,2,1],6,1].
[[3,3,1,1,2,0,1,2,1],2,1].
[[2,8,1,0,0,0,2,1,1],26,20].
[[2,9,1,0,0,0,2,3,1],2,44].
[[3,7,0,1,1,1,2,2,2],0,6].
[[1,6,1,0,0,0,2,3,1],23,1].
[[3,6,1,0,0,0,2,3,1],26,0].
[[3,9,1,0,0,0,2,2,0],1,57].
[[3,7,0,1,2,0,2,2,0],0,11].
[[2,6,1,1,2,1,2,1,1],7,0].
[[3,6,1,1,2,1,2,1,1],6,1].
[[1,9,2,1,1,1,1,2,0],9,13].
[[2,7,1,1,2,1,1,1,1],6,1].
[[3,3,1,1,2,1,1,1,1],6,0].
[[3,6,1,1,1,1,2,3,1],9,0].
[[2,9,1,1,2,0,2,3,1],0,11].
[[2,9,2,1,2,0,1,1,0],1,19].
[[3,6,1,1,2,0,2,3,0],27,4].
[[1,9,2,1,2,0,1,2,1],3,5].
[[2,9,2,1,2,0,1,2,1],1,18].
[[1,8,1,1,1,1,1,2,2],6,2].
[[2,7,1,1,1,1,1,2,2],3,2].
[[2,6,0,0,0,0,1,1,2],2,5].
[[3,9,1,0,0,0,1,1,2],1,42].
[[1,9,2,1,2,0,2,1,0],8,33].
[[3,7,0,1,2,0,2,1,0],0,8].
[[3,8,1,1,1,0,1,1,1],2,5].
[[2,2,1,0,0,0,2,2,1],2,0].
[[3,2,1,1,2,1,2,2,1],2,0].
[[2,6,1,1,2,1,0,0,0],40,4].
[[3,6,1,1,2,1,2,2,2],27,2].
[[3,7,2,0,0,0,2,1,2],20,3].
[[3,7,2,0,0,0,2,2,2],26,5].
[[1,6,0,0,0,0,0,0,0],10,42].
[[3,3,1,1,2,1,0,0,0],28,7].
[[3,7,0,0,0,0,1,2,2],0,29].
[[3,5,0,1,1,1,1,2,1],73,3].
[[3,6,0,0,0,0,0,0,0],0,30].
[[2,3,1,0,0,0,2,1,2],4,0].
[[3,3,1,0,0,0,1,2,2],11,1].
[[3,5,0,1,1,1,2,1,0],23,2].
[[3,4,1,1,2,0,1,1,1],10,5].
[[2,6,0,1,2,1,2,1,2],0,6].
[[3,6,0,1,1,1,2,1,2],0,3].
[[3,7,0,1,2,0,2,3,2],0,5].
[[1,8,1,1,2,0,2,2,1],12,8].
[[2,8,1,1,1,0,2,2,1],2,4].
[[1,6,1,0,0,0,2,1,1],8,0].
[[2,2,1,0,0,0,2,1,1],1,0].
[[3,2,1,1,2,1,2,1,1],1,0].
[[3,6,0,1,1,1,1,2,2],0,6].
[[3,3,2,1,1,1,1,1,2],4,0].
[[1,8,1,1,1,1,0,0,0],19,10].
[[2,6,1,1,1,1,0,0,0],6,0].
[[1,8,1,1,1,1,2,2,2],14,9].
[[1,7,1,0,0,0,2,2,0],8,2].
[[3,3,1,0,0,0,1,1,0],1,0].
[[1,8,0,0,0,0,1,2,0],2,32].
[[2,6,0,0,0,0,1,2,0],0,3].
[[3,6,0,0,0,0,1,1,0],0,5].
[[3,9,1,1,2,1,2,3,1],0,6].
[[3,7,1,1,1,0,2,2,0],8,4].
[[3,8,1,1,1,0,2,1,0],5,20].
[[2,6,1,1,2,1,2,2,1],17,1].
[[2,7,1,1,2,0,2,1,2],12,14].
[[2,7,1,1,2,0,2,1,0],4,1].
[[3,3,1,1,2,1,2,1,0],5,0].
[[3,9,0,1,2,0,2,3,0],0,11].
[[3,3,1,0,0,0,1,1,2],7,0].
[[3,7,0,1,2,1,2,2,1],0,7].
[[3,6,1,0,0,0,1,2,1],18,2].
[[3,3,1,1,2,1,2,2,0],8,1].
[[2,8,0,1,1,1,2,2,1],2,2].
[[2,6,1,1,2,0,1,1,2],3,0].
[[1,9,2,1,2,0,2,1,2],4,34].
[[3,8,0,1,1,0,2,3,0],0,20].
[[1,7,2,1,2,0,2,2,2],6,3].
[[3,8,1,1,1,1,2,2,1],2,15].
[[3,6,0,0,0,0,2,2,0],0,12].
[[2,7,1,1,2,1,2,1,1],8,2].
[[3,9,2,0,0,0,1,2,0],0,7].
[[3,7,1,1,1,0,2,1,0],3,4].
[[2,7,2,1,2,0,1,2,0],3,1].
[[3,7,2,1,2,0,1,2,0],12,2].
[[2,7,0,0,0,0,2,1,2],0,7].
[[1,9,2,1,1,1,2,2,1],7,2].
[[2,5,0,0,0,0,2,2,0],19,0].
[[3,6,1,1,1,0,1,2,2],2,1].
[[1,8,1,1,1,1,2,2,1],10,6].
[[3,6,0,1,2,1,2,1,2],0,13].
[[2,9,1,1,2,1,0,0,0],3,27].
[[3,3,1,0,0,0,2,3,0],12,0].
[[2,7,2,1,2,1,2,3,0],15,2].
[[3,3,2,1,2,1,2,3,0],7,0].
[[3,7,1,1,2,0,2,1,1],2,6].
[[2,8,1,1,1,1,1,1,0],4,7].
[[3,6,1,1,2,1,0,0,0],6,1].
[[2,7,0,1,2,1,2,1,2],0,10].
[[2,8,0,1,2,1,2,2,1],7,20].
[[2,7,2,1,1,1,1,2,2],8,1].
[[2,6,1,0,0,0,1,2,2],26,3].
[[2,6,1,1,1,1,2,2,1],3,0].
[[3,4,1,1,2,0,2,2,1],8,2].
[[3,9,2,1,1,0,1,2,2],0,2].
[[1,6,1,0,0,0,1,1,2],1,0].
[[2,6,1,1,2,1,1,1,2],11,1].
[[3,3,2,1,2,1,1,1,2],13,0].
[[2,4,1,1,2,0,2,2,0],18,4].
[[3,7,1,1,1,1,0,0,0],3,14].
[[3,6,1,1,2,1,2,1,0],32,1].
[[3,9,2,1,1,1,1,2,1],0,5].
[[1,9,2,0,0,0,1,1,1],7,10].
[[2,5,0,1,1,1,1,1,0],3,1].
[[1,8,1,1,2,0,2,3,0],14,13].
[[1,7,2,1,2,1,2,1,2],13,2].
[[3,7,2,1,1,1,1,2,2],35,11].
[[1,7,2,0,0,0,2,2,0],10,1].
[[1,8,1,1,2,0,2,2,0],15,8].
[[2,8,1,1,1,0,2,2,0],2,6].
[[3,8,1,1,1,0,1,1,0],3,11].
[[1,7,1,0,0,0,1,2,2],2,0].
[[1,7,1,1,2,1,2,2,2],11,5].
[[1,9,2,1,2,0,2,2,2],8,36].
[[2,9,1,1,2,0,1,1,2],2,7].
[[1,7,2,1,2,1,1,2,2],7,1].
[[3,2,1,1,2,1,2,3,1],5,0].
[[3,6,1,1,2,0,2,3,2],8,1].
[[2,8,1,1,1,1,2,1,2],24,15].
[[2,7,0,0,0,0,2,3,1],0,3].
[[2,7,2,1,1,1,2,3,0],2,0].
[[1,6,1,1,2,1,2,3,1],4,0].
[[2,3,1,1,2,1,2,3,1],4,0].
[[3,6,1,1,2,0,2,2,0],18,3].
[[2,7,0,1,2,1,0,0,0],3,39].
[[3,6,0,1,2,0,2,2,0],0,7].
[[2,4,1,1,2,0,2,1,0],12,2].
[[2,6,1,1,1,1,2,1,2],3,1].
[[3,2,1,1,1,1,2,1,2],1,0].
[[3,6,0,1,2,1,2,2,1],0,3].
[[2,5,0,1,1,1,1,2,1],21,2].
[[2,9,2,1,1,0,1,2,2],0,11].
[[3,7,0,1,2,0,1,2,2],0,11].
[[3,7,0,1,1,1,0,0,0],0,19].
[[1,8,1,1,2,1,1,1,0],7,2].
[[2,7,2,1,2,1,1,1,0],5,0].
[[1,8,1,1,1,1,2,1,0],4,2].
[[2,7,2,1,2,1,0,0,0],38,6].
[[1,8,1,1,2,0,1,2,1],10,7].
[[3,7,1,1,1,0,1,2,1],1,4].
[[2,6,0,0,0,0,2,2,2],2,19].
[[2,3,1,0,0,0,2,3,1],5,0].
[[1,8,1,1,2,0,2,1,1],0,3].
[[3,8,1,1,2,0,1,1,1],15,11].
[[3,5,0,1,1,0,1,2,2],2,3].
[[2,2,1,1,2,1,2,2,2],1,0].
[[3,2,1,1,2,1,2,2,2],2,0].
[[3,8,0,1,2,0,2,3,2],0,9].
[[3,3,1,0,0,0,2,1,1],4,0].
[[2,6,1,1,2,0,2,1,2],6,0].
[[2,6,1,1,2,1,2,2,2],19,4].
[[3,8,0,1,2,0,2,2,2],0,11].
[[2,9,1,1,2,1,2,1,1],0,3].
[[3,9,1,1,1,1,2,1,1],0,2].
[[2,5,0,1,1,1,2,1,0],15,1].
[[3,3,2,1,2,0,2,3,2],12,0].
[[3,7,2,1,2,0,2,1,0],6,1].
[[2,3,2,1,2,0,2,3,2],5,0].
[[3,3,2,1,2,1,2,3,2],15,0].
[[2,7,1,1,2,1,1,1,0],3,3].
[[3,5,0,1,1,0,1,2,1],14,8].
[[2,7,2,1,2,1,1,2,0],4,0].
[[3,6,1,1,2,1,2,1,2],28,2].
[[2,7,0,0,0,0,2,3,2],0,13].
[[1,6,1,1,2,1,1,2,1],1,0].
[[2,4,1,1,2,0,0,0,0],9,1].
[[2,6,1,0,0,0,2,1,0],13,0].
[[3,3,1,0,0,0,2,1,0],3,1].
[[2,7,2,1,2,0,0,0,0],12,5].
[[3,5,0,1,1,0,1,2,0],5,8].
[[3,3,1,1,1,1,0,0,0],3,0].
[[3,3,1,1,1,1,2,2,0],1,0].
[[3,9,2,1,2,0,1,2,2],0,16].
[[1,8,1,1,2,0,2,1,0],6,5].
[[3,7,2,1,2,0,1,1,0],2,5].
[[3,9,0,1,1,1,1,2,2],0,26].
[[2,5,0,1,1,0,2,3,0],0,3].
[[3,4,0,1,2,0,2,3,0],0,1].
[[3,6,0,0,0,0,2,2,2],0,11].
[[1,9,2,1,2,1,1,1,1],1,3].
[[2,9,1,1,2,1,1,1,1],0,1].
[[3,9,0,1,2,1,1,1,1],0,1].
[[2,5,0,1,1,0,1,1,1],0,1].
[[3,5,0,1,1,0,1,1,1],6,3].
[[3,3,1,1,2,0,1,2,2],3,0].
[[1,8,0,0,0,0,1,2,1],2,5].
[[3,7,0,1,2,1,1,2,1],1,9].
[[2,8,1,1,1,0,2,2,2],2,4].
[[3,8,1,1,1,0,2,2,2],2,2].
[[1,9,2,1,2,0,2,2,1],1,2].
[[3,9,0,1,1,0,1,2,0],0,32].
[[2,5,0,1,2,0,1,1,0],4,2].
[[2,7,0,1,2,1,2,2,0],1,7].
[[2,4,1,1,2,0,1,2,2],15,2].
[[3,9,1,1,1,0,1,2,1],0,4].
[[3,3,2,1,2,0,2,1,0],1,0].
[[1,8,0,0,0,0,2,1,1],8,5].
[[2,3,1,0,0,0,2,2,0],2,0].
[[3,3,1,0,0,0,2,2,0],10,0].
[[2,9,1,1,1,0,1,2,0],0,7].
[[2,7,0,1,2,1,2,2,2],1,12].
[[2,9,2,1,1,1,2,3,2],3,4].
[[3,8,1,1,1,1,2,3,2],8,2].
[[3,7,1,1,1,1,2,1,1],2,1].
[[2,5,0,1,1,1,2,3,0],13,3].
[[3,7,0,0,0,0,1,2,1],0,7].
[[2,5,0,1,2,0,1,2,2],4,1].
[[2,7,2,1,2,0,2,3,0],8,1].
[[2,9,2,1,2,1,1,1,1],3,4].
[[3,9,2,1,1,1,2,1,0],0,4].
[[3,9,0,1,1,0,2,2,0],0,4].
[[1,8,1,1,1,1,1,2,1],3,2].
[[2,7,1,1,2,0,1,2,1],7,4].
[[2,7,0,0,0,0,2,2,1],1,2].
[[3,7,1,1,2,1,2,1,1],10,10].
[[2,3,2,1,2,0,0,0,0],6,0].
[[2,7,1,1,2,1,1,2,1],21,10].
[[2,7,1,1,2,0,2,2,2],16,10].
[[3,9,1,1,1,0,1,1,0],0,13].
[[2,5,0,0,0,0,1,2,2],14,0].
[[3,8,0,1,1,0,0,0,0],0,4].
[[2,6,1,1,1,1,2,3,2],8,1].
[[3,6,1,1,1,1,2,3,2],13,0].
[[3,7,1,1,2,0,1,1,1],6,3].
[[3,8,0,1,1,1,2,2,1],0,11].
[[3,4,1,1,2,0,2,1,1],1,0].
[[2,7,1,1,1,1,2,1,0],3,1].
[[3,7,1,1,1,0,1,2,2],4,12].
[[2,3,1,0,0,0,2,1,0],1,1].
[[3,6,0,1,1,1,1,1,2],0,3].
[[3,6,1,0,0,0,1,2,2],35,1].
[[3,3,1,1,2,0,2,3,2],3,1].
[[3,9,1,1,2,1,1,1,1],2,5].
[[2,9,2,1,1,0,0,0,0],0,2].
[[3,9,1,1,1,0,2,1,0],0,6].
[[3,5,0,1,1,0,2,1,0],3,2].
[[3,8,1,1,2,0,2,2,1],3,18].
[[3,7,2,1,2,0,2,3,1],9,1].
[[2,3,2,0,0,0,2,3,1],3,0].
[[2,7,1,1,2,0,1,2,0],3,2].
[[2,8,1,1,1,0,2,1,2],1,7].
[[1,3,2,0,0,0,2,2,2],2,0].
[[3,3,2,1,1,1,2,1,2],2,0].
[[3,8,0,1,1,1,0,0,0],0,37].
[[3,7,0,1,1,1,1,2,0],0,4].
[[3,6,0,1,2,1,1,1,2],0,19].
[[1,5,0,1,2,0,1,2,1],1,1].
[[2,6,1,0,0,0,1,2,1],15,0].
[[3,2,0,1,2,1,0,0,0],0,1].
[[2,8,1,1,1,1,1,1,1],6,4].
[[3,8,1,1,1,1,1,1,1],7,6].
[[2,8,1,1,1,0,1,2,2],5,10].
[[1,5,0,1,1,1,1,1,1],2,0].
[[2,9,2,1,1,0,2,3,0],0,10].
[[3,9,2,1,1,0,2,3,0],0,4].
[[3,7,0,1,2,1,1,1,2],0,29].
[[3,6,0,0,0,0,1,1,2],0,11].
[[3,9,1,1,2,0,1,1,1],1,1].
[[3,3,1,1,1,1,1,2,1],4,0].
[[2,4,1,1,2,0,2,2,2],4,0].
[[3,4,1,1,2,0,2,2,2],10,1].
[[3,6,0,0,0,0,2,3,1],0,10].
[[3,6,0,1,1,1,2,2,0],0,4].
[[3,7,1,1,1,0,1,2,0],2,3].
[[2,3,2,0,0,0,2,2,2],11,0].
[[3,3,2,1,2,0,2,2,2],10,0].
[[3,3,1,1,2,1,2,1,1],3,0].
[[3,9,1,1,1,1,1,1,2],0,53].
[[1,5,0,1,1,1,1,1,2],4,2].
[[3,9,2,1,2,1,2,1,0],0,16].
[[3,9,2,1,1,0,2,1,0],0,2].
[[3,7,2,1,1,0,2,1,2],3,2].
[[3,6,1,1,2,1,2,2,1],16,2].
[[2,6,0,0,0,0,2,1,0],1,4].
[[3,7,0,1,1,1,1,1,0],0,2].
[[3,3,2,1,2,1,2,3,1],7,0].
[[2,9,1,1,1,0,2,2,0],0,3].
[[3,6,1,0,0,0,2,1,1],4,0].
[[3,7,0,1,2,1,1,1,0],0,8].
[[2,6,1,0,0,0,1,1,1],3,0].
[[2,7,2,0,0,0,2,1,0],9,0].
[[2,6,0,0,0,0,2,3,1],0,5].
[[1,7,2,0,0,0,2,3,0],10,0].
[[3,3,2,0,0,0,2,2,0],3,0].
[[2,9,1,1,1,0,2,3,0],0,8].
[[3,6,0,1,2,1,2,2,2],0,22].
[[3,9,1,1,1,1,0,0,0],0,5].
[[1,8,1,1,1,1,1,1,2],5,1].
[[3,7,0,0,0,0,2,1,2],1,11].
[[2,6,0,1,2,1,2,3,0],1,3].
[[2,8,0,1,2,1,2,1,1],2,6].
[[3,6,0,1,2,1,2,1,1],1,1].
[[3,6,0,1,2,0,2,3,1],0,3].
[[3,2,1,1,2,1,2,2,0],2,0].
[[3,6,1,1,2,1,2,3,2],20,1].
[[3,9,2,1,2,1,1,1,1],0,1].
[[3,8,0,0,0,0,2,3,2],0,20].
[[3,6,1,1,1,0,2,3,0],3,1].
[[3,6,1,1,2,0,1,2,1],9,1].
[[2,7,2,1,1,1,2,2,2],5,1].
[[3,8,0,0,0,0,2,2,1],0,11].
[[3,2,1,1,2,1,0,0,0],4,0].
[[2,8,1,1,2,0,1,1,1],9,8].
[[3,6,1,0,0,0,1,2,0],10,0].
[[1,5,0,0,0,0,1,2,0],6,0].
[[2,7,2,1,2,1,1,1,1],0,3].
[[3,7,2,1,1,1,1,1,1],0,2].
[[2,6,1,1,2,0,2,3,1],7,2].
[[3,6,1,1,2,0,2,3,1],19,2].
[[3,3,1,0,0,0,0,0,0],19,8].
[[3,4,1,1,2,0,2,3,2],5,3].
[[1,6,1,0,0,0,2,2,0],6,1].
[[2,6,1,1,2,0,1,2,0],1,0].
[[3,3,2,1,1,0,1,2,0],1,0].
[[2,9,2,1,1,1,2,2,1],2,7].
[[3,3,1,0,0,0,1,2,0],1,0].
[[2,9,2,1,1,0,2,2,0],1,7].
[[3,9,1,1,1,0,2,2,0],0,9].
[[3,3,1,1,2,1,1,2,0],5,0].
[[3,8,0,1,2,1,2,1,1],0,7].
[[3,9,1,1,2,0,0,0,0],0,5].
[[3,7,0,1,1,1,2,1,0],0,5].
[[3,3,2,1,1,1,2,2,2],5,0].
[[1,5,0,1,2,0,2,1,0],2,0].
[[3,7,2,1,1,0,2,2,0],3,3].
[[2,3,2,0,0,0,1,1,2],3,0].
[[3,3,2,0,0,0,1,1,2],10,0].
[[2,8,1,1,1,0,2,3,0],5,6].
[[3,9,2,1,1,0,1,1,2],0,3].
[[2,6,1,1,1,1,1,2,1],2,0].
[[3,6,1,1,2,0,2,1,1],2,1].
[[1,8,1,1,1,1,2,2,0],6,3].
[[3,9,2,1,1,0,1,2,0],0,5].
[[2,6,1,1,2,1,1,2,0],3,0].
[[1,7,1,0,0,0,1,2,1],0,3].
[[2,7,0,0,0,0,2,3,0],1,8].
[[3,7,1,1,1,0,1,1,0],1,2].
[[3,9,0,1,2,0,2,1,0],0,9].
[[3,3,1,1,2,0,1,1,2],2,0].
[[3,3,1,1,2,0,2,2,2],5,0].
[[3,8,1,1,1,1,0,0,0],0,2].
[[1,6,1,1,2,1,2,3,0],1,0].
[[2,6,1,1,1,1,2,3,0],3,0].
[[2,3,1,0,0,0,2,2,2],5,1].
[[2,9,1,1,1,1,0,0,0],3,5].
[[3,3,2,1,1,1,0,0,0],2,0].
[[3,8,1,1,1,1,2,2,2],3,4].
[[3,7,0,0,0,0,1,1,2],1,15].
[[3,7,1,1,1,0,2,2,1],0,4].
[[2,7,1,1,2,0,2,3,0],4,8].
[[3,9,2,1,1,1,0,0,0],0,4].
[[1,2,1,0,0,0,0,0,0],3,0].
[[3,2,1,0,0,0,2,2,2],5,0].
[[3,6,0,1,1,1,2,2,2],0,1].
[[2,5,0,1,2,0,1,2,0],3,3].
[[3,3,2,1,2,0,2,3,0],2,0].
[[3,9,1,1,1,0,2,3,0],0,12].
[[2,4,1,1,2,0,1,2,0],12,6].
[[1,7,1,1,2,1,1,2,1],4,1].
[[2,7,0,1,2,1,2,1,0],0,4].
[[1,5,0,1,2,0,1,1,2],3,0].
[[3,3,2,0,0,0,2,2,2],13,0].
[[3,8,0,1,1,0,2,1,0],0,6].
[[2,2,1,0,0,0,0,0,0],5,0].
[[3,9,1,1,1,1,1,1,1],2,0].
[[2,7,2,1,1,0,2,2,2],1,2].
[[3,7,1,1,1,0,2,2,2],4,1].
[[3,3,1,1,2,1,1,2,1],8,0].
[[2,3,2,0,0,0,1,2,2],8,0].
[[2,7,0,1,2,1,2,3,0],3,6].
[[3,3,0,1,2,1,2,3,0],0,2].
[[3,3,1,1,2,0,2,2,0],4,0].
[[1,7,2,1,2,0,2,3,1],2,0].
[[1,7,2,1,2,0,1,2,1],1,0].
[[2,7,2,1,2,0,1,2,1],5,0].
[[3,3,2,1,2,0,2,1,2],9,0].
[[3,9,0,1,2,0,2,2,0],0,18].
[[1,7,1,1,2,1,2,3,1],4,2].
[[3,9,2,1,2,0,2,2,1],0,2].
[[2,7,2,1,2,0,2,2,0],7,1].
[[3,7,2,1,1,0,1,2,0],1,1].
[[2,6,1,1,1,1,1,2,2],4,0].
[[1,6,1,0,0,0,1,1,1],1,0].
[[2,9,1,1,2,0,0,0,0],0,8].
[[3,7,0,1,2,0,2,1,2],1,1].
[[3,6,0,0,0,0,1,2,0],0,7].
[[3,9,2,0,0,0,2,2,1],0,1].
[[2,9,2,1,2,0,2,2,2],0,13].
[[3,9,2,1,1,0,1,2,1],0,2].
[[3,6,1,1,2,0,2,2,1],5,3].
[[3,9,1,1,1,1,2,3,1],0,2].
[[3,7,2,1,1,1,2,3,1],7,1].
[[2,6,1,1,2,0,2,3,0],3,0].
[[3,6,1,1,2,0,1,2,0],6,0].
[[2,6,0,1,2,1,2,1,0],0,5].
[[2,4,1,1,2,0,2,3,2],6,2].
[[2,5,0,1,1,0,1,1,2],0,2].
[[2,7,2,0,0,0,1,2,0],7,1].
[[3,7,2,1,2,1,1,1,1],0,4].
[[3,7,0,1,1,1,1,1,2],0,5].
[[3,6,1,1,1,1,2,2,2],3,1].
[[3,9,0,1,1,0,1,2,2],0,5].
[[2,4,1,1,2,0,2,1,2],4,0].
[[2,8,1,1,1,1,2,1,1],2,1].
[[3,7,0,1,1,1,2,3,0],0,18].
[[2,7,1,1,1,1,2,2,2],5,2].
[[2,7,2,0,0,0,1,1,1],0,6].
[[2,9,2,1,1,0,1,1,0],0,2].
[[3,7,1,1,1,0,2,1,2],1,2].
[[3,2,1,1,2,1,2,1,2],2,0].
[[3,7,1,0,0,0,1,1,1],5,3].
[[3,8,0,1,2,0,2,1,1],0,2].
[[2,4,1,1,2,0,1,2,1],5,2].
[[2,6,1,1,2,1,1,1,1],3,0].
[[3,6,1,1,2,1,1,1,1],2,0].
[[1,7,2,1,2,0,1,2,2],2,0].
[[2,6,1,1,2,0,0,0,0],15,2].
[[3,7,2,0,0,0,1,2,1],11,4].
[[3,3,1,1,2,0,0,0,0],6,4].
[[3,3,1,1,1,1,2,1,0],3,0].
[[3,8,1,1,1,1,2,1,1],2,3].
[[2,7,1,1,1,1,2,2,1],5,0].
[[3,3,2,1,2,1,1,2,0],1,0].
[[1,5,0,1,1,1,1,2,1],1,0].
[[2,8,0,1,2,0,1,2,0],1,14].
[[3,7,0,0,0,0,2,2,0],0,18].
[[2,6,1,1,2,0,2,2,0],3,1].
[[3,6,0,1,1,1,2,1,0],0,4].
[[3,8,0,1,1,1,2,1,1],0,4].
[[3,8,1,0,0,0,2,1,1],0,4].
[[2,6,0,1,2,1,2,3,2],0,7].
[[3,6,0,1,2,1,2,3,2],0,11].
[[3,3,1,1,1,1,2,2,1],2,0].
[[3,3,1,1,1,1,2,2,2],4,0].
[[3,4,0,1,2,0,1,2,0],0,2].
[[2,8,1,1,1,0,1,2,0],0,3].
[[3,7,2,1,1,0,2,3,1],2,0].
[[1,7,2,0,0,0,1,2,1],4,1].
[[2,7,0,1,2,1,2,3,1],0,5].
[[3,7,0,1,1,1,1,2,1],0,3].
[[3,9,2,1,2,0,0,0,0],0,3].
[[2,6,1,1,2,0,2,3,2],3,3].
[[3,6,1,1,1,0,2,3,2],3,2].
[[3,9,0,1,1,0,1,1,2],0,2].
[[1,7,2,1,2,0,0,0,0],7,4].
[[1,7,2,1,2,1,2,2,0],3,0].
[[2,7,1,1,1,1,1,2,1],4,0].
[[3,6,1,1,1,1,2,1,1],1,0].
[[3,7,2,1,1,1,1,2,1],9,2].
[[3,9,0,1,1,0,2,3,0],0,2].
[[2,6,1,1,2,1,2,2,0],6,0].
[[3,7,2,0,0,0,1,1,1],0,2].
[[3,5,0,1,2,0,2,1,0],8,3].
[[2,7,2,1,1,1,2,2,0],1,0].
[[3,9,1,1,2,0,2,3,1],0,1].
[[3,8,1,0,0,0,0,0,0],0,1].
[[1,7,2,1,2,1,2,3,0],1,1].
[[3,4,0,1,2,0,1,1,1],0,1].
[[1,3,2,0,0,0,2,3,1],1,0].
[[3,7,2,1,1,1,1,1,0],2,1].
[[3,7,0,1,2,0,1,2,0],0,6].
[[3,6,0,1,1,1,0,0,0],0,6].
[[2,7,1,0,0,0,1,1,1],6,2].
[[3,3,2,1,2,0,1,2,0],2,0].
[[2,7,1,1,2,0,2,1,1],3,0].
[[3,7,1,1,1,0,2,1,1],1,1].
[[1,8,1,1,1,1,1,1,0],0,1].
[[3,3,2,0,0,0,2,1,0],1,0].
[[2,7,2,1,1,1,1,2,1],2,0].
[[3,6,0,1,2,0,2,3,2],0,7].
[[2,7,0,0,0,0,1,1,2],0,3].
[[3,7,0,1,2,0,2,2,1],0,2].
[[3,3,1,1,1,1,2,3,2],6,1].
[[3,6,1,0,0,0,1,1,1],1,0].
[[3,9,1,1,2,0,2,2,1],0,2].
[[3,6,1,1,1,1,1,1,2],5,0].
[[2,6,0,1,2,1,1,2,0],0,3].
[[3,6,0,1,1,1,1,2,0],0,1].
[[3,9,1,1,1,1,2,2,1],0,2].
[[3,3,2,1,2,0,2,3,1],3,0].
[[3,7,2,1,1,1,2,1,0],4,1].
[[3,7,0,0,0,0,1,2,0],0,6].
[[3,7,0,0,0,0,2,2,1],0,4].
[[2,8,1,1,1,0,2,3,2],1,6].
[[3,6,1,1,1,1,1,2,2],13,1].
[[3,6,0,1,1,1,2,3,1],0,1].
[[3,4,1,1,2,0,0,0,0],6,2].
[[2,5,0,1,1,1,1,2,0],6,4].
[[2,6,1,1,2,0,2,2,1],3,0].
[[3,9,0,1,1,0,1,2,1],0,1].
[[3,3,1,1,2,0,2,2,1],3,0].
[[2,7,2,1,1,1,2,3,2],6,0].
[[2,2,1,0,0,0,2,2,0],1,0].
[[2,9,1,1,2,0,2,1,1],0,1].
[[3,3,2,1,1,0,2,2,2],2,0].
[[3,6,1,1,1,1,0,0,0],1,1].
[[3,2,1,0,0,0,0,0,0],1,0].
[[3,6,1,1,2,0,1,1,0],2,1].
[[2,6,1,1,2,1,2,1,0],6,0].
[[3,6,0,1,2,0,1,2,0],0,2].
[[2,7,2,1,1,0,0,0,0],1,0].
[[3,6,1,1,2,1,1,1,0],4,0].
[[3,3,2,1,2,1,2,2,0],2,0].
[[3,2,1,0,0,0,2,1,2],2,0].
[[1,3,2,0,0,0,2,1,2],3,0].
[[3,3,2,0,0,0,2,3,0],2,0].
[[3,8,1,1,1,0,2,3,2],1,2].
[[2,9,1,1,1,0,2,1,0],0,5].
[[3,9,0,1,1,0,2,1,0],0,2].
[[1,7,1,0,0,0,1,1,2],0,1].
[[1,6,1,1,2,1,2,2,0],2,0].
[[2,3,2,1,2,1,2,2,0],1,0].
[[2,5,0,1,1,1,1,2,2],3,1].
[[2,8,0,1,2,1,1,1,1],0,3].
[[3,8,0,1,2,1,1,1,1],2,2].
[[2,9,2,1,2,0,1,1,1],0,1].
[[3,9,2,1,2,0,1,1,1],0,2].
[[3,9,2,1,1,1,1,1,0],0,3].
[[3,9,1,0,0,0,2,2,1],0,3].
[[3,8,0,1,1,0,2,3,2],0,1].
[[1,6,0,0,0,0,2,1,2],3,1].
[[2,6,0,1,2,1,1,1,2],1,5].
[[2,2,0,0,0,0,0,0,0],0,1].
[[3,2,0,0,0,0,0,0,0],0,3].
[[2,7,1,1,1,1,1,1,2],1,1].
[[3,7,0,1,2,0,1,2,1],0,2].
[[1,5,0,0,0,0,2,2,0],7,0].
[[1,2,1,0,0,0,2,1,2],1,0].
[[2,2,1,0,0,0,2,1,2],2,0].
[[3,2,1,1,2,0,2,1,2],2,0].
[[3,6,0,0,0,0,2,1,0],0,6].
[[3,8,0,1,1,0,2,3,1],0,6].
[[3,3,2,1,1,1,2,3,2],4,0].
[[3,6,0,1,2,0,2,1,0],0,1].
[[2,9,1,1,1,0,2,2,1],0,1].
[[3,8,0,1,1,0,2,2,1],0,3].
[[2,6,0,1,2,1,2,2,2],2,6].
[[1,5,0,1,2,0,1,1,1],1,2].
[[2,8,0,1,1,1,1,2,1],2,2].
[[3,6,0,1,1,1,1,2,1],0,2].
[[2,3,2,1,2,1,1,2,2],2,0].
[[2,9,2,1,1,0,1,2,1],0,3].
[[3,9,2,1,1,0,1,1,0],0,3].
[[2,7,2,1,1,1,1,1,0],1,0].
[[3,7,0,1,1,1,2,3,2],0,8].
[[2,6,1,0,0,0,1,1,0],1,0].
[[3,2,1,0,0,0,1,1,0],1,0].
[[3,8,0,1,1,1,1,1,1],3,0].
[[3,3,2,1,1,0,2,3,2],1,0].
[[3,3,2,1,2,1,1,1,0],2,0].
[[3,3,1,1,1,1,2,3,1],3,1].
[[3,9,2,1,2,0,2,3,0],0,9].
[[3,7,2,1,1,0,2,3,0],2,4].
[[1,8,1,1,2,0,1,2,0],1,1].
[[3,1,1,1,2,0,1,1,2],2,0].
[[2,5,0,1,2,0,2,2,0],5,0].
[[3,9,1,1,2,1,2,1,1],0,1].
[[3,6,0,1,2,0,2,1,2],0,2].
[[2,9,2,1,1,1,2,1,1],1,1].
[[2,3,2,1,2,0,2,3,1],1,0].
[[3,6,0,1,2,0,2,2,2],0,1].
[[3,3,1,1,2,0,2,3,0],3,1].
[[2,5,0,1,1,0,1,2,0],1,0].
[[1,8,1,1,1,1,1,1,1],3,0].
[[2,7,1,1,1,1,1,1,1],1,0].
[[3,3,1,1,1,1,1,1,1],1,0].
[[3,3,2,1,2,0,1,2,1],2,0].
[[1,6,1,0,0,0,2,1,0],4,0].
[[2,9,1,0,0,0,1,1,1],0,2].
[[2,6,1,1,2,0,1,2,2],2,0].
[[3,6,1,1,1,0,1,1,2],3,0].
[[2,2,1,1,2,1,2,3,1],1,0].
[[2,3,2,1,2,1,2,1,2],5,0].
[[3,3,2,1,1,1,2,2,0],1,0].
[[2,7,2,1,1,1,2,1,0],0,1].
[[1,6,0,0,0,0,2,3,2],1,5].
[[3,6,1,1,1,0,2,2,0],3,1].
[[1,6,0,0,0,0,2,3,1],0,1].
[[2,6,0,1,2,1,2,3,1],0,2].
[[3,9,2,1,1,1,1,1,1],0,1].
[[1,6,1,1,2,1,2,1,2],11,1].
[[2,3,1,1,2,1,2,2,0],2,0].
[[2,5,0,1,1,0,1,2,2],1,0].
[[3,3,1,1,1,1,2,3,0],3,0].
[[1,6,0,0,0,0,2,3,0],1,1].
[[3,2,1,0,0,0,2,3,1],2,0].
[[3,3,1,1,2,0,2,3,1],3,1].
[[2,7,0,1,2,1,1,1,2],0,1].
[[2,6,0,0,0,0,2,2,1],0,1].
[[3,6,0,1,2,0,2,2,1],0,1].
[[1,5,0,1,1,1,1,2,0],0,1].
[[3,9,2,1,2,0,1,1,0],0,2].
[[2,6,1,1,2,0,1,2,1],2,1].
[[3,6,1,1,1,0,1,2,1],1,0].
[[3,6,0,0,0,0,2,2,1],0,3].
[[3,6,0,1,2,0,1,1,2],0,2].
[[1,3,2,0,0,0,1,2,2],1,0].
[[2,7,0,1,2,1,1,2,0],0,1].
[[1,9,2,1,2,0,2,1,1],0,2].
[[2,6,1,1,2,0,2,1,0],2,0].
[[2,9,2,1,2,0,2,1,1],2,1].
[[3,9,2,1,2,1,2,1,1],0,2].
[[3,6,0,1,1,1,2,3,2],0,4].
[[2,8,1,1,1,0,1,1,0],1,0].
[[2,7,2,1,2,0,2,1,0],1,0].
[[2,9,2,1,1,0,2,3,1],1,1].
[[2,6,0,1,2,1,2,2,0],0,1].
[[2,8,1,1,1,0,2,1,0],3,4].
[[2,2,1,1,2,1,2,1,2],1,0].
[[3,2,1,1,1,1,1,1,2],1,0].
[[2,6,1,1,2,1,1,1,0],1,0].
[[2,6,1,1,1,1,2,2,2],2,0].
[[2,4,1,1,2,0,2,3,1],3,2].
[[3,6,1,1,1,0,2,2,1],1,0].
[[2,5,0,1,1,1,2,2,0],2,0].
[[3,2,1,1,2,1,1,2,2],1,0].
[[3,3,2,1,1,0,2,1,2],1,0].
[[3,7,0,1,2,1,2,1,1],2,1].
[[3,2,1,0,0,0,2,3,2],1,0].
[[2,3,2,1,2,0,2,1,2],2,0].
[[1,8,1,1,2,0,1,1,1],2,1].
[[2,6,1,0,0,0,2,1,1],6,0].
[[2,7,1,1,1,1,2,2,0],3,0].
[[3,3,1,1,2,0,2,1,1],1,0].
[[1,7,1,1,2,1,2,2,0],1,0].
[[3,9,2,1,2,0,2,2,0],0,2].
[[3,5,0,1,1,0,2,2,0],2,0].
[[2,8,0,1,2,0,2,1,1],0,2].
[[3,6,1,1,1,0,2,2,2],1,0].
[[2,6,1,1,1,1,2,1,0],1,0].
[[3,7,2,1,2,0,1,1,1],0,4].
[[3,8,0,0,0,0,1,1,1],3,0].
[[3,2,1,1,1,1,2,3,0],1,0].
[[2,6,1,1,1,1,2,1,1],1,0].
[[3,3,1,1,1,1,2,1,1],1,0].
[[3,8,1,1,2,0,0,0,0],0,3].
[[2,7,2,1,2,0,1,1,0],0,1].
[[1,6,1,1,2,1,2,2,1],3,0].
[[2,2,1,1,2,1,2,2,1],1,0].
[[1,5,0,1,2,1,1,1,0],1,0].
[[1,7,2,1,2,0,2,1,2],2,1].
[[3,2,1,0,0,0,2,2,1],1,0].
[[2,9,1,0,0,0,2,1,1],1,1].
[[3,6,1,1,1,1,2,2,1],5,0].
[[3,3,0,0,0,0,0,0,0],0,1].
[[3,3,1,1,1,1,2,1,2],2,0].
[[3,4,0,1,2,0,1,1,2],0,2].
[[2,6,0,1,2,1,1,1,0],0,2].
[[2,9,1,1,1,0,0,0,0],0,1].
[[3,8,1,1,1,0,0,0,0],0,1].
[[2,9,2,1,1,0,2,1,0],0,1].
[[1,6,0,0,0,0,2,1,0],0,1].
[[2,3,1,1,2,1,2,1,2],2,0].
[[2,3,1,1,2,1,2,3,0],1,0].
[[1,7,1,1,2,1,2,1,1],2,0].
[[3,7,0,1,1,1,1,1,1],0,1].
[[2,2,1,0,0,0,2,1,0],1,0].
[[3,2,1,1,2,1,1,2,0],1,0].
[[3,8,0,1,1,0,1,1,1],0,1].
[[2,7,2,1,1,0,2,2,0],1,0].
[[1,7,2,1,2,0,2,2,0],1,0].
[[2,7,2,1,1,0,1,1,0],1,0].
[[2,7,2,1,1,0,1,1,2],1,0].
[[3,3,2,1,1,0,1,1,2],1,0].
[[1,8,1,1,1,1,2,1,1],2,0].
[[2,7,1,1,1,1,2,1,1],1,0].
[[3,1,1,1,2,0,1,1,1],2,0].
[[3,9,2,0,0,0,1,2,1],0,1].
[[3,6,1,1,1,1,2,1,2],1,0].
[[3,7,2,1,1,0,2,2,2],0,3].
[[3,8,1,1,1,0,2,1,1],0,2].
[[2,9,1,1,2,0,2,2,1],0,2].
[[1,7,1,0,0,0,1,1,1],1,0].
[[2,7,1,1,2,0,1,1,1],2,0].
[[2,5,0,1,1,0,1,2,1],2,0].
[[3,2,0,0,0,0,2,2,1],0,1].
[[3,3,1,1,1,1,1,1,2],2,0].
[[2,2,1,1,2,1,0,0,0],1,0].
[[2,3,2,0,0,0,2,2,0],1,0].
[[2,4,1,1,2,0,2,2,1],2,0].
[[2,3,1,0,0,0,2,3,0],2,0].
[[3,3,1,1,2,0,1,2,0],1,0].
[[2,7,2,1,1,0,1,2,1],1,0].
[[2,7,2,1,1,0,1,2,2],1,1].
[[3,7,0,1,2,1,1,1,1],0,1].
[[3,2,1,1,2,1,2,3,2],3,0].
[[3,4,0,1,2,0,1,2,1],0,1].
[[2,8,1,1,1,0,1,1,1],1,0].
[[3,9,1,0,0,0,2,3,1],0,1].
[[3,7,1,1,1,0,1,1,1],1,0].
[[2,6,1,1,1,1,2,2,0],2,0].
[[3,2,1,1,1,1,2,2,1],1,0].
[[3,9,2,0,0,0,1,1,1],0,1].
[[2,9,2,1,1,0,1,1,2],1,0].
[[3,9,2,0,0,0,2,1,0],0,2].
[[3,4,0,1,2,0,2,2,0],0,1].
[[1,6,1,0,0,0,1,2,2],2,0].
[[3,3,0,0,0,0,2,2,2],0,1].
[[2,2,1,0,0,0,2,3,1],2,0].
[[3,2,1,0,0,0,1,2,1],1,0].
[[3,6,0,1,2,0,1,2,1],0,1].
[[3,6,0,0,0,0,1,1,1],0,1].
[[3,6,0,0,0,0,1,2,1],0,1].
[[2,7,0,0,0,0,2,2,0],0,2].
[[3,9,2,1,1,0,2,3,1],0,1].
[[3,3,1,0,0,0,1,1,1],1,0].
[[2,2,1,0,0,0,2,3,2],1,0].
[[1,5,0,1,1,1,2,1,0],1,0].
[[2,1,1,1,2,0,1,1,0],1,0].
[[3,1,1,1,2,0,1,1,0],1,0].
[[2,2,0,0,0,0,2,2,2],0,1].
[[3,2,0,1,2,1,2,2,2],0,1].
[[1,7,2,1,2,1,2,1,0],1,0].
[[3,8,0,0,0,0,2,1,1],0,1].
[[1,5,0,1,1,1,2,3,0],1,0].
[[2,3,2,1,2,0,2,2,2],1,0].
[[1,8,0,1,2,1,2,1,1],1,2].
[[2,8,1,1,1,0,2,1,1],0,1].
[[3,6,0,0,0,0,2,1,1],0,1].
[[3,3,2,1,2,0,2,2,0],1,0].
[[3,3,2,1,1,0,2,3,1],1,0].
[[1,6,1,1,2,1,1,2,2],1,0].
[[2,6,1,1,1,1,1,1,1],1,0].
[[3,2,1,1,1,1,1,1,1],1,0].
