total_WL(22002,14187).
[[1,9,2,0,0,0,1,2,2],485,377].
[[2,9,2,0,0,0,1,2,2],228,314].
[[3,9,2,1,2,1,1,2,2],127,330].
[[1,8,1,0,0,0,2,3,0],335,43].
[[2,8,1,0,0,0,1,2,0],161,25].
[[3,8,1,0,0,0,1,1,0],57,23].
[[1,8,1,0,0,0,2,1,2],388,97].
[[2,8,1,0,0,0,1,1,2],176,57].
[[3,8,1,0,0,0,1,1,2],120,27].
[[1,8,1,0,0,0,0,0,0],1509,433].
[[2,8,1,0,0,0,2,3,2],243,46].
[[3,7,1,1,2,1,2,3,2],133,12].
[[1,9,2,0,0,0,2,3,0],1084,1085].
[[2,8,1,0,0,0,1,2,1],198,36].
[[3,7,1,0,0,0,1,2,1],67,6].
[[1,8,0,0,0,0,2,2,2],269,198].
[[2,8,0,1,2,1,2,2,2],254,226].
[[3,8,0,1,2,1,2,2,2],284,274].
[[1,7,2,0,0,0,2,1,2],74,9].
[[2,7,1,0,0,0,2,1,2],72,14].
[[3,7,1,0,0,0,2,1,2],83,7].
[[1,8,1,0,0,0,2,3,2],417,99].
[[2,8,1,1,2,1,2,3,2],198,40].
[[1,9,2,0,0,0,1,1,2],321,243].
[[2,8,0,0,0,0,1,1,2],70,62].
[[3,8,0,1,2,1,1,1,2],156,161].
[[1,8,0,1,2,1,2,2,0],52,31].
[[2,8,0,1,2,1,2,2,0],149,186].
[[3,7,0,1,2,1,2,2,0],33,24].
[[1,9,2,1,2,1,2,2,2],413,408].
[[2,9,2,1,2,1,1,1,2],196,188].
[[1,8,0,0,0,0,0,0,0],725,765].
[[2,8,0,1,2,0,2,1,0],9,13].
[[3,8,0,1,1,0,2,2,0],1,13].
[[2,9,2,0,0,0,2,2,0],125,295].
[[3,8,0,0,0,0,2,2,0],31,98].
[[1,9,2,1,2,1,2,2,0],264,272].
[[2,9,2,1,2,1,2,3,0],243,469].
[[3,8,0,1,2,1,2,3,0],163,361].
[[2,8,0,0,0,0,1,2,2],132,98].
[[3,7,1,1,2,0,1,2,2],43,17].
[[1,9,2,1,2,1,2,2,1],55,21].
[[2,8,0,1,2,1,2,2,1],19,13].
[[3,7,1,1,2,1,2,2,1],94,30].
[[2,7,2,1,2,0,2,3,2],26,1].
[[3,7,2,1,2,0,2,3,2],38,4].
[[2,8,1,1,2,1,2,1,2],191,48].
[[3,8,1,1,2,1,2,1,2],169,43].
[[1,9,2,0,0,0,2,2,2],936,975].
[[2,9,2,1,2,0,2,2,2],70,102].
[[3,8,0,1,2,0,2,2,2],57,74].
[[1,9,2,0,0,0,2,3,1],280,225].
[[2,9,2,0,0,0,2,3,1],69,89].
[[3,9,2,1,2,0,2,3,1],10,23].
[[1,9,2,0,0,0,0,0,0],475,1146].
[[2,5,0,0,0,0,2,2,0],26,2].
[[3,5,0,1,2,0,2,2,0],8,0].
[[1,8,1,0,0,0,1,2,0],69,22].
[[2,8,1,1,2,1,1,2,0],165,31].
[[3,8,1,1,2,1,1,2,0],405,54].
[[1,9,2,1,2,1,2,3,1],115,86].
[[2,9,2,1,2,1,1,2,1],89,87].
[[3,8,1,1,2,1,1,2,1],287,45].
[[1,8,1,1,2,1,2,2,2],283,68].
[[2,7,1,1,2,1,2,2,2],100,17].
[[3,7,1,1,2,1,2,2,2],302,62].
[[1,6,0,0,0,0,2,3,0],4,3].
[[2,6,0,0,0,0,2,3,0],12,6].
[[3,6,0,1,2,1,2,3,0],32,24].
[[1,8,0,0,0,0,2,3,2],119,109].
[[3,8,0,1,2,1,1,2,2],197,252].
[[1,6,1,0,0,0,2,3,2],15,0].
[[2,6,1,1,2,1,2,3,2],20,2].
[[3,6,1,1,2,1,2,3,2],35,1].
[[2,6,0,0,0,0,0,0,0],34,41].
[[3,6,0,1,2,1,2,1,0],9,9].
[[1,8,1,1,2,1,2,3,2],130,23].
[[3,8,1,1,2,1,1,2,2],386,75].
[[1,8,1,0,0,0,2,3,1],569,88].
[[2,8,1,1,2,1,2,1,1],105,26].
[[3,8,1,1,1,1,2,1,1],34,14].
[[2,7,1,1,2,1,0,0,0],202,61].
[[3,7,1,1,1,1,2,2,2],86,19].
[[1,8,1,0,0,0,2,2,2],904,205].
[[3,7,1,1,2,1,1,1,2],98,46].
[[2,9,2,0,0,0,1,2,0],334,393].
[[3,9,2,1,2,1,1,2,0],281,603].
[[2,8,0,0,0,0,2,3,0],287,264].
[[2,9,2,1,2,0,2,2,0],23,74].
[[3,9,2,1,2,0,1,2,0],89,204].
[[2,8,1,0,0,0,2,3,0],284,66].
[[3,8,1,1,2,0,2,2,1],43,13].
[[2,8,1,0,0,0,0,0,0],186,97].
[[3,7,2,1,2,0,0,0,0],30,3].
[[2,9,2,1,2,1,1,2,0],361,381].
[[3,9,2,1,1,1,1,2,0],99,266].
[[1,8,0,0,0,0,2,1,0],65,50].
[[2,8,0,0,0,0,2,1,0],99,88].
[[3,8,0,0,0,0,2,1,0],15,53].
[[2,9,2,1,2,1,0,0,0],6,100].
[[3,8,1,1,2,1,2,1,1],104,36].
[[3,8,1,1,1,1,1,2,2],117,31].
[[2,9,2,0,0,0,2,3,0],285,489].
[[3,9,2,1,2,1,2,3,0],23,235].
[[2,7,1,0,0,0,2,2,2],180,37].
[[3,7,1,0,0,0,2,2,2],179,37].
[[2,9,2,0,0,0,1,1,2],192,212].
[[3,8,1,1,2,1,1,1,2],260,78].
[[1,9,2,1,2,1,1,2,0],177,136].
[[2,8,0,1,2,1,1,2,0],115,73].
[[3,6,0,1,2,1,1,2,0],14,8].
[[1,5,0,0,0,0,1,1,2],82,4].
[[2,5,0,0,0,0,1,1,2],151,6].
[[3,5,0,1,2,1,1,1,2],412,6].
[[2,8,1,0,0,0,1,2,2],307,83].
[[3,8,1,0,0,0,1,2,2],164,55].
[[2,8,0,1,2,1,2,3,0],257,261].
[[1,8,1,1,2,0,0,0,0],71,39].
[[2,8,1,1,1,0,2,2,0],2,3].
[[3,8,1,1,1,0,2,2,0],3,5].
[[1,9,2,0,0,0,2,1,1],70,37].
[[2,9,2,1,2,1,2,1,1],27,27].
[[3,9,2,1,2,1,2,1,1],14,23].
[[1,9,2,0,0,0,2,2,0],654,739].
[[2,8,1,1,2,1,2,2,0],169,38].
[[3,8,1,1,2,1,1,1,0],112,51].
[[1,8,0,0,0,0,1,2,0],36,25].
[[2,6,0,0,0,0,1,2,0],4,2].
[[3,6,0,1,2,0,1,2,0],3,1].
[[1,8,1,1,2,1,2,3,0],108,13].
[[3,8,1,1,1,1,1,2,0],134,30].
[[3,8,0,1,2,1,1,2,0],316,290].
[[3,6,1,0,0,0,0,0,0],15,2].
[[1,8,1,0,0,0,2,1,1],165,43].
[[1,9,2,1,2,1,2,3,2],168,174].
[[2,9,2,1,1,1,2,3,2],21,34].
[[1,8,1,1,2,1,0,0,0],549,108].
[[2,8,1,1,1,1,2,3,0],41,13].
[[3,4,1,1,2,0,2,3,0],48,2].
[[2,8,0,0,0,0,2,3,2],109,116].
[[3,7,0,0,0,0,2,3,2],9,6].
[[1,8,0,1,2,1,2,3,2],46,35].
[[2,8,0,1,2,1,2,3,2],84,105].
[[3,8,0,1,2,1,2,3,2],65,121].
[[3,5,0,1,2,1,1,2,1],134,2].
[[3,8,1,1,2,0,2,2,0],22,10].
[[1,8,1,1,2,0,2,1,2],27,11].
[[2,8,1,1,2,0,2,1,2],60,22].
[[3,8,1,1,1,0,2,1,2],8,10].
[[2,9,2,1,2,1,2,2,0],120,255].
[[1,9,2,0,0,0,2,3,2],357,398].
[[3,7,1,0,0,0,2,3,2],66,10].
[[2,8,1,1,1,1,2,2,1],36,8].
[[3,7,1,1,1,1,2,2,1],30,5].
[[3,8,0,0,0,0,2,3,0],62,150].
[[1,9,2,1,2,0,2,1,1],3,6].
[[2,8,1,1,1,0,1,1,2],2,4].
[[3,8,1,1,1,0,1,1,2],10,21].
[[2,7,1,0,0,0,1,2,0],17,1].
[[3,7,1,0,0,0,1,2,0],43,4].
[[2,8,1,1,2,0,2,2,2],128,52].
[[3,8,1,1,2,0,2,2,2],164,35].
[[1,6,1,0,0,0,0,0,0],243,14].
[[2,6,1,0,0,0,2,2,2],52,5].
[[3,6,1,0,0,0,2,2,2],46,0].
[[1,8,1,0,0,0,2,2,1],280,67].
[[2,8,1,1,2,1,1,2,1],172,37].
[[1,9,2,0,0,0,2,1,2],368,440].
[[2,8,1,0,0,0,2,1,2],238,44].
[[3,8,1,1,2,0,1,1,2],91,43].
[[1,9,2,0,0,0,1,2,0],352,345].
[[3,8,1,1,2,1,1,1,1],39,27].
[[1,9,2,1,2,0,2,3,2],18,24].
[[2,9,2,1,2,0,2,3,2],16,36].
[[3,9,2,1,2,0,2,2,2],28,50].
[[2,9,2,0,0,0,2,1,2],100,184].
[[3,9,2,0,0,0,1,2,2],50,149].
[[1,6,1,0,0,0,2,2,1],12,1].
[[2,6,1,0,0,0,2,2,1],29,0].
[[3,6,1,0,0,0,2,2,1],21,0].
[[2,8,1,0,0,0,2,2,2],654,139].
[[1,9,2,1,2,0,2,2,2],34,59].
[[2,8,1,1,1,0,2,2,2],11,5].
[[3,6,1,1,1,0,2,2,2],3,1].
[[2,9,2,0,0,0,2,3,2],73,131].
[[2,9,2,0,0,0,2,1,0],54,125].
[[3,8,0,1,2,1,2,1,0],39,102].
[[2,8,0,1,1,1,2,2,0],36,19].
[[3,7,0,1,1,1,2,2,0],5,6].
[[1,8,1,1,2,1,2,3,1],186,35].
[[2,8,1,1,2,1,2,3,1],332,60].
[[3,7,2,1,2,1,1,2,2],125,17].
[[2,9,2,1,2,1,2,3,1],94,88].
[[3,9,2,1,2,1,2,3,1],20,42].
[[1,7,2,1,2,0,0,0,0],18,6].
[[2,8,1,1,2,0,1,2,1],53,15].
[[3,7,1,1,2,0,1,2,1],38,2].
[[3,7,1,1,1,1,1,2,1],28,8].
[[2,8,0,1,2,1,2,3,1],70,58].
[[3,8,0,1,2,1,2,3,1],84,79].
[[3,8,1,1,2,0,2,1,2],68,20].
[[3,8,1,1,2,0,2,1,0],7,3].
[[1,9,2,1,2,0,2,3,0],44,51].
[[2,9,2,1,1,0,2,3,0],2,7].
[[3,8,0,1,1,0,2,3,0],7,21].
[[3,7,1,1,2,1,2,3,0],150,20].
[[1,9,2,1,2,1,2,3,0],474,443].
[[2,9,2,1,2,1,1,2,2],262,310].
[[3,8,0,0,0,0,1,2,0],128,139].
[[2,7,2,0,0,0,2,2,2],158,23].
[[3,3,2,0,0,0,2,2,2],26,1].
[[2,7,2,0,0,0,2,3,2],70,6].
[[3,7,2,0,0,0,2,3,2],51,2].
[[2,8,1,1,2,0,2,2,0],47,19].
[[3,8,1,1,1,0,1,1,0],7,8].
[[2,8,1,0,0,0,2,1,1],138,32].
[[3,5,0,0,0,0,1,2,1],60,0].
[[3,9,2,1,2,0,2,2,1],2,12].
[[1,6,1,0,0,0,2,3,0],11,0].
[[2,6,1,1,2,1,2,1,0],5,0].
[[3,6,1,1,2,1,2,1,0],17,0].
[[2,5,0,1,2,1,1,1,2],154,1].
[[3,5,0,1,1,1,1,1,2],120,8].
[[3,8,0,1,1,1,2,3,2],17,32].
[[2,8,0,0,0,0,2,2,0],189,214].
[[3,8,0,1,2,0,2,3,0],44,95].
[[2,5,0,1,2,0,1,1,2],42,3].
[[3,5,0,1,2,0,1,1,2],137,9].
[[3,7,1,0,0,0,2,3,0],80,13].
[[1,9,2,1,2,0,1,1,2],21,15].
[[2,8,1,1,2,0,1,1,2],53,33].
[[1,8,1,0,0,0,1,2,2],166,45].
[[3,7,1,0,0,0,1,2,2],77,17].
[[1,8,1,0,0,0,1,1,1],34,22].
[[2,7,2,0,0,0,1,2,2],74,17].
[[3,7,2,0,0,0,1,2,2],68,9].
[[3,8,1,0,0,0,2,2,2],214,46].
[[2,8,1,0,0,0,2,2,1],203,47].
[[3,7,1,0,0,0,2,2,1],40,11].
[[1,9,2,1,2,1,0,0,0],225,425].
[[3,9,2,1,2,1,2,2,0],7,119].
[[3,8,1,0,0,0,1,2,0],174,21].
[[3,7,2,1,2,1,2,3,2],78,8].
[[2,6,1,0,0,0,2,1,2],32,2].
[[3,3,2,0,0,0,2,1,2],6,1].
[[2,9,2,1,2,1,2,1,2],90,165].
[[3,8,1,1,1,1,2,1,2],56,17].
[[1,9,2,1,2,1,2,1,0],146,148].
[[2,8,1,1,1,1,2,1,0],16,2].
[[3,7,1,1,1,1,2,1,0],14,3].
[[2,8,0,1,2,0,0,0,0],16,44].
[[3,7,0,1,2,0,0,0,0],4,9].
[[3,9,2,1,2,1,1,1,2],122,250].
[[2,3,2,0,0,0,0,0,0],51,0].
[[3,3,2,0,0,0,0,0,0],17,0].
[[1,8,1,1,1,1,2,3,1],14,4].
[[2,4,1,1,2,0,2,3,1],6,1].
[[3,4,1,1,2,0,2,3,1],25,4].
[[1,8,1,1,2,1,2,1,0],41,7].
[[2,8,1,1,2,1,1,1,0],44,25].
[[3,6,1,1,2,1,1,1,0],5,1].
[[3,7,0,1,2,1,2,1,0],26,12].
[[2,9,2,0,0,0,2,1,1],34,22].
[[3,8,0,0,0,0,2,1,1],11,5].
[[1,8,0,1,2,1,0,0,0],239,252].
[[2,8,0,1,1,1,0,0,0],18,34].
[[3,4,1,1,2,0,2,3,2],24,3].
[[2,9,2,1,1,1,1,2,0],101,84].
[[3,5,0,1,1,1,1,2,0],27,3].
[[2,9,2,1,2,1,1,1,0],105,201].
[[3,9,2,1,1,1,1,1,0],35,109].
[[2,7,2,1,2,1,0,0,0],92,7].
[[3,7,2,1,2,1,0,0,0],55,8].
[[2,7,1,0,0,0,2,3,1],116,16].
[[3,7,1,0,0,0,2,3,1],89,19].
[[1,9,2,1,2,1,1,1,0],63,76].
[[2,8,0,1,2,1,1,1,0],23,38].
[[3,8,0,1,2,1,1,1,0],83,149].
[[3,7,1,1,1,0,2,2,2],10,12].
[[1,9,2,1,2,1,2,1,1],20,18].
[[2,8,0,1,2,1,2,1,1],9,6].
[[3,7,1,1,2,1,2,1,1],85,10].
[[3,8,0,1,2,0,2,1,0],13,31].
[[3,7,2,1,2,1,1,1,2],89,35].
[[1,9,2,1,1,1,2,3,0],61,41].
[[2,9,2,1,1,1,2,3,0],74,101].
[[3,8,1,1,1,1,1,2,1],101,22].
[[1,9,2,0,0,0,2,2,1],108,59].
[[2,9,2,0,0,0,2,2,1],40,37].
[[3,9,2,1,2,0,2,3,2],4,8].
[[1,9,2,0,0,0,2,1,0],337,363].
[[2,9,2,1,2,0,2,1,0],12,38].
[[3,9,2,1,2,0,1,1,0],23,68].
[[3,9,2,1,2,1,2,3,2],17,37].
[[3,8,1,1,2,1,2,3,1],229,56].
[[3,9,2,1,1,1,1,2,2],36,141].
[[1,9,2,1,1,1,0,0,0],40,28].
[[2,9,2,1,1,1,0,0,0],6,18].
[[3,8,0,1,1,1,0,0,0],0,29].
[[2,8,1,0,0,0,2,3,1],349,79].
[[3,6,1,1,2,1,2,3,1],45,5].
[[3,7,1,1,2,1,1,2,0],112,3].
[[1,8,0,0,0,0,2,1,2],128,81].
[[2,8,0,1,2,1,2,1,2],109,113].
[[3,8,0,1,2,1,2,1,2],77,148].
[[1,9,2,1,2,1,2,1,2],183,177].
[[2,9,2,1,1,1,1,1,2],57,34].
[[3,9,2,1,1,1,1,1,2],49,90].
[[2,8,0,1,2,0,2,2,2],20,42].
[[2,9,2,1,1,1,2,1,1],8,5].
[[3,8,0,1,1,1,2,1,1],6,5].
[[3,8,0,1,2,0,2,3,2],7,26].
[[1,8,1,1,2,1,2,2,0],105,15].
[[2,8,1,1,2,1,2,2,1],150,40].
[[3,9,2,1,2,1,2,1,2],23,55].
[[2,8,0,0,0,0,2,2,2],259,238].
[[3,8,0,0,0,0,1,1,2],45,66].
[[2,8,1,1,2,0,2,1,1],32,7].
[[3,9,2,1,2,1,2,2,2],69,163].
[[2,7,1,0,0,0,0,0,0],274,86].
[[3,7,2,0,0,0,0,0,0],28,4].
[[3,8,0,1,1,1,2,2,0],27,84].
[[3,8,1,1,2,0,2,1,1],24,13].
[[2,9,2,1,1,1,2,2,2],63,102].
[[2,9,2,1,2,1,2,3,2],80,142].
[[3,9,2,1,2,1,1,2,1],71,93].
[[3,8,0,1,1,1,2,3,0],43,149].
[[1,7,1,0,0,0,2,2,1],25,5].
[[2,7,1,1,2,0,2,2,1],7,3].
[[3,7,1,1,2,0,2,2,1],33,12].
[[2,9,2,0,0,0,2,2,2],256,393].
[[2,7,0,0,0,0,1,2,0],4,1].
[[3,7,0,0,0,0,1,2,0],12,4].
[[3,7,1,1,2,0,2,2,2],87,28].
[[3,9,2,1,2,1,0,0,0],0,8].
[[3,7,0,1,2,1,2,3,2],16,25].
[[2,9,2,1,2,0,2,1,2],20,35].
[[3,8,0,1,1,1,1,2,0],95,91].
[[1,8,0,1,2,1,2,1,2],50,33].
[[3,7,0,1,2,1,2,1,2],24,18].
[[2,9,2,1,1,1,1,1,0],39,29].
[[3,8,1,1,1,1,1,1,0],42,26].
[[3,7,2,1,2,0,2,2,2],80,6].
[[2,8,0,1,2,1,1,2,2],120,77].
[[1,8,1,1,2,1,1,2,2],74,21].
[[2,8,1,1,1,1,1,2,2],44,9].
[[3,4,1,1,2,0,1,2,2],97,7].
[[1,8,1,1,2,0,2,2,2],45,26].
[[3,5,0,1,1,0,1,1,2],14,13].
[[1,7,1,0,0,0,2,3,1],26,8].
[[2,7,1,1,2,0,1,2,1],9,0].
[[3,3,1,1,2,0,1,2,1],3,0].
[[1,9,2,1,2,1,1,2,1],42,26].
[[2,8,0,1,2,1,1,2,1],38,12].
[[2,8,0,0,0,0,0,0,0],107,303].
[[3,7,0,0,0,0,0,0,0],11,25].
[[1,5,0,0,0,0,2,3,0],43,1].
[[2,5,0,0,0,0,1,2,1],49,0].
[[3,9,2,1,2,0,1,1,2],28,78].
[[1,8,1,0,0,0,1,1,2],115,35].
[[2,8,1,1,2,1,1,1,2],164,49].
[[3,6,1,1,1,1,1,1,2],5,2].
[[1,8,1,1,2,1,1,2,1],47,7].
[[3,9,2,1,2,0,2,3,0],9,87].
[[1,9,2,1,2,0,2,2,0],30,33].
[[2,8,0,1,2,0,2,2,0],28,30].
[[2,8,1,1,2,1,0,0,0],131,52].
[[3,7,1,1,2,1,0,0,0],100,43].
[[3,5,0,1,1,1,1,1,0],8,0].
[[1,8,0,1,2,1,2,3,0],76,38].
[[3,7,0,1,2,1,2,3,0],52,51].
[[1,9,2,0,0,0,1,1,0],101,166].
[[2,8,1,0,0,0,1,1,1],35,34].
[[3,8,1,1,2,0,1,1,1],14,16].
[[3,7,1,1,2,1,2,2,0],103,25].
[[3,7,1,1,1,1,2,3,2],44,9].
[[3,9,2,0,0,0,1,2,1],19,47].
[[2,7,0,1,2,1,2,2,0],8,3].
[[3,7,0,1,2,1,1,2,0],37,6].
[[1,7,2,0,0,0,2,2,2],113,22].
[[3,7,2,0,0,0,2,2,2],113,7].
[[1,8,1,0,0,0,1,2,1],147,47].
[[3,8,1,0,0,0,1,2,1],126,29].
[[2,8,1,1,2,1,2,2,2],491,84].
[[1,6,1,0,0,0,2,1,1],6,3].
[[2,6,1,0,0,0,2,1,1],17,1].
[[3,6,1,0,0,0,1,1,1],5,1].
[[1,8,1,0,0,0,2,2,0],251,42].
[[2,8,1,0,0,0,2,2,0],209,44].
[[3,8,1,1,2,1,2,2,1],137,59].
[[1,7,1,0,0,0,0,0,0],284,71].
[[3,7,1,1,2,1,2,3,1],215,43].
[[2,9,2,0,0,0,1,2,1],73,79].
[[2,5,0,0,0,0,2,3,0],56,3].
[[3,5,0,0,0,0,2,3,0],41,2].
[[1,8,1,1,2,0,2,3,1],28,11].
[[2,8,1,1,1,0,1,2,1],2,2].
[[3,7,1,1,1,0,1,2,1],4,1].
[[2,7,1,0,0,0,1,2,1],29,6].
[[3,3,1,0,0,0,1,2,1],5,1].
[[2,9,2,0,0,0,1,1,0],89,171].
[[3,8,0,0,0,0,2,2,2],104,108].
[[2,6,1,1,2,1,0,0,0],102,5].
[[3,6,1,1,2,1,0,0,0],25,2].
[[2,8,1,0,0,0,2,1,0],100,34].
[[3,7,2,0,0,0,1,2,1],12,1].
[[1,8,1,1,1,1,2,2,0],6,2].
[[3,7,1,1,1,1,2,3,0],37,6].
[[2,7,1,0,0,0,2,2,1],52,10].
[[2,6,1,0,0,0,0,0,0],131,7].
[[3,6,1,1,2,0,2,2,1],11,0].
[[3,7,1,1,2,1,2,1,2],155,30].
[[3,6,1,1,2,1,1,1,2],22,3].
[[2,8,0,0,0,0,2,1,2],111,99].
[[3,9,2,0,0,0,1,2,0],107,226].
[[3,8,0,1,1,1,1,2,2],47,81].
[[3,6,1,0,0,0,2,3,1],28,2].
[[3,8,1,1,2,1,2,2,2],428,96].
[[1,8,1,1,2,1,1,2,0],25,10].
[[3,8,1,1,1,1,2,3,2],50,10].
[[3,4,1,1,2,0,1,2,0],111,10].
[[3,8,0,0,0,0,1,1,0],40,50].
[[2,9,2,1,2,1,2,2,1],46,33].
[[3,9,2,1,2,1,2,2,1],8,25].
[[3,7,1,1,2,0,2,3,0],40,11].
[[2,9,2,0,0,0,0,0,0],7,113].
[[3,8,0,1,2,1,0,0,0],0,64].
[[1,8,0,1,2,1,2,3,1],18,8].
[[2,8,0,1,1,1,2,3,1],11,7].
[[3,5,0,1,1,1,1,2,1],47,3].
[[1,9,2,1,1,1,2,3,2],20,13].
[[2,8,1,1,1,1,2,3,2],32,5].
[[2,9,2,1,2,0,1,2,0],85,112].
[[3,8,1,1,1,0,1,2,1],14,16].
[[2,9,2,1,2,0,2,3,1],20,24].
[[2,6,1,1,2,1,2,1,2],19,2].
[[3,6,1,1,2,1,1,2,2],38,2].
[[1,8,0,0,0,0,1,2,2],68,32].
[[3,8,1,1,2,1,2,3,0],71,42].
[[1,9,2,1,2,1,1,2,2],226,146].
[[1,7,2,1,2,1,0,0,0],45,0].
[[2,7,2,1,2,1,2,2,2],94,13].
[[2,7,2,0,0,0,0,0,0],127,11].
[[2,8,1,1,2,1,1,2,2],222,59].
[[2,8,1,1,2,1,1,1,1],34,18].
[[3,8,1,1,1,1,1,1,1],13,12].
[[3,7,1,1,2,1,1,2,2],155,27].
[[1,8,1,1,2,1,2,1,2],122,29].
[[2,7,1,1,2,1,2,1,2],60,14].
[[1,9,2,1,2,1,1,1,2],152,97].
[[3,8,1,1,1,1,1,1,2],87,34].
[[3,9,2,0,0,0,2,3,0],17,112].
[[2,9,2,1,1,1,2,1,2],41,43].
[[3,4,1,1,2,0,2,1,2],35,2].
[[2,8,0,1,2,1,0,0,0],110,292].
[[3,6,0,1,2,1,0,0,0],6,21].
[[3,8,0,1,1,1,2,2,2],56,111].
[[3,5,0,1,2,1,1,1,0],23,5].
[[3,9,2,0,0,0,2,1,2],4,24].
[[1,7,2,0,0,0,0,0,0],237,26].
[[3,7,2,1,1,1,2,2,0],3,0].
[[3,8,0,1,2,1,2,2,0],75,213].
[[3,5,0,1,1,1,2,3,0],34,1].
[[1,8,1,1,2,1,2,1,1],51,14].
[[3,8,1,1,2,0,1,2,0],124,42].
[[1,9,2,1,2,0,0,0,0],24,50].
[[2,8,1,1,1,0,2,3,1],7,8].
[[3,8,1,1,1,0,2,3,1],17,24].
[[3,7,1,1,2,0,2,2,0],32,8].
[[3,9,2,1,2,1,1,1,0],69,260].
[[1,9,2,1,1,1,2,2,2],63,30].
[[3,4,1,1,2,0,2,2,2],62,9].
[[3,9,2,1,1,1,2,3,0],12,93].
[[2,9,2,1,1,1,1,2,2],64,57].
[[1,6,1,1,2,1,0,0,0],46,1].
[[2,6,1,1,2,1,2,3,1],23,1].
[[3,7,0,1,2,1,2,2,2],35,36].
[[1,9,2,1,2,0,2,1,0],13,21].
[[3,9,2,1,2,0,2,1,0],1,17].
[[3,8,1,1,1,1,2,3,1],91,19].
[[2,8,1,1,2,0,2,3,1],97,36].
[[3,8,1,1,2,0,1,2,1],120,23].
[[3,3,1,0,0,0,1,2,0],2,0].
[[2,7,2,1,2,1,2,3,2],54,5].
[[3,7,2,1,1,1,2,3,2],22,3].
[[3,6,0,1,2,0,2,2,0],3,3].
[[2,3,1,0,0,0,0,0,0],38,2].
[[3,3,1,1,2,1,0,0,0],70,2].
[[3,8,0,0,0,0,1,2,2],80,92].
[[3,9,2,1,1,1,2,2,2],23,67].
[[2,6,1,0,0,0,2,3,2],37,0].
[[3,6,1,1,2,0,1,2,2],13,3].
[[2,6,1,1,2,0,2,2,2],9,1].
[[3,6,1,1,2,1,2,2,2],82,0].
[[1,8,0,1,2,1,2,2,1],6,6].
[[2,8,0,1,1,1,2,2,1],3,1].
[[3,8,0,1,1,1,1,2,1],26,24].
[[3,8,0,1,1,1,2,1,2],25,45].
[[3,8,0,0,0,0,2,1,2],35,54].
[[3,8,0,1,2,0,2,1,2],25,28].
[[3,7,1,1,2,1,1,2,1],94,15].
[[2,7,1,0,0,0,2,2,0],42,6].
[[3,7,1,1,2,0,2,3,1],69,21].
[[2,9,2,1,2,1,2,2,2],248,393].
[[3,8,1,1,1,1,2,2,2],140,24].
[[2,7,1,1,2,0,0,0,0],44,16].
[[1,8,0,1,2,1,1,2,2],21,11].
[[3,7,2,1,2,1,2,2,2],167,13].
[[3,8,1,0,0,0,2,3,2],69,8].
[[2,8,1,1,2,0,2,2,1],50,17].
[[1,7,1,0,0,0,2,2,2],61,12].
[[2,7,1,1,2,1,1,2,2],34,5].
[[3,8,0,1,2,0,1,2,0],73,82].
[[3,6,1,1,2,1,2,2,0],23,2].
[[3,6,1,1,2,1,2,1,2],29,2].
[[1,8,0,1,2,1,2,2,2],109,72].
[[3,7,0,1,1,1,2,2,2],6,13].
[[3,8,1,1,2,0,1,1,0],47,24].
[[3,9,2,0,0,0,1,1,2],40,113].
[[1,8,0,0,0,0,2,2,0],146,102].
[[2,7,1,1,2,1,1,2,0],13,1].
[[3,8,1,1,1,1,2,2,1],31,20].
[[3,7,1,1,1,1,2,1,2],42,2].
[[1,6,0,0,0,0,0,0,0],33,29].
[[3,6,0,1,2,0,0,0,0],1,5].
[[2,9,2,1,2,0,1,1,0],30,45].
[[2,7,0,0,0,0,0,0,0],24,41].
[[3,7,0,0,0,0,2,3,0],19,25].
[[3,8,0,1,1,0,2,2,2],2,10].
[[1,7,2,1,2,1,2,1,0],1,0].
[[2,7,2,1,2,1,1,2,0],6,0].
[[3,7,2,1,1,1,1,2,0],6,0].
[[3,9,2,0,0,0,2,2,2],21,56].
[[1,8,0,0,0,0,1,1,0],8,14].
[[2,8,0,0,0,0,1,1,0],34,42].
[[3,8,0,1,2,0,1,1,0],35,37].
[[2,9,2,1,2,1,2,1,0],60,110].
[[3,5,0,1,2,1,2,3,0],103,2].
[[3,5,0,0,0,0,1,1,2],130,5].
[[3,8,0,0,0,0,2,3,2],26,51].
[[2,8,0,0,0,0,2,3,1],91,36].
[[2,8,0,1,1,1,2,3,0],33,32].
[[2,7,1,0,0,0,1,2,2],40,2].
[[3,7,1,0,0,0,0,0,0],51,16].
[[2,8,1,1,1,1,2,1,1],17,4].
[[3,7,1,1,1,1,2,1,1],9,7].
[[3,8,1,1,2,1,2,3,2],146,30].
[[3,7,2,0,0,0,2,3,1],13,0].
[[3,7,0,1,2,0,2,2,2],7,7].
[[3,7,0,0,0,0,2,3,1],3,5].
[[2,8,0,1,2,0,2,3,0],40,37].
[[1,8,0,0,0,0,2,3,0],255,149].
[[2,7,2,0,0,0,2,1,2],76,7].
[[3,7,2,0,0,0,2,1,2],50,3].
[[2,7,2,0,0,0,2,3,1],17,1].
[[3,7,2,1,2,1,2,3,1],11,1].
[[1,8,1,1,2,0,2,2,0],13,5].
[[2,8,1,1,2,0,1,2,0],37,14].
[[3,7,1,1,2,0,1,2,0],29,1].
[[1,8,0,0,0,0,2,1,1],16,6].
[[2,7,1,0,0,0,2,1,1],25,9].
[[3,7,1,0,0,0,2,1,1],29,7].
[[2,8,1,1,1,1,0,0,0],51,10].
[[1,5,0,1,2,1,2,2,0],9,1].
[[2,5,0,1,2,1,2,2,0],22,1].
[[3,5,0,1,2,1,2,2,0],35,1].
[[3,9,2,0,0,0,2,1,1],5,10].
[[2,5,0,1,2,0,2,2,0],4,2].
[[2,7,1,1,2,1,2,3,0],57,8].
[[3,3,1,1,2,1,2,3,0],16,0].
[[1,9,2,1,1,1,2,1,0],15,10].
[[1,8,1,1,2,1,2,2,1],96,26].
[[3,6,1,1,2,0,2,3,2],11,0].
[[3,8,1,0,0,0,2,3,0],33,21].
[[2,7,2,1,2,0,0,0,0],42,9].
[[3,7,2,1,1,0,2,3,1],3,1].
[[3,8,1,0,0,0,2,1,0],12,10].
[[3,8,0,0,0,0,0,0,0],0,45].
[[1,7,2,1,2,1,2,2,2],24,6].
[[3,7,0,1,2,0,2,2,0],13,7].
[[2,8,0,1,2,0,1,1,2],7,9].
[[3,6,0,1,2,0,1,1,2],1,0].
[[3,5,0,1,2,1,1,2,0],92,1].
[[2,8,1,1,2,0,0,0,0],30,22].
[[3,8,1,1,1,0,2,3,0],2,5].
[[1,8,0,0,0,0,2,3,1],70,19].
[[3,8,0,1,2,1,1,2,1],67,65].
[[2,8,0,1,1,1,2,1,2],13,7].
[[3,8,0,1,1,1,1,1,2],54,72].
[[3,9,2,0,0,0,2,1,0],2,20].
[[3,8,1,0,0,0,2,3,1],91,34].
[[3,8,1,1,2,1,2,2,0],64,25].
[[1,6,1,0,0,0,2,1,2],19,3].
[[2,3,2,0,0,0,2,1,2],7,0].
[[2,3,2,0,0,0,2,2,2],10,1].
[[3,3,2,1,2,1,2,2,2],34,2].
[[3,7,0,1,2,1,0,0,0],11,58].
[[2,4,1,1,2,0,2,2,2],30,3].
[[1,8,1,1,2,0,2,3,2],13,3].
[[2,8,1,1,2,0,2,3,2],54,22].
[[3,7,2,1,2,0,2,2,0],11,1].
[[3,9,2,1,1,1,2,3,1],11,15].
[[3,8,0,1,2,0,1,2,2],38,55].
[[1,9,2,1,2,0,1,2,0],18,18].
[[2,9,2,1,1,0,1,2,0],1,14].
[[3,9,2,1,1,0,1,2,0],7,53].
[[3,8,0,1,2,0,1,1,2],21,40].
[[3,3,1,1,2,1,2,3,1],23,1].
[[3,7,2,1,2,0,1,2,2],61,10].
[[2,7,2,0,0,0,1,1,2],34,24].
[[3,7,2,1,2,0,1,1,2],27,21].
[[2,6,1,0,0,0,2,3,0],22,0].
[[3,8,0,1,2,1,2,1,1],14,22].
[[2,8,1,1,2,0,1,1,0],14,9].
[[3,8,0,0,0,0,2,2,1],21,6].
[[3,8,0,1,1,1,1,1,0],26,49].
[[3,8,0,0,0,0,1,2,1],36,19].
[[2,6,1,1,2,1,2,2,2],39,0].
[[3,6,1,1,1,1,2,2,2],24,0].
[[3,9,2,1,2,0,2,2,0],2,29].
[[2,5,0,1,2,1,1,2,1],35,1].
[[1,7,2,0,0,0,2,3,0],16,0].
[[2,7,2,1,2,0,2,3,0],5,0].
[[3,5,0,1,2,0,1,2,1],43,2].
[[1,8,1,1,1,1,0,0,0],51,13].
[[2,8,1,1,1,1,2,2,2],102,21].
[[1,9,2,1,1,1,1,1,2],29,10].
[[2,8,0,1,1,1,1,1,2],23,11].
[[3,7,2,1,2,1,2,1,2],81,7].
[[3,8,0,1,2,1,2,2,1],47,35].
[[1,8,0,1,2,1,1,2,0],12,5].
[[2,8,0,1,1,1,1,2,0],21,7].
[[1,7,2,1,2,1,2,1,2],12,4].
[[2,7,2,1,2,1,1,1,2],25,10].
[[2,8,1,1,1,1,1,2,0],24,5].
[[3,3,1,0,0,0,2,2,2],12,1].
[[3,9,2,0,0,0,2,2,0],0,49].
[[3,7,2,1,1,1,1,2,2],36,4].
[[2,9,2,1,1,1,2,2,0],38,54].
[[3,9,2,1,1,0,1,1,0],4,23].
[[2,7,0,0,0,0,1,2,2],5,1].
[[3,7,0,1,2,1,1,2,2],21,18].
[[3,9,2,0,0,0,1,1,0],20,105].
[[3,8,1,0,0,0,2,2,1],65,23].
[[2,6,1,1,2,0,0,0,0],21,1].
[[3,6,1,1,2,0,2,3,1],17,0].
[[2,8,1,1,1,1,1,2,1],31,5].
[[3,4,1,1,2,0,1,2,1],44,5].
[[2,9,2,1,1,1,2,1,0],21,26].
[[2,8,0,1,2,0,2,1,2],19,16].
[[3,8,0,1,1,0,2,1,2],1,6].
[[2,7,2,0,0,0,1,2,0],12,0].
[[3,7,2,0,0,0,1,2,0],11,0].
[[2,7,1,0,0,0,2,3,2],71,6].
[[2,8,0,0,0,0,2,1,1],17,8].
[[3,8,0,1,2,0,2,1,1],5,4].
[[3,7,0,0,0,0,2,2,2],22,17].
[[1,8,1,0,0,0,2,1,0],134,17].
[[2,8,1,0,0,0,1,1,0],45,25].
[[3,7,1,1,2,0,1,1,0],9,3].
[[2,8,1,1,1,1,2,3,1],61,11].
[[1,8,0,0,0,0,1,2,1],5,4].
[[2,8,0,0,0,0,1,2,1],39,14].
[[3,7,2,1,1,1,2,1,2],26,2].
[[1,7,2,0,0,0,1,2,1],3,0].
[[2,7,2,1,2,1,1,2,1],6,0].
[[1,7,1,1,2,1,0,0,0],61,9].
[[3,8,1,0,0,0,2,1,1],48,16].
[[3,7,0,1,2,0,2,1,0],4,0].
[[1,9,2,1,1,1,1,2,0],22,12].
[[3,8,0,1,2,0,2,2,0],23,65].
[[3,7,1,1,2,1,2,1,0],62,14].
[[3,8,1,1,2,0,2,3,2],42,14].
[[3,4,1,1,2,0,1,1,0],53,6].
[[2,9,2,1,2,0,2,3,0],55,109].
[[2,6,1,0,0,0,1,2,2],14,1].
[[1,7,1,0,0,0,2,3,2],32,3].
[[2,9,2,1,2,0,1,2,2],58,67].
[[3,9,2,1,2,0,1,2,2],40,96].
[[3,7,0,0,0,0,2,2,0],15,14].
[[2,5,0,1,1,1,1,1,0],2,0].
[[2,7,1,1,2,1,2,2,1],34,6].
[[2,8,1,1,2,1,2,1,0],90,12].
[[2,9,2,1,2,0,1,1,2],38,53].
[[3,9,2,1,1,1,2,1,2],5,22].
[[2,9,2,1,1,1,1,2,1],23,16].
[[2,8,1,1,1,0,2,1,2],7,3].
[[3,7,1,1,1,0,2,1,2],4,1].
[[2,8,0,1,1,1,1,2,1],4,2].
[[2,7,2,1,2,1,1,2,2],36,5].
[[3,3,2,1,2,1,1,2,2],11,0].
[[3,6,1,1,2,1,2,3,0],33,0].
[[2,8,1,1,2,1,2,3,0],197,34].
[[1,5,0,1,2,1,1,1,2],35,0].
[[3,8,1,1,1,0,2,2,2],26,16].
[[1,5,0,1,1,1,1,1,2],4,0].
[[2,5,0,1,1,1,1,1,2],42,5].
[[3,8,0,0,0,0,1,1,1],10,5].
[[2,8,0,1,2,1,2,1,0],70,83].
[[3,7,1,1,2,0,2,1,1],25,10].
[[2,4,1,1,2,0,0,0,0],5,0].
[[3,4,1,1,2,0,0,0,0],8,1].
[[1,7,2,0,0,0,2,3,2],55,5].
[[3,7,2,1,2,0,2,1,2],36,3].
[[3,8,0,1,1,1,2,1,0],10,39].
[[2,3,1,1,2,1,0,0,0],21,0].
[[3,2,1,0,0,0,2,3,2],3,0].
[[3,3,1,1,2,1,2,2,2],39,1].
[[2,7,2,1,1,1,2,3,2],6,0].
[[3,7,2,1,1,1,2,2,2],54,10].
[[3,8,0,0,0,0,2,3,1],33,20].
[[3,6,0,1,2,1,2,2,0],15,20].
[[3,8,1,0,0,0,1,1,1],23,18].
[[3,7,1,1,2,0,0,0,0],34,30].
[[3,7,0,1,2,0,2,3,0],14,9].
[[2,8,0,1,1,1,2,3,2],18,9].
[[3,3,1,1,2,1,2,1,2],10,1].
[[1,7,1,0,0,0,2,1,0],6,1].
[[2,7,1,1,2,1,2,1,0],14,3].
[[3,7,1,1,2,0,2,3,2],42,10].
[[2,8,1,1,2,0,1,2,2],54,28].
[[3,8,1,1,2,0,1,2,2],112,48].
[[2,7,1,1,2,1,2,3,2],48,4].
[[3,7,2,1,1,1,1,1,2],18,9].
[[3,6,1,1,2,1,2,1,1],28,1].
[[3,8,1,1,2,0,2,3,1],81,29].
[[3,3,1,1,2,1,2,3,2],15,1].
[[2,9,2,0,0,0,1,1,1],15,6].
[[2,9,2,1,2,0,1,2,1],12,19].
[[3,9,2,1,2,0,1,2,1],15,34].
[[3,7,1,1,2,1,1,1,0],33,5].
[[2,8,0,1,2,0,2,2,1],5,2].
[[3,8,0,1,1,0,2,2,1],4,1].
[[1,8,0,1,2,1,1,1,2],18,10].
[[2,6,0,1,2,1,1,1,2],4,2].
[[2,6,1,1,1,1,2,3,1],3,0].
[[3,1,1,1,2,0,1,2,1],1,0].
[[2,3,2,1,2,1,2,2,2],5,0].
[[3,2,1,0,0,0,2,1,2],1,0].
[[1,9,2,1,2,0,2,1,2],13,23].
[[3,7,2,1,2,1,1,2,0],18,0].
[[3,8,1,1,1,1,2,2,0],18,15].
[[3,9,2,0,0,0,2,3,1],8,13].
[[3,7,0,1,2,1,1,1,2],15,10].
[[3,7,2,1,2,1,1,2,1],16,2].
[[3,4,1,1,2,0,1,1,2],84,3].
[[3,8,0,1,1,1,2,2,1],6,6].
[[2,7,2,1,1,0,2,3,0],0,1].
[[3,7,2,1,1,0,2,3,0],1,1].
[[2,8,1,1,2,0,1,1,1],5,8].
[[3,5,0,1,2,0,1,1,1],11,1].
[[3,6,1,1,2,1,2,2,1],30,1].
[[2,7,1,1,2,1,2,2,0],29,7].
[[2,8,0,1,1,1,2,2,2],31,32].
[[3,7,0,0,0,0,1,2,2],12,14].
[[3,7,0,1,1,1,1,1,2],5,4].
[[2,5,0,1,2,0,1,2,1],17,0].
[[3,7,1,1,2,0,2,1,2],40,13].
[[1,9,2,0,0,0,1,2,1],120,73].
[[3,7,1,0,0,0,2,2,0],60,11].
[[3,7,1,1,1,1,2,3,1],55,19].
[[2,8,0,0,0,0,2,2,1],31,13].
[[1,7,1,0,0,0,1,2,2],3,0].
[[1,8,1,1,2,0,1,2,0],1,2].
[[3,7,1,0,0,0,1,1,1],11,6].
[[3,3,2,0,0,0,1,2,0],2,0].
[[3,8,0,1,1,0,1,2,2],4,9].
[[3,8,0,1,2,0,2,3,1],15,19].
[[2,5,0,0,0,0,1,2,0],28,0].
[[3,5,0,0,0,0,1,2,0],39,0].
[[2,5,0,0,0,0,1,2,2],9,0].
[[3,5,0,0,0,0,1,2,2],13,1].
[[1,9,2,0,0,0,1,1,1],22,7].
[[1,5,0,0,0,0,1,2,0],6,0].
[[1,8,1,1,2,0,2,2,1],17,7].
[[1,9,2,1,1,1,2,1,2],23,16].
[[1,9,2,1,1,1,2,2,0],58,28].
[[2,8,0,0,0,0,1,2,0],117,68].
[[3,7,2,1,2,0,1,1,0],6,0].
[[3,6,1,0,0,0,2,2,0],17,0].
[[3,8,1,1,2,0,2,3,0],28,19].
[[3,6,0,0,0,0,2,2,0],11,13].
[[1,3,2,0,0,0,2,2,2],4,0].
[[1,9,2,1,2,0,1,2,2],17,26].
[[3,8,1,1,1,0,1,2,2],16,23].
[[1,8,1,1,2,0,2,1,1],5,2].
[[3,3,2,1,2,0,2,3,2],9,0].
[[2,9,2,1,1,0,1,1,2],0,8].
[[3,8,0,1,1,0,1,1,2],2,12].
[[2,8,0,1,2,1,1,1,2],65,60].
[[3,6,0,1,2,1,1,1,2],5,7].
[[3,3,1,0,0,0,0,0,0],30,0].
[[3,6,0,0,0,0,2,1,2],3,5].
[[2,5,0,1,1,0,1,1,2],2,4].
[[3,7,0,1,2,0,1,2,2],4,3].
[[2,7,1,0,0,0,2,3,0],52,5].
[[3,7,0,1,1,1,2,3,1],0,4].
[[2,5,0,1,2,1,2,3,0],51,1].
[[2,7,2,1,2,1,2,1,2],38,6].
[[2,7,2,1,1,1,2,2,2],12,1].
[[2,7,1,1,2,0,2,2,2],18,8].
[[3,5,0,1,2,0,2,3,0],35,5].
[[1,8,1,1,2,0,1,1,2],7,4].
[[2,3,2,1,2,1,0,0,0],16,0].
[[3,3,2,1,2,1,2,3,1],1,0].
[[2,7,1,0,0,0,1,1,1],6,5].
[[3,7,1,1,2,0,1,1,1],6,4].
[[1,9,2,1,2,1,1,1,1],6,4].
[[2,8,0,1,2,1,1,1,1],7,4].
[[3,8,0,1,2,1,1,1,1],8,8].
[[3,6,0,1,2,1,2,2,2],26,27].
[[2,8,1,1,1,0,1,2,2],2,5].
[[2,7,1,1,2,1,2,3,1],72,9].
[[2,7,0,1,2,1,2,3,2],3,4].
[[2,7,0,1,2,1,2,3,0],11,4].
[[3,7,0,1,1,1,2,3,0],8,3].
[[1,8,1,0,0,0,1,1,0],15,11].
[[2,6,1,1,2,1,2,2,1],16,0].
[[3,8,1,1,1,1,2,3,0],27,14].
[[2,7,0,0,0,0,2,3,0],6,8].
[[3,7,2,1,1,0,2,1,2],10,4].
[[2,8,1,1,1,1,1,1,0],10,5].
[[2,8,0,1,2,0,1,1,0],2,6].
[[3,6,1,0,0,0,1,2,2],18,1].
[[2,7,2,0,0,0,2,3,0],12,0].
[[3,9,2,1,2,0,2,1,2],2,18].
[[2,8,0,0,0,0,1,1,1],5,2].
[[3,6,0,1,2,1,2,3,2],11,12].
[[3,3,2,1,2,0,2,2,2],23,1].
[[3,7,1,1,1,1,1,1,2],28,9].
[[1,6,0,0,0,0,2,2,2],3,2].
[[2,6,0,0,0,0,1,2,2],3,1].
[[3,6,0,1,2,1,1,2,2],7,10].
[[1,5,0,0,0,0,1,2,1],10,0].
[[3,7,2,1,2,0,1,2,1],6,1].
[[1,8,1,1,1,1,2,1,2],16,3].
[[2,8,0,1,2,0,1,2,2],16,21].
[[3,4,0,1,2,0,2,2,2],0,1].
[[3,7,2,0,0,0,1,1,2],41,22].
[[2,9,2,1,1,0,1,1,0],0,7].
[[3,8,0,1,1,0,1,1,0],0,9].
[[1,7,2,0,0,0,1,1,2],13,10].
[[1,8,1,1,1,1,2,2,2],30,2].
[[2,8,1,1,1,1,1,1,2],38,9].
[[3,3,1,0,0,0,2,2,0],4,0].
[[3,8,0,1,2,0,1,2,1],14,14].
[[3,9,2,1,2,1,2,1,0],2,49].
[[2,9,2,1,2,1,1,1,1],12,7].
[[3,8,0,1,1,1,1,1,1],3,1].
[[3,6,0,1,1,1,2,2,2],6,5].
[[1,7,2,0,0,0,2,2,0],8,0].
[[2,8,1,1,2,0,2,3,0],44,25].
[[1,7,1,0,0,0,2,1,1],7,5].
[[3,6,1,0,0,0,2,1,0],4,1].
[[3,8,0,1,1,0,1,2,0],7,16].
[[3,3,1,1,2,0,2,2,2],13,0].
[[3,7,0,1,1,1,1,2,0],5,4].
[[1,7,2,0,0,0,1,2,2],20,5].
[[2,3,2,0,0,0,1,2,2],5,0].
[[2,9,2,1,1,1,2,3,1],22,16].
[[3,8,0,1,1,1,2,3,1],19,27].
[[3,6,1,0,0,0,1,1,0],2,0].
[[2,7,1,1,2,0,1,1,2],3,4].
[[3,7,1,1,1,0,1,1,2],5,5].
[[1,8,1,1,2,0,2,3,0],12,8].
[[2,7,1,1,2,0,2,3,0],6,2].
[[3,7,0,1,2,1,1,2,1],7,3].
[[1,6,1,1,2,1,2,1,2],4,0].
[[3,6,1,1,1,1,2,1,2],6,1].
[[2,9,2,1,1,0,1,2,2],4,9].
[[3,9,2,1,1,0,1,2,2],5,27].
[[3,3,2,1,2,1,0,0,0],32,0].
[[3,6,1,0,0,0,2,1,2],19,0].
[[3,6,1,1,1,1,1,2,2],11,2].
[[1,8,0,0,0,0,1,1,2],42,15].
[[2,6,0,1,2,1,2,2,2],9,10].
[[3,3,2,0,0,0,1,2,2],10,0].
[[3,8,1,1,1,0,1,2,0],20,18].
[[1,6,1,0,0,0,2,3,1],31,1].
[[2,6,1,0,0,0,2,3,1],39,1].
[[2,6,1,1,2,1,1,2,0],4,0].
[[3,6,1,1,2,1,1,2,0],21,0].
[[1,5,0,1,2,0,1,1,2],7,0].
[[3,6,1,0,0,0,2,3,0],20,0].
[[2,6,0,1,2,1,0,0,0],19,23].
[[3,8,1,0,0,0,2,2,0],30,14].
[[3,7,1,0,0,0,2,1,0],31,8].
[[3,8,1,1,2,1,2,1,0],25,17].
[[3,9,2,1,1,0,2,2,2],6,9].
[[2,8,0,1,2,0,2,3,2],17,20].
[[3,8,0,1,1,0,2,3,2],2,6].
[[3,7,2,1,1,1,1,1,0],2,0].
[[2,6,0,0,0,0,2,3,2],6,4].
[[3,3,1,0,0,0,2,3,2],8,0].
[[1,5,0,1,2,1,2,3,0],8,0].
[[2,7,1,1,1,1,0,0,0],22,8].
[[3,7,1,1,1,1,0,0,0],33,14].
[[3,5,0,1,2,1,1,2,2],26,1].
[[3,8,1,1,1,1,2,1,0],12,8].
[[2,8,1,1,2,0,2,1,0],30,4].
[[1,7,1,0,0,0,2,3,0],13,0].
[[2,5,0,1,2,1,1,2,0],18,1].
[[3,7,0,1,2,1,2,3,1],13,14].
[[3,9,2,1,2,0,2,1,1],3,12].
[[3,6,0,0,0,0,2,3,1],4,0].
[[3,6,1,1,2,0,2,2,2],27,4].
[[1,8,1,1,1,1,2,3,2],15,1].
[[2,4,1,1,2,0,2,3,2],9,1].
[[3,8,0,1,2,0,0,0,0],0,25].
[[3,7,2,1,1,0,2,2,0],2,1].
[[2,7,0,0,0,0,2,2,2],13,9].
[[3,3,2,0,0,0,2,3,0],4,0].
[[1,8,1,1,1,1,1,2,2],3,0].
[[3,8,1,0,0,0,2,1,2],73,19].
[[2,7,1,1,1,1,2,2,1],2,2].
[[3,6,0,0,0,0,2,3,0],11,10].
[[1,6,1,0,0,0,2,2,2],36,2].
[[2,6,1,1,2,1,1,2,2],6,0].
[[3,6,1,1,2,1,1,2,1],30,2].
[[2,7,2,1,2,0,2,2,2],43,4].
[[2,7,1,1,2,1,1,2,1],12,8].
[[3,7,2,1,1,0,2,3,2],5,2].
[[3,7,1,1,2,0,1,1,2],38,13].
[[3,7,1,1,1,0,2,3,2],6,4].
[[3,5,0,1,2,0,1,2,2],13,2].
[[1,8,1,1,2,0,2,1,0],5,3].
[[2,7,1,1,2,0,2,1,0],5,3].
[[3,7,1,1,1,0,1,2,0],4,6].
[[2,6,0,1,2,1,2,3,2],5,2].
[[1,7,1,0,0,0,2,1,2],33,1].
[[2,7,1,0,0,0,1,1,2],29,4].
[[3,7,2,1,1,1,1,2,1],5,1].
[[3,5,0,1,1,1,1,1,1],13,0].
[[2,7,0,1,2,1,0,0,0],23,23].
[[1,7,2,1,2,1,1,2,2],7,1].
[[2,6,0,0,0,0,2,2,2],10,8].
[[3,6,0,1,2,0,1,2,2],1,2].
[[2,7,1,0,0,0,2,1,0],19,3].
[[3,3,1,0,0,0,2,1,0],3,0].
[[1,7,2,1,2,1,2,3,0],2,0].
[[3,3,2,1,1,1,2,3,2],3,0].
[[1,7,2,1,2,0,2,1,2],3,0].
[[2,7,2,1,2,0,2,1,2],25,2].
[[2,7,1,1,2,1,2,1,1],23,1].
[[3,6,0,1,2,0,2,2,2],4,4].
[[3,7,0,1,1,1,2,1,2],2,7].
[[2,6,1,0,0,0,1,1,2],8,1].
[[3,9,2,1,2,1,1,1,1],4,8].
[[2,5,0,1,2,0,2,3,0],12,1].
[[1,7,2,0,0,0,2,3,1],9,0].
[[2,7,2,1,2,1,1,1,0],1,0].
[[3,7,2,1,2,1,1,1,0],8,0].
[[3,7,0,1,1,1,0,0,0],9,18].
[[2,8,1,1,1,1,2,2,0],36,7].
[[3,6,1,1,1,1,2,2,0],8,2].
[[2,6,1,0,0,0,1,2,1],15,0].
[[2,5,0,1,1,1,2,3,0],15,0].
[[3,7,1,0,0,0,1,1,2],54,20].
[[2,7,1,1,2,0,2,2,0],9,0].
[[2,4,1,1,2,0,1,2,2],12,0].
[[3,2,1,1,2,1,0,0,0],5,0].
[[2,4,1,1,2,0,2,1,2],8,2].
[[1,7,1,1,2,1,2,3,1],6,0].
[[2,7,1,1,1,1,2,3,1],8,5].
[[3,7,1,0,0,0,1,1,0],16,3].
[[3,6,0,0,0,0,2,3,2],7,3].
[[1,8,1,1,2,1,1,1,1],6,5].
[[2,8,1,1,1,1,1,1,1],7,2].
[[1,8,0,0,0,0,2,2,1],27,8].
[[2,7,2,1,2,1,2,3,0],6,0].
[[3,7,0,0,0,0,1,1,2],5,2].
[[3,5,0,1,2,1,1,1,1],38,1].
[[2,8,0,1,1,1,1,2,2],21,17].
[[2,8,1,1,1,0,2,3,0],0,2].
[[3,6,1,1,1,1,0,0,0],11,1].
[[3,6,1,1,2,0,2,3,0],13,0].
[[3,6,0,1,2,1,2,1,2],8,11].
[[3,4,1,1,2,0,2,1,0],7,0].
[[3,9,2,1,1,1,2,2,0],3,47].
[[1,8,1,1,2,0,1,2,2],10,8].
[[3,7,1,1,1,0,1,2,2],2,4].
[[3,9,2,1,1,1,1,2,1],20,31].
[[3,7,2,0,0,0,1,1,0],12,0].
[[1,8,1,1,2,1,1,1,2],36,14].
[[3,7,2,0,0,0,2,3,0],14,2].
[[2,9,2,1,1,1,2,2,1],12,6].
[[3,9,2,1,1,1,2,2,1],4,11].
[[3,3,1,0,0,0,2,3,1],12,1].
[[3,6,0,1,1,1,1,2,2],2,4].
[[3,7,2,1,1,1,2,3,0],6,0].
[[1,9,2,1,1,1,2,3,1],18,7].
[[3,7,1,1,1,1,2,2,0],26,11].
[[1,9,2,1,1,1,1,1,0],7,6].
[[3,6,1,0,0,0,2,3,2],19,1].
[[3,3,1,1,1,1,0,0,0],10,0].
[[3,6,1,1,2,0,1,2,1],9,2].
[[3,7,2,1,1,0,2,2,2],13,10].
[[3,3,2,1,2,0,2,3,0],2,0].
[[2,7,2,1,2,0,1,1,2],10,5].
[[3,7,2,1,1,0,1,2,2],11,6].
[[1,5,0,1,2,0,2,3,0],2,0].
[[2,5,0,1,1,0,2,3,0],2,0].
[[3,5,0,1,1,0,2,3,0],4,1].
[[3,8,1,1,2,1,0,0,0],2,10].
[[1,8,1,1,1,1,2,2,1],10,1].
[[2,5,0,1,1,1,1,2,2],1,0].
[[3,5,0,1,1,1,1,2,2],6,2].
[[2,4,1,1,2,0,2,3,0],15,0].
[[2,7,2,1,1,1,2,1,2],4,0].
[[3,6,0,1,2,0,2,3,0],3,6].
[[3,3,2,1,2,0,1,1,2],7,0].
[[3,7,2,1,2,1,2,1,0],10,1].
[[3,4,1,1,2,0,2,2,1],13,0].
[[3,6,1,0,0,0,2,1,1],9,0].
[[3,7,2,1,2,1,2,3,0],20,1].
[[2,7,1,1,1,1,2,1,0],2,0].
[[3,5,0,1,1,0,1,2,1],9,1].
[[3,7,0,1,1,1,2,3,2],8,4].
[[3,9,2,1,1,1,2,1,0],0,19].
[[1,6,0,0,0,0,2,2,0],1,1].
[[3,6,0,0,0,0,1,1,0],1,2].
[[2,6,0,1,2,1,2,3,0],6,5].
[[1,6,1,1,2,1,2,3,0],4,0].
[[2,6,1,1,2,1,2,3,0],17,0].
[[3,6,1,1,1,1,2,1,0],6,0].
[[3,6,0,0,0,0,2,2,2],9,9].
[[3,3,2,1,2,1,2,3,2],12,0].
[[3,9,2,0,0,0,2,3,2],5,6].
[[1,8,0,1,2,1,2,1,0],20,25].
[[3,9,2,1,1,1,1,1,1],4,3].
[[2,7,0,0,0,0,1,1,2],0,1].
[[1,5,0,0,0,0,2,2,0],16,1].
[[3,5,0,1,1,1,2,2,0],10,0].
[[3,7,2,1,2,1,2,2,0],9,1].
[[3,6,1,1,2,0,2,1,2],9,0].
[[3,6,1,0,0,0,1,2,0],13,0].
[[3,7,1,1,1,0,2,2,0],3,1].
[[1,6,1,1,2,1,2,3,2],5,0].
[[2,7,2,1,1,1,1,2,2],6,0].
[[3,9,2,1,1,0,2,1,2],4,3].
[[1,9,2,1,2,0,1,2,1],4,4].
[[2,9,2,1,1,0,1,2,1],2,1].
[[3,9,2,1,1,0,1,2,1],3,8].
[[3,7,0,0,0,0,2,1,0],7,6].
[[1,6,1,0,0,0,2,2,0],8,0].
[[2,6,1,1,2,1,2,2,0],16,0].
[[3,9,2,0,0,0,2,2,1],5,8].
[[3,7,1,1,1,1,1,2,0],27,2].
[[1,7,1,1,2,1,2,1,1],3,0].
[[2,7,1,1,1,1,2,1,1],4,0].
[[3,4,1,1,2,0,2,1,1],10,0].
[[2,6,1,0,0,0,2,1,0],14,0].
[[3,3,1,1,2,1,2,1,0],6,0].
[[1,3,2,0,0,0,0,0,0],27,0].
[[3,9,2,1,1,0,1,1,2],2,12].
[[2,9,2,1,2,0,0,0,0],0,13].
[[3,6,1,1,1,1,2,3,1],14,0].
[[3,9,2,1,1,0,2,2,1],0,3].
[[3,8,1,0,0,0,0,0,0],0,12].
[[2,8,0,1,2,0,1,2,0],12,11].
[[3,7,0,1,2,0,1,2,0],2,1].
[[3,7,2,0,0,0,2,2,0],9,0].
[[1,7,1,0,0,0,2,2,0],15,1].
[[2,3,1,0,0,0,2,2,0],3,0].
[[3,3,1,1,2,1,2,2,0],12,0].
[[1,8,1,1,1,1,2,3,0],12,0].
[[3,4,1,1,2,0,1,1,1],15,0].
[[1,8,1,1,1,1,1,2,1],1,3].
[[3,7,1,1,1,1,1,1,1],5,3].
[[3,3,1,1,2,0,0,0,0],10,1].
[[3,7,0,1,2,0,1,1,2],4,2].
[[2,7,1,1,1,1,2,2,2],13,3].
[[3,3,1,1,1,1,2,2,2],6,0].
[[1,8,1,1,2,0,1,1,0],1,1].
[[3,6,1,1,2,0,1,2,0],7,0].
[[3,4,0,1,2,0,1,1,0],0,1].
[[2,6,1,0,0,0,1,1,1],3,3].
[[3,6,1,1,2,1,1,1,1],6,2].
[[2,6,1,1,2,0,2,3,2],3,0].
[[3,3,0,1,2,1,0,0,0],0,1].
[[1,9,2,1,1,1,1,2,1],6,1].
[[2,6,0,0,0,0,1,1,2],2,1].
[[3,6,0,0,0,0,1,1,2],4,2].
[[2,7,0,1,2,1,2,2,2],7,10].
[[2,4,1,1,2,0,1,1,0],11,2].
[[3,8,1,1,1,0,2,3,2],3,6].
[[2,7,0,0,0,0,2,1,0],3,1].
[[3,7,1,1,1,0,2,3,1],7,3].
[[3,5,0,1,2,0,1,2,0],11,0].
[[3,6,1,0,0,0,1,2,1],19,1].
[[2,9,2,1,1,0,2,2,2],2,7].
[[2,6,1,1,1,1,2,1,2],2,0].
[[3,7,0,1,1,1,1,2,2],5,4].
[[3,5,0,0,0,0,1,1,1],13,0].
[[2,3,2,1,2,1,2,1,2],7,0].
[[3,3,2,1,1,1,2,1,2],2,0].
[[2,4,1,1,2,0,2,2,0],15,2].
[[3,4,1,1,2,0,2,2,0],28,2].
[[3,3,1,1,2,0,2,2,0],3,0].
[[1,9,2,1,2,0,2,3,1],7,10].
[[3,7,1,1,1,1,1,2,2],37,14].
[[2,9,2,1,2,0,2,1,1],5,8].
[[3,3,1,0,0,0,2,2,1],13,0].
[[3,3,2,1,2,1,2,1,2],20,0].
[[1,9,2,1,1,1,2,2,1],10,2].
[[3,3,1,1,2,1,1,2,1],4,0].
[[3,8,1,1,1,0,1,1,1],2,5].
[[1,6,0,0,0,0,2,3,1],0,1].
[[2,3,1,0,0,0,2,3,1],1,1].
[[2,5,0,0,0,0,1,1,1],11,0].
[[3,7,1,1,2,1,1,1,1],23,13].
[[3,9,2,1,1,1,2,3,2],1,9].
[[3,6,0,1,1,1,0,0,0],2,6].
[[2,5,0,1,2,1,1,2,2],4,1].
[[1,7,2,0,0,0,2,1,0],8,0].
[[2,7,2,0,0,0,2,1,0],5,0].
[[3,7,0,1,2,0,2,1,2],7,4].
[[3,7,2,0,0,0,2,1,0],5,0].
[[2,7,1,0,0,0,1,1,0],4,1].
[[1,9,2,1,2,0,1,1,0],9,8].
[[3,9,2,1,1,0,2,3,0],1,16].
[[2,9,2,1,1,0,2,2,0],3,6].
[[3,6,0,1,1,1,2,3,0],2,4].
[[1,5,0,1,1,1,2,2,0],2,0].
[[2,5,0,1,1,1,2,2,0],3,0].
[[2,7,0,1,2,1,2,2,1],1,1].
[[3,7,0,1,2,1,2,2,1],2,1].
[[2,9,2,1,1,0,2,3,1],2,2].
[[3,4,0,1,2,0,1,2,0],0,2].
[[3,9,2,1,1,0,2,2,0],2,9].
[[2,7,2,0,0,0,1,2,1],5,1].
[[3,9,2,0,0,0,1,1,1],2,4].
[[1,7,2,1,2,1,2,3,1],3,0].
[[3,7,2,1,2,0,2,3,1],7,1].
[[2,6,1,1,2,0,2,1,2],2,2].
[[3,6,1,1,1,0,1,1,2],0,1].
[[2,7,2,1,1,0,2,2,2],3,2].
[[2,7,1,1,1,1,2,3,0],7,1].
[[3,6,0,1,1,1,2,2,0],2,3].
[[2,6,1,1,2,1,2,1,1],12,0].
[[2,8,1,1,1,1,2,1,2],47,7].
[[3,7,0,0,0,0,1,2,1],2,1].
[[3,5,0,0,0,0,2,2,0],10,2].
[[3,3,1,0,0,0,2,3,0],3,1].
[[1,8,1,1,2,1,1,1,0],6,2].
[[2,7,1,1,2,1,1,1,0],4,0].
[[3,7,1,1,1,1,1,1,0],12,5].
[[2,8,0,1,1,1,2,1,0],11,14].
[[3,1,1,1,2,0,1,1,2],5,0].
[[2,3,2,0,0,0,2,3,2],7,0].
[[3,3,2,0,0,0,2,3,2],11,0].
[[2,7,0,0,0,0,2,1,2],10,2].
[[3,6,0,1,2,1,1,2,1],3,0].
[[3,6,1,1,1,1,2,3,2],3,0].
[[3,6,0,0,0,0,0,0,0],2,13].
[[3,6,1,1,2,0,1,1,2],8,2].
[[1,9,2,1,1,1,2,1,1],4,0].
[[2,4,1,1,2,0,1,1,1],2,0].
[[3,7,2,1,2,0,2,3,0],11,0].
[[2,7,1,1,2,0,2,3,1],15,1].
[[3,3,1,1,1,1,1,2,1],1,0].
[[3,7,0,1,1,1,2,1,0],4,6].
[[1,7,1,1,2,1,2,1,2],8,2].
[[2,7,1,1,1,1,2,1,2],5,2].
[[3,6,1,0,0,0,1,1,2],10,2].
[[1,8,0,1,2,1,1,1,0],5,3].
[[3,6,1,1,2,0,1,1,1],4,0].
[[1,9,2,1,1,1,1,2,2],21,13].
[[2,7,2,1,2,0,1,2,2],16,4].
[[2,9,2,1,1,1,1,1,1],3,1].
[[3,7,0,0,0,0,2,1,2],7,5].
[[1,7,1,1,2,1,2,2,2],13,0].
[[2,3,1,0,0,0,2,3,2],3,0].
[[2,7,1,1,2,0,2,1,2],8,3].
[[2,9,2,1,2,0,2,2,1],14,8].
[[1,6,1,1,2,1,2,1,0],2,0].
[[3,6,1,1,1,1,2,2,1],8,0].
[[1,2,1,0,0,0,0,0,0],4,0].
[[2,2,1,0,0,0,2,2,2],2,0].
[[3,2,1,0,0,0,2,2,2],3,0].
[[2,6,1,1,2,0,2,3,1],9,0].
[[3,5,0,1,1,0,1,1,1],1,0].
[[2,4,1,1,2,0,1,2,0],15,1].
[[2,3,1,0,0,0,2,1,2],6,0].
[[3,7,2,1,2,0,1,2,0],15,0].
[[3,9,2,1,1,1,2,1,1],4,6].
[[3,3,2,1,2,1,1,1,2],14,0].
[[2,5,0,1,2,0,1,1,0],1,0].
[[3,5,0,1,2,0,1,1,0],10,2].
[[2,6,1,0,0,0,2,2,0],10,0].
[[2,5,0,1,1,0,2,2,0],1,0].
[[3,5,0,1,1,0,2,2,0],4,0].
[[1,7,1,1,2,1,2,2,0],2,0].
[[1,8,1,1,1,1,2,1,1],3,0].
[[2,4,1,1,2,0,2,1,1],6,0].
[[1,8,1,1,2,0,1,2,1],5,2].
[[3,6,1,1,1,1,1,2,0],10,0].
[[2,6,0,0,0,0,2,2,0],7,3].
[[3,6,0,1,1,1,2,2,1],1,0].
[[3,7,1,1,2,0,2,1,0],15,7].
[[3,7,2,1,1,1,0,0,0],6,1].
[[2,5,0,1,2,1,1,1,0],3,0].
[[2,4,1,1,2,0,2,1,0],3,0].
[[2,7,2,1,2,1,2,2,0],3,0].
[[3,3,1,1,2,0,2,1,2],3,0].
[[3,3,1,1,2,0,2,3,2],3,1].
[[2,7,1,1,1,1,2,2,0],6,0].
[[3,3,1,1,1,1,2,2,0],4,0].
[[3,3,0,1,2,1,2,2,0],0,1].
[[3,7,0,1,2,0,2,3,2],5,5].
[[2,7,1,1,2,1,1,1,2],19,11].
[[2,7,2,0,0,0,2,2,0],8,0].
[[3,3,2,0,0,0,2,2,0],2,0].
[[3,6,1,1,1,1,1,1,1],0,1].
[[2,3,2,0,0,0,2,2,0],1,0].
[[2,8,1,1,1,0,2,2,1],2,2].
[[3,4,0,1,2,0,2,2,1],0,1].
[[3,5,0,0,0,0,1,1,0],11,2].
[[2,3,2,1,2,0,2,1,2],3,0].
[[3,2,1,0,0,0,2,2,1],2,0].
[[3,7,1,1,1,0,2,1,1],0,3].
[[3,6,1,1,1,0,2,2,1],2,0].
[[3,7,0,1,2,1,1,1,1],3,2].
[[3,8,0,1,2,0,2,2,1],5,9].
[[3,3,1,1,2,1,2,2,1],9,0].
[[3,6,0,0,0,0,1,2,2],10,0].
[[2,5,0,1,2,1,1,1,1],11,0].
[[3,3,2,1,2,0,0,0,0],14,0].
[[3,7,0,1,1,1,1,1,0],2,2].
[[3,3,1,0,0,0,2,1,2],10,0].
[[3,3,2,1,1,1,0,0,0],4,0].
[[2,6,1,1,2,0,2,3,0],3,0].
[[3,9,2,1,1,1,0,0,0],0,3].
[[3,3,2,1,2,0,2,1,2],10,0].
[[1,7,1,1,2,1,1,2,1],0,1].
[[2,7,2,1,2,1,2,3,1],5,0].
[[3,8,1,1,1,0,2,1,1],5,1].
[[2,6,1,1,2,1,1,1,1],2,0].
[[3,5,0,1,1,0,1,1,0],1,2].
[[2,6,1,0,0,0,1,2,0],6,0].
[[2,7,0,0,0,0,2,3,1],2,1].
[[3,7,2,1,1,0,1,1,2],4,3].
[[2,3,1,1,2,1,2,1,2],1,0].
[[3,3,1,1,1,1,2,1,2],4,0].
[[1,8,1,1,1,1,2,1,0],1,1].
[[3,6,1,1,1,1,2,1,1],6,0].
[[2,8,0,1,1,1,2,1,1],1,0].
[[1,6,1,0,0,0,2,1,0],5,0].
[[3,7,1,1,1,0,2,2,1],2,4].
[[3,7,0,1,2,1,1,1,0],7,3].
[[2,7,1,1,1,1,1,1,2],3,0].
[[2,7,1,1,2,1,1,1,1],6,2].
[[1,7,2,1,2,0,2,2,0],2,0].
[[3,8,0,1,1,0,1,2,1],2,3].
[[2,7,0,0,0,0,2,3,2],3,5].
[[3,7,2,1,1,0,1,2,0],3,1].
[[2,5,0,1,1,1,1,2,1],10,1].
[[3,6,0,1,2,1,2,2,1],2,1].
[[3,3,1,1,2,0,2,3,0],4,0].
[[2,7,1,1,1,1,1,2,2],5,1].
[[2,7,2,1,2,0,2,2,0],4,0].
[[2,8,0,1,2,0,2,3,1],9,11].
[[3,3,1,1,2,0,2,3,1],2,1].
[[3,5,0,1,1,0,1,2,0],4,4].
[[2,6,1,1,2,1,1,1,2],6,1].
[[3,3,1,1,2,1,1,1,2],7,1].
[[3,8,1,1,1,0,2,2,1],7,3].
[[1,7,2,1,2,0,2,3,1],1,0].
[[2,7,2,1,2,0,1,2,1],3,0].
[[2,6,1,1,2,0,2,1,1],1,2].
[[2,7,1,1,2,0,2,3,2],7,3].
[[3,6,0,1,2,1,2,3,1],2,4].
[[3,6,0,0,0,0,1,2,0],3,3].
[[1,9,2,1,2,0,2,2,1],5,5].
[[2,6,0,0,0,0,2,1,0],3,3].
[[3,6,0,1,2,0,1,1,0],1,0].
[[1,7,1,1,2,1,2,2,1],2,1].
[[1,6,0,0,0,0,2,3,2],1,2].
[[2,2,1,0,0,0,0,0,0],6,0].
[[3,2,1,1,2,0,2,3,1],1,0].
[[1,3,2,0,0,0,1,2,2],2,0].
[[2,7,0,1,2,1,2,1,0],5,1].
[[3,6,0,0,0,0,2,1,0],3,6].
[[3,6,1,1,1,1,1,1,0],4,0].
[[3,7,1,1,1,0,1,1,0],2,0].
[[2,6,1,1,1,1,2,3,2],2,0].
[[3,6,0,1,2,0,2,2,1],0,2].
[[2,5,0,1,2,0,1,2,2],3,0].
[[3,3,2,0,0,0,1,2,1],1,0].
[[3,3,1,1,2,0,1,1,2],1,0].
[[3,3,1,1,2,1,1,2,0],4,0].
[[2,9,2,1,1,0,2,1,0],0,4].
[[3,8,0,1,1,0,2,1,0],1,3].
[[3,6,0,1,2,0,2,1,2],1,2].
[[3,6,0,0,0,0,2,1,1],1,1].
[[2,8,0,1,1,1,1,1,0],3,5].
[[2,7,0,1,2,1,2,1,2],3,7].
[[3,3,2,1,1,1,2,3,0],1,0].
[[2,4,1,1,2,0,1,1,2],18,1].
[[3,6,1,1,2,0,2,2,0],14,1].
[[3,3,1,1,1,1,1,1,2],2,0].
[[2,7,0,0,0,0,2,2,0],4,2].
[[2,3,2,1,2,1,2,3,0],2,0].
[[2,6,0,1,2,1,2,2,0],3,1].
[[2,5,0,1,1,1,1,2,0],4,0].
[[2,9,2,1,1,0,2,3,2],0,6].
[[3,4,0,1,2,0,2,3,2],0,2].
[[3,6,1,1,1,0,1,2,2],1,0].
[[3,6,1,1,1,0,2,1,1],0,1].
[[3,7,1,1,1,0,0,0,0],3,2].
[[1,7,1,1,2,1,2,3,2],5,3].
[[3,3,1,0,0,0,1,2,2],5,0].
[[3,3,2,1,2,1,2,3,0],4,0].
[[2,8,1,1,1,0,2,3,2],2,3].
[[1,7,2,1,2,0,2,2,2],2,0].
[[3,9,2,1,1,0,2,3,2],0,5].
[[2,7,2,1,2,0,2,3,1],2,1].
[[1,3,2,0,0,0,1,1,2],1,0].
[[2,3,2,1,2,1,1,1,2],3,0].
[[2,6,1,1,1,1,0,0,0],11,0].
[[2,4,1,1,2,0,1,2,1],6,1].
[[2,4,1,1,2,0,2,2,1],4,0].
[[2,6,0,1,2,1,1,2,2],1,2].
[[3,6,0,1,1,1,1,1,2],1,2].
[[2,7,0,1,2,1,1,1,2],2,0].
[[3,3,1,1,1,1,2,2,1],1,0].
[[3,2,1,0,0,0,0,0,0],3,0].
[[3,3,2,1,1,1,2,2,2],3,0].
[[3,3,2,1,2,0,1,2,2],6,0].
[[2,8,0,1,2,0,2,1,1],3,3].
[[2,6,0,1,2,1,2,3,1],1,2].
[[1,9,2,1,1,1,1,1,1],1,0].
[[2,8,0,1,1,1,1,1,1],1,0].
[[3,6,0,1,2,1,1,1,0],2,2].
[[3,9,2,0,0,0,0,0,0],0,4].
[[3,3,2,1,1,0,1,2,2],1,0].
[[3,3,1,1,2,1,1,2,2],5,0].
[[2,7,1,1,2,0,1,2,2],6,1].
[[3,3,1,1,2,0,1,2,2],3,0].
[[1,5,0,1,1,1,1,2,0],1,0].
[[2,3,1,1,2,1,2,2,2],4,0].
[[2,7,2,1,1,0,1,2,2],2,2].
[[3,8,1,1,2,0,0,0,0],0,6].
[[1,8,0,1,2,1,1,1,1],0,2].
[[1,7,2,1,2,0,1,1,2],2,0].
[[3,7,2,1,1,0,0,0,0],1,2].
[[2,6,1,1,2,0,2,2,0],3,0].
[[2,6,0,0,0,0,2,2,1],0,1].
[[2,6,1,1,2,0,2,1,0],1,0].
[[3,3,1,1,2,0,2,1,0],3,0].
[[1,8,0,0,0,0,1,1,1],2,1].
[[2,6,0,0,0,0,1,1,1],1,0].
[[3,6,0,1,2,1,1,1,1],1,0].
[[3,7,0,0,0,0,1,1,0],1,4].
[[1,6,0,0,0,0,2,1,0],2,0].
[[2,3,2,1,2,0,0,0,0],7,1].
[[3,7,2,1,2,0,2,1,0],2,0].
[[3,3,2,1,2,0,2,2,0],1,0].
[[3,7,1,1,1,0,2,3,0],4,5].
[[1,7,2,1,2,1,2,3,2],8,0].
[[1,6,1,1,2,1,2,3,1],2,0].
[[1,7,1,0,0,0,1,2,1],1,1].
[[3,6,1,1,1,0,1,2,0],2,0].
[[2,5,0,0,0,0,1,1,0],8,0].
[[3,6,0,1,2,0,2,3,2],2,1].
[[2,7,1,1,2,0,2,1,1],5,3].
[[1,6,1,1,2,1,2,2,2],4,0].
[[3,9,2,1,1,0,1,1,1],2,1].
[[1,3,2,0,0,0,2,3,2],2,0].
[[1,7,2,1,2,0,1,2,2],2,0].
[[3,8,0,1,1,0,2,3,1],3,2].
[[3,3,2,0,0,0,1,1,2],9,0].
[[2,3,1,1,2,1,2,3,1],1,0].
[[3,3,1,1,1,1,2,3,1],1,0].
[[3,9,2,1,1,0,2,3,1],0,2].
[[2,3,1,0,0,0,2,2,1],2,0].
[[1,8,1,1,1,1,1,2,0],1,0].
[[2,6,1,1,2,0,1,2,1],2,1].
[[3,6,1,1,1,0,1,2,1],3,0].
[[2,3,2,0,0,0,1,1,2],2,0].
[[3,7,0,0,0,0,2,2,1],4,1].
[[3,9,2,1,2,0,1,1,1],2,0].
[[3,3,1,0,0,0,1,1,1],1,0].
[[3,6,0,1,1,1,2,1,2],0,3].
[[2,8,1,1,1,0,0,0,0],1,4].
[[3,6,0,1,1,1,2,3,1],1,1].
[[3,6,1,1,1,1,2,3,0],3,0].
[[3,7,0,1,2,0,1,2,1],0,1].
[[3,2,1,1,2,1,2,3,2],1,0].
[[3,4,0,1,2,0,2,1,2],0,1].
[[2,8,1,1,1,0,1,1,0],1,0].
[[1,5,0,1,2,1,1,2,1],7,0].
[[1,7,1,1,2,1,2,3,0],3,0].
[[2,3,1,1,2,1,2,3,0],1,0].
[[2,2,1,1,2,1,0,0,0],2,0].
[[3,2,1,1,1,1,2,2,0],1,0].
[[2,7,1,1,1,1,2,3,2],2,1].
[[3,3,1,1,1,1,2,3,2],3,0].
[[1,8,1,1,2,0,1,1,1],1,0].
[[2,6,1,1,2,0,1,1,1],2,0].
[[2,3,1,1,2,1,2,3,2],2,0].
[[1,6,1,1,2,1,2,2,0],2,0].
[[2,6,1,1,1,1,2,2,0],1,0].
[[3,3,2,1,2,1,2,2,0],1,0].
[[2,2,0,0,0,0,0,0,0],1,0].
[[3,2,0,0,0,0,2,2,0],2,0].
[[2,3,2,1,2,1,1,2,2],1,0].
[[3,3,1,1,2,1,2,1,1],2,0].
[[3,7,0,1,1,1,1,2,1],1,2].
[[1,9,2,1,2,0,1,1,1],1,1].
[[2,9,2,1,2,0,1,1,1],4,2].
[[3,8,0,1,2,0,1,1,1],2,1].
[[2,6,1,1,2,1,1,2,1],4,0].
[[3,6,1,1,1,1,1,2,1],6,0].
[[1,7,2,1,2,0,2,3,2],0,1].
[[3,6,1,1,2,0,0,0,0],8,1].
[[2,7,2,1,2,0,2,1,0],1,1].
[[1,5,0,1,2,1,1,1,1],1,0].
[[2,5,0,1,1,1,1,1,1],2,0].
[[1,8,0,1,2,1,2,1,1],1,3].
[[3,3,1,1,1,1,1,2,2],1,1].
[[3,7,0,1,2,1,2,1,1],2,0].
[[1,3,2,0,0,0,2,1,2],5,0].
[[1,8,1,1,1,1,1,1,0],2,0].
[[2,6,1,1,1,1,1,1,0],1,0].
[[2,3,2,1,2,0,2,2,2],1,0].
[[2,6,0,0,0,0,2,1,2],3,4].
[[2,5,0,1,2,0,1,1,1],4,0].
[[2,9,2,1,1,0,2,1,2],2,2].
[[3,2,1,0,0,0,2,3,1],4,0].
[[2,7,0,1,2,1,2,1,1],0,1].
[[1,5,0,1,1,1,2,3,0],1,0].
[[2,7,2,1,2,0,1,2,0],2,0].
[[3,7,0,1,2,0,1,1,0],2,1].
[[2,7,2,1,2,1,2,1,0],2,0].
[[3,9,2,1,1,0,2,1,0],0,1].
[[2,6,0,0,0,0,1,1,0],1,1].
[[2,3,2,1,2,0,2,3,2],2,0].
[[2,6,1,1,2,0,1,2,2],1,1].
[[2,7,2,0,0,0,1,1,0],3,0].
[[3,3,1,1,1,1,2,3,0],1,1].
[[2,7,2,1,1,1,1,1,2],3,0].
[[1,6,0,0,0,0,2,1,2],0,2].
[[2,6,0,0,0,0,2,3,1],0,2].
[[3,6,0,0,0,0,1,2,1],1,1].
[[3,3,2,1,1,0,0,0,0],3,0].
[[2,6,1,1,2,0,2,2,1],2,0].
[[1,6,1,0,0,0,1,1,2],2,0].
[[3,2,0,0,0,0,0,0,0],2,0].
[[2,7,2,1,1,1,0,0,0],3,0].
[[3,7,0,1,2,0,2,3,1],1,1].
[[3,7,2,1,1,1,2,3,1],4,0].
[[3,3,1,0,0,0,2,1,1],4,0].
[[3,3,1,1,2,0,2,1,1],1,0].
[[2,7,2,1,1,0,0,0,0],1,1].
[[3,7,2,1,1,0,2,1,0],2,0].
[[1,7,1,0,0,0,1,1,1],0,2].
[[3,3,0,1,2,1,2,2,2],0,1].
[[2,3,1,0,0,0,2,2,2],2,0].
[[2,9,2,1,1,0,1,1,1],0,1].
[[3,8,0,1,1,0,1,1,1],0,1].
[[2,3,1,0,0,0,2,1,0],1,0].
[[2,8,1,1,1,0,2,1,0],1,1].
[[3,8,1,1,1,0,2,1,0],1,2].
[[3,6,1,1,2,0,2,1,0],4,0].
[[3,4,0,1,2,0,1,2,1],0,2].
[[3,8,0,1,1,0,0,0,0],0,4].
[[3,9,2,1,1,0,2,1,1],0,1].
[[3,2,1,1,2,0,2,1,2],1,0].
[[2,2,1,0,0,0,2,3,2],1,0].
[[3,6,1,1,1,0,0,0,0],0,1].
[[3,3,1,1,2,0,1,2,0],1,0].
[[3,6,1,1,1,0,2,3,1],2,1].
[[1,7,1,1,2,1,2,1,0],2,0].
[[2,3,1,1,2,1,2,1,0],2,0].
[[3,3,1,1,2,1,1,1,0],1,0].
[[1,8,1,1,1,1,1,1,2],4,0].
[[1,8,0,1,2,1,1,2,1],3,0].
[[2,3,1,0,0,0,2,3,0],2,0].
[[2,8,1,1,1,0,1,2,0],1,1].
[[2,7,1,1,2,0,1,2,0],1,1].
[[3,7,0,1,1,1,2,2,1],1,0].
[[2,7,1,1,2,0,1,1,0],1,1].
[[3,3,2,1,2,0,2,3,1],2,0].
[[2,7,2,1,1,0,2,3,1],1,0].
[[1,6,1,0,0,0,1,2,1],2,0].
[[1,6,1,1,2,1,2,2,1],3,0].
[[2,3,2,1,2,0,1,2,2],1,0].
[[3,3,1,0,0,0,1,1,2],3,0].
[[3,2,1,1,2,1,2,2,2],1,0].
[[2,7,1,1,1,1,1,1,1],1,0].
[[3,3,1,1,1,1,1,1,1],1,0].
[[1,6,1,1,2,1,2,1,1],1,0].
[[3,3,1,1,1,1,2,1,1],1,0].
[[3,8,1,1,1,1,0,0,0],0,2].
[[1,6,1,1,2,1,1,1,1],1,0].
[[2,6,1,1,1,1,2,2,2],2,0].
[[2,7,0,1,2,1,1,2,0],1,0].
[[3,2,1,0,0,0,2,3,0],1,0].
[[3,2,1,1,1,1,2,3,1],1,0].
[[3,1,1,1,2,0,1,2,2],1,0].
[[2,7,2,1,1,1,2,3,0],1,0].
[[3,6,0,1,2,0,2,3,1],0,2].
[[3,3,2,1,1,1,1,2,2],1,0].
[[2,6,0,1,2,1,1,2,0],0,1].
[[2,8,1,1,1,0,2,1,1],1,0].
[[2,6,1,1,1,1,2,2,1],3,0].
[[2,6,1,1,2,0,1,1,2],1,0].
[[3,6,1,1,2,0,2,1,1],1,0].
[[3,6,0,1,1,1,2,3,2],1,2].
[[3,2,1,0,0,0,2,1,1],1,0].
[[3,2,1,1,2,1,2,1,1],1,0].
[[3,3,2,1,1,0,2,1,2],1,0].
[[3,3,1,1,1,1,2,1,0],1,0].
[[1,7,2,1,2,0,2,3,0],1,0].
[[3,5,0,1,1,0,1,2,2],1,0].
[[1,6,0,0,0,0,2,2,1],1,0].
[[1,7,2,1,2,1,1,1,2],1,1].
[[2,6,1,1,1,1,1,2,2],1,0].
[[2,6,0,1,2,1,1,2,1],1,0].
[[3,2,0,1,2,1,1,2,1],1,0].
[[2,7,2,1,1,1,2,3,1],1,0].
[[2,7,0,1,2,1,2,3,1],0,2].
[[2,6,0,1,2,1,2,1,2],1,1].
[[3,4,0,1,2,0,2,3,1],0,1].
[[1,7,1,0,0,0,1,1,2],1,0].
[[3,2,1,1,1,1,2,2,2],1,0].
[[3,3,2,0,0,0,2,1,0],1,0].
[[3,6,0,0,0,0,1,1,1],1,0].
[[3,6,1,1,1,0,2,1,2],0,1].
[[2,3,2,0,0,0,2,3,0],3,0].
[[2,7,1,1,1,1,1,2,1],1,0].
[[3,6,0,1,2,0,2,1,0],0,1].
[[2,5,0,1,1,0,1,2,1],1,0].
[[3,2,1,1,2,1,2,1,0],1,0].
[[2,8,0,1,2,0,1,2,1],1,0].
[[2,3,1,0,0,0,2,1,1],2,0].
[[1,5,0,1,2,0,1,2,1],1,0].
[[2,7,1,1,1,1,1,2,0],1,0].
[[3,3,2,1,1,0,2,2,2],1,0].
[[3,3,2,1,2,0,2,1,0],1,0].
[[1,5,0,1,2,1,1,2,0],1,0].
[[3,6,0,1,1,1,2,1,0],0,1].
[[3,8,0,1,1,0,2,1,1],0,1].
[[2,6,1,1,2,1,1,1,0],0,1].
[[1,5,0,1,1,1,1,2,1],1,0].
[[3,6,1,1,2,0,1,1,0],2,0].
[[2,2,0,0,0,0,2,2,0],1,0].
[[3,7,1,1,1,0,2,1,0],1,0].
[[3,2,1,1,2,0,2,3,2],1,0].
[[2,7,0,1,2,1,1,2,2],0,1].
[[2,6,0,1,2,1,2,1,1],0,1].
[[3,6,0,1,2,1,2,1,1],0,1].
[[3,3,1,1,2,0,2,2,1],1,0].
[[2,6,1,1,1,1,2,3,0],1,0].
[[2,3,2,1,2,1,2,3,2],1,0].
[[3,3,2,0,0,0,2,3,1],1,0].
[[2,2,1,1,2,1,1,1,2],1,0].
[[3,2,1,1,1,1,1,1,2],1,0].
[[1,7,1,1,2,1,1,2,2],1,0].
[[2,6,1,1,2,0,1,1,0],1,0].
