total_WL(18159,17602).
[[1,8,0,0,0,0,0,0,0],717,1088].
[[2,8,0,0,0,0,0,0,0],72,353].
[[3,8,0,1,2,1,2,2,0],96,281].
[[1,9,2,1,2,1,2,3,1],405,691].
[[2,9,2,1,2,1,2,3,1],177,490].
[[3,9,2,1,2,1,1,1,1],42,168].
[[1,8,1,1,2,1,0,0,0],545,232].
[[2,8,1,1,2,1,2,3,1],676,327].
[[3,7,1,1,2,1,2,3,1],503,187].
[[1,9,2,0,0,0,2,2,1],655,1137].
[[2,8,0,0,0,0,2,2,1],185,299].
[[3,8,0,1,2,1,2,3,1],139,348].
[[1,9,2,0,0,0,0,0,0],406,1396].
[[3,7,1,1,2,0,2,1,1],73,32].
[[2,8,0,1,2,0,2,1,0],9,17].
[[3,8,0,1,2,1,1,1,0],59,67].
[[1,9,2,0,0,0,2,3,0],735,915].
[[2,9,2,0,0,0,2,3,0],182,484].
[[3,8,0,1,2,1,2,3,0],178,438].
[[1,9,2,1,2,1,2,2,1],311,460].
[[2,8,1,1,2,1,2,2,1],509,215].
[[3,8,1,1,2,1,2,2,1],332,167].
[[1,9,2,0,0,0,2,2,0],482,643].
[[2,8,1,0,0,0,2,2,0],83,37].
[[3,8,1,1,2,0,2,2,1],121,66].
[[2,9,2,1,2,1,2,2,0],145,284].
[[3,9,2,1,2,1,1,2,0],86,233].
[[1,9,2,0,0,0,2,1,1],475,827].
[[2,9,1,0,0,0,1,1,1],29,50].
[[3,9,1,0,0,0,1,1,1],10,50].
[[2,8,0,0,0,0,2,3,1],258,384].
[[3,7,1,0,0,0,2,3,1],226,86].
[[1,8,1,1,2,1,2,2,0],42,5].
[[2,8,1,1,1,1,2,2,0],10,3].
[[3,7,1,1,1,1,2,2,0],10,5].
[[1,8,0,1,2,1,0,0,0],232,352].
[[2,8,0,1,2,1,2,2,0],123,166].
[[3,7,0,1,2,1,2,2,0],29,23].
[[1,8,1,0,0,0,0,0,0],1720,781].
[[2,8,1,0,0,0,2,1,1],430,159].
[[3,7,1,0,0,0,2,1,1],106,50].
[[2,8,0,0,0,0,2,1,1],136,183].
[[3,8,0,1,2,1,2,1,1],114,270].
[[1,8,0,0,0,0,2,1,0],58,48].
[[2,8,0,0,0,0,2,1,0],56,65].
[[1,9,2,0,0,0,1,1,1],121,173].
[[2,9,2,1,2,1,1,1,1],102,178].
[[2,9,2,1,2,0,2,2,0],31,83].
[[3,9,1,1,2,0,1,2,0],18,34].
[[1,7,2,1,2,1,0,0,0],66,15].
[[2,7,2,1,2,1,2,2,1],84,7].
[[3,7,2,1,1,1,2,2,1],32,8].
[[2,9,2,0,0,0,2,2,0],130,328].
[[3,8,0,0,0,0,2,2,0],32,139].
[[2,8,0,1,2,1,2,1,1],127,184].
[[3,7,0,1,2,1,2,1,1],21,24].
[[2,9,2,1,2,0,2,2,1],34,103].
[[3,9,2,1,1,0,2,2,1],0,12].
[[3,8,1,1,2,1,1,2,1],823,382].
[[1,7,1,0,0,0,2,1,1],20,2].
[[2,7,1,1,2,1,2,3,1],154,51].
[[3,3,1,1,1,1,2,3,1],8,0].
[[1,9,2,1,1,1,2,2,0],44,17].
[[2,8,0,1,2,1,2,2,1],132,296].
[[3,8,0,1,2,1,2,2,1],122,314].
[[1,8,1,0,0,0,2,1,1],504,187].
[[2,8,1,1,2,1,2,1,1],332,147].
[[3,8,1,1,2,1,2,1,1],305,149].
[[1,8,1,0,0,0,1,2,1],271,133].
[[2,8,1,0,0,0,1,2,1],524,215].
[[3,7,1,0,0,0,1,2,1],171,38].
[[1,8,1,0,0,0,2,3,1],1148,404].
[[2,8,1,0,0,0,2,3,1],843,353].
[[3,8,1,1,2,0,1,2,1],288,166].
[[2,8,1,1,2,0,2,2,1],149,89].
[[3,7,1,1,2,0,2,2,1],125,43].
[[2,9,2,0,0,0,1,1,1],74,194].
[[3,5,0,1,2,0,1,1,1],47,5].
[[1,9,2,1,2,1,2,3,0],315,395].
[[2,9,2,1,1,1,2,3,0],56,107].
[[3,8,0,1,1,1,2,3,0],46,159].
[[1,6,1,0,0,0,1,2,1],10,1].
[[2,2,1,0,0,0,1,2,1],1,0].
[[3,2,1,0,0,0,1,2,1],1,0].
[[1,9,2,1,2,1,2,2,0],217,294].
[[2,8,0,1,1,1,2,2,0],16,23].
[[3,7,1,1,1,1,2,2,1],80,37].
[[2,9,2,1,2,1,2,2,1],151,365].
[[3,9,2,1,1,1,2,2,1],10,33].
[[1,8,1,0,0,0,2,2,1],794,305].
[[2,8,1,0,0,0,2,2,1],608,251].
[[3,8,1,0,0,0,1,2,1],382,188].
[[3,8,1,1,2,1,2,3,1],362,210].
[[2,9,2,0,0,0,2,2,1],158,369].
[[3,9,1,1,2,1,1,1,1],44,132].
[[3,8,1,1,2,1,1,2,0],125,30].
[[1,7,2,1,2,1,1,1,1],1,1].
[[2,7,2,1,2,1,1,2,1],36,7].
[[3,7,2,1,2,1,1,2,1],162,17].
[[1,9,2,1,1,1,2,3,0],52,43].
[[2,9,2,1,1,1,2,2,0],52,56].
[[3,9,2,1,1,1,2,2,0],9,50].
[[1,8,0,0,0,0,2,3,1],218,277].
[[3,8,0,0,0,0,2,3,1],51,145].
[[3,9,2,1,2,1,2,1,1],32,87].
[[1,9,2,0,0,0,2,3,1],942,1595].
[[2,8,1,1,2,0,2,3,1],188,119].
[[3,9,2,1,2,1,1,2,1],135,549].
[[1,7,2,0,0,0,2,3,1],89,10].
[[2,7,2,0,0,0,2,3,1],131,7].
[[3,3,2,0,0,0,2,3,1],21,0].
[[2,9,2,0,0,0,2,1,0],54,133].
[[3,9,2,0,0,0,1,1,0],15,35].
[[2,9,2,0,0,0,2,3,1],156,462].
[[3,8,1,0,0,0,2,3,1],170,110].
[[1,9,2,0,0,0,1,2,0],223,253].
[[2,8,0,0,0,0,1,2,0],56,60].
[[3,7,0,1,2,1,1,2,0],13,9].
[[2,8,1,1,2,1,1,2,1],408,178].
[[3,8,1,1,1,1,1,2,1],304,139].
[[3,9,1,1,1,1,1,2,1],30,115].
[[1,8,1,0,0,0,2,2,0],107,36].
[[1,7,2,0,0,0,0,0,0],312,49].
[[2,7,2,0,0,0,2,2,1],106,13].
[[3,7,2,0,0,0,1,2,1],80,4].
[[2,9,2,1,2,1,1,2,0],151,201].
[[3,9,2,1,1,1,1,2,0],35,94].
[[2,8,1,1,2,1,2,2,0],75,29].
[[1,8,0,0,0,0,2,2,0],100,118].
[[1,8,1,1,2,1,2,3,1],419,143].
[[3,8,1,1,1,1,2,1,1],102,64].
[[1,8,0,1,2,1,2,2,0],40,28].
[[2,8,0,1,2,1,2,3,0],194,229].
[[3,7,0,1,1,1,2,3,0],10,9].
[[2,9,2,1,2,0,2,1,1],28,84].
[[3,6,1,0,0,0,1,2,1],38,0].
[[2,9,2,1,1,1,2,3,1],58,103].
[[3,4,1,1,2,0,2,1,1],52,5].
[[1,8,1,1,2,1,2,2,1],287,110].
[[2,8,1,1,1,1,2,2,1],121,40].
[[3,4,1,1,2,0,2,3,1],64,22].
[[2,9,2,1,2,1,1,2,1],258,519].
[[3,8,0,1,2,1,1,2,1],244,522].
[[1,7,1,1,2,1,0,0,0],80,24].
[[2,7,1,1,1,1,2,3,0],6,0].
[[3,4,1,1,2,0,2,3,0],43,7].
[[1,9,2,0,0,0,1,2,1],390,467].
[[2,5,0,0,0,0,1,1,1],42,4].
[[3,5,0,0,0,0,1,1,1],83,6].
[[1,9,2,0,0,0,2,1,0],247,286].
[[2,9,2,1,2,0,2,1,0],7,38].
[[3,8,1,1,2,0,2,1,1],81,65].
[[1,8,0,0,0,0,2,2,1],130,178].
[[2,8,0,1,2,1,1,2,1],99,133].
[[3,8,0,1,1,1,1,2,1],78,163].
[[2,8,1,1,2,0,1,2,1],128,84].
[[3,7,2,1,2,0,1,2,1],60,7].
[[3,9,1,1,2,1,1,2,1],68,266].
[[2,8,1,0,0,0,1,1,0],22,15].
[[3,6,1,0,0,0,1,1,0],3,3].
[[1,8,1,1,2,0,2,3,1],58,41].
[[2,8,0,1,2,1,0,0,0],76,324].
[[3,8,0,1,1,1,2,1,0],10,47].
[[1,9,2,1,2,1,1,1,1],80,78].
[[2,9,1,1,2,1,1,1,1],25,41].
[[2,8,1,0,0,0,0,0,0],159,117].
[[3,7,1,0,0,0,0,0,0],51,32].
[[2,9,2,1,2,1,2,1,0],49,131].
[[3,9,2,1,2,1,2,2,0],14,146].
[[2,7,2,0,0,0,1,2,1],63,7].
[[2,8,0,0,0,0,2,3,0],197,268].
[[1,9,2,1,2,0,1,1,1],7,10].
[[2,5,0,1,2,0,1,1,1],11,3].
[[3,5,0,1,1,0,1,1,1],10,9].
[[3,8,1,0,0,0,2,1,1],151,69].
[[2,9,2,1,2,1,2,3,0],190,433].
[[2,9,2,1,2,1,2,1,1],144,331].
[[3,8,1,1,2,1,2,3,0],71,63].
[[1,9,2,1,2,1,0,0,0],185,554].
[[3,8,0,1,2,1,0,0,0],0,104].
[[3,9,2,0,0,0,1,1,1],20,84].
[[2,8,0,1,2,1,2,3,1],214,366].
[[3,6,0,1,2,1,2,3,1],15,24].
[[3,7,1,1,2,0,1,2,1],103,36].
[[2,5,0,1,2,1,1,2,0],36,2].
[[3,5,0,1,2,1,1,2,0],150,5].
[[1,9,2,1,2,1,2,1,1],231,350].
[[2,9,2,0,0,0,2,1,1],133,327].
[[3,7,2,1,2,0,2,1,1],51,7].
[[1,8,1,1,1,1,1,2,1],7,6].
[[2,7,2,1,1,1,1,2,1],6,1].
[[3,4,1,1,2,0,1,2,1],160,34].
[[1,9,2,1,2,1,1,1,0],39,44].
[[2,9,2,1,2,1,1,1,0],52,66].
[[3,9,2,1,1,1,1,1,0],11,36].
[[2,9,2,0,0,0,1,2,1],267,512].
[[3,5,0,1,2,1,1,1,1],194,16].
[[3,9,2,1,2,1,2,2,1],23,98].
[[2,8,1,1,2,0,2,1,1],95,68].
[[1,7,1,0,0,0,2,2,1],35,12].
[[2,3,1,1,2,1,2,2,1],4,1].
[[3,3,2,1,2,1,2,2,1],34,0].
[[2,8,1,1,1,1,2,3,1],150,59].
[[3,8,1,1,1,1,2,3,1],130,95].
[[2,7,1,1,2,1,2,2,0],10,0].
[[3,7,1,1,2,1,1,2,1],325,89].
[[2,9,2,1,2,0,1,2,1],56,117].
[[3,9,1,1,2,0,1,2,1],21,88].
[[1,9,2,1,2,0,2,3,0],32,59].
[[2,9,2,1,2,0,1,1,0],13,20].
[[3,9,1,1,1,0,1,2,0],1,12].
[[2,9,2,0,0,0,0,0,0],4,152].
[[3,9,1,1,2,1,2,1,0],0,28].
[[2,7,1,0,0,0,2,2,1],150,41].
[[1,7,1,0,0,0,0,0,0],304,107].
[[2,7,1,0,0,0,2,3,1],257,86].
[[1,9,2,1,2,1,1,2,1],171,205].
[[2,9,1,1,2,1,1,2,1],63,86].
[[3,9,2,1,2,0,2,3,0],6,73].
[[2,8,1,1,2,1,2,3,0],102,37].
[[2,8,0,1,1,1,2,2,1],42,36].
[[3,8,0,1,1,1,1,1,1],23,67].
[[3,9,2,1,1,1,1,2,1],52,230].
[[2,7,1,1,2,1,2,2,1],112,43].
[[3,7,1,1,2,1,2,2,1],352,125].
[[2,7,1,1,2,1,2,1,1],83,25].
[[3,7,1,1,1,1,1,1,1],35,15].
[[3,8,1,0,0,0,1,1,1],125,109].
[[2,8,1,1,2,1,0,0,0],112,60].
[[2,9,2,1,1,1,2,1,1],42,74].
[[3,9,2,1,2,0,2,1,1],8,34].
[[3,7,0,1,2,1,2,2,1],34,54].
[[2,8,1,1,2,0,2,3,0],25,13].
[[3,8,1,1,2,0,1,2,0],49,17].
[[3,8,1,1,1,1,2,2,1],103,69].
[[2,9,2,1,2,1,0,0,0],6,152].
[[3,9,2,1,2,1,2,1,0],1,62].
[[3,8,0,0,0,0,1,2,1],116,227].
[[3,7,1,1,2,1,0,0,0],106,59].
[[3,8,1,1,2,1,1,1,1],270,221].
[[1,8,0,0,0,0,2,1,1],83,108].
[[2,7,0,0,0,0,2,1,1],2,3].
[[3,7,0,0,0,0,1,1,1],1,5].
[[3,9,1,0,0,0,2,1,0],1,6].
[[3,9,2,1,1,1,1,1,1],16,65].
[[1,8,0,1,2,1,2,3,0],50,49].
[[2,8,0,1,1,1,1,2,0],12,3].
[[3,7,1,1,1,1,1,2,0],13,3].
[[1,9,2,1,2,0,2,2,0],21,34].
[[2,8,0,1,2,0,2,2,0],13,32].
[[3,8,0,1,1,0,2,2,0],0,11].
[[1,8,0,1,2,1,2,3,1],73,81].
[[2,6,0,1,2,1,2,3,1],8,12].
[[3,6,0,1,1,1,2,3,1],8,11].
[[2,9,1,1,2,1,2,2,0],13,29].
[[3,9,1,1,1,1,2,2,0],7,23].
[[2,8,0,1,2,0,2,2,1],29,44].
[[3,8,0,1,2,0,2,2,1],31,70].
[[3,9,2,0,0,0,2,3,1],8,30].
[[1,9,2,1,2,0,2,1,1],13,45].
[[2,9,2,1,2,0,1,1,1],15,48].
[[3,8,0,1,2,0,1,1,1],18,48].
[[1,7,1,0,0,0,2,2,0],5,1].
[[2,7,1,0,0,0,2,2,0],24,3].
[[3,7,1,1,2,1,2,2,0],40,10].
[[2,9,2,0,0,0,1,2,0],160,208].
[[1,8,0,0,0,0,2,3,0],159,165].
[[3,8,0,1,2,0,1,2,0],33,59].
[[2,6,1,1,2,1,2,3,1],66,5].
[[3,3,1,1,2,1,2,3,1],44,8].
[[3,7,0,0,0,0,2,3,1],14,33].
[[1,8,0,1,2,1,2,2,1],42,56].
[[3,4,1,1,2,0,2,2,1],48,12].
[[2,8,1,1,1,1,1,2,1],90,37].
[[2,6,0,0,0,0,0,0,0],31,38].
[[3,6,0,1,2,1,2,1,1],8,12].
[[2,8,0,1,2,1,1,2,0],62,53].
[[3,7,1,1,2,1,1,1,1],117,63].
[[3,7,1,1,2,1,2,1,1],239,65].
[[2,8,1,0,0,0,1,1,1],169,120].
[[3,6,1,0,0,0,1,1,1],13,6].
[[1,6,1,0,0,0,0,0,0],278,16].
[[2,6,1,0,0,0,0,0,0],150,4].
[[3,6,1,1,2,1,2,2,1],85,6].
[[1,9,2,1,2,0,0,0,0],11,75].
[[2,9,2,1,1,0,2,3,0],2,12].
[[3,8,0,1,1,0,2,3,0],5,20].
[[3,8,1,1,2,1,1,1,0],27,21].
[[2,7,1,0,0,0,0,0,0],306,119].
[[2,6,1,1,2,1,2,2,1],43,0].
[[3,6,1,1,1,1,2,2,1],28,2].
[[2,8,0,1,1,1,1,2,1],11,11].
[[3,7,0,1,1,1,1,2,1],4,2].
[[1,9,2,1,2,1,2,1,0],124,115].
[[2,9,2,1,1,1,2,1,0],17,33].
[[3,8,1,1,2,0,2,3,1],109,92].
[[2,8,1,0,0,0,2,3,0],129,50].
[[3,7,1,0,0,0,2,2,1],186,65].
[[1,9,2,1,2,0,1,2,1],19,19].
[[2,8,1,1,1,0,1,2,1],9,16].
[[3,7,1,1,1,0,1,2,1],4,15].
[[3,8,0,1,2,1,2,1,0],32,97].
[[2,9,2,1,2,0,2,3,1],37,127].
[[3,9,2,1,2,0,1,1,1],14,69].
[[3,8,1,1,1,0,2,2,1],22,29].
[[2,9,2,1,2,0,0,0,0],2,51].
[[3,8,0,1,2,1,1,2,0],179,177].
[[2,9,2,1,2,0,1,2,0],34,58].
[[2,8,1,0,0,0,1,2,0],62,17].
[[2,9,2,1,1,1,2,2,1],41,64].
[[2,7,1,1,2,1,0,0,0],221,87].
[[3,7,1,1,1,1,2,3,1],118,46].
[[1,6,1,0,0,0,2,3,1],46,1].
[[2,3,1,0,0,0,2,3,1],7,0].
[[1,9,2,1,1,1,1,2,1],24,21].
[[2,9,1,1,1,1,1,2,1],23,20].
[[1,6,1,1,2,1,0,0,0],56,5].
[[2,2,1,1,2,1,0,0,0],4,0].
[[3,2,1,1,2,1,0,0,0],2,0].
[[2,9,1,0,0,0,2,3,0],26,35].
[[3,9,1,0,0,0,2,3,0],5,56].
[[2,8,0,1,2,0,1,2,1],11,28].
[[3,7,0,1,2,0,1,2,1],3,4].
[[1,8,0,1,2,1,1,1,1],0,5].
[[2,8,0,1,2,1,1,1,1],32,58].
[[3,7,0,1,2,0,2,2,1],8,6].
[[1,9,2,1,2,1,1,2,0],100,98].
[[3,9,2,0,0,0,2,2,1],11,44].
[[3,7,2,1,2,1,2,3,1],179,14].
[[3,7,1,1,2,0,2,3,1],150,51].
[[3,9,2,1,2,0,1,2,0],28,59].
[[3,9,2,0,0,0,2,2,0],5,56].
[[1,7,2,1,2,1,2,3,1],18,2].
[[2,7,2,1,2,1,2,3,1],86,13].
[[1,8,1,1,2,1,1,1,1],22,22].
[[2,8,1,1,2,1,1,1,1],137,99].
[[2,7,0,1,2,1,0,0,0],26,40].
[[3,8,1,1,1,1,1,1,1],85,78].
[[2,9,1,1,2,1,1,2,0],31,44].
[[3,5,0,1,2,1,1,1,0],62,7].
[[3,8,1,1,2,0,1,1,1],93,89].
[[2,8,0,0,0,0,1,2,1],117,104].
[[3,7,0,1,2,1,1,2,1],18,24].
[[2,6,1,0,0,0,2,2,1],57,4].
[[3,6,1,0,0,0,2,3,0],10,0].
[[2,9,1,1,2,1,2,3,0],25,37].
[[3,9,1,1,2,1,1,1,0],20,22].
[[3,7,1,0,0,0,2,2,0],22,6].
[[3,7,1,1,1,1,0,0,0],31,16].
[[1,8,1,1,2,0,2,2,1],49,39].
[[3,8,1,1,1,0,1,2,1],42,52].
[[2,7,1,0,0,0,2,3,0],39,6].
[[3,3,1,0,0,0,2,3,0],8,0].
[[3,8,0,0,0,0,2,2,1],65,127].
[[1,7,2,1,2,0,0,0,0],17,3].
[[2,7,2,1,1,0,2,3,1],1,1].
[[3,7,2,1,1,0,2,3,1],9,10].
[[3,9,2,1,1,1,2,1,0],2,18].
[[2,9,2,1,1,1,1,2,0],37,52].
[[2,6,1,1,2,1,0,0,0],90,11].
[[3,6,1,1,1,1,2,3,1],44,2].
[[3,7,2,0,0,0,2,3,1],98,8].
[[3,9,2,1,2,0,2,2,1],7,29].
[[3,8,0,1,2,0,2,3,1],33,95].
[[2,8,0,1,2,0,2,3,1],24,66].
[[3,7,1,1,1,0,2,3,1],14,29].
[[1,8,1,1,2,1,1,2,1],96,42].
[[3,9,1,1,2,1,1,2,0],59,106].
[[1,9,2,1,1,1,2,3,1],70,62].
[[3,8,0,1,1,1,2,3,1],42,106].
[[3,8,1,0,0,0,2,3,0],26,22].
[[2,3,2,0,0,0,0,0,0],44,0].
[[3,2,1,0,0,0,0,0,0],9,0].
[[3,9,1,1,2,1,2,1,1],12,34].
[[2,5,0,0,0,0,1,2,1],9,1].
[[3,8,1,1,2,1,2,2,0],51,45].
[[1,8,0,1,2,1,2,1,0],16,22].
[[2,8,0,1,1,1,2,1,0],7,10].
[[3,8,0,0,0,0,2,1,1],60,102].
[[2,8,1,1,2,0,1,2,0],15,8].
[[3,7,2,1,2,0,1,1,1],27,10].
[[3,8,0,0,0,0,0,0,0],0,46].
[[3,9,2,1,1,1,2,3,1],6,52].
[[1,8,1,1,1,1,2,3,1],44,16].
[[3,9,1,1,2,1,2,3,0],7,88].
[[2,8,0,0,0,0,2,2,0],121,163].
[[1,8,1,0,0,0,2,3,0],195,50].
[[3,9,2,1,2,0,1,2,1],43,177].
[[3,9,2,1,2,1,2,3,0],14,240].
[[1,6,0,0,0,0,0,0,0],28,32].
[[3,3,1,1,2,1,1,2,1],10,0].
[[2,7,0,0,0,0,0,0,0],34,50].
[[3,7,0,0,0,0,2,3,0],16,13].
[[2,9,1,0,0,0,2,1,1],6,21].
[[3,7,2,1,2,1,2,2,1],115,10].
[[3,9,1,1,2,0,1,1,1],10,37].
[[1,9,2,1,1,1,2,1,1],31,32].
[[2,8,1,1,1,1,2,1,1],83,37].
[[2,6,1,0,0,0,2,3,1],89,6].
[[3,6,1,1,2,1,2,2,0],17,0].
[[3,7,2,1,1,1,2,3,1],38,6].
[[3,7,0,0,0,0,0,0,0],7,24].
[[3,7,1,1,1,1,1,2,1],75,27].
[[1,8,1,1,2,0,2,1,1],30,12].
[[2,3,2,1,2,0,0,0,0],7,0].
[[3,3,2,1,2,0,0,0,0],19,0].
[[2,5,0,1,2,0,1,1,0],5,0].
[[3,8,0,1,2,0,1,2,1],35,137].
[[3,9,1,1,2,1,2,2,0],11,63].
[[3,9,1,0,0,0,1,2,0],26,42].
[[3,9,2,0,0,0,1,2,1],61,229].
[[2,6,0,0,0,0,2,2,0],6,7].
[[3,6,0,1,2,1,1,2,0],9,1].
[[1,7,2,0,0,0,2,2,1],53,5].
[[1,9,2,1,1,1,2,2,1],47,32].
[[2,9,2,1,1,1,1,2,1],75,114].
[[3,7,2,1,1,1,1,2,1],58,5].
[[2,6,0,1,2,1,2,3,0],6,3].
[[3,7,1,1,2,1,2,3,0],75,17].
[[3,8,0,0,0,0,1,1,1],24,58].
[[2,8,0,1,2,1,2,1,0],64,66].
[[3,7,0,1,2,1,2,1,0],11,15].
[[3,6,1,1,2,1,2,3,1],113,9].
[[2,9,1,1,1,1,1,1,0],2,0].
[[3,8,0,1,1,1,1,1,0],10,21].
[[3,3,2,1,2,0,2,2,1],11,0].
[[3,7,2,1,1,0,2,2,1],11,7].
[[1,8,1,1,2,1,2,1,1],183,66].
[[3,9,2,0,0,0,2,3,0],11,77].
[[1,8,1,0,0,0,1,1,1],79,75].
[[2,8,1,1,2,0,1,1,1],37,44].
[[2,9,2,1,2,0,2,3,0],39,131].
[[3,8,0,1,2,0,2,3,0],35,121].
[[3,6,1,1,2,0,2,2,1],33,5].
[[2,5,0,1,2,1,1,1,0],16,2].
[[1,9,2,1,2,0,2,2,1],28,63].
[[3,9,1,1,1,0,1,2,1],7,12].
[[3,9,1,0,0,0,2,2,0],2,28].
[[2,9,1,1,1,1,2,3,0],9,7].
[[3,8,0,1,2,0,2,2,0],21,72].
[[2,5,0,1,2,1,1,1,1],45,4].
[[3,5,0,1,1,1,1,1,1],60,12].
[[2,8,0,1,1,1,2,3,1],44,53].
[[2,4,1,1,2,0,2,3,1],20,6].
[[3,4,1,1,2,0,1,1,1],54,12].
[[3,6,1,1,2,1,2,3,0],32,0].
[[2,8,0,1,2,0,2,3,0],28,46].
[[3,7,0,1,2,1,0,0,0],23,62].
[[3,7,2,1,2,0,2,2,1],50,11].
[[3,8,1,0,0,0,2,2,0],13,13].
[[3,6,1,1,1,1,2,1,1],19,3].
[[3,6,0,1,2,0,2,2,1],4,3].
[[2,8,0,0,0,0,1,1,1],31,42].
[[3,5,0,1,1,1,1,2,0],61,1].
[[2,7,2,1,2,0,2,3,1],30,7].
[[3,7,2,1,1,0,1,2,1],11,9].
[[2,7,2,0,0,0,2,1,1],84,10].
[[2,7,1,0,0,0,2,1,1],102,30].
[[3,8,1,0,0,0,2,2,1],155,74].
[[1,8,1,0,0,0,2,1,0],40,11].
[[3,8,1,1,2,0,2,3,0],19,27].
[[2,6,1,1,2,0,2,3,1],14,2].
[[3,6,1,1,2,0,1,2,1],36,1].
[[3,6,1,1,2,1,1,2,1],86,4].
[[2,7,1,1,1,1,2,3,1],18,8].
[[3,3,1,0,0,0,2,3,1],23,1].
[[3,9,1,1,1,1,1,2,0],20,44].
[[2,9,1,0,0,0,1,2,0],37,37].
[[3,9,1,0,0,0,2,1,1],8,10].
[[3,8,0,1,2,1,1,1,1],77,210].
[[1,9,2,1,1,1,0,0,0],45,46].
[[2,8,0,1,1,1,0,0,0],22,43].
[[3,6,0,1,2,1,2,3,0],19,27].
[[2,8,1,0,0,0,2,1,0],31,10].
[[3,5,0,0,0,0,1,2,0],57,1].
[[3,8,0,1,1,1,2,2,1],39,115].
[[2,7,2,1,1,0,2,2,1],2,0].
[[3,7,2,0,0,0,2,2,1],72,10].
[[3,3,1,0,0,0,0,0,0],61,6].
[[3,6,1,0,0,0,2,3,1],73,2].
[[3,8,0,1,1,1,2,1,1],38,86].
[[2,6,0,0,0,0,2,3,0],11,12].
[[3,6,0,0,0,0,2,3,0],11,14].
[[3,7,0,0,0,0,2,2,1],14,24].
[[3,7,0,1,2,1,2,3,0],33,42].
[[2,9,2,0,0,0,1,1,0],56,74].
[[3,9,2,1,2,0,1,1,0],12,30].
[[3,8,0,0,0,0,2,1,0],21,59].
[[3,6,0,0,0,0,2,1,0],2,3].
[[3,7,0,0,0,0,1,2,1],8,6].
[[3,8,0,0,0,0,2,3,0],61,167].
[[3,8,0,1,1,0,1,1,0],3,1].
[[2,9,2,1,1,1,1,1,1],26,32].
[[3,8,0,1,2,0,2,1,0],8,24].
[[1,8,1,1,2,1,2,3,0],58,17].
[[2,5,0,1,2,1,1,2,1],9,0].
[[3,5,0,1,1,1,1,2,1],25,5].
[[2,7,1,0,0,0,1,1,1],23,9].
[[1,8,0,0,0,0,1,2,0],11,16].
[[2,6,0,0,0,0,1,2,0],1,1].
[[3,7,0,1,2,1,2,3,1],36,71].
[[1,7,1,0,0,0,2,3,1],47,18].
[[2,7,1,0,0,0,1,2,1],65,18].
[[3,7,1,1,2,1,1,2,0],29,4].
[[3,9,2,1,1,0,1,1,0],0,14].
[[1,8,0,1,2,1,2,1,1],41,34].
[[2,9,1,0,0,0,1,2,1],47,99].
[[3,9,1,0,0,0,1,2,1],31,121].
[[3,8,0,1,1,1,0,0,0],0,46].
[[2,3,1,1,2,1,0,0,0],18,2].
[[3,3,1,1,2,1,0,0,0],68,9].
[[3,8,1,1,1,0,2,3,1],25,32].
[[2,8,1,1,1,1,1,1,1],33,17].
[[3,9,1,1,1,1,1,1,0],2,11].
[[3,6,0,1,2,1,1,2,1],8,19].
[[1,9,2,1,1,1,1,2,0],6,11].
[[2,7,1,1,2,1,1,2,1],44,11].
[[2,6,1,1,2,0,2,1,1],9,1].
[[3,3,1,1,2,0,2,1,1],9,0].
[[2,7,2,0,0,0,0,0,0],160,21].
[[1,2,1,0,0,0,0,0,0],5,0].
[[3,2,1,1,2,1,2,3,1],4,0].
[[3,8,1,1,1,0,1,1,1],22,38].
[[3,5,0,0,0,0,1,2,1],14,3].
[[3,9,1,1,2,0,2,3,0],1,35].
[[1,8,1,0,0,0,1,2,0],26,11].
[[2,7,2,1,2,1,0,0,0],107,16].
[[2,8,0,1,2,0,0,0,0],10,47].
[[3,8,0,1,1,0,0,0,0],0,3].
[[2,3,2,0,0,0,2,3,1],11,0].
[[3,3,2,1,2,1,1,2,1],16,0].
[[2,7,2,1,2,0,2,2,1],36,4].
[[3,8,0,1,2,0,1,1,0],16,17].
[[3,9,2,0,0,0,1,2,0],30,87].
[[1,6,1,0,0,0,2,2,1],21,1].
[[3,3,1,1,2,1,2,2,1],31,3].
[[3,8,0,1,1,1,2,2,0],23,99].
[[3,5,0,1,2,1,1,2,1],49,7].
[[3,6,0,1,2,1,2,2,1],16,26].
[[3,8,1,1,2,0,1,1,0],14,15].
[[3,8,1,0,0,0,1,1,0],8,9].
[[3,8,1,0,0,0,1,2,0],55,15].
[[3,9,2,1,2,1,1,1,0],33,84].
[[2,8,0,1,1,1,2,3,0],24,35].
[[3,4,1,1,2,0,2,1,0],14,0].
[[3,7,1,1,1,1,2,3,0],24,8].
[[1,7,2,0,0,0,1,2,1],17,4].
[[2,7,2,0,0,0,1,1,1],11,11].
[[2,9,1,1,2,0,2,3,0],6,8].
[[1,7,2,1,2,0,2,3,1],5,1].
[[2,7,2,1,2,0,2,1,1],24,4].
[[3,7,1,1,1,0,2,1,1],4,12].
[[3,7,1,1,2,0,2,3,0],21,11].
[[3,7,1,1,1,1,2,1,1],79,22].
[[2,8,1,1,1,1,1,2,0],11,1].
[[3,6,1,1,1,1,1,2,0],8,0].
[[3,9,2,1,1,1,2,1,1],18,48].
[[1,7,1,1,2,1,2,3,1],7,2].
[[2,7,1,1,1,1,1,2,1],5,3].
[[3,3,1,0,0,0,1,1,1],3,0].
[[3,7,2,0,0,0,1,1,1],38,17].
[[2,6,1,1,2,0,0,0,0],22,1].
[[3,6,1,1,1,0,2,3,1],7,2].
[[2,6,1,1,2,1,2,1,0],1,0].
[[3,6,1,1,2,1,2,1,0],2,0].
[[2,7,1,1,2,0,2,3,1],29,17].
[[3,5,0,0,0,0,1,1,0],28,2].
[[3,7,1,0,0,0,2,3,0],29,10].
[[3,7,0,1,1,1,2,3,1],10,23].
[[2,8,0,1,2,1,1,1,0],21,22].
[[2,5,0,0,0,0,1,1,0],14,1].
[[3,3,2,1,2,1,2,3,1],27,0].
[[2,6,1,1,2,1,1,2,1],13,2].
[[3,6,1,1,2,1,1,1,1],25,6].
[[2,7,1,1,1,1,0,0,0],22,6].
[[3,6,1,1,2,1,2,1,1],61,5].
[[3,6,1,0,0,0,2,2,1],49,2].
[[2,6,0,1,2,1,0,0,0],28,25].
[[2,6,1,0,0,0,1,2,1],19,3].
[[2,7,2,1,2,1,2,1,1],47,6].
[[3,7,2,1,2,1,2,1,1],106,8].
[[2,9,2,1,1,0,1,2,1],3,8].
[[3,8,0,1,1,0,1,2,1],4,14].
[[2,9,2,1,1,1,1,1,0],22,21].
[[2,9,2,1,1,0,2,2,1],1,11].
[[3,8,0,1,1,0,2,2,1],2,13].
[[3,7,1,1,2,0,1,2,0],14,2].
[[3,7,0,1,1,1,1,1,0],1,3].
[[3,9,1,1,1,1,1,1,1],16,47].
[[3,9,2,1,2,0,2,3,1],2,43].
[[3,8,0,0,0,0,1,2,0],59,67].
[[3,7,2,1,2,1,1,1,1],43,27].
[[1,8,1,0,0,0,1,1,0],12,5].
[[2,6,1,0,0,0,1,1,0],1,0].
[[3,3,1,0,0,0,1,1,0],1,0].
[[3,9,1,0,0,0,1,1,0],6,14].
[[3,9,2,1,1,0,2,1,0],0,6].
[[3,7,0,0,0,0,2,1,0],7,4].
[[2,4,1,1,2,0,1,2,1],25,5].
[[2,7,1,1,2,1,2,3,0],27,5].
[[3,4,1,1,2,0,0,0,0],6,4].
[[1,9,2,1,1,1,1,1,0],6,1].
[[2,8,0,1,1,1,1,1,0],4,7].
[[1,8,1,1,1,1,0,0,0],49,9].
[[2,7,2,1,1,1,0,0,0],15,2].
[[1,7,1,1,2,1,2,1,1],5,0].
[[1,8,1,1,2,1,1,1,0],5,0].
[[2,8,1,1,2,1,1,1,0],15,11].
[[3,7,1,1,2,1,1,1,0],11,10].
[[3,8,1,1,2,1,0,0,0],1,6].
[[3,9,2,1,2,1,2,3,1],28,115].
[[3,9,2,1,1,1,2,3,0],7,92].
[[3,7,0,1,2,0,2,2,0],7,7].
[[3,8,0,0,0,0,1,1,0],23,25].
[[3,3,1,1,2,0,2,3,1],13,1].
[[3,7,2,0,0,0,0,0,0],15,1].
[[1,7,1,0,0,0,1,1,1],0,2].
[[3,7,1,0,0,0,1,1,1],46,24].
[[3,8,0,1,1,1,1,2,0],42,50].
[[3,8,1,1,1,0,2,1,1],19,22].
[[3,6,0,1,2,1,0,0,0],9,34].
[[2,7,2,1,2,0,1,2,1],16,9].
[[3,3,2,0,0,0,2,2,1],18,0].
[[3,7,2,1,2,0,2,3,1],73,8].
[[3,9,2,1,1,0,1,1,1],0,18].
[[1,9,2,0,0,0,1,1,0],74,83].
[[3,6,0,0,0,0,2,2,1],8,8].
[[3,9,2,0,0,0,2,1,1],14,46].
[[3,3,2,0,0,0,2,1,1],10,0].
[[1,8,1,1,2,0,0,0,0],71,47].
[[2,8,1,1,1,1,2,3,0],22,8].
[[3,5,0,1,2,0,1,2,0],52,1].
[[2,9,1,0,0,0,0,0,0],0,5].
[[3,9,1,1,1,1,2,1,1],6,19].
[[1,6,1,1,2,1,2,1,0],2,0].
[[2,6,1,1,1,1,2,1,0],1,0].
[[3,6,1,1,1,1,2,1,0],1,0].
[[2,6,0,1,2,1,2,1,1],2,6].
[[2,8,0,1,1,1,2,1,1],19,26].
[[2,8,0,0,0,0,1,1,0],18,21].
[[3,6,1,1,2,1,0,0,0],27,1].
[[1,7,2,0,0,0,2,1,1],38,5].
[[2,7,1,1,1,1,2,1,1],12,0].
[[2,6,1,1,1,1,0,0,0],15,1].
[[3,6,1,1,1,1,0,0,0],2,3].
[[1,8,1,1,2,0,1,1,1],5,5].
[[3,5,0,1,2,0,1,1,0],18,0].
[[2,8,1,1,2,0,2,2,0],33,9].
[[3,6,1,1,2,0,2,2,0],6,0].
[[2,6,1,1,2,1,2,1,1],24,2].
[[3,3,2,1,2,1,2,1,1],16,0].
[[1,9,2,1,1,1,2,1,0],19,12].
[[3,7,1,1,2,0,2,2,0],16,8].
[[1,8,0,1,2,1,1,1,0],2,2].
[[3,5,0,1,1,1,1,1,0],31,5].
[[3,6,0,1,2,1,2,2,0],9,19].
[[3,3,2,1,1,0,2,3,1],1,0].
[[2,6,1,1,2,1,2,3,0],10,0].
[[3,8,1,1,1,1,1,1,0],10,5].
[[3,6,0,1,2,1,2,1,0],5,6].
[[3,2,0,0,0,0,2,3,0],0,1].
[[2,7,0,0,0,0,2,3,1],4,12].
[[3,7,0,1,2,0,2,3,1],10,11].
[[3,9,1,1,2,1,2,2,1],2,14].
[[2,7,1,1,2,1,1,1,1],16,5].
[[2,8,0,1,1,1,1,1,1],7,1].
[[3,7,0,1,1,1,2,1,0],3,3].
[[2,3,1,0,0,0,0,0,0],52,6].
[[2,5,0,1,1,1,1,2,0],8,0].
[[3,9,1,1,1,0,2,3,0],1,4].
[[3,7,2,1,1,1,0,0,0],6,0].
[[2,9,1,1,2,0,1,2,0],9,9].
[[3,7,1,1,2,0,0,0,0],25,28].
[[2,6,0,0,0,0,2,2,1],11,11].
[[1,9,2,1,2,0,2,3,1],36,79].
[[3,9,2,1,2,0,2,2,0],8,45].
[[2,8,0,1,2,0,2,1,1],11,31].
[[3,8,0,1,2,0,2,1,1],29,58].
[[3,7,1,0,0,0,1,2,0],17,1].
[[2,9,1,1,1,1,1,2,0],4,8].
[[2,8,0,1,2,0,1,1,1],7,11].
[[3,5,0,1,1,0,1,2,1],2,0].
[[1,8,1,1,1,1,2,2,1],28,10].
[[2,7,2,1,2,0,0,0,0],37,10].
[[2,8,1,1,1,0,2,3,1],11,14].
[[3,6,1,1,2,0,2,3,1],49,3].
[[2,8,1,1,1,0,2,2,1],9,12].
[[3,6,1,1,1,0,2,2,1],3,2].
[[1,8,0,0,0,0,1,2,1],15,9].
[[3,9,1,1,2,0,2,1,0],1,6].
[[2,4,1,1,2,0,1,2,0],7,2].
[[3,4,1,1,2,0,1,2,0],49,8].
[[3,7,2,0,0,0,2,1,1],63,4].
[[3,8,1,1,1,1,1,2,0],38,14].
[[2,8,1,1,2,0,0,0,0],23,28].
[[3,9,1,1,1,1,2,2,1],1,10].
[[3,9,2,0,0,0,0,0,0],0,6].
[[1,9,2,1,2,0,1,2,0],8,12].
[[2,8,0,1,2,0,1,2,0],5,13].
[[2,7,1,1,2,0,0,0,0],28,28].
[[3,7,2,1,1,0,2,1,1],7,3].
[[2,7,0,1,2,1,2,3,1],4,8].
[[3,7,0,1,1,1,2,2,1],11,7].
[[3,7,0,1,1,1,2,2,0],1,14].
[[2,8,1,1,2,1,1,2,0],58,15].
[[2,8,1,1,1,0,2,1,1],4,11].
[[1,9,2,1,2,0,2,1,0],7,18].
[[2,8,1,1,2,0,2,1,0],5,0].
[[3,8,1,0,0,0,2,1,0],3,4].
[[3,3,1,1,2,0,0,0,0],23,1].
[[2,8,1,1,1,1,0,0,0],26,13].
[[3,7,1,1,2,0,2,1,0],5,1].
[[3,9,2,1,1,0,1,2,1],2,44].
[[3,9,2,0,0,0,2,1,0],1,24].
[[3,8,1,1,2,0,2,2,0],22,15].
[[3,3,1,1,2,0,1,2,1],8,0].
[[3,7,0,0,0,0,2,2,0],12,20].
[[3,8,1,1,1,1,2,2,0],6,18].
[[2,7,1,1,2,0,2,3,0],8,2].
[[3,6,0,0,0,0,2,1,1],10,6].
[[3,4,1,1,2,0,1,1,0],21,3].
[[3,6,0,1,2,1,1,1,1],2,7].
[[3,9,2,1,2,0,2,1,0],1,31].
[[2,9,1,0,0,0,1,1,0],6,16].
[[3,7,2,1,2,0,0,0,0],15,5].
[[1,8,1,1,2,1,1,2,0],13,1].
[[2,6,0,1,2,1,2,2,0],2,4].
[[3,6,1,0,0,0,0,0,0],16,3].
[[2,6,1,0,0,0,2,1,1],47,6].
[[1,7,2,1,2,1,2,2,1],17,1].
[[2,7,2,1,2,1,1,1,1],12,4].
[[2,9,1,0,0,0,2,2,0],12,27].
[[2,2,1,1,2,1,2,3,1],2,0].
[[2,5,0,1,1,1,1,1,1],9,4].
[[3,8,1,1,1,1,2,3,0],21,16].
[[2,9,1,1,2,1,1,1,0],8,13].
[[3,6,0,1,1,1,2,2,0],3,3].
[[2,9,1,0,0,0,2,2,1],4,17].
[[2,7,0,1,2,1,2,2,1],7,7].
[[2,3,2,1,2,1,2,2,1],5,0].
[[3,3,2,1,1,1,2,2,1],4,0].
[[2,7,1,1,2,0,2,1,1],12,3].
[[3,7,1,1,2,0,1,1,1],40,18].
[[3,6,1,1,2,1,1,2,0],15,0].
[[2,9,1,1,2,1,2,1,0],3,10].
[[3,9,1,1,1,1,2,1,0],1,6].
[[1,9,2,1,1,1,1,1,1],8,4].
[[2,8,1,1,1,0,1,1,1],7,3].
[[3,8,0,1,2,0,0,0,0],0,35].
[[3,7,2,1,2,1,0,0,0],38,5].
[[2,7,1,1,2,1,1,2,0],4,0].
[[3,3,1,0,0,0,2,2,1],25,0].
[[3,9,2,1,1,0,2,3,1],1,3].
[[3,9,1,1,1,0,2,2,0],0,10].
[[2,7,2,1,1,1,2,2,1],11,0].
[[3,9,1,1,2,0,2,2,0],5,33].
[[1,8,0,1,2,1,1,2,1],4,3].
[[1,7,1,1,2,1,2,2,1],8,3].
[[3,9,2,1,1,0,1,2,0],4,17].
[[2,7,1,1,2,0,2,2,1],23,11].
[[3,6,0,1,2,0,2,3,0],2,9].
[[3,6,1,1,1,1,2,3,0],2,0].
[[3,3,2,0,0,0,0,0,0],20,0].
[[1,8,1,1,2,0,2,2,0],10,3].
[[3,6,1,1,1,1,1,2,1],15,1].
[[3,6,1,0,0,0,2,1,1],37,0].
[[2,2,1,0,0,0,0,0,0],8,0].
[[2,4,1,1,2,0,2,1,0],6,0].
[[2,7,1,1,1,1,2,1,0],3,0].
[[3,7,1,1,1,1,1,1,0],4,2].
[[1,8,1,1,1,1,2,1,0],4,0].
[[2,8,1,1,1,1,2,1,0],4,5].
[[3,9,2,1,1,0,2,2,0],1,13].
[[2,6,1,1,2,0,2,2,1],12,0].
[[2,4,1,1,2,0,2,1,1],16,1].
[[3,6,0,0,0,0,1,1,1],2,4].
[[2,7,0,0,0,0,2,2,0],5,6].
[[1,8,0,1,2,1,1,2,0],6,3].
[[3,9,1,1,1,1,2,3,0],4,49].
[[1,6,0,0,0,0,2,3,1],0,1].
[[2,6,0,0,0,0,2,3,1],5,9].
[[3,6,0,1,2,0,1,2,1],2,5].
[[2,9,2,1,1,1,0,0,0],9,29].
[[3,9,2,1,1,1,0,0,0],0,8].
[[2,9,1,1,2,1,0,0,0],0,5].
[[2,9,1,1,1,0,2,3,0],1,1].
[[2,9,2,1,1,0,1,2,0],2,6].
[[3,8,0,1,1,0,1,2,0],5,15].
[[2,9,2,1,1,0,2,1,0],1,2].
[[1,8,1,1,2,0,1,2,1],11,7].
[[3,7,1,1,1,0,1,1,1],2,3].
[[1,7,2,0,0,0,1,1,1],6,1].
[[3,3,1,1,1,1,0,0,0],11,0].
[[2,9,1,1,1,1,2,1,1],7,6].
[[3,7,2,1,1,1,1,1,1],19,3].
[[2,7,1,1,1,1,2,2,1],14,6].
[[3,7,0,1,2,0,1,2,0],4,3].
[[2,9,1,1,2,0,2,2,0],4,7].
[[3,5,0,1,1,0,1,2,0],9,2].
[[2,5,0,0,0,0,1,2,0],36,2].
[[2,4,1,1,2,0,2,2,0],15,1].
[[2,8,1,1,1,0,0,0,0],2,0].
[[3,3,2,0,0,0,1,2,1],7,0].
[[3,6,1,1,1,0,1,2,1],5,4].
[[2,9,1,1,1,1,1,1,1],6,12].
[[1,7,2,1,2,0,1,2,1],0,1].
[[2,3,2,1,2,1,0,0,0],25,0].
[[3,3,2,1,2,1,0,0,0],38,0].
[[1,6,1,0,0,0,2,1,1],13,2].
[[3,6,1,1,1,1,1,1,1],4,2].
[[3,4,0,1,2,0,1,2,1],0,4].
[[3,7,0,1,1,1,2,1,1],7,8].
[[2,9,1,1,2,0,1,1,1],2,12].
[[2,9,1,1,2,0,1,1,0],5,1].
[[3,9,1,1,2,0,1,1,0],8,5].
[[2,9,1,1,2,0,2,1,1],2,8].
[[2,7,1,0,0,0,1,2,0],6,2].
[[1,8,1,1,1,1,2,2,0],5,0].
[[3,6,1,1,2,0,2,1,1],23,1].
[[3,4,1,1,2,0,2,2,0],30,5].
[[2,9,1,1,2,0,1,2,1],10,13].
[[3,6,1,0,0,0,1,2,0],3,2].
[[2,7,0,0,0,0,2,1,0],0,2].
[[3,3,0,0,0,0,2,1,0],0,1].
[[2,5,0,1,1,1,1,1,0],2,1].
[[3,3,1,1,2,1,2,1,1],19,1].
[[3,8,0,1,1,0,2,1,0],1,3].
[[2,7,1,1,2,0,1,2,1],10,3].
[[1,8,1,1,2,0,1,2,0],1,2].
[[2,6,1,1,2,0,1,2,0],2,0].
[[3,6,1,1,2,0,1,2,0],4,0].
[[1,7,1,0,0,0,1,2,1],9,3].
[[3,9,1,1,1,1,2,3,1],0,1].
[[3,6,0,0,0,0,0,0,0],1,15].
[[3,9,1,1,1,0,1,1,0],2,1].
[[2,7,1,1,2,0,2,2,0],5,0].
[[3,7,0,1,2,1,1,1,1],7,10].
[[2,9,1,1,1,1,2,2,1],1,3].
[[3,5,0,1,2,0,1,2,1],18,2].
[[3,7,0,1,2,0,2,3,0],4,10].
[[2,8,1,1,1,1,1,1,0],4,2].
[[2,9,1,1,2,0,2,1,0],2,2].
[[3,6,0,0,0,0,1,2,1],5,5].
[[3,9,2,1,1,0,2,3,0],1,11].
[[3,3,1,1,1,1,2,2,1],8,0].
[[3,7,2,1,1,1,2,1,1],26,5].
[[2,9,1,1,1,1,2,2,0],4,3].
[[3,6,1,1,2,0,0,0,0],9,0].
[[2,9,1,1,2,1,2,1,1],15,25].
[[1,8,1,1,2,0,2,3,0],12,4].
[[3,2,0,1,2,1,0,0,0],2,0].
[[3,7,0,1,2,1,1,1,0],7,3].
[[3,3,1,0,0,0,2,1,1],14,1].
[[3,7,0,0,0,0,2,1,1],11,13].
[[3,6,0,0,0,0,2,3,1],13,15].
[[3,3,1,1,2,0,2,2,1],10,2].
[[3,6,0,0,0,0,2,2,0],1,8].
[[2,4,1,1,2,0,1,1,1],7,1].
[[1,3,2,0,0,0,0,0,0],18,0].
[[3,6,0,0,0,0,1,2,0],2,3].
[[3,8,1,1,1,0,1,1,0],1,4].
[[3,6,0,1,2,1,1,1,0],3,3].
[[2,7,1,0,0,0,2,1,0],9,1].
[[3,7,1,1,2,0,1,1,0],4,3].
[[3,7,0,1,1,1,0,0,0],4,9].
[[2,3,1,0,0,0,2,2,1],3,0].
[[1,8,1,1,2,1,2,1,0],16,6].
[[3,3,1,1,2,1,2,2,0],2,0].
[[2,9,1,1,2,1,2,2,1],4,13].
[[3,8,0,1,1,0,2,3,1],3,10].
[[3,6,0,1,2,0,2,2,0],0,4].
[[2,6,1,1,2,0,1,2,1],4,0].
[[1,7,1,0,0,0,2,3,0],6,3].
[[2,7,2,1,2,0,1,1,1],8,2].
[[3,7,2,1,1,0,1,1,1],7,2].
[[1,6,1,1,2,1,2,3,1],5,0].
[[3,8,0,1,1,0,1,1,1],1,9].
[[1,7,2,1,2,1,2,1,1],8,0].
[[2,3,1,1,2,1,2,1,1],2,0].
[[3,7,1,1,1,0,2,2,0],3,0].
[[3,9,1,1,2,1,2,3,1],0,3].
[[3,9,1,1,1,0,1,1,1],2,10].
[[2,8,1,1,2,1,2,1,0],18,4].
[[2,6,0,1,2,1,2,2,1],7,5].
[[3,3,1,1,2,1,1,2,0],2,0].
[[2,3,1,0,0,0,2,3,0],1,0].
[[3,7,1,1,2,1,2,1,0],13,4].
[[3,5,0,1,1,0,1,1,0],4,1].
[[1,6,1,0,0,0,2,3,0],7,0].
[[3,3,1,0,0,0,1,2,1],5,0].
[[3,2,1,0,0,0,2,2,1],3,0].
[[1,9,2,1,2,0,1,1,0],4,6].
[[1,7,2,1,2,1,1,2,1],3,0].
[[2,6,1,1,1,1,2,3,1],6,0].
[[3,7,1,0,0,0,1,1,0],6,2].
[[3,3,2,1,1,1,2,3,1],8,0].
[[2,7,2,1,1,1,2,3,1],15,1].
[[2,4,1,1,2,0,2,3,0],10,2].
[[3,8,1,1,1,1,2,1,0],0,5].
[[2,6,1,1,2,1,2,2,0],8,0].
[[3,6,1,1,1,1,2,2,0],4,0].
[[1,8,0,0,0,0,1,1,0],4,3].
[[2,7,0,0,0,0,1,1,0],0,2].
[[2,6,1,1,2,1,1,1,1],3,1].
[[3,6,0,1,2,0,2,1,1],2,2].
[[2,6,0,0,0,0,2,1,1],3,7].
[[2,7,2,1,1,1,2,1,1],8,1].
[[3,3,2,1,1,1,2,1,1],3,0].
[[3,7,0,1,1,1,1,2,0],3,1].
[[2,4,1,1,2,0,2,2,1],14,2].
[[2,9,2,1,1,0,2,2,0],1,10].
[[3,6,1,1,2,0,1,1,1],6,4].
[[3,7,0,1,2,0,2,1,1],8,4].
[[2,7,0,1,2,1,2,3,0],4,6].
[[2,7,0,0,0,0,2,3,0],4,8].
[[3,8,0,1,1,0,2,1,1],2,10].
[[1,6,1,1,2,1,2,2,1],3,0].
[[3,6,0,1,2,0,2,3,1],1,4].
[[2,6,1,0,0,0,2,2,0],9,0].
[[3,3,1,0,0,0,2,2,0],3,1].
[[3,7,1,1,1,0,2,3,0],2,3].
[[2,6,1,1,1,1,2,2,1],3,1].
[[1,8,1,1,2,0,2,1,0],4,1].
[[3,8,1,1,2,0,0,0,0],0,5].
[[1,8,1,1,1,1,2,1,1],15,2].
[[2,6,1,0,0,0,1,1,1],7,1].
[[3,3,1,1,2,1,1,1,1],3,0].
[[3,3,2,1,2,0,2,1,1],8,0].
[[3,8,1,1,1,0,2,2,0],5,2].
[[3,8,1,1,1,0,1,2,0],5,5].
[[3,7,0,1,2,0,2,1,0],2,4].
[[3,9,2,1,2,0,0,0,0],0,3].
[[1,8,0,0,0,0,1,1,1],3,7].
[[2,6,0,1,2,1,2,1,0],0,2].
[[3,6,0,1,1,1,2,1,0],0,3].
[[3,6,1,0,0,0,2,2,0],6,0].
[[1,6,1,0,0,0,2,2,0],7,0].
[[3,3,1,1,2,1,2,3,0],3,2].
[[2,6,0,1,2,1,1,1,0],2,0].
[[3,6,0,1,1,1,1,1,0],2,1].
[[3,8,1,1,2,1,2,1,0],3,8].
[[3,9,1,1,1,0,2,2,1],0,3].
[[1,8,1,1,1,1,1,1,1],5,3].
[[2,7,1,1,1,1,1,1,1],3,2].
[[2,7,0,1,2,1,2,1,0],2,2].
[[2,8,1,1,2,0,1,1,0],1,1].
[[2,6,1,1,1,1,2,1,1],5,0].
[[2,3,2,1,2,1,2,3,1],3,0].
[[2,8,1,1,1,0,2,2,0],0,2].
[[2,6,1,0,0,0,2,3,0],18,1].
[[3,2,0,1,2,1,2,3,1],0,1].
[[3,7,1,1,1,0,2,2,1],7,9].
[[3,8,1,1,1,0,2,3,0],2,1].
[[3,3,1,0,0,0,1,2,0],2,0].
[[2,3,2,0,0,0,1,1,1],1,0].
[[3,3,1,1,2,0,1,1,1],3,1].
[[3,9,1,1,2,0,2,1,1],5,5].
[[3,7,0,0,0,0,1,1,0],2,4].
[[1,7,2,1,2,0,2,2,1],4,0].
[[2,7,1,1,2,1,2,1,0],9,1].
[[2,5,0,1,2,0,1,2,0],10,0].
[[3,3,2,1,2,0,2,3,1],7,0].
[[3,6,1,1,2,0,2,3,0],6,0].
[[2,6,1,1,2,1,1,2,0],5,0].
[[3,7,0,1,2,0,1,1,1],1,1].
[[3,2,1,1,2,0,0,0,0],1,0].
[[3,7,0,1,2,0,0,0,0],2,5].
[[3,1,1,1,2,0,1,2,1],2,0].
[[2,9,1,1,2,0,2,2,1],0,3].
[[3,9,2,1,2,1,0,0,0],0,10].
[[2,8,0,1,2,0,1,1,0],3,4].
[[3,3,2,1,1,0,2,2,1],2,0].
[[3,2,1,1,1,1,0,0,0],1,0].
[[2,9,2,1,1,0,2,1,1],1,10].
[[3,9,2,1,1,0,2,1,1],2,4].
[[3,6,1,1,1,0,2,1,1],3,0].
[[2,7,1,1,2,0,1,2,0],1,2].
[[3,7,1,1,1,0,1,2,0],2,1].
[[2,7,2,1,1,0,1,1,1],1,1].
[[3,4,0,1,2,0,1,1,1],0,2].
[[3,7,0,0,0,0,1,2,0],6,3].
[[2,3,1,0,0,0,2,1,1],2,0].
[[2,9,2,1,1,0,2,3,1],0,5].
[[2,8,1,1,1,0,1,2,0],0,2].
[[3,4,0,1,2,0,1,2,0],0,3].
[[3,3,0,1,2,1,2,1,1],0,1].
[[1,6,1,1,2,1,2,3,0],3,0].
[[2,6,1,0,0,0,2,1,0],2,0].
[[1,3,2,0,0,0,2,2,1],2,0].
[[2,3,2,0,0,0,1,2,1],2,0].
[[2,7,2,1,1,1,1,1,1],2,0].
[[3,6,1,1,1,0,1,2,0],0,1].
[[2,3,2,0,0,0,2,1,1],7,0].
[[2,6,1,1,1,1,1,1,1],0,1].
[[3,7,0,1,2,0,1,1,0],1,0].
[[2,7,1,1,2,0,2,1,0],1,1].
[[1,3,2,0,0,0,2,3,1],2,0].
[[2,2,1,0,0,0,2,3,1],2,0].
[[3,2,1,0,0,0,2,3,1],2,0].
[[3,7,1,1,1,1,2,1,0],0,1].
[[2,6,0,0,0,0,1,1,0],1,0].
[[3,3,2,1,1,1,0,0,0],3,0].
[[2,9,2,1,1,0,1,1,0],0,2].
[[2,7,1,1,1,1,2,2,0],2,1].
[[2,9,2,1,1,0,1,1,1],0,4].
[[1,8,1,1,1,1,2,3,0],3,1].
[[1,8,1,1,1,1,1,2,0],1,1].
[[1,8,1,1,1,1,1,1,0],1,0].
[[3,3,2,1,1,1,1,1,1],2,0].
[[3,3,2,1,1,1,1,2,1],2,0].
[[3,2,0,1,2,1,1,1,0],1,0].
[[3,4,0,1,2,0,2,1,1],0,3].
[[1,7,1,1,2,1,1,2,1],1,2].
[[2,7,0,1,2,1,2,1,1],4,3].
[[2,6,1,1,2,0,1,1,1],1,1].
[[3,3,2,1,2,0,1,2,1],5,0].
[[3,3,2,1,2,0,1,1,1],3,0].
[[2,7,1,1,2,1,1,1,0],3,0].
[[3,3,1,1,2,1,1,1,0],1,0].
[[3,8,1,0,0,0,0,0,0],1,2].
[[2,5,0,1,2,0,1,2,1],1,1].
[[3,9,1,1,2,0,2,2,1],1,5].
[[3,6,1,1,2,0,1,1,0],1,0].
[[2,6,1,1,1,1,2,2,0],4,0].
[[3,2,1,1,2,1,2,2,1],1,0].
[[2,3,2,0,0,0,2,2,1],6,0].
[[3,3,2,1,2,1,1,1,1],5,0].
[[3,3,0,0,0,0,2,2,0],0,1].
[[3,1,1,1,2,0,1,1,1],3,0].
[[3,7,1,0,0,0,2,1,0],1,2].
[[2,7,0,0,0,0,2,2,1],6,7].
[[3,3,2,1,1,0,2,1,1],1,0].
[[2,6,0,0,0,0,2,1,0],2,0].
[[3,2,1,0,0,0,2,3,0],2,0].
[[3,8,1,1,2,0,2,1,0],1,3].
[[2,9,1,0,0,0,2,3,1],0,1].
[[1,7,1,1,2,1,2,2,0],1,0].
[[2,7,0,1,2,1,2,2,0],2,2].
[[1,7,1,1,2,1,1,1,1],1,0].
[[3,3,1,1,1,1,1,2,1],2,0].
[[1,7,1,0,0,0,2,1,0],1,0].
[[2,7,1,1,2,0,1,1,1],0,2].
[[3,4,0,1,2,0,2,2,1],0,1].
[[2,6,1,1,2,0,2,3,0],4,1].
[[3,2,1,1,2,1,2,1,1],1,0].
[[3,6,0,1,2,0,0,0,0],0,6].
[[2,7,1,0,0,0,1,1,0],1,0].
[[3,3,1,1,2,0,1,1,0],1,0].
[[1,6,1,1,2,1,2,2,0],2,0].
[[2,6,1,1,1,1,1,2,0],1,0].
[[1,6,0,0,0,0,2,2,1],0,1].
[[2,1,1,1,2,0,1,2,0],1,0].
[[3,1,1,1,2,0,1,2,0],1,0].
[[3,9,1,0,0,0,2,2,1],1,3].
[[2,1,1,1,2,0,1,1,1],1,0].
[[3,7,2,1,1,0,0,0,0],2,0].
[[2,9,1,0,0,0,2,1,0],6,1].
[[2,2,0,0,0,0,0,0,0],1,1].
[[3,2,0,1,2,1,2,1,1],0,1].
[[2,7,2,1,1,0,0,0,0],1,1].
[[3,9,1,1,1,1,0,0,0],0,1].
[[3,6,1,0,0,0,2,1,0],1,0].
[[2,9,1,1,1,0,2,2,0],0,1].
[[3,3,1,1,2,0,2,3,0],2,0].
[[3,9,1,1,2,1,0,0,0],0,3].
[[3,6,0,1,1,1,2,2,1],2,2].
[[3,6,0,1,2,0,2,1,0],1,1].
[[3,7,0,1,1,1,1,1,1],2,1].
[[2,7,0,0,0,0,1,2,0],1,0].
[[3,2,0,0,0,0,0,0,0],1,0].
[[1,6,1,1,2,1,1,2,1],1,1].
[[3,6,1,1,2,1,1,1,0],2,1].
[[2,8,1,1,1,0,2,3,0],1,1].
[[3,3,1,1,1,1,1,1,1],1,0].
[[3,6,0,1,1,1,1,2,1],1,1].
[[3,6,1,1,1,0,0,0,0],1,0].
[[2,2,1,0,0,0,2,3,0],1,0].
[[3,2,1,0,0,0,2,2,0],2,0].
[[3,6,0,1,1,1,0,0,0],1,1].
[[2,3,1,0,0,0,2,2,0],1,0].
[[2,9,2,1,1,0,0,0,0],0,2].
[[3,9,1,1,1,0,0,0,0],0,1].
[[3,3,0,1,2,1,0,0,0],0,1].
[[2,8,1,1,1,0,2,1,0],1,0].
[[2,5,0,1,1,0,1,2,0],1,0].
[[3,6,0,1,1,1,2,1,1],0,2].
[[3,6,1,1,1,0,1,1,0],0,1].
[[3,6,1,1,1,0,2,3,0],1,0].
[[2,4,1,1,2,0,0,0,0],2,0].
[[3,3,1,1,1,1,2,1,1],1,0].
[[2,6,0,1,2,1,1,2,0],1,1].
[[2,9,1,1,1,1,0,0,0],0,1].
[[3,2,1,1,1,1,2,1,1],1,0].
[[2,7,2,1,1,0,2,1,1],1,0].
[[3,7,1,1,1,0,0,0,0],0,1].
[[2,3,2,1,2,0,2,3,1],1,0].
[[3,3,0,0,0,0,2,1,1],0,1].
[[1,8,1,1,2,0,1,1,0],0,1].
[[2,8,1,1,1,0,1,1,0],0,1].
[[2,6,1,1,2,1,1,1,0],1,0].
[[2,3,2,1,2,0,2,2,1],1,0].
[[3,3,2,1,1,0,1,1,1],1,0].
[[2,7,0,1,2,1,1,1,1],1,0].
[[3,6,0,1,2,0,1,1,1],0,1].
[[2,3,1,1,2,1,2,3,1],2,0].
[[3,2,1,1,1,1,1,2,1],1,0].
[[3,3,0,0,0,0,0,0,0],0,1].
[[3,9,1,0,0,0,0,0,0],0,1].
[[3,6,0,0,0,0,1,1,0],1,0].
[[2,9,1,1,1,0,2,2,1],0,1].
[[2,2,1,0,0,0,2,2,0],1,0].
[[2,9,1,1,1,0,2,1,1],1,0].
[[3,1,1,1,2,0,1,1,0],1,0].
[[2,3,1,0,0,0,1,2,1],1,0].
[[2,6,1,0,0,0,1,2,0],1,0].
[[1,6,1,1,2,1,2,1,1],1,0].
