total_WL(6468,5552).
[[1,9,2,0,0,0,0,0,0],122,322].
[[2,9,1,0,0,0,2,3,0],48,106].
[[3,8,1,0,0,0,2,3,0],19,16].
[[1,9,2,0,0,0,2,3,1],159,225].
[[2,9,1,0,0,0,1,2,0],52,80].
[[3,9,1,1,2,0,1,2,0],25,57].
[[1,9,2,0,0,0,2,3,0],172,252].
[[2,9,1,1,2,0,1,2,0],24,35].
[[3,8,1,1,1,0,1,2,0],8,10].
[[1,9,2,1,2,2,1,2,0],96,85].
[[2,9,1,1,2,2,1,2,0],120,174].
[[3,8,0,1,1,2,1,2,0],50,67].
[[1,9,2,1,2,2,2,3,0],233,324].
[[2,8,1,1,2,2,2,3,0],82,58].
[[3,8,1,1,2,2,1,2,1],173,76].
[[1,8,0,1,1,2,0,0,0],72,35].
[[2,7,1,1,1,2,0,0,0],37,19].
[[3,7,1,1,1,2,0,0,0],50,18].
[[1,8,1,0,0,0,0,0,0],485,249].
[[2,8,1,1,2,0,2,3,1],50,48].
[[3,8,1,1,2,0,2,3,1],37,27].
[[3,9,1,0,0,0,1,2,0],16,49].
[[2,8,1,0,0,0,2,2,1],97,36].
[[3,8,1,0,0,0,1,2,1],35,20].
[[1,9,2,1,1,2,2,1,0],30,19].
[[2,9,1,1,1,2,2,2,1],42,38].
[[3,4,2,1,2,0,2,2,1],64,2].
[[1,9,2,1,1,2,2,2,1],63,36].
[[2,9,1,1,1,2,2,3,1],40,60].
[[3,9,1,1,1,2,1,1,1],11,42].
[[3,9,1,1,2,2,1,2,0],88,201].
[[2,8,1,1,2,2,2,3,1],160,106].
[[3,8,1,1,2,2,2,2,1],93,46].
[[2,9,1,1,1,2,2,1,0],20,33].
[[3,9,1,1,1,2,1,2,0],55,138].
[[1,9,2,1,2,2,2,1,0],55,56].
[[2,9,1,1,2,2,2,1,0],15,64].
[[1,8,1,0,0,0,2,2,1],127,48].
[[3,8,1,1,2,0,2,2,1],35,17].
[[2,8,1,0,0,0,2,3,1],128,64].
[[3,8,1,1,2,0,1,2,1],52,28].
[[1,6,1,0,0,0,0,0,0],97,7].
[[2,6,1,1,2,0,0,0,0],9,2].
[[3,6,1,1,2,2,2,3,0],15,2].
[[1,9,2,1,1,2,2,2,0],69,47].
[[2,9,1,1,1,2,2,2,0],41,72].
[[3,8,0,1,1,2,2,2,0],32,56].
[[1,9,2,1,2,2,2,3,1],174,272].
[[2,9,1,1,2,2,1,2,1],78,120].
[[3,9,1,1,2,2,1,2,1],49,142].
[[2,7,2,0,0,0,2,2,1],26,0].
[[3,7,2,0,0,0,2,2,0],6,0].
[[1,8,1,1,2,2,2,1,1],69,27].
[[2,8,1,1,2,2,2,1,1],101,55].
[[3,7,2,1,2,2,2,1,1],30,5].
[[2,8,0,1,2,2,2,3,1],78,99].
[[3,6,0,1,2,2,2,3,1],10,4].
[[2,8,0,0,0,0,0,0,0],34,71].
[[3,8,0,1,2,2,2,2,0],32,96].
[[1,8,1,1,2,0,0,0,0],47,38].
[[2,7,2,1,2,0,0,0,0],20,4].
[[3,7,2,1,2,0,0,0,0],14,3].
[[2,8,1,0,0,0,0,0,0],81,49].
[[3,8,1,0,0,0,2,2,0],10,11].
[[1,7,1,1,2,2,0,0,0],76,35].
[[2,7,1,1,1,2,2,3,1],15,3].
[[3,4,2,1,2,0,1,2,1],105,4].
[[2,8,0,1,1,2,2,2,1],26,21].
[[3,7,0,1,1,2,2,2,1],5,4].
[[1,9,2,0,0,0,1,2,0],62,58].
[[2,8,1,0,0,0,1,2,0],30,11].
[[3,8,1,0,0,0,1,2,0],20,5].
[[1,9,2,0,0,0,2,2,0],111,154].
[[2,9,1,0,0,0,2,2,0],35,65].
[[3,9,1,1,2,2,1,1,0],26,60].
[[3,9,1,0,0,0,2,3,0],0,14].
[[1,9,2,1,2,0,2,2,1],13,13].
[[2,9,1,1,2,0,2,2,1],10,17].
[[3,9,1,1,1,0,2,2,1],1,7].
[[1,9,2,1,2,0,0,0,0],8,48].
[[2,8,1,1,2,0,0,0,0],29,23].
[[3,7,1,1,2,0,0,0,0],19,16].
[[2,8,1,1,2,0,2,3,0],28,19].
[[3,8,1,1,2,0,2,3,0],18,30].
[[1,9,2,1,2,2,2,2,0],125,153].
[[3,9,1,1,1,2,2,2,1],7,35].
[[1,8,1,1,2,2,2,3,1],118,51].
[[2,6,1,1,2,2,2,3,1],18,0].
[[3,6,1,1,2,2,1,2,0],11,0].
[[1,8,1,1,2,2,2,1,0],13,4].
[[2,7,1,1,2,2,2,1,0],7,3].
[[3,7,1,1,2,2,2,1,0],15,7].
[[2,6,1,0,0,0,0,0,0],53,6].
[[3,6,1,1,2,2,0,0,0],14,1].
[[2,9,1,1,2,2,1,1,0],26,62].
[[1,8,0,0,0,0,0,0,0],132,182].
[[3,8,0,1,2,2,2,3,0],63,171].
[[2,9,1,0,0,0,0,0,0],2,10].
[[3,8,1,1,2,0,0,0,0],1,0].
[[1,8,1,1,2,2,0,0,0],368,166].
[[2,7,1,1,2,2,0,0,0],123,67].
[[3,7,1,1,1,2,2,2,1],39,15].
[[2,9,1,0,0,0,2,1,1],17,44].
[[3,8,1,0,0,0,2,1,1],17,11].
[[1,9,2,0,0,0,1,1,0],18,22].
[[2,9,1,0,0,0,1,1,0],13,32].
[[3,8,1,0,0,0,1,1,0],12,11].
[[1,9,2,1,2,2,0,0,0],168,367].
[[2,9,1,1,2,2,2,2,0],81,153].
[[1,9,2,1,2,2,2,2,1],123,175].
[[2,8,1,1,2,2,2,2,1],153,64].
[[3,7,2,1,2,2,2,2,1],39,6].
[[1,8,1,1,1,2,2,1,1],19,4].
[[2,4,2,1,2,0,1,2,1],31,1].
[[3,7,1,1,2,2,2,3,0],54,27].
[[3,8,0,1,1,2,1,1,0],11,29].
[[3,8,1,1,1,2,2,2,1],57,26].
[[1,8,1,0,0,0,1,2,1],26,25].
[[2,7,2,0,0,0,1,2,1],7,0].
[[3,7,2,0,0,0,1,2,1],13,1].
[[1,8,1,0,0,0,2,1,1],84,43].
[[2,8,1,1,2,0,2,1,1],28,17].
[[3,8,1,1,2,0,2,1,1],22,17].
[[2,9,1,0,0,0,2,3,1],28,63].
[[2,9,1,1,2,0,2,3,1],11,21].
[[2,9,1,1,2,2,2,3,1],67,152].
[[3,8,1,1,2,2,2,3,1],93,54].
[[2,9,1,1,2,0,1,1,0],3,18].
[[3,9,1,1,2,0,1,1,0],5,22].
[[2,8,1,1,2,2,1,2,1],86,52].
[[3,7,1,1,2,2,1,2,1],66,20].
[[1,8,1,1,1,2,0,0,0],78,22].
[[2,8,1,1,1,2,2,3,1],74,29].
[[3,8,1,1,1,2,2,3,1],49,27].
[[1,8,1,1,2,0,2,1,1],9,8].
[[2,8,1,1,2,0,1,1,1],3,5].
[[3,8,1,1,1,0,1,2,1],12,28].
[[1,8,0,1,2,2,0,0,0],196,263].
[[2,8,0,1,2,2,0,0,0],61,160].
[[3,8,0,1,2,2,2,2,1],43,75].
[[1,9,2,0,0,0,2,1,1],66,97].
[[2,8,0,0,0,0,2,1,1],14,21].
[[3,8,0,1,2,0,2,1,1],8,13].
[[1,8,0,0,0,0,2,3,1],31,24].
[[2,7,1,0,0,0,2,3,1],29,11].
[[3,7,1,0,0,0,2,3,1],35,12].
[[1,9,2,1,2,0,1,2,0],7,9].
[[1,8,1,1,2,2,2,2,0],54,9].
[[3,6,1,1,2,2,2,3,1],26,0].
[[3,6,1,0,0,0,2,3,1],12,0].
[[1,9,2,1,2,2,2,1,1],96,115].
[[2,9,1,1,2,2,2,1,1],40,83].
[[3,9,1,1,2,2,2,1,1],16,46].
[[1,8,1,0,0,0,2,3,1],159,82].
[[2,8,0,1,2,0,2,2,0],10,12].
[[3,8,0,1,2,0,2,3,0],10,30].
[[1,9,2,1,2,0,2,3,0],28,30].
[[3,9,1,1,1,0,1,1,0],1,9].
[[2,8,1,1,2,2,0,0,0],134,80].
[[3,8,1,1,2,2,2,3,0],48,69].
[[3,7,1,1,2,0,2,1,1],19,10].
[[3,8,0,1,2,0,1,2,0],23,29].
[[3,9,1,0,0,0,1,2,1],11,33].
[[3,8,1,1,1,0,2,3,1],8,20].
[[2,7,2,0,0,0,0,0,0],65,5].
[[3,3,2,1,2,0,0,0,0],18,0].
[[3,7,2,0,0,0,0,0,0],8,1].
[[2,8,1,1,1,2,2,3,0],38,17].
[[3,8,1,1,1,2,1,2,0],43,27].
[[3,9,1,1,2,2,2,2,1],10,39].
[[3,8,0,1,2,2,2,3,1],45,83].
[[2,9,1,1,2,2,2,2,1],49,121].
[[3,8,1,1,2,2,2,2,0],43,49].
[[2,7,2,1,2,2,2,3,1],31,2].
[[3,7,2,1,2,2,2,3,1],34,1].
[[1,8,1,1,2,2,1,2,1],39,17].
[[3,9,1,0,0,0,1,1,1],2,15].
[[3,7,1,1,2,2,0,0,0],86,49].
[[1,7,2,1,2,2,2,3,1],10,2].
[[2,7,2,1,1,2,2,3,1],5,0].
[[3,7,2,1,1,2,2,3,1],16,2].
[[3,9,1,1,1,2,1,2,1],29,99].
[[1,8,0,1,2,2,2,2,0],46,20].
[[2,8,0,1,1,2,1,2,0],21,13].
[[3,4,2,1,2,0,1,2,0],150,2].
[[3,5,0,1,2,2,1,2,0],24,3].
[[1,9,2,1,1,2,2,3,0],115,75].
[[2,8,0,1,1,2,2,3,0],59,50].
[[3,4,2,1,2,0,2,3,0],111,1].
[[1,9,2,1,1,2,2,1,1],34,34].
[[2,9,1,1,1,2,2,1,1],42,43].
[[3,9,1,1,1,2,2,3,1],9,39].
[[2,6,1,1,2,2,0,0,0],32,3].
[[3,6,1,1,2,2,2,1,1],24,1].
[[2,9,1,1,2,2,2,3,0],85,274].
[[2,7,1,1,2,0,2,2,1],7,3].
[[3,7,1,1,2,2,1,1,1],18,9].
[[2,9,1,1,2,0,2,3,0],19,59].
[[3,9,1,1,2,0,2,3,0],2,27].
[[3,8,0,1,2,2,2,1,0],21,46].
[[3,4,2,1,2,0,2,2,0],74,2].
[[3,8,0,1,2,2,2,1,1],29,47].
[[3,8,0,0,0,0,1,1,1],3,3].
[[1,9,2,0,0,0,2,1,0],41,86].
[[2,8,0,1,2,2,2,1,0],21,37].
[[3,8,1,1,2,0,1,1,1],20,14].
[[1,8,1,1,2,2,2,3,0],64,20].
[[2,8,0,0,0,0,2,3,0],45,50].
[[1,9,2,0,0,0,1,2,1],42,56].
[[2,8,0,1,2,2,1,2,1],24,29].
[[3,8,0,1,2,2,1,2,1],53,77].
[[2,4,2,1,2,0,1,2,0],42,0].
[[2,9,1,1,1,2,1,1,0],21,24].
[[3,8,1,1,1,2,1,1,0],12,10].
[[1,8,0,0,0,0,2,2,0],24,11].
[[2,8,0,0,0,0,2,2,0],25,25].
[[3,8,0,0,0,0,2,2,0],8,18].
[[2,6,1,1,2,2,2,1,1],8,1].
[[1,8,1,1,2,2,2,2,1],99,34].
[[2,4,2,1,2,0,2,3,0],76,2].
[[3,9,1,1,1,2,1,1,0],11,53].
[[1,9,2,1,2,2,1,2,1],46,65].
[[2,5,0,1,2,2,1,1,0],5,2].
[[3,5,0,1,2,2,1,1,0],14,6].
[[2,9,1,0,0,0,1,2,1],37,58].
[[1,8,1,0,0,0,2,1,0],35,17].
[[2,8,1,0,0,0,1,1,0],9,8].
[[3,8,1,1,2,2,1,1,0],13,23].
[[3,8,1,1,2,0,1,2,0],35,12].
[[3,8,1,0,0,0,2,3,1],34,16].
[[3,7,1,1,2,0,2,3,0],26,9].
[[3,9,1,1,2,2,2,2,0],10,59].
[[1,8,0,1,2,2,2,3,0],59,33].
[[2,8,0,1,2,2,1,2,0],60,25].
[[3,7,0,1,1,2,1,2,0],4,4].
[[3,9,1,1,1,0,1,2,0],1,18].
[[3,7,1,1,1,2,2,1,1],26,12].
[[3,8,0,1,2,2,1,2,0],101,78].
[[2,8,1,1,2,2,1,1,1],24,32].
[[3,8,1,1,2,2,1,1,1],51,63].
[[1,8,0,1,2,2,2,1,0],14,11].
[[1,8,0,1,2,2,2,2,1],24,23].
[[2,8,0,1,1,2,1,2,1],7,9].
[[3,6,0,1,1,2,1,2,1],1,0].
[[1,7,2,0,0,0,0,0,0],107,8].
[[2,7,2,0,0,0,2,1,1],12,2].
[[3,7,2,1,2,0,2,2,1],21,0].
[[2,7,1,0,0,0,0,0,0],89,51].
[[3,7,1,0,0,0,2,2,1],25,8].
[[1,7,2,1,2,2,0,0,0],42,8].
[[2,3,2,1,2,2,0,0,0],5,1].
[[3,3,2,1,2,2,0,0,0],10,0].
[[2,7,2,1,1,0,0,0,0],2,1].
[[3,7,2,1,1,0,2,1,1],2,1].
[[2,8,1,1,1,0,0,0,0],3,5].
[[3,8,1,1,1,0,2,3,0],4,12].
[[2,8,0,1,2,2,2,3,0],100,109].
[[3,8,0,1,1,2,2,3,0],35,115].
[[2,8,1,0,0,0,2,1,0],24,16].
[[1,8,0,0,0,0,2,3,0],31,27].
[[2,8,0,1,2,0,2,3,0],14,23].
[[2,6,0,1,2,2,0,0,0],13,15].
[[3,6,0,1,2,2,2,2,1],4,2].
[[3,8,1,1,2,2,1,2,0],90,45].
[[2,9,1,1,1,2,2,3,0],82,102].
[[2,8,0,0,0,0,2,3,1],31,53].
[[3,8,0,0,0,0,1,2,0],29,22].
[[2,8,0,1,2,0,2,1,0],5,6].
[[3,7,1,1,1,0,2,1,0],1,2].
[[2,9,1,1,2,2,1,1,1],39,50].
[[3,9,1,1,2,2,1,1,1],21,47].
[[3,9,1,1,2,2,2,3,1],11,42].
[[2,8,0,1,1,2,2,3,1],41,44].
[[3,7,1,1,1,2,2,3,1],55,26].
[[1,6,1,0,0,0,2,3,0],7,1].
[[2,6,1,0,0,0,2,2,0],5,0].
[[3,3,2,0,0,0,1,2,1],1,0].
[[2,8,1,1,1,0,2,2,0],1,3].
[[3,6,1,1,1,0,2,2,0],3,0].
[[2,8,1,1,2,2,2,2,0],78,29].
[[3,7,1,1,2,2,2,2,0],38,19].
[[2,7,1,1,2,2,2,3,1],45,17].
[[3,7,0,1,2,2,2,3,1],15,16].
[[3,7,1,1,2,2,2,1,1],54,22].
[[2,8,1,0,0,0,2,3,0],48,36].
[[3,8,1,1,1,2,1,2,1],70,55].
[[1,8,1,1,2,0,1,2,1],5,3].
[[2,8,1,1,2,0,1,2,1],28,16].
[[3,9,1,0,0,0,2,1,1],3,11].
[[2,8,0,1,1,2,2,2,0],39,27].
[[3,6,0,1,1,2,2,2,0],4,1].
[[2,8,1,0,0,0,1,2,1],61,32].
[[2,7,2,1,2,0,2,3,1],13,3].
[[3,7,1,1,2,2,2,3,1],104,42].
[[3,7,0,1,2,2,2,2,0],18,9].
[[1,8,1,0,0,0,1,2,0],18,2].
[[2,6,1,0,0,0,1,2,0],7,0].
[[3,6,1,1,2,0,1,2,0],6,0].
[[3,4,2,1,2,0,1,1,1],55,1].
[[1,9,2,0,0,0,2,2,1],108,143].
[[2,8,0,0,0,0,2,2,1],26,30].
[[2,9,1,1,2,0,2,1,0],8,13].
[[1,9,2,1,1,2,2,3,1],96,56].
[[3,7,2,1,1,2,2,2,0],5,0].
[[3,8,1,0,0,0,2,2,1],28,9].
[[1,8,1,1,1,2,2,3,1],25,2].
[[1,8,0,1,1,2,2,3,0],14,4].
[[2,7,1,1,1,2,2,3,0],3,0].
[[3,7,1,1,1,2,1,2,0],14,2].
[[1,8,1,1,2,2,1,1,1],7,7].
[[3,9,1,1,2,2,2,1,0],0,20].
[[2,8,0,1,1,2,0,0,0],38,58].
[[3,4,2,1,2,0,0,0,0],22,3].
[[3,7,1,1,2,2,2,2,1],85,40].
[[2,8,1,1,2,2,1,1,0],9,7].
[[2,9,1,1,1,2,1,2,0],68,64].
[[2,6,1,0,0,0,2,2,1],18,0].
[[3,6,1,0,0,0,2,2,1],12,2].
[[3,8,0,0,0,0,2,3,1],10,27].
[[3,7,1,1,1,2,2,3,0],41,11].
[[1,4,2,1,2,0,2,3,0],25,2].
[[1,8,1,0,0,0,2,3,0],74,34].
[[2,8,1,1,2,2,1,2,0],46,15].
[[1,7,2,0,0,0,2,3,1],20,2].
[[2,7,2,1,2,2,2,3,0],9,1].
[[3,7,2,1,1,2,2,3,0],6,1].
[[1,9,2,1,1,2,1,2,1],21,9].
[[2,9,1,1,1,2,1,2,1],53,50].
[[3,8,0,1,1,2,1,2,1],19,61].
[[3,8,1,1,1,2,2,3,0],34,40].
[[2,8,1,0,0,0,2,1,1],66,31].
[[2,7,2,1,1,2,0,0,0],14,1].
[[3,7,2,1,2,0,2,3,1],23,1].
[[2,8,1,1,1,2,2,1,1],38,18].
[[3,8,1,1,1,2,1,1,1],33,21].
[[2,9,1,0,0,0,2,1,0],10,38].
[[2,7,1,1,1,2,2,2,1],11,3].
[[3,8,0,1,2,0,2,2,1],10,19].
[[2,7,1,1,2,2,2,2,1],29,15].
[[2,9,1,0,0,0,1,1,1],7,23].
[[1,7,2,1,2,0,0,0,0],11,2].
[[2,7,1,1,2,0,0,0,0],19,15].
[[3,8,1,1,2,2,2,1,1],69,54].
[[3,9,1,0,0,0,1,1,0],3,21].
[[1,7,1,0,0,0,0,0,0],61,28].
[[2,7,1,0,0,0,2,2,1],16,3].
[[3,3,1,1,2,2,2,2,1],13,1].
[[3,8,0,1,1,2,2,1,0],12,33].
[[3,7,2,1,2,2,1,2,1],38,2].
[[3,9,1,1,2,2,2,3,0],6,73].
[[2,4,2,1,2,0,2,1,1],29,2].
[[3,4,2,1,2,0,2,1,1],59,3].
[[1,9,2,1,1,2,0,0,0],85,100].
[[3,7,1,1,1,2,1,2,1],24,11].
[[1,7,2,0,0,0,2,1,1],6,1].
[[3,7,1,0,0,0,2,1,1],21,7].
[[3,8,0,1,2,0,1,2,1],14,22].
[[3,6,1,1,1,2,0,0,0],2,2].
[[1,9,2,0,0,0,1,1,1],13,17].
[[2,8,0,0,0,0,1,1,1],5,3].
[[3,8,0,1,2,0,1,1,1],4,6].
[[3,3,1,1,1,2,2,3,1],5,2].
[[2,9,1,1,1,2,0,0,0],4,11].
[[3,8,1,0,0,0,1,1,1],16,12].
[[2,6,0,1,1,2,2,3,0],2,0].
[[3,3,1,1,1,2,1,2,1],1,0].
[[2,7,0,1,2,2,0,0,0],11,8].
[[3,7,0,1,2,2,0,0,0],19,26].
[[3,8,0,1,2,0,2,1,0],2,10].
[[2,7,0,0,0,0,0,0,0],4,6].
[[3,7,0,0,0,0,0,0,0],4,5].
[[2,8,1,1,2,0,2,1,0],6,5].
[[3,8,1,1,2,0,1,1,0],6,10].
[[2,8,1,0,0,0,2,2,0],34,23].
[[3,8,0,1,1,2,2,3,1],27,56].
[[2,7,2,1,2,2,0,0,0],55,10].
[[3,8,0,1,1,2,2,2,1],21,52].
[[1,8,0,0,0,0,2,2,1],16,18].
[[3,8,0,1,2,2,1,1,1],12,31].
[[3,8,1,1,2,0,2,1,0],4,11].
[[3,9,1,1,1,2,2,1,1],12,30].
[[1,4,2,1,2,0,2,2,0],13,0].
[[2,4,2,1,2,0,2,2,0],47,0].
[[2,4,2,1,2,0,0,0,0],29,1].
[[3,7,1,0,0,0,2,2,0],10,8].
[[1,9,2,1,2,2,1,1,0],20,30].
[[2,8,0,0,0,0,2,1,0],14,12].
[[3,8,0,1,2,0,1,1,0],3,11].
[[3,7,1,1,2,0,1,2,1],12,5].
[[1,8,0,1,2,2,2,3,1],33,42].
[[3,6,1,0,0,0,0,0,0],9,1].
[[2,8,1,1,1,2,2,2,0],24,7].
[[1,9,2,1,1,2,1,2,0],23,10].
[[3,8,0,0,0,0,1,1,0],9,9].
[[1,3,2,0,0,0,0,0,0],10,0].
[[2,3,2,1,2,2,2,2,1],1,0].
[[3,2,1,1,2,2,2,2,1],1,0].
[[2,8,1,0,0,0,1,1,1],20,15].
[[2,8,0,1,2,2,2,2,0],63,65].
[[3,7,1,1,2,2,1,2,0],41,4].
[[3,8,0,0,0,0,2,2,1],15,13].
[[1,8,1,1,1,2,2,2,0],9,1].
[[2,7,1,1,2,2,2,3,0],29,4].
[[3,8,1,1,1,2,2,1,1],40,20].
[[2,8,0,1,1,2,2,1,0],14,6].
[[3,9,1,1,2,0,1,2,1],17,33].
[[2,8,1,1,1,2,1,2,0],14,7].
[[1,4,2,1,2,0,2,3,1],16,0].
[[2,4,2,1,2,0,2,3,1],48,0].
[[2,8,1,1,1,2,2,2,1],62,17].
[[2,8,0,1,2,2,2,1,1],34,42].
[[2,8,0,1,2,2,2,2,1],51,64].
[[3,9,1,1,1,2,2,1,0],0,11].
[[2,7,2,0,0,0,1,2,0],3,0].
[[3,7,2,1,2,0,1,2,0],3,0].
[[2,9,1,0,0,0,2,2,1],33,55].
[[3,8,0,1,1,0,1,1,0],3,5].
[[3,8,0,1,1,2,2,1,1],22,25].
[[3,8,0,1,2,2,1,1,0],19,39].
[[3,8,0,0,0,0,2,3,0],19,30].
[[3,6,0,1,2,2,0,0,0],3,13].
[[1,4,2,1,2,0,1,2,1],5,0].
[[3,7,2,1,1,0,2,3,1],2,4].
[[2,9,1,1,2,0,1,2,1],18,26].
[[1,4,2,1,2,0,0,0,0],23,0].
[[2,4,2,1,2,0,2,2,1],38,1].
[[3,7,1,0,0,0,1,2,1],10,8].
[[2,9,1,1,1,2,1,1,1],19,23].
[[3,5,0,1,1,2,1,1,1],17,0].
[[3,8,0,0,0,0,2,1,1],10,10].
[[3,8,1,0,0,0,2,1,0],4,8].
[[1,8,0,1,2,2,1,2,0],7,5].
[[2,7,1,1,2,2,1,1,1],1,3].
[[2,7,1,0,0,0,2,3,0],14,1].
[[3,7,1,1,2,0,2,1,0],6,0].
[[2,9,1,1,2,2,0,0,0],2,34].
[[3,9,1,1,1,2,2,3,0],8,56].
[[1,8,1,1,1,2,1,1,0],1,0].
[[2,8,1,1,1,2,1,1,0],8,5].
[[3,6,1,1,2,2,2,2,0],16,0].
[[1,9,2,1,2,2,1,1,1],26,27].
[[1,8,1,1,2,2,1,2,0],12,9].
[[3,5,0,1,1,2,1,1,0],14,2].
[[3,8,0,0,0,0,2,1,0],3,9].
[[2,8,0,0,0,0,1,2,0],23,13].
[[3,7,1,0,0,0,1,2,0],7,0].
[[3,6,0,1,1,2,2,3,0],11,3].
[[2,5,0,1,2,2,1,1,1],12,1].
[[3,5,0,1,1,0,1,1,1],2,0].
[[2,8,1,1,1,0,2,3,1],3,3].
[[1,6,1,0,0,0,2,3,1],5,2].
[[2,6,1,0,0,0,2,3,1],14,2].
[[3,6,1,1,2,0,2,3,1],9,4].
[[1,8,0,1,1,2,1,2,0],1,2].
[[3,5,0,1,2,2,1,1,1],30,1].
[[1,6,0,1,2,2,0,0,0],12,4].
[[3,6,0,1,2,2,2,3,0],6,12].
[[2,8,0,0,0,0,1,2,1],8,6].
[[3,5,0,0,0,0,1,1,0],5,0].
[[2,8,1,1,1,2,0,0,0],45,21].
[[3,6,1,1,2,0,1,2,1],11,0].
[[1,4,2,1,2,0,2,2,1],12,0].
[[3,3,1,0,0,0,0,0,0],11,2].
[[3,8,1,1,1,0,2,2,1],5,14].
[[3,8,0,1,2,0,2,3,1],8,11].
[[1,7,1,1,2,2,2,3,1],5,1].
[[2,7,1,1,2,2,1,2,1],12,4].
[[3,3,1,1,2,2,1,2,1],2,0].
[[3,7,2,1,1,2,2,2,1],13,1].
[[1,8,1,1,2,0,2,2,1],9,11].
[[3,7,0,1,2,2,2,2,1],5,7].
[[1,9,2,1,2,0,2,2,0],13,28].
[[2,8,1,1,1,0,1,2,1],1,3].
[[2,7,1,1,1,2,2,1,1],4,3].
[[1,9,2,1,2,0,1,2,1],5,7].
[[2,9,1,1,1,0,1,2,1],1,5].
[[3,4,2,1,2,0,2,3,1],82,2].
[[3,9,1,0,0,0,2,2,1],4,10].
[[1,7,1,0,0,0,2,3,1],9,1].
[[3,3,1,0,0,0,2,3,1],7,1].
[[3,6,1,1,2,0,2,1,1],6,1].
[[1,8,0,1,1,2,2,2,0],10,5].
[[3,9,1,1,1,2,2,2,0],5,49].
[[1,9,2,1,1,2,1,1,1],9,1].
[[2,5,0,1,1,2,1,1,1],6,0].
[[3,7,0,1,2,0,2,2,0],1,3].
[[2,6,1,1,2,0,2,1,1],3,0].
[[2,7,2,0,0,0,2,3,1],26,1].
[[1,8,1,0,0,0,1,1,1],18,9].
[[2,6,1,0,0,0,1,1,1],3,0].
[[3,6,1,0,0,0,1,1,1],3,1].
[[1,8,1,1,1,2,1,2,0],2,2].
[[3,7,0,0,0,0,2,3,1],3,7].
[[3,7,2,1,1,0,1,2,0],2,0].
[[2,5,0,0,0,0,1,1,0],2,0].
[[3,5,0,1,2,0,1,1,0],7,3].
[[2,6,0,1,1,2,0,0,0],7,5].
[[3,6,0,1,1,2,2,3,1],5,4].
[[3,7,0,1,1,2,0,0,0],8,16].
[[3,9,1,1,2,0,1,1,1],5,22].
[[2,8,0,1,1,2,1,1,1],7,2].
[[3,7,0,1,1,2,1,1,1],1,1].
[[2,9,1,1,1,0,2,2,1],2,3].
[[3,3,1,1,2,2,0,0,0],30,3].
[[2,8,0,1,2,2,1,1,1],8,5].
[[2,7,2,0,0,0,2,2,0],6,0].
[[3,7,2,0,0,0,1,2,0],6,0].
[[2,8,1,1,1,0,2,2,1],1,6].
[[2,7,0,0,0,0,2,3,1],2,2].
[[3,3,1,1,2,2,2,1,1],3,0].
[[1,6,1,1,2,2,0,0,0],33,1].
[[1,8,0,0,0,0,2,1,1],15,10].
[[3,5,0,0,0,0,1,1,1],4,0].
[[2,8,0,0,0,0,1,1,0],6,2].
[[3,7,0,1,2,0,1,1,0],1,0].
[[3,8,1,1,1,2,2,1,0],10,8].
[[1,8,1,1,2,0,2,1,0],4,1].
[[3,7,2,1,2,2,2,2,0],15,2].
[[2,7,2,1,2,0,2,2,1],9,3].
[[3,7,2,1,1,0,1,1,1],4,1].
[[3,6,1,1,2,2,1,2,1],18,1].
[[2,6,1,1,2,2,2,2,0],14,0].
[[3,6,0,1,2,2,2,2,0],6,4].
[[3,8,1,1,2,0,2,2,0],15,17].
[[1,8,1,1,1,2,2,3,0],16,4].
[[2,6,1,1,1,2,2,3,0],4,0].
[[3,6,1,1,1,2,1,2,1],5,0].
[[2,8,1,1,2,0,2,2,1],29,28].
[[1,7,2,1,2,2,1,1,1],1,0].
[[2,7,2,1,2,2,1,1,1],7,0].
[[3,7,2,1,2,2,1,1,1],23,2].
[[3,7,1,1,1,0,2,2,1],3,5].
[[3,9,1,0,0,0,2,1,0],0,3].
[[1,9,2,1,2,0,2,3,1],9,19].
[[2,9,1,1,2,0,2,2,0],6,39].
[[3,9,1,1,1,0,2,2,0],0,7].
[[3,7,1,1,1,0,2,1,1],6,3].
[[2,4,2,1,2,0,1,1,1],13,0].
[[3,7,1,1,2,0,2,3,1],30,20].
[[2,7,2,1,2,0,1,2,1],3,1].
[[3,7,2,1,2,0,1,2,1],18,1].
[[3,8,1,1,1,2,2,2,0],24,14].
[[3,7,0,1,2,2,2,1,0],5,2].
[[3,7,1,0,0,0,0,0,0],20,13].
[[2,8,1,1,2,2,2,1,0],27,7].
[[2,8,1,1,1,2,2,1,0],7,3].
[[2,7,1,0,0,0,2,1,0],8,1].
[[3,7,0,1,2,2,2,3,0],23,16].
[[3,7,0,1,2,2,1,2,1],8,3].
[[1,8,1,1,2,2,1,1,0],6,1].
[[2,7,1,1,2,2,1,1,0],1,0].
[[3,7,1,0,0,0,2,1,0],6,0].
[[2,8,0,1,1,2,2,1,1],21,15].
[[3,9,1,1,1,0,2,3,0],0,9].
[[3,7,0,1,1,2,2,3,1],6,7].
[[3,9,1,1,2,0,2,3,1],3,11].
[[1,8,1,0,0,0,2,2,0],49,23].
[[3,8,0,1,1,0,2,3,0],4,10].
[[3,7,1,1,1,2,2,2,0],19,9].
[[1,8,0,1,2,2,2,1,1],18,9].
[[2,7,1,1,2,0,1,1,1],3,0].
[[3,7,1,1,2,0,1,1,1],8,6].
[[3,8,0,0,0,0,1,2,1],13,12].
[[3,7,1,1,1,0,0,0,0],6,4].
[[1,7,1,1,2,2,2,1,1],3,2].
[[3,9,1,1,2,0,2,2,0],1,16].
[[1,6,1,1,2,2,2,3,1],1,0].
[[1,7,1,0,0,0,2,2,1],8,2].
[[3,7,1,1,2,0,2,2,1],19,12].
[[3,6,1,0,0,0,2,1,1],7,1].
[[3,7,2,1,2,0,2,2,0],5,0].
[[1,8,0,0,0,0,2,1,0],14,6].
[[3,8,0,1,2,0,2,2,0],10,14].
[[1,8,1,1,2,0,2,3,0],7,3].
[[1,8,1,1,1,2,2,2,1],21,4].
[[3,6,1,1,2,0,2,2,0],5,0].
[[3,7,2,0,0,0,1,1,1],5,1].
[[3,8,0,1,1,2,0,0,0],0,14].
[[3,7,2,1,2,0,2,1,1],9,1].
[[3,8,0,1,1,2,1,1,1],10,24].
[[1,7,2,0,0,0,2,2,1],13,0].
[[2,3,2,0,0,0,2,2,1],2,0].
[[3,3,2,1,2,2,1,2,1],3,0].
[[2,8,1,1,1,2,1,1,1],12,6].
[[3,7,1,1,1,2,1,1,1],8,10].
[[3,7,0,1,2,0,2,3,0],5,2].
[[1,8,1,1,2,0,2,2,0],5,5].
[[2,8,1,1,2,0,2,2,0],15,10].
[[2,8,0,1,2,0,2,1,1],2,4].
[[3,4,2,1,2,0,2,1,0],24,3].
[[3,9,1,1,1,2,0,0,0],0,3].
[[3,7,2,1,2,2,0,0,0],32,3].
[[3,8,1,1,2,2,2,1,0],9,10].
[[3,8,0,1,2,2,0,0,0],0,15].
[[3,9,1,1,2,0,2,1,1],2,15].
[[2,7,1,1,2,0,1,2,1],3,2].
[[3,7,1,1,1,0,1,2,1],0,2].
[[3,7,2,1,2,2,1,2,0],5,1].
[[2,8,1,1,2,0,1,2,0],8,12].
[[3,6,0,1,1,2,2,1,1],2,3].
[[2,8,0,1,2,0,1,2,0],4,6].
[[3,6,0,1,2,0,1,2,0],0,2].
[[2,8,1,1,1,2,1,2,1],25,6].
[[3,3,2,1,1,2,0,0,0],0,1].
[[3,8,1,1,1,0,2,1,1],14,11].
[[1,8,0,0,0,0,1,2,0],4,3].
[[3,7,2,1,2,2,2,3,0],14,1].
[[1,9,2,1,2,0,1,1,0],3,7].
[[2,3,1,1,2,2,0,0,0],21,2].
[[3,7,2,0,0,0,2,2,1],13,0].
[[3,3,1,0,0,0,1,2,0],1,0].
[[2,7,2,1,2,2,1,2,1],7,1].
[[3,7,2,1,1,2,1,2,1],8,2].
[[2,7,1,1,2,0,2,2,0],6,1].
[[1,7,2,1,2,2,2,2,1],8,1].
[[3,9,1,0,0,0,2,3,1],2,9].
[[2,7,1,1,2,2,2,1,1],22,5].
[[3,7,1,1,1,0,2,3,1],4,8].
[[3,6,1,1,2,0,0,0,0],10,1].
[[2,8,0,1,2,0,0,0,0],7,16].
[[3,7,2,0,0,0,2,1,1],8,0].
[[3,4,2,1,2,0,1,1,0],51,1].
[[3,6,1,0,0,0,2,2,0],2,0].
[[2,7,1,0,0,0,2,2,0],8,4].
[[2,7,1,1,2,0,2,3,1],5,5].
[[3,7,1,1,1,2,1,1,0],5,5].
[[2,7,1,1,2,2,2,2,0],23,6].
[[3,3,1,1,2,2,2,2,0],4,1].
[[3,8,0,1,1,0,1,2,0],6,13].
[[3,5,0,1,1,2,1,2,0],15,0].
[[1,9,2,1,2,0,2,1,1],8,10].
[[3,6,1,1,2,2,2,2,1],14,0].
[[2,4,2,1,2,0,2,1,0],13,1].
[[3,6,0,1,2,2,2,1,0],0,4].
[[1,8,0,0,0,0,1,2,1],1,0].
[[3,7,0,1,1,2,2,3,0],11,15].
[[1,7,1,0,0,0,2,3,0],2,0].
[[2,7,1,0,0,0,1,2,0],5,2].
[[3,7,1,1,2,0,1,2,0],10,3].
[[1,4,2,1,2,0,2,1,0],6,1].
[[2,6,1,0,0,0,2,1,1],11,0].
[[3,7,0,0,0,0,2,2,1],2,3].
[[3,6,1,1,2,0,2,3,0],5,1].
[[3,8,0,1,1,0,2,2,0],1,6].
[[2,8,0,1,2,0,2,2,1],7,5].
[[3,8,0,1,1,0,1,2,1],1,3].
[[1,8,0,1,1,2,2,2,1],8,6].
[[1,6,1,0,0,0,2,2,0],6,0].
[[2,6,1,1,2,0,2,2,0],3,0].
[[3,7,2,1,1,2,0,0,0],7,0].
[[3,9,1,0,0,0,2,2,0],3,9].
[[3,7,1,0,0,0,2,3,0],12,7].
[[1,8,0,1,1,2,2,1,0],4,2].
[[2,8,0,1,1,2,1,1,0],8,7].
[[3,6,1,0,0,0,2,1,0],3,0].
[[3,8,1,1,1,0,1,1,1],2,7].
[[3,8,0,1,1,0,2,1,0],1,2].
[[3,7,1,1,2,2,1,1,0],6,3].
[[3,3,2,1,2,0,2,1,1],3,0].
[[3,6,1,0,0,0,1,2,0],7,1].
[[2,8,0,1,2,0,2,3,1],2,17].
[[2,3,2,1,2,0,0,0,0],5,0].
[[2,8,0,1,2,2,1,1,0],5,16].
[[1,8,1,1,2,0,2,3,1],18,12].
[[3,9,1,1,2,0,2,2,1],5,15].
[[2,5,0,0,0,0,1,1,1],2,0].
[[2,7,2,1,2,2,2,2,1],31,3].
[[3,7,0,1,2,2,1,2,0],12,2].
[[3,7,0,1,2,2,1,1,1],1,3].
[[2,7,2,1,1,2,1,2,1],1,1].
[[3,5,0,1,2,2,1,2,1],0,1].
[[3,9,1,1,1,0,2,3,1],0,5].
[[2,9,1,1,2,0,0,0,0],1,3].
[[2,5,0,1,2,0,1,2,0],1,0].
[[3,5,0,1,2,0,1,2,0],5,0].
[[3,6,0,0,0,0,2,3,0],0,3].
[[1,8,1,0,0,0,1,1,0],6,4].
[[3,7,1,1,2,0,1,1,0],3,2].
[[1,7,2,0,0,0,2,2,0],4,0].
[[2,7,2,1,2,2,2,2,0],3,0].
[[3,3,1,0,0,0,2,3,0],3,0].
[[1,7,2,0,0,0,1,2,1],2,0].
[[2,7,0,1,1,2,0,0,0],5,6].
[[3,7,0,1,1,2,2,1,0],2,0].
[[3,6,1,1,1,2,1,1,1],2,1].
[[2,9,1,1,2,0,2,1,1],15,23].
[[2,9,1,1,1,0,2,2,0],1,4].
[[1,7,2,0,0,0,2,3,0],10,0].
[[2,7,2,0,0,0,2,3,0],8,1].
[[3,9,1,1,1,0,1,2,1],5,15].
[[2,5,0,1,2,2,1,2,0],8,0].
[[2,5,0,0,0,0,1,2,0],2,0].
[[3,7,2,0,0,0,2,3,0],3,1].
[[1,7,1,0,0,0,2,1,1],4,0].
[[2,7,1,0,0,0,2,1,1],9,9].
[[2,7,1,1,2,0,2,3,0],3,0].
[[3,7,1,1,1,0,2,3,0],1,2].
[[2,3,2,0,0,0,2,3,0],3,0].
[[3,3,2,1,2,0,2,2,1],5,0].
[[3,7,2,1,1,0,2,2,0],2,0].
[[3,7,2,1,1,2,2,1,1],14,1].
[[3,8,0,1,1,0,2,3,1],0,5].
[[1,8,1,1,1,2,1,2,1],4,2].
[[2,9,1,1,1,0,2,1,1],1,1].
[[3,9,1,1,1,0,2,1,1],1,1].
[[2,6,1,1,2,2,2,2,1],10,0].
[[1,8,0,1,1,2,2,1,1],4,2].
[[3,7,2,1,2,0,1,1,0],1,1].
[[3,7,0,0,0,0,2,2,0],2,1].
[[3,6,0,0,0,0,2,2,1],1,0].
[[1,6,1,0,0,0,1,2,1],2,0].
[[2,6,1,1,2,2,1,2,1],3,1].
[[2,6,1,1,2,0,2,3,0],5,0].
[[1,9,2,1,1,2,1,1,0],12,9].
[[3,6,1,1,1,2,2,2,1],7,0].
[[2,7,0,1,2,2,2,3,0],3,2].
[[2,5,0,1,1,2,1,1,0],1,0].
[[2,7,1,1,2,2,1,2,0],3,1].
[[1,7,1,0,0,0,1,2,1],3,0].
[[2,7,1,0,0,0,1,2,1],4,1].
[[3,3,2,0,0,0,0,0,0],9,0].
[[2,7,1,1,1,2,2,2,0],3,0].
[[2,6,1,0,0,0,2,3,0],10,0].
[[3,3,2,1,2,0,2,3,1],7,0].
[[3,8,1,1,1,2,0,0,0],0,3].
[[3,7,2,1,1,2,1,1,1],4,0].
[[3,5,0,1,1,0,1,2,0],3,3].
[[2,6,0,0,0,0,2,3,0],2,1].
[[3,8,0,0,0,0,0,0,0],1,6].
[[3,3,2,1,2,2,2,2,1],5,0].
[[2,3,1,0,0,0,2,3,1],3,0].
[[2,6,1,1,2,0,1,2,0],1,1].
[[3,8,1,1,1,0,2,2,0],1,7].
[[3,6,0,1,1,2,0,0,0],3,3].
[[1,8,0,1,1,2,2,3,1],12,3].
[[2,7,2,1,1,0,2,1,1],1,0].
[[3,7,2,1,1,0,1,2,1],4,2].
[[3,6,1,1,2,0,2,1,0],4,0].
[[2,3,1,0,0,0,0,0,0],2,2].
[[1,6,1,1,2,2,2,3,0],1,0].
[[2,3,1,1,2,2,2,3,0],2,0].
[[3,3,1,1,2,2,2,3,0],9,0].
[[3,9,1,1,2,0,2,1,0],0,6].
[[1,6,1,0,0,0,2,1,1],1,1].
[[2,3,2,0,0,0,2,1,1],3,0].
[[3,3,2,0,0,0,2,1,1],3,0].
[[2,6,1,1,1,2,2,3,1],3,0].
[[2,7,0,1,2,2,2,1,1],3,0].
[[3,7,0,1,2,2,2,1,1],7,5].
[[2,8,0,1,2,0,1,1,0],1,0].
[[3,7,0,1,2,2,1,1,0],2,1].
[[2,4,2,1,2,0,1,1,0],12,1].
[[3,6,1,1,1,2,2,3,1],4,0].
[[3,5,0,1,2,0,1,1,1],8,2].
[[3,7,2,1,2,2,2,1,0],5,0].
[[3,3,1,1,1,2,2,3,0],3,0].
[[2,8,1,1,1,0,2,1,1],2,2].
[[3,6,1,1,1,0,2,1,1],2,3].
[[3,7,0,1,1,2,2,1,1],10,2].
[[2,9,1,1,2,0,1,1,1],4,11].
[[3,7,0,0,0,0,2,3,0],3,2].
[[2,8,1,1,2,0,1,1,0],3,2].
[[3,7,0,0,0,0,1,2,0],1,0].
[[3,7,0,1,1,2,2,2,0],8,3].
[[1,8,0,1,2,2,1,1,0],2,2].
[[3,6,1,1,2,2,1,1,1],3,3].
[[1,6,1,0,0,0,2,2,1],3,1].
[[2,6,1,1,2,2,1,1,1],0,1].
[[3,6,1,0,0,0,1,1,0],1,0].
[[3,7,2,0,0,0,2,3,1],15,1].
[[1,8,1,1,1,2,1,1,1],1,1].
[[2,7,2,1,2,2,2,1,1],15,3].
[[2,7,2,1,2,2,2,1,0],2,0].
[[2,9,1,1,1,0,2,3,1],0,4].
[[2,6,1,1,2,0,2,3,1],2,1].
[[1,7,2,1,2,2,1,2,1],1,0].
[[2,7,2,1,1,2,1,1,0],1,0].
[[3,3,2,0,0,0,2,3,1],7,0].
[[1,8,0,0,0,0,1,1,0],1,3].
[[3,7,1,1,1,0,1,1,1],2,2].
[[3,3,1,1,2,2,2,1,0],1,0].
[[3,7,1,1,2,0,2,2,0],6,4].
[[2,6,0,1,1,2,2,2,1],1,0].
[[3,6,0,1,1,2,2,2,1],4,2].
[[1,8,1,1,2,0,1,1,1],4,0].
[[2,7,2,1,2,0,1,1,1],4,1].
[[3,7,2,1,1,0,2,2,1],4,2].
[[1,7,1,1,2,2,2,2,1],5,0].
[[1,6,0,0,0,0,0,0,0],2,2].
[[3,3,1,1,2,2,2,3,1],7,1].
[[2,6,0,1,2,2,2,3,1],2,0].
[[3,7,2,1,2,0,2,3,0],8,0].
[[1,4,2,1,2,0,1,2,0],6,0].
[[3,8,1,1,1,0,1,1,0],2,9].
[[3,6,0,1,2,0,2,3,0],1,0].
[[2,9,1,1,1,0,2,3,0],3,4].
[[3,9,1,1,1,0,1,1,1],5,7].
[[3,8,0,1,1,0,1,1,1],1,1].
[[3,6,0,1,1,2,1,2,0],3,0].
[[3,7,2,1,1,2,1,2,0],2,0].
[[2,7,0,1,2,2,2,2,0],2,3].
[[1,9,2,1,2,0,1,1,1],1,1].
[[2,8,1,1,1,0,1,1,1],1,2].
[[3,6,1,1,1,2,2,1,1],6,0].
[[1,7,1,1,2,2,2,1,0],1,0].
[[2,7,1,1,1,2,1,1,0],1,0].
[[3,6,0,1,2,2,2,1,1],3,1].
[[3,7,1,0,0,0,1,1,1],5,4].
[[3,7,2,1,1,0,1,1,0],1,0].
[[3,7,2,1,1,2,1,1,0],3,1].
[[2,5,0,1,1,2,1,2,0],2,0].
[[3,6,0,1,2,0,2,3,1],0,1].
[[2,2,1,0,0,0,0,0,0],1,0].
[[3,2,1,1,2,0,2,3,1],1,0].
[[2,6,1,1,2,2,1,2,0],1,0].
[[3,7,2,1,2,0,2,1,0],3,0].
[[2,3,2,0,0,0,0,0,0],16,0].
[[2,9,1,1,1,0,1,2,0],1,4].
[[3,5,0,0,0,0,1,2,0],7,0].
[[2,6,1,1,2,0,2,2,1],5,1].
[[2,6,0,1,2,2,2,3,0],3,2].
[[3,6,1,0,0,0,2,3,0],11,0].
[[2,6,1,1,1,2,0,0,0],7,0].
[[3,3,1,1,1,2,0,0,0],5,3].
[[2,7,2,1,1,2,2,2,1],4,0].
[[3,7,0,1,2,0,2,2,1],1,0].
[[2,6,1,1,1,2,2,2,0],1,0].
[[3,3,1,1,1,2,2,2,0],1,0].
[[3,7,0,1,2,0,2,3,1],1,4].
[[3,6,0,1,1,2,2,1,0],4,1].
[[3,2,1,0,0,0,0,0,0],1,0].
[[1,4,2,1,2,0,2,1,1],7,0].
[[2,6,1,0,0,0,1,2,1],4,0].
[[3,6,1,0,0,0,1,2,1],7,0].
[[3,7,2,1,2,0,1,1,1],6,1].
[[1,7,2,0,0,0,1,1,1],2,0].
[[3,6,1,1,2,0,1,1,1],4,0].
[[3,6,1,1,1,2,2,2,0],4,0].
[[3,7,1,0,0,0,1,1,0],3,2].
[[2,9,1,1,1,0,1,1,0],0,4].
[[1,7,1,0,0,0,2,2,0],2,1].
[[3,6,1,1,1,0,0,0,0],1,0].
[[3,9,1,1,1,0,2,1,0],0,2].
[[3,6,0,1,1,2,1,1,0],0,1].
[[3,6,1,1,1,2,1,2,0],1,0].
[[2,6,0,0,0,0,0,0,0],2,5].
[[3,7,0,1,1,2,1,1,0],2,2].
[[2,7,1,0,0,0,1,1,0],2,1].
[[3,3,1,0,0,0,1,1,0],2,0].
[[1,7,2,1,2,2,2,1,1],3,0].
[[2,7,2,1,1,0,1,1,1],1,0].
[[3,3,2,1,1,0,1,1,1],1,0].
[[1,8,0,1,2,2,1,2,1],2,0].
[[3,6,0,1,2,2,1,2,1],1,0].
[[3,6,0,0,0,0,2,3,1],3,0].
[[2,5,0,1,2,0,1,1,0],1,1].
[[3,3,1,1,2,0,0,0,0],5,1].
[[2,7,2,1,2,0,2,3,0],1,0].
[[3,6,1,1,2,2,2,1,0],4,0].
[[2,7,2,0,0,0,1,1,1],2,0].
[[2,8,0,1,2,0,1,2,1],1,1].
[[3,7,0,0,0,0,2,1,1],1,2].
[[3,6,1,1,1,2,2,3,0],4,0].
[[2,3,2,0,0,0,2,3,1],3,0].
[[1,7,1,0,0,0,1,1,1],0,1].
[[2,7,1,0,0,0,1,1,1],1,2].
[[2,7,2,1,2,0,2,2,0],3,0].
[[3,3,1,0,0,0,1,2,1],1,0].
[[3,8,1,1,2,2,0,0,0],2,8].
[[2,6,0,1,1,2,2,3,1],1,0].
[[1,9,2,1,2,0,2,1,0],3,5].
[[3,3,1,1,2,0,2,3,1],3,0].
[[3,6,1,1,2,0,2,2,1],8,0].
[[1,7,2,1,2,2,2,3,0],1,0].
[[2,6,1,1,2,2,2,3,0],3,1].
[[3,3,2,1,2,2,2,3,0],3,0].
[[2,5,0,1,2,0,1,1,1],2,2].
[[3,7,0,1,2,0,2,1,0],1,1].
[[2,6,1,0,0,0,2,1,0],4,0].
[[3,2,1,0,0,0,1,2,1],1,0].
[[3,7,1,1,1,2,2,1,0],4,2].
[[2,7,2,1,2,0,2,1,1],6,2].
[[1,4,2,1,2,0,1,1,0],1,0].
[[2,2,1,0,0,0,2,3,0],1,0].
[[3,2,1,1,2,2,2,3,0],1,0].
[[2,6,0,0,0,0,2,3,1],1,0].
[[3,7,0,1,1,2,1,2,1],2,1].
[[1,7,1,1,2,2,2,3,0],2,1].
[[2,6,0,0,0,0,2,2,1],0,1].
[[3,6,0,1,2,0,1,1,1],0,1].
[[2,6,0,1,2,2,2,1,0],2,0].
[[3,2,0,1,2,2,2,1,0],1,0].
[[3,7,0,0,0,0,1,1,0],1,0].
[[2,6,1,0,0,0,1,1,0],1,0].
[[3,8,1,1,1,0,0,0,0],0,1].
[[2,9,1,1,1,0,2,1,0],0,1].
[[3,4,0,1,2,0,1,1,0],0,1].
[[3,3,1,0,0,0,2,2,1],4,0].
[[3,7,0,1,2,0,1,2,1],0,1].
[[2,9,1,1,1,0,1,1,1],0,2].
[[2,6,0,0,0,0,2,2,0],0,1].
[[3,6,0,1,2,0,2,2,0],0,1].
[[3,6,0,0,0,0,2,1,0],1,0].
[[2,7,1,1,1,2,1,2,1],3,2].
[[2,7,1,1,2,0,2,1,1],5,1].
[[2,6,1,1,1,2,2,1,1],3,0].
[[2,7,2,1,2,0,1,1,0],0,1].
[[3,6,1,1,1,0,1,2,0],1,2].
[[3,7,2,1,1,2,2,1,0],1,0].
[[3,3,1,1,1,2,2,2,1],1,0].
[[3,6,1,1,1,0,2,1,0],0,1].
[[2,7,0,1,1,2,2,3,1],1,1].
[[2,7,0,1,1,2,2,2,0],0,2].
[[3,3,1,1,2,0,1,2,0],1,0].
[[3,6,1,1,2,2,1,1,0],1,0].
[[3,3,2,1,1,0,1,2,1],1,0].
[[3,7,2,1,1,0,0,0,0],1,2].
[[3,7,0,0,0,0,1,1,1],1,0].
[[3,3,2,0,0,0,2,3,0],2,0].
[[2,7,0,1,2,2,2,1,0],3,0].
[[2,7,1,1,1,2,1,2,0],0,1].
[[2,7,2,0,0,0,1,1,0],1,0].
[[3,3,1,1,2,2,1,1,1],1,0].
[[2,7,0,0,0,0,2,2,1],0,1].
[[3,8,1,1,1,0,2,1,0],0,2].
[[2,6,1,1,1,2,2,1,0],1,0].
[[3,2,1,1,2,2,2,1,1],1,0].
[[2,7,0,0,0,0,2,3,0],1,0].
[[3,8,0,1,1,0,2,2,1],2,5].
[[2,7,0,1,2,2,2,3,1],1,1].
[[3,6,0,1,2,0,2,2,1],1,1].
[[3,8,0,1,1,0,0,0,0],0,2].
[[2,7,0,1,2,2,2,2,1],0,1].
[[3,8,0,1,2,0,0,0,0],0,3].
[[2,9,1,1,1,0,0,0,0],0,2].
[[1,8,1,1,1,2,2,1,0],2,0].
[[3,8,0,1,1,0,2,1,1],2,0].
[[2,7,2,1,1,2,2,1,1],6,0].
[[3,3,2,1,1,2,2,1,1],2,0].
[[2,3,1,0,0,0,2,2,1],1,0].
[[3,6,0,1,2,2,1,2,0],4,1].
[[3,7,2,1,1,0,2,1,0],1,1].
[[3,6,0,1,2,0,0,0,0],0,1].
[[1,8,0,1,1,2,1,2,1],0,1].
[[3,3,1,0,0,0,2,2,0],1,0].
[[2,6,1,1,2,2,2,1,0],2,0].
[[3,3,2,0,0,0,2,2,0],1,0].
[[1,6,1,1,2,2,2,2,1],1,0].
[[2,6,1,1,1,2,1,2,1],1,0].
[[3,7,2,0,0,0,1,1,0],1,0].
[[3,7,0,1,2,0,0,0,0],1,1].
[[3,3,2,0,0,0,2,2,1],2,0].
[[3,6,0,0,0,0,1,2,1],0,1].
[[3,3,2,1,2,0,2,3,0],1,0].
[[1,6,1,1,2,2,2,1,1],1,0].
[[2,6,0,1,2,2,2,1,1],1,0].
[[3,5,0,1,1,0,1,1,0],0,3].
[[3,6,0,0,0,0,2,2,0],0,1].
[[3,6,1,1,1,0,2,2,1],1,0].
[[2,7,0,1,2,2,1,2,0],1,0].
[[1,7,1,1,2,2,2,2,0],2,3].
[[3,3,2,1,1,2,2,3,1],2,0].
[[1,7,2,1,2,0,2,3,1],1,0].
[[2,7,2,1,1,0,2,3,1],1,0].
[[3,6,1,1,1,0,1,1,1],0,1].
[[3,7,0,0,0,0,2,1,0],1,0].
[[1,8,1,1,2,0,1,2,0],1,0].
[[3,6,0,0,0,0,1,2,0],1,0].
[[2,7,2,1,1,2,2,2,0],1,0].
[[2,3,1,1,2,2,2,2,0],1,0].
[[3,3,1,1,1,2,1,2,0],1,0].
[[2,7,0,1,1,2,1,2,0],1,0].
[[2,3,2,1,2,2,2,3,1],1,0].
[[1,8,0,0,0,0,1,1,1],0,1].
[[3,3,2,1,2,0,1,2,1],3,0].
[[3,2,1,1,2,2,2,2,0],1,0].
[[2,7,1,1,2,0,2,1,0],1,0].
[[2,7,2,1,1,2,2,3,0],1,0].
[[2,7,2,1,2,0,2,1,0],1,0].
[[1,3,2,0,0,0,2,1,1],1,0].
[[2,6,0,1,2,2,2,2,1],1,0].
[[3,3,2,1,1,0,2,2,0],1,0].
[[3,7,0,1,2,0,2,1,1],0,1].
[[3,3,1,1,2,2,1,2,0],1,0].
[[3,3,2,0,0,0,2,1,0],1,0].
[[3,3,2,1,2,2,2,1,1],1,0].
[[2,7,2,1,2,2,1,1,0],1,0].
[[2,7,0,1,1,2,2,1,1],0,1].
[[3,3,2,1,2,2,2,3,1],2,0].
[[3,6,1,1,1,0,2,3,0],1,0].
[[3,6,1,1,1,2,2,1,0],1,0].
[[3,3,1,0,0,0,1,1,1],1,0].
[[2,8,1,1,1,0,2,3,0],1,1].
[[1,4,2,1,2,0,1,1,1],1,0].
[[1,7,1,1,2,2,1,2,1],1,0].
[[2,2,0,1,2,2,0,0,0],1,0].
[[3,2,0,1,2,2,0,0,0],1,0].
[[2,3,1,0,0,0,2,1,1],1,0].
[[3,3,1,0,0,0,2,1,1],1,0].
[[2,8,0,1,2,0,1,1,1],1,1].
[[3,7,2,1,2,2,1,1,0],1,0].
[[2,6,0,1,2,2,1,1,0],1,0].
[[3,6,0,1,2,2,1,1,0],1,0].
[[2,7,0,0,0,0,2,2,0],1,0].
[[2,7,1,1,1,2,2,1,0],1,0].
[[3,4,0,1,2,0,2,3,1],0,1].
[[1,7,1,0,0,0,2,1,0],1,0].
[[3,1,1,1,2,0,1,1,1],1,0].
[[2,7,2,1,1,0,2,2,0],1,0].
