total_WL(5790,6032).
[[1,9,2,1,2,2,2,3,1],123,306].
[[2,8,0,1,1,2,2,3,1],39,55].
[[3,8,0,1,1,2,1,1,1],17,55].
[[1,9,2,0,0,0,2,3,0],143,234].
[[2,8,0,0,0,0,2,3,0],23,37].
[[3,8,0,1,2,0,2,2,0],5,15].
[[1,9,2,0,0,0,2,1,1],73,158].
[[2,9,2,0,0,0,1,2,1],24,67].
[[3,9,1,0,0,0,1,2,1],10,39].
[[1,9,2,1,1,2,2,2,1],114,77].
[[2,4,2,1,2,0,2,2,1],66,3].
[[3,4,2,1,2,0,2,2,1],108,3].
[[1,8,1,1,2,2,0,0,0],218,131].
[[2,8,1,1,1,2,2,2,1],90,35].
[[3,8,1,1,1,2,2,2,1],66,32].
[[1,9,2,1,1,2,2,1,1],49,49].
[[2,9,2,1,1,2,1,1,1],30,16].
[[1,9,2,1,2,2,1,2,0],55,67].
[[2,8,1,1,2,2,1,2,0],22,10].
[[3,8,1,1,2,2,1,2,0],50,17].
[[1,8,1,1,1,2,2,2,1],31,6].
[[2,8,1,1,1,2,1,2,1],42,16].
[[3,7,1,1,1,2,1,2,1],47,13].
[[1,9,2,1,2,2,1,2,1],84,98].
[[2,9,1,1,1,2,1,2,1],32,48].
[[3,8,1,1,1,2,1,2,1],123,60].
[[1,8,1,1,2,2,2,3,1],170,80].
[[2,8,1,1,2,2,2,3,1],193,121].
[[3,8,1,1,1,2,2,3,1],50,42].
[[1,8,0,0,0,0,0,0,0],85,204].
[[2,8,0,1,2,2,2,2,1],66,155].
[[3,7,0,1,2,2,2,2,1],10,22].
[[2,8,1,1,1,2,2,3,1],73,25].
[[3,5,0,1,1,2,1,2,0],41,1].
[[1,9,2,1,2,2,2,3,0],167,219].
[[2,8,0,1,2,2,2,3,0],47,102].
[[3,8,0,1,2,2,2,3,0],37,128].
[[1,8,1,1,2,2,2,2,1],195,87].
[[2,8,1,1,2,2,2,2,1],232,135].
[[3,8,1,1,2,2,2,2,1],115,92].
[[1,8,1,0,0,0,2,2,1],253,134].
[[2,8,1,1,2,0,2,2,1],48,57].
[[3,8,1,1,2,2,1,2,1],211,133].
[[1,8,1,0,0,0,2,3,1],233,110].
[[2,8,1,1,2,0,2,3,1],69,42].
[[3,6,1,1,2,0,2,3,1],22,1].
[[1,9,2,0,0,0,2,1,0],31,89].
[[2,8,1,0,0,0,1,2,1],100,58].
[[3,6,1,1,2,0,1,2,1],8,1].
[[1,9,2,0,0,0,2,3,1],120,264].
[[2,9,1,1,2,0,1,2,1],2,14].
[[3,9,1,1,1,0,1,2,1],3,20].
[[2,9,2,1,2,0,2,1,1],4,15].
[[3,8,0,1,2,0,2,1,1],2,11].
[[1,4,2,1,2,0,2,3,1],18,3].
[[2,4,2,1,2,0,2,1,1],21,1].
[[3,4,2,1,2,0,1,1,1],90,4].
[[2,6,1,0,0,0,2,3,1],29,0].
[[3,3,1,1,2,2,2,3,1],12,2].
[[2,9,2,1,2,0,2,3,0],9,41].
[[3,9,1,1,2,2,1,2,0],30,78].
[[1,9,2,1,1,2,2,3,0],102,51].
[[2,4,2,1,2,0,2,3,0],60,2].
[[3,4,2,1,2,0,2,3,0],94,3].
[[2,9,1,0,0,0,1,1,1],14,13].
[[3,8,0,0,0,0,1,1,1],2,17].
[[1,8,1,1,1,2,2,3,0],6,1].
[[1,7,1,0,0,0,0,0,0],45,28].
[[2,7,1,0,0,0,0,0,0],55,29].
[[3,7,1,1,2,0,0,0,0],7,6].
[[2,9,1,1,2,2,1,2,0],32,53].
[[1,9,2,1,2,2,0,0,0],80,241].
[[3,7,1,1,2,2,2,2,1],141,78].
[[1,8,1,0,0,0,2,1,1],90,49].
[[2,8,1,0,0,0,2,1,1],56,35].
[[3,8,1,1,2,0,1,1,1],37,36].
[[1,9,2,0,0,0,1,1,1],31,38].
[[2,9,1,1,2,2,1,1,1],14,40].
[[1,9,2,0,0,0,0,0,0],50,251].
[[3,7,1,1,2,0,2,2,1],43,18].
[[2,9,2,1,2,2,2,3,1],31,123].
[[3,9,1,1,1,2,2,3,1],1,11].
[[1,8,0,1,2,2,0,0,0],157,242].
[[2,8,0,1,2,2,2,3,1],56,140].
[[3,8,0,1,2,2,2,3,1],19,94].
[[1,8,1,1,2,2,2,1,1],89,35].
[[2,7,1,1,2,2,2,1,1],36,20].
[[3,7,1,1,1,2,1,1,1],22,18].
[[1,8,0,0,0,0,2,2,1],24,48].
[[2,8,0,1,2,2,1,1,1],12,18].
[[3,7,1,1,2,2,1,1,1],33,27].
[[2,9,1,1,2,0,2,3,0],3,19].
[[3,9,1,1,1,0,1,2,0],2,15].
[[1,4,2,1,2,0,2,2,1],25,1].
[[2,9,2,1,2,2,0,0,0],2,46].
[[3,9,2,1,1,2,2,1,0],0,5].
[[1,8,1,1,1,2,2,3,1],30,6].
[[2,4,2,1,2,0,1,2,1],58,3].
[[3,4,2,1,2,0,1,2,1],191,3].
[[3,8,1,0,0,0,1,2,1],68,45].
[[1,9,2,1,2,2,2,2,1],172,352].
[[2,9,2,1,2,2,2,2,1],22,142].
[[3,9,1,1,2,2,1,1,1],19,82].
[[1,8,1,0,0,0,0,0,0],315,175].
[[3,7,1,1,2,0,2,3,1],47,23].
[[2,7,1,1,2,2,2,2,1],57,31].
[[2,8,1,0,0,0,2,2,1],145,84].
[[3,7,2,0,0,0,2,2,1],23,0].
[[2,7,2,0,0,0,2,1,1],17,1].
[[3,7,2,0,0,0,2,1,1],13,0].
[[1,8,0,1,2,2,2,2,1],37,63].
[[1,9,2,1,2,0,2,3,1],17,31].
[[2,9,1,1,1,0,1,2,1],0,6].
[[3,8,0,1,1,0,1,2,1],1,11].
[[2,9,2,1,2,2,1,2,1],56,128].
[[1,9,2,1,1,2,1,1,1],17,9].
[[2,4,2,1,2,0,1,1,1],26,1].
[[2,9,1,1,2,2,2,3,0],29,72].
[[2,8,0,0,0,0,2,2,1],24,85].
[[3,7,0,0,0,0,2,2,1],5,4].
[[1,8,1,1,2,0,1,1,1],4,0].
[[2,8,1,1,2,0,1,1,1],15,16].
[[3,8,1,1,2,2,1,1,1],88,96].
[[1,9,2,1,2,2,2,1,1],87,152].
[[2,9,1,1,2,2,2,1,1],7,24].
[[3,8,0,1,1,2,2,1,1],10,33].
[[3,6,0,1,1,2,2,3,1],5,6].
[[1,9,2,1,2,2,1,1,1],45,40].
[[2,9,2,1,2,2,1,1,1],26,55].
[[3,9,2,1,2,2,1,2,1],8,42].
[[1,8,0,1,2,2,2,2,0],22,22].
[[2,8,0,1,2,2,2,2,0],30,44].
[[3,7,0,1,1,2,2,2,0],5,6].
[[2,8,0,0,0,0,2,2,0],23,25].
[[3,8,0,1,2,2,2,2,0],13,74].
[[2,7,0,1,2,2,0,0,0],11,20].
[[3,7,0,1,2,2,2,1,0],3,9].
[[3,7,1,1,2,2,1,2,1],89,30].
[[2,9,1,1,2,2,1,2,1],39,86].
[[1,9,2,1,2,0,0,0,0],8,37].
[[2,9,2,1,2,0,0,0,0],0,8].
[[3,8,0,1,2,2,0,0,0],0,38].
[[2,8,0,1,2,0,2,3,1],3,21].
[[3,8,0,1,2,0,2,3,1],2,22].
[[3,8,0,1,2,2,1,2,1],54,176].
[[2,9,2,1,2,2,2,1,0],12,44].
[[3,8,0,1,2,2,2,1,0],6,49].
[[1,8,0,0,0,0,2,3,1],22,35].
[[2,7,0,0,0,0,2,3,1],1,1].
[[3,7,0,1,2,2,1,2,1],1,8].
[[1,8,1,0,0,0,1,2,1],53,41].
[[2,6,0,1,2,2,0,0,0],5,15].
[[3,6,0,1,2,2,2,2,0],2,3].
[[2,7,2,1,2,0,2,2,1],12,2].
[[3,7,2,1,2,0,2,2,1],28,4].
[[1,9,2,0,0,0,2,2,1],128,295].
[[3,8,0,0,0,0,1,2,1],12,37].
[[3,9,1,1,2,2,2,3,0],8,79].
[[2,8,1,1,2,2,0,0,0],25,25].
[[3,7,1,1,2,2,0,0,0],34,21].
[[1,8,0,0,0,0,2,1,1],10,22].
[[2,8,0,0,0,0,2,1,1],17,35].
[[2,7,1,0,0,0,2,2,1],34,23].
[[2,8,0,1,1,2,0,0,0],25,45].
[[3,8,0,1,1,2,0,0,0],0,23].
[[3,7,1,0,0,0,2,2,1],38,23].
[[2,9,1,0,0,0,1,1,0],3,4].
[[3,8,0,1,2,0,1,1,0],7,6].
[[2,8,1,1,2,2,1,2,1],135,77].
[[1,9,2,1,1,2,2,3,1],90,67].
[[2,9,2,1,1,2,2,2,1],34,50].
[[3,9,1,1,1,2,2,2,1],2,25].
[[2,9,2,0,0,0,2,1,1],6,31].
[[3,8,0,1,2,2,2,1,1],10,60].
[[2,9,2,1,1,2,2,3,1],34,49].
[[3,8,0,1,1,2,2,3,1],23,79].
[[2,9,2,0,0,0,2,1,0],5,35].
[[3,8,0,0,0,0,2,1,0],1,14].
[[1,9,2,0,0,0,1,2,1],62,85].
[[3,9,1,1,2,0,1,2,1],6,64].
[[2,9,2,1,2,0,1,2,1],15,23].
[[3,5,0,1,2,0,1,1,1],17,2].
[[2,8,1,1,2,0,2,3,0],20,13].
[[3,8,1,1,1,0,1,2,1],20,26].
[[2,9,2,1,2,2,2,3,0],37,118].
[[3,7,1,1,2,2,2,3,1],118,54].
[[3,7,1,1,1,2,2,3,1],64,17].
[[2,9,1,1,2,2,2,3,1],5,47].
[[1,9,2,0,0,0,1,2,0],52,50].
[[2,8,1,0,0,0,1,2,0],12,4].
[[3,6,1,0,0,0,1,2,0],1,0].
[[2,9,1,0,0,0,2,3,0],20,34].
[[2,8,1,1,2,0,1,2,1],23,24].
[[3,7,2,1,2,0,1,2,1],33,0].
[[1,7,2,0,0,0,0,0,0],87,14].
[[2,7,2,1,2,2,2,2,1],35,5].
[[3,7,2,1,1,2,1,2,1],17,2].
[[2,6,1,0,0,0,2,2,1],19,0].
[[3,3,1,1,2,0,2,2,1],7,0].
[[1,9,2,1,2,2,2,2,0],71,111].
[[2,8,0,1,1,2,2,2,0],14,17].
[[3,8,0,1,1,2,2,2,0],16,46].
[[3,6,1,1,2,2,2,2,1],30,3].
[[1,9,2,1,2,2,2,1,0],38,74].
[[2,9,1,1,1,2,2,2,1],24,27].
[[3,8,0,1,1,2,2,2,1],28,98].
[[1,8,1,1,1,2,0,0,0],45,13].
[[3,7,2,1,1,2,2,2,1],24,4].
[[2,8,0,1,2,0,1,2,1],3,6].
[[3,8,1,1,2,2,2,1,1],43,29].
[[2,8,1,1,2,2,1,1,1],67,61].
[[1,8,1,1,2,2,2,2,0],18,7].
[[2,8,1,1,1,2,2,3,0],20,10].
[[3,4,2,1,2,0,1,2,0],84,3].
[[3,8,0,1,2,2,1,1,1],22,66].
[[2,8,1,0,0,0,2,3,1],153,75].
[[3,7,1,0,0,0,2,3,1],38,13].
[[3,5,0,0,0,0,1,1,1],13,0].
[[3,8,1,0,0,0,2,3,1],32,15].
[[3,8,1,1,2,2,2,3,1],83,68].
[[2,7,1,1,2,2,0,0,0],88,47].
[[3,7,1,1,2,2,2,1,1],61,26].
[[2,8,1,1,1,2,0,0,0],9,6].
[[3,8,1,1,1,2,2,3,0],9,10].
[[2,9,1,1,2,2,2,1,0],11,24].
[[3,7,1,1,2,2,2,3,0],32,12].
[[3,9,1,1,2,0,1,2,0],10,34].
[[2,8,0,1,2,2,0,0,0],22,115].
[[2,8,1,1,2,2,2,1,1],108,42].
[[1,8,0,1,1,2,2,2,0],9,1].
[[2,4,2,1,2,0,2,2,0],13,0].
[[3,4,2,1,2,0,2,2,0],29,0].
[[2,9,2,0,0,0,2,2,1],14,60].
[[3,9,1,1,2,2,2,2,1],12,39].
[[1,8,1,1,2,2,1,2,0],7,5].
[[2,7,2,1,2,2,1,1,1],6,3].
[[3,7,2,1,1,0,1,1,1],0,4].
[[2,7,1,1,1,2,2,1,1],7,4].
[[3,7,1,1,1,2,2,1,1],33,12].
[[2,9,1,1,2,2,2,2,0],14,37].
[[3,9,1,1,1,2,1,2,0],24,63].
[[1,8,1,0,0,0,1,1,1],26,22].
[[2,8,1,0,0,0,1,1,1],51,26].
[[3,7,2,0,0,0,1,2,1],28,2].
[[1,9,2,0,0,0,2,2,0],80,93].
[[1,8,1,1,2,0,2,2,1],29,13].
[[2,9,2,0,0,0,1,1,1],17,28].
[[3,9,1,0,0,0,1,1,1],6,12].
[[2,9,2,1,2,0,2,1,0],1,15].
[[1,9,2,1,1,2,2,2,0],40,21].
[[2,5,0,1,1,2,1,2,0],10,1].
[[1,8,0,1,1,2,0,0,0],62,53].
[[2,4,2,1,2,0,0,0,0],15,0].
[[1,7,2,0,0,0,1,1,1],2,1].
[[2,7,2,1,2,0,1,1,1],4,1].
[[3,7,1,1,2,0,1,1,1],13,2].
[[2,8,0,0,0,0,0,0,0],12,67].
[[3,7,0,1,2,2,0,0,0],3,25].
[[3,8,1,1,2,0,1,2,1],75,66].
[[1,7,2,0,0,0,2,2,1],21,1].
[[2,7,2,0,0,0,1,2,1],22,2].
[[3,3,2,1,2,0,1,2,1],1,0].
[[2,9,2,1,1,2,2,1,1],9,27].
[[3,8,1,1,1,2,2,1,1],17,15].
[[2,7,1,1,2,2,2,2,0],5,3].
[[3,7,1,1,2,2,1,2,0],17,6].
[[1,9,2,1,1,2,0,0,0],55,67].
[[3,4,2,1,2,0,2,1,0],28,3].
[[3,9,1,1,1,2,1,2,1],23,134].
[[3,9,2,1,2,2,1,1,1],2,32].
[[3,9,1,1,2,2,1,2,1],44,214].
[[2,9,2,1,2,2,2,1,1],17,57].
[[3,9,1,1,2,2,1,1,0],5,22].
[[3,8,0,1,2,2,2,2,1],28,112].
[[2,9,2,0,0,0,0,0,0],1,24].
[[3,8,1,1,2,0,2,3,1],32,30].
[[2,9,1,1,2,2,1,1,0],4,12].
[[2,9,1,1,1,2,2,3,0],22,29].
[[2,8,0,1,2,2,1,2,0],27,26].
[[2,9,2,0,0,0,2,2,0],11,26].
[[3,7,2,1,1,2,2,1,1],11,0].
[[2,8,0,1,2,0,2,3,0],9,14].
[[3,8,0,1,2,0,2,3,0],9,33].
[[3,6,0,1,2,2,1,2,1],1,7].
[[2,8,1,0,0,0,2,3,0],37,24].
[[3,7,2,1,2,0,2,3,0],1,1].
[[2,9,1,1,2,0,1,1,1],5,12].
[[3,8,0,1,2,0,1,1,1],5,12].
[[3,8,1,1,2,2,2,3,0],16,31].
[[1,8,0,1,2,2,2,1,0],12,21].
[[2,8,0,1,2,2,1,1,0],4,7].
[[3,8,0,1,2,2,1,1,0],6,12].
[[3,7,1,1,2,0,2,3,0],7,6].
[[1,9,2,1,2,0,1,2,0],1,7].
[[1,8,1,1,2,2,1,2,1],47,25].
[[1,8,0,1,2,2,2,3,0],27,51].
[[3,6,0,1,2,2,2,3,0],3,10].
[[2,9,2,1,2,2,1,2,0],35,58].
[[3,8,0,1,2,2,1,2,0],37,77].
[[2,9,1,1,1,2,1,2,0],23,17].
[[1,9,2,0,0,0,1,1,0],9,10].
[[2,8,0,0,0,0,1,1,0],6,4].
[[3,6,0,0,0,0,1,1,0],0,1].
[[2,8,0,0,0,0,2,3,1],24,57].
[[3,8,0,0,0,0,1,2,0],14,20].
[[3,7,1,1,1,2,1,2,0],6,4].
[[3,7,1,1,1,2,2,2,1],64,35].
[[1,8,0,0,0,0,2,1,0],10,13].
[[2,7,1,1,2,0,1,1,1],3,1].
[[1,9,2,1,1,2,1,2,0],24,8].
[[2,9,2,1,1,2,1,2,0],31,23].
[[3,9,2,1,1,2,1,2,0],3,11].
[[3,9,1,1,1,2,2,3,0],2,54].
[[3,7,2,1,2,2,1,2,1],48,4].
[[1,9,2,1,2,0,2,1,1],8,30].
[[3,5,0,1,2,2,1,1,0],17,5].
[[3,9,1,1,1,2,1,1,1],13,50].
[[3,8,1,0,0,0,2,1,1],11,8].
[[2,9,2,1,1,2,2,3,0],44,43].
[[2,6,1,1,2,2,1,2,0],2,0].
[[3,3,2,1,2,2,1,2,0],1,0].
[[2,8,1,1,1,2,2,1,0],6,3].
[[3,8,1,1,1,2,1,2,0],26,10].
[[2,9,2,0,0,0,1,1,0],5,2].
[[3,5,0,1,2,0,1,1,0],4,2].
[[2,8,1,1,2,0,2,1,1],30,16].
[[3,8,1,1,1,0,2,1,1],4,4].
[[2,9,1,1,2,2,2,2,1],18,61].
[[3,8,0,0,0,0,2,2,1],9,37].
[[3,8,0,1,1,2,1,2,1],27,112].
[[3,8,0,0,0,0,2,3,1],5,24].
[[2,4,2,1,2,0,2,3,1],38,4].
[[2,8,1,1,2,0,0,0,0],4,12].
[[3,8,1,1,2,0,2,3,0],9,15].
[[3,8,0,1,1,2,2,3,0],29,96].
[[3,7,1,1,2,0,2,1,1],17,12].
[[1,8,0,1,2,2,2,3,1],41,59].
[[2,8,0,1,2,2,1,2,1],30,48].
[[2,6,1,1,2,2,2,3,1],17,1].
[[3,6,1,1,1,2,2,3,1],15,2].
[[1,8,1,0,0,0,2,2,0],21,8].
[[2,8,1,1,2,0,2,2,0],6,2].
[[3,6,1,1,2,0,2,2,0],2,0].
[[2,7,2,1,2,2,1,2,1],10,2].
[[3,9,1,1,1,2,2,2,0],4,16].
[[2,8,0,1,1,2,2,2,1],59,64].
[[1,9,2,1,2,0,2,2,1],10,43].
[[3,7,0,1,2,2,2,3,0],4,19].
[[2,8,0,0,0,0,2,1,0],11,21].
[[2,5,0,1,2,2,1,1,1],31,2].
[[3,5,0,1,2,2,1,1,1],57,3].
[[3,8,0,0,0,0,2,1,1],4,17].
[[1,8,1,1,2,0,0,0,0],33,30].
[[3,9,1,1,2,0,2,3,0],2,27].
[[2,9,2,1,2,0,2,2,1],8,20].
[[3,9,1,1,1,0,2,2,1],0,6].
[[2,8,0,1,1,2,2,1,1],28,34].
[[3,6,0,1,1,2,2,1,1],0,7].
[[2,9,1,1,2,0,2,2,1],8,13].
[[3,9,1,1,2,0,2,2,1],2,13].
[[1,8,0,1,1,2,2,2,1],17,12].
[[2,9,2,1,2,0,1,1,1],6,9].
[[2,9,1,1,1,2,2,2,0],8,7].
[[3,8,1,1,2,0,2,2,1],48,28].
[[2,7,1,1,2,2,1,2,1],19,9].
[[1,7,1,0,0,0,2,2,1],12,3].
[[2,7,1,0,0,0,2,3,1],33,17].
[[3,9,2,1,2,2,1,2,0],5,10].
[[1,7,2,1,2,2,0,0,0],33,6].
[[2,7,2,1,2,2,2,3,1],37,2].
[[3,3,2,1,2,2,2,3,1],6,0].
[[2,9,1,0,0,0,1,2,0],13,30].
[[2,8,0,0,0,0,1,2,1],5,21].
[[3,8,0,1,2,0,1,2,1],8,33].
[[2,9,2,0,0,0,1,2,0],16,21].
[[3,8,0,1,1,2,2,1,0],7,31].
[[2,8,1,0,0,0,0,0,0],15,16].
[[3,8,1,1,2,2,2,1,0],6,16].
[[3,9,1,1,2,2,2,3,1],2,18].
[[3,8,0,1,2,0,2,2,1],3,30].
[[2,8,1,1,1,0,2,2,1],8,5].
[[3,7,1,1,1,0,2,2,1],7,8].
[[2,9,1,0,0,0,1,2,1],35,46].
[[2,7,2,0,0,0,2,3,1],39,3].
[[2,7,1,1,2,2,1,1,1],15,3].
[[2,7,2,1,2,2,0,0,0],34,3].
[[3,7,2,1,2,2,2,1,1],25,2].
[[1,8,1,1,2,2,2,3,0],34,15].
[[2,7,1,1,1,2,2,3,0],3,1].
[[3,3,1,1,1,2,2,3,0],1,0].
[[2,8,0,1,2,0,2,1,1],5,11].
[[2,8,1,1,1,2,2,1,1],36,15].
[[2,8,0,1,2,2,2,1,0],16,32].
[[3,7,1,1,1,0,0,0,0],1,4].
[[1,8,1,1,2,0,1,2,1],2,6].
[[2,7,1,1,2,0,1,2,1],1,4].
[[3,7,0,1,2,0,1,2,1],0,3].
[[3,8,0,0,0,0,2,2,0],5,14].
[[1,7,1,1,2,2,0,0,0],71,23].
[[2,5,0,1,2,0,1,1,1],3,0].
[[2,9,2,1,2,0,1,1,0],0,2].
[[3,7,1,0,0,0,1,2,1],36,6].
[[1,6,1,0,0,0,2,3,1],10,0].
[[2,6,1,1,2,2,1,2,1],6,0].
[[3,6,1,1,2,2,1,2,1],15,0].
[[1,3,2,0,0,0,0,0,0],7,0].
[[2,3,2,1,2,0,0,0,0],3,0].
[[3,3,2,1,2,2,0,0,0],9,1].
[[3,8,0,1,1,0,2,2,1],0,5].
[[2,9,2,0,0,0,2,3,0],23,70].
[[1,6,1,0,0,0,0,0,0],97,6].
[[2,6,1,1,2,2,2,2,1],21,2].
[[3,3,1,1,1,2,2,2,1],5,2].
[[1,9,2,1,1,2,1,2,1],38,22].
[[2,9,2,0,0,0,2,3,1],17,57].
[[3,7,0,1,1,2,2,3,1],7,16].
[[2,7,2,1,1,0,1,2,1],1,1].
[[3,7,2,1,1,0,1,2,1],5,5].
[[2,7,1,1,2,0,2,3,1],11,9].
[[3,7,1,1,1,0,1,2,1],3,4].
[[2,9,2,1,1,2,0,0,0],10,22].
[[3,9,2,1,2,2,2,3,0],2,28].
[[3,8,0,1,1,2,1,2,0],43,38].
[[2,8,1,1,2,2,1,1,0],7,11].
[[3,8,1,1,2,2,1,1,0],10,10].
[[2,9,2,1,1,2,1,2,1],36,53].
[[1,8,0,1,2,2,1,2,0],2,4].
[[2,6,0,0,0,0,0,0,0],0,6].
[[3,6,0,0,0,0,2,2,0],2,1].
[[2,5,0,1,2,0,1,2,0],5,0].
[[3,5,0,1,2,0,1,2,0],17,0].
[[2,6,1,1,2,0,0,0,0],8,1].
[[3,6,1,1,2,0,2,2,1],9,2].
[[1,7,2,1,2,2,2,1,1],3,2].
[[2,7,2,1,1,2,2,1,1],1,1].
[[1,8,0,1,1,2,2,1,1],12,7].
[[2,6,0,1,1,2,2,1,1],0,3].
[[3,6,0,1,1,2,1,2,1],0,4].
[[1,8,0,1,2,2,2,1,1],15,35].
[[2,8,0,1,2,2,2,1,1],30,74].
[[2,9,1,1,2,2,0,0,0],0,18].
[[3,9,1,0,0,0,1,2,0],4,20].
[[2,3,1,1,2,2,0,0,0],13,1].
[[3,3,1,1,2,2,2,1,1],7,0].
[[1,8,1,1,2,0,2,3,1],32,14].
[[3,7,2,1,2,0,1,1,1],6,3].
[[2,6,1,0,0,0,0,0,0],36,3].
[[3,6,1,1,2,2,2,3,1],32,2].
[[2,9,1,0,0,0,2,1,0],4,13].
[[3,9,1,1,2,2,2,1,0],6,35].
[[3,9,2,1,1,2,1,1,1],4,16].
[[2,7,1,1,1,2,2,2,1],19,5].
[[1,4,2,1,2,0,2,3,0],18,1].
[[3,9,1,1,2,0,2,1,0],1,15].
[[2,8,0,1,1,2,2,3,0],45,36].
[[3,7,0,1,1,2,2,2,1],5,24].
[[2,7,2,1,1,2,0,0,0],7,0].
[[3,7,2,1,1,2,2,3,1],16,0].
[[1,4,2,1,2,0,1,2,1],8,0].
[[2,4,2,1,2,0,1,1,0],6,1].
[[3,4,2,1,2,0,1,1,0],25,0].
[[3,3,1,1,2,2,0,0,0],25,4].
[[2,6,0,1,2,2,2,2,1],1,7].
[[2,7,2,0,0,0,0,0,0],33,7].
[[3,7,2,1,2,0,2,1,1],18,2].
[[2,9,1,1,1,2,1,1,1],13,14].
[[3,7,2,0,0,0,1,1,1],6,1].
[[2,8,1,1,2,2,2,3,0],50,30].
[[3,6,1,1,2,2,2,3,0],8,0].
[[1,6,1,1,2,2,2,3,1],4,0].
[[1,8,0,0,0,0,2,2,0],15,11].
[[2,7,1,0,0,0,2,2,0],7,1].
[[2,6,1,1,2,2,0,0,0],24,2].
[[3,6,1,1,2,2,0,0,0],3,1].
[[2,9,1,1,1,2,0,0,0],3,4].
[[3,4,2,1,2,0,0,0,0],15,0].
[[2,7,1,1,2,2,2,3,1],64,22].
[[3,7,0,1,1,2,1,2,1],1,8].
[[3,7,2,1,2,2,2,3,1],40,2].
[[2,9,1,1,2,0,2,3,1],1,6].
[[2,9,1,0,0,0,2,2,0],2,22].
[[2,9,1,1,1,2,2,3,1],7,10].
[[1,4,2,1,2,0,2,2,0],5,0].
[[2,4,2,1,2,0,1,2,0],21,0].
[[2,9,2,1,2,0,1,2,0],6,15].
[[3,8,1,1,1,0,1,2,0],4,4].
[[2,9,1,0,0,0,2,3,1],4,12].
[[2,9,2,1,2,2,2,2,0],24,58].
[[3,8,1,0,0,0,2,2,1],36,21].
[[2,9,2,1,1,2,2,2,0],18,26].
[[3,9,2,1,1,2,2,2,0],2,10].
[[3,8,0,1,1,0,2,3,1],2,10].
[[3,6,1,1,1,2,2,3,0],4,0].
[[3,6,1,0,0,0,2,1,1],8,1].
[[3,8,1,1,2,0,2,1,0],3,6].
[[1,8,0,1,1,2,2,1,0],2,0].
[[2,7,1,1,1,2,1,1,1],4,2].
[[3,7,2,1,2,0,2,3,1],22,9].
[[3,5,0,1,2,2,1,2,0],61,2].
[[3,8,1,1,1,0,2,2,1],10,20].
[[2,7,1,1,2,0,2,1,1],5,2].
[[3,7,0,1,2,2,2,1,1],2,8].
[[1,9,2,1,2,0,2,2,0],8,18].
[[3,9,1,1,2,2,2,2,0],5,25].
[[2,7,1,0,0,0,2,1,1],14,9].
[[3,8,1,1,1,2,1,1,1],52,56].
[[2,7,2,0,0,0,2,2,1],45,3].
[[1,6,0,1,2,2,0,0,0],5,9].
[[2,6,0,1,2,2,2,3,1],0,5].
[[1,8,0,0,0,0,2,3,0],31,31].
[[2,7,0,1,2,2,2,3,0],1,5].
[[3,7,0,1,1,2,2,3,0],4,7].
[[2,5,0,1,2,2,1,1,0],5,2].
[[3,5,0,1,1,0,1,1,0],2,2].
[[3,7,0,1,2,2,2,2,0],6,13].
[[2,7,1,0,0,0,2,3,0],10,1].
[[3,7,1,0,0,0,2,3,0],13,5].
[[2,6,1,1,1,2,2,2,1],5,0].
[[3,6,1,1,1,2,2,2,1],13,0].
[[3,9,2,1,2,0,2,3,0],1,13].
[[3,8,0,0,0,0,2,3,0],18,24].
[[3,8,1,0,0,0,1,1,1],36,26].
[[1,8,1,0,0,0,2,3,0],43,18].
[[2,8,0,1,1,2,1,2,0],11,8].
[[1,9,2,1,2,0,1,2,1],4,15].
[[2,7,1,1,1,2,0,0,0],23,9].
[[3,4,2,1,2,0,2,3,1],72,6].
[[2,7,1,1,2,2,2,3,0],17,7].
[[1,8,1,1,2,2,1,1,1],26,15].
[[3,7,1,1,2,0,1,2,1],16,14].
[[2,5,0,1,2,2,1,2,0],13,0].
[[3,9,2,1,2,0,0,0,0],0,2].
[[2,8,0,0,0,0,1,2,0],12,14].
[[3,6,0,1,2,2,2,3,1],6,6].
[[2,7,2,1,2,2,2,1,1],12,4].
[[3,7,2,1,1,2,1,1,1],5,0].
[[1,9,2,1,1,2,2,1,0],26,13].
[[2,9,2,1,1,2,2,1,0],9,21].
[[3,7,1,0,0,0,1,1,1],12,6].
[[2,8,0,1,1,2,1,1,1],4,10].
[[2,7,2,1,2,0,0,0,0],14,7].
[[2,9,1,0,0,0,2,2,1],14,25].
[[2,9,2,1,2,0,2,2,0],9,10].
[[3,9,1,1,2,0,2,2,0],1,15].
[[3,7,1,1,1,2,0,0,0],8,10].
[[1,9,2,1,2,2,1,1,0],10,11].
[[3,9,1,1,1,2,1,1,0],3,21].
[[3,7,2,1,2,2,2,2,1],60,4].
[[3,3,1,1,2,2,2,2,1],14,4].
[[2,8,0,1,1,2,1,2,1],11,17].
[[3,9,2,0,0,0,2,3,0],1,5].
[[2,8,0,1,1,2,2,1,0],7,13].
[[3,8,1,1,1,0,2,3,1],10,9].
[[1,7,1,0,0,0,2,1,1],7,1].
[[2,3,1,0,0,0,2,1,1],1,0].
[[3,3,1,1,2,2,1,1,1],6,0].
[[1,8,0,1,1,2,1,2,0],2,1].
[[3,6,0,1,1,2,1,2,0],2,0].
[[1,4,2,1,2,0,0,0,0],15,2].
[[3,6,1,1,2,0,2,3,0],7,0].
[[3,9,2,0,0,0,1,1,1],1,5].
[[3,8,1,1,2,2,2,2,0],8,19].
[[3,6,0,0,0,0,2,3,0],0,1].
[[2,9,2,1,2,0,2,3,1],8,32].
[[1,9,2,1,2,0,2,3,0],10,30].
[[3,9,2,1,2,0,1,2,0],2,7].
[[1,8,1,0,0,0,2,1,0],11,6].
[[2,8,1,0,0,0,2,1,0],5,8].
[[3,8,1,0,0,0,2,1,0],2,4].
[[3,9,2,1,1,2,1,2,1],5,26].
[[3,8,1,1,1,0,1,1,1],10,15].
[[2,8,1,1,1,2,1,1,1],29,14].
[[2,9,1,1,2,0,1,2,0],8,12].
[[3,9,1,1,1,0,1,1,1],0,11].
[[3,6,0,1,2,2,2,1,0],1,1].
[[2,7,2,1,1,2,2,2,1],5,0].
[[3,3,1,1,2,0,2,3,1],3,0].
[[3,6,1,1,1,0,2,3,1],1,2].
[[3,8,1,1,1,2,2,2,0],4,4].
[[3,9,2,1,2,0,1,1,1],0,12].
[[3,7,1,1,1,2,2,3,0],3,12].
[[3,7,2,0,0,0,2,3,1],15,1].
[[2,5,0,0,0,0,1,2,0],8,0].
[[2,9,1,1,2,0,2,2,0],2,7].
[[3,6,0,1,1,2,2,3,0],0,4].
[[3,7,1,0,0,0,2,1,1],19,9].
[[1,8,1,1,1,2,2,2,0],3,0].
[[2,8,1,1,1,2,1,2,0],10,2].
[[3,5,0,1,1,2,1,1,0],8,4].
[[1,6,1,1,2,2,0,0,0],22,3].
[[3,6,0,1,2,2,2,2,1],6,12].
[[1,7,2,0,0,0,2,1,1],8,3].
[[1,7,1,1,2,2,2,2,1],8,4].
[[2,8,1,1,2,2,2,2,0],18,13].
[[3,7,1,1,2,2,2,2,0],8,7].
[[2,4,2,1,2,0,2,1,0],20,1].
[[2,9,1,1,1,0,2,1,0],0,1].
[[3,4,0,1,2,0,2,1,1],0,2].
[[3,6,1,0,0,0,2,2,1],14,0].
[[3,4,2,1,2,0,2,1,1],36,1].
[[3,7,0,0,0,0,2,3,1],2,3].
[[3,7,1,1,2,0,2,2,0],2,1].
[[1,4,2,1,2,0,1,1,1],3,0].
[[3,6,1,1,1,2,1,1,1],4,2].
[[3,9,2,1,2,0,1,2,1],3,16].
[[3,2,1,0,0,0,2,3,1],3,0].
[[2,3,2,1,2,2,0,0,0],5,0].
[[2,8,1,0,0,0,2,2,0],14,9].
[[2,7,1,1,2,0,2,2,1],8,2].
[[2,7,1,1,1,2,2,3,1],10,3].
[[2,6,1,1,2,0,2,2,1],6,1].
[[1,9,2,1,2,0,2,1,0],5,8].
[[2,9,1,1,2,0,2,1,0],1,7].
[[3,8,0,1,2,0,2,1,0],3,14].
[[2,6,1,1,2,2,2,3,0],5,0].
[[3,5,0,1,2,0,1,2,1],1,0].
[[2,7,0,1,2,2,2,2,1],3,4].
[[3,6,1,0,0,0,1,2,1],12,0].
[[2,5,0,1,1,2,1,1,1],12,0].
[[3,5,0,1,1,2,1,1,1],45,5].
[[2,7,0,1,2,2,2,2,0],3,4].
[[2,6,1,0,0,0,2,1,1],11,1].
[[3,3,1,0,0,0,2,1,1],4,0].
[[3,6,1,1,2,2,1,1,1],7,5].
[[1,8,1,0,0,0,1,2,0],9,3].
[[3,7,2,1,2,2,1,1,1],18,9].
[[3,8,1,0,0,0,1,2,0],10,6].
[[1,7,1,1,2,2,1,2,1],2,1].
[[3,9,1,0,0,0,2,3,0],3,17].
[[3,8,1,0,0,0,2,3,0],5,8].
[[1,7,2,0,0,0,2,3,1],17,3].
[[1,8,0,1,2,2,1,1,1],0,1].
[[3,7,0,1,2,2,2,3,1],9,17].
[[3,6,1,0,0,0,2,3,1],13,1].
[[3,6,1,1,2,2,1,2,0],5,0].
[[3,9,1,0,0,0,2,1,0],0,6].
[[3,6,1,1,1,2,1,2,1],11,0].
[[3,9,1,1,1,2,2,1,1],2,15].
[[3,7,0,0,0,0,1,2,1],0,1].
[[3,9,2,1,1,2,2,3,0],0,12].
[[2,3,2,0,0,0,0,0,0],12,0].
[[3,3,2,0,0,0,2,2,1],7,0].
[[1,6,0,0,0,0,0,0,0],0,4].
[[2,3,1,0,0,0,0,0,0],5,2].
[[2,7,1,0,0,0,1,2,1],10,4].
[[3,9,1,1,1,2,2,1,0],0,23].
[[1,8,1,1,2,2,2,1,0],10,9].
[[1,8,0,0,0,0,1,1,0],3,1].
[[3,8,0,1,1,2,1,1,0],9,14].
[[1,4,2,1,2,0,1,2,0],5,0].
[[2,7,2,1,1,2,2,3,1],5,1].
[[1,8,1,1,1,2,1,2,1],9,5].
[[3,6,1,1,2,2,2,1,1],17,0].
[[3,7,1,1,1,2,2,2,0],4,3].
[[3,6,1,1,2,0,2,1,1],6,1].
[[3,7,0,1,1,2,2,1,1],5,8].
[[2,9,1,1,1,0,2,3,1],1,0].
[[3,3,1,0,0,0,2,3,1],5,0].
[[2,9,2,1,1,0,1,2,1],0,4].
[[2,8,0,1,2,0,0,0,0],1,15].
[[3,7,0,1,2,0,0,0,0],0,5].
[[1,4,2,1,2,0,2,1,1],7,1].
[[3,9,1,1,2,2,2,1,1],1,10].
[[2,9,1,1,1,2,2,1,0],5,9].
[[1,8,0,1,1,2,2,3,0],10,5].
[[3,9,2,1,1,0,2,2,1],0,2].
[[3,9,2,1,2,2,2,2,0],0,8].
[[2,8,0,1,2,0,2,2,1],9,17].
[[3,8,1,1,2,0,2,1,1],12,8].
[[3,6,0,1,1,2,2,2,1],2,6].
[[2,8,1,0,0,0,1,1,0],2,3].
[[3,8,1,1,2,0,1,1,0],0,4].
[[3,8,1,1,1,0,1,1,0],0,2].
[[3,6,1,1,1,0,0,0,0],1,0].
[[3,8,1,1,1,2,1,1,0],5,3].
[[2,6,1,0,0,0,2,3,0],5,1].
[[3,6,1,0,0,0,2,3,0],4,0].
[[3,3,2,0,0,0,2,1,1],4,0].
[[3,8,1,1,2,0,1,2,0],13,5].
[[1,8,1,1,1,2,2,1,1],13,2].
[[2,9,2,1,2,2,1,1,0],6,7].
[[2,7,2,1,2,0,2,1,1],7,1].
[[3,9,2,0,0,0,1,2,1],1,7].
[[1,6,1,1,2,2,1,2,1],1,0].
[[3,3,1,1,2,2,1,2,1],6,0].
[[3,6,1,1,2,2,2,1,0],4,0].
[[2,8,0,0,0,0,1,1,1],4,5].
[[3,7,0,1,2,2,1,1,1],1,3].
[[2,8,1,1,1,2,2,2,0],9,1].
[[3,9,1,1,2,0,1,1,0],3,3].
[[2,9,1,1,1,2,2,1,1],8,9].
[[2,7,1,1,1,2,1,2,1],6,0].
[[2,6,1,0,0,0,2,2,0],2,0].
[[3,6,0,1,1,2,2,1,0],0,2].
[[2,6,0,1,1,2,2,2,1],0,2].
[[3,3,1,1,1,2,1,2,1],2,0].
[[3,7,1,1,1,0,2,3,1],7,9].
[[3,8,1,1,1,0,2,3,0],3,7].
[[2,7,0,1,1,2,2,3,1],1,3].
[[3,9,2,1,2,2,2,1,1],0,2].
[[3,9,1,1,2,2,0,0,0],0,3].
[[2,6,0,1,2,2,2,3,0],4,1].
[[3,8,1,1,1,2,2,1,0],7,4].
[[3,5,0,0,0,0,1,2,1],5,0].
[[2,9,1,1,2,0,1,1,0],1,3].
[[1,7,1,1,2,2,2,1,1],5,3].
[[3,7,0,1,1,2,0,0,0],6,13].
[[2,7,0,1,2,2,2,3,1],2,2].
[[3,9,2,1,1,2,2,2,1],1,6].
[[3,9,1,1,1,2,0,0,0],0,3].
[[1,8,1,1,2,0,2,1,1],17,5].
[[3,9,1,1,1,0,2,3,0],0,7].
[[2,7,2,0,0,0,1,1,1],3,1].
[[3,8,0,1,1,0,1,2,0],1,8].
[[2,6,1,1,2,2,2,1,0],4,0].
[[3,6,1,1,2,2,1,1,0],1,0].
[[1,4,2,1,2,0,2,1,0],4,0].
[[3,9,1,1,2,0,1,1,1],9,18].
[[2,9,2,1,1,0,2,3,1],0,3].
[[1,8,1,0,0,0,1,1,0],4,0].
[[2,7,1,0,0,0,1,1,0],2,0].
[[3,7,1,1,2,0,1,2,0],3,2].
[[3,7,0,0,0,0,2,1,0],1,4].
[[3,7,1,1,1,2,1,1,0],4,1].
[[3,9,2,1,1,2,0,0,0],0,4].
[[1,8,0,1,2,2,1,2,1],2,4].
[[2,6,0,1,2,2,1,2,1],1,1].
[[3,3,2,0,0,0,1,2,1],2,0].
[[1,6,1,0,0,0,2,2,0],1,0].
[[3,6,1,1,1,2,2,2,0],4,0].
[[3,8,0,1,2,0,0,0,0],0,6].
[[2,7,2,1,2,0,2,3,1],18,1].
[[3,8,0,1,1,0,1,1,1],1,6].
[[2,8,1,1,2,0,1,1,0],0,1].
[[3,6,0,1,1,2,0,0,0],1,1].
[[3,7,2,1,1,2,0,0,0],1,1].
[[3,1,1,1,2,0,1,1,1],1,0].
[[1,7,2,1,2,2,1,1,1],1,0].
[[1,8,0,1,1,2,2,3,1],13,7].
[[2,7,1,1,2,0,0,0,0],10,10].
[[3,9,1,1,1,0,2,3,1],0,6].
[[3,8,1,1,2,0,2,2,0],3,4].
[[1,7,2,1,2,2,2,2,1],7,0].
[[2,9,1,0,0,0,2,1,1],2,8].
[[2,8,1,1,1,0,1,2,1],1,2].
[[2,8,0,1,2,0,2,2,0],5,5].
[[3,3,1,1,1,2,2,3,1],3,2].
[[3,8,0,1,1,0,2,3,0],2,7].
[[1,9,2,1,2,0,1,1,1],2,5].
[[3,5,0,1,1,0,1,1,1],3,5].
[[1,6,1,0,0,0,2,3,0],2,0].
[[2,6,1,0,0,0,1,2,0],3,0].
[[3,3,1,0,0,0,1,2,0],1,0].
[[1,6,1,1,2,2,2,2,1],5,0].
[[2,9,1,0,0,0,0,0,0],0,8].
[[2,7,0,1,1,2,2,1,0],1,1].
[[3,7,2,0,0,0,2,3,0],1,0].
[[1,8,1,1,2,0,2,3,0],7,2].
[[2,6,1,1,2,0,2,3,0],1,0].
[[3,3,1,1,2,0,2,3,0],1,0].
[[3,6,1,1,1,0,2,2,1],3,0].
[[3,6,0,1,2,2,0,0,0],0,12].
[[3,8,0,1,1,0,2,2,0],0,3].
[[2,6,1,1,2,0,2,3,1],5,0].
[[3,9,1,1,1,0,2,1,0],0,4].
[[2,9,2,1,1,0,2,1,1],0,3].
[[3,8,0,1,1,0,2,1,1],1,3].
[[3,7,2,1,1,0,2,2,1],6,4].
[[2,8,1,1,2,2,2,1,0],6,11].
[[3,7,1,0,0,0,0,0,0],9,3].
[[2,7,0,1,1,2,2,2,1],2,1].
[[3,3,0,1,2,2,0,0,0],0,1].
[[3,3,1,0,0,0,0,0,0],10,2].
[[3,7,1,0,0,0,1,2,0],3,2].
[[3,3,2,1,2,2,2,1,1],4,0].
[[3,7,0,1,2,0,2,1,1],3,1].
[[3,8,0,0,0,0,0,0,0],0,12].
[[1,8,0,0,0,0,1,2,0],4,1].
[[2,8,0,1,2,0,1,2,0],1,4].
[[3,6,1,0,0,0,1,1,1],3,2].
[[3,6,1,1,2,0,1,1,1],8,2].
[[3,9,2,1,1,2,2,3,1],1,4].
[[2,5,0,0,0,0,1,1,1],6,1].
[[2,5,0,0,0,0,1,1,0],2,1].
[[3,5,0,0,0,0,1,1,0],7,1].
[[1,8,0,0,0,0,1,2,1],0,2].
[[3,9,1,1,2,0,2,3,1],0,2].
[[1,7,2,1,2,0,2,1,1],1,1].
[[2,6,1,0,0,0,1,2,1],1,3].
[[2,7,2,1,2,0,1,2,1],3,3].
[[3,9,2,0,0,0,2,3,1],0,2].
[[3,7,0,1,2,0,2,3,1],0,4].
[[3,9,2,1,1,2,2,1,1],0,6].
[[3,5,0,0,0,0,1,2,0],8,0].
[[3,6,0,0,0,0,2,1,1],0,4].
[[3,9,1,1,2,0,2,1,1],1,2].
[[3,9,2,1,2,2,2,1,0],0,9].
[[2,8,0,1,1,2,1,1,0],3,4].
[[3,9,2,1,1,0,1,2,1],1,3].
[[2,3,2,0,0,0,2,2,1],3,0].
[[2,9,1,1,1,2,1,1,0],10,9].
[[3,7,2,1,2,2,0,0,0],6,0].
[[2,8,0,1,2,0,2,1,0],2,3].
[[3,9,1,0,0,0,2,2,0],0,10].
[[2,8,1,1,1,0,2,3,1],4,2].
[[1,6,1,1,2,2,2,2,0],1,0].
[[3,8,0,1,2,0,1,2,0],10,12].
[[3,9,2,0,0,0,1,2,0],0,1].
[[2,7,0,0,0,0,2,3,0],1,1].
[[3,8,1,0,0,0,1,1,0],1,1].
[[2,7,0,0,0,0,0,0,0],5,4].
[[3,7,0,0,0,0,0,0,0],3,7].
[[3,9,2,1,2,0,2,1,1],0,1].
[[3,3,2,1,2,0,2,1,1],3,0].
[[2,8,1,1,1,2,1,1,0],3,0].
[[3,7,2,1,1,0,2,3,1],4,4].
[[3,9,2,1,2,2,2,3,1],2,5].
[[1,7,2,1,2,0,0,0,0],11,2].
[[3,6,1,1,1,0,2,2,0],1,0].
[[2,7,1,1,2,2,2,1,0],3,0].
[[3,7,1,1,2,2,2,1,0],4,1].
[[3,9,2,1,1,0,2,2,0],0,3].
[[3,8,1,0,0,0,2,2,0],3,2].
[[2,9,1,1,1,0,2,3,0],0,2].
[[2,9,2,1,1,0,2,2,1],0,3].
[[1,6,1,0,0,0,2,2,1],5,0].
[[2,6,0,0,0,0,2,3,1],0,1].
[[3,6,0,1,2,0,2,3,1],0,2].
[[2,7,2,1,1,0,2,1,1],1,2].
[[3,4,0,1,2,0,1,2,1],0,1].
[[1,8,1,1,1,2,1,1,1],5,2].
[[3,7,1,1,2,0,1,1,0],2,0].
[[3,6,0,1,2,0,0,0,0],0,3].
[[1,7,2,0,0,0,1,2,1],9,0].
[[3,6,0,1,2,0,2,3,0],1,1].
[[2,6,1,1,2,2,2,1,1],13,0].
[[3,7,0,1,2,2,1,2,0],8,2].
[[3,3,1,1,2,2,2,3,0],3,0].
[[3,7,2,1,1,0,2,1,1],2,2].
[[3,6,1,1,1,0,1,2,1],1,1].
[[2,8,1,1,2,0,2,1,0],3,2].
[[3,7,1,1,2,0,2,1,0],3,1].
[[3,3,2,1,2,0,1,1,1],3,0].
[[1,6,1,0,0,0,2,1,1],4,0].
[[2,6,1,0,0,0,1,1,1],2,1].
[[1,7,1,0,0,0,2,3,1],6,1].
[[3,3,2,1,2,0,2,3,1],4,0].
[[3,7,1,1,2,2,1,1,0],3,3].
[[1,8,1,1,2,0,2,2,0],0,1].
[[1,7,1,0,0,0,1,1,1],2,0].
[[2,7,1,0,0,0,1,1,1],7,1].
[[3,3,1,0,0,0,1,1,1],1,0].
[[3,9,2,1,1,0,1,1,1],1,1].
[[3,6,0,1,2,0,1,2,1],0,1].
[[3,3,1,0,0,0,2,2,1],2,2].
[[1,7,2,1,2,0,2,2,1],2,0].
[[2,3,2,1,2,0,2,2,1],1,0].
[[3,3,1,0,0,0,1,2,1],2,0].
[[2,7,0,1,1,2,0,0,0],6,3].
[[3,8,1,1,2,2,0,0,0],0,4].
[[2,6,0,1,2,2,2,1,1],1,1].
[[1,7,1,0,0,0,1,2,1],2,2].
[[3,7,2,1,2,0,0,0,0],1,1].
[[3,7,0,1,2,0,2,2,1],2,1].
[[2,6,1,1,1,2,0,0,0],4,1].
[[3,6,0,0,0,0,2,1,0],0,1].
[[2,3,2,0,0,0,2,1,1],5,0].
[[3,8,0,0,0,0,1,1,0],4,2].
[[3,7,2,0,0,0,0,0,0],2,1].
[[3,6,0,1,1,2,2,2,0],1,1].
[[2,6,0,0,0,0,2,1,1],0,2].
[[2,8,1,1,1,0,2,1,0],1,0].
[[3,7,1,1,1,0,2,1,0],1,1].
[[3,5,0,1,2,2,1,2,1],3,0].
[[1,7,1,1,2,2,2,1,0],1,0].
[[2,3,1,1,2,2,2,1,0],1,0].
[[3,3,1,1,2,2,1,1,0],1,0].
[[2,6,1,1,1,2,2,3,1],2,2].
[[2,6,0,1,2,2,1,1,0],1,0].
[[3,6,0,1,2,2,1,2,0],3,5].
[[3,7,2,1,2,0,1,1,0],0,1].
[[3,7,1,1,1,0,2,3,0],3,2].
[[3,6,0,1,2,2,2,1,1],1,1].
[[3,7,0,1,2,0,2,1,0],0,2].
[[3,6,0,1,2,0,2,2,1],0,2].
[[1,7,1,1,2,2,2,3,1],6,1].
[[2,3,1,1,2,2,2,3,1],3,0].
[[3,3,1,1,1,2,2,1,0],1,0].
[[3,7,0,1,2,0,2,3,0],1,2].
[[2,8,1,1,2,0,1,2,0],5,3].
[[3,7,2,0,0,0,1,2,0],1,0].
[[3,9,2,1,2,0,2,3,1],0,1].
[[2,7,1,1,2,2,1,2,0],3,1].
[[3,3,1,1,2,2,1,2,0],1,0].
[[3,9,2,1,2,0,2,2,0],1,3].
[[1,6,1,1,2,2,2,1,1],1,0].
[[3,3,2,1,1,2,2,3,1],1,0].
[[2,9,2,1,1,0,2,1,0],0,2].
[[3,9,2,1,1,0,2,1,0],0,2].
[[3,3,2,0,0,0,2,3,1],1,0].
[[2,6,1,1,2,0,2,1,1],3,1].
[[3,3,2,1,1,0,2,1,1],1,0].
[[2,7,2,1,1,0,2,2,1],1,1].
[[3,4,0,1,2,0,1,1,1],0,1].
[[3,7,0,1,1,2,1,2,0],1,1].
[[1,7,2,1,2,0,1,2,1],0,1].
[[3,9,1,0,0,0,2,1,1],1,0].
[[2,9,1,1,1,0,2,2,0],0,3].
[[2,7,0,0,0,0,2,2,1],2,1].
[[1,9,2,1,2,0,1,1,0],0,2].
[[2,6,1,0,0,0,2,1,0],1,0].
[[2,8,1,1,1,0,2,1,1],2,7].
[[3,7,1,1,1,0,2,1,1],1,4].
[[3,3,2,1,2,2,1,1,1],3,0].
[[1,7,1,1,2,2,2,3,0],1,0].
[[3,9,2,1,1,0,1,2,0],0,2].
[[1,8,1,1,2,2,1,1,0],2,5].
[[3,6,1,0,0,0,2,2,0],1,0].
[[3,7,1,0,0,0,2,2,0],2,3].
[[3,6,1,0,0,0,2,1,0],1,0].
[[3,9,2,1,2,0,2,2,1],0,1].
[[3,3,1,1,2,0,0,0,0],1,0].
[[3,7,0,1,1,2,2,1,0],2,1].
[[1,6,1,0,0,0,2,1,0],1,0].
[[2,6,1,1,2,0,2,1,0],1,0].
[[3,6,1,1,2,0,2,1,0],1,0].
[[3,6,1,0,0,0,0,0,0],2,1].
[[2,6,0,1,2,2,2,1,0],0,2].
[[2,7,1,0,0,0,1,2,0],2,1].
[[3,7,0,0,0,0,2,3,0],2,3].
[[2,8,0,1,2,0,1,1,0],3,0].
[[2,9,2,1,1,0,0,0,0],0,1].
[[3,9,2,1,1,0,2,3,0],0,2].
[[2,7,2,1,1,0,0,0,0],2,0].
[[3,3,2,1,1,0,0,0,0],2,0].
[[3,3,1,1,1,2,0,0,0],3,1].
[[3,1,1,1,2,0,1,2,0],1,0].
[[2,2,1,0,0,0,2,3,1],1,0].
[[3,9,1,1,1,0,1,1,0],1,2].
[[2,8,1,1,1,0,1,1,1],2,2].
[[3,6,0,0,0,0,2,2,1],1,1].
[[3,3,2,1,2,0,0,0,0],2,0].
[[3,6,1,1,2,0,0,0,0],1,0].
[[2,7,1,1,2,2,1,1,0],0,1].
[[3,6,1,1,1,0,2,1,1],1,1].
[[2,9,2,1,1,0,2,2,0],0,3].
[[3,9,1,0,0,0,1,1,0],1,2].
[[3,9,2,0,0,0,2,1,0],0,4].
[[3,4,0,1,2,0,2,1,0],0,1].
[[3,6,0,0,0,0,0,0,0],0,3].
[[2,6,0,1,1,2,0,0,0],1,2].
[[3,7,2,1,2,2,1,1,0],0,1].
[[2,8,1,1,1,0,2,3,0],1,3].
[[2,9,2,1,1,2,1,1,0],1,3].
[[3,7,1,0,0,0,1,1,0],1,0].
[[3,3,2,0,0,0,0,0,0],7,0].
[[1,7,2,1,2,2,2,3,1],4,0].
[[3,3,2,1,2,2,1,2,1],2,0].
[[1,8,0,1,1,2,1,2,1],0,1].
[[3,7,0,1,1,2,1,1,1],0,1].
[[2,9,1,1,2,0,0,0,0],0,5].
[[3,6,1,1,1,2,2,1,1],1,0].
[[2,6,0,1,2,2,2,2,0],0,1].
[[2,5,0,1,1,0,1,1,1],1,0].
[[3,7,1,1,1,0,1,1,1],4,0].
[[3,6,0,1,2,2,1,1,1],0,4].
[[3,9,1,0,0,0,2,3,1],0,1].
[[2,7,2,1,2,0,1,2,0],0,1].
[[3,7,2,1,1,0,1,2,0],0,2].
[[3,9,2,1,2,2,2,2,1],0,3].
[[3,8,1,1,2,0,0,0,0],0,2].
[[2,7,0,1,1,2,2,2,0],2,0].
[[3,3,1,1,2,0,1,1,1],1,0].
[[2,7,0,1,1,2,2,1,1],1,3].
[[1,8,1,1,2,0,1,2,0],1,0].
[[2,6,1,1,2,0,1,2,0],1,0].
[[3,3,1,1,2,0,1,2,0],1,0].
[[3,7,2,1,2,2,1,2,0],2,0].
[[1,7,1,1,2,2,1,1,1],2,0].
[[3,3,2,1,2,0,2,2,1],4,0].
[[2,9,1,1,2,0,2,1,1],0,2].
[[3,3,2,1,2,2,2,2,1],6,0].
[[3,7,1,1,1,0,1,1,0],1,0].
[[2,8,0,1,2,0,1,1,1],0,4].
[[2,3,2,1,2,2,2,2,1],3,0].
[[3,9,1,1,2,0,0,0,0],0,2].
[[1,9,2,1,1,2,1,1,0],2,5].
[[2,3,1,1,2,2,2,2,1],1,0].
[[2,7,1,0,0,0,2,1,0],3,0].
[[3,7,1,0,0,0,2,1,0],3,0].
[[3,5,0,1,1,0,1,2,0],1,1].
[[1,3,2,0,0,0,2,3,1],2,0].
[[2,3,2,1,2,0,1,2,1],1,0].
[[2,7,1,1,2,0,2,1,0],0,1].
[[1,7,2,1,2,0,2,3,1],2,0].
[[2,3,2,1,2,0,2,3,1],1,0].
[[3,3,2,1,1,0,1,2,1],1,0].
[[2,2,1,0,0,0,0,0,0],3,0].
[[3,2,1,1,2,2,2,3,1],1,0].
[[2,5,0,1,1,2,1,1,0],2,0].
[[3,9,2,1,2,2,0,0,0],0,1].
[[3,9,1,0,0,0,2,2,1],1,2].
[[3,2,1,1,2,2,0,0,0],1,0].
[[3,3,0,1,1,2,2,1,1],0,1].
[[2,7,1,1,1,2,2,2,0],1,0].
[[3,7,0,0,0,0,1,2,0],1,1].
[[2,5,0,1,2,0,1,1,0],1,0].
[[2,3,2,1,2,2,2,1,1],1,0].
[[3,3,1,1,2,0,2,1,1],1,0].
[[2,7,2,1,1,2,1,1,1],1,0].
[[3,7,2,0,0,0,1,1,0],0,1].
[[3,7,0,1,2,0,2,2,0],1,0].
[[2,9,2,1,1,0,2,3,0],0,1].
[[3,7,2,1,2,0,1,2,0],2,0].
[[3,3,1,0,0,0,2,3,0],2,0].
[[2,2,1,0,0,0,2,2,1],1,0].
[[3,2,1,1,2,2,2,2,1],1,0].
[[1,7,1,1,2,2,2,2,0],1,0].
[[3,3,2,1,1,2,0,0,0],1,0].
[[1,6,1,0,0,0,1,1,1],1,1].
[[2,6,1,1,2,2,1,1,1],2,0].
[[2,7,2,1,1,2,1,2,1],2,0].
[[3,5,0,1,1,2,1,2,1],1,2].
[[1,4,2,1,2,0,1,1,0],1,0].
[[2,6,0,0,0,0,2,2,1],0,2].
[[2,6,1,1,2,0,1,2,1],0,1].
[[1,2,1,0,0,0,0,0,0],2,0].
[[3,2,1,0,0,0,0,0,0],1,0].
[[3,9,2,1,2,0,2,1,0],1,1].
[[3,3,0,1,1,2,0,0,0],0,1].
[[3,9,2,0,0,0,2,2,0],0,2].
[[3,3,1,1,2,2,2,2,0],1,0].
[[3,7,0,1,2,2,1,1,0],1,0].
[[3,6,0,0,0,0,2,3,1],1,0].
[[2,9,1,1,1,0,1,1,1],0,2].
[[2,9,1,1,1,0,2,2,1],0,1].
[[3,9,1,1,1,0,2,2,0],0,3].
[[1,7,1,0,0,0,2,3,0],1,2].
[[2,7,1,1,2,0,2,3,0],0,1].
[[3,9,2,1,2,2,1,1,0],1,0].
[[3,2,1,1,2,0,0,0,0],1,0].
[[2,6,0,1,1,2,2,3,1],1,0].
[[3,6,0,0,0,0,1,2,0],0,1].
[[2,9,2,1,1,0,1,1,1],0,1].
[[2,3,2,1,2,2,2,3,1],1,0].
[[3,7,2,1,1,2,1,2,0],1,0].
[[2,7,1,1,1,2,1,2,0],1,0].
[[3,6,1,1,1,2,0,0,0],1,0].
[[1,8,1,1,1,2,2,1,0],1,1].
[[2,7,1,1,1,2,2,1,0],0,1].
[[3,7,1,1,1,2,2,1,0],0,1].
[[3,6,1,1,1,2,2,1,0],1,0].
[[1,3,2,0,0,0,2,1,1],1,0].
[[3,3,2,0,0,0,1,1,1],1,0].
[[3,6,1,1,2,2,2,2,0],2,0].
[[3,7,0,0,0,0,2,1,1],0,1].
[[2,5,0,1,2,2,1,2,1],1,0].
[[3,1,1,1,2,0,1,2,1],1,0].
[[3,9,2,1,1,2,1,1,0],1,0].
[[2,3,1,1,2,2,2,1,1],2,0].
[[1,7,2,1,2,0,1,1,1],0,1].
[[2,7,2,1,1,0,1,1,1],0,1].
