total_WL(15921,2716).
[[1,6,2,0,0,0,2,3,2],147,10].
[[2,3,2,0,0,0,2,3,2],32,0].
[[3,3,2,1,2,1,1,2,2],25,0].
[[1,7,2,1,2,1,2,2,0],76,6].
[[2,7,2,1,1,1,2,2,0],54,7].
[[3,4,1,1,2,0,1,1,0],35,1].
[[1,8,2,0,0,0,2,1,0],613,94].
[[2,7,2,1,2,1,2,1,0],149,25].
[[3,3,2,1,2,1,2,1,0],39,2].
[[1,8,2,0,0,0,0,0,0],2306,456].
[[2,8,2,1,2,1,2,3,2],282,61].
[[3,7,2,1,1,1,2,3,2],69,28].
[[2,8,2,0,0,0,2,3,0],872,136].
[[3,8,2,0,0,0,2,3,0],153,36].
[[2,8,2,1,2,0,2,3,0],164,57].
[[3,8,2,1,2,0,2,3,0],82,33].
[[1,8,2,0,0,0,1,2,0],438,137].
[[2,8,2,0,0,0,1,2,0],562,111].
[[3,8,2,0,0,0,1,1,0],99,57].
[[3,8,2,0,0,0,2,3,2],95,17].
[[1,7,2,0,0,0,2,2,2],32,4].
[[2,7,2,1,2,1,2,2,2],80,14].
[[3,7,2,1,2,1,2,2,2],196,20].
[[1,8,2,0,0,0,2,3,0],1736,255].
[[3,8,2,0,0,0,1,2,0],327,54].
[[1,8,2,0,0,0,2,2,0],1177,225].
[[2,8,2,0,0,0,2,2,0],591,88].
[[3,8,2,1,2,1,1,2,0],877,134].
[[1,8,2,1,2,1,2,3,0],725,113].
[[2,8,2,1,2,1,2,3,0],822,144].
[[3,7,2,1,2,1,2,3,0],726,117].
[[2,8,2,0,0,0,2,1,0],288,50].
[[3,7,2,1,2,1,2,1,0],251,34].
[[1,6,2,1,2,1,2,3,2],35,0].
[[2,6,2,1,1,1,2,3,2],10,0].
[[3,6,2,1,1,1,2,3,2],35,0].
[[1,7,2,0,0,0,1,2,0],36,12].
[[2,7,2,0,0,0,1,2,0],130,20].
[[3,7,2,0,0,0,1,2,0],218,19].
[[1,8,2,1,2,1,1,2,0],177,47].
[[2,8,2,1,2,1,1,2,0],531,118].
[[1,6,2,1,2,1,0,0,0],159,3].
[[2,6,2,1,2,1,2,3,0],99,4].
[[3,3,2,1,2,1,2,3,0],123,0].
[[1,7,2,0,0,0,2,2,0],177,28].
[[2,7,2,1,2,1,1,2,0],123,34].
[[3,7,2,1,2,1,1,2,0],442,55].
[[2,7,2,1,2,1,2,3,0],427,59].
[[3,7,2,1,1,1,1,2,0],153,24].
[[3,8,2,1,2,1,2,3,0],318,82].
[[2,8,2,0,0,0,0,0,0],166,50].
[[3,8,2,1,2,1,2,2,0],260,54].
[[1,8,2,0,0,0,2,3,2],463,88].
[[2,6,2,0,0,0,2,3,2],154,4].
[[3,3,2,0,0,0,2,3,2],55,0].
[[2,6,2,1,2,1,2,3,2],101,2].
[[3,6,2,1,2,1,1,2,2],74,9].
[[2,7,2,0,0,0,0,0,0],702,102].
[[3,7,2,1,2,0,0,0,0],55,13].
[[1,6,2,0,0,0,0,0,0],794,31].
[[2,3,2,0,0,0,0,0,0],226,4].
[[3,3,2,0,0,0,0,0,0],109,1].
[[1,7,2,0,0,0,0,0,0],1242,199].
[[2,7,2,0,0,0,2,2,0],334,49].
[[3,7,2,1,2,1,2,2,0],525,78].
[[1,8,2,1,1,1,0,0,0],108,15].
[[2,8,2,1,1,1,2,2,2],68,9].
[[3,8,2,1,1,1,1,2,2],57,26].
[[2,8,2,0,0,0,1,1,0],175,97].
[[3,6,2,1,2,0,1,1,0],24,8].
[[2,8,2,1,2,1,2,2,0],603,96].
[[3,8,2,1,2,1,1,1,0],233,134].
[[1,6,2,0,0,0,2,2,0],111,7].
[[2,6,2,1,2,0,2,3,2],51,8].
[[3,6,2,1,1,0,2,3,2],14,9].
[[1,8,2,1,2,1,2,2,0],521,76].
[[2,8,2,1,1,1,2,2,0],133,20].
[[3,8,2,1,1,1,1,1,0],97,43].
[[3,7,2,0,0,0,0,0,0],114,25].
[[1,6,2,0,0,0,2,3,0],189,8].
[[2,3,2,0,0,0,2,3,0],50,0].
[[3,3,2,0,0,0,2,3,0],80,1].
[[1,7,2,1,2,1,0,0,0],433,66].
[[3,8,2,1,2,0,1,2,0],268,56].
[[2,7,2,0,0,0,2,3,0],454,64].
[[3,7,2,1,2,0,2,3,0],193,32].
[[1,8,2,1,2,1,2,2,2],156,20].
[[2,8,2,1,2,1,2,2,2],210,24].
[[3,7,2,1,2,0,2,2,0],117,27].
[[2,8,2,1,2,0,2,1,0],68,16].
[[3,8,2,1,2,0,2,1,0],36,15].
[[2,6,2,0,0,0,2,3,0],163,4].
[[3,2,2,0,0,0,2,3,0],8,0].
[[2,8,2,1,2,0,2,2,0],109,42].
[[3,6,2,1,2,1,1,2,0],143,8].
[[1,8,2,1,2,1,2,1,0],252,50].
[[2,8,2,1,2,1,2,1,0],304,50].
[[1,8,2,1,2,1,0,0,0],961,199].
[[3,6,2,1,1,1,2,2,2],24,0].
[[3,7,2,1,2,1,0,0,0],241,68].
[[2,8,2,1,2,1,0,0,0],152,68].
[[2,3,2,1,2,1,0,0,0],105,1].
[[3,3,2,1,2,1,0,0,0],213,2].
[[1,8,2,0,0,0,1,2,2],67,18].
[[2,8,2,1,2,1,1,2,2],99,23].
[[3,8,2,1,2,1,1,2,2],143,28].
[[2,7,2,0,0,0,2,3,2],128,14].
[[3,7,2,0,0,0,2,3,2],112,15].
[[3,8,2,1,1,1,1,2,0],339,64].
[[1,8,2,1,2,1,1,1,0],58,37].
[[2,7,2,1,2,1,1,1,0],31,16].
[[3,7,2,1,2,1,1,1,0],166,75].
[[1,8,2,1,2,0,2,1,2],4,6].
[[2,8,2,1,2,0,1,2,2],20,9].
[[3,7,2,1,2,0,1,2,2],22,3].
[[2,7,2,1,2,1,0,0,0],632,115].
[[2,8,2,0,0,0,2,1,2],112,17].
[[3,8,2,1,2,0,2,1,2],23,6].
[[1,7,2,0,0,0,2,3,0],262,34].
[[3,3,2,0,0,0,2,1,2],19,0].
[[3,8,2,1,1,0,2,3,0],17,21].
[[2,7,2,0,0,0,2,2,2],82,10].
[[3,8,2,0,0,0,2,2,0],105,20].
[[1,8,2,0,0,0,2,1,2],168,17].
[[2,7,2,0,0,0,2,1,2],52,5].
[[3,7,2,0,0,0,1,2,2],38,9].
[[3,6,2,1,2,1,2,3,2],127,1].
[[2,8,2,1,1,1,2,3,0],200,34].
[[3,8,2,1,1,1,2,3,0],134,44].
[[3,3,2,1,2,1,2,2,2],52,1].
[[2,7,2,1,1,1,0,0,0],106,16].
[[3,7,2,1,1,1,2,3,0],249,40].
[[3,8,2,1,2,0,2,2,0],83,21].
[[2,8,2,1,1,1,1,2,0],118,19].
[[2,6,2,1,2,0,0,0,0],100,16].
[[3,3,2,1,2,0,0,0,0],84,0].
[[3,7,2,1,1,1,0,0,0],103,26].
[[2,7,2,1,2,1,2,2,0],314,33].
[[1,2,2,0,0,0,0,0,0],35,0].
[[2,2,2,1,2,0,2,2,2],1,0].
[[3,2,2,1,2,0,1,1,2],1,0].
[[2,6,2,0,0,0,0,0,0],287,3].
[[3,6,2,1,2,0,2,2,2],50,4].
[[3,6,2,1,2,0,2,3,2],46,6].
[[3,7,2,0,0,0,2,3,0],331,36].
[[3,7,2,1,1,1,2,2,0],162,28].
[[3,8,2,1,1,0,2,1,0],7,2].
[[3,8,2,1,2,1,2,3,2],242,32].
[[3,8,2,1,1,1,2,2,0],94,26].
[[3,6,2,1,2,0,2,3,0],53,3].
[[3,8,2,1,2,1,2,1,0],135,22].
[[3,8,2,1,2,1,1,1,2],57,17].
[[2,8,2,1,2,1,1,1,0],165,108].
[[3,7,2,1,1,1,1,1,0],46,25].
[[3,7,2,1,2,0,2,1,0],67,9].
[[2,2,2,1,2,1,0,0,0],8,0].
[[3,2,2,1,2,1,2,3,2],9,0].
[[3,7,2,0,0,0,2,2,0],223,32].
[[3,7,2,0,0,0,2,1,0],134,15].
[[2,6,2,1,2,0,2,3,0],46,4].
[[3,6,2,1,1,0,1,2,0],18,7].
[[1,8,2,1,2,0,1,2,0],19,12].
[[2,8,2,1,2,0,1,2,0],114,48].
[[3,7,2,1,2,0,1,2,0],128,18].
[[1,7,2,0,0,0,2,1,0],94,9].
[[2,7,2,0,0,0,1,1,0],32,26].
[[3,6,2,1,2,1,2,3,0],130,1].
[[2,8,2,1,2,0,2,2,2],51,18].
[[2,8,2,0,0,0,2,3,2],308,52].
[[3,8,2,1,2,0,2,3,2],72,14].
[[1,6,2,0,0,0,2,1,2],58,4].
[[2,6,2,1,2,1,2,1,2],32,1].
[[3,6,2,1,2,1,2,1,2],61,1].
[[3,6,2,1,2,0,1,2,0],86,10].
[[2,7,2,1,2,1,2,3,2],118,23].
[[3,7,2,1,2,1,2,3,2],271,44].
[[2,6,2,1,2,1,1,2,2],25,5].
[[1,8,2,1,2,1,2,3,2],169,36].
[[1,8,2,0,0,0,1,1,0],115,95].
[[3,7,2,0,0,0,1,1,0],51,25].
[[3,7,2,1,2,1,2,1,2],106,15].
[[1,8,2,0,0,0,2,2,2],321,51].
[[2,6,2,0,0,0,2,2,2],103,0].
[[3,6,2,0,0,0,2,2,2],56,1].
[[3,7,2,1,1,1,2,1,0],80,17].
[[3,8,2,1,2,1,2,2,2],158,24].
[[2,8,2,0,0,0,2,2,2],220,40].
[[3,7,2,0,0,0,2,2,2],83,12].
[[2,8,2,1,1,1,0,0,0],46,11].
[[1,6,2,1,2,1,2,3,0],26,2].
[[2,6,2,1,2,1,1,2,0],50,11].
[[3,6,2,1,1,1,1,2,0],36,4].
[[2,8,2,1,1,1,2,3,2],56,15].
[[3,8,2,1,1,1,2,3,2],92,18].
[[1,8,2,1,1,1,2,3,0],80,13].
[[3,8,2,1,1,1,2,2,2],81,11].
[[1,6,2,1,2,0,0,0,0],67,10].
[[3,6,2,1,2,0,2,1,2],24,2].
[[1,3,2,0,0,0,2,1,2],2,0].
[[2,3,2,1,2,1,2,1,2],6,0].
[[3,3,2,1,2,1,2,1,2],31,0].
[[2,7,2,1,2,0,2,2,2],15,1].
[[3,7,2,1,2,0,1,1,2],5,1].
[[2,4,1,1,2,0,2,3,0],15,0].
[[3,4,1,1,2,0,2,3,0],52,0].
[[3,8,2,1,2,1,2,1,2],83,12].
[[1,7,2,0,0,0,2,3,2],53,9].
[[3,6,2,1,2,1,1,1,0],46,19].
[[2,6,2,1,1,1,2,3,0],13,0].
[[3,6,2,1,1,1,2,3,0],25,2].
[[2,7,2,0,0,0,2,1,0],168,17].
[[1,6,2,0,0,0,1,1,2],11,2].
[[2,6,2,1,2,1,1,1,2],8,3].
[[3,6,2,1,2,1,1,1,2],34,12].
[[3,7,2,1,1,1,2,2,2],74,11].
[[2,8,2,0,0,0,1,2,2],89,21].
[[3,8,2,0,0,0,1,2,2],58,17].
[[2,6,2,1,2,1,2,2,0],68,1].
[[3,2,2,1,2,0,0,0,0],12,0].
[[1,3,2,0,0,0,2,1,0],7,0].
[[2,3,2,0,0,0,2,1,0],24,0].
[[3,3,2,0,0,0,1,2,0],32,0].
[[3,8,2,1,2,0,1,1,0],72,43].
[[2,6,2,0,0,0,2,1,0],62,4].
[[3,6,2,0,0,0,2,3,0],69,0].
[[2,6,2,0,0,0,1,2,0],93,14].
[[3,6,2,0,0,0,1,2,0],105,6].
[[1,3,2,0,0,0,2,2,0],5,0].
[[2,3,2,0,0,0,2,2,0],38,0].
[[2,7,2,1,2,0,2,3,0],62,9].
[[3,8,2,1,1,1,2,1,2],44,5].
[[3,8,2,1,2,0,2,2,2],50,15].
[[2,2,2,0,0,0,0,0,0],39,0].
[[3,2,2,1,2,1,0,0,0],14,0].
[[2,5,0,1,2,0,1,1,0],1,2].
[[3,5,0,1,2,0,1,1,0],17,4].
[[3,6,2,1,2,1,0,0,0],34,0].
[[2,6,2,0,0,0,1,1,2],20,7].
[[3,6,2,1,2,0,1,1,2],16,5].
[[3,7,2,1,2,0,1,1,0],43,17].
[[2,8,2,1,1,1,2,1,0],72,8].
[[2,6,2,1,2,0,2,1,0],19,3].
[[2,2,2,0,0,0,2,3,2],5,0].
[[3,2,2,1,2,0,1,2,2],3,0].
[[3,3,2,1,2,1,2,2,0],87,3].
[[2,7,2,1,2,0,2,3,2],16,6].
[[3,7,2,1,1,0,2,3,2],3,5].
[[3,3,2,1,2,0,2,3,0],44,0].
[[3,2,2,1,2,1,1,2,2],1,0].
[[2,6,2,0,0,0,2,2,0],110,5].
[[1,6,2,0,0,0,2,1,0],60,2].
[[3,3,2,0,0,0,2,2,2],34,0].
[[2,8,2,1,1,1,1,1,0],50,16].
[[3,6,2,1,2,1,2,2,2],75,1].
[[1,7,2,1,2,1,2,3,0],85,5].
[[1,8,2,1,2,1,1,2,2],18,8].
[[3,7,2,1,2,1,1,2,2],82,16].
[[3,6,2,0,0,0,2,2,0],46,2].
[[1,8,2,1,2,1,2,1,2],69,11].
[[2,8,2,1,2,1,2,1,2],110,17].
[[3,6,2,0,0,0,1,1,2],20,12].
[[1,6,2,1,2,0,2,3,2],11,1].
[[2,6,2,1,2,0,1,2,2],12,2].
[[3,6,2,1,1,0,1,2,2],3,2].
[[1,3,2,0,0,0,2,2,2],7,0].
[[2,3,2,0,0,0,2,2,2],31,0].
[[2,6,2,1,2,1,0,0,0],145,0].
[[3,3,2,1,2,0,2,3,2],39,0].
[[3,4,1,1,2,0,1,2,0],80,0].
[[3,2,2,0,0,0,2,2,2],5,0].
[[1,7,2,0,0,0,2,1,2],23,5].
[[3,7,2,0,0,0,2,1,2],59,3].
[[3,8,2,0,0,0,2,1,0],47,8].
[[3,6,2,0,0,0,2,3,2],85,2].
[[1,8,2,1,2,0,2,1,0],21,8].
[[2,8,2,1,1,0,2,3,0],8,8].
[[2,8,2,1,2,0,0,0,0],46,21].
[[3,8,2,1,1,0,2,2,2],10,8].
[[3,6,2,1,2,1,2,2,0],65,0].
[[3,3,2,1,1,1,0,0,0],31,1].
[[1,6,2,1,2,0,2,2,0],8,2].
[[2,6,2,1,2,0,1,2,0],24,4].
[[3,2,2,0,0,0,0,0,0],24,0].
[[2,8,2,1,1,1,2,1,2],27,2].
[[3,8,2,0,0,0,2,1,2],39,3].
[[2,3,2,1,2,0,0,0,0],36,0].
[[3,3,2,1,1,0,0,0,0],19,0].
[[1,8,2,1,1,1,2,2,0],56,4].
[[3,4,1,1,2,0,2,2,0],47,0].
[[2,7,2,1,1,1,2,1,0],16,5].
[[3,8,2,0,0,0,2,2,2],79,14].
[[3,6,2,0,0,0,2,1,0],28,2].
[[3,6,2,1,1,1,1,1,0],12,5].
[[3,7,2,1,2,0,2,1,2],22,4].
[[3,6,2,1,2,1,2,1,0],47,0].
[[3,3,2,1,2,1,2,3,2],81,0].
[[2,8,2,1,2,0,2,1,2],18,4].
[[3,8,2,1,1,0,2,1,2],5,2].
[[3,7,2,1,2,1,1,1,2],29,7].
[[2,7,2,1,2,0,0,0,0],77,21].
[[3,7,2,1,1,0,2,3,0],14,9].
[[3,5,0,1,1,1,1,1,0],13,1].
[[3,3,2,1,2,0,2,2,0],34,0].
[[2,2,2,0,0,0,2,3,0],10,0].
[[3,2,2,1,2,1,2,2,0],5,0].
[[2,6,2,0,0,0,1,2,2],50,10].
[[3,6,2,1,2,0,2,2,0],43,3].
[[1,8,2,1,2,0,2,3,0],69,25].
[[3,8,2,1,1,0,1,2,0],28,24].
[[2,7,2,1,1,1,2,3,2],15,2].
[[3,4,1,1,2,0,1,2,2],26,0].
[[1,8,2,1,1,1,1,1,0],10,0].
[[2,7,2,1,1,1,1,1,0],10,2].
[[2,8,2,1,2,0,2,3,2],68,14].
[[3,8,2,1,1,0,1,2,2],4,1].
[[3,3,2,1,2,1,1,2,0],54,0].
[[2,3,2,0,0,0,1,2,2],6,0].
[[3,5,0,1,2,0,1,2,0],3,0].
[[1,8,2,1,2,0,2,2,2],17,6].
[[2,8,2,1,2,0,1,1,2],4,2].
[[3,8,2,1,1,0,1,1,2],3,4].
[[3,8,2,1,1,1,0,0,0],0,4].
[[3,4,1,1,2,0,2,1,2],16,0].
[[2,3,2,1,2,0,2,2,0],5,0].
[[1,3,2,0,0,0,0,0,0],132,1].
[[2,3,2,0,0,0,2,1,2],8,0].
[[2,6,2,1,2,1,2,2,2],62,2].
[[2,4,1,1,2,0,2,2,0],15,0].
[[3,6,2,1,1,1,1,2,2],15,2].
[[3,5,0,1,1,0,1,1,2],1,3].
[[2,6,2,1,2,0,1,1,2],5,2].
[[3,3,2,1,2,0,1,1,2],3,0].
[[2,8,2,1,1,1,1,2,2],28,4].
[[2,8,2,0,0,0,1,1,2],29,8].
[[3,8,2,0,0,0,1,1,2],16,4].
[[2,8,2,1,2,0,1,1,0],26,17].
[[2,5,0,1,2,1,1,1,2],1,1].
[[3,5,0,1,2,1,1,1,2],13,3].
[[1,8,2,1,1,1,2,1,0],28,0].
[[2,4,1,1,2,0,2,1,0],6,0].
[[3,4,1,1,2,0,2,3,2],30,0].
[[2,8,2,1,1,0,2,1,0],1,3].
[[2,7,2,1,2,1,2,1,2],49,11].
[[3,7,2,1,1,1,2,1,2],41,7].
[[3,3,2,1,1,1,2,2,0],14,0].
[[2,6,2,0,0,0,2,1,2],48,1].
[[1,8,2,1,2,0,0,0,0],88,38].
[[3,5,0,1,1,1,1,2,0],3,0].
[[1,8,2,1,2,0,2,2,0],35,13].
[[2,7,2,1,2,0,2,2,0],44,8].
[[3,6,2,1,2,0,0,0,0],15,0].
[[3,3,2,1,1,1,2,3,2],12,0].
[[2,6,2,1,1,0,0,0,0],7,4].
[[3,6,2,1,1,0,0,0,0],3,4].
[[2,7,2,1,1,1,2,3,0],63,6].
[[3,3,2,0,0,0,2,1,0],35,1].
[[3,8,2,1,2,0,1,2,2],43,12].
[[2,6,2,1,2,1,1,1,0],15,4].
[[1,6,2,0,0,0,1,2,0],47,11].
[[3,6,2,1,2,0,2,1,0],18,0].
[[3,6,2,0,0,0,1,2,2],49,2].
[[2,8,2,1,2,1,1,1,2],33,9].
[[3,6,2,1,1,0,2,2,0],7,6].
[[1,8,2,1,1,1,1,2,0],23,7].
[[3,6,2,1,1,0,2,3,0],13,7].
[[2,3,2,1,2,1,2,3,2],11,0].
[[2,8,2,1,1,0,2,3,2],3,1].
[[3,8,2,1,1,0,2,3,2],6,6].
[[3,7,2,1,1,1,1,2,2],22,2].
[[3,7,2,1,2,0,2,2,2],42,7].
[[1,6,2,1,2,0,2,2,2],7,1].
[[2,6,2,1,1,0,2,2,2],0,1].
[[3,5,0,1,2,1,1,1,0],39,8].
[[1,8,2,0,0,0,1,1,2],19,3].
[[3,8,2,1,2,0,1,1,2],13,1].
[[2,8,2,1,1,0,1,2,0],8,6].
[[3,7,2,1,1,0,1,2,0],8,7].
[[1,6,2,0,0,0,2,2,2],85,4].
[[3,5,0,0,0,0,1,1,0],15,5].
[[3,3,2,1,1,1,2,3,0],17,0].
[[3,2,2,0,0,0,2,3,2],10,0].
[[1,7,2,1,2,1,1,2,0],12,2].
[[3,8,2,1,1,1,2,1,0],61,17].
[[2,3,2,1,2,0,2,3,0],8,0].
[[3,3,2,1,2,0,1,2,0],26,0].
[[3,2,2,0,0,0,1,2,0],6,0].
[[2,3,2,1,2,1,2,3,0],26,0].
[[3,7,2,1,2,0,2,3,2],77,9].
[[3,3,2,0,0,0,2,2,0],45,1].
[[3,3,2,1,1,0,2,3,2],3,0].
[[3,3,2,1,2,0,2,2,2],25,0].
[[3,4,0,1,2,0,2,1,0],0,1].
[[2,7,2,1,1,1,1,2,0],21,2].
[[3,3,2,1,1,1,1,2,0],13,0].
[[2,6,2,1,2,0,2,2,2],27,1].
[[3,6,2,0,0,0,1,1,0],20,10].
[[3,6,2,1,1,1,2,2,0],14,0].
[[3,2,2,1,2,0,2,3,2],5,0].
[[2,7,2,1,2,0,1,1,0],5,3].
[[1,8,2,1,2,1,1,1,2],7,3].
[[2,3,2,1,2,1,2,2,0],13,0].
[[3,6,2,0,0,0,2,1,2],25,0].
[[2,4,1,1,2,0,1,2,0],14,0].
[[2,6,2,1,2,0,2,1,2],17,0].
[[3,2,2,1,2,0,2,2,0],2,0].
[[1,8,2,1,2,0,2,3,2],20,7].
[[1,7,2,1,2,1,2,3,2],18,4].
[[1,8,2,1,2,0,1,2,2],3,3].
[[2,7,2,1,2,1,1,2,2],22,6].
[[1,7,2,1,2,1,2,1,2],7,1].
[[2,7,2,1,1,1,2,1,2],4,1].
[[3,6,2,1,1,1,1,1,2],5,2].
[[1,6,2,1,2,1,1,1,0],5,2].
[[2,7,2,1,2,0,2,1,0],21,2].
[[2,6,2,1,1,1,0,0,0],21,1].
[[3,6,2,1,1,1,2,1,0],8,0].
[[3,3,2,1,2,1,1,1,0],18,0].
[[3,2,2,1,2,0,2,2,2],4,0].
[[1,3,2,0,0,0,2,3,0],9,0].
[[2,3,2,0,0,0,1,2,0],11,0].
[[2,8,2,1,1,0,2,2,0],6,3].
[[3,7,2,1,1,0,2,2,0],12,7].
[[1,6,2,0,0,0,1,2,2],24,6].
[[3,3,2,0,0,0,1,2,2],13,0].
[[3,8,2,1,1,0,1,1,0],6,15].
[[1,6,2,1,2,1,2,1,0],8,0].
[[2,6,2,1,1,1,1,1,0],4,1].
[[3,3,2,1,1,1,1,1,0],4,0].
[[1,7,2,1,2,1,2,1,0],23,2].
[[1,8,2,1,1,1,2,2,2],19,1].
[[3,4,1,1,2,0,2,2,2],32,0].
[[2,2,0,0,0,0,0,0,0],1,0].
[[3,2,0,0,0,0,0,0,0],2,0].
[[3,3,2,1,1,0,1,2,0],3,0].
[[1,7,2,1,2,1,2,2,2],9,2].
[[2,7,2,1,2,1,1,1,2],6,4].
[[3,6,2,0,0,0,0,0,0],20,0].
[[2,2,2,0,0,0,2,1,2],3,0].
[[3,2,2,0,0,0,2,1,2],3,0].
[[2,8,2,1,1,0,0,0,0],4,1].
[[3,7,2,1,1,1,1,1,2],6,4].
[[3,5,0,0,0,0,1,1,2],12,0].
[[2,3,2,1,2,0,2,1,0],5,0].
[[3,3,2,1,1,0,2,1,0],3,0].
[[1,6,2,1,2,0,2,1,2],1,0].
[[3,2,2,1,2,0,2,3,0],4,0].
[[3,6,2,1,1,0,2,1,2],5,2].
[[1,3,2,0,0,0,1,2,0],1,0].
[[2,2,2,0,0,0,1,2,0],2,0].
[[2,7,2,1,1,1,2,2,2],13,2].
[[2,5,0,1,2,1,1,2,0],2,0].
[[3,5,0,1,2,1,1,2,0],5,0].
[[3,3,2,0,0,0,1,1,0],12,0].
[[3,7,2,1,1,0,2,1,0],6,3].
[[2,6,2,1,1,1,2,2,2],5,0].
[[2,4,1,1,2,0,0,0,0],4,0].
[[3,4,1,1,2,0,0,0,0],7,0].
[[1,2,2,0,0,0,2,2,2],2,0].
[[2,2,2,0,0,0,2,2,2],5,0].
[[2,6,2,1,2,0,2,2,0],32,7].
[[3,2,2,1,2,1,2,3,0],10,0].
[[1,7,2,0,0,0,1,1,0],8,5].
[[3,6,2,1,2,0,1,2,2],33,5].
[[2,8,2,1,1,0,1,2,2],1,0].
[[1,6,2,1,2,1,2,2,2],15,0].
[[3,8,2,0,0,0,0,0,0],0,1].
[[3,6,2,1,1,0,2,2,2],9,3].
[[1,8,2,1,1,1,1,2,2],4,1].
[[2,5,0,1,1,1,1,1,2],2,0].
[[3,5,0,1,1,1,1,1,2],6,0].
[[3,3,2,1,2,1,1,1,2],8,0].
[[1,6,2,0,0,0,1,1,0],13,2].
[[2,3,2,0,0,0,1,1,0],4,0].
[[3,6,2,1,1,1,2,1,2],11,1].
[[1,3,2,0,0,0,2,3,2],6,0].
[[3,8,2,1,1,1,1,1,2],14,4].
[[2,5,0,0,0,0,1,1,2],4,0].
[[2,5,0,1,2,1,1,1,0],8,0].
[[3,2,2,0,0,0,2,2,0],6,0].
[[3,5,0,1,2,0,1,1,2],6,1].
[[3,4,1,1,2,0,2,1,0],7,0].
[[2,3,2,1,2,1,2,1,0],5,0].
[[3,3,2,1,1,1,1,2,2],8,0].
[[3,5,0,1,1,0,1,1,0],1,3].
[[3,3,2,1,1,1,1,1,2],1,0].
[[2,6,2,1,1,0,2,3,0],3,1].
[[1,8,2,1,1,1,2,3,2],26,3].
[[3,6,2,1,1,0,1,1,2],0,1].
[[1,6,2,1,2,0,2,3,0],13,2].
[[2,6,2,0,0,0,1,1,0],27,5].
[[3,3,2,1,2,0,1,2,2],11,0].
[[1,6,2,1,2,0,2,1,0],7,0].
[[3,6,2,1,1,0,2,1,0],8,1].
[[2,3,2,1,2,1,2,2,2],13,0].
[[3,3,2,1,2,0,2,1,0],14,1].
[[1,8,2,1,2,0,1,1,0],5,4].
[[3,3,2,1,1,0,2,3,0],2,0].
[[2,7,2,1,2,0,1,2,0],9,3].
[[3,7,2,1,1,0,1,1,0],5,6].
[[3,3,2,1,2,0,2,1,2],8,0].
[[2,7,2,0,0,0,1,2,2],14,4].
[[2,6,2,1,1,0,1,2,0],4,0].
[[2,4,1,1,2,0,1,1,0],4,1].
[[3,3,2,1,1,0,2,2,2],2,0].
[[2,3,2,1,2,1,1,2,0],3,0].
[[2,3,2,1,2,0,2,3,2],8,0].
[[3,3,2,1,1,0,1,2,2],3,0].
[[2,3,2,1,2,0,1,1,0],2,0].
[[3,3,2,1,1,0,1,1,0],1,0].
[[2,6,2,1,2,1,2,1,0],23,1].
[[3,6,2,1,1,1,0,0,0],4,0].
[[3,3,2,1,2,0,1,1,0],8,0].
[[1,6,2,1,2,1,2,2,0],18,2].
[[2,6,2,1,1,1,2,2,0],10,0].
[[3,6,2,1,1,0,1,1,0],4,2].
[[3,8,2,1,2,0,0,0,0],1,4].
[[2,8,2,1,1,0,2,2,2],3,2].
[[3,7,2,1,1,0,2,2,2],7,5].
[[2,6,2,1,1,0,2,2,0],3,2].
[[3,3,2,0,0,0,1,1,2],10,0].
[[3,2,2,1,2,1,2,1,2],3,0].
[[1,7,2,1,2,1,1,1,0],3,2].
[[2,5,0,1,2,0,1,2,0],1,0].
[[3,7,2,0,0,0,1,1,2],6,4].
[[2,7,2,1,2,0,2,1,2],9,1].
[[1,3,2,0,0,0,1,2,2],2,0].
[[2,8,2,1,1,1,1,1,2],5,1].
[[1,6,2,1,2,0,1,2,0],1,1].
[[3,8,2,1,1,0,2,2,0],6,4].
[[3,4,0,1,2,0,0,0,0],0,1].
[[1,6,2,1,2,1,2,1,2],5,0].
[[3,8,2,1,2,1,0,0,0],1,12].
[[2,4,1,1,2,0,1,2,2],2,0].
[[1,7,2,0,0,0,1,2,2],2,1].
[[2,6,2,1,1,0,2,3,2],4,1].
[[2,2,2,1,2,0,0,0,0],4,0].
[[3,2,2,1,2,1,2,2,2],4,0].
[[1,8,2,1,1,1,2,1,2],8,0].
[[2,2,2,0,0,0,2,2,0],5,0].
[[3,2,2,0,0,0,2,1,0],3,0].
[[2,4,1,1,2,0,2,1,2],3,0].
[[3,7,2,1,1,0,0,0,0],4,1].
[[3,2,2,1,2,1,1,2,0],3,0].
[[2,6,2,1,1,1,1,2,2],2,0].
[[2,2,2,1,2,0,2,2,0],1,0].
[[3,2,2,1,1,0,2,3,0],1,0].
[[2,2,2,1,2,1,2,1,0],1,0].
[[3,2,2,1,1,1,2,2,0],1,0].
[[3,3,2,1,1,1,2,1,0],5,1].
[[2,3,2,1,2,0,1,2,0],2,0].
[[2,2,2,0,0,0,1,1,2],1,0].
[[3,2,2,1,2,1,1,1,2],1,0].
[[2,5,0,0,0,0,1,1,0],4,2].
[[2,4,1,1,2,0,2,3,2],9,0].
[[3,3,2,1,1,1,2,2,2],8,0].
[[1,2,2,0,0,0,2,3,2],2,0].
[[3,7,2,1,1,0,2,1,2],2,0].
[[2,2,2,0,0,0,2,1,0],4,0].
[[3,3,2,1,1,0,2,2,0],5,0].
[[2,8,2,1,1,0,1,1,0],0,3].
[[2,7,2,1,1,1,1,2,2],1,1].
[[2,2,2,1,2,0,2,3,0],2,0].
[[3,2,2,1,2,0,1,2,0],2,0].
[[3,3,2,1,1,1,2,1,2],1,1].
[[2,5,0,1,1,0,1,1,2],1,0].
[[2,2,2,1,2,1,2,3,2],3,0].
[[2,6,2,1,1,1,1,2,0],2,1].
[[3,2,2,0,0,0,1,1,0],3,0].
[[2,2,2,1,2,1,2,2,2],1,0].
[[2,7,2,1,2,0,1,2,2],2,2].
[[3,2,2,1,1,1,2,1,2],1,0].
[[2,6,2,1,2,0,1,1,0],2,0].
[[2,4,1,1,2,0,2,2,2],4,0].
[[1,6,2,1,2,1,1,1,2],1,0].
[[1,2,2,0,0,0,2,3,0],5,0].
[[1,6,2,1,2,1,1,2,2],2,0].
[[2,3,2,0,0,0,1,1,2],1,0].
[[3,7,2,1,1,0,1,2,2],0,1].
[[3,2,2,1,2,0,2,1,2],2,0].
[[3,3,2,1,1,0,2,1,2],1,0].
[[3,2,0,1,2,1,0,0,0],1,0].
[[3,2,2,1,2,0,2,1,0],2,0].
[[2,3,2,1,2,1,1,2,2],3,0].
[[2,6,2,1,1,1,2,1,2],2,0].
[[3,4,1,1,2,0,1,1,2],5,0].
[[2,3,2,1,2,0,2,2,2],4,0].
[[1,3,2,0,0,0,1,1,0],1,0].
[[1,2,2,0,0,0,2,2,0],1,0].
[[3,5,0,0,0,0,1,2,0],2,0].
[[2,6,2,1,1,1,2,1,0],1,0].
[[1,7,2,0,0,0,1,1,2],0,1].
[[2,7,2,0,0,0,1,1,2],2,1].
[[2,2,2,1,2,1,2,3,0],2,0].
[[3,2,2,1,1,1,1,2,0],1,0].
[[2,2,2,0,0,0,1,2,2],1,0].
[[3,2,2,1,2,0,1,1,0],1,0].
[[2,2,2,0,0,0,1,1,0],1,0].
[[3,2,2,1,2,1,1,1,0],1,0].
[[3,2,2,1,2,1,2,1,0],1,0].
[[2,6,2,1,1,0,2,1,0],1,0].
[[2,6,2,1,1,0,2,1,2],1,0].
[[3,2,0,0,0,0,2,3,0],1,0].
[[3,4,0,1,2,0,2,1,2],0,2].
[[3,4,0,1,2,0,1,2,0],0,1].
[[2,8,2,1,1,0,1,1,2],0,1].
[[2,5,0,1,1,1,1,1,0],1,0].
[[3,2,2,1,1,0,1,2,0],1,0].
[[1,6,2,1,2,0,1,2,2],1,0].
[[2,3,2,1,2,1,1,1,0],1,0].
[[1,6,2,1,2,1,1,2,0],1,0].
