total_WL(4757,6994).
[[1,9,2,0,0,0,2,3,0],81,302].
[[2,9,1,0,0,0,2,3,0],16,90].
[[3,9,1,1,2,2,2,3,0],7,102].
[[1,9,2,1,1,2,2,3,0],64,81].
[[2,8,1,1,1,2,2,3,1],71,44].
[[3,5,0,1,1,2,1,2,0],35,1].
[[1,8,0,1,1,2,2,3,1],11,9].
[[2,7,0,1,1,2,2,3,1],3,2].
[[3,7,0,1,1,2,2,3,1],3,15].
[[1,8,1,0,0,0,2,2,1],112,84].
[[2,7,1,1,2,2,2,2,1],47,17].
[[3,7,1,1,1,2,2,2,1],26,20].
[[1,8,1,0,0,0,2,1,1],96,49].
[[2,8,1,0,0,0,1,2,1],84,51].
[[3,7,1,1,2,2,1,2,1],92,43].
[[1,9,2,0,0,0,2,2,0],61,182].
[[2,8,0,1,2,2,2,2,0],19,108].
[[3,8,0,1,2,2,2,3,0],17,170].
[[1,9,2,0,0,0,2,3,1],85,286].
[[2,8,1,0,0,0,2,3,1],125,107].
[[3,8,1,1,2,0,2,3,1],28,38].
[[1,9,2,0,0,0,2,2,1],67,206].
[[2,8,1,1,2,0,2,2,1],21,32].
[[3,8,1,1,2,0,1,2,1],61,71].
[[1,8,1,0,0,0,0,0,0],370,251].
[[2,7,2,1,2,0,0,0,0],22,1].
[[3,7,2,1,2,0,2,2,1],17,3].
[[2,8,1,0,0,0,2,1,1],48,31].
[[3,8,1,1,2,0,2,1,1],8,9].
[[1,8,0,0,0,0,2,1,1],13,15].
[[2,8,0,0,0,0,1,2,1],6,28].
[[3,7,0,1,2,2,1,2,1],2,11].
[[1,8,1,1,2,2,2,1,1],74,42].
[[2,8,1,1,1,2,2,1,1],29,14].
[[3,6,1,1,1,2,2,1,1],2,0].
[[2,8,1,1,2,0,2,3,1],57,56].
[[1,8,1,1,2,2,2,2,1],118,54].
[[3,7,1,1,1,2,1,1,1],14,8].
[[1,9,2,0,0,0,0,0,0],68,370].
[[2,9,1,0,0,0,2,2,0],10,67].
[[3,8,1,0,0,0,1,2,1],43,49].
[[1,4,2,1,2,0,2,3,1],16,2].
[[2,4,2,1,2,0,2,3,1],58,3].
[[3,4,2,1,2,0,2,3,1],66,1].
[[1,4,2,1,2,0,2,2,0],7,0].
[[2,4,2,1,2,0,1,1,0],12,2].
[[3,4,2,1,2,0,1,1,0],41,4].
[[1,8,1,0,0,0,2,2,0],34,18].
[[2,6,1,1,2,0,2,2,0],1,0].
[[3,3,2,1,2,0,2,2,0],1,0].
[[1,9,2,1,2,2,2,2,0],75,221].
[[2,8,0,1,1,2,2,2,0],24,53].
[[3,4,2,1,2,0,2,2,0],85,3].
[[1,9,2,0,0,0,1,1,0],2,26].
[[2,9,1,0,0,0,1,1,0],1,23].
[[3,8,0,1,2,2,1,1,0],0,37].
[[1,8,0,1,2,2,0,0,0],95,341].
[[2,8,0,1,2,2,2,1,0],16,45].
[[3,8,0,1,2,2,2,1,0],4,66].
[[1,8,0,0,0,0,0,0,0],60,227].
[[2,7,1,0,0,0,2,3,1],35,14].
[[3,7,1,1,2,2,2,3,1],121,71].
[[2,9,1,0,0,0,1,1,1],4,22].
[[3,5,0,1,2,0,1,1,1],8,3].
[[1,9,2,1,1,2,2,3,1],85,96].
[[2,4,2,1,2,0,1,2,1],48,6].
[[3,4,2,1,2,0,1,2,1],175,14].
[[2,8,1,1,1,2,1,2,1],53,23].
[[3,8,1,1,1,2,1,1,0],7,13].
[[2,8,1,0,0,0,2,2,0],36,29].
[[3,8,1,0,0,0,2,2,0],12,9].
[[1,8,1,0,0,0,2,3,1],224,136].
[[2,8,1,1,2,2,1,2,1],135,90].
[[3,8,1,1,1,2,1,2,1],88,93].
[[1,8,1,1,2,2,2,3,1],169,99].
[[2,8,1,1,2,2,2,3,0],65,49].
[[3,8,1,1,2,2,1,2,1],203,147].
[[1,8,1,1,2,2,0,0,0],282,189].
[[2,8,1,1,2,2,2,2,0],52,39].
[[3,8,1,1,2,2,2,2,0],31,54].
[[1,9,2,1,2,2,0,0,0],90,387].
[[2,9,1,1,2,2,2,3,0],37,161].
[[2,8,0,1,1,2,0,0,0],17,55].
[[3,8,0,1,1,2,2,3,0],7,137].
[[2,9,2,0,0,0,2,3,0],8,71].
[[3,9,1,1,2,0,2,3,0],2,46].
[[2,9,1,1,1,2,1,2,1],29,66].
[[3,5,0,1,1,2,1,1,0],13,5].
[[2,9,1,1,2,2,1,1,0],10,49].
[[3,9,1,1,1,2,1,1,0],4,48].
[[2,8,0,0,0,0,2,3,1],14,58].
[[3,8,0,1,2,0,1,2,1],4,43].
[[1,9,2,1,2,2,2,1,1],52,137].
[[2,9,1,1,1,2,1,1,1],14,19].
[[3,8,1,1,1,2,1,1,1],26,44].
[[1,8,0,0,0,0,2,3,1],21,46].
[[3,7,0,0,0,0,2,3,1],0,7].
[[1,7,1,0,0,0,0,0,0],62,33].
[[2,7,1,1,2,2,2,3,1],59,30].
[[3,3,1,1,1,2,2,3,1],5,1].
[[1,9,2,1,2,2,2,2,1],81,223].
[[2,8,0,1,2,2,2,2,1],21,104].
[[3,7,1,1,2,2,2,2,1],71,40].
[[1,9,2,1,1,2,2,2,0],69,52].
[[2,9,1,1,1,2,1,1,0],6,18].
[[1,9,2,1,2,0,2,3,1],8,43].
[[2,8,0,1,2,0,2,3,1],2,21].
[[3,8,0,1,2,2,2,3,1],10,127].
[[2,7,2,1,2,2,2,3,1],27,1].
[[3,7,2,1,2,2,1,2,1],46,2].
[[2,8,0,1,2,2,2,3,1],34,158].
[[3,8,0,1,1,2,2,3,1],4,82].
[[1,9,2,1,2,2,2,3,0],98,271].
[[3,4,2,1,2,0,1,1,1],78,2].
[[1,9,2,1,2,2,1,2,0],33,75].
[[2,8,0,1,2,2,1,2,0],10,37].
[[3,8,0,1,1,2,1,2,0],9,64].
[[2,9,1,1,2,2,2,2,0],26,151].
[[3,9,1,1,1,2,2,2,0],6,69].
[[2,9,1,0,0,0,1,2,1],25,80].
[[1,9,2,1,2,2,2,3,1],123,341].
[[2,9,1,1,2,2,2,1,0],21,72].
[[3,8,1,1,2,2,2,1,0],25,25].
[[1,8,0,1,2,2,2,1,1],6,25].
[[2,8,0,1,2,2,2,1,1],8,70].
[[2,7,2,1,2,2,0,0,0],50,8].
[[3,7,2,1,1,2,2,3,1],20,3].
[[1,9,2,0,0,0,1,2,1],34,105].
[[1,8,1,1,2,0,0,0,0],32,36].
[[3,7,1,1,2,2,2,3,0],35,33].
[[1,7,1,1,2,2,0,0,0],61,26].
[[2,7,1,1,1,2,0,0,0],25,15].
[[3,7,1,1,1,2,0,0,0],17,9].
[[2,8,1,1,1,2,1,1,1],24,20].
[[2,8,1,1,2,2,2,3,1],172,126].
[[3,8,1,1,2,2,1,1,1],57,81].
[[1,9,2,1,2,2,1,1,1],17,37].
[[2,9,2,1,1,2,1,1,1],10,17].
[[3,8,0,1,1,2,1,1,1],5,48].
[[1,8,0,1,2,2,1,2,1],1,2].
[[2,8,0,1,2,2,1,2,1],14,45].
[[3,8,0,1,1,2,1,2,1],13,119].
[[1,9,2,0,0,0,2,1,0],30,102].
[[2,9,1,0,0,0,2,1,0],3,37].
[[3,8,0,1,2,0,2,1,0],2,16].
[[1,9,2,0,0,0,2,1,1],30,149].
[[2,9,2,0,0,0,2,1,1],2,27].
[[3,9,1,1,2,2,2,2,0],8,117].
[[1,8,0,0,0,0,2,3,0],7,36].
[[2,8,0,0,0,0,1,2,0],6,14].
[[3,8,0,0,0,0,1,2,0],2,12].
[[2,9,1,1,2,2,2,1,1],5,37].
[[3,8,0,1,2,2,2,1,1],3,54].
[[1,9,2,1,2,2,1,2,1],54,117].
[[3,8,0,1,2,2,1,2,1],22,169].
[[3,9,1,0,0,0,2,3,0],3,39].
[[3,8,1,0,0,0,2,3,1],24,23].
[[2,7,1,1,2,2,0,0,0],91,64].
[[3,7,1,1,2,2,0,0,0],59,35].
[[2,7,2,0,0,0,2,1,1],9,1].
[[3,3,2,0,0,0,2,1,1],1,0].
[[2,8,1,0,0,0,2,2,1],77,56].
[[3,8,1,1,2,0,2,2,1],20,19].
[[2,9,2,1,1,2,2,3,0],15,38].
[[3,9,1,1,1,2,2,3,0],3,75].
[[2,8,1,0,0,0,0,0,0],38,37].
[[2,8,1,1,2,2,2,1,1],80,74].
[[3,8,1,1,1,2,2,1,1],16,20].
[[3,8,1,1,2,0,2,2,0],12,22].
[[2,8,0,1,2,2,0,0,0],20,168].
[[3,8,0,1,2,2,2,2,1],5,64].
[[3,8,1,1,1,0,2,3,1],7,14].
[[1,6,1,1,2,2,0,0,0],41,2].
[[2,3,1,1,2,2,0,0,0],12,3].
[[3,3,1,1,1,2,2,2,1],4,0].
[[3,7,1,0,0,0,0,0,0],20,7].
[[2,8,1,1,2,2,2,2,1],110,85].
[[3,8,1,1,2,2,2,3,1],78,84].
[[2,8,1,1,2,2,0,0,0],66,56].
[[1,8,0,1,2,2,2,3,1],24,53].
[[2,8,0,1,2,2,2,3,0],35,148].
[[2,9,1,1,2,2,1,1,1],13,41].
[[3,8,0,1,2,2,1,1,1],4,48].
[[1,7,2,0,0,0,2,3,1],22,2].
[[3,7,1,1,2,0,1,2,1],26,10].
[[1,9,2,1,1,2,2,1,1],38,40].
[[2,9,1,1,1,2,2,3,0],26,55].
[[3,9,0,1,1,2,1,2,0],0,2].
[[3,6,1,0,0,0,2,1,1],8,0].
[[3,7,1,1,2,2,2,1,1],39,29].
[[3,8,1,1,2,0,1,1,0],3,9].
[[2,8,1,1,2,0,2,3,0],16,11].
[[3,6,1,1,2,0,2,3,0],8,0].
[[1,7,2,1,2,0,0,0,0],10,2].
[[2,7,2,1,2,0,2,3,1],14,9].
[[3,7,2,1,2,0,2,3,0],9,2].
[[2,9,2,1,2,2,2,2,0],11,71].
[[2,9,1,1,2,2,1,2,1],47,162].
[[1,9,2,1,1,2,0,0,0],64,73].
[[2,9,1,1,1,2,2,1,1],2,11].
[[1,8,1,1,2,2,1,2,1],46,29].
[[2,8,0,0,0,0,2,1,0],6,23].
[[3,7,2,1,2,2,2,3,0],13,1].
[[3,8,1,1,2,2,2,1,1],23,29].
[[2,9,2,1,2,2,1,2,1],18,70].
[[2,9,2,1,2,2,2,3,1],10,76].
[[3,9,1,1,1,2,2,3,1],1,20].
[[1,9,2,1,1,2,1,2,1],40,23].
[[2,8,0,1,1,2,1,2,1],16,20].
[[2,8,1,1,1,2,2,3,0],23,13].
[[3,8,1,1,1,2,2,3,0],25,40].
[[3,8,1,1,2,0,1,2,0],15,6].
[[2,6,1,1,2,2,0,0,0],42,4].
[[3,6,1,1,2,2,0,0,0],9,1].
[[1,9,2,1,1,2,2,2,1],49,47].
[[2,4,2,1,2,0,2,2,1],29,3].
[[2,8,1,0,0,0,2,3,0],41,45].
[[3,8,0,1,2,0,2,2,0],2,37].
[[1,9,2,1,1,2,1,1,0],7,4].
[[2,9,2,1,1,2,1,1,0],3,3].
[[1,8,1,1,1,2,0,0,0],69,20].
[[2,8,1,1,1,2,0,0,0],27,13].
[[3,8,1,1,1,2,2,2,0],26,19].
[[3,9,1,1,2,0,2,2,0],5,36].
[[2,9,1,1,2,2,2,3,1],18,115].
[[2,9,1,1,1,2,2,1,0],15,38].
[[3,4,2,1,2,0,1,2,0],78,2].
[[3,8,0,1,1,2,2,2,0],9,120].
[[3,9,1,1,2,2,1,1,1],4,82].
[[3,9,1,0,0,0,1,1,1],0,20].
[[3,7,1,1,1,2,2,3,0],17,15].
[[1,8,1,0,0,0,2,3,0],58,30].
[[3,8,1,0,0,0,2,3,0],7,22].
[[3,9,1,1,2,2,1,1,0],7,64].
[[2,8,0,0,0,0,0,0,0],13,86].
[[3,8,0,0,0,0,2,2,0],4,37].
[[3,6,1,1,2,2,1,2,1],30,1].
[[2,9,1,1,2,0,2,3,1],3,13].
[[3,8,0,1,2,0,2,3,1],3,33].
[[3,8,1,0,0,0,2,2,1],12,11].
[[3,9,1,1,2,2,1,2,1],12,223].
[[1,9,2,1,2,0,1,2,1],2,14].
[[2,9,2,1,1,0,1,2,1],0,3].
[[3,4,0,1,2,0,1,2,1],0,1].
[[2,9,1,1,2,0,0,0,0],0,5].
[[3,9,1,1,1,0,2,2,0],0,14].
[[3,6,1,0,0,0,2,3,0],4,0].
[[2,8,0,0,0,0,2,2,0],9,38].
[[1,8,1,0,0,0,2,1,0],12,10].
[[2,8,1,0,0,0,2,1,0],20,14].
[[3,8,1,0,0,0,2,1,0],6,10].
[[2,6,0,0,0,0,2,3,1],1,3].
[[3,6,0,1,2,0,2,3,1],0,3].
[[2,9,2,0,0,0,1,1,1],3,11].
[[3,9,1,1,2,0,1,1,1],2,23].
[[3,8,0,1,2,2,2,2,0],10,139].
[[2,9,2,1,2,0,2,1,0],3,15].
[[3,9,1,1,2,0,1,2,1],4,65].
[[3,7,1,1,2,0,2,3,1],44,22].
[[2,9,2,1,2,0,2,1,1],3,14].
[[3,9,1,1,1,0,1,1,1],0,12].
[[2,8,0,0,0,0,2,3,0],11,57].
[[3,8,0,1,2,0,1,2,0],1,31].
[[1,9,2,1,2,0,0,0,0],7,39].
[[3,9,1,1,1,0,2,3,1],0,3].
[[1,8,1,1,2,2,2,1,0],14,8].
[[2,7,1,1,1,2,2,1,0],2,1].
[[3,7,1,1,1,2,1,1,0],5,3].
[[2,9,1,1,1,2,2,2,0],28,69].
[[2,8,1,1,2,2,1,1,1],41,41].
[[2,9,2,1,2,2,2,1,0],4,29].
[[3,9,1,1,1,2,2,1,0],1,37].
[[1,7,1,1,2,2,2,2,1],4,1].
[[3,7,0,1,2,2,2,2,1],2,15].
[[2,7,2,1,1,2,2,3,1],8,1].
[[3,3,2,1,1,2,2,3,1],2,0].
[[1,8,1,1,2,2,2,3,0],42,25].
[[2,7,1,1,2,2,2,3,0],21,10].
[[2,7,2,0,0,0,2,3,1],38,7].
[[3,7,2,0,0,0,2,3,1],17,2].
[[1,8,1,1,1,2,2,1,1],12,5].
[[2,7,2,1,1,2,2,1,1],4,0].
[[3,7,2,1,1,2,1,1,1],6,2].
[[3,7,2,1,2,0,1,2,1],20,3].
[[2,7,1,0,0,0,2,1,1],16,6].
[[3,7,1,0,0,0,2,1,1],14,7].
[[1,9,2,1,2,2,2,1,0],41,104].
[[2,9,1,1,2,2,1,2,0],21,78].
[[3,9,1,1,1,2,1,2,0],13,111].
[[2,9,1,1,2,2,2,2,1],5,64].
[[3,9,1,1,1,2,1,2,1],18,168].
[[3,5,0,0,0,0,1,2,1],4,0].
[[2,9,2,1,1,2,2,3,1],20,33].
[[3,9,1,1,1,2,1,1,1],4,57].
[[3,7,1,1,1,2,1,2,1],46,16].
[[3,7,0,1,2,2,0,0,0],5,31].
[[1,9,2,0,0,0,1,2,0],23,63].
[[2,9,2,1,2,0,1,2,0],2,11].
[[3,9,1,1,1,0,1,2,0],1,17].
[[3,9,1,1,2,2,1,2,0],16,141].
[[1,8,0,1,2,2,2,2,0],10,42].
[[3,8,1,1,2,0,2,3,0],19,21].
[[2,6,1,1,2,2,2,3,0],5,0].
[[3,6,1,1,1,2,2,2,0],8,0].
[[2,3,2,0,0,0,2,3,1],4,0].
[[3,3,2,1,2,0,2,3,1],6,0].
[[3,8,0,1,1,0,2,2,0],0,16].
[[3,8,0,0,0,0,1,2,1],5,41].
[[1,8,1,1,2,0,2,2,1],14,12].
[[2,8,1,1,1,0,2,2,1],1,4].
[[3,8,1,1,1,0,2,3,0],3,9].
[[3,8,1,1,2,0,2,1,0],6,16].
[[1,8,1,0,0,0,1,2,0],10,6].
[[2,8,1,1,2,2,1,2,0],23,12].
[[3,7,1,1,2,2,1,2,0],16,5].
[[2,9,2,0,0,0,1,2,1],7,41].
[[3,5,0,1,2,2,1,2,1],18,2].
[[1,8,1,0,0,0,1,2,1],50,41].
[[3,7,1,0,0,0,2,3,1],19,13].
[[1,7,2,0,0,0,0,0,0],77,17].
[[3,7,2,1,2,0,2,3,1],32,5].
[[3,7,1,0,0,0,2,1,0],5,2].
[[2,8,1,1,2,0,1,1,1],11,13].
[[3,8,1,1,2,0,1,1,1],23,31].
[[2,9,1,1,2,0,2,2,0],6,28].
[[2,8,1,1,2,0,1,2,1],47,29].
[[3,7,0,1,2,2,2,3,1],3,20].
[[2,9,1,0,0,0,2,2,1],5,25].
[[2,9,2,1,1,2,1,2,0],11,7].
[[2,8,0,1,1,2,2,1,1],14,24].
[[2,7,2,1,2,0,2,2,1],11,2].
[[3,7,2,1,1,0,2,2,1],4,1].
[[2,8,1,1,2,2,2,1,0],28,17].
[[3,8,1,1,2,2,1,2,0],43,30].
[[2,8,0,1,2,0,0,0,0],1,22].
[[1,8,0,0,0,0,2,2,0],9,23].
[[3,8,0,0,0,0,2,3,0],2,51].
[[1,8,1,1,1,2,2,3,1],36,14].
[[3,7,2,1,1,2,1,2,1],17,1].
[[2,9,2,1,1,2,1,2,1],17,31].
[[3,8,1,1,2,2,2,3,0],45,59].
[[3,7,2,1,2,2,2,2,0],11,1].
[[2,5,0,1,2,2,1,1,1],17,0].
[[3,5,0,1,2,2,1,1,1],40,4].
[[3,8,1,0,0,0,1,2,0],16,5].
[[2,8,0,0,0,0,2,2,1],9,49].
[[3,7,1,1,2,0,2,2,1],18,14].
[[3,6,1,1,2,2,2,1,1],15,0].
[[2,8,0,1,1,2,2,3,1],25,74].
[[3,7,2,1,2,2,2,2,1],36,1].
[[3,7,0,0,0,0,2,2,1],2,4].
[[2,6,1,0,0,0,0,0,0],40,3].
[[3,2,1,0,0,0,0,0,0],4,0].
[[1,8,1,1,2,0,1,2,1],6,7].
[[2,7,1,1,2,2,1,2,1],18,8].
[[3,5,0,1,2,2,1,2,0],38,1].
[[3,8,1,1,2,2,2,2,1],52,54].
[[3,6,1,1,2,0,2,3,1],11,2].
[[2,7,2,0,0,0,2,2,1],26,6].
[[3,7,2,0,0,0,2,2,1],6,0].
[[2,7,1,0,0,0,0,0,0],53,36].
[[3,8,0,1,2,0,2,3,0],2,57].
[[1,9,2,1,2,0,1,1,1],0,8].
[[2,9,2,1,2,0,2,3,0],4,25].
[[3,9,1,1,2,0,1,2,0],4,46].
[[1,8,0,1,1,2,0,0,0],52,51].
[[3,7,0,1,1,2,2,2,0],1,15].
[[2,9,2,1,1,2,2,1,1],8,17].
[[2,9,1,1,1,2,1,2,0],24,45].
[[3,8,1,1,1,2,1,2,0],30,22].
[[3,8,0,1,1,2,2,1,1],1,30].
[[1,9,2,1,1,2,2,1,0],26,23].
[[3,8,0,1,1,2,2,1,0],1,38].
[[3,5,0,1,2,2,1,1,0],19,4].
[[2,9,2,0,0,0,2,1,0],1,13].
[[3,7,1,0,0,0,2,3,0],7,4].
[[2,9,2,1,2,2,0,0,0],2,32].
[[3,8,0,1,2,2,0,0,0],0,29].
[[1,9,2,1,2,2,1,1,0],17,38].
[[2,8,1,1,2,2,1,1,0],6,9].
[[3,8,1,1,2,2,1,1,0],20,21].
[[2,9,2,1,2,2,2,2,1],4,50].
[[2,7,1,0,0,0,2,2,1],18,11].
[[3,7,1,1,2,2,1,1,1],35,17].
[[3,6,0,1,2,2,2,3,1],2,13].
[[2,8,0,0,0,0,2,1,1],5,28].
[[2,8,0,1,2,0,2,2,1],9,18].
[[3,8,0,1,1,0,2,2,1],0,6].
[[2,8,1,1,2,0,2,1,1],17,13].
[[3,7,1,1,2,0,2,1,1],15,11].
[[2,4,2,1,2,0,2,1,1],19,3].
[[3,4,2,1,2,0,2,1,1],26,4].
[[3,7,1,1,1,2,2,3,1],40,29].
[[3,8,0,0,0,0,1,1,1],0,14].
[[3,7,2,1,2,0,0,0,0],15,1].
[[1,6,0,1,2,2,0,0,0],3,8].
[[3,3,1,1,2,2,2,2,1],10,5].
[[3,3,1,1,2,2,0,0,0],17,4].
[[3,8,1,1,1,2,2,3,1],45,36].
[[3,7,2,1,2,2,0,0,0],17,4].
[[2,9,2,1,2,2,1,1,1],9,47].
[[2,8,0,1,1,2,2,1,0],13,20].
[[3,4,2,1,2,0,2,1,0],46,5].
[[3,7,1,0,0,0,1,2,1],22,7].
[[1,9,2,0,0,0,1,1,1],11,31].
[[2,9,2,1,2,0,1,1,1],1,11].
[[1,9,2,1,2,0,2,2,0],7,33].
[[2,9,2,1,1,0,1,1,0],0,1].
[[3,4,0,1,2,0,1,1,0],0,1].
[[3,7,0,1,1,2,0,0,0],4,20].
[[3,9,1,0,0,0,2,2,0],0,24].
[[3,7,1,1,1,0,1,2,1],4,2].
[[1,8,0,0,0,0,2,1,0],8,8].
[[2,7,0,1,2,2,2,1,0],0,2].
[[3,7,0,1,1,2,2,1,0],1,9].
[[2,9,1,1,2,2,0,0,0],1,9].
[[3,9,1,1,2,2,0,0,0],0,4].
[[3,6,1,1,2,0,1,2,1],10,0].
[[2,6,1,0,0,0,2,3,1],26,1].
[[3,6,1,0,0,0,1,2,1],15,0].
[[1,7,2,0,0,0,2,2,1],17,2].
[[2,7,2,1,2,2,2,2,1],18,1].
[[3,7,2,1,2,2,1,1,1],10,2].
[[2,8,1,1,1,2,2,2,0],24,7].
[[3,7,1,1,1,2,2,2,0],19,8].
[[3,4,2,1,2,0,2,3,0],84,7].
[[3,9,1,1,2,2,2,3,1],1,19].
[[2,9,2,1,1,2,2,2,1],11,20].
[[2,9,2,1,2,2,2,1,1],5,36].
[[3,6,1,1,2,2,2,3,1],28,2].
[[1,7,2,1,2,2,0,0,0],39,5].
[[1,8,1,1,2,0,2,3,0],6,1].
[[2,8,1,1,1,0,2,3,0],2,3].
[[3,7,2,1,1,0,1,2,1],5,7].
[[2,6,1,1,2,2,2,2,1],18,1].
[[3,6,1,1,2,2,2,2,1],24,3].
[[2,9,2,1,2,2,2,3,0],14,89].
[[2,8,0,1,2,2,1,1,0],3,14].
[[1,6,1,0,0,0,0,0,0],82,5].
[[3,9,1,1,1,2,2,2,1],0,5].
[[2,9,1,1,2,0,2,2,1],5,9].
[[3,8,0,1,2,0,2,2,1],4,15].
[[2,5,0,1,1,2,1,1,0],6,2].
[[2,9,1,1,1,0,2,2,0],0,3].
[[1,8,1,1,1,2,1,1,1],2,3].
[[1,9,2,1,2,0,2,2,1],7,38].
[[2,9,1,0,0,0,2,1,1],2,13].
[[3,7,2,1,2,2,2,3,1],43,4].
[[3,6,1,0,0,0,2,3,1],19,2].
[[3,8,1,1,1,0,1,2,0],6,9].
[[3,7,1,1,1,2,2,1,1],17,16].
[[1,8,1,1,2,2,1,1,1],15,16].
[[3,9,1,0,0,0,2,1,0],0,11].
[[3,6,1,0,0,0,2,2,1],11,0].
[[2,7,1,1,2,2,2,1,1],27,13].
[[2,7,2,0,0,0,0,0,0],50,5].
[[3,8,0,0,0,0,2,1,0],3,16].
[[3,9,1,1,2,2,2,1,0],4,73].
[[3,8,0,0,0,0,2,3,1],8,23].
[[1,9,2,1,1,2,1,2,0],17,17].
[[3,7,1,0,0,0,2,2,1],20,10].
[[2,8,0,1,2,0,1,2,1],4,5].
[[2,9,1,1,1,2,2,2,1],16,28].
[[3,8,0,1,1,2,2,2,1],6,49].
[[2,9,2,0,0,0,0,0,0],0,18].
[[1,8,0,1,1,2,2,2,0],8,13].
[[2,4,2,1,2,0,2,2,0],36,1].
[[1,8,0,1,2,2,2,2,1],19,50].
[[3,8,0,1,1,0,2,3,0],1,7].
[[2,9,2,1,2,0,1,2,1],0,12].
[[3,3,2,0,0,0,0,0,0],7,0].
[[1,9,2,1,2,0,2,3,0],11,34].
[[2,9,2,0,0,0,2,2,0],8,30].
[[2,9,1,0,0,0,1,2,0],16,54].
[[3,9,1,0,0,0,1,2,0],4,33].
[[2,8,1,1,1,2,2,2,1],46,28].
[[3,4,2,1,2,0,2,2,1],42,3].
[[2,8,0,1,1,2,2,2,1],18,38].
[[2,9,1,1,1,2,2,3,1],26,37].
[[2,7,0,1,2,2,0,0,0],7,18].
[[3,7,0,1,2,2,2,2,0],2,14].
[[3,6,1,1,2,0,0,0,0],6,1].
[[3,9,1,0,0,0,1,2,1],6,60].
[[3,8,0,1,1,2,1,1,0],1,23].
[[1,8,1,0,0,0,1,1,1],13,15].
[[1,7,2,1,2,0,2,1,1],1,0].
[[2,7,2,1,2,0,1,1,1],2,0].
[[3,7,2,1,2,0,1,1,1],5,2].
[[2,8,1,1,2,0,0,0,0],20,16].
[[3,8,1,1,1,0,1,1,1],7,12].
[[3,7,2,1,2,0,2,2,0],5,0].
[[2,6,1,0,0,0,2,2,1],17,2].
[[3,7,1,1,2,0,0,0,0],10,12].
[[1,7,2,0,0,0,2,1,1],9,2].
[[2,7,2,0,0,0,1,1,1],4,2].
[[2,8,0,1,1,2,2,3,0],23,60].
[[3,9,1,1,1,0,1,2,1],0,35].
[[2,7,0,0,0,0,0,0,0],3,13].
[[3,7,0,1,2,0,2,3,0],0,5].
[[1,9,2,1,2,0,2,1,1],3,23].
[[2,9,2,0,0,0,2,3,1],7,54].
[[2,6,0,0,0,0,0,0,0],2,11].
[[3,6,0,1,2,2,0,0,0],0,14].
[[2,7,0,1,2,2,2,2,1],0,4].
[[1,7,1,0,0,0,1,1,1],0,3].
[[2,7,1,1,2,2,1,1,1],3,9].
[[2,9,2,1,1,2,2,2,0],19,27].
[[2,6,1,1,1,2,2,3,1],1,0].
[[3,6,1,1,1,2,1,2,1],6,0].
[[1,8,0,1,1,2,2,2,1],13,9].
[[2,7,1,1,2,0,2,3,1],11,2].
[[3,7,1,1,2,2,2,2,0],29,16].
[[2,4,2,1,2,0,0,0,0],23,2].
[[3,8,1,1,1,2,2,2,1],23,23].
[[1,7,1,1,2,2,1,2,1],1,2].
[[1,7,1,1,2,2,2,1,1],7,5].
[[2,3,1,1,2,2,2,1,1],2,0].
[[3,3,1,1,2,2,2,1,1],10,1].
[[3,7,0,1,1,2,2,3,0],0,13].
[[3,5,0,0,0,0,1,1,1],12,0].
[[2,7,1,1,1,2,2,2,1],12,4].
[[1,8,0,0,0,0,2,2,1],5,30].
[[3,3,1,1,2,0,2,2,1],3,1].
[[3,7,0,1,2,0,2,2,0],0,3].
[[3,7,0,1,1,2,2,2,1],2,15].
[[2,7,1,1,2,0,2,3,0],3,1].
[[3,7,1,1,1,0,2,3,0],4,1].
[[2,5,0,0,0,0,1,1,0],3,0].
[[3,5,0,1,2,0,1,1,0],9,0].
[[2,9,2,1,2,2,1,2,0],15,28].
[[3,8,1,1,1,0,1,2,1],15,30].
[[3,8,0,1,1,0,2,1,1],0,2].
[[2,7,2,1,2,2,2,3,0],4,0].
[[3,9,1,1,2,0,2,1,0],0,13].
[[3,7,2,0,0,0,1,2,1],12,2].
[[1,6,1,0,0,0,2,1,1],3,0].
[[2,6,1,0,0,0,2,1,1],9,0].
[[1,6,1,0,0,0,2,2,0],3,0].
[[2,3,1,0,0,0,2,2,0],2,0].
[[3,3,1,0,0,0,1,1,0],1,0].
[[3,6,1,0,0,0,0,0,0],11,0].
[[2,7,0,1,1,2,2,2,1],2,3].
[[1,9,2,1,2,0,2,1,0],4,18].
[[1,4,2,1,2,0,1,1,1],2,0].
[[2,4,2,1,2,0,1,1,1],21,0].
[[1,7,2,0,0,0,2,2,0],2,0].
[[2,7,2,0,0,0,2,2,0],3,0].
[[3,7,0,1,2,2,2,3,0],3,20].
[[3,7,2,0,0,0,2,2,0],4,1].
[[3,7,1,0,0,0,2,2,0],6,5].
[[2,7,2,0,0,0,1,2,1],9,3].
[[1,4,2,1,2,0,2,2,1],15,2].
[[3,9,1,1,2,2,2,1,1],2,8].
[[2,9,2,1,2,0,2,2,0],2,14].
[[2,8,1,1,2,0,2,1,0],7,6].
[[3,7,1,1,2,2,2,1,0],21,6].
[[2,9,1,1,1,2,0,0,0],0,11].
[[3,8,1,1,1,0,2,2,1],7,9].
[[1,8,1,1,2,2,2,2,0],24,8].
[[2,9,2,1,1,2,2,1,0],8,13].
[[1,4,2,1,2,0,2,3,0],8,2].
[[2,4,2,1,2,0,2,3,0],37,3].
[[2,7,2,1,2,2,2,1,1],12,6].
[[3,7,2,1,2,2,2,1,1],25,5].
[[1,4,2,1,2,0,0,0,0],15,1].
[[3,6,0,1,2,2,2,2,1],0,11].
[[2,9,2,1,2,0,0,0,0],0,6].
[[3,9,1,1,1,0,2,3,0],2,17].
[[2,8,1,0,0,0,1,1,1],21,25].
[[3,6,1,1,2,0,1,1,1],2,0].
[[3,2,1,1,2,2,0,0,0],4,0].
[[3,8,0,1,2,0,1,1,1],2,16].
[[2,9,1,1,2,0,2,3,0],6,42].
[[1,7,1,1,2,2,2,3,1],6,4].
[[2,7,1,1,1,2,2,3,1],13,4].
[[2,7,2,1,2,2,1,2,1],12,3].
[[3,3,2,1,2,2,1,2,1],2,0].
[[2,8,0,1,2,0,2,1,0],0,4].
[[3,7,2,1,1,0,2,3,1],2,7].
[[2,7,2,1,2,2,2,2,0],2,0].
[[3,7,2,1,1,2,1,1,0],3,1].
[[1,9,2,1,1,2,1,1,1],15,6].
[[3,8,0,1,2,2,1,2,0],8,76].
[[2,9,1,1,2,0,1,2,1],5,35].
[[3,6,1,1,1,2,2,3,1],13,0].
[[2,9,1,0,0,0,2,3,1],7,38].
[[3,8,0,0,0,0,0,0,0],0,7].
[[3,7,0,1,2,2,2,1,1],1,12].
[[1,8,0,0,0,0,1,1,0],0,1].
[[2,8,0,0,0,0,1,1,0],1,5].
[[3,8,0,1,2,0,1,1,0],1,9].
[[2,6,1,1,2,2,2,3,1],21,1].
[[3,8,1,1,1,2,2,1,0],14,14].
[[3,5,0,0,0,0,1,2,0],8,0].
[[1,8,0,1,2,2,2,3,0],23,45].
[[2,7,2,0,0,0,2,3,0],5,0].
[[2,6,0,1,2,2,0,0,0],1,23].
[[3,8,0,1,2,0,2,1,1],0,12].
[[3,9,1,1,2,0,1,1,0],1,15].
[[3,7,1,1,1,2,1,2,0],12,0].
[[3,7,2,1,1,2,2,2,1],13,3].
[[3,8,1,0,0,0,1,1,1],19,26].
[[3,8,1,1,1,0,0,0,0],0,1].
[[1,8,1,1,2,2,1,1,0],2,0].
[[2,7,1,1,2,2,1,1,0],2,0].
[[1,6,1,1,2,2,2,2,1],3,2].
[[2,6,1,1,2,2,1,1,1],1,2].
[[3,6,1,1,2,2,1,1,1],7,4].
[[1,8,1,1,1,2,2,2,1],23,8].
[[3,8,0,1,1,0,1,2,1],1,10].
[[2,8,0,1,2,2,1,1,1],5,11].
[[2,8,0,1,1,2,1,2,0],6,14].
[[2,7,1,0,0,0,1,2,1],11,5].
[[2,5,0,1,2,0,1,2,0],1,0].
[[3,5,0,1,2,0,1,2,0],11,2].
[[2,6,1,1,1,2,0,0,0],13,0].
[[3,4,2,1,2,0,0,0,0],12,1].
[[3,7,2,1,2,0,2,1,1],5,2].
[[2,7,1,1,1,2,1,1,1],5,2].
[[3,3,2,0,0,0,2,3,1],4,0].
[[2,8,0,1,1,2,1,1,1],3,6].
[[2,9,1,1,2,0,1,1,1],2,11].
[[2,9,1,1,2,0,2,1,0],3,15].
[[3,3,1,0,0,0,2,3,1],6,0].
[[3,8,0,1,1,0,1,1,1],0,2].
[[3,9,0,1,2,0,1,1,0],0,2].
[[2,6,0,1,2,2,2,2,1],0,2].
[[3,6,0,1,1,2,2,2,1],0,5].
[[1,9,2,1,2,0,1,2,0],3,9].
[[2,6,1,0,0,0,1,2,1],4,0].
[[2,9,2,1,2,2,1,1,0],4,9].
[[3,6,1,1,1,2,1,1,1],1,1].
[[2,9,2,1,2,0,1,1,0],0,4].
[[2,8,1,0,0,0,1,1,0],5,10].
[[3,6,0,1,1,2,2,3,0],0,6].
[[1,8,1,1,2,0,2,3,1],26,15].
[[2,9,2,1,2,0,2,2,1],1,12].
[[3,6,1,1,1,2,0,0,0],5,0].
[[2,7,0,1,2,2,2,3,1],0,4].
[[1,8,0,0,0,0,1,2,0],0,1].
[[3,7,1,1,2,0,2,2,0],11,3].
[[3,8,0,0,0,0,2,2,1],2,21].
[[3,9,1,0,0,0,1,1,0],1,14].
[[3,9,0,1,2,2,1,2,0],0,3].
[[3,8,1,1,1,0,2,1,1],6,8].
[[3,6,0,0,0,0,2,3,1],0,3].
[[2,8,0,1,2,0,2,1,1],2,9].
[[2,8,1,1,1,2,2,1,0],10,9].
[[3,6,1,1,1,2,2,1,0],4,0].
[[3,7,2,1,1,2,2,3,0],11,0].
[[3,6,1,1,2,2,2,3,0],16,0].
[[3,6,0,0,0,0,2,2,0],0,1].
[[2,6,0,1,1,2,0,0,0],1,4].
[[3,6,0,1,1,2,2,3,1],0,10].
[[2,9,1,0,0,0,0,0,0],1,14].
[[2,8,1,1,1,0,0,0,0],1,3].
[[3,8,1,1,1,0,2,2,0],1,9].
[[2,5,0,1,2,0,1,1,1],1,1].
[[2,8,1,0,0,0,1,2,0],18,6].
[[3,8,0,0,0,0,1,1,0],1,3].
[[3,3,1,1,2,2,2,3,0],2,1].
[[3,7,1,1,1,2,2,1,0],5,1].
[[3,7,0,0,0,0,2,3,0],0,4].
[[2,3,2,0,0,0,0,0,0],7,0].
[[3,3,2,1,2,0,0,0,0],7,0].
[[1,7,1,0,0,0,2,1,1],1,2].
[[2,7,1,0,0,0,1,1,1],4,2].
[[3,3,1,1,2,2,1,1,1],3,1].
[[1,4,2,1,2,0,2,1,1],4,1].
[[1,8,0,1,1,2,2,1,0],3,5].
[[2,8,0,1,1,2,1,1,0],4,4].
[[2,3,2,1,2,2,0,0,0],9,0].
[[3,3,2,1,2,2,0,0,0],16,1].
[[2,3,1,0,0,0,0,0,0],6,1].
[[3,3,1,1,2,0,2,3,1],3,0].
[[3,8,0,1,1,0,2,1,0],0,5].
[[1,7,2,1,2,2,2,3,1],5,1].
[[2,5,0,1,2,2,1,2,0],11,0].
[[2,8,0,1,2,0,2,2,0],2,20].
[[2,4,2,1,2,0,1,2,0],27,0].
[[1,8,1,1,1,2,1,2,1],10,3].
[[2,6,1,1,1,2,1,2,1],2,0].
[[2,5,0,1,2,2,1,2,1],3,0].
[[3,7,2,1,1,2,2,1,1],4,2].
[[3,7,0,1,1,2,1,2,1],2,6].
[[1,6,1,0,0,0,2,3,1],13,0].
[[3,7,2,1,1,2,0,0,0],4,0].
[[3,5,0,1,1,2,1,1,1],20,0].
[[2,6,1,1,2,2,2,1,1],8,1].
[[2,7,1,1,2,0,2,2,1],5,5].
[[3,7,2,1,1,0,2,1,0],1,0].
[[3,7,2,0,0,0,2,1,1],8,1].
[[2,8,1,1,2,0,2,2,0],9,14].
[[2,9,1,1,2,0,1,1,0],0,8].
[[3,6,1,1,2,2,2,2,0],5,0].
[[2,9,2,0,0,0,1,2,0],2,18].
[[2,8,1,1,1,2,1,2,0],11,3].
[[3,6,0,1,1,2,1,1,1],0,1].
[[3,7,0,0,0,0,1,2,0],0,3].
[[2,9,1,1,1,0,2,1,0],1,0].
[[3,5,0,1,1,0,1,2,0],2,1].
[[2,8,0,1,2,0,2,3,0],3,16].
[[3,3,1,1,2,2,2,3,1],14,1].
[[3,7,1,1,2,2,1,1,0],6,1].
[[2,7,1,0,0,0,2,2,0],2,4].
[[3,7,1,0,0,0,1,2,0],5,2].
[[1,7,1,1,2,2,2,3,0],1,0].
[[3,7,1,1,1,0,1,2,0],2,0].
[[2,9,2,0,0,0,2,2,1],2,24].
[[3,7,2,0,0,0,1,1,1],3,5].
[[3,3,1,1,1,2,2,3,0],2,0].
[[3,7,0,1,2,2,2,1,0],0,9].
[[1,8,1,0,0,0,1,1,0],2,3].
[[2,7,2,1,2,0,1,1,0],0,1].
[[3,7,2,1,2,0,1,1,0],2,2].
[[2,7,2,1,2,0,2,1,1],4,1].
[[3,7,2,1,1,0,2,1,1],4,0].
[[3,7,2,1,1,0,2,3,0],2,1].
[[3,7,1,1,2,0,1,1,1],6,10].
[[1,8,1,1,2,0,1,1,1],1,5].
[[2,7,1,1,2,0,1,1,1],1,2].
[[2,7,0,0,0,0,2,3,1],0,2].
[[1,8,0,1,2,2,2,1,0],6,19].
[[3,7,0,1,2,2,1,1,1],0,3].
[[3,6,0,1,1,2,1,2,1],0,2].
[[3,9,1,1,2,0,2,3,1],0,2].
[[2,7,2,1,1,0,2,1,1],1,0].
[[3,3,2,1,1,0,2,1,1],1,0].
[[3,7,2,0,0,0,2,1,0],1,0].
[[3,5,0,1,1,2,1,2,1],9,0].
[[2,6,1,1,2,2,2,2,0],3,0].
[[2,6,0,1,2,2,2,1,1],0,3].
[[3,6,0,1,1,2,2,1,1],0,1].
[[1,6,0,0,0,0,0,0,0],2,6].
[[3,3,1,0,0,0,0,0,0],8,1].
[[2,9,2,1,1,2,0,0,0],6,13].
[[3,8,1,1,1,2,0,0,0],1,2].
[[1,7,2,1,2,2,1,2,1],2,1].
[[2,8,1,1,2,0,1,2,0],3,6].
[[3,6,0,1,2,2,2,1,1],0,6].
[[1,8,1,1,2,0,2,1,1],8,6].
[[2,8,1,1,1,0,2,1,1],3,4].
[[3,7,1,1,2,0,2,3,0],13,6].
[[3,7,2,0,0,0,0,0,0],13,1].
[[2,6,0,1,2,2,2,3,1],1,2].
[[2,5,0,0,0,0,1,2,0],4,1].
[[2,7,1,0,0,0,2,3,0],7,5].
[[1,8,1,1,2,0,2,2,0],3,3].
[[2,7,2,1,1,0,1,1,1],1,0].
[[3,3,2,1,1,0,1,1,1],1,0].
[[3,9,0,1,2,2,1,1,0],0,6].
[[3,6,1,1,2,0,2,2,1],11,0].
[[2,6,1,1,2,0,0,0,0],10,2].
[[2,8,1,1,2,0,1,1,0],1,5].
[[3,8,1,1,1,0,1,1,0],1,6].
[[2,6,0,1,1,2,2,3,0],1,1].
[[2,8,0,0,0,0,1,1,1],2,7].
[[3,5,0,1,1,0,1,1,1],2,3].
[[1,8,1,1,1,2,2,1,0],1,1].
[[2,7,0,1,2,2,2,1,1],1,0].
[[2,7,1,1,2,0,1,2,1],4,2].
[[3,3,2,1,2,2,2,2,1],10,0].
[[2,9,2,1,1,0,2,1,1],1,2].
[[1,4,2,1,2,0,1,2,1],6,0].
[[2,6,1,1,2,0,2,1,1],4,1].
[[3,6,1,1,1,0,1,1,1],0,1].
[[3,5,0,1,2,0,1,2,1],3,0].
[[3,3,1,0,0,0,2,1,1],1,0].
[[1,4,2,1,2,0,1,2,0],2,0].
[[3,3,2,1,2,2,2,3,1],8,0].
[[2,9,1,1,2,0,1,2,0],2,13].
[[3,9,1,1,1,0,2,1,0],0,7].
[[2,7,2,1,1,2,0,0,0],13,0].
[[3,3,2,1,1,2,0,0,0],4,0].
[[2,7,2,1,2,0,2,3,0],2,1].
[[1,8,0,1,1,2,2,3,0],9,10].
[[2,9,2,1,1,0,2,2,1],0,1].
[[3,6,0,0,0,0,1,2,0],0,1].
[[1,7,2,0,0,0,2,3,0],2,0].
[[2,3,2,1,2,0,2,3,0],1,0].
[[3,3,2,1,2,0,2,3,0],1,0].
[[3,9,1,0,0,0,2,2,1],0,2].
[[2,6,1,1,2,2,1,2,1],6,0].
[[1,6,0,1,2,2,2,3,1],0,1].
[[2,6,0,1,2,2,1,2,1],0,1].
[[3,6,0,1,2,2,1,2,1],0,3].
[[1,8,0,1,2,2,1,2,0],0,9].
[[2,7,1,1,2,2,1,2,0],2,1].
[[1,7,2,0,0,0,1,2,1],3,1].
[[2,9,2,1,2,0,2,3,1],1,17].
[[2,8,1,1,1,2,1,1,0],2,1].
[[2,6,0,1,1,2,2,2,0],0,1].
[[3,6,0,1,1,2,2,2,0],1,4].
[[2,7,1,1,2,0,2,1,1],3,1].
[[3,7,1,0,0,0,1,1,1],3,4].
[[3,8,1,0,0,0,1,1,0],5,6].
[[1,6,1,0,0,0,2,2,1],7,1].
[[3,3,2,1,2,0,2,2,1],5,0].
[[2,5,0,1,1,2,1,1,1],2,0].
[[3,6,1,1,1,2,2,2,1],8,0].
[[1,2,1,0,0,0,0,0,0],2,0].
[[2,2,1,0,0,0,0,0,0],4,0].
[[3,2,1,1,2,0,2,2,1],1,0].
[[2,9,1,1,1,0,1,2,1],0,9].
[[2,7,0,1,2,2,2,2,0],0,3].
[[2,7,1,1,1,2,2,2,0],2,0].
[[3,8,0,1,1,2,0,0,0],0,25].
[[2,8,1,1,1,0,1,2,1],1,7].
[[2,7,1,1,2,0,0,0,0],13,11].
[[2,9,2,1,1,0,2,2,0],0,4].
[[2,5,0,0,0,0,1,1,1],4,0].
[[3,6,0,1,1,2,2,1,0],1,0].
[[2,7,2,1,1,2,2,2,1],6,2].
[[3,3,2,1,1,2,2,2,1],1,0].
[[1,8,0,1,1,2,1,2,0],2,1].
[[1,6,1,1,2,2,2,3,1],4,0].
[[1,7,1,0,0,0,2,3,1],7,2].
[[2,4,2,1,2,0,2,1,0],17,3].
[[2,7,2,1,1,2,1,2,1],2,0].
[[1,7,1,0,0,0,2,2,0],1,0].
[[3,3,1,1,2,2,1,2,0],1,0].
[[2,3,2,0,0,0,1,2,1],1,0].
[[3,3,1,0,0,0,1,2,1],3,0].
[[3,7,2,1,1,0,0,0,0],1,0].
[[1,7,1,0,0,0,1,2,1],0,1].
[[3,9,1,0,0,0,2,3,1],0,3].
[[3,8,0,0,0,0,2,1,1],0,14].
[[3,7,0,0,0,0,1,2,1],1,2].
[[1,8,0,1,1,2,2,1,1],5,2].
[[2,7,0,0,0,0,2,1,1],0,1].
[[3,7,0,0,0,0,2,1,1],0,2].
[[2,7,2,1,2,2,1,2,0],1,0].
[[3,7,2,1,1,2,1,2,0],1,0].
[[2,6,1,1,2,0,2,3,0],2,0].
[[3,3,1,1,2,0,2,3,0],1,0].
[[3,7,2,1,2,0,2,1,0],3,1].
[[1,7,2,1,2,0,2,3,1],1,1].
[[2,3,2,1,2,0,2,3,1],2,0].
[[3,7,0,0,0,0,0,0,0],1,3].
[[2,7,2,1,1,2,2,3,0],1,0].
[[3,7,1,1,2,0,1,1,0],2,0].
[[2,7,1,1,2,2,2,2,0],3,1].
[[3,6,1,1,2,0,1,2,0],2,0].
[[3,7,0,0,0,0,2,2,0],1,3].
[[2,6,1,1,2,0,2,3,1],6,1].
[[3,6,1,1,1,0,2,3,1],5,1].
[[3,3,1,1,1,2,0,0,0],8,1].
[[2,7,2,1,1,0,2,3,1],1,1].
[[3,7,2,1,1,0,2,2,0],2,0].
[[2,5,0,1,1,2,1,2,0],1,1].
[[2,6,1,0,0,0,2,3,0],4,0].
[[2,9,1,1,1,0,1,2,0],0,5].
[[3,8,0,1,1,0,1,2,0],0,8].
[[3,7,1,1,1,0,2,1,1],3,7].
[[3,8,1,1,1,0,2,1,0],2,5].
[[2,7,1,0,0,0,2,1,0],1,2].
[[3,7,1,1,2,0,2,1,0],3,2].
[[3,3,1,1,2,0,1,2,1],3,0].
[[2,8,1,1,1,0,2,3,1],5,7].
[[2,9,1,1,2,0,2,1,1],0,4].
[[2,6,0,0,0,0,2,3,0],0,1].
[[3,3,1,0,0,0,2,3,0],0,1].
[[3,7,2,1,2,2,2,1,0],5,1].
[[2,7,0,0,0,0,2,2,0],0,1].
[[2,7,1,1,1,2,1,2,0],1,0].
[[3,9,1,1,1,2,0,0,0],0,3].
[[3,7,1,1,2,0,1,2,0],6,6].
[[2,7,2,1,2,0,1,2,1],3,1].
[[2,5,0,1,2,0,1,1,0],2,0].
[[3,6,0,1,1,2,0,0,0],0,7].
[[3,7,0,1,2,0,0,0,0],0,4].
[[2,8,0,1,2,0,1,2,0],2,1].
[[3,7,0,1,1,2,1,2,0],0,5].
[[2,6,0,1,2,2,2,1,0],0,1].
[[3,6,0,1,2,2,1,1,0],0,2].
[[2,3,1,0,0,0,2,2,1],1,0].
[[2,9,2,1,1,0,2,3,1],0,3].
[[2,6,1,0,0,0,1,2,0],2,0].
[[3,6,1,0,0,0,1,2,0],2,0].
[[1,8,1,1,2,2,1,2,0],4,5].
[[3,9,1,1,1,2,2,1,1],0,6].
[[3,9,0,1,1,0,1,2,0],0,2].
[[3,6,1,1,2,0,2,1,1],8,0].
[[2,6,1,1,2,0,1,2,1],1,0].
[[3,7,0,1,2,2,1,2,0],0,6].
[[3,7,0,1,2,0,2,3,1],2,3].
[[3,6,1,1,2,2,2,1,0],3,0].
[[2,7,0,1,1,2,0,0,0],4,9].
[[3,7,2,0,0,0,1,2,0],2,1].
[[2,7,1,1,1,2,2,1,1],6,2].
[[3,3,1,1,1,2,2,1,1],2,0].
[[2,9,1,1,1,0,2,2,1],0,3].
[[2,7,1,1,1,2,2,3,0],2,1].
[[3,3,1,1,2,2,1,2,1],2,0].
[[1,7,2,1,2,2,2,1,1],6,0].
[[3,7,1,1,1,0,2,3,1],3,5].
[[1,7,2,1,2,2,2,2,1],5,2].
[[3,8,1,0,0,0,2,1,1],6,7].
[[3,7,0,1,1,2,1,1,1],0,1].
[[2,7,2,0,0,0,1,2,0],0,1].
[[3,6,0,1,2,2,2,3,0],2,13].
[[3,2,1,1,2,0,2,3,1],1,0].
[[2,5,0,1,2,2,1,1,0],5,1].
[[3,7,0,1,2,0,2,2,1],1,2].
[[2,6,1,0,0,0,1,1,1],3,0].
[[3,2,1,1,2,2,2,1,1],2,0].
[[3,7,1,1,1,0,2,1,0],0,1].
[[2,5,0,1,1,2,1,2,1],2,0].
[[2,6,0,0,0,0,2,2,0],0,2].
[[3,6,0,1,2,0,2,2,0],0,4].
[[3,7,2,1,2,2,1,2,0],3,1].
[[1,7,1,0,0,0,2,2,1],1,3].
[[3,6,1,0,0,0,1,1,1],1,1].
[[2,7,1,1,2,2,2,1,0],5,3].
[[2,9,2,0,0,0,1,1,0],0,3].
[[2,6,0,0,0,0,2,1,1],0,1].
[[1,7,2,0,0,0,2,1,0],1,0].
[[2,3,2,0,0,0,2,1,0],1,0].
[[3,3,2,1,2,2,2,1,0],1,0].
[[3,3,1,1,1,2,1,2,1],1,0].
[[2,7,0,1,1,2,2,2,0],1,2].
[[3,9,1,1,1,0,1,1,0],2,3].
[[3,3,2,1,2,0,2,1,1],3,0].
[[3,7,2,1,1,0,1,1,1],1,1].
[[1,8,0,1,2,2,1,1,0],0,2].
[[3,9,0,1,2,0,1,2,0],0,4].
[[2,7,0,1,1,2,2,3,0],1,1].
[[1,3,2,0,0,0,2,2,1],1,0].
[[2,3,2,1,2,2,1,1,1],1,0].
[[3,3,2,1,1,2,1,1,1],1,0].
[[2,8,1,1,1,0,2,2,0],2,2].
[[3,4,0,1,2,0,2,2,1],0,1].
[[3,9,1,0,0,0,2,1,1],0,1].
[[2,6,1,0,0,0,2,2,0],2,0].
[[3,6,1,0,0,0,1,1,0],2,1].
[[2,3,2,0,0,0,2,1,1],1,0].
[[3,3,2,1,2,2,2,1,1],2,0].
[[3,3,2,1,2,0,1,2,1],2,0].
[[3,6,0,1,2,2,2,1,0],1,4].
[[1,6,1,0,0,0,1,1,1],1,0].
[[3,9,1,1,2,2,2,2,1],0,9].
[[3,7,2,1,2,0,1,2,0],2,0].
[[3,3,2,0,0,0,2,2,1],4,0].
[[1,3,2,0,0,0,0,0,0],5,0].
[[3,6,1,1,2,0,2,1,0],2,0].
[[3,7,0,1,1,2,2,1,1],1,6].
[[3,7,2,0,0,0,2,3,0],2,1].
[[1,7,1,0,0,0,2,1,0],0,1].
[[3,6,0,1,2,2,2,2,0],0,5].
[[1,7,2,1,2,0,1,2,1],1,0].
[[1,6,1,0,0,0,1,2,1],2,0].
[[3,8,0,1,1,0,0,0,0],0,2].
[[3,8,0,1,1,0,1,1,0],0,2].
[[3,6,0,1,2,2,1,2,0],1,2].
[[2,7,2,1,2,2,1,1,1],3,2].
[[2,8,1,1,1,0,1,2,0],1,0].
[[3,8,1,1,2,2,0,0,0],1,3].
[[2,7,0,0,0,0,2,2,1],0,3].
[[1,8,1,1,1,2,2,3,0],4,1].
[[2,5,0,0,0,0,1,2,1],3,0].
[[1,8,1,1,1,2,1,1,0],1,1].
[[2,7,2,1,1,2,1,1,0],1,0].
[[3,7,0,1,2,0,2,1,0],0,1].
[[3,8,1,1,2,0,0,0,0],1,1].
[[2,6,0,1,2,2,2,2,0],0,1].
[[3,7,0,1,2,0,2,1,1],0,1].
[[3,3,1,1,1,2,1,1,1],2,0].
[[3,7,2,1,1,2,2,2,0],5,0].
[[2,3,2,1,2,0,0,0,0],4,0].
[[2,9,1,1,1,0,1,1,1],0,3].
[[3,4,0,1,2,0,1,1,1],0,1].
[[3,3,1,1,2,2,2,2,0],2,0].
[[3,6,0,0,0,0,2,1,0],0,2].
[[1,9,2,1,2,0,1,1,0],0,2].
[[2,6,1,1,1,2,2,2,0],1,0].
[[2,9,2,1,1,0,2,3,0],1,1].
[[1,6,1,1,2,2,2,1,0],1,0].
[[2,6,1,1,2,2,2,1,0],1,0].
[[3,2,1,1,2,2,2,1,0],1,0].
[[3,2,1,1,2,0,0,0,0],1,0].
[[2,7,2,1,2,2,2,1,0],1,0].
[[2,7,1,1,1,2,1,2,1],2,1].
[[1,4,2,1,2,0,2,1,0],2,2].
[[2,7,2,1,2,0,2,2,0],2,0].
[[3,7,1,1,1,0,2,2,0],1,0].
[[2,9,1,1,1,0,2,1,1],0,1].
[[3,3,2,1,2,2,2,2,0],1,0].
[[3,6,1,0,0,0,2,1,0],2,0].
[[2,6,0,1,1,2,2,3,1],1,1].
[[3,6,0,0,0,0,0,0,0],0,4].
[[2,8,1,1,1,0,1,1,1],0,3].
[[3,7,1,1,1,0,1,1,1],0,2].
[[2,7,1,0,0,0,1,2,0],2,0].
[[3,7,1,1,1,0,0,0,0],3,3].
[[1,7,2,1,2,0,1,1,1],1,0].
[[3,3,2,1,2,0,1,1,1],1,0].
[[3,9,1,1,1,0,0,0,0],0,1].
[[1,6,1,0,0,0,2,1,0],1,0].
[[2,6,1,0,0,0,1,1,0],1,0].
[[3,3,1,1,2,0,0,0,0],4,1].
[[2,7,0,1,2,2,2,3,0],0,3].
[[1,8,1,1,1,2,1,2,0],1,0].
[[2,3,2,0,0,0,2,2,1],2,0].
[[3,6,0,1,2,0,2,3,0],0,1].
[[2,9,1,1,1,0,2,3,0],1,5].
[[3,9,1,0,0,0,0,0,0],0,2].
[[3,7,1,1,1,0,2,2,1],3,1].
[[2,9,1,1,1,0,2,3,1],0,2].
[[1,6,1,0,0,0,2,3,0],1,0].
[[1,8,1,1,1,2,2,2,0],5,1].
[[3,2,1,0,0,0,2,2,1],2,0].
[[3,6,0,0,0,0,2,3,0],0,3].
[[3,8,0,1,2,0,0,0,0],0,5].
[[2,9,2,1,1,0,2,1,0],1,0].
[[2,6,1,1,2,0,2,2,1],5,1].
[[3,9,1,1,1,0,2,2,1],0,1].
[[2,6,0,1,1,2,2,2,1],0,1].
[[3,5,0,0,0,0,1,1,0],2,1].
[[2,7,0,0,0,0,2,3,0],0,1].
[[3,6,1,1,1,2,2,3,0],1,0].
[[2,6,1,1,1,2,2,2,1],3,0].
[[1,7,2,0,0,0,1,1,1],0,1].
[[1,7,1,1,2,2,1,1,1],1,1].
[[1,6,1,1,2,2,1,2,1],1,0].
[[2,6,0,1,2,2,2,3,0],0,1].
[[1,7,1,1,2,2,2,1,0],1,0].
[[3,9,1,1,2,0,0,0,0],0,2].
[[3,9,1,1,2,0,2,2,1],0,1].
[[2,7,2,1,1,2,1,1,1],1,0].
[[2,6,0,1,2,2,1,2,0],0,1].
[[3,6,0,1,1,2,1,2,0],0,1].
[[3,6,0,1,1,2,1,1,0],0,1].
[[2,7,1,1,2,0,2,1,0],1,0].
[[1,8,0,0,0,0,1,1,1],0,1].
[[3,9,1,1,2,0,2,1,1],1,1].
[[3,6,1,1,2,0,2,2,0],2,0].
[[2,3,1,0,0,0,2,3,1],1,0].
[[3,7,1,0,0,0,1,1,0],2,1].
[[2,3,2,1,2,2,2,2,1],2,0].
[[3,6,1,1,1,0,2,2,1],0,1].
[[3,6,0,0,0,0,2,1,1],0,1].
[[2,6,1,0,0,0,2,1,0],1,0].
[[3,3,1,1,2,0,2,1,0],1,0].
[[2,2,1,1,2,2,2,3,1],1,0].
[[3,2,1,1,2,2,1,2,1],1,0].
[[3,3,1,1,1,2,2,2,0],1,0].
[[2,2,1,1,2,2,0,0,0],1,0].
[[1,8,1,1,2,0,1,2,0],1,0].
[[2,6,1,1,1,2,2,1,1],1,0].
[[2,5,0,1,1,0,1,1,0],0,1].
[[3,5,0,1,1,0,1,1,0],1,1].
[[1,8,0,1,1,2,1,2,1],1,1].
[[3,8,0,1,1,0,2,3,1],0,3].
[[3,6,0,1,2,0,2,1,1],0,1].
[[2,7,0,1,2,2,1,2,1],0,1].
[[3,7,0,1,2,2,1,1,0],0,1].
[[1,8,1,1,2,0,2,1,0],1,1].
[[3,3,1,0,0,0,2,2,1],1,0].
[[2,7,1,1,1,2,1,1,0],0,1].
[[3,4,0,1,2,0,2,3,0],0,1].
[[2,3,1,1,2,2,2,2,1],1,0].
[[3,3,0,1,1,2,0,0,0],0,1].
[[3,6,1,1,1,0,2,1,1],1,0].
[[2,8,0,1,2,0,1,1,1],0,2].
[[3,3,2,1,1,0,2,3,1],2,0].
[[3,3,1,0,0,0,1,2,0],1,0].
[[1,7,2,1,2,2,2,1,0],1,0].
[[2,7,2,1,2,2,1,1,0],1,0].
[[1,7,1,1,2,2,2,2,0],1,0].
[[2,3,1,1,2,2,2,2,0],1,0].
[[1,7,2,1,2,2,2,3,0],1,0].
[[1,8,0,0,0,0,1,2,1],0,2].
[[2,5,0,1,1,0,1,2,0],1,0].
[[3,7,2,1,2,2,1,1,0],1,0].
[[3,5,0,1,1,0,1,2,1],1,0].
[[2,7,0,1,1,2,2,1,1],1,0].
[[3,9,0,1,1,2,1,1,0],0,1].
[[2,8,1,1,1,0,1,1,0],0,1].
[[1,8,0,1,1,2,1,1,0],0,1].
[[1,7,1,0,0,0,2,3,0],0,1].
[[2,7,1,1,2,0,2,2,0],1,0].
[[3,1,1,1,2,0,1,2,0],1,0].
