total_WL(20179,16020).
[[1,9,2,1,2,1,2,1,1],229,253].
[[2,9,2,1,1,1,2,1,1],50,56].
[[3,4,1,1,2,0,1,1,1],52,11].
[[1,7,2,1,2,1,2,1,1],6,2].
[[2,7,2,1,1,1,1,1,1],2,0].
[[3,7,1,1,1,1,1,1,1],32,18].
[[1,8,1,0,0,0,0,0,0],1959,712].
[[2,8,1,0,0,0,2,2,0],101,37].
[[3,8,1,0,0,0,2,1,1],153,44].
[[1,9,2,0,0,0,2,3,1],1047,1386].
[[2,9,2,0,0,0,1,2,1],316,474].
[[3,9,2,0,0,0,1,2,1],69,216].
[[1,9,2,1,2,1,2,3,0],383,366].
[[2,9,2,1,2,1,1,2,0],262,248].
[[3,9,2,1,2,1,1,2,0],208,296].
[[1,9,2,1,2,1,0,0,0],252,586].
[[2,8,0,1,2,1,0,0,0],121,340].
[[3,8,0,1,2,1,2,3,0],149,402].
[[1,8,1,1,2,0,2,3,1],61,30].
[[2,8,1,1,2,0,2,3,1],214,104].
[[3,8,1,1,2,1,2,3,1],457,183].
[[1,8,0,0,0,0,0,0,0],849,1035].
[[2,8,0,0,0,0,0,0,0],146,422].
[[3,8,0,1,2,0,2,2,0],39,70].
[[1,9,2,0,0,0,0,0,0],580,1536].
[[2,9,2,1,2,0,2,3,1],57,134].
[[3,8,0,1,2,1,2,3,1],196,366].
[[1,9,2,0,0,0,1,2,1],378,416].
[[2,8,0,0,0,0,1,2,1],96,116].
[[3,8,0,0,0,0,1,2,1],106,186].
[[1,9,2,0,0,0,2,2,1],736,984].
[[2,8,0,0,0,0,2,2,1],216,265].
[[3,8,0,1,2,1,1,2,1],263,499].
[[1,8,0,1,2,1,2,3,0],67,54].
[[2,8,0,1,1,1,2,3,0],40,34].
[[3,7,0,1,1,1,2,3,0],14,7].
[[1,8,1,1,2,1,2,3,1],397,98].
[[2,8,1,1,2,1,1,2,1],417,148].
[[3,8,1,1,1,1,1,2,1],298,133].
[[2,8,1,1,2,1,2,3,1],710,246].
[[3,8,1,1,1,1,2,3,1],163,64].
[[1,9,2,0,0,0,2,2,0],646,607].
[[2,9,2,0,0,0,1,1,0],76,98].
[[3,9,2,0,0,0,1,1,0],23,59].
[[2,8,1,0,0,0,2,2,1],588,237].
[[3,7,1,0,0,0,2,2,1],156,51].
[[1,9,2,1,2,1,1,2,1],195,174].
[[2,9,2,1,2,1,1,2,1],366,488].
[[1,8,1,0,0,0,2,1,1],483,163].
[[2,8,1,1,2,1,1,1,1],120,86].
[[3,8,1,1,2,1,1,1,1],215,195].
[[2,8,1,0,0,0,1,2,1],484,174].
[[3,7,1,1,2,1,1,2,1],317,72].
[[1,9,2,0,0,0,2,3,0],786,910].
[[2,8,1,0,0,0,2,3,0],128,41].
[[3,8,1,1,2,1,2,3,0],71,47].
[[1,8,1,1,1,1,0,0,0],68,23].
[[2,8,1,1,1,1,2,1,1],60,16].
[[3,8,1,1,1,1,2,1,1],81,42].
[[1,9,2,0,0,0,1,1,1],146,148].
[[2,9,2,0,0,0,1,1,1],120,177].
[[3,9,2,0,0,0,1,1,1],14,74].
[[3,8,1,0,0,0,2,2,1],190,71].
[[1,8,0,0,0,0,2,3,0],184,127].
[[2,8,0,0,0,0,2,3,0],217,216].
[[3,8,0,0,0,0,2,3,0],57,159].
[[1,8,1,1,2,1,1,1,1],26,24].
[[3,8,1,1,1,1,1,1,1],86,69].
[[2,9,2,0,0,0,2,2,1],225,370].
[[3,9,2,1,2,1,2,2,1],49,142].
[[2,9,2,0,0,0,2,3,0],221,460].
[[3,9,2,0,0,0,1,2,0],85,109].
[[1,9,2,1,2,1,2,2,1],333,398].
[[3,8,1,1,2,1,1,2,1],762,334].
[[3,9,1,0,0,0,1,2,1],22,43].
[[1,8,1,0,0,0,2,2,1],817,274].
[[3,8,1,0,0,0,2,3,1],217,80].
[[1,9,2,0,0,0,2,1,1],452,630].
[[2,9,2,0,0,0,2,1,1],145,252].
[[3,8,0,1,2,1,2,1,1],130,186].
[[1,9,2,0,0,0,1,2,0],312,234].
[[2,9,1,0,0,0,1,2,0],17,25].
[[3,9,1,1,2,1,1,2,0],40,57].
[[2,9,2,1,2,1,1,1,1],96,182].
[[1,8,1,1,2,0,2,2,1],54,29].
[[2,8,1,1,2,0,2,2,1],152,76].
[[3,8,1,1,2,0,2,2,1],150,74].
[[1,8,1,0,0,0,2,3,1],1185,354].
[[2,6,1,0,0,0,2,3,1],103,1].
[[3,3,1,0,0,0,2,3,1],31,1].
[[2,9,2,0,0,0,2,3,1],248,452].
[[3,9,2,1,2,1,1,2,1],225,606].
[[1,8,0,1,2,1,2,2,0],50,40].
[[2,8,0,1,2,1,2,2,0],152,149].
[[3,8,0,1,2,1,2,2,0],124,280].
[[2,5,0,1,2,1,1,1,1],41,6].
[[3,5,0,1,2,1,1,1,1],156,14].
[[1,9,2,1,2,0,2,3,1],47,71].
[[3,9,2,1,1,0,1,1,0],2,11].
[[2,9,2,0,0,0,1,2,0],245,230].
[[2,8,0,0,0,0,2,2,0],187,169].
[[3,8,0,0,0,0,1,1,0],31,23].
[[2,9,2,1,2,1,2,2,1],204,397].
[[3,8,0,1,2,1,2,2,1],188,274].
[[1,9,2,1,2,1,2,2,0],299,269].
[[2,9,2,1,2,1,2,2,0],167,318].
[[1,9,2,0,0,0,2,1,0],297,283].
[[2,8,1,0,0,0,2,3,1],844,307].
[[3,8,1,1,2,0,1,1,0],25,13].
[[3,8,1,1,1,0,1,2,1],42,52].
[[3,9,2,1,2,0,1,2,1],82,182].
[[1,6,1,0,0,0,0,0,0],307,13].
[[2,6,1,1,2,0,0,0,0],28,4].
[[3,6,1,1,2,1,2,3,1],116,4].
[[1,8,1,1,2,1,0,0,0],653,216].
[[2,9,2,0,0,0,2,2,0],185,324].
[[3,9,1,0,0,0,1,2,0],17,30].
[[3,7,0,1,2,1,0,0,0],29,71].
[[1,9,2,1,2,1,2,3,1],463,566].
[[2,9,2,1,1,1,1,2,1],89,109].
[[3,9,2,1,1,1,1,2,1],76,231].
[[1,8,0,1,2,1,0,0,0],300,335].
[[2,8,0,1,2,1,2,2,1],184,216].
[[3,8,0,1,1,1,2,2,1],56,96].
[[1,8,1,1,2,0,2,1,1],25,11].
[[2,8,1,1,2,0,1,1,1],40,33].
[[3,6,1,1,2,0,1,1,1],14,4].
[[2,7,2,1,2,1,0,0,0],116,14].
[[3,7,2,1,2,1,2,1,1],87,4].
[[2,9,2,1,2,1,2,1,1],154,273].
[[3,8,1,1,2,1,2,1,1],320,112].
[[2,8,1,1,2,1,0,0,0],213,105].
[[3,7,1,1,2,1,0,0,0],199,64].
[[3,9,2,1,2,1,2,2,0],19,159].
[[2,8,1,1,2,0,0,0,0],67,57].
[[3,8,1,1,2,0,2,1,1],105,47].
[[2,7,1,1,2,1,0,0,0],260,88].
[[3,7,1,1,2,1,2,2,1],326,110].
[[2,9,2,1,2,0,2,1,1],32,59].
[[3,9,2,1,1,0,2,1,1],5,12].
[[2,9,2,1,2,0,2,3,0],43,118].
[[3,9,1,1,2,1,2,3,0],4,39].
[[1,9,2,1,2,1,2,1,0],163,138].
[[1,8,1,0,0,0,1,1,1],64,63].
[[2,7,1,1,2,1,1,1,1],16,7].
[[3,7,1,1,2,1,1,1,1],110,51].
[[1,8,1,1,1,1,2,3,1],40,7].
[[2,7,1,1,1,1,2,3,1],17,5].
[[3,7,1,1,1,1,2,3,1],141,46].
[[1,8,1,0,0,0,2,1,0],82,20].
[[2,8,1,1,2,0,2,1,0],17,3].
[[3,8,1,1,2,0,1,2,0],56,14].
[[2,9,2,1,2,0,1,2,1],71,147].
[[3,8,1,1,2,0,1,2,1],291,124].
[[2,8,0,0,0,0,2,1,1],118,178].
[[3,8,0,1,2,0,1,1,1],22,44].
[[2,8,0,1,2,1,2,3,0],187,233].
[[3,8,0,1,1,1,2,2,0],46,105].
[[1,7,2,0,0,0,0,0,0],323,32].
[[2,3,2,0,0,0,0,0,0],47,0].
[[3,3,2,1,2,1,0,0,0],39,0].
[[3,7,1,1,2,0,2,2,1],111,46].
[[2,8,0,1,2,0,0,0,0],17,52].
[[3,8,0,1,2,0,2,3,0],35,107].
[[2,8,0,1,2,1,2,1,1],125,135].
[[3,7,0,1,2,1,2,1,1],26,21].
[[2,9,2,0,0,0,0,0,0],6,115].
[[3,9,2,0,0,0,2,1,1],23,51].
[[2,8,1,0,0,0,2,1,1],378,141].
[[2,7,1,0,0,0,0,0,0],363,128].
[[2,8,1,0,0,0,0,0,0],293,109].
[[3,8,1,1,2,1,2,1,0],20,28].
[[3,7,1,0,0,0,2,3,1],246,88].
[[2,6,1,1,1,1,2,3,1],8,1].
[[3,6,1,1,1,1,1,2,0],3,0].
[[1,8,1,0,0,0,1,2,1],256,111].
[[3,5,0,0,0,0,1,1,0],17,4].
[[1,7,1,0,0,0,2,3,1],46,8].
[[2,7,1,0,0,0,2,3,1],230,57].
[[3,7,2,0,0,0,2,2,1],86,4].
[[1,7,1,1,2,1,1,2,1],1,2].
[[2,7,1,1,1,1,1,2,1],3,1].
[[1,8,0,0,0,0,2,2,1],157,166].
[[2,7,1,1,2,1,2,2,1],104,31].
[[3,7,1,1,1,1,2,2,1],91,30].
[[2,8,1,1,2,1,2,1,0],45,15].
[[3,7,2,1,2,1,2,2,1],146,12].
[[3,6,1,1,2,1,1,2,1],74,2].
[[2,8,0,0,0,0,2,3,1],277,328].
[[3,8,0,1,2,0,1,2,1],68,103].
[[3,8,0,0,0,0,2,2,0],50,126].
[[3,8,0,1,2,0,2,1,1],26,51].
[[3,7,1,0,0,0,0,0,0],91,34].
[[3,7,1,1,2,1,2,1,1],224,69].
[[1,7,1,0,0,0,0,0,0],324,96].
[[3,7,2,1,2,0,2,1,1],49,3].
[[3,8,0,1,2,1,1,1,1],88,180].
[[3,7,1,1,2,1,2,3,1],459,142].
[[2,9,2,1,2,1,2,3,0],222,460].
[[3,9,2,1,1,1,2,2,0],5,64].
[[1,7,2,0,0,0,2,2,1],58,5].
[[2,7,2,1,2,1,2,2,1],74,6].
[[3,7,2,1,1,1,1,2,1],46,7].
[[3,9,2,1,2,1,2,3,0],18,235].
[[1,8,0,1,2,1,2,3,1],84,59].
[[2,8,0,1,2,1,2,3,1],279,331].
[[3,9,2,1,2,0,2,2,1],17,42].
[[1,8,0,0,0,0,2,3,1],233,193].
[[3,8,0,1,1,1,2,3,1],63,119].
[[3,9,2,1,2,1,1,1,1],83,206].
[[2,7,1,0,0,0,2,1,0],15,2].
[[3,7,1,1,2,0,1,1,0],6,1].
[[2,8,1,1,2,1,2,2,1],545,182].
[[3,8,1,1,2,1,2,2,1],414,141].
[[2,9,2,1,2,0,2,2,0],37,76].
[[1,9,2,1,2,1,1,2,0],143,113].
[[3,5,0,1,2,1,1,2,0],125,2].
[[3,9,2,1,1,1,1,1,1],25,79].
[[3,8,0,1,2,1,1,2,0],227,185].
[[1,6,0,0,0,0,0,0,0],31,23].
[[2,6,0,0,0,0,2,2,0],5,2].
[[3,6,0,0,0,0,1,1,0],2,2].
[[3,9,1,1,2,1,1,2,1],50,128].
[[3,7,0,1,2,1,2,2,1],45,32].
[[3,8,1,1,2,1,1,2,0],201,18].
[[2,7,1,1,2,1,2,3,1],162,43].
[[3,3,1,1,2,1,2,3,1],45,3].
[[3,8,1,1,2,0,0,0,0],0,7].
[[1,9,2,1,2,0,2,2,1],32,52].
[[2,8,0,1,2,0,2,2,1],19,37].
[[2,5,0,1,2,1,1,2,0],33,1].
[[3,9,2,1,2,0,1,1,1],22,47].
[[1,3,2,0,0,0,0,0,0],23,0].
[[2,3,2,0,0,0,2,2,1],8,0].
[[3,3,2,0,0,0,2,1,1],6,0].
[[1,9,2,0,0,0,1,1,0],89,108].
[[2,9,2,1,2,1,1,1,0],80,109].
[[3,8,0,1,2,1,1,1,0],79,78].
[[2,9,2,1,2,0,2,2,1],46,86].
[[2,3,1,0,0,0,2,3,1],8,0].
[[3,3,1,0,0,0,1,2,1],7,0].
[[2,8,1,1,1,1,0,0,0],53,10].
[[3,7,1,1,1,1,0,0,0],52,25].
[[3,7,2,0,0,0,2,3,1],83,4].
[[3,5,0,0,0,0,1,2,0],46,1].
[[3,7,1,0,0,0,2,1,1],109,30].
[[2,7,0,0,0,0,0,0,0],29,28].
[[1,9,2,1,2,1,1,1,1],54,67].
[[2,5,0,1,2,1,1,2,1],7,1].
[[3,5,0,1,2,1,1,2,1],41,6].
[[2,8,1,1,2,1,2,1,1],296,96].
[[3,9,2,0,0,0,2,2,0],4,81].
[[1,8,1,1,2,1,2,1,1],142,38].
[[2,7,1,1,2,1,2,1,1],69,17].
[[3,9,2,0,0,0,2,3,0],9,103].
[[2,8,0,1,2,1,1,2,1],91,114].
[[2,8,1,1,1,1,2,3,1],164,50].
[[3,8,0,1,1,1,2,3,0],47,138].
[[3,9,2,1,2,0,1,1,0],25,46].
[[1,7,2,0,0,0,2,1,1],42,1].
[[2,7,2,1,2,1,1,1,1],10,6].
[[3,8,0,0,0,0,2,1,1],63,87].
[[3,7,1,1,1,1,2,1,1],52,19].
[[1,9,2,1,2,0,0,0,0],23,77].
[[2,9,2,1,2,1,2,3,1],247,491].
[[3,9,2,1,1,1,2,1,0],4,36].
[[2,8,0,1,1,1,0,0,0],36,37].
[[3,8,0,1,1,1,2,1,1],43,74].
[[2,9,2,0,0,0,2,1,0],74,156].
[[3,8,0,0,0,0,2,1,0],20,52].
[[1,8,1,1,2,0,0,0,0],87,63].
[[3,8,1,0,0,0,1,2,0],78,16].
[[3,6,0,1,1,1,2,3,0],4,4].
[[3,8,0,1,1,1,1,2,0],65,50].
[[2,8,1,1,2,1,2,3,0],123,39].
[[3,6,1,1,2,0,2,1,0],2,0].
[[2,8,0,1,1,1,2,1,1],24,20].
[[3,4,1,1,2,0,2,2,1],53,9].
[[3,7,2,1,2,1,0,0,0],80,9].
[[3,9,2,1,2,0,1,2,0],57,89].
[[3,4,1,1,2,0,1,2,1],135,21].
[[2,7,1,0,0,0,2,1,1],101,25].
[[3,7,1,1,2,0,1,1,1],46,18].
[[3,8,1,0,0,0,1,2,1],314,165].
[[2,6,1,0,0,0,2,1,1],40,2].
[[2,7,1,1,1,1,0,0,0],27,12].
[[3,4,1,1,2,0,2,1,0],10,1].
[[1,8,0,1,2,1,2,2,1],57,39].
[[3,9,2,1,1,1,1,2,0],75,118].
[[2,6,1,1,2,1,2,1,1],23,3].
[[3,6,1,1,2,1,2,1,1],43,2].
[[2,8,1,0,0,0,1,1,1],165,108].
[[3,5,0,0,0,0,1,1,1],73,2].
[[2,9,2,1,2,1,0,0,0],2,95].
[[3,9,1,1,1,1,2,3,0],1,19].
[[3,7,0,1,1,1,2,3,1],12,13].
[[3,8,1,1,1,1,2,1,0],11,5].
[[3,8,1,1,2,0,1,1,1],97,75].
[[2,8,0,1,1,1,2,3,1],60,33].
[[1,8,1,1,2,1,2,2,0],56,5].
[[2,8,1,1,1,1,1,1,0],9,1].
[[3,8,1,1,1,1,1,1,0],23,14].
[[2,9,2,1,1,1,1,1,1],40,30].
[[3,5,0,1,1,1,1,2,1],16,4].
[[2,7,2,0,0,0,2,1,1],74,5].
[[3,7,2,1,2,0,1,2,1],67,9].
[[3,7,1,1,1,1,1,2,1],75,27].
[[1,8,1,1,2,1,2,3,0],64,14].
[[2,8,1,1,2,1,1,2,0],81,13].
[[3,7,1,1,1,1,1,2,0],12,5].
[[1,9,2,1,1,1,2,3,0],55,43].
[[2,9,2,1,1,1,2,3,0],58,92].
[[3,7,1,1,2,0,1,2,1],99,26].
[[1,9,2,1,2,0,2,3,0],29,34].
[[2,9,2,1,2,0,1,2,0],55,58].
[[3,9,2,1,1,0,1,2,0],4,28].
[[1,8,1,1,2,1,2,1,0],20,4].
[[2,9,1,0,0,0,2,3,0],6,16].
[[3,9,1,0,0,0,2,3,0],2,23].
[[3,3,1,1,2,0,2,3,1],17,1].
[[3,9,2,1,2,0,2,3,1],13,36].
[[2,8,1,1,1,1,1,1,1],26,17].
[[1,8,1,0,0,0,2,3,0],230,49].
[[2,8,0,1,2,0,2,2,0],19,29].
[[3,8,0,1,2,0,1,1,0],14,29].
[[3,8,0,0,0,0,2,3,1],93,138].
[[1,8,0,0,0,0,2,1,1],99,110].
[[3,3,1,0,0,0,2,1,1],17,0].
[[2,9,2,1,2,1,2,1,0],85,133].
[[3,8,1,1,2,0,2,3,1],162,80].
[[2,3,1,1,2,1,0,0,0],14,1].
[[3,3,1,1,2,1,0,0,0],76,7].
[[1,9,2,1,1,1,2,2,1],44,32].
[[2,8,0,1,1,1,2,2,1],29,29].
[[1,6,1,0,0,0,1,1,1],5,0].
[[2,6,1,0,0,0,1,1,1],7,5].
[[3,6,1,1,2,1,1,1,1],21,7].
[[3,8,1,0,0,0,1,1,1],123,86].
[[2,9,1,0,0,0,2,2,0],6,7].
[[2,8,1,0,0,0,2,1,0],68,13].
[[2,8,1,1,2,0,2,2,0],22,12].
[[2,8,1,1,2,1,2,2,0],95,20].
[[3,8,1,1,1,1,2,2,0],21,17].
[[2,8,0,1,2,0,2,3,0],30,38].
[[1,7,1,1,2,1,0,0,0],63,21].
[[2,6,1,0,0,0,2,2,1],74,3].
[[3,3,2,0,0,0,2,2,1],15,0].
[[2,9,1,1,2,0,1,2,1],7,12].
[[3,9,1,1,2,0,1,2,1],15,39].
[[1,8,0,0,0,0,2,2,0],122,101].
[[2,8,0,1,2,0,1,2,0],12,7].
[[1,8,1,1,2,1,1,2,1],94,31].
[[3,8,1,1,2,1,2,2,0],54,38].
[[3,8,1,1,1,1,2,3,0],21,14].
[[2,7,2,0,0,0,0,0,0],208,22].
[[3,3,2,0,0,0,0,0,0],23,0].
[[3,5,0,1,1,1,1,2,0],53,3].
[[3,7,0,1,2,1,2,3,1],53,50].
[[3,9,2,1,2,0,2,1,0],1,30].
[[1,9,2,1,1,1,2,2,0],38,22].
[[2,9,2,1,1,1,2,2,0],54,59].
[[2,8,0,1,2,1,1,1,0],26,19].
[[3,7,1,1,2,1,2,3,0],72,27].
[[1,8,1,1,1,1,1,2,1],5,4].
[[2,8,1,1,1,1,1,2,1],90,28].
[[2,3,1,0,0,0,0,0,0],41,1].
[[1,9,2,1,1,1,1,2,1],25,17].
[[2,8,0,1,1,1,1,2,1],22,10].
[[3,7,0,1,1,1,1,2,1],4,1].
[[2,5,0,0,0,0,1,1,1],41,1].
[[3,5,0,1,2,0,1,1,1],42,6].
[[3,7,1,1,2,0,2,3,1],157,49].
[[3,6,1,1,2,1,2,2,1],98,4].
[[3,7,2,1,1,1,2,3,1],53,4].
[[3,7,1,1,2,1,1,1,0],21,7].
[[2,8,1,0,0,0,1,2,0],88,22].
[[2,6,0,0,0,0,0,0,0],49,41].
[[3,6,0,1,2,1,2,3,0],21,14].
[[1,8,1,0,0,0,2,2,0],142,28].
[[3,9,2,1,2,1,1,1,0],86,141].
[[2,8,0,0,0,0,1,1,0],29,24].
[[2,5,0,0,0,0,1,1,0],14,4].
[[3,5,0,1,2,0,1,1,0],18,6].
[[2,7,0,0,0,0,2,3,1],11,8].
[[1,9,2,1,1,1,2,1,1],33,20].
[[3,5,0,1,1,1,1,1,1],54,6].
[[1,6,1,0,0,0,2,1,1],21,0].
[[2,7,1,1,2,0,2,3,1],40,13].
[[2,9,2,1,2,0,1,1,0],17,26].
[[3,8,0,1,1,1,1,2,1],89,128].
[[2,8,1,1,2,0,2,3,0],35,15].
[[3,8,1,1,1,0,2,3,1],23,38].
[[1,7,1,1,2,1,2,2,1],8,1].
[[3,7,2,1,2,1,1,1,1],53,23].
[[2,8,1,1,1,1,2,2,1],120,39].
[[3,6,1,1,1,1,2,2,1],23,3].
[[3,5,0,0,0,0,1,2,1],15,2].
[[2,7,1,1,2,1,2,3,0],28,5].
[[2,8,1,1,1,0,2,3,1],20,10].
[[3,7,1,1,1,0,2,3,1],15,16].
[[3,9,1,1,1,1,1,2,1],8,43].
[[3,9,1,1,2,1,1,1,0],6,13].
[[2,7,2,1,1,1,1,2,1],6,2].
[[2,8,1,1,1,1,2,2,0],18,2].
[[1,8,1,0,0,0,1,1,0],6,7].
[[2,8,1,1,2,1,1,1,0],22,8].
[[3,8,1,1,2,1,1,1,0],59,25].
[[3,9,2,1,2,0,2,2,0],8,62].
[[3,9,1,0,0,0,2,2,0],0,11].
[[2,8,0,1,2,1,2,1,0],83,83].
[[3,8,0,1,2,1,2,1,0],58,124].
[[3,9,2,1,2,1,2,1,1],53,120].
[[3,7,2,1,2,0,2,2,1],55,7].
[[2,6,1,0,0,0,0,0,0],155,8].
[[3,6,1,1,2,1,0,0,0],36,4].
[[1,6,1,1,2,1,0,0,0],50,2].
[[2,6,1,1,1,1,2,2,1],5,0].
[[3,8,0,1,2,0,2,3,1],47,96].
[[1,8,1,1,2,1,2,2,1],250,83].
[[3,8,1,1,1,1,2,2,1],140,59].
[[2,8,1,0,0,0,1,1,0],28,17].
[[3,7,2,1,2,1,1,2,1],173,5].
[[2,7,2,0,0,0,2,2,1],95,2].
[[3,8,0,0,0,0,1,2,0],108,68].
[[2,8,0,0,0,0,1,1,1],45,51].
[[3,7,1,1,2,0,1,2,0],20,0].
[[2,7,1,0,0,0,2,2,1],152,33].
[[2,4,1,1,2,0,2,3,0],21,3].
[[3,4,1,1,2,0,1,1,0],30,4].
[[3,8,0,0,0,0,2,2,1],84,128].
[[3,3,2,1,2,0,2,3,1],18,0].
[[2,9,1,0,0,0,1,1,1],12,21].
[[3,9,1,0,0,0,1,1,1],8,18].
[[3,9,2,1,1,1,2,3,0],9,86].
[[3,7,1,0,0,0,1,2,1],159,32].
[[2,9,2,1,1,1,2,3,1],76,77].
[[3,4,1,1,2,0,1,2,0],60,11].
[[1,9,2,1,1,1,2,1,0],17,12].
[[2,4,1,1,2,0,1,1,0],4,1].
[[3,6,0,1,2,1,2,3,1],26,30].
[[3,8,0,0,0,0,1,1,1],36,73].
[[3,9,2,1,1,1,1,1,0],26,47].
[[3,5,0,1,1,0,1,2,0],6,5].
[[3,7,1,1,2,0,0,0,0],70,33].
[[3,7,0,1,1,1,2,2,1],8,11].
[[3,9,1,1,2,0,1,1,1],6,21].
[[3,8,1,1,1,0,1,1,1],13,24].
[[1,8,1,1,2,0,1,2,1],16,4].
[[2,8,0,1,2,1,1,2,0],91,61].
[[2,8,0,1,1,1,2,1,0],9,10].
[[2,8,0,1,2,0,2,3,1],33,54].
[[2,7,2,1,2,1,2,3,1],87,5].
[[3,7,1,1,2,0,2,1,1],70,31].
[[3,9,1,1,1,1,2,2,0],6,9].
[[2,7,0,1,2,1,0,0,0],27,36].
[[3,8,0,0,0,0,0,0,0],3,25].
[[2,7,1,1,2,0,2,2,1],27,9].
[[3,7,1,1,1,0,2,2,1],7,12].
[[2,7,1,0,0,0,1,1,0],3,2].
[[2,7,1,1,2,0,0,0,0],58,35].
[[3,6,1,0,0,0,1,1,1],18,5].
[[3,6,1,0,0,0,2,3,1],75,5].
[[2,8,0,1,1,1,1,1,1],8,6].
[[3,8,0,1,1,1,1,1,1],27,54].
[[3,7,1,0,0,0,2,3,0],35,14].
[[3,9,1,1,2,0,2,3,0],1,14].
[[3,9,2,1,2,1,2,1,0],3,61].
[[1,7,2,0,0,0,2,3,1],73,2].
[[2,7,2,0,0,0,2,3,1],138,9].
[[3,3,2,0,0,0,2,3,1],22,0].
[[3,8,1,0,0,0,2,1,0],9,4].
[[3,8,0,1,2,0,2,2,1],49,90].
[[1,8,0,1,2,1,1,2,1],2,3].
[[2,8,0,1,2,1,1,1,1],24,44].
[[2,4,1,1,2,0,1,2,1],12,2].
[[2,8,1,1,2,0,2,1,1],102,38].
[[2,9,2,1,2,0,0,0,0],3,29].
[[3,8,0,1,1,0,0,0,0],0,2].
[[3,9,2,0,0,0,2,2,1],17,53].
[[2,9,2,1,1,1,1,1,0],31,19].
[[2,7,1,1,2,0,2,1,1],17,5].
[[3,9,2,1,2,1,2,3,1],36,142].
[[3,7,0,0,0,0,2,3,1],31,24].
[[3,7,0,0,0,0,2,2,1],17,11].
[[3,9,2,1,1,0,2,2,0],1,10].
[[2,8,1,1,1,0,1,2,1],7,11].
[[3,7,1,1,1,0,1,2,1],12,6].
[[2,9,1,1,2,1,1,2,1],27,37].
[[3,9,1,1,2,1,1,1,1],28,67].
[[3,9,1,1,2,1,2,2,0],3,25].
[[1,8,0,0,0,0,2,1,0],86,55].
[[2,8,0,0,0,0,2,1,0],80,72].
[[2,7,1,0,0,0,1,2,1],58,13].
[[1,9,2,1,2,0,2,1,0],15,19].
[[2,9,2,1,1,0,1,1,0],0,1].
[[3,8,0,1,1,0,1,1,0],1,2].
[[3,7,0,1,2,1,2,1,0],20,19].
[[1,9,2,1,2,1,1,1,0],53,38].
[[1,9,2,1,1,1,2,3,1],74,45].
[[3,6,0,1,1,1,2,3,1],5,7].
[[3,7,2,1,1,1,2,2,1],39,2].
[[2,9,1,0,0,0,1,2,1],20,29].
[[1,9,2,1,1,1,1,1,0],7,3].
[[3,9,2,0,0,0,2,3,1],10,50].
[[2,6,1,1,2,0,2,2,1],5,2].
[[3,6,1,1,2,0,2,2,1],38,3].
[[3,9,2,1,1,1,2,1,1],17,45].
[[3,4,1,1,2,0,0,0,0],7,2].
[[3,8,1,1,2,1,0,0,0],4,18].
[[2,6,0,0,0,0,2,1,1],6,3].
[[3,6,0,0,0,0,2,1,1],4,6].
[[2,7,0,1,2,1,2,2,1],11,5].
[[3,7,0,1,2,1,1,1,1],7,5].
[[3,4,1,1,2,0,2,3,0],51,4].
[[2,7,0,0,0,0,2,2,1],9,6].
[[1,8,0,1,2,1,2,1,1],34,25].
[[2,5,0,1,2,0,1,2,0],3,1].
[[3,5,0,1,2,0,1,2,0],34,3].
[[3,3,1,1,2,1,2,2,1],32,0].
[[3,8,1,0,0,0,0,0,0],2,10].
[[2,7,1,1,1,1,2,3,0],2,1].
[[3,7,1,1,1,1,2,3,0],20,8].
[[3,9,1,1,2,0,1,2,0],15,17].
[[1,6,1,0,0,0,2,3,1],31,3].
[[3,3,2,1,2,1,2,3,1],23,0].
[[2,8,0,1,1,1,1,2,0],9,5].
[[3,7,1,1,1,1,2,2,0],6,4].
[[1,7,1,0,0,0,2,2,1],30,6].
[[2,8,1,1,2,0,1,2,1],93,50].
[[1,6,1,0,0,0,2,2,1],27,0].
[[2,3,2,1,2,0,2,2,1],1,0].
[[3,3,2,1,2,0,2,2,1],7,0].
[[1,9,2,1,1,1,0,0,0],52,46].
[[3,8,0,1,1,1,1,1,0],29,31].
[[3,7,0,1,2,1,2,3,0],39,41].
[[3,9,2,1,2,0,2,3,0],11,79].
[[2,5,0,1,2,1,1,1,0],29,2].
[[3,5,0,1,2,1,1,1,0],88,12].
[[3,7,1,1,2,1,1,2,0],54,4].
[[3,7,2,0,0,0,1,2,1],60,6].
[[3,8,0,1,2,1,0,0,0],1,67].
[[3,6,0,0,0,0,2,1,0],3,3].
[[3,6,0,1,2,1,2,2,1],19,27].
[[3,9,1,0,0,0,1,1,0],0,5].
[[2,9,2,1,1,0,1,2,1],2,15].
[[3,8,0,1,1,0,1,2,1],6,19].
[[3,7,0,0,0,0,0,0,0],9,25].
[[3,8,0,1,1,1,0,0,0],0,18].
[[2,9,1,1,2,1,2,3,0],7,13].
[[2,9,1,1,2,1,1,2,0],20,16].
[[3,3,2,1,1,1,1,1,1],1,0].
[[3,7,2,1,2,0,0,0,0],28,3].
[[3,3,1,0,0,0,0,0,0],37,3].
[[3,7,2,0,0,0,0,0,0],41,4].
[[2,7,1,0,0,0,1,1,1],26,11].
[[3,7,1,0,0,0,1,1,0],13,3].
[[2,6,0,1,2,1,0,0,0],24,26].
[[3,6,0,1,2,1,0,0,0],14,33].
[[3,8,1,1,2,0,2,2,0],20,13].
[[3,6,0,1,1,1,0,0,0],3,5].
[[3,7,0,0,0,0,2,2,0],15,12].
[[3,7,0,1,2,0,2,3,1],5,10].
[[2,6,1,1,2,1,2,2,1],42,2].
[[3,9,2,1,2,0,2,1,1],12,37].
[[2,8,1,1,2,0,1,2,0],18,4].
[[3,7,2,1,2,0,1,1,1],25,7].
[[2,6,1,0,0,0,2,1,0],5,0].
[[3,6,1,1,2,1,2,1,0],6,0].
[[3,8,0,1,1,1,2,1,0],27,39].
[[1,6,1,0,0,0,2,1,0],2,0].
[[2,6,1,1,2,0,2,1,0],2,0].
[[2,7,1,0,0,0,2,2,0],32,4].
[[3,7,1,0,0,0,2,2,0],29,8].
[[3,8,0,1,1,0,2,2,0],4,14].
[[3,7,2,1,2,1,2,3,1],172,11].
[[1,8,0,1,2,1,1,1,1],2,2].
[[2,6,0,1,2,1,1,1,1],1,0].
[[3,6,0,1,1,1,1,2,1],2,1].
[[1,8,0,1,2,1,2,1,0],17,10].
[[3,7,0,1,2,1,1,2,0],27,11].
[[3,4,1,1,2,0,2,1,1],61,7].
[[2,8,1,1,2,0,1,1,0],6,7].
[[3,8,1,0,0,0,1,1,0],17,16].
[[3,7,0,1,2,0,0,0,0],3,9].
[[1,6,1,0,0,0,2,3,0],7,0].
[[2,6,1,1,2,1,2,3,1],47,3].
[[3,7,2,1,1,1,2,1,1],22,5].
[[2,9,2,1,1,1,1,2,0],57,53].
[[1,9,2,1,2,0,1,2,1],16,34].
[[3,9,2,1,1,0,1,2,1],9,50].
[[3,8,0,1,1,0,2,3,1],3,18].
[[3,6,1,0,0,0,0,0,0],21,1].
[[2,9,2,1,1,1,2,2,1],56,70].
[[3,9,2,0,0,0,0,0,0],0,1].
[[3,7,0,1,2,1,2,2,0],37,28].
[[3,6,1,1,2,1,2,2,0],18,0].
[[2,5,0,0,0,0,1,2,1],7,2].
[[3,5,0,1,2,0,1,2,1],21,5].
[[3,8,1,1,1,1,1,2,0],54,12].
[[3,7,1,1,2,1,2,1,0],23,11].
[[2,8,0,0,0,0,1,2,0],97,43].
[[3,7,1,1,1,0,2,1,1],6,7].
[[3,6,1,0,0,0,1,2,1],40,2].
[[3,8,0,1,2,0,1,2,0],66,43].
[[3,6,0,0,0,0,1,2,1],3,5].
[[2,9,2,1,2,0,2,1,0],20,43].
[[1,8,1,0,0,0,1,2,0],35,11].
[[2,5,0,1,2,0,1,1,1],9,1].
[[2,9,1,1,2,0,1,2,0],2,6].
[[3,8,1,1,1,0,2,2,1],19,20].
[[3,8,1,1,2,0,2,3,0],23,17].
[[3,7,0,1,1,1,1,2,0],6,1].
[[3,9,2,1,1,0,2,3,0],1,14].
[[3,7,1,1,2,1,2,2,0],47,17].
[[1,7,2,1,2,0,0,0,0],23,3].
[[2,7,2,1,1,0,2,3,1],1,2].
[[3,7,2,1,1,0,2,3,1],10,7].
[[3,3,1,1,2,0,2,1,1],3,0].
[[1,9,2,1,1,1,1,1,1],11,5].
[[2,8,1,1,1,1,1,2,0],16,5].
[[2,7,2,1,2,0,0,0,0],38,12].
[[3,7,2,1,1,0,2,2,1],8,7].
[[1,7,1,0,0,0,2,3,0],10,4].
[[2,7,1,0,0,0,1,2,0],8,2].
[[3,7,1,0,0,0,1,2,0],26,3].
[[2,6,1,1,1,1,0,0,0],12,3].
[[3,6,1,1,1,1,2,2,0],7,1].
[[3,7,0,1,1,1,2,1,1],4,6].
[[2,7,0,0,0,0,2,2,0],2,5].
[[3,7,0,1,2,0,2,2,0],7,7].
[[2,7,1,1,2,1,1,2,0],6,2].
[[3,9,1,1,1,1,1,1,1],12,32].
[[3,9,2,1,1,1,2,2,1],19,54].
[[3,7,1,1,2,0,2,3,0],14,7].
[[3,5,0,1,1,1,1,1,0],26,2].
[[3,7,0,0,0,0,2,1,1],14,6].
[[2,7,2,1,1,1,2,3,1],8,0].
[[2,8,0,1,2,0,2,1,1],19,31].
[[3,6,1,1,1,1,2,3,1],32,3].
[[3,7,2,0,0,0,2,1,1],58,3].
[[3,6,1,1,1,1,2,1,1],16,1].
[[2,5,0,1,2,0,1,2,1],1,1].
[[2,9,1,1,1,1,1,1,1],6,6].
[[3,9,1,1,1,1,1,1,0],5,4].
[[2,6,1,1,2,1,2,3,0],6,0].
[[3,7,2,1,1,0,1,2,1],13,15].
[[2,7,1,1,2,0,1,2,0],2,1].
[[3,7,1,1,1,0,1,2,0],1,1].
[[1,7,1,1,2,1,2,3,1],7,4].
[[3,8,0,1,2,0,2,1,0],11,30].
[[3,7,2,0,0,0,1,1,1],38,10].
[[3,6,1,1,2,0,0,0,0],14,4].
[[2,8,1,1,1,1,2,3,0],19,7].
[[1,8,0,1,2,1,1,2,0],6,6].
[[3,9,1,1,1,1,1,2,0],12,24].
[[3,7,1,1,2,0,2,2,0],21,9].
[[2,7,2,1,2,0,2,2,1],35,3].
[[2,8,1,1,1,1,2,1,0],10,3].
[[3,3,0,1,2,1,0,0,0],0,3].
[[2,9,1,1,1,1,2,1,1],4,2].
[[3,7,0,0,0,0,2,3,0],25,18].
[[1,8,1,1,2,0,1,2,0],3,2].
[[3,8,1,1,1,0,2,1,1],21,15].
[[2,2,1,0,0,0,0,0,0],15,0].
[[3,2,1,1,2,0,2,1,1],3,0].
[[3,7,0,0,0,0,2,1,0],12,6].
[[2,7,1,1,2,0,1,2,1],4,3].
[[3,3,1,1,2,0,1,2,1],2,0].
[[3,6,0,1,2,1,2,2,0],14,10].
[[1,7,2,0,0,0,1,1,1],6,0].
[[2,7,2,1,2,0,1,1,1],3,1].
[[2,6,1,0,0,0,1,2,1],13,3].
[[2,9,2,1,1,0,2,3,0],1,9].
[[3,9,1,1,1,0,2,3,0],0,3].
[[3,8,1,0,0,0,2,2,0],17,18].
[[3,6,0,0,0,0,2,3,1],12,15].
[[2,7,0,0,0,0,2,3,0],10,4].
[[2,3,2,0,0,0,2,3,1],12,0].
[[2,7,2,1,1,1,2,1,1],4,0].
[[3,7,1,0,0,0,1,1,1],56,24].
[[3,9,2,1,1,1,2,3,1],12,41].
[[2,7,1,0,0,0,2,3,0],36,8].
[[1,7,2,0,0,0,1,2,1],17,5].
[[2,7,2,0,0,0,1,2,1],46,8].
[[2,6,1,1,2,1,0,0,0],80,2].
[[3,7,0,0,0,0,1,2,0],7,2].
[[1,7,1,0,0,0,2,1,1],22,5].
[[1,7,2,1,2,1,2,2,1],11,1].
[[3,8,0,1,1,0,1,1,1],1,7].
[[3,7,2,1,1,1,0,0,0],15,2].
[[1,7,2,1,2,1,0,0,0],59,7].
[[3,6,1,1,2,1,2,3,0],18,0].
[[3,7,2,1,2,0,2,3,1],85,11].
[[2,8,0,1,1,1,2,2,0],23,24].
[[3,6,0,1,2,0,2,2,1],4,4].
[[2,7,2,1,2,1,2,1,1],38,3].
[[2,7,2,1,1,1,0,0,0],20,2].
[[1,9,2,1,2,0,1,2,0],11,11].
[[2,8,0,1,2,0,1,1,1],5,2].
[[3,6,1,0,0,0,2,2,0],4,0].
[[2,4,1,1,2,0,2,3,1],22,5].
[[3,4,1,1,2,0,2,3,1],96,11].
[[3,6,0,0,0,0,2,2,1],11,9].
[[1,8,1,1,1,1,2,2,1],29,7].
[[3,8,1,0,0,0,2,3,0],24,18].
[[3,7,0,1,2,0,2,2,1],7,6].
[[3,3,1,1,2,0,0,0,0],36,1].
[[3,9,2,0,0,0,2,1,0],2,32].
[[1,6,1,1,2,1,2,2,1],1,0].
[[2,6,1,1,2,1,1,2,1],15,0].
[[1,8,1,1,2,1,1,2,0],11,4].
[[2,7,2,1,2,1,1,2,1],35,6].
[[3,7,2,1,2,1,2,3,0],1,1].
[[2,9,2,1,2,0,1,1,1],30,25].
[[3,9,2,1,1,0,1,1,1],2,12].
[[2,6,1,1,2,0,1,2,1],5,2].
[[1,9,2,1,2,0,2,2,0],24,41].
[[2,7,1,1,2,1,1,2,1],40,9].
[[3,9,2,1,1,0,2,3,1],0,5].
[[3,8,1,1,2,0,2,1,0],7,4].
[[3,6,0,1,2,1,1,2,0],11,1].
[[2,9,1,1,1,1,2,3,0],6,0].
[[3,3,2,1,1,1,2,3,1],4,0].
[[2,9,2,1,1,1,2,1,0],27,38].
[[3,6,1,0,0,0,2,2,1],57,3].
[[2,3,2,1,2,1,0,0,0],16,0].
[[2,2,1,0,0,0,2,1,1],1,0].
[[3,2,1,0,0,0,2,1,1],2,0].
[[3,7,0,1,2,1,1,2,1],24,15].
[[2,7,0,1,2,1,2,2,0],5,4].
[[3,7,0,1,1,1,2,2,0],4,9].
[[3,7,1,0,0,0,2,1,0],12,3].
[[2,3,2,0,0,0,1,2,1],3,0].
[[3,3,2,1,2,0,1,2,1],8,0].
[[2,7,2,1,2,0,2,1,1],13,6].
[[2,6,0,1,2,1,2,1,1],4,2].
[[3,6,0,1,2,1,2,1,1],9,13].
[[2,9,2,1,1,0,2,3,1],4,11].
[[2,7,1,1,2,1,2,2,0],14,3].
[[2,9,1,1,1,1,1,2,1],5,9].
[[2,5,0,0,0,0,1,2,0],20,1].
[[3,7,2,0,0,0,2,3,0],1,0].
[[2,4,1,1,2,0,2,2,1],18,3].
[[3,6,0,1,2,1,1,1,0],7,1].
[[3,6,0,0,0,0,2,3,0],11,14].
[[2,9,1,1,1,1,2,2,0],5,2].
[[2,8,1,1,1,0,2,1,1],7,5].
[[2,6,0,1,2,1,2,2,0],6,1].
[[2,9,1,1,2,0,2,1,1],1,3].
[[1,8,1,1,2,0,2,2,0],12,4].
[[1,8,0,0,0,0,1,1,1],3,3].
[[3,7,0,0,0,0,1,1,1],4,5].
[[2,6,0,1,2,1,2,3,1],5,3].
[[1,8,1,1,1,1,2,3,0],8,2].
[[1,9,2,1,1,1,1,2,0],10,9].
[[2,6,1,1,2,0,2,3,1],11,3].
[[3,2,1,0,0,0,2,2,1],2,0].
[[2,2,1,0,0,0,2,3,1],3,0].
[[3,2,1,1,2,1,2,3,1],3,0].
[[1,6,1,0,0,0,2,2,0],7,0].
[[2,6,1,0,0,0,2,2,0],9,1].
[[1,8,1,1,2,0,1,1,1],3,4].
[[3,9,2,1,2,1,0,0,0],0,4].
[[3,3,1,1,2,1,2,3,0],8,0].
[[2,9,1,1,2,1,1,1,1],12,15].
[[2,7,2,0,0,0,1,1,1],29,7].
[[3,6,1,1,2,0,2,3,1],38,3].
[[1,8,0,0,0,0,1,1,0],3,4].
[[2,6,1,0,0,0,1,1,0],1,1].
[[3,6,1,1,2,1,1,1,0],8,1].
[[2,8,1,1,1,0,0,0,0],4,3].
[[2,9,1,1,1,1,1,1,0],1,2].
[[1,9,2,1,2,0,2,1,1],20,29].
[[3,6,1,1,2,1,1,2,0],12,0].
[[2,7,2,1,2,0,2,3,1],45,8].
[[1,8,1,1,1,1,2,1,0],3,0].
[[2,4,1,1,2,0,2,1,0],4,0].
[[2,7,2,1,2,0,1,2,1],15,4].
[[2,9,1,1,2,1,2,2,0],5,7].
[[2,3,2,1,2,0,0,0,0],9,0].
[[3,3,2,1,2,0,0,0,0],24,0].
[[2,8,0,1,1,1,1,1,0],7,4].
[[2,7,1,1,1,1,2,1,1],5,3].
[[1,7,1,1,2,1,2,1,1],4,1].
[[1,6,1,1,2,1,2,2,0],1,0].
[[2,6,1,1,1,1,2,2,0],3,0].
[[1,8,0,0,0,0,1,2,0],23,20].
[[3,3,1,1,2,1,2,1,1],15,0].
[[3,6,1,1,2,0,2,1,1],17,0].
[[2,9,1,1,2,1,2,1,1],4,5].
[[3,7,0,1,2,0,1,2,0],1,2].
[[3,6,1,0,0,0,1,2,0],6,0].
[[2,6,1,0,0,0,2,3,0],20,1].
[[1,8,0,0,0,0,1,2,1],8,9].
[[3,7,2,1,1,0,1,1,1],4,3].
[[2,7,1,1,2,0,2,2,0],5,2].
[[3,8,0,1,2,0,0,0,0],0,10].
[[3,6,1,1,1,1,1,2,1],19,1].
[[2,8,0,1,2,0,2,1,0],11,11].
[[3,9,1,1,2,1,2,1,1],0,14].
[[3,7,1,1,1,0,2,2,0],1,1].
[[3,6,0,1,2,1,2,1,0],11,6].
[[2,6,1,1,2,1,1,1,1],7,2].
[[2,7,2,1,1,0,0,0,0],4,0].
[[3,9,1,1,1,0,1,2,0],2,5].
[[3,3,2,1,2,1,2,2,1],25,0].
[[1,7,2,1,2,0,2,3,1],6,0].
[[2,6,0,1,2,1,2,3,0],8,1].
[[2,9,1,1,2,0,2,3,0],1,7].
[[2,7,2,1,1,1,2,2,0],2,0].
[[3,9,1,1,1,0,1,1,1],3,7].
[[3,6,0,1,2,1,1,2,1],6,7].
[[2,5,0,1,1,1,1,1,0],6,0].
[[3,3,2,1,2,1,2,1,1],7,0].
[[2,9,1,1,2,0,1,1,1],2,6].
[[3,7,0,0,0,0,1,2,1],6,9].
[[2,3,1,0,0,0,2,2,1],3,0].
[[3,3,1,0,0,0,2,2,1],24,0].
[[2,4,1,1,2,0,1,2,0],11,3].
[[1,7,2,1,2,1,1,2,1],3,3].
[[3,8,1,1,1,0,2,2,0],2,3].
[[2,5,0,1,1,1,1,2,0],10,0].
[[2,3,1,0,0,0,2,1,1],6,0].
[[3,7,0,1,2,0,2,1,1],5,2].
[[3,6,1,0,0,0,2,3,0],15,1].
[[3,6,0,0,0,0,1,1,1],2,5].
[[3,3,1,1,2,0,2,2,1],11,0].
[[1,8,1,1,2,1,1,1,0],6,0].
[[3,3,1,1,2,1,1,1,1],3,0].
[[3,6,1,1,1,0,2,3,1],5,3].
[[2,9,2,1,1,1,0,0,0],4,18].
[[2,7,0,1,2,1,2,1,1],1,2].
[[3,5,0,1,1,0,1,1,1],9,9].
[[2,6,0,0,0,0,2,2,1],5,3].
[[3,6,0,0,0,0,0,0,0],9,17].
[[3,6,0,1,2,0,2,2,0],1,7].
[[3,6,0,0,0,0,2,2,0],8,6].
[[3,7,2,1,1,0,0,0,0],6,3].
[[2,9,1,1,2,1,1,1,0],6,1].
[[2,3,2,0,0,0,2,1,1],4,0].
[[3,3,2,1,2,1,1,1,1],5,0].
[[2,3,1,1,2,1,2,3,1],6,1].
[[3,3,1,1,1,1,2,1,1],2,1].
[[2,9,1,0,0,0,2,1,1],3,7].
[[2,7,0,1,2,1,2,3,0],5,7].
[[3,1,1,1,2,0,1,1,1],7,0].
[[2,7,0,1,2,1,2,3,1],2,4].
[[3,7,0,1,1,1,0,0,0],6,5].
[[2,6,1,1,2,1,1,2,0],3,0].
[[3,7,2,1,2,1,2,2,0],2,0].
[[3,6,0,1,2,0,1,1,1],0,1].
[[2,8,1,1,1,0,2,2,1],7,7].
[[1,7,1,0,0,0,1,1,1],4,1].
[[3,7,2,1,1,0,2,1,1],7,7].
[[3,9,1,1,1,0,1,2,1],0,13].
[[3,6,0,0,0,0,1,2,0],6,5].
[[2,7,0,0,0,0,1,2,0],3,1].
[[3,8,0,1,1,0,2,1,0],0,5].
[[1,8,1,1,1,1,2,1,1],14,4].
[[2,9,2,1,1,0,2,2,0],1,8].
[[3,7,0,1,2,1,1,1,0],3,3].
[[1,8,1,1,2,0,2,3,0],11,6].
[[2,8,1,1,1,0,2,3,0],1,2].
[[3,7,1,1,1,0,2,3,0],0,4].
[[2,8,0,1,2,0,1,2,1],12,17].
[[2,7,1,1,2,0,2,3,0],1,4].
[[2,8,1,1,1,0,1,1,1],1,6].
[[1,3,2,0,0,0,2,3,1],4,0].
[[3,8,1,1,1,0,1,1,0],2,1].
[[2,8,0,1,2,0,1,1,0],2,5].
[[3,7,0,1,2,0,1,1,0],1,1].
[[3,9,1,1,2,0,1,1,0],1,3].
[[2,7,1,1,2,1,2,1,0],9,3].
[[3,7,1,1,2,0,2,1,0],7,2].
[[3,8,0,1,1,0,2,2,1],4,9].
[[3,6,1,1,2,0,1,2,1],16,4].
[[3,6,0,1,2,0,1,2,1],0,2].
[[3,5,0,1,1,0,1,1,0],4,2].
[[2,6,1,1,2,1,2,2,0],6,1].
[[3,3,2,0,0,0,1,2,1],2,0].
[[3,8,1,1,1,0,1,2,0],8,4].
[[2,9,1,0,0,0,1,1,0],0,10].
[[3,4,1,1,2,0,2,2,0],30,1].
[[2,9,1,1,1,0,1,1,1],0,1].
[[3,5,0,1,1,0,1,2,1],2,2].
[[3,2,1,1,2,1,0,0,0],9,0].
[[2,7,1,1,1,1,2,2,1],4,4].
[[3,9,2,1,1,0,0,0,0],0,1].
[[3,2,0,0,0,0,0,0,0],2,1].
[[2,9,2,1,1,0,1,1,1],1,1].
[[3,6,0,1,2,0,2,3,1],0,4].
[[3,6,1,1,1,1,1,1,1],8,4].
[[2,5,0,1,1,1,1,1,1],11,2].
[[3,6,1,1,1,0,2,1,1],2,1].
[[2,5,0,1,1,0,1,1,1],1,2].
[[3,1,1,1,2,0,1,1,0],4,0].
[[3,3,1,0,0,0,1,1,1],5,0].
[[3,3,2,1,1,1,0,0,0],9,0].
[[3,8,0,1,1,0,2,3,0],2,15].
[[3,6,0,1,2,0,2,3,0],3,5].
[[1,9,2,1,2,0,1,1,1],10,4].
[[3,3,1,1,2,1,1,2,1],8,1].
[[3,3,1,1,2,0,2,2,0],2,1].
[[2,4,1,1,2,0,2,2,0],10,0].
[[3,7,2,1,1,1,1,1,1],10,6].
[[3,9,2,1,1,0,2,1,0],0,8].
[[3,8,0,1,1,0,1,2,0],4,6].
[[3,2,1,0,0,0,2,3,1],4,0].
[[3,7,0,1,2,0,1,1,1],1,1].
[[3,8,0,1,1,0,2,1,1],0,9].
[[3,9,1,1,2,0,2,1,1],0,2].
[[2,9,2,1,1,0,2,1,1],1,6].
[[2,7,0,0,0,0,2,1,1],4,5].
[[3,9,2,1,2,0,0,0,0],0,2].
[[3,3,1,1,1,1,2,3,1],4,0].
[[2,6,1,1,2,0,2,2,0],4,0].
[[3,6,1,1,2,0,2,2,0],5,0].
[[3,9,2,1,1,0,2,2,1],1,7].
[[1,9,2,1,2,0,1,1,0],1,9].
[[2,6,1,1,2,0,2,1,1],6,0].
[[3,7,1,1,1,0,0,0,0],2,8].
[[3,7,2,1,2,1,2,1,0],2,1].
[[2,4,1,1,2,0,0,0,0],9,3].
[[1,6,1,1,2,1,2,3,0],1,0].
[[3,6,0,1,2,1,1,1,1],3,5].
[[2,3,2,1,2,1,1,2,1],1,0].
[[3,3,2,1,2,1,1,2,1],9,0].
[[1,7,1,0,0,0,2,1,0],7,0].
[[2,7,1,1,2,1,1,1,0],3,0].
[[3,7,1,1,1,1,1,1,0],6,1].
[[3,6,1,0,0,0,2,1,1],33,1].
[[3,6,0,1,1,1,2,1,1],4,1].
[[2,9,1,1,2,1,2,3,1],0,1].
[[3,9,1,1,1,1,2,3,1],0,2].
[[1,7,2,1,2,1,2,3,1],15,1].
[[2,7,2,1,1,1,2,2,1],11,2].
[[3,2,1,1,2,0,2,3,1],4,0].
[[3,6,1,0,0,0,1,1,0],5,1].
[[3,9,1,0,0,0,2,1,0],0,2].
[[3,8,1,1,1,0,2,3,0],3,1].
[[3,7,0,1,2,0,1,2,1],2,1].
[[3,4,0,1,2,0,2,3,0],0,1].
[[3,6,1,1,2,0,2,3,0],9,0].
[[3,2,1,1,2,0,2,2,1],2,0].
[[2,9,2,1,1,0,2,2,1],1,7].
[[2,6,0,0,0,0,2,3,0],10,6].
[[3,7,1,1,1,1,2,1,0],6,4].
[[3,6,1,1,1,1,2,3,0],4,0].
[[1,8,0,1,2,1,1,1,0],1,4].
[[3,7,2,0,0,0,2,1,0],3,0].
[[2,9,2,1,1,0,1,2,0],2,12].
[[2,4,1,1,2,0,1,1,1],12,2].
[[3,3,1,0,0,0,2,2,0],3,0].
[[3,6,0,1,2,0,1,2,0],1,2].
[[2,2,1,1,2,1,0,0,0],5,0].
[[1,7,2,1,2,0,2,1,1],5,1].
[[3,3,1,1,1,1,0,0,0],9,0].
[[1,7,1,0,0,0,1,2,1],7,3].
[[3,6,0,1,2,0,2,1,1],1,2].
[[2,9,1,0,0,0,2,1,0],2,4].
[[3,9,1,1,2,1,2,1,0],0,5].
[[2,7,0,0,0,0,2,1,0],5,0].
[[1,7,2,1,2,0,2,2,1],1,0].
[[2,3,2,1,2,1,2,3,1],5,0].
[[3,3,2,1,1,1,1,2,1],3,0].
[[3,3,2,1,1,1,2,1,1],4,0].
[[3,6,0,1,2,0,2,1,0],3,2].
[[1,6,1,0,0,0,1,2,1],2,3].
[[2,6,0,0,0,0,2,3,1],6,7].
[[1,2,1,0,0,0,0,0,0],7,0].
[[3,2,1,0,0,0,0,0,0],6,0].
[[3,7,0,0,0,0,1,1,0],2,4].
[[2,9,1,1,2,0,2,1,0],1,1].
[[3,3,1,1,2,1,2,1,0],2,0].
[[3,9,1,1,1,0,2,1,1],0,3].
[[3,7,1,1,1,0,1,1,1],3,2].
[[2,4,1,1,2,0,2,1,1],8,1].
[[2,7,2,1,1,0,2,2,1],2,0].
[[2,7,0,1,2,1,1,1,0],1,1].
[[3,6,1,1,1,0,1,2,1],2,3].
[[3,6,0,1,2,0,0,0,0],1,7].
[[3,7,0,1,2,0,2,3,0],6,6].
[[1,8,1,1,1,1,2,2,0],2,0].
[[2,8,1,1,1,0,1,2,0],2,0].
[[2,6,0,0,0,0,1,2,0],0,1].
[[3,7,0,1,2,0,2,1,0],2,0].
[[2,9,1,1,1,1,1,2,0],2,3].
[[2,9,2,1,1,0,2,1,0],0,1].
[[2,7,2,1,1,0,2,1,1],1,1].
[[3,7,0,1,1,1,2,1,0],2,2].
[[1,6,0,0,0,0,2,3,1],2,1].
[[2,6,1,1,1,1,2,1,1],4,0].
[[3,3,1,1,2,0,2,1,0],1,0].
[[2,7,2,0,0,0,2,3,0],1,0].
[[3,7,2,1,2,1,1,2,0],4,0].
[[3,3,1,1,2,1,2,2,0],5,0].
[[1,6,0,0,0,0,2,2,0],2,0].
[[3,9,1,1,1,1,2,1,1],1,5].
[[3,6,1,1,1,0,2,2,1],0,2].
[[2,6,1,1,1,1,1,1,1],1,0].
[[3,7,2,1,1,0,2,2,0],0,1].
[[3,3,2,1,2,0,1,1,1],3,0].
[[1,8,1,1,2,0,2,1,0],6,1].
[[3,6,1,1,2,0,1,2,0],3,1].
[[1,7,1,1,2,1,2,2,0],1,0].
[[2,7,1,1,1,1,2,1,0],2,0].
[[3,3,2,0,0,0,1,1,1],7,0].
[[3,3,2,1,1,1,2,2,1],3,0].
[[2,5,0,1,2,0,1,1,0],2,1].
[[1,7,2,0,0,0,2,1,0],1,1].
[[2,7,2,1,2,0,2,1,0],0,1].
[[3,7,2,1,1,0,2,1,0],0,1].
[[3,4,0,1,2,0,1,1,1],0,1].
[[3,6,1,1,1,1,0,0,0],7,0].
[[3,2,1,1,2,0,0,0,0],1,0].
[[1,6,1,1,2,1,1,2,1],1,0].
[[3,7,2,1,1,1,2,1,0],2,0].
[[3,3,1,0,0,0,2,3,0],4,0].
[[2,6,1,1,2,0,2,3,0],2,0].
[[3,6,1,1,1,0,2,3,0],2,1].
[[2,6,1,0,0,0,1,2,0],1,0].
[[3,3,1,1,1,1,2,1,0],1,0].
[[1,8,1,1,1,1,1,2,0],1,1].
[[3,6,0,1,1,1,1,1,1],0,1].
[[3,6,0,1,1,1,2,2,1],2,2].
[[2,6,1,1,2,1,2,1,0],1,0].
[[3,6,1,1,1,1,2,1,0],3,0].
[[2,7,2,0,0,0,2,1,0],3,0].
[[3,4,0,1,2,0,1,2,1],0,2].
[[3,7,2,1,1,1,2,2,0],1,0].
[[3,2,0,1,2,1,2,3,0],2,0].
[[3,2,0,1,2,1,0,0,0],1,0].
[[3,8,1,1,1,0,0,0,0],1,1].
[[2,3,1,1,2,1,2,2,1],1,0].
[[3,3,1,1,1,1,1,1,1],1,0].
[[3,4,0,1,2,0,2,2,1],0,1].
[[1,3,2,0,0,0,2,2,1],1,0].
[[3,1,1,1,2,0,1,2,0],3,0].
[[3,7,0,1,1,1,1,1,1],0,3].
[[2,6,1,1,1,1,2,3,0],1,0].
[[3,7,2,1,2,0,1,2,0],0,1].
[[2,6,0,1,2,1,2,2,1],4,1].
[[1,7,1,1,2,1,2,3,0],1,0].
[[2,7,1,1,1,1,1,1,0],1,0].
[[3,3,1,1,1,1,1,1,0],1,0].
[[3,9,1,1,1,0,2,2,0],0,2].
[[2,6,0,0,0,0,2,1,0],3,2].
[[3,7,1,1,1,0,1,1,0],1,2].
[[1,6,0,0,0,0,2,3,0],3,1].
[[3,7,2,0,0,0,2,2,0],1,0].
[[2,8,1,1,1,0,1,1,0],0,2].
[[2,6,1,1,1,1,1,2,1],2,1].
[[3,6,1,1,1,0,0,0,0],1,0].
[[2,3,2,1,2,1,2,1,1],2,0].
[[3,2,0,0,0,0,2,3,0],1,0].
[[3,3,1,1,2,1,1,2,0],1,0].
[[1,7,1,0,0,0,2,2,0],2,1].
[[1,7,2,1,2,0,1,2,1],2,0].
[[2,7,0,1,2,1,2,1,0],1,1].
[[2,9,1,1,2,0,2,2,0],1,0].
[[1,8,1,1,1,1,1,1,1],3,1].
[[2,9,1,1,1,0,1,2,1],0,1].
[[1,7,1,1,2,1,1,1,1],1,0].
[[3,3,1,1,1,1,2,2,1],3,0].
[[1,6,1,1,2,1,2,1,1],2,0].
[[2,3,2,1,2,0,2,1,1],2,0].
[[3,3,2,1,1,0,2,1,1],1,0].
[[1,6,1,1,2,1,2,3,1],4,0].
[[3,3,0,1,2,1,2,3,1],0,1].
[[3,3,1,1,2,0,2,3,0],1,1].
[[2,9,2,1,1,0,0,0,0],0,1].
[[3,3,0,0,0,0,0,0,0],0,1].
[[3,4,0,1,2,0,1,2,0],0,2].
[[3,9,1,0,0,0,2,1,1],0,1].
[[3,3,1,1,1,1,1,2,1],1,0].
[[3,8,1,1,1,1,0,0,0],2,1].
[[2,7,1,1,2,0,1,1,1],2,0].
[[3,3,2,1,2,0,2,1,1],6,0].
[[3,7,0,1,1,1,1,1,0],1,0].
[[3,9,1,1,2,0,2,2,0],1,3].
[[3,3,1,0,0,0,2,1,0],3,0].
[[2,7,2,1,2,1,2,1,0],0,1].
[[2,6,0,0,0,0,1,1,0],1,0].
[[3,2,1,1,2,1,2,2,1],3,0].
[[3,9,2,1,1,1,0,0,0],0,1].
[[3,2,1,1,1,1,0,0,0],1,0].
[[3,3,2,1,1,0,2,2,1],1,0].
[[2,7,1,1,2,0,2,1,0],2,0].
[[3,7,2,1,2,0,2,1,0],0,1].
[[3,7,2,1,2,1,1,1,0],1,0].
[[2,9,1,1,1,0,2,1,1],0,1].
[[2,9,1,1,2,0,1,1,0],0,1].
[[2,3,1,0,0,0,2,2,0],1,0].
[[3,9,1,1,1,0,1,1,0],0,1].
[[3,6,0,1,1,1,1,2,0],1,0].
[[2,9,1,1,2,1,2,1,0],1,1].
[[2,6,0,1,2,1,2,1,0],1,0].
[[2,7,0,1,2,1,1,2,0],0,1].
[[2,8,1,1,1,0,2,2,0],1,0].
[[3,6,0,1,1,1,2,2,0],1,3].
[[2,6,0,1,2,1,1,2,0],1,1].
[[3,2,0,1,2,1,1,2,0],1,0].
[[3,2,1,1,2,1,2,1,1],1,0].
[[3,3,1,1,2,0,1,2,0],1,0].
[[3,9,1,1,1,0,2,1,0],0,1].
[[3,7,2,0,0,0,1,1,0],2,0].
[[1,8,1,1,1,1,1,1,0],1,0].
[[3,7,2,1,2,0,1,1,0],1,0].
[[3,6,0,1,1,1,2,1,0],1,0].
[[3,8,1,1,1,0,2,1,0],1,0].
[[3,9,1,1,2,1,2,2,1],0,1].
[[1,7,2,1,2,0,1,1,1],1,0].
[[2,3,2,1,2,1,2,2,1],1,0].
[[2,3,2,1,2,0,1,2,1],1,0].
[[2,9,1,1,1,0,1,2,0],0,1].
[[3,3,2,1,2,1,1,2,0],1,0].
[[2,3,1,0,0,0,1,1,1],1,0].
[[2,5,0,1,1,1,1,2,1],1,0].
[[2,1,1,1,2,0,1,1,1],1,0].
[[2,9,1,1,1,0,2,1,0],0,1].
