total_WL(6825,5216).
[[1,9,2,0,0,0,2,3,1],221,327].
[[2,9,2,0,0,0,1,2,1],61,86].
[[3,8,0,1,2,0,1,2,1],14,38].
[[1,9,2,1,2,2,0,0,0],110,262].
[[2,8,0,1,2,2,0,0,0],26,97].
[[3,8,0,1,2,2,2,3,1],53,91].
[[1,8,0,0,0,0,0,0,0],120,165].
[[2,8,0,1,2,0,2,3,0],10,9].
[[3,8,0,1,2,0,2,3,0],13,29].
[[1,9,2,1,2,2,2,2,0],137,112].
[[2,9,2,1,2,2,2,2,0],46,111].
[[3,8,1,1,2,2,1,2,1],256,102].
[[1,8,1,1,2,2,2,2,1],159,40].
[[2,7,1,1,2,2,2,2,1],58,15].
[[3,7,1,1,2,2,2,2,1],126,43].
[[1,8,1,1,2,2,2,1,1],94,34].
[[2,7,2,1,2,2,2,1,1],21,4].
[[3,7,2,1,2,2,2,1,1],29,5].
[[2,8,1,1,2,2,1,2,1],156,53].
[[3,8,1,1,1,2,1,2,1],109,51].
[[1,9,2,0,0,0,0,0,0],73,237].
[[2,9,2,1,2,0,2,3,1],15,39].
[[3,8,0,1,2,0,2,3,1],14,23].
[[1,8,0,1,2,2,2,2,1],44,39].
[[2,7,0,1,1,2,2,2,1],3,0].
[[3,7,1,1,1,2,2,2,1],55,18].
[[1,8,1,1,2,2,2,3,1],210,65].
[[2,8,1,1,2,2,2,3,1],278,110].
[[3,8,1,1,2,2,2,2,1],130,52].
[[1,9,2,0,0,0,2,2,1],164,216].
[[3,8,1,1,2,0,1,2,1],73,63].
[[1,9,2,1,1,2,2,3,0],73,45].
[[2,9,2,1,1,2,2,3,0],61,80].
[[3,9,1,1,1,2,2,3,0],4,23].
[[2,9,2,0,0,0,2,3,1],38,84].
[[3,9,2,0,0,0,1,2,1],6,36].
[[1,8,1,0,0,0,2,2,1],200,68].
[[2,7,1,0,0,0,2,2,1],41,9].
[[3,7,1,1,2,0,1,2,1],35,8].
[[1,9,2,0,0,0,1,1,1],27,41].
[[2,8,1,0,0,0,1,1,1],25,22].
[[3,7,1,1,2,2,1,1,1],20,11].
[[1,9,2,1,2,2,1,2,1],75,76].
[[2,8,0,1,2,2,1,2,1],37,48].
[[3,7,0,1,2,2,1,2,1],8,5].
[[1,8,0,0,0,0,2,3,0],27,21].
[[2,7,1,1,2,0,2,3,0],4,2].
[[3,7,1,1,1,0,2,2,0],0,4].
[[2,9,2,1,2,2,2,3,0],86,154].
[[3,9,1,1,2,2,1,2,0],22,44].
[[1,7,2,0,0,0,0,0,0],87,14].
[[2,7,2,0,0,0,2,3,1],30,2].
[[3,7,2,1,2,2,2,3,1],57,7].
[[2,7,2,1,2,0,2,1,1],7,4].
[[3,7,2,1,2,2,1,1,1],28,7].
[[1,8,0,1,2,2,2,2,0],34,19].
[[2,8,0,1,2,2,2,2,0],59,53].
[[3,8,0,1,2,2,2,2,0],37,68].
[[1,9,2,1,2,0,0,0,0],8,33].
[[2,9,2,1,1,0,0,0,0],0,4].
[[3,9,2,1,1,0,2,3,0],0,5].
[[3,9,2,1,2,2,2,3,0],4,46].
[[1,9,2,1,1,2,2,1,0],30,11].
[[2,4,2,1,2,0,2,1,0],13,0].
[[3,4,2,1,2,0,2,3,1],88,2].
[[3,7,1,0,0,0,2,2,1],39,8].
[[1,8,1,0,0,0,2,3,1],275,89].
[[2,8,1,0,0,0,2,3,1],194,73].
[[3,8,1,1,2,2,2,3,1],135,72].
[[1,8,0,1,2,2,0,0,0],156,198].
[[3,7,1,1,2,2,1,2,1],113,32].
[[1,9,2,0,0,0,1,2,0],47,54].
[[2,9,2,0,0,0,1,2,0],29,40].
[[3,9,1,1,2,2,1,1,0],4,14].
[[1,9,2,1,2,0,2,2,1],11,31].
[[2,8,0,1,2,0,2,2,1],14,13].
[[2,8,0,0,0,0,0,0,0],13,47].
[[1,8,1,1,1,2,0,0,0],70,9].
[[2,8,1,1,1,2,2,2,1],71,17].
[[1,4,2,1,2,0,2,1,0],7,0].
[[3,4,2,1,2,0,2,1,0],20,1].
[[1,9,2,1,1,2,2,3,1],112,69].
[[2,8,1,1,1,2,2,3,1],109,21].
[[3,7,1,1,1,2,2,3,1],74,26].
[[1,7,1,1,2,2,0,0,0],66,19].
[[2,7,1,1,2,2,0,0,0],97,45].
[[3,7,1,1,2,2,2,1,1],76,18].
[[3,8,1,0,0,0,2,3,1],42,17].
[[2,7,2,1,2,2,2,2,1],34,4].
[[1,9,2,0,0,0,2,1,1],74,132].
[[2,9,1,0,0,0,1,2,1],13,20].
[[3,8,1,0,0,0,1,2,1],83,43].
[[1,8,1,0,0,0,1,2,0],9,1].
[[2,8,1,0,0,0,1,2,0],29,5].
[[3,7,2,1,2,0,1,2,1],26,2].
[[3,9,2,1,2,2,2,2,0],2,37].
[[1,6,1,0,0,0,0,0,0],59,5].
[[2,6,1,1,2,0,2,3,1],6,0].
[[3,3,2,1,1,0,2,2,1],2,0].
[[1,9,2,1,2,2,2,3,0],186,188].
[[2,9,2,1,2,2,1,2,0],68,78].
[[3,9,2,1,2,2,1,2,0],44,72].
[[1,9,2,1,2,2,2,3,1],238,320].
[[2,9,1,1,2,2,1,2,1],10,31].
[[3,9,1,1,2,2,1,2,1],23,66].
[[3,9,2,1,1,2,2,3,0],4,55].
[[1,8,0,1,1,2,0,0,0],65,50].
[[2,8,0,1,1,2,2,3,1],63,50].
[[3,8,0,1,1,2,1,2,1],39,74].
[[2,9,2,0,0,0,2,2,1],33,93].
[[3,9,1,0,0,0,1,1,1],0,8].
[[1,8,1,0,0,0,2,1,1],104,45].
[[2,6,1,0,0,0,2,1,1],14,0].
[[3,6,1,0,0,0,2,3,1],21,1].
[[1,8,1,0,0,0,0,0,0],443,172].
[[2,8,1,0,0,0,2,1,1],74,30].
[[3,6,1,1,2,0,2,1,1],7,1].
[[3,8,0,1,1,2,2,2,1],33,60].
[[1,8,1,0,0,0,2,2,0],44,6].
[[2,8,1,1,2,2,2,2,0],33,9].
[[3,8,1,1,2,2,2,2,0],13,18].
[[1,8,1,1,1,2,2,2,1],27,5].
[[2,8,1,1,1,2,1,1,1],16,11].
[[3,8,1,1,1,2,1,1,1],41,33].
[[3,8,1,1,2,2,2,1,1],93,37].
[[2,7,0,1,1,2,0,0,0],13,3].
[[3,7,0,1,1,2,2,3,1],18,12].
[[2,9,2,1,2,2,1,2,1],108,154].
[[2,7,1,0,0,0,0,0,0],60,25].
[[3,7,1,1,2,0,2,1,1],20,8].
[[2,3,1,1,2,2,0,0,0],5,2].
[[3,3,1,1,2,2,2,3,0],5,0].
[[1,9,2,0,0,0,2,2,0],123,130].
[[2,9,1,0,0,0,1,2,0],5,10].
[[3,9,1,0,0,0,1,2,0],6,15].
[[1,9,2,1,2,0,2,1,1],10,15].
[[2,9,2,1,2,0,2,2,1],13,27].
[[3,9,2,1,2,0,1,2,1],11,58].
[[3,9,1,1,1,2,1,1,0],4,10].
[[1,9,2,1,2,2,2,1,0],72,59].
[[2,9,2,1,1,2,2,1,0],22,14].
[[3,5,0,1,1,2,1,1,0],18,2].
[[1,9,2,1,1,2,0,0,0],74,52].
[[2,8,0,1,1,2,0,0,0],31,53].
[[3,4,2,1,2,0,0,0,0],10,3].
[[2,9,2,1,2,2,2,3,1],77,173].
[[2,7,2,0,0,0,2,1,1],23,2].
[[3,7,2,1,2,0,2,1,1],12,1].
[[1,9,2,1,1,2,2,2,1],98,43].
[[2,4,2,1,2,0,2,2,1],46,3].
[[3,4,2,1,2,0,1,2,1],196,1].
[[1,8,1,1,2,2,0,0,0],335,128].
[[2,8,1,1,1,2,0,0,0],31,8].
[[3,8,1,1,1,2,2,3,1],61,33].
[[2,9,2,1,1,2,2,3,1],52,63].
[[3,9,2,1,1,2,2,3,1],8,18].
[[3,8,0,1,1,2,2,3,1],23,64].
[[1,9,2,0,0,0,2,1,0],54,60].
[[2,8,0,0,0,0,2,1,0],11,14].
[[3,8,0,0,0,0,2,1,0],1,6].
[[1,9,2,1,2,2,1,2,0],58,72].
[[2,8,0,1,2,2,1,2,0],24,27].
[[3,8,0,1,2,2,1,1,0],30,26].
[[1,8,0,1,1,2,2,1,0],8,4].
[[2,8,0,1,1,2,1,1,0],7,4].
[[3,8,0,1,1,2,1,1,0],21,18].
[[2,8,1,1,2,0,2,2,0],8,6].
[[3,8,1,1,1,0,2,2,0],1,4].
[[1,9,2,1,2,0,1,2,1],6,12].
[[2,9,2,1,2,0,1,2,1],18,33].
[[1,9,2,0,0,0,2,3,0],141,161].
[[2,9,1,1,2,0,1,2,0],4,6].
[[3,8,0,1,1,0,1,2,0],4,7].
[[1,8,1,1,2,0,2,3,0],8,1].
[[2,8,1,1,1,0,2,3,0],2,1].
[[3,8,1,1,1,0,2,3,0],4,6].
[[2,9,1,1,2,2,1,2,0],12,23].
[[2,9,2,1,2,2,2,1,1],45,85].
[[3,8,0,1,2,2,2,1,1],27,52].
[[2,7,1,0,0,0,2,3,1],52,16].
[[3,7,1,0,0,0,2,3,1],48,9].
[[3,9,2,1,2,2,2,1,1],13,22].
[[2,8,0,1,2,2,2,3,1],100,128].
[[3,8,0,1,2,2,1,2,1],65,129].
[[2,9,2,1,2,2,2,2,1],74,171].
[[3,9,2,1,1,2,2,2,1],8,26].
[[2,7,2,0,0,0,0,0,0],40,4].
[[3,7,2,0,0,0,2,1,1],16,1].
[[2,8,1,1,2,2,2,2,1],215,86].
[[1,9,2,1,2,2,1,1,1],37,37].
[[2,8,1,1,2,2,1,1,1],44,35].
[[3,8,1,1,2,2,1,1,1],88,66].
[[3,6,1,0,0,0,2,1,1],9,0].
[[3,9,1,1,2,0,1,2,0],6,16].
[[2,9,2,1,2,0,2,2,0],12,23].
[[3,9,2,1,1,0,2,2,0],0,6].
[[1,8,1,0,0,0,1,2,1],36,26].
[[2,8,1,0,0,0,1,2,1],85,50].
[[2,8,0,1,2,0,0,0,0],4,10].
[[3,8,0,1,2,0,2,1,1],9,14].
[[3,4,2,1,2,0,1,2,0],94,2].
[[1,9,2,1,2,2,2,2,1],204,246].
[[2,8,0,1,1,2,2,2,1],57,41].
[[3,4,2,1,2,0,1,1,1],79,0].
[[2,8,1,1,2,0,2,2,1],61,27].
[[3,8,1,1,1,0,1,2,1],23,29].
[[2,8,0,1,2,2,2,3,0],79,79].
[[3,7,0,1,2,2,2,3,0],13,13].
[[1,8,0,1,2,2,2,3,1],54,46].
[[3,3,1,1,2,0,2,2,1],4,0].
[[2,8,1,0,0,0,2,2,0],17,5].
[[3,7,1,0,0,0,2,2,0],5,0].
[[3,9,2,1,1,2,1,2,0],28,32].
[[1,3,2,0,0,0,0,0,0],9,0].
[[2,3,2,0,0,0,0,0,0],13,0].
[[3,3,2,0,0,0,0,0,0],9,1].
[[2,9,2,1,1,2,1,1,0],17,15].
[[3,8,1,1,1,2,1,1,0],9,5].
[[3,8,0,1,1,2,2,2,0],20,60].
[[2,7,2,1,2,0,2,2,1],14,3].
[[3,7,2,1,2,0,2,2,1],19,3].
[[1,9,2,0,0,0,1,2,1],69,85].
[[3,8,1,1,2,0,2,2,0],2,6].
[[1,9,2,1,2,0,2,2,0],9,21].
[[3,8,1,1,1,0,2,1,1],5,9].
[[2,8,1,0,0,0,2,2,1],144,45].
[[2,7,1,1,2,2,2,3,1],78,23].
[[3,7,1,1,2,2,2,3,1],170,45].
[[1,7,1,0,0,0,0,0,0],63,17].
[[2,3,1,0,0,0,0,0,0],8,0].
[[3,3,1,0,0,0,2,3,1],8,0].
[[1,8,0,1,1,2,2,3,1],16,6].
[[2,8,0,1,1,2,2,1,1],19,31].
[[3,8,0,1,1,2,2,3,0],33,74].
[[2,9,2,1,2,0,2,3,0],21,33].
[[2,8,1,0,0,0,0,0,0],34,16].
[[3,8,1,1,2,0,2,3,1],58,20].
[[2,4,2,1,2,0,1,1,1],19,0].
[[1,8,1,1,2,0,0,0,0],47,27].
[[3,8,1,1,2,0,2,2,1],52,20].
[[1,8,1,1,2,0,2,2,1],24,9].
[[2,8,1,1,2,0,1,2,1],34,25].
[[2,8,0,1,2,2,2,2,1],63,95].
[[1,6,1,0,0,0,2,3,1],17,0].
[[2,6,1,1,2,2,2,3,1],32,0].
[[3,2,1,1,2,2,2,3,1],2,0].
[[3,8,1,1,2,2,1,2,0],54,12].
[[2,8,0,0,0,0,2,2,0],25,31].
[[3,8,1,0,0,0,2,2,1],39,17].
[[1,7,1,0,0,0,2,3,1],13,1].
[[2,7,1,1,2,0,1,2,1],2,1].
[[3,8,0,1,2,2,2,2,1],41,110].
[[3,9,1,1,1,2,1,2,1],14,51].
[[2,9,1,1,2,2,2,3,0],6,7].
[[3,8,0,1,2,2,2,3,0],57,115].
[[3,9,2,1,1,0,1,2,1],3,21].
[[2,9,2,1,2,2,2,1,0],31,57].
[[3,8,0,1,2,2,2,1,0],12,38].
[[1,4,2,1,2,0,2,3,0],10,0].
[[2,4,2,1,2,0,2,3,0],38,1].
[[3,4,2,1,2,0,2,3,0],65,2].
[[2,9,2,0,0,0,2,2,0],35,51].
[[3,9,1,0,0,0,2,2,0],0,4].
[[2,9,2,1,1,2,1,2,0],49,23].
[[3,8,0,1,1,2,1,2,0],42,46].
[[1,6,0,1,2,2,0,0,0],6,7].
[[2,6,0,1,1,2,2,3,1],2,0].
[[3,6,0,1,1,2,2,3,1],9,4].
[[2,9,2,1,1,2,2,2,0],44,35].
[[3,7,2,1,1,0,2,2,1],5,4].
[[1,8,1,1,2,0,2,3,1],20,19].
[[2,8,1,1,1,0,1,2,1],0,7].
[[3,7,2,1,1,0,1,2,1],5,4].
[[2,5,0,1,1,2,1,1,0],1,0].
[[3,4,2,1,2,0,1,1,0],36,0].
[[2,8,1,1,2,0,2,1,1],32,22].
[[2,9,2,1,1,2,1,1,1],29,12].
[[3,9,2,1,1,2,1,1,1],14,29].
[[1,8,0,0,0,0,2,1,0],10,12].
[[2,8,0,1,2,2,2,1,0],28,33].
[[1,9,2,1,2,0,2,1,0],6,12].
[[2,9,2,1,2,0,2,1,0],8,15].
[[3,9,2,0,0,0,2,1,0],1,3].
[[2,9,1,1,2,2,2,1,0],4,1].
[[3,8,1,1,2,2,2,1,0],9,7].
[[3,8,0,1,2,2,1,2,0],69,48].
[[2,8,1,1,2,0,2,3,1],83,49].
[[3,6,1,1,2,0,2,3,1],20,0].
[[2,9,1,1,1,2,1,2,0],9,9].
[[3,9,1,1,1,2,1,2,0],17,29].
[[1,8,1,1,2,2,2,1,0],12,2].
[[2,8,1,1,2,2,1,1,0],6,4].
[[3,7,2,0,0,0,2,3,1],22,0].
[[3,3,2,0,0,0,2,3,1],6,0].
[[3,9,2,1,2,2,1,2,1],54,159].
[[3,9,2,1,2,2,2,2,1],9,39].
[[1,7,2,1,2,2,0,0,0],29,5].
[[2,7,2,1,2,2,0,0,0],36,8].
[[3,7,2,1,1,2,2,3,1],20,2].
[[3,8,0,0,0,0,1,2,1],19,29].
[[2,9,2,1,1,2,2,1,1],29,38].
[[3,8,1,1,1,2,2,1,1],44,21].
[[2,8,1,1,2,0,0,0,0],12,8].
[[2,9,2,0,0,0,0,0,0],1,28].
[[3,9,2,0,0,0,2,3,0],0,19].
[[2,6,1,0,0,0,0,0,0],32,4].
[[3,3,1,1,2,0,0,0,0],2,1].
[[1,9,2,1,2,0,2,3,1],24,36].
[[3,7,0,1,2,2,2,3,1],19,10].
[[2,7,0,0,0,0,0,0,0],3,10].
[[3,7,1,1,2,0,2,3,0],8,5].
[[1,9,2,1,1,2,1,1,1],12,2].
[[2,8,0,1,1,2,1,1,1],13,5].
[[3,8,0,1,1,2,1,1,1],14,34].
[[2,6,0,1,1,2,0,0,0],4,5].
[[3,6,0,1,1,2,2,1,1],3,1].
[[2,8,1,1,2,2,2,1,1],129,48].
[[3,9,2,1,2,0,2,2,1],2,12].
[[2,9,2,1,1,2,2,2,1],49,55].
[[3,4,2,1,2,0,2,2,1],83,4].
[[2,5,0,1,2,2,1,2,0],10,0].
[[3,5,0,1,2,2,1,2,0],32,0].
[[3,7,1,1,2,0,2,3,1],42,25].
[[2,2,1,0,0,0,2,3,1],1,0].
[[3,2,1,0,0,0,2,3,1],1,0].
[[2,7,1,1,1,2,0,0,0],36,13].
[[1,7,1,1,2,2,2,2,0],1,3].
[[2,7,1,1,2,2,2,2,0],12,3].
[[3,7,1,1,2,2,2,2,0],15,6].
[[2,5,0,1,1,2,1,1,1],10,0].
[[3,7,2,1,1,2,0,0,0],5,2].
[[3,8,1,0,0,0,1,1,1],18,20].
[[2,6,1,1,2,2,2,2,1],16,0].
[[3,6,1,1,2,2,2,3,1],35,0].
[[3,8,0,1,1,2,2,1,0],17,23].
[[2,9,2,1,2,2,0,0,0],1,19].
[[3,8,0,1,2,2,0,0,0],0,15].
[[1,8,0,0,0,0,2,2,1],20,40].
[[3,8,0,1,2,0,2,2,0],9,22].
[[3,8,1,1,1,0,2,2,1],10,11].
[[2,9,2,0,0,0,1,1,0],24,25].
[[3,8,1,1,2,0,1,1,1],34,26].
[[3,8,1,0,0,0,1,2,0],26,5].
[[2,9,2,0,0,0,2,1,1],14,41].
[[3,8,1,1,2,0,2,1,1],25,13].
[[3,8,0,1,1,2,2,1,1],12,55].
[[3,6,1,1,2,2,2,2,1],36,1].
[[3,8,0,0,0,0,2,2,0],10,14].
[[2,9,1,1,1,2,2,1,0],1,1].
[[1,8,0,0,0,0,1,2,0],2,1].
[[2,8,0,0,0,0,1,2,0],13,8].
[[3,5,0,1,1,2,1,2,0],21,0].
[[3,8,1,1,2,0,1,1,0],10,6].
[[2,6,0,1,2,2,2,2,1],2,1].
[[3,6,0,1,2,2,2,2,1],6,4].
[[3,8,1,1,2,2,1,1,0],21,11].
[[3,5,0,1,2,2,1,1,1],48,2].
[[2,8,0,1,2,0,1,1,0],4,1].
[[3,8,0,1,2,0,1,1,0],4,2].
[[3,7,2,1,2,2,2,2,1],42,7].
[[3,3,1,1,2,2,0,0,0],24,3].
[[1,7,1,1,2,2,2,2,1],8,1].
[[2,8,0,0,0,0,2,2,1],32,48].
[[3,7,0,1,2,2,2,2,1],13,11].
[[2,8,1,1,1,2,1,2,1],51,17].
[[2,9,1,1,2,2,2,2,0],2,9].
[[3,9,1,1,1,2,2,2,0],2,11].
[[3,7,2,1,2,2,1,2,1],54,7].
[[1,8,1,0,0,0,1,1,0],2,4].
[[2,8,1,0,0,0,1,1,0],4,7].
[[3,7,2,1,2,2,0,0,0],13,0].
[[2,9,2,1,1,2,1,2,1],70,59].
[[1,8,0,1,1,2,2,3,0],13,4].
[[2,7,1,1,1,2,1,2,1],2,2].
[[3,7,1,1,1,2,1,2,1],49,13].
[[1,9,2,1,1,2,2,1,1],46,32].
[[1,9,2,1,2,2,2,1,1],99,140].
[[2,4,2,1,2,0,2,3,1],53,0].
[[2,4,2,1,2,0,1,2,1],53,0].
[[3,9,2,0,0,0,1,1,1],4,16].
[[2,4,2,1,2,0,2,2,0],38,0].
[[3,4,2,1,2,0,2,2,0],49,0].
[[3,9,2,1,2,0,2,3,1],4,12].
[[1,9,2,1,1,2,2,2,0],57,35].
[[2,8,0,1,1,2,2,2,0],27,24].
[[3,7,0,1,1,2,2,2,0],8,7].
[[3,7,2,0,0,0,2,2,1],17,0].
[[2,9,2,1,2,2,1,1,1],47,46].
[[3,8,0,1,2,2,1,1,1],30,47].
[[2,8,1,1,2,2,2,1,0],10,2].
[[2,6,1,0,0,0,2,3,1],28,0].
[[3,7,1,1,2,2,0,0,0],42,21].
[[3,9,2,1,1,2,1,2,1],34,104].
[[2,9,2,0,0,0,2,3,0],29,73].
[[2,4,2,1,2,0,1,2,0],23,2].
[[2,7,1,1,2,0,2,3,1],18,4].
[[2,8,0,0,0,0,2,3,0],24,31].
[[2,8,1,1,1,0,2,3,1],6,6].
[[3,7,1,1,1,0,2,3,1],4,4].
[[3,9,2,1,2,0,2,3,0],3,18].
[[1,9,2,1,2,2,1,1,0],21,25].
[[1,8,1,1,1,2,2,3,1],50,1].
[[2,6,0,1,2,2,0,0,0],9,13].
[[3,6,0,1,2,2,2,3,0],6,6].
[[3,8,0,1,1,0,2,3,0],0,5].
[[3,6,1,1,2,2,2,1,1],15,1].
[[3,8,1,1,1,2,1,2,0],32,8].
[[2,8,1,1,1,2,2,1,1],50,13].
[[3,6,0,1,1,2,2,2,0],2,0].
[[1,4,2,1,2,0,2,2,1],14,1].
[[2,7,2,1,2,2,2,3,1],37,3].
[[1,4,2,1,2,0,2,3,1],15,0].
[[2,9,2,1,2,0,2,1,1],9,23].
[[2,9,2,1,2,0,1,2,0],10,20].
[[3,8,1,1,1,0,1,2,0],4,7].
[[3,8,0,1,1,2,0,0,0],0,13].
[[1,8,0,0,0,0,2,1,1],13,17].
[[2,8,0,0,0,0,2,1,1],15,28].
[[3,7,1,1,2,0,2,2,0],5,1].
[[3,8,0,1,2,0,2,1,0],5,16].
[[3,9,2,1,1,0,2,3,1],1,9].
[[2,7,2,1,2,0,0,0,0],18,3].
[[2,9,2,1,1,2,0,0,0],4,24].
[[2,8,0,1,2,2,2,1,1],34,51].
[[3,7,0,1,2,2,2,1,1],8,6].
[[1,8,1,1,2,2,1,2,0],5,3].
[[2,8,1,1,1,2,1,1,0],1,1].
[[2,5,0,0,0,0,1,1,1],11,0].
[[3,5,0,0,0,0,1,1,1],9,0].
[[3,9,2,0,0,0,1,2,0],3,18].
[[3,9,2,1,2,2,2,1,0],2,19].
[[2,8,1,1,2,2,1,2,0],33,7].
[[3,3,1,1,2,2,2,3,1],18,0].
[[3,8,1,1,1,0,2,3,1],16,8].
[[2,9,1,1,1,2,2,2,0],4,5].
[[1,4,2,1,2,0,2,1,1],10,0].
[[2,4,2,1,2,0,2,1,1],33,0].
[[3,4,2,1,2,0,2,1,1],55,3].
[[1,8,1,1,1,2,1,2,1],7,1].
[[2,8,1,1,1,2,1,2,0],6,0].
[[3,9,2,1,2,2,1,1,0],13,18].
[[1,8,1,1,2,0,2,1,1],12,8].
[[3,7,1,1,2,2,2,3,0],23,17].
[[3,8,1,1,1,0,1,1,1],2,14].
[[2,9,1,0,0,0,2,3,0],3,4].
[[3,5,0,1,2,0,1,2,0],13,1].
[[3,7,0,0,0,0,2,2,0],4,1].
[[1,8,0,1,2,2,2,1,0],14,11].
[[1,9,2,1,1,2,1,2,1],41,19].
[[2,8,0,1,1,2,1,2,1],14,11].
[[1,8,0,0,0,0,2,2,0],15,20].
[[1,8,1,1,2,2,1,1,1],16,3].
[[2,7,2,1,2,2,1,1,1],12,0].
[[3,3,2,1,2,2,1,1,1],5,0].
[[3,9,2,1,2,2,2,3,1],6,27].
[[2,7,0,1,2,2,0,0,0],8,6].
[[2,8,0,1,2,0,2,1,1],3,9].
[[2,9,2,1,2,0,1,1,1],6,17].
[[3,9,1,1,2,2,1,1,1],12,30].
[[3,5,0,1,1,2,1,1,1],29,2].
[[3,9,1,1,2,0,1,1,1],3,17].
[[3,8,1,1,2,0,2,3,0],10,6].
[[3,8,0,0,0,0,2,3,1],17,19].
[[3,9,1,1,2,0,1,2,1],11,20].
[[3,6,0,1,2,2,2,2,0],3,7].
[[1,8,1,1,1,2,2,1,1],17,6].
[[2,5,0,1,2,2,1,1,0],6,0].
[[3,5,0,1,2,2,1,1,0],22,3].
[[3,7,1,1,1,2,2,2,0],10,1].
[[3,8,1,1,1,2,2,2,1],68,21].
[[1,6,1,0,0,0,2,2,1],15,1].
[[2,6,1,0,0,0,2,2,1],17,3].
[[3,6,1,1,2,0,2,2,1],12,2].
[[2,7,2,1,1,2,0,0,0],4,2].
[[2,8,1,1,2,2,0,0,0],50,32].
[[3,8,0,0,0,0,2,3,0],5,26].
[[1,7,2,1,2,0,2,3,1],4,0].
[[1,8,1,1,2,2,1,2,1],49,13].
[[2,7,1,1,2,2,1,2,1],22,4].
[[3,7,0,1,1,2,2,2,1],11,10].
[[3,9,2,1,1,2,2,2,0],3,36].
[[2,6,0,0,0,0,2,3,0],2,0].
[[3,6,0,0,0,0,2,3,0],2,0].
[[1,9,2,1,1,2,1,2,0],16,15].
[[2,8,0,1,1,2,1,2,0],17,12].
[[3,7,1,0,0,0,1,2,1],32,10].
[[2,7,1,1,1,2,2,2,1],15,5].
[[1,8,1,1,1,2,2,2,0],9,2].
[[2,8,1,1,1,2,2,2,0],16,3].
[[1,8,1,1,2,0,1,2,1],7,5].
[[3,8,1,1,2,2,2,3,0],32,23].
[[2,9,1,1,1,2,1,2,1],14,11].
[[2,7,1,0,0,0,2,1,1],13,6].
[[2,6,1,1,2,2,0,0,0],33,1].
[[3,6,1,1,2,2,2,1,0],2,0].
[[3,9,2,1,1,0,2,2,1],1,5].
[[2,5,0,0,0,0,1,1,0],4,0].
[[3,5,0,1,2,0,1,1,0],7,2].
[[2,8,0,1,1,2,2,3,0],32,31].
[[3,7,0,1,1,2,2,3,0],7,9].
[[2,8,1,0,0,0,2,3,0],29,15].
[[3,8,0,1,2,0,2,2,1],11,14].
[[2,7,1,1,1,2,2,3,1],24,2].
[[1,9,2,0,0,0,1,1,0],16,23].
[[2,8,0,0,0,0,1,1,0],2,4].
[[3,8,0,0,0,0,1,1,0],6,8].
[[3,8,0,1,2,0,0,0,0],0,5].
[[3,8,0,1,2,0,1,2,0],10,15].
[[2,9,1,0,0,0,1,1,1],3,11].
[[1,8,1,1,2,0,2,2,0],2,1].
[[2,8,1,1,1,0,1,2,0],0,2].
[[3,7,1,1,1,0,1,2,0],0,1].
[[1,8,1,1,2,2,2,2,0],31,3].
[[1,8,0,0,0,0,2,3,1],43,42].
[[2,7,0,1,2,2,2,2,0],1,2].
[[3,7,0,1,1,2,1,2,0],4,4].
[[3,7,2,0,0,0,1,2,1],21,1].
[[1,8,0,1,1,2,2,1,1],11,5].
[[2,8,1,1,2,0,2,3,0],13,10].
[[3,8,1,0,0,0,2,1,1],26,6].
[[3,7,1,0,0,0,0,0,0],7,6].
[[3,7,0,1,2,2,2,1,0],7,3].
[[2,8,0,1,2,0,2,2,0],6,12].
[[3,7,0,1,2,2,2,2,0],8,4].
[[3,6,0,1,2,2,0,0,0],2,7].
[[2,7,1,1,2,2,1,1,1],6,1].
[[3,9,2,0,0,0,2,2,0],1,11].
[[3,9,1,0,0,0,2,3,0],1,2].
[[2,9,2,0,0,0,1,1,1],23,27].
[[2,4,2,1,2,0,0,0,0],13,2].
[[3,8,1,1,1,2,2,2,0],11,8].
[[3,9,2,1,2,0,2,2,0],0,11].
[[3,7,1,0,0,0,2,1,1],12,4].
[[1,7,2,1,2,0,2,2,1],3,1].
[[2,7,2,1,1,0,2,2,1],1,0].
[[3,7,1,1,1,0,2,2,1],6,8].
[[3,6,0,1,1,2,2,2,1],4,11].
[[2,8,1,1,1,2,2,3,0],17,7].
[[3,7,2,1,1,2,1,2,1],21,2].
[[2,6,1,1,2,2,1,2,1],6,0].
[[3,3,1,1,2,2,1,2,1],5,0].
[[3,9,2,1,2,0,2,1,1],3,11].
[[3,9,2,1,1,2,1,1,0],13,19].
[[2,9,1,1,1,2,2,1,1],4,5].
[[1,7,2,0,0,0,2,3,1],25,1].
[[2,3,2,1,2,0,2,3,1],1,0].
[[3,3,2,1,2,2,2,3,1],9,0].
[[3,8,0,1,2,0,1,1,1],4,15].
[[2,8,0,0,0,0,1,2,1],14,23].
[[3,6,1,1,1,2,2,3,1],15,0].
[[3,8,1,0,0,0,2,3,0],4,7].
[[3,7,1,1,2,0,2,2,1],39,9].
[[3,7,1,1,1,2,0,0,0],26,9].
[[3,8,0,0,0,0,0,0,0],0,6].
[[2,9,2,1,2,2,1,1,0],33,31].
[[2,8,1,1,2,2,2,3,0],51,22].
[[2,7,2,0,0,0,2,2,1],25,4].
[[3,9,2,0,0,0,2,2,1],1,6].
[[3,9,2,1,2,0,1,2,0],9,15].
[[3,6,1,1,2,2,1,2,1],18,0].
[[1,8,1,1,2,2,1,1,0],3,1].
[[3,7,1,0,0,0,1,1,1],12,7].
[[3,9,1,1,1,2,1,1,1],5,28].
[[3,5,0,1,1,0,1,2,0],3,0].
[[2,8,1,1,2,0,2,1,0],6,1].
[[3,6,1,1,2,0,2,1,0],2,0].
[[1,6,1,1,2,2,0,0,0],28,1].
[[2,3,2,1,2,2,2,3,1],1,0].
[[3,3,2,1,2,2,1,2,1],3,0].
[[2,8,0,1,2,0,2,3,1],12,18].
[[3,6,0,1,1,2,0,0,0],1,7].
[[2,9,1,0,0,0,1,1,0],2,2].
[[3,8,1,1,2,0,1,2,0],18,5].
[[3,6,1,1,2,2,2,2,0],7,0].
[[3,7,0,1,2,2,0,0,0],5,12].
[[2,9,1,1,2,2,1,1,1],6,17].
[[2,5,0,0,0,0,1,2,0],6,1].
[[3,5,0,0,0,0,1,2,0],7,1].
[[2,8,0,1,2,2,1,1,0],8,8].
[[2,9,2,0,0,0,2,1,0],15,27].
[[3,9,1,1,2,2,2,1,0],0,4].
[[3,9,1,1,2,2,2,1,1],4,18].
[[1,8,0,1,2,2,2,3,0],40,24].
[[2,7,0,1,2,2,2,3,0],2,3].
[[3,3,1,1,1,2,1,2,1],2,0].
[[2,9,2,1,1,0,2,3,1],0,6].
[[3,8,0,1,1,0,2,3,1],2,3].
[[3,9,2,1,2,0,1,1,0],5,10].
[[3,7,1,1,1,0,1,2,1],2,4].
[[1,7,2,0,0,0,2,2,1],19,3].
[[2,8,0,0,0,0,2,3,1],53,58].
[[3,7,0,0,0,0,2,3,1],8,5].
[[2,7,0,1,2,2,2,1,0],1,0].
[[3,8,0,1,1,0,2,1,0],0,5].
[[3,9,2,1,1,2,2,1,1],7,22].
[[2,9,1,1,2,0,1,2,1],2,6].
[[2,6,1,1,2,0,0,0,0],9,1].
[[1,8,1,0,0,0,2,3,0],58,8].
[[3,3,1,1,2,0,2,3,1],3,0].
[[1,4,2,1,2,0,0,0,0],14,0].
[[2,8,0,1,2,2,1,1,1],14,11].
[[2,7,2,1,1,0,0,0,0],1,1].
[[3,7,2,1,1,0,2,3,1],3,3].
[[1,8,1,1,1,2,2,3,0],9,3].
[[2,9,1,0,0,0,2,1,1],3,5].
[[3,8,0,0,0,0,2,1,1],8,14].
[[3,9,1,1,1,0,2,3,0],0,5].
[[3,8,0,0,0,0,2,2,1],14,18].
[[1,8,0,1,2,2,2,1,1],28,12].
[[2,7,1,1,2,2,2,1,1],31,5].
[[3,7,1,1,1,2,2,1,1],36,14].
[[3,3,1,1,2,2,2,2,1],15,0].
[[3,3,1,1,1,2,0,0,0],6,2].
[[2,8,1,0,0,0,2,1,0],12,5].
[[3,7,1,1,2,2,2,1,0],5,6].
[[3,5,0,1,2,0,1,1,1],16,0].
[[3,9,2,1,2,2,1,1,1],8,47].
[[1,8,1,1,2,2,2,3,0],40,10].
[[2,9,1,1,2,0,1,1,1],2,4].
[[3,8,1,1,1,2,2,3,0],13,10].
[[1,4,2,1,2,0,1,2,1],6,0].
[[1,7,2,1,2,0,2,1,1],1,0].
[[2,5,0,1,2,2,1,1,1],13,1].
[[1,8,0,1,1,2,1,2,0],0,2].
[[3,6,0,1,1,2,1,2,0],2,2].
[[2,7,2,1,1,2,1,2,1],7,0].
[[3,6,1,1,2,0,0,0,0],5,0].
[[3,7,1,1,1,2,2,3,0],17,6].
[[2,6,1,1,1,2,0,0,0],8,1].
[[3,3,2,1,1,2,0,0,0],2,0].
[[2,8,1,1,2,0,1,2,0],5,3].
[[3,8,1,0,0,0,1,1,0],4,4].
[[3,9,1,1,2,2,2,2,0],6,16].
[[2,7,1,1,2,2,2,3,0],16,1].
[[3,7,1,1,2,2,1,2,0],12,8].
[[1,7,1,0,0,0,1,2,1],2,1].
[[3,7,1,1,1,2,2,1,0],6,1].
[[3,7,1,0,0,0,1,2,0],7,0].
[[2,7,2,1,2,2,1,2,1],11,3].
[[3,8,0,1,1,0,1,1,1],0,3].
[[2,9,1,1,2,2,2,1,1],2,10].
[[2,7,0,1,1,2,2,3,1],1,2].
[[3,7,0,1,1,2,1,2,1],2,3].
[[3,3,2,1,2,2,0,0,0],9,0].
[[1,4,2,1,2,0,2,2,0],11,0].
[[1,8,0,1,1,2,2,2,1],14,5].
[[2,7,1,1,1,2,2,1,1],10,2].
[[3,7,1,1,1,2,1,1,1],13,6].
[[3,8,0,1,1,0,2,2,1],0,7].
[[2,9,2,1,2,0,0,0,0],1,7].
[[3,9,2,1,2,0,2,1,0],0,10].
[[3,9,1,1,1,2,2,2,1],1,7].
[[3,6,1,1,1,2,2,1,1],9,0].
[[2,9,1,1,2,0,1,1,0],1,1].
[[2,9,1,1,1,2,1,1,1],2,8].
[[3,6,0,0,0,0,2,2,1],1,1].
[[3,6,1,1,2,2,0,0,0],7,1].
[[3,7,1,1,2,0,0,0,0],13,2].
[[2,9,1,1,2,0,2,1,1],3,1].
[[3,7,1,1,1,2,1,2,0],4,0].
[[1,8,1,0,0,0,2,1,0],15,1].
[[2,7,1,0,0,0,2,1,0],4,0].
[[3,7,1,0,0,0,1,1,0],4,1].
[[1,7,1,1,2,2,2,1,1],6,0].
[[3,7,2,1,2,0,1,1,1],4,1].
[[1,9,2,1,2,0,2,3,0],17,24].
[[2,9,2,1,1,0,2,3,0],0,3].
[[3,7,0,1,2,0,2,2,0],2,1].
[[1,7,1,1,2,2,2,3,0],2,0].
[[2,8,1,1,2,0,1,1,1],13,14].
[[1,9,2,1,1,2,1,1,0],12,7].
[[3,9,1,1,2,2,2,3,0],2,19].
[[2,6,1,0,0,0,2,2,0],3,0].
[[3,6,1,0,0,0,1,1,0],1,0].
[[3,7,0,1,2,0,2,2,1],4,4].
[[1,8,1,0,0,0,1,1,1],22,11].
[[1,6,1,0,0,0,2,2,0],3,0].
[[2,6,1,1,2,2,1,1,0],3,0].
[[3,6,1,1,2,2,1,1,0],3,0].
[[3,9,2,1,1,0,1,1,1],0,4].
[[2,3,2,1,2,2,0,0,0],5,0].
[[2,8,0,1,1,2,2,1,0],12,5].
[[2,8,1,1,1,0,2,2,1],2,5].
[[3,4,0,1,2,0,2,2,1],0,2].
[[3,6,1,0,0,0,2,2,1],13,1].
[[2,9,1,1,2,2,1,1,0],3,7].
[[3,7,0,1,1,2,0,0,0],11,10].
[[1,7,1,0,0,0,2,2,1],7,1].
[[3,9,1,0,0,0,1,2,1],5,14].
[[1,6,1,0,0,0,2,1,1],7,0].
[[2,6,1,0,0,0,1,2,1],8,0].
[[3,3,2,1,2,0,1,2,1],4,0].
[[3,7,2,1,2,0,2,3,1],35,4].
[[2,7,0,1,1,2,2,1,0],1,0].
[[3,8,1,0,0,0,2,2,0],3,4].
[[3,7,0,1,2,0,2,3,1],3,3].
[[3,6,1,1,1,2,1,2,1],7,0].
[[1,8,0,1,1,2,2,2,0],9,5].
[[3,3,2,0,0,0,2,2,1],3,0].
[[3,6,0,1,2,2,1,1,1],3,0].
[[2,7,0,1,1,2,2,2,0],3,0].
[[1,7,2,0,0,0,2,1,1],16,0].
[[2,7,2,0,0,0,1,1,1],7,1].
[[3,3,1,1,2,2,2,2,0],1,0].
[[2,7,1,1,2,0,0,0,0],12,14].
[[3,3,1,1,1,2,2,3,1],8,0].
[[1,4,2,1,2,0,1,2,0],6,0].
[[2,7,2,0,0,0,1,2,1],17,3].
[[3,7,1,1,2,0,1,1,1],8,3].
[[3,7,2,1,1,2,2,2,1],17,2].
[[3,7,2,0,0,0,1,1,1],3,1].
[[3,3,2,1,2,0,0,0,0],9,0].
[[1,7,1,1,2,2,2,3,1],10,2].
[[2,7,0,1,1,2,2,3,0],2,0].
[[3,9,2,1,1,0,1,1,0],2,2].
[[3,7,1,1,2,0,1,2,0],5,1].
[[3,6,0,1,1,2,2,1,0],2,0].
[[3,6,0,0,0,0,1,2,0],0,1].
[[3,5,0,1,1,0,1,1,1],4,5].
[[3,9,1,1,1,0,1,1,1],1,5].
[[1,7,2,1,2,2,2,3,1],9,2].
[[3,9,1,1,1,0,1,2,1],3,7].
[[3,5,0,1,2,2,1,2,1],6,1].
[[2,6,0,1,1,2,2,2,0],1,0].
[[3,9,1,1,2,2,2,2,1],0,9].
[[1,8,0,1,2,2,1,1,0],0,2].
[[2,7,1,1,2,0,2,2,1],5,2].
[[3,6,0,1,2,2,2,3,1],8,7].
[[2,7,1,0,0,0,1,2,1],7,4].
[[3,3,2,1,2,2,2,2,1],6,0].
[[1,7,1,0,0,0,2,2,0],1,0].
[[1,9,2,1,2,0,1,2,0],5,7].
[[2,5,0,1,2,0,1,2,0],3,0].
[[1,7,1,1,2,2,1,2,1],2,2].
[[3,6,1,0,0,0,0,0,0],6,1].
[[2,6,1,1,2,0,2,2,1],7,0].
[[3,6,1,1,1,0,2,2,1],1,0].
[[3,7,1,1,1,0,1,1,1],0,2].
[[3,3,2,1,2,0,2,1,1],3,0].
[[1,9,2,1,2,0,1,1,1],1,3].
[[3,7,2,1,1,2,2,1,1],8,0].
[[3,8,0,0,0,0,1,1,1],5,10].
[[3,8,0,0,0,0,1,2,0],12,7].
[[2,6,1,1,2,0,2,1,1],1,0].
[[3,7,0,1,1,2,1,1,1],4,2].
[[2,7,0,1,2,2,2,3,1],4,1].
[[1,8,0,0,0,0,1,1,1],1,1].
[[2,7,1,1,2,0,1,1,1],1,1].
[[2,6,0,1,2,2,2,3,1],5,3].
[[2,3,2,0,0,0,2,3,1],1,0].
[[3,9,2,1,2,0,1,1,1],4,19].
[[3,7,2,1,1,0,2,1,1],4,1].
[[1,6,1,0,0,0,2,1,0],1,0].
[[2,6,1,0,0,0,1,1,0],1,0].
[[3,6,1,1,2,0,1,1,0],1,0].
[[2,8,1,1,1,0,0,0,0],0,2].
[[3,3,1,0,0,0,0,0,0],10,1].
[[1,8,1,1,2,0,1,1,1],2,0].
[[3,7,0,0,0,0,2,2,1],1,7].
[[3,3,1,1,2,2,2,1,1],5,0].
[[3,6,1,1,2,2,1,2,0],4,0].
[[3,3,1,1,1,2,2,2,1],4,0].
[[2,6,1,1,2,2,2,1,1],9,0].
[[3,7,0,0,0,0,1,2,1],1,3].
[[2,4,2,1,2,0,1,1,0],13,0].
[[2,7,1,1,1,2,2,3,0],8,1].
[[1,8,0,1,2,2,1,2,0],2,4].
[[3,6,1,1,1,2,2,3,0],1,1].
[[3,7,2,1,2,0,0,0,0],2,1].
[[3,7,0,1,2,0,2,1,1],0,1].
[[3,6,1,1,1,2,0,0,0],6,0].
[[1,7,2,1,2,2,2,3,0],1,0].
[[3,3,2,1,2,2,2,1,1],3,0].
[[3,6,0,1,2,2,2,1,1],2,4].
[[2,8,1,1,1,0,2,2,0],1,2].
[[2,7,1,1,2,0,2,1,1],6,2].
[[3,7,1,1,1,0,2,1,1],3,3].
[[3,9,1,1,1,2,2,1,1],1,7].
[[3,9,2,0,0,0,2,1,1],4,7].
[[2,8,0,0,0,0,1,1,1],4,11].
[[3,6,1,0,0,0,1,2,0],1,0].
[[1,7,2,1,2,2,2,1,1],4,1].
[[2,7,2,1,1,2,2,1,1],6,0].
[[3,3,2,1,1,2,2,1,1],2,0].
[[1,9,2,1,2,0,1,1,0],3,2].
[[2,9,2,1,2,0,1,1,0],6,3].
[[3,3,2,1,1,0,0,0,0],3,0].
[[3,6,0,1,1,2,2,3,0],1,3].
[[2,9,1,1,1,2,1,1,0],2,2].
[[2,5,0,1,1,0,1,1,1],0,1].
[[2,6,0,1,2,2,2,1,1],4,0].
[[3,2,0,1,2,2,2,1,1],1,0].
[[3,5,0,0,0,0,1,2,1],1,0].
[[3,7,0,0,0,0,2,3,0],4,2].
[[3,3,2,0,0,0,1,2,1],3,0].
[[2,5,0,1,1,2,1,2,0],2,0].
[[3,6,1,1,1,0,1,2,1],1,1].
[[3,3,2,1,2,0,2,3,1],1,0].
[[2,9,1,1,2,0,2,3,0],2,4].
[[2,6,0,1,1,2,2,1,0],1,1].
[[3,9,2,1,1,0,1,2,0],1,6].
[[3,7,0,0,0,0,0,0,0],1,5].
[[2,8,1,1,1,2,2,1,0],7,2].
[[3,7,1,1,2,2,1,1,0],4,5].
[[3,9,2,1,1,2,2,1,0],0,10].
[[2,3,2,1,2,2,2,2,1],3,0].
[[3,2,0,1,2,2,2,3,1],1,0].
[[3,5,0,1,1,2,1,2,1],1,0].
[[2,9,2,1,1,0,1,2,0],2,4].
[[3,6,1,0,0,0,1,1,1],7,0].
[[3,9,1,1,2,0,2,2,0],1,4].
[[2,6,0,1,2,2,2,1,0],1,0].
[[3,9,1,0,0,0,2,2,1],0,1].
[[3,7,1,0,0,0,2,1,0],3,0].
[[2,8,0,1,2,0,1,2,0],4,3].
[[2,6,0,0,0,0,0,0,0],1,3].
[[2,9,1,1,2,2,2,2,1],3,5].
[[2,7,1,1,2,0,2,2,0],2,1].
[[2,8,0,1,2,0,2,1,0],3,6].
[[3,7,0,1,2,2,1,2,0],8,1].
[[2,9,2,1,1,0,1,1,1],1,1].
[[3,9,2,0,0,0,1,1,0],1,4].
[[2,6,1,0,0,0,1,1,1],4,0].
[[3,6,1,1,2,2,1,1,1],8,0].
[[2,6,1,1,1,2,2,3,1],2,0].
[[2,6,0,1,1,2,2,3,0],0,1].
[[2,9,1,0,0,0,2,2,1],1,3].
[[3,9,1,1,1,2,2,1,0],1,4].
[[3,9,1,1,2,0,1,1,0],4,1].
[[2,6,1,1,2,0,1,2,1],2,1].
[[3,6,1,1,2,0,1,2,1],9,0].
[[1,7,2,1,2,0,0,0,0],8,0].
[[1,8,0,0,0,0,1,2,1],1,2].
[[3,7,0,1,1,2,2,1,1],5,4].
[[3,9,2,0,0,0,2,3,1],0,3].
[[1,6,0,0,0,0,0,0,0],2,2].
[[3,6,0,1,2,0,2,3,1],2,0].
[[3,7,1,1,1,0,2,3,0],1,2].
[[2,9,1,1,1,2,2,2,1],2,1].
[[3,6,1,1,1,2,2,2,1],6,0].
[[2,6,1,0,0,0,2,3,0],8,0].
[[3,6,1,1,2,0,2,3,0],3,0].
[[3,6,1,1,2,0,1,2,0],3,0].
[[2,7,2,1,2,0,1,2,1],6,0].
[[3,6,1,0,0,0,1,2,1],2,2].
[[2,6,0,1,2,2,2,3,0],1,2].
[[3,6,0,1,1,2,1,2,1],5,3].
[[3,8,0,1,1,0,1,2,1],3,8].
[[3,7,0,1,2,0,2,1,0],2,1].
[[2,8,1,1,1,0,1,1,1],2,2].
[[3,7,2,1,1,0,1,1,1],3,2].
[[3,8,0,1,1,0,0,0,0],0,1].
[[1,4,2,1,2,0,1,1,0],2,0].
[[2,7,2,1,2,0,2,3,1],11,1].
[[1,7,2,0,0,0,1,2,1],3,0].
[[2,3,2,0,0,0,1,2,1],1,0].
[[1,7,2,1,2,2,1,2,1],1,0].
[[3,8,0,1,1,0,2,1,1],1,3].
[[3,7,0,1,2,0,2,3,0],0,1].
[[2,7,1,1,2,2,1,1,0],1,2].
[[2,3,1,0,0,0,2,2,0],1,0].
[[3,3,1,0,0,0,2,2,0],1,0].
[[3,6,0,1,1,2,1,1,0],4,0].
[[3,4,0,1,2,0,1,2,1],0,3].
[[2,8,1,1,2,0,1,1,0],1,1].
[[3,7,1,1,1,0,0,0,0],2,2].
[[2,7,0,1,2,2,2,1,1],3,0].
[[3,7,2,1,1,2,1,1,1],6,0].
[[3,7,1,1,2,0,2,1,0],2,1].
[[2,6,1,1,2,2,2,3,0],5,0].
[[3,6,1,1,1,2,1,2,0],3,0].
[[2,7,2,1,1,2,2,3,1],3,0].
[[3,9,1,1,1,0,2,2,0],0,1].
[[2,9,1,1,1,0,1,1,0],0,1].
[[3,8,1,1,1,0,1,1,0],0,1].
[[1,7,2,0,0,0,1,1,1],3,1].
[[2,9,2,1,1,0,2,1,1],0,4].
[[1,7,1,0,0,0,2,1,1],1,0].
[[2,3,1,1,2,2,2,2,1],2,0].
[[3,6,0,1,2,0,2,2,1],2,0].
[[3,9,1,0,0,0,2,1,0],1,0].
[[2,6,0,1,1,2,2,1,1],3,0].
[[2,7,1,0,0,0,1,1,1],2,1].
[[3,6,0,1,2,0,1,1,0],1,0].
[[1,6,1,1,2,2,2,2,0],2,0].
[[3,9,1,1,2,0,2,3,0],1,4].
[[2,9,2,1,1,0,2,1,0],0,2].
[[3,9,2,1,1,0,2,1,0],0,3].
[[1,7,2,1,2,2,2,2,1],7,0].
[[3,9,1,1,1,0,1,2,0],3,11].
[[2,8,0,1,2,0,1,1,1],0,3].
[[3,9,1,0,0,0,1,1,0],1,6].
[[2,3,1,0,0,0,2,3,1],1,0].
[[3,3,1,0,0,0,1,2,1],1,0].
[[3,7,2,0,0,0,0,0,0],4,0].
[[3,9,1,0,0,0,2,1,1],0,2].
[[2,2,1,0,0,0,0,0,0],2,0].
[[3,2,1,1,2,0,2,3,1],1,0].
[[2,8,1,1,1,0,2,1,1],2,3].
[[2,7,0,0,0,0,2,2,1],1,4].
[[3,7,0,0,0,0,1,1,1],0,2].
[[3,7,1,1,2,0,1,1,0],2,0].
[[2,6,1,1,1,2,2,3,0],1,0].
[[3,5,0,0,0,0,1,1,0],5,0].
[[2,7,1,1,1,2,2,2,0],3,0].
[[2,7,1,1,2,2,2,1,0],4,0].
[[3,7,0,1,2,0,1,2,0],1,1].
[[3,3,1,0,0,0,2,2,1],4,1].
[[3,5,0,1,1,0,1,1,0],1,1].
[[1,8,1,1,1,2,2,1,0],2,0].
[[2,7,1,1,1,2,2,1,0],2,0].
[[3,3,1,1,2,2,2,1,0],1,0].
[[3,6,1,1,1,0,2,3,1],0,1].
[[2,3,2,0,0,0,1,1,1],1,0].
[[2,6,1,1,1,2,2,2,0],1,0].
[[3,6,1,1,1,2,2,2,0],1,0].
[[3,6,1,1,2,0,2,2,0],1,0].
[[2,6,1,1,2,2,1,1,1],3,0].
[[3,6,1,1,1,2,1,1,1],1,2].
[[2,7,2,1,1,0,1,2,1],0,1].
[[2,6,0,1,1,2,2,2,1],1,1].
[[2,7,2,1,1,2,2,2,1],2,1].
[[3,5,0,1,2,0,1,2,1],2,0].
[[2,7,1,0,0,0,2,2,0],10,0].
[[3,9,1,1,1,0,1,1,0],0,1].
[[1,6,1,0,0,0,2,3,0],3,0].
[[2,6,1,1,2,0,1,2,0],1,0].
[[3,6,0,0,0,0,2,3,1],1,2].
[[1,8,1,1,2,0,2,1,0],2,1].
[[2,8,1,1,1,0,2,1,0],1,0].
[[3,6,1,1,2,2,2,3,0],4,1].
[[3,7,0,1,2,0,0,0,0],0,2].
[[2,3,2,0,0,0,2,1,1],2,0].
[[3,3,2,0,0,0,2,1,1],3,0].
[[2,6,1,1,2,0,2,3,0],1,0].
[[1,6,1,1,2,2,2,3,1],2,0].
[[3,7,0,1,1,2,2,1,0],1,2].
[[2,9,2,1,1,0,1,2,1],2,4].
[[1,6,1,0,0,0,1,2,1],3,0].
[[2,3,2,1,2,0,0,0,0],3,0].
[[3,6,0,1,2,0,2,1,1],0,1].
[[2,7,0,0,0,0,2,3,1],2,3].
[[3,7,2,1,2,2,2,3,0],0,1].
[[2,8,0,1,2,0,1,2,1],4,4].
[[1,7,2,1,2,0,1,2,1],2,0].
[[2,3,2,1,2,0,1,2,1],1,0].
[[3,8,0,1,1,0,2,2,0],2,1].
[[3,6,0,1,1,2,1,1,1],2,0].
[[3,9,1,1,2,0,2,1,1],0,5].
[[2,7,0,1,2,2,2,2,1],3,1].
[[3,7,0,1,2,2,1,1,1],1,1].
[[3,8,1,1,1,2,0,0,0],0,1].
[[2,7,0,0,0,0,2,2,0],1,0].
[[3,7,0,0,0,0,1,1,0],1,1].
[[2,7,2,1,1,2,1,1,1],1,0].
[[1,6,1,1,2,2,2,2,1],1,0].
[[3,9,2,1,1,0,2,1,1],0,4].
[[2,6,0,0,0,0,2,3,1],1,2].
[[2,6,0,0,0,0,2,2,0],1,2].
[[3,6,0,0,0,0,2,2,0],0,1].
[[2,3,2,0,0,0,2,2,1],1,0].
[[2,9,1,1,1,2,0,0,0],0,1].
[[3,3,2,1,2,0,2,2,1],3,0].
[[3,7,0,0,0,0,2,1,1],0,1].
[[1,7,2,1,2,2,1,1,1],2,0].
[[3,6,1,0,0,0,2,2,0],2,0].
[[2,1,1,1,2,0,1,2,0],1,0].
[[3,1,1,1,2,0,1,2,0],2,0].
[[3,7,0,1,2,0,1,2,1],0,1].
[[3,3,1,0,0,0,2,1,1],2,0].
[[2,6,1,1,2,0,1,1,0],0,1].
[[3,6,1,1,1,0,1,1,0],0,1].
[[2,9,1,1,2,0,2,2,0],0,3].
[[2,7,1,0,0,0,2,3,0],4,0].
[[3,7,1,0,0,0,2,3,0],3,0].
[[3,8,1,1,1,2,2,1,0],1,1].
[[3,8,1,0,0,0,2,1,0],2,0].
[[1,7,1,0,0,0,2,3,0],2,0].
[[2,9,1,1,1,2,2,3,0],0,1].
[[2,9,1,1,1,0,1,2,1],1,0].
[[1,4,2,1,2,0,1,1,1],2,0].
[[1,6,1,1,2,2,2,1,1],1,0].
[[2,3,2,1,2,2,2,1,1],1,0].
[[1,3,2,0,0,0,2,2,1],1,0].
[[3,3,2,1,1,2,2,2,1],1,0].
[[3,6,1,1,1,0,1,1,1],0,1].
[[3,3,0,0,0,0,2,3,1],0,1].
[[3,6,0,1,2,2,1,2,1],1,0].
[[3,6,0,1,2,2,1,2,0],1,0].
[[3,8,0,1,1,0,1,1,0],0,4].
[[3,7,0,1,2,0,1,1,1],0,2].
[[2,9,2,1,1,0,2,2,1],1,3].
[[3,8,1,1,2,2,0,0,0],0,2].
[[2,7,0,0,0,0,2,1,1],1,0].
[[3,3,2,0,0,0,1,1,1],1,0].
[[2,5,0,1,2,0,1,1,1],2,0].
[[2,5,0,1,1,0,1,1,0],0,1].
[[3,6,0,1,2,2,2,1,0],2,0].
[[2,7,0,1,1,2,2,1,1],1,0].
[[2,7,2,1,2,0,1,1,1],2,0].
[[3,3,2,1,2,0,1,1,1],1,0].
[[3,7,0,1,2,2,1,1,0],1,0].
[[3,4,0,1,2,0,1,2,0],0,1].
[[3,3,1,1,1,2,2,3,0],1,0].
[[1,6,0,1,2,2,2,3,1],1,0].
[[2,3,1,1,2,2,2,3,1],1,0].
[[2,6,1,1,1,2,1,2,1],1,0].
[[3,3,2,1,2,0,2,3,0],1,0].
[[3,6,1,0,0,0,2,3,0],1,0].
[[2,3,2,1,2,0,2,1,1],1,0].
[[3,3,2,1,1,0,1,2,1],1,0].
[[1,6,1,1,2,2,1,2,1],1,0].
[[2,3,1,1,2,2,1,2,1],1,0].
[[3,7,1,1,1,2,1,1,0],1,0].
[[3,3,2,1,1,2,2,3,1],1,0].
[[3,9,1,1,1,0,2,2,1],0,1].
[[2,7,0,0,0,0,2,3,0],1,0].
[[2,9,2,1,1,0,1,1,0],0,1].
[[3,2,1,1,2,0,2,3,0],1,0].
[[3,6,0,0,0,0,1,2,1],0,2].
[[3,2,1,0,0,0,0,0,0],1,0].
[[3,6,1,1,2,0,1,1,1],3,0].
[[2,9,1,0,0,0,2,2,0],3,1].
[[2,9,1,1,1,0,2,3,0],0,1].
[[3,4,0,1,2,0,2,3,0],0,1].
[[2,6,1,1,2,2,2,1,0],1,0].
[[2,7,0,0,0,0,2,1,0],1,0].
[[3,7,0,0,0,0,2,1,0],1,1].
[[3,2,1,1,2,0,0,0,0],1,0].
[[2,5,0,1,1,0,1,2,0],1,0].
[[3,7,2,1,1,2,1,1,0],0,1].
[[2,6,1,1,1,2,2,2,1],1,0].
[[3,3,2,1,1,0,2,3,1],1,0].
[[2,7,2,1,1,0,2,1,1],1,0].
[[2,9,1,1,1,0,1,2,0],0,1].
[[2,9,2,1,1,0,2,2,0],0,1].
[[1,8,1,1,1,2,1,1,1],1,0].
[[2,7,1,1,2,0,2,1,0],1,0].
[[3,8,1,0,0,0,0,0,0],0,1].
[[1,8,1,0,0,0,0,0,0],902,639].
[[2,7,1,1,2,1,0,0,0],125,77].
[[3,7,1,1,1,1,2,3,1],73,46].
[[1,9,2,0,0,0,1,2,2],421,669].
[[2,9,2,1,2,0,1,2,2],34,132].
[[3,9,2,1,1,0,1,2,2],1,21].
[[1,7,2,0,0,0,2,3,1],45,7].
[[2,7,2,1,2,0,1,2,1],9,1].
[[3,7,2,1,1,0,1,2,1],6,2].
[[1,8,1,1,2,1,2,2,1],166,68].
[[2,8,1,1,2,1,2,2,1],214,150].
[[3,8,1,1,2,1,1,2,1],504,317].
[[1,9,2,1,2,1,1,2,0],77,114].
[[2,9,2,1,1,1,1,2,0],24,50].
[[3,4,1,1,2,0,1,2,0],49,14].
[[2,9,2,1,2,1,1,2,2],157,436].
[[3,8,1,1,1,1,1,2,2],100,84].
[[1,9,2,0,0,0,2,3,1],473,1108].
[[2,8,1,1,2,1,2,3,1],469,286].
[[3,8,1,1,2,1,1,1,2],72,29].
[[1,9,2,1,2,1,2,3,0],249,421].
[[2,9,2,1,2,1,2,3,0],130,488].
[[3,8,0,1,2,1,2,3,0],68,440].
[[1,8,1,0,0,0,2,3,1],891,386].
[[2,8,1,1,2,1,1,2,1],316,144].
[[3,7,2,1,2,1,1,1,2],15,9].
[[1,8,1,0,0,0,2,2,2],550,247].
[[2,8,1,0,0,0,2,3,1],535,270].
[[3,7,1,1,2,1,2,3,1],286,141].
[[2,9,2,1,1,1,2,3,0],44,87].
[[3,8,0,1,1,1,2,3,0],26,168].
[[3,8,1,1,2,1,2,2,1],118,105].
[[1,8,0,0,0,0,2,3,1],93,202].
[[2,8,0,0,0,0,2,3,1],84,282].
[[3,8,0,0,0,0,2,2,0],24,168].
[[1,9,2,0,0,0,1,1,1],65,91].
[[2,9,2,1,2,0,1,1,1],12,27].
[[3,9,2,1,1,0,1,1,1],1,11].
[[1,9,2,0,0,0,0,0,0],356,1379].
[[2,9,2,0,0,0,0,0,0],10,147].
[[3,8,0,0,0,0,0,0,0],1,52].
[[1,8,0,0,0,0,1,2,2],44,83].
[[2,8,0,0,0,0,1,2,2],76,191].
[[3,8,0,0,0,0,1,2,2],10,176].
[[1,9,2,1,2,1,0,0,0],204,553].
[[2,9,2,1,1,1,2,3,1],27,85].
[[3,9,2,1,1,1,2,3,1],4,40].
[[1,7,1,0,0,0,0,0,0],214,104].
[[3,7,1,1,1,1,0,0,0],19,20].
[[2,8,1,0,0,0,2,3,0],145,81].
[[3,8,1,1,2,1,2,3,0],110,110].
[[3,9,2,0,0,0,2,1,0],4,42].
[[1,9,2,1,2,1,1,2,2],173,285].
[[2,8,0,1,1,1,1,2,2],18,31].
[[3,7,0,1,1,1,1,2,2],4,12].
[[1,8,1,0,0,0,2,3,2],560,266].
[[2,8,1,1,2,0,2,3,2],52,40].
[[3,8,1,1,2,0,1,2,2],106,77].
[[1,9,2,1,2,0,2,3,0],23,47].
[[2,8,0,1,2,0,2,3,0],13,44].
[[3,7,0,1,2,0,2,3,0],0,15].
[[2,8,1,1,2,1,2,3,0],109,61].
[[1,9,2,0,0,0,2,2,1],241,586].
[[2,9,2,0,0,0,1,1,1],42,98].
[[3,9,2,1,2,1,1,1,1],17,116].
[[1,7,2,0,0,0,0,0,0],178,34].
[[2,7,2,0,0,0,0,0,0],87,17].
[[3,7,2,0,0,0,2,3,2],32,5].
[[3,7,2,0,0,0,2,2,1],27,3].
[[2,8,1,1,2,0,2,3,1],108,99].
[[3,8,1,1,2,0,2,3,1],70,67].
[[2,9,2,1,2,1,2,3,1],112,376].
[[3,9,2,1,1,1,2,2,1],0,8].
[[1,8,1,0,0,0,2,2,1],432,214].
[[2,8,1,0,0,0,2,2,1],266,165].
[[3,7,1,1,2,0,2,2,1],57,41].
[[2,8,1,1,1,1,2,3,0],29,18].
[[3,4,1,1,2,0,2,3,0],54,8].
[[2,9,2,0,0,0,2,3,0],160,501].
[[3,8,1,0,0,0,1,2,1],232,134].
[[1,9,2,0,0,0,2,2,2],218,655].
[[2,9,2,0,0,0,1,2,2],151,428].
[[3,9,1,1,2,1,1,2,2],8,56].
[[1,8,1,0,0,0,2,3,0],184,61].
[[2,8,1,0,0,0,2,2,0],144,81].
[[3,8,1,0,0,0,2,2,0],52,42].
[[1,9,2,0,0,0,1,2,0],145,274].
[[2,9,2,1,2,1,1,2,0],104,246].
[[3,8,0,1,2,1,1,2,0],65,245].
[[1,9,2,1,2,1,2,2,2],105,270].
[[2,9,2,1,2,1,1,1,2],27,70].
[[3,8,0,1,1,1,1,1,2],4,24].
[[1,9,2,0,0,0,1,2,1],226,335].
[[2,8,1,0,0,0,1,2,1],343,156].
[[1,9,2,0,0,0,2,3,0],522,1021].
[[3,9,1,0,0,0,1,2,0],24,64].
[[2,8,1,0,0,0,1,1,1],108,94].
[[3,6,1,0,0,0,1,1,1],11,1].
[[3,8,1,0,0,0,2,3,1],116,106].
[[1,9,2,1,2,0,2,2,2],11,32].
[[2,9,2,1,2,0,2,2,2],5,25].
[[3,9,2,1,2,0,2,3,1],2,27].
[[3,8,1,1,2,0,1,2,1],198,105].
[[2,8,0,0,0,0,2,2,1],58,150].
[[3,6,0,0,0,0,2,2,1],3,7].
[[3,9,1,1,2,1,1,2,1],29,187].
[[2,8,0,1,2,1,2,2,2],33,189].
[[3,8,0,1,2,1,2,2,2],19,132].
[[3,9,1,1,1,1,2,3,0],2,25].
[[3,8,1,0,0,0,2,2,1],56,47].
[[2,8,1,1,2,1,0,0,0],99,95].
[[3,8,1,1,2,1,2,1,1],47,41].
[[2,8,1,1,2,1,2,2,2],175,84].
[[3,8,1,1,2,1,1,2,2],321,175].
[[2,9,2,0,0,0,1,2,1],133,362].
[[3,9,2,1,2,1,1,2,1],62,351].
[[1,8,0,0,0,0,2,2,1],60,119].
[[3,9,2,1,2,1,2,3,0],16,227].
[[3,8,1,1,1,1,2,3,0],33,36].
[[2,8,1,1,2,1,1,1,1],81,68].
[[1,8,0,1,2,1,2,3,1],41,64].
[[2,8,0,1,2,1,2,3,1],96,279].
[[3,8,0,1,1,1,2,3,1],17,111].
[[1,9,2,0,0,0,2,3,2],280,720].
[[3,9,2,1,2,1,1,2,2],33,339].
[[1,9,2,1,2,0,2,3,2],14,40].
[[2,8,1,1,1,0,2,3,2],4,4].
[[3,8,1,1,1,0,1,2,2],6,29].
[[2,7,1,0,0,0,2,3,1],175,75].
[[3,7,0,1,2,1,2,3,1],13,63].
[[1,8,0,0,0,0,1,1,0],4,3].
[[2,8,0,0,0,0,1,1,0],11,34].
[[3,7,0,1,2,0,1,1,0],0,1].
[[3,7,1,1,1,1,1,2,1],56,21].
[[2,8,0,1,2,1,0,0,0],48,384].
[[1,8,0,1,2,1,2,3,0],41,54].
[[2,8,0,1,2,1,2,3,0],94,244].
[[3,7,1,1,1,1,2,3,0],22,15].
[[1,9,2,1,1,1,2,2,0],22,34].
[[2,8,0,1,1,1,2,2,0],16,33].
[[3,8,0,1,1,1,2,2,0],21,141].
[[1,8,0,0,0,0,0,0,0],370,1069].
[[1,9,2,0,0,0,2,2,0],446,886].
[[2,9,1,0,0,0,1,1,0],2,26].
[[3,9,1,1,2,1,1,1,0],18,78].
[[3,9,1,1,1,1,1,2,0],16,58].
[[2,8,0,0,0,0,2,3,2],61,194].
[[3,8,0,1,2,1,1,2,2],60,444].
[[2,8,1,1,2,0,2,2,1],62,64].
[[3,7,2,1,1,0,2,2,1],4,4].
[[1,9,2,1,2,1,2,3,1],211,512].
[[2,9,2,1,2,1,1,2,1],139,363].
[[1,8,1,1,2,1,0,0,0],309,222].
[[3,8,1,1,1,1,1,2,1],181,122].
[[2,7,1,0,0,0,0,0,0],177,109].
[[3,7,1,0,0,0,2,3,1],149,68].
[[1,9,2,1,2,0,0,0,0],20,61].
[[2,8,0,1,2,0,0,0,0],14,44].
[[3,8,0,1,2,0,0,0,0],0,33].
[[1,8,0,0,0,0,2,2,2],89,252].
[[2,7,1,0,0,0,2,2,2],110,40].
[[3,7,1,0,0,0,2,2,2],73,23].
[[3,8,1,1,1,1,2,2,2],31,19].
[[2,9,2,0,0,0,2,2,0],109,427].
[[3,5,0,0,0,0,1,2,0],84,0].
[[1,5,0,0,0,0,2,2,0],39,3].
[[2,5,0,0,0,0,2,2,0],42,3].
[[1,8,1,1,2,1,2,3,2],185,80].
[[2,8,1,0,0,0,2,2,2],214,102].
[[3,7,1,1,2,1,2,2,2],133,43].
[[3,5,0,1,2,1,1,1,1],252,25].
[[3,7,1,1,2,1,2,2,1],132,89].
[[2,8,1,1,1,1,2,1,1],18,10].
[[3,6,1,1,2,0,2,2,2],8,0].
[[2,8,0,0,0,0,2,2,2],40,186].
[[3,8,0,0,0,0,2,2,2],15,47].
[[2,9,2,1,1,1,0,0,0],9,14].
[[1,6,1,0,0,0,2,3,2],47,4].
[[2,6,1,1,2,0,1,2,2],3,3].
[[3,3,1,1,2,0,1,2,2],2,0].
[[2,8,1,0,0,0,2,1,0],73,44].
[[3,8,1,0,0,0,1,1,0],26,19].
[[2,9,2,1,2,1,2,2,0],123,406].
[[3,9,2,1,2,1,1,2,0],48,254].
[[1,9,2,0,0,0,2,1,0],184,498].
[[2,9,2,0,0,0,2,1,0],51,200].
[[3,9,2,1,2,0,2,1,0],2,34].
[[1,9,2,1,2,1,1,1,0],18,58].
[[2,9,2,1,2,1,1,1,0],32,113].
[[3,9,2,1,2,1,1,1,0],15,148].
[[1,5,0,1,2,0,2,2,0],1,0].
[[2,5,0,1,2,0,2,2,0],12,0].
[[3,5,0,1,2,0,2,2,0],20,1].
[[2,9,2,0,0,0,2,3,1],89,378].
[[3,8,0,1,2,1,2,3,1],71,326].
[[2,7,2,0,0,0,2,2,1],55,4].
[[3,9,2,0,0,0,2,2,0],12,82].
[[3,7,1,1,2,0,1,2,1],72,28].
[[2,9,2,1,2,0,1,2,0],21,66].
[[3,9,2,1,1,0,1,2,0],1,26].
[[3,9,1,1,2,1,1,2,0],59,172].
[[3,8,0,0,0,0,2,1,0],12,110].
[[2,8,0,0,0,0,2,3,0],132,319].
[[3,8,0,0,0,0,2,3,0],17,176].
[[3,9,2,1,2,0,1,2,1],21,93].
[[1,8,0,0,0,0,1,2,0],12,22].
[[2,8,0,0,0,0,1,2,0],37,68].
[[3,8,0,0,0,0,1,2,0],25,138].
[[2,8,1,0,0,0,0,0,0],104,107].
[[3,8,1,1,2,1,2,3,2],68,32].
[[1,8,1,0,0,0,2,1,0],112,33].
[[3,7,1,1,2,0,2,1,0],13,6].
[[3,5,0,1,2,1,1,1,2],140,3].
[[2,8,1,1,2,1,1,2,2],248,120].
[[3,7,2,1,2,1,1,2,2],129,23].
[[1,8,1,1,2,1,2,3,0],56,21].
[[2,6,1,1,2,1,2,3,0],13,0].
[[3,3,1,1,2,1,2,3,0],9,0].
[[1,8,1,0,0,0,1,2,2],210,90].
[[2,8,1,0,0,0,1,2,2],292,140].
[[3,7,1,1,2,1,1,2,2],176,84].
[[3,8,1,1,1,1,2,2,1],40,51].
[[3,8,1,0,0,0,2,2,2],32,17].
[[1,8,1,1,2,1,1,1,1],27,20].
[[2,8,1,1,2,1,1,1,0],12,10].
[[3,7,1,1,2,1,1,1,0],15,6].
[[1,9,2,1,2,1,2,2,0],174,337].
[[3,9,2,1,1,1,2,2,0],4,78].
[[3,7,2,1,2,0,1,2,2],58,12].
[[3,8,0,0,0,0,2,3,1],29,119].
[[3,7,2,1,2,0,2,2,1],25,1].
[[1,7,2,0,0,0,2,3,2],85,16].
[[2,7,2,0,0,0,2,3,2],101,16].
[[2,8,1,1,2,1,1,1,2],54,17].
[[3,6,1,1,2,1,1,1,2],10,2].
[[2,9,2,0,0,0,1,2,0],101,229].
[[2,7,2,1,1,1,0,0,0],7,2].
[[3,4,1,1,2,0,2,3,2],15,3].
[[1,8,1,1,2,1,2,2,2],162,66].
[[2,8,1,1,1,1,1,2,2],47,29].
[[3,9,2,0,0,0,1,2,1],30,154].
[[1,5,0,1,2,1,2,2,0],14,1].
[[2,5,0,1,1,1,2,2,0],9,1].
[[3,4,1,1,2,0,2,2,0],47,10].
[[1,8,0,0,0,0,2,2,0],82,140].
[[2,8,0,0,0,0,2,2,0],91,268].
[[3,5,0,0,0,0,1,1,0],24,8].
[[3,8,1,1,2,1,2,2,0],94,126].
[[2,7,1,1,2,0,2,1,0],2,1].
[[3,7,1,1,1,0,1,2,0],0,2].
[[3,8,1,1,2,1,2,2,2],83,43].
[[1,8,1,0,0,0,1,2,1],248,109].
[[3,7,1,1,2,1,1,2,1],234,69].
[[2,7,2,0,0,0,1,2,1],39,8].
[[3,7,2,0,0,0,1,2,1],50,8].
[[2,5,0,0,0,0,1,1,1],105,6].
[[3,8,1,1,2,0,1,1,1],49,62].
[[2,9,1,0,0,0,2,2,0],28,32].
[[2,9,1,1,2,0,2,1,0],7,10].
[[3,9,1,1,2,0,2,1,0],6,23].
[[2,8,0,0,0,0,0,0,0],65,402].
[[3,8,0,1,2,0,2,1,0],4,52].
[[2,9,1,1,2,1,1,2,1],32,73].
[[3,8,0,1,2,1,1,2,1],82,350].
[[1,9,2,1,1,1,2,3,0],50,34].
[[2,8,0,1,1,1,2,3,0],22,45].
[[1,8,0,1,2,1,0,0,0],142,323].
[[2,8,0,1,1,1,2,3,1],15,42].
[[3,6,0,1,1,1,2,3,1],0,5].
[[3,9,1,1,2,1,2,3,0],7,57].
[[1,8,1,0,0,0,1,1,1],64,68].
[[2,7,2,0,0,0,1,1,1],11,6].
[[3,7,2,0,0,0,1,1,1],16,8].
[[3,8,1,1,2,0,2,2,0],35,34].
[[3,9,1,1,1,1,1,2,1],13,68].
[[2,8,0,1,2,0,2,2,1],9,27].
[[3,8,0,1,2,0,1,2,1],16,108].
[[1,8,1,0,0,0,2,2,0],152,64].
[[2,7,1,0,0,0,2,2,0],20,7].
[[3,7,1,1,2,1,2,2,0],85,34].
[[1,8,1,1,2,1,2,3,1],274,125].
[[3,8,1,1,2,1,2,3,1],255,217].
[[3,9,2,0,0,0,1,2,2],10,130].
[[2,9,2,1,1,1,2,2,0],41,79].
[[3,7,1,0,0,0,1,2,2],94,34].
[[3,7,1,1,2,0,2,3,1],81,59].
[[3,9,2,1,2,0,1,2,2],9,117].
[[1,5,0,0,0,0,1,1,2],41,2].
[[2,5,0,0,0,0,1,1,2],68,2].
[[3,5,0,0,0,0,1,1,2],52,2].
[[2,9,2,1,2,0,1,2,1],32,96].
[[3,5,0,1,2,0,1,1,1],83,9].
[[3,9,1,0,0,0,2,2,0],11,38].
[[2,8,0,1,2,0,2,2,2],4,24].
[[3,8,0,1,1,0,2,2,2],0,5].
[[2,7,1,0,0,0,2,3,2],100,26].
[[3,7,1,0,0,0,2,3,2],69,33].
[[3,8,1,1,1,1,2,3,1],111,82].
[[1,6,1,1,2,1,2,3,0],4,0].
[[2,6,1,1,1,1,2,3,0],2,0].
[[3,6,1,1,1,1,1,2,0],4,0].
[[1,6,1,1,2,1,0,0,0],40,4].
[[2,6,1,1,2,1,2,1,1],8,0].
[[3,5,0,1,2,1,1,2,1],136,5].
[[3,8,1,0,0,0,1,2,2],148,79].
[[3,5,0,1,2,1,1,2,0],153,4].
[[3,9,2,1,2,1,2,2,0],18,203].
[[2,8,0,1,2,1,2,1,0],37,113].
[[3,8,0,1,1,1,2,1,0],10,88].
[[1,5,0,0,0,0,1,1,1],35,5].
[[1,8,1,1,2,0,2,1,1],9,10].
[[2,8,1,1,2,0,2,1,1],29,24].
[[2,8,1,1,2,1,2,3,2],191,92].
[[3,7,2,1,2,1,2,3,2],67,13].
[[2,5,0,1,2,1,1,1,1],90,11].
[[2,8,1,0,0,0,1,1,2],61,30].
[[3,7,2,0,0,0,1,1,2],9,7].
[[2,8,1,0,0,0,2,3,2],233,120].
[[3,8,1,1,2,1,1,1,1],147,149].
[[2,9,2,1,2,1,2,2,2],31,128].
[[3,9,1,1,2,1,2,2,0],10,96].
[[2,8,0,0,0,0,1,1,2],23,48].
[[3,8,0,0,0,0,1,1,2],5,34].
[[3,8,0,1,2,1,2,2,0],70,431].
[[2,7,0,0,0,0,0,0,0],17,49].
[[3,7,0,1,2,1,2,2,0],12,45].
[[3,9,2,1,1,1,1,2,1],23,130].
[[2,8,0,1,2,1,2,2,0],89,216].
[[2,9,2,0,0,0,2,3,2],27,98].
[[3,7,1,1,2,1,1,1,1],77,36].
[[3,8,0,1,2,1,2,1,0],27,212].
[[2,9,2,1,2,0,2,3,2],4,27].
[[1,9,2,1,2,1,2,1,0],96,193].
[[3,7,1,1,1,1,2,1,0],9,9].
[[3,8,1,0,0,0,2,3,0],43,43].
[[2,8,1,1,2,0,1,1,1],18,33].
[[3,9,2,0,0,0,1,2,0],8,101].
[[1,8,0,1,2,1,2,3,2],37,86].
[[2,8,0,1,2,1,2,2,1],46,173].
[[2,7,1,1,1,1,0,0,0],19,9].
[[3,7,1,1,1,1,2,2,0],20,8].
[[2,9,1,0,0,0,1,2,1],24,73].
[[3,8,0,0,0,0,1,2,1],36,164].
[[1,6,1,0,0,0,0,0,0],205,16].
[[2,6,1,0,0,0,2,2,0],18,0].
[[3,2,1,0,0,0,2,2,0],1,0].
[[3,9,2,1,2,1,2,3,1],11,83].
[[2,3,1,0,0,0,0,0,0],33,5].
[[3,3,1,1,2,1,0,0,0],51,4].
[[3,9,2,1,1,1,1,2,2],8,134].
[[2,7,1,1,2,1,2,3,1],128,42].
[[1,9,2,1,1,1,2,2,2],14,28].
[[2,9,2,1,1,1,1,2,2],51,109].
[[1,8,0,1,2,1,2,2,0],35,46].
[[2,8,0,1,2,1,1,2,0],42,59].
[[3,5,0,1,1,1,1,2,0],73,6].
[[2,9,1,1,2,1,1,2,0],14,48].
[[2,8,0,1,1,1,2,2,2],10,23].
[[3,8,0,1,1,1,1,2,2],14,145].
[[3,8,0,1,1,1,1,1,0],10,48].
[[3,8,0,1,2,0,1,2,2],13,126].
[[1,8,0,0,0,0,2,3,2],106,241].
[[2,8,0,1,2,1,1,2,2],72,209].
[[2,3,2,1,2,0,2,3,2],2,0].
[[3,3,2,1,2,0,2,3,2],4,0].
[[2,9,2,0,0,0,2,2,1],49,199].
[[2,8,0,1,2,1,1,1,0],12,35].
[[2,7,2,1,2,1,2,3,1],65,11].
[[3,7,2,1,1,1,1,2,1],28,3].
[[2,6,1,1,2,1,2,3,1],44,3].
[[3,6,1,1,1,1,2,3,1],21,3].
[[3,7,2,1,2,1,2,3,1],106,15].
[[1,8,1,1,2,0,2,3,0],11,6].
[[1,8,1,1,1,1,2,3,1],31,10].
[[2,8,1,1,1,1,1,2,1],52,24].
[[3,5,0,1,1,1,1,2,1],64,5].
[[2,8,1,1,2,0,1,2,2],62,43].
[[2,9,2,1,2,0,2,3,0],38,106].
[[3,5,0,1,2,0,1,2,0],51,4].
[[3,7,1,0,0,0,2,3,0],34,12].
[[3,5,0,1,2,1,2,2,0],72,2].
[[1,6,1,1,2,1,2,1,0],3,0].
[[2,6,1,1,1,1,2,1,0],2,0].
[[3,6,1,1,1,1,2,1,0],7,1].
[[1,9,2,0,0,0,2,1,1],85,192].
[[3,7,1,1,1,1,2,2,2],33,16].
[[2,9,2,1,2,0,2,2,0],21,107].
[[3,9,2,1,2,0,2,2,0],4,67].
[[3,7,1,0,0,0,0,0,0],34,29].
[[3,8,0,0,0,0,2,2,1],15,60].
[[2,8,0,0,0,0,2,1,0],41,141].
[[3,8,0,0,0,0,1,1,0],13,56].
[[3,7,2,1,1,0,2,3,1],1,5].
[[1,8,0,0,0,0,2,1,1],25,37].
[[2,7,1,0,0,0,2,1,1],41,22].
[[3,7,1,1,2,1,2,1,1],61,40].
[[3,8,1,0,0,0,1,2,0],68,26].
[[2,9,1,0,0,0,2,3,0],22,22].
[[1,7,1,0,0,0,2,1,1],13,5].
[[2,3,1,0,0,0,2,1,1],2,0].
[[3,3,1,1,2,1,2,1,1],10,2].
[[1,6,0,0,0,0,0,0,0],16,27].
[[3,3,1,0,0,0,0,0,0],26,7].
[[3,5,0,1,2,1,1,1,0],81,12].
[[1,8,0,1,2,1,2,2,2],44,89].
[[2,7,1,1,2,1,2,2,2],67,34].
[[3,6,1,1,2,1,2,3,1],86,3].
[[2,5,0,1,2,0,1,1,1],18,4].
[[2,7,1,0,0,0,1,2,2],57,21].
[[3,3,1,1,2,1,1,2,2],12,2].
[[1,9,2,0,0,0,1,1,2],117,120].
[[1,9,2,1,2,0,2,1,0],5,20].
[[2,8,1,1,2,0,2,1,0],16,14].
[[3,8,1,1,2,0,2,1,0],22,22].
[[2,8,1,0,0,0,2,1,1],115,66].
[[3,6,1,0,0,0,2,1,1],16,0].
[[2,8,1,1,1,1,2,1,0],15,9].
[[2,9,2,0,0,0,1,1,0],35,145].
[[3,8,0,1,2,1,1,1,0],17,139].
[[2,8,0,1,2,0,1,1,2],1,5].
[[3,8,0,1,2,0,1,1,2],0,12].
[[2,5,0,1,2,1,2,3,0],20,0].
[[3,5,0,1,2,1,2,3,0],36,0].
[[2,9,1,1,2,1,1,1,0],3,37].
[[3,8,0,1,2,0,2,2,0],14,114].
[[1,9,2,1,2,1,2,3,2],127,262].
[[3,9,1,1,1,1,1,1,1],5,9].
[[2,7,2,1,2,1,0,0,0],72,13].
[[3,7,2,1,1,1,2,2,2],12,4].
[[2,6,1,0,0,0,2,2,1],51,3].
[[3,6,1,1,2,1,1,2,1],65,2].
[[2,9,1,1,2,1,2,2,0],18,53].
[[3,7,2,1,2,0,2,3,0],7,2].
[[2,9,2,1,2,1,1,1,1],47,104].
[[3,5,0,1,2,1,1,2,2],40,1].
[[2,3,2,0,0,0,0,0,0],23,0].
[[3,3,2,0,0,0,0,0,0],15,0].
[[2,6,1,0,0,0,0,0,0],92,13].
[[3,6,1,1,2,1,2,2,0],22,2].
[[2,5,0,1,2,0,1,1,2],10,2].
[[2,9,1,1,2,1,2,1,0],18,37].
[[3,9,1,1,2,1,2,1,0],9,67].
[[2,9,2,1,2,1,2,1,0],50,243].
[[1,9,2,1,2,1,1,1,2],49,50].
[[1,7,2,1,2,1,0,0,0],42,6].
[[3,7,0,1,2,1,2,2,1],5,32].
[[1,9,2,1,2,1,1,1,1],28,45].
[[2,8,1,1,1,1,1,1,1],31,11].
[[3,1,1,1,2,0,1,1,1],2,0].
[[1,8,1,0,0,0,2,1,1],200,109].
[[2,8,1,1,1,1,2,2,1],35,27].
[[3,7,1,1,1,1,2,2,1],42,23].
[[3,5,0,1,1,0,1,1,1],13,7].
[[3,7,1,1,2,1,2,3,0],70,47].
[[3,7,0,1,2,1,1,2,2],5,36].
[[3,8,0,1,2,0,2,3,0],26,117].
[[3,6,1,1,1,1,2,2,2],7,1].
[[2,3,2,0,0,0,2,3,2],11,1].
[[3,3,2,0,0,0,2,3,2],12,0].
[[3,8,0,1,2,1,1,1,1],27,113].
[[2,9,2,1,2,1,2,3,2],14,85].
[[3,8,0,1,2,1,2,3,2],10,65].
[[3,7,1,1,2,0,0,0,0],23,25].
[[3,5,0,1,1,1,1,2,2],10,1].
[[2,9,2,0,0,0,2,1,1],26,60].
[[3,5,0,1,2,0,1,2,1],41,2].
[[2,8,0,1,2,1,1,2,1],41,94].
[[1,9,2,1,2,0,1,2,1],10,15].
[[2,8,1,1,2,0,2,2,2],46,31].
[[3,8,1,1,2,1,1,1,0],66,47].
[[2,5,0,1,2,1,1,2,0],56,6].
[[3,7,2,0,0,0,1,1,0],2,2].
[[1,7,1,1,2,1,0,0,0],45,17].
[[2,3,1,1,2,1,0,0,0],11,1].
[[3,3,1,1,2,1,2,2,2],18,4].
[[3,7,2,1,1,0,2,3,2],4,6].
[[2,5,0,1,2,1,1,2,1],45,3].
[[1,9,2,1,2,1,2,2,1],124,227].
[[3,7,2,1,1,1,2,3,1],33,3].
[[2,9,1,1,2,1,1,1,2],5,13].
[[3,9,1,1,2,1,1,1,2],4,37].
[[2,8,1,1,1,1,2,3,2],43,20].
[[3,7,1,1,1,1,2,3,2],36,14].
[[2,8,0,1,2,1,2,3,2],51,155].
[[3,8,0,1,1,1,1,2,1],25,118].
[[1,8,1,1,2,0,2,2,2],26,28].
[[3,7,1,1,2,0,2,2,2],34,19].
[[1,9,2,1,2,0,2,3,1],13,47].
[[2,9,2,1,2,0,2,3,1],17,80].
[[3,9,2,1,1,0,2,2,0],0,12].
[[3,7,1,1,2,1,2,1,0],56,22].
[[3,8,0,1,2,1,0,0,0],1,142].
[[2,8,1,1,2,0,2,2,0],24,23].
[[3,8,1,1,1,0,1,1,0],4,13].
[[2,5,0,0,0,0,1,2,1],45,1].
[[3,5,0,0,0,0,1,2,1],57,2].
[[2,7,0,0,0,0,2,2,2],1,12].
[[3,5,0,1,1,1,1,1,1],98,8].
[[2,7,1,1,2,1,2,2,1],59,27].
[[2,8,1,1,2,1,2,2,0],106,67].
[[3,8,1,1,1,1,2,2,0],39,42].
[[3,8,1,1,1,1,2,3,2],16,10].
[[3,8,0,0,0,0,1,1,1],18,52].
[[2,8,0,0,0,0,1,2,1],45,84].
[[1,9,2,1,1,1,0,0,0],42,41].
[[2,9,2,1,1,1,2,1,0],25,39].
[[3,4,1,1,2,0,2,1,0],35,2].
[[1,8,0,1,2,1,2,1,0],8,26].
[[3,8,1,1,1,0,2,2,2],7,6].
[[3,7,1,1,2,1,2,3,2],135,47].
[[1,6,1,0,0,0,2,2,1],18,1].
[[2,3,1,0,0,0,2,2,1],4,0].
[[3,3,1,0,0,0,2,2,1],7,2].
[[2,8,0,1,2,0,1,2,0],8,11].
[[3,8,0,1,2,0,1,2,0],18,66].
[[2,6,1,1,1,1,2,3,1],5,0].
[[3,6,1,1,1,1,1,2,1],14,1].
[[3,6,1,1,2,1,2,3,0],14,3].
[[2,7,1,1,2,1,2,3,2],65,31].
[[2,6,1,0,0,0,2,2,2],50,6].
[[3,6,1,1,2,1,2,2,2],31,4].
[[1,8,1,0,0,0,1,1,0],5,6].
[[2,8,1,1,2,0,1,1,0],9,5].
[[3,7,1,0,0,0,2,1,1],29,18].
[[2,6,1,0,0,0,1,2,2],17,0].
[[3,6,1,0,0,0,1,2,2],22,3].
[[1,8,1,1,2,1,1,2,2],63,27].
[[3,9,2,1,2,0,1,2,0],9,78].
[[1,8,1,1,2,1,2,1,0],36,10].
[[2,7,2,1,2,1,2,1,0],8,1].
[[3,7,2,1,2,1,2,1,0],12,0].
[[1,7,1,0,0,0,2,3,0],6,2].
[[2,7,1,0,0,0,2,3,0],32,10].
[[3,7,1,1,2,0,2,3,0],28,12].
[[2,9,1,1,2,0,1,2,0],6,13].
[[3,9,1,1,2,0,1,2,0],12,50].
[[1,9,2,1,1,1,1,1,0],8,8].
[[2,8,0,1,1,1,1,1,0],7,9].
[[3,7,1,1,1,1,1,1,0],5,1].
[[1,7,1,1,2,1,2,1,0],1,1].
[[2,7,1,1,2,1,2,1,0],14,3].
[[3,9,2,1,1,1,1,2,0],15,102].
[[3,9,2,0,0,0,2,2,1],2,17].
[[2,6,1,0,0,0,2,3,2],52,3].
[[3,6,1,1,2,1,2,3,2],46,1].
[[1,7,2,0,0,0,1,2,2],37,7].
[[2,7,2,0,0,0,1,2,2],76,13].
[[1,8,1,1,1,1,2,2,1],16,2].
[[3,4,1,1,2,0,2,2,1],21,3].
[[1,9,2,1,2,1,1,2,1],98,152].
[[2,8,0,1,2,0,2,3,1],6,49].
[[3,8,0,1,2,0,2,3,1],13,63].
[[3,9,1,1,2,1,1,1,1],5,33].
[[3,8,0,1,2,0,1,1,1],5,28].
[[2,9,2,0,0,0,2,2,2],29,149].
[[3,7,1,1,2,1,1,1,2],39,10].
[[3,9,1,1,2,0,1,2,1],10,58].
[[2,8,1,1,2,1,2,1,0],86,35].
[[3,8,1,0,0,0,1,1,1],68,67].
[[3,7,1,1,1,1,1,2,2],45,23].
[[3,9,2,0,0,0,2,3,0],2,85].
[[3,8,1,1,1,1,1,1,2],20,16].
[[1,9,2,1,1,1,2,3,2],23,29].
[[2,8,0,1,1,1,2,3,2],10,20].
[[3,4,1,1,2,0,1,2,2],74,14].
[[2,6,1,0,0,0,2,3,1],90,2].
[[3,8,0,1,2,1,2,2,1],23,154].
[[3,6,0,0,0,0,2,2,2],1,10].
[[2,9,2,1,2,1,2,1,1],29,70].
[[3,8,0,1,2,1,2,1,1],10,45].
[[3,7,0,1,2,1,0,0,0],14,59].
[[1,8,0,0,0,0,2,3,0],96,179].
[[2,7,1,0,0,0,1,2,1],52,16].
[[3,7,1,0,0,0,1,1,1],34,21].
[[1,8,1,0,0,0,1,1,2],54,14].
[[3,6,1,1,2,0,1,1,2],7,0].
[[2,8,1,1,1,1,2,3,1],103,52].
[[3,7,2,1,1,1,1,2,2],27,7].
[[1,8,0,0,0,0,2,1,0],31,71].
[[3,3,1,0,0,0,1,2,1],12,0].
[[2,8,1,1,1,1,2,2,2],48,24].
[[3,8,1,1,1,1,2,1,0],23,18].
[[2,8,1,0,0,0,1,1,0],26,18].
[[3,7,1,0,0,0,1,1,0],10,5].
[[1,8,1,1,2,1,1,2,1],87,29].
[[3,7,1,0,0,0,2,2,1],78,38].
[[3,5,0,0,0,0,2,2,0],34,3].
[[3,7,2,1,2,1,1,1,0],3,5].
[[1,7,1,0,0,0,2,2,0],10,2].
[[2,7,1,1,2,1,2,3,0],30,13].
[[3,7,0,1,2,1,2,3,0],11,56].
[[1,9,2,0,0,0,1,1,0],42,150].
[[2,8,0,1,1,1,1,1,1],2,5].
[[3,8,0,1,1,1,1,1,1],7,34].
[[2,8,0,1,1,1,0,0,0],24,38].
[[1,8,1,0,0,0,1,2,0],20,10].
[[3,5,0,1,2,0,1,1,0],19,6].
[[3,8,0,1,1,1,1,2,0],21,75].
[[2,9,1,0,0,0,2,1,0],8,31].
[[1,7,1,0,0,0,2,2,2],45,26].
[[2,7,2,0,0,0,2,2,2],91,11].
[[3,7,2,0,0,0,1,2,2],71,11].
[[3,7,0,0,0,0,1,2,1],1,8].
[[2,5,0,1,2,0,1,2,2],2,0].
[[3,5,0,1,2,0,1,2,2],10,0].
[[2,7,2,1,2,1,2,3,2],55,4].
[[3,7,2,1,2,1,2,2,0],25,0].
[[2,8,0,0,0,0,1,1,1],20,29].
[[3,6,0,1,2,0,1,1,1],0,1].
[[1,6,1,1,2,1,2,2,1],5,1].
[[2,6,1,1,2,1,2,2,1],24,2].
[[3,6,1,1,2,1,2,2,1],43,1].
[[2,9,2,1,2,1,0,0,0],17,157].
[[2,9,1,1,2,1,1,2,2],5,11].
[[3,6,1,1,2,0,2,2,1],14,0].
[[3,9,1,1,1,1,2,2,0],5,41].
[[3,5,0,1,1,1,2,2,0],35,1].
[[3,8,1,1,2,1,1,2,0],123,65].
[[2,8,0,1,2,0,1,1,0],1,4].
[[3,9,2,0,0,0,1,1,1],5,47].
[[2,7,1,1,2,0,2,1,1],5,5].
[[3,7,1,1,1,0,1,1,1],1,3].
[[2,5,0,0,0,0,1,1,0],17,4].
[[3,9,2,1,2,1,2,2,2],2,20].
[[1,9,2,1,2,0,2,2,0],17,58].
[[2,9,2,1,2,0,1,1,0],12,37].
[[2,6,1,1,2,1,0,0,0],47,7].
[[3,6,1,1,2,1,2,1,1],22,0].
[[3,6,0,1,2,1,0,0,0],0,39].
[[3,8,1,1,2,0,2,2,1],43,41].
[[2,6,0,1,2,1,2,3,0],5,4].
[[3,6,0,1,2,1,2,3,0],10,23].
[[2,7,1,1,1,1,2,3,1],14,2].
[[2,9,2,1,1,1,1,2,1],49,61].
[[2,9,2,1,2,0,2,1,0],10,53].
[[3,9,2,1,2,0,1,1,0],1,33].
[[3,7,1,0,0,0,1,2,1],110,25].
[[2,8,1,1,1,1,0,0,0],19,12].
[[2,7,2,1,2,1,2,1,1],7,1].
[[3,7,2,1,2,1,1,1,1],36,11].
[[2,8,0,1,2,0,2,1,0],3,20].
[[3,8,0,1,1,0,1,2,0],2,13].
[[2,8,1,1,1,1,2,2,0],22,12].
[[3,9,2,1,1,1,2,1,0],3,47].
[[3,6,0,0,0,0,0,0,0],3,19].
[[2,9,1,0,0,0,1,1,2],12,12].
[[3,5,0,1,1,1,1,1,0],25,6].
[[3,3,2,0,0,0,2,2,2],10,0].
[[2,4,1,1,2,0,1,2,0],9,3].
[[2,7,2,0,0,0,2,3,1],67,10].
[[3,7,2,0,0,0,2,3,1],41,5].
[[3,4,1,1,2,0,2,3,1],39,9].
[[3,7,0,0,0,0,2,3,1],5,30].
[[1,9,2,1,1,1,2,3,1],29,32].
[[2,8,1,1,2,0,2,3,0],22,26].
[[3,8,1,1,2,0,2,3,0],29,42].
[[3,8,1,1,1,0,2,3,2],3,4].
[[3,9,2,1,1,1,1,1,0],4,42].
[[2,8,1,1,2,0,1,2,1],81,59].
[[3,3,1,0,0,0,2,3,0],2,0].
[[2,9,2,1,2,1,2,2,1],45,167].
[[3,8,1,1,1,1,1,1,0],25,24].
[[2,6,0,0,0,0,0,0,0],13,42].
[[3,7,1,1,2,0,2,1,1],12,17].
[[3,9,2,1,1,1,2,3,0],6,87].
[[1,8,1,1,2,0,2,3,1],35,30].
[[2,7,1,1,2,0,2,3,1],37,14].
[[3,3,1,1,2,0,2,3,1],15,0].
[[1,8,1,1,2,0,0,0,0],35,45].
[[2,8,1,1,1,0,2,2,0],0,4].
[[3,8,1,1,1,0,2,2,0],4,12].
[[2,6,0,1,2,1,2,2,1],1,5].
[[3,6,0,1,2,1,1,2,1],5,13].
[[2,9,2,1,1,1,1,1,0],9,24].
[[3,4,1,1,2,0,1,1,0],28,7].
[[3,7,0,1,2,1,2,3,2],8,40].
[[2,4,1,1,2,0,2,2,0],13,6].
[[2,8,1,0,0,0,1,2,0],60,28].
[[1,8,1,1,2,1,2,1,1],66,36].
[[2,7,1,1,2,1,2,1,1],25,12].
[[3,7,1,1,1,1,2,1,1],13,12].
[[3,9,2,0,0,0,2,2,2],1,12].
[[3,6,1,1,2,1,1,2,2],36,0].
[[2,9,2,0,0,0,1,1,2],26,71].
[[3,8,0,1,2,1,1,1,2],4,81].
[[3,7,2,1,2,0,2,3,2],33,5].
[[3,9,2,1,2,1,1,1,2],3,46].
[[1,7,2,0,0,0,2,2,2],77,17].
[[2,7,2,1,2,1,2,2,2],38,11].
[[3,7,2,1,2,1,2,2,2],67,9].
[[3,7,0,0,0,0,2,2,1],5,21].
[[2,6,1,1,1,1,0,0,0],5,2].
[[3,6,1,1,1,1,2,1,1],2,1].
[[1,7,1,0,0,0,2,3,2],60,16].
[[2,8,1,1,1,0,1,2,1],7,6].
[[3,8,1,1,1,0,1,2,1],31,48].
[[2,7,1,1,2,1,1,2,1],39,13].
[[2,6,0,0,0,0,2,2,2],3,9].
[[3,6,0,1,2,0,2,2,2],1,2].
[[2,9,1,0,0,0,1,2,2],3,21].
[[3,7,1,0,0,0,2,1,0],22,10].
[[3,7,1,1,2,1,0,0,0],84,63].
[[3,7,1,1,2,0,2,2,0],28,16].
[[2,7,1,0,0,0,2,2,1],63,33].
[[2,7,2,1,2,1,1,2,2],42,11].
[[3,9,1,0,0,0,1,2,1],7,64].
[[3,7,0,0,0,0,2,2,2],1,19].
[[3,8,1,1,2,0,2,2,2],22,13].
[[2,8,0,1,2,0,2,2,0],10,37].
[[3,8,0,1,1,0,2,2,0],0,13].
[[3,7,1,1,1,1,1,1,1],12,18].
[[3,7,2,1,2,0,2,1,0],6,1].
[[2,9,2,1,1,1,1,1,1],14,24].
[[3,9,2,1,2,0,0,0,0],0,7].
[[1,9,2,1,1,1,2,1,0],17,19].
[[2,9,1,1,1,1,2,3,0],10,6].
[[3,5,0,0,0,0,1,1,1],110,9].
[[3,8,0,1,2,0,1,1,0],6,38].
[[1,5,0,1,2,1,1,1,2],19,0].
[[2,5,0,1,2,1,1,1,2],68,2].
[[2,2,1,0,0,0,0,0,0],2,0].
[[3,2,1,0,0,0,2,1,0],1,0].
[[3,7,0,1,2,0,1,2,1],0,1].
[[2,9,2,1,2,0,1,1,2],10,16].
[[3,5,0,1,2,0,1,1,2],53,3].
[[2,8,1,1,2,1,2,1,1],94,73].
[[3,7,0,0,0,0,2,3,0],8,19].
[[1,9,2,1,2,0,1,2,2],10,33].
[[3,9,1,1,2,0,1,1,0],7,28].
[[3,6,1,0,0,0,2,2,2],22,3].
[[2,7,2,1,2,0,2,3,2],22,9].
[[3,7,2,1,1,0,1,1,1],0,5].
[[1,8,0,0,0,0,1,1,2],17,15].
[[2,7,1,1,2,1,1,1,2],8,2].
[[2,4,1,1,2,0,2,3,1],15,1].
[[3,4,1,1,2,0,1,1,1],44,7].
[[2,9,2,1,2,0,2,2,1],9,31].
[[3,9,2,1,1,0,2,2,1],0,1].
[[3,5,0,1,1,1,1,1,2],56,2].
[[2,6,1,0,0,0,2,1,1],21,1].
[[3,7,2,1,2,1,1,2,1],92,11].
[[1,7,1,0,0,0,2,3,1],57,15].
[[3,9,1,1,1,1,1,1,0],7,33].
[[2,4,1,1,2,0,2,3,0],22,4].
[[1,6,1,0,0,0,2,3,1],36,3].
[[3,8,1,1,2,1,2,1,0],76,56].
[[3,8,0,1,1,1,0,0,0],1,31].
[[3,9,1,0,0,0,1,1,2],2,14].
[[3,7,2,1,2,0,1,2,1],33,11].
[[3,3,1,1,2,1,2,3,1],38,7].
[[1,6,1,0,0,0,2,2,2],49,3].
[[2,3,2,0,0,0,2,2,2],20,0].
[[3,3,2,1,2,1,2,2,2],13,0].
[[3,3,1,0,0,0,2,2,0],3,0].
[[3,8,1,1,1,1,1,1,1],46,45].
[[1,9,2,1,2,1,2,1,1],52,66].
[[3,9,1,1,2,0,2,3,0],5,16].
[[3,8,1,1,2,0,2,1,1],18,22].
[[3,6,0,1,2,1,1,2,2],4,25].
[[1,7,2,1,2,0,1,2,2],2,1].
[[2,3,2,1,2,0,1,2,2],2,0].
[[3,3,2,1,2,0,1,2,2],8,0].
[[2,7,0,0,0,0,2,3,1],2,10].
[[3,6,0,1,2,1,2,3,2],2,12].
[[2,9,2,1,1,0,2,1,1],0,2].
[[3,9,2,1,1,0,1,2,1],2,27].
[[2,8,0,1,1,1,1,2,0],7,6].
[[2,8,0,1,2,0,2,3,2],10,35].
[[3,8,0,1,1,0,1,2,2],3,12].
[[2,9,1,1,2,0,1,1,2],1,6].
[[3,9,1,1,2,0,1,1,2],1,14].
[[2,4,1,1,2,0,0,0,0],4,0].
[[3,8,1,1,1,0,2,3,1],9,24].
[[2,8,1,1,2,1,1,2,0],50,18].
[[3,7,1,1,2,1,1,2,0],52,3].
[[3,6,1,1,2,0,1,1,1],10,5].
[[3,6,1,1,2,0,1,2,1],16,3].
[[3,6,1,1,2,0,2,3,2],18,4].
[[3,6,1,0,0,0,2,3,1],68,2].
[[3,9,2,1,2,1,2,1,0],5,116].
[[2,7,1,1,1,1,2,3,2],9,5].
[[3,3,1,0,0,0,2,3,2],14,1].
[[3,7,0,1,1,1,2,2,0],0,13].
[[2,8,0,1,2,1,2,1,1],16,38].
[[3,6,1,1,2,0,1,1,0],2,0].
[[3,5,0,1,1,0,1,1,2],3,4].
[[3,6,0,1,2,1,2,2,2],1,15].
[[2,5,0,0,0,0,1,2,0],45,3].
[[2,6,0,1,2,1,0,0,0],10,31].
[[2,7,2,1,2,1,2,2,1],32,6].
[[2,9,1,1,2,0,1,2,1],4,27].
[[2,9,1,1,2,0,2,2,0],4,18].
[[2,7,2,1,2,1,1,2,1],24,2].
[[2,6,1,1,2,1,2,2,2],21,3].
[[1,8,1,1,1,1,2,1,1],7,3].
[[2,7,2,1,1,1,1,1,2],2,1].
[[3,7,2,1,1,1,1,1,2],4,2].
[[3,7,2,1,2,1,2,2,1],56,8].
[[3,7,0,1,1,1,2,3,0],1,10].
[[3,7,2,0,0,0,2,2,2],40,3].
[[2,9,2,1,1,1,2,2,2],2,28].
[[3,8,0,1,1,1,2,2,2],2,49].
[[2,8,0,1,2,0,1,2,1],3,10].
[[3,7,0,1,2,1,1,2,1],7,15].
[[3,4,1,1,2,0,2,2,2],13,5].
[[1,8,0,1,2,1,2,2,1],28,27].
[[2,7,0,1,2,1,2,2,1],4,2].
[[1,9,2,1,1,1,1,2,2],27,29].
[[2,6,1,0,0,0,1,1,2],6,0].
[[3,6,1,0,0,0,1,1,2],4,0].
[[2,8,1,1,2,0,0,0,0],22,20].
[[3,6,1,0,0,0,2,1,0],9,0].
[[3,8,0,1,2,0,2,2,1],11,39].
[[3,9,2,1,2,0,1,1,1],8,37].
[[3,6,1,0,0,0,2,2,1],27,2].
[[1,8,1,1,2,0,1,2,1],10,12].
[[3,7,1,1,1,0,1,2,1],7,6].
[[1,7,1,1,2,1,1,2,1],0,3].
[[2,6,1,1,2,0,2,3,2],8,3].
[[3,8,0,0,0,0,2,3,2],3,26].
[[1,8,1,1,1,1,2,3,2],19,7].
[[2,7,0,0,0,0,2,2,0],2,4].
[[3,7,0,0,0,0,1,2,0],2,7].
[[1,8,1,1,1,1,1,2,1],8,5].
[[2,6,1,1,1,1,1,2,1],2,1].
[[3,6,1,1,1,1,1,1,1],3,0].
[[2,8,0,0,0,0,2,1,1],14,44].
[[3,7,0,1,2,1,2,1,1],1,10].
[[2,9,1,1,1,1,1,2,0],5,9].
[[3,6,0,0,0,0,2,3,1],0,12].
[[1,9,2,1,1,1,1,2,1],23,9].
[[2,4,1,1,2,0,1,2,1],10,4].
[[3,4,1,1,2,0,1,2,1],102,22].
[[2,8,1,1,2,0,1,1,2],16,7].
[[3,8,1,1,2,0,1,1,2],21,20].
[[2,8,1,1,2,0,1,2,0],15,10].
[[3,8,1,1,2,0,1,1,0],17,18].
[[3,6,1,1,2,0,1,2,2],22,0].
[[3,9,1,1,2,0,2,2,0],6,34].
[[2,6,1,1,2,0,0,0,0],15,4].
[[3,6,1,1,2,0,2,3,1],34,9].
[[3,9,2,1,2,0,2,3,0],8,71].
[[3,9,2,1,1,1,0,0,0],0,7].
[[1,9,2,1,2,0,1,1,2],4,6].
[[2,5,0,1,1,0,1,1,2],1,0].
[[2,7,0,1,2,1,2,3,1],2,5].
[[3,3,2,1,2,1,2,2,1],13,0].
[[3,9,1,0,0,0,1,2,2],3,14].
[[3,8,0,0,0,0,2,1,1],5,16].
[[2,7,1,1,2,0,0,0,0],24,25].
[[1,8,1,1,1,1,1,2,2],10,3].
[[2,6,1,1,2,0,2,3,0],3,0].
[[3,6,1,1,1,0,2,3,0],1,0].
[[3,7,1,1,2,0,2,3,2],44,17].
[[3,8,1,0,0,0,1,1,2],29,15].
[[3,7,1,1,2,0,1,2,2],53,30].
[[1,9,2,1,2,0,1,2,0],6,15].
[[2,5,0,1,2,1,1,1,0],18,3].
[[1,8,0,1,2,1,1,2,2],21,23].
[[1,7,2,1,2,1,2,2,1],7,0].
[[2,7,2,1,1,1,1,2,1],4,1].
[[3,7,0,1,2,1,1,1,1],2,13].
[[1,7,2,1,2,0,0,0,0],6,8].
[[2,7,2,1,2,0,2,2,2],25,3].
[[3,7,2,1,2,0,2,2,2],35,5].
[[1,7,1,1,2,1,2,1,1],3,1].
[[3,3,2,1,2,0,2,3,0],2,0].
[[2,7,1,1,1,1,2,1,1],5,1].
[[3,4,1,1,2,0,2,1,1],8,3].
[[3,3,1,1,2,0,0,0,0],16,4].
[[3,7,0,1,2,0,2,1,0],0,5].
[[1,6,1,1,2,1,2,3,2],8,1].
[[2,6,1,1,2,1,2,3,2],29,0].
[[1,9,2,1,1,1,2,1,1],7,5].
[[2,9,2,1,1,1,2,1,1],10,15].
[[2,8,0,1,1,1,2,1,0],1,18].
[[3,6,1,0,0,0,1,2,1],33,4].
[[2,9,1,0,0,0,1,2,0],18,60].
[[3,6,1,1,2,0,2,3,0],6,0].
[[2,6,0,0,0,0,2,2,1],0,4].
[[3,8,1,1,2,0,1,2,0],44,21].
[[3,6,1,0,0,0,1,2,0],5,0].
[[3,6,0,1,2,0,2,3,0],0,4].
[[2,6,1,1,2,1,2,2,0],9,0].
[[3,6,1,1,1,1,2,2,0],4,0].
[[1,9,2,1,1,1,1,2,0],8,11].
[[2,9,2,1,1,0,0,0,0],0,4].
[[3,4,0,1,2,0,2,2,0],0,1].
[[2,7,2,1,2,0,2,3,0],3,0].
[[3,9,2,0,0,0,1,1,2],0,20].
[[2,8,0,1,1,1,1,1,2],8,2].
[[3,4,1,1,2,0,1,1,2],20,3].
[[3,8,0,1,1,1,2,2,1],7,56].
[[2,7,1,1,2,1,1,2,2],40,14].
[[3,8,1,1,1,1,2,1,1],13,20].
[[2,7,1,1,2,0,2,2,2],14,13].
[[3,7,0,1,2,0,2,2,2],0,6].
[[2,9,2,1,1,0,1,1,0],2,1].
[[3,9,2,1,1,0,1,1,0],1,9].
[[3,7,2,1,2,1,0,0,0],31,10].
[[2,8,0,1,2,0,1,2,2],5,36].
[[3,7,1,1,2,0,1,1,0],7,0].
[[3,6,0,1,1,1,2,2,0],0,4].
[[3,5,0,1,1,0,1,1,0],4,6].
[[1,5,0,0,0,0,2,3,0],4,0].
[[2,5,0,1,2,0,2,1,0],1,0].
[[3,5,0,1,2,1,2,1,0],4,0].
[[3,6,1,0,0,0,2,3,2],14,1].
[[3,7,2,1,2,0,2,3,1],32,10].
[[2,9,1,1,2,1,2,3,0],19,30].
[[3,7,0,1,1,1,2,2,1],1,8].
[[3,8,1,1,1,1,1,2,0],54,26].
[[3,3,2,1,2,1,2,3,2],11,0].
[[3,7,2,1,2,1,2,3,0],20,2].
[[2,8,0,1,1,1,2,2,1],9,24].
[[3,7,1,0,0,0,1,2,0],14,1].
[[2,7,2,1,2,0,1,2,2],17,10].
[[3,7,0,1,2,0,1,2,2],2,6].
[[3,8,1,0,0,0,2,1,0],27,21].
[[2,7,1,1,2,1,2,2,0],22,5].
[[3,9,1,1,2,0,1,2,2],1,16].
[[1,7,2,0,0,0,2,2,1],31,4].
[[3,3,2,0,0,0,2,3,1],14,0].
[[2,8,1,1,1,0,2,2,2],3,9].
[[3,8,1,1,1,0,2,2,1],6,15].
[[3,8,0,1,1,1,2,3,2],2,24].
[[3,7,0,1,2,1,2,1,0],1,26].
[[2,5,0,0,0,0,2,3,0],12,0].
[[3,5,0,1,2,0,2,3,0],13,0].
[[3,7,0,0,0,0,0,0,0],5,34].
[[2,5,0,1,2,1,2,2,0],44,1].
[[3,9,2,0,0,0,2,3,1],4,29].
[[3,5,0,0,0,0,1,2,2],15,1].
[[1,3,2,0,0,0,2,2,2],5,0].
[[2,3,2,0,0,0,1,2,1],3,0].
[[3,3,2,1,2,0,1,2,1],3,0].
[[3,8,1,0,0,0,2,3,2],29,11].
[[3,7,1,1,2,0,1,1,1],25,12].
[[2,9,1,1,2,1,1,1,1],4,11].
[[2,5,0,1,1,1,1,1,2],13,1].
[[1,8,1,1,2,1,2,2,0],46,22].
[[1,8,1,1,2,1,1,1,2],22,4].
[[1,5,0,0,0,0,1,2,0],11,0].
[[3,3,1,0,0,0,2,3,1],24,0].
[[2,6,1,0,0,0,2,1,0],5,0].
[[3,6,1,0,0,0,2,2,0],16,0].
[[3,9,1,0,0,0,1,1,1],1,10].
[[3,7,1,1,1,0,2,3,0],3,2].
[[1,9,2,1,1,1,2,2,1],24,19].
[[2,9,2,1,1,1,2,2,1],25,36].
[[1,8,1,1,1,1,0,0,0],31,16].
[[2,9,1,1,1,1,1,2,1],10,8].
[[2,9,1,0,0,0,1,1,1],7,8].
[[3,7,1,1,2,0,1,1,2],20,9].
[[3,9,2,1,2,1,2,2,1],3,26].
[[3,9,2,1,1,0,2,3,0],0,10].
[[2,6,1,1,2,1,1,2,2],8,2].
[[3,7,0,1,1,1,2,1,0],0,11].
[[3,3,2,1,2,1,2,1,0],2,0].
[[3,9,2,1,1,1,2,2,2],2,7].
[[1,3,2,0,0,0,0,0,0],19,0].
[[2,3,2,1,2,1,0,0,0],14,0].
[[3,3,2,1,2,1,0,0,0],16,1].
[[3,7,2,0,0,0,2,2,0],6,2].
[[3,7,0,1,1,1,0,0,0],1,19].
[[2,6,0,0,0,0,2,1,0],1,3].
[[3,6,0,1,2,0,1,2,0],0,3].
[[3,6,1,1,2,0,1,2,0],4,0].
[[2,9,2,1,1,0,2,2,0],2,10].
[[2,7,0,1,2,1,2,2,0],1,3].
[[3,7,2,1,1,0,1,2,2],9,9].
[[2,7,0,0,0,0,2,1,1],0,3].
[[3,7,0,1,2,0,2,1,1],2,2].
[[3,7,1,0,0,0,2,2,0],31,17].
[[2,7,0,1,2,1,2,2,2],2,11].
[[3,7,0,1,2,1,2,2,2],5,34].
[[2,9,1,1,1,1,2,1,0],4,9].
[[1,6,1,1,2,1,2,2,2],7,1].
[[2,6,1,1,1,1,1,1,2],1,0].
[[3,6,1,1,1,1,1,1,2],2,0].
[[3,6,1,1,2,0,2,2,0],5,2].
[[2,9,2,1,1,0,1,2,2],0,12].
[[3,6,0,1,1,1,1,2,2],0,6].
[[2,8,0,1,2,1,1,1,1],16,26].
[[1,8,0,0,0,0,1,2,1],10,4].
[[1,6,1,1,2,1,2,3,1],7,0].
[[2,6,1,1,2,1,1,2,1],13,2].
[[3,3,1,1,1,1,1,2,1],2,0].
[[3,8,0,1,1,0,2,1,0],0,7].
[[2,5,0,1,1,1,1,2,0],11,3].
[[2,7,2,0,0,0,2,2,0],3,0].
[[1,7,2,0,0,0,2,2,0],1,0].
[[2,7,2,1,2,1,2,2,0],7,0].
[[3,6,1,1,2,1,0,0,0],18,7].
[[1,6,0,0,0,0,2,2,2],0,6].
[[2,6,0,0,0,0,1,2,2],2,10].
[[3,6,0,0,0,0,1,2,2],4,15].
[[2,3,1,0,0,0,2,2,0],2,0].
[[3,3,1,1,2,0,2,2,0],2,0].
[[3,9,1,1,1,0,2,2,0],0,10].
[[3,8,1,1,2,0,2,3,2],23,13].
[[1,8,1,1,2,0,2,2,0],11,6].
[[2,6,1,1,2,0,2,2,0],2,0].
[[3,2,1,1,2,0,2,2,0],1,0].
[[3,2,1,1,2,1,2,3,1],3,0].
[[3,6,1,1,2,1,2,1,0],13,1].
[[2,5,0,1,1,1,1,1,1],24,2].
[[1,7,2,1,2,1,2,2,2],13,4].
[[1,9,2,1,1,1,1,1,1],3,5].
[[3,3,2,0,0,0,1,1,2],4,0].
[[1,9,2,1,2,0,2,1,1],3,4].
[[2,8,1,1,1,0,2,1,1],5,4].
[[3,8,1,1,1,0,2,3,0],5,11].
[[1,8,1,1,2,0,2,2,1],19,16].
[[2,7,2,1,2,0,2,2,1],9,4].
[[3,3,1,0,0,0,2,1,1],7,0].
[[2,3,2,0,0,0,2,2,1],2,0].
[[3,3,2,0,0,0,1,2,2],12,0].
[[3,7,2,0,0,0,2,3,0],9,1].
[[3,6,0,1,2,1,2,2,0],3,14].
[[3,7,0,1,1,1,2,2,2],0,6].
[[2,7,0,1,2,1,2,3,0],1,6].
[[3,9,1,1,1,0,1,2,2],0,3].
[[2,7,1,1,1,1,2,2,2],8,4].
[[3,3,2,1,1,1,2,2,2],3,0].
[[2,9,2,1,1,0,1,2,0],0,12].
[[2,9,2,1,2,0,2,1,1],5,14].
[[3,6,1,1,1,1,1,2,2],9,1].
[[3,6,1,1,2,1,1,2,0],6,1].
[[2,8,0,1,1,1,2,1,1],6,7].
[[3,7,0,1,1,1,2,1,1],2,3].
[[1,6,1,0,0,0,2,3,0],7,0].
[[2,7,2,1,2,0,1,1,2],4,2].
[[3,6,1,1,1,1,2,3,0],8,0].
[[2,7,0,0,0,0,2,3,0],3,7].
[[3,7,0,0,0,0,2,2,0],4,14].
[[3,6,0,0,0,0,1,2,1],0,6].
[[2,7,2,1,1,1,2,2,2],4,2].
[[2,9,1,1,1,1,2,2,0],9,13].
[[2,5,0,0,0,0,1,2,2],8,0].
[[2,8,1,1,1,0,0,0,0],0,1].
[[3,4,0,1,2,0,2,1,0],0,2].
[[3,8,0,1,1,1,2,1,1],2,13].
[[2,6,0,0,0,0,2,3,2],2,10].
[[3,6,0,0,0,0,2,1,1],1,2].
[[3,2,1,0,0,0,2,3,2],3,0].
[[3,3,2,1,2,0,2,2,1],4,0].
[[2,7,2,1,1,0,1,2,2],2,1].
[[3,2,1,0,0,0,0,0,0],3,0].
[[3,7,2,1,1,1,1,1,1],4,4].
[[3,7,2,1,2,1,2,1,1],13,1].
[[1,7,1,1,2,1,2,3,1],7,1].
[[2,3,1,1,2,1,2,3,1],6,0].
[[3,3,1,1,2,1,1,2,1],10,1].
[[2,7,2,0,0,0,1,1,2],10,11].
[[2,8,0,1,2,1,1,1,2],17,28].
[[3,7,0,1,2,1,1,1,2],0,10].
[[3,9,2,1,1,1,1,1,1],11,46].
[[2,6,1,0,0,0,1,2,1],18,3].
[[3,9,1,1,1,0,1,1,0],1,4].
[[3,3,1,0,0,0,2,1,0],2,0].
[[2,7,1,1,1,1,2,2,1],9,3].
[[2,9,2,1,1,0,2,3,1],2,5].
[[3,8,0,1,1,0,2,3,1],1,14].
[[3,8,0,1,1,0,0,0,0],0,3].
[[3,3,1,1,2,1,2,3,2],25,1].
[[2,8,0,1,1,1,1,2,1],12,13].
[[2,6,0,0,0,0,2,3,1],6,3].
[[3,5,0,1,1,1,2,3,0],12,1].
[[1,7,1,0,0,0,2,2,1],16,9].
[[2,9,2,1,1,1,1,1,2],12,13].
[[1,8,1,1,1,1,2,1,0],3,0].
[[3,7,1,1,2,0,1,2,0],12,1].
[[2,9,1,0,0,0,2,3,1],0,2].
[[1,9,2,1,1,1,1,1,2],4,2].
[[2,4,1,1,2,0,1,1,2],2,0].
[[3,6,0,1,2,1,2,3,1],8,24].
[[3,3,2,1,2,1,1,1,1],5,0].
[[2,6,1,1,1,1,1,2,2],2,0].
[[2,8,1,1,1,0,2,3,1],5,12].
[[2,7,1,0,0,0,2,1,0],27,4].
[[2,7,2,0,0,0,2,1,0],5,1].
[[2,9,2,1,2,0,0,0,0],3,36].
[[3,9,1,1,2,0,0,0,0],0,1].
[[2,6,1,1,2,0,2,3,1],8,3].
[[3,7,0,0,0,0,2,1,0],0,12].
[[2,6,0,0,0,0,2,2,0],1,6].
[[3,6,0,0,0,0,1,1,0],1,2].
[[3,7,2,1,1,0,2,3,0],2,1].
[[3,7,2,1,2,0,0,0,0],9,3].
[[3,9,1,1,1,1,1,2,2],2,24].
[[3,3,2,1,2,1,2,3,1],24,0].
[[3,3,2,1,1,1,1,1,2],1,0].
[[1,8,1,1,1,1,2,2,2],17,6].
[[2,6,1,1,1,1,2,2,2],3,1].
[[3,8,0,1,2,0,2,1,1],2,20].
[[3,7,0,1,2,1,1,2,0],4,9].
[[3,7,0,0,0,0,2,3,2],2,14].
[[3,9,1,0,0,0,2,3,0],2,21].
[[2,6,0,1,2,1,2,2,2],4,9].
[[3,3,1,1,1,1,2,2,2],6,0].
[[3,6,0,1,2,1,2,1,0],1,9].
[[3,3,1,1,2,1,2,2,0],8,0].
[[3,7,2,1,2,0,2,2,0],6,2].
[[2,5,0,1,2,0,1,2,1],8,2].
[[1,7,1,1,2,1,2,3,2],9,5].
[[2,3,1,1,2,1,2,3,2],2,0].
[[3,9,1,0,0,0,1,1,0],3,29].
[[3,9,1,0,0,0,2,1,0],5,24].
[[3,8,1,0,0,0,2,1,1],24,15].
[[3,6,0,0,0,0,1,2,0],1,3].
[[2,7,0,1,2,1,0,0,0],12,34].
[[2,9,2,1,1,0,1,2,1],2,7].
[[3,8,0,1,1,0,1,2,1],0,14].
[[1,8,0,1,2,1,1,2,1],2,2].
[[1,8,1,1,1,1,2,3,0],10,2].
[[3,9,1,1,1,1,2,1,0],5,23].
[[1,7,2,1,2,1,2,3,2],15,5].
[[3,7,2,1,1,1,2,3,2],17,1].
[[3,4,1,1,2,0,0,0,0],8,3].
[[1,7,2,0,0,0,1,1,2],3,5].
[[2,3,2,0,0,0,1,1,2],2,0].
[[3,3,2,1,2,1,1,1,2],3,0].
[[3,6,0,1,2,1,2,2,1],1,6].
[[3,6,0,0,0,0,2,3,2],0,7].
[[3,7,2,0,0,0,2,1,1],4,2].
[[3,7,0,0,0,0,1,2,2],1,21].
[[3,7,1,0,0,0,1,1,2],13,7].
[[3,6,0,0,0,0,2,2,0],0,7].
[[2,5,0,1,1,1,1,2,1],9,0].
[[2,8,1,1,1,1,1,1,2],9,3].
[[1,9,2,1,2,0,2,2,1],6,29].
[[2,7,2,1,2,1,1,1,2],3,4].
[[3,8,1,1,1,0,1,1,1],5,25].
[[3,8,0,1,2,0,2,2,2],3,16].
[[3,6,1,1,2,0,2,1,1],10,1].
[[3,7,1,1,1,0,2,3,2],6,6].
[[3,6,1,1,2,1,1,1,0],3,2].
[[2,7,0,0,0,0,2,3,2],4,14].
[[2,9,1,1,2,0,1,2,2],0,7].
[[2,7,1,1,2,0,2,2,1],15,6].
[[2,8,1,1,1,1,1,1,0],6,4].
[[3,7,0,1,2,1,1,1,0],4,6].
[[1,5,0,0,0,0,1,2,1],13,0].
[[2,8,1,1,1,1,1,2,0],11,10].
[[3,7,2,1,1,1,1,2,0],3,0].
[[3,6,0,1,1,1,2,2,2],0,5].
[[3,7,2,1,2,0,1,1,1],9,12].
[[3,7,2,0,0,0,0,0,0],9,3].
[[3,3,1,1,2,0,2,2,1],6,0].
[[1,6,0,0,0,0,2,3,0],1,2].
[[3,9,2,0,0,0,1,1,0],3,50].
[[3,3,1,0,0,0,2,2,2],18,2].
[[3,6,0,1,2,1,1,2,0],1,7].
[[2,2,1,1,2,1,2,3,0],1,0].
[[3,2,1,1,1,1,2,2,0],1,0].
[[2,9,1,1,1,1,1,2,2],3,5].
[[3,8,0,1,1,0,1,1,0],2,6].
[[3,6,0,1,1,1,2,3,0],2,6].
[[3,9,1,1,1,0,1,2,0],1,18].
[[2,7,2,0,0,0,2,1,1],10,1].
[[3,6,0,0,0,0,2,1,0],1,8].
[[3,5,0,1,1,0,2,2,0],4,0].
[[2,3,2,1,2,0,0,0,0],7,0].
[[3,3,1,1,2,1,1,1,2],6,0].
[[3,6,0,1,2,1,1,1,0],2,3].
[[3,9,2,1,2,0,2,2,1],1,5].
[[1,8,0,0,0,0,1,1,1],4,5].
[[1,8,0,1,2,1,1,1,2],4,4].
[[2,7,1,1,2,0,2,3,2],16,11].
[[2,5,0,1,2,0,1,2,0],14,3].
[[2,9,1,1,1,1,1,1,1],1,2].
[[2,7,2,1,2,0,2,3,1],11,3].
[[3,7,2,1,1,0,1,1,2],3,1].
[[3,4,0,1,2,0,1,2,1],0,3].
[[3,7,1,1,1,1,1,2,0],10,1].
[[1,8,0,1,2,1,2,1,1],9,11].
[[3,8,0,1,2,0,2,3,2],1,25].
[[3,3,2,1,2,0,1,1,2],1,0].
[[2,4,1,1,2,0,1,1,1],7,2].
[[3,7,2,1,1,1,0,0,0],4,2].
[[2,6,1,1,2,1,1,1,2],3,0].
[[2,7,2,1,2,0,2,1,1],2,1].
[[2,3,1,0,0,0,2,2,2],7,1].
[[3,8,0,1,1,0,2,2,1],4,7].
[[3,7,1,1,1,0,2,2,2],4,4].
[[2,9,2,1,1,0,2,2,2],0,2].
[[3,9,2,1,1,0,2,2,2],0,1].
[[1,6,1,1,2,1,2,2,0],2,0].
[[2,6,1,1,1,1,2,2,0],2,0].
[[3,3,1,1,2,1,2,2,1],20,2].
[[3,8,0,1,1,0,2,3,0],2,14].
[[2,6,1,1,2,1,2,1,0],8,0].
[[3,3,2,1,2,1,1,2,1],8,0].
[[2,9,1,1,1,1,1,1,2],2,6].
[[3,9,1,1,1,1,1,1,2],0,19].
[[2,7,1,1,2,0,1,2,2],7,3].
[[1,8,1,1,2,0,1,1,2],3,0].
[[2,7,2,1,1,1,2,3,1],8,0].
[[3,6,1,1,2,1,1,1,1],9,5].
[[1,5,0,1,2,1,1,1,1],14,1].
[[2,7,2,1,1,1,2,3,2],3,0].
[[1,7,2,1,2,0,2,2,2],4,2].
[[1,7,1,0,0,0,2,1,0],3,0].
[[3,9,2,1,2,1,0,0,0],0,17].
[[1,8,1,1,2,0,2,3,2],24,15].
[[3,9,2,1,2,0,2,2,2],2,5].
[[2,5,0,1,2,1,1,2,2],6,1].
[[2,5,0,1,1,1,2,3,0],3,0].
[[3,6,0,1,2,0,0,0,0],1,5].
[[3,8,1,1,2,1,0,0,0],0,9].
[[2,6,0,0,0,0,2,3,0],3,5].
[[3,6,0,0,0,0,2,3,0],4,12].
[[2,9,2,1,1,1,2,3,2],6,22].
[[3,7,2,1,1,0,2,2,2],6,3].
[[3,5,0,0,0,0,2,3,0],17,0].
[[1,8,0,1,2,1,1,1,0],1,3].
[[2,6,0,1,2,1,2,3,2],2,3].
[[2,6,0,1,2,1,2,1,1],1,1].
[[3,3,1,1,1,1,1,1,2],0,1].
[[2,7,2,1,1,0,2,3,2],1,4].
[[2,6,0,1,2,1,2,3,1],3,8].
[[2,3,1,0,0,0,2,3,1],5,0].
[[2,4,1,1,2,0,2,2,1],11,1].
[[3,7,0,1,2,0,2,3,1],1,13].
[[2,7,2,1,2,1,1,1,0],0,1].
[[2,6,1,1,2,0,1,1,2],2,0].
[[1,8,1,1,1,1,1,1,0],1,0].
[[2,6,1,1,1,1,1,1,0],1,0].
[[2,7,1,1,1,1,1,1,1],2,2].
[[3,9,2,1,2,0,1,1,2],0,8].
[[2,7,1,0,0,0,1,1,1],17,7].
[[3,5,0,1,1,0,1,2,0],6,4].
[[3,7,1,1,1,0,2,3,1],5,11].
[[2,9,1,1,1,0,1,2,1],0,8].
[[3,9,1,1,1,0,1,2,1],1,17].
[[3,7,2,1,1,1,2,2,1],7,1].
[[3,6,0,1,2,0,2,2,0],0,4].
[[1,7,1,1,2,1,2,2,2],11,2].
[[2,7,1,1,2,0,1,1,1],1,1].
[[2,7,2,1,2,1,2,3,0],7,0].
[[2,4,1,1,2,0,1,2,2],15,2].
[[2,7,1,1,2,0,2,3,0],10,3].
[[1,7,1,0,0,0,1,1,1],2,1].
[[2,4,1,1,2,0,2,1,0],12,1].
[[3,8,1,1,1,0,2,1,0],5,6].
[[1,7,2,1,2,1,2,3,1],17,0].
[[1,8,0,1,2,1,1,2,0],1,3].
[[3,9,2,0,0,0,0,0,0],0,5].
[[3,6,0,1,2,0,2,3,2],1,1].
[[1,8,1,1,1,1,2,2,0],4,0].
[[2,7,1,1,1,1,2,2,0],3,0].
[[1,6,1,1,2,1,2,1,1],2,0].
[[2,6,1,0,0,0,2,3,0],14,0].
[[3,6,1,0,0,0,2,3,0],12,0].
[[1,7,2,1,2,0,2,3,2],5,3].
[[1,8,1,1,2,1,1,2,0],7,2].
[[2,7,1,1,2,1,1,2,0],3,1].
[[3,7,2,1,2,0,1,1,2],10,6].
[[2,3,2,0,0,0,2,3,0],2,0].
[[1,7,1,1,2,1,1,2,2],1,1].
[[3,4,0,1,2,0,1,2,2],0,4].
[[3,6,1,0,0,0,0,0,0],9,3].
[[3,7,0,1,2,0,0,0,0],2,14].
[[3,9,2,1,2,1,2,1,1],1,8].
[[1,6,0,0,0,0,2,3,2],3,3].
[[3,9,2,1,1,1,2,1,1],1,1].
[[3,6,0,1,2,0,2,1,0],0,4].
[[3,3,1,1,2,0,2,3,0],2,1].
[[2,9,1,1,2,1,0,0,0],1,0].
[[2,3,1,1,2,1,2,2,2],1,0].
[[3,7,0,1,1,1,2,3,1],2,12].
[[2,7,1,0,0,0,1,1,2],7,6].
[[3,7,2,0,0,0,2,1,0],6,1].
[[3,9,2,1,1,0,2,1,0],0,6].
[[2,7,2,1,2,0,0,0,0],17,5].
[[3,7,0,1,2,0,2,2,0],3,12].
[[2,6,0,0,0,0,1,2,0],1,1].
[[3,3,2,1,1,1,2,2,1],2,0].
[[3,6,0,1,2,0,2,2,1],0,4].
[[3,7,0,0,0,0,1,1,0],1,2].
[[3,9,1,1,2,0,1,1,1],2,8].
[[2,9,2,1,1,0,2,2,1],0,2].
[[3,7,0,1,1,1,1,1,0],2,2].
[[2,6,1,1,2,0,2,2,2],7,0].
[[3,6,0,1,2,0,2,3,1],0,2].
[[2,6,0,1,2,1,2,2,0],2,3].
[[3,7,2,1,2,0,2,1,1],4,2].
[[2,8,1,1,1,0,1,2,0],0,2].
[[1,7,2,0,0,0,2,1,1],6,0].
[[2,7,0,0,0,0,2,2,1],0,8].
[[2,4,1,1,2,0,1,1,0],5,1].
[[2,6,1,1,1,1,2,3,2],7,0].
[[2,9,1,1,2,0,1,1,1],0,6].
[[3,3,2,1,1,1,2,3,1],4,0].
[[3,9,2,0,0,0,2,1,1],2,3].
[[3,3,1,0,0,0,1,1,1],3,0].
[[2,7,1,1,1,1,1,2,2],4,3].
[[2,3,2,0,0,0,2,3,1],11,0].
[[3,7,1,1,1,0,2,1,0],0,1].
[[3,8,1,1,1,0,1,2,0],7,12].
[[3,7,1,1,1,0,2,1,1],3,4].
[[3,6,0,1,2,1,2,1,1],2,1].
[[2,7,1,1,2,1,1,1,1],17,5].
[[2,3,1,1,2,1,2,2,0],2,0].
[[3,3,1,1,2,1,1,2,0],1,0].
[[3,7,0,1,1,1,1,2,1],3,3].
[[3,3,1,0,0,0,1,2,2],6,0].
[[1,9,2,1,2,0,1,1,0],4,9].
[[2,7,1,1,2,0,1,2,1],8,4].
[[3,1,1,1,2,0,1,2,2],2,0].
[[2,9,1,1,1,0,2,3,0],0,2].
[[3,2,1,0,0,0,2,3,1],4,0].
[[3,3,2,0,0,0,1,1,1],3,0].
[[3,6,0,1,2,0,1,2,2],0,2].
[[2,8,0,1,2,0,2,1,1],3,5].
[[3,7,0,0,0,0,2,1,1],0,4].
[[1,6,1,0,0,0,2,2,0],2,0].
[[2,3,2,1,2,1,1,1,1],1,0].
[[3,3,2,1,1,0,0,0,0],1,0].
[[3,6,0,1,1,1,0,0,0],0,7].
[[2,8,1,1,1,0,1,2,2],4,7].
[[3,7,1,1,1,0,1,2,2],7,4].
[[2,8,0,1,2,0,1,1,1],0,5].
[[2,6,1,0,0,0,1,1,1],5,0].
[[1,9,2,1,2,0,1,1,1],1,9].
[[3,8,1,1,1,1,0,0,0],0,4].
[[3,7,2,1,2,1,1,2,0],7,0].
[[2,9,1,1,2,0,0,0,0],1,0].
[[1,7,2,0,0,0,1,2,1],10,2].
[[3,3,2,0,0,0,1,1,0],1,0].
[[2,6,1,1,1,1,2,1,1],1,0].
[[3,3,2,1,1,1,2,3,2],2,0].
[[1,8,1,1,2,0,1,2,2],10,7].
[[3,6,0,1,1,1,2,1,0],0,3].
[[1,7,1,1,2,1,2,3,0],1,0].
[[3,3,2,0,0,0,2,2,1],6,0].
[[2,7,0,1,2,1,2,3,2],2,13].
[[3,9,2,1,1,0,2,3,1],1,5].
[[3,9,1,1,1,0,2,1,0],3,3].
[[3,7,0,1,2,0,2,3,2],3,6].
[[1,7,2,1,2,0,1,1,2],3,0].
[[2,7,2,1,2,0,1,1,1],5,4].
[[3,3,2,1,2,0,1,1,1],3,0].
[[2,7,1,1,1,1,1,2,1],2,5].
[[1,5,0,1,2,1,1,2,1],4,0].
[[2,7,1,1,1,1,1,1,2],0,1].
[[3,7,1,1,1,1,1,1,2],11,3].
[[3,3,2,1,2,0,2,2,2],7,1].
[[3,9,2,1,1,1,1,1,2],0,14].
[[1,7,1,0,0,0,1,2,1],3,4].
[[2,8,1,1,1,0,2,2,1],0,5].
[[3,7,0,1,2,0,2,2,1],0,7].
[[2,7,2,1,1,1,2,2,1],2,1].
[[3,1,1,1,2,0,1,2,0],3,0].
[[3,3,2,1,2,0,2,3,1],8,0].
[[1,6,1,0,0,0,1,1,2],1,0].
[[1,5,0,1,2,1,1,2,0],3,0].
[[3,6,0,1,1,1,2,3,2],1,2].
[[2,9,1,1,2,0,2,3,0],2,6].
[[3,9,1,1,1,0,2,3,0],0,2].
[[1,5,0,1,1,1,2,2,0],3,0].
[[2,5,0,1,1,1,2,1,0],1,0].
[[3,5,0,1,1,1,2,1,0],4,0].
[[3,9,2,1,1,0,1,1,2],0,4].
[[2,7,2,0,0,0,1,2,0],0,1].
[[1,8,1,1,2,0,2,1,0],4,1].
[[2,8,1,1,1,0,2,1,0],1,0].
[[3,6,1,1,2,0,0,0,0],4,2].
[[1,6,1,0,0,0,1,2,1],2,1].
[[2,8,1,1,1,0,2,3,0],2,3].
[[1,5,0,1,1,1,1,2,1],1,0].
[[1,7,2,1,2,0,2,2,1],1,0].
[[3,3,1,1,2,0,2,2,2],6,0].
[[3,7,2,1,1,0,0,0,0],1,1].
[[2,7,1,1,2,1,1,1,0],1,0].
[[3,7,0,1,1,1,2,3,2],2,6].
[[3,3,2,1,2,1,1,2,2],10,0].
[[2,5,0,1,1,1,1,1,0],4,0].
[[3,3,1,1,1,1,2,3,1],5,0].
[[3,8,1,1,2,0,0,0,0],0,2].
[[1,6,0,0,0,0,2,3,1],2,0].
[[3,6,1,1,2,0,2,1,0],5,2].
[[2,7,2,1,1,0,2,2,2],0,5].
[[3,6,1,1,1,1,0,0,0],5,1].
[[2,7,0,0,0,0,1,2,0],0,4].
[[3,8,1,1,1,0,1,1,2],2,4].
[[3,3,1,1,1,1,2,3,2],4,0].
[[1,2,1,0,0,0,0,0,0],2,0].
[[3,2,1,1,2,1,2,3,0],1,0].
[[3,7,2,1,2,0,1,2,0],3,0].
[[3,4,0,1,2,0,2,2,2],0,1].
[[1,7,1,1,2,1,2,2,1],5,3].
[[3,3,1,1,2,1,2,1,0],3,0].
[[1,7,2,1,2,1,1,2,1],2,1].
[[3,8,0,1,1,0,2,3,2],0,3].
[[2,3,1,0,0,0,2,3,2],9,0].
[[2,9,1,1,2,0,1,1,0],0,10].
[[2,5,0,1,1,0,1,1,1],0,1].
[[3,4,0,1,2,0,1,1,1],0,2].
[[2,9,1,1,1,1,1,1,0],3,6].
[[1,6,1,1,2,1,1,2,1],2,0].
[[1,8,1,1,1,1,1,2,0],2,0].
[[3,3,1,1,1,1,0,0,0],4,0].
[[2,6,0,1,2,1,1,2,2],2,2].
[[3,7,0,1,2,0,1,2,0],3,4].
[[3,7,2,0,0,0,1,2,0],4,0].
[[2,9,2,1,1,0,2,1,0],0,1].
[[3,3,2,1,1,0,2,2,2],1,0].
[[3,6,1,0,0,0,1,1,0],2,1].
[[3,3,2,1,2,0,0,0,0],11,0].
[[3,3,2,0,0,0,2,1,1],1,0].
[[3,2,1,1,2,0,2,3,2],1,0].
[[2,8,1,1,1,0,1,1,1],0,2].
[[3,6,0,1,1,1,2,1,1],0,1].
[[2,3,2,1,2,1,2,3,1],3,0].
[[3,7,0,0,0,0,1,1,1],1,3].
[[1,8,1,1,1,1,1,1,2],3,0].
[[2,3,2,1,2,1,2,2,2],1,0].
[[3,6,1,1,1,0,1,2,2],0,1].
[[3,7,1,1,1,0,2,2,1],7,5].
[[2,7,2,0,0,0,2,3,0],4,0].
[[2,7,1,1,1,1,2,3,0],2,0].
[[2,9,2,1,1,0,2,3,0],1,5].
[[2,7,2,1,1,1,1,2,2],2,1].
[[2,6,1,1,1,1,2,2,1],3,1].
[[1,7,2,1,2,1,2,1,1],2,0].
[[2,7,0,0,0,0,2,1,0],1,4].
[[1,7,2,1,2,1,1,2,2],4,1].
[[2,3,2,1,2,1,1,2,2],1,0].
[[3,9,1,1,1,1,2,1,1],0,2].
[[2,7,2,1,2,0,2,1,0],1,0].
[[1,6,1,0,0,0,2,1,1],7,3].
[[2,6,1,1,2,0,1,1,1],1,3].
[[3,6,1,1,1,0,1,2,1],2,2].
[[2,6,1,1,2,0,2,1,1],3,1].
[[3,8,1,1,1,0,2,1,1],0,4].
[[2,7,2,1,2,1,1,1,1],8,4].
[[2,5,0,1,2,0,2,3,0],3,0].
[[3,5,0,1,1,0,2,3,0],1,0].
[[2,6,0,1,2,1,2,1,0],0,1].
[[1,7,2,0,0,0,1,1,1],5,2].
[[3,6,1,1,1,1,2,3,2],8,1].
[[3,3,1,1,2,0,2,3,2],7,0].
[[3,7,2,1,1,1,1,1,0],0,1].
[[2,7,1,1,2,0,1,1,2],1,1].
[[3,6,1,1,1,1,2,2,1],11,0].
[[2,9,1,1,1,0,1,2,0],0,1].
[[1,5,0,1,2,1,2,3,0],3,0].
[[3,7,1,1,1,0,2,2,0],0,4].
[[2,2,1,0,0,0,2,3,2],2,0].
[[3,2,1,0,0,0,1,2,2],2,0].
[[3,5,0,1,1,0,1,2,2],1,0].
[[3,8,0,1,1,0,1,1,2],0,3].
[[3,5,0,0,0,0,2,1,0],3,0].
[[2,5,0,1,2,0,1,1,0],3,3].
[[3,8,1,0,0,0,0,0,0],0,4].
[[1,8,1,1,2,0,1,1,1],2,1].
[[2,7,1,1,2,0,2,2,0],6,2].
[[3,7,2,1,1,0,2,2,0],1,2].
[[2,3,2,1,2,1,2,2,1],1,0].
[[3,3,2,1,2,1,2,3,0],1,0].
[[1,8,1,1,1,1,1,1,1],2,1].
[[2,6,0,0,0,0,2,1,1],2,2].
[[2,6,0,0,0,0,1,1,1],1,0].
[[3,6,0,1,2,1,1,1,1],2,2].
[[2,4,1,1,2,0,2,3,2],5,1].
[[1,5,0,1,1,1,1,1,1],1,0].
[[2,7,0,0,0,0,1,1,1],0,1].
[[3,7,1,1,1,0,1,1,2],2,0].
[[2,3,1,0,0,0,1,2,1],2,0].
[[3,3,1,1,1,1,1,2,2],2,0].
[[2,7,1,0,0,0,1,2,0],3,0].
[[3,6,0,1,1,1,2,2,1],2,3].
[[2,3,2,1,2,1,1,2,1],1,0].
[[3,3,2,1,1,1,1,2,1],1,0].
[[2,3,2,0,0,0,1,2,2],3,0].
[[3,3,2,0,0,0,1,2,1],2,0].
[[2,5,0,1,2,1,2,1,0],2,0].
[[1,6,0,0,0,0,2,1,0],1,0].
[[2,6,0,1,2,1,1,2,0],1,1].
[[3,3,1,1,2,1,1,1,1],3,0].
[[3,6,1,1,1,0,1,1,1],2,2].
[[2,6,1,1,2,0,1,2,1],4,2].
[[3,3,2,1,2,0,2,2,0],1,0].
[[3,7,0,0,0,0,1,1,2],2,3].
[[3,3,2,1,2,0,2,1,0],3,0].
[[3,9,1,0,0,0,2,3,1],0,1].
[[3,9,1,1,1,0,1,1,1],1,0].
[[2,7,0,1,2,1,2,1,0],1,2].
[[2,9,1,1,1,0,2,1,0],1,0].
[[2,7,0,0,0,0,1,2,2],0,1].
[[2,7,0,1,2,1,1,2,2],0,1].
[[1,3,2,0,0,0,2,3,1],3,0].
[[3,6,0,1,2,1,1,1,2],0,3].
[[2,6,1,1,2,0,2,2,1],3,0].
[[2,3,2,1,2,0,2,3,1],3,0].
[[3,6,1,1,1,0,2,3,2],0,1].
[[3,7,2,1,1,1,2,2,0],1,0].
[[3,7,2,1,2,0,1,1,0],0,1].
[[3,7,1,1,1,0,0,0,0],2,2].
[[3,3,1,1,1,1,2,2,1],5,0].
[[2,9,1,0,0,0,2,1,1],0,3].
[[2,2,1,1,2,1,0,0,0],1,0].
[[3,2,1,1,2,1,2,2,2],2,0].
[[3,9,1,1,2,1,2,3,1],0,1].
[[3,6,1,1,1,0,2,2,2],0,1].
[[3,5,0,1,1,0,1,2,1],6,8].
[[3,6,1,1,1,1,1,1,0],2,0].
[[3,2,1,1,2,1,2,3,2],1,0].
[[1,8,1,1,2,1,1,1,0],3,1].
[[2,7,2,1,1,0,1,2,1],1,0].
[[3,8,0,1,1,0,2,1,1],0,1].
[[3,3,1,1,1,1,2,3,0],1,0].
[[3,2,1,1,2,0,0,0,0],1,0].
[[2,6,1,1,2,1,1,2,0],0,1].
[[2,7,1,1,1,1,2,1,0],2,0].
[[2,2,1,1,2,1,2,2,2],1,0].
[[3,7,2,1,1,1,2,1,0],5,0].
[[2,7,2,1,1,0,0,0,0],0,1].
[[3,4,0,1,2,0,0,0,0],0,1].
[[3,3,2,1,1,0,2,3,2],1,0].
[[3,6,1,1,1,0,0,0,0],2,0].
[[3,7,1,1,1,0,1,1,0],1,1].
[[3,6,0,1,2,0,1,2,1],0,1].
[[2,7,2,1,1,0,2,2,1],0,1].
[[3,7,0,1,1,1,1,1,1],1,1].
[[2,2,0,0,0,0,0,0,0],0,1].
[[3,2,0,1,2,1,0,0,0],0,1].
[[3,3,2,1,1,1,1,1,1],1,0].
[[3,9,1,1,1,0,0,0,0],0,1].
[[3,9,1,1,2,1,0,0,0],0,1].
[[2,7,1,0,0,0,1,1,0],1,1].
[[1,7,1,0,0,0,1,2,2],1,0].
[[3,2,1,1,2,0,1,2,1],1,0].
[[1,8,1,1,2,0,1,1,0],0,1].
[[2,4,1,1,2,0,2,1,1],0,1].
[[2,7,2,1,1,1,2,1,0],1,0].
[[2,7,0,0,0,0,1,1,2],1,0].
[[1,8,0,1,2,1,1,1,1],1,0].
[[2,9,1,1,1,1,0,0,0],1,0].
[[1,7,2,1,2,0,2,3,1],3,0].
[[3,9,1,0,0,0,2,1,1],0,2].
[[3,3,2,1,2,0,2,1,1],1,0].
[[3,9,1,1,2,1,2,1,1],0,1].
[[2,9,1,1,2,0,2,1,1],0,1].
[[3,7,0,1,1,1,1,2,0],1,2].
[[3,3,1,1,1,1,2,2,0],1,0].
[[3,9,1,1,1,0,1,1,2],0,1].
[[1,5,0,1,2,0,1,2,1],1,1].
[[2,5,0,1,1,0,1,2,1],1,3].
[[3,7,0,1,1,1,1,1,2],0,2].
[[1,5,0,1,2,0,1,1,1],1,0].
[[2,6,1,1,2,1,1,1,1],2,0].
[[3,2,1,1,2,1,1,2,1],1,0].
[[2,9,1,1,2,1,2,1,1],1,0].
[[2,7,2,1,1,1,2,1,1],1,0].
[[1,7,2,0,0,0,2,1,0],1,0].
[[2,7,2,1,2,1,1,2,0],1,0].
[[2,4,1,1,2,0,2,2,2],2,1].
[[3,9,1,0,0,0,0,0,0],0,1].
[[3,3,0,1,2,1,0,0,0],0,1].
[[2,3,2,0,0,0,2,1,1],1,0].
[[3,3,2,1,2,1,2,1,1],3,0].
[[3,3,1,1,1,1,1,1,1],1,0].
[[3,4,0,1,2,0,2,1,1],0,1].
[[2,3,1,0,0,0,2,1,0],1,0].
[[3,4,0,1,2,0,1,2,0],0,1].
[[3,3,0,0,0,0,2,1,0],0,1].
[[3,6,1,1,1,0,1,1,0],0,1].
[[2,3,2,1,2,1,2,3,2],2,0].
[[3,3,1,1,2,0,2,1,1],1,0].
[[1,6,1,0,0,0,1,2,2],1,1].
[[3,7,2,1,1,0,1,1,0],1,0].
[[2,7,2,1,1,1,2,3,0],1,0].
[[3,3,0,1,2,1,2,3,2],0,1].
[[3,3,1,0,0,0,1,1,2],1,0].
[[3,3,1,1,2,0,1,2,1],1,0].
[[3,6,0,1,1,1,1,1,1],0,1].
[[3,3,0,0,0,0,0,0,0],0,1].
[[2,5,0,1,1,0,1,1,0],0,1].
[[3,7,2,1,1,1,2,3,0],0,1].
[[2,7,2,1,2,0,2,2,0],2,0].
[[3,6,0,0,0,0,1,1,1],1,0].
[[3,6,1,1,1,0,2,3,1],1,1].
[[3,4,0,1,2,0,1,1,2],0,1].
[[1,6,1,0,0,0,2,1,0],1,0].
[[1,3,2,0,0,0,2,3,2],1,0].
[[3,8,0,1,1,0,1,1,1],0,1].
[[3,6,1,1,1,0,2,2,0],0,1].
[[3,2,1,0,0,0,1,2,1],1,0].
[[2,6,0,1,2,1,1,2,1],1,0].
[[1,8,1,1,2,0,1,2,0],0,1].
[[3,3,2,1,1,1,0,0,0],1,0].
[[2,6,0,0,0,0,1,1,0],0,1].
[[3,6,0,1,2,0,1,1,0],0,1].
[[1,3,2,0,0,0,1,2,2],1,0].
[[3,7,0,1,2,0,1,1,2],0,1].
[[3,2,1,1,2,1,0,0,0],1,0].
[[2,3,2,1,2,0,2,2,2],1,0].
[[3,6,1,1,1,0,1,2,0],1,0].
[[3,6,0,1,1,1,1,1,2],0,1].
[[3,3,2,1,1,1,2,3,0],1,0].
[[2,6,1,1,2,1,1,1,0],1,0].
[[3,7,2,1,1,1,2,1,1],1,0].
end_of_file.
