total_WL(15208,20303).
[[1,5,0,1,2,0,2,2,0],3,0].
[[2,5,0,1,2,0,2,2,0],18,0].
[[3,5,0,1,2,1,2,3,0],104,7].
[[1,9,2,1,2,1,1,2,1],75,87].
[[2,9,2,1,1,1,1,2,1],23,53].
[[3,4,1,1,2,0,1,2,1],64,16].
[[1,8,0,1,2,1,0,0,0],138,295].
[[2,8,0,1,2,1,2,1,0],29,151].
[[3,8,0,1,2,1,1,1,0],17,180].
[[1,8,1,1,2,1,0,0,0],270,188].
[[2,8,1,1,2,1,2,1,0],77,41].
[[3,8,1,1,2,1,2,1,0],77,78].
[[1,9,2,0,0,0,1,2,2],419,847].
[[2,9,2,1,2,1,1,2,1],91,227].
[[3,8,0,1,1,1,1,2,1],14,93].
[[1,9,2,1,2,1,2,1,0],105,226].
[[2,9,2,1,2,1,1,2,0],77,275].
[[3,8,1,1,2,1,1,1,1],65,74].
[[1,9,2,0,0,0,0,0,0],346,1416].
[[2,8,0,0,0,0,0,0,0],59,374].
[[3,8,0,1,2,1,2,1,0],21,270].
[[1,9,2,1,2,1,2,2,2],100,264].
[[2,8,0,1,2,1,2,2,2],34,165].
[[1,9,2,0,0,0,2,3,0],496,1142].
[[2,9,2,1,2,1,2,3,0],148,565].
[[3,8,0,1,2,1,2,3,0],57,527].
[[1,8,1,0,0,0,2,1,2],220,110].
[[2,8,1,1,2,1,2,1,2],71,30].
[[3,8,1,1,2,1,1,1,2],121,68].
[[1,8,1,1,2,1,2,3,1],264,118].
[[2,8,1,1,2,1,2,3,1],346,219].
[[3,8,1,1,2,1,2,3,1],187,170].
[[1,8,0,0,0,0,0,0,0],328,965].
[[2,8,0,0,0,0,2,2,2],38,212].
[[3,8,0,1,2,0,2,2,2],3,35].
[[2,9,2,0,0,0,2,1,0],56,268].
[[3,9,2,1,2,0,2,1,0],1,33].
[[1,8,1,1,2,1,1,1,1],19,15].
[[2,8,1,1,2,1,1,1,1],46,45].
[[3,8,1,1,1,1,1,2,0],51,36].
[[1,9,2,0,0,0,1,2,1],149,236].
[[3,5,0,1,2,1,1,2,1],245,2].
[[1,8,0,1,2,1,2,2,0],22,45].
[[2,8,0,1,2,1,2,3,0],71,322].
[[1,8,1,0,0,0,2,3,1],738,329].
[[2,8,1,0,0,0,2,3,1],387,240].
[[3,8,1,0,0,0,2,3,1],70,74].
[[1,9,2,0,0,0,2,2,0],401,961].
[[2,8,1,0,0,0,2,2,0],177,80].
[[3,8,1,1,2,1,2,2,0],154,138].
[[1,8,1,0,0,0,2,3,0],186,83].
[[2,8,1,0,0,0,2,3,0],202,123].
[[1,8,1,0,0,0,2,1,0],114,58].
[[2,8,1,1,2,0,2,1,0],19,30].
[[3,8,1,1,2,0,2,1,0],28,30].
[[1,8,1,0,0,0,1,1,1],41,43].
[[3,8,1,1,2,1,1,2,0],151,87].
[[2,9,2,1,2,0,1,2,1],21,54].
[[3,5,0,1,1,0,1,1,1],6,5].
[[1,8,1,1,2,1,2,3,0],60,25].
[[2,8,1,1,2,1,2,3,0],156,93].
[[3,7,2,1,2,1,2,2,2],50,13].
[[1,8,0,0,0,0,1,2,0],8,16].
[[2,8,0,1,2,1,1,2,0],21,96].
[[3,8,0,1,2,1,1,2,0],19,335].
[[1,7,1,0,0,0,0,0,0],199,103].
[[2,7,1,0,0,0,2,2,2],93,46].
[[3,7,1,0,0,0,1,1,2],40,20].
[[1,8,0,0,0,0,1,1,2],28,22].
[[2,8,0,1,2,1,1,1,2],43,56].
[[3,5,0,1,1,1,1,1,2],101,3].
[[1,9,2,1,2,1,2,1,1],11,22].
[[2,9,2,1,2,1,2,3,1],60,267].
[[3,9,1,1,2,1,2,3,0],5,53].
[[1,8,0,0,0,0,2,3,2],88,299].
[[2,8,0,0,0,0,2,3,2],46,216].
[[3,8,0,0,0,0,2,2,2],4,42].
[[2,9,2,0,0,0,1,2,2],158,551].
[[3,9,2,0,0,0,1,2,2],7,168].
[[1,9,2,0,0,0,2,2,2],198,722].
[[2,9,2,0,0,0,2,2,1],34,119].
[[3,9,1,1,2,1,1,1,1],3,17].
[[2,5,0,0,0,0,2,3,0],77,2].
[[3,5,0,0,0,0,1,2,0],59,0].
[[2,9,1,1,2,1,1,2,1],16,40].
[[3,9,1,1,1,1,1,2,1],4,37].
[[1,9,2,0,0,0,2,2,1],179,345].
[[2,8,1,1,2,1,2,2,1],123,99].
[[3,8,1,1,2,1,2,3,0],148,141].
[[1,8,1,0,0,0,0,0,0],837,627].
[[2,8,1,1,2,0,2,3,1],101,73].
[[1,9,2,1,2,1,1,2,2],224,353].
[[2,9,2,1,1,1,1,2,2],53,102].
[[3,9,2,1,1,1,1,2,2],9,159].
[[2,8,1,0,0,0,2,1,0],119,52].
[[3,6,1,0,0,0,2,1,0],21,2].
[[3,7,0,1,2,1,2,1,0],1,33].
[[2,8,0,1,2,1,2,3,2],28,201].
[[3,8,0,1,2,1,2,3,2],11,120].
[[2,8,0,0,0,0,2,2,0],90,273].
[[3,7,1,0,0,0,2,2,0],44,34].
[[2,7,1,1,2,0,0,0,0],22,24].
[[3,7,1,1,2,1,0,0,0],80,66].
[[1,8,1,1,2,0,0,0,0],33,36].
[[2,8,1,1,2,0,2,2,1],49,39].
[[3,8,1,1,2,0,2,2,0],42,50].
[[2,8,1,1,2,1,2,2,2],171,95].
[[3,7,1,1,2,1,2,2,2],130,45].
[[2,9,2,0,0,0,2,2,0],111,475].
[[3,9,2,1,2,1,2,3,0],17,236].
[[1,8,1,0,0,0,2,2,1],347,170].
[[2,7,1,0,0,0,2,2,1],64,27].
[[3,7,1,1,2,1,1,2,1],201,49].
[[1,9,2,0,0,0,1,1,2],221,234].
[[2,8,1,1,2,1,1,1,2],106,42].
[[1,9,2,0,0,0,2,3,1],333,863].
[[2,8,0,0,0,0,2,3,1],66,237].
[[3,8,0,1,2,1,2,2,0],45,418].
[[1,7,2,1,2,0,2,3,1],2,2].
[[2,7,2,1,2,0,2,3,1],14,6].
[[3,7,2,1,2,0,2,3,1],34,5].
[[3,8,0,0,0,0,0,0,0],0,38].
[[3,8,1,0,0,0,2,3,0],78,53].
[[1,6,1,0,0,0,0,0,0],219,14].
[[2,6,1,0,0,0,2,1,1],15,0].
[[3,5,0,1,2,1,1,1,1],214,9].
[[2,8,1,0,0,0,1,2,2],340,186].
[[3,7,2,0,0,0,1,2,2],82,25].
[[1,8,1,1,2,1,2,3,2],200,78].
[[2,6,1,1,2,1,2,3,2],39,1].
[[3,6,1,1,2,1,2,3,2],42,1].
[[1,8,1,0,0,0,2,3,2],563,246].
[[2,8,1,1,2,1,2,3,2],183,99].
[[3,8,1,1,1,1,2,3,2],28,13].
[[2,8,1,0,0,0,2,3,2],229,118].
[[3,7,1,1,2,1,2,3,2],127,71].
[[3,8,0,0,0,0,2,2,0],18,177].
[[2,5,0,1,2,1,2,2,0],51,1].
[[3,5,0,1,2,1,1,2,0],145,4].
[[1,9,2,1,2,1,2,3,0],236,516].
[[1,8,1,0,0,0,2,1,1],126,56].
[[2,7,2,0,0,0,1,1,2],32,14].
[[3,7,2,1,2,1,1,1,2],37,16].
[[2,8,1,1,2,0,1,2,1],69,38].
[[3,8,1,1,2,0,1,2,1],154,104].
[[2,9,2,1,2,1,2,2,2],20,132].
[[3,9,1,1,2,1,2,2,0],9,90].
[[2,7,2,0,0,0,1,2,2],85,20].
[[1,9,2,1,2,1,2,3,2],112,302].
[[2,9,2,1,2,1,1,2,2],174,535].
[[1,9,2,1,2,1,2,3,1],160,333].
[[3,8,1,1,2,1,1,2,2],352,224].
[[1,9,2,1,2,1,0,0,0],179,546].
[[2,9,2,1,2,1,2,2,0],114,443].
[[2,7,0,0,0,0,0,0,0],7,31].
[[3,7,0,0,0,0,2,1,2],1,9].
[[3,8,0,1,1,1,2,3,0],25,176].
[[2,7,1,1,2,1,2,3,1],104,45].
[[3,5,0,1,1,1,1,2,1],80,5].
[[3,7,1,1,2,1,2,3,0],98,51].
[[1,8,0,0,0,0,2,1,1],8,7].
[[2,8,0,0,0,0,2,1,1],12,12].
[[3,7,1,0,0,0,2,2,2],76,25].
[[2,9,2,1,2,1,2,2,1],41,102].
[[3,8,1,1,2,1,2,2,1],80,97].
[[2,8,1,1,2,0,1,1,1],14,18].
[[3,6,1,1,1,0,1,1,1],0,1].
[[2,9,2,0,0,0,1,2,0],69,251].
[[3,9,1,0,0,0,1,2,0],12,100].
[[3,8,0,0,0,0,2,3,0],18,228].
[[1,8,0,0,0,0,2,3,1],71,171].
[[2,8,0,1,2,1,2,3,1],55,206].
[[3,8,0,1,2,1,2,3,1],28,212].
[[1,7,2,0,0,0,2,1,2],37,11].
[[2,3,2,0,0,0,2,1,2],11,0].
[[3,3,2,1,2,0,2,1,2],2,0].
[[2,9,2,1,1,1,1,1,0],16,33].
[[3,8,0,1,1,1,1,1,0],10,61].
[[1,9,2,0,0,0,1,1,1],27,40].
[[3,5,0,1,2,1,1,1,0],54,19].
[[1,9,2,0,0,0,1,1,0],54,182].
[[2,9,2,1,2,1,1,1,0],39,150].
[[3,8,1,1,2,1,1,2,1],396,202].
[[2,8,1,0,0,0,2,2,2],201,111].
[[3,8,1,0,0,0,2,2,2],36,22].
[[1,6,1,1,2,1,0,0,0],44,2].
[[2,6,1,1,1,1,0,0,0],9,1].
[[3,6,1,1,1,1,2,3,1],16,2].
[[1,8,1,1,2,1,2,2,0],50,22].
[[2,8,1,1,2,1,1,2,0],57,31].
[[3,8,1,1,2,1,1,1,0],83,45].
[[2,8,1,0,0,0,1,1,2],107,65].
[[3,8,1,0,0,0,1,2,1],195,107].
[[2,9,2,0,0,0,0,0,0],15,112].
[[3,9,2,1,2,0,2,2,0],1,61].
[[2,9,2,0,0,0,2,3,0],137,581].
[[1,8,0,1,2,1,1,1,0],0,4].
[[2,8,0,1,2,1,1,1,0],13,44].
[[3,8,0,1,2,1,1,2,2],30,553].
[[3,9,2,1,2,0,1,2,1],14,91].
[[1,9,2,0,0,0,2,1,1],41,57].
[[2,9,2,0,0,0,1,1,1],13,48].
[[3,5,0,0,0,0,1,1,1],94,8].
[[2,8,1,0,0,0,0,0,0],108,133].
[[1,8,1,1,1,1,0,0,0],32,20].
[[2,4,1,1,2,0,2,1,1],4,0].
[[3,4,1,1,2,0,2,1,1],9,1].
[[3,7,1,1,2,1,2,2,1],101,52].
[[2,8,1,0,0,0,1,1,0],40,33].
[[3,8,1,0,0,0,1,1,0],28,22].
[[3,8,1,1,2,0,1,2,0],57,43].
[[3,5,0,0,0,0,1,1,2],108,3].
[[2,8,0,1,2,1,2,2,0],61,242].
[[3,8,0,1,1,1,2,2,0],7,139].
[[1,8,0,0,0,0,2,1,2],41,119].
[[2,6,0,1,2,1,2,1,2],0,2].
[[3,6,0,1,2,1,2,3,1],5,22].
[[1,8,1,1,2,1,1,2,1],72,31].
[[2,8,1,1,2,1,1,2,1],245,93].
[[1,9,2,0,0,0,1,2,0],115,301].
[[3,8,0,1,2,0,1,2,0],2,87].
[[2,9,2,1,2,1,2,3,2],28,122].
[[3,9,2,1,2,1,1,2,1],42,230].
[[3,8,1,0,0,0,2,2,0],56,69].
[[3,9,2,1,2,1,1,2,0],19,267].
[[3,9,2,1,2,1,1,1,0],13,158].
[[3,5,0,1,2,0,1,1,0],19,5].
[[1,9,2,1,2,1,2,2,0],194,376].
[[1,8,1,1,1,1,2,3,1],29,6].
[[2,8,1,1,1,1,2,3,1],66,30].
[[3,4,1,1,2,0,2,3,1],38,3].
[[1,8,1,0,0,0,1,2,1],223,105].
[[1,8,1,0,0,0,2,2,2],487,245].
[[3,7,2,0,0,0,2,2,2],34,4].
[[1,8,0,0,0,0,2,2,2],99,249].
[[3,7,0,0,0,0,2,2,2],3,17].
[[3,7,1,0,0,0,2,3,2],67,33].
[[2,6,0,0,0,0,0,0,0],12,36].
[[3,6,0,0,0,0,2,3,1],2,12].
[[2,9,1,0,0,0,1,2,0],16,94].
[[1,7,2,0,0,0,2,3,2],91,16].
[[2,7,2,0,0,0,2,3,2],100,14].
[[2,9,2,0,0,0,1,1,2],70,166].
[[3,5,0,1,2,0,1,1,2],74,5].
[[2,8,0,1,2,1,1,2,1],42,59].
[[2,8,1,1,1,1,2,2,1],30,17].
[[3,7,1,1,1,1,2,2,1],32,14].
[[2,8,0,0,0,0,1,1,2],46,64].
[[3,8,0,1,2,1,1,1,2],6,156].
[[3,7,2,1,2,1,2,3,1],52,15].
[[3,7,1,1,1,1,2,3,1],51,40].
[[2,8,1,0,0,0,1,2,1],284,138].
[[1,8,0,0,0,0,2,3,0],91,203].
[[2,8,0,0,0,0,1,2,0],24,81].
[[3,8,1,1,1,1,2,3,0],45,61].
[[2,8,1,0,0,0,2,1,1],57,46].
[[3,7,1,0,0,0,2,1,1],15,15].
[[1,9,2,1,1,1,2,3,0],39,50].
[[2,9,1,1,1,1,2,3,0],4,6].
[[3,9,1,1,1,1,2,3,0],6,30].
[[2,7,1,1,2,0,2,3,0],7,2].
[[3,7,1,1,2,0,1,1,2],26,7].
[[2,7,2,1,2,1,1,2,2],51,12].
[[3,7,2,1,1,1,1,2,2],34,10].
[[1,5,0,1,1,1,1,1,2],6,1].
[[2,5,0,1,1,1,1,1,1],19,4].
[[3,1,1,1,2,0,1,1,1],2,0].
[[1,9,2,0,0,0,2,3,2],220,754].
[[3,8,1,1,2,0,2,3,1],56,71].
[[2,8,0,0,0,0,1,2,2],83,255].
[[3,7,1,1,2,1,1,2,2],217,77].
[[2,9,2,0,0,0,2,2,2],24,143].
[[3,8,1,1,2,0,2,2,2],17,13].
[[3,9,2,0,0,0,1,2,1],9,98].
[[2,6,1,0,0,0,2,3,1],67,2].
[[3,6,1,0,0,0,2,3,0],27,0].
[[2,7,2,0,0,0,2,3,1],48,9].
[[3,7,2,1,2,1,1,2,2],138,33].
[[2,9,2,1,1,1,0,0,0],5,19].
[[3,4,1,1,2,0,2,2,0],57,14].
[[2,7,1,1,2,1,2,1,1],23,6].
[[3,8,0,0,0,0,1,2,0],11,116].
[[1,9,2,0,0,0,2,1,0],188,583].
[[2,9,1,0,0,0,2,1,0],10,41].
[[3,9,1,1,2,1,1,2,1],21,92].
[[1,8,1,1,2,1,2,2,1],91,51].
[[3,8,1,0,0,0,2,1,0],47,33].
[[2,9,2,0,0,0,1,1,0],29,125].
[[3,5,0,0,0,0,1,1,0],27,7].
[[2,8,0,0,0,0,2,3,0],100,346].
[[3,8,0,1,2,0,2,3,0],14,145].
[[3,9,2,1,2,1,1,2,2],12,409].
[[1,9,2,1,2,1,1,1,0],27,58].
[[2,5,0,1,2,1,2,3,0],45,5].
[[3,5,0,1,1,1,1,2,0],45,12].
[[3,7,1,0,0,0,2,3,0],69,32].
[[2,9,2,1,2,1,2,1,0],67,265].
[[3,7,1,1,2,1,1,1,2],76,32].
[[2,7,1,1,2,0,2,2,1],7,8].
[[3,7,1,1,1,0,2,2,0],3,5].
[[2,9,2,1,1,1,2,3,0],50,139].
[[3,9,1,1,1,1,1,2,0],8,100].
[[3,9,2,0,0,0,2,3,0],5,101].
[[2,9,1,0,0,0,1,1,0],3,47].
[[3,8,0,0,0,0,1,1,0],5,59].
[[3,8,0,0,0,0,1,2,1],25,102].
[[1,8,1,0,0,0,1,2,2],268,112].
[[2,7,1,0,0,0,1,2,2],48,20].
[[2,8,0,0,0,0,1,1,1],11,13].
[[3,8,0,0,0,0,1,1,1],8,17].
[[3,8,1,0,0,0,2,3,2],34,19].
[[2,8,1,1,1,1,1,2,1],63,19].
[[3,8,1,1,1,1,1,2,1],125,74].
[[3,7,0,1,2,1,2,3,2],3,44].
[[1,9,2,1,2,1,1,2,0],67,143].
[[2,9,2,1,1,1,1,2,0],35,51].
[[3,4,1,1,2,0,1,2,0],67,15].
[[1,8,0,1,2,1,2,3,0],34,60].
[[3,7,1,1,2,1,2,2,0],90,40].
[[2,9,1,1,2,1,1,2,2],6,30].
[[3,9,1,1,1,1,1,2,2],3,36].
[[2,7,1,1,2,1,0,0,0],97,94].
[[2,9,2,0,0,0,1,2,1],86,230].
[[3,9,1,1,2,0,1,1,0],2,45].
[[1,8,1,1,2,1,2,1,2],80,34].
[[3,5,0,1,2,1,1,1,2],267,5].
[[2,7,1,1,2,1,1,2,1],34,10].
[[3,3,1,1,2,1,1,2,1],10,0].
[[2,9,1,1,2,1,1,1,0],7,38].
[[3,9,0,1,1,1,1,1,0],0,4].
[[3,5,0,0,0,0,1,2,1],102,0].
[[1,8,0,1,2,1,2,2,2],30,79].
[[1,9,2,1,2,1,1,1,2],79,91].
[[2,5,0,1,2,1,1,1,2],107,2].
[[1,9,2,1,2,0,2,3,2],12,40].
[[2,9,2,1,2,0,1,2,2],35,124].
[[3,5,0,1,2,0,1,1,1],62,8].
[[3,8,0,0,0,0,1,2,2],22,233].
[[2,8,1,1,2,1,0,0,0],86,111].
[[2,8,1,0,0,0,1,1,1],66,59].
[[2,9,2,1,2,1,2,1,2],12,53].
[[3,9,1,1,2,1,2,1,0],8,53].
[[2,9,1,1,2,1,1,2,0],20,86].
[[2,5,0,1,2,1,1,1,1],81,6].
[[3,5,0,1,1,1,1,1,1],80,11].
[[1,8,1,1,2,0,2,2,0],10,11].
[[2,8,1,1,2,0,2,2,0],47,43].
[[2,8,1,1,2,1,2,2,0],131,70].
[[2,7,2,1,2,1,1,1,2],12,10].
[[2,8,1,0,0,0,1,2,0],75,38].
[[1,9,2,1,1,1,1,2,0],7,13].
[[3,7,1,0,0,0,0,0,0],36,48].
[[2,8,0,1,1,1,2,1,2],6,4].
[[3,7,0,1,1,1,2,1,2],1,5].
[[2,6,1,1,2,0,2,1,2],5,0].
[[3,6,1,1,2,0,1,1,2],7,1].
[[3,8,0,1,2,1,1,2,1],42,254].
[[3,9,2,1,1,1,1,2,0],6,109].
[[2,8,0,0,0,0,2,1,2],16,85].
[[3,8,0,1,2,1,2,1,2],7,59].
[[1,9,2,1,2,1,2,2,1],67,133].
[[1,9,2,0,0,0,2,1,2],111,248].
[[2,9,2,0,0,0,2,1,2],6,56].
[[3,9,2,0,0,0,1,1,2],3,39].
[[3,8,1,1,2,1,2,2,2],68,37].
[[2,8,1,1,2,0,2,1,2],25,21].
[[3,8,1,1,2,0,2,1,2],11,9].
[[1,8,1,1,2,0,1,1,1],2,2].
[[1,8,0,1,2,1,2,3,2],30,86].
[[2,8,0,1,1,1,2,3,0],26,42].
[[3,8,0,1,1,1,2,1,0],9,70].
[[3,9,2,0,0,0,2,1,0],3,44].
[[3,8,1,1,2,0,1,2,2],125,89].
[[2,9,1,1,2,1,2,1,0],9,33].
[[2,8,0,0,0,0,2,2,1],34,99].
[[3,7,1,1,2,0,2,2,1],24,25].
[[2,8,0,1,2,1,0,0,0],63,331].
[[3,8,0,1,2,1,2,2,1],21,99].
[[2,8,1,1,1,1,2,1,0],23,20].
[[3,7,2,1,1,1,2,1,0],5,2].
[[3,7,1,1,1,1,0,0,0],21,22].
[[3,9,1,1,2,1,1,1,2],8,40].
[[1,8,1,0,0,0,2,2,0],149,85].
[[2,5,0,1,2,0,1,2,0],3,5].
[[3,5,0,1,1,0,1,2,0],2,5].
[[1,5,0,0,0,0,1,2,0],15,1].
[[2,5,0,0,0,0,1,2,0],45,1].
[[3,5,0,1,2,0,1,2,0],43,9].
[[2,8,1,1,2,0,1,2,0],23,14].
[[3,7,2,1,1,0,1,2,0],1,0].
[[3,9,1,1,2,0,1,2,1],6,36].
[[2,9,2,1,2,1,1,1,2],70,145].
[[2,5,0,1,2,1,1,2,1],71,4].
[[1,8,1,1,1,1,2,2,2],14,3].
[[2,7,1,1,1,1,2,2,2],8,3].
[[3,7,1,1,1,1,1,1,2],16,17].
[[2,6,1,0,0,0,0,0,0],87,10].
[[3,6,1,0,0,0,2,2,0],12,2].
[[1,7,1,0,0,0,2,2,2],42,22].
[[3,7,1,1,2,0,1,2,2],64,30].
[[2,9,2,1,1,1,2,1,0],27,60].
[[3,9,1,1,1,1,2,1,0],5,21].
[[2,5,0,0,0,0,1,2,1],69,1].
[[3,8,1,0,0,0,1,2,0],68,46].
[[2,8,1,0,0,0,2,2,1],173,139].
[[3,8,1,0,0,0,2,2,1],32,39].
[[1,8,1,0,0,0,1,1,2],101,56].
[[1,7,2,0,0,0,0,0,0],161,30].
[[3,7,2,1,2,1,2,3,0],25,2].
[[3,8,0,0,0,0,2,1,0],10,111].
[[3,5,0,1,1,1,1,1,0],27,13].
[[1,8,1,1,1,1,2,3,0],3,2].
[[2,6,1,1,1,1,2,3,0],1,0].
[[3,6,1,1,1,1,2,3,0],5,0].
[[1,5,0,0,0,0,1,1,1],45,0].
[[2,5,0,0,0,0,1,1,1],91,2].
[[2,9,2,0,0,0,2,3,1],52,269].
[[2,7,1,0,0,0,2,3,2],98,37].
[[3,3,1,0,0,0,2,3,2],15,0].
[[2,7,2,0,0,0,0,0,0],65,10].
[[3,7,2,1,2,0,2,1,2],13,1].
[[2,5,0,0,0,0,2,2,0],61,5].
[[1,5,0,0,0,0,1,1,2],78,3].
[[2,5,0,0,0,0,1,1,2],136,2].
[[2,9,1,1,2,0,1,2,0],2,27].
[[2,9,2,0,0,0,2,3,2],13,138].
[[2,6,1,0,0,0,2,1,2],17,1].
[[3,8,1,1,2,1,2,3,2],77,38].
[[1,7,1,1,2,1,2,1,1],4,0].
[[3,7,1,1,2,1,2,1,1],26,14].
[[3,9,1,1,2,1,1,1,0],17,129].
[[2,7,1,0,0,0,0,0,0],150,111].
[[3,7,1,0,0,0,2,3,1],99,75].
[[2,9,2,1,2,0,1,1,0],5,60].
[[2,9,1,0,0,0,2,2,0],14,41].
[[1,7,1,1,2,1,0,0,0],35,21].
[[3,7,1,1,2,1,2,3,1],219,136].
[[3,8,0,1,1,1,1,2,2],14,176].
[[1,8,0,0,0,0,2,2,0],68,154].
[[2,9,2,1,1,1,2,2,2],9,26].
[[3,8,0,1,1,1,2,2,2],5,40].
[[2,9,2,1,2,0,0,0,0],1,34].
[[3,8,0,1,2,0,0,0,0],0,29].
[[2,9,2,1,2,0,2,3,1],15,66].
[[3,8,0,1,2,0,2,3,1],5,49].
[[2,8,0,1,1,1,0,0,0],15,30].
[[3,9,1,1,2,1,1,2,0],48,247].
[[2,9,2,1,2,0,2,2,0],30,116].
[[3,9,2,1,1,0,2,2,0],0,18].
[[2,9,1,1,2,1,1,1,2],6,15].
[[2,7,1,0,0,0,1,1,2],20,10].
[[3,7,2,1,2,0,1,1,2],15,16].
[[3,8,0,0,0,0,1,1,2],9,58].
[[2,7,1,0,0,0,2,1,2],56,19].
[[1,6,1,0,0,0,2,2,2],34,1].
[[2,6,1,1,2,1,1,2,2],20,2].
[[3,6,1,1,2,1,1,2,2],58,10].
[[3,9,1,0,0,0,1,2,1],5,46].
[[2,7,0,0,0,0,2,2,2],1,11].
[[3,7,0,1,2,0,2,2,2],0,7].
[[3,8,1,0,0,0,2,1,1],9,12].
[[3,7,1,0,0,0,2,1,0],33,11].
[[2,8,1,1,2,1,1,1,0],23,10].
[[3,7,2,1,2,1,1,1,0],6,1].
[[3,8,1,1,1,1,2,3,1],55,64].
[[3,9,2,1,2,1,1,1,2],6,105].
[[3,9,1,0,0,0,1,1,0],5,52].
[[1,5,0,0,0,0,2,3,0],38,3].
[[3,5,0,1,2,1,2,2,0],75,2].
[[2,8,1,1,1,1,2,2,0],24,16].
[[3,7,1,1,1,1,2,2,0],20,11].
[[3,8,0,1,1,1,1,2,0],12,100].
[[2,6,1,1,2,1,2,2,2],45,1].
[[1,9,2,1,2,0,0,0,0],15,71].
[[3,5,0,1,2,0,2,3,0],28,3].
[[2,7,2,1,2,0,2,1,2],12,4].
[[3,7,2,1,1,0,1,1,2],3,1].
[[2,7,1,0,0,0,2,3,1],139,58].
[[3,7,1,0,0,0,1,2,2],92,43].
[[3,8,1,0,0,0,1,1,1],36,42].
[[3,9,1,1,2,1,1,2,2],10,71].
[[3,7,1,1,2,0,2,2,0],33,18].
[[2,8,0,1,2,0,2,2,2],5,22].
[[3,7,1,1,2,0,2,3,2],42,18].
[[3,9,1,1,1,1,1,1,2],2,12].
[[1,6,1,1,2,1,2,3,1],5,0].
[[2,6,1,1,2,1,2,3,1],57,1].
[[3,6,1,1,2,1,2,3,1],82,1].
[[2,7,2,1,2,1,2,3,1],35,7].
[[1,9,2,1,1,1,2,2,0],36,39].
[[2,9,2,1,1,1,2,2,0],34,104].
[[3,9,2,1,1,1,2,3,0],4,127].
[[3,9,2,1,2,1,2,3,1],4,38].
[[2,7,2,0,0,0,2,2,2],80,13].
[[3,7,2,0,0,0,2,1,0],7,1].
[[1,6,0,0,0,0,2,3,2],1,6].
[[2,6,0,1,2,1,2,3,2],2,9].
[[3,6,0,1,1,1,2,3,2],0,8].
[[3,9,1,1,1,0,1,2,1],1,10].
[[2,5,0,1,2,0,1,1,2],23,4].
[[3,5,0,1,1,0,1,1,2],11,6].
[[3,4,1,1,2,0,2,3,0],67,13].
[[1,7,2,0,0,0,1,2,2],34,15].
[[1,8,1,1,2,0,2,3,2],22,19].
[[2,8,1,1,2,0,1,2,2],72,51].
[[3,7,0,0,0,0,2,2,0],1,18].
[[3,7,1,1,1,1,2,1,2],14,4].
[[3,6,1,1,2,1,2,2,2],37,0].
[[2,8,0,1,2,1,2,2,1],26,82].
[[2,8,1,1,2,0,1,1,2],30,26].
[[3,8,1,1,2,0,1,1,2],30,38].
[[2,8,0,1,1,1,2,2,2],6,29].
[[2,5,0,1,2,1,1,1,0],10,5].
[[2,8,1,1,2,0,2,3,2],54,34].
[[3,8,1,1,2,0,2,3,2],28,13].
[[1,8,1,1,2,1,1,2,2],80,38].
[[2,8,1,1,2,1,1,2,2],287,138].
[[1,8,0,0,0,0,2,2,1],33,64].
[[3,7,1,1,2,0,2,3,0],40,23].
[[3,7,1,0,0,0,1,2,1],93,21].
[[1,9,2,1,1,1,0,0,0],33,46].
[[3,8,0,1,1,1,0,0,0],0,35].
[[2,7,1,1,2,0,2,3,2],16,13].
[[2,7,2,1,2,1,2,3,0],8,0].
[[3,7,2,1,1,1,2,3,0],6,0].
[[3,3,1,0,0,0,2,2,2],12,1].
[[3,8,1,1,2,0,1,1,0],26,45].
[[1,8,1,1,1,1,2,1,0],4,4].
[[3,7,1,1,1,1,2,1,0],19,11].
[[1,8,1,1,2,1,2,1,0],38,6].
[[3,7,1,1,2,1,1,2,0],40,13].
[[3,3,2,1,2,1,2,3,2],29,0].
[[3,7,2,1,2,0,1,2,2],61,12].
[[1,9,2,1,2,0,2,2,0],11,55].
[[2,9,2,1,1,0,2,3,0],1,12].
[[3,9,2,1,1,0,1,2,0],1,18].
[[3,7,0,0,0,0,2,3,2],2,18].
[[2,9,2,1,2,0,1,2,0],12,72].
[[2,9,2,1,1,1,2,3,1],27,58].
[[3,8,0,1,1,1,2,3,1],6,70].
[[2,9,2,1,1,1,2,3,2],17,34].
[[3,8,0,1,1,1,2,3,2],3,33].
[[1,8,0,0,0,0,1,2,2],49,115].
[[3,8,0,1,2,0,1,2,2],7,137].
[[3,9,2,0,0,0,1,2,0],10,97].
[[1,8,1,1,2,1,2,2,2],176,72].
[[3,8,1,1,1,1,2,2,2],18,14].
[[2,9,2,1,2,0,2,3,0],40,135].
[[3,9,2,1,1,0,2,3,0],1,16].
[[3,5,0,0,0,0,2,3,0],53,0].
[[2,7,2,0,0,0,2,1,2],26,13].
[[3,7,2,0,0,0,2,1,2],10,1].
[[3,9,2,1,2,0,1,1,2],0,31].
[[2,8,0,1,2,0,0,0,0],4,52].
[[3,7,1,1,2,0,2,3,1],54,45].
[[2,9,1,0,0,0,1,2,1],12,53].
[[2,7,1,0,0,0,2,1,0],24,10].
[[3,8,1,0,0,0,1,2,2],163,102].
[[2,8,0,1,2,0,2,3,2],6,31].
[[3,8,0,1,1,0,1,2,2],0,16].
[[3,7,2,0,0,0,2,3,2],47,8].
[[1,9,2,1,1,1,2,1,0],21,21].
[[2,8,0,1,1,1,2,1,0],13,24].
[[1,8,1,1,1,1,2,3,2],18,7].
[[2,8,1,1,1,1,2,3,2],43,19].
[[2,6,1,1,2,0,0,0,0],13,0].
[[3,6,1,1,2,0,2,1,0],5,2].
[[2,3,2,1,2,1,0,0,0],13,0].
[[3,3,2,1,1,1,0,0,0],4,0].
[[1,8,0,0,0,0,2,1,0],31,96].
[[2,8,0,0,0,0,2,1,0],26,190].
[[2,7,1,1,2,1,2,3,2],85,31].
[[2,9,1,1,1,1,1,1,0],4,11].
[[3,4,1,1,2,0,1,1,0],32,12].
[[2,7,1,1,2,0,2,2,0],6,3].
[[3,7,0,1,2,0,2,2,0],1,9].
[[3,9,2,1,2,0,1,2,2],8,118].
[[2,9,2,1,2,1,0,0,0],10,108].
[[3,9,2,1,2,1,2,1,0],14,136].
[[3,7,1,1,1,1,1,2,2],62,22].
[[2,7,2,1,2,1,0,0,0],47,6].
[[2,6,0,0,0,0,2,3,2],2,12].
[[3,6,0,1,2,0,2,2,0],1,8].
[[3,8,0,1,2,0,1,1,2],3,43].
[[1,8,0,1,2,1,1,2,2],18,33].
[[2,8,0,1,2,1,1,2,2],78,258].
[[3,7,0,1,2,1,1,2,2],4,62].
[[3,9,2,1,2,0,1,1,1],2,8].
[[2,9,2,0,0,0,2,1,1],5,20].
[[2,7,1,1,2,1,1,2,2],43,13].
[[3,8,1,1,1,0,2,2,1],1,12].
[[3,7,1,1,2,0,1,2,1],51,22].
[[2,8,1,1,1,1,2,3,0],37,20].
[[3,9,2,0,0,0,2,2,0],3,90].
[[2,7,2,0,0,0,2,1,0],7,1].
[[2,6,0,0,0,0,1,2,2],1,6].
[[3,6,0,1,2,0,1,2,2],0,4].
[[3,7,1,1,2,1,2,1,2],57,20].
[[3,7,2,1,2,1,1,2,1],58,12].
[[3,7,1,1,1,0,2,1,0],2,3].
[[3,8,0,0,0,0,2,3,1],5,99].
[[3,7,1,1,2,0,0,0,0],21,19].
[[2,8,0,0,0,0,1,1,0],9,45].
[[3,8,0,1,2,0,1,1,0],4,55].
[[2,9,2,1,2,1,2,1,1],8,19].
[[3,8,0,1,2,1,2,1,1],3,17].
[[3,7,2,1,1,1,1,1,2],8,9].
[[1,9,2,1,2,0,2,3,1],5,29].
[[2,8,1,1,1,0,2,3,2],1,5].
[[3,7,1,1,1,0,2,3,2],4,11].
[[2,7,1,0,0,0,2,3,0],52,13].
[[3,8,1,1,1,1,1,1,0],27,17].
[[3,4,1,1,2,0,1,2,2],75,18].
[[2,8,0,1,2,0,2,2,0],9,38].
[[3,7,0,1,2,1,2,2,0],1,36].
[[3,9,2,1,2,0,2,3,0],2,97].
[[1,8,1,1,2,0,1,2,2],11,8].
[[2,8,1,1,1,0,1,2,2],4,8].
[[3,7,1,1,1,0,1,2,2],7,12].
[[3,7,0,1,2,1,2,3,0],3,71].
[[3,9,1,1,2,0,1,2,0],9,91].
[[3,9,2,1,2,1,2,2,0],11,200].
[[3,7,2,1,1,1,2,2,0],8,1].
[[3,7,1,1,2,1,1,1,1],35,19].
[[2,8,1,0,0,0,2,1,2],101,54].
[[2,8,1,1,1,1,1,2,0],14,7].
[[3,9,1,0,0,0,1,2,2],3,21].
[[3,9,2,1,1,1,1,2,1],10,94].
[[2,8,1,1,2,0,0,0,0],24,38].
[[3,8,0,1,2,1,2,2,2],7,111].
[[1,7,1,0,0,0,2,3,2],45,15].
[[3,6,0,1,2,1,2,2,1],3,6].
[[2,8,0,1,2,0,2,1,0],4,23].
[[3,8,0,1,2,0,2,1,0],3,55].
[[3,8,1,0,0,0,2,1,2],21,12].
[[1,7,2,1,2,1,2,1,2],6,1].
[[2,7,2,1,1,1,2,3,1],6,1].
[[1,8,1,1,2,1,1,1,2],35,8].
[[3,6,1,1,2,0,2,3,1],20,2].
[[1,8,1,1,2,1,2,1,1],30,23].
[[3,3,2,1,2,1,1,1,2],10,0].
[[3,7,0,1,2,1,2,3,1],7,52].
[[3,8,0,1,1,1,2,2,1],2,27].
[[1,9,2,1,1,1,2,3,2],17,31].
[[2,8,0,1,1,1,2,3,2],13,21].
[[2,8,1,1,2,0,2,2,2],49,27].
[[1,9,2,1,2,1,2,1,2],47,119].
[[2,9,1,1,2,1,2,2,0],13,61].
[[3,9,1,1,1,1,1,1,0],7,53].
[[3,8,1,1,1,1,2,1,1],7,8].
[[2,8,0,1,1,1,1,2,2],14,27].
[[3,9,1,1,2,0,2,1,0],2,21].
[[3,9,1,0,0,0,2,2,0],6,31].
[[3,7,2,1,2,0,1,2,1],14,7].
[[1,8,1,1,2,0,2,2,1],19,19].
[[3,5,0,1,1,0,1,2,1],9,5].
[[2,9,2,1,2,0,1,1,2],14,38].
[[3,9,2,1,1,0,1,1,2],1,4].
[[3,7,1,1,1,1,2,3,2],37,16].
[[2,7,1,1,2,0,2,1,2],13,2].
[[3,9,2,1,2,1,1,1,1],11,46].
[[3,8,0,1,2,1,0,0,0],0,107].
[[2,5,0,1,2,0,1,1,1],17,2].
[[1,9,2,1,2,0,2,1,2],3,12].
[[2,9,2,1,2,0,2,1,2],4,10].
[[3,9,1,1,1,0,1,1,2],0,5].
[[2,8,0,1,1,1,2,2,0],14,31].
[[1,7,2,0,0,0,2,2,1],14,2].
[[2,7,2,0,0,0,2,2,1],27,5].
[[3,9,0,0,0,0,1,1,0],0,6].
[[3,4,1,1,2,0,2,1,0],35,10].
[[3,5,0,0,0,0,1,2,2],22,0].
[[3,6,0,1,2,1,2,2,0],4,24].
[[1,5,0,0,0,0,2,2,0],39,3].
[[3,5,0,0,0,0,2,2,0],34,5].
[[3,9,2,0,0,0,1,1,0],5,53].
[[3,5,0,1,1,1,2,2,0],29,1].
[[1,8,1,1,2,0,2,2,2],24,15].
[[2,8,1,1,1,0,2,2,2],1,2].
[[3,8,1,1,1,0,2,2,2],3,6].
[[1,8,1,1,2,0,2,1,2],15,11].
[[3,8,1,1,1,0,1,2,2],17,29].
[[3,7,2,1,2,0,2,3,2],32,1].
[[2,6,1,0,0,0,2,2,2],40,3].
[[3,6,1,0,0,0,1,2,2],27,2].
[[1,7,2,1,2,1,0,0,0],43,3].
[[2,7,2,1,1,1,0,0,0],8,0].
[[3,7,2,1,2,1,2,2,0],41,6].
[[3,7,1,1,2,1,2,1,0],59,21].
[[2,6,1,0,0,0,2,2,1],36,1].
[[3,3,1,0,0,0,2,2,1],6,2].
[[2,7,1,1,2,1,2,3,0],19,8].
[[1,7,2,0,0,0,1,2,1],6,2].
[[2,7,2,1,2,1,1,1,0],1,1].
[[3,7,1,1,2,1,1,1,0],20,12].
[[3,6,1,0,0,0,2,3,2],20,1].
[[3,8,0,1,1,1,2,1,2],0,12].
[[3,6,1,0,0,0,2,3,1],44,1].
[[1,9,2,1,1,1,1,2,2],30,19].
[[2,4,1,1,2,0,1,2,2],16,6].
[[3,3,2,1,2,1,0,0,0],17,1].
[[3,7,0,1,1,1,2,3,0],1,16].
[[3,8,1,1,1,1,1,2,2],125,68].
[[3,6,1,0,0,0,1,2,1],23,2].
[[3,8,0,0,0,0,2,3,2],2,50].
[[2,9,2,1,1,1,1,1,2],20,33].
[[3,8,0,1,1,1,1,1,2],4,52].
[[3,3,2,1,2,0,0,0,0],13,0].
[[1,8,0,1,2,1,2,3,1],23,70].
[[3,8,1,1,1,1,2,1,0],27,42].
[[1,8,1,1,2,0,2,3,1],44,24].
[[2,6,0,0,0,0,2,2,0],2,11].
[[3,6,0,0,0,0,2,2,0],0,17].
[[1,9,2,1,1,1,2,2,2],13,25].
[[1,9,2,1,1,1,1,2,1],11,6].
[[2,4,1,1,2,0,1,1,0],7,2].
[[2,7,0,0,0,0,2,2,0],1,7].
[[3,7,0,1,2,0,1,1,0],0,4].
[[1,9,2,1,2,0,1,1,2],10,15].
[[2,8,0,1,2,0,1,1,2],2,14].
[[3,7,1,1,1,0,1,1,2],2,6].
[[2,8,1,1,1,1,1,1,2],20,15].
[[3,8,1,1,1,1,1,1,2],42,33].
[[2,8,0,0,0,0,1,2,1],35,64].
[[3,7,2,1,2,0,2,2,1],14,1].
[[3,5,0,1,2,0,2,2,0],29,2].
[[1,8,0,1,2,1,2,1,2],14,32].
[[3,4,1,1,2,0,1,1,2],35,14].
[[3,9,2,0,0,0,2,3,1],2,18].
[[3,8,0,1,1,0,2,2,0],0,16].
[[3,9,2,1,1,0,2,3,1],0,4].
[[3,7,1,0,0,0,2,1,2],35,13].
[[3,8,1,1,1,1,2,2,0],46,44].
[[3,7,1,1,2,0,2,2,2],38,14].
[[3,7,1,1,1,1,2,2,2],24,11].
[[1,7,2,0,0,0,2,2,2],95,17].
[[1,8,0,1,2,1,2,1,1],7,2].
[[2,6,1,0,0,0,2,3,2],59,2].
[[1,8,0,1,2,1,2,1,0],16,23].
[[2,7,1,1,2,1,2,1,0],13,3].
[[1,7,1,0,0,0,2,1,2],20,7].
[[1,3,2,0,0,0,2,3,2],3,0].
[[2,3,2,0,0,0,2,3,2],16,0].
[[3,3,2,0,0,0,2,3,2],20,1].
[[3,7,0,0,0,0,2,1,0],0,20].
[[2,7,2,0,0,0,2,2,0],13,2].
[[3,7,2,1,2,0,2,2,0],12,1].
[[3,8,0,1,1,0,1,2,0],0,10].
[[2,5,0,1,2,1,1,2,0],42,4].
[[2,9,2,1,2,0,2,1,0],7,52].
[[3,6,0,1,2,1,1,2,2],1,22].
[[3,7,0,1,2,1,2,2,2],4,35].
[[1,9,2,1,2,0,2,3,0],18,48].
[[2,9,1,1,2,0,2,2,0],5,12].
[[3,9,1,1,2,0,2,2,0],2,30].
[[2,7,2,1,2,0,2,2,2],11,7].
[[3,7,2,1,1,0,1,2,1],6,5].
[[1,5,0,1,2,1,2,2,0],14,0].
[[2,5,0,1,1,1,2,2,0],17,1].
[[3,9,2,1,2,0,1,2,0],7,60].
[[2,9,2,1,2,1,1,1,1],19,41].
[[1,7,1,0,0,0,2,3,0],5,1].
[[3,7,1,0,0,0,1,2,0],34,3].
[[2,8,0,1,2,0,2,3,1],5,18].
[[3,7,0,1,2,0,2,3,1],2,8].
[[2,6,0,0,0,0,2,3,1],3,11].
[[3,6,0,1,2,1,2,3,2],3,15].
[[3,8,0,1,2,0,2,2,0],8,103].
[[3,7,0,0,0,0,2,3,1],2,18].
[[3,9,1,1,2,0,1,1,1],1,5].
[[2,8,0,1,2,1,2,1,2],15,88].
[[3,8,1,1,1,0,2,3,1],8,25].
[[1,9,2,1,2,0,1,2,2],11,40].
[[2,8,1,1,2,1,2,1,1],40,29].
[[3,8,1,1,1,1,1,1,1],37,31].
[[3,6,1,1,2,0,2,3,0],14,0].
[[1,9,2,1,2,0,1,2,1],6,12].
[[2,9,1,1,1,0,1,2,0],0,2].
[[3,9,1,1,1,0,1,2,0],3,9].
[[3,7,2,0,0,0,1,1,1],4,8].
[[3,7,0,1,1,1,2,2,1],1,4].
[[1,9,2,1,2,1,1,1,1],13,10].
[[2,9,2,1,1,1,1,1,1],5,8].
[[3,8,0,1,1,1,1,1,1],2,10].
[[3,8,0,1,2,0,2,3,2],4,39].
[[2,9,2,1,2,0,2,2,1],5,31].
[[3,8,0,1,2,0,2,2,1],2,25].
[[3,6,1,1,2,0,0,0,0],6,5].
[[3,6,1,1,1,1,1,2,2],12,0].
[[2,6,1,0,0,0,1,2,2],23,1].
[[3,6,0,0,0,0,2,2,2],2,11].
[[1,7,2,0,0,0,2,3,1],33,5].
[[1,6,1,0,0,0,2,2,1],19,0].
[[3,3,1,1,2,0,2,2,1],7,0].
[[1,7,1,0,0,0,2,2,0],5,3].
[[2,7,1,0,0,0,2,2,0],33,14].
[[3,9,2,1,2,1,2,2,1],0,23].
[[3,8,0,0,0,0,2,2,1],6,47].
[[1,7,1,0,0,0,2,2,1],29,14].
[[3,8,0,0,0,0,2,1,2],2,22].
[[3,7,2,0,0,0,2,2,0],19,0].
[[3,7,1,1,1,1,2,3,0],32,15].
[[1,6,1,0,0,0,2,3,2],44,1].
[[2,7,1,1,1,1,2,3,1],10,3].
[[3,9,1,1,1,1,2,2,0],7,42].
[[3,7,0,1,1,1,2,2,2],3,9].
[[2,7,2,1,2,0,2,3,2],19,4].
[[3,7,1,1,1,1,1,2,1],60,11].
[[2,6,1,1,2,1,0,0,0],40,4].
[[3,6,1,1,2,1,2,2,0],25,1].
[[3,9,2,1,1,1,2,1,0],5,52].
[[2,8,1,1,1,1,1,2,2],52,16].
[[2,5,0,1,2,0,1,2,1],22,3].
[[3,5,0,1,2,0,1,2,1],66,5].
[[3,7,0,0,0,0,2,3,0],1,28].
[[1,9,2,1,1,1,2,3,1],29,28].
[[3,9,2,1,1,1,1,1,2],2,43].
[[3,8,1,1,2,0,2,3,0],45,59].
[[2,8,0,1,2,0,1,2,1],4,8].
[[3,5,0,1,2,1,1,2,2],65,4].
[[2,9,1,0,0,0,1,2,2],4,23].
[[3,7,0,1,1,1,2,1,0],0,6].
[[1,9,2,1,1,1,2,2,1],16,12].
[[2,9,2,1,1,1,2,2,1],9,14].
[[3,8,1,1,1,1,2,2,1],28,29].
[[2,7,2,1,2,1,2,1,2],23,2].
[[3,7,2,1,2,1,2,1,2],28,1].
[[3,7,2,1,2,1,2,1,0],15,2].
[[3,8,0,1,2,1,1,1,1],8,44].
[[2,7,0,1,2,1,2,2,2],4,11].
[[3,7,0,1,2,1,1,1,2],2,19].
[[3,9,2,1,1,1,2,2,0],2,67].
[[3,8,1,1,2,0,2,2,1],21,23].
[[1,7,2,1,2,1,2,2,0],3,1].
[[2,7,1,1,2,1,2,2,0],24,8].
[[2,7,1,1,2,1,2,2,2],68,24].
[[2,9,2,1,2,0,2,3,2],8,38].
[[1,7,1,0,0,0,2,3,1],55,12].
[[3,3,1,1,2,1,2,3,1],32,3].
[[1,3,2,0,0,0,2,1,2],2,0].
[[3,3,2,1,2,1,2,1,2],8,0].
[[3,3,2,1,2,0,2,2,2],10,0].
[[2,8,0,1,2,0,2,3,0],10,45].
[[3,7,1,1,1,1,1,1,1],14,8].
[[3,7,2,0,0,0,1,1,2],18,12].
[[2,7,2,1,2,1,2,2,2],48,10].
[[2,9,1,1,1,1,1,2,0],10,16].
[[2,9,1,1,1,1,2,2,0],6,14].
[[3,8,0,1,2,0,1,1,1],3,11].
[[3,5,0,1,1,1,1,2,2],24,2].
[[2,6,1,0,0,0,2,2,0],13,1].
[[3,3,1,1,2,0,0,0,0],10,1].
[[3,7,0,1,2,1,1,2,1],3,18].
[[3,9,2,1,2,0,1,1,0],1,61].
[[1,8,1,0,0,0,1,2,0],38,17].
[[2,7,1,0,0,0,1,2,0],5,2].
[[3,3,1,0,0,0,2,1,1],6,0].
[[3,7,0,1,2,1,0,0,0],5,63].
[[2,8,0,1,2,0,2,2,1],2,16].
[[3,8,0,1,1,0,2,2,1],0,9].
[[3,8,1,1,1,0,1,1,2],11,10].
[[3,7,2,1,2,1,2,3,2],57,10].
[[2,7,2,1,2,1,2,2,1],18,1].
[[3,7,2,1,1,1,2,2,1],12,1].
[[3,6,1,1,2,0,1,2,1],23,6].
[[1,8,1,0,0,0,1,1,0],9,7].
[[3,6,1,1,2,1,1,1,0],7,2].
[[3,7,2,0,0,0,1,2,1],30,4].
[[2,5,0,1,2,1,1,2,2],11,2].
[[1,6,1,0,0,0,2,1,1],9,0].
[[2,6,1,0,0,0,1,2,1],18,2].
[[2,6,0,1,2,1,2,3,1],3,4].
[[2,4,1,1,2,0,2,2,0],18,2].
[[3,6,0,0,0,0,2,3,2],3,11].
[[2,8,0,1,2,0,2,1,2],1,8].
[[2,4,1,1,2,0,2,3,0],11,2].
[[2,9,2,1,2,0,2,2,2],2,30].
[[2,7,1,0,0,0,2,1,1],26,8].
[[2,7,1,1,2,0,2,2,2],16,7].
[[2,7,1,1,2,1,2,1,2],31,16].
[[3,7,1,1,1,0,2,3,1],3,6].
[[1,8,0,1,2,1,2,2,1],8,24].
[[3,3,1,0,0,0,2,3,1],25,0].
[[2,3,2,0,0,0,0,0,0],29,0].
[[3,3,2,0,0,0,2,2,2],11,0].
[[3,8,0,1,2,0,1,2,1],15,60].
[[3,4,1,1,2,0,2,3,2],20,5].
[[3,9,2,1,2,0,2,3,1],1,13].
[[3,6,1,1,2,1,0,0,0],20,3].
[[2,8,1,1,2,0,2,1,1],9,14].
[[3,8,1,1,2,0,2,1,1],7,12].
[[3,9,1,0,0,0,2,1,0],2,25].
[[3,8,1,1,1,1,0,0,0],0,6].
[[2,8,0,1,1,1,2,3,1],13,17].
[[2,8,0,1,2,0,1,2,2],9,50].
[[2,7,0,0,0,0,2,3,2],1,9].
[[2,7,2,1,2,1,1,1,1],1,2].
[[3,7,2,1,1,1,1,1,1],2,4].
[[3,7,1,1,2,0,2,1,1],9,6].
[[1,6,1,0,0,0,2,3,1],42,2].
[[2,6,1,1,2,0,1,2,1],3,1].
[[3,2,1,1,2,0,1,2,1],1,0].
[[2,7,2,1,2,0,0,0,0],32,3].
[[3,7,2,1,2,1,1,2,0],20,0].
[[2,8,1,1,2,0,2,3,0],46,37].
[[2,4,1,1,2,0,2,2,1],5,1].
[[3,7,0,0,0,0,2,2,1],1,8].
[[3,7,0,1,1,1,2,2,0],3,12].
[[1,6,0,0,0,0,0,0,0],12,35].
[[3,6,0,1,2,0,2,3,0],2,1].
[[3,9,1,1,2,0,2,3,0],2,17].
[[2,8,1,1,2,0,1,1,0],9,16].
[[3,7,1,1,2,0,1,1,0],7,4].
[[2,9,1,1,2,1,2,3,0],9,24].
[[3,3,1,1,2,1,0,0,0],35,6].
[[2,4,1,1,2,0,2,3,1],17,3].
[[2,6,1,1,2,0,2,3,0],2,0].
[[2,5,0,1,1,0,1,1,1],1,2].
[[3,8,1,1,1,0,2,2,0],12,16].
[[3,8,0,1,1,0,2,3,0],2,18].
[[3,7,1,0,0,0,2,2,1],42,40].
[[2,7,2,1,2,0,2,2,1],3,3].
[[1,9,2,1,2,0,1,2,0],7,13].
[[2,9,2,1,1,0,1,2,0],2,6].
[[3,8,1,1,1,0,1,2,0],11,19].
[[1,3,2,0,0,0,0,0,0],24,1].
[[2,3,2,1,2,1,2,1,2],1,0].
[[3,3,2,1,2,1,1,2,2],18,0].
[[1,7,1,1,2,1,2,3,2],3,0].
[[3,7,2,1,1,0,2,2,1],4,1].
[[1,7,2,1,2,1,2,2,2],15,4].
[[2,7,2,1,1,1,2,2,1],2,0].
[[3,4,1,1,2,0,1,1,1],21,6].
[[1,5,0,1,2,1,2,3,0],15,1].
[[1,5,0,1,2,1,1,2,0],7,0].
[[3,6,0,0,0,0,0,0,0],1,13].
[[3,9,2,1,1,0,2,1,0],0,13].
[[3,6,1,1,2,1,2,2,1],29,1].
[[2,7,1,1,1,1,2,3,2],5,2].
[[3,8,1,1,2,1,2,1,2],30,23].
[[1,7,2,1,2,1,1,2,2],6,2].
[[3,8,1,1,2,0,1,1,1],28,24].
[[2,3,2,0,0,0,2,2,2],16,1].
[[3,3,2,1,2,1,2,2,2],20,0].
[[3,7,0,0,0,0,0,0,0],3,39].
[[2,7,1,1,2,0,2,3,1],19,12].
[[3,3,1,1,2,0,2,3,1],8,1].
[[3,9,2,1,1,1,2,3,1],1,17].
[[2,7,2,1,2,0,1,2,1],8,4].
[[1,9,2,1,2,0,1,1,1],2,1].
[[2,9,1,1,2,0,1,1,1],0,2].
[[2,3,1,0,0,0,2,2,2],11,1].
[[3,3,1,0,0,0,1,1,2],6,0].
[[2,7,0,0,0,0,2,2,1],1,4].
[[1,7,2,1,2,0,0,0,0],11,3].
[[3,7,2,1,2,0,1,2,0],7,0].
[[3,6,1,1,2,0,2,3,2],15,1].
[[3,4,1,1,2,0,0,0,0],6,3].
[[3,9,2,0,0,0,0,0,0],0,2].
[[3,3,2,0,0,0,2,3,1],8,0].
[[3,6,1,0,0,0,2,2,2],15,0].
[[1,8,1,1,1,1,2,2,0],5,4].
[[2,7,0,1,2,1,2,3,0],1,9].
[[1,5,0,1,1,1,2,3,0],3,0].
[[2,4,1,1,2,0,1,2,0],10,1].
[[3,7,2,1,1,1,2,3,1],15,0].
[[2,9,1,0,0,0,2,3,0],12,31].
[[3,8,1,0,0,0,1,1,2],62,41].
[[3,7,1,1,2,0,1,2,0],26,5].
[[1,5,0,1,2,1,1,2,1],6,0].
[[3,8,0,1,1,0,1,1,2],0,8].
[[2,9,1,0,0,0,1,1,2],6,13].
[[2,8,1,1,1,1,1,1,1],18,17].
[[2,7,0,1,2,1,2,2,0],1,5].
[[3,7,0,0,0,0,1,2,1],1,6].
[[2,7,2,1,2,0,1,2,2],23,8].
[[3,3,2,1,2,0,1,2,2],17,0].
[[3,7,0,1,1,1,2,3,2],1,12].
[[3,3,2,0,0,0,0,0,0],13,1].
[[2,7,1,1,2,1,2,2,1],51,20].
[[1,6,1,1,2,1,2,3,2],11,1].
[[3,3,1,1,2,1,2,3,2],26,1].
[[2,9,1,1,2,0,1,2,1],4,16].
[[1,7,1,1,2,1,2,2,2],15,1].
[[1,9,2,1,2,0,2,2,2],7,26].
[[2,9,2,1,1,0,2,2,1],0,5].
[[3,9,2,1,1,0,1,2,1],2,20].
[[1,8,0,0,0,0,1,1,0],4,16].
[[3,8,1,1,2,1,2,1,1],15,26].
[[2,8,0,1,2,0,1,1,1],2,1].
[[3,9,2,1,2,1,2,2,2],0,14].
[[1,8,0,0,0,0,1,2,1],5,8].
[[1,5,0,1,2,1,1,1,1],17,5].
[[3,7,1,1,1,0,2,3,0],2,3].
[[2,5,0,0,0,0,1,2,2],22,1].
[[2,7,1,0,0,0,1,1,1],10,8].
[[3,7,1,0,0,0,1,1,1],21,9].
[[2,6,1,0,0,0,2,1,0],15,2].
[[3,6,1,0,0,0,1,1,0],4,1].
[[2,8,1,1,1,1,0,0,0],19,20].
[[3,7,0,1,2,1,2,2,1],1,25].
[[3,8,1,0,0,0,0,0,0],1,2].
[[3,5,0,1,2,0,1,2,2],20,2].
[[3,9,1,1,2,0,1,2,2],1,19].
[[3,3,2,0,0,0,2,2,1],3,0].
[[2,9,1,1,2,0,1,1,0],1,11].
[[3,6,0,0,0,0,1,2,0],0,4].
[[2,7,2,1,2,1,2,3,2],54,7].
[[2,9,2,1,1,0,1,1,2],0,3].
[[3,9,2,0,0,0,2,2,1],0,3].
[[3,9,2,1,2,1,2,1,2],1,11].
[[1,7,2,1,2,1,2,3,2],13,2].
[[2,7,2,1,1,1,1,2,2],5,1].
[[3,7,2,0,0,0,2,2,1],12,0].
[[2,6,0,0,0,0,2,2,1],2,2].
[[3,7,0,1,2,0,1,1,2],0,2].
[[3,3,1,0,0,0,0,0,0],23,4].
[[3,7,2,0,0,0,2,3,0],8,3].
[[2,6,1,1,2,1,2,2,1],17,1].
[[2,6,1,1,2,0,2,3,1],10,0].
[[2,9,2,1,1,1,2,1,1],1,2].
[[3,9,2,1,1,1,2,1,1],0,2].
[[3,4,1,1,2,0,2,1,2],5,1].
[[2,8,0,1,1,1,2,2,1],5,10].
[[3,4,1,1,2,0,2,2,1],11,5].
[[2,7,0,1,2,1,2,3,2],2,18].
[[3,7,0,1,2,0,0,0,0],0,6].
[[3,6,1,1,2,0,2,2,0],16,2].
[[3,7,2,1,2,0,2,3,0],7,0].
[[2,7,1,1,2,0,1,2,2],5,5].
[[1,5,0,1,2,1,1,1,2],31,0].
[[3,9,2,1,1,0,1,1,0],0,14].
[[2,8,1,1,1,1,2,1,2],12,7].
[[3,6,1,0,0,0,0,0,0],12,3].
[[3,6,0,1,2,1,0,0,0],3,27].
[[3,7,1,1,2,0,2,1,0],19,15].
[[3,7,0,1,2,0,2,1,2],0,7].
[[1,8,1,1,2,0,2,3,0],11,9].
[[1,8,0,1,2,1,1,1,1],0,2].
[[2,8,0,1,2,1,1,1,1],3,9].
[[3,7,0,1,1,1,1,1,1],1,2].
[[2,5,0,1,2,0,1,1,0],7,1].
[[3,6,1,1,2,1,1,1,2],18,1].
[[1,9,2,1,2,0,2,1,0],7,25].
[[3,8,1,1,1,0,1,2,1],28,39].
[[2,8,0,1,1,1,1,2,1],4,10].
[[3,3,1,0,0,0,1,2,2],13,1].
[[1,6,1,0,0,0,2,3,0],7,0].
[[2,6,1,1,2,1,2,2,0],11,0].
[[1,5,0,0,0,0,1,2,1],13,1].
[[1,9,2,1,2,0,2,2,1],3,19].
[[1,9,2,1,2,0,1,1,0],2,12].
[[2,8,0,1,2,0,1,1,0],2,8].
[[1,8,0,1,2,1,1,2,1],4,6].
[[1,8,0,1,2,1,1,2,0],2,11].
[[1,9,2,1,2,0,2,1,1],2,2].
[[2,8,0,1,2,0,2,1,1],1,2].
[[3,8,0,1,1,0,1,2,1],1,18].
[[3,7,2,1,1,1,2,2,2],16,2].
[[2,7,1,1,1,1,0,0,0],15,10].
[[3,3,1,1,1,1,0,0,0],3,0].
[[1,8,1,1,1,1,2,2,1],13,4].
[[2,6,1,1,1,1,2,2,1],3,0].
[[3,3,1,1,1,1,2,2,1],4,0].
[[2,7,1,0,0,0,1,2,1],43,9].
[[3,9,1,0,0,0,2,3,0],3,26].
[[3,3,1,0,0,0,1,2,1],11,0].
[[3,6,1,1,1,0,2,3,0],2,0].
[[3,7,1,1,2,0,1,1,1],17,10].
[[3,7,0,1,1,1,1,2,2],0,18].
[[1,7,1,0,0,0,2,1,1],9,1].
[[2,3,1,1,2,1,0,0,0],10,0].
[[3,6,1,0,0,0,2,1,2],12,0].
[[2,7,1,1,1,1,1,2,2],4,0].
[[2,7,1,1,2,1,1,1,2],14,5].
[[3,7,1,1,1,0,2,2,1],2,6].
[[3,9,0,1,2,1,1,2,0],0,11].
[[2,7,1,1,2,1,1,2,0],7,1].
[[3,7,1,1,1,1,1,2,0],20,5].
[[1,9,2,1,1,1,1,1,1],1,1].
[[2,8,0,1,1,1,1,1,1],2,2].
[[2,6,1,0,0,0,2,3,0],19,0].
[[3,6,1,0,0,0,1,2,0],4,0].
[[3,9,0,1,2,1,1,1,0],0,13].
[[3,6,1,1,1,1,1,2,1],13,0].
[[2,9,1,1,2,1,1,1,1],3,6].
[[3,3,2,1,2,1,2,3,1],13,0].
[[3,8,1,1,1,0,2,1,0],3,9].
[[3,7,2,0,0,0,2,3,1],27,4].
[[2,8,1,1,1,0,2,3,1],5,11].
[[2,8,1,1,1,1,2,1,1],13,7].
[[3,7,1,1,1,0,1,2,1],9,10].
[[2,4,1,1,2,0,1,2,1],10,3].
[[2,9,2,1,1,1,2,1,2],5,15].
[[3,3,1,1,2,1,2,2,2],27,4].
[[3,7,1,0,0,0,1,1,0],15,8].
[[2,5,0,1,2,1,2,1,0],3,0].
[[3,5,0,1,1,1,2,1,0],4,1].
[[2,7,0,1,2,1,2,3,1],1,7].
[[1,6,1,0,0,0,2,1,2],12,2].
[[3,3,1,1,2,1,2,1,2],7,2].
[[3,8,1,1,1,0,1,1,0],2,16].
[[2,4,1,1,2,0,0,0,0],4,2].
[[3,6,1,1,2,1,2,3,0],24,1].
[[2,7,2,0,0,0,1,1,1],1,4].
[[3,4,1,1,2,0,2,2,2],11,3].
[[2,3,2,1,2,0,0,0,0],6,0].
[[2,7,2,1,1,1,2,2,2],5,2].
[[2,7,0,1,2,1,0,0,0],11,33].
[[3,9,1,1,2,0,1,1,2],2,14].
[[3,2,1,1,2,1,2,3,2],1,0].
[[3,9,2,1,1,1,1,1,0],3,47].
[[2,7,0,0,0,0,2,3,0],4,9].
[[2,6,1,1,2,1,2,1,1],6,0].
[[2,6,0,1,2,1,0,0,0],7,30].
[[3,6,0,0,0,0,1,2,2],2,13].
[[3,7,2,1,1,1,1,2,1],18,0].
[[1,8,0,1,2,1,1,1,2],15,11].
[[3,9,1,0,0,0,1,1,2],1,19].
[[2,8,1,1,1,1,2,2,2],38,9].
[[3,8,1,1,2,0,0,0,0],1,6].
[[3,6,1,1,1,0,1,2,1],2,0].
[[2,9,1,1,2,0,2,1,0],2,7].
[[3,9,0,1,2,0,1,1,0],0,2].
[[2,4,1,1,2,0,2,3,2],6,1].
[[3,6,1,1,2,0,1,2,2],17,4].
[[2,8,1,1,1,0,1,2,0],1,3].
[[3,9,1,1,1,0,1,1,1],0,2].
[[2,7,0,0,0,0,1,2,2],1,5].
[[3,7,0,1,2,0,1,2,2],1,11].
[[3,3,1,1,2,1,2,2,1],20,2].
[[1,6,1,1,2,1,2,2,1],1,0].
[[3,9,2,1,2,0,2,2,1],1,6].
[[3,6,0,1,2,1,2,1,0],0,16].
[[3,3,1,0,0,0,2,1,0],7,0].
[[2,8,1,1,1,0,1,2,1],5,7].
[[1,6,0,0,0,0,2,2,2],5,2].
[[3,9,2,1,2,1,0,0,0],0,6].
[[3,7,2,1,2,1,1,1,1],11,13].
[[3,3,2,1,2,0,2,3,1],6,0].
[[3,7,0,1,1,1,1,1,2],0,4].
[[2,6,0,0,0,0,1,2,0],2,0].
[[3,6,0,1,2,1,1,2,0],3,6].
[[3,3,1,1,1,1,2,2,2],4,0].
[[3,6,1,1,2,0,2,2,1],16,0].
[[3,7,0,1,1,1,1,2,0],0,1].
[[3,6,0,1,2,0,2,3,1],0,4].
[[3,7,1,1,1,0,1,2,0],1,2].
[[2,6,1,1,2,0,2,1,0],2,0].
[[3,6,1,1,2,0,1,2,0],7,0].
[[3,6,0,1,2,0,0,0,0],2,7].
[[3,7,2,1,1,1,0,0,0],5,3].
[[3,7,0,1,2,0,2,3,0],1,16].
[[1,7,2,0,0,0,1,1,2],15,9].
[[3,7,0,1,2,1,2,1,2],3,21].
[[3,7,0,1,2,1,1,2,0],0,15].
[[3,3,1,1,2,0,2,2,0],3,0].
[[1,5,0,1,2,0,2,3,0],1,1].
[[2,5,0,1,2,0,2,3,0],12,5].
[[3,5,0,1,1,0,2,2,0],8,4].
[[3,3,1,1,2,0,1,2,2],6,0].
[[3,3,2,0,0,0,1,2,2],8,0].
[[3,7,2,0,0,0,0,0,0],11,0].
[[2,5,0,1,1,1,1,1,2],28,4].
[[3,6,0,1,2,1,2,3,0],3,35].
[[2,8,0,1,1,1,1,2,0],2,9].
[[2,6,1,1,2,1,2,1,2],10,0].
[[3,2,1,1,2,1,2,1,2],1,0].
[[3,8,0,1,1,0,2,3,1],1,6].
[[2,7,2,1,2,0,1,1,2],4,3].
[[3,3,2,1,2,0,2,3,2],5,0].
[[2,9,1,1,1,0,1,1,0],0,2].
[[3,9,1,1,1,0,1,1,0],0,11].
[[3,6,1,1,1,1,2,2,1],8,0].
[[3,7,2,1,2,0,2,2,2],29,4].
[[2,7,1,1,2,1,1,1,1],8,4].
[[3,7,0,1,2,0,2,1,0],0,3].
[[3,7,2,1,1,0,1,2,2],10,7].
[[1,8,1,1,2,1,1,2,0],9,5].
[[3,6,1,1,1,1,1,2,0],3,0].
[[1,8,1,1,2,0,1,1,0],2,0].
[[2,8,1,1,1,0,1,1,0],1,2].
[[3,7,1,1,1,0,1,1,0],1,4].
[[3,6,0,0,0,0,2,3,0],1,19].
[[3,6,1,1,2,0,2,2,2],7,0].
[[1,9,2,1,1,1,1,1,2],10,8].
[[2,8,0,1,1,1,1,1,2],2,14].
[[3,6,0,1,1,1,1,1,2],0,2].
[[3,9,2,1,1,0,1,2,2],0,21].
[[2,6,0,1,2,1,2,2,2],0,10].
[[2,8,0,1,2,1,2,1,1],4,13].
[[3,7,0,1,2,1,2,1,1],1,3].
[[1,7,2,1,2,1,1,2,1],3,0].
[[2,7,2,1,2,1,1,2,1],15,1].
[[2,6,1,1,2,1,1,1,0],0,1].
[[3,3,2,1,2,1,2,2,1],3,0].
[[2,5,0,1,2,0,1,2,2],4,0].
[[3,8,1,1,1,0,2,3,0],2,17].
[[3,6,0,1,1,1,2,3,0],0,6].
[[3,8,0,1,1,0,2,1,0],0,6].
[[3,7,2,1,2,0,1,1,1],2,5].
[[3,7,2,1,2,1,2,2,1],25,3].
[[2,2,1,0,0,0,0,0,0],9,0].
[[3,2,1,0,0,0,2,3,0],1,0].
[[1,9,2,1,1,1,2,1,1],2,1].
[[3,8,0,1,2,0,2,1,2],1,9].
[[1,8,1,1,1,1,1,2,1],3,3].
[[2,5,0,0,0,0,1,1,0],14,4].
[[2,7,2,1,1,0,0,0,0],1,2].
[[3,7,2,1,1,0,0,0,0],2,3].
[[2,7,1,1,2,0,1,2,1],9,7].
[[3,3,2,1,1,1,1,2,2],3,0].
[[3,9,1,1,1,0,1,2,2],0,8].
[[1,5,0,0,0,0,1,1,0],0,1].
[[3,8,1,1,1,1,2,1,2],12,7].
[[3,7,2,1,1,1,2,3,2],20,4].
[[3,3,1,1,2,0,1,2,1],3,0].
[[3,9,0,1,2,0,1,2,0],0,3].
[[3,6,1,1,2,1,2,1,2],14,0].
[[3,5,0,1,1,0,1,1,0],6,3].
[[3,6,0,0,0,0,2,2,1],1,3].
[[3,7,1,1,2,0,2,1,2],18,5].
[[2,8,0,1,2,0,1,2,0],6,13].
[[3,6,1,1,2,1,1,2,1],44,2].
[[3,7,0,0,0,0,1,2,2],3,16].
[[3,2,0,0,0,0,2,2,2],1,0].
[[3,8,1,1,1,0,2,1,1],0,5].
[[3,5,0,1,1,0,2,1,0],2,0].
[[2,4,1,1,2,0,2,1,0],8,3].
[[2,8,1,1,1,0,1,1,2],2,0].
[[1,8,1,1,2,0,2,1,0],8,7].
[[3,5,0,1,1,1,2,3,0],24,2].
[[2,6,1,1,2,0,2,2,2],5,2].
[[3,3,2,1,1,0,2,2,2],2,0].
[[1,7,1,0,0,0,1,2,1],5,3].
[[2,3,1,0,0,0,0,0,0],35,3].
[[2,6,1,1,1,1,2,3,2],6,0].
[[3,6,1,1,1,1,2,3,2],7,2].
[[3,7,2,1,2,0,2,1,0],8,0].
[[1,6,1,1,2,1,1,2,2],3,0].
[[2,3,1,1,2,1,1,2,2],1,0].
[[3,3,1,1,2,1,1,1,1],5,0].
[[1,6,1,0,0,0,2,2,0],6,1].
[[3,6,1,1,1,0,2,3,1],4,1].
[[2,5,0,1,1,1,2,3,0],11,0].
[[3,7,2,1,2,1,0,0,0],16,2].
[[2,3,2,1,2,0,2,2,2],2,0].
[[2,3,1,0,0,0,2,2,1],6,0].
[[3,3,1,1,2,0,2,2,2],6,0].
[[3,7,2,1,1,0,2,1,0],5,0].
[[3,7,1,1,1,1,2,1,1],4,4].
[[2,7,0,0,0,0,2,1,2],0,5].
[[3,3,1,1,2,1,1,2,2],6,0].
[[2,3,2,0,0,0,2,3,1],7,0].
[[2,7,2,0,0,0,1,2,1],18,6].
[[3,3,1,0,0,0,2,3,0],7,0].
[[2,5,0,1,1,1,1,1,0],5,1].
[[1,8,1,1,2,0,1,2,1],7,8].
[[3,3,1,1,2,0,2,1,2],4,1].
[[2,6,0,0,0,0,2,1,2],0,4].
[[3,6,0,0,0,0,2,1,2],0,5].
[[3,8,1,1,1,0,2,3,2],3,4].
[[1,8,1,1,1,1,1,2,2],6,4].
[[3,8,1,1,2,1,0,0,0],0,7].
[[3,9,2,0,0,0,1,1,1],6,16].
[[3,3,1,1,2,1,2,2,0],7,0].
[[2,9,1,1,2,0,2,3,0],2,3].
[[3,5,0,0,0,0,2,1,0],6,0].
[[3,3,1,1,2,0,2,3,0],7,0].
[[2,8,1,1,1,1,1,1,0],3,6].
[[2,7,2,1,1,0,1,2,1],1,0].
[[2,9,1,1,2,0,1,1,2],0,5].
[[2,6,0,0,0,0,2,3,0],3,9].
[[3,3,1,1,2,1,2,3,0],7,1].
[[1,7,1,0,0,0,2,1,0],7,3].
[[2,8,1,1,1,0,2,1,0],1,1].
[[2,7,2,1,2,1,2,2,0],6,1].
[[3,7,0,1,1,1,0,0,0],1,15].
[[2,3,2,1,2,1,2,3,2],6,0].
[[3,3,2,1,2,1,2,3,0],2,0].
[[2,6,1,1,2,0,2,2,0],3,0].
[[3,6,1,1,1,0,2,2,0],3,2].
[[3,6,1,1,2,1,2,1,1],12,0].
[[3,9,1,0,0,0,1,1,1],1,8].
[[3,7,2,0,0,0,1,2,0],7,0].
[[2,3,1,0,0,0,2,3,1],7,0].
[[3,7,2,1,2,0,0,0,0],9,2].
[[3,8,0,1,1,0,2,3,2],0,7].
[[2,7,2,1,1,1,2,3,2],5,5].
[[3,9,1,1,1,1,1,1,1],0,5].
[[3,9,2,1,1,1,1,1,1],1,16].
[[2,4,1,1,2,0,1,1,2],8,2].
[[2,8,1,1,1,0,0,0,0],1,5].
[[1,9,2,1,1,1,2,1,2],4,13].
[[2,4,1,1,2,0,2,1,2],0,1].
[[2,8,0,1,1,1,1,1,0],5,9].
[[3,7,0,1,1,1,1,1,0],1,3].
[[3,7,0,1,2,1,1,1,0],4,8].
[[2,7,0,0,0,0,2,1,0],1,3].
[[2,5,0,1,1,1,1,2,1],13,0].
[[1,9,2,1,1,1,1,1,0],4,12].
[[3,6,0,1,2,1,2,2,2],1,19].
[[2,9,2,1,1,0,2,1,0],0,2].
[[3,6,0,1,2,1,2,1,1],0,2].
[[2,9,2,1,1,0,1,2,1],0,2].
[[1,8,1,1,1,1,2,1,2],9,2].
[[3,7,2,1,1,1,2,1,2],8,1].
[[3,6,0,1,1,1,2,1,0],0,2].
[[1,5,0,1,1,1,1,1,1],1,0].
[[2,6,0,0,0,0,1,1,0],1,0].
[[3,6,0,0,0,0,1,2,1],3,4].
[[3,7,0,1,1,1,2,3,1],1,6].
[[3,9,1,1,1,0,2,1,0],1,3].
[[2,9,1,1,2,0,1,2,2],1,1].
[[2,7,1,1,1,1,2,1,2],6,1].
[[2,7,2,0,0,0,2,3,0],14,1].
[[2,9,1,1,1,1,0,0,0],2,1].
[[2,3,1,0,0,0,2,1,2],1,1].
[[1,8,1,1,2,0,2,1,1],7,2].
[[3,2,1,0,0,0,2,3,2],3,0].
[[2,7,2,1,1,0,2,3,1],2,2].
[[1,5,0,1,1,1,2,2,0],1,0].
[[2,4,1,1,2,0,2,2,2],5,0].
[[3,9,2,1,2,1,2,1,1],0,6].
[[3,3,1,1,2,1,1,1,2],8,0].
[[2,3,2,0,0,0,1,2,2],4,0].
[[1,7,1,1,2,1,2,1,2],7,7].
[[2,3,1,1,2,1,2,1,2],4,1].
[[3,3,1,1,1,1,2,3,1],3,2].
[[2,7,2,1,1,0,2,3,2],2,0].
[[3,3,2,1,1,0,2,3,2],2,0].
[[2,9,1,1,2,1,0,0,0],0,2].
[[1,6,1,1,2,1,2,3,0],0,1].
[[2,6,1,1,1,1,1,2,0],1,1].
[[3,6,1,1,1,1,1,1,0],1,1].
[[3,7,1,1,1,0,0,0,0],2,4].
[[1,7,2,1,2,0,1,1,2],1,0].
[[2,6,1,1,2,0,1,2,2],5,2].
[[1,8,1,1,1,1,2,1,1],3,2].
[[2,7,2,1,1,1,1,1,2],2,1].
[[3,9,1,1,1,0,2,2,0],0,6].
[[3,6,0,1,1,1,0,0,0],1,4].
[[3,8,0,0,0,0,2,1,1],1,5].
[[3,3,1,1,1,1,1,2,2],1,0].
[[3,3,1,1,2,1,2,1,1],4,0].
[[2,8,1,1,1,0,2,2,1],3,3].
[[3,7,1,1,1,0,2,1,2],3,3].
[[1,6,1,1,2,1,2,2,2],8,1].
[[2,3,2,1,2,1,2,2,2],6,0].
[[3,3,2,1,1,1,2,2,2],5,0].
[[2,7,1,1,1,1,2,1,1],3,0].
[[2,8,1,1,1,0,1,1,1],1,0].
[[3,8,1,1,1,0,1,1,1],4,5].
[[3,6,0,1,2,0,1,1,2],0,2].
[[2,9,1,1,1,0,1,1,1],0,1].
[[2,3,1,0,0,0,2,3,2],7,0].
[[3,7,1,1,1,0,2,2,2],4,4].
[[1,7,2,1,2,1,2,3,1],7,0].
[[2,7,0,1,2,1,2,1,2],0,3].
[[1,7,2,1,2,0,2,1,2],2,1].
[[3,2,1,0,0,0,2,3,1],2,0].
[[3,6,1,1,1,1,1,1,1],3,0].
[[2,7,2,1,2,0,2,3,0],4,0].
[[3,3,2,1,2,0,2,3,0],1,0].
[[3,9,2,1,2,0,2,2,2],0,5].
[[1,7,2,1,2,0,1,2,2],4,0].
[[2,7,2,1,2,1,2,1,0],6,0].
[[3,3,2,1,2,1,2,1,0],3,0].
[[2,9,1,1,1,1,1,2,2],5,6].
[[3,3,1,0,0,0,2,1,2],5,1].
[[2,3,2,1,2,1,1,2,2],1,0].
[[3,3,2,1,1,1,1,1,2],2,0].
[[3,6,0,0,0,0,2,1,0],0,8].
[[1,8,1,1,1,1,1,1,2],3,1].
[[3,7,2,1,1,1,1,2,0],2,1].
[[2,6,0,1,2,1,2,1,0],0,2].
[[3,3,2,1,1,0,2,3,1],2,0].
[[2,9,2,1,2,0,1,1,1],3,5].
[[3,7,0,1,2,0,2,3,2],2,2].
[[3,7,0,1,2,0,2,2,1],0,2].
[[2,9,2,1,1,0,2,2,0],2,9].
[[1,6,1,1,2,1,2,1,2],6,0].
[[3,6,0,1,1,1,2,2,1],0,3].
[[3,6,1,1,1,1,2,2,2],7,0].
[[3,8,1,1,1,0,2,1,2],1,2].
[[3,9,2,1,1,1,2,1,2],0,5].
[[2,6,1,1,2,0,2,3,2],8,0].
[[3,6,0,1,1,1,2,3,1],1,4].
[[1,7,1,1,2,1,2,2,0],3,0].
[[1,7,2,1,2,0,2,3,2],4,3].
[[2,7,0,1,2,1,1,2,2],1,10].
[[2,6,0,0,0,0,1,1,2],0,1].
[[3,2,0,0,0,0,0,0,0],0,1].
[[1,6,1,1,2,1,1,1,2],1,0].
[[2,6,1,1,2,1,1,2,1],10,0].
[[3,2,1,1,2,1,1,2,1],1,0].
[[2,7,2,0,0,0,1,2,0],1,0].
[[2,7,1,0,0,0,1,1,0],1,1].
[[3,7,0,0,0,0,1,1,2],0,6].
[[2,7,1,1,1,1,1,1,2],1,1].
[[2,5,0,1,1,1,1,2,0],8,3].
[[1,6,1,1,2,1,2,2,0],2,0].
[[3,6,0,1,1,1,2,2,0],0,2].
[[2,3,1,0,0,0,2,1,0],3,0].
[[3,3,1,1,2,0,2,1,0],1,0].
[[3,7,0,0,0,0,1,1,0],0,4].
[[3,6,0,1,2,0,2,2,1],1,1].
[[2,7,2,1,2,0,1,1,1],0,4].
[[3,7,2,1,1,0,1,1,1],0,4].
[[2,3,2,1,2,0,1,2,2],3,0].
[[3,6,0,1,2,1,2,1,2],0,6].
[[3,6,1,0,0,0,2,2,1],15,0].
[[2,9,2,1,1,0,2,3,2],1,3].
[[2,7,2,1,1,0,1,2,2],0,1].
[[2,7,0,1,2,1,2,1,0],1,2].
[[2,6,0,1,2,1,2,2,1],0,4].
[[2,6,1,0,0,0,1,1,2],7,0].
[[3,7,2,0,0,0,1,1,0],2,2].
[[2,9,1,1,1,0,2,3,0],0,1].
[[3,9,1,1,1,0,2,3,0],0,2].
[[2,6,1,1,1,1,2,3,1],3,2].
[[3,6,1,1,1,1,2,2,0],10,1].
[[2,3,2,1,2,0,2,3,2],2,0].
[[3,9,2,1,1,1,2,2,1],0,9].
[[3,7,2,1,1,0,2,3,1],3,1].
[[1,7,2,0,0,0,2,2,0],5,2].
[[2,9,2,1,2,0,2,1,1],1,2].
[[3,9,2,1,1,0,2,1,1],0,1].
[[3,3,2,1,2,0,1,1,2],3,0].
[[3,6,1,1,2,1,1,2,0],9,0].
[[3,6,1,1,1,1,2,1,0],5,1].
[[2,5,0,1,1,1,1,2,2],4,0].
[[2,7,1,1,1,1,2,2,1],6,0].
[[1,8,1,1,2,1,1,1,0],1,3].
[[2,3,1,1,2,1,2,3,1],3,0].
[[2,7,1,1,2,0,1,2,0],1,1].
[[3,6,1,1,2,0,1,1,1],4,2].
[[2,6,1,1,2,0,2,1,1],2,0].
[[3,7,1,1,1,1,1,1,0],3,6].
[[3,8,0,1,1,0,2,2,2],0,6].
[[3,6,0,1,1,1,2,2,2],0,2].
[[3,5,0,1,2,1,2,1,0],4,0].
[[3,3,1,1,1,1,2,1,2],2,0].
[[3,7,2,1,2,0,1,1,0],3,1].
[[3,6,1,1,1,1,1,1,2],2,0].
[[3,6,0,1,2,1,1,1,0],1,7].
[[2,9,1,1,1,0,2,1,0],0,1].
[[1,5,0,1,2,0,1,1,1],3,2].
[[3,5,0,1,2,0,2,1,0],2,0].
[[1,7,1,1,2,1,2,3,0],2,1].
[[3,6,0,0,0,0,1,1,1],1,0].
[[3,6,1,1,1,1,0,0,0],7,0].
[[2,3,2,0,0,0,1,2,1],2,0].
[[3,3,2,1,2,1,1,2,1],7,0].
[[1,7,1,1,2,1,2,3,1],11,3].
[[3,6,1,1,1,0,0,0,0],1,0].
[[1,7,2,1,2,1,2,2,1],3,0].
[[2,7,1,1,2,0,1,1,1],0,3].
[[2,7,0,0,0,0,2,3,1],0,5].
[[3,6,0,1,2,1,1,2,1],1,4].
[[2,3,1,1,2,1,2,2,2],7,0].
[[1,8,1,1,2,0,1,1,2],8,4].
[[2,7,2,1,1,1,2,3,0],1,0].
[[3,3,1,1,1,1,2,1,1],1,0].
[[2,7,1,1,2,0,2,1,0],1,3].
[[3,6,1,1,2,1,2,1,0],12,0].
[[3,6,0,1,2,0,2,1,0],0,2].
[[2,9,2,1,1,0,2,2,2],0,4].
[[3,3,2,1,1,1,2,3,2],2,0].
[[2,6,1,0,0,0,1,1,0],0,1].
[[2,6,0,1,2,1,2,3,0],2,4].
[[1,7,1,1,2,1,1,1,1],1,0].
[[2,7,1,1,1,1,1,2,1],4,1].
[[3,7,0,0,0,0,1,2,0],0,8].
[[1,6,0,0,0,0,2,1,2],0,4].
[[2,6,1,1,2,1,2,3,0],4,0].
[[3,3,1,1,2,1,2,1,0],2,1].
[[2,3,1,1,2,1,2,3,2],2,0].
[[2,9,1,1,1,1,1,2,1],4,5].
[[3,7,0,1,1,1,1,2,1],0,2].
[[3,6,1,1,1,0,1,1,2],1,0].
[[2,7,1,1,2,0,1,1,2],3,1].
[[2,5,0,1,1,0,1,2,1],1,0].
[[2,6,0,0,0,0,2,2,2],5,6].
[[3,5,0,1,1,0,2,3,0],3,0].
[[3,7,0,1,2,0,2,1,1],0,1].
[[2,7,1,1,2,1,1,1,0],1,3].
[[1,7,2,0,0,0,2,3,0],1,0].
[[2,7,2,1,1,1,1,2,1],5,0].
[[3,6,1,0,0,0,1,1,1],4,1].
[[3,1,1,1,2,0,1,2,0],1,0].
[[1,6,0,0,0,0,2,1,0],0,3].
[[2,6,0,0,0,0,2,1,0],1,7].
[[3,6,0,1,2,0,1,2,0],0,1].
[[3,9,1,1,2,0,0,0,0],0,1].
[[2,9,2,1,1,0,1,2,2],3,7].
[[2,2,1,0,0,0,2,2,2],2,0].
[[3,2,1,0,0,0,1,1,2],1,0].
[[2,7,2,1,2,0,2,2,0],1,1].
[[3,9,0,1,1,1,1,2,0],0,6].
[[3,6,0,1,1,1,1,2,0],0,1].
[[2,7,2,1,1,0,2,2,2],1,3].
[[3,7,2,1,1,0,2,2,2],5,2].
[[2,6,1,1,1,1,2,1,2],3,0].
[[3,6,1,1,1,1,2,1,2],1,1].
[[3,3,1,1,1,1,2,3,0],1,0].
[[3,7,1,1,1,0,1,1,1],0,2].
[[1,7,1,1,2,1,2,2,1],4,0].
[[3,3,1,0,0,0,2,2,0],3,0].
[[3,7,2,1,1,0,1,1,0],1,0].
[[3,3,1,1,1,1,1,1,2],1,0].
[[1,3,2,0,0,0,2,3,1],3,0].
[[3,2,1,0,0,0,0,0,0],6,0].
[[2,7,2,1,1,1,2,2,0],1,1].
[[2,6,1,1,2,0,2,2,1],4,0].
[[2,9,1,0,0,0,1,1,1],3,3].
[[2,3,1,1,2,1,2,2,1],3,0].
[[3,7,0,1,2,0,1,2,0],0,2].
[[1,8,0,0,0,0,1,1,1],1,4].
[[2,9,1,1,1,1,2,3,1],1,0].
[[3,9,0,1,1,0,1,2,0],0,2].
[[2,5,0,0,0,0,2,1,0],3,0].
[[1,6,1,1,2,1,2,1,1],1,0].
[[3,6,1,1,2,1,1,1,1],2,1].
[[1,8,1,1,1,1,1,1,1],2,1].
[[3,6,0,0,0,0,1,1,2],1,3].
[[3,6,1,0,0,0,1,1,2],6,2].
[[1,7,2,1,2,0,2,2,1],1,0].
[[3,8,0,1,1,1,2,1,1],0,3].
[[1,5,0,1,2,0,1,1,2],3,0].
[[2,5,0,1,1,0,1,1,2],2,0].
[[3,3,2,1,1,0,0,0,0],1,0].
[[2,7,1,1,2,0,1,1,0],1,0].
[[3,2,1,1,2,1,1,2,2],4,0].
[[2,8,1,1,1,0,2,1,2],0,3].
[[3,9,2,0,0,0,2,1,2],1,1].
[[3,3,2,0,0,0,1,1,2],7,0].
[[2,9,1,1,1,1,1,1,1],1,1].
[[3,6,0,1,1,1,2,1,2],0,2].
[[2,9,1,1,1,1,2,1,0],1,4].
[[1,7,1,0,0,0,1,1,1],2,1].
[[2,7,0,1,2,1,1,1,2],1,0].
[[3,6,0,1,2,0,1,2,1],0,1].
[[1,5,0,1,2,0,1,2,1],1,0].
[[2,7,0,0,0,0,1,1,2],0,1].
[[2,6,1,1,2,1,1,1,1],2,0].
[[2,6,1,1,2,1,2,1,0],5,0].
[[3,6,1,1,2,0,2,1,2],5,0].
[[1,7,2,1,2,1,1,1,2],2,1].
[[1,6,1,0,0,0,2,1,0],3,1].
[[3,9,2,1,1,1,2,2,2],0,4].
[[3,3,2,0,0,0,2,1,2],5,0].
[[2,9,1,1,1,1,1,1,2],1,2].
[[2,9,1,1,2,1,2,2,1],1,1].
[[3,4,0,1,2,0,1,2,0],0,2].
[[1,6,1,1,2,1,1,2,1],4,0].
[[3,7,0,1,1,1,2,1,1],0,2].
[[3,4,0,1,2,0,1,2,2],0,3].
[[3,8,0,1,2,0,2,1,1],2,1].
[[3,3,1,1,1,1,1,2,1],3,0].
[[1,3,2,0,0,0,2,2,2],6,0].
[[2,3,2,1,2,0,2,3,1],2,0].
[[3,3,2,1,2,0,1,2,1],1,0].
[[1,7,2,0,0,0,2,1,0],1,0].
[[2,7,2,1,2,0,2,1,0],3,0].
[[3,3,2,0,0,0,1,2,1],4,0].
[[2,7,1,1,1,1,2,3,0],4,3].
[[3,8,0,1,1,0,0,0,0],0,2].
[[2,1,1,1,2,0,1,1,0],1,0].
[[3,1,1,1,2,0,1,1,0],1,0].
[[1,6,0,0,0,0,2,2,1],1,0].
[[2,6,0,0,0,0,1,2,1],1,1].
[[2,6,1,0,0,0,1,1,1],2,0].
[[2,7,1,1,2,0,2,1,1],3,2].
[[2,8,1,1,1,0,2,2,0],3,2].
[[3,6,0,1,2,1,1,1,1],0,1].
[[3,5,0,1,1,0,1,2,2],2,0].
[[3,3,1,1,1,1,2,3,2],3,1].
[[2,9,1,1,1,0,2,2,0],0,1].
[[2,9,2,1,1,0,0,0,0],0,5].
[[2,3,1,0,0,0,2,3,0],1,0].
[[3,6,1,1,2,0,1,1,0],0,1].
[[3,8,0,1,1,0,1,1,0],0,6].
[[3,8,0,1,1,0,2,1,2],0,2].
[[2,3,2,1,2,1,2,2,1],1,0].
[[3,3,2,1,1,1,1,1,1],1,0].
[[2,9,1,1,1,1,2,2,1],0,1].
[[3,9,1,1,1,1,2,2,1],0,2].
[[3,6,1,0,0,0,2,1,1],3,0].
[[3,6,0,1,2,1,1,1,2],1,6].
[[3,2,1,1,2,0,2,3,0],1,0].
[[2,6,1,1,2,1,1,1,2],1,0].
[[2,7,2,1,2,1,1,2,0],1,1].
[[3,7,2,1,1,1,1,1,0],1,1].
[[2,6,1,1,2,0,1,1,2],2,0].
[[3,9,2,1,2,0,2,1,2],0,5].
[[1,8,1,1,1,1,1,2,0],1,0].
[[2,7,0,1,2,1,2,1,1],0,2].
[[3,3,1,0,0,0,1,1,1],1,0].
[[2,6,0,1,2,1,1,2,0],0,1].
[[3,7,2,1,1,0,2,2,0],2,2].
[[2,3,2,1,2,1,2,3,1],3,0].
[[2,6,0,1,2,1,2,2,0],3,2].
[[3,6,1,1,1,1,2,1,1],1,0].
[[2,6,1,1,1,1,1,2,2],3,0].
[[3,8,1,1,1,0,0,0,0],0,1].
[[2,7,2,1,2,0,1,2,0],2,0].
[[2,9,1,1,1,1,2,1,1],0,1].
[[3,9,2,1,1,0,1,1,1],0,1].
[[2,3,1,0,0,0,1,2,1],1,0].
[[2,9,2,1,1,0,2,3,1],0,3].
[[3,6,1,1,1,0,2,1,2],1,0].
[[3,9,1,1,1,1,0,0,0],0,3].
[[3,3,1,1,2,1,1,1,0],1,0].
[[2,9,1,0,0,0,2,2,1],1,0].
[[3,6,1,1,1,0,1,2,2],1,1].
[[3,4,0,1,2,0,2,1,2],0,1].
[[2,6,1,1,2,1,1,2,0],2,0].
[[3,3,1,1,2,1,1,2,0],1,0].
[[2,6,0,1,2,1,1,2,2],0,2].
[[1,6,1,0,0,0,1,2,2],1,0].
[[3,2,1,1,1,1,1,2,2],1,0].
[[3,3,1,1,2,0,2,3,2],7,0].
[[2,7,2,1,1,1,1,1,1],0,2].
[[2,6,1,1,2,0,1,2,0],1,0].
[[3,2,1,0,0,0,2,2,2],2,0].
[[2,7,0,1,2,1,2,2,1],0,2].
[[3,7,0,1,2,0,1,2,1],0,2].
[[3,6,0,0,0,0,1,1,0],1,0].
[[3,2,1,1,2,1,2,2,2],1,0].
[[3,6,1,1,1,0,2,2,2],0,3].
[[2,6,1,1,1,1,2,2,2],0,1].
[[2,3,2,0,0,0,2,2,1],2,0].
[[3,6,1,1,2,0,2,1,1],2,0].
[[3,9,2,1,1,0,2,2,2],0,1].
[[2,9,2,1,1,0,2,1,2],0,1].
[[1,6,0,0,0,0,2,2,0],1,0].
[[1,2,1,0,0,0,0,0,0],2,0].
[[3,7,2,1,1,0,2,3,2],1,0].
[[1,7,1,0,0,0,1,2,2],0,1].
[[1,2,1,0,0,0,2,2,1],1,0].
[[2,2,1,0,0,0,2,2,1],1,0].
[[3,2,1,1,2,1,2,2,1],1,0].
[[3,6,1,1,1,0,1,2,0],0,1].
[[3,3,0,1,2,1,2,3,0],0,1].
[[3,3,1,1,2,0,2,1,1],2,0].
[[2,9,1,0,0,0,0,0,0],1,0].
[[3,9,0,1,1,0,1,1,0],0,1].
[[1,6,1,1,2,1,1,1,1],1,0].
[[3,2,1,1,2,1,0,0,0],3,0].
[[3,9,2,0,0,0,2,1,1],0,2].
[[3,3,2,0,0,0,2,2,0],1,0].
[[3,2,1,1,2,1,2,2,0],1,0].
[[3,6,0,1,2,0,2,3,2],1,2].
[[2,2,1,1,2,1,0,0,0],1,0].
[[3,2,1,1,1,1,2,2,1],1,0].
[[1,7,1,1,2,1,1,2,1],1,0].
[[2,8,0,1,1,1,2,1,1],0,1].
[[3,4,0,1,2,0,2,3,1],0,1].
[[3,4,0,1,2,0,1,1,0],0,2].
[[2,3,1,0,0,0,2,1,1],2,0].
[[2,6,1,1,1,1,2,2,0],1,0].
[[3,3,1,1,1,1,2,2,0],1,0].
[[1,6,1,1,2,1,2,1,0],1,0].
[[2,6,1,1,1,1,2,1,0],1,0].
[[1,7,2,1,2,0,2,2,2],1,1].
[[3,9,1,1,2,1,2,2,1],0,1].
[[3,2,1,0,0,0,2,2,0],2,0].
[[3,3,0,1,2,1,0,0,0],0,2].
[[2,9,1,0,0,0,2,3,1],1,0].
[[3,9,2,1,1,0,2,1,2],1,0].
[[3,7,1,1,1,0,2,1,1],0,2].
[[3,2,1,1,2,1,2,3,1],1,0].
[[3,3,2,0,0,0,2,3,0],2,0].
[[1,7,1,0,0,0,1,1,2],1,0].
[[2,3,1,0,0,0,1,1,2],1,0].
[[3,9,0,0,0,0,1,2,0],0,2].
[[3,6,0,1,1,1,1,2,2],0,3].
[[2,7,2,1,1,0,2,1,2],0,1].
[[3,6,0,1,2,0,2,2,2],0,1].
[[2,2,0,0,0,0,0,0,0],0,2].
[[3,2,0,1,2,1,2,2,0],0,1].
[[2,3,2,1,2,0,1,1,2],1,0].
[[3,2,1,1,2,0,1,1,2],1,0].
[[2,8,1,1,1,0,2,1,1],0,1].
[[2,6,1,0,0,0,1,2,0],1,0].
[[2,7,2,1,1,1,1,1,0],1,0].
[[3,3,2,1,1,1,1,1,0],1,0].
[[3,9,2,1,1,0,0,0,0],0,1].
[[3,9,2,1,1,1,0,0,0],0,1].
[[1,5,0,1,1,1,1,1,0],0,1].
[[3,9,2,0,0,0,2,2,2],0,4].
[[2,7,0,1,2,1,1,1,0],0,1].
[[2,9,2,1,1,0,1,1,1],0,1].
[[2,3,1,1,2,1,1,2,1],1,0].
[[2,9,2,1,1,0,1,1,0],0,1].
[[3,9,2,1,2,0,0,0,0],0,1].
[[1,6,1,0,0,0,1,2,1],1,0].
[[2,7,2,1,1,0,2,3,0],0,1].
[[3,1,1,1,2,0,1,2,1],1,0].
[[2,9,1,1,2,0,2,2,1],0,1].
[[2,3,2,1,2,1,1,2,1],1,0].
[[2,3,2,1,2,1,1,1,2],1,0].
[[3,7,2,1,1,0,2,1,2],1,0].
[[3,3,0,1,2,1,1,2,2],0,1].
[[3,3,1,0,0,0,1,2,0],1,0].
[[2,7,2,1,1,0,2,2,1],1,0].
[[3,9,2,1,1,0,2,2,1],0,1].
[[3,9,2,1,2,0,2,1,1],0,1].
[[2,7,0,1,2,1,1,2,1],0,1].
[[3,2,0,1,2,1,0,0,0],0,1].
[[2,7,1,1,1,1,2,1,0],0,1].
[[3,4,0,1,2,0,2,2,0],0,1].
[[3,3,2,1,1,1,2,1,2],1,0].
[[2,7,1,1,1,1,2,2,0],1,0].
[[3,3,0,0,0,0,0,0,0],0,1].
[[2,3,2,0,0,0,1,1,2],1,0].
[[3,7,0,1,2,1,1,1,1],1,0].
[[3,3,0,1,2,1,2,2,2],0,1].
[[3,4,0,1,2,0,1,1,2],0,1].
[[3,2,1,1,2,0,0,0,0],1,0].
[[3,3,2,1,2,0,2,2,0],1,0].
