total_WL(6860,5111).
[[1,8,1,0,0,0,1,2,1],40,18].
[[2,8,1,0,0,0,1,2,1],91,28].
[[3,7,1,1,2,0,1,2,1],19,6].
[[1,8,0,1,1,2,0,0,0],54,25].
[[2,7,1,1,1,2,0,0,0],24,6].
[[3,7,2,1,1,2,2,2,1],12,0].
[[1,9,2,1,2,2,2,3,0],212,239].
[[2,9,2,1,2,2,1,2,0],81,115].
[[3,8,1,1,2,2,1,2,0],71,9].
[[1,9,2,1,2,2,2,2,1],98,125].
[[2,9,2,1,2,2,2,2,1],38,79].
[[3,9,2,1,2,2,1,2,1],54,128].
[[1,8,1,1,2,2,0,0,0],268,96].
[[2,8,1,1,1,2,2,2,1],66,11].
[[3,6,1,1,1,2,2,2,1],8,0].
[[1,8,0,1,2,2,2,3,1],33,16].
[[2,8,0,1,2,2,2,3,1],38,69].
[[3,7,1,1,2,2,2,1,1],72,29].
[[1,9,2,1,1,2,2,2,1],55,25].
[[2,9,2,1,1,2,2,2,1],41,29].
[[3,9,2,1,1,2,1,2,2],14,44].
[[1,9,2,0,0,0,2,2,1],86,110].
[[2,9,2,0,0,0,2,2,1],30,40].
[[3,9,2,0,0,0,1,1,1],4,9].
[[1,9,2,1,2,2,1,2,2],96,77].
[[2,9,2,1,2,2,1,2,2],63,97].
[[1,5,0,1,2,2,1,1,1],9,2].
[[2,5,0,1,2,2,1,1,1],37,3].
[[3,5,0,1,1,2,1,1,1],58,4].
[[3,9,2,1,2,2,2,2,1],9,30].
[[1,7,1,0,0,0,0,0,0],48,10].
[[2,7,1,1,2,0,2,3,2],7,3].
[[3,7,1,1,1,0,2,3,2],6,3].
[[1,8,0,0,0,0,2,3,1],13,17].
[[2,8,0,0,0,0,1,2,1],13,15].
[[3,8,0,1,2,2,1,2,1],49,92].
[[1,9,2,0,0,0,0,0,0],101,226].
[[2,9,2,1,2,2,2,3,1],32,97].
[[3,9,2,1,2,2,2,3,1],3,22].
[[1,9,2,1,2,2,2,3,2],163,200].
[[2,9,2,1,1,2,2,3,2],33,41].
[[3,4,2,1,2,0,2,3,2],57,1].
[[2,9,2,1,1,2,2,3,0],72,71].
[[3,8,1,1,1,2,1,2,1],99,35].
[[2,8,1,1,2,2,2,2,1],143,48].
[[3,6,1,1,2,2,2,2,1],19,0].
[[2,7,1,0,0,0,2,1,1],23,2].
[[3,7,1,0,0,0,2,1,1],24,10].
[[1,8,1,1,2,2,2,2,1],132,23].
[[2,8,1,1,2,2,1,2,0],33,12].
[[3,8,1,1,1,2,1,2,0],39,8].
[[1,9,2,1,2,2,0,0,0],122,264].
[[2,8,1,1,2,2,0,0,0],60,33].
[[3,8,1,1,1,2,2,1,0],5,2].
[[1,9,2,1,2,2,1,1,1],24,19].
[[2,8,0,1,2,2,1,1,1],10,8].
[[3,7,0,1,2,2,1,1,1],1,2].
[[1,8,0,1,2,2,2,1,0],9,9].
[[2,8,0,1,2,2,1,2,0],30,32].
[[3,8,0,1,2,2,1,2,0],55,68].
[[1,9,2,1,1,2,2,1,1],48,18].
[[2,9,2,1,1,2,2,1,1],37,25].
[[3,9,2,1,1,2,1,1,1],14,28].
[[1,8,1,1,2,0,0,0,0],36,18].
[[2,8,1,1,1,0,2,2,0],4,1].
[[3,8,1,1,1,0,1,1,0],2,3].
[[1,9,2,0,0,0,2,3,2],128,227].
[[2,8,1,0,0,0,2,3,2],119,29].
[[3,8,1,1,2,0,1,2,2],26,9].
[[3,8,1,1,2,2,1,1,1],70,54].
[[2,8,0,1,2,2,2,3,2],72,112].
[[3,8,0,1,1,2,2,1,1],26,38].
[[1,8,1,1,2,2,2,3,2],186,41].
[[2,8,1,1,1,2,2,3,2],72,15].
[[3,8,1,1,1,2,2,3,2],52,13].
[[1,8,1,0,0,0,2,2,1],164,38].
[[3,7,1,1,2,2,1,2,1],83,15].
[[3,8,1,1,2,2,2,2,1],90,34].
[[1,9,2,1,1,2,2,2,0],55,37].
[[2,9,2,1,1,2,2,2,0],34,55].
[[3,4,2,1,2,0,2,2,0],51,2].
[[1,9,2,0,0,0,2,3,1],82,115].
[[2,9,2,1,2,0,2,3,2],9,23].
[[3,9,2,1,1,0,1,2,1],4,23].
[[1,9,2,1,2,0,1,2,1],6,7].
[[2,5,0,1,2,0,1,1,1],7,5].
[[3,5,0,1,2,0,1,1,1],23,11].
[[1,8,0,1,2,2,2,3,2],59,92].
[[3,8,0,1,2,2,2,3,2],24,81].
[[1,8,0,1,1,2,2,2,1],2,9].
[[2,8,0,1,1,2,2,2,1],21,26].
[[3,7,1,1,1,2,2,2,1],44,10].
[[2,9,2,1,2,2,0,0,0],1,45].
[[3,9,2,1,2,2,2,3,0],11,96].
[[1,9,2,1,1,2,1,2,0],37,14].
[[2,9,2,1,1,2,1,2,0],68,42].
[[3,4,2,1,2,0,1,2,0],114,3].
[[1,8,1,1,1,2,1,2,1],3,2].
[[2,8,1,1,1,2,1,2,1],44,12].
[[3,4,2,1,2,0,1,1,1],64,0].
[[1,8,0,1,2,2,0,0,0],171,195].
[[2,8,0,1,2,2,2,3,0],95,113].
[[3,7,1,1,2,2,2,3,0],25,13].
[[1,8,1,0,0,0,0,0,0],330,113].
[[2,7,1,1,2,2,0,0,0],102,29].
[[3,7,1,1,1,2,2,3,1],42,12].
[[1,8,0,0,0,0,0,0,0],122,149].
[[3,8,0,1,2,2,2,3,0],48,135].
[[1,9,2,0,0,0,2,3,0],176,226].
[[3,9,2,0,0,0,2,2,1],2,9].
[[1,8,1,1,2,0,1,2,2],4,3].
[[2,7,1,1,2,0,1,2,2],3,1].
[[3,7,1,1,2,2,1,2,2],44,15].
[[2,9,2,1,2,2,2,3,2],37,100].
[[1,9,2,0,0,0,1,2,0],46,56].
[[2,9,2,0,0,0,1,2,0],34,59].
[[3,8,1,1,2,0,1,2,0],26,5].
[[1,9,2,1,1,2,2,3,1],46,31].
[[2,8,1,1,1,2,2,3,1],58,19].
[[3,8,1,1,1,2,2,3,1],40,17].
[[1,9,2,1,1,2,2,3,2],83,42].
[[3,9,2,1,1,2,1,2,0],42,109].
[[2,9,2,1,2,0,1,2,1],11,30].
[[3,8,0,1,1,0,1,2,1],4,9].
[[2,8,1,1,2,2,1,1,1],48,32].
[[3,5,0,1,2,2,1,1,1],98,4].
[[3,9,2,1,2,2,1,2,2],25,86].
[[1,9,2,0,0,0,2,1,0],47,53].
[[2,9,2,0,0,0,1,1,0],10,19].
[[3,9,2,1,2,0,1,1,0],0,21].
[[1,9,2,1,2,2,2,2,0],104,149].
[[2,8,1,1,2,2,2,2,0],46,14].
[[3,8,1,1,2,2,2,2,0],12,13].
[[1,8,0,0,0,0,2,3,2],56,64].
[[2,6,0,1,2,2,2,3,2],4,4].
[[3,6,0,1,1,2,1,2,1],1,2].
[[2,8,1,0,0,0,2,2,1],82,30].
[[2,9,2,0,0,0,2,3,0],45,81].
[[3,8,1,1,2,0,1,2,1],60,30].
[[3,8,1,1,2,2,2,3,2],70,17].
[[1,8,0,1,1,2,2,3,1],13,4].
[[2,4,2,1,2,0,2,3,2],49,0].
[[3,4,2,1,2,0,1,2,2],81,1].
[[1,9,2,1,2,2,2,3,1],93,149].
[[2,9,2,1,2,2,2,2,0],56,122].
[[3,9,2,1,2,2,2,2,0],7,54].
[[1,7,1,1,2,2,0,0,0],59,13].
[[2,7,1,1,2,2,2,2,1],44,6].
[[1,8,0,1,2,2,2,3,0],50,42].
[[2,8,0,1,1,2,1,2,0],18,7].
[[3,7,1,1,1,2,1,2,0],8,0].
[[1,9,2,0,0,0,1,2,2],60,84].
[[2,9,2,0,0,0,1,2,2],28,57].
[[1,9,2,1,2,0,2,3,0],17,33].
[[2,9,2,1,2,0,2,3,0],16,47].
[[3,9,2,1,2,0,2,3,0],4,32].
[[1,9,2,1,1,2,2,1,0],27,13].
[[2,9,2,1,1,2,2,1,0],8,10].
[[3,9,2,1,1,2,2,2,0],10,42].
[[1,9,2,0,0,0,2,1,1],57,85].
[[2,9,2,1,2,2,1,2,1],86,145].
[[3,8,1,1,2,2,1,2,1],169,83].
[[2,8,0,0,0,0,0,0,0],25,46].
[[3,8,0,0,0,0,0,0,0],0,4].
[[2,8,0,1,2,2,0,0,0],30,117].
[[3,8,0,1,1,2,2,2,0],11,51].
[[2,8,0,0,0,0,2,3,0],35,47].
[[3,7,0,0,0,0,2,3,0],4,3].
[[2,7,2,0,0,0,0,0,0],36,1].
[[3,7,2,1,2,0,2,1,1],10,2].
[[2,8,1,1,2,2,1,2,2],70,24].
[[3,8,1,1,2,2,1,2,2],73,25].
[[2,8,1,1,2,0,2,3,0],15,11].
[[3,8,1,1,1,0,2,1,1],8,7].
[[1,8,1,0,0,0,2,3,1],118,40].
[[2,7,2,0,0,0,2,3,1],15,1].
[[3,7,2,0,0,0,1,2,1],11,0].
[[2,8,1,1,2,0,2,3,1],38,23].
[[2,9,2,0,0,0,1,1,1],17,26].
[[3,9,2,1,2,2,1,1,1],13,63].
[[3,8,0,0,0,0,1,2,0],12,15].
[[2,8,0,0,0,0,1,2,0],14,14].
[[3,8,0,1,2,0,1,2,0],14,17].
[[2,8,1,1,2,2,2,3,2],167,44].
[[3,9,2,1,2,2,1,2,0],51,106].
[[1,8,1,1,2,2,2,1,0],16,3].
[[2,8,1,1,1,2,2,1,0],11,1].
[[3,4,2,1,2,0,2,1,0],16,1].
[[1,9,2,1,2,0,0,0,0],7,33].
[[2,9,2,1,1,2,2,3,1],30,34].
[[1,8,0,1,2,2,1,2,0],8,7].
[[3,8,0,1,1,2,1,2,0],44,58].
[[2,8,0,1,2,2,2,1,1],37,33].
[[3,8,0,1,2,2,2,1,1],45,48].
[[1,8,1,1,2,0,1,2,1],5,6].
[[2,8,1,1,2,0,1,2,1],23,17].
[[1,9,2,1,2,2,1,1,0],18,16].
[[2,9,2,1,2,2,1,1,0],19,36].
[[3,9,2,1,1,2,1,1,0],9,34].
[[3,8,1,1,1,2,2,1,1],43,26].
[[3,7,1,1,1,2,0,0,0],23,10].
[[2,8,0,1,2,2,1,2,2],29,46].
[[2,8,1,1,2,2,2,3,1],121,46].
[[3,8,1,1,2,2,2,3,1],67,29].
[[3,8,0,1,2,2,2,2,0],27,90].
[[2,8,0,1,2,2,2,2,1],40,48].
[[3,8,0,1,1,2,2,2,1],17,46].
[[2,8,0,1,1,2,2,3,2],38,28].
[[3,7,1,1,1,2,2,3,2],58,6].
[[2,4,2,1,2,0,1,2,2],30,0].
[[2,7,1,0,0,0,0,0,0],63,18].
[[3,7,1,0,0,0,2,2,1],22,3].
[[1,9,2,1,2,2,1,2,1],50,62].
[[3,9,2,1,2,0,2,1,1],7,7].
[[2,5,0,1,1,2,2,1,0],5,0].
[[3,5,0,1,1,2,2,1,0],6,1].
[[1,7,1,1,2,2,2,2,0],1,1].
[[2,7,1,1,2,2,1,2,0],1,1].
[[3,7,0,1,2,2,1,2,0],7,1].
[[1,9,2,1,1,2,2,3,0],96,52].
[[1,9,2,0,0,0,2,2,0],90,141].
[[2,8,0,1,2,2,2,2,0],38,71].
[[2,9,2,0,0,0,1,2,1],48,64].
[[3,5,0,1,2,0,1,2,1],3,0].
[[3,9,2,1,1,2,1,2,1],19,90].
[[1,7,2,0,0,0,0,0,0],70,9].
[[2,7,2,1,2,0,0,0,0],16,8].
[[3,3,2,1,2,0,0,0,0],9,0].
[[2,9,2,1,2,0,1,1,0],5,8].
[[3,8,0,1,1,2,1,1,0],9,17].
[[1,8,1,1,2,2,2,3,0],47,15].
[[2,7,2,1,2,2,2,3,0],3,0].
[[3,3,2,1,2,2,2,3,0],1,0].
[[2,8,1,1,2,0,2,2,1],50,16].
[[3,8,1,1,2,0,1,1,1],33,16].
[[2,8,0,1,1,2,2,1,1],16,13].
[[3,8,0,1,1,2,1,2,1],27,61].
[[3,8,0,1,1,2,2,3,2],19,40].
[[1,8,1,0,0,0,2,3,2],261,76].
[[3,7,1,1,2,0,2,3,2],33,11].
[[2,9,2,1,2,2,2,1,1],61,88].
[[3,8,1,1,2,2,2,1,1],84,33].
[[1,8,1,1,2,2,1,2,2],27,9].
[[1,9,2,0,0,0,1,1,0],12,19].
[[3,9,2,1,2,2,1,1,0],13,46].
[[3,7,1,1,2,2,2,3,1],78,16].
[[2,7,2,0,0,0,2,3,2],46,7].
[[3,7,2,0,0,0,2,3,1],5,3].
[[2,9,2,1,2,0,2,1,0],5,12].
[[3,8,0,1,2,2,2,1,0],11,26].
[[1,8,0,1,2,2,1,2,2],12,12].
[[2,7,1,1,2,2,1,2,2],9,5].
[[3,7,1,1,1,2,1,2,2],29,3].
[[2,7,2,1,2,2,2,1,1],9,3].
[[3,7,2,1,2,2,2,1,1],26,1].
[[1,9,2,1,2,2,1,2,0],53,54].
[[3,8,1,1,1,2,2,3,0],17,8].
[[2,9,2,1,2,2,1,1,1],34,47].
[[3,8,0,1,2,2,1,1,1],18,46].
[[1,8,0,0,0,0,2,2,0],16,16].
[[1,8,1,0,0,0,2,1,0],18,1].
[[2,6,1,0,0,0,2,1,0],5,0].
[[3,3,2,1,2,0,1,2,1],2,0].
[[2,9,2,0,0,0,2,3,2],23,56].
[[3,9,2,1,2,0,1,2,2],8,29].
[[1,8,1,1,1,2,2,3,1],26,6].
[[2,4,2,1,2,0,2,1,1],34,0].
[[3,4,2,1,2,0,2,1,1],67,0].
[[1,8,0,0,0,0,1,2,2],8,12].
[[2,5,0,0,0,0,1,1,1],15,2].
[[3,5,0,0,0,0,1,1,1],22,1].
[[2,9,2,1,2,2,2,3,0],80,196].
[[3,7,2,1,2,2,1,2,2],27,7].
[[2,3,2,0,0,0,0,0,0],12,0].
[[2,9,2,0,0,0,0,0,0],2,24].
[[3,8,1,0,0,0,0,0,0],0,3].
[[1,8,1,1,2,2,2,3,1],104,37].
[[2,7,1,1,2,2,2,3,1],41,10].
[[1,8,1,1,2,2,2,1,1],66,19].
[[2,8,1,1,2,2,2,1,1],90,39].
[[1,9,2,1,2,0,2,2,0],11,15].
[[2,9,2,1,2,0,2,2,1],10,26].
[[3,9,2,1,2,0,2,2,1],1,9].
[[2,7,0,1,1,2,2,3,1],1,1].
[[3,7,0,1,1,2,2,3,1],2,8].
[[1,8,1,0,0,0,2,1,1],88,29].
[[3,4,2,1,2,0,2,2,1],57,1].
[[2,8,1,0,0,0,2,3,1],76,28].
[[1,9,2,0,0,0,1,2,1],54,48].
[[3,7,1,0,0,0,1,2,1],16,2].
[[1,8,1,0,0,0,1,2,2],34,12].
[[2,7,2,0,0,0,1,2,2],15,2].
[[3,3,2,0,0,0,1,2,2],5,0].
[[1,9,2,1,1,2,0,0,0],55,70].
[[1,9,2,1,2,2,2,1,1],85,88].
[[2,9,2,0,0,0,2,3,1],20,34].
[[3,9,2,0,0,0,1,2,1],8,27].
[[2,8,0,1,2,0,0,0,0],7,21].
[[3,8,0,1,1,0,2,2,1],1,2].
[[2,6,0,1,1,2,0,0,0],4,3].
[[3,6,0,1,1,2,2,1,0],1,3].
[[3,8,0,1,2,2,2,3,1],23,60].
[[2,9,2,1,2,0,1,2,0],16,27].
[[2,8,0,1,1,2,1,2,1],9,5].
[[3,8,0,1,1,2,1,1,1],6,15].
[[3,7,2,1,2,2,2,2,0],5,0].
[[1,8,1,1,2,0,2,3,2],32,14].
[[3,5,0,1,2,2,1,2,2],14,0].
[[2,9,2,1,2,0,2,1,1],9,21].
[[3,8,0,1,1,0,2,1,1],1,5].
[[2,7,1,1,2,2,2,3,2],67,17].
[[3,7,2,1,1,2,2,3,1],8,1].
[[3,8,1,0,0,0,2,3,1],27,7].
[[1,6,1,0,0,0,0,0,0],67,2].
[[2,6,1,0,0,0,0,0,0],33,2].
[[3,6,1,1,2,0,2,2,0],4,0].
[[1,7,2,1,2,2,2,3,1],6,0].
[[2,7,2,1,2,2,2,3,1],12,2].
[[3,7,2,1,1,2,1,2,1],12,1].
[[1,9,2,1,1,2,1,2,1],18,12].
[[2,9,2,1,1,2,1,2,1],46,51].
[[2,9,2,1,2,0,2,3,1],8,24].
[[3,9,2,1,2,0,1,1,1],6,12].
[[1,9,2,0,0,0,1,1,1],19,25].
[[1,9,2,1,1,2,1,2,2],45,19].
[[2,8,0,1,1,2,1,2,2],13,13].
[[2,8,1,1,2,2,2,3,0],57,18].
[[3,8,1,1,2,2,2,3,0],21,16].
[[2,8,0,1,2,0,2,2,0],5,8].
[[3,6,0,1,2,0,2,2,0],1,1].
[[3,9,2,1,1,2,2,3,0],5,60].
[[1,8,1,1,1,2,2,1,1],12,3].
[[2,8,0,1,1,2,2,3,0],49,32].
[[1,8,0,0,0,0,2,1,1],12,10].
[[1,8,1,1,1,2,0,0,0],49,11].
[[1,8,0,0,0,0,2,1,0],10,4].
[[3,8,0,1,1,2,2,3,0],36,92].
[[3,4,2,1,2,0,1,2,1],116,3].
[[2,8,0,1,2,0,1,2,1],2,5].
[[3,8,0,1,2,0,1,2,1],13,17].
[[2,4,2,1,2,0,1,2,1],34,2].
[[1,9,2,1,2,2,2,1,0],51,62].
[[1,5,0,0,0,0,1,2,0],2,0].
[[2,5,0,0,0,0,1,2,0],7,0].
[[3,5,0,1,2,0,1,2,0],15,1].
[[2,8,1,0,0,0,1,1,1],30,28].
[[3,7,1,1,2,2,2,3,2],105,23].
[[1,8,1,1,2,2,2,2,0],45,6].
[[3,4,2,1,2,0,2,3,1],52,2].
[[1,8,1,1,2,0,2,1,1],10,6].
[[3,7,2,1,2,2,2,2,1],22,3].
[[3,9,1,1,1,0,2,3,0],0,1].
[[2,4,2,1,2,0,0,0,0],19,1].
[[3,4,2,1,2,0,0,0,0],13,3].
[[1,8,0,1,2,2,2,2,1],16,16].
[[3,7,1,1,2,2,2,2,1],70,22].
[[1,8,1,0,0,0,2,2,0],46,11].
[[2,8,1,0,0,0,1,1,0],5,2].
[[3,8,1,0,0,0,1,1,0],3,1].
[[2,8,0,0,0,0,2,2,1],15,33].
[[3,8,0,0,0,0,1,1,1],6,4].
[[3,8,0,1,2,2,1,2,2],27,74].
[[3,7,2,0,0,0,2,3,2],19,5].
[[3,9,1,1,1,2,1,2,1],2,1].
[[2,8,0,1,1,2,0,0,0],32,49].
[[3,8,1,0,0,0,2,3,2],20,3].
[[2,9,2,0,0,0,2,1,0],7,17].
[[3,9,2,0,0,0,2,3,0],1,25].
[[1,8,1,1,2,2,1,2,1],35,15].
[[2,8,1,1,2,2,1,2,1],101,44].
[[2,8,1,0,0,0,0,0,0],35,18].
[[3,8,1,1,2,0,2,1,1],28,13].
[[1,7,2,0,0,0,2,3,2],49,6].
[[3,7,2,1,2,0,2,2,1],17,0].
[[3,7,1,1,2,2,1,1,1],29,15].
[[2,7,1,0,0,0,2,3,2],54,15].
[[3,9,2,1,1,2,2,1,1],10,14].
[[1,8,1,1,1,2,2,3,0],7,0].
[[2,7,1,1,1,2,2,3,0],4,0].
[[3,7,1,1,1,2,2,1,1],23,13].
[[1,8,1,0,0,0,1,2,0],7,4].
[[2,8,1,0,0,0,1,2,0],21,4].
[[3,6,1,0,0,0,1,2,0],1,0].
[[3,7,1,0,0,0,0,0,0],14,6].
[[3,8,0,1,2,0,2,2,1],7,17].
[[3,7,1,1,2,0,2,3,1],26,10].
[[2,5,0,1,2,0,1,2,0],3,0].
[[3,9,2,1,2,2,2,3,2],5,8].
[[1,9,2,1,2,0,2,1,0],5,11].
[[2,8,0,1,1,2,2,2,0],26,18].
[[3,8,1,1,1,2,1,2,2],33,17].
[[2,7,2,1,2,2,2,3,2],56,2].
[[3,7,2,1,2,2,2,3,2],63,5].
[[2,8,1,1,1,0,2,3,2],4,1].
[[3,8,1,1,1,0,2,3,2],10,2].
[[3,8,1,0,0,0,1,2,1],55,17].
[[1,9,2,1,2,0,2,2,1],8,11].
[[2,9,2,1,2,0,1,2,2],14,25].
[[3,8,1,0,0,0,2,2,1],29,7].
[[2,8,1,1,2,0,2,3,2],51,13].
[[3,8,0,1,1,2,1,2,2],23,44].
[[3,9,2,1,1,2,2,2,1],11,17].
[[2,9,2,0,0,0,2,2,0],25,58].
[[3,8,0,0,0,0,2,2,0],2,15].
[[3,7,0,1,2,2,2,3,2],9,14].
[[3,9,2,1,1,0,1,1,0],1,8].
[[2,9,2,1,1,0,0,0,0],0,2].
[[3,9,2,1,1,0,2,1,0],0,3].
[[2,4,2,1,2,0,2,2,1],36,0].
[[1,8,1,1,2,2,1,1,1],23,13].
[[3,8,0,0,0,0,1,2,1],8,28].
[[1,8,0,1,2,2,2,2,0],23,15].
[[3,8,0,1,2,2,0,0,0],0,30].
[[2,8,0,0,0,0,1,2,2],13,27].
[[3,8,0,1,2,0,1,2,2],7,27].
[[2,9,2,1,2,2,2,1,0],12,45].
[[3,8,1,1,2,2,2,1,0],6,4].
[[1,8,1,0,0,0,2,3,0],55,13].
[[2,7,1,0,0,0,2,3,0],6,1].
[[3,7,1,1,2,2,1,2,0],12,5].
[[1,9,2,1,1,2,1,1,1],11,3].
[[2,8,0,1,1,2,1,1,1],6,4].
[[1,7,2,0,0,0,1,2,1],6,2].
[[2,7,2,1,2,2,1,2,1],17,0].
[[3,7,2,1,2,2,1,2,1],29,4].
[[2,7,1,0,0,0,2,3,1],13,1].
[[3,5,0,1,2,2,1,2,0],54,2].
[[3,7,0,1,2,2,1,2,2],5,8].
[[3,7,1,1,2,0,1,1,1],8,4].
[[3,7,1,0,0,0,2,3,1],18,9].
[[2,8,1,0,0,0,2,1,1],69,25].
[[3,8,1,0,0,0,1,1,1],19,14].
[[3,8,0,0,0,0,2,3,0],14,34].
[[2,6,1,1,2,2,2,2,0],6,0].
[[3,3,1,1,2,2,2,2,0],4,0].
[[3,7,1,1,2,0,2,1,0],4,2].
[[2,8,0,1,1,2,2,3,1],24,26].
[[3,8,0,1,1,2,2,3,1],21,35].
[[3,7,2,0,0,0,0,0,0],9,0].
[[3,8,1,1,1,2,2,2,1],61,26].
[[1,8,1,1,1,2,2,3,2],45,7].
[[3,5,0,0,0,0,1,2,1],2,0].
[[3,8,1,0,0,0,2,1,1],23,9].
[[2,8,0,1,1,2,2,1,0],13,9].
[[3,4,2,1,2,0,1,1,0],29,1].
[[2,9,2,1,2,0,2,2,0],9,28].
[[3,9,2,1,1,0,1,2,0],2,20].
[[3,9,2,1,2,2,2,1,1],17,35].
[[3,8,1,1,1,2,1,1,1],32,29].
[[2,5,0,1,1,2,1,1,1],26,0].
[[2,8,0,1,1,2,1,1,0],4,2].
[[1,7,2,0,0,0,1,2,2],7,0].
[[2,7,2,1,2,0,1,2,2],4,5].
[[3,7,2,1,1,0,1,2,2],4,5].
[[2,4,2,1,2,0,2,3,0],42,3].
[[2,8,1,1,1,2,0,0,0],29,11].
[[2,9,2,1,1,2,1,1,1],29,16].
[[2,9,2,1,1,0,2,3,0],3,7].
[[3,9,2,1,1,0,2,3,0],0,15].
[[1,5,0,0,0,0,2,3,0],2,0].
[[2,5,0,1,2,2,2,3,0],2,0].
[[3,5,0,1,2,2,2,3,0],6,0].
[[3,7,0,0,0,0,1,2,1],1,1].
[[3,5,0,1,1,2,1,2,0],33,0].
[[2,7,2,1,1,2,2,3,2],8,1].
[[3,7,2,1,1,2,1,2,2],9,2].
[[3,7,2,0,0,0,2,1,1],8,1].
[[2,8,0,1,2,0,2,3,0],16,15].
[[2,7,1,1,1,2,2,3,1],8,1].
[[2,8,1,1,2,0,2,1,1],33,13].
[[3,8,1,1,1,0,2,3,0],2,5].
[[2,8,0,0,0,0,2,3,2],29,50].
[[3,8,0,0,0,0,2,1,1],9,13].
[[2,6,1,1,2,2,1,1,1],3,0].
[[3,6,1,1,1,2,1,1,1],3,1].
[[2,7,0,1,2,2,0,0,0],8,11].
[[2,8,1,0,0,0,1,2,2],38,16].
[[3,8,1,1,2,2,0,0,0],0,6].
[[1,6,1,1,2,2,0,0,0],21,1].
[[2,6,1,1,1,2,0,0,0],5,0].
[[3,6,1,1,1,2,2,2,0],1,0].
[[2,9,2,1,2,0,0,0,0],0,12].
[[1,9,2,1,2,0,1,1,0],0,4].
[[1,8,0,0,0,0,2,3,0],28,26].
[[3,3,2,1,2,2,2,3,2],6,0].
[[3,7,1,1,2,2,2,2,0],16,3].
[[2,8,1,1,1,0,1,2,1],3,3].
[[3,7,1,1,1,0,1,2,1],5,2].
[[2,8,0,1,2,2,1,2,1],24,21].
[[3,9,2,1,2,2,2,1,0],0,11].
[[3,8,0,0,0,0,2,3,2],5,16].
[[2,8,0,1,2,0,2,2,1],4,7].
[[3,7,1,1,1,0,0,0,0],2,4].
[[1,5,0,1,1,2,1,2,0],2,0].
[[2,5,0,1,1,2,1,2,0],9,0].
[[2,7,2,1,2,2,0,0,0],27,1].
[[3,7,2,0,0,0,2,2,1],7,0].
[[1,8,0,1,1,2,2,1,0],7,2].
[[3,4,2,1,2,0,2,3,0],66,6].
[[1,4,2,1,2,0,2,2,0],10,1].
[[1,7,1,0,0,0,2,3,1],7,3].
[[2,9,2,1,1,2,1,1,0],15,18].
[[3,9,2,1,1,0,2,2,1],2,7].
[[2,8,1,0,0,0,2,3,0],36,6].
[[3,8,1,1,2,0,2,3,0],9,5].
[[2,6,0,1,2,2,2,2,1],6,2].
[[3,6,0,1,2,2,2,2,1],1,3].
[[2,7,1,0,0,0,1,2,1],9,5].
[[3,7,1,0,0,0,2,3,2],34,3].
[[1,7,2,1,2,2,1,2,2],2,2].
[[2,7,2,1,2,2,1,2,2],12,5].
[[3,3,1,1,2,0,2,3,1],2,0].
[[3,6,1,1,2,0,1,2,0],6,1].
[[1,7,2,1,2,2,2,3,2],15,0].
[[3,8,1,1,1,0,1,2,0],5,5].
[[1,5,0,1,2,2,2,1,0],5,0].
[[3,7,1,1,2,0,2,2,1],24,7].
[[1,8,1,1,2,0,2,1,0],2,1].
[[2,8,1,1,2,0,2,1,0],5,1].
[[3,8,1,1,1,0,2,2,1],10,11].
[[3,7,1,1,2,2,0,0,0],40,18].
[[3,7,0,1,1,2,2,3,0],7,9].
[[2,6,1,0,0,0,2,3,1],12,0].
[[3,3,1,0,0,0,2,3,1],1,0].
[[2,8,0,1,2,0,2,3,2],8,14].
[[3,9,2,1,2,0,1,2,1],21,39].
[[1,8,0,1,1,2,2,3,0],17,6].
[[2,4,2,1,2,0,1,2,0],36,2].
[[3,8,0,1,2,2,1,1,0],19,29].
[[1,8,0,0,0,0,1,2,1],1,1].
[[2,5,0,1,2,2,1,2,1],5,0].
[[3,5,0,1,1,2,1,2,1],7,0].
[[2,8,1,0,0,0,2,2,0],22,9].
[[3,7,1,0,0,0,2,2,0],10,2].
[[3,9,2,0,0,0,1,2,0],13,36].
[[2,7,0,0,0,0,2,3,2],2,0].
[[2,8,1,1,2,0,1,2,2],20,7].
[[2,7,2,1,2,2,2,2,1],12,1].
[[3,7,1,1,2,0,1,2,2],13,7].
[[2,9,2,1,1,2,0,0,0],7,19].
[[1,9,2,1,2,0,2,3,2],20,26].
[[2,8,0,1,2,2,2,1,0],26,25].
[[3,8,1,1,1,0,2,3,1],3,3].
[[3,6,1,1,2,2,2,1,1],12,1].
[[2,7,0,1,1,2,0,0,0],6,5].
[[3,7,0,1,1,2,2,2,1],7,4].
[[2,8,0,1,2,0,1,2,2],2,9].
[[3,8,0,1,1,0,1,2,2],1,9].
[[3,9,1,1,1,2,2,3,0],2,0].
[[3,8,0,1,2,0,2,3,1],6,14].
[[1,8,0,1,1,2,2,3,2],22,5].
[[2,7,0,1,1,2,2,3,2],4,3].
[[3,7,0,1,1,2,2,3,2],9,10].
[[2,8,1,1,1,2,1,2,2],33,6].
[[3,7,2,0,0,0,1,1,1],8,4].
[[2,7,2,0,0,0,2,1,1],11,2].
[[2,6,1,1,2,0,2,3,2],6,4].
[[3,6,1,1,2,0,2,3,2],12,0].
[[3,3,2,1,2,2,0,0,0],8,0].
[[3,5,0,1,1,0,1,2,0],3,3].
[[1,9,2,1,2,0,1,2,2],8,12].
[[2,9,2,1,1,0,1,2,2],1,1].
[[2,8,1,1,1,2,1,2,0],9,2].
[[3,7,2,1,1,2,1,2,0],4,0].
[[2,7,0,1,2,2,2,2,0],1,1].
[[3,7,0,1,2,2,2,2,0],3,13].
[[3,7,1,0,0,0,1,1,1],7,6].
[[3,8,0,1,1,2,2,1,0],0,16].
[[3,7,0,1,1,2,0,0,0],4,16].
[[3,5,0,1,2,2,1,2,1],16,1].
[[1,8,1,0,0,0,1,1,1],22,23].
[[3,7,2,1,2,0,2,3,1],8,2].
[[2,8,1,0,0,0,2,1,0],9,1].
[[3,8,1,0,0,0,2,2,0],3,3].
[[3,7,0,1,2,2,2,3,0],11,17].
[[3,7,0,1,1,2,1,2,1],3,1].
[[2,6,1,1,2,0,2,2,1],4,0].
[[3,6,1,1,2,0,2,2,1],13,1].
[[2,6,1,0,0,0,2,2,0],7,0].
[[3,2,1,0,0,0,2,2,0],1,0].
[[2,9,2,0,0,0,2,1,1],23,34].
[[2,9,1,1,2,2,2,3,0],2,0].
[[3,7,1,1,1,2,2,3,0],13,3].
[[1,6,1,0,0,0,2,3,2],20,1].
[[2,6,1,1,2,2,2,3,2],19,3].
[[3,3,1,1,2,2,2,3,2],15,1].
[[3,8,0,1,2,2,2,2,1],41,50].
[[3,9,2,1,2,0,2,3,1],0,4].
[[2,8,0,0,0,0,2,1,1],17,22].
[[3,6,0,1,2,2,2,1,1],2,0].
[[3,8,1,1,2,0,2,2,1],33,24].
[[3,8,0,1,2,0,2,3,0],17,30].
[[2,8,1,1,2,0,0,0,0],16,9].
[[3,8,1,1,2,0,2,2,0],4,6].
[[3,9,2,0,0,0,2,3,1],4,3].
[[3,8,1,1,2,0,2,3,2],31,6].
[[2,8,1,1,2,2,2,1,0],23,6].
[[1,7,1,1,2,2,2,3,2],12,3].
[[1,8,1,1,2,0,2,2,1],11,7].
[[2,8,1,1,2,0,1,1,1],9,13].
[[3,7,2,1,1,0,1,1,1],1,2].
[[3,9,2,0,0,0,2,2,0],0,12].
[[2,4,2,1,2,0,2,2,0],24,1].
[[1,4,2,1,2,0,1,2,0],9,0].
[[3,6,1,1,2,0,2,3,1],7,1].
[[3,9,2,1,2,0,2,2,0],1,13].
[[3,6,0,1,2,2,2,3,2],4,5].
[[3,8,0,1,2,0,2,2,0],3,17].
[[3,7,0,1,2,2,2,2,1],3,6].
[[3,6,0,1,1,2,2,1,1],2,1].
[[3,9,2,0,0,0,1,1,0],4,9].
[[2,7,1,1,1,2,2,3,2],22,2].
[[1,8,1,1,1,2,1,2,0],2,1].
[[2,8,1,1,1,2,2,3,0],21,3].
[[3,8,1,1,1,2,2,2,0],12,4].
[[2,8,1,1,1,2,2,1,1],42,8].
[[1,4,2,1,2,0,2,3,0],16,0].
[[2,4,2,1,2,0,1,1,0],8,0].
[[2,7,1,1,2,2,2,1,1],25,12].
[[3,7,2,1,2,0,1,1,1],4,5].
[[3,7,0,1,2,2,0,0,0],7,14].
[[3,3,1,1,2,2,0,0,0],26,2].
[[3,8,1,1,2,0,2,3,1],30,17].
[[3,7,2,1,2,0,1,2,2],14,2].
[[2,8,0,1,2,2,1,1,0],8,13].
[[3,8,1,1,1,0,1,2,1],19,17].
[[3,3,1,1,2,0,0,0,0],7,0].
[[3,8,1,1,2,0,1,1,0],3,4].
[[3,7,2,1,2,2,1,1,1],14,3].
[[2,5,0,1,2,2,1,2,0],13,2].
[[1,4,2,1,2,0,2,3,1],9,2].
[[2,4,2,1,2,0,2,3,1],25,3].
[[1,8,0,0,0,0,1,2,0],6,2].
[[3,7,1,1,1,0,2,2,1],7,4].
[[3,9,2,1,1,0,1,1,1],1,4].
[[3,6,1,1,2,2,1,1,1],9,0].
[[1,8,0,1,1,2,2,1,1],5,8].
[[2,5,0,1,2,2,2,1,0],5,0].
[[1,7,2,1,2,2,0,0,0],22,1].
[[3,5,0,0,0,0,2,1,0],2,0].
[[3,6,1,1,1,2,0,0,0],5,0].
[[2,7,2,1,1,2,1,2,0],1,0].
[[3,8,0,1,2,0,2,3,2],5,16].
[[2,8,0,0,0,0,2,1,0],15,15].
[[3,7,0,0,0,0,2,1,0],1,0].
[[2,7,1,1,2,2,2,3,0],10,4].
[[3,6,1,0,0,0,2,1,1],6,1].
[[2,8,0,0,0,0,2,3,1],14,25].
[[3,6,0,1,2,2,2,3,1],4,7].
[[2,3,2,1,2,2,0,0,0],5,0].
[[3,3,2,1,1,2,0,0,0],3,0].
[[3,5,0,1,2,2,1,1,0],8,3].
[[2,6,1,1,2,2,2,1,0],2,0].
[[3,7,0,1,2,0,0,0,0],1,3].
[[3,7,0,0,0,0,0,0,0],1,5].
[[1,4,2,1,2,0,2,2,1],9,0].
[[3,9,2,1,2,0,1,2,0],15,32].
[[1,8,1,1,1,2,2,2,1],25,2].
[[1,4,2,1,2,0,2,3,2],26,0].
[[3,6,1,1,1,2,2,3,2],8,1].
[[3,7,1,1,1,2,1,2,1],36,4].
[[2,7,1,1,2,2,2,1,0],7,0].
[[1,7,2,0,0,0,2,2,1],9,0].
[[2,7,2,0,0,0,2,2,1],13,1].
[[3,8,1,1,1,0,2,1,0],0,2].
[[3,6,1,1,2,0,0,0,0],2,1].
[[1,8,1,1,2,0,2,3,1],19,8].
[[3,7,1,1,2,0,2,3,0],6,3].
[[2,7,0,1,2,2,2,3,2],3,7].
[[2,7,1,1,2,0,2,2,0],2,2].
[[3,7,1,1,1,0,2,1,1],0,4].
[[3,5,0,1,2,0,1,1,0],2,0].
[[3,7,0,1,2,2,1,1,0],2,0].
[[2,9,2,1,1,0,1,2,0],0,4].
[[3,8,0,1,1,0,1,2,0],4,4].
[[3,9,2,0,0,0,2,1,0],0,1].
[[2,7,1,1,2,2,2,2,0],15,3].
[[3,7,1,1,1,0,2,3,1],5,4].
[[3,6,0,1,2,2,0,0,0],3,10].
[[2,7,1,1,2,0,1,1,1],3,0].
[[2,6,0,1,2,2,2,3,1],3,1].
[[3,6,0,1,2,2,1,2,1],2,0].
[[3,8,1,0,0,0,1,2,0],13,4].
[[2,7,2,1,2,0,2,3,2],18,1].
[[3,7,2,1,2,0,2,3,2],25,1].
[[2,8,0,0,0,0,2,2,0],22,26].
[[2,7,2,1,1,2,2,1,1],5,0].
[[3,7,2,1,1,2,2,1,1],9,0].
[[3,9,2,1,1,2,2,3,1],5,12].
[[2,7,1,1,1,2,2,1,1],4,1].
[[3,3,1,1,1,2,2,1,1],0,1].
[[2,7,1,1,2,2,1,2,1],22,6].
[[3,3,1,1,2,2,1,2,1],6,0].
[[2,9,2,1,1,2,1,2,2],45,27].
[[3,4,0,1,2,0,2,3,2],0,2].
[[2,7,2,1,1,2,2,3,1],4,0].
[[1,8,0,1,2,2,2,1,1],21,9].
[[1,7,1,0,0,0,2,2,1],11,2].
[[3,5,0,1,2,2,2,1,0],6,0].
[[3,8,0,1,2,0,1,1,0],3,8].
[[3,8,0,1,2,0,1,1,1],3,9].
[[1,8,1,1,2,0,2,3,0],12,2].
[[2,7,1,1,2,0,2,3,0],4,1].
[[3,7,1,1,1,0,2,3,0],3,2].
[[3,8,0,1,1,2,0,0,0],0,25].
[[3,6,1,0,0,0,2,3,1],12,0].
[[3,7,1,0,0,0,1,2,2],6,4].
[[3,7,1,1,2,2,1,1,0],11,4].
[[2,7,2,1,2,0,2,3,1],5,3].
[[3,7,0,1,1,2,1,2,2],1,2].
[[1,8,0,1,2,2,1,1,0],1,2].
[[3,3,2,1,2,0,1,2,2],3,0].
[[3,8,0,1,2,0,0,0,0],0,8].
[[3,3,2,1,1,2,2,3,1],3,0].
[[2,8,1,1,1,2,1,1,1],12,6].
[[2,7,1,0,0,0,1,2,2],9,2].
[[3,3,1,0,0,0,1,2,2],3,0].
[[3,6,1,1,2,0,2,1,1],6,0].
[[1,8,0,0,0,0,1,1,1],2,1].
[[2,8,0,1,2,0,1,1,1],0,4].
[[2,6,1,0,0,0,2,2,1],15,1].
[[2,4,2,1,2,0,1,1,1],17,0].
[[3,7,2,1,2,0,2,1,0],2,0].
[[1,9,2,1,2,0,2,1,1],6,10].
[[3,8,0,0,0,0,1,1,0],3,5].
[[2,9,1,1,2,2,1,1,1],0,1].
[[3,9,1,1,1,0,2,2,0],0,2].
[[2,6,1,1,2,2,0,0,0],22,1].
[[3,7,1,1,2,2,2,1,0],8,3].
[[1,6,0,1,2,2,2,3,2],2,0].
[[2,6,0,1,1,2,2,2,1],1,1].
[[3,6,0,1,1,2,2,2,1],7,4].
[[3,9,2,0,0,0,1,2,2],2,24].
[[3,3,1,1,1,2,0,0,0],6,0].
[[3,6,1,1,2,0,1,2,1],9,1].
[[3,9,1,1,1,2,1,1,1],1,4].
[[2,7,1,1,2,2,1,1,1],7,1].
[[2,5,0,1,2,2,1,2,2],3,0].
[[3,8,0,1,2,0,2,1,1],5,11].
[[3,8,1,1,2,2,1,1,0],16,7].
[[3,8,1,1,1,0,1,2,2],9,7].
[[2,8,1,1,2,2,1,1,0],16,3].
[[1,4,2,1,2,0,1,2,2],9,0].
[[3,6,1,0,0,0,1,2,1],7,1].
[[2,9,2,1,1,0,2,3,2],0,3].
[[3,9,2,1,1,0,2,1,1],0,6].
[[1,7,1,0,0,0,2,3,2],18,6].
[[3,8,0,1,1,0,2,2,0],1,4].
[[2,8,1,1,2,0,1,2,0],9,4].
[[2,7,2,1,2,0,2,1,1],4,1].
[[3,7,2,1,1,0,2,1,1],2,4].
[[2,7,2,1,2,0,2,2,1],6,2].
[[3,6,0,1,2,2,2,2,0],6,2].
[[1,3,2,0,0,0,2,3,2],2,0].
[[2,3,2,0,0,0,1,2,1],3,0].
[[3,3,2,0,0,0,1,2,1],2,0].
[[3,8,1,1,1,2,1,1,0],14,6].
[[3,7,1,1,1,2,1,1,1],9,6].
[[2,7,2,1,1,0,2,3,2],2,0].
[[3,7,2,1,1,0,2,3,2],2,1].
[[3,8,0,1,1,0,2,3,2],2,5].
[[2,7,2,1,2,2,1,1,1],2,0].
[[2,6,0,1,2,2,0,0,0],8,10].
[[3,6,0,1,2,2,2,1,0],3,2].
[[2,6,1,0,0,0,2,3,2],19,0].
[[3,6,1,1,2,2,2,3,2],17,1].
[[3,6,1,0,0,0,2,2,0],2,0].
[[3,8,1,0,0,0,2,3,0],4,3].
[[1,6,1,0,0,0,1,2,1],3,0].
[[2,6,1,0,0,0,1,2,1],5,0].
[[3,6,0,0,0,0,2,3,0],1,1].
[[1,7,2,0,0,0,2,1,1],10,0].
[[2,3,2,0,0,0,2,1,1],2,0].
[[3,3,2,0,0,0,2,1,1],4,0].
[[3,5,0,0,0,0,1,2,0],17,0].
[[3,8,0,0,0,0,2,2,1],7,12].
[[3,7,1,1,2,0,0,0,0],9,4].
[[3,6,1,1,2,2,2,3,1],17,0].
[[3,7,2,1,1,2,2,3,2],20,0].
[[3,3,2,1,2,2,2,3,1],1,0].
[[3,9,2,1,1,0,1,2,2],0,8].
[[3,7,2,1,2,2,0,0,0],10,2].
[[3,8,0,0,0,0,2,3,1],7,13].
[[2,9,2,1,1,0,1,1,0],0,4].
[[3,3,1,1,2,2,2,3,1],14,0].
[[1,6,1,1,2,2,2,3,2],7,0].
[[3,9,1,1,1,2,2,2,0],2,2].
[[2,8,1,1,2,0,1,1,0],3,2].
[[3,7,1,1,2,0,1,1,0],4,0].
[[3,6,1,1,2,0,1,2,2],5,1].
[[2,6,0,0,0,0,2,3,2],1,5].
[[3,6,0,0,0,0,2,3,2],2,3].
[[1,8,0,1,1,2,1,2,0],4,0].
[[2,7,1,1,1,2,1,2,0],2,0].
[[2,6,0,1,2,2,2,3,0],4,2].
[[3,6,0,1,2,2,2,3,0],5,6].
[[2,6,1,1,2,2,2,3,1],9,0].
[[1,6,1,0,0,0,2,3,1],11,0].
[[2,3,1,1,2,2,2,3,1],3,0].
[[3,7,0,1,1,2,2,2,0],1,5].
[[3,8,1,1,1,0,1,1,1],5,14].
[[1,8,0,0,0,0,2,2,1],20,15].
[[3,7,1,1,2,0,2,1,1],24,5].
[[2,7,0,1,2,2,2,3,1],4,0].
[[3,7,0,1,2,2,2,1,1],5,1].
[[2,6,0,1,1,2,2,3,1],2,1].
[[3,3,1,1,1,2,2,3,1],2,0].
[[3,7,2,1,2,2,2,3,1],20,0].
[[3,7,0,0,0,0,2,2,1],2,1].
[[3,7,2,1,1,2,0,0,0],5,1].
[[3,8,1,1,1,0,2,2,0],1,3].
[[2,7,0,0,0,0,0,0,0],6,5].
[[3,7,0,1,2,0,2,3,0],3,1].
[[2,8,1,1,1,2,2,2,0],6,2].
[[2,6,1,1,2,2,2,1,1],4,0].
[[2,9,2,1,1,0,2,2,0],0,2].
[[1,8,1,1,1,2,1,1,1],1,1].
[[3,7,2,1,1,2,1,1,1],2,2].
[[2,8,0,1,2,0,2,1,0],4,3].
[[2,3,1,0,0,0,0,0,0],6,0].
[[3,3,2,0,0,0,0,0,0],4,0].
[[3,3,1,1,2,2,2,2,1],8,0].
[[3,2,0,1,2,2,0,0,0],1,0].
[[2,7,2,1,2,0,1,2,1],3,1].
[[3,7,2,1,2,0,1,2,1],11,3].
[[2,8,0,0,0,0,1,1,1],3,3].
[[1,7,1,0,0,0,2,1,0],3,0].
[[2,7,1,0,0,0,1,1,0],1,0].
[[2,7,0,1,1,2,2,2,1],0,2].
[[3,7,2,0,0,0,1,2,2],21,0].
[[3,9,2,1,1,2,2,3,2],4,5].
[[2,6,1,1,2,0,2,3,1],3,0].
[[3,3,2,1,2,0,2,3,1],4,0].
[[3,6,0,1,1,2,2,3,0],2,3].
[[2,7,1,1,1,2,2,2,1],9,0].
[[2,4,2,1,2,0,2,1,0],8,1].
[[3,7,0,1,2,0,2,3,2],4,3].
[[2,7,1,0,0,0,2,2,1],25,5].
[[3,6,0,1,2,0,1,2,2],1,0].
[[3,7,2,1,1,0,2,2,1],3,9].
[[3,8,1,0,0,0,1,2,2],19,13].
[[3,7,0,1,1,2,2,1,1],3,2].
[[2,5,0,0,0,0,2,1,0],2,0].
[[3,9,1,1,2,0,2,3,0],0,1].
[[3,7,0,1,2,0,1,2,0],1,3].
[[3,6,0,1,1,2,0,0,0],5,2].
[[3,3,1,0,0,0,2,2,1],2,0].
[[2,7,1,0,0,0,1,2,0],1,0].
[[3,7,1,1,2,0,1,2,0],5,0].
[[3,8,0,1,2,0,2,1,0],0,9].
[[2,3,1,1,2,2,0,0,0],9,0].
[[1,7,2,1,2,0,0,0,0],6,5].
[[1,6,1,0,0,0,2,3,0],5,0].
[[2,6,1,0,0,0,2,3,0],5,0].
[[3,6,1,0,0,0,2,3,0],3,0].
[[2,7,2,1,1,2,0,0,0],5,0].
[[3,9,2,0,0,0,2,3,2],2,2].
[[2,8,0,1,2,0,1,1,0],1,1].
[[1,8,1,0,0,0,1,1,0],4,1].
[[3,6,1,1,2,2,1,2,1],13,0].
[[2,7,1,0,0,0,2,1,0],6,0].
[[1,4,2,1,2,0,1,1,0],1,0].
[[1,7,2,0,0,0,1,1,1],3,0].
[[2,7,2,0,0,0,1,1,1],8,1].
[[3,3,1,0,0,0,2,3,2],7,0].
[[1,4,2,1,2,0,1,1,1],3,0].
[[3,9,1,1,1,2,1,2,0],1,1].
[[3,6,1,0,0,0,2,2,1],13,2].
[[2,7,1,1,1,2,1,2,1],3,1].
[[3,7,0,0,0,0,2,3,1],2,1].
[[3,9,2,1,1,0,2,2,0],0,5].
[[2,7,2,1,2,0,1,1,1],2,2].
[[1,9,2,1,2,0,1,1,1],0,5].
[[2,9,2,1,1,0,1,1,1],0,3].
[[1,8,0,1,1,2,1,2,2],4,2].
[[1,7,1,0,0,0,2,1,1],3,1].
[[3,5,0,0,0,0,1,2,2],1,0].
[[3,7,0,1,2,2,2,3,1],7,3].
[[3,9,2,0,0,0,2,1,1],5,7].
[[3,9,1,1,2,0,1,2,0],1,0].
[[1,5,0,1,1,2,1,1,1],3,0].
[[3,6,1,1,2,2,1,2,2],9,0].
[[3,7,1,0,0,0,2,3,0],12,1].
[[2,1,2,1,2,0,1,1,1],2,0].
[[3,1,2,1,2,0,1,1,1],6,0].
[[3,6,1,0,0,0,0,0,0],2,0].
[[2,6,1,1,2,0,0,0,0],6,0].
[[3,6,1,1,2,2,0,0,0],7,0].
[[2,7,1,1,2,0,0,0,0],12,7].
[[1,7,2,0,0,0,2,3,1],7,0].
[[2,3,2,0,0,0,2,3,1],2,0].
[[3,3,2,0,0,0,2,2,1],2,0].
[[2,9,1,0,0,0,2,3,0],1,1].
[[2,7,1,1,2,0,2,3,1],5,3].
[[3,8,0,0,0,0,1,2,2],1,14].
[[3,3,1,1,1,2,2,3,2],7,1].
[[3,7,1,1,1,2,2,1,0],7,2].
[[1,6,0,1,2,2,0,0,0],4,1].
[[3,6,0,1,1,2,2,3,1],1,4].
[[1,7,2,1,2,0,2,3,2],5,2].
[[2,7,2,1,1,0,2,3,1],0,2].
[[3,7,2,1,1,0,1,2,1],1,2].
[[2,8,0,1,2,0,1,2,0],3,3].
[[2,7,2,0,0,0,1,2,1],5,3].
[[3,7,1,1,1,2,2,2,0],5,1].
[[3,3,1,1,2,0,2,3,2],2,0].
[[2,3,2,1,2,2,2,3,1],1,0].
[[3,6,1,1,2,0,1,1,1],4,0].
[[3,9,1,0,0,0,1,2,1],1,1].
[[3,9,2,1,1,2,2,1,0],0,8].
[[1,8,1,1,2,0,1,2,0],3,0].
[[2,5,0,0,0,0,2,3,0],2,0].
[[3,7,2,1,2,0,0,0,0],5,2].
[[3,8,1,1,2,0,0,0,0],0,2].
[[2,7,1,1,2,0,2,1,1],3,1].
[[3,6,1,1,1,2,1,1,0],2,0].
[[2,5,0,1,2,2,1,1,0],2,0].
[[3,3,1,1,2,2,2,1,0],2,0].
[[3,8,1,1,1,2,0,0,0],0,2].
[[3,3,2,1,1,0,2,3,2],2,0].
[[2,7,1,1,2,0,2,2,1],7,2].
[[3,9,2,1,1,0,0,0,0],0,1].
[[1,4,2,1,2,0,2,1,1],7,0].
[[3,8,0,0,0,0,2,1,0],3,5].
[[1,6,1,0,0,0,2,2,1],6,0].
[[2,6,1,1,2,2,2,2,1],9,0].
[[3,3,1,1,1,2,2,2,1],2,0].
[[2,6,0,1,2,2,2,2,0],2,1].
[[3,3,1,1,2,2,1,1,1],2,0].
[[3,5,0,1,1,2,1,2,2],9,0].
[[3,7,1,1,1,2,1,1,0],1,1].
[[3,6,0,1,1,2,1,2,2],0,2].
[[1,5,0,1,2,0,1,2,0],1,0].
[[1,7,1,1,2,2,2,3,0],3,0].
[[3,7,2,1,2,2,2,3,0],1,1].
[[1,8,1,1,1,2,2,1,0],6,0].
[[2,7,2,0,0,0,2,3,0],2,0].
[[3,3,2,0,0,0,2,3,0],2,0].
[[1,6,0,0,0,0,0,0,0],3,2].
[[3,3,1,0,0,0,0,0,0],7,0].
[[1,9,2,1,2,0,2,3,1],3,17].
[[2,9,2,1,1,0,2,3,1],0,3].
[[3,6,0,1,1,2,2,3,2],4,2].
[[2,7,0,1,2,2,2,3,0],4,2].
[[3,7,0,1,2,2,1,2,1],6,0].
[[3,2,0,1,1,2,0,0,0],2,0].
[[2,5,0,1,2,0,1,2,2],1,0].
[[3,6,1,1,1,0,1,2,2],1,0].
[[3,6,1,0,0,0,2,3,2],15,1].
[[2,8,0,1,2,0,2,3,1],5,6].
[[1,6,1,1,2,2,2,2,1],3,0].
[[2,6,1,1,1,2,2,2,1],4,0].
[[2,7,1,0,0,0,2,2,0],6,1].
[[1,3,2,0,0,0,0,0,0],6,0].
[[1,4,2,1,2,0,0,0,0],15,0].
[[3,9,1,0,0,0,2,2,0],0,1].
[[1,7,1,1,2,2,2,1,1],4,0].
[[1,8,1,1,1,2,2,2,0],5,2].
[[2,8,1,1,1,0,2,3,1],2,2].
[[3,7,2,1,1,0,2,3,1],2,3].
[[3,6,0,0,0,0,1,2,0],0,1].
[[2,8,1,1,1,0,2,3,0],1,1].
[[3,3,1,1,1,2,2,3,0],1,0].
[[2,6,1,1,1,2,2,3,2],3,0].
[[1,9,2,1,1,2,1,1,0],5,5].
[[3,9,2,1,2,0,2,3,2],2,4].
[[2,8,1,1,1,0,2,2,1],3,5].
[[2,2,1,0,0,0,0,0,0],5,0].
[[3,2,1,1,2,0,2,3,1],1,0].
[[1,7,1,1,2,2,2,2,1],9,3].
[[3,9,1,1,2,2,1,1,1],0,5].
[[1,9,2,1,2,0,1,2,0],4,9].
[[1,6,0,0,0,0,2,3,2],0,3].
[[3,8,0,1,1,0,2,3,0],1,7].
[[2,5,0,1,2,0,2,3,0],1,0].
[[2,3,2,1,2,0,2,3,2],3,0].
[[3,3,2,1,2,0,2,3,2],13,0].
[[3,7,0,1,1,2,1,1,1],1,0].
[[1,6,1,0,0,0,2,2,0],1,0].
[[3,6,1,1,1,2,1,2,0],1,0].
[[2,7,1,1,1,2,1,2,2],3,0].
[[3,5,0,1,1,0,1,1,0],0,1].
[[3,9,1,1,2,2,1,2,0],2,0].
[[3,6,0,0,0,0,2,2,1],1,1].
[[1,7,1,1,2,2,1,2,1],4,0].
[[3,6,1,1,1,0,1,2,1],1,1].
[[1,8,1,1,2,2,1,2,0],6,1].
[[2,6,1,1,2,2,1,2,0],1,0].
[[3,6,1,1,2,2,1,2,0],7,1].
[[2,6,1,0,0,0,1,2,2],3,0].
[[3,3,2,1,1,0,2,2,1],1,0].
[[3,3,2,0,0,0,2,3,2],5,0].
[[1,1,2,1,2,0,2,1,0],1,0].
[[2,1,2,1,2,0,2,1,0],1,0].
[[3,1,2,1,2,0,2,1,0],2,0].
[[3,3,2,0,0,0,2,3,1],2,0].
[[3,7,2,1,2,2,2,1,0],1,0].
[[2,9,1,1,1,2,2,3,0],3,0].
[[3,6,1,1,1,2,2,1,1],2,0].
[[1,8,1,1,2,0,2,2,0],6,2].
[[3,6,1,1,1,0,2,2,0],1,0].
[[2,6,1,1,2,0,1,2,1],1,0].
[[3,3,2,1,1,0,1,2,1],2,0].
[[2,3,2,0,0,0,2,2,1],1,0].
[[3,7,0,1,1,2,2,1,0],3,2].
[[2,8,0,0,0,0,1,1,0],1,5].
[[3,6,0,0,0,0,1,1,0],0,1].
[[1,6,1,0,0,0,2,1,0],2,0].
[[1,7,1,0,0,0,1,2,1],2,1].
[[3,7,2,1,2,2,1,2,0],9,0].
[[2,8,1,1,1,2,1,1,0],7,2].
[[3,6,0,1,2,0,1,1,1],0,1].
[[3,6,1,1,1,2,2,3,0],5,0].
[[3,3,2,0,0,0,1,1,1],2,0].
[[2,5,0,1,2,0,1,1,0],1,0].
[[2,7,1,1,1,2,2,1,0],3,0].
[[2,6,0,1,1,2,2,3,2],1,1].
[[3,9,1,1,1,0,1,1,1],0,1].
[[3,5,0,1,2,0,2,3,0],2,0].
[[1,7,1,1,2,2,2,3,1],4,3].
[[3,6,1,1,1,2,2,3,1],6,0].
[[3,6,0,1,2,0,2,3,1],0,1].
[[3,7,1,0,0,0,2,1,0],2,1].
[[2,7,2,1,1,2,2,2,1],5,0].
[[3,3,2,1,1,2,2,2,1],2,0].
[[2,9,2,1,1,0,2,2,1],0,2].
[[3,3,1,0,0,0,2,1,1],3,0].
[[3,1,2,1,2,0,2,3,0],1,0].
[[3,6,0,0,0,0,2,3,1],1,2].
[[1,4,2,1,2,0,2,1,0],7,0].
[[2,6,0,0,0,0,2,3,0],0,1].
[[3,8,0,1,1,0,1,1,1],1,4].
[[3,6,1,1,1,0,2,2,1],2,0].
[[3,6,1,1,2,2,2,3,0],6,0].
[[3,3,1,1,2,2,1,2,2],1,1].
[[1,4,2,1,2,0,1,2,1],1,0].
[[1,8,0,1,2,2,1,1,1],0,2].
[[3,7,0,0,0,0,2,2,0],2,1].
[[2,6,1,1,1,2,2,3,0],1,0].
[[1,7,2,1,2,0,2,2,1],2,0].
[[3,5,0,0,0,0,2,3,0],1,0].
[[2,6,1,1,2,0,1,2,2],1,0].
[[3,1,2,1,2,0,1,2,1],2,0].
[[2,9,2,1,2,0,1,1,1],6,6].
[[2,9,1,1,2,0,1,2,1],0,1].
[[3,6,1,1,2,2,2,2,0],3,0].
[[2,3,2,0,0,0,2,3,2],5,0].
[[2,7,1,0,0,0,1,1,1],1,0].
[[2,5,0,0,0,0,1,1,0],1,0].
[[3,5,0,0,0,0,1,1,0],3,0].
[[1,5,0,0,0,0,1,1,1],5,1].
[[3,3,1,1,2,0,2,2,1],1,0].
[[2,9,2,1,1,0,2,1,1],1,2].
[[3,4,0,1,2,0,1,2,1],0,1].
[[3,5,0,1,1,0,1,1,1],2,5].
[[2,9,2,1,1,0,2,1,0],0,3].
[[2,3,1,0,0,0,2,3,2],2,0].
[[2,8,1,1,1,0,2,1,1],1,4].
[[1,8,0,1,2,2,1,2,1],1,2].
[[2,7,0,1,2,2,1,2,1],0,1].
[[3,9,1,1,2,2,2,2,0],1,6].
[[3,3,1,1,2,2,2,3,0],2,1].
[[3,9,2,1,2,2,0,0,0],0,3].
[[3,8,0,1,1,0,0,0,0],0,1].
[[3,3,2,1,2,2,1,2,2],1,0].
[[3,9,1,1,2,2,1,2,1],0,6].
[[2,6,0,0,0,0,0,0,0],5,1].
[[3,6,0,0,0,0,2,1,0],1,0].
[[3,9,1,1,2,2,2,3,0],1,0].
[[3,8,0,1,1,0,1,1,0],0,3].
[[3,2,1,1,2,2,2,2,1],1,0].
[[1,8,0,1,1,2,2,2,0],6,2].
[[1,7,2,1,2,2,2,1,1],3,1].
[[2,7,0,1,2,2,2,1,1],1,0].
[[3,6,1,1,1,2,1,2,1],8,1].
[[3,6,0,1,2,2,1,2,2],2,3].
[[3,6,0,1,2,0,0,0,0],0,1].
[[3,2,1,1,2,2,0,0,0],3,0].
[[1,2,1,0,0,0,0,0,0],1,0].
[[3,2,1,1,2,0,0,0,0],2,0].
[[1,6,0,1,2,2,2,3,0],0,1].
[[2,2,0,1,2,2,2,3,0],0,1].
[[3,2,0,1,2,2,2,3,0],0,1].
[[3,5,0,1,1,2,2,3,0],3,0].
[[2,7,2,1,1,0,1,1,1],1,0].
[[3,3,2,1,1,0,1,1,1],2,0].
[[1,7,2,1,2,0,2,3,1],0,1].
[[3,4,0,1,2,0,2,3,1],0,1].
[[3,7,1,1,2,0,2,2,0],1,1].
[[3,7,2,1,1,2,2,3,0],1,0].
[[2,9,1,1,1,2,2,2,0],0,2].
[[3,7,1,0,0,0,1,2,0],5,0].
[[3,9,1,1,2,0,2,2,0],0,2].
[[2,8,1,1,2,0,2,2,0],4,1].
[[3,7,1,1,1,0,1,1,0],1,1].
[[2,7,1,1,1,2,2,2,0],1,0].
[[3,3,1,1,1,2,2,2,0],1,0].
[[2,7,2,0,0,0,2,2,0],2,0].
[[3,9,2,1,1,2,0,0,0],0,1].
[[3,9,2,1,2,0,2,1,0],0,2].
[[2,9,2,1,1,0,1,2,1],2,3].
[[1,7,2,1,2,2,1,2,1],3,0].
[[2,6,1,1,2,2,2,3,0],5,0].
[[3,7,0,1,2,2,2,1,0],4,0].
[[2,3,2,1,2,0,0,0,0],2,0].
[[3,2,1,0,0,0,2,3,1],1,0].
[[3,3,2,0,0,0,2,2,0],1,0].
[[1,5,0,1,2,0,1,1,1],0,1].
[[1,3,2,0,0,0,1,2,2],1,0].
[[3,6,0,0,0,0,0,0,0],1,1].
[[2,3,2,1,2,0,1,2,1],2,0].
[[3,7,0,1,1,2,1,2,0],3,1].
[[2,6,1,1,2,0,2,1,1],3,0].
[[2,6,0,1,2,2,2,1,1],2,0].
[[3,3,1,1,2,2,2,1,1],6,1].
[[3,6,1,0,0,0,1,2,2],2,0].
[[3,3,1,1,1,2,1,2,2],1,0].
[[2,9,1,1,2,2,1,2,0],1,0].
[[1,2,1,0,0,0,2,3,1],1,0].
[[2,2,1,0,0,0,1,2,1],1,0].
[[3,2,1,0,0,0,1,2,1],1,0].
[[2,7,2,1,1,2,1,2,1],1,0].
[[3,7,1,1,1,0,1,2,2],1,0].
[[2,7,1,1,1,2,1,1,1],0,1].
[[2,7,2,1,1,0,0,0,0],1,1].
[[2,8,1,1,1,0,0,0,0],0,1].
[[2,7,0,1,1,2,2,2,0],0,1].
[[3,5,0,1,1,0,1,2,2],0,1].
[[3,7,0,1,2,0,2,1,0],1,1].
[[3,6,0,1,1,2,2,2,0],5,4].
[[3,7,0,0,0,0,2,3,2],2,2].
[[1,8,0,1,1,2,1,2,1],1,0].
[[3,9,2,1,1,0,2,3,2],0,3].
[[3,3,2,1,1,2,2,3,2],3,0].
[[1,5,0,1,2,0,2,1,0],1,0].
[[2,5,0,1,1,0,2,3,0],1,0].
[[3,5,0,1,1,0,1,2,1],1,0].
[[3,3,0,0,0,0,0,0,0],0,1].
[[2,3,1,0,0,0,2,1,1],1,0].
[[1,6,1,0,0,0,2,1,1],5,0].
[[3,3,2,1,2,0,2,1,1],2,0].
[[1,8,0,1,1,2,1,1,0],1,1].
[[3,6,1,1,2,0,2,3,0],1,0].
[[2,7,0,1,1,2,2,3,0],3,0].
[[3,7,2,1,2,0,1,2,0],2,0].
[[3,9,1,0,0,0,2,3,0],1,1].
[[1,8,1,1,2,0,1,1,1],1,0].
[[3,7,2,1,2,0,2,2,0],1,0].
[[2,6,1,0,0,0,2,1,1],7,0].
[[1,6,0,1,2,2,2,2,1],0,1].
[[2,6,0,1,2,2,1,2,1],0,1].
[[3,2,0,1,2,2,1,2,1],0,1].
[[3,5,0,1,1,2,1,1,0],3,0].
[[2,9,1,1,1,0,1,2,1],1,0].
[[2,6,1,1,2,0,2,2,0],0,1].
[[2,6,1,1,2,2,1,2,2],3,0].
[[2,2,1,0,0,0,2,3,2],1,0].
[[3,2,1,0,0,0,2,3,2],1,0].
[[2,7,1,1,1,2,1,1,0],0,1].
[[2,9,1,1,2,0,2,2,0],0,1].
[[1,7,2,1,2,2,2,2,1],3,0].
[[3,7,2,1,1,2,1,1,0],1,0].
[[3,6,0,0,0,0,1,2,2],0,2].
[[3,7,1,1,1,0,1,1,1],2,0].
[[3,8,1,1,2,0,2,1,0],2,0].
[[3,7,0,1,2,0,1,1,1],0,1].
[[1,6,1,0,0,0,1,1,1],1,0].
[[2,6,1,1,2,2,1,2,1],2,0].
[[3,3,2,1,2,2,1,2,1],1,0].
[[3,8,0,1,1,0,2,3,1],1,0].
[[2,3,1,1,2,2,2,2,1],0,1].
[[2,6,1,0,0,0,1,1,0],1,0].
[[3,6,1,0,0,0,1,1,0],2,0].
[[3,3,2,1,2,2,2,1,1],2,0].
[[3,1,2,1,2,0,1,2,0],1,0].
[[1,8,1,1,2,0,1,1,0],1,0].
[[3,7,2,1,1,0,2,3,0],0,3].
[[3,9,1,0,0,0,1,2,0],0,1].
[[3,8,1,0,0,0,2,1,0],1,0].
[[3,2,1,1,2,2,2,3,2],2,0].
[[3,7,0,1,2,0,1,2,1],0,1].
[[1,6,1,1,2,2,2,3,1],2,0].
[[2,6,1,1,1,2,2,1,1],1,0].
[[3,6,0,1,2,0,2,3,0],1,0].
[[3,6,1,1,2,0,1,1,0],1,0].
[[2,7,2,0,0,0,1,2,0],2,0].
[[3,3,2,1,2,0,1,2,0],1,0].
[[3,3,2,1,2,0,1,1,1],1,0].
[[2,6,0,0,0,0,2,2,1],1,1].
[[3,6,0,1,2,0,2,2,1],0,1].
[[2,8,0,1,2,0,2,1,1],0,1].
[[2,8,1,1,1,0,1,2,2],1,2].
[[2,3,2,1,2,2,2,3,2],1,0].
[[3,3,2,1,1,2,1,2,2],2,0].
[[1,7,2,0,0,0,2,2,0],1,0].
[[1,5,0,0,0,0,2,1,0],2,0].
[[2,5,0,1,2,0,2,1,0],1,0].
[[2,6,1,0,0,0,1,1,1],4,0].
[[3,6,1,0,0,0,1,1,1],2,0].
[[1,5,0,1,2,2,1,2,0],1,0].
[[3,3,2,1,2,2,2,2,1],2,0].
[[2,6,0,1,1,2,2,2,0],1,0].
[[2,9,1,1,2,2,1,2,1],0,2].
[[2,9,1,0,0,0,1,2,1],2,0].
[[2,2,1,1,2,2,0,0,0],1,0].
[[1,8,1,1,2,2,1,1,0],2,1].
[[2,6,1,1,1,2,2,3,1],2,0].
[[1,6,1,1,2,2,2,2,0],1,0].
[[2,3,2,1,2,2,1,1,1],1,0].
[[3,3,2,1,2,2,1,1,1],1,0].
[[2,9,1,0,0,0,1,2,0],1,0].
[[1,6,1,1,2,2,1,1,1],1,0].
[[2,6,1,1,1,2,1,1,1],1,0].
[[3,3,1,1,1,2,1,1,1],1,0].
[[1,3,2,0,0,0,2,2,1],1,0].
[[3,7,1,0,0,0,1,1,0],2,0].
[[3,9,2,1,1,0,2,3,1],0,3].
[[2,7,1,1,2,0,1,2,1],1,1].
[[3,3,1,1,1,2,2,1,0],2,0].
[[3,7,1,1,1,0,2,1,0],1,0].
[[2,7,0,1,2,2,1,2,2],0,1].
[[2,7,0,0,0,0,2,3,1],2,0].
[[3,7,2,1,1,0,2,1,0],1,0].
[[3,6,1,1,1,0,2,1,1],1,0].
[[2,7,0,0,0,0,2,3,0],0,1].
[[1,7,2,1,2,2,2,2,0],2,0].
[[2,7,2,1,2,2,2,2,0],1,0].
[[2,7,0,1,1,2,1,2,0],1,0].
[[1,5,0,1,2,2,2,3,0],0,1].
[[2,5,0,1,1,2,2,3,0],0,1].
[[3,7,2,1,2,0,1,1,0],0,1].
[[3,7,2,0,0,0,1,1,0],0,1].
[[3,3,1,1,2,0,2,3,0],1,0].
[[1,7,1,0,0,0,2,2,0],1,0].
[[3,3,1,0,0,0,1,1,1],1,0].
[[3,6,0,0,0,0,2,1,1],1,1].
[[3,9,2,1,2,0,0,0,0],0,1].
[[2,6,0,0,0,0,2,1,1],0,2].
[[3,6,1,0,0,0,2,1,0],1,0].
[[3,2,0,1,2,2,2,2,1],1,0].
[[2,3,2,1,2,2,2,2,0],1,0].
[[3,6,0,0,0,0,1,2,1],0,1].
[[1,8,1,1,1,2,1,2,2],2,0].
[[3,6,1,1,1,0,2,3,2],0,1].
[[1,7,1,1,2,2,2,1,0],1,0].
[[2,3,1,1,2,2,2,1,0],1,0].
[[3,7,2,1,2,0,2,3,0],2,0].
[[3,5,0,1,2,0,1,2,2],1,0].
[[2,7,0,1,2,2,1,2,0],1,0].
[[1,8,0,0,0,0,1,1,0],0,1].
[[3,6,0,1,2,2,1,2,0],1,0].
[[3,9,1,1,2,0,1,1,1],0,1].
[[2,7,0,1,2,2,2,2,1],1,0].
[[2,7,2,1,1,2,1,2,2],1,0].
[[1,7,2,1,2,0,1,2,2],0,1].
[[3,2,1,1,2,0,2,1,1],1,0].
[[3,7,0,1,2,0,2,3,1],0,1].
[[3,3,0,1,1,2,2,3,2],0,1].
[[2,7,1,1,2,0,2,1,0],0,1].
[[3,5,0,1,2,0,2,1,0],1,0].
[[3,3,1,1,2,2,1,2,0],1,0].
[[3,3,2,1,2,0,2,2,1],1,0].
[[1,7,1,1,2,2,1,2,2],0,1].
[[3,4,0,1,2,0,2,2,1],0,1].
