total_WL(4601,7071).
[[1,5,0,1,2,2,2,3,0],3,0].
[[2,5,0,1,2,2,1,2,0],10,0].
[[3,5,0,1,2,2,1,2,0],32,3].
[[1,9,2,0,0,0,2,3,0],66,317].
[[2,9,1,1,2,0,2,2,0],6,46].
[[3,9,1,1,2,0,1,2,0],0,33].
[[1,8,1,1,2,0,2,3,2],12,9].
[[2,8,1,1,2,0,2,3,2],17,11].
[[3,8,1,1,1,0,2,3,0],4,20].
[[1,8,0,1,2,2,2,3,0],21,53].
[[2,8,0,1,2,2,1,2,0],11,42].
[[3,8,0,1,2,2,1,2,0],0,130].
[[1,9,2,1,2,2,0,0,0],68,256].
[[2,9,2,1,2,2,2,3,0],20,109].
[[3,9,1,1,1,2,1,2,0],1,87].
[[1,7,1,1,2,2,0,0,0],47,23].
[[2,7,1,1,2,2,0,0,0],40,58].
[[3,7,1,1,2,2,0,0,0],16,17].
[[1,8,1,0,0,0,2,1,2],48,34].
[[2,8,1,0,0,0,1,2,2],63,46].
[[3,8,1,0,0,0,1,2,2],25,26].
[[1,9,2,0,0,0,2,2,0],49,256].
[[2,8,0,0,0,0,2,2,0],8,61].
[[3,8,0,1,2,0,2,2,0],0,49].
[[1,8,1,1,2,2,2,2,2],83,53].
[[2,8,1,1,2,2,2,2,2],54,53].
[[3,7,2,1,2,2,2,2,2],15,4].
[[1,7,2,0,0,0,0,0,0],47,3].
[[2,7,2,1,2,0,2,2,2],5,1].
[[3,7,2,1,2,0,1,2,2],26,3].
[[1,9,2,1,1,2,0,0,0],47,45].
[[2,8,1,1,1,2,2,2,1],6,16].
[[3,7,1,1,1,2,2,2,1],5,11].
[[1,9,2,0,0,0,2,2,2],25,177].
[[2,9,2,0,0,0,1,2,2],10,76].
[[3,8,0,1,2,2,1,2,2],0,153].
[[1,9,2,0,0,0,1,1,0],4,46].
[[2,9,1,1,2,2,1,1,0],1,72].
[[3,9,0,1,2,2,1,2,0],0,110].
[[1,9,2,0,0,0,1,2,0],28,88].
[[2,8,0,0,0,0,1,2,0],4,24].
[[3,8,0,1,2,0,1,1,0],0,14].
[[2,8,1,1,2,2,1,2,2],96,67].
[[3,7,2,1,2,2,1,2,2],47,11].
[[1,7,1,0,0,0,2,2,2],5,4].
[[2,7,1,0,0,0,1,1,2],6,2].
[[3,7,1,0,0,0,1,1,2],7,3].
[[1,8,1,0,0,0,0,0,0],154,169].
[[2,8,1,0,0,0,0,0,0],1,28].
[[3,8,1,0,0,0,2,2,0],12,21].
[[2,9,1,1,2,2,2,3,0],18,193].
[[3,8,1,1,2,2,2,3,0],70,123].
[[1,9,2,1,2,2,2,2,0],92,238].
[[2,5,0,1,2,2,2,2,0],20,2].
[[3,5,0,1,2,2,1,2,1],65,2].
[[1,8,1,1,2,0,2,3,1],19,7].
[[2,8,1,1,1,0,2,2,0],1,6].
[[3,8,1,1,1,0,1,1,0],3,8].
[[1,9,2,1,2,0,2,3,0],7,43].
[[2,9,1,1,2,2,1,2,0],20,173].
[[3,9,0,1,1,2,1,2,0],0,66].
[[1,8,1,0,0,0,2,2,1],63,39].
[[2,8,1,1,2,2,2,2,1],35,26].
[[3,6,1,1,2,2,2,2,1],7,0].
[[1,8,1,0,0,0,1,2,1],33,17].
[[2,8,1,0,0,0,1,1,1],14,15].
[[3,7,1,1,2,0,1,1,1],1,4].
[[1,6,1,0,0,0,0,0,0],53,4].
[[2,6,1,0,0,0,2,3,0],11,0].
[[3,3,1,1,2,0,2,3,0],4,0].
[[1,9,2,0,0,0,2,2,1],20,72].
[[2,8,0,1,2,2,2,2,1],3,42].
[[3,8,0,1,1,2,1,2,1],0,33].
[[1,8,0,1,2,2,2,3,2],19,67].
[[2,8,0,1,1,2,2,3,0],29,57].
[[3,4,2,1,2,0,2,3,0],115,8].
[[1,9,2,1,2,2,1,2,2],96,187].
[[2,8,0,1,1,2,1,2,2],19,30].
[[3,4,2,1,2,0,1,2,2],129,1].
[[1,9,2,0,0,0,0,0,0],62,239].
[[2,8,0,1,2,0,0,0,0],2,13].
[[3,8,0,1,1,0,0,0,0],0,5].
[[1,9,2,1,1,2,1,1,2],17,14].
[[2,8,1,1,1,2,1,1,2],9,8].
[[3,5,0,1,1,2,1,1,2],54,1].
[[1,8,0,0,0,0,1,2,2],6,18].
[[2,8,0,1,2,2,1,2,2],20,81].
[[1,8,0,1,2,2,0,0,0],40,216].
[[2,8,0,1,2,2,2,3,0],20,152].
[[3,8,0,1,2,2,2,1,0],0,77].
[[1,9,2,1,2,2,2,1,0],37,116].
[[2,8,0,1,2,2,2,1,0],8,46].
[[1,8,1,0,0,0,1,2,2],53,27].
[[2,8,1,1,2,2,1,2,1],62,27].
[[3,8,1,1,2,2,1,2,1],65,47].
[[1,9,2,1,2,2,2,3,0],125,355].
[[2,9,1,1,1,2,2,3,0],37,102].
[[3,4,2,1,2,0,1,2,0],139,9].
[[1,8,1,0,0,0,2,1,1],41,22].
[[2,8,1,1,2,0,2,1,1],3,12].
[[3,8,1,1,2,0,2,2,0],17,32].
[[2,9,1,1,2,0,2,3,0],2,52].
[[3,8,0,1,2,2,2,3,0],0,219].
[[3,7,0,1,1,2,2,3,0],0,13].
[[2,4,2,1,2,0,2,2,0],31,4].
[[3,4,2,1,2,0,1,2,1],62,3].
[[1,8,1,1,2,2,1,2,1],30,15].
[[3,8,1,1,2,2,1,2,0],86,64].
[[1,9,2,1,1,2,2,2,0],60,55].
[[2,8,0,1,1,2,2,2,0],24,47].
[[1,9,2,0,0,0,1,2,1],16,31].
[[2,8,0,0,0,0,1,2,1],0,12].
[[3,8,0,0,0,0,1,2,1],0,13].
[[2,8,1,1,1,2,0,0,0],5,7].
[[3,8,1,1,1,2,0,0,0],0,3].
[[1,9,2,1,2,2,1,1,2],42,55].
[[2,8,0,1,1,2,1,1,2],8,18].
[[3,7,1,1,1,2,1,1,2],9,4].
[[1,9,2,1,1,2,2,3,0],76,74].
[[3,8,0,1,1,2,2,3,0],0,138].
[[1,8,0,0,0,0,1,1,2],5,8].
[[2,8,0,0,0,0,1,1,2],4,14].
[[3,8,0,0,0,0,1,1,2],0,14].
[[1,8,1,1,2,2,2,3,1],90,42].
[[2,6,1,1,2,2,2,3,1],11,2].
[[3,3,2,1,2,2,2,3,1],3,0].
[[3,7,1,1,1,2,1,2,1],22,13].
[[2,8,0,0,0,0,2,3,0],5,66].
[[3,8,0,0,0,0,2,3,0],0,50].
[[2,9,1,0,0,0,1,1,2],3,20].
[[3,9,1,0,0,0,1,1,2],0,12].
[[2,9,2,1,2,0,1,1,0],1,6].
[[2,8,0,1,1,2,0,0,0],12,36].
[[3,7,1,1,1,2,0,0,0],8,9].
[[2,8,0,1,2,0,2,2,0],1,13].
[[3,8,0,1,1,0,2,2,0],0,10].
[[2,8,0,1,2,2,2,2,0],15,128].
[[3,8,0,1,2,2,2,2,0],0,159].
[[1,9,2,0,0,0,2,3,1],27,138].
[[2,8,0,0,0,0,2,3,1],3,38].
[[3,7,0,1,2,2,2,2,0],0,15].
[[2,7,1,1,2,0,0,0,0],9,11].
[[3,7,1,1,2,0,2,2,1],5,8].
[[1,9,2,0,0,0,2,3,2],22,160].
[[2,9,1,1,2,2,2,2,1],1,26].
[[3,9,1,1,2,2,1,2,2],2,131].
[[3,8,1,1,1,2,1,1,2],20,18].
[[1,8,0,1,1,2,2,2,2],7,12].
[[2,8,0,1,1,2,2,2,2],10,25].
[[3,7,1,1,1,2,2,2,2],11,9].
[[1,8,0,0,0,0,2,3,1],4,18].
[[2,6,0,0,0,0,2,3,1],0,1].
[[3,6,0,0,0,0,2,3,1],0,2].
[[2,8,1,1,1,2,1,1,1],5,5].
[[3,8,1,1,1,2,1,1,1],10,8].
[[1,8,1,1,2,2,2,3,2],94,54].
[[2,7,1,1,2,2,2,3,2],40,22].
[[3,7,1,1,1,2,2,3,2],18,12].
[[3,8,0,0,0,0,1,2,2],0,37].
[[1,8,1,1,2,2,0,0,0],145,149].
[[3,7,1,1,1,2,2,2,0],27,16].
[[1,9,2,1,2,2,2,3,1],41,133].
[[3,5,0,1,1,2,1,2,1],39,0].
[[1,9,2,1,2,2,1,1,0],7,43].
[[2,5,0,0,0,0,2,2,0],15,1].
[[3,5,0,0,0,0,2,2,0],4,1].
[[1,9,2,1,2,2,2,2,2],42,163].
[[2,8,0,1,2,2,0,0,0],7,111].
[[3,8,0,1,2,2,0,0,0],0,37].
[[1,8,1,0,0,0,2,2,2],100,62].
[[2,6,1,0,0,0,2,2,2],11,1].
[[3,6,1,0,0,0,2,2,2],5,0].
[[2,9,1,1,2,2,2,2,0],23,173].
[[1,8,1,1,2,2,2,2,0],29,26].
[[2,6,1,1,2,2,2,2,0],4,0].
[[3,6,1,1,2,2,2,2,0],18,1].
[[1,8,1,0,0,0,2,3,0],96,49].
[[2,7,2,1,2,0,1,2,2],14,2].
[[2,8,1,0,0,0,2,3,1],55,48].
[[1,8,0,0,0,0,2,2,2],12,44].
[[2,8,0,0,0,0,2,2,2],1,31].
[[3,8,0,1,2,2,1,1,2],0,55].
[[1,7,1,1,2,2,2,2,1],6,3].
[[2,7,1,1,2,2,1,2,1],10,4].
[[3,7,1,1,2,2,1,2,1],34,12].
[[1,9,2,1,1,2,2,1,0],22,30].
[[2,9,2,1,1,2,1,2,0],6,21].
[[2,7,1,1,1,2,2,3,0],9,1].
[[3,7,1,1,1,2,2,3,0],30,23].
[[3,8,1,1,2,0,1,2,1],25,22].
[[2,9,2,1,2,2,1,1,0],0,13].
[[3,9,1,1,1,2,1,1,0],0,35].
[[3,9,0,1,2,2,2,3,0],0,27].
[[2,8,1,1,2,0,2,3,1],14,19].
[[3,7,1,1,1,0,2,3,1],3,5].
[[1,9,2,0,0,0,2,1,2],10,59].
[[2,9,1,0,0,0,1,2,2],13,39].
[[3,8,1,1,2,0,1,2,2],33,53].
[[2,9,2,1,1,2,1,2,2],31,42].
[[2,8,1,1,1,2,2,3,1],31,10].
[[3,8,1,1,1,2,2,3,1],7,13].
[[2,8,1,0,0,0,2,2,1],23,26].
[[3,8,1,1,2,0,2,3,0],24,45].
[[1,8,1,0,0,0,2,3,1],101,87].
[[2,8,1,0,0,0,2,1,0],37,22].
[[3,8,1,1,2,0,1,1,0],14,10].
[[2,9,2,1,1,2,2,3,0],17,36].
[[1,9,2,1,2,2,1,2,0],31,98].
[[2,9,2,1,2,2,1,2,0],6,28].
[[3,8,0,1,1,2,1,2,0],0,93].
[[2,8,1,1,2,2,2,3,1],64,68].
[[3,7,1,1,2,2,2,3,1],29,40].
[[1,8,1,1,1,2,2,3,2],14,6].
[[2,6,1,1,1,2,2,3,2],1,0].
[[3,6,1,1,1,2,2,3,2],4,0].
[[1,9,2,1,2,2,2,2,1],22,77].
[[3,7,2,1,2,2,2,2,1],10,4].
[[2,9,1,1,2,2,1,2,1],15,69].
[[3,5,0,1,1,2,1,1,1],52,2].
[[3,8,1,1,2,2,2,2,0],48,78].
[[1,9,2,0,0,0,1,2,2],80,162].
[[3,8,1,1,1,2,1,2,2],45,41].
[[2,8,1,0,0,0,2,3,0],72,57].
[[3,8,1,0,0,0,1,2,1],22,16].
[[1,9,2,0,0,0,2,1,0],28,121].
[[2,9,2,1,2,2,2,1,0],3,40].
[[3,9,1,1,2,2,2,1,0],0,33].
[[2,7,0,1,1,2,0,0,0],3,3].
[[1,9,2,1,2,2,2,1,2],16,63].
[[2,9,1,1,1,2,2,1,0],17,26].
[[3,9,1,1,1,2,2,3,0],1,61].
[[1,8,0,1,1,2,0,0,0],39,41].
[[3,4,2,1,2,0,0,0,0],13,2].
[[2,5,0,1,1,2,2,2,0],16,0].
[[3,5,0,1,1,2,2,2,0],22,0].
[[1,8,1,0,0,0,1,1,2],27,7].
[[2,7,2,1,2,0,1,1,2],2,3].
[[3,3,2,1,2,0,1,1,2],1,0].
[[2,8,0,1,2,2,1,1,2],17,29].
[[3,8,0,1,1,2,1,1,2],1,52].
[[2,7,2,1,2,2,2,3,2],19,8].
[[3,3,2,1,2,2,2,3,2],7,0].
[[2,8,0,1,2,2,2,3,2],7,62].
[[3,7,1,1,2,2,2,3,2],43,25].
[[3,8,1,1,1,2,2,3,0],32,59].
[[1,7,2,0,0,0,2,3,2],25,8].
[[2,3,2,0,0,0,2,3,2],5,0].
[[3,3,2,0,0,0,1,2,2],5,0].
[[2,9,1,1,2,2,1,2,2],20,92].
[[3,9,0,1,1,2,1,2,2],0,7].
[[2,9,2,0,0,0,2,2,1],0,4].
[[3,8,0,1,2,2,2,2,1],0,23].
[[2,7,1,0,0,0,0,0,0],22,27].
[[3,7,1,0,0,0,2,3,0],17,10].
[[1,8,1,1,1,2,1,1,2],3,1].
[[2,6,1,1,2,2,0,0,0],25,0].
[[3,3,1,1,2,2,0,0,0],17,2].
[[2,8,1,1,2,2,1,2,0],42,25].
[[1,8,0,0,0,0,0,0,0],25,186].
[[3,6,0,0,0,0,2,2,0],0,2].
[[2,6,1,0,0,0,2,3,1],12,0].
[[3,6,1,1,2,2,2,3,1],14,0].
[[2,9,2,0,0,0,2,2,0],5,43].
[[3,8,0,0,0,0,2,2,0],0,44].
[[2,8,0,0,0,0,1,1,0],0,14].
[[3,8,0,0,0,0,1,1,0],0,10].
[[1,8,1,1,2,0,2,1,2],6,8].
[[2,6,1,1,2,0,2,1,2],3,1].
[[3,6,1,1,2,0,2,1,2],1,0].
[[1,8,0,0,0,0,2,3,0],8,44].
[[2,7,1,0,0,0,2,3,0],12,10].
[[1,4,2,1,2,0,2,3,0],13,3].
[[2,4,2,1,2,0,2,3,0],62,5].
[[2,9,2,0,0,0,2,3,0],8,50].
[[2,9,1,1,1,2,1,1,0],12,25].
[[3,8,0,1,1,2,1,1,0],0,33].
[[3,5,0,1,2,2,2,3,0],25,1].
[[1,9,2,1,2,0,2,2,2],5,22].
[[2,9,1,1,2,2,2,1,0],8,82].
[[2,4,2,1,2,0,0,0,0],18,2].
[[1,9,2,0,0,0,1,1,2],21,48].
[[2,9,2,0,0,0,1,1,2],2,24].
[[3,8,1,1,2,0,1,1,2],11,15].
[[1,8,0,1,1,2,2,3,2],10,11].
[[3,8,1,1,2,2,2,1,0],33,38].
[[2,8,1,1,2,0,2,3,0],29,41].
[[3,7,2,1,2,0,2,3,0],8,2].
[[3,6,1,1,2,2,1,2,1],12,0].
[[2,8,1,1,2,2,2,3,0],121,96].
[[3,7,1,1,2,2,2,3,0],68,45].
[[3,7,0,1,1,2,0,0,0],0,12].
[[1,8,1,1,2,2,1,1,2],15,3].
[[2,9,1,0,0,0,2,2,0],8,85].
[[3,9,0,0,0,0,2,2,0],0,11].
[[2,8,1,1,1,2,1,2,1],24,11].
[[1,8,1,1,2,2,2,1,2],26,24].
[[2,8,1,1,2,2,2,1,2],18,29].
[[2,8,1,1,1,2,2,2,2],31,12].
[[3,8,0,1,2,2,1,1,0],0,64].
[[1,7,1,1,2,2,2,3,2],10,3].
[[2,7,1,1,2,2,2,2,2],25,17].
[[3,7,1,1,1,2,1,2,2],27,14].
[[1,8,1,1,2,2,2,2,1],42,32].
[[2,6,1,1,2,2,2,2,1],9,0].
[[2,8,1,1,2,2,2,2,0],65,58].
[[3,7,1,1,2,2,2,2,0],45,30].
[[3,6,1,1,2,2,2,3,2],10,0].
[[2,9,1,1,1,2,1,2,2],30,36].
[[2,8,1,0,0,0,2,2,2],38,32].
[[2,8,0,1,1,2,2,3,1],15,16].
[[3,4,2,1,2,0,2,3,1],20,2].
[[3,8,1,1,2,2,1,1,1],12,23].
[[3,7,1,1,2,0,2,2,0],10,7].
[[1,9,2,1,2,2,1,2,1],15,23].
[[3,5,0,1,1,2,1,1,0],13,2].
[[3,7,2,1,2,0,2,3,1],3,1].
[[1,7,2,0,0,0,2,2,2],27,6].
[[1,7,1,1,2,2,2,2,0],2,2].
[[2,7,1,1,1,2,2,2,0],8,0].
[[3,4,2,1,2,0,2,2,0],81,5].
[[2,9,2,1,2,2,0,0,0],2,37].
[[1,9,2,1,1,2,1,1,0],5,6].
[[3,8,1,1,1,2,1,1,0],18,24].
[[2,8,1,1,1,2,2,3,0],44,26].
[[3,8,1,1,1,2,1,2,0],41,28].
[[2,9,1,1,1,2,1,2,0],40,49].
[[2,4,2,1,2,0,2,1,2],4,0].
[[3,4,2,1,2,0,2,1,0],51,1].
[[3,9,1,1,2,2,2,3,0],0,77].
[[3,9,1,1,2,0,1,1,2],0,22].
[[1,5,0,0,0,0,1,2,1],4,2].
[[2,5,0,1,2,2,1,1,1],29,4].
[[1,8,1,0,0,0,2,2,0],54,35].
[[2,7,1,1,2,2,2,2,0],9,5].
[[1,9,2,1,1,2,2,2,2],30,31].
[[2,4,2,1,2,0,2,3,2],8,1].
[[3,4,2,1,2,0,2,3,2],7,2].
[[2,9,1,0,0,0,2,3,0],12,117].
[[3,9,0,0,0,0,1,2,0],0,20].
[[2,9,1,1,2,0,1,2,2],7,29].
[[3,5,0,1,2,0,1,1,1],21,3].
[[3,8,1,0,0,0,2,3,0],26,21].
[[3,9,1,1,2,2,1,1,2],0,42].
[[2,8,1,1,2,2,2,1,0],46,39].
[[3,7,1,1,1,0,2,1,0],3,3].
[[3,8,1,0,0,0,2,1,0],13,9].
[[2,6,0,1,2,2,0,0,0],2,15].
[[3,6,0,1,1,2,2,1,0],0,3].
[[2,9,1,1,2,0,1,1,0],0,13].
[[3,8,0,1,1,0,1,1,0],0,7].
[[2,9,2,1,2,2,1,1,2],11,38].
[[3,9,1,0,0,0,2,2,0],0,14].
[[3,8,0,1,1,2,2,1,0],1,68].
[[2,8,0,1,2,0,2,3,0],3,28].
[[2,8,0,1,1,2,2,1,0],10,16].
[[3,7,0,1,1,2,2,1,0],0,3].
[[2,9,2,0,0,0,2,1,0],7,12].
[[3,5,0,0,0,0,1,1,1],10,1].
[[3,8,1,1,2,2,1,2,2],84,82].
[[2,9,2,1,1,2,2,2,0],12,32].
[[3,8,0,1,1,2,2,2,0],0,99].
[[1,8,1,1,1,2,0,0,0],28,16].
[[3,5,0,1,2,2,1,1,1],62,3].
[[2,9,1,1,1,2,2,2,0],35,51].
[[3,9,0,1,1,2,2,2,0],0,12].
[[2,8,1,1,2,0,2,2,0],20,23].
[[3,8,1,1,1,0,2,2,0],4,18].
[[1,8,0,1,2,2,2,1,2],8,19].
[[1,8,0,1,2,2,1,1,2],5,11].
[[2,7,1,1,2,2,1,1,2],12,2].
[[3,7,1,1,2,2,1,1,2],27,15].
[[2,8,1,1,2,2,2,3,2],46,38].
[[3,8,1,1,1,0,2,1,0],3,8].
[[2,9,2,1,2,2,2,2,0],11,72].
[[3,9,1,1,2,2,1,2,0],1,132].
[[1,6,1,0,0,0,2,2,1],8,0].
[[2,6,1,0,0,0,2,2,0],12,0].
[[3,6,1,0,0,0,1,2,1],6,0].
[[2,9,1,0,0,0,1,1,0],3,34].
[[3,9,0,0,0,0,1,1,0],0,14].
[[1,4,2,1,2,0,0,0,0],13,0].
[[2,7,1,0,0,0,2,2,2],13,9].
[[3,7,1,0,0,0,2,2,2],4,9].
[[3,7,1,1,2,2,2,2,2],37,34].
[[2,8,1,0,0,0,1,2,0],28,15].
[[3,7,1,1,2,0,1,2,0],10,1].
[[1,8,1,1,2,2,2,1,0],20,8].
[[2,8,1,1,1,2,2,1,0],14,6].
[[3,8,1,1,1,2,2,1,0],20,13].
[[3,9,1,0,0,0,1,2,0],0,31].
[[1,9,2,0,0,0,1,1,1],1,5].
[[2,9,1,1,2,0,1,1,1],2,2].
[[3,8,1,1,2,0,1,1,1],12,4].
[[1,8,1,1,1,2,2,3,0],17,1].
[[3,8,1,1,1,2,2,2,1],2,7].
[[3,6,1,1,1,0,2,1,2],0,1].
[[2,9,2,1,2,2,1,2,1],4,12].
[[3,9,1,1,1,2,1,2,1],1,33].
[[3,9,0,1,2,2,1,1,1],0,9].
[[2,8,1,1,2,0,1,2,1],18,10].
[[1,9,2,1,1,2,1,2,2],60,37].
[[2,8,1,1,1,2,1,2,2],51,16].
[[2,9,2,1,1,2,1,1,0],3,7].
[[3,8,1,1,2,2,1,1,2],25,32].
[[3,9,1,0,0,0,1,2,2],0,37].
[[3,9,0,1,2,2,1,2,2],0,13].
[[1,7,1,0,0,0,2,1,2],5,2].
[[2,7,1,0,0,0,2,1,2],5,5].
[[3,7,1,1,2,0,2,1,2],5,4].
[[1,9,2,1,2,2,2,3,2],31,124].
[[3,9,1,1,1,2,1,2,2],1,86].
[[2,9,1,0,0,0,2,3,1],0,15].
[[3,8,0,1,2,2,2,3,1],0,40].
[[3,8,0,1,1,2,2,2,1],0,24].
[[1,9,2,1,2,0,0,0,0],8,35].
[[2,9,2,1,1,0,2,3,0],0,5].
[[3,9,1,1,1,0,2,3,0],0,13].
[[3,9,1,1,2,0,2,3,0],0,24].
[[3,7,2,1,2,2,1,2,1],17,3].
[[1,8,0,1,2,2,2,2,0],5,42].
[[2,7,0,1,2,2,2,2,0],0,4].
[[3,4,2,1,2,0,1,1,2],55,6].
[[3,8,0,1,2,0,2,3,0],0,51].
[[1,8,1,1,2,0,1,2,1],2,2].
[[3,7,1,1,2,0,1,2,1],7,7].
[[3,9,0,1,1,0,1,2,0],0,10].
[[1,8,1,1,1,2,1,2,1],5,2].
[[3,8,1,1,1,2,1,2,1],33,23].
[[1,8,1,1,2,0,2,3,0],11,9].
[[2,8,1,1,2,0,1,2,0],10,6].
[[1,9,2,1,1,2,2,3,2],28,36].
[[2,8,0,1,1,2,2,3,2],6,25].
[[3,8,0,1,1,2,1,2,2],0,109].
[[1,8,1,1,2,0,2,1,0],3,4].
[[3,8,1,1,2,2,2,1,1],0,14].
[[2,9,1,0,0,0,1,2,0],6,82].
[[3,8,0,0,0,0,1,2,0],0,27].
[[2,8,1,1,2,2,1,1,2],31,18].
[[1,8,1,1,1,2,2,2,2],23,7].
[[3,7,2,1,2,2,1,2,0],11,3].
[[1,6,0,0,0,0,2,2,0],0,1].
[[2,6,0,1,2,2,1,2,0],0,2].
[[3,6,0,1,2,2,1,1,0],0,3].
[[2,4,2,1,2,0,2,2,1],13,1].
[[1,4,2,1,2,0,2,3,1],7,0].
[[2,4,2,1,2,0,2,3,1],13,2].
[[1,6,1,0,0,0,2,2,2],9,0].
[[2,6,1,0,0,0,1,2,2],3,0].
[[3,6,1,0,0,0,1,2,2],9,0].
[[1,5,0,1,2,2,1,1,2],15,0].
[[2,5,0,1,2,2,1,1,2],41,1].
[[2,5,0,1,2,2,2,3,0],15,0].
[[3,5,0,1,1,2,2,3,0],16,0].
[[3,7,0,1,2,0,2,3,0],0,6].
[[2,9,2,1,1,2,2,1,0],4,20].
[[2,8,1,1,1,2,2,2,0],31,14].
[[3,6,1,1,1,2,2,2,0],4,0].
[[1,8,0,0,0,0,2,3,2],12,48].
[[2,8,0,0,0,0,1,2,2],7,44].
[[3,8,0,1,2,0,1,2,1],1,20].
[[3,8,0,1,1,0,1,2,0],0,7].
[[1,8,1,1,1,2,2,2,1],13,4].
[[2,6,1,1,1,2,2,2,1],2,0].
[[3,6,1,1,1,2,2,2,1],5,1].
[[2,8,0,1,2,2,1,2,1],1,19].
[[3,8,0,1,2,2,1,2,1],0,62].
[[1,9,2,1,1,2,2,3,1],26,37].
[[2,7,1,1,2,2,1,2,0],2,2].
[[3,3,1,1,2,2,1,2,0],2,0].
[[1,8,1,1,2,2,2,3,0],66,26].
[[3,9,0,1,2,2,2,2,0],0,25].
[[2,8,0,1,1,2,2,1,1],3,1].
[[3,3,1,1,2,2,2,2,2],7,1].
[[3,2,1,0,0,0,2,3,0],1,0].
[[1,8,1,1,2,2,1,2,2],45,28].
[[2,8,1,0,0,0,2,2,0],46,31].
[[3,9,1,1,2,2,1,1,0],1,51].
[[3,9,0,1,1,2,1,1,0],0,25].
[[2,9,2,1,2,2,2,2,1],0,12].
[[3,9,1,1,2,2,1,2,1],1,55].
[[2,8,0,1,2,2,2,2,2],5,83].
[[1,8,1,0,0,0,2,3,2],125,61].
[[3,8,1,1,2,2,1,1,0],21,38].
[[2,8,0,0,0,0,0,0,0],6,58].
[[3,9,1,1,1,0,1,1,2],0,6].
[[2,5,0,0,0,0,1,2,2],5,0].
[[3,5,0,1,2,2,1,2,2],14,0].
[[2,8,1,1,2,0,0,0,0],2,6].
[[3,8,0,1,1,2,1,1,1],0,9].
[[3,8,0,1,2,0,1,2,2],1,45].
[[2,8,1,0,0,0,1,2,1],35,30].
[[3,8,0,1,1,2,2,3,2],0,10].
[[1,7,2,1,2,2,2,3,1],2,0].
[[2,7,2,1,1,2,2,2,0],1,0].
[[3,7,2,1,1,2,1,2,0],3,0].
[[1,6,1,0,0,0,2,1,2],7,0].
[[2,6,1,0,0,0,2,1,2],4,0].
[[3,6,1,1,2,0,1,2,2],8,0].
[[3,8,1,1,2,2,0,0,0],0,8].
[[2,7,2,0,0,0,2,2,0],2,0].
[[3,7,2,0,0,0,2,2,0],5,0].
[[2,9,1,1,1,2,2,3,1],2,9].
[[1,8,0,1,2,2,2,2,1],2,14].
[[3,6,0,1,2,2,2,2,1],0,4].
[[2,7,2,0,0,0,0,0,0],13,1].
[[3,7,2,0,0,0,2,1,0],2,0].
[[1,8,1,1,1,2,1,2,0],4,1].
[[2,8,1,1,1,2,1,2,0],11,9].
[[1,9,2,1,2,2,1,1,1],4,5].
[[2,9,2,1,1,2,1,1,1],0,3].
[[2,8,0,1,2,2,2,3,1],7,61].
[[3,8,1,0,0,0,1,1,1],6,9].
[[3,8,1,0,0,0,1,2,0],19,18].
[[2,8,1,1,2,0,2,2,2],11,20].
[[2,6,1,1,2,0,2,2,2],3,0].
[[3,3,2,1,1,0,2,2,2],1,0].
[[2,9,2,1,2,0,0,0,0],1,6].
[[1,8,0,0,0,0,1,2,0],2,10].
[[2,7,0,0,0,0,1,2,0],0,1].
[[3,7,0,0,0,0,1,2,0],0,6].
[[3,8,1,1,1,0,1,2,2],7,23].
[[2,5,0,0,0,0,1,1,1],9,2].
[[2,9,1,1,2,0,2,3,1],0,9].
[[3,9,0,1,1,0,2,1,0],0,5].
[[3,7,0,1,2,2,2,2,2],0,9].
[[3,8,1,1,2,2,2,2,1],4,12].
[[3,6,1,1,1,2,2,3,0],6,0].
[[2,9,1,0,0,0,1,2,1],4,26].
[[3,9,1,1,2,0,1,2,1],0,16].
[[1,8,1,1,2,0,0,0,0],19,29].
[[2,8,1,1,2,0,2,1,0],20,13].
[[2,9,1,1,2,2,1,1,2],8,30].
[[1,5,0,1,1,2,1,1,2],6,1].
[[2,5,0,1,1,2,1,1,2],18,1].
[[3,9,1,1,2,0,2,2,0],0,24].
[[3,8,1,1,2,2,2,3,1],11,33].
[[1,8,1,1,2,0,2,2,1],6,3].
[[2,8,1,1,1,0,2,3,0],2,4].
[[3,5,0,1,1,0,1,1,1],6,2].
[[2,7,2,0,0,0,2,2,2],24,2].
[[3,7,2,0,0,0,2,2,2],12,0].
[[1,5,0,0,0,0,1,1,2],15,0].
[[2,5,0,0,0,0,1,1,2],23,1].
[[3,5,0,0,0,0,1,2,1],22,1].
[[1,8,1,1,1,2,2,1,2],13,0].
[[2,4,2,1,2,0,1,2,2],48,2].
[[2,8,1,0,0,0,1,1,2],24,20].
[[3,5,0,0,0,0,1,1,2],21,0].
[[2,6,1,1,2,2,2,3,0],3,0].
[[3,6,1,1,2,2,2,3,0],24,0].
[[3,6,1,1,1,0,1,2,1],2,0].
[[2,9,2,1,2,2,2,3,2],1,18].
[[3,8,0,1,2,2,2,3,2],0,8].
[[1,8,0,0,0,0,2,2,1],3,17].
[[3,7,2,1,1,0,1,1,2],1,4].
[[3,9,1,0,0,0,1,1,0],0,12].
[[3,7,1,1,2,0,2,3,1],13,8].
[[2,8,0,1,2,0,2,2,1],0,2].
[[3,7,1,1,1,0,2,2,0],1,4].
[[2,9,2,0,0,0,2,3,2],0,9].
[[3,9,1,1,2,0,2,1,0],0,13].
[[2,6,1,1,2,2,1,2,1],1,0].
[[3,6,1,1,1,2,1,2,1],4,1].
[[3,8,1,1,2,0,1,2,0],21,26].
[[1,8,0,1,1,2,2,2,0],7,5].
[[3,8,1,0,0,0,0,0,0],0,2].
[[1,8,0,0,0,0,2,1,1],1,3].
[[2,7,1,0,0,0,1,2,2],8,1].
[[3,7,1,0,0,0,1,2,2],15,8].
[[1,8,1,1,2,2,2,1,1],22,10].
[[2,8,1,1,2,2,2,1,1],7,17].
[[3,9,1,1,2,2,2,2,0],0,67].
[[1,8,1,1,2,2,1,2,0],6,4].
[[1,5,0,1,2,2,2,1,0],1,0].
[[2,5,0,1,2,2,2,1,0],2,0].
[[3,5,0,1,2,2,2,1,0],5,0].
[[1,8,0,1,2,2,2,2,2],18,52].
[[2,8,1,0,0,0,2,3,2],34,21].
[[3,7,1,0,0,0,2,3,2],11,4].
[[3,9,1,1,2,0,1,2,2],2,45].
[[2,9,1,0,0,0,2,1,0],7,43].
[[2,9,1,0,0,0,2,2,1],1,19].
[[3,8,1,0,0,0,2,2,1],0,6].
[[2,5,0,1,1,2,1,2,1],5,0].
[[3,7,1,1,2,0,2,3,0],14,16].
[[2,7,1,0,0,0,2,3,2],16,14].
[[1,6,1,1,2,2,0,0,0],17,1].
[[2,6,1,1,2,2,2,2,2],14,0].
[[3,6,1,1,2,2,2,2,2],14,0].
[[1,8,0,1,1,2,2,1,0],6,2].
[[2,1,2,1,2,0,1,1,0],1,0].
[[3,1,2,1,2,0,1,1,0],3,0].
[[2,9,1,1,1,2,1,1,2],10,12].
[[3,9,1,1,1,2,1,1,2],0,35].
[[2,7,0,1,2,2,2,2,2],0,2].
[[3,7,0,1,2,2,1,1,2],0,7].
[[2,7,2,0,0,0,2,3,2],20,1].
[[2,7,2,0,0,0,2,1,2],8,0].
[[3,7,2,1,2,0,1,1,2],5,2].
[[1,9,2,1,2,0,2,1,0],3,15].
[[2,9,1,0,0,0,0,0,0],0,6].
[[2,5,0,0,0,0,2,3,0],19,0].
[[3,5,0,1,2,0,2,2,0],9,0].
[[3,7,0,0,0,0,2,3,2],0,4].
[[3,8,1,1,2,0,2,1,0],18,18].
[[2,9,1,1,2,0,1,2,1],4,12].
[[3,5,0,1,2,0,1,2,0],7,0].
[[1,9,2,1,2,0,1,2,2],7,21].
[[3,7,1,1,1,0,2,3,0],4,2].
[[2,7,2,1,2,2,1,1,2],9,7].
[[3,7,2,1,1,2,1,1,2],9,6].
[[3,9,1,1,1,0,2,2,0],0,9].
[[2,9,2,0,0,0,1,2,0],3,18].
[[3,7,2,1,2,2,2,1,2],7,0].
[[1,9,2,1,1,2,2,1,1],6,1].
[[3,6,1,1,2,2,2,1,0],6,1].
[[3,7,2,1,2,2,1,1,2],20,8].
[[3,5,0,1,2,2,1,1,2],77,4].
[[3,7,0,1,1,2,1,2,2],0,9].
[[1,9,2,1,2,0,1,1,0],1,13].
[[2,8,0,1,2,0,1,1,0],0,5].
[[3,9,1,0,0,0,2,3,0],0,25].
[[1,8,0,1,1,2,2,3,0],8,8].
[[2,8,0,1,1,2,1,2,0],8,13].
[[3,6,0,1,1,2,1,2,0],0,2].
[[3,8,1,0,0,0,1,1,0],8,16].
[[3,5,0,1,2,0,2,1,0],4,0].
[[2,9,1,1,2,0,1,2,0],2,31].
[[3,9,0,1,2,0,1,2,0],0,28].
[[3,4,2,1,2,0,1,1,1],19,1].
[[3,6,1,1,2,2,1,2,0],7,1].
[[3,7,1,1,1,2,1,2,0],16,3].
[[3,8,1,1,1,2,2,3,2],2,1].
[[1,8,1,1,2,2,1,1,1],7,4].
[[2,8,1,1,2,2,1,1,1],16,15].
[[1,9,2,1,1,2,1,2,0],18,16].
[[2,9,1,1,2,0,2,1,0],0,16].
[[1,8,1,1,2,0,1,2,2],5,3].
[[3,7,1,1,2,2,1,2,2],64,32].
[[2,9,2,1,1,2,1,1,2],10,18].
[[2,7,1,1,1,2,2,2,2],5,1].
[[2,4,2,1,2,0,2,2,2],13,5].
[[3,7,1,0,0,0,2,2,0],14,7].
[[3,9,0,1,2,0,1,1,0],0,12].
[[3,7,0,1,2,0,1,1,0],0,1].
[[3,9,1,0,0,0,2,1,0],0,7].
[[2,6,0,1,2,2,2,2,1],0,1].
[[3,6,0,1,1,2,1,1,1],0,2].
[[3,8,1,0,0,0,1,1,2],15,12].
[[3,8,1,1,2,0,2,3,1],7,8].
[[2,7,2,1,2,2,0,0,0],22,6].
[[1,7,2,1,2,2,0,0,0],18,2].
[[3,7,2,1,1,2,2,2,0],4,0].
[[2,8,0,1,1,2,2,2,1],5,17].
[[3,7,0,0,0,0,1,2,2],1,5].
[[1,7,2,0,0,0,2,2,1],3,1].
[[2,7,2,0,0,0,2,2,1],4,1].
[[2,4,2,1,2,0,1,2,0],28,1].
[[1,7,2,1,2,2,2,2,2],9,1].
[[2,7,2,1,2,2,2,2,2],18,7].
[[3,7,2,1,2,2,2,3,2],11,2].
[[1,6,1,0,0,0,2,2,0],6,0].
[[3,6,1,0,0,0,2,2,0],11,0].
[[2,9,1,1,1,2,0,0,0],6,4].
[[1,5,0,0,0,0,2,3,0],3,0].
[[2,5,0,0,0,0,1,2,1],14,1].
[[3,5,0,1,2,0,1,2,1],23,2].
[[3,9,0,1,1,0,2,2,0],0,4].
[[2,6,1,0,0,0,0,0,0],19,2].
[[3,6,1,0,0,0,0,0,0],2,0].
[[3,9,0,0,0,0,2,1,0],0,6].
[[1,5,0,1,2,2,2,2,0],14,1].
[[1,9,2,1,2,0,1,1,2],5,9].
[[2,8,0,1,2,0,1,1,2],0,5].
[[3,8,0,1,2,0,1,1,2],0,13].
[[3,7,1,0,0,0,1,2,0],14,2].
[[3,7,0,1,1,2,2,2,0],0,14].
[[2,8,1,1,2,2,1,1,0],11,11].
[[3,7,0,1,2,2,2,3,0],0,21].
[[1,9,2,0,0,0,2,1,1],5,14].
[[3,9,1,1,1,2,2,2,0],0,34].
[[3,6,0,1,2,2,2,3,1],0,2].
[[1,9,2,1,1,2,2,2,1],18,15].
[[2,9,1,1,1,2,2,2,1],5,12].
[[2,8,1,1,1,2,2,1,2],7,2].
[[3,8,0,1,1,2,2,1,1],0,3].
[[1,6,1,1,2,2,2,2,0],2,0].
[[2,6,1,1,2,2,1,2,0],1,0].
[[3,3,2,1,2,2,1,2,0],1,0].
[[2,8,0,1,2,2,2,1,2],3,24].
[[2,9,1,1,2,2,0,0,0],1,16].
[[2,5,0,1,1,0,1,1,2],1,1].
[[3,5,0,1,1,0,1,1,2],8,2].
[[2,7,1,1,2,2,2,3,1],28,14].
[[2,7,1,1,1,2,2,2,1],6,4].
[[1,8,0,0,0,0,2,1,0],1,12].
[[3,8,1,1,1,2,2,2,0],21,40].
[[3,7,1,0,0,0,2,3,1],15,9].
[[3,7,2,0,0,0,2,3,2],10,1].
[[1,8,0,1,1,2,1,2,0],1,1].
[[1,8,0,0,0,0,2,2,0],12,17].
[[2,7,1,1,2,0,2,2,0],2,1].
[[3,7,1,1,2,0,1,1,0],2,1].
[[2,7,1,1,2,2,2,2,1],13,8].
[[3,7,1,1,2,2,2,2,1],16,16].
[[3,9,0,1,2,0,1,2,1],0,8].
[[2,7,1,1,1,2,0,0,0],13,16].
[[1,8,1,1,1,2,2,2,0],8,2].
[[2,9,2,1,2,2,1,2,2],22,113].
[[1,8,1,0,0,0,1,1,0],4,4].
[[2,8,1,0,0,0,1,1,0],9,5].
[[2,6,1,1,1,2,2,1,2],1,1].
[[2,8,0,1,2,0,2,3,2],1,9].
[[1,4,2,1,2,0,1,2,2],11,1].
[[1,8,0,1,2,2,1,2,2],13,12].
[[2,9,2,1,2,0,1,2,2],7,24].
[[3,5,0,1,1,0,1,2,2],4,1].
[[3,8,0,1,2,2,1,1,1],0,14].
[[1,7,2,1,2,2,2,3,0],2,0].
[[2,3,2,1,2,2,2,3,0],1,0].
[[3,3,1,1,2,2,2,3,0],5,0].
[[1,8,1,1,2,0,2,2,0],4,6].
[[3,7,1,1,2,2,1,2,0],29,5].
[[3,6,0,1,2,2,0,0,0],0,8].
[[2,6,1,1,2,0,0,0,0],7,1].
[[3,7,2,0,0,0,1,2,2],21,4].
[[1,6,0,0,0,0,0,0,0],1,5].
[[2,6,0,0,0,0,0,0,0],1,3].
[[2,7,1,1,1,2,2,3,1],9,4].
[[3,7,1,1,1,2,2,3,1],14,13].
[[1,8,1,1,1,2,2,3,1],8,6].
[[1,9,2,1,2,2,2,1,1],8,12].
[[1,8,1,0,0,0,1,1,1],7,9].
[[3,4,2,1,2,0,2,2,1],17,2].
[[3,8,0,1,1,2,0,0,0],0,12].
[[3,7,2,0,0,0,2,2,1],2,0].
[[2,6,0,0,0,0,2,2,2],0,3].
[[3,3,1,1,2,0,2,2,2],0,1].
[[1,7,1,0,0,0,0,0,0],33,19].
[[2,7,1,1,2,0,2,3,1],4,5].
[[3,3,1,1,2,0,2,3,1],4,1].
[[2,8,1,1,2,0,2,1,2],4,4].
[[2,9,2,1,2,0,2,1,0],0,12].
[[3,9,1,1,1,0,2,1,0],0,3].
[[2,9,2,0,0,0,2,3,1],0,7].
[[3,5,0,0,0,0,2,1,0],1,0].
[[1,9,2,1,2,0,2,1,2],1,6].
[[2,5,0,1,2,0,1,2,1],6,0].
[[3,9,1,1,1,2,2,1,0],0,21].
[[2,9,2,1,2,2,2,3,1],1,24].
[[2,8,1,1,2,0,1,2,2],24,17].
[[3,5,0,1,2,0,1,2,2],2,1].
[[3,9,0,1,2,2,2,1,0],0,16].
[[3,7,1,1,2,0,0,0,0],2,4].
[[3,5,0,0,0,0,2,3,0],4,0].
[[3,8,0,1,2,0,1,2,0],0,27].
[[1,7,1,1,2,2,2,1,2],1,1].
[[2,7,1,1,2,2,2,1,2],9,7].
[[3,7,1,1,2,2,2,1,2],14,5].
[[2,7,1,1,2,2,1,2,2],17,10].
[[2,8,1,1,1,2,1,1,0],6,2].
[[3,7,1,1,1,2,1,1,0],6,0].
[[3,6,0,1,1,2,2,2,0],0,3].
[[2,9,2,0,0,0,1,2,1],1,5].
[[2,3,2,0,0,0,0,0,0],11,0].
[[3,6,1,1,2,0,1,2,1],5,1].
[[1,7,1,1,2,2,2,2,2],7,3].
[[1,8,1,1,2,0,2,2,2],11,14].
[[2,7,1,1,2,0,2,3,2],6,2].
[[3,7,1,1,2,0,1,2,2],13,6].
[[1,8,0,1,2,2,2,3,1],10,28].
[[2,7,1,1,2,2,2,1,0],5,4].
[[2,8,0,0,0,0,2,3,2],4,25].
[[2,8,1,1,2,2,0,0,0],13,29].
[[3,8,1,1,1,0,1,2,1],9,10].
[[3,6,0,1,1,2,2,3,2],0,4].
[[3,8,0,1,1,0,2,3,0],0,10].
[[1,5,0,0,0,0,2,2,0],6,0].
[[2,5,0,1,2,0,2,2,0],2,1].
[[3,7,2,1,2,2,1,1,1],1,5].
[[2,8,1,1,2,0,2,2,1],9,8].
[[1,8,0,0,0,0,2,1,2],3,22].
[[2,4,2,1,2,0,1,2,1],15,0].
[[2,8,1,1,1,0,1,2,2],3,5].
[[3,4,2,1,2,0,1,1,0],52,3].
[[2,6,0,1,2,2,2,2,0],2,2].
[[3,5,0,1,2,2,2,2,0],26,1].
[[2,7,0,1,2,2,0,0,0],0,11].
[[3,7,0,1,2,2,2,1,2],0,4].
[[1,9,2,1,1,2,2,1,2],10,16].
[[2,9,1,1,2,2,2,3,1],2,33].
[[3,7,1,1,2,0,2,3,2],18,6].
[[3,7,2,1,1,2,1,2,2],16,4].
[[2,7,2,0,0,0,1,2,2],21,5].
[[2,7,1,0,0,0,2,3,1],18,3].
[[3,7,1,1,2,2,2,1,0],25,21].
[[3,8,0,1,1,2,2,3,1],0,14].
[[1,7,2,0,0,0,2,3,1],3,0].
[[3,6,1,1,2,2,1,2,2],15,2].
[[3,6,1,1,1,2,1,2,2],5,0].
[[3,7,2,1,1,0,2,1,2],0,1].
[[1,8,1,0,0,0,1,2,0],11,9].
[[3,6,1,0,0,0,1,2,0],4,0].
[[1,7,1,0,0,0,2,3,2],10,4].
[[3,7,0,1,2,2,0,0,0],0,23].
[[2,8,1,0,0,0,2,1,1],9,12].
[[3,8,1,1,2,0,2,1,1],0,5].
[[1,5,0,1,1,2,1,1,1],7,0].
[[2,5,0,1,1,2,1,1,1],20,1].
[[2,9,2,1,1,0,1,2,2],0,4].
[[3,9,1,1,1,0,1,2,2],0,23].
[[3,8,0,1,2,0,0,0,0],0,7].
[[3,7,1,1,2,2,2,1,1],3,8].
[[3,8,0,1,2,0,2,3,1],0,13].
[[2,9,2,1,2,0,2,3,0],3,26].
[[2,3,1,1,2,2,2,3,2],1,0].
[[3,3,1,1,1,2,2,2,1],3,0].
[[2,9,1,1,2,0,1,1,2],3,2].
[[1,6,1,0,0,0,2,1,1],5,0].
[[2,6,1,0,0,0,1,1,1],3,0].
[[3,6,1,0,0,0,1,1,1],3,1].
[[2,9,2,0,0,0,2,1,1],1,2].
[[3,8,1,0,0,0,2,1,1],0,2].
[[2,2,0,1,2,2,0,0,0],0,2].
[[3,2,0,1,2,2,0,0,0],0,2].
[[2,9,2,1,2,0,2,3,1],1,5].
[[1,7,2,0,0,0,1,1,2],3,3].
[[2,3,2,0,0,0,1,1,2],1,0].
[[3,3,2,0,0,0,1,1,1],1,0].
[[2,4,2,1,2,0,1,1,0],14,2].
[[3,7,0,0,0,0,2,3,1],0,2].
[[2,9,1,1,1,0,1,1,0],1,5].
[[1,6,1,0,0,0,2,3,2],12,0].
[[2,6,1,0,0,0,2,3,2],15,0].
[[3,3,1,1,2,2,2,3,2],11,0].
[[3,9,0,1,2,2,1,2,1],0,17].
[[1,8,0,1,1,2,1,2,2],2,4].
[[2,1,2,1,2,0,1,1,2],1,0].
[[3,1,2,1,2,0,1,1,2],1,0].
[[1,8,1,1,2,0,1,2,0],0,2].
[[3,8,1,1,1,0,1,2,0],3,18].
[[1,8,1,0,0,0,2,1,0],22,16].
[[2,7,1,0,0,0,2,1,0],7,4].
[[3,7,1,0,0,0,1,1,0],2,2].
[[3,9,1,1,1,0,1,1,0],0,8].
[[2,4,2,1,2,0,1,1,2],21,2].
[[3,6,0,1,2,2,2,2,2],0,8].
[[2,9,2,0,0,0,0,0,0],2,16].
[[3,8,1,1,2,0,0,0,0],0,2].
[[2,8,1,1,2,0,1,1,0],4,7].
[[3,9,0,1,2,0,2,3,0],0,11].
[[2,8,1,0,0,0,2,1,2],17,16].
[[2,9,2,1,1,2,2,3,1],5,6].
[[2,7,2,1,2,2,2,3,0],8,0].
[[3,7,0,1,1,2,2,3,2],0,11].
[[2,5,0,0,0,0,1,2,0],5,0].
[[3,5,0,0,0,0,1,2,0],4,0].
[[1,4,2,1,2,0,2,1,0],5,2].
[[2,7,2,1,2,2,2,2,0],5,1].
[[3,7,2,1,2,2,2,2,0],17,2].
[[3,7,1,1,1,0,1,2,2],2,2].
[[3,7,2,0,0,0,2,1,2],3,0].
[[2,6,1,1,2,0,1,1,2],2,0].
[[3,2,1,1,2,0,1,1,2],1,0].
[[2,8,1,1,1,2,2,3,2],19,11].
[[3,5,0,1,2,2,1,1,0],8,6].
[[3,8,1,1,2,2,2,3,2],9,7].
[[3,7,2,1,2,2,2,1,0],7,1].
[[2,8,0,1,2,0,2,3,1],2,12].
[[2,7,0,1,1,2,1,2,2],1,1].
[[1,9,2,1,2,0,2,2,0],4,28].
[[1,3,2,0,0,0,0,0,0],9,0].
[[3,3,2,0,0,0,0,0,0],4,0].
[[3,9,1,0,0,0,1,2,1],0,11].
[[2,8,0,1,1,2,1,2,1],5,5].
[[2,9,1,1,1,2,1,2,1],9,19].
[[3,9,0,1,1,2,1,2,1],0,12].
[[2,3,1,0,0,0,2,3,2],5,0].
[[3,6,1,1,1,2,2,3,1],6,0].
[[3,4,0,1,2,0,2,3,0],0,2].
[[2,9,1,1,1,0,2,2,0],0,4].
[[2,7,1,1,2,0,1,2,2],3,3].
[[2,7,2,1,2,0,2,3,1],4,3].
[[3,6,1,0,0,0,2,3,1],10,0].
[[3,7,2,1,2,0,2,1,0],5,0].
[[1,8,0,1,1,2,2,3,1],5,4].
[[1,4,2,1,2,0,2,2,0],10,2].
[[3,3,1,0,0,0,2,3,1],2,0].
[[2,9,2,1,2,2,2,2,2],0,8].
[[3,6,1,0,0,0,2,3,0],7,0].
[[2,8,0,0,0,0,2,1,0],3,27].
[[1,9,2,1,2,0,1,2,1],1,4].
[[3,9,0,1,2,2,1,1,0],0,35].
[[2,7,1,1,1,2,2,3,2],8,3].
[[3,5,0,1,1,2,1,2,0],24,1].
[[2,6,1,0,0,0,2,2,1],11,0].
[[3,6,1,1,2,0,2,2,1],4,0].
[[1,9,2,1,2,0,2,3,2],2,13].
[[2,9,2,1,2,0,2,3,2],1,7].
[[2,9,2,1,1,2,0,0,0],3,7].
[[2,5,0,1,1,2,1,2,0],2,0].
[[2,7,0,1,1,2,2,3,1],0,2].
[[3,3,0,1,1,2,2,3,1],0,1].
[[2,8,0,0,0,0,2,2,1],3,20].
[[3,7,1,1,2,2,1,1,0],12,6].
[[2,5,0,1,2,2,1,2,2],3,0].
[[3,9,0,1,2,0,2,2,0],0,6].
[[3,9,0,1,2,0,1,2,2],0,1].
[[1,4,2,1,2,0,2,3,2],5,0].
[[1,8,0,1,2,2,1,1,0],1,1].
[[2,8,0,1,2,2,1,1,0],2,22].
[[1,9,2,1,1,2,1,2,1],11,8].
[[1,5,0,1,1,2,2,2,0],4,0].
[[2,7,2,1,2,0,2,2,1],3,1].
[[3,7,2,1,2,0,2,2,1],2,2].
[[3,7,2,1,1,0,2,3,2],2,0].
[[2,7,2,1,2,2,2,1,0],4,0].
[[1,8,0,1,2,2,2,1,0],5,18].
[[1,8,1,1,2,0,1,1,2],3,2].
[[2,5,0,1,1,0,1,1,1],1,0].
[[3,6,1,1,2,0,2,2,0],3,0].
[[2,7,1,1,1,2,1,2,2],4,1].
[[1,6,1,0,0,0,2,3,0],4,0].
[[2,2,1,0,0,0,2,3,0],1,0].
[[3,2,1,0,0,0,1,2,0],1,0].
[[1,8,0,1,1,2,2,2,1],2,4].
[[2,6,0,1,1,2,2,2,1],0,2].
[[1,9,2,1,2,0,2,2,1],1,12].
[[2,9,1,1,1,0,2,2,1],1,2].
[[3,8,0,1,1,0,2,2,1],0,1].
[[3,7,1,0,0,0,2,1,0],9,6].
[[1,8,1,1,1,2,1,1,1],2,1].
[[2,4,2,1,2,0,1,1,1],5,0].
[[2,7,2,0,0,0,1,2,0],0,1].
[[1,8,1,1,2,0,2,1,1],2,4].
[[2,8,1,1,1,0,2,3,2],0,1].
[[2,7,2,1,2,2,1,2,2],20,3].
[[3,3,2,1,2,2,1,2,2],7,0].
[[2,7,1,0,0,0,2,2,0],9,5].
[[3,7,0,1,2,2,2,1,0],0,8].
[[2,7,1,1,2,2,2,3,0],16,8].
[[3,3,1,1,2,0,2,3,2],3,0].
[[3,8,1,1,1,0,2,2,1],2,3].
[[2,6,0,0,0,0,1,2,2],1,1].
[[3,6,0,0,0,0,1,2,2],0,1].
[[3,7,1,1,2,0,2,1,0],6,6].
[[2,7,0,1,1,2,2,3,2],0,3].
[[3,8,0,0,0,0,2,3,1],0,8].
[[3,8,0,1,1,0,1,2,2],0,13].
[[3,3,1,1,1,2,2,3,0],5,0].
[[3,6,1,1,2,2,2,1,2],1,1].
[[2,7,1,0,0,0,1,2,0],6,2].
[[2,8,1,1,1,0,1,2,1],2,2].
[[2,9,2,1,1,0,2,2,0],0,1].
[[3,7,0,1,2,2,2,3,2],0,7].
[[2,9,2,1,2,0,1,1,2],3,8].
[[3,9,0,1,1,2,2,3,0],0,17].
[[1,8,1,1,2,0,1,1,0],1,1].
[[2,7,2,1,2,0,2,3,2],8,4].
[[3,7,0,1,2,2,1,2,1],0,7].
[[3,7,0,1,1,2,2,3,1],1,3].
[[2,8,0,0,0,0,2,1,2],0,14].
[[3,7,0,1,2,2,1,1,0],0,4].
[[3,7,1,1,2,0,2,2,2],8,4].
[[3,9,0,1,1,0,1,1,0],0,5].
[[2,4,2,1,2,0,2,1,0],22,1].
[[2,6,1,1,2,2,2,1,1],5,0].
[[2,7,0,0,0,0,0,0,0],0,11].
[[3,7,0,1,2,0,2,2,0],0,3].
[[2,7,2,1,1,0,1,1,2],0,1].
[[3,7,2,1,1,0,1,2,1],0,2].
[[2,8,1,1,1,0,2,3,1],4,0].
[[1,8,1,1,1,2,2,1,1],8,2].
[[2,8,1,1,1,2,2,1,1],4,4].
[[2,6,1,1,2,2,2,1,0],3,0].
[[3,6,1,1,2,2,1,1,0],2,0].
[[3,6,0,1,2,2,1,2,1],0,3].
[[3,7,2,1,1,0,0,0,0],0,1].
[[3,7,1,1,1,0,2,2,2],3,5].
[[2,7,2,0,0,0,2,3,0],11,0].
[[3,7,2,1,2,2,2,3,0],17,1].
[[2,8,0,1,2,0,2,1,0],1,5].
[[3,8,0,1,2,0,2,1,0],0,19].
[[2,5,0,1,2,2,1,2,1],24,0].
[[3,7,0,1,2,2,1,2,2],0,3].
[[2,6,1,1,2,2,2,1,2],5,0].
[[1,4,2,1,2,0,1,1,2],5,0].
[[2,9,2,1,1,2,2,2,1],0,3].
[[2,7,1,1,2,0,2,1,0],0,4].
[[2,9,2,1,1,2,2,3,2],2,11].
[[3,7,0,1,1,2,2,1,2],1,1].
[[2,6,1,0,0,0,1,2,1],4,1].
[[2,7,1,1,2,2,2,1,1],6,4].
[[3,8,0,1,2,2,2,1,1],0,2].
[[2,8,1,1,2,0,1,1,2],6,4].
[[2,7,0,1,2,2,2,2,1],0,2].
[[2,7,0,1,1,2,2,1,0],0,1].
[[3,7,0,1,1,2,1,1,0],0,3].
[[3,8,1,1,2,0,2,3,2],1,2].
[[1,8,1,1,2,2,1,1,0],6,1].
[[3,7,0,1,2,2,1,2,0],0,4].
[[2,7,2,1,1,2,1,1,2],4,1].
[[1,7,1,0,0,0,2,3,0],3,2].
[[2,8,0,1,2,2,2,1,1],0,6].
[[1,7,2,1,2,0,2,3,0],2,1].
[[2,7,2,1,2,0,2,3,0],3,1].
[[3,7,0,1,2,0,2,1,2],0,2].
[[1,9,2,1,2,0,2,3,1],2,15].
[[2,7,1,0,0,0,2,2,1],6,5].
[[3,7,1,0,0,0,1,1,1],3,1].
[[3,7,2,1,2,0,1,2,1],8,2].
[[2,9,2,1,1,2,1,2,1],7,2].
[[2,6,1,1,2,0,1,1,1],0,1].
[[3,6,1,1,1,0,1,1,1],0,1].
[[3,9,1,1,1,0,1,2,0],0,13].
[[1,6,1,0,0,0,2,3,1],6,0].
[[2,7,0,1,2,2,2,3,0],0,3].
[[3,5,0,1,2,0,1,1,2],6,1].
[[2,8,0,1,2,0,1,2,1],2,3].
[[3,7,1,1,1,0,1,2,1],2,1].
[[3,6,1,1,2,0,2,3,2],6,0].
[[3,7,2,1,2,0,2,2,0],11,0].
[[2,9,1,1,2,2,1,1,1],0,8].
[[3,8,0,1,1,0,1,1,1],0,1].
[[2,3,1,1,2,2,0,0,0],6,0].
[[3,3,1,1,1,2,0,0,0],6,1].
[[2,4,2,1,2,0,2,1,1],8,0].
[[3,5,0,0,0,0,1,2,2],3,0].
[[1,9,2,1,2,0,1,2,0],0,4].
[[2,8,1,1,1,0,2,2,1],0,1].
[[3,7,1,1,1,0,2,2,1],1,1].
[[2,6,1,0,0,0,2,1,0],1,0].
[[1,8,1,1,1,2,1,2,2],9,3].
[[3,7,0,1,2,0,0,0,0],0,5].
[[3,6,1,1,2,2,0,0,0],3,0].
[[2,7,0,1,2,2,2,3,2],0,3].
[[3,3,0,1,1,2,2,3,2],0,1].
[[2,6,1,1,2,0,2,3,1],4,1].
[[2,8,1,1,1,0,1,2,0],0,2].
[[3,7,1,0,0,0,2,1,1],1,4].
[[2,9,2,1,2,2,1,1,1],3,3].
[[3,9,1,1,1,2,1,1,1],1,4].
[[3,8,1,1,2,0,2,2,1],6,4].
[[3,7,1,1,1,2,2,1,2],6,2].
[[3,7,2,0,0,0,2,3,0],4,0].
[[1,5,0,1,2,2,1,1,0],1,0].
[[2,5,0,1,2,2,1,1,0],3,1].
[[3,7,0,1,2,0,2,3,2],0,3].
[[3,2,0,1,1,2,2,2,1],0,1].
[[2,7,2,1,2,0,2,2,0],3,0].
[[3,7,2,1,2,2,1,1,0],2,0].
[[3,4,2,1,2,0,2,2,2],10,4].
[[3,7,2,0,0,0,1,2,0],6,0].
[[3,7,2,1,2,0,2,3,2],6,1].
[[1,8,0,1,2,2,2,1,1],1,2].
[[3,6,0,0,0,0,2,1,0],0,2].
[[3,8,1,1,2,2,2,2,2],1,2].
[[3,3,1,1,2,2,1,1,2],5,0].
[[3,5,0,1,1,0,1,2,1],5,1].
[[3,6,0,1,2,2,1,2,0],0,5].
[[1,7,1,0,0,0,2,1,1],3,0].
[[3,7,1,0,0,0,2,2,1],8,3].
[[2,3,2,0,0,0,2,2,2],6,0].
[[3,3,2,1,2,0,2,2,2],5,0].
[[3,7,0,1,2,2,2,1,1],1,2].
[[1,7,2,1,2,2,2,3,2],7,5].
[[1,6,1,0,0,0,1,2,1],1,0].
[[2,6,1,1,2,0,1,2,1],1,0].
[[3,8,1,1,1,0,2,3,2],3,1].
[[3,6,1,1,2,2,1,1,2],7,0].
[[2,7,0,0,0,0,2,2,2],0,1].
[[2,8,0,1,2,0,1,2,2],1,13].
[[3,9,1,1,2,0,1,1,0],0,15].
[[1,8,0,1,1,2,2,1,2],6,0].
[[2,7,2,1,1,2,2,3,2],5,2].
[[3,7,2,1,1,2,2,1,0],3,3].
[[3,6,1,1,2,0,1,2,0],5,0].
[[3,7,0,1,2,2,2,2,1],0,7].
[[3,7,0,1,2,0,1,2,2],0,5].
[[1,7,2,1,2,2,1,2,1],1,0].
[[2,7,2,1,2,2,1,2,1],3,2].
[[3,6,1,1,1,0,2,3,0],0,2].
[[1,7,1,0,0,0,2,3,1],4,2].
[[2,9,2,1,2,0,2,2,0],2,15].
[[3,3,2,1,2,2,0,0,0],5,0].
[[2,7,1,1,2,0,2,2,2],4,4].
[[2,6,1,0,0,0,1,1,0],1,0].
[[3,6,1,0,0,0,1,1,0],2,0].
[[2,6,0,1,2,2,2,2,2],1,3].
[[3,7,2,1,1,0,1,2,2],4,6].
[[3,5,0,1,2,0,1,1,0],3,1].
[[2,9,1,1,1,2,1,1,1],2,3].
[[3,7,1,0,0,0,1,2,1],8,3].
[[3,3,2,0,0,0,2,3,0],2,0].
[[3,7,0,1,1,2,2,2,2],0,6].
[[2,7,1,1,2,0,2,1,1],2,0].
[[3,6,0,1,2,2,2,3,0],0,21].
[[3,3,1,1,1,2,2,1,0],2,0].
[[1,6,0,1,2,2,0,0,0],5,5].
[[2,6,0,1,2,2,2,3,2],1,2].
[[2,5,0,1,2,0,2,3,0],4,0].
[[3,5,0,1,2,0,2,3,0],10,0].
[[3,6,1,1,1,2,0,0,0],0,2].
[[1,4,2,1,2,0,2,2,1],3,1].
[[3,7,2,1,1,2,2,2,2],8,0].
[[1,6,1,1,2,2,2,1,2],1,1].
[[2,6,1,1,2,2,1,1,2],4,0].
[[3,3,2,1,2,2,1,1,2],3,0].
[[1,4,2,1,2,0,1,2,0],4,0].
[[2,1,2,1,2,0,1,2,0],2,0].
[[3,1,1,1,2,0,1,2,0],2,0].
[[2,8,0,1,1,2,2,1,2],3,8].
[[3,6,0,1,1,2,2,1,2],0,5].
[[2,7,2,1,1,2,2,3,0],2,0].
[[3,7,2,1,1,2,2,3,0],2,1].
[[1,7,2,1,2,0,2,2,1],2,0].
[[2,7,2,1,1,0,2,2,1],1,0].
[[3,3,2,1,1,0,2,2,1],1,0].
[[3,3,2,1,2,0,2,3,1],2,0].
[[3,9,0,1,1,2,2,1,0],0,10].
[[2,3,1,1,2,2,2,2,2],2,0].
[[1,5,0,0,0,0,1,1,1],3,0].
[[1,4,2,1,2,0,2,1,1],3,0].
[[2,7,2,0,0,0,2,3,1],4,1].
[[3,7,2,1,2,2,2,3,1],7,0].
[[3,3,2,1,2,0,2,2,0],1,0].
[[3,5,0,1,1,0,2,3,0],1,1].
[[2,3,1,0,0,0,0,0,0],2,1].
[[3,5,0,1,1,2,1,2,2],1,0].
[[2,7,1,1,2,0,2,2,1],4,1].
[[3,6,1,1,1,0,1,2,0],1,0].
[[2,7,1,1,1,2,2,1,1],1,2].
[[3,7,2,1,1,0,1,2,0],1,1].
[[2,8,0,1,2,0,2,2,2],1,7].
[[2,8,0,1,2,2,1,1,1],0,4].
[[1,6,1,1,2,2,2,2,1],1,0].
[[2,8,0,0,0,0,2,1,1],0,3].
[[3,8,0,0,0,0,2,1,0],0,13].
[[2,3,2,1,2,0,0,0,0],2,0].
[[3,3,2,1,2,0,0,0,0],5,0].
[[3,7,0,1,2,0,2,2,2],0,2].
[[2,7,0,1,2,2,2,1,2],0,2].
[[1,5,0,1,2,2,1,1,1],10,1].
[[3,8,0,1,1,0,1,2,1],0,3].
[[3,9,0,0,0,0,1,1,1],0,3].
[[1,8,0,1,2,2,1,2,0],3,6].
[[3,3,2,1,2,2,2,2,2],7,0].
[[2,7,2,0,0,0,2,1,0],5,1].
[[3,7,2,0,0,0,1,1,0],1,0].
[[2,9,1,1,1,0,1,2,0],0,2].
[[2,7,2,1,2,2,2,3,1],9,2].
[[3,3,1,1,2,2,2,2,0],3,0].
[[3,4,2,1,2,0,2,1,1],3,0].
[[2,9,2,1,2,0,1,2,1],0,3].
[[3,7,0,1,2,2,2,3,1],0,5].
[[1,6,1,0,0,0,1,1,2],2,0].
[[2,6,1,0,0,0,1,1,2],3,0].
[[3,3,1,1,2,0,1,2,2],3,0].
[[3,7,0,1,1,2,1,2,1],0,4].
[[3,9,0,0,0,0,1,2,1],0,7].
[[1,7,2,1,2,0,2,3,2],5,0].
[[3,5,0,1,1,0,1,1,0],1,2].
[[3,7,0,0,0,0,2,2,2],0,2].
[[2,7,2,1,2,2,2,2,1],4,0].
[[2,9,2,1,1,2,2,2,2],0,3].
[[3,8,0,1,1,2,2,2,2],0,7].
[[2,7,1,1,1,2,2,1,0],6,1].
[[2,7,2,1,2,0,2,1,2],2,1].
[[3,3,2,1,2,0,2,1,2],2,0].
[[3,7,1,1,2,0,1,1,2],6,1].
[[3,5,0,1,1,2,2,1,0],1,0].
[[1,7,2,1,2,0,0,0,0],4,2].
[[1,6,1,1,2,2,2,3,2],8,0].
[[2,6,1,1,1,2,1,2,2],2,0].
[[1,8,0,1,1,2,1,1,0],0,1].
[[2,8,0,1,1,2,1,1,0],5,5].
[[2,7,2,1,1,2,2,2,2],5,0].
[[2,6,0,1,1,2,0,0,0],3,2].
[[1,7,2,0,0,0,1,2,2],12,3].
[[2,9,2,0,0,0,2,2,2],0,6].
[[3,9,0,1,1,0,2,3,0],0,2].
[[2,6,1,1,2,2,1,2,2],4,0].
[[2,5,0,1,2,0,1,2,2],2,0].
[[3,3,2,1,2,2,2,2,1],2,0].
[[3,9,1,1,1,0,1,2,1],0,7].
[[3,8,0,0,0,0,2,2,1],0,6].
[[3,6,1,1,2,0,2,3,0],8,1].
[[3,6,1,1,2,2,1,1,1],3,0].
[[3,3,1,1,2,2,2,3,1],6,3].
[[3,2,1,1,2,0,2,2,0],1,0].
[[3,6,0,1,1,2,2,3,0],0,4].
[[1,7,2,1,2,2,1,2,2],2,0].
[[2,7,2,1,1,2,1,2,2],2,0].
[[2,7,1,0,0,0,2,1,1],4,4].
[[1,6,1,1,2,2,2,1,1],2,0].
[[2,3,1,1,2,2,2,1,1],2,0].
[[2,7,2,1,2,0,2,1,0],0,1].
[[2,7,2,0,0,0,1,1,2],6,3].
[[3,8,0,1,2,0,2,2,2],0,1].
[[3,9,1,0,0,0,0,0,0],0,1].
[[3,7,2,1,2,0,2,2,2],8,1].
[[3,3,1,0,0,0,2,3,2],2,0].
[[2,6,0,1,1,2,2,2,2],1,2].
[[3,6,0,1,1,2,1,2,2],0,3].
[[3,6,1,1,1,2,2,2,2],6,1].
[[3,9,1,1,2,2,1,1,1],0,4].
[[3,7,2,1,2,0,2,1,2],2,0].
[[2,5,0,1,1,0,1,1,0],1,0].
[[2,9,2,1,1,0,1,1,2],0,1].
[[2,6,0,0,0,0,2,3,0],0,3].
[[3,6,0,0,0,0,1,2,0],0,1].
[[3,3,1,0,0,0,1,1,2],3,0].
[[3,8,1,1,1,0,1,1,1],0,1].
[[1,7,2,1,2,2,2,1,2],4,1].
[[3,6,0,1,1,2,2,2,2],0,3].
[[3,7,1,1,2,2,1,1,1],4,8].
[[3,3,2,1,2,0,1,2,2],3,0].
[[3,9,0,0,0,0,1,2,2],0,3].
[[3,7,0,0,0,0,2,2,1],0,3].
[[2,5,0,1,1,2,1,1,0],3,0].
[[2,5,0,1,1,2,2,3,0],14,0].
[[3,7,0,1,1,2,2,2,1],0,4].
[[3,7,1,1,1,2,1,1,1],4,2].
[[2,6,1,1,2,0,1,2,2],1,1].
[[3,1,2,1,2,0,1,2,1],2,0].
[[2,9,1,1,1,2,2,1,1],1,0].
[[2,9,1,1,2,2,2,1,1],0,1].
[[2,3,2,0,0,0,2,3,0],1,0].
[[3,3,2,1,2,0,2,3,0],3,0].
[[1,8,0,1,1,2,1,1,2],2,3].
[[2,9,2,1,2,0,1,1,1],1,1].
[[3,8,0,1,2,0,1,1,1],0,3].
[[3,7,1,1,1,2,2,1,0],10,4].
[[1,7,2,0,0,0,2,1,2],5,1].
[[2,9,2,1,1,0,1,1,0],0,1].
[[2,9,2,1,1,2,2,1,1],1,4].
[[3,7,2,1,1,2,1,2,1],4,1].
[[3,6,1,0,0,0,2,2,1],5,0].
[[3,8,0,1,1,0,1,1,2],1,3].
[[3,7,2,0,0,0,1,1,1],2,1].
[[3,3,1,1,2,0,0,0,0],3,1].
[[1,6,1,0,0,0,1,2,2],1,1].
[[3,6,1,1,1,0,1,2,2],0,1].
[[3,7,0,1,1,2,1,2,0],0,3].
[[3,6,0,1,2,2,2,2,0],0,8].
[[1,9,2,1,2,0,2,1,1],0,3].
[[2,8,1,1,1,0,1,1,2],1,2].
[[3,8,1,1,1,0,1,1,2],3,6].
[[3,8,0,1,2,0,2,2,1],0,3].
[[2,8,0,0,0,0,1,1,1],0,2].
[[3,6,1,1,1,2,2,1,1],4,0].
[[2,9,2,1,1,0,2,3,2],0,1].
[[3,8,0,1,1,0,2,3,2],0,1].
[[3,7,2,0,0,0,2,3,1],2,1].
[[3,7,2,1,1,0,2,2,0],1,3].
[[2,6,0,1,2,2,2,3,0],0,4].
[[2,3,2,1,2,2,2,3,2],2,0].
[[2,7,0,1,2,2,1,2,2],2,0].
[[3,3,1,0,0,0,2,2,0],2,0].
[[3,6,0,1,2,2,2,1,2],0,3].
[[3,6,0,1,1,2,0,0,0],0,3].
[[2,7,2,1,1,2,0,0,0],2,2].
[[1,3,2,0,0,0,2,3,2],1,0].
[[2,3,2,1,2,0,1,2,2],3,0].
[[1,7,1,1,2,2,1,2,1],2,0].
[[2,3,1,1,2,2,1,2,1],2,0].
[[3,3,1,1,2,2,1,2,1],2,0].
[[1,4,2,1,2,0,2,2,2],6,0].
[[2,7,0,0,0,0,2,3,0],0,1].
[[3,7,0,0,0,0,2,3,0],0,6].
[[2,5,0,1,2,0,1,1,2],5,0].
[[3,8,0,1,2,0,2,3,2],0,3].
[[3,9,1,1,1,2,0,0,0],0,4].
[[1,6,0,0,0,0,2,2,2],0,1].
[[3,6,0,1,2,0,2,2,2],0,2].
[[3,7,2,1,2,0,1,2,0],2,1].
[[3,7,2,0,0,0,1,1,2],4,5].
[[2,8,1,1,1,0,0,0,0],0,1].
[[2,6,0,0,0,0,2,2,1],0,2].
[[3,6,0,0,0,0,2,2,1],0,1].
[[2,9,1,1,2,0,2,2,1],0,8].
[[2,1,2,1,2,0,1,1,1],1,0].
[[3,1,2,1,2,0,1,1,1],5,0].
[[3,6,0,1,2,2,2,1,0],0,3].
[[2,7,2,1,2,0,0,0,0],3,1].
[[1,7,2,1,2,2,2,2,0],1,0].
[[2,9,2,1,2,0,1,2,0],0,8].
[[3,6,1,1,1,2,1,1,0],1,0].
[[3,6,1,1,2,0,2,3,1],5,1].
[[2,7,2,1,2,0,1,2,1],2,0].
[[3,5,0,1,1,0,1,2,0],0,3].
[[2,9,1,0,0,0,1,1,1],0,5].
[[2,7,1,1,2,2,1,1,1],5,2].
[[3,3,2,0,0,0,2,2,2],6,0].
[[2,6,0,1,2,2,2,1,2],0,3].
[[3,6,0,1,2,2,1,2,2],0,5].
[[1,7,1,1,2,2,2,3,1],8,0].
[[3,9,1,1,2,2,2,3,1],0,3].
[[3,8,0,0,0,0,2,2,2],0,2].
[[2,3,1,1,2,2,2,2,1],1,0].
[[1,7,2,1,2,0,2,1,0],1,1].
[[2,7,2,1,1,0,1,1,0],0,1].
[[3,4,0,1,2,0,1,1,0],0,1].
[[2,5,0,1,1,0,2,2,0],0,2].
[[3,5,0,1,1,0,2,2,0],1,3].
[[2,9,2,1,2,0,2,2,2],1,2].
[[2,6,1,1,2,0,2,3,2],4,0].
[[3,7,2,1,1,0,1,1,0],1,0].
[[3,6,1,0,0,0,2,1,0],4,0].
[[3,3,1,1,1,2,1,1,1],1,0].
[[2,3,1,0,0,0,2,2,2],1,0].
[[2,7,2,1,2,2,2,1,2],7,1].
[[1,8,1,1,1,2,2,1,0],3,0].
[[2,6,1,1,1,2,2,1,0],1,0].
[[2,7,1,0,0,0,1,2,1],4,3].
[[2,2,1,0,0,0,2,2,0],1,0].
[[3,2,1,1,2,0,2,3,0],1,0].
[[3,7,0,0,0,0,2,1,0],0,3].
[[2,9,1,1,2,0,0,0,0],0,5].
[[2,7,2,0,0,0,1,1,1],2,1].
[[3,7,2,1,2,0,1,1,1],1,2].
[[2,5,0,1,2,0,1,1,1],6,0].
[[1,7,2,1,2,0,2,2,0],1,0].
[[3,3,2,1,2,2,2,2,0],1,0].
[[2,6,1,0,0,0,2,1,1],1,0].
[[3,3,1,0,0,0,2,1,1],1,0].
[[3,2,1,0,0,0,0,0,0],1,0].
[[3,6,1,1,1,2,1,1,2],1,0].
[[3,6,1,1,2,0,1,1,0],2,0].
[[3,8,1,1,1,2,2,2,2],0,2].
[[2,6,0,1,1,2,2,3,0],1,0].
[[3,6,1,0,0,0,2,1,2],5,0].
[[3,7,2,1,1,2,2,3,1],5,2].
[[3,2,1,0,0,0,1,1,1],1,0].
[[2,8,0,1,2,0,1,2,0],0,5].
[[2,7,1,1,1,2,1,2,1],2,1].
[[2,6,1,1,2,2,2,3,2],15,0].
[[3,6,1,1,2,0,2,2,2],7,0].
[[3,3,2,1,2,2,2,1,2],3,0].
[[3,3,1,0,0,0,0,0,0],1,1].
[[1,7,2,0,0,0,1,1,1],2,0].
[[3,6,1,1,1,0,2,3,1],1,1].
[[2,7,1,1,1,2,2,1,2],5,1].
[[3,3,2,1,2,0,2,3,2],3,0].
[[3,3,2,1,2,2,2,3,0],3,0].
[[1,7,1,1,2,2,2,3,0],1,0].
[[1,7,1,0,0,0,1,1,2],0,1].
[[2,7,1,1,2,0,2,1,2],1,1].
[[3,3,1,1,2,0,2,1,2],1,0].
[[2,3,1,0,0,0,2,1,2],1,0].
[[3,7,1,0,0,0,0,0,0],2,5].
[[2,6,1,1,2,0,2,1,1],1,0].
[[3,6,1,1,2,0,2,1,1],1,1].
[[2,7,2,0,0,0,1,2,1],4,1].
[[2,9,2,1,2,0,2,1,1],0,2].
[[3,7,0,0,0,0,2,1,2],0,1].
[[3,4,0,1,2,0,1,1,1],0,1].
[[2,7,1,1,2,0,1,1,2],1,0].
[[3,7,1,0,0,0,2,1,2],1,2].
[[3,3,2,0,0,0,2,3,2],3,0].
[[2,9,2,1,1,0,1,2,0],0,1].
[[3,8,0,1,1,0,2,2,2],0,1].
[[1,7,1,0,0,0,2,1,0],0,1].
[[1,6,1,1,2,2,2,2,2],4,0].
[[2,8,0,1,2,0,2,1,2],0,5].
[[3,7,1,1,1,2,2,1,1],1,4].
[[3,2,1,0,0,0,2,2,0],2,0].
[[2,7,2,1,1,2,2,1,2],1,1].
[[3,7,2,1,1,2,2,1,2],3,1].
[[3,6,1,1,2,0,1,1,2],4,0].
[[3,8,1,0,0,0,2,3,1],1,4].
[[3,9,0,1,1,0,1,2,2],0,2].
[[3,6,0,1,2,2,2,3,2],0,3].
[[2,6,0,1,1,2,2,1,2],1,1].
[[3,3,2,0,0,0,2,2,0],1,0].
[[1,8,0,1,1,2,2,1,1],1,1].
[[3,9,1,1,1,2,2,2,1],0,2].
[[3,8,1,1,1,2,2,1,1],0,5].
[[2,8,0,1,2,0,2,1,1],1,2].
[[3,6,0,1,2,0,2,1,1],0,1].
[[3,3,1,1,1,2,2,3,1],5,1].
[[3,8,0,0,0,0,0,0,0],0,5].
[[1,7,2,1,2,0,2,2,2],3,0].
[[2,7,2,1,1,0,2,2,2],3,0].
[[3,7,2,1,1,0,2,2,2],2,0].
[[2,8,1,1,2,0,1,1,1],1,5].
[[3,9,1,1,1,2,2,3,1],0,1].
[[2,7,0,1,2,2,2,3,1],0,1].
[[3,5,0,0,0,0,1,1,0],2,2].
[[1,5,0,1,1,2,2,3,0],3,0].
[[3,6,1,1,1,0,2,2,0],0,1].
[[3,8,0,1,2,0,2,1,1],0,1].
[[3,7,2,0,0,0,1,2,1],5,1].
[[2,6,1,1,1,2,2,1,1],2,0].
[[2,7,0,1,1,2,2,2,2],0,1].
[[3,3,1,1,1,2,2,2,0],1,0].
[[3,7,1,1,1,0,1,2,0],1,1].
[[1,7,1,1,2,2,2,1,0],0,1].
[[2,7,1,1,2,2,1,1,0],1,1].
[[3,3,1,1,2,2,2,2,1],2,1].
[[2,7,1,1,1,2,1,1,2],0,1].
[[3,7,2,1,1,0,2,3,0],3,2].
[[3,7,0,1,2,0,1,2,0],0,1].
[[1,7,2,1,2,0,1,2,2],1,3].
[[2,7,2,1,2,2,1,1,1],1,1].
[[3,6,1,1,2,2,2,1,1],2,1].
[[2,6,0,1,2,2,2,3,1],0,1].
[[3,6,0,1,1,2,2,3,1],0,3].
[[2,6,1,1,1,2,0,0,0],1,1].
[[3,7,2,1,2,0,0,0,0],1,0].
[[1,5,0,1,1,2,1,2,0],1,0].
[[3,1,2,1,2,0,1,2,0],2,0].
[[2,3,2,1,2,0,2,2,2],1,0].
[[3,6,0,0,0,0,1,1,1],0,1].
[[2,8,0,1,1,2,1,1,1],0,1].
[[2,7,0,1,1,2,1,2,0],0,1].
[[3,3,1,0,0,0,2,2,2],2,0].
[[3,9,0,0,0,0,2,3,0],0,2].
[[1,7,1,0,0,0,2,2,0],0,3].
[[1,7,1,0,0,0,2,2,1],1,0].
[[3,3,0,1,2,2,2,2,0],0,1].
[[2,5,0,0,0,0,1,1,0],2,0].
[[2,9,2,0,0,0,1,1,0],1,4].
[[3,3,1,1,2,2,1,1,1],1,0].
[[2,5,0,1,1,0,1,2,1],1,0].
[[2,9,1,1,1,0,2,1,0],0,5].
[[2,6,1,1,1,2,2,3,0],1,0].
[[3,2,1,1,1,2,2,3,0],1,0].
[[2,9,1,1,1,0,1,2,2],0,2].
[[2,6,0,1,1,2,2,2,0],0,2].
[[3,8,0,0,0,0,2,3,2],0,2].
[[2,6,0,1,2,2,1,1,2],1,0].
[[3,7,1,1,1,0,1,1,1],1,0].
[[2,3,2,0,0,0,1,2,2],1,0].
[[3,3,2,0,0,0,1,2,1],2,0].
[[3,3,1,1,2,0,1,2,1],1,0].
[[2,6,1,1,1,2,2,2,2],3,1].
[[1,5,0,1,2,0,2,2,0],1,0].
[[2,8,1,1,1,0,2,2,2],4,2].
[[3,3,1,0,0,0,2,3,0],4,0].
[[3,3,1,1,1,2,2,1,1],1,0].
[[2,6,1,1,2,0,2,1,0],1,0].
[[2,6,0,1,1,2,2,3,2],2,3].
[[3,3,1,1,1,2,2,1,2],0,2].
[[2,6,0,1,2,2,1,2,2],2,0].
[[3,3,1,1,2,2,1,2,2],6,0].
[[3,4,0,1,2,0,1,2,0],0,1].
[[3,7,2,1,1,2,2,3,2],1,2].
[[2,3,2,1,2,2,2,3,1],1,0].
[[3,6,1,0,0,0,2,3,2],6,0].
[[3,7,0,0,0,0,0,0,0],0,3].
[[2,6,1,1,2,0,2,2,0],2,0].
[[3,7,1,1,1,0,1,1,0],0,2].
[[2,3,2,1,2,2,0,0,0],3,0].
[[2,9,1,1,1,0,2,3,1],0,2].
[[3,4,0,1,2,0,1,2,2],0,3].
[[3,9,1,0,0,0,2,2,1],0,1].
[[3,8,0,0,0,0,2,1,1],0,1].
[[3,1,2,1,2,0,2,3,0],1,0].
[[1,5,0,1,2,2,1,2,0],3,0].
[[2,7,1,1,2,0,2,3,0],2,2].
[[2,9,2,0,0,0,1,1,1],0,1].
[[3,9,1,0,0,0,1,1,1],0,1].
[[3,7,1,1,1,0,2,3,2],1,2].
[[3,7,0,1,1,2,1,1,2],0,6].
[[3,7,1,1,1,0,1,1,2],0,1].
[[2,7,2,1,1,0,1,2,1],0,1].
[[3,7,2,1,1,0,1,1,1],0,2].
[[3,7,1,1,2,0,2,1,1],0,3].
[[2,7,2,1,1,2,2,2,1],1,0].
[[3,7,2,1,1,2,2,2,1],3,0].
[[3,6,1,0,0,0,2,1,1],1,0].
[[1,4,2,1,2,0,2,1,2],2,1].
[[3,6,1,0,0,0,1,1,2],1,0].
[[2,7,1,1,2,0,1,1,0],0,1].
[[3,6,0,1,2,0,0,0,0],0,1].
[[2,5,0,1,1,2,2,1,0],1,0].
[[3,9,0,1,2,0,2,1,0],0,2].
[[1,5,0,1,2,0,1,1,1],2,0].
[[3,3,1,1,1,2,2,2,2],1,0].
[[2,9,2,1,2,0,2,2,1],1,2].
[[2,9,1,1,1,0,1,2,1],0,1].
[[3,9,0,1,1,0,1,2,1],0,1].
[[2,9,2,1,1,0,0,0,0],0,1].
[[1,9,2,1,1,2,1,1,1],2,0].
[[2,7,0,0,0,0,2,1,2],0,1].
[[3,7,2,1,1,0,2,3,1],1,1].
[[1,7,2,0,0,0,2,1,0],1,0].
[[3,3,2,1,1,2,2,3,2],2,0].
[[3,6,1,1,2,0,2,1,0],1,0].
[[3,3,1,1,1,2,1,2,2],2,0].
[[1,4,2,1,2,0,1,2,1],3,0].
[[3,9,0,1,2,0,1,1,1],0,2].
[[3,8,1,1,1,0,2,3,1],1,1].
[[3,3,2,0,0,0,2,2,1],1,0].
[[1,7,1,1,2,2,2,1,1],3,1].
[[3,3,2,0,0,0,2,1,0],1,0].
[[3,3,1,1,1,2,2,3,2],1,0].
[[2,7,2,1,2,0,1,2,0],1,0].
[[3,3,2,0,0,0,2,1,2],1,0].
[[3,7,0,1,2,0,2,3,1],0,3].
[[1,6,0,1,2,2,2,1,2],0,1].
[[1,8,0,1,2,2,1,1,1],0,1].
[[1,6,1,1,2,2,1,1,1],1,0].
[[2,6,1,1,1,2,1,1,1],1,0].
[[3,6,1,1,1,2,1,1,1],1,0].
[[3,3,1,0,0,0,1,2,2],1,0].
[[3,3,1,1,2,2,2,1,1],1,0].
[[3,9,1,1,2,2,2,2,1],0,2].
[[2,3,1,0,0,0,2,2,1],1,0].
[[3,3,1,1,2,0,2,2,1],1,0].
[[3,7,0,0,0,0,2,2,0],0,4].
[[2,7,1,0,0,0,1,1,1],1,0].
[[1,7,2,0,0,0,2,2,0],1,0].
[[3,8,0,1,1,0,2,1,0],0,3].
[[3,6,0,1,1,2,2,2,1],0,2].
[[3,2,1,0,0,0,1,2,2],1,0].
[[2,7,0,1,1,2,2,2,0],0,1].
[[3,3,0,0,0,0,2,2,2],0,1].
[[2,6,1,1,1,2,2,3,1],1,0].
[[3,9,1,0,0,0,2,3,1],0,1].
[[2,9,1,0,0,0,2,1,1],0,1].
[[3,7,0,1,2,0,2,2,1],0,1].
[[1,5,0,1,2,2,1,2,1],1,0].
[[2,9,1,1,1,0,2,1,1],0,1].
[[2,9,1,1,1,0,2,3,0],0,1].
[[3,7,1,1,1,0,0,0,0],0,1].
[[3,2,1,1,2,2,0,0,0],1,0].
[[3,3,1,1,2,2,2,1,2],1,0].
[[2,8,1,1,1,0,1,1,0],0,1].
[[3,6,0,0,0,0,2,3,0],0,1].
[[2,7,0,0,0,0,2,3,2],0,1].
[[2,8,1,1,1,0,2,1,2],0,1].
[[2,3,2,0,0,0,2,1,2],1,0].
[[2,6,0,0,0,0,2,3,2],0,2].
[[2,8,1,1,1,0,2,1,0],1,0].
[[2,1,2,1,2,0,1,2,1],1,0].
[[3,3,0,1,1,2,2,2,0],0,1].
[[3,9,1,1,2,0,1,1,1],0,2].
[[2,3,1,0,0,0,2,3,1],1,0].
[[2,6,1,1,2,0,1,1,0],1,0].
[[3,2,0,1,1,2,2,2,0],0,1].
[[2,9,2,1,2,2,2,1,1],1,1].
[[3,9,1,1,2,2,2,1,1],0,1].
[[3,7,1,1,1,0,2,1,2],1,0].
[[2,6,1,1,1,2,2,2,0],1,0].
[[3,2,1,1,1,2,2,2,0],1,0].
[[3,8,1,1,2,0,2,2,2],1,0].
[[3,1,2,1,2,0,2,2,0],1,0].
[[3,3,2,0,0,0,2,3,1],1,0].
[[1,6,0,1,2,2,2,1,1],0,1].
[[2,6,0,1,2,2,1,2,1],0,1].
[[1,6,0,1,2,2,2,2,2],0,1].
[[2,7,2,1,1,2,2,3,1],1,0].
[[1,6,0,1,2,2,2,3,0],0,1].
[[3,6,0,1,2,0,2,3,1],0,1].
[[2,3,2,1,2,2,2,2,2],2,0].
[[2,9,1,1,1,0,0,0,0],0,1].
[[3,9,1,1,2,2,0,0,0],0,1].
[[1,3,2,0,0,0,2,2,2],1,0].
[[1,8,0,0,0,0,1,1,0],0,1].
[[2,3,2,1,2,0,2,3,2],1,0].
[[1,8,0,1,1,2,1,2,1],1,0].
[[3,6,1,1,2,0,0,0,0],1,0].
[[1,6,0,0,0,0,2,3,2],0,1].
[[2,7,0,1,2,2,1,1,2],0,1].
[[1,9,2,1,2,0,1,1,1],0,1].
[[2,8,0,1,2,0,1,1,1],0,1].
[[2,7,0,1,1,2,2,3,0],0,1].
[[1,7,2,1,2,2,2,2,1],0,1].
[[1,7,2,0,0,0,2,3,0],2,0].
[[3,3,2,1,2,2,1,1,1],1,0].
[[2,3,1,1,2,2,2,3,1],1,0].
[[2,6,1,1,2,0,2,3,0],1,0].
[[1,7,2,0,0,0,1,2,1],0,1].
[[3,9,1,1,2,0,0,0,0],0,1].
[[2,7,0,0,0,0,2,2,0],0,1].
[[3,9,1,1,2,0,2,2,1],0,1].
[[2,7,1,1,1,2,1,2,0],0,1].
[[1,5,0,1,2,0,1,1,2],1,0].
[[2,6,0,1,2,2,2,1,1],0,1].
[[3,3,0,1,2,2,2,1,1],0,1].
[[2,8,1,1,1,0,2,1,1],0,1].
[[3,8,0,1,2,2,2,2,2],0,1].
