total_WL(16990,18580).
[[1,8,1,0,0,0,2,2,1],612,321].
[[2,7,1,1,2,1,2,2,1],78,32].
[[3,7,1,1,2,1,2,2,1],275,115].
[[1,8,1,0,0,0,1,2,1],189,98].
[[2,8,1,1,2,0,1,2,1],84,58].
[[3,7,2,1,1,0,1,2,1],9,4].
[[2,7,1,1,2,0,2,2,1],19,5].
[[3,7,1,1,2,0,2,2,1],98,43].
[[1,6,1,0,0,0,0,0,0],309,16].
[[2,6,1,1,2,1,0,0,0],102,6].
[[3,6,1,1,1,1,2,1,1],12,2].
[[1,8,0,1,2,1,2,3,0],59,63].
[[2,8,0,1,2,1,2,3,0],187,323].
[[3,8,0,1,1,1,2,1,0],12,34].
[[1,9,2,0,0,0,2,1,1],400,636].
[[2,9,1,0,0,0,2,2,1],144,335].
[[3,8,1,1,2,0,2,2,1],92,72].
[[1,9,2,1,2,1,1,2,0],144,170].
[[2,9,1,1,2,1,1,2,0],250,432].
[[3,8,0,1,1,1,1,2,0],64,116].
[[1,8,0,1,2,1,0,0,0],231,401].
[[2,8,0,1,1,1,2,3,0],40,38].
[[3,8,0,1,1,1,2,3,0],46,180].
[[1,9,2,0,0,0,2,3,1],678,1285].
[[2,8,1,0,0,0,2,3,1],564,302].
[[3,6,1,0,0,0,2,3,1],55,4].
[[1,9,2,1,2,1,2,2,1],224,402].
[[2,8,0,1,2,1,2,2,1],134,210].
[[3,8,0,1,2,1,1,2,1],140,382].
[[1,9,2,1,2,1,2,1,0],75,118].
[[2,9,1,1,1,1,2,1,0],17,35].
[[3,9,1,1,1,1,2,1,0],1,13].
[[1,9,2,0,0,0,2,3,0],849,1300].
[[2,9,1,0,0,0,1,2,0],253,415].
[[3,9,1,1,2,1,1,2,0],210,647].
[[1,8,1,0,0,0,2,1,1],465,219].
[[2,8,1,0,0,0,1,1,1],131,111].
[[3,6,1,0,0,0,1,1,1],9,5].
[[1,9,2,0,0,0,2,2,1],550,994].
[[2,9,1,1,2,1,1,1,1],96,160].
[[3,8,0,1,2,1,1,1,1],54,148].
[[1,8,0,0,0,0,0,0,0],694,1142].
[[2,8,0,0,0,0,2,3,0],241,343].
[[3,8,0,0,0,0,2,3,0],65,194].
[[3,6,0,0,0,0,2,3,0],15,15].
[[2,8,1,0,0,0,2,2,1],446,234].
[[3,7,1,0,0,0,2,2,1],168,59].
[[2,6,0,1,2,1,0,0,0],23,35].
[[3,6,0,1,2,1,2,2,1],12,15].
[[3,8,0,1,2,1,1,2,0],214,330].
[[2,9,1,0,0,0,1,2,1],206,446].
[[3,9,1,1,2,1,1,2,1],137,616].
[[2,7,1,1,2,1,0,0,0],244,127].
[[1,8,1,1,2,1,2,3,1],249,102].
[[2,8,1,1,1,1,2,3,1],107,49].
[[3,4,1,1,2,0,1,2,1],111,29].
[[1,8,0,1,2,1,2,2,0],39,41].
[[2,8,0,1,2,1,1,1,0],21,47].
[[3,8,0,1,2,1,1,1,0],60,149].
[[1,7,2,0,0,0,2,2,1],55,11].
[[2,7,2,0,0,0,2,2,1],106,10].
[[3,7,2,0,0,0,2,2,1],62,2].
[[1,9,2,0,0,0,2,2,0],507,828].
[[2,8,0,1,2,1,2,2,0],112,201].
[[3,8,0,1,2,1,2,2,0],103,373].
[[2,8,0,0,0,0,0,0,0],130,388].
[[1,9,2,1,2,1,1,2,1],124,160].
[[2,9,1,1,1,1,1,2,1],78,100].
[[3,9,1,1,1,1,1,2,1],73,231].
[[2,7,0,1,2,1,0,0,0],34,35].
[[3,7,0,1,2,1,0,0,0],38,98].
[[1,8,1,0,0,0,1,1,1],61,66].
[[2,8,1,0,0,0,1,2,1],311,159].
[[3,8,1,0,0,0,1,2,1],236,131].
[[1,9,2,1,2,1,2,3,1],314,540].
[[2,9,1,1,2,1,2,1,1],140,268].
[[3,9,1,1,2,1,2,1,1],46,130].
[[1,9,2,0,0,0,1,2,0],313,416].
[[2,9,1,0,0,0,1,1,0],59,181].
[[2,9,1,1,1,1,1,1,1],16,37].
[[3,5,0,1,1,1,1,1,1],37,4].
[[2,8,1,1,2,1,2,3,1],465,260].
[[3,8,1,1,2,1,2,3,1],293,192].
[[2,9,1,1,2,1,2,2,1],124,354].
[[3,9,1,1,2,1,1,1,1],64,234].
[[1,9,2,0,0,0,0,0,0],466,1558].
[[2,9,1,0,0,0,2,3,0],246,627].
[[3,9,1,0,0,0,2,3,0],9,109].
[[1,8,0,1,2,1,2,2,1],42,51].
[[2,8,0,1,2,1,1,2,1],56,88].
[[1,8,1,0,0,0,2,3,1],773,322].
[[3,7,2,1,2,1,2,3,1],128,14].
[[3,9,1,1,2,0,2,2,1],9,46].
[[1,8,1,0,0,0,0,0,0],1754,1075].
[[2,8,1,0,0,0,0,0,0],205,195].
[[3,8,1,0,0,0,2,2,1],103,53].
[[2,9,1,0,0,0,2,3,1],143,393].
[[1,9,2,1,2,1,0,0,0],252,639].
[[2,9,1,1,2,1,0,0,0],6,117].
[[3,9,1,1,1,1,2,2,1],14,62].
[[1,9,2,1,2,0,2,2,1],25,51].
[[2,9,1,1,2,0,1,2,1],43,95].
[[3,9,1,1,2,0,1,2,1],50,148].
[[1,7,2,0,0,0,0,0,0],308,46].
[[2,7,1,0,0,0,0,0,0],363,191].
[[3,7,1,0,0,0,2,1,1],114,38].
[[3,8,1,0,0,0,2,3,1],144,96].
[[3,8,1,1,2,1,1,1,1],204,218].
[[1,8,1,1,2,1,0,0,0],652,363].
[[2,8,1,1,1,1,0,0,0],55,43].
[[3,4,1,1,2,0,2,3,0],56,11].
[[2,8,1,1,2,1,2,1,1],247,154].
[[3,8,1,1,1,1,1,1,1],61,67].
[[1,7,1,0,0,0,0,0,0],324,138].
[[2,7,1,0,0,0,2,2,1],121,46].
[[2,8,1,1,2,0,2,3,0],75,58].
[[3,8,1,1,1,0,2,3,1],13,22].
[[2,8,1,1,2,1,1,1,1],107,83].
[[2,8,1,1,2,0,2,1,1],96,64].
[[3,7,2,1,1,0,2,1,1],5,10].
[[1,6,0,0,0,0,0,0,0],41,33].
[[2,6,0,0,0,0,0,0,0],37,45].
[[3,3,1,0,0,0,0,0,0],44,6].
[[1,8,0,0,0,0,2,2,1],118,153].
[[2,8,0,0,0,0,1,2,1],56,93].
[[3,7,1,0,0,0,1,2,1],121,39].
[[3,7,1,1,2,0,0,0,0],56,38].
[[2,9,1,1,2,0,2,2,0],42,102].
[[3,9,1,1,2,0,2,3,1],9,41].
[[1,8,1,1,2,0,2,3,1],44,31].
[[2,8,1,1,2,0,2,3,1],136,112].
[[3,8,1,1,2,1,1,2,1],532,289].
[[2,8,0,0,0,0,2,2,1],148,238].
[[3,8,0,1,2,0,2,2,1],23,78].
[[3,8,0,1,2,1,2,1,1],110,212].
[[2,8,1,1,2,1,0,0,0],209,165].
[[3,7,2,1,1,1,2,2,1],34,3].
[[2,9,1,1,2,1,2,3,0],229,681].
[[1,8,1,1,2,0,2,3,0],20,10].
[[2,8,1,1,2,0,1,1,0],9,12].
[[3,7,1,1,1,0,1,1,0],2,1].
[[1,8,0,0,0,0,2,1,0],57,61].
[[2,7,1,1,2,1,2,1,0],14,7].
[[3,7,1,1,1,1,2,1,0],9,6].
[[3,8,1,1,1,1,2,1,1],82,65].
[[3,9,1,1,1,1,2,2,0],11,77].
[[3,8,0,0,0,0,1,2,0],98,135].
[[2,9,1,0,0,0,2,2,0],161,405].
[[3,8,0,1,2,0,2,2,0],34,71].
[[1,8,0,0,0,0,2,3,1],141,201].
[[3,8,0,1,2,0,1,2,1],41,96].
[[3,4,1,1,2,0,2,2,1],53,12].
[[1,9,2,1,2,1,1,1,0],24,59].
[[2,9,1,1,2,1,1,1,0],57,173].
[[3,9,1,1,2,1,1,1,0],44,222].
[[1,9,2,0,0,0,1,1,1],83,146].
[[3,7,1,0,0,0,1,1,1],35,12].
[[2,8,0,1,2,1,2,1,1],98,182].
[[3,8,0,1,1,1,1,1,1],18,47].
[[3,8,0,1,2,1,2,2,1],99,231].
[[2,8,1,0,0,0,2,2,0],180,100].
[[3,8,1,1,2,1,2,2,0],103,116].
[[1,8,1,1,2,0,0,0,0],84,90].
[[2,8,1,1,2,0,0,0,0],56,57].
[[3,8,1,1,2,0,2,2,0],40,49].
[[1,8,1,1,2,1,2,2,0],78,23].
[[2,8,1,1,2,1,2,2,0],167,84].
[[3,8,1,1,2,1,2,1,1],250,152].
[[2,9,1,1,2,1,1,2,1],191,467].
[[1,9,2,1,1,1,2,3,1],55,51].
[[2,8,0,1,1,1,2,3,1],29,43].
[[3,7,1,1,1,1,2,3,1],85,40].
[[1,8,0,0,0,0,2,3,0],208,165].
[[2,8,0,1,2,0,2,3,0],24,59].
[[3,7,1,1,2,0,1,2,1],77,20].
[[1,8,1,0,0,0,2,1,0],97,41].
[[2,7,2,0,0,0,1,1,1],20,11].
[[3,7,2,1,2,1,1,1,1],45,12].
[[2,8,1,1,2,1,2,2,1],399,208].
[[1,8,0,0,0,0,2,2,0],133,133].
[[2,8,0,0,0,0,2,2,0],130,223].
[[2,9,1,1,2,0,2,3,1],24,93].
[[3,9,1,1,2,0,1,1,1],24,73].
[[1,8,1,0,0,0,2,2,0],209,92].
[[2,9,1,1,2,0,1,1,0],17,32].
[[3,9,1,1,2,0,1,1,0],17,67].
[[3,7,1,0,0,0,2,3,1],176,84].
[[3,7,1,0,0,0,2,2,0],40,20].
[[2,8,0,1,2,0,2,2,0],18,26].
[[3,8,1,1,2,0,1,2,1],184,112].
[[3,7,1,1,2,1,0,0,0],207,101].
[[3,9,1,1,2,1,2,2,0],23,231].
[[2,8,1,1,1,1,2,2,1],94,42].
[[3,7,1,1,1,1,2,2,1],70,41].
[[2,8,1,0,0,0,2,3,0],267,166].
[[3,8,1,1,2,0,2,3,0],52,67].
[[3,8,0,1,2,1,2,3,0],164,535].
[[3,8,1,1,2,1,2,2,1],280,162].
[[1,9,2,1,1,1,1,2,1],18,15].
[[2,8,0,1,1,1,1,2,1],11,12].
[[3,8,0,1,1,1,1,2,1],52,121].
[[1,9,2,1,2,1,2,3,0],354,573].
[[3,9,1,1,1,1,1,2,0],85,232].
[[3,9,1,1,2,1,2,3,0],29,286].
[[2,9,1,0,0,0,1,1,1],71,185].
[[3,9,1,0,0,0,1,2,1],50,236].
[[3,8,1,1,2,1,1,1,0],80,85].
[[2,8,1,0,0,0,2,1,1],349,200].
[[3,8,1,1,2,0,1,1,1],60,70].
[[1,9,2,1,1,1,1,1,0],4,4].
[[2,9,1,1,1,1,1,1,0],23,35].
[[3,4,1,1,2,0,1,1,0],24,10].
[[1,9,2,1,2,0,2,3,1],21,65].
[[2,9,1,1,1,0,1,2,1],5,14].
[[3,9,1,1,1,0,1,2,1],5,42].
[[2,8,1,1,2,1,1,2,1],255,134].
[[3,8,1,1,1,1,1,2,1],154,107].
[[1,9,2,0,0,0,1,2,1],223,374].
[[2,7,1,0,0,0,2,2,0],35,13].
[[2,8,0,1,2,1,2,3,1],155,293].
[[2,9,1,0,0,0,0,0,0],2,101].
[[2,8,0,1,2,1,2,1,0],49,84].
[[3,8,0,0,0,0,2,2,0],50,137].
[[2,8,1,1,2,0,2,2,1],92,87].
[[2,7,1,0,0,0,2,1,1],90,30].
[[3,7,1,1,2,1,1,1,1],84,48].
[[2,7,1,0,0,0,2,3,1],155,54].
[[3,7,1,0,0,0,2,3,0],55,39].
[[3,7,2,1,2,1,2,2,1],105,8].
[[2,8,0,0,0,0,1,1,1],26,44].
[[3,8,0,0,0,0,1,1,1],29,61].
[[1,8,1,1,2,0,2,2,1],16,17].
[[2,8,1,1,2,0,1,1,1],25,31].
[[3,8,1,1,1,0,1,1,1],8,27].
[[3,8,0,0,0,0,2,2,1],53,99].
[[2,6,1,1,2,1,2,3,1],43,1].
[[3,6,1,1,2,1,2,2,0],31,3].
[[1,9,2,1,2,1,2,2,0],241,370].
[[3,7,0,1,2,1,2,2,0],26,34].
[[3,6,1,1,2,0,1,2,1],24,2].
[[1,9,2,0,0,0,1,1,0],95,161].
[[2,8,0,0,0,0,1,1,0],42,35].
[[3,8,0,0,0,0,1,1,0],32,41].
[[3,7,1,1,1,1,0,0,0],39,36].
[[2,9,1,1,1,1,2,2,0],64,97].
[[3,9,1,1,1,1,2,3,0],9,121].
[[3,8,0,0,0,0,1,2,1],70,161].
[[3,9,1,0,0,0,1,1,0],15,113].
[[3,6,0,1,2,1,2,3,1],23,30].
[[2,8,1,1,2,1,1,2,0],133,53].
[[3,8,1,1,2,1,1,2,0],292,146].
[[2,6,1,0,0,0,2,3,1],74,1].
[[3,3,1,1,2,1,2,3,1],44,4].
[[1,8,1,1,1,1,0,0,0],52,28].
[[3,8,1,1,1,1,2,2,1],112,68].
[[2,9,1,0,0,0,2,1,1],123,275].
[[3,9,1,0,0,0,2,1,1],20,60].
[[1,8,1,0,0,0,1,2,0],67,37].
[[3,8,1,1,1,1,1,2,0],87,40].
[[2,8,0,1,2,1,0,0,0],132,379].
[[3,7,1,1,2,1,2,2,0],88,52].
[[3,7,0,1,2,0,0,0,0],6,19].
[[1,8,0,1,2,1,2,3,1],50,61].
[[3,7,0,1,1,1,2,3,1],10,10].
[[3,7,0,0,0,0,0,0,0],14,29].
[[3,6,1,0,0,0,2,2,0],16,0].
[[2,9,1,1,2,0,2,1,1],34,75].
[[3,8,1,1,1,0,2,1,1],10,26].
[[1,9,2,1,1,1,0,0,0],37,51].
[[2,9,1,1,1,1,2,1,1],44,58].
[[3,4,1,1,2,0,2,1,1],41,4].
[[2,7,2,1,2,1,0,0,0],156,13].
[[1,9,2,1,2,1,2,1,1],190,325].
[[2,6,1,0,0,0,2,1,1],39,4].
[[3,6,1,1,2,1,2,1,1],52,2].
[[3,9,1,1,1,1,1,1,0],14,84].
[[3,7,1,1,2,1,1,2,1],196,72].
[[3,9,1,1,2,0,2,2,0],6,67].
[[3,8,1,1,2,1,2,3,0],146,205].
[[3,9,1,1,1,1,2,1,1],29,59].
[[2,8,0,0,0,0,2,3,1],187,322].
[[2,7,1,0,0,0,1,2,1],41,12].
[[2,9,1,1,2,1,2,1,0],48,132].
[[3,8,0,1,2,0,1,1,1],19,56].
[[2,9,1,1,1,1,1,2,0],71,81].
[[3,7,1,1,2,0,2,2,0],26,15].
[[3,3,1,1,2,1,0,0,0],74,9].
[[1,8,1,1,2,1,2,2,1],209,83].
[[1,8,1,1,2,0,2,2,0],10,3].
[[3,7,1,1,2,1,1,1,0],30,16].
[[2,9,1,1,2,1,2,3,1],149,482].
[[3,9,1,1,2,1,2,3,1],28,151].
[[3,7,2,0,0,0,1,2,1],48,5].
[[1,8,0,0,0,0,1,2,0],29,24].
[[2,8,0,0,0,0,1,2,0],118,76].
[[1,8,1,0,0,0,2,3,0],340,131].
[[2,8,1,0,0,0,1,2,0],144,53].
[[3,8,1,0,0,0,1,2,0],123,50].
[[1,9,2,0,0,0,2,1,0],198,305].
[[3,8,1,0,0,0,1,1,1],93,80].
[[2,9,1,1,2,1,2,2,0],166,479].
[[3,8,1,1,1,1,2,3,1],117,95].
[[2,8,0,1,1,1,2,2,0],21,25].
[[3,8,0,1,1,1,2,2,0],33,126].
[[2,7,2,0,0,0,2,3,1],102,11].
[[3,7,2,1,2,0,2,3,1],62,9].
[[3,6,0,1,2,1,2,3,0],17,31].
[[1,8,1,1,1,1,2,2,1],17,9].
[[3,9,1,1,2,1,0,0,0],0,10].
[[2,8,0,0,0,0,2,1,1],108,156].
[[3,6,0,1,2,1,2,1,1],12,14].
[[1,8,1,1,2,1,2,1,1],155,68].
[[1,6,1,0,0,0,2,1,1],13,2].
[[2,6,1,1,2,1,2,1,1],21,0].
[[3,6,1,1,2,1,1,1,1],20,4].
[[3,8,0,1,1,1,2,2,1],33,92].
[[3,8,0,1,2,1,2,3,1],132,383].
[[3,4,1,1,2,0,1,2,0],76,17].
[[3,7,1,1,2,1,2,1,1],179,91].
[[3,8,0,0,0,0,2,3,1],48,127].
[[2,8,0,1,2,0,0,0,0],13,60].
[[2,8,1,1,1,1,1,2,1],57,21].
[[3,5,0,1,1,0,1,1,1],6,6].
[[3,9,1,0,0,0,1,2,0],72,230].
[[3,9,1,1,2,1,2,2,1],35,144].
[[2,7,2,1,2,1,2,2,1],57,3].
[[2,7,0,0,0,0,0,0,0],28,56].
[[3,7,0,1,2,1,2,3,0],48,41].
[[3,8,0,1,2,0,2,3,1],25,94].
[[2,6,1,0,0,0,2,2,0],15,2].
[[3,6,1,1,2,0,2,1,1],21,3].
[[2,8,0,1,2,1,1,2,0],88,87].
[[3,6,1,1,2,0,1,1,1],8,8].
[[3,8,1,1,2,0,2,1,1],80,64].
[[3,7,1,1,2,1,1,2,0],82,11].
[[2,8,1,1,2,1,1,1,0],31,37].
[[1,8,1,1,1,1,1,1,1],3,2].
[[2,8,1,1,1,1,1,1,1],24,20].
[[3,7,1,1,2,0,2,3,0],38,31].
[[3,9,1,1,2,0,2,1,1],12,52].
[[3,6,1,0,0,0,2,1,1],27,1].
[[1,9,2,1,2,0,2,2,0],25,32].
[[3,6,0,1,2,1,2,2,0],9,18].
[[3,7,1,1,2,1,2,3,0],131,81].
[[2,9,1,1,2,0,1,2,0],66,107].
[[3,9,1,1,2,0,1,2,0],64,202].
[[3,8,0,1,2,0,1,2,0],71,77].
[[1,9,2,1,2,0,2,1,1],10,38].
[[3,9,1,1,1,0,1,1,1],2,18].
[[2,7,1,1,2,1,2,3,1],108,42].
[[3,7,1,1,2,1,2,3,1],345,164].
[[1,7,2,0,0,0,1,1,1],6,4].
[[2,7,2,1,2,1,1,1,1],9,5].
[[1,9,2,1,1,1,2,2,0],36,30].
[[1,7,2,1,2,1,1,2,1],3,0].
[[2,7,2,1,2,1,1,2,0],5,0].
[[3,3,2,1,2,1,1,2,0],2,0].
[[2,7,0,0,0,0,2,3,0],9,7].
[[3,7,0,0,0,0,2,3,0],25,34].
[[1,9,2,1,1,1,2,3,0],55,48].
[[2,9,1,1,1,1,2,3,0],78,131].
[[2,7,2,0,0,0,2,1,1],70,5].
[[3,7,1,1,2,0,2,1,1],80,29].
[[2,8,1,1,2,0,1,2,0],33,26].
[[3,8,1,1,2,0,1,2,0],98,58].
[[2,8,0,1,1,1,2,2,1],19,34].
[[1,8,1,1,2,1,2,1,0],38,9].
[[3,6,1,1,2,1,2,3,1],96,4].
[[2,7,2,1,2,0,0,0,0],42,14].
[[3,7,2,1,2,0,2,1,1],39,9].
[[2,9,1,1,2,0,2,3,0],50,180].
[[3,9,1,1,2,0,2,3,0],8,92].
[[3,6,1,0,0,0,1,2,1],43,0].
[[2,4,1,1,2,0,2,3,1],22,8].
[[2,9,1,1,1,0,2,3,1],0,3].
[[3,8,0,1,1,0,2,3,1],2,8].
[[1,9,2,1,2,0,2,3,0],40,63].
[[2,8,1,1,2,1,2,3,0],219,150].
[[3,8,1,1,1,1,2,3,0],42,70].
[[3,6,1,1,2,1,0,0,0],44,2].
[[1,7,1,0,0,0,2,2,1],17,7].
[[2,7,1,1,2,0,1,2,1],3,4].
[[3,8,1,1,1,1,1,1,0],21,37].
[[2,9,1,1,1,1,2,2,1],40,75].
[[2,7,1,1,2,1,2,3,0],49,11].
[[3,3,1,1,2,1,2,3,0],10,1].
[[2,7,2,1,2,1,2,3,1],70,10].
[[2,8,0,0,0,0,2,1,0],55,76].
[[3,9,1,1,1,1,1,1,1],20,90].
[[1,3,2,0,0,0,0,0,0],22,0].
[[2,3,2,1,2,1,0,0,0],23,0].
[[3,3,2,1,2,1,2,1,1],12,0].
[[3,8,0,1,2,0,1,1,0],13,31].
[[3,8,1,0,0,0,1,1,0],28,30].
[[3,5,0,1,2,1,1,2,0],90,3].
[[3,7,0,1,2,0,2,3,0],9,13].
[[2,8,1,1,1,1,2,1,1],51,39].
[[3,8,1,1,1,0,2,2,0],3,11].
[[3,5,0,0,0,0,1,1,1],36,6].
[[1,7,2,1,2,0,1,2,1],2,3].
[[2,7,2,1,2,0,1,2,1],13,6].
[[3,7,2,1,2,0,1,2,1],51,7].
[[1,9,2,1,2,0,0,0,0],21,79].
[[2,9,1,1,2,0,0,0,0],1,26].
[[3,8,0,1,2,0,0,0,0],0,24].
[[1,8,0,0,0,0,2,1,1],80,114].
[[2,6,0,0,0,0,2,1,1],4,3].
[[3,6,0,0,0,0,1,1,1],0,3].
[[1,7,2,0,0,0,2,1,1],35,4].
[[2,3,2,0,0,0,2,1,1],7,0].
[[3,3,2,0,0,0,2,1,1],9,0].
[[3,6,0,1,2,1,0,0,0],13,35].
[[2,8,1,1,1,0,2,1,1],3,5].
[[3,8,1,1,1,0,1,2,1],31,48].
[[3,5,0,1,1,0,1,2,0],8,1].
[[3,7,2,1,2,1,1,2,1],97,8].
[[2,8,1,1,1,0,2,3,1],6,14].
[[3,7,1,1,1,0,2,3,1],15,15].
[[1,8,1,1,2,1,2,3,0],108,36].
[[3,7,1,1,1,1,1,2,0],29,5].
[[2,8,1,1,2,0,2,2,0],39,22].
[[3,9,1,0,0,0,1,1,1],34,91].
[[3,7,2,1,2,0,2,2,1],46,5].
[[2,9,1,1,2,0,1,1,1],23,50].
[[3,8,1,1,2,0,2,3,1],116,76].
[[3,7,2,0,0,0,2,3,1],68,9].
[[2,8,1,0,0,0,1,1,0],34,32].
[[3,6,0,1,1,1,0,0,0],2,2].
[[3,8,0,1,2,0,2,1,1],29,55].
[[2,8,0,1,2,0,1,2,0],14,12].
[[3,7,0,1,2,0,1,2,0],4,3].
[[3,9,1,1,1,0,2,3,1],1,10].
[[3,3,2,1,2,1,1,1,1],3,0].
[[2,7,1,1,2,0,2,3,0],15,3].
[[1,8,0,1,2,1,2,1,0],19,14].
[[3,8,0,1,1,1,1,1,0],19,34].
[[2,8,1,0,0,0,2,1,0],56,33].
[[3,6,1,1,2,0,2,1,0],4,0].
[[2,7,1,1,2,1,2,2,0],31,10].
[[3,7,1,1,2,0,2,3,1],129,60].
[[3,6,0,0,0,0,2,1,1],7,4].
[[2,3,2,0,0,0,0,0,0],37,0].
[[3,3,2,1,2,0,2,3,1],16,0].
[[3,7,0,0,0,0,2,2,1],24,10].
[[3,6,1,0,0,0,2,3,0],20,0].
[[2,7,1,1,2,0,0,0,0],60,39].
[[3,5,0,1,2,0,1,1,1],29,8].
[[3,7,1,1,1,1,2,1,1],70,24].
[[1,7,2,1,2,1,2,2,1],12,4].
[[3,6,1,0,0,0,2,2,1],44,1].
[[3,8,0,1,2,0,2,3,0],32,156].
[[2,7,2,0,0,0,0,0,0],190,23].
[[3,7,2,0,0,0,2,1,0],5,0].
[[2,6,1,0,0,0,0,0,0],163,13].
[[3,6,1,1,2,0,0,0,0],14,3].
[[2,8,0,1,2,0,2,3,1],18,59].
[[3,8,1,0,0,0,2,3,0],57,103].
[[3,9,1,1,2,1,2,1,0],4,55].
[[1,8,0,1,2,1,1,2,0],7,9].
[[2,7,1,1,2,0,2,3,1],22,15].
[[3,3,1,1,2,0,2,3,1],10,2].
[[3,8,1,0,0,0,2,1,1],101,69].
[[3,3,1,1,2,1,1,2,1],10,1].
[[2,6,1,1,2,0,2,3,0],4,0].
[[3,6,1,1,2,0,1,2,0],6,0].
[[3,8,0,1,2,1,2,1,0],46,111].
[[2,9,1,1,1,1,2,3,1],54,76].
[[3,8,0,1,1,1,2,3,1],32,102].
[[1,9,2,1,2,0,2,1,0],3,17].
[[3,9,1,1,1,0,2,2,0],1,11].
[[3,8,1,1,1,1,2,1,0],12,15].
[[3,7,2,1,1,0,2,2,1],6,5].
[[2,9,1,0,0,0,2,1,0],49,160].
[[3,8,1,1,2,1,2,1,0],29,40].
[[3,8,0,1,2,0,2,1,0],8,36].
[[2,6,1,1,2,0,0,0,0],17,3].
[[3,2,1,1,2,0,0,0,0],2,0].
[[2,8,0,1,2,0,2,1,0],5,12].
[[3,6,0,1,2,0,2,1,0],0,2].
[[2,8,1,1,1,1,2,3,0],56,21].
[[3,6,1,1,1,1,2,3,0],18,1].
[[3,2,0,0,0,0,0,0,0],7,0].
[[3,9,1,0,0,0,2,3,1],8,47].
[[3,9,1,1,1,0,1,2,0],4,46].
[[3,7,1,0,0,0,0,0,0],90,55].
[[2,6,1,0,0,0,2,2,1],65,3].
[[3,3,1,0,0,0,2,2,1],17,3].
[[2,7,2,1,2,0,2,3,0],6,2].
[[2,7,0,1,2,1,2,2,1],5,6].
[[3,7,0,1,1,1,1,1,1],1,0].
[[3,7,0,1,2,1,2,2,1],30,31].
[[3,7,0,0,0,0,2,3,1],16,24].
[[1,7,2,1,2,1,0,0,0],82,7].
[[3,7,2,1,2,1,2,3,0],37,1].
[[2,9,1,1,1,1,0,0,0],7,10].
[[3,8,1,1,2,0,1,1,0],27,26].
[[3,5,0,1,2,1,1,1,1],111,6].
[[3,7,1,1,2,0,1,1,1],25,19].
[[3,6,0,0,0,0,2,3,1],9,13].
[[2,8,0,1,2,0,2,1,1],13,24].
[[3,8,0,1,1,0,1,1,1],3,6].
[[3,3,2,1,2,1,0,0,0],39,0].
[[2,7,1,1,2,0,2,2,0],4,4].
[[3,7,1,1,2,0,1,2,0],30,4].
[[3,7,2,1,1,1,2,3,1],38,6].
[[2,8,0,1,1,1,0,0,0],20,46].
[[3,8,0,1,1,1,2,1,1],42,82].
[[2,3,1,1,2,1,0,0,0],25,0].
[[3,8,0,1,2,1,0,0,0],4,81].
[[3,4,1,1,2,0,1,1,1],49,20].
[[3,8,1,1,1,0,1,1,0],4,8].
[[3,6,1,1,2,1,1,2,1],53,2].
[[1,8,1,0,0,0,1,1,0],19,13].
[[3,4,1,1,2,0,2,2,0],42,7].
[[3,7,0,1,2,1,2,1,1],18,33].
[[3,4,1,1,2,0,2,3,1],66,16].
[[3,7,0,1,1,1,2,3,0],8,9].
[[3,7,2,1,2,0,2,3,0],18,1].
[[2,7,2,0,0,0,2,3,0],20,1].
[[3,3,2,0,0,0,2,3,0],1,0].
[[2,6,1,1,2,0,2,3,1],15,2].
[[3,6,1,1,2,0,2,3,1],35,2].
[[3,7,2,1,1,1,1,2,1],36,8].
[[1,9,2,1,2,1,1,1,1],30,61].
[[1,6,1,0,0,0,2,2,1],19,3].
[[2,6,1,0,0,0,1,2,1],22,4].
[[3,6,1,1,2,1,2,2,1],75,4].
[[3,7,0,1,2,0,2,1,1],2,7].
[[2,7,1,1,2,1,2,1,1],85,18].
[[3,7,1,1,1,1,2,3,0],36,20].
[[3,9,1,0,0,0,2,2,0],11,77].
[[3,6,0,0,0,0,2,2,1],13,6].
[[2,7,1,1,1,1,0,0,0],33,9].
[[3,8,0,0,0,0,0,0,0],0,26].
[[3,7,0,1,1,1,2,2,1],4,10].
[[3,7,0,1,2,1,2,3,1],38,59].
[[3,3,2,1,2,1,2,2,1],17,0].
[[1,8,1,1,2,1,1,1,1],29,19].
[[1,6,1,0,0,0,2,1,0],2,0].
[[2,6,1,0,0,0,1,1,0],1,0].
[[3,6,1,0,0,0,1,1,0],5,0].
[[1,6,1,0,0,0,2,3,1],33,2].
[[2,8,0,1,2,1,1,1,1],20,30].
[[1,7,1,0,0,0,2,3,1],38,14].
[[2,7,1,1,2,1,1,2,1],38,12].
[[3,8,0,1,1,1,0,0,0],3,22].
[[3,6,1,1,1,1,2,2,1],20,0].
[[2,3,2,0,0,0,2,2,1],10,0].
[[3,3,2,1,2,1,1,2,1],14,0].
[[2,7,2,1,1,1,2,3,1],11,2].
[[3,7,2,1,1,1,1,1,1],16,5].
[[3,6,1,1,2,0,2,2,1],23,5].
[[2,6,1,1,2,1,2,2,1],28,0].
[[3,5,0,1,2,1,1,1,0],65,20].
[[1,8,1,1,2,1,1,2,1],51,23].
[[2,8,1,1,1,1,1,2,0],30,8].
[[2,7,2,0,0,0,1,2,1],39,8].
[[3,3,1,1,2,1,2,2,1],29,5].
[[2,7,2,1,1,1,0,0,0],18,3].
[[3,7,2,1,1,1,0,0,0],15,2].
[[3,7,0,0,0,0,2,1,1],4,11].
[[3,7,2,0,0,0,0,0,0],22,4].
[[1,9,2,1,1,1,2,1,1],36,26].
[[1,7,1,0,0,0,2,3,0],9,4].
[[2,8,1,1,1,1,2,2,0],23,13].
[[2,5,0,0,0,0,1,2,0],19,1].
[[1,6,1,0,0,0,2,2,0],11,1].
[[2,6,1,1,2,1,1,2,0],4,0].
[[3,3,1,1,2,1,1,2,0],6,0].
[[2,8,0,1,2,0,2,2,1],19,35].
[[2,7,1,0,0,0,2,3,0],61,23].
[[1,7,2,0,0,0,2,3,1],59,6].
[[2,3,1,0,0,0,0,0,0],46,5].
[[1,9,2,1,2,0,1,2,1],13,16].
[[2,8,1,1,1,1,2,1,0],11,3].
[[1,8,1,1,2,0,1,2,1],9,7].
[[2,8,1,1,1,0,2,2,0],3,2].
[[3,6,1,1,1,0,2,2,0],1,1].
[[3,7,2,0,0,0,1,1,1],31,12].
[[3,8,0,0,0,0,2,1,1],37,68].
[[2,5,0,0,0,0,1,1,0],23,2].
[[3,5,0,0,0,0,1,1,0],33,8].
[[2,8,1,1,1,0,2,2,1],5,9].
[[3,5,0,1,1,1,1,2,0],37,6].
[[2,7,1,0,0,0,2,1,0],19,7].
[[1,8,0,1,2,1,1,2,1],2,3].
[[3,7,0,1,2,1,1,2,1],16,13].
[[2,3,2,0,0,0,2,3,1],11,1].
[[3,2,1,0,0,0,2,3,1],5,0].
[[3,7,0,1,2,1,1,1,1],3,7].
[[3,8,1,1,1,0,2,2,1],14,30].
[[1,9,2,1,1,1,2,2,1],38,32].
[[2,4,1,1,2,0,1,1,1],10,2].
[[3,6,0,1,2,0,2,3,1],1,5].
[[2,5,0,1,2,1,1,1,1],26,0].
[[1,7,2,0,0,0,2,3,0],11,1].
[[2,3,2,0,0,0,2,3,0],3,0].
[[3,3,2,0,0,0,1,2,0],2,0].
[[3,7,1,0,0,0,1,2,0],54,4].
[[3,7,0,0,0,0,1,2,1],6,7].
[[1,8,1,1,2,0,2,1,1],18,18].
[[2,9,1,1,1,0,2,1,1],1,9].
[[1,6,1,1,2,1,2,2,1],8,0].
[[2,6,1,1,2,1,1,1,1],2,0].
[[2,6,1,0,0,0,1,2,0],9,1].
[[3,6,1,0,0,0,1,2,0],13,0].
[[3,7,2,1,2,1,0,0,0],52,1].
[[1,8,0,0,0,0,1,2,1],1,10].
[[3,7,1,1,1,1,1,2,1],47,18].
[[2,8,1,1,1,0,1,2,0],1,0].
[[3,7,1,1,1,0,1,2,0],4,1].
[[1,6,1,1,2,1,0,0,0],58,5].
[[3,7,1,1,2,0,1,1,0],8,9].
[[3,7,0,1,2,0,2,1,0],2,2].
[[3,5,0,1,2,0,1,2,0],27,2].
[[2,9,1,1,2,0,2,2,1],28,82].
[[2,7,1,0,0,0,1,1,0],3,2].
[[3,7,1,0,0,0,1,1,0],8,7].
[[3,7,1,1,1,0,0,0,0],4,3].
[[3,7,0,1,1,1,2,1,1],4,2].
[[1,9,2,1,2,0,1,2,0],8,15].
[[2,7,1,1,1,1,2,3,1],9,7].
[[1,8,1,1,1,1,2,2,0],4,2].
[[2,4,1,1,2,0,2,2,0],13,0].
[[3,6,1,1,2,1,2,3,0],35,0].
[[2,6,1,1,1,1,0,0,0],17,2].
[[3,4,1,1,2,0,0,0,0],6,6].
[[1,8,1,1,1,1,1,2,1],9,1].
[[3,6,1,1,1,1,1,2,1],9,2].
[[3,6,0,1,1,1,2,2,0],0,2].
[[3,8,0,1,1,0,1,1,0],2,3].
[[3,8,0,1,1,0,1,2,1],3,13].
[[2,9,1,1,2,0,2,1,0],6,40].
[[3,9,1,1,2,0,2,1,0],1,19].
[[2,8,0,1,1,1,2,1,0],9,4].
[[3,6,0,1,1,1,2,1,0],3,0].
[[3,9,1,0,0,0,2,2,1],15,46].
[[2,8,1,1,2,1,2,1,0],53,31].
[[3,6,1,1,2,1,2,1,0],13,0].
[[3,5,0,0,0,0,1,2,0],47,3].
[[1,9,2,1,1,1,2,1,0],12,8].
[[3,7,2,1,2,0,2,2,0],14,0].
[[2,7,0,0,0,0,2,3,1],8,8].
[[1,7,2,1,2,0,2,3,0],1,0].
[[2,6,1,1,2,1,2,2,0],15,0].
[[3,7,2,1,1,1,2,3,0],5,0].
[[3,6,1,1,1,1,2,3,1],19,2].
[[1,7,1,1,2,1,0,0,0],60,28].
[[3,7,1,1,2,1,2,1,0],38,18].
[[1,8,1,1,1,1,2,3,1],30,8].
[[3,3,2,0,0,0,2,2,1],12,0].
[[3,3,1,1,2,0,0,0,0],30,4].
[[3,6,1,0,0,0,2,1,0],12,0].
[[2,4,1,1,2,0,0,0,0],4,3].
[[2,8,1,1,2,0,2,1,0],14,23].
[[3,8,1,1,1,0,2,1,0],0,8].
[[3,5,0,1,2,0,1,1,0],21,8].
[[2,7,1,0,0,0,1,2,0],16,6].
[[3,7,0,0,0,0,1,2,0],15,5].
[[2,7,1,1,1,1,2,1,0],1,0].
[[1,9,2,1,1,1,1,2,0],9,20].
[[2,7,1,1,1,1,2,2,1],12,3].
[[3,8,1,0,0,0,2,1,0],7,13].
[[3,2,1,0,0,0,0,0,0],6,0].
[[2,6,0,0,0,0,2,3,0],13,7].
[[3,6,0,1,2,1,1,2,0],13,6].
[[1,6,1,0,0,0,1,2,1],6,1].
[[3,7,2,1,2,1,2,1,1],95,10].
[[2,8,0,1,1,1,1,1,1],4,2].
[[3,5,0,1,1,1,1,1,0],20,4].
[[2,7,1,1,2,0,2,1,1],12,8].
[[2,4,1,1,2,0,2,1,1],10,3].
[[3,8,0,1,1,0,2,2,0],3,12].
[[3,9,1,1,1,1,2,3,1],10,50].
[[3,2,1,1,2,0,2,3,1],1,0].
[[2,5,0,1,1,1,1,2,0],6,1].
[[2,7,1,1,1,1,2,1,1],5,2].
[[2,7,1,0,0,0,1,1,1],14,14].
[[1,2,1,0,0,0,0,0,0],6,0].
[[2,2,1,0,0,0,0,0,0],8,0].
[[3,2,1,1,2,0,2,1,1],1,0].
[[3,3,1,0,0,0,2,3,0],8,2].
[[2,8,0,1,1,1,1,2,0],8,12].
[[3,7,0,1,2,0,2,3,1],8,17].
[[2,8,0,1,1,1,1,1,0],7,7].
[[1,8,0,1,2,1,2,1,1],23,30].
[[2,8,0,1,1,1,2,1,1],10,26].
[[2,9,1,1,1,0,2,3,0],3,15].
[[3,8,0,1,1,0,2,3,0],4,25].
[[3,7,0,1,1,1,1,2,1],2,2].
[[2,7,2,1,1,0,0,0,0],5,1].
[[3,7,0,1,1,1,0,0,0],13,16].
[[3,8,1,1,1,0,1,2,0],10,27].
[[2,7,0,0,0,0,2,2,0],5,5].
[[3,7,0,0,0,0,2,2,0],12,20].
[[1,7,1,0,0,0,1,2,1],7,3].
[[3,3,1,1,2,0,2,1,1],4,1].
[[2,6,1,0,0,0,2,3,0],23,1].
[[3,7,2,0,0,0,2,1,1],56,2].
[[3,7,1,0,0,0,2,1,0],17,6].
[[2,8,0,1,2,0,1,2,1],10,12].
[[3,7,1,1,2,0,2,1,0],15,11].
[[2,6,0,1,2,1,2,3,0],6,4].
[[1,7,1,0,0,0,2,2,0],9,5].
[[3,7,0,1,2,1,1,1,0],7,7].
[[2,6,1,1,1,1,2,3,1],2,3].
[[3,3,2,1,1,1,2,3,1],3,0].
[[3,6,1,0,0,0,0,0,0],28,4].
[[3,8,0,0,0,0,2,1,0],9,39].
[[3,8,1,0,0,0,2,2,0],45,49].
[[3,3,1,0,0,0,2,2,0],2,0].
[[1,7,1,0,0,0,2,1,0],3,5].
[[3,7,0,1,2,1,1,2,0],27,10].
[[2,7,2,1,2,1,1,2,1],25,5].
[[3,7,0,0,0,0,2,1,0],8,3].
[[2,9,1,1,1,0,2,2,0],0,7].
[[1,7,2,0,0,0,1,2,1],13,6].
[[2,3,2,0,0,0,1,2,1],2,0].
[[3,3,2,0,0,0,1,2,1],6,0].
[[3,7,1,1,1,0,2,2,1],12,11].
[[2,7,0,1,2,1,2,1,0],2,1].
[[3,7,0,1,1,1,1,1,0],2,5].
[[3,4,1,1,2,0,2,1,0],11,5].
[[3,7,2,1,1,0,2,3,0],4,0].
[[3,3,2,0,0,0,0,0,0],22,0].
[[2,4,1,1,2,0,2,2,1],19,3].
[[3,7,2,1,1,0,1,1,1],5,5].
[[2,3,2,0,0,0,1,1,1],1,0].
[[3,3,2,0,0,0,1,1,1],4,0].
[[3,7,0,1,2,1,2,1,0],13,13].
[[3,9,1,1,1,0,1,1,0],4,13].
[[2,7,2,1,2,0,2,3,1],29,7].
[[2,6,0,0,0,0,2,2,1],7,9].
[[3,7,2,1,1,1,2,1,0],3,0].
[[3,6,1,1,2,0,2,3,0],8,1].
[[1,7,2,1,2,0,0,0,0],21,3].
[[2,7,2,1,1,0,2,1,0],1,0].
[[3,7,2,1,1,0,1,2,0],3,1].
[[1,3,2,0,0,0,2,3,1],3,0].
[[2,3,2,1,2,0,1,2,1],1,0].
[[3,3,2,1,2,0,1,2,1],8,0].
[[1,8,1,1,2,0,2,1,0],2,4].
[[2,7,2,1,2,1,2,2,0],8,0].
[[3,3,2,1,2,1,2,2,0],4,0].
[[3,7,2,1,2,1,2,1,0],10,0].
[[3,3,1,0,0,0,2,3,1],29,3].
[[3,9,1,1,1,0,2,3,0],0,13].
[[3,6,1,1,2,1,1,2,0],27,1].
[[1,7,1,1,2,1,2,2,1],7,0].
[[2,7,1,1,2,1,1,1,1],9,4].
[[3,7,2,1,2,1,1,2,0],26,0].
[[3,7,2,1,2,0,1,2,0],7,3].
[[2,6,1,1,1,1,2,1,1],2,2].
[[3,3,2,1,2,0,2,2,1],9,0].
[[3,6,1,1,2,0,2,2,0],10,1].
[[2,4,1,1,2,0,1,2,1],15,5].
[[3,7,2,0,0,0,1,2,0],6,2].
[[1,6,0,0,0,0,2,2,0],1,1].
[[2,6,0,1,2,1,2,2,0],4,3].
[[2,7,2,1,2,0,2,1,1],15,4].
[[3,3,1,1,2,1,2,1,1],21,4].
[[3,8,0,1,1,0,1,2,0],3,10].
[[2,7,0,0,0,0,2,1,1],2,2].
[[3,7,1,1,1,1,2,2,0],15,19].
[[3,7,2,1,2,1,2,2,0],14,2].
[[1,6,1,1,2,1,2,3,0],4,0].
[[2,6,1,1,2,1,2,3,0],22,0].
[[3,3,2,1,2,1,2,3,0],4,0].
[[2,9,1,1,1,0,1,1,1],1,2].
[[3,7,0,1,1,1,2,2,0],5,9].
[[3,6,0,1,2,1,2,1,0],4,5].
[[3,7,1,1,1,0,2,1,1],9,4].
[[3,6,0,0,0,0,2,2,0],6,7].
[[2,7,0,1,2,1,2,3,1],8,8].
[[3,7,1,1,1,0,1,2,1],3,11].
[[3,6,1,1,1,1,2,2,0],8,0].
[[1,7,2,1,2,1,2,3,1],13,2].
[[3,9,1,0,0,0,2,1,0],1,23].
[[2,7,0,0,0,0,2,2,1],7,2].
[[3,7,0,1,2,0,2,2,1],4,6].
[[3,6,0,1,1,1,1,2,1],1,2].
[[3,9,1,1,2,0,0,0,0],0,1].
[[3,7,2,0,0,0,2,3,0],14,3].
[[3,7,2,1,1,0,0,0,0],7,4].
[[1,8,1,1,2,1,1,2,0],25,12].
[[3,8,1,1,1,1,2,2,0],33,35].
[[2,5,0,1,1,1,1,1,0],4,0].
[[2,9,1,1,1,0,1,2,0],2,7].
[[3,3,1,1,1,1,0,0,0],11,0].
[[3,6,1,1,1,0,2,1,1],3,2].
[[3,7,1,1,1,0,2,1,0],2,6].
[[3,7,2,0,0,0,2,2,0],9,0].
[[3,8,1,1,1,0,2,3,0],10,18].
[[3,8,0,1,1,0,2,1,1],3,9].
[[3,3,2,0,0,0,2,3,1],16,0].
[[2,7,2,1,1,1,2,2,1],10,0].
[[3,3,2,1,1,1,0,0,0],8,0].
[[3,3,1,1,2,0,2,1,0],3,0].
[[2,7,1,1,1,1,2,3,0],5,0].
[[3,3,2,1,2,1,2,3,1],23,0].
[[2,6,0,1,2,1,1,2,0],1,1].
[[2,9,1,1,1,0,2,2,1],1,3].
[[3,6,0,1,2,0,2,2,1],0,6].
[[3,7,2,1,1,1,2,1,1],26,1].
[[1,7,1,0,0,0,2,1,1],12,3].
[[1,8,1,1,1,1,2,3,0],8,3].
[[2,7,2,1,2,0,1,1,1],4,4].
[[3,7,2,1,2,0,1,1,1],14,7].
[[2,7,1,1,1,1,1,2,0],1,1].
[[3,8,1,1,2,0,2,1,0],7,14].
[[3,3,2,1,2,0,0,0,0],15,0].
[[2,2,1,0,0,0,2,2,1],2,0].
[[3,2,1,0,0,0,2,2,0],3,0].
[[3,6,0,1,1,1,2,3,1],4,10].
[[3,3,1,1,2,0,2,3,0],5,0].
[[3,6,0,1,2,1,1,1,0],3,2].
[[1,7,1,1,2,1,2,1,0],1,0].
[[2,6,0,0,0,0,2,3,1],4,9].
[[2,7,1,1,2,0,1,1,0],0,1].
[[3,6,0,1,2,1,1,2,1],5,5].
[[2,7,0,1,2,1,2,3,0],6,5].
[[3,7,2,1,1,0,2,3,1],10,8].
[[1,7,2,0,0,0,2,1,0],3,0].
[[2,7,2,0,0,0,2,1,0],2,0].
[[2,5,0,1,2,1,1,1,0],13,6].
[[3,8,0,1,1,0,2,2,1],2,6].
[[2,3,1,1,2,1,2,2,1],2,0].
[[3,3,1,1,1,1,2,2,1],6,1].
[[2,3,1,0,0,0,2,3,1],8,0].
[[3,3,1,0,0,0,1,2,1],14,0].
[[3,6,1,1,1,1,1,2,0],8,0].
[[3,3,1,1,2,1,2,2,0],10,1].
[[3,7,0,1,1,1,1,2,0],3,1].
[[1,8,0,0,0,0,1,1,1],0,4].
[[1,7,2,1,2,0,2,3,1],2,3].
[[2,7,2,1,1,0,1,2,1],1,1].
[[2,7,2,0,0,0,1,2,0],7,3].
[[2,7,2,1,2,1,2,1,1],39,4].
[[3,7,1,1,1,1,1,1,1],24,13].
[[1,9,2,1,1,1,1,1,1],6,3].
[[2,5,0,1,1,1,1,1,1],11,1].
[[3,7,2,1,2,0,1,1,0],4,4].
[[3,7,2,1,2,0,2,1,0],3,0].
[[3,7,0,1,2,0,1,2,1],1,4].
[[2,8,1,1,1,0,1,2,1],5,10].
[[1,8,1,1,1,1,2,1,1],15,9].
[[2,6,0,0,0,0,2,2,0],4,4].
[[3,7,1,1,1,1,1,1,0],7,2].
[[2,6,0,1,2,1,2,1,0],2,0].
[[2,6,1,1,2,1,1,2,1],14,1].
[[3,6,1,1,1,1,0,0,0],13,2].
[[2,6,1,1,2,0,2,2,0],2,1].
[[3,9,1,1,1,1,0,0,0],0,3].
[[3,7,0,1,1,1,2,1,0],1,2].
[[2,3,2,1,2,0,0,0,0],11,0].
[[3,7,2,1,2,0,0,0,0],15,4].
[[3,4,0,1,2,0,2,1,1],0,1].
[[3,6,0,1,2,0,2,1,1],1,2].
[[3,6,0,0,0,0,0,0,0],3,11].
[[3,3,1,0,0,0,1,2,0],3,0].
[[1,8,0,0,0,0,1,1,0],8,9].
[[2,9,1,1,1,0,0,0,0],0,1].
[[2,6,0,1,2,1,2,3,1],6,4].
[[3,5,0,1,2,1,1,2,1],2,1].
[[2,7,1,1,2,1,1,1,0],3,2].
[[1,8,1,1,2,0,1,2,0],4,2].
[[2,7,1,1,2,0,1,2,0],3,0].
[[3,3,1,1,2,0,1,2,0],1,0].
[[3,6,1,1,1,1,2,1,0],2,1].
[[2,6,1,1,2,0,2,2,1],10,1].
[[1,8,1,1,2,0,1,1,0],2,1].
[[1,6,1,1,2,1,2,1,1],3,0].
[[3,3,2,1,2,0,2,1,1],7,0].
[[3,7,1,1,1,0,2,2,0],4,5].
[[2,7,2,1,2,1,2,3,0],14,0].
[[2,5,0,1,2,1,1,2,0],12,0].
[[2,5,0,1,2,0,1,1,0],3,2].
[[3,3,1,1,1,1,2,3,1],7,1].
[[1,8,1,1,2,1,1,1,0],1,5].
[[2,7,2,0,0,0,2,2,0],6,1].
[[1,6,1,0,0,0,2,3,0],11,0].
[[2,2,1,0,0,0,2,3,1],2,0].
[[3,2,1,0,0,0,1,2,1],1,0].
[[3,2,1,1,2,1,2,1,1],2,0].
[[3,6,0,1,1,1,2,1,1],2,1].
[[2,6,1,0,0,0,2,1,0],10,0].
[[2,3,1,0,0,0,2,1,1],2,1].
[[3,3,1,0,0,0,2,1,1],14,4].
[[1,8,1,1,1,1,2,1,0],2,0].
[[2,4,1,1,2,0,2,1,0],3,1].
[[3,3,1,1,2,1,1,1,1],5,0].
[[3,7,0,1,2,0,2,2,0],8,6].
[[3,6,0,0,0,0,2,1,0],1,3].
[[3,6,0,1,2,0,0,0,0],1,3].
[[3,6,1,1,1,0,1,1,1],2,0].
[[3,9,1,1,1,0,2,2,1],1,7].
[[2,7,1,1,2,0,1,1,1],4,1].
[[3,3,1,1,2,0,1,1,1],2,0].
[[2,4,1,1,2,0,2,3,0],17,6].
[[2,6,1,1,1,1,2,2,1],4,0].
[[2,6,0,1,2,1,2,2,1],1,3].
[[3,6,0,1,2,1,1,1,1],3,3].
[[3,9,1,0,0,0,0,0,0],0,5].
[[2,6,1,1,2,0,2,1,1],5,2].
[[2,5,0,0,0,0,1,1,1],18,2].
[[3,6,0,0,0,0,1,2,0],9,5].
[[3,7,2,1,1,0,2,2,0],3,0].
[[2,4,1,1,2,0,1,2,0],6,0].
[[2,3,2,1,2,1,2,2,1],2,0].
[[3,3,2,1,1,1,2,2,1],4,0].
[[1,7,2,0,0,0,2,2,0],1,1].
[[3,6,1,1,2,1,1,1,0],4,3].
[[3,7,0,0,0,0,1,1,0],3,4].
[[3,6,0,1,2,0,2,2,0],1,5].
[[2,5,0,1,2,0,1,1,1],5,2].
[[3,8,1,1,2,1,0,0,0],2,15].
[[3,1,1,1,2,0,1,1,1],1,0].
[[2,8,1,1,1,1,1,1,0],4,1].
[[3,6,1,1,1,0,2,3,1],4,1].
[[2,7,2,1,1,1,2,1,0],2,0].
[[3,4,0,1,2,0,1,2,1],0,5].
[[3,9,1,1,1,0,2,1,1],0,11].
[[2,7,2,1,2,0,2,2,0],5,0].
[[3,6,0,0,0,0,1,2,1],1,2].
[[2,7,2,1,2,0,2,2,1],14,4].
[[1,9,2,1,2,0,1,1,0],4,5].
[[2,7,1,1,2,0,2,1,0],3,6].
[[2,5,0,1,2,0,1,2,0],5,0].
[[3,7,2,1,2,1,1,1,0],4,6].
[[2,7,0,0,0,0,1,2,1],0,1].
[[2,8,0,1,2,0,1,1,0],2,4].
[[1,7,2,1,2,1,2,1,1],5,3].
[[2,7,2,1,1,1,2,1,1],2,0].
[[3,2,1,1,2,1,0,0,0],5,0].
[[2,7,0,1,2,1,1,2,0],1,1].
[[1,6,0,0,0,0,2,3,0],2,1].
[[1,6,1,1,2,1,2,3,1],4,0].
[[3,8,0,1,1,0,2,1,0],1,2].
[[3,2,1,0,0,0,2,2,1],2,0].
[[2,7,2,1,1,1,2,2,0],3,0].
[[2,6,0,0,0,0,2,1,0],1,3].
[[2,7,2,0,0,0,1,1,0],2,1].
[[2,3,1,0,0,0,2,2,1],2,0].
[[2,9,1,1,1,0,2,1,0],1,2].
[[3,9,1,1,1,0,2,1,0],1,2].
[[3,7,2,1,1,1,2,2,0],7,0].
[[2,7,1,1,1,1,2,2,0],1,0].
[[2,7,2,1,1,1,1,2,1],2,0].
[[1,7,1,1,2,1,1,2,1],1,1].
[[3,8,1,1,2,0,0,0,0],2,2].
[[1,7,1,1,2,1,2,1,1],3,1].
[[3,8,1,1,1,1,0,0,0],1,5].
[[1,9,2,1,2,0,1,1,1],4,9].
[[3,6,1,1,1,0,2,2,1],3,1].
[[2,8,1,1,1,0,2,1,0],0,4].
[[2,3,1,1,2,1,2,3,1],2,0].
[[3,3,1,1,1,1,1,2,1],1,0].
[[2,3,1,1,2,1,2,1,1],2,0].
[[3,6,0,1,2,0,1,2,1],1,1].
[[3,8,0,1,1,0,0,0,0],0,3].
[[2,7,0,0,0,0,2,1,0],5,3].
[[3,6,0,1,1,1,2,3,0],3,6].
[[3,3,2,1,2,0,2,3,0],2,0].
[[1,7,1,1,2,1,2,3,1],4,1].
[[3,3,0,1,2,1,0,0,0],0,3].
[[3,4,0,1,2,0,2,3,1],0,2].
[[2,8,1,1,1,0,0,0,0],1,4].
[[2,7,0,1,2,1,2,2,0],1,5].
[[3,2,1,0,0,0,2,1,1],2,0].
[[2,7,2,1,2,0,2,1,0],2,0].
[[2,7,1,1,1,1,1,1,1],2,2].
[[1,8,1,1,1,1,1,2,0],2,1].
[[3,3,2,1,2,0,1,1,1],1,0].
[[1,8,1,1,2,0,1,1,1],2,3].
[[2,7,1,1,1,1,1,2,1],4,3].
[[2,7,1,1,2,1,1,2,0],7,2].
[[3,5,0,1,1,0,1,1,0],3,2].
[[3,3,2,1,1,0,0,0,0],5,0].
[[2,6,1,1,1,1,2,3,0],2,1].
[[2,6,1,0,0,0,1,1,1],5,3].
[[2,7,0,1,2,1,2,1,1],3,1].
[[2,6,1,1,2,0,1,2,1],5,1].
[[3,5,0,1,1,1,1,2,1],2,1].
[[3,6,0,1,1,1,1,2,0],2,2].
[[2,8,0,1,2,0,1,1,1],2,8].
[[3,6,0,1,2,0,1,1,1],1,1].
[[3,6,0,1,1,1,2,2,1],3,4].
[[2,6,0,1,2,1,2,1,1],4,2].
[[2,8,1,1,1,0,2,3,0],2,8].
[[3,7,2,1,1,1,1,2,0],3,0].
[[2,3,2,1,2,1,2,1,1],4,0].
[[3,2,1,0,0,0,2,3,0],1,0].
[[3,3,1,1,1,1,2,1,1],2,1].
[[2,2,1,1,2,1,0,0,0],3,0].
[[3,8,1,1,1,0,0,0,0],0,1].
[[1,6,0,0,0,0,2,1,0],0,1].
[[2,6,0,0,0,0,1,2,0],0,1].
[[2,3,2,1,2,0,2,3,1],3,0].
[[2,5,0,1,1,0,1,1,1],1,0].
[[3,4,0,1,2,0,2,2,1],0,1].
[[3,6,0,1,2,0,2,3,0],3,6].
[[2,6,1,1,2,1,2,1,0],2,0].
[[1,6,1,0,0,0,1,1,1],1,1].
[[2,3,1,0,0,0,1,1,1],1,0].
[[1,6,1,1,2,1,2,2,0],0,1].
[[3,6,0,1,2,0,1,1,0],1,0].
[[2,7,2,1,2,1,2,1,0],1,0].
[[2,7,0,1,2,1,1,2,1],1,0].
[[3,3,0,1,2,1,2,3,0],0,2].
[[3,3,0,1,2,1,2,2,0],0,1].
[[1,7,2,1,2,0,2,2,1],3,0].
[[2,7,2,1,1,0,2,2,1],2,0].
[[1,7,2,1,2,1,2,3,0],4,0].
[[2,6,1,1,1,1,1,1,1],3,0].
[[3,6,1,1,1,1,1,1,1],5,0].
[[3,8,1,0,0,0,0,0,0],0,4].
[[3,2,1,1,1,1,0,0,0],2,0].
[[1,7,1,0,0,0,1,1,1],2,1].
[[2,7,2,1,1,1,2,3,0],2,0].
[[2,8,1,1,1,0,1,1,1],1,3].
[[1,7,2,1,2,0,2,1,1],3,0].
[[3,6,1,1,1,0,1,2,1],3,4].
[[3,7,1,1,1,0,2,3,0],2,4].
[[2,3,2,1,2,0,2,3,0],1,0].
[[3,3,1,1,2,0,2,2,1],5,0].
[[2,8,1,1,1,0,1,1,0],2,1].
[[2,3,2,1,2,1,2,3,0],1,0].
[[3,3,2,1,1,1,1,2,1],2,0].
[[3,3,1,1,2,0,2,2,0],3,0].
[[3,6,1,1,1,0,1,1,0],0,1].
[[3,3,2,1,1,0,2,2,1],2,0].
[[3,3,2,1,1,1,2,2,0],3,0].
[[1,7,2,1,2,1,2,1,0],1,0].
[[3,3,0,0,0,0,0,0,0],0,2].
[[2,2,1,0,0,0,2,1,0],1,0].
[[3,2,1,1,2,1,2,1,0],1,0].
[[3,6,1,1,1,0,2,3,0],0,1].
[[2,5,0,1,1,0,1,1,0],0,1].
[[3,4,0,1,2,0,1,1,0],0,1].
[[3,2,1,1,2,1,2,2,1],1,0].
[[2,9,1,1,1,0,1,1,0],1,1].
[[3,6,1,1,2,0,1,1,0],3,1].
[[2,2,1,0,0,0,2,2,0],1,0].
[[3,7,1,1,1,0,1,1,1],2,1].
[[2,7,2,1,1,0,2,3,1],3,0].
[[2,7,2,1,1,1,1,1,1],0,2].
[[3,7,2,1,1,1,1,1,0],0,2].
[[3,3,2,1,1,0,2,3,1],3,0].
[[2,6,1,1,2,0,1,2,0],3,0].
[[3,6,1,1,1,0,1,2,0],1,0].
[[3,3,2,1,1,1,2,1,1],2,0].
[[2,7,2,1,1,0,1,1,1],1,1].
[[2,3,1,0,0,0,2,3,0],1,0].
[[2,7,2,1,1,0,2,3,0],0,1].
[[3,7,0,1,2,0,1,1,1],1,0].
[[3,6,0,0,0,0,1,1,0],2,0].
[[2,7,2,1,2,1,1,1,0],0,1].
[[1,8,0,1,2,1,1,1,0],0,2].
[[2,3,1,0,0,0,2,2,0],2,0].
[[3,4,0,1,2,0,1,2,0],0,1].
[[2,6,1,1,1,1,2,2,0],1,0].
[[3,6,1,1,1,1,1,1,0],1,0].
[[3,2,1,1,2,1,1,2,1],1,0].
[[1,3,2,0,0,0,2,1,1],1,0].
[[3,2,0,1,2,1,0,0,0],0,1].
[[3,3,2,1,2,0,1,2,0],1,0].
[[2,2,0,0,0,0,0,0,0],2,0].
[[1,3,2,0,0,0,2,2,1],2,0].
[[2,4,1,1,2,0,1,1,0],1,0].
[[3,3,1,0,0,0,1,1,1],1,0].
[[2,5,0,1,1,0,1,2,0],1,0].
[[2,3,2,1,2,0,2,1,1],1,0].
[[3,3,1,1,1,1,1,1,1],1,0].
[[2,3,1,0,0,0,1,2,1],1,0].
[[2,6,1,1,2,0,2,1,0],1,0].
[[3,3,1,1,1,1,2,1,0],1,0].
[[3,1,1,1,2,0,1,1,0],1,0].
[[1,6,0,0,0,0,2,2,1],0,1].
[[2,6,0,1,2,1,1,2,1],0,1].
[[1,7,1,1,2,1,2,2,0],1,0].
[[3,3,1,1,2,1,2,1,0],1,0].
[[3,3,1,1,2,1,1,1,0],1,0].
[[3,3,2,1,1,0,2,1,1],1,0].
