total_WL(19019,16533).
[[1,9,2,0,0,0,1,2,1],372,425].
[[2,9,2,1,2,1,1,2,1],266,418].
[[3,9,2,1,2,1,1,2,1],160,369].
[[1,9,2,0,0,0,2,3,0],854,899].
[[2,9,2,1,2,1,2,3,0],244,398].
[[3,8,0,1,2,1,2,3,0],182,402].
[[1,9,2,0,0,0,2,2,1],823,1137].
[[2,8,0,0,0,0,2,2,1],229,314].
[[3,7,0,1,2,1,2,2,1],48,42].
[[1,9,2,0,0,0,0,0,0],396,1218].
[[2,9,2,1,2,1,2,2,1],151,328].
[[3,9,2,1,2,1,2,2,0],13,123].
[[1,9,2,0,0,0,1,1,1],138,169].
[[2,8,0,0,0,0,1,1,1],44,39].
[[3,6,0,0,0,0,1,1,1],4,1].
[[1,9,2,1,2,1,2,2,1],339,484].
[[3,9,1,1,1,1,1,2,1],48,143].
[[1,9,2,0,0,0,2,3,1],985,1513].
[[2,9,2,0,0,0,2,1,1],92,179].
[[3,8,1,1,2,0,2,1,1],83,33].
[[1,8,0,0,0,0,0,0,0],780,992].
[[2,7,1,0,0,0,2,2,1],138,54].
[[3,7,1,1,2,0,2,2,1],115,49].
[[1,8,0,1,2,1,0,0,0],279,317].
[[2,7,1,1,2,1,0,0,0],233,83].
[[3,7,1,1,2,1,0,0,0],111,52].
[[3,9,1,1,2,1,1,2,1],108,396].
[[2,9,2,1,1,1,2,2,1],42,71].
[[3,4,1,1,2,0,2,2,1],68,15].
[[1,9,2,1,2,1,2,3,1],463,607].
[[3,8,0,1,2,1,1,2,1],249,466].
[[1,8,1,0,0,0,2,2,1],766,296].
[[2,7,2,0,0,0,2,2,1],110,8].
[[3,7,2,0,0,0,1,2,1],89,1].
[[1,8,1,0,0,0,0,0,0],1608,731].
[[2,7,2,0,0,0,0,0,0],166,12].
[[3,7,2,1,2,0,2,3,1],85,8].
[[3,9,1,1,2,1,1,1,0],30,106].
[[1,9,2,0,0,0,2,1,0],299,298].
[[2,9,2,0,0,0,1,1,0],39,61].
[[3,8,0,0,0,0,1,1,0],11,30].
[[2,9,2,1,2,1,2,3,1],198,454].
[[3,8,1,1,2,1,2,3,1],418,205].
[[1,9,2,1,2,1,2,1,1],198,238].
[[3,8,0,1,1,1,1,2,1],90,152].
[[1,8,1,1,2,0,1,2,1],17,11].
[[2,6,1,1,2,0,1,2,1],2,0].
[[3,6,1,1,2,0,1,2,1],20,2].
[[1,8,1,0,0,0,1,2,1],246,120].
[[2,8,1,1,2,1,1,2,1],385,161].
[[3,8,1,1,1,1,1,2,1],265,159].
[[2,8,1,0,0,0,1,2,1],462,210].
[[3,8,1,1,2,1,1,2,1],787,369].
[[1,9,2,1,2,1,1,1,0],37,32].
[[2,9,1,1,2,1,1,1,0],17,41].
[[1,9,2,0,0,0,2,1,1],424,664].
[[2,9,1,1,2,1,1,1,1],28,52].
[[3,9,1,1,2,1,1,1,1],66,138].
[[1,7,2,0,0,0,0,0,0],322,34].
[[2,7,2,1,2,1,2,2,1],62,8].
[[3,7,2,1,2,1,2,2,1],141,14].
[[1,9,2,1,2,0,0,0,0],14,52].
[[2,9,2,1,2,0,2,2,1],35,89].
[[3,9,2,1,1,0,2,2,1],1,5].
[[2,9,2,0,0,0,1,2,1],280,439].
[[2,8,1,1,2,1,2,1,1],318,122].
[[2,8,0,1,2,1,2,2,1],187,275].
[[3,8,0,1,1,1,2,2,1],36,83].
[[2,8,0,1,1,1,2,1,0],17,12].
[[3,7,1,1,1,1,1,2,1],75,24].
[[1,8,1,0,0,0,2,3,1],1125,448].
[[2,8,1,0,0,0,2,3,1],721,329].
[[3,8,1,0,0,0,2,3,1],180,85].
[[2,8,0,0,0,0,2,1,0],68,59].
[[2,8,0,1,2,0,2,1,1],18,28].
[[3,7,1,1,1,0,2,1,1],5,3].
[[2,8,1,0,0,0,2,2,1],641,237].
[[3,6,1,0,0,0,2,2,1],57,1].
[[1,9,2,1,2,0,2,2,1],26,67].
[[2,9,2,1,1,0,2,3,1],1,12].
[[3,9,2,1,1,0,2,1,1],0,2].
[[2,8,0,1,2,1,2,3,0],218,231].
[[3,8,0,1,2,1,2,2,0],128,284].
[[1,8,1,0,0,0,2,3,0],242,59].
[[3,7,2,0,0,0,2,2,1],73,6].
[[2,9,1,0,0,0,2,3,0],38,82].
[[3,8,0,1,2,0,2,3,0],44,88].
[[2,8,0,0,0,0,0,0,0],90,349].
[[3,8,0,1,2,0,2,3,1],39,95].
[[3,8,1,0,0,0,2,1,1],80,39].
[[1,8,0,0,0,0,2,2,1],156,191].
[[1,8,1,1,1,1,2,3,0],7,2].
[[2,7,1,1,1,1,2,3,0],5,1].
[[3,4,1,1,2,0,2,2,0],44,4].
[[1,8,1,0,0,0,2,1,1],440,167].
[[2,8,1,0,0,0,1,1,1],144,107].
[[3,8,1,1,2,1,1,1,1],254,194].
[[2,9,2,1,2,1,1,2,0],154,145].
[[3,9,2,1,1,1,1,2,0],26,25].
[[1,9,2,1,2,1,0,0,0],189,539].
[[2,9,2,1,2,1,0,0,0],0,131].
[[3,9,2,1,2,1,2,3,0],26,175].
[[2,9,1,0,0,0,2,2,1],29,62].
[[3,8,0,0,0,0,2,2,1],67,111].
[[2,9,2,1,2,1,2,2,0],140,296].
[[3,8,1,1,1,1,1,1,1],82,73].
[[1,8,1,1,2,1,2,3,1],348,123].
[[1,8,1,1,2,1,0,0,0],563,239].
[[2,8,1,1,2,1,2,3,1],604,287].
[[3,7,2,1,2,1,2,3,1],167,12].
[[3,9,2,1,2,1,1,1,1],42,134].
[[1,8,0,1,2,1,1,2,0],10,6].
[[2,8,0,1,2,1,1,2,0],78,55].
[[3,8,0,1,2,1,1,2,0],226,203].
[[1,7,2,0,0,0,1,2,1],16,6].
[[2,7,1,0,0,0,1,2,1],56,12].
[[3,3,1,0,0,0,1,2,1],9,0].
[[1,9,2,1,2,1,2,2,0],255,272].
[[2,9,2,0,0,0,2,1,0],75,141].
[[3,8,0,0,0,0,2,1,0],22,54].
[[2,8,0,1,2,1,2,2,0],150,167].
[[3,7,1,1,2,1,2,2,1],337,122].
[[2,8,0,1,2,1,0,0,0],90,302].
[[3,8,0,1,1,1,2,2,0],42,80].
[[1,9,2,1,2,1,1,2,1],165,197].
[[2,8,0,1,2,1,1,2,1],87,121].
[[1,8,0,0,0,0,2,3,1],257,247].
[[2,8,0,0,0,0,1,2,1],116,113].
[[2,7,1,0,0,0,0,0,0],301,125].
[[3,7,1,1,2,0,2,3,1],135,69].
[[1,8,1,1,2,0,2,3,1],58,42].
[[2,8,1,1,2,0,2,1,1],76,49].
[[3,8,1,1,1,0,2,1,1],9,14].
[[2,8,1,1,1,1,2,3,1],117,65].
[[1,8,0,0,0,0,2,1,1],87,95].
[[2,8,0,0,0,0,2,1,1],127,143].
[[3,8,0,0,0,0,1,2,1],114,186].
[[2,9,2,1,1,1,2,1,1],31,33].
[[3,9,2,1,1,1,2,1,1],4,9].
[[3,8,0,0,0,0,2,1,1],38,69].
[[2,6,1,0,0,0,2,3,1],91,7].
[[3,6,1,0,0,0,1,2,1],44,0].
[[2,8,1,1,2,0,2,2,1],145,101].
[[1,6,1,0,0,0,0,0,0],289,13].
[[2,6,1,1,2,1,0,0,0],82,6].
[[3,6,1,1,2,1,2,1,1],60,2].
[[2,9,1,1,2,1,2,1,0],10,16].
[[3,9,1,1,2,1,2,1,0],1,38].
[[2,8,1,0,0,0,1,2,0],75,40].
[[3,7,1,0,0,0,1,2,0],39,7].
[[2,9,2,0,0,0,2,3,1],198,447].
[[1,8,1,1,2,0,0,0,0],99,41].
[[2,8,1,1,1,0,2,1,1],8,4].
[[3,8,0,1,2,0,2,1,1],18,41].
[[2,7,2,1,2,1,2,3,1],97,14].
[[3,7,1,1,2,1,2,3,1],465,163].
[[2,8,0,0,0,0,2,3,0],229,208].
[[3,8,0,0,0,0,2,3,0],93,166].
[[1,9,2,1,1,1,2,2,1],57,47].
[[2,9,1,1,1,1,2,2,0],12,7].
[[1,9,2,0,0,0,2,2,0],555,615].
[[2,9,2,0,0,0,2,2,0],140,255].
[[3,9,1,1,2,1,2,2,0],21,91].
[[2,7,0,0,0,0,2,3,1],8,7].
[[3,7,1,0,0,0,2,3,1],194,90].
[[2,8,0,1,1,1,2,3,1],50,40].
[[3,7,1,1,1,1,2,3,1],109,45].
[[1,9,2,0,0,0,1,2,0],279,238].
[[2,8,1,1,2,0,1,2,1],122,64].
[[3,8,1,1,1,0,1,2,1],48,65].
[[2,9,1,0,0,0,2,2,0],28,37].
[[3,5,0,0,0,0,1,2,0],60,1].
[[3,8,0,1,2,0,2,2,1],41,70].
[[3,5,0,1,2,1,1,2,1],9,1].
[[2,9,1,0,0,0,1,2,1],72,134].
[[2,9,2,1,2,0,2,3,0],47,111].
[[3,5,0,1,2,0,1,2,0],32,3].
[[3,8,1,0,0,0,2,2,1],134,81].
[[2,8,1,0,0,0,2,3,0],192,79].
[[3,6,1,0,0,0,2,3,0],20,0].
[[1,6,1,1,2,1,2,2,1],3,1].
[[2,6,1,1,2,1,2,2,1],40,3].
[[3,3,2,1,2,1,2,1,1],13,0].
[[1,7,2,1,2,1,0,0,0],68,4].
[[2,7,2,1,1,1,0,0,0],15,1].
[[3,7,1,1,1,1,0,0,0],21,12].
[[3,8,1,0,0,0,1,2,1],328,168].
[[3,6,1,1,2,0,2,3,1],37,4].
[[3,8,0,1,2,1,2,3,1],185,369].
[[2,7,2,0,0,0,1,2,1],61,8].
[[3,7,1,1,2,0,1,2,1],88,25].
[[2,9,2,1,1,1,2,3,0],67,68].
[[3,9,1,1,1,1,1,1,1],11,51].
[[2,8,1,1,2,1,2,2,1],525,233].
[[3,8,1,1,1,1,2,2,1],127,65].
[[3,9,1,1,2,0,2,3,0],10,49].
[[1,9,2,1,2,1,2,3,0],391,386].
[[2,9,2,1,1,1,1,2,1],77,91].
[[2,8,0,1,2,0,0,0,0],18,45].
[[3,8,0,1,1,0,2,3,1],2,18].
[[1,7,2,0,0,0,2,3,1],82,8].
[[2,7,2,1,2,0,2,3,1],36,2].
[[3,7,2,1,2,0,1,2,1],67,12].
[[3,8,0,1,2,1,0,0,0],0,96].
[[2,5,0,0,0,0,1,1,1],44,5].
[[3,5,0,0,0,0,1,1,1],67,3].
[[3,6,0,1,2,1,1,2,0],4,6].
[[3,7,2,0,0,0,0,0,0],20,5].
[[3,7,1,0,0,0,1,2,1],148,39].
[[3,5,0,1,2,1,1,1,1],145,10].
[[1,9,2,1,2,1,1,2,0],124,104].
[[2,8,1,1,2,1,1,1,1],116,82].
[[2,8,1,0,0,0,0,0,0],137,88].
[[2,9,1,0,0,0,1,2,0],85,137].
[[3,8,0,0,0,0,1,2,0],80,58].
[[3,9,2,1,2,0,1,2,1],39,115].
[[1,8,0,1,2,1,2,3,1],70,88].
[[2,8,0,1,2,1,2,3,1],250,345].
[[1,9,2,1,2,0,2,2,0],18,40].
[[2,9,2,1,2,0,2,2,0],39,82].
[[3,9,1,1,1,0,1,2,0],7,27].
[[2,5,0,1,2,1,1,2,0],19,1].
[[3,5,0,1,1,1,1,2,0],43,4].
[[3,9,1,1,2,1,2,2,1],19,76].
[[2,8,1,0,0,0,2,1,1],335,144].
[[3,8,0,1,2,1,2,1,1],83,167].
[[3,8,0,1,1,1,2,3,1],49,106].
[[3,8,1,1,2,1,1,1,0],50,42].
[[2,8,1,0,0,0,2,2,0],132,47].
[[2,8,0,1,2,0,2,2,1],32,43].
[[3,8,0,1,1,0,1,2,1],8,27].
[[1,8,1,1,2,1,1,2,1],91,46].
[[2,7,2,1,2,0,0,0,0],40,6].
[[3,7,2,1,1,0,2,2,1],8,9].
[[1,7,1,0,0,0,0,0,0],351,111].
[[3,7,1,1,2,1,2,1,1],215,58].
[[3,8,1,1,2,0,1,1,1],80,84].
[[1,8,1,1,2,0,1,1,1],6,0].
[[2,8,1,1,2,0,1,1,1],38,32].
[[3,8,1,1,2,0,1,2,1],257,146].
[[1,8,1,0,0,0,2,2,0],147,45].
[[2,8,1,1,2,1,1,1,0],22,20].
[[3,8,1,1,1,1,1,2,0],64,20].
[[1,9,2,1,2,1,2,1,0],155,129].
[[3,8,0,1,1,1,2,3,0],66,151].
[[3,8,1,1,2,0,2,3,1],130,69].
[[2,8,0,0,0,0,2,3,1],256,362].
[[3,8,1,0,0,0,2,1,0],10,6].
[[3,8,1,1,2,1,2,2,1],358,168].
[[1,8,1,1,2,1,2,2,1],305,84].
[[2,8,1,1,1,1,2,2,0],24,7].
[[3,7,2,1,1,1,2,2,0],1,0].
[[2,9,2,0,0,0,2,3,0],204,407].
[[3,9,2,0,0,0,2,3,0],5,45].
[[2,9,1,1,2,1,1,2,0],94,122].
[[3,9,1,1,2,1,1,2,0],165,263].
[[2,9,2,1,2,1,2,1,0],64,129].
[[3,8,0,1,2,1,2,1,0],53,113].
[[2,9,2,1,2,1,2,1,1],85,168].
[[3,8,1,1,2,1,2,1,1],212,115].
[[3,6,1,0,0,0,2,2,0],12,0].
[[3,9,1,0,0,0,1,2,0],49,120].
[[2,8,1,1,2,1,0,0,0],115,76].
[[3,8,1,1,1,1,2,1,1],79,42].
[[3,9,1,1,2,1,0,0,0],0,8].
[[3,7,0,1,2,1,2,3,0],62,40].
[[3,9,1,1,2,0,1,2,1],32,133].
[[2,8,0,0,0,0,2,2,0],140,156].
[[3,8,0,0,0,0,2,2,0],42,109].
[[3,7,1,0,0,0,2,1,1],95,33].
[[3,6,1,1,2,1,2,2,1],93,5].
[[1,9,2,1,2,0,1,2,1],17,26].
[[2,9,2,1,2,0,1,2,1],78,125].
[[3,8,0,1,2,0,1,2,1],65,114].
[[1,8,1,0,0,0,1,1,1],72,62].
[[3,7,1,0,0,0,1,1,1],44,26].
[[3,9,1,0,0,0,2,3,0],13,55].
[[3,9,1,1,2,1,2,3,0],21,153].
[[1,9,2,1,1,1,2,3,0],49,38].
[[2,8,0,1,1,1,2,3,0],41,33].
[[3,7,0,1,1,1,2,3,0],4,6].
[[1,9,2,1,2,0,2,3,0],26,56].
[[2,9,2,1,2,0,1,2,0],44,43].
[[3,9,1,1,2,0,1,2,0],37,105].
[[2,9,2,0,0,0,1,2,0],163,124].
[[3,9,2,1,2,1,1,2,0],88,86].
[[3,7,0,0,0,0,2,2,1],23,23].
[[2,7,1,1,2,1,2,3,1],156,52].
[[2,7,1,1,2,1,1,2,1],31,11].
[[3,7,1,1,2,1,1,2,1],283,88].
[[3,7,2,1,2,1,2,1,1],71,2].
[[2,9,1,1,1,1,1,1,1],10,14].
[[3,6,0,0,0,0,2,2,1],12,17].
[[3,9,1,1,1,1,2,3,0],7,61].
[[3,9,1,1,1,0,1,1,0],4,8].
[[2,7,1,1,2,1,2,2,1],115,31].
[[3,9,2,1,1,1,1,1,1],11,48].
[[2,8,0,0,0,0,1,2,0],92,52].
[[3,8,0,1,2,0,1,2,0],55,43].
[[2,8,0,1,1,1,1,1,0],5,3].
[[3,8,0,1,1,1,1,1,0],27,24].
[[1,8,1,1,2,1,2,1,1],144,49].
[[2,6,1,1,2,1,2,1,1],23,1].
[[3,6,1,1,1,1,2,1,1],10,2].
[[3,8,1,0,0,0,2,3,0],31,35].
[[3,9,2,1,2,1,2,1,1],8,23].
[[2,9,2,1,2,0,2,3,1],37,116].
[[3,8,0,1,2,0,0,0,0],0,26].
[[3,7,0,0,0,0,2,3,1],29,21].
[[3,9,2,1,1,1,2,2,1],4,18].
[[2,9,2,1,2,1,1,1,1],81,125].
[[3,8,0,1,2,1,1,1,1],80,161].
[[2,7,1,0,0,0,2,3,1],241,75].
[[2,6,1,0,0,0,2,2,1],54,3].
[[3,4,1,1,2,0,1,2,1],147,33].
[[1,7,2,0,0,0,2,2,1],61,3].
[[3,3,2,1,2,1,2,2,1],22,1].
[[3,7,1,1,1,1,2,2,0],11,3].
[[2,8,1,0,0,0,2,1,0],56,14].
[[2,8,1,1,1,1,0,0,0],27,8].
[[3,8,0,1,1,1,2,1,1],31,65].
[[3,9,2,0,0,0,1,2,1],43,158].
[[3,7,1,0,0,0,2,2,1],184,61].
[[3,8,1,1,2,1,0,0,0],0,5].
[[3,7,1,1,2,0,2,1,0],8,0].
[[2,9,2,0,0,0,0,0,0],3,113].
[[3,8,0,0,0,0,0,0,0],0,44].
[[2,9,2,1,2,0,1,1,0],6,21].
[[3,9,2,1,2,0,1,1,0],11,11].
[[2,7,2,1,2,1,0,0,0],96,7].
[[3,7,2,1,1,1,0,0,0],12,0].
[[2,9,1,1,2,0,2,2,0],5,11].
[[3,9,1,1,2,0,2,2,0],8,41].
[[3,8,1,0,0,0,1,2,0],93,28].
[[3,6,0,0,0,0,2,3,1],9,14].
[[2,7,1,1,2,0,1,2,1],9,5].
[[3,7,1,1,2,0,1,1,1],30,16].
[[3,9,1,0,0,0,1,1,0],10,39].
[[3,8,0,1,1,1,1,2,0],74,66].
[[2,7,2,1,2,0,1,2,1],14,5].
[[3,7,2,1,2,0,1,1,1],28,13].
[[2,7,2,0,0,0,2,1,1],73,6].
[[3,7,2,1,2,1,1,2,1],144,8].
[[1,7,1,1,2,1,2,2,1],4,3].
[[3,7,1,1,1,1,2,2,1],79,36].
[[2,8,1,1,1,1,2,2,1],132,52].
[[1,6,1,1,2,1,0,0,0],56,2].
[[2,9,2,1,1,1,1,2,0],42,29].
[[1,9,2,1,1,1,1,2,0],14,9].
[[2,9,1,1,2,1,2,2,1],23,60].
[[3,8,0,1,2,1,2,2,1],147,303].
[[2,8,1,1,2,0,2,3,1],160,107].
[[2,9,2,0,0,0,2,2,1],142,290].
[[3,9,2,1,2,1,2,2,1],7,46].
[[1,9,2,0,0,0,1,1,0],76,111].
[[1,8,0,1,2,1,2,2,1],60,55].
[[2,8,0,1,2,1,1,1,1],38,40].
[[3,7,0,1,2,1,1,1,1],12,11].
[[3,8,1,1,2,1,1,2,0],176,78].
[[3,9,1,1,2,1,2,1,1],39,62].
[[2,6,1,0,0,0,0,0,0],169,9].
[[3,6,1,1,2,1,0,0,0],16,1].
[[3,8,1,1,1,1,2,3,0],28,30].
[[1,8,0,0,0,0,2,1,0],87,47].
[[2,8,0,1,2,1,2,1,0],89,65].
[[2,7,0,1,2,1,2,1,1],4,3].
[[3,7,0,1,2,1,1,2,1],21,15].
[[3,8,1,1,2,0,2,2,1],122,62].
[[3,9,2,1,1,1,2,1,0],3,24].
[[2,7,1,1,1,1,2,2,1],13,3].
[[2,3,1,0,0,0,0,0,0],55,4].
[[3,3,1,0,0,0,0,0,0],40,5].
[[3,8,0,1,2,0,2,2,0],35,80].
[[2,8,0,1,2,1,2,1,1],127,141].
[[3,6,0,1,2,1,2,1,1],10,12].
[[1,9,2,1,2,0,2,1,1],14,36].
[[3,7,2,0,0,0,2,3,1],101,6].
[[2,7,1,0,0,0,2,1,1],86,24].
[[1,8,1,1,1,1,2,3,1],34,20].
[[2,6,1,1,1,1,2,3,1],9,1].
[[2,8,0,1,1,1,1,2,1],20,17].
[[1,8,0,0,0,0,2,3,0],182,120].
[[1,7,1,1,2,1,0,0,0],57,20].
[[2,7,2,1,2,0,2,2,1],32,7].
[[3,7,2,1,2,0,2,2,1],80,4].
[[1,8,1,0,0,0,2,1,0],78,20].
[[2,8,1,1,2,1,1,2,0],88,26].
[[3,8,1,1,1,0,1,1,1],10,26].
[[2,7,1,1,1,1,2,1,1],9,4].
[[3,7,1,1,1,1,2,1,1],46,20].
[[2,5,0,0,0,0,1,1,0],27,1].
[[3,5,0,1,2,0,1,1,0],24,2].
[[1,6,1,0,0,0,2,1,1],12,0].
[[2,3,2,0,0,0,2,1,1],7,0].
[[3,8,0,0,0,0,2,3,1],79,143].
[[3,8,0,1,1,1,2,1,0],13,40].
[[3,6,1,1,2,1,2,3,1],104,9].
[[3,6,1,1,2,1,1,1,1],26,7].
[[2,3,2,0,0,0,0,0,0],59,0].
[[2,7,2,1,1,1,2,1,1],8,1].
[[3,3,2,1,1,1,2,1,1],2,0].
[[3,5,0,1,2,1,1,1,0],79,12].
[[3,8,1,1,2,1,2,3,0],89,86].
[[2,7,1,1,2,1,2,1,1],51,14].
[[3,3,2,1,1,0,2,3,1],1,0].
[[2,8,1,1,2,0,2,3,0],46,20].
[[3,5,0,1,1,1,1,1,1],62,3].
[[2,9,1,1,2,1,1,2,1],74,144].
[[1,8,1,1,2,1,1,1,1],16,18].
[[3,7,1,1,2,1,1,1,1],109,56].
[[3,7,0,1,2,0,2,3,0],6,6].
[[2,6,1,1,2,1,2,3,1],54,2].
[[3,6,1,1,1,1,2,3,1],29,2].
[[1,9,2,1,1,1,1,1,0],9,2].
[[2,9,1,1,1,1,1,2,0],26,23].
[[3,9,1,1,1,1,1,2,0],57,99].
[[3,8,1,1,1,1,2,3,1],143,74].
[[1,7,2,1,2,1,1,1,1],3,0].
[[2,7,2,1,2,1,1,1,1],13,2].
[[3,7,2,1,1,1,1,2,1],43,6].
[[2,8,1,1,1,1,2,1,1],56,28].
[[2,7,0,1,2,1,2,2,1],9,2].
[[3,7,1,0,0,0,0,0,0],68,22].
[[1,7,1,0,0,0,2,1,0],4,0].
[[2,7,1,0,0,0,2,1,0],17,2].
[[2,4,1,1,2,0,2,2,1],18,5].
[[3,4,1,1,2,0,1,1,1],73,10].
[[3,7,1,1,2,0,2,3,0],27,14].
[[3,9,2,1,2,0,2,1,1],2,7].
[[3,3,1,1,2,1,2,3,1],40,2].
[[1,7,1,1,2,1,2,3,0],3,0].
[[1,7,2,1,2,0,2,2,0],1,0].
[[3,9,2,1,1,1,1,1,0],12,24].
[[3,3,1,1,2,1,0,0,0],80,3].
[[2,9,2,1,1,1,2,2,0],47,50].
[[2,8,1,1,2,1,2,2,0],88,37].
[[1,8,0,1,2,1,2,1,1],30,32].
[[2,6,0,0,0,0,0,0,0],35,46].
[[3,7,2,1,2,1,0,0,0],21,4].
[[2,9,2,1,2,0,0,0,0],0,29].
[[3,8,0,1,1,0,0,0,0],0,3].
[[3,5,0,1,1,1,1,2,1],5,1].
[[3,9,1,1,2,0,2,1,1],6,19].
[[1,9,2,1,1,1,2,3,1],85,48].
[[2,9,2,0,0,0,1,1,1],92,156].
[[3,8,1,0,0,0,1,1,1],113,91].
[[2,8,0,0,0,0,1,1,0],24,29].
[[3,7,1,0,0,0,1,1,0],9,5].
[[3,8,1,1,2,0,2,1,0],4,7].
[[2,8,1,1,2,0,0,0,0],27,23].
[[2,9,2,1,1,1,0,0,0],3,21].
[[3,9,2,1,1,1,2,2,0],5,45].
[[2,9,1,0,0,0,2,1,1],24,42].
[[3,9,1,0,0,0,2,1,1],13,28].
[[2,9,2,1,2,0,2,1,1],14,37].
[[2,9,1,1,2,1,2,3,0],53,80].
[[1,7,2,1,2,0,0,0,0],14,7].
[[2,7,2,1,1,0,2,3,1],1,3].
[[3,7,2,1,1,0,2,3,1],8,5].
[[3,8,1,1,1,0,2,2,1],18,27].
[[3,3,1,0,0,0,2,3,1],30,6].
[[3,4,1,1,2,0,2,3,0],50,10].
[[2,9,2,1,1,1,2,3,1],58,78].
[[3,4,1,1,2,0,2,3,1],73,14].
[[1,9,2,1,2,1,1,1,1],60,62].
[[1,8,0,0,0,0,2,2,0],120,95].
[[3,7,1,1,1,1,2,3,0],25,11].
[[2,9,1,1,2,0,1,2,1],11,36].
[[1,9,2,1,2,0,2,3,1],37,82].
[[2,8,1,1,1,0,1,2,1],5,11].
[[3,7,1,1,1,0,1,2,1],8,13].
[[3,7,0,1,2,1,2,3,1],67,56].
[[2,8,1,1,1,1,2,1,0],10,3].
[[1,9,2,1,2,0,1,2,0],15,9].
[[2,9,1,1,2,0,1,2,0],17,33].
[[2,8,0,1,1,1,2,2,0],41,17].
[[2,9,2,1,2,0,1,1,1],18,30].
[[3,8,0,1,2,0,1,1,1],18,46].
[[3,8,1,1,2,0,2,3,0],39,31].
[[2,9,1,1,2,0,1,1,0],4,13].
[[3,8,1,1,2,0,2,2,0],26,12].
[[1,8,1,1,2,1,2,3,0],84,22].
[[2,8,1,1,1,1,2,3,0],31,10].
[[3,4,1,1,2,0,1,2,0],63,22].
[[2,8,0,1,1,1,2,2,1],32,39].
[[3,9,2,1,1,1,1,2,1],36,128].
[[2,6,1,1,1,1,2,2,1],5,0].
[[3,6,1,1,1,1,2,2,1],26,1].
[[3,7,1,1,2,1,2,2,0],61,28].
[[3,9,1,1,2,0,2,3,1],2,12].
[[3,8,1,1,1,1,2,2,0],22,21].
[[2,7,1,0,0,0,2,3,0],51,2].
[[1,8,1,1,2,0,2,1,1],19,12].
[[3,7,1,1,2,0,2,1,1],81,25].
[[3,8,1,0,0,0,1,1,0],15,19].
[[3,9,2,1,2,0,2,2,0],6,28].
[[2,9,1,1,1,1,2,3,0],8,20].
[[1,8,0,1,2,1,2,2,0],40,40].
[[2,6,0,1,2,1,2,2,0],3,5].
[[3,6,0,1,2,1,2,2,0],18,13].
[[1,8,1,1,2,1,1,2,0],7,4].
[[2,8,1,1,1,1,1,2,1],81,29].
[[1,8,0,1,2,1,2,3,0],65,59].
[[3,7,1,1,1,1,1,2,0],20,2].
[[1,9,2,1,1,1,0,0,0],35,40].
[[2,9,2,1,1,1,2,1,0],28,22].
[[2,8,0,1,1,1,2,1,1],8,21].
[[2,3,1,1,2,1,0,0,0],17,2].
[[3,3,1,1,1,1,2,3,1],11,0].
[[3,8,0,0,0,0,1,1,1],41,73].
[[1,8,0,0,0,0,1,1,0],6,6].
[[2,8,0,1,2,1,1,1,0],19,22].
[[3,8,0,1,2,1,1,1,0],77,80].
[[3,7,1,1,2,0,2,2,0],20,4].
[[3,6,1,0,0,0,2,1,0],4,0].
[[1,7,1,0,0,0,2,2,0],12,3].
[[2,7,1,1,2,1,2,2,0],29,3].
[[3,7,1,0,0,0,2,2,0],35,13].
[[2,9,1,1,2,1,2,1,1],26,62].
[[3,4,1,1,2,0,2,1,1],29,8].
[[2,8,0,1,1,1,1,2,0],15,10].
[[2,5,0,0,0,0,1,2,0],32,2].
[[3,5,0,1,2,0,1,2,1],1,3].
[[3,7,0,0,0,0,2,2,0],10,7].
[[1,3,2,0,0,0,0,0,0],35,0].
[[3,3,2,1,2,0,2,3,1],24,0].
[[3,9,1,1,2,0,1,1,1],6,55].
[[1,8,1,1,1,1,2,2,1],35,6].
[[2,8,1,1,2,1,2,1,0],41,20].
[[3,8,1,1,1,1,1,1,0],18,12].
[[3,9,2,1,1,0,1,2,1],6,22].
[[3,9,1,0,0,0,1,2,1],46,161].
[[2,9,1,1,2,1,2,2,0],22,52].
[[3,3,1,1,2,0,0,0,0],24,2].
[[2,9,1,1,2,1,0,0,0],2,12].
[[3,8,0,1,1,1,1,1,1],21,67].
[[2,7,2,1,2,1,2,1,1],39,6].
[[3,7,2,1,1,1,2,1,1],13,1].
[[2,7,1,1,2,1,2,3,0],45,12].
[[3,7,1,1,2,1,2,1,0],33,12].
[[3,7,0,0,0,0,0,0,0],12,30].
[[3,7,0,1,2,0,2,3,1],8,4].
[[2,7,2,1,1,1,2,3,1],17,4].
[[1,6,1,0,0,0,2,3,1],40,3].
[[2,8,0,1,2,0,2,2,0],15,33].
[[2,9,2,1,1,1,1,1,1],25,29].
[[3,6,0,1,1,1,2,2,1],3,5].
[[3,7,2,1,1,1,2,3,1],62,6].
[[1,8,0,0,0,0,1,2,0],19,19].
[[2,7,1,0,0,0,1,1,1],15,9].
[[3,7,0,0,0,0,2,1,1],11,9].
[[1,7,2,1,2,1,2,1,1],9,1].
[[3,7,2,1,2,1,1,1,1],53,14].
[[2,5,0,1,2,1,1,1,1],37,6].
[[2,7,2,0,0,0,2,3,1],151,10].
[[3,3,2,0,0,0,2,3,1],22,0].
[[3,7,1,1,2,1,2,3,0],101,33].
[[3,6,0,1,2,1,0,0,0],9,36].
[[1,9,2,1,1,1,1,2,1],23,26].
[[2,9,1,1,1,1,1,2,1],37,31].
[[3,6,1,0,0,0,2,3,1],75,5].
[[3,9,1,0,0,0,1,1,1],16,64].
[[3,6,1,0,0,0,1,1,1],18,4].
[[3,9,1,1,1,1,2,3,1],3,27].
[[2,8,0,1,2,0,1,2,1],10,25].
[[3,7,0,1,2,0,1,2,1],4,6].
[[3,3,2,0,0,0,2,2,1],11,0].
[[3,9,1,1,1,1,1,1,0],15,45].
[[3,7,2,1,2,0,0,0,0],13,1].
[[3,7,0,1,2,0,0,0,0],6,9].
[[3,5,0,1,2,1,1,2,0],128,4].
[[2,6,1,1,2,0,0,0,0],26,3].
[[3,6,1,1,2,0,2,2,1],39,2].
[[3,6,0,1,2,1,2,3,0],22,22].
[[2,8,1,1,1,1,1,1,1],26,14].
[[2,9,1,1,2,0,2,3,0],10,11].
[[3,9,1,1,1,0,2,3,0],3,8].
[[3,6,0,0,0,0,2,3,0],17,12].
[[2,4,1,1,2,0,2,3,0],18,4].
[[2,3,2,1,2,1,0,0,0],10,0].
[[3,3,2,1,2,1,0,0,0],33,0].
[[3,6,1,1,1,0,0,0,0],1,0].
[[3,7,1,0,0,0,2,1,0],20,3].
[[2,8,1,1,2,1,2,3,0],151,63].
[[1,8,0,1,2,1,2,1,0],26,17].
[[3,9,2,1,2,1,2,3,1],17,60].
[[3,5,0,1,1,1,1,1,0],37,8].
[[3,8,1,1,2,0,1,2,0],69,28].
[[2,6,1,1,2,0,2,2,0],3,0].
[[2,5,0,1,2,0,1,1,1],5,3].
[[3,7,1,1,1,1,1,1,1],18,15].
[[3,9,1,1,1,0,1,2,1],9,34].
[[3,9,2,1,2,0,2,2,1],2,20].
[[2,8,1,0,0,0,1,1,0],18,23].
[[3,7,0,1,2,0,2,2,0],6,9].
[[3,9,1,0,0,0,2,3,1],10,15].
[[1,7,1,1,2,1,2,2,0],4,0].
[[3,5,0,1,2,0,1,1,1],59,11].
[[3,6,1,1,2,1,2,1,0],10,0].
[[2,4,1,1,2,0,1,2,0],10,2].
[[3,9,1,1,1,1,2,1,1],7,27].
[[3,3,1,1,1,1,0,0,0],13,1].
[[1,8,1,1,1,1,2,1,1],11,4].
[[2,6,0,0,0,0,2,2,1],13,8].
[[3,3,1,0,0,0,2,2,1],16,2].
[[3,7,0,1,2,1,0,0,0],19,56].
[[3,9,2,0,0,0,2,2,0],5,19].
[[1,6,1,0,0,0,2,2,1],27,1].
[[2,6,1,0,0,0,2,3,0],27,1].
[[3,8,1,1,2,1,2,2,0],47,52].
[[2,9,2,1,2,0,2,1,0],15,30].
[[2,7,2,0,0,0,1,1,1],20,3].
[[3,8,1,1,1,0,2,1,0],1,1].
[[2,8,0,1,1,1,0,0,0],15,37].
[[3,8,0,1,1,1,0,0,0],0,36].
[[1,9,2,1,1,1,2,2,0],40,17].
[[1,9,2,1,1,1,2,1,1],27,27].
[[1,8,1,1,2,0,2,2,1],40,27].
[[2,3,2,0,0,0,2,3,1],18,0].
[[3,3,2,1,2,1,2,3,1],24,0].
[[3,6,0,0,0,0,2,2,0],6,4].
[[3,9,2,0,0,0,1,2,0],21,24].
[[2,9,1,0,0,0,1,1,0],18,51].
[[3,7,2,0,0,0,2,1,1],44,5].
[[2,8,0,1,2,0,2,3,0],29,36].
[[3,8,0,1,1,0,2,3,0],3,15].
[[3,7,0,1,1,1,2,2,1],6,12].
[[3,9,2,1,2,0,1,1,1],11,35].
[[3,3,1,1,2,0,2,1,1],5,0].
[[2,6,0,0,0,0,2,3,1],11,12].
[[3,6,0,1,2,1,2,3,1],24,34].
[[2,7,1,1,2,0,2,2,1],20,5].
[[1,7,2,1,2,1,2,3,1],26,5].
[[2,7,2,1,2,1,1,2,1],39,4].
[[2,9,2,1,2,1,1,1,0],51,55].
[[3,8,1,1,2,0,1,1,0],17,22].
[[2,8,1,1,2,0,2,1,0],15,5].
[[3,8,0,1,2,0,2,1,0],10,32].
[[2,6,1,0,0,0,2,1,1],36,3].
[[3,6,1,1,2,1,1,2,1],61,2].
[[3,7,1,0,0,0,2,3,0],51,14].
[[3,2,1,0,0,0,0,0,0],10,0].
[[3,9,2,1,1,1,2,3,1],6,30].
[[2,8,1,1,1,1,1,2,0],12,6].
[[1,7,1,0,0,0,2,2,1],35,8].
[[3,9,1,1,2,1,2,3,1],21,42].
[[1,9,2,1,2,0,2,1,0],13,19].
[[2,4,1,1,2,0,1,1,1],10,1].
[[3,9,2,1,1,0,2,3,1],0,3].
[[2,6,1,1,2,1,2,3,0],12,0].
[[3,6,1,1,1,1,1,2,0],5,0].
[[3,3,2,0,0,0,0,0,0],23,0].
[[3,9,1,0,0,0,2,2,0],8,40].
[[3,6,1,1,2,1,2,3,0],27,1].
[[2,9,1,1,1,1,2,2,1],8,9].
[[2,6,0,1,2,1,2,1,0],2,0].
[[3,6,0,1,2,1,2,1,0],10,2].
[[1,8,1,1,1,1,0,0,0],50,13].
[[2,7,1,1,1,1,0,0,0],19,13].
[[2,6,0,1,2,1,2,3,0],9,5].
[[3,6,0,1,1,1,2,3,0],6,8].
[[3,3,1,1,2,0,1,2,1],3,0].
[[3,7,2,1,1,0,1,2,1],17,5].
[[2,7,1,0,0,0,2,2,0],22,5].
[[3,3,1,1,1,1,2,1,1],4,0].
[[2,9,2,1,1,0,2,3,0],2,10].
[[2,7,2,1,1,1,1,1,1],4,0].
[[3,7,2,1,1,1,1,1,1],16,6].
[[3,9,2,1,2,0,2,3,0],4,57].
[[3,7,0,1,1,1,2,2,0],15,5].
[[2,9,2,1,1,0,1,2,1],5,6].
[[2,6,1,1,2,1,1,2,1],10,2].
[[3,3,2,1,2,1,1,2,1],9,0].
[[3,9,1,1,2,0,2,2,1],12,20].
[[1,8,1,1,2,1,2,2,0],47,15].
[[2,6,1,1,2,1,2,2,0],7,0].
[[3,6,1,1,2,1,2,2,0],19,2].
[[2,9,1,1,2,0,2,2,1],6,17].
[[3,9,1,1,1,0,2,2,1],2,3].
[[3,9,2,1,2,0,1,2,0],19,26].
[[3,8,1,1,1,0,2,3,0],3,5].
[[2,9,1,1,2,0,2,3,1],3,15].
[[1,9,2,1,2,0,1,1,1],9,11].
[[2,6,1,1,2,0,2,3,1],15,3].
[[3,9,2,0,0,0,1,1,1],17,48].
[[2,9,1,1,1,0,1,2,1],1,4].
[[3,5,0,1,1,0,1,1,0],7,5].
[[2,6,1,0,0,0,1,2,0],5,0].
[[3,6,1,1,2,0,1,2,0],6,0].
[[3,7,1,1,1,1,2,1,0],10,1].
[[3,7,2,1,2,0,1,2,0],8,0].
[[2,9,1,1,2,1,2,3,1],23,33].
[[2,7,0,0,0,0,2,2,0],8,6].
[[3,7,0,1,2,1,2,2,0],51,27].
[[3,9,1,1,2,0,1,1,0],8,46].
[[3,6,0,0,0,0,2,1,1],7,2].
[[1,7,1,0,0,0,2,1,1],18,4].
[[1,7,1,0,0,0,2,3,1],29,8].
[[2,3,1,0,0,0,2,3,1],2,1].
[[2,6,0,1,2,1,0,0,0],28,23].
[[3,9,2,1,1,1,2,3,0],9,56].
[[3,8,0,1,1,0,2,2,0],2,5].
[[2,9,2,1,1,0,2,2,0],4,4].
[[2,7,0,1,2,1,2,2,0],4,3].
[[3,9,2,1,2,1,1,1,0],28,44].
[[2,7,0,1,2,1,0,0,0],33,25].
[[2,9,1,1,1,1,1,1,0],4,13].
[[3,7,0,1,2,0,2,2,1],12,11].
[[2,8,0,1,2,0,2,3,1],32,53].
[[2,9,1,0,0,0,1,1,1],31,66].
[[1,7,2,1,2,0,2,1,1],3,1].
[[2,7,2,1,2,0,2,1,1],12,4].
[[3,8,0,1,1,0,1,2,0],5,12].
[[3,9,1,0,0,0,2,1,0],2,10].
[[3,6,0,1,2,0,0,0,0],0,5].
[[3,7,2,1,1,0,0,0,0],0,1].
[[2,7,0,0,0,0,0,0,0],35,33].
[[3,6,0,1,2,1,2,2,1],23,20].
[[3,6,0,1,2,0,2,2,0],3,4].
[[2,6,1,1,2,0,2,2,1],10,0].
[[3,6,1,1,2,0,2,3,0],5,0].
[[3,6,0,1,2,0,2,3,1],7,2].
[[2,7,1,1,2,0,0,0,0],54,20].
[[2,8,1,1,2,0,2,2,0],23,13].
[[3,7,2,1,1,0,1,1,1],8,8].
[[1,6,0,0,0,0,0,0,0],47,31].
[[2,8,1,1,1,0,2,3,1],12,10].
[[3,7,1,1,1,0,2,3,1],14,13].
[[3,9,2,0,0,0,2,1,0],3,18].
[[2,7,2,1,1,1,2,2,1],9,0].
[[1,7,1,1,2,1,2,3,1],9,2].
[[2,3,1,1,2,1,2,3,1],3,1].
[[3,7,0,1,2,1,2,1,1],28,20].
[[3,7,2,1,2,0,2,1,1],31,5].
[[3,7,1,1,2,0,0,0,0],49,22].
[[2,9,1,0,0,0,2,3,1],23,27].
[[2,7,1,1,2,0,2,3,1],31,20].
[[1,8,1,0,0,0,1,1,0],6,13].
[[2,7,2,1,2,0,1,1,1],4,5].
[[3,3,1,0,0,0,2,3,0],12,0].
[[3,9,1,1,1,1,2,2,1],8,23].
[[3,7,0,1,1,1,2,3,1],14,10].
[[1,8,1,1,2,0,2,2,0],12,2].
[[3,8,1,0,0,0,2,2,0],30,25].
[[1,9,2,1,2,0,1,1,0],3,11].
[[3,6,0,0,0,0,1,2,1],5,5].
[[3,9,1,1,1,0,2,2,0],0,11].
[[2,9,1,1,1,1,2,3,1],4,5].
[[2,7,1,1,1,1,1,2,1],5,1].
[[2,7,1,1,2,0,2,2,0],5,0].
[[3,9,2,0,0,0,2,2,1],5,15].
[[3,9,2,1,1,0,2,2,0],2,6].
[[2,6,0,0,0,0,2,1,0],7,4].
[[3,6,0,0,0,0,2,1,0],4,3].
[[3,6,0,1,1,1,2,2,0],3,1].
[[2,8,0,1,2,0,2,1,0],9,13].
[[3,7,1,1,2,0,1,2,0],13,6].
[[1,8,1,1,2,1,2,1,0],23,10].
[[1,8,1,1,2,0,2,3,0],11,4].
[[2,8,1,1,1,0,2,3,0],1,6].
[[3,7,1,1,1,0,2,3,0],0,4].
[[3,7,2,1,1,1,2,2,1],37,1].
[[1,7,2,0,0,0,2,1,1],41,1].
[[3,3,2,0,0,0,2,1,1],7,1].
[[3,6,1,0,0,0,2,1,1],29,0].
[[2,6,1,1,2,1,1,1,1],4,2].
[[3,6,1,1,1,1,1,1,1],5,1].
[[3,9,1,1,1,1,2,2,0],5,39].
[[2,7,1,1,1,1,2,1,0],5,0].
[[3,7,1,1,1,1,1,1,0],4,3].
[[2,3,1,0,0,0,2,2,0],1,0].
[[3,3,1,1,2,0,1,2,0],1,0].
[[1,9,2,1,1,1,1,1,1],6,5].
[[3,6,1,1,1,1,2,2,0],7,1].
[[2,8,1,1,1,0,0,0,0],1,3].
[[3,6,1,1,2,0,2,1,1],19,2].
[[3,7,0,1,1,1,1,1,1],1,1].
[[3,6,1,1,2,0,1,1,1],10,2].
[[3,7,0,0,0,0,2,1,0],9,6].
[[3,7,0,1,2,1,2,1,0],23,14].
[[3,9,1,1,2,0,2,1,0],0,12].
[[3,8,1,1,1,0,2,3,1],23,21].
[[2,8,1,1,1,0,2,2,1],6,11].
[[3,6,1,1,1,0,2,2,1],2,1].
[[1,8,1,0,0,0,1,2,0],32,15].
[[2,8,1,1,2,0,1,2,0],25,12].
[[3,8,1,1,1,0,1,2,0],11,9].
[[3,5,0,0,0,0,1,2,1],3,0].
[[2,7,1,1,2,1,2,1,0],8,1].
[[3,9,2,1,2,1,2,1,0],4,50].
[[1,8,1,1,1,1,1,1,1],3,2].
[[3,3,1,1,2,0,2,3,1],8,3].
[[2,7,2,1,1,0,2,1,1],0,3].
[[3,9,2,0,0,0,2,3,1],5,23].
[[3,2,1,1,2,0,0,0,0],5,0].
[[3,3,1,1,2,1,2,1,1],15,0].
[[3,3,1,1,1,1,2,2,1],6,0].
[[3,9,2,1,2,0,2,3,1],6,19].
[[3,7,2,1,2,0,2,3,0],2,0].
[[3,8,1,1,2,1,2,1,0],25,27].
[[3,7,1,1,1,0,2,2,1],3,11].
[[1,6,1,0,0,0,1,2,1],8,0].
[[2,6,1,0,0,0,1,2,1],19,3].
[[2,9,1,0,0,0,2,1,0],9,9].
[[2,7,1,1,2,1,1,2,0],5,0].
[[3,9,1,1,1,0,2,1,0],0,3].
[[3,8,1,1,1,1,2,1,0],7,10].
[[2,9,1,1,1,0,1,2,0],0,3].
[[1,7,1,0,0,0,2,3,0],13,3].
[[3,6,0,1,2,0,2,2,1],5,6].
[[2,4,1,1,2,0,1,2,1],26,3].
[[3,7,0,1,2,1,1,1,0],5,4].
[[2,6,0,0,0,0,2,1,1],6,0].
[[3,6,0,1,2,0,1,2,1],2,1].
[[2,7,2,1,1,1,1,2,1],5,1].
[[3,8,0,1,1,0,2,2,1],5,15].
[[3,7,1,1,2,1,1,2,0],53,12].
[[3,8,1,1,1,0,1,1,0],4,3].
[[2,6,0,1,2,1,2,2,1],2,5].
[[3,8,0,1,1,0,1,1,0],1,4].
[[3,7,2,1,2,1,1,2,0],9,0].
[[3,7,0,0,0,0,1,2,1],7,2].
[[3,5,0,0,0,0,1,1,0],35,5].
[[1,7,1,0,0,0,1,2,1],11,1].
[[2,9,1,1,1,1,2,1,1],7,11].
[[3,3,1,1,2,1,2,2,1],26,3].
[[3,6,0,1,1,1,0,0,0],0,3].
[[2,7,0,0,0,0,2,1,0],6,1].
[[3,7,2,0,0,0,1,1,1],27,4].
[[2,9,1,1,2,0,1,1,1],5,11].
[[2,9,1,1,1,1,2,1,0],0,6].
[[3,9,1,1,1,1,2,1,0],3,11].
[[2,9,2,1,1,1,1,1,0],16,7].
[[3,4,1,1,2,0,1,1,0],29,2].
[[2,8,0,1,2,0,1,2,0],12,9].
[[2,8,0,1,2,0,1,1,1],6,8].
[[3,6,1,1,1,1,2,3,0],8,0].
[[2,5,0,1,2,1,1,1,0],23,5].
[[3,7,0,1,2,1,1,2,0],31,4].
[[3,9,2,1,2,0,2,1,0],1,15].
[[2,7,2,1,1,0,2,2,1],2,2].
[[3,9,1,0,0,0,2,2,1],9,21].
[[3,6,1,1,1,1,0,0,0],5,1].
[[3,9,2,0,0,0,1,1,0],7,17].
[[3,7,2,0,0,0,2,2,0],5,1].
[[2,8,0,1,1,1,1,1,1],5,4].
[[3,8,0,1,1,0,2,1,1],2,8].
[[2,6,1,1,1,1,0,0,0],15,1].
[[3,8,0,1,2,0,1,1,0],18,19].
[[3,3,2,1,2,0,2,2,1],9,0].
[[3,6,0,1,2,1,1,1,1],5,3].
[[2,6,1,1,2,1,1,2,0],3,0].
[[3,6,1,1,2,1,1,1,0],3,0].
[[2,5,0,1,1,1,1,1,1],12,2].
[[1,3,2,0,0,0,2,1,1],1,0].
[[2,3,2,1,2,1,2,1,1],3,0].
[[3,3,2,1,1,1,2,3,1],10,0].
[[2,9,1,1,1,0,2,3,1],0,1].
[[3,9,1,1,1,0,2,3,1],0,4].
[[3,7,0,1,1,1,0,0,0],4,10].
[[3,3,2,1,1,1,2,2,1],3,0].
[[3,7,0,1,1,1,1,2,1],6,3].
[[1,7,2,1,2,1,2,2,1],6,2].
[[2,3,2,1,2,1,2,2,1],6,1].
[[2,6,0,0,0,0,2,3,0],8,4].
[[2,6,1,0,0,0,1,1,1],10,2].
[[3,6,0,1,1,1,1,2,0],5,0].
[[2,4,1,1,2,0,2,3,1],29,5].
[[3,5,0,1,1,0,1,1,1],6,5].
[[3,3,2,1,2,1,1,1,1],6,0].
[[2,9,2,1,1,0,1,2,0],1,3].
[[3,9,2,1,1,0,1,2,0],3,13].
[[2,4,1,1,2,0,0,0,0],4,1].
[[2,8,0,1,2,0,1,1,0],4,4].
[[2,7,0,1,2,1,2,3,0],11,4].
[[3,9,1,1,1,1,0,0,0],0,2].
[[3,6,0,1,1,1,2,3,1],4,9].
[[3,6,0,1,2,1,1,2,1],8,9].
[[3,6,0,0,0,0,1,1,0],2,1].
[[1,8,1,1,2,0,1,2,0],2,1].
[[2,8,1,1,1,0,1,2,0],0,1].
[[3,7,2,1,1,0,1,2,0],2,2].
[[2,7,0,0,0,0,2,2,1],5,9].
[[2,9,2,1,1,0,2,2,1],1,8].
[[3,4,0,1,2,0,1,2,1],0,5].
[[3,6,1,1,1,1,1,2,1],16,0].
[[3,6,0,0,0,0,1,2,0],2,4].
[[2,9,1,1,2,0,0,0,0],0,2].
[[2,7,1,1,1,1,2,3,1],14,3].
[[2,7,0,1,2,1,2,3,1],10,4].
[[3,9,2,0,0,0,2,1,1],1,9].
[[3,7,2,0,0,0,1,2,0],8,1].
[[3,9,2,1,1,0,2,3,0],1,10].
[[2,4,1,1,2,0,2,1,1],6,2].
[[2,6,0,1,2,1,2,3,1],6,7].
[[2,2,1,0,0,0,0,0,0],6,0].
[[3,2,1,0,0,0,2,1,1],2,0].
[[3,6,0,1,2,0,2,3,0],3,1].
[[2,7,2,0,0,0,1,2,0],3,0].
[[3,3,2,1,2,0,2,1,1],6,0].
[[1,3,2,0,0,0,2,3,1],5,0].
[[3,7,0,0,0,0,2,3,0],20,13].
[[3,5,0,1,1,0,1,2,1],0,2].
[[3,7,0,1,2,0,2,1,1],6,5].
[[3,7,1,1,2,1,1,1,0],16,4].
[[3,8,1,1,1,0,2,2,0],2,5].
[[1,8,0,0,0,0,1,2,1],5,8].
[[2,3,1,0,0,0,2,3,0],1,0].
[[2,6,1,1,2,0,2,1,1],7,1].
[[2,4,1,1,2,0,1,1,0],3,0].
[[3,6,1,1,2,0,2,1,0],7,0].
[[3,7,0,0,0,0,1,2,0],8,2].
[[2,6,1,0,0,0,2,2,0],8,0].
[[3,3,1,1,2,1,1,2,1],11,0].
[[3,3,2,0,0,0,1,2,1],11,0].
[[3,6,0,1,2,1,1,1,0],4,1].
[[3,3,1,0,0,0,2,1,1],18,0].
[[2,6,0,1,2,1,2,1,1],5,4].
[[2,9,1,1,2,0,2,1,1],6,7].
[[1,6,1,1,2,1,2,3,1],6,0].
[[2,7,2,1,2,0,2,2,0],1,0].
[[2,7,1,1,2,0,2,1,1],12,4].
[[3,7,1,1,1,0,1,1,1],2,4].
[[1,7,2,1,2,0,2,2,1],2,1].
[[2,7,2,1,2,0,1,2,0],1,1].
[[1,8,1,1,1,1,1,2,1],8,3].
[[3,7,2,1,2,0,1,1,0],0,2].
[[1,8,0,1,2,1,1,1,0],0,3].
[[2,8,1,1,1,0,2,2,0],4,0].
[[2,7,1,1,2,1,1,1,1],7,7].
[[1,8,1,1,1,1,2,1,0],5,1].
[[2,3,2,0,0,0,2,2,1],10,0].
[[2,5,0,1,1,0,1,2,0],1,0].
[[3,5,0,1,1,0,1,2,0],5,3].
[[2,3,1,0,0,0,2,2,1],3,0].
[[2,7,1,1,2,0,2,3,0],7,1].
[[2,8,1,1,2,0,1,1,0],5,6].
[[2,2,1,1,2,1,0,0,0],4,0].
[[3,2,1,1,2,1,0,0,0],9,0].
[[1,9,2,1,1,1,2,1,0],13,9].
[[1,7,2,1,2,0,2,3,1],6,0].
[[3,3,1,1,2,0,2,2,0],2,0].
[[3,7,2,1,2,1,1,1,0],0,3].
[[2,3,1,0,0,0,2,1,1],5,0].
[[1,6,1,1,2,1,1,2,1],2,1].
[[3,6,1,1,2,1,1,2,0],10,0].
[[2,7,0,1,2,1,2,1,0],6,1].
[[2,7,2,0,0,0,2,3,0],5,0].
[[3,3,2,0,0,0,2,3,0],3,0].
[[3,7,0,1,1,1,1,2,0],6,0].
[[2,9,2,1,1,0,1,1,1],1,4].
[[3,9,1,1,1,0,1,1,1],1,14].
[[3,3,2,1,2,0,0,0,0],23,0].
[[1,6,0,0,0,0,2,1,0],2,0].
[[2,7,0,0,0,0,2,3,0],10,1].
[[3,7,0,1,2,0,1,2,0],4,1].
[[1,8,0,0,0,0,1,1,1],4,4].
[[3,3,1,1,2,1,2,3,0],9,1].
[[1,8,1,1,1,1,2,2,0],6,0].
[[2,7,1,1,1,1,2,2,0],1,1].
[[2,5,0,1,1,0,1,1,1],0,1].
[[2,2,0,0,0,0,0,0,0],1,0].
[[3,2,0,0,0,0,2,3,0],1,0].
[[2,9,1,1,1,0,2,1,1],0,2].
[[3,7,0,0,0,0,1,1,1],3,3].
[[3,3,1,0,0,0,1,1,1],6,0].
[[2,6,0,0,0,0,2,2,0],4,3].
[[3,6,0,1,2,0,2,1,0],3,2].
[[3,6,0,0,0,0,0,0,0],1,15].
[[3,6,0,1,1,1,2,1,1],2,1].
[[3,6,1,0,0,0,0,0,0],15,3].
[[3,6,1,1,1,1,2,1,0],2,1].
[[1,6,0,0,0,0,2,3,0],3,1].
[[2,7,2,1,1,0,0,0,0],3,0].
[[3,3,1,1,2,0,2,2,1],9,0].
[[3,6,0,1,1,1,1,1,1],2,0].
[[2,7,1,1,2,0,1,1,1],2,1].
[[3,6,1,1,1,0,2,3,1],4,0].
[[2,7,1,1,2,1,1,1,0],2,0].
[[2,7,1,1,2,0,2,1,0],3,2].
[[3,7,2,0,0,0,2,3,0],4,0].
[[3,2,1,1,1,1,0,0,0],2,0].
[[2,7,1,1,2,0,1,2,0],1,0].
[[2,9,2,1,1,0,2,1,1],0,6].
[[2,5,0,1,2,0,1,2,0],5,1].
[[2,6,1,1,2,0,1,1,1],3,0].
[[3,8,0,1,1,0,1,1,1],1,5].
[[3,8,1,0,0,0,0,0,0],0,5].
[[3,9,1,1,1,0,2,1,1],1,6].
[[3,7,0,1,1,1,2,1,1],5,5].
[[3,6,1,1,1,0,1,2,1],0,4].
[[2,6,1,1,2,1,2,1,0],2,0].
[[2,3,2,1,2,1,2,3,1],10,0].
[[3,8,1,1,1,1,0,0,0],1,2].
[[3,7,2,1,2,1,2,3,0],5,1].
[[1,7,1,1,2,1,1,1,1],0,1].
[[3,8,0,1,1,0,2,1,0],2,3].
[[1,7,2,0,0,0,2,3,0],4,1].
[[3,6,0,1,2,0,1,1,1],1,1].
[[1,6,1,0,0,0,2,2,0],3,0].
[[2,3,2,0,0,0,1,2,1],1,0].
[[3,3,2,1,2,0,1,2,1],11,0].
[[3,8,1,1,2,0,0,0,0],0,3].
[[1,6,1,1,2,1,2,1,0],1,0].
[[2,6,1,1,1,1,1,2,0],1,0].
[[3,7,0,1,1,1,2,1,0],3,7].
[[2,7,2,0,0,0,2,2,0],2,0].
[[1,6,1,0,0,0,1,1,1],0,1].
[[3,3,2,1,1,0,2,2,1],2,0].
[[3,7,1,1,1,0,0,0,0],4,2].
[[2,7,2,1,2,1,2,2,0],4,0].
[[2,5,0,1,1,1,1,1,0],6,0].
[[3,9,2,1,1,0,2,1,0],0,2].
[[3,9,2,1,1,0,1,1,0],0,6].
[[2,7,1,0,0,0,1,1,0],1,1].
[[3,7,1,1,2,0,1,1,0],4,2].
[[1,7,2,1,2,1,1,2,1],3,1].
[[3,6,1,1,2,0,2,2,0],3,0].
[[2,7,1,0,0,0,1,2,0],7,2].
[[3,4,0,1,2,0,2,3,0],0,2].
[[2,6,1,0,0,0,1,1,0],1,0].
[[3,6,1,0,0,0,1,1,0],3,0].
[[2,3,2,1,2,0,2,3,1],5,0].
[[1,8,1,1,2,1,1,1,0],1,0].
[[3,8,1,1,1,0,0,0,0],0,2].
[[1,3,2,0,0,0,2,2,1],3,0].
[[2,3,2,1,2,0,2,2,1],1,0].
[[3,9,2,1,1,0,1,1,1],0,8].
[[2,8,1,1,1,0,1,1,1],1,2].
[[3,3,0,0,0,0,0,0,0],0,2].
[[3,3,2,1,1,1,1,2,1],2,0].
[[3,7,2,0,0,0,1,1,0],0,3].
[[2,9,1,1,1,0,2,2,0],0,2].
[[2,9,2,1,1,0,1,1,0],2,3].
[[1,7,2,0,0,0,1,1,1],1,1].
[[2,7,0,0,0,0,2,1,1],3,1].
[[3,3,0,1,2,1,0,0,0],0,5].
[[2,2,1,0,0,0,2,3,1],1,0].
[[3,2,1,0,0,0,2,3,1],3,0].
[[1,8,0,1,2,1,1,2,1],4,0].
[[3,7,2,1,2,1,2,2,0],3,0].
[[2,4,1,1,2,0,2,2,0],12,1].
[[2,8,1,1,1,1,1,1,0],3,4].
[[3,2,1,1,2,1,2,2,1],2,0].
[[3,7,0,0,0,0,1,1,0],1,2].
[[1,7,2,1,2,1,2,3,0],1,0].
[[2,7,2,1,2,1,2,3,0],3,0].
[[2,2,1,0,0,0,2,1,1],1,0].
[[3,2,1,0,0,0,1,2,1],1,0].
[[2,9,1,1,2,0,2,1,0],3,3].
[[3,1,1,1,2,0,1,1,1],4,0].
[[2,3,1,0,0,0,1,2,1],4,0].
[[2,3,1,1,2,1,2,1,1],1,0].
[[3,6,1,1,2,0,0,0,0],6,1].
[[1,6,1,0,0,0,2,3,0],7,1].
[[2,3,2,1,2,0,2,1,1],4,0].
[[3,3,2,1,2,1,2,3,0],1,0].
[[3,7,0,1,2,0,1,1,1],2,1].
[[2,5,0,1,1,1,1,2,0],3,1].
[[3,3,2,0,0,0,1,1,1],3,0].
[[2,6,1,1,2,0,2,1,0],1,0].
[[1,6,0,0,0,0,2,2,1],1,1].
[[2,9,1,0,0,0,0,0,0],0,8].
[[3,9,1,0,0,0,0,0,0],0,4].
[[2,7,1,1,1,1,1,1,1],1,2].
[[1,7,2,0,0,0,2,2,0],2,0].
[[1,8,1,1,2,0,2,1,0],3,1].
[[3,4,1,1,2,0,0,0,0],4,3].
[[3,6,0,1,1,1,2,1,0],1,0].
[[3,2,1,0,0,0,1,2,0],1,0].
[[3,7,2,1,1,0,2,1,1],4,1].
[[3,7,1,1,1,0,2,1,0],2,0].
[[3,6,1,1,1,0,2,1,1],1,2].
[[1,6,1,1,2,1,2,1,1],6,0].
[[3,3,1,1,2,1,1,1,1],2,0].
[[3,9,2,1,2,1,0,0,0],0,3].
[[2,4,1,1,2,0,2,1,0],5,1].
[[3,4,1,1,2,0,2,1,0],10,1].
[[2,3,2,1,2,0,0,0,0],4,0].
[[3,2,1,1,2,0,2,2,1],1,0].
[[3,9,2,1,1,0,0,0,0],0,1].
[[1,7,2,1,2,0,1,1,1],1,0].
[[2,7,2,1,1,0,1,1,1],1,0].
[[2,7,2,1,2,0,2,3,0],2,0].
[[1,8,1,1,2,0,1,1,0],0,2].
[[2,9,1,1,1,0,1,1,1],0,2].
[[3,3,1,1,1,1,2,3,0],3,0].
[[3,3,1,0,0,0,2,1,0],2,0].
[[3,3,1,1,1,1,1,2,1],1,0].
[[3,7,1,1,1,0,1,2,0],2,1].
[[3,2,1,1,2,0,2,3,1],1,0].
[[2,7,2,1,2,1,1,2,0],1,0].
[[3,7,2,1,1,1,1,2,0],3,0].
[[1,8,1,1,1,1,1,2,0],1,0].
[[1,7,1,0,0,0,1,1,1],2,1].
[[3,1,1,1,2,0,1,2,0],2,1].
[[3,3,2,1,1,0,0,0,0],3,0].
[[3,7,0,1,2,0,2,1,0],2,2].
[[3,7,2,1,1,1,2,3,0],1,0].
[[3,3,1,1,1,1,1,2,0],1,0].
[[2,6,1,1,1,1,2,1,1],5,0].
[[3,3,1,1,2,1,2,2,0],3,0].
[[2,3,2,0,0,0,2,3,0],2,0].
[[2,6,0,1,2,1,1,2,1],1,1].
[[3,7,0,1,2,0,1,1,0],1,0].
[[3,3,1,1,2,1,2,1,0],3,0].
[[2,2,0,0,0,0,2,1,0],1,0].
[[3,2,0,1,2,1,2,1,0],1,0].
[[1,6,0,0,0,0,2,3,1],0,1].
[[3,4,0,1,2,0,2,2,1],0,2].
[[2,5,0,1,2,0,1,1,0],4,1].
[[2,6,1,1,1,1,2,2,0],1,0].
[[3,9,2,1,2,0,0,0,0],0,1].
[[3,7,1,1,1,0,2,2,0],1,0].
[[2,3,1,1,2,1,2,2,1],1,1].
[[2,9,1,1,1,1,0,0,0],2,2].
[[2,7,2,0,0,0,1,1,0],0,2].
[[2,9,1,1,1,0,2,2,1],1,1].
[[2,6,1,1,2,0,2,3,0],2,0].
[[1,6,1,1,2,1,2,2,0],2,0].
[[2,3,1,1,2,1,2,2,0],1,0].
[[3,6,1,0,0,0,1,2,0],3,0].
[[3,3,1,0,0,0,2,2,0],4,0].
[[3,4,0,1,2,0,1,1,0],0,1].
[[3,4,0,1,2,0,1,1,1],0,2].
[[2,6,1,0,0,0,2,1,0],6,0].
[[3,3,2,1,1,0,1,2,1],1,0].
[[1,2,1,0,0,0,0,0,0],1,0].
[[3,2,1,1,2,1,2,3,1],1,0].
[[3,3,1,1,2,0,1,1,1],1,0].
[[3,6,1,1,1,0,2,3,0],1,1].
[[1,6,1,0,0,0,2,1,0],1,0].
[[2,3,1,0,0,0,2,1,0],1,0].
[[3,3,1,1,1,1,1,1,1],1,1].
[[2,7,0,1,2,1,1,2,0],2,0].
[[3,3,1,1,1,1,2,2,0],1,0].
[[3,2,0,1,2,1,0,0,0],1,0].
[[2,6,0,1,2,1,1,2,0],1,0].
[[3,3,1,1,2,1,1,2,0],3,0].
[[3,2,1,0,0,0,2,2,1],1,0].
[[2,7,0,0,0,0,1,2,0],2,0].
[[3,3,1,1,2,0,2,3,0],2,0].
[[2,9,1,1,1,0,1,1,0],0,1].
[[1,6,1,1,2,1,1,1,1],1,0].
[[2,3,2,1,2,1,1,1,1],1,0].
[[3,3,2,1,1,1,1,1,1],2,0].
[[3,4,0,1,2,0,2,3,1],0,1].
[[3,3,2,1,2,0,1,1,1],2,0].
[[3,3,0,1,2,1,2,2,1],0,1].
[[2,3,1,1,2,1,1,2,1],1,0].
[[2,6,1,1,2,0,1,2,0],1,0].
[[3,3,2,1,1,1,0,0,0],2,0].
[[1,8,0,1,2,1,1,1,1],1,0].
[[2,7,0,1,2,1,1,1,1],1,0].
[[2,7,0,1,2,1,1,1,0],1,0].
[[3,7,0,1,1,1,1,1,0],2,0].
[[2,1,1,1,2,0,1,2,0],0,1].
[[2,8,1,1,1,0,2,1,0],0,1].
[[3,6,1,1,1,0,1,1,1],1,0].
[[3,7,1,1,1,0,1,1,0],0,1].
[[3,3,2,1,2,1,1,2,0],1,0].
[[3,2,0,0,0,0,2,3,1],1,0].
[[3,6,1,1,1,1,1,1,0],0,1].
[[3,6,0,1,1,1,1,2,1],1,1].
[[3,9,1,1,2,0,0,0,0],0,1].
[[2,6,1,1,1,1,1,1,1],1,0].
[[3,2,1,1,2,0,2,3,0],1,0].
[[3,2,1,1,2,1,2,2,0],1,0].
[[3,9,2,1,1,1,0,0,0],0,1].
[[2,5,0,1,1,0,1,1,0],1,0].
