total_WL(22828,13843).
[[1,9,2,1,2,1,0,0,0],230,462].
[[2,9,2,1,2,1,2,3,0],228,455].
[[3,5,0,1,2,1,2,1,0],26,1].
[[1,8,0,0,0,0,1,2,0],49,25].
[[2,6,0,0,0,0,1,2,0],3,3].
[[3,6,0,0,0,0,1,2,0],9,4].
[[1,9,2,0,0,0,1,2,0],437,391].
[[2,9,2,0,0,0,1,1,0],98,212].
[[3,9,2,1,2,1,1,1,0],93,309].
[[1,9,2,0,0,0,2,3,0],1086,1111].
[[2,9,2,0,0,0,1,2,0],412,449].
[[3,8,1,0,0,0,1,2,0],197,28].
[[1,9,2,0,0,0,0,0,0],534,1087].
[[2,9,2,0,0,0,2,1,2],298,382].
[[3,9,2,0,0,0,2,1,2],33,61].
[[1,8,0,0,0,0,2,1,2],296,195].
[[2,8,0,0,0,0,2,1,2],260,226].
[[3,6,0,1,2,1,2,1,2],23,20].
[[1,9,2,1,1,1,2,3,2],24,15].
[[2,9,2,1,1,1,2,1,2],89,80].
[[3,8,0,1,1,1,2,1,2],75,109].
[[2,9,2,1,2,1,2,2,0],157,296].
[[3,9,2,1,2,1,2,2,0],4,148].
[[1,9,2,1,2,1,2,3,0],472,436].
[[2,8,1,1,2,1,2,3,1],289,42].
[[3,7,2,1,2,1,1,2,2],153,15].
[[1,8,0,0,0,0,2,1,0],86,65].
[[2,8,0,0,0,0,2,1,0],107,117].
[[3,8,0,0,0,0,2,1,0],20,66].
[[2,9,2,1,2,1,0,0,0],11,81].
[[3,9,2,1,2,1,2,1,2],89,190].
[[1,8,0,0,0,0,1,1,2],38,17].
[[2,8,0,0,0,0,1,1,2],93,64].
[[3,8,0,0,0,0,1,1,2],63,56].
[[1,8,1,0,0,0,2,3,0],420,50].
[[2,8,1,1,2,1,2,1,0],111,23].
[[3,8,1,1,1,1,1,2,0],148,33].
[[2,9,2,1,2,1,1,2,0],360,379].
[[3,9,2,1,2,1,1,2,0],349,675].
[[1,9,2,1,2,1,1,1,2],167,91].
[[2,8,1,1,2,1,1,1,2],155,43].
[[3,8,1,1,2,1,1,1,2],287,68].
[[1,8,0,0,0,0,2,3,1],44,17].
[[2,8,0,0,0,0,2,3,1],55,24].
[[3,5,0,1,2,1,1,2,1],119,2].
[[1,9,2,1,2,1,1,2,0],185,108].
[[3,8,0,1,2,1,1,2,0],331,290].
[[1,9,2,0,0,0,2,1,2],979,959].
[[2,8,0,1,2,0,2,1,2],34,37].
[[3,8,0,1,2,0,2,1,2],54,71].
[[1,9,2,0,0,0,2,3,2],391,466].
[[2,9,2,1,2,1,2,3,2],81,174].
[[3,9,2,1,2,1,2,3,2],15,48].
[[1,6,1,0,0,0,2,2,1],24,1].
[[2,6,1,1,2,0,2,2,1],7,0].
[[3,6,1,1,2,0,2,2,1],14,0].
[[1,8,0,0,0,0,0,0,0],743,746].
[[2,8,0,1,2,1,0,0,0],107,271].
[[3,7,1,1,1,1,2,2,1],35,9].
[[1,8,1,0,0,0,2,3,1],489,77].
[[2,8,1,1,2,0,1,2,1],46,16].
[[3,6,1,1,2,0,1,2,1],7,0].
[[1,9,2,1,2,1,2,2,0],313,307].
[[2,8,1,1,2,1,2,2,0],200,34].
[[3,8,0,1,2,0,2,3,1],14,12].
[[1,9,2,0,0,0,1,1,2],357,224].
[[2,8,1,0,0,0,1,1,2],192,48].
[[3,6,1,0,0,0,1,1,2],16,1].
[[3,5,0,1,2,1,1,2,0],52,0].
[[2,8,0,0,0,0,2,3,0],285,265].
[[3,8,0,1,2,1,2,2,0],105,260].
[[1,9,2,1,2,0,2,1,2],46,46].
[[2,9,2,1,2,0,2,1,2],59,103].
[[3,9,2,1,1,0,2,1,2],6,13].
[[1,5,0,1,2,1,1,1,2],33,0].
[[2,5,0,1,1,1,1,1,2],39,2].
[[3,5,0,1,1,1,1,1,2],127,5].
[[1,8,1,0,0,0,2,2,0],279,43].
[[2,6,1,1,2,1,2,2,0],24,1].
[[3,6,1,1,2,1,2,3,1],47,2].
[[2,9,2,1,2,0,1,2,0],65,136].
[[3,9,2,1,2,0,1,1,2],29,78].
[[1,9,2,0,0,0,2,2,2],391,454].
[[2,8,0,1,2,0,2,2,2],10,17].
[[3,8,0,1,1,0,1,2,0],6,15].
[[1,9,2,0,0,0,2,2,0],688,751].
[[2,9,2,0,0,0,2,2,0],159,284].
[[3,8,0,1,2,0,2,2,0],21,68].
[[2,9,2,0,0,0,2,3,0],222,452].
[[3,9,2,1,2,0,1,2,0],91,230].
[[2,9,2,1,2,1,2,2,2],85,176].
[[3,8,0,1,2,1,2,2,2],62,123].
[[1,8,1,0,0,0,0,0,0],1800,427].
[[2,8,1,0,0,0,0,0,0],210,83].
[[3,8,1,0,0,0,2,3,1],97,19].
[[2,8,1,0,0,0,2,2,0],214,52].
[[1,8,1,0,0,0,1,2,2],189,41].
[[2,6,1,0,0,0,1,2,2],13,1].
[[3,3,1,0,0,0,1,2,2],1,1].
[[2,8,1,1,2,1,1,2,1],129,22].
[[3,8,1,1,1,1,1,2,1],88,10].
[[1,9,2,1,2,1,2,2,2],143,173].
[[2,9,2,1,1,1,1,2,2],77,59].
[[3,8,0,1,1,1,1,2,2],56,76].
[[1,7,2,0,0,0,1,2,2],21,6].
[[2,7,2,0,0,0,1,2,2],68,8].
[[3,8,0,1,2,1,2,3,0],133,372].
[[2,8,1,1,2,0,2,2,0],59,20].
[[3,8,1,1,2,0,2,2,1],87,19].
[[3,9,2,1,2,1,2,3,0],10,202].
[[2,8,1,0,0,0,2,3,1],347,53].
[[3,8,1,1,2,0,1,2,1],83,16].
[[2,7,1,0,0,0,1,2,2],38,8].
[[3,7,1,1,2,1,1,2,2],153,32].
[[1,9,2,1,2,1,2,3,2],147,189].
[[3,9,2,1,2,1,1,2,2],150,362].
[[1,9,2,0,0,0,1,2,2],522,380].
[[2,9,2,0,0,0,1,2,2],307,325].
[[3,8,1,1,2,0,1,2,2],142,36].
[[3,6,1,0,0,0,1,2,2],24,4].
[[1,8,1,1,2,1,0,0,0],605,130].
[[2,8,1,1,2,1,0,0,0],199,83].
[[3,8,1,1,2,1,2,2,2],188,25].
[[3,8,1,1,2,1,2,2,1],207,42].
[[3,8,1,1,2,1,2,3,1],230,58].
[[1,8,0,0,0,0,2,3,2],119,104].
[[2,8,0,0,0,0,2,3,2],109,142].
[[3,8,0,0,0,0,1,2,2],76,109].
[[1,9,2,0,0,0,2,3,1],202,98].
[[2,8,1,0,0,0,2,2,2],268,45].
[[3,6,1,0,0,0,2,2,2],21,0].
[[1,8,1,0,0,0,2,2,1],375,62].
[[2,8,1,0,0,0,2,2,1],275,43].
[[3,8,1,1,2,1,1,1,1],26,12].
[[1,8,0,1,2,1,0,0,0],239,263].
[[2,7,0,1,2,1,0,0,0],29,29].
[[3,7,0,1,2,1,2,2,0],38,38].
[[1,9,2,1,2,0,2,1,0],15,22].
[[2,9,2,1,2,0,1,1,0],22,72].
[[3,8,0,1,2,0,1,1,0],23,51].
[[1,8,1,1,2,1,2,3,1],146,19].
[[2,9,2,1,2,1,2,1,0],62,151].
[[3,8,0,1,1,1,2,1,0],18,42].
[[1,7,2,1,2,1,0,0,0],41,1].
[[2,7,2,1,2,1,2,3,2],46,4].
[[3,7,2,1,1,1,2,3,2],24,2].
[[1,8,0,0,0,0,2,2,0],156,107].
[[2,7,0,1,2,1,2,2,0],9,3].
[[3,7,0,1,2,1,1,2,0],35,11].
[[2,8,0,1,2,1,2,3,1],51,28].
[[3,8,0,1,1,1,2,3,1],20,13].
[[2,8,1,0,0,0,1,2,1],152,26].
[[3,5,0,1,2,0,1,2,1],43,4].
[[1,8,0,1,2,1,2,2,2],42,32].
[[2,8,0,1,2,1,1,2,2],127,84].
[[3,7,2,1,1,1,0,0,0],16,0].
[[1,8,0,1,2,1,2,1,2],124,66].
[[2,8,0,1,2,1,2,1,2],263,233].
[[3,7,1,1,2,1,2,1,2],330,67].
[[2,9,2,1,2,1,2,1,2],297,425].
[[3,9,2,1,2,1,1,1,2],123,218].
[[2,8,0,0,0,0,1,2,0],155,91].
[[1,8,1,0,0,0,2,3,2],432,80].
[[2,6,1,0,0,0,2,3,2],38,1].
[[3,6,1,0,0,0,2,3,2],26,1].
[[1,9,2,1,2,1,2,1,0],166,150].
[[2,8,0,1,2,1,2,1,0],94,90].
[[3,8,0,1,2,1,2,1,0],48,111].
[[1,8,0,0,0,0,2,2,2],124,105].
[[2,8,0,0,0,0,2,2,2],106,102].
[[3,9,2,1,1,1,1,1,0],40,107].
[[3,8,1,1,2,1,1,2,1],202,27].
[[1,9,2,1,2,0,0,0,0],21,59].
[[2,9,2,1,2,0,2,1,0],19,49].
[[3,8,1,1,2,0,2,3,1],68,24].
[[2,8,1,1,2,1,2,3,0],244,48].
[[3,8,1,1,2,1,2,3,0],121,46].
[[2,7,1,0,0,0,2,2,2],86,21].
[[3,7,1,0,0,0,2,2,2],78,13].
[[3,8,0,1,2,1,2,1,2],269,336].
[[1,9,2,0,0,0,1,1,0],119,216].
[[2,8,0,0,0,0,1,1,0],39,48].
[[3,7,0,1,2,0,1,1,0],1,1].
[[3,9,2,0,0,0,1,1,0],33,122].
[[1,6,0,0,0,0,2,2,2],4,2].
[[2,6,0,0,0,0,2,2,2],11,2].
[[3,6,0,1,2,1,1,2,2],16,5].
[[2,8,0,0,0,0,2,2,0],170,202].
[[3,7,0,0,0,0,2,2,0],19,14].
[[2,8,1,0,0,0,1,2,0],236,38].
[[3,7,1,1,2,1,1,2,0],133,2].
[[1,8,0,0,0,0,2,3,0],225,144].
[[3,8,0,1,2,1,1,1,0],103,172].
[[2,8,1,1,2,1,2,2,2],212,47].
[[3,8,1,1,1,1,1,2,2],129,29].
[[2,8,1,1,2,0,0,0,0],52,32].
[[3,8,1,1,1,0,2,3,0],7,11].
[[1,8,1,0,0,0,2,2,2],442,74].
[[3,8,1,1,2,1,1,2,2],389,72].
[[1,7,2,0,0,0,2,2,2],63,5].
[[2,7,2,1,2,1,1,1,2],32,9].
[[3,7,2,1,2,1,1,1,2],106,23].
[[2,7,1,0,0,0,2,2,1],76,6].
[[3,7,1,0,0,0,2,2,1],66,11].
[[3,8,1,1,2,0,1,1,2],107,26].
[[1,9,2,0,0,0,2,1,0],397,433].
[[3,8,1,1,2,1,1,1,0],147,69].
[[2,9,2,1,2,1,1,1,2],196,206].
[[2,7,1,1,2,1,0,0,0],218,54].
[[3,7,2,1,2,1,2,1,2],220,21].
[[1,7,1,1,2,1,0,0,0],64,12].
[[2,7,2,1,2,1,0,0,0],96,4].
[[1,8,1,0,0,0,2,1,0],158,27].
[[2,6,1,1,2,1,2,1,0],10,0].
[[3,3,2,1,2,1,2,1,0],1,0].
[[2,9,2,1,1,1,2,2,0],47,58].
[[3,4,1,1,2,0,1,2,0],111,5].
[[1,8,1,1,1,1,2,1,2],21,3].
[[2,4,1,1,2,0,2,1,2],20,0].
[[3,4,1,1,2,0,2,1,2],75,0].
[[3,8,1,1,1,0,1,1,0],7,15].
[[1,9,2,1,2,0,2,3,1],5,7].
[[2,9,2,1,1,0,2,3,1],0,2].
[[3,8,0,1,1,0,2,3,1],0,3].
[[3,7,1,1,2,1,2,3,1],197,36].
[[1,8,1,0,0,0,2,1,2],870,147].
[[2,8,1,1,2,1,1,2,2],229,42].
[[3,7,1,0,0,0,2,2,0],56,9].
[[3,8,0,0,0,0,2,2,0],40,94].
[[1,8,1,1,2,1,2,1,2],323,52].
[[2,6,1,1,2,1,2,1,2],46,1].
[[3,6,1,1,2,1,2,1,2],79,1].
[[2,9,2,0,0,0,1,1,2],221,186].
[[3,5,0,0,0,0,1,1,2],184,2].
[[1,9,2,1,2,1,1,2,2],231,146].
[[1,6,1,0,0,0,2,3,0],15,0].
[[2,6,1,0,0,0,1,2,0],6,0].
[[3,6,1,1,2,1,1,2,0],29,0].
[[2,8,1,1,2,0,2,3,2],56,27].
[[3,8,1,1,2,0,2,3,2],67,18].
[[2,8,1,1,2,0,1,2,2],86,32].
[[3,8,1,1,1,0,1,2,2],21,25].
[[2,9,2,0,0,0,2,3,1],70,54].
[[3,7,1,1,2,1,2,2,2],146,21].
[[2,8,0,1,2,1,2,3,0],244,271].
[[1,9,2,1,1,1,2,2,2],33,17].
[[2,9,2,1,1,1,2,2,2],31,36].
[[1,7,1,0,0,0,0,0,0],324,61].
[[2,7,1,0,0,0,2,2,0],51,3].
[[3,7,1,1,2,0,1,2,0],51,6].
[[3,8,1,1,1,0,2,1,2],21,32].
[[3,8,1,0,0,0,2,2,0],33,14].
[[3,8,1,1,2,1,2,1,0],41,16].
[[3,8,1,0,0,0,1,2,1],93,12].
[[1,9,2,0,0,0,2,2,1],151,64].
[[2,9,2,0,0,0,2,2,1],71,44].
[[2,8,0,1,2,0,2,3,0],37,47].
[[3,8,0,1,2,0,2,3,0],32,95].
[[2,7,1,0,0,0,0,0,0],314,88].
[[3,7,1,1,2,1,2,3,2],133,19].
[[2,9,2,1,2,0,2,3,0],47,117].
[[3,9,2,1,1,0,1,2,0],11,44].
[[2,7,1,1,2,0,2,1,0],3,0].
[[3,7,1,1,2,1,2,1,0],74,17].
[[3,8,0,0,0,0,2,2,2],37,63].
[[1,7,2,0,0,0,0,0,0],218,22].
[[2,7,2,1,2,0,0,0,0],42,5].
[[3,7,2,1,2,0,2,2,0],12,0].
[[2,7,1,1,2,0,0,0,0],48,19].
[[3,7,1,1,2,0,2,1,2],117,29].
[[2,7,1,1,2,1,2,1,2],120,16].
[[1,9,2,1,2,1,1,1,0],49,66].
[[2,9,2,1,2,1,1,1,0],107,230].
[[3,8,0,1,1,1,1,1,0],37,54].
[[3,8,0,0,0,0,2,3,0],57,167].
[[2,8,1,1,2,0,2,3,1],74,23].
[[3,7,2,1,2,0,1,2,2],68,7].
[[3,8,0,0,0,0,1,2,0],152,110].
[[1,8,0,1,2,1,2,3,2],46,29].
[[2,8,0,1,1,1,2,3,2],23,23].
[[3,7,1,1,1,1,2,3,2],32,6].
[[2,9,2,1,2,1,1,2,2],247,314].
[[1,8,1,1,2,1,2,2,1],118,16].
[[2,7,1,1,2,1,2,2,1],52,9].
[[3,7,1,1,2,0,2,3,2],42,7].
[[3,9,2,0,0,0,1,1,2],53,88].
[[3,9,2,1,2,1,2,3,1],18,37].
[[3,9,2,1,2,0,2,2,0],2,28].
[[3,8,1,1,2,1,2,2,0],68,29].
[[2,9,2,1,2,1,2,3,1],86,54].
[[1,8,1,0,0,0,1,2,1],116,28].
[[3,9,2,1,1,1,1,1,2],45,103].
[[2,9,2,1,1,1,2,3,2],19,33].
[[3,8,0,1,1,1,2,3,2],24,38].
[[2,8,1,0,0,0,2,3,0],355,58].
[[3,7,1,1,2,1,2,3,0],156,28].
[[3,9,2,1,2,0,1,2,2],53,100].
[[1,9,2,1,2,0,1,1,2],15,7].
[[2,9,2,1,1,0,1,1,2],1,7].
[[3,9,2,1,1,0,1,1,2],7,19].
[[1,9,2,1,2,1,2,1,2],451,422].
[[2,8,1,1,2,1,2,1,2],519,98].
[[1,8,1,1,2,1,2,3,2],119,20].
[[2,7,1,1,2,1,2,3,2],48,8].
[[3,8,1,0,0,0,1,1,0],54,36].
[[1,5,0,0,0,0,1,1,0],10,0].
[[2,5,0,1,2,0,1,1,0],1,2].
[[3,5,0,1,2,0,1,1,0],13,3].
[[2,8,1,0,0,0,2,1,0],122,30].
[[3,7,1,0,0,0,2,1,0],33,9].
[[1,9,2,0,0,0,1,2,1],60,20].
[[2,9,2,1,2,0,1,2,1],6,3].
[[3,9,2,1,2,0,1,2,1],11,4].
[[2,6,1,0,0,0,2,2,2],34,2].
[[2,8,1,0,0,0,2,3,2],269,40].
[[3,8,1,0,0,0,2,2,2],75,12].
[[2,8,1,1,2,0,1,1,2],46,18].
[[2,9,2,1,2,0,1,1,2],39,50].
[[3,9,2,0,0,0,1,2,0],122,268].
[[2,8,0,1,2,1,2,2,2],83,108].
[[3,8,0,1,2,1,1,2,2],201,280].
[[1,8,1,1,2,1,1,2,2],60,10].
[[2,6,0,0,0,0,2,3,0],15,6].
[[3,5,0,0,0,0,2,3,0],37,1].
[[3,9,2,1,2,0,2,3,0],3,55].
[[3,8,1,1,2,1,1,2,0],439,62].
[[3,8,1,0,0,0,2,3,0],54,26].
[[3,3,1,0,0,0,2,2,0],11,0].
[[2,8,1,1,2,1,1,2,0],163,32].
[[3,7,1,1,1,1,1,2,2],37,8].
[[3,7,1,0,0,0,0,0,0],71,13].
[[3,9,2,1,1,1,1,2,2],34,142].
[[3,8,1,1,1,1,2,2,0],30,14].
[[1,8,1,1,2,0,2,2,2],13,14].
[[2,7,1,1,2,0,2,2,2],17,6].
[[3,7,1,1,1,0,2,2,2],4,5].
[[1,7,1,0,0,0,2,2,2],24,9].
[[3,7,1,1,1,0,1,1,2],0,7].
[[2,9,2,0,0,0,2,1,0],68,160].
[[2,8,1,0,0,0,1,2,2],295,50].
[[3,8,1,1,2,1,2,3,2],160,27].
[[1,9,2,1,2,0,2,2,2],12,20].
[[2,9,2,1,1,0,2,2,2],0,7].
[[3,9,2,1,1,0,2,2,2],1,8].
[[2,8,0,1,2,1,2,2,0],179,179].
[[3,7,0,1,2,0,2,1,2],6,6].
[[3,6,0,1,2,1,2,2,0],21,11].
[[3,7,1,1,1,1,2,1,2],105,14].
[[1,9,2,1,1,1,2,2,0],44,22].
[[2,4,1,1,2,0,2,2,0],18,0].
[[3,4,1,1,2,0,2,2,0],35,1].
[[3,7,1,1,1,1,1,2,0],34,6].
[[3,9,2,1,1,1,1,2,0],111,272].
[[1,8,0,1,2,1,2,3,1],12,12].
[[2,8,0,1,1,1,1,2,1],2,1].
[[3,1,1,1,2,0,1,1,1],2,0].
[[2,8,0,0,0,0,2,2,1],41,20].
[[3,7,0,1,2,1,2,2,1],3,4].
[[2,5,0,1,2,1,1,2,1],34,1].
[[3,5,0,1,1,1,1,2,1],36,1].
[[2,7,2,0,0,0,2,1,2],182,13].
[[2,8,0,1,1,1,2,1,2],39,30].
[[2,8,1,1,1,1,2,3,1],57,9].
[[3,7,2,1,1,1,2,1,2],45,6].
[[2,8,0,1,2,1,1,2,0],120,88].
[[2,8,0,1,2,0,0,0,0],15,53].
[[3,8,0,1,2,0,2,1,0],8,42].
[[2,9,2,1,1,1,2,3,0],66,94].
[[2,8,1,1,2,1,2,3,2],212,42].
[[2,7,2,1,1,1,2,3,2],5,0].
[[2,8,1,0,0,0,1,1,0],80,39].
[[1,7,2,0,0,0,2,1,2],129,12].
[[2,7,2,1,2,0,2,1,2],39,5].
[[3,7,2,1,2,0,2,1,2],90,8].
[[3,8,0,1,2,1,1,1,2],149,191].
[[3,7,1,0,0,0,2,1,2],163,30].
[[2,9,2,1,2,1,2,2,1],79,41].
[[3,9,2,1,1,1,2,2,1],11,25].
[[1,9,2,1,2,0,2,3,0],65,50].
[[2,9,2,1,2,0,2,3,2],22,57].
[[3,8,0,1,2,0,2,3,2],28,40].
[[1,9,2,1,1,1,1,2,2],28,14].
[[2,8,1,1,1,1,1,2,2],44,4].
[[3,4,1,1,2,0,1,2,2],82,8].
[[2,8,0,1,2,0,2,3,2],14,11].
[[1,9,2,1,1,1,2,3,0],80,34].
[[2,9,2,1,1,1,1,2,0],101,83].
[[2,8,0,1,2,0,1,2,2],13,21].
[[3,5,0,1,2,0,1,1,2],118,8].
[[2,8,1,1,1,1,0,0,0],28,9].
[[3,8,1,1,1,1,2,3,0],39,14].
[[1,8,1,0,0,0,1,1,2],133,32].
[[3,7,2,1,1,1,1,1,2],23,10].
[[3,7,0,0,0,0,2,3,0],27,24].
[[3,7,1,1,2,1,1,2,1],86,9].
[[1,9,2,1,2,1,2,3,1],88,39].
[[2,7,2,1,2,1,2,3,0],13,0].
[[3,7,2,1,2,1,2,2,2],88,7].
[[2,8,1,1,2,0,2,1,2],140,62].
[[2,8,1,0,0,0,2,1,2],606,109].
[[3,8,1,0,0,0,2,1,2],221,40].
[[2,8,0,1,2,0,2,2,0],29,27].
[[3,8,1,1,2,0,1,2,0],181,30].
[[3,7,1,1,2,0,2,3,0],46,10].
[[2,8,0,0,0,0,1,2,2],140,95].
[[3,7,0,0,0,0,1,2,2],10,7].
[[1,9,2,1,1,1,2,3,1],12,4].
[[2,8,1,1,1,1,2,2,2],56,3].
[[3,8,1,1,2,0,2,3,0],42,21].
[[2,3,1,0,0,0,2,2,2],5,1].
[[3,7,0,1,1,1,0,0,0],3,11].
[[1,9,2,1,2,1,1,2,1],19,11].
[[2,9,2,1,2,1,1,2,1],35,17].
[[3,9,2,1,2,1,1,1,1],4,5].
[[2,8,1,1,1,1,2,2,1],55,3].
[[3,6,1,1,1,1,2,2,1],10,0].
[[2,9,2,1,1,1,1,1,0],34,36].
[[3,8,1,1,1,1,1,1,1],5,7].
[[3,7,1,1,2,1,2,2,0],111,17].
[[2,8,1,1,2,0,2,3,0],65,22].
[[3,8,1,1,1,0,1,2,0],24,21].
[[3,5,0,1,2,1,1,1,2],406,7].
[[3,7,2,1,2,1,2,1,0],20,0].
[[2,7,1,1,2,0,2,3,0],13,4].
[[2,7,0,0,0,0,0,0,0],31,27].
[[3,7,1,1,2,1,0,0,0],137,67].
[[2,7,1,0,0,0,2,1,2],183,18].
[[2,9,2,0,0,0,2,2,2],106,158].
[[1,7,1,0,0,0,2,1,2],50,7].
[[3,7,1,1,2,1,1,1,2],107,31].
[[3,8,0,1,1,1,2,3,0],45,130].
[[2,7,2,0,0,0,0,0,0],167,12].
[[3,7,2,1,2,1,0,0,0],71,4].
[[3,7,1,1,1,1,2,1,1],8,0].
[[1,8,1,1,2,1,2,3,0],145,10].
[[2,7,1,1,2,1,2,3,0],58,2].
[[1,7,1,0,0,0,2,3,1],28,4].
[[2,7,1,1,2,1,2,3,1],61,9].
[[3,9,2,1,2,0,1,1,0],32,105].
[[1,9,2,1,1,1,0,0,0],33,33].
[[2,9,2,1,1,1,0,0,0],4,23].
[[3,8,1,1,1,1,2,2,1],70,16].
[[2,9,2,1,1,1,2,2,1],8,13].
[[2,8,1,1,1,1,2,2,0],35,9].
[[3,7,1,1,1,1,2,2,0],30,8].
[[1,8,0,1,2,1,2,3,0],69,56].
[[1,9,2,1,2,0,2,2,0],26,39].
[[2,6,0,0,0,0,2,2,0],11,8].
[[3,6,0,0,0,0,2,2,0],9,6].
[[2,8,0,0,0,0,0,0,0],110,286].
[[3,8,0,0,0,0,0,0,0],3,25].
[[2,6,1,1,2,1,0,0,0],95,5].
[[3,7,1,0,0,0,2,3,2],68,11].
[[3,3,1,1,2,1,2,3,0],21,0].
[[3,7,2,1,1,1,1,2,0],11,0].
[[3,8,1,0,0,0,2,2,1],76,21].
[[2,8,1,1,2,1,2,2,1],234,33].
[[3,8,0,1,1,1,2,2,0],31,81].
[[2,9,2,1,2,0,2,2,2],21,47].
[[3,9,2,1,2,0,2,2,2],12,17].
[[3,9,2,1,2,1,2,2,2],21,53].
[[3,8,0,0,0,0,2,1,2],130,114].
[[3,7,1,1,2,1,2,1,1],21,0].
[[3,8,1,1,1,1,2,1,2],151,36].
[[1,8,0,0,0,0,1,2,2],88,29].
[[3,7,1,1,2,0,1,2,2],74,11].
[[3,7,2,1,1,0,0,0,0],1,4].
[[2,5,0,1,2,1,1,1,2],176,1].
[[1,5,0,0,0,0,2,1,0],21,0].
[[2,5,0,0,0,0,2,1,0],24,0].
[[2,7,2,1,2,1,2,1,2],103,9].
[[3,3,2,1,2,1,2,1,2],29,0].
[[3,8,0,1,2,0,1,2,0],83,99].
[[3,8,0,1,2,0,1,1,2],35,38].
[[3,7,0,0,0,0,1,1,0],6,2].
[[3,3,2,1,2,0,0,0,0],13,0].
[[3,9,2,0,0,0,2,2,0],3,53].
[[3,8,1,1,2,1,2,1,2],456,91].
[[3,8,0,1,1,1,2,2,2],19,57].
[[3,7,2,0,0,0,2,1,2],111,8].
[[2,8,1,1,1,1,1,2,0],25,5].
[[3,8,1,0,0,0,2,3,2],75,12].
[[3,7,1,1,1,1,1,1,2],26,9].
[[1,6,1,1,2,1,2,1,2],9,1].
[[2,6,1,1,2,1,1,2,2],9,0].
[[3,6,1,1,1,1,1,1,2],8,0].
[[1,6,1,0,0,0,0,0,0],233,7].
[[2,6,1,1,2,0,0,0,0],19,1].
[[3,6,1,1,2,0,2,1,0],8,0].
[[2,8,0,1,1,1,2,2,2],12,19].
[[2,9,2,1,2,0,1,2,2],65,87].
[[3,9,2,1,2,1,2,1,0],0,67].
[[2,7,1,1,2,0,2,1,2],20,6].
[[3,7,1,1,2,0,1,1,2],38,4].
[[1,6,1,0,0,0,2,1,2],44,1].
[[2,5,0,0,0,0,1,1,2],159,4].
[[1,8,0,1,2,1,2,1,0],35,13].
[[2,7,0,1,2,1,2,1,0],1,4].
[[3,7,0,1,2,1,2,1,0],23,14].
[[2,7,1,0,0,0,2,3,2],76,15].
[[3,3,1,0,0,0,2,3,2],14,0].
[[3,7,0,0,0,0,1,1,2],3,6].
[[2,8,1,1,2,0,1,2,0],58,19].
[[3,8,1,1,1,1,1,1,2],93,28].
[[2,8,0,1,1,1,2,3,0],34,25].
[[3,8,1,0,0,0,1,2,2],174,22].
[[1,8,1,1,2,0,2,3,0],12,7].
[[3,7,2,1,2,0,0,0,0],32,4].
[[2,8,0,1,2,1,1,1,0],38,35].
[[2,5,0,0,0,0,2,3,0],46,0].
[[3,5,0,0,0,0,1,2,0],26,0].
[[3,9,2,1,2,0,2,1,2],32,52].
[[2,7,2,0,0,0,2,3,2],73,6].
[[3,7,2,0,0,0,1,2,2],81,4].
[[3,9,2,0,0,0,1,2,2],62,136].
[[3,7,1,1,1,1,2,3,0],45,9].
[[3,8,0,0,0,0,1,1,0],32,73].
[[3,7,1,1,2,1,2,2,1],133,20].
[[3,9,2,0,0,0,2,2,1],6,14].
[[3,7,1,0,0,0,2,3,0],77,4].
[[3,7,1,1,1,1,0,0,0],24,12].
[[1,8,1,0,0,0,1,2,0],89,25].
[[2,7,1,0,0,0,1,2,0],17,2].
[[3,7,1,0,0,0,1,2,0],65,3].
[[3,7,1,0,0,0,1,2,2],84,19].
[[3,7,0,0,0,0,2,2,2],11,8].
[[1,8,1,1,2,1,2,1,1],17,2].
[[2,8,1,1,1,1,2,1,1],6,0].
[[3,4,1,1,2,0,1,2,1],34,2].
[[3,6,1,1,2,0,1,2,2],21,3].
[[2,5,0,1,2,1,2,1,0],18,2].
[[3,5,0,1,1,1,2,1,0],16,1].
[[2,7,1,0,0,0,1,2,1],21,1].
[[3,7,1,1,2,0,1,2,1],45,2].
[[3,7,0,1,2,1,0,0,0],22,47].
[[3,8,1,1,2,0,2,1,2],168,40].
[[3,6,1,1,2,0,1,1,2],9,3].
[[1,8,1,1,2,1,2,2,0],91,20].
[[2,9,2,1,2,0,2,3,1],16,22].
[[1,9,2,1,2,0,1,2,2],22,22].
[[3,8,0,1,2,0,1,2,2],47,79].
[[2,4,1,1,2,0,2,1,0],7,1].
[[3,4,1,1,2,0,2,1,0],23,0].
[[2,7,2,1,1,1,2,1,2],13,3].
[[3,7,0,1,2,0,2,3,0],6,10].
[[2,8,1,1,1,0,2,1,2],10,11].
[[3,7,2,1,2,0,2,2,2],38,4].
[[3,7,2,1,2,1,2,3,2],68,5].
[[1,8,1,1,2,0,1,1,0],3,3].
[[2,8,1,1,1,0,1,2,0],2,2].
[[2,9,2,0,0,0,2,3,2],103,158].
[[2,8,0,1,1,1,0,0,0],18,33].
[[2,7,2,1,2,1,2,2,0],5,0].
[[3,8,0,1,1,0,1,1,0],3,4].
[[2,7,2,1,2,0,2,3,0],6,1].
[[3,7,2,1,1,0,2,1,0],0,2].
[[3,7,1,1,2,0,2,2,1],51,15].
[[1,8,0,1,2,1,2,2,1],8,3].
[[2,8,0,1,2,1,2,2,1],27,18].
[[3,8,0,1,2,1,2,2,1],57,28].
[[1,5,0,0,0,0,1,1,2],86,4].
[[3,7,1,1,2,0,0,0,0],62,27].
[[3,8,1,1,2,0,1,1,0],45,25].
[[1,8,0,1,2,1,1,1,2],15,6].
[[1,8,0,1,2,1,2,2,0],63,36].
[[3,8,1,1,2,0,2,1,0],12,8].
[[2,7,0,1,2,1,2,1,2],11,7].
[[3,7,0,1,2,1,2,1,2],46,34].
[[3,8,1,1,1,1,2,1,0],20,7].
[[3,9,2,1,2,0,2,3,1],5,9].
[[2,8,1,1,1,1,2,1,2],119,21].
[[3,8,1,0,0,0,1,1,2],125,31].
[[1,9,2,1,1,1,1,2,0],32,12].
[[2,8,0,1,1,1,1,2,2],19,13].
[[3,7,0,1,1,1,1,2,2],4,1].
[[1,8,1,0,0,0,1,1,0],25,11].
[[2,6,1,1,2,0,1,1,0],2,0].
[[3,6,1,1,2,0,1,1,0],6,0].
[[3,6,0,1,2,1,0,0,0],8,28].
[[1,5,0,1,2,1,2,1,0],8,1].
[[2,9,2,1,1,1,1,1,2],64,41].
[[3,8,0,1,1,1,1,1,2],52,51].
[[3,8,0,1,2,1,2,3,2],66,122].
[[2,8,0,1,2,0,1,2,0],18,12].
[[3,4,1,1,2,0,2,3,1],26,3].
[[3,8,0,1,2,0,2,2,2],26,38].
[[3,7,0,1,2,0,0,0,0],7,8].
[[2,7,1,0,0,0,2,3,0],71,1].
[[3,6,1,1,1,1,2,3,0],15,3].
[[3,5,0,1,2,1,1,1,0],52,5].
[[2,8,1,1,1,1,2,3,0],50,11].
[[3,8,1,1,1,1,2,3,2],56,13].
[[2,3,2,0,0,0,0,0,0],26,0].
[[3,3,2,0,0,0,2,1,2],19,0].
[[3,7,1,1,1,1,2,3,1],43,13].
[[2,7,2,1,2,0,1,2,2],21,4].
[[3,7,2,1,2,0,1,1,2],41,19].
[[1,5,0,0,0,0,1,2,1],13,0].
[[2,5,0,0,0,0,1,2,1],34,1].
[[3,5,0,0,0,0,1,2,1],60,1].
[[3,8,1,0,0,0,1,1,1],11,3].
[[2,6,1,0,0,0,0,0,0],140,5].
[[3,3,2,1,2,0,2,1,2],16,0].
[[2,8,0,1,2,1,2,3,2],85,91].
[[3,7,0,1,2,1,2,3,2],20,20].
[[1,5,0,1,2,0,1,2,1],1,1].
[[2,5,0,1,1,0,1,2,1],0,1].
[[3,5,0,1,1,0,1,2,1],4,5].
[[2,8,1,1,2,1,1,1,0],46,26].
[[3,6,1,1,1,1,1,2,2],10,0].
[[1,8,1,1,2,1,2,2,2],127,29].
[[3,8,1,1,1,1,2,2,2],53,11].
[[3,8,0,1,1,1,1,2,0],96,113].
[[2,3,1,1,2,1,0,0,0],20,1].
[[3,3,1,1,2,1,0,0,0],65,1].
[[2,7,2,1,2,1,1,2,2],35,7].
[[1,8,1,1,2,0,2,1,2],46,20].
[[2,7,2,1,1,0,2,1,2],6,2].
[[3,3,2,1,1,0,2,1,2],1,0].
[[2,9,2,0,0,0,0,0,0],10,89].
[[3,8,0,1,2,1,0,0,0],1,68].
[[2,6,1,0,0,0,2,1,2],70,3].
[[3,7,2,1,1,0,2,2,2],5,6].
[[2,7,2,0,0,0,2,2,2],87,6].
[[3,7,2,0,0,0,2,2,2],46,3].
[[3,6,1,1,2,1,2,2,2],44,2].
[[2,9,2,1,2,1,1,1,1],2,3].
[[2,9,2,0,0,0,1,2,1],40,14].
[[3,8,0,0,0,0,1,2,1],21,4].
[[3,6,1,1,2,1,1,2,2],32,0].
[[3,9,2,1,1,1,2,3,0],9,61].
[[3,7,1,1,2,1,1,1,1],13,6].
[[1,7,2,0,0,0,2,3,0],9,0].
[[2,7,2,0,0,0,2,3,0],10,0].
[[3,3,2,0,0,0,2,3,0],1,0].
[[2,9,2,1,2,1,2,1,1],9,4].
[[3,9,2,1,1,1,2,1,1],2,1].
[[3,3,2,1,2,0,1,2,2],9,0].
[[3,7,0,0,0,0,2,1,0],14,8].
[[1,7,2,1,2,1,2,1,2],23,4].
[[2,6,1,0,0,0,2,2,1],33,1].
[[3,3,1,1,2,1,2,2,1],19,0].
[[3,6,1,1,1,0,2,3,1],1,1].
[[3,5,0,1,1,1,2,3,0],21,1].
[[1,9,2,1,1,1,2,1,2],51,36].
[[3,9,2,0,0,0,2,3,1],7,16].
[[3,4,1,1,2,0,1,1,2],79,2].
[[2,8,1,1,2,0,2,1,0],28,6].
[[1,9,2,0,0,0,2,1,1],27,5].
[[2,5,0,0,0,0,1,1,1],18,0].
[[3,5,0,0,0,0,1,1,1],11,0].
[[1,8,1,1,2,0,1,2,0],6,1].
[[3,9,2,0,0,0,2,3,0],6,74].
[[3,6,1,1,2,1,2,3,0],47,2].
[[3,7,1,1,2,0,2,1,1],6,0].
[[3,3,1,0,0,0,0,0,0],31,2].
[[3,7,2,0,0,0,2,3,2],59,7].
[[1,8,1,1,2,0,0,0,0],67,35].
[[3,8,0,0,0,0,2,3,1],32,27].
[[2,6,0,0,0,0,0,0,0],42,25].
[[3,6,0,0,0,0,2,3,0],11,6].
[[2,6,1,1,2,1,1,2,0],2,1].
[[3,6,1,1,2,1,1,1,0],6,2].
[[3,6,1,0,0,0,2,2,0],25,0].
[[1,8,1,1,1,1,1,2,1],4,0].
[[2,8,1,1,1,1,1,2,1],23,6].
[[1,8,1,1,2,0,2,3,1],24,7].
[[2,6,1,1,2,0,2,3,1],7,0].
[[3,6,1,1,1,0,1,2,0],1,1].
[[2,6,1,0,0,0,2,3,0],30,0].
[[1,6,0,0,0,0,2,3,2],4,4].
[[2,6,0,1,2,1,2,3,2],2,3].
[[3,6,0,1,2,1,2,3,2],7,8].
[[1,8,1,1,2,0,2,3,2],17,14].
[[2,8,1,1,1,0,2,3,2],3,8].
[[2,7,0,0,0,0,2,1,0],0,2].
[[3,7,0,1,2,0,2,1,0],4,4].
[[3,8,1,1,2,0,2,2,0],22,17].
[[3,8,1,1,1,1,2,3,1],70,22].
[[2,7,1,1,2,0,2,2,1],10,3].
[[2,6,1,1,2,1,2,2,1],17,0].
[[2,8,0,1,2,1,1,1,2],78,45].
[[2,3,2,1,2,0,2,2,2],4,0].
[[3,3,2,1,2,1,2,2,2],14,0].
[[2,4,1,1,2,0,2,2,2],17,2].
[[3,7,0,1,2,0,2,3,1],2,2].
[[3,7,2,0,0,0,2,2,0],15,0].
[[2,8,1,1,1,1,2,3,2],43,6].
[[3,6,1,1,1,1,2,3,2],11,0].
[[3,9,2,1,1,1,2,1,2],19,77].
[[2,7,0,0,0,0,1,2,0],0,2].
[[3,7,0,0,0,0,1,2,0],14,3].
[[2,8,1,1,1,0,1,1,2],4,3].
[[3,8,1,1,1,0,1,1,2],17,10].
[[1,8,1,1,2,0,2,2,1],18,12].
[[3,7,0,1,2,1,2,2,2],13,21].
[[1,6,1,1,2,1,0,0,0],57,2].
[[2,6,1,1,2,1,2,3,0],19,0].
[[3,8,0,0,0,0,2,3,2],29,55].
[[1,6,1,0,0,0,2,3,2],16,0].
[[2,6,1,1,2,0,1,2,2],3,0].
[[3,8,1,1,2,0,0,0,0],3,8].
[[1,7,2,0,0,0,2,3,2],53,3].
[[2,7,0,0,0,0,2,2,0],7,7].
[[1,8,1,1,1,1,2,3,2],13,1].
[[3,5,0,1,2,1,2,3,0],79,0].
[[3,8,0,1,2,1,2,3,1],80,29].
[[3,6,0,1,2,1,2,3,0],35,18].
[[2,7,2,0,0,0,1,1,2],39,13].
[[3,7,2,0,0,0,1,1,2],59,19].
[[2,4,1,1,2,0,2,3,0],20,0].
[[3,4,1,1,2,0,2,3,0],46,1].
[[1,8,1,1,2,1,1,1,2],38,10].
[[2,8,1,1,1,1,1,1,2],36,7].
[[2,9,2,1,2,0,2,2,0],18,75].
[[3,9,2,1,1,0,2,3,1],2,9].
[[3,5,0,1,1,1,1,1,0],11,7].
[[3,9,2,1,1,0,1,2,2],3,28].
[[3,6,0,0,0,0,0,0,0],7,14].
[[3,7,1,1,1,0,2,3,0],3,5].
[[1,5,0,0,0,0,2,3,0],27,0].
[[2,5,0,1,2,1,2,3,0],56,1].
[[3,7,1,0,0,0,2,3,1],90,17].
[[1,8,1,1,1,1,0,0,0],49,4].
[[3,6,1,1,1,1,2,1,2],17,2].
[[3,6,1,0,0,0,2,1,0],7,1].
[[3,6,1,1,2,1,1,1,2],18,2].
[[3,7,1,1,2,0,2,3,1],63,16].
[[2,7,2,1,2,0,2,2,2],21,5].
[[3,7,0,1,1,1,1,1,0],1,1].
[[1,9,2,1,2,1,2,2,1],52,33].
[[3,5,0,1,2,1,1,1,1],27,0].
[[3,7,1,1,2,0,2,2,0],38,15].
[[3,3,1,0,0,0,2,2,1],8,1].
[[3,9,2,1,2,0,2,1,0],0,21].
[[2,8,1,1,2,0,2,2,1],66,20].
[[2,3,1,0,0,0,0,0,0],41,0].
[[3,8,0,1,1,1,2,2,1],11,11].
[[1,9,2,1,1,1,2,1,0],30,11].
[[2,8,0,1,1,1,2,1,0],22,6].
[[2,8,1,1,2,0,1,1,0],16,10].
[[2,7,1,1,2,0,1,2,0],3,1].
[[1,7,1,1,2,1,2,1,2],11,1].
[[2,7,1,1,1,1,2,1,2],18,1].
[[3,9,2,1,2,1,1,2,1],46,26].
[[3,9,2,1,1,0,1,1,0],1,25].
[[3,6,1,1,2,1,1,2,1],25,0].
[[3,8,1,1,1,1,2,1,1],6,2].
[[3,8,1,1,1,1,1,1,0],36,25].
[[1,8,1,1,2,1,1,2,1],44,17].
[[2,9,2,1,1,1,2,3,1],20,9].
[[3,7,0,1,2,1,2,3,0],43,50].
[[3,7,2,0,0,0,1,2,0],19,0].
[[3,9,2,1,2,1,2,2,1],33,32].
[[2,7,1,1,2,0,1,1,2],6,2].
[[2,7,0,0,0,0,1,2,2],7,1].
[[3,7,0,1,2,1,1,2,2],27,16].
[[3,5,0,1,2,0,2,3,0],18,1].
[[1,3,2,0,0,0,2,1,2],5,0].
[[2,3,2,1,2,1,2,1,2],9,0].
[[3,9,2,1,1,1,2,2,2],3,24].
[[3,7,1,1,1,1,1,1,1],4,0].
[[2,3,2,1,2,1,0,0,0],14,0].
[[1,7,1,0,0,0,2,3,2],29,6].
[[1,8,1,1,2,0,2,2,0],15,4].
[[2,8,0,1,1,1,2,2,0],24,17].
[[3,8,1,1,2,1,0,0,0],8,20].
[[2,5,0,1,2,0,1,1,2],35,8].
[[3,5,0,1,1,0,1,1,2],17,9].
[[3,3,2,0,0,0,1,2,2],13,0].
[[2,8,1,1,2,0,2,2,2],52,22].
[[2,9,2,1,1,0,2,1,0],1,3].
[[1,7,2,0,0,0,1,1,2],24,3].
[[2,7,2,1,2,0,1,1,2],14,4].
[[2,6,0,0,0,0,1,1,2],1,3].
[[2,7,1,1,1,1,2,1,1],3,0].
[[3,6,1,1,2,1,2,3,2],28,3].
[[2,6,1,1,2,0,2,3,0],4,0].
[[3,3,1,1,2,0,2,3,0],3,0].
[[3,9,2,1,1,1,2,3,1],7,19].
[[1,7,2,1,2,1,2,3,2],17,1].
[[3,7,2,1,2,1,1,1,0],14,1].
[[3,8,0,0,0,0,2,2,1],32,19].
[[2,8,0,1,1,1,1,2,0],23,8].
[[2,4,1,1,2,0,1,1,0],8,0].
[[3,4,1,1,2,0,1,1,0],52,2].
[[3,4,0,1,2,0,2,3,2],0,2].
[[1,8,0,1,2,1,1,2,0],15,14].
[[1,8,0,0,0,0,2,2,1],25,14].
[[2,7,0,0,0,0,2,3,2],7,2].
[[3,7,0,1,2,0,2,3,2],3,1].
[[3,6,1,1,2,0,2,1,2],34,1].
[[3,8,1,1,1,0,2,3,1],17,7].
[[3,3,2,1,2,1,1,1,2],13,0].
[[3,8,0,1,2,0,2,2,1],13,15].
[[1,7,2,1,2,0,2,3,0],2,0].
[[3,7,2,1,2,0,1,2,0],18,0].
[[3,9,2,1,1,1,1,2,1],14,6].
[[3,6,1,1,2,0,0,0,0],18,0].
[[2,6,1,1,1,1,0,0,0],4,0].
[[3,6,1,1,1,1,0,0,0],11,0].
[[2,8,0,1,2,0,1,1,0],5,7].
[[3,6,0,1,2,0,1,1,0],2,1].
[[3,9,2,1,2,0,2,2,1],7,13].
[[1,8,0,1,2,1,1,1,0],4,7].
[[3,7,2,0,0,0,2,3,0],19,0].
[[3,7,2,1,2,1,2,2,0],26,1].
[[2,7,1,0,0,0,2,1,0],21,4].
[[3,7,1,0,0,0,1,1,0],28,3].
[[3,7,1,0,0,0,1,2,1],48,2].
[[2,7,1,1,2,1,2,2,2],47,14].
[[3,7,1,1,1,1,2,2,2],37,8].
[[2,8,0,0,0,0,1,2,1],25,4].
[[3,3,1,0,0,0,2,1,2],21,0].
[[1,8,0,1,2,1,1,2,2],21,14].
[[3,8,0,1,1,0,2,1,0],0,5].
[[3,7,0,1,2,0,1,2,2],5,3].
[[2,7,1,1,2,1,2,1,0],21,2].
[[3,7,1,1,1,0,2,3,1],7,8].
[[1,6,0,0,0,0,0,0,0],35,17].
[[3,6,0,1,2,0,2,2,2],4,1].
[[2,6,1,0,0,0,2,2,0],27,0].
[[3,6,1,0,0,0,2,3,0],31,1].
[[3,9,2,1,1,1,2,1,0],3,26].
[[3,6,1,1,1,1,2,3,1],19,0].
[[1,8,1,1,2,0,1,2,2],17,5].
[[3,8,0,1,1,0,2,3,0],2,16].
[[3,7,2,1,1,0,1,2,2],4,5].
[[2,7,0,1,2,1,1,2,0],4,0].
[[3,7,0,1,2,1,1,1,0],8,7].
[[1,7,2,1,2,0,1,1,2],2,0].
[[2,3,2,1,2,0,1,1,2],1,0].
[[3,3,2,1,2,0,1,1,2],5,0].
[[3,7,0,1,2,0,2,2,2],5,2].
[[2,7,1,0,0,0,2,3,1],90,10].
[[1,9,2,1,2,0,1,2,0],20,19].
[[2,7,0,0,0,0,2,3,0],11,7].
[[3,3,2,1,2,1,0,0,0],35,0].
[[3,8,1,0,0,0,2,1,1],13,0].
[[3,8,0,1,2,0,0,0,0],0,18].
[[3,7,2,1,2,1,1,2,0],35,0].
[[2,4,1,1,2,0,0,0,0],4,0].
[[3,5,0,0,0,0,2,1,0],9,0].
[[2,7,1,1,2,1,2,2,0],35,3].
[[2,7,2,1,2,0,2,3,2],16,6].
[[3,7,2,1,2,0,2,3,2],33,3].
[[3,7,0,0,0,0,2,3,2],12,10].
[[2,8,0,1,2,0,1,2,1],2,0].
[[3,8,0,1,2,1,1,2,1],34,7].
[[2,4,1,1,2,0,1,2,0],19,0].
[[3,5,0,1,2,0,1,2,0],13,2].
[[2,7,1,1,2,1,1,1,0],6,0].
[[3,7,1,1,2,1,1,1,0],41,8].
[[2,7,1,1,2,0,2,3,2],9,4].
[[2,9,2,1,2,0,0,0,0],2,20].
[[2,9,2,1,1,1,2,1,0],24,37].
[[2,6,0,0,0,0,2,3,1],3,1].
[[3,6,0,0,0,0,2,3,1],3,4].
[[2,6,1,1,2,1,2,3,1],28,1].
[[3,8,1,0,0,0,2,1,0],22,6].
[[1,8,1,0,0,0,2,1,1],57,4].
[[2,8,1,0,0,0,2,1,1],36,3].
[[3,6,1,1,2,1,2,1,1],4,0].
[[2,8,0,1,2,0,2,1,0],9,15].
[[3,6,1,0,0,0,0,0,0],15,1].
[[3,7,2,1,1,1,1,2,2],29,2].
[[1,7,2,1,2,0,0,0,0],14,3].
[[3,6,1,1,2,0,2,3,0],12,0].
[[3,7,2,1,1,1,2,2,2],18,2].
[[1,6,1,0,0,0,2,2,2],22,0].
[[3,9,2,1,1,0,2,2,0],0,11].
[[2,5,0,0,0,0,1,1,0],20,1].
[[3,5,0,0,0,0,1,1,0],28,2].
[[3,7,2,0,0,0,1,1,0],7,2].
[[2,8,1,1,2,1,2,1,1],22,4].
[[3,8,1,1,2,0,2,2,2],51,15].
[[1,8,1,1,1,1,2,2,2],14,2].
[[3,6,0,0,0,0,2,1,2],10,8].
[[2,7,0,1,2,1,2,3,1],0,2].
[[3,7,0,1,2,1,2,3,1],3,7].
[[2,6,0,1,2,1,2,2,0],5,3].
[[3,3,1,1,1,1,2,2,0],4,0].
[[3,8,1,0,0,0,0,0,0],1,7].
[[3,3,1,1,2,1,2,1,0],4,0].
[[1,7,2,0,0,0,2,2,0],10,0].
[[3,6,0,1,2,1,2,1,0],11,10].
[[2,7,1,0,0,0,1,1,2],23,8].
[[3,7,1,0,0,0,1,1,2],51,10].
[[3,7,2,1,1,0,2,3,0],3,0].
[[2,9,2,0,0,0,2,1,1],7,7].
[[2,7,0,0,0,0,2,3,1],1,1].
[[3,6,1,1,2,1,0,0,0],30,0].
[[3,6,0,1,1,1,2,3,2],1,3].
[[2,5,0,1,2,1,1,1,0],19,0].
[[2,7,1,1,2,0,2,3,1],15,5].
[[3,3,1,1,2,1,2,3,2],14,1].
[[2,6,1,0,0,0,1,2,1],8,0].
[[3,6,1,0,0,0,1,2,1],8,0].
[[3,3,1,1,2,1,2,3,1],17,0].
[[1,8,1,1,1,1,2,1,0],4,1].
[[2,8,1,1,1,1,2,1,0],17,3].
[[3,7,2,1,1,1,2,1,0],1,2].
[[1,8,1,0,0,0,1,1,1],8,7].
[[2,8,1,1,2,0,1,1,1],3,3].
[[3,8,1,1,1,0,1,1,1],1,2].
[[2,4,1,1,2,0,2,2,1],4,0].
[[3,4,1,1,2,0,2,2,1],25,2].
[[3,8,1,1,1,0,2,2,0],9,8].
[[3,5,0,1,1,1,1,1,1],9,1].
[[3,7,2,1,2,1,2,3,0],34,0].
[[3,3,1,1,2,1,2,2,2],12,0].
[[3,6,1,1,2,1,2,2,0],35,0].
[[3,3,1,0,0,0,1,1,2],2,0].
[[3,6,0,1,1,1,2,1,2],3,3].
[[1,6,1,0,0,0,2,2,0],11,1].
[[2,3,2,0,0,0,2,2,0],2,0].
[[3,3,2,0,0,0,2,2,0],2,0].
[[1,9,2,1,1,1,1,1,2],28,8].
[[2,8,0,1,1,1,1,1,2],16,4].
[[2,3,2,1,2,0,0,0,0],3,0].
[[1,9,2,1,2,0,2,3,2],10,32].
[[3,7,1,1,2,0,1,1,1],4,1].
[[2,6,1,0,0,0,1,1,2],12,1].
[[3,6,1,1,1,1,2,2,2],5,0].
[[3,6,1,1,2,0,2,3,1],15,1].
[[2,6,0,1,2,1,1,2,0],2,1].
[[3,6,0,1,1,1,1,2,0],2,0].
[[3,6,1,1,1,1,2,2,0],6,2].
[[3,8,0,1,1,0,2,1,2],5,11].
[[2,6,1,0,0,0,2,3,1],33,0].
[[3,6,1,0,0,0,2,3,1],19,2].
[[3,2,1,0,0,0,2,1,2],5,0].
[[2,6,0,0,0,0,2,1,0],3,1].
[[1,9,2,0,0,0,1,1,1],2,4].
[[3,8,0,1,1,1,1,1,1],0,1].
[[3,8,1,1,2,1,2,1,1],15,7].
[[1,8,1,1,2,1,1,1,0],12,4].
[[2,7,0,1,2,1,1,2,2],2,0].
[[3,7,1,1,2,0,2,2,2],42,13].
[[3,5,0,1,1,1,1,2,0],24,0].
[[3,7,0,1,1,1,2,2,2],3,4].
[[3,7,0,0,0,0,0,0,0],9,18].
[[3,8,1,1,1,0,1,2,1],9,12].
[[2,7,2,0,0,0,1,2,0],8,0].
[[3,9,2,1,1,0,2,3,0],0,17].
[[3,9,2,0,0,0,1,2,1],15,5].
[[1,8,1,1,1,1,2,2,0],10,1].
[[2,7,1,1,1,1,2,2,0],6,1].
[[3,7,1,1,1,1,1,1,0],14,4].
[[1,7,1,0,0,0,2,2,0],19,1].
[[2,8,0,1,2,1,1,2,1],9,5].
[[3,7,0,1,2,1,1,2,1],4,0].
[[2,8,0,1,2,0,1,1,2],8,7].
[[3,8,0,1,1,0,1,1,2],2,6].
[[3,3,1,1,2,1,2,1,2],50,1].
[[3,7,0,1,1,1,2,3,0],14,10].
[[2,6,0,1,2,1,0,0,0],19,20].
[[2,6,1,1,2,1,2,3,2],18,0].
[[3,2,1,1,2,1,2,3,2],3,0].
[[3,2,1,0,0,0,2,3,2],2,0].
[[2,5,0,1,1,1,1,1,0],2,0].
[[2,7,2,1,2,1,2,2,2],40,3].
[[2,7,0,0,0,0,2,2,1],2,2].
[[3,7,0,0,0,0,2,2,1],4,1].
[[2,6,1,1,2,1,1,1,1],1,0].
[[3,6,1,1,1,1,1,2,1],2,1].
[[3,8,0,1,1,0,1,2,2],2,10].
[[3,7,2,0,0,0,0,0,0],37,5].
[[2,7,0,1,2,1,2,3,0],11,8].
[[3,6,0,1,1,1,2,2,0],1,4].
[[2,8,0,1,2,1,2,1,1],4,3].
[[3,6,1,0,0,0,2,1,2],35,1].
[[3,7,1,1,1,0,2,1,2],6,6].
[[2,8,1,0,0,0,1,1,1],21,5].
[[3,3,1,1,2,0,0,0,0],12,0].
[[3,9,2,1,1,1,2,3,2],7,18].
[[2,8,1,1,1,0,2,2,2],1,3].
[[3,8,1,1,1,0,2,2,2],9,6].
[[2,7,2,1,1,0,1,2,2],1,1].
[[1,7,1,0,0,0,2,2,1],22,1].
[[2,3,1,0,0,0,2,2,1],4,0].
[[3,2,1,1,2,1,2,2,1],3,0].
[[2,7,1,1,2,1,1,1,2],11,3].
[[2,6,0,0,0,0,2,1,2],21,10].
[[3,9,2,0,0,0,2,1,0],1,20].
[[2,9,2,1,2,0,2,2,1],23,14].
[[3,3,2,0,0,0,0,0,0],19,0].
[[3,9,2,0,0,0,2,3,2],4,15].
[[2,7,0,1,2,1,2,2,2],1,6].
[[3,7,0,0,0,0,2,1,2],25,18].
[[3,7,2,1,1,1,2,2,0],3,0].
[[1,7,2,1,2,0,2,1,2],8,1].
[[1,8,1,1,2,1,2,1,0],51,5].
[[2,3,1,0,0,0,2,3,2],5,0].
[[2,7,2,1,2,1,1,2,0],6,0].
[[2,8,1,1,1,0,0,0,0],3,5].
[[3,8,1,1,1,0,2,3,2],4,6].
[[2,4,1,1,2,0,2,3,2],5,0].
[[3,4,1,1,2,0,2,3,2],25,0].
[[1,5,0,1,2,1,2,3,0],18,0].
[[2,5,0,1,1,1,2,3,0],11,0].
[[3,8,0,1,1,0,2,3,2],1,5].
[[1,9,2,1,1,1,1,2,1],4,1].
[[2,4,1,1,2,0,1,2,1],6,0].
[[2,7,1,1,1,1,2,1,0],4,0].
[[3,7,1,1,1,0,1,1,0],1,2].
[[3,4,1,1,2,0,2,2,2],30,2].
[[2,8,1,1,2,1,1,1,1],13,10].
[[2,7,1,1,2,1,1,2,2],31,2].
[[3,9,2,0,0,0,2,2,2],6,19].
[[1,3,2,0,0,0,0,0,0],19,0].
[[2,3,2,0,0,0,2,1,2],20,0].
[[3,7,0,1,2,0,2,2,0],6,13].
[[2,7,1,1,1,1,2,3,2],3,2].
[[3,7,1,1,1,0,1,2,2],7,2].
[[2,8,0,1,2,0,2,2,1],3,4].
[[2,5,0,1,2,0,2,3,0],9,2].
[[2,7,1,0,0,0,2,1,1],8,0].
[[2,7,2,1,1,1,0,0,0],16,0].
[[3,6,0,1,2,1,2,3,1],2,2].
[[1,6,1,0,0,0,2,1,0],4,0].
[[2,5,0,1,2,1,1,2,0],18,0].
[[2,6,1,1,1,1,2,1,2],9,0].
[[1,8,1,1,2,1,1,2,0],28,6].
[[2,8,1,1,1,0,2,3,1],3,6].
[[3,6,1,1,1,1,1,2,0],2,0].
[[2,9,2,1,1,0,1,2,2],3,4].
[[3,6,0,0,0,0,1,1,2],0,1].
[[1,9,2,1,2,1,2,1,1],6,5].
[[3,8,0,1,2,1,2,1,1],8,4].
[[3,9,2,1,2,1,0,0,0],0,2].
[[1,8,1,1,1,1,2,1,1],4,0].
[[2,6,1,0,0,0,2,1,0],14,0].
[[3,6,1,1,2,0,1,2,0],10,1].
[[2,7,2,1,2,0,2,2,0],3,0].
[[3,6,0,1,1,1,1,2,2],3,2].
[[3,6,0,1,2,1,2,2,2],11,7].
[[3,7,1,1,1,0,1,2,1],3,1].
[[1,8,1,1,2,0,1,1,2],8,3].
[[3,9,2,0,0,0,2,1,1],0,2].
[[3,7,2,1,1,0,1,1,2],9,6].
[[2,6,1,1,2,1,1,1,2],8,0].
[[1,5,0,1,2,1,1,2,1],8,0].
[[1,8,0,0,0,0,1,1,0],10,6].
[[3,6,0,1,2,1,1,1,0],4,3].
[[3,7,1,1,1,1,2,1,0],14,4].
[[3,3,2,1,2,0,2,2,2],5,0].
[[1,7,1,0,0,0,1,2,2],2,0].
[[3,5,0,1,2,0,2,1,0],6,0].
[[3,7,2,1,2,0,2,3,0],8,0].
[[3,6,0,1,2,1,2,2,1],3,3].
[[1,7,1,1,2,1,2,3,0],1,0].
[[2,7,1,1,2,1,1,2,0],9,2].
[[3,3,1,1,2,1,1,2,0],3,0].
[[3,6,0,1,2,1,1,1,2],12,6].
[[3,6,0,1,2,1,1,2,1],2,0].
[[3,7,0,1,1,1,2,1,2],9,5].
[[2,5,0,0,0,0,1,2,0],14,1].
[[3,5,0,1,2,0,1,1,1],15,1].
[[1,7,2,1,2,0,1,2,2],1,1].
[[3,6,0,1,2,0,2,3,0],4,8].
[[2,5,0,1,2,1,1,1,1],5,0].
[[2,7,1,1,2,0,1,2,2],9,0].
[[2,6,1,1,2,0,2,3,2],3,1].
[[3,3,2,1,2,0,2,3,2],2,0].
[[1,9,2,1,1,1,2,2,1],7,2].
[[3,7,1,0,0,0,2,1,1],6,2].
[[2,9,2,1,1,0,2,1,2],5,7].
[[2,8,0,1,1,1,2,3,1],12,4].
[[3,7,0,1,1,1,2,3,1],1,1].
[[2,2,1,0,0,0,0,0,0],9,0].
[[3,2,1,0,0,0,0,0,0],5,0].
[[3,8,1,1,2,0,1,1,1],6,2].
[[3,3,2,0,0,0,1,1,2],9,0].
[[3,8,1,1,1,0,2,2,1],8,12].
[[1,7,2,1,2,0,2,2,2],3,0].
[[1,6,1,1,2,1,2,2,1],6,0].
[[2,8,0,1,2,0,2,3,1],7,3].
[[2,7,1,1,2,1,1,1,1],2,3].
[[3,3,1,1,1,1,0,0,0],12,1].
[[3,7,2,1,1,1,2,3,0],6,0].
[[2,6,0,1,2,1,2,1,2],11,7].
[[3,6,0,1,1,1,1,1,2],4,2].
[[1,8,1,1,2,0,2,1,0],9,2].
[[1,6,0,0,0,0,2,3,0],2,0].
[[2,6,0,1,2,1,2,3,0],4,4].
[[3,6,0,1,1,1,2,3,0],2,4].
[[3,3,2,0,0,0,2,3,2],8,0].
[[2,7,0,1,2,1,2,3,2],1,3].
[[1,5,0,1,1,1,2,3,0],3,0].
[[2,5,0,1,1,1,1,2,0],5,0].
[[2,8,0,1,1,1,2,2,1],4,3].
[[2,6,1,1,2,0,2,1,2],7,0].
[[3,3,1,1,2,0,2,3,1],7,0].
[[2,4,1,1,2,0,2,3,1],6,0].
[[1,7,2,1,2,1,2,1,0],3,0].
[[2,7,2,1,2,1,2,1,0],6,0].
[[2,9,2,1,1,1,1,2,1],6,2].
[[2,8,1,1,1,1,1,1,1],3,0].
[[3,9,2,1,1,1,2,2,0],1,52].
[[2,7,1,1,2,1,1,2,1],15,2].
[[3,7,1,1,1,1,1,2,1],22,4].
[[3,3,2,1,2,1,1,2,2],11,0].
[[3,6,1,1,2,1,2,2,1],24,1].
[[1,7,1,1,2,1,2,2,2],7,0].
[[1,9,2,1,2,0,1,1,0],2,9].
[[1,7,1,0,0,0,2,3,0],20,1].
[[2,6,1,1,1,1,2,2,1],2,0].
[[3,6,0,1,2,1,1,2,0],11,6].
[[3,3,1,0,0,0,2,2,2],6,1].
[[2,5,0,1,2,0,1,1,1],2,1].
[[1,8,1,1,1,1,1,2,0],5,1].
[[3,6,1,0,0,0,1,2,0],7,0].
[[3,3,1,1,2,0,2,1,2],13,1].
[[3,7,1,1,2,0,2,1,0],16,5].
[[1,5,0,1,2,1,1,1,0],3,0].
[[3,3,1,1,1,1,2,1,2],5,0].
[[2,6,1,0,0,0,1,1,1],3,0].
[[3,6,1,1,2,1,1,1,1],4,1].
[[3,8,0,1,1,1,0,0,0],2,24].
[[1,8,1,1,1,1,2,3,1],17,2].
[[3,7,1,1,1,0,0,0,0],4,3].
[[3,6,1,1,1,0,2,1,2],2,1].
[[3,8,1,1,1,0,2,1,0],4,2].
[[3,6,0,0,0,0,2,2,2],7,5].
[[1,6,0,0,0,0,2,1,2],5,0].
[[3,7,0,1,1,1,2,2,0],4,6].
[[1,3,2,0,0,0,2,2,2],3,0].
[[2,3,2,0,0,0,1,1,2],6,0].
[[2,5,0,1,1,1,1,2,1],10,1].
[[3,7,1,1,1,0,2,3,2],3,4].
[[3,3,2,1,2,1,2,2,0],1,0].
[[3,9,2,1,1,0,2,3,2],0,4].
[[1,7,2,1,2,1,2,2,2],12,1].
[[3,3,1,1,2,0,2,2,2],7,0].
[[2,9,2,1,1,0,2,3,2],0,5].
[[3,8,1,1,2,0,2,1,1],5,0].
[[2,7,1,0,0,0,1,1,0],5,2].
[[1,7,1,1,2,1,2,2,1],3,0].
[[2,5,0,1,2,0,2,1,0],4,1].
[[3,3,1,1,2,1,2,2,0],15,1].
[[3,2,1,1,2,0,0,0,0],1,0].
[[3,3,1,0,0,0,2,3,0],9,0].
[[1,3,2,0,0,0,2,3,2],2,0].
[[2,2,1,0,0,0,2,3,2],4,0].
[[3,2,1,1,2,0,2,3,2],2,0].
[[3,6,0,0,0,0,2,2,1],3,0].
[[1,7,2,1,2,1,2,3,0],4,0].
[[3,6,1,0,0,0,2,2,1],21,0].
[[2,3,2,1,2,1,2,2,2],4,0].
[[3,2,1,1,2,1,2,2,2],3,0].
[[3,7,2,1,2,0,1,1,0],4,2].
[[3,8,0,1,2,0,1,2,1],6,1].
[[1,8,1,1,2,0,2,1,1],3,2].
[[1,6,1,1,2,1,2,2,2],5,0].
[[3,7,2,1,1,0,2,1,2],12,8].
[[3,7,0,1,1,1,1,2,0],11,1].
[[3,6,1,1,2,0,1,1,1],2,1].
[[2,7,2,0,0,0,2,2,0],6,0].
[[3,2,0,0,0,0,0,0,0],2,0].
[[1,6,1,1,2,1,2,2,0],5,0].
[[2,6,1,1,1,1,1,2,2],1,0].
[[3,4,0,1,2,0,2,1,2],0,4].
[[3,3,1,1,1,1,1,1,2],2,0].
[[1,6,1,1,2,1,1,2,1],1,0].
[[2,6,1,1,1,1,1,2,1],3,0].
[[2,8,0,1,1,1,1,1,0],8,2].
[[3,3,1,0,0,0,2,3,1],11,0].
[[1,8,1,1,1,1,2,2,1],11,0].
[[2,1,1,1,2,0,1,1,1],1,0].
[[3,3,1,1,1,1,2,2,1],2,0].
[[3,3,2,0,0,0,2,2,2],12,0].
[[3,7,0,1,1,1,2,1,0],4,2].
[[3,7,0,1,1,1,2,3,2],6,7].
[[1,9,2,1,2,0,2,2,1],4,4].
[[3,8,0,1,1,0,2,2,1],0,4].
[[3,4,1,1,2,0,0,0,0],6,0].
[[1,7,2,1,2,1,1,2,2],5,1].
[[3,6,0,0,0,0,1,2,2],8,9].
[[3,3,2,1,2,1,2,3,2],9,0].
[[2,7,0,0,0,0,2,1,2],8,7].
[[1,7,1,1,2,1,2,3,2],7,1].
[[3,7,2,0,0,0,2,1,0],3,1].
[[2,7,2,1,1,1,1,2,2],6,0].
[[2,7,1,1,1,1,2,2,2],6,1].
[[3,6,0,1,2,0,2,1,2],4,4].
[[3,7,0,1,2,1,1,1,2],12,7].
[[2,3,2,0,0,0,2,3,2],6,0].
[[2,7,0,0,0,0,2,2,2],4,4].
[[2,4,1,1,2,0,1,2,2],15,4].
[[3,5,0,1,1,0,2,3,0],4,1].
[[2,3,2,0,0,0,1,2,2],4,0].
[[3,6,0,1,2,1,2,1,1],0,1].
[[2,9,2,1,1,0,1,1,0],1,2].
[[1,7,2,1,2,1,2,2,0],2,0].
[[2,7,2,1,1,1,1,2,0],1,0].
[[2,7,1,1,1,1,0,0,0],23,4].
[[2,8,1,1,1,0,2,2,0],2,4].
[[2,8,1,1,2,0,2,1,1],11,1].
[[3,3,2,1,1,1,2,1,2],8,0].
[[2,3,2,0,0,0,2,2,2],8,0].
[[3,6,0,1,2,0,1,2,0],1,2].
[[3,7,1,1,2,0,1,1,0],13,3].
[[3,9,2,1,1,1,1,1,1],1,0].
[[2,6,0,0,0,0,2,3,2],4,4].
[[3,6,0,1,2,0,2,3,2],2,0].
[[2,9,2,1,1,0,2,2,0],1,7].
[[2,9,2,0,0,0,1,1,1],3,0].
[[3,8,0,0,0,0,1,1,1],4,1].
[[2,9,2,1,1,0,2,3,0],3,5].
[[3,9,2,1,2,0,2,3,2],5,18].
[[2,6,1,1,1,1,2,3,0],5,0].
[[3,6,1,1,2,0,2,3,2],12,1].
[[1,8,0,0,0,0,1,2,1],6,2].
[[3,7,1,1,1,0,1,2,0],1,2].
[[2,9,2,1,1,0,1,2,0],2,6].
[[3,9,2,1,1,1,0,0,0],0,3].
[[3,6,0,0,0,0,2,1,0],2,3].
[[1,7,2,0,0,0,2,1,0],4,1].
[[2,7,2,1,2,1,1,1,0],1,1].
[[2,7,1,1,1,1,2,3,1],10,1].
[[2,5,0,1,2,0,1,2,1],13,2].
[[1,8,1,1,1,1,1,2,2],5,0].
[[3,8,0,1,1,0,2,2,2],1,6].
[[1,5,0,0,0,0,1,2,0],6,2].
[[1,8,1,1,2,1,1,1,1],5,3].
[[2,7,1,1,1,1,1,2,2],1,1].
[[3,3,2,1,1,1,0,0,0],4,0].
[[3,8,1,1,1,1,0,0,0],2,7].
[[3,6,1,1,2,1,2,1,0],23,0].
[[3,7,0,1,2,0,1,2,0],4,3].
[[3,6,1,1,1,0,2,2,1],1,0].
[[2,7,1,1,1,1,1,2,1],4,0].
[[3,3,1,1,2,0,2,3,2],6,0].
[[3,2,1,1,2,1,0,0,0],4,0].
[[1,8,0,1,2,1,1,2,1],3,0].
[[2,7,2,1,1,1,2,2,2],7,2].
[[2,7,2,1,1,0,0,0,0],2,1].
[[3,7,0,1,1,1,1,2,1],0,1].
[[2,5,0,1,1,1,2,1,0],6,0].
[[3,6,0,0,0,0,2,3,2],7,5].
[[2,6,0,0,0,0,1,2,2],4,1].
[[3,2,0,0,0,0,1,2,2],1,0].
[[3,8,1,1,1,0,2,1,1],0,2].
[[3,5,0,1,1,0,1,2,0],6,0].
[[3,7,2,1,1,0,1,2,0],3,0].
[[2,7,2,0,0,0,2,1,0],5,0].
[[3,8,0,1,1,1,1,2,1],5,7].
[[3,7,0,0,0,0,2,3,1],3,1].
[[1,7,1,0,0,0,2,1,1],2,0].
[[2,7,1,1,2,1,2,1,1],6,0].
[[3,8,0,0,0,0,2,1,1],1,2].
[[3,3,1,1,2,1,1,1,2],4,0].
[[3,9,2,1,1,0,2,1,0],0,6].
[[3,6,1,1,1,1,2,1,0],3,0].
[[3,3,1,1,2,1,1,2,2],7,0].
[[2,6,0,1,2,1,2,1,0],3,1].
[[3,7,2,1,1,0,2,3,2],6,2].
[[3,7,0,1,2,0,1,1,2],2,1].
[[2,9,2,1,2,0,1,1,1],0,1].
[[3,6,1,1,2,0,2,2,0],8,1].
[[3,6,1,1,1,0,1,1,2],1,1].
[[1,6,1,0,0,0,2,3,1],19,1].
[[2,3,2,1,2,0,2,2,0],1,0].
[[3,3,2,1,2,0,2,2,0],1,0].
[[2,6,1,0,0,0,2,1,1],3,0].
[[3,3,1,1,1,1,2,3,2],3,0].
[[3,6,1,1,2,0,2,2,2],7,2].
[[2,3,1,1,2,1,2,2,1],2,0].
[[3,6,0,1,2,0,2,2,0],0,2].
[[3,8,0,1,1,0,0,0,0],0,2].
[[2,3,2,1,2,1,1,2,2],1,0].
[[3,6,0,1,2,0,1,1,2],4,1].
[[3,6,1,1,1,1,1,1,0],3,0].
[[3,2,1,0,0,0,1,2,2],1,0].
[[2,6,0,0,0,0,2,2,1],2,0].
[[3,6,0,1,2,0,2,2,1],1,0].
[[2,3,1,0,0,0,2,1,2],4,0].
[[3,3,1,1,2,0,2,2,1],4,0].
[[2,6,1,1,2,1,2,2,2],18,0].
[[3,6,0,1,2,0,2,3,1],1,1].
[[3,8,0,1,1,0,2,2,0],1,7].
[[3,4,1,1,2,0,1,1,1],2,0].
[[2,7,1,1,1,1,2,3,0],7,2].
[[1,9,2,1,1,1,1,1,0],12,3].
[[1,7,2,1,2,0,2,3,2],3,1].
[[2,8,1,1,1,1,1,1,0],10,6].
[[3,7,1,1,1,0,2,2,0],2,4].
[[3,3,0,0,0,0,0,0,0],0,3].
[[3,7,1,0,0,0,1,1,1],3,1].
[[2,8,1,1,1,0,1,1,0],0,1].
[[2,6,0,1,2,1,2,2,2],4,0].
[[2,3,1,0,0,0,2,3,0],2,0].
[[2,9,2,1,1,0,1,2,1],1,2].
[[3,4,0,1,2,0,1,2,1],0,3].
[[1,7,2,1,2,0,2,1,0],2,0].
[[2,7,2,1,2,0,1,2,0],3,0].
[[2,4,1,1,2,0,2,1,1],2,0].
[[2,6,1,1,2,0,1,2,1],3,1].
[[2,6,0,1,2,1,1,2,2],3,2].
[[3,2,1,1,2,0,2,2,0],1,0].
[[2,2,1,1,2,1,0,0,0],3,0].
[[3,2,1,1,1,1,2,3,1],2,0].
[[3,6,0,0,0,0,1,1,0],2,2].
[[3,5,0,1,1,0,1,1,1],0,3].
[[3,6,0,1,1,1,1,2,1],1,0].
[[1,8,1,1,1,1,2,3,0],13,1].
[[3,3,2,0,0,0,2,1,0],1,0].
[[1,7,1,1,2,1,2,2,0],4,1].
[[1,8,0,0,0,0,2,1,1],7,3].
[[2,8,0,0,0,0,2,1,1],5,0].
[[2,6,1,1,2,1,1,2,1],6,0].
[[3,2,1,1,2,1,2,3,0],1,0].
[[2,7,1,1,2,0,2,2,0],8,4].
[[3,4,0,1,2,0,1,1,0],0,1].
[[3,2,1,0,0,0,2,2,0],1,0].
[[2,2,1,1,2,1,2,2,1],1,0].
[[2,5,0,1,2,0,1,2,0],2,0].
[[1,6,1,1,2,1,2,1,0],2,0].
[[2,7,1,1,1,1,2,2,1],7,0].
[[2,3,1,0,0,0,2,3,1],2,0].
[[3,2,1,1,2,1,2,3,1],2,0].
[[1,6,1,0,0,0,2,1,1],2,0].
[[3,6,1,0,0,0,2,1,1],1,0].
[[2,7,2,1,1,0,2,3,2],2,0].
[[3,3,2,1,1,0,2,3,2],1,0].
[[1,7,1,1,2,1,2,1,0],2,1].
[[2,7,2,0,0,0,1,1,0],4,0].
[[3,3,2,0,0,0,1,1,0],2,0].
[[3,8,0,1,2,0,2,1,1],1,2].
[[2,6,1,1,2,0,1,2,0],3,1].
[[2,7,1,1,1,1,1,2,0],2,1].
[[1,6,1,1,2,1,2,1,1],1,0].
[[2,6,1,1,1,1,2,1,1],2,0].
[[3,3,2,1,1,1,1,1,2],2,0].
[[3,9,2,1,1,0,1,2,1],1,1].
[[3,3,2,1,2,0,1,2,0],2,0].
[[3,7,0,1,1,1,1,1,2],1,3].
[[3,3,1,1,2,0,2,1,1],1,0].
[[1,7,1,1,2,1,2,1,1],1,0].
[[2,8,1,1,1,0,1,2,1],1,1].
[[2,7,2,1,2,0,2,1,0],1,0].
[[2,6,1,1,2,0,1,1,2],1,0].
[[3,2,1,0,0,0,2,2,2],2,0].
[[2,8,1,1,1,0,2,2,1],2,4].
[[2,4,1,1,2,0,1,1,2],11,0].
[[3,7,0,0,0,0,1,2,1],4,1].
[[3,6,1,1,2,0,2,1,1],2,0].
[[3,9,2,1,1,0,2,2,1],0,4].
[[3,4,0,1,2,0,1,2,0],0,1].
[[3,3,2,0,0,0,1,2,0],1,0].
[[2,6,1,1,2,1,1,1,0],2,0].
[[3,3,1,1,2,1,1,1,0],2,0].
[[3,8,0,1,1,1,2,1,1],3,3].
[[2,8,1,1,1,0,2,3,0],1,3].
[[3,3,1,1,2,1,2,1,1],2,0].
[[2,6,0,1,2,1,1,1,2],3,1].
[[3,3,0,1,2,1,1,1,2],0,1].
[[2,7,1,1,2,0,1,2,1],2,2].
[[3,6,0,1,2,0,2,1,0],0,1].
[[3,2,0,1,2,1,0,0,0],2,0].
[[3,9,2,1,2,1,2,1,1],0,6].
[[1,7,1,0,0,0,1,1,2],1,0].
[[2,3,1,0,0,0,1,1,2],1,0].
[[3,3,1,1,2,0,1,1,2],1,1].
[[1,7,2,1,2,0,2,2,0],1,1].
[[2,3,2,1,2,0,2,3,2],1,0].
[[3,3,2,1,1,0,1,2,2],2,0].
[[3,6,0,1,1,1,2,3,1],0,1].
[[3,7,2,1,2,0,2,1,0],7,0].
[[1,5,0,1,2,0,1,2,0],1,0].
[[2,5,0,1,1,0,1,2,0],1,0].
[[1,7,1,0,0,0,2,1,0],7,0].
[[1,5,0,1,2,0,1,1,2],4,1].
[[3,6,0,1,1,1,2,2,2],0,2].
[[1,8,1,1,1,1,1,1,0],0,1].
[[2,7,0,0,0,0,1,1,2],2,0].
[[2,3,2,1,2,0,2,1,2],4,0].
[[1,9,2,1,2,0,1,2,1],2,2].
[[3,3,1,1,1,1,1,2,1],2,0].
[[3,7,1,1,1,0,2,2,1],3,3].
[[2,7,1,1,2,0,2,1,1],2,0].
[[3,2,1,0,0,0,2,2,1],1,0].
[[3,4,0,1,2,0,2,3,0],0,1].
[[1,7,1,1,2,1,1,2,1],1,0].
[[3,3,1,1,2,1,1,2,1],2,0].
[[2,3,2,1,2,1,1,1,2],3,0].
[[3,7,1,1,1,0,2,1,1],0,1].
[[1,6,1,0,0,0,1,2,1],1,1].
[[3,3,1,0,0,0,1,1,1],1,0].
[[3,3,1,1,1,1,1,2,0],2,0].
[[3,3,1,1,2,0,1,2,2],3,0].
[[3,9,2,0,0,0,1,1,1],2,1].
[[1,5,0,1,1,1,1,1,2],0,1].
[[1,6,0,0,0,0,2,2,0],1,2].
[[3,4,0,1,2,0,1,1,2],0,1].
[[2,3,1,1,2,1,2,1,2],5,0].
[[2,6,1,1,2,0,2,2,0],1,1].
[[3,6,0,1,2,0,0,0,0],1,4].
[[3,5,0,1,1,0,1,1,0],0,4].
[[2,2,1,0,0,0,2,1,2],2,0].
[[3,3,0,1,2,1,0,0,0],0,4].
[[2,9,2,1,1,1,2,1,1],2,1].
[[1,8,0,1,2,1,2,1,1],1,1].
[[3,5,0,1,1,1,1,2,2],0,1].
[[3,3,1,1,2,0,2,2,0],5,0].
[[3,6,0,1,1,1,0,0,0],1,0].
[[2,3,1,0,0,0,2,2,0],4,0].
[[3,7,0,0,0,0,2,1,1],1,0].
[[2,6,0,1,2,1,2,1,1],1,0].
[[1,8,1,1,2,0,1,2,1],4,2].
[[2,6,1,1,1,1,2,1,0],1,0].
[[3,3,1,1,1,1,2,1,0],2,0].
[[2,8,0,1,2,0,2,1,1],1,0].
[[2,8,0,0,0,0,1,1,1],2,1].
[[3,8,0,1,2,1,1,1,1],1,1].
[[3,2,1,1,2,1,2,1,2],3,0].
[[1,7,1,1,2,1,2,3,1],3,0].
[[3,6,0,1,2,0,1,2,2],2,2].
[[3,2,1,1,2,0,2,1,2],1,0].
[[1,9,2,1,2,1,1,1,1],1,1].
[[2,8,0,1,2,1,1,1,1],0,1].
[[2,6,1,1,1,1,2,2,0],3,0].
[[3,9,2,0,0,0,0,0,0],0,1].
[[2,5,0,1,1,0,1,1,2],2,0].
[[2,3,1,1,2,1,2,3,2],1,0].
[[2,7,1,0,0,0,1,1,1],1,0].
[[3,6,0,1,1,1,2,1,0],1,0].
[[2,8,0,1,1,1,2,1,1],1,0].
[[1,2,1,0,0,0,0,0,0],3,0].
[[3,2,1,1,2,0,1,2,2],1,0].
[[3,3,1,0,0,0,1,2,0],1,0].
[[3,2,0,1,2,1,1,2,2],1,0].
[[1,7,1,0,0,0,1,2,1],1,0].
[[2,2,0,0,0,0,0,0,0],1,0].
[[1,5,0,1,1,1,2,1,0],1,0].
[[2,5,0,1,1,1,1,1,1],1,0].
[[1,6,1,1,2,1,2,3,1],3,0].
[[2,3,1,1,2,1,2,3,1],2,0].
[[3,3,1,0,0,0,1,2,1],2,0].
[[3,3,1,1,1,1,1,2,2],1,0].
[[3,4,1,1,2,0,2,1,1],4,0].
[[2,3,1,1,2,1,2,2,0],3,0].
[[3,7,1,1,1,0,2,1,0],4,0].
[[3,7,2,1,1,0,2,2,0],1,1].
[[2,2,1,1,2,1,2,1,2],1,0].
[[3,5,0,1,2,1,1,2,2],0,1].
[[1,5,0,0,0,0,1,1,1],4,0].
[[3,6,0,0,0,0,1,2,1],1,0].
[[2,6,1,1,1,1,2,2,2],1,0].
[[2,6,1,1,1,1,2,3,2],4,0].
[[2,3,1,1,2,1,2,3,0],1,0].
[[3,2,0,1,2,1,2,1,2],1,1].
[[3,6,1,1,1,1,1,1,1],2,0].
[[2,3,2,1,2,1,2,3,2],2,0].
[[2,8,1,1,1,0,2,1,0],2,1].
[[3,3,1,0,0,0,2,1,0],2,0].
[[2,8,1,1,1,0,1,2,2],1,2].
[[2,7,0,1,2,1,1,1,2],1,0].
[[3,3,1,1,1,1,2,3,1],3,0].
[[3,2,0,1,2,1,2,3,0],0,1].
[[3,6,1,1,1,0,2,3,0],2,1].
[[2,7,2,1,2,0,1,1,0],0,1].
[[2,2,1,0,0,0,2,3,0],1,0].
[[3,2,1,0,0,0,2,3,0],1,0].
[[3,2,1,1,2,1,2,2,0],1,0].
[[3,3,0,0,0,0,2,2,0],0,1].
[[1,5,0,1,2,1,1,2,0],2,0].
[[2,6,1,1,1,1,2,3,1],3,0].
[[3,3,1,1,2,1,1,1,1],1,0].
[[3,4,0,1,2,0,1,2,2],0,1].
[[1,6,1,1,2,1,2,3,0],1,0].
[[3,6,1,0,0,0,1,1,0],2,0].
[[3,7,2,1,1,1,1,1,0],1,0].
[[3,3,2,1,1,0,1,1,2],1,0].
[[2,5,0,1,1,0,2,3,0],2,0].
[[2,7,0,0,0,0,1,2,1],0,1].
[[3,7,0,1,2,0,1,2,1],0,1].
[[3,3,1,1,1,1,2,3,0],3,0].
[[3,3,2,1,1,0,0,0,0],1,0].
[[1,7,2,1,2,1,1,1,2],2,0].
[[3,3,0,1,2,1,2,1,2],0,1].
[[1,6,1,1,2,1,2,3,2],2,0].
[[2,3,1,1,2,1,2,2,2],1,0].
[[3,6,1,1,1,0,1,2,2],1,0].
[[3,3,2,1,1,1,2,3,2],1,0].
[[2,6,0,0,0,0,1,2,1],1,0].
[[3,6,0,1,2,0,1,2,1],1,0].
[[3,6,0,1,1,1,2,2,1],1,0].
[[3,6,0,1,1,1,1,1,0],1,0].
[[2,3,1,1,2,1,2,1,0],1,0].
[[3,6,1,1,1,0,2,2,2],0,1].
[[3,9,2,1,2,0,2,1,1],0,1].
[[2,7,2,1,1,1,1,1,2],1,0].
[[2,3,1,1,2,1,2,1,1],1,0].
[[1,5,0,1,2,0,2,3,0],1,0].
[[2,6,1,1,2,0,1,1,1],0,1].
[[1,5,0,1,1,1,1,2,1],1,0].
[[2,7,1,1,1,1,1,1,2],1,0].
[[1,8,0,0,0,0,1,1,1],0,1].
[[3,2,1,0,0,0,2,3,1],1,0].
[[3,4,0,1,2,0,2,3,1],0,1].
[[3,3,2,1,1,1,1,2,2],1,0].
[[2,9,2,1,2,0,2,1,1],1,0].
[[2,7,2,1,1,1,2,2,0],1,0].
