total_WL(5645,6277).
[[1,8,0,1,2,2,2,2,0],14,24].
[[2,8,0,1,1,2,2,2,0],22,28].
[[3,8,0,1,1,2,2,2,0],17,76].
[[1,9,2,1,2,0,2,1,1],5,16].
[[2,9,1,1,2,2,2,1,1],0,5].
[[3,8,0,1,2,2,2,1,1],8,38].
[[1,9,2,0,0,0,2,3,1],157,378].
[[2,9,2,0,0,0,2,3,1],25,101].
[[3,8,1,0,0,0,2,2,1],23,22].
[[1,8,1,1,2,2,0,0,0],242,146].
[[2,8,1,1,2,2,2,1,1],74,50].
[[3,6,1,1,2,2,2,1,1],15,0].
[[1,9,2,1,2,2,2,2,0],98,169].
[[2,9,1,1,2,2,1,1,0],5,19].
[[3,5,0,1,2,2,1,1,0],43,0].
[[1,8,1,0,0,0,2,3,1],272,152].
[[2,8,1,1,2,2,2,3,1],269,162].
[[3,8,1,1,1,2,2,1,1],16,15].
[[1,9,2,1,2,2,2,2,1],151,304].
[[2,9,2,1,2,2,2,2,1],48,148].
[[3,8,1,1,2,2,2,2,1],97,60].
[[1,8,1,1,1,2,2,3,1],41,11].
[[2,7,1,1,1,2,2,3,1],18,7].
[[3,7,1,1,1,2,1,2,1],48,19].
[[1,8,1,0,0,0,0,0,0],309,195].
[[2,8,1,0,0,0,2,2,1],139,92].
[[3,8,1,0,0,0,1,2,1],75,63].
[[2,8,0,1,1,2,2,2,1],45,58].
[[3,4,2,1,2,0,2,2,1],76,5].
[[1,9,2,0,0,0,2,3,0],102,167].
[[2,9,2,1,2,0,2,3,0],6,27].
[[3,8,0,1,2,0,2,3,0],7,28].
[[2,9,2,1,2,2,1,2,0],25,48].
[[3,5,0,1,2,2,1,2,0],40,0].
[[1,9,2,1,2,2,2,3,0],119,168].
[[2,8,1,1,2,2,1,2,1],185,103].
[[3,8,1,1,2,2,1,2,1],294,189].
[[1,9,2,1,2,2,2,3,1],233,425].
[[2,9,2,1,1,2,1,2,1],61,83].
[[3,8,1,1,1,2,1,2,1],156,101].
[[1,8,0,0,0,0,2,1,0],4,15].
[[2,8,0,0,0,0,2,1,0],8,18].
[[3,8,0,1,2,2,2,3,0],29,93].
[[1,8,1,0,0,0,1,2,1],92,52].
[[3,7,2,1,2,2,1,2,1],64,6].
[[1,8,1,0,0,0,2,2,1],187,100].
[[1,8,0,1,2,2,2,3,1],51,80].
[[2,8,0,1,2,2,2,3,1],72,199].
[[3,8,0,1,2,2,1,2,1],51,184].
[[1,8,0,1,2,2,0,0,0],135,266].
[[2,8,0,1,1,2,2,3,1],47,80].
[[3,8,0,1,1,2,2,2,1],19,60].
[[1,9,2,0,0,0,2,2,0],75,155].
[[2,9,2,0,0,0,1,1,0],3,21].
[[3,8,1,0,0,0,1,1,0],2,2].
[[1,8,0,1,2,2,2,1,1],20,24].
[[2,8,0,1,2,2,1,1,1],14,21].
[[3,8,0,1,1,2,1,1,1],14,40].
[[3,8,0,1,1,2,2,3,1],20,96].
[[1,8,1,1,2,2,2,3,1],228,112].
[[2,7,1,1,2,2,2,3,1],91,26].
[[3,7,1,1,2,2,2,3,1],163,82].
[[1,9,2,1,1,2,0,0,0],75,71].
[[2,8,1,1,1,2,0,0,0],6,5].
[[3,8,1,1,1,2,2,3,1],66,56].
[[2,7,1,0,0,0,2,3,1],38,18].
[[3,7,1,0,0,0,1,2,1],37,9].
[[1,9,2,1,2,2,2,1,0],67,95].
[[2,9,2,1,2,2,2,1,0],23,69].
[[3,8,0,1,2,2,2,1,0],11,72].
[[1,9,2,0,0,0,1,2,1],80,143].
[[2,8,1,0,0,0,1,2,1],115,70].
[[1,9,2,0,0,0,0,0,0],63,289].
[[2,8,0,0,0,0,0,0,0],12,61].
[[3,7,1,0,0,0,2,3,1],30,13].
[[1,9,2,1,1,2,1,1,1],19,6].
[[2,5,0,1,1,2,1,1,1],6,0].
[[3,5,0,1,1,2,1,1,1],40,3].
[[2,8,1,1,1,2,2,2,1],63,28].
[[1,9,2,0,0,0,2,1,1],54,119].
[[2,8,1,1,2,0,2,1,1],25,17].
[[3,8,1,1,1,0,1,1,1],11,12].
[[1,7,1,1,2,2,0,0,0],59,17].
[[2,8,1,1,2,2,2,2,1],204,101].
[[3,7,1,1,2,2,2,2,1],95,47].
[[1,9,2,1,1,2,2,1,0],37,20].
[[2,8,1,1,1,2,1,1,1],18,8].
[[3,7,1,1,1,2,1,1,1],18,14].
[[2,9,1,0,0,0,2,3,0],8,23].
[[3,9,1,1,2,0,2,3,0],3,15].
[[3,8,1,0,0,0,2,3,0],1,5].
[[1,9,2,1,2,2,1,2,1],92,128].
[[2,8,0,1,2,2,1,2,1],30,61].
[[2,8,0,0,0,0,2,3,1],29,80].
[[3,8,0,1,2,0,2,3,1],13,30].
[[1,8,1,1,2,2,2,1,1],59,29].
[[2,8,1,1,2,2,1,1,1],62,48].
[[3,7,1,1,2,2,1,1,1],41,36].
[[2,9,1,0,0,0,2,1,0],4,11].
[[3,5,0,1,2,0,1,2,0],17,2].
[[3,8,1,1,1,2,2,2,1],43,32].
[[2,8,1,0,0,0,1,1,1],34,29].
[[3,7,2,0,0,0,1,1,1],6,3].
[[2,9,1,1,2,2,2,1,0],5,22].
[[1,7,2,0,0,0,0,0,0],81,15].
[[2,7,2,1,2,0,2,2,1],8,3].
[[3,7,2,1,2,2,2,3,1],54,8].
[[2,8,1,0,0,0,2,3,1],183,111].
[[3,8,1,0,0,0,1,1,1],27,19].
[[2,7,1,1,2,2,1,2,1],28,8].
[[1,9,2,0,0,0,2,2,1],100,238].
[[3,9,2,0,0,0,2,2,1],1,8].
[[2,8,1,1,1,2,1,2,1],71,24].
[[3,7,2,1,1,2,1,2,1],20,0].
[[1,8,1,1,1,2,0,0,0],50,19].
[[2,7,2,1,1,2,0,0,0],8,0].
[[3,7,2,1,1,2,2,2,1],16,2].
[[2,8,1,1,1,2,2,3,1],87,51].
[[1,9,2,1,1,2,2,3,0],64,38].
[[2,9,1,1,1,2,1,2,1],28,27].
[[3,9,1,1,1,2,1,2,1],23,112].
[[2,9,2,0,0,0,2,2,0],21,60].
[[3,8,0,0,0,0,2,2,0],1,28].
[[2,8,1,1,2,2,0,0,0],16,19].
[[2,8,1,1,2,0,1,2,1],48,42].
[[3,8,1,1,2,0,1,2,1],114,80].
[[1,8,0,1,2,2,2,3,0],21,23].
[[2,8,0,1,2,2,2,3,0],44,77].
[[3,8,1,1,2,2,2,3,1],121,102].
[[2,8,0,1,2,2,2,2,0],29,96].
[[3,8,0,1,2,2,2,2,0],19,103].
[[2,9,2,1,2,2,2,2,0],37,111].
[[3,9,2,1,1,2,2,2,0],0,24].
[[1,8,0,1,1,2,0,0,0],48,55].
[[2,4,2,1,2,0,2,3,1],70,4].
[[3,4,2,1,2,0,2,3,1],99,7].
[[2,9,2,1,2,2,1,2,1],73,210].
[[3,5,0,1,2,2,1,1,1],52,2].
[[3,6,0,1,1,2,2,3,1],0,9].
[[2,7,1,1,2,2,2,1,1],15,9].
[[3,7,1,1,2,2,2,1,1],50,22].
[[1,8,1,1,2,0,0,0,0],28,32].
[[2,7,2,1,2,0,0,0,0],23,4].
[[3,7,2,1,2,2,2,2,1],37,6].
[[3,9,2,1,2,0,2,1,1],0,2].
[[2,7,2,0,0,0,2,3,1],54,6].
[[3,7,2,1,2,0,2,3,1],35,5].
[[2,9,2,1,2,0,1,2,1],23,55].
[[3,9,1,1,2,0,1,2,1],9,52].
[[1,9,2,1,2,2,1,1,1],30,54].
[[2,9,2,0,0,0,0,0,0],0,47].
[[3,8,0,1,2,2,0,0,0],0,54].
[[2,7,0,1,2,2,2,3,1],3,4].
[[3,8,0,1,1,0,1,2,1],2,8].
[[2,4,2,1,2,0,2,3,0],41,0].
[[3,4,2,1,2,0,2,3,0],58,3].
[[2,9,2,1,2,0,2,2,0],7,28].
[[2,8,1,0,0,0,2,2,0],11,7].
[[2,9,2,1,2,0,2,2,1],6,24].
[[3,8,0,1,2,0,2,2,1],6,23].
[[3,8,1,1,2,0,2,3,1],51,51].
[[2,7,1,1,2,2,0,0,0],84,38].
[[2,8,0,1,2,2,2,2,1],49,107].
[[3,8,0,1,1,2,1,2,1],33,125].
[[2,9,2,0,0,0,2,2,1],14,62].
[[3,8,0,1,2,2,2,2,1],18,97].
[[3,8,0,1,2,2,1,1,1],13,64].
[[1,9,2,1,1,2,2,3,1],111,102].
[[2,9,1,1,2,2,2,2,0],10,33].
[[3,9,1,1,2,2,2,2,0],4,64].
[[2,8,0,0,0,0,2,2,0],8,37].
[[3,9,2,1,2,0,1,2,1],4,33].
[[3,3,1,1,2,2,0,0,0],23,2].
[[1,9,2,1,2,2,0,0,0],79,288].
[[2,9,2,1,2,2,0,0,0],0,75].
[[1,8,0,0,0,0,0,0,0],96,211].
[[3,8,0,0,0,0,2,3,1],10,36].
[[1,6,0,1,2,2,0,0,0],6,6].
[[2,6,0,1,1,2,0,0,0],0,6].
[[3,6,0,1,1,2,2,2,1],1,10].
[[2,8,0,0,0,0,2,3,0],22,41].
[[3,8,0,1,2,0,1,2,0],5,8].
[[3,8,0,1,2,0,1,1,0],0,4].
[[1,7,2,1,2,2,2,3,1],10,1].
[[2,7,2,1,2,2,2,3,1],40,7].
[[2,8,0,1,2,0,0,0,0],3,25].
[[3,7,1,1,2,0,2,3,1],49,25].
[[1,7,1,0,0,0,0,0,0],57,20].
[[2,7,1,0,0,0,2,3,0],3,1].
[[3,7,1,0,0,0,2,3,0],6,0].
[[1,9,2,1,1,2,1,1,0],7,2].
[[2,9,2,1,1,2,1,1,0],11,9].
[[3,8,1,1,1,2,1,1,0],5,7].
[[3,9,1,1,1,2,1,2,0],9,15].
[[3,8,0,1,2,2,2,3,1],42,160].
[[1,9,2,1,2,0,2,2,0],7,20].
[[1,8,1,0,0,0,2,1,1],85,46].
[[2,8,0,1,1,2,1,1,0],3,4].
[[3,5,0,1,1,2,1,1,0],29,0].
[[3,7,2,0,0,0,1,2,1],21,1].
[[1,8,1,1,1,2,1,1,1],5,0].
[[2,7,1,1,1,2,1,1,1],1,0].
[[3,8,1,0,0,0,1,2,0],6,3].
[[2,7,1,0,0,0,0,0,0],41,25].
[[3,7,1,1,2,0,2,1,1],13,9].
[[2,9,2,1,2,2,2,3,1],60,193].
[[3,9,1,1,2,2,1,2,1],42,189].
[[2,7,2,1,2,2,0,0,0],32,3].
[[2,8,0,1,2,2,2,1,1],23,37].
[[2,7,1,1,1,2,0,0,0],25,10].
[[3,7,1,1,1,2,2,3,1],79,35].
[[3,8,1,1,2,0,1,1,1],27,28].
[[3,8,1,1,2,2,2,1,1],33,24].
[[3,9,2,1,2,2,1,2,1],20,128].
[[2,9,2,1,2,2,2,3,0],45,126].
[[3,9,2,1,1,2,2,1,0],1,17].
[[3,4,2,1,2,0,1,2,1],227,10].
[[1,8,0,1,2,2,2,2,1],36,48].
[[1,8,1,1,2,2,2,2,0],15,5].
[[2,8,1,1,2,2,2,3,0],17,9].
[[3,6,1,1,2,2,2,3,0],4,1].
[[2,6,0,1,2,2,0,0,0],6,11].
[[3,9,1,1,2,2,1,1,0],8,24].
[[2,9,1,1,2,2,1,2,1],38,78].
[[2,8,1,1,2,0,1,1,1],18,17].
[[3,7,1,1,1,0,1,1,1],2,2].
[[2,9,2,0,0,0,2,3,0],23,66].
[[1,9,2,1,2,2,2,1,1],82,128].
[[2,9,2,1,2,2,2,1,1],18,59].
[[3,9,2,1,2,2,2,3,1],1,13].
[[2,9,2,1,2,0,2,3,1],10,38].
[[1,7,1,1,2,2,2,3,1],13,3].
[[3,7,1,1,2,2,2,3,0],13,6].
[[3,7,1,1,1,2,2,2,1],44,23].
[[1,8,0,1,1,2,2,3,1],14,12].
[[2,4,2,1,2,0,1,2,1],66,4].
[[1,8,1,0,0,0,1,1,1],13,21].
[[3,8,1,1,2,2,1,1,1],87,81].
[[2,8,0,1,2,2,0,0,0],18,122].
[[3,7,0,1,2,2,0,0,0],7,13].
[[1,8,0,1,1,2,1,2,1],1,0].
[[2,7,0,1,1,2,1,2,1],1,0].
[[3,7,0,1,1,2,1,2,1],1,8].
[[2,7,1,0,0,0,2,2,1],27,11].
[[3,7,1,1,2,0,2,2,1],34,30].
[[3,5,0,1,1,0,1,1,1],3,1].
[[2,8,0,0,0,0,2,2,1],20,77].
[[1,9,2,1,1,2,2,2,1],72,51].
[[3,6,1,0,0,0,2,3,1],19,1].
[[1,9,2,0,0,0,1,1,0],7,19].
[[3,8,1,1,2,0,1,1,0],6,6].
[[3,8,0,1,2,0,0,0,0],0,9].
[[1,9,2,0,0,0,2,1,0],40,96].
[[2,9,2,0,0,0,2,1,0],7,38].
[[3,8,1,1,2,0,2,1,0],4,2].
[[3,9,2,1,2,2,1,2,0],10,26].
[[1,8,0,0,0,0,2,3,1],23,54].
[[3,7,0,1,2,2,2,3,1],9,32].
[[2,7,1,1,2,0,0,0,0],8,7].
[[1,8,0,1,1,2,2,2,1],20,9].
[[2,4,2,1,2,0,2,2,1],50,2].
[[2,9,2,1,1,2,2,2,0],43,50].
[[3,8,1,1,1,2,2,2,0],4,8].
[[1,9,2,1,1,2,2,1,1],34,40].
[[2,8,1,1,1,2,2,1,1],46,12].
[[3,9,2,1,2,2,2,1,0],1,19].
[[2,9,2,1,1,2,2,2,1],23,54].
[[1,6,1,1,2,2,2,3,1],3,0].
[[2,3,2,1,2,2,2,3,1],2,0].
[[3,3,2,1,2,2,2,3,1],11,0].
[[3,9,1,0,0,0,2,2,0],5,15].
[[2,9,1,0,0,0,1,2,1],16,46].
[[2,9,2,1,1,2,2,3,1],42,89].
[[3,7,2,1,1,2,2,1,1],10,0].
[[3,8,0,1,1,2,2,3,0],17,65].
[[2,9,1,1,2,0,2,3,0],1,8].
[[3,8,0,1,1,0,2,3,0],0,7].
[[2,8,0,1,1,2,2,3,0],22,26].
[[2,9,2,1,1,2,2,3,0],44,53].
[[3,9,2,1,1,2,2,3,0],2,32].
[[3,8,0,0,0,0,2,3,0],6,25].
[[1,7,2,1,2,0,1,2,1],1,0].
[[2,7,2,1,2,0,1,2,1],7,2].
[[3,7,2,1,2,0,1,2,1],23,4].
[[3,8,1,0,0,0,2,3,1],43,28].
[[3,9,2,1,1,2,1,2,1],21,97].
[[3,7,1,1,2,0,1,2,1],31,17].
[[2,8,0,0,0,0,2,1,1],9,27].
[[3,6,0,1,2,2,2,1,1],0,2].
[[3,6,1,0,0,0,1,1,1],7,1].
[[1,6,1,0,0,0,0,0,0],76,7].
[[2,6,1,1,2,2,0,0,0],32,2].
[[3,3,1,1,1,2,0,0,0],4,2].
[[2,8,1,1,2,0,2,3,1],75,64].
[[3,7,2,1,1,0,1,2,1],5,3].
[[3,9,2,1,1,2,2,1,1],0,5].
[[1,8,0,0,0,0,2,2,1],14,37].
[[3,7,0,0,0,0,2,2,1],2,7].
[[1,7,2,0,0,0,2,2,1],19,4].
[[1,8,1,0,0,0,2,1,0],12,7].
[[2,8,1,0,0,0,2,1,0],8,3].
[[1,8,1,1,1,2,2,2,1],25,9].
[[2,8,0,1,2,2,2,1,0],17,44].
[[3,8,0,1,1,2,2,1,0],9,42].
[[3,7,2,0,0,0,2,3,1],30,2].
[[3,8,0,1,1,2,2,1,1],5,35].
[[3,9,1,1,1,2,2,2,1],0,9].
[[2,8,1,0,0,0,2,3,0],20,9].
[[2,6,1,0,0,0,0,0,0],33,3].
[[3,3,1,0,0,0,0,0,0],8,1].
[[1,4,2,1,2,0,2,3,1],21,2].
[[3,7,1,1,2,2,1,2,1],133,43].
[[2,6,1,1,2,2,2,2,1],24,1].
[[3,6,1,1,1,2,2,2,1],13,2].
[[1,8,1,1,2,2,1,2,1],68,29].
[[1,9,2,1,1,2,2,2,0],59,32].
[[2,4,2,1,2,0,2,2,0],31,3].
[[3,4,2,1,2,0,1,2,0],38,2].
[[3,6,1,1,2,2,0,0,0],2,1].
[[2,9,1,1,1,2,0,0,0],0,5].
[[3,9,1,1,1,2,2,2,0],7,41].
[[1,8,1,1,1,2,1,2,1],12,3].
[[3,9,2,1,2,2,2,2,0],1,27].
[[1,7,2,1,2,2,0,0,0],26,3].
[[1,7,1,1,2,2,2,2,1],9,4].
[[2,7,2,1,2,2,2,2,1],34,4].
[[1,8,1,1,2,0,2,2,1],21,17].
[[2,8,1,1,1,0,1,2,1],5,7].
[[3,8,1,1,1,0,1,2,1],19,42].
[[1,7,1,0,0,0,2,3,1],15,4].
[[3,3,1,0,0,0,2,3,1],9,2].
[[2,8,0,1,2,0,2,3,0],5,18].
[[1,6,1,0,0,0,2,3,1],17,0].
[[2,6,1,0,0,0,2,3,1],26,1].
[[3,6,1,1,2,0,2,1,0],1,0].
[[1,9,2,0,0,0,1,1,1],32,42].
[[2,8,0,0,0,0,1,1,1],8,13].
[[2,8,1,0,0,0,2,1,1],55,21].
[[1,9,2,1,2,0,2,3,1],15,41].
[[1,4,2,1,2,0,0,0,0],14,2].
[[2,4,2,1,2,0,0,0,0],18,4].
[[3,4,2,1,2,0,0,0,0],21,6].
[[2,7,1,1,2,0,2,2,1],9,3].
[[1,8,1,1,2,2,1,1,1],24,17].
[[2,7,1,1,2,2,1,1,1],10,5].
[[2,7,2,0,0,0,2,2,1],21,5].
[[2,4,2,1,2,0,1,1,1],23,0].
[[3,4,2,1,2,0,1,1,1],77,1].
[[3,5,0,1,1,0,1,1,0],4,0].
[[2,9,1,1,2,2,2,3,1],14,33].
[[3,8,0,1,2,2,1,2,0],9,40].
[[1,9,2,1,2,0,2,3,0],9,21].
[[2,9,2,1,2,0,1,2,0],5,8].
[[3,9,1,1,2,0,1,1,0],2,10].
[[2,5,0,1,2,2,1,2,0],11,0].
[[3,9,1,1,2,2,2,3,0],3,34].
[[2,9,2,0,0,0,1,1,1],15,34].
[[3,9,2,1,2,2,1,1,1],5,38].
[[2,9,2,1,1,2,1,1,1],29,20].
[[3,9,2,0,0,0,2,3,0],0,13].
[[2,7,2,1,1,2,2,3,1],7,1].
[[3,7,2,1,1,2,2,3,1],21,4].
[[1,8,0,0,0,0,2,1,1],11,19].
[[1,8,1,1,2,2,2,2,1],165,51].
[[2,7,1,1,2,2,2,2,1],60,27].
[[3,3,2,1,2,2,0,0,0],6,0].
[[2,9,1,1,1,2,2,2,1],3,11].
[[3,4,2,1,2,0,2,2,0],56,5].
[[1,9,2,0,0,0,1,2,0],16,18].
[[2,9,2,0,0,0,1,2,0],11,14].
[[2,8,0,1,1,2,1,1,1],10,10].
[[3,7,0,1,1,2,1,1,1],0,3].
[[3,3,1,1,2,2,2,2,1],17,2].
[[1,9,2,1,2,0,2,2,1],10,32].
[[3,9,1,1,1,0,1,2,1],2,30].
[[3,9,1,1,2,2,2,1,0],2,40].
[[3,7,2,1,2,2,1,1,1],13,11].
[[3,8,1,1,2,0,2,2,1],30,29].
[[3,7,1,0,0,0,2,2,1],29,13].
[[3,5,0,1,2,2,1,2,1],20,2].
[[2,7,1,0,0,0,1,2,1],19,7].
[[3,9,2,1,2,0,1,1,1],3,12].
[[3,8,0,0,0,0,1,2,1],9,52].
[[1,4,2,1,2,0,1,1,0],3,0].
[[2,4,2,1,2,0,1,1,0],11,0].
[[3,4,2,1,2,0,1,1,0],30,0].
[[1,6,1,1,2,2,0,0,0],31,4].
[[3,8,1,1,1,0,2,3,1],13,20].
[[2,9,1,1,1,2,1,2,0],4,7].
[[3,8,1,1,1,2,1,1,1],47,32].
[[2,8,1,1,1,0,0,0,0],1,1].
[[3,8,1,1,1,0,2,1,0],0,3].
[[3,9,2,1,2,0,2,2,1],2,2].
[[2,9,2,0,0,0,2,1,1],8,29].
[[3,8,1,0,0,0,2,1,1],5,9].
[[2,7,2,1,2,0,2,1,1],6,1].
[[3,7,2,1,1,0,2,1,1],5,1].
[[1,9,2,1,2,0,2,1,0],4,8].
[[2,9,1,1,2,0,2,1,0],4,7].
[[2,8,1,0,0,0,1,1,0],3,3].
[[3,7,1,1,2,2,1,1,0],2,2].
[[3,9,2,1,1,0,2,2,0],0,4].
[[3,6,1,1,2,2,2,3,1],43,1].
[[3,7,2,1,1,0,1,1,1],2,3].
[[3,8,0,0,0,0,2,1,0],0,15].
[[3,8,1,0,0,0,2,2,0],2,0].
[[1,7,2,1,2,2,2,2,1],8,1].
[[2,7,2,1,1,2,2,2,1],7,1].
[[2,9,1,1,1,2,2,1,0],11,9].
[[3,9,1,1,1,2,2,1,0],2,36].
[[2,8,1,1,2,0,2,2,0],6,4].
[[3,8,1,1,1,0,2,2,0],1,3].
[[2,9,2,1,2,0,1,1,1],3,13].
[[3,8,0,1,2,0,1,1,1],3,19].
[[2,9,2,1,1,2,2,1,0],20,22].
[[2,8,1,0,0,0,0,0,0],11,12].
[[3,7,1,1,2,0,0,0,0],7,4].
[[1,9,2,1,2,2,1,2,0],26,32].
[[2,9,2,1,1,2,1,2,0],13,16].
[[3,9,2,1,1,2,1,2,0],4,17].
[[2,8,0,1,2,0,2,3,1],10,21].
[[3,8,0,0,0,0,2,2,1],3,20].
[[2,8,1,1,2,0,2,2,1],42,34].
[[3,7,1,1,1,0,2,2,1],7,4].
[[2,9,1,1,1,2,2,2,0],10,16].
[[3,7,1,1,2,0,1,1,1],11,7].
[[1,8,1,0,0,0,2,3,0],17,8].
[[3,9,1,1,2,2,2,2,1],2,10].
[[3,6,1,0,0,0,2,2,1],22,1].
[[2,7,2,0,0,0,0,0,0],31,4].
[[3,5,0,1,1,2,1,2,0],32,0].
[[2,9,2,1,1,2,2,1,1],7,26].
[[3,7,0,1,2,2,2,2,0],2,12].
[[3,5,0,0,0,0,1,1,0],8,0].
[[2,3,1,1,2,2,2,2,1],1,1].
[[3,9,1,1,2,0,2,3,1],2,13].
[[2,8,0,1,1,2,2,1,0],17,22].
[[2,8,1,1,2,2,2,1,0],11,12].
[[3,8,1,1,2,2,2,1,0],5,16].
[[3,7,1,1,2,0,2,3,0],5,2].
[[2,9,2,1,2,0,2,1,1],3,14].
[[1,8,0,0,0,0,2,3,0],18,28].
[[3,7,2,0,0,0,2,2,1],18,0].
[[1,8,1,1,2,0,2,3,1],43,24].
[[2,8,0,1,1,2,0,0,0],19,61].
[[2,9,2,1,1,2,0,0,0],13,24].
[[1,7,2,0,0,0,2,1,1],9,0].
[[2,7,2,0,0,0,2,1,1],18,5].
[[3,7,2,1,2,0,1,1,1],5,4].
[[3,6,1,1,2,2,1,1,1],10,2].
[[3,8,1,1,1,0,2,1,1],3,3].
[[3,8,1,1,1,2,2,1,0],3,7].
[[3,6,1,1,2,2,2,2,1],33,3].
[[3,7,0,1,2,2,2,3,0],7,16].
[[1,4,2,1,2,0,2,2,1],13,0].
[[1,9,2,1,2,2,1,1,0],7,23].
[[3,9,2,1,1,2,1,1,0],5,12].
[[2,8,0,1,2,2,1,2,0],9,13].
[[3,8,0,1,2,0,2,2,0],3,29].
[[3,9,2,0,0,0,2,1,0],0,7].
[[2,6,1,1,2,2,1,2,1],11,0].
[[3,6,1,1,2,2,1,2,1],44,1].
[[1,8,0,0,0,0,2,2,0],13,20].
[[2,8,0,1,1,2,2,1,1],16,24].
[[3,9,2,1,2,2,2,2,1],1,16].
[[2,9,1,1,2,2,1,1,1],9,21].
[[3,9,1,1,2,2,1,1,1],7,45].
[[3,7,0,1,1,2,2,3,1],9,15].
[[3,7,1,1,2,2,0,0,0],30,10].
[[1,9,2,1,1,2,1,2,1],41,27].
[[3,9,1,1,1,2,1,1,1],4,42].
[[3,7,0,1,1,2,2,1,1],0,3].
[[3,9,1,1,1,2,2,3,0],3,23].
[[2,9,2,0,0,0,1,2,1],50,88].
[[3,9,1,0,0,0,1,2,1],10,35].
[[2,8,0,1,2,0,2,2,0],6,12].
[[3,9,2,0,0,0,1,2,1],6,32].
[[2,8,1,1,2,0,0,0,0],5,10].
[[2,8,1,1,1,0,2,2,1],5,1].
[[3,8,1,1,1,0,2,2,1],5,7].
[[3,7,0,1,2,2,1,2,1],3,6].
[[1,9,2,1,2,0,1,2,1],13,19].
[[2,9,1,0,0,0,2,3,1],5,23].
[[1,8,1,1,1,2,2,1,1],13,3].
[[3,6,0,1,2,2,2,2,0],0,7].
[[1,6,1,0,0,0,2,2,0],2,0].
[[2,3,2,0,0,0,1,1,1],1,0].
[[3,3,2,1,2,0,1,1,1],3,0].
[[3,8,0,1,1,2,1,1,0],3,16].
[[1,3,2,0,0,0,0,0,0],14,0].
[[2,3,2,1,2,2,0,0,0],7,0].
[[3,3,2,1,2,2,2,2,1],9,0].
[[3,8,0,1,1,2,1,2,0],9,22].
[[2,9,2,1,2,2,1,1,1],26,73].
[[3,9,2,1,1,2,1,1,1],7,29].
[[3,8,1,1,2,0,2,1,1],12,7].
[[3,7,2,1,2,0,2,2,1],22,2].
[[3,6,0,1,1,2,0,0,0],0,11].
[[1,7,2,1,2,0,0,0,0],10,1].
[[2,7,2,1,2,0,2,3,1],18,1].
[[2,5,0,1,2,2,1,1,0],7,0].
[[3,8,1,1,2,2,1,1,0],5,11].
[[3,7,2,1,2,2,2,1,1],15,4].
[[2,7,0,0,0,0,2,2,1],0,1].
[[2,7,0,1,2,2,0,0,0],7,13].
[[2,9,1,1,2,0,1,2,1],9,25].
[[3,8,0,1,2,0,2,1,0],2,12].
[[3,9,1,1,1,2,2,3,1],5,27].
[[2,9,2,1,2,0,2,1,0],5,15].
[[3,7,0,0,0,0,2,3,1],1,6].
[[3,9,2,1,2,2,2,3,0],0,46].
[[2,9,1,1,1,2,2,3,0],7,10].
[[2,4,2,1,2,0,2,1,0],9,3].
[[3,4,2,1,2,0,2,1,0],29,4].
[[3,6,1,1,1,2,2,1,1],5,0].
[[1,6,1,0,0,0,2,1,1],4,0].
[[2,2,1,0,0,0,2,1,1],3,0].
[[3,2,1,0,0,0,2,1,1],1,0].
[[2,9,1,0,0,0,1,1,0],3,6].
[[3,9,1,0,0,0,1,1,0],1,5].
[[2,8,1,1,1,0,2,3,1],3,4].
[[3,5,0,0,0,0,1,2,0],8,0].
[[2,9,2,1,1,0,1,1,1],0,2].
[[3,8,0,1,1,0,1,1,1],0,7].
[[1,4,2,1,2,0,2,1,1],8,0].
[[3,6,0,1,2,2,2,3,0],4,7].
[[3,8,1,1,2,0,0,0,0],0,1].
[[1,7,1,1,2,2,2,1,1],5,2].
[[2,7,1,1,1,2,2,1,1],3,2].
[[2,9,1,1,1,2,2,3,1],9,11].
[[3,7,1,0,0,0,2,1,1],13,11].
[[3,9,1,1,1,0,2,1,0],0,8].
[[3,7,0,1,1,2,2,2,1],4,16].
[[2,9,2,1,1,0,2,2,1],1,3].
[[3,9,2,1,1,0,1,2,1],5,24].
[[2,5,0,1,2,2,1,1,1],14,0].
[[3,9,1,1,1,0,1,1,1],1,7].
[[2,6,1,1,2,0,2,2,1],5,1].
[[3,3,2,1,2,0,2,3,1],12,0].
[[2,6,1,0,0,0,1,2,1],11,3].
[[3,6,1,1,2,0,1,2,1],22,3].
[[3,7,0,1,1,2,2,1,0],4,1].
[[2,7,1,1,2,0,1,1,1],3,3].
[[2,8,1,1,2,2,2,2,0],21,9].
[[3,7,0,1,1,2,2,2,0],1,13].
[[3,9,1,1,2,2,2,3,1],5,35].
[[1,4,2,1,2,0,2,3,0],12,0].
[[3,8,0,0,0,0,1,2,0],7,5].
[[2,7,2,1,2,2,2,1,1],8,0].
[[2,8,0,1,2,0,1,2,0],1,2].
[[1,8,1,1,2,0,2,1,1],9,4].
[[2,2,1,0,0,0,2,3,1],1,0].
[[3,2,1,0,0,0,2,3,1],1,0].
[[2,8,0,1,1,2,1,2,1],12,17].
[[1,8,0,1,1,2,2,2,0],6,3].
[[2,6,0,1,2,2,2,2,1],1,3].
[[3,6,0,1,2,2,2,3,1],3,12].
[[1,7,1,0,0,0,1,2,1],4,3].
[[2,7,1,0,0,0,1,1,1],3,5].
[[3,7,1,0,0,0,1,1,1],11,5].
[[3,9,1,1,1,2,1,1,0],2,13].
[[3,3,1,1,2,2,2,1,1],6,0].
[[2,3,2,0,0,0,0,0,0],17,0].
[[3,3,2,0,0,0,2,3,1],8,0].
[[3,9,2,0,0,0,1,1,1],0,10].
[[3,9,2,1,2,0,2,2,0],0,8].
[[3,3,2,1,2,0,0,0,0],8,0].
[[2,7,2,1,2,2,1,2,1],22,5].
[[3,8,1,1,2,2,2,3,0],4,14].
[[2,6,0,0,0,0,2,2,0],1,1].
[[3,3,1,0,0,0,1,1,1],1,0].
[[2,7,2,0,0,0,1,1,1],3,4].
[[3,7,1,1,2,2,2,1,0],6,3].
[[2,6,1,1,2,2,2,1,1],9,1].
[[3,6,1,1,1,2,1,2,1],16,0].
[[3,7,0,1,2,2,2,2,1],9,23].
[[3,6,1,0,0,0,1,2,1],6,0].
[[1,8,0,1,1,2,2,1,1],7,5].
[[2,7,0,1,1,2,2,1,1],1,1].
[[3,9,2,1,2,2,1,1,0],3,17].
[[1,8,1,0,0,0,2,2,0],18,7].
[[3,7,1,1,2,2,2,2,0],14,7].
[[3,9,2,1,2,2,0,0,0],0,3].
[[3,9,2,1,1,0,1,1,1],2,6].
[[3,8,0,0,0,0,1,1,0],2,6].
[[2,7,0,1,2,2,2,2,1],0,4].
[[2,9,1,1,1,2,2,1,1],1,1].
[[3,9,1,1,1,2,2,1,1],0,1].
[[3,8,1,1,2,2,2,2,0],10,7].
[[3,9,1,1,2,0,1,2,0],3,5].
[[3,6,1,1,2,0,2,3,1],21,2].
[[3,8,0,1,1,0,2,3,1],0,12].
[[2,7,1,1,2,0,2,3,1],10,10].
[[3,8,1,1,2,2,1,2,0],22,4].
[[3,9,1,1,2,0,2,2,0],3,9].
[[3,8,0,1,2,0,1,2,1],11,36].
[[1,7,2,0,0,0,2,3,1],24,4].
[[2,9,1,0,0,0,1,1,1],6,13].
[[3,7,2,1,1,2,0,0,0],3,1].
[[3,8,0,1,1,2,0,0,0],0,21].
[[2,7,0,0,0,0,0,0,0],4,7].
[[3,7,0,1,2,0,0,0,0],0,4].
[[3,7,2,0,0,0,2,1,1],6,2].
[[2,9,2,1,2,0,0,0,0],1,14].
[[3,9,1,1,1,0,1,1,0],0,3].
[[2,6,1,1,2,0,0,0,0],7,1].
[[3,6,1,1,1,0,2,2,1],1,1].
[[2,7,2,0,0,0,1,2,1],16,4].
[[2,9,1,0,0,0,0,0,0],0,6].
[[3,9,1,1,2,0,2,1,0],0,12].
[[2,6,1,1,2,2,2,3,0],4,0].
[[3,9,2,1,2,0,2,1,0],0,7].
[[3,9,1,0,0,0,2,3,0],3,12].
[[2,9,2,1,2,2,1,1,0],13,23].
[[3,7,2,1,1,2,1,1,1],11,2].
[[2,5,0,1,1,0,1,2,0],2,0].
[[3,5,0,1,1,0,1,2,1],2,3].
[[2,7,1,1,1,2,2,2,1],7,1].
[[3,3,1,1,1,2,2,2,1],5,1].
[[3,9,2,1,1,2,2,2,1],5,5].
[[3,9,1,1,1,0,2,3,0],0,7].
[[3,9,1,0,0,0,2,1,0],0,5].
[[2,6,1,1,1,2,0,0,0],3,2].
[[2,4,2,1,2,0,2,1,1],9,0].
[[3,4,2,1,2,0,2,1,1],23,3].
[[2,8,1,1,2,2,1,2,0],21,3].
[[3,6,0,1,2,2,0,0,0],1,5].
[[3,6,0,1,2,2,2,2,1],2,5].
[[2,8,0,1,2,0,2,2,1],6,11].
[[2,2,1,1,2,2,0,0,0],2,0].
[[3,2,1,1,2,2,0,0,0],2,0].
[[2,6,1,0,0,0,2,1,1],7,1].
[[3,3,1,1,2,0,2,1,1],1,0].
[[2,8,1,1,2,0,1,2,0],4,1].
[[2,7,0,1,1,2,0,0,0],2,11].
[[3,7,1,1,1,2,0,0,0],9,6].
[[1,7,1,1,2,2,2,3,0],0,1].
[[2,7,1,1,1,2,1,2,0],0,1].
[[3,7,1,1,1,2,1,2,0],4,2].
[[1,8,0,1,1,2,2,3,0],6,4].
[[3,8,0,1,2,2,1,1,0],7,24].
[[2,7,1,0,0,0,2,1,1],10,8].
[[3,3,1,0,0,0,2,1,1],2,0].
[[1,8,1,1,2,0,1,1,1],5,4].
[[3,3,2,0,0,0,2,2,1],2,0].
[[1,2,1,0,0,0,2,3,1],1,0].
[[2,2,1,1,2,2,2,3,0],1,0].
[[3,2,1,1,2,2,1,2,1],1,0].
[[3,9,1,0,0,0,1,2,0],2,3].
[[2,9,2,1,1,0,1,2,1],0,4].
[[3,4,0,1,2,0,1,2,1],0,3].
[[3,8,1,1,1,0,1,2,0],3,0].
[[2,8,0,0,0,0,1,2,0],6,4].
[[2,9,1,1,2,0,1,1,1],1,5].
[[3,9,2,0,0,0,1,2,0],0,7].
[[3,3,2,1,1,2,2,2,1],1,0].
[[3,8,1,1,2,0,2,2,0],3,6].
[[3,7,1,1,1,0,0,0,0],0,2].
[[3,7,0,1,2,2,2,1,1],3,5].
[[3,3,1,1,2,0,0,0,0],6,0].
[[2,9,1,1,1,0,1,2,1],0,5].
[[2,9,1,1,2,2,2,2,1],3,12].
[[2,8,0,1,2,0,2,1,1],0,7].
[[3,6,1,0,0,0,0,0,0],2,1].
[[3,8,0,0,0,0,1,1,1],6,20].
[[2,6,1,1,1,2,2,3,1],8,0].
[[3,6,1,1,1,2,2,3,1],16,0].
[[3,6,1,1,2,0,2,2,1],11,1].
[[2,6,1,1,2,2,2,2,0],4,0].
[[3,3,1,1,2,2,2,2,0],2,0].
[[3,7,1,1,2,2,1,2,0],5,0].
[[3,5,0,1,2,0,1,1,1],18,3].
[[1,8,0,0,0,0,1,2,1],0,2].
[[2,7,0,1,2,2,1,2,1],1,1].
[[3,7,0,1,2,2,1,1,1],1,1].
[[3,5,0,0,0,0,1,1,1],16,0].
[[1,7,2,1,2,0,2,3,1],1,1].
[[3,7,1,1,1,2,2,1,0],6,3].
[[3,7,2,1,2,0,2,1,1],8,4].
[[2,9,1,1,2,2,2,3,0],10,13].
[[3,9,1,1,1,0,2,3,1],0,4].
[[2,3,1,0,0,0,0,0,0],8,2].
[[2,5,0,0,0,0,1,2,0],4,0].
[[2,8,0,0,0,0,1,2,1],13,22].
[[3,6,0,0,0,0,1,2,1],0,3].
[[2,8,0,1,1,2,1,2,0],8,3].
[[1,4,2,1,2,0,2,2,0],8,0].
[[1,7,2,0,0,0,1,2,1],6,1].
[[3,6,0,1,1,2,2,2,0],0,6].
[[2,9,1,0,0,0,2,2,0],3,11].
[[1,7,2,0,0,0,1,1,1],4,2].
[[2,7,2,1,2,0,1,1,1],5,2].
[[2,3,1,1,2,2,0,0,0],7,1].
[[1,9,2,1,1,2,1,2,0],10,10].
[[2,8,1,1,2,0,2,3,0],4,2].
[[2,3,2,1,2,2,2,2,1],2,0].
[[3,3,2,1,2,2,1,1,1],3,0].
[[1,6,1,1,2,2,2,1,1],2,0].
[[2,6,1,1,2,2,1,1,1],3,0].
[[1,6,1,0,0,0,2,2,1],9,1].
[[2,9,1,1,1,0,2,2,1],0,1].
[[3,4,0,1,2,0,2,2,1],0,1].
[[2,7,0,0,0,0,2,1,0],0,2].
[[3,3,0,0,0,0,2,1,0],0,1].
[[2,9,1,1,1,0,2,2,0],1,0].
[[1,6,1,0,0,0,1,2,1],6,1].
[[2,8,1,1,1,2,2,2,0],8,1].
[[3,7,1,1,1,2,2,2,0],5,2].
[[2,8,1,1,1,2,1,2,0],4,2].
[[2,6,1,0,0,0,2,2,0],4,0].
[[3,9,1,0,0,0,1,1,1],1,6].
[[1,8,1,1,2,2,2,1,0],6,2].
[[3,7,0,1,2,0,1,2,1],0,2].
[[3,9,2,1,2,0,2,3,0],0,14].
[[3,8,0,1,1,0,2,2,0],0,8].
[[2,8,0,1,2,2,1,1,0],2,7].
[[2,6,1,0,0,0,2,2,1],11,2].
[[2,9,1,1,1,2,1,1,0],1,5].
[[1,6,0,0,0,0,0,0,0],3,5].
[[2,6,0,0,0,0,0,0,0],5,3].
[[2,7,0,1,1,2,2,2,0],1,2].
[[3,7,0,1,1,2,2,3,0],3,12].
[[2,4,2,1,2,0,1,2,0],6,1].
[[1,3,2,0,0,0,2,2,1],1,0].
[[3,3,2,1,2,2,1,2,1],6,0].
[[3,9,2,0,0,0,1,1,0],0,6].
[[3,7,2,1,1,0,2,3,1],8,3].
[[2,8,0,0,0,0,1,1,0],0,2].
[[2,6,0,1,1,2,2,1,1],0,1].
[[2,7,1,1,2,2,2,2,0],2,1].
[[2,9,1,1,2,2,1,2,0],6,7].
[[3,9,1,1,2,2,1,2,0],8,22].
[[3,6,0,1,2,2,1,2,0],1,2].
[[2,7,1,1,2,0,1,2,1],5,2].
[[3,7,1,1,1,0,2,3,1],3,11].
[[2,7,0,1,2,2,2,2,0],1,1].
[[1,8,0,0,0,0,1,2,0],3,0].
[[1,6,1,1,2,2,1,2,1],1,0].
[[2,6,1,1,2,2,2,3,1],23,1].
[[2,5,0,0,0,0,1,1,1],9,0].
[[1,9,2,1,2,0,1,1,1],1,5].
[[2,5,0,1,2,0,1,1,0],3,0].
[[2,7,0,1,2,2,2,1,1],1,0].
[[2,7,1,1,1,2,1,2,1],6,3].
[[1,8,0,1,2,2,1,2,1],3,3].
[[3,5,0,1,2,0,1,1,0],5,0].
[[1,9,2,1,2,0,0,0,0],8,27].
[[2,9,2,1,1,0,0,0,0],0,1].
[[3,8,0,1,1,0,0,0,0],0,1].
[[3,7,0,1,1,2,0,0,0],4,15].
[[3,7,2,1,2,2,0,0,0],1,1].
[[3,8,0,0,0,0,0,0,0],0,12].
[[3,7,0,1,2,0,2,2,0],0,3].
[[3,9,1,0,0,0,2,1,1],0,3].
[[1,8,0,1,2,2,2,1,0],6,9].
[[2,3,1,1,2,2,2,3,1],2,0].
[[3,3,1,1,2,2,2,3,1],17,1].
[[3,9,1,1,2,0,1,1,1],2,14].
[[2,5,0,1,2,2,1,2,1],3,0].
[[2,6,1,1,1,2,2,1,1],3,0].
[[2,6,0,1,2,2,2,3,1],3,3].
[[3,3,1,1,2,2,1,2,1],8,0].
[[2,7,1,0,0,0,2,2,0],2,0].
[[2,5,0,1,1,2,1,2,0],9,0].
[[1,8,0,1,2,2,1,1,0],1,1].
[[2,7,0,1,2,2,1,1,0],0,1].
[[1,8,1,1,2,0,2,3,0],5,2].
[[3,8,1,1,2,0,2,3,0],4,2].
[[2,8,0,1,2,0,2,1,0],1,7].
[[3,8,0,1,1,0,2,1,0],1,5].
[[2,7,1,1,2,2,2,3,0],8,1].
[[3,7,1,1,1,0,2,1,0],1,2].
[[3,7,1,1,1,2,2,1,1],17,12].
[[2,9,1,1,1,2,1,1,1],6,10].
[[3,6,1,0,0,0,2,1,1],6,1].
[[3,7,0,1,2,0,2,3,1],1,7].
[[2,7,1,1,2,0,2,3,0],2,0].
[[3,6,1,1,2,0,2,1,1],8,0].
[[3,7,1,0,0,0,0,0,0],5,5].
[[3,7,1,1,2,0,2,2,0],2,2].
[[3,8,1,1,1,2,0,0,0],0,1].
[[2,6,0,0,0,0,2,3,1],1,2].
[[3,9,1,0,0,0,0,0,0],0,4].
[[2,8,1,1,1,2,2,3,0],9,1].
[[3,3,1,1,2,0,2,2,1],5,1].
[[1,4,2,1,2,0,1,1,1],1,0].
[[3,6,0,1,1,2,2,1,0],1,2].
[[2,3,1,1,2,2,2,1,1],3,0].
[[2,9,1,1,2,0,2,2,0],4,10].
[[3,7,0,1,2,0,2,1,0],1,1].
[[2,6,1,1,2,0,2,3,0],0,1].
[[3,3,1,1,2,0,2,3,1],6,0].
[[2,8,1,1,2,0,2,1,0],4,5].
[[1,7,1,0,0,0,2,1,1],2,1].
[[2,3,1,0,0,0,2,1,1],1,0].
[[3,3,1,0,0,0,1,2,1],1,0].
[[2,9,2,1,1,0,2,3,1],0,8].
[[3,3,2,0,0,0,0,0,0],6,0].
[[3,6,0,1,2,2,2,1,0],1,6].
[[3,6,1,1,2,2,1,2,0],1,0].
[[3,7,0,1,1,2,1,1,0],0,1].
[[2,8,1,1,2,2,1,1,0],4,5].
[[3,7,2,1,2,2,1,1,0],0,1].
[[3,9,2,1,2,0,1,2,0],3,7].
[[2,7,1,1,2,0,2,1,1],3,0].
[[2,7,0,1,1,2,2,3,1],2,3].
[[1,6,0,1,2,2,2,2,1],1,0].
[[2,6,0,1,1,2,2,2,1],1,1].
[[2,6,0,1,1,2,2,3,1],1,1].
[[3,3,1,1,1,2,2,3,1],6,0].
[[3,7,2,1,1,0,2,2,1],2,2].
[[3,8,0,1,2,0,2,1,1],1,9].
[[3,8,0,1,1,0,1,2,0],1,3].
[[3,9,1,0,0,0,2,2,1],0,3].
[[2,6,1,1,1,2,1,2,1],3,0].
[[3,7,0,0,0,0,2,3,0],0,3].
[[2,9,1,0,0,0,2,2,1],1,3].
[[1,8,1,1,2,2,2,3,0],11,4].
[[3,6,1,1,1,2,2,3,0],1,0].
[[2,7,2,1,2,2,1,1,1],5,1].
[[3,8,0,1,1,0,2,1,1],0,4].
[[3,7,1,1,2,0,2,1,0],3,1].
[[3,7,1,1,1,2,2,3,0],3,6].
[[3,3,1,1,1,2,1,1,1],2,0].
[[1,4,2,1,2,0,2,1,0],5,2].
[[1,6,1,1,2,2,2,2,1],5,0].
[[2,6,1,1,1,2,1,1,1],1,0].
[[3,6,1,1,1,2,1,1,1],1,1].
[[3,8,0,1,1,0,2,2,1],0,2].
[[2,9,1,1,2,0,2,2,1],1,1].
[[2,3,2,0,0,0,2,3,1],5,0].
[[2,9,1,1,2,0,1,1,0],0,4].
[[3,6,0,1,2,0,2,1,0],0,2].
[[2,6,1,1,2,0,2,3,1],14,1].
[[3,8,0,0,0,0,2,1,1],0,6].
[[2,6,0,1,2,2,2,3,0],4,3].
[[3,6,0,1,1,2,2,3,0],2,1].
[[1,8,0,0,0,0,1,1,0],0,2].
[[2,7,1,0,0,0,1,1,0],0,1].
[[3,7,1,0,0,0,1,1,0],0,1].
[[3,6,1,1,1,0,2,1,1],1,1].
[[1,9,2,1,2,0,1,1,0],1,1].
[[3,8,1,1,1,0,1,1,0],1,5].
[[3,9,2,1,1,0,2,3,0],1,5].
[[3,6,1,1,2,0,2,2,0],2,0].
[[2,7,2,1,1,2,2,1,1],6,1].
[[3,2,0,1,2,2,0,0,0],1,0].
[[2,8,0,1,2,0,1,2,1],5,3].
[[3,5,0,1,1,2,1,2,1],12,0].
[[3,5,0,0,0,0,1,2,1],4,0].
[[2,9,1,1,2,0,0,0,0],0,3].
[[3,9,1,1,1,0,0,0,0],0,1].
[[1,7,1,0,0,0,2,2,1],3,4].
[[3,2,1,0,0,0,1,2,1],1,0].
[[3,1,1,1,2,0,1,2,1],1,0].
[[2,1,1,1,2,0,1,2,0],1,0].
[[3,1,1,1,2,0,1,2,0],1,0].
[[2,6,1,0,0,0,1,1,1],1,1].
[[3,6,1,1,2,2,2,2,0],5,0].
[[3,8,1,1,1,2,1,2,0],7,3].
[[3,6,0,1,2,0,0,0,0],0,2].
[[3,9,1,1,1,0,2,2,0],0,6].
[[2,9,1,0,0,0,1,2,0],4,4].
[[2,8,1,1,1,2,2,1,0],9,2].
[[1,9,2,1,2,0,1,2,0],4,3].
[[3,9,2,1,1,0,1,2,0],0,3].
[[3,6,1,1,1,2,2,1,0],1,0].
[[3,3,2,1,1,2,2,3,1],2,0].
[[3,7,0,0,0,0,0,0,0],0,7].
[[3,9,2,1,2,0,2,3,1],0,3].
[[1,8,1,1,2,2,1,2,0],1,2].
[[2,7,1,1,2,2,1,2,0],1,0].
[[3,7,0,1,2,2,1,2,0],3,2].
[[2,9,1,1,2,0,2,3,1],1,5].
[[3,6,0,0,0,0,2,3,0],1,0].
[[2,9,1,1,2,0,1,2,0],1,1].
[[3,6,0,1,2,2,1,2,1],1,0].
[[2,7,2,1,1,2,1,1,1],1,1].
[[3,9,2,1,1,0,2,3,1],0,3].
[[3,8,1,1,2,0,1,2,0],4,3].
[[1,8,1,1,2,0,2,2,0],1,0].
[[2,5,0,1,2,0,1,1,1],2,0].
[[2,7,2,1,1,0,2,3,1],3,0].
[[2,6,1,0,0,0,2,3,0],2,0].
[[3,3,1,1,2,2,2,3,0],2,0].
[[3,6,0,1,1,2,1,1,1],1,2].
[[3,8,1,1,1,2,2,3,0],4,3].
[[3,6,0,0,0,0,0,0,0],0,4].
[[1,4,2,1,2,0,1,2,1],9,0].
[[2,3,2,1,2,0,0,0,0],3,0].
[[3,3,2,1,2,0,2,2,1],4,0].
[[2,8,0,1,2,0,1,1,0],0,1].
[[3,8,0,1,1,0,1,1,0],0,1].
[[2,9,2,1,1,0,2,2,0],0,2].
[[3,6,1,1,2,0,1,1,1],3,3].
[[2,7,0,0,0,0,2,3,0],0,1].
[[3,8,1,1,2,2,0,0,0],0,5].
[[3,6,1,1,1,0,1,2,1],3,1].
[[1,8,1,1,1,2,2,1,0],2,0].
[[2,7,1,1,1,2,2,1,0],1,1].
[[3,7,2,1,2,0,0,0,0],2,0].
[[1,8,1,1,2,2,1,1,0],2,1].
[[2,9,1,1,1,0,2,1,0],1,0].
[[3,9,2,1,1,2,2,3,1],0,5].
[[2,8,1,1,2,0,1,1,0],0,4].
[[3,7,1,1,1,0,1,2,1],4,7].
[[1,8,0,1,1,2,2,1,0],2,4].
[[3,9,1,0,0,0,2,3,1],0,6].
[[3,9,1,1,2,2,2,1,1],1,1].
[[1,8,1,1,1,2,2,3,0],4,3].
[[2,9,2,1,1,0,2,1,0],1,2].
[[3,4,0,1,2,0,2,3,0],0,1].
[[3,6,0,1,1,2,2,1,1],0,3].
[[1,7,2,1,2,0,2,1,1],1,0].
[[3,3,2,1,2,2,2,1,1],1,0].
[[3,3,1,0,0,0,2,2,1],4,1].
[[3,6,1,1,1,0,2,3,1],2,1].
[[3,6,0,0,0,0,2,1,1],0,2].
[[3,3,1,1,2,0,1,2,1],4,0].
[[3,7,1,0,0,0,2,2,0],2,0].
[[1,8,1,1,2,0,1,2,1],5,3].
[[3,9,1,1,1,0,2,2,1],0,1].
[[3,7,0,0,0,0,1,1,1],1,0].
[[2,7,0,0,0,0,2,3,1],0,1].
[[3,7,0,1,2,2,2,1,0],2,3].
[[2,3,2,0,0,0,2,2,1],3,0].
[[3,3,2,0,0,0,1,2,1],1,0].
[[3,6,0,1,2,2,1,1,0],0,2].
[[3,7,0,0,0,0,1,2,1],0,4].
[[3,9,2,1,2,2,2,1,1],0,4].
[[2,9,2,1,1,0,1,2,0],0,2].
[[2,8,1,0,0,0,1,2,0],2,2].
[[2,5,0,1,2,0,1,2,1],1,0].
[[2,5,0,1,1,0,1,1,1],1,0].
[[2,9,2,1,1,0,2,3,0],0,2].
[[2,5,0,1,1,2,1,2,1],1,0].
[[2,6,1,1,2,0,2,1,1],3,1].
[[2,7,2,1,1,0,2,2,1],2,0].
[[2,6,0,0,0,0,2,1,1],1,1].
[[2,9,1,1,2,2,0,0,0],0,6].
[[3,7,1,1,1,0,2,1,1],0,3].
[[3,6,1,1,2,0,2,3,0],2,0].
[[2,5,0,1,1,2,1,1,0],4,0].
[[2,9,2,1,1,0,2,1,1],0,1].
[[1,8,1,0,0,0,1,2,0],3,2].
[[3,6,1,1,1,0,2,2,0],1,0].
[[3,3,2,0,0,0,2,1,1],4,0].
[[2,7,2,1,1,2,1,2,1],1,0].
[[2,3,1,0,0,0,2,3,1],1,0].
[[3,3,2,1,2,0,2,1,1],4,0].
[[2,8,1,1,1,0,2,1,0],0,1].
[[3,9,2,1,1,0,2,1,0],0,5].
[[2,6,1,0,0,0,2,1,0],2,0].
[[3,6,1,0,0,0,2,1,0],3,0].
[[1,8,1,1,1,2,2,2,0],2,1].
[[2,6,1,1,1,2,2,2,1],1,0].
[[3,7,0,1,2,0,2,2,1],0,2].
[[2,6,1,1,2,0,1,2,1],2,0].
[[3,9,1,1,1,2,0,0,0],0,1].
[[3,8,1,0,0,0,2,1,0],2,1].
[[3,7,0,1,2,2,1,1,0],0,2].
[[1,8,0,1,1,2,1,2,0],1,0].
[[3,5,0,1,1,0,1,2,0],3,2].
[[3,3,1,1,1,2,2,1,0],0,1].
[[2,7,1,0,0,0,2,1,0],2,0].
[[2,8,1,1,1,0,1,1,1],1,0].
[[3,2,1,1,2,0,0,0,0],1,0].
[[2,5,0,1,2,0,1,2,0],1,0].
[[1,7,1,0,0,0,2,2,0],1,0].
[[2,2,1,0,0,0,0,0,0],3,0].
[[3,2,1,0,0,0,0,0,0],3,0].
[[3,5,0,1,2,0,1,2,1],3,1].
[[3,3,1,0,0,0,2,2,0],1,0].
[[1,7,2,1,2,2,2,1,1],2,0].
[[2,9,1,1,2,0,2,1,1],0,1].
[[3,8,1,1,1,0,0,0,0],0,1].
[[3,9,1,1,2,0,2,2,1],0,2].
[[3,9,2,0,0,0,2,2,0],1,3].
[[3,7,0,0,0,0,2,2,0],0,2].
[[3,3,2,1,1,2,0,0,0],1,0].
[[2,6,0,1,1,2,2,1,0],1,0].
[[2,8,0,1,2,0,1,1,1],0,4].
[[2,7,1,1,1,2,2,2,0],3,0].
[[3,9,2,1,1,0,1,1,0],0,1].
[[1,7,2,1,2,2,1,2,1],2,0].
[[3,7,0,0,0,0,2,1,0],1,0].
[[1,7,1,1,2,2,1,2,1],2,0].
[[1,6,1,0,0,0,2,3,0],1,0].
[[3,7,1,1,1,0,2,3,0],0,2].
[[2,7,1,1,1,2,2,3,0],1,1].
[[3,7,1,0,0,0,1,2,0],3,0].
[[3,7,1,1,2,0,1,2,0],1,0].
[[2,6,0,1,2,2,2,1,1],1,1].
[[2,7,1,1,2,0,2,1,0],1,0].
[[3,9,2,0,0,0,2,3,1],0,3].
[[2,7,0,1,2,2,2,3,0],1,1].
[[3,3,2,1,2,0,1,2,1],2,0].
[[1,6,0,0,0,0,2,1,1],0,1].
[[3,7,1,1,2,0,1,1,0],0,1].
[[3,7,1,1,1,0,2,2,0],1,0].
[[3,6,1,1,1,2,0,0,0],3,0].
[[3,9,1,1,2,2,0,0,0],0,1].
[[2,8,1,1,1,0,2,3,0],0,1].
[[2,9,1,1,1,0,1,1,1],0,1].
[[3,9,2,0,0,0,0,0,0],0,1].
[[3,7,0,1,2,0,2,3,0],0,2].
[[3,3,2,1,1,0,2,3,1],1,0].
[[1,7,1,1,2,2,2,2,0],1,0].
[[2,7,1,0,0,0,1,2,0],0,1].
[[3,9,2,1,2,0,1,1,0],2,2].
[[1,8,0,1,2,2,1,2,0],0,2].
[[3,3,2,1,1,0,0,0,0],2,0].
[[3,6,1,0,0,0,2,3,0],1,0].
[[1,8,0,1,2,2,1,1,1],0,1].
[[2,6,0,0,0,0,2,2,1],1,0].
[[3,7,0,1,2,0,1,1,1],0,1].
[[3,6,1,1,2,2,2,1,0],2,0].
[[3,3,2,1,1,2,1,2,1],1,0].
[[1,7,1,1,2,2,1,1,1],1,0].
[[3,9,1,1,1,0,1,2,0],0,1].
[[1,2,1,0,0,0,0,0,0],1,0].
[[3,2,1,1,2,0,2,1,1],1,0].
[[2,6,1,1,2,2,2,1,0],1,0].
[[2,3,1,0,0,0,1,2,1],1,0].
[[3,3,2,1,1,0,2,2,1],1,0].
[[2,7,0,0,0,0,2,1,1],0,1].
[[3,6,0,0,0,0,2,3,1],1,0].
[[2,7,0,1,1,2,2,2,1],1,0].
[[2,7,1,1,2,2,2,1,0],0,1].
[[3,7,2,0,0,0,0,0,0],1,0].
[[2,5,0,0,0,0,1,1,0],1,0].
[[2,7,0,1,1,2,2,3,0],1,0].
[[3,3,2,0,0,0,1,1,1],1,0].
[[2,3,2,0,0,0,1,2,1],1,0].
[[2,6,0,1,2,2,1,1,0],0,1].
[[1,3,2,0,0,0,2,3,1],1,0].
