total_WL(5028,6929).
[[1,9,2,1,2,2,2,3,0],135,293].
[[2,8,1,1,2,2,2,3,0],90,58].
[[3,8,1,1,2,2,2,3,0],58,80].
[[1,9,2,1,1,2,2,2,1],31,26].
[[2,8,0,1,1,2,2,2,1],14,25].
[[3,8,0,1,1,2,2,3,0],8,135].
[[1,9,2,0,0,0,1,1,2],22,15].
[[2,9,1,0,0,0,1,1,2],5,10].
[[3,9,1,1,2,2,1,1,2],0,19].
[[1,9,2,0,0,0,2,3,2],31,174].
[[2,9,2,0,0,0,2,2,1],3,21].
[[3,8,0,0,0,0,2,2,1],1,6].
[[1,9,2,1,2,2,2,2,2],40,129].
[[2,9,1,1,2,2,1,1,2],5,26].
[[1,9,2,1,2,2,1,2,0],31,98].
[[2,8,0,1,2,2,1,2,0],5,34].
[[3,8,0,1,2,2,1,2,0],7,109].
[[1,8,1,1,2,2,2,2,2],79,40].
[[2,6,1,1,2,2,2,2,2],9,0].
[[3,6,1,1,2,2,2,2,2],9,0].
[[1,9,2,0,0,0,2,3,1],43,144].
[[2,8,0,0,0,0,2,3,1],9,38].
[[3,8,0,0,0,0,2,3,0],3,44].
[[1,9,2,0,0,0,1,2,0],17,57].
[[2,9,1,0,0,0,1,2,0],5,40].
[[3,9,1,0,0,0,1,1,0],0,11].
[[1,9,2,0,0,0,2,1,0],28,101].
[[2,8,1,0,0,0,2,1,0],25,12].
[[3,8,1,0,0,0,2,1,0],5,10].
[[1,9,2,1,1,2,1,2,0],20,18].
[[2,4,2,1,2,0,1,2,0],26,1].
[[3,4,2,1,2,0,1,2,0],121,4].
[[1,8,0,0,0,0,2,2,1],11,19].
[[2,8,0,1,2,2,1,2,1],10,32].
[[3,5,0,1,2,2,1,1,1],72,5].
[[1,8,0,1,2,2,1,2,2],13,24].
[[2,8,0,1,2,2,1,2,2],21,87].
[[3,5,0,1,1,2,1,1,1],60,2].
[[1,9,2,1,2,2,2,2,0],93,207].
[[2,8,1,1,2,2,2,2,0],55,42].
[[3,7,1,1,1,2,2,2,0],17,17].
[[2,9,1,1,2,2,1,2,2],4,30].
[[3,9,1,1,1,2,1,2,1],5,72].
[[1,8,0,0,0,0,2,3,1],6,36].
[[2,7,1,0,0,0,2,3,1],23,9].
[[3,7,1,1,2,0,2,3,1],15,13].
[[1,9,2,0,0,0,2,2,0],72,204].
[[2,9,1,0,0,0,2,2,0],7,34].
[[3,9,1,1,2,2,1,1,0],1,66].
[[1,9,2,1,2,2,0,0,0],91,298].
[[2,8,0,1,2,2,0,0,0],10,131].
[[3,8,0,1,2,2,2,3,0],10,200].
[[1,8,1,1,1,2,2,3,0],8,1].
[[2,8,1,1,1,2,1,1,1],12,7].
[[3,7,1,1,1,2,1,1,1],8,5].
[[1,8,1,1,2,0,2,3,2],13,17].
[[2,8,1,1,2,0,2,3,2],11,14].
[[3,8,1,1,1,0,1,1,1],4,10].
[[1,8,1,0,0,0,0,0,0],239,199].
[[2,8,1,1,2,0,0,0,0],10,18].
[[3,8,1,1,1,0,2,3,0],2,13].
[[1,9,2,0,0,0,2,3,0],93,295].
[[2,5,0,1,2,0,1,2,0],8,1].
[[3,5,0,1,2,2,1,2,0],50,4].
[[2,5,0,1,2,2,1,2,1],20,0].
[[3,5,0,1,2,2,1,2,1],52,3].
[[1,9,2,1,1,2,2,3,0],79,73].
[[2,4,2,1,2,0,2,2,0],46,2].
[[3,4,2,1,2,0,2,2,0],93,6].
[[1,8,1,1,2,2,2,3,1],90,55].
[[2,8,1,1,1,2,2,2,0],25,7].
[[3,7,2,1,1,2,2,2,0],3,0].
[[1,8,1,0,0,0,2,3,2],137,88].
[[2,8,1,1,2,2,1,2,2],79,46].
[[3,8,1,1,2,2,1,2,2],76,72].
[[2,6,0,1,2,2,1,2,2],1,0].
[[3,3,1,1,2,2,1,2,2],4,0].
[[2,8,1,1,2,0,2,3,0],27,18].
[[3,8,1,1,2,0,2,3,0],32,25].
[[1,8,1,0,0,0,2,2,0],41,25].
[[2,8,1,0,0,0,2,2,0],40,22].
[[3,5,0,0,0,0,1,2,1],18,0].
[[1,7,1,0,0,0,0,0,0],52,27].
[[2,3,1,1,2,2,0,0,0],10,0].
[[3,3,1,1,1,2,2,2,0],2,0].
[[2,8,1,0,0,0,2,3,2],57,34].
[[1,8,0,1,2,2,0,0,0],97,231].
[[2,8,0,1,1,2,0,0,0],19,49].
[[3,7,0,1,1,2,0,0,0],2,21].
[[2,8,1,0,0,0,1,2,0],10,10].
[[3,7,2,0,0,0,1,2,0],3,0].
[[1,8,0,1,2,2,2,3,1],11,40].
[[3,8,0,1,2,2,1,1,0],0,52].
[[1,8,1,1,2,2,2,2,0],34,17].
[[1,8,1,0,0,0,2,3,1],130,89].
[[2,7,2,1,2,0,1,2,2],13,2].
[[3,7,2,1,1,0,1,2,2],6,2].
[[2,8,1,1,2,2,2,3,2],74,40].
[[3,8,0,1,2,2,2,2,0],8,154].
[[1,9,2,0,0,0,0,0,0],56,262].
[[2,9,2,1,2,0,2,2,0],7,21].
[[3,9,1,1,2,0,1,2,1],4,26].
[[1,9,2,1,1,2,2,3,2],29,29].
[[2,9,2,1,1,2,2,3,1],13,23].
[[3,9,2,1,1,2,2,3,0],0,17].
[[2,9,2,1,2,2,2,2,0],25,116].
[[3,9,1,1,1,2,1,2,0],9,100].
[[3,8,0,1,2,0,1,1,2],0,7].
[[3,9,2,1,1,2,1,1,1],2,24].
[[1,8,0,1,2,2,2,3,2],24,60].
[[2,8,0,1,2,2,2,3,1],15,89].
[[3,8,0,1,2,2,1,2,2],8,137].
[[2,8,1,1,2,2,2,1,1],31,22].
[[3,8,1,1,1,2,2,1,1],9,7].
[[2,9,1,1,2,2,2,2,0],23,80].
[[3,9,1,1,2,2,1,2,0],9,119].
[[1,9,2,0,0,0,2,2,2],33,130].
[[2,8,1,0,0,0,2,2,2],35,32].
[[3,8,1,0,0,0,2,2,0],14,17].
[[2,9,1,1,2,0,1,2,2],1,11].
[[3,9,1,1,2,2,1,2,2],6,84].
[[2,9,2,0,0,0,1,2,1],13,28].
[[2,8,1,0,0,0,2,3,0],58,51].
[[3,8,1,0,0,0,2,3,0],16,22].
[[2,8,1,1,1,2,2,2,2],30,6].
[[3,6,1,1,1,2,2,2,2],3,0].
[[1,8,1,1,2,2,1,2,0],10,4].
[[2,8,1,1,1,2,1,2,0],11,5].
[[3,7,1,1,1,2,1,2,0],12,1].
[[2,8,1,1,2,2,1,2,1],90,51].
[[3,7,1,1,1,2,1,2,1],27,10].
[[1,9,2,1,2,2,1,2,2],85,157].
[[2,9,2,1,1,2,1,2,2],32,50].
[[3,9,1,1,1,2,1,2,2],5,49].
[[2,9,2,0,0,0,1,2,2],11,73].
[[3,9,2,1,2,0,1,2,2],0,16].
[[3,8,0,1,1,2,1,2,1],7,52].
[[1,8,0,0,0,0,2,3,2],8,47].
[[2,7,1,0,0,0,2,3,2],30,12].
[[3,7,1,0,0,0,2,3,2],15,10].
[[2,9,2,1,2,2,2,3,0],38,186].
[[1,9,2,0,0,0,2,2,1],25,134].
[[2,9,2,0,0,0,1,1,1],1,20].
[[3,9,2,1,2,2,1,1,1],2,32].
[[3,9,2,1,2,2,2,2,0],1,22].
[[2,9,2,0,0,0,2,3,2],2,25].
[[3,9,1,1,2,0,2,1,0],0,11].
[[3,7,0,1,2,2,1,2,0],0,4].
[[2,8,1,1,2,2,0,0,0],39,39].
[[2,8,0,1,2,2,2,3,0],39,149].
[[2,8,0,1,2,2,2,3,2],12,77].
[[3,8,0,1,2,2,2,3,2],1,42].
[[1,8,0,1,2,2,2,2,2],30,72].
[[2,8,0,1,1,2,2,2,2],12,25].
[[3,4,2,1,2,0,2,2,2],12,2].
[[2,5,0,1,1,2,2,2,0],9,2].
[[3,5,0,1,1,2,1,2,1],38,0].
[[2,8,1,1,1,2,2,3,1],34,19].
[[3,4,2,1,2,0,1,2,1],89,5].
[[2,9,2,1,1,2,2,3,0],35,74].
[[3,9,1,1,1,2,1,1,0],1,55].
[[3,7,1,1,2,2,1,2,2],50,18].
[[2,9,1,1,2,2,0,0,0],1,8].
[[3,8,0,1,2,2,0,0,0],0,34].
[[2,9,1,1,1,2,1,2,0],27,31].
[[1,9,2,1,2,2,2,3,1],50,155].
[[3,8,0,1,1,2,2,2,0],6,94].
[[2,7,1,1,2,2,2,3,2],41,14].
[[2,7,1,1,2,2,2,1,1],14,11].
[[1,5,0,0,0,0,1,1,1],5,0].
[[2,5,0,1,2,2,1,1,1],41,1].
[[2,9,2,0,0,0,1,2,0],10,26].
[[3,8,0,0,0,0,1,2,0],1,27].
[[1,7,1,0,0,0,2,3,0],3,0].
[[2,7,1,1,2,0,1,2,1],2,2].
[[3,7,1,1,1,0,1,2,1],5,2].
[[2,9,1,0,0,0,2,3,1],3,4].
[[3,8,0,0,0,0,2,3,1],1,12].
[[2,9,1,1,2,2,1,2,0],17,84].
[[3,8,1,1,2,2,1,2,0],67,52].
[[2,8,0,1,2,2,2,2,2],16,61].
[[3,8,0,1,2,2,2,2,2],1,19].
[[1,9,2,1,2,2,1,1,2],22,31].
[[2,8,1,1,2,2,1,1,2],11,15].
[[3,8,1,1,1,2,1,2,1],55,38].
[[3,8,1,1,2,0,2,2,2],3,3].
[[2,7,2,0,0,0,0,0,0],24,3].
[[3,7,2,1,2,0,2,2,1],6,1].
[[2,9,2,0,0,0,2,2,2],2,13].
[[2,9,2,0,0,0,2,1,0],5,29].
[[3,8,0,1,2,0,2,1,0],3,16].
[[3,8,0,1,2,0,2,2,0],2,36].
[[2,8,1,0,0,0,0,0,0],28,28].
[[3,8,1,1,2,0,2,3,1],11,25].
[[1,9,2,1,1,2,1,2,2],39,37].
[[2,9,1,1,1,2,1,2,2],4,15].
[[3,4,2,1,2,0,1,1,1],40,1].
[[1,9,2,0,0,0,2,1,1],18,45].
[[2,9,1,1,2,0,2,1,1],1,1].
[[3,9,1,1,2,0,2,3,0],2,22].
[[1,8,1,0,0,0,2,2,2],99,68].
[[2,7,1,0,0,0,2,2,2],22,13].
[[3,7,1,1,2,0,2,2,2],13,13].
[[2,9,2,1,2,2,1,2,0],14,70].
[[3,9,2,1,2,2,1,2,0],0,28].
[[1,9,2,1,2,2,2,3,2],51,165].
[[3,8,0,1,2,2,2,2,1],2,29].
[[2,9,1,1,2,2,2,3,0],16,100].
[[3,9,0,1,2,2,1,2,0],0,11].
[[1,8,1,0,0,0,2,1,1],55,29].
[[2,8,1,0,0,0,2,1,1],20,15].
[[3,8,1,1,2,2,1,1,1],47,45].
[[2,8,0,1,2,2,2,2,0],22,96].
[[3,8,0,1,1,2,1,2,0],2,86].
[[2,8,1,1,2,0,2,2,2],15,26].
[[3,7,2,1,1,0,2,2,2],3,2].
[[2,8,1,0,0,0,1,2,2],52,41].
[[3,5,0,1,2,2,1,1,2],21,3].
[[1,9,2,1,1,2,2,2,0],55,38].
[[2,9,2,1,1,2,1,2,0],14,35].
[[1,8,1,1,2,2,0,0,0],169,115].
[[3,8,1,1,2,2,1,2,1],112,101].
[[2,9,2,1,2,0,2,1,0],3,10].
[[2,9,2,1,2,2,1,1,0],1,24].
[[1,4,2,1,2,0,1,2,2],18,1].
[[2,4,2,1,2,0,1,2,2],48,0].
[[3,4,2,1,2,0,1,2,2],103,3].
[[2,9,2,0,0,0,2,3,0],19,91].
[[3,9,1,0,0,0,1,2,2],0,17].
[[3,8,1,0,0,0,2,3,2],9,7].
[[1,8,0,0,0,0,0,0,0],44,181].
[[2,8,0,0,0,0,2,2,0],11,47].
[[1,9,2,1,2,0,2,2,1],4,17].
[[2,9,2,1,2,0,1,2,1],4,17].
[[3,9,1,1,1,0,1,2,1],0,16].
[[2,8,0,1,1,2,1,2,0],9,15].
[[1,8,1,1,2,2,2,3,0],50,20].
[[2,8,1,1,2,2,1,2,0],33,16].
[[2,9,2,1,1,2,2,2,0],29,40].
[[3,4,2,1,2,0,2,1,0],48,4].
[[1,9,2,1,2,0,2,3,0],10,34].
[[3,9,1,1,2,2,2,3,0],2,80].
[[2,7,2,1,2,2,0,0,0],31,6].
[[3,7,2,1,2,2,2,2,2],23,4].
[[3,8,0,1,2,2,2,1,1],0,17].
[[1,8,1,0,0,0,2,2,1],99,70].
[[3,8,1,0,0,0,1,1,1],9,10].
[[1,9,2,1,2,0,0,0,0],6,32].
[[2,8,1,1,2,0,2,3,1],18,31].
[[3,8,1,1,2,0,2,2,0],15,29].
[[1,9,2,1,2,2,2,1,0],40,127].
[[2,9,2,1,1,2,2,1,0],20,33].
[[1,9,2,1,2,2,2,1,1],14,49].
[[2,9,2,1,2,2,2,1,1],1,15].
[[3,9,1,1,2,2,1,2,1],8,96].
[[3,7,1,1,2,2,2,1,1],14,12].
[[3,8,0,1,1,2,0,0,0],0,23].
[[1,8,1,1,2,2,1,1,2],6,6].
[[2,8,0,0,0,0,0,0,0],5,63].
[[3,8,0,1,2,0,0,0,0],0,6].
[[2,8,0,1,1,2,2,3,2],12,22].
[[3,7,0,1,1,2,2,3,2],0,8].
[[2,8,0,1,2,2,1,1,2],4,19].
[[3,8,0,1,2,2,1,1,2],3,20].
[[3,9,2,1,2,2,1,2,1],1,16].
[[1,9,2,1,2,2,2,2,1],36,116].
[[2,9,2,1,1,2,2,2,1],5,13].
[[1,8,1,0,0,0,1,2,0],9,2].
[[2,7,1,1,2,2,1,2,0],4,0].
[[2,9,1,0,0,0,1,1,0],0,22].
[[3,8,1,1,2,2,2,2,1],23,33].
[[3,7,2,1,2,2,2,2,1],12,5].
[[1,8,0,0,0,0,2,2,2],19,54].
[[2,8,0,0,0,0,1,1,2],6,4].
[[3,7,1,1,2,0,1,1,2],1,6].
[[1,8,1,1,2,2,1,1,1],13,11].
[[2,8,1,1,2,2,1,1,1],23,32].
[[1,8,1,1,2,2,2,2,1],71,38].
[[2,7,2,1,2,2,2,2,1],12,2].
[[3,7,2,1,1,2,2,3,1],5,2].
[[1,8,0,1,2,2,2,2,0],10,30].
[[1,8,1,1,1,2,2,1,1],9,3].
[[2,8,1,1,1,2,2,1,1],11,7].
[[3,4,2,1,2,0,2,1,1],6,0].
[[2,9,1,1,1,2,2,2,0],20,32].
[[1,8,1,1,2,2,2,1,1],38,15].
[[2,6,1,1,2,2,2,1,1],5,0].
[[3,3,1,1,2,2,2,1,1],3,1].
[[2,7,2,0,0,0,2,2,2],13,0].
[[3,7,2,0,0,0,1,2,2],13,4].
[[1,8,0,1,2,2,2,3,0],18,44].
[[3,7,1,1,2,0,0,0,0],12,4].
[[1,8,1,1,2,2,2,1,0],27,11].
[[3,7,2,1,2,2,1,2,2],39,10].
[[1,8,1,1,1,2,2,2,1],17,7].
[[2,9,1,1,2,0,2,2,1],1,3].
[[3,8,1,0,0,0,1,2,1],32,33].
[[1,9,2,1,1,2,0,0,0],64,73].
[[2,9,2,0,0,0,2,2,0],13,61].
[[2,9,1,0,0,0,2,1,0],4,19].
[[1,9,2,1,1,2,2,3,1],55,37].
[[3,7,2,0,0,0,2,3,2],14,2].
[[2,8,1,1,2,2,2,1,0],35,22].
[[3,8,1,1,2,2,2,1,0],27,36].
[[1,8,1,0,0,0,1,2,1],46,26].
[[2,7,1,1,2,2,2,2,2],25,17].
[[3,7,1,1,2,2,2,2,2],39,25].
[[3,8,0,1,1,2,1,2,2],1,83].
[[2,7,0,1,2,2,0,0,0],0,13].
[[3,7,0,1,1,2,2,3,0],0,27].
[[1,9,2,1,1,2,2,2,2],37,27].
[[3,4,2,1,2,0,2,2,1],29,2].
[[3,5,0,1,1,2,1,2,0],27,0].
[[2,8,0,1,1,2,2,2,0],16,36].
[[3,7,2,1,2,2,1,2,0],6,0].
[[2,8,1,1,1,2,2,2,1],31,19].
[[3,8,1,1,1,2,2,2,1],10,12].
[[2,8,1,1,2,2,2,2,1],55,60].
[[3,8,1,1,1,2,2,3,1],16,24].
[[1,7,2,0,0,0,2,3,1],7,0].
[[2,7,2,0,0,0,2,2,0],7,0].
[[3,7,1,1,2,2,2,2,0],28,15].
[[2,7,2,1,2,0,2,3,1],9,0].
[[3,3,2,1,2,0,2,3,1],4,0].
[[2,8,1,0,0,0,2,3,1],49,64].
[[3,8,1,1,2,0,1,2,1],47,44].
[[3,8,1,1,1,2,2,3,0],40,31].
[[3,8,1,0,0,0,2,3,1],9,12].
[[3,7,2,1,2,0,2,2,2],12,1].
[[2,9,2,1,2,2,2,1,0],7,62].
[[3,8,0,1,1,2,2,1,0],0,64].
[[2,7,1,0,0,0,2,2,1],20,17].
[[3,7,1,0,0,0,2,2,1],13,7].
[[3,3,1,1,2,2,0,0,0],17,2].
[[1,7,2,0,0,0,2,2,2],22,0].
[[2,7,2,1,2,2,2,1,0],9,0].
[[3,7,2,1,1,2,2,1,0],1,0].
[[2,8,1,1,2,0,1,2,1],18,27].
[[3,6,1,1,2,0,1,2,1],6,3].
[[2,8,0,0,0,0,2,2,1],4,33].
[[3,8,0,0,0,0,1,1,1],0,8].
[[2,8,1,1,2,2,2,3,1],98,75].
[[3,7,1,1,1,2,2,3,1],21,15].
[[2,9,1,0,0,0,1,2,1],6,35].
[[1,9,2,0,0,0,1,2,2],52,127].
[[3,9,1,1,2,0,1,2,2],1,23].
[[3,9,1,1,2,2,1,1,1],2,21].
[[2,7,2,0,0,0,2,3,1],15,5].
[[3,7,1,0,0,0,2,3,1],18,8].
[[2,8,1,0,0,0,2,2,1],47,47].
[[3,8,1,1,2,0,1,1,1],15,27].
[[2,9,1,1,2,2,2,1,1],0,4].
[[3,9,0,1,2,2,1,2,1],0,1].
[[3,7,1,1,2,0,2,2,1],14,10].
[[1,7,2,0,0,0,0,0,0],57,8].
[[3,7,2,1,2,0,2,3,1],7,1].
[[3,9,2,0,0,0,1,2,2],0,8].
[[3,8,1,1,2,0,1,2,2],32,26].
[[2,8,0,1,2,2,2,2,1],6,46].
[[3,8,0,1,1,0,2,2,1],0,3].
[[2,9,2,1,2,2,2,2,1],5,57].
[[3,5,0,1,1,2,2,2,0],13,2].
[[3,7,1,0,0,0,2,3,0],14,11].
[[3,7,1,1,1,2,2,2,2],16,9].
[[2,9,1,1,1,2,2,1,0],6,31].
[[3,9,1,1,1,2,2,1,0],0,34].
[[3,8,1,0,0,0,2,2,2],4,1].
[[1,7,1,1,2,2,0,0,0],38,20].
[[2,7,1,1,2,2,2,3,1],38,27].
[[3,9,0,1,1,2,1,1,0],0,4].
[[3,7,1,1,2,2,1,2,1],59,18].
[[1,7,2,1,2,2,0,0,0],18,4].
[[2,9,2,1,2,2,2,3,2],7,44].
[[1,5,0,1,2,2,2,2,0],8,0].
[[3,4,2,1,2,0,2,3,0],115,4].
[[3,8,1,1,2,0,1,2,0],21,21].
[[3,5,0,1,2,2,2,2,0],27,1].
[[1,9,2,1,1,2,2,1,0],25,36].
[[2,8,1,1,1,2,2,1,0],15,7].
[[3,8,1,1,1,2,1,1,0],10,10].
[[1,9,2,0,0,0,1,1,0],5,34].
[[2,9,2,0,0,0,1,1,0],2,7].
[[3,8,0,1,2,0,1,1,0],0,9].
[[2,9,2,1,2,0,1,2,0],2,17].
[[3,9,1,1,2,0,1,2,0],2,33].
[[3,8,1,1,2,2,2,2,0],44,50].
[[3,7,0,1,1,2,2,2,0],0,13].
[[3,8,1,1,1,2,1,2,0],30,22].
[[3,8,1,0,0,0,1,2,2],24,21].
[[2,9,1,1,1,2,1,2,1],13,17].
[[1,8,0,0,0,0,1,2,2],9,11].
[[3,9,1,1,2,2,2,1,0],1,35].
[[1,8,1,1,2,2,2,3,2],85,40].
[[1,4,2,1,2,0,2,1,1],4,0].
[[2,4,2,1,2,0,2,1,1],3,1].
[[3,7,1,1,2,2,1,1,1],25,17].
[[3,9,2,1,1,2,1,2,2],0,27].
[[1,7,2,1,2,2,2,3,1],4,0].
[[2,7,2,1,2,2,2,2,0],3,0].
[[1,7,2,0,0,0,2,3,2],28,7].
[[2,7,2,0,0,0,2,3,2],22,6].
[[3,7,2,1,2,2,1,1,1],5,4].
[[2,8,0,1,1,2,1,2,2],14,30].
[[3,6,1,0,0,0,2,2,0],6,0].
[[1,9,2,1,2,0,1,1,0],0,2].
[[2,8,0,1,2,0,1,1,0],0,4].
[[3,6,0,1,2,0,1,1,0],0,1].
[[3,7,0,1,2,0,1,1,0],0,1].
[[1,9,2,1,2,0,2,3,2],4,26].
[[2,8,0,1,2,0,2,3,2],2,11].
[[3,7,0,1,2,0,2,3,2],0,3].
[[2,5,0,1,1,2,2,3,0],6,0].
[[3,5,0,1,1,2,2,3,0],7,0].
[[3,8,0,1,2,2,2,3,1],4,51].
[[3,9,2,1,2,0,2,3,0],0,14].
[[1,9,2,1,2,2,1,2,1],45,52].
[[3,8,0,1,2,2,1,2,1],10,89].
[[2,4,2,1,2,0,1,1,1],14,0].
[[1,8,1,1,1,2,2,2,2],19,3].
[[2,4,2,1,2,0,2,2,2],11,0].
[[3,4,2,1,2,0,1,1,2],27,1].
[[3,9,1,1,1,2,2,2,0],2,48].
[[2,9,2,1,2,0,1,2,2],7,26].
[[1,8,0,1,1,2,2,3,2],10,9].
[[2,9,1,1,2,0,2,3,0],4,23].
[[3,8,0,1,2,0,2,3,0],1,48].
[[3,7,1,1,1,2,2,1,0],16,4].
[[2,9,1,1,2,2,2,1,0],6,53].
[[3,8,1,1,2,2,1,1,2],21,17].
[[3,3,1,1,2,2,2,3,1],6,4].
[[1,8,1,1,1,2,1,2,2],3,3].
[[2,7,1,1,1,2,1,2,2],3,3].
[[3,7,1,1,1,2,1,2,2],24,16].
[[3,7,1,1,1,2,2,3,2],16,6].
[[3,7,1,1,1,2,2,1,1],17,9].
[[2,9,1,0,0,0,2,3,0],10,49].
[[1,7,2,1,2,2,2,2,2],10,2].
[[2,7,2,1,2,2,2,2,2],14,4].
[[3,7,1,1,2,2,2,3,1],66,51].
[[2,9,2,1,2,0,2,2,2],1,9].
[[3,7,1,1,2,2,2,1,0],35,15].
[[3,9,2,1,2,2,2,3,0],0,14].
[[3,7,1,1,2,2,2,2,1],31,34].
[[1,8,0,1,1,2,2,3,1],5,5].
[[2,5,0,1,1,2,1,2,1],11,0].
[[1,9,2,0,0,0,1,2,1],21,46].
[[2,8,0,0,0,0,2,3,0],17,65].
[[2,9,1,1,2,2,1,2,1],19,51].
[[3,9,0,1,2,2,1,1,0],0,7].
[[2,9,2,1,2,0,2,3,2],1,9].
[[2,7,1,1,2,2,2,2,1],32,17].
[[3,9,1,1,1,2,2,3,0],3,58].
[[2,5,0,0,0,0,2,2,0],9,0].
[[3,5,0,1,2,0,2,2,0],3,1].
[[2,8,1,0,0,0,1,1,0],10,8].
[[3,7,1,1,2,0,1,1,0],0,2].
[[2,8,1,1,2,0,2,2,1],13,19].
[[1,8,1,0,0,0,2,1,0],24,11].
[[2,7,1,0,0,0,2,1,0],7,1].
[[3,7,1,0,0,0,1,2,0],4,0].
[[2,8,1,1,1,2,2,3,0],35,13].
[[2,6,0,1,2,2,2,2,0],1,4].
[[3,6,0,1,2,2,2,2,0],0,13].
[[3,7,1,1,2,0,2,3,0],14,8].
[[2,7,1,0,0,0,0,0,0],43,24].
[[2,4,2,1,2,0,2,3,2],10,2].
[[3,4,2,1,2,0,2,3,2],12,2].
[[1,9,2,1,2,2,1,1,0],10,29].
[[3,8,0,1,1,2,1,1,0],0,24].
[[2,7,1,1,2,2,0,0,0],56,46].
[[3,7,1,1,1,2,2,3,0],30,18].
[[2,9,2,0,0,0,0,0,0],0,16].
[[3,9,2,0,0,0,2,3,0],0,5].
[[2,7,1,1,2,0,2,3,1],6,7].
[[3,7,1,1,1,0,2,3,1],2,6].
[[2,9,2,1,2,2,1,2,2],43,145].
[[2,9,2,1,1,2,0,0,0],5,15].
[[3,9,1,0,0,0,1,2,0],3,28].
[[3,8,1,1,2,0,2,2,1],10,12].
[[1,8,1,1,1,2,2,3,1],25,7].
[[2,6,1,1,1,2,2,3,1],2,1].
[[3,6,1,1,1,2,2,3,1],13,1].
[[2,7,1,1,2,0,0,0,0],10,8].
[[2,9,1,1,1,2,1,1,2],7,6].
[[3,8,0,1,1,2,1,1,2],0,22].
[[2,8,0,0,0,0,2,2,2],6,40].
[[3,8,0,0,0,0,1,2,2],0,38].
[[2,5,0,1,2,0,1,1,1],5,1].
[[3,5,0,1,2,0,1,2,1],17,1].
[[1,9,2,1,2,2,1,1,1],16,21].
[[2,9,2,1,1,2,1,1,1],10,18].
[[3,8,0,1,2,0,1,2,1],4,21].
[[2,7,2,1,2,0,2,2,2],9,1].
[[1,8,1,0,0,0,2,3,0],66,34].
[[2,7,1,0,0,0,2,3,0],7,4].
[[3,7,1,1,2,2,2,3,0],53,25].
[[2,6,1,0,0,0,1,2,1],6,2].
[[3,3,1,0,0,0,1,2,1],0,1].
[[2,9,2,0,0,0,1,1,2],2,7].
[[3,8,0,0,0,0,1,1,2],0,5].
[[2,4,2,1,2,0,1,2,1],34,3].
[[3,7,1,1,2,2,0,0,0],16,34].
[[3,9,2,1,1,0,2,3,0],0,4].
[[3,9,0,0,0,0,1,1,0],0,2].
[[1,8,1,0,0,0,1,1,2],11,8].
[[2,8,1,0,0,0,1,1,2],6,12].
[[3,9,2,1,2,2,2,1,0],0,5].
[[3,4,2,1,2,0,1,1,0],45,2].
[[3,7,2,1,2,2,1,1,2],8,3].
[[3,9,1,1,2,2,2,2,0],4,71].
[[2,9,2,1,2,2,2,2,2],6,21].
[[3,8,0,1,1,2,2,2,2],1,14].
[[1,9,2,1,2,0,2,2,2],6,22].
[[2,9,2,1,2,0,1,1,2],1,4].
[[1,8,0,1,2,2,2,2,1],11,28].
[[3,9,1,0,0,0,2,1,0],0,12].
[[3,8,1,1,2,2,2,3,1],27,36].
[[3,8,1,0,0,0,1,1,2],6,5].
[[2,6,0,1,2,2,0,0,0],4,20].
[[3,3,0,1,1,2,0,0,0],0,1].
[[3,7,2,1,2,2,1,2,1],21,2].
[[1,4,2,1,2,0,1,2,1],4,1].
[[3,9,1,0,0,0,1,2,1],4,25].
[[1,8,1,1,2,2,1,2,2],31,10].
[[2,6,1,1,2,2,1,2,2],4,1].
[[3,6,1,1,2,2,1,2,2],21,1].
[[1,8,1,1,2,0,2,1,0],6,1].
[[3,8,1,1,1,0,2,1,0],4,8].
[[2,8,0,0,0,0,1,2,2],9,38].
[[2,9,1,1,2,0,2,1,0],1,10].
[[3,9,1,1,2,0,1,1,2],0,6].
[[2,5,0,1,2,2,1,1,0],10,2].
[[3,5,0,1,1,2,1,1,0],11,2].
[[3,8,0,1,1,2,2,3,2],2,24].
[[1,9,2,1,1,2,1,2,1],17,9].
[[2,8,1,0,0,0,1,2,1],64,25].
[[3,8,1,1,2,2,1,1,0],23,23].
[[2,8,1,1,2,0,1,2,2],24,16].
[[1,8,1,1,1,2,2,3,2],21,3].
[[2,8,1,1,1,2,2,3,2],24,7].
[[3,8,1,1,1,2,2,3,2],10,5].
[[2,4,2,1,2,0,2,3,0],81,2].
[[3,7,2,1,2,0,2,3,2],10,2].
[[1,4,2,1,2,0,2,2,0],12,0].
[[3,8,1,1,2,2,0,0,0],1,4].
[[2,3,1,0,0,0,0,0,0],10,1].
[[3,3,1,1,2,0,2,3,0],1,0].
[[1,8,1,0,0,0,1,2,2],29,35].
[[3,7,1,1,1,2,2,2,1],24,9].
[[1,8,0,1,2,2,1,1,1],2,0].
[[2,7,1,1,2,2,1,1,1],5,5].
[[2,8,0,1,2,0,2,2,2],0,9].
[[2,9,2,1,1,2,1,1,0],4,10].
[[3,6,1,1,2,2,2,2,0],12,0].
[[3,7,2,1,2,2,2,3,1],19,2].
[[2,9,2,1,2,2,1,2,1],21,48].
[[1,8,1,1,2,0,2,2,0],4,5].
[[2,8,1,1,2,0,1,1,0],3,4].
[[3,8,1,1,2,0,1,1,0],5,10].
[[1,8,0,0,0,0,2,2,0],10,26].
[[3,5,0,1,1,2,1,1,2],33,0].
[[3,8,0,1,1,2,2,3,1],1,27].
[[3,9,1,1,2,0,2,2,0],1,22].
[[3,8,0,1,2,0,1,2,2],1,26].
[[3,8,0,0,0,0,2,2,0],1,28].
[[2,5,0,1,2,2,2,2,0],13,0].
[[3,5,0,1,2,2,1,1,0],18,9].
[[1,6,1,0,0,0,0,0,0],63,6].
[[2,6,1,0,0,0,2,2,2],10,0].
[[3,6,1,0,0,0,2,2,2],6,0].
[[3,9,1,0,0,0,1,1,2],0,3].
[[2,8,1,1,1,2,0,0,0],5,10].
[[3,8,1,1,1,2,2,1,0],11,27].
[[2,6,1,0,0,0,2,3,0],8,0].
[[3,6,1,0,0,0,2,3,0],13,0].
[[3,7,0,1,2,0,0,0,0],0,3].
[[2,6,1,1,2,2,0,0,0],23,0].
[[3,6,1,1,2,2,2,3,0],18,1].
[[1,8,1,1,2,2,1,2,1],25,12].
[[2,7,1,1,1,2,2,3,2],6,1].
[[1,7,2,0,0,0,2,2,1],7,3].
[[1,8,1,1,1,2,0,0,0],37,12].
[[2,9,2,1,2,2,2,3,1],7,71].
[[3,7,2,1,1,0,2,3,1],3,1].
[[3,7,2,0,0,0,2,2,1],8,1].
[[2,9,1,1,2,2,1,1,1],7,15].
[[2,7,0,0,0,0,0,0,0],1,5].
[[3,7,0,1,2,2,0,0,0],3,18].
[[3,7,1,0,0,0,2,2,2],9,5].
[[3,8,0,1,2,2,1,1,1],3,43].
[[2,9,2,1,2,2,0,0,0],4,32].
[[3,3,1,1,2,0,2,3,1],2,2].
[[3,8,0,1,1,2,2,2,1],1,21].
[[3,9,1,1,2,0,2,2,1],0,2].
[[2,8,0,1,2,2,2,1,0],16,58].
[[2,6,1,1,2,2,2,3,0],9,1].
[[1,7,2,1,2,2,2,3,2],12,4].
[[2,7,2,1,2,2,2,3,2],19,7].
[[3,7,2,1,2,2,2,3,2],20,6].
[[1,9,2,0,0,0,1,1,1],8,30].
[[2,9,2,1,2,0,1,1,1],1,11].
[[1,8,1,1,2,0,2,2,1],5,7].
[[1,8,0,1,1,2,2,2,1],4,6].
[[2,7,1,1,1,2,2,2,1],7,1].
[[3,6,1,1,2,0,2,3,1],6,1].
[[2,6,1,1,2,2,2,3,2],16,0].
[[3,6,1,1,1,2,2,3,2],4,0].
[[1,6,1,0,0,0,2,1,0],0,1].
[[2,6,1,0,0,0,1,2,0],1,1].
[[3,6,1,0,0,0,1,1,0],2,1].
[[2,8,0,0,0,0,2,1,0],1,24].
[[3,8,0,1,2,2,2,1,0],2,70].
[[3,5,0,1,1,0,1,2,1],4,2].
[[1,7,1,1,2,2,2,3,0],2,5].
[[2,7,1,1,2,2,2,3,0],12,9].
[[2,9,2,1,2,0,2,3,0],5,37].
[[3,5,0,1,1,0,1,2,0],3,0].
[[2,8,1,1,2,0,2,1,1],2,16].
[[3,8,1,1,2,2,2,1,1],9,14].
[[3,5,0,0,0,0,1,1,2],13,0].
[[2,9,1,1,2,0,2,3,1],0,4].
[[1,8,0,1,1,2,2,2,2],14,11].
[[2,8,0,1,1,2,2,3,1],10,34].
[[2,8,1,1,2,0,2,2,0],15,13].
[[2,7,2,0,0,0,2,3,0],7,0].
[[1,8,1,1,1,2,1,2,1],9,0].
[[2,8,1,1,1,2,1,2,1],20,12].
[[1,8,0,0,0,0,2,1,0],4,9].
[[3,6,0,1,2,2,2,1,0],0,5].
[[2,7,2,1,2,2,1,2,2],14,6].
[[3,3,2,1,2,2,1,2,2],4,0].
[[2,4,2,1,2,0,2,2,1],26,0].
[[2,9,2,1,2,2,1,1,2],7,6].
[[2,4,2,1,2,0,2,1,0],14,4].
[[2,9,1,1,1,2,1,1,0],4,19].
[[1,7,2,0,0,0,1,2,2],5,2].
[[2,7,2,0,0,0,1,2,2],16,6].
[[3,7,2,1,2,0,1,2,2],20,6].
[[2,8,0,0,0,0,1,1,1],2,9].
[[1,6,0,0,0,0,2,3,1],1,0].
[[2,6,0,1,2,2,2,3,1],2,1].
[[3,6,0,1,2,2,1,2,1],1,2].
[[3,7,1,1,2,2,2,3,2],49,17].
[[1,8,1,1,2,0,0,0,0],15,30].
[[1,8,1,0,0,0,1,1,1],11,14].
[[2,6,1,0,0,0,1,1,1],3,0].
[[3,6,1,1,2,2,1,1,1],4,0].
[[3,8,0,1,2,0,1,1,1],1,11].
[[2,9,1,1,2,0,1,2,1],7,8].
[[2,8,0,1,1,2,2,1,0],9,20].
[[2,8,0,0,0,0,1,2,0],4,27].
[[2,8,0,0,0,0,2,1,1],3,12].
[[3,8,0,0,0,0,2,1,1],1,7].
[[3,7,0,0,0,0,2,3,1],0,4].
[[3,8,1,1,2,0,1,1,2],6,7].
[[3,8,1,1,1,2,1,2,2],45,30].
[[2,7,1,0,0,0,2,1,1],10,3].
[[3,7,1,1,2,0,2,2,0],14,4].
[[3,9,1,1,1,0,1,2,0],0,8].
[[3,8,1,1,1,2,1,1,1],22,20].
[[1,6,1,0,0,0,2,2,2],12,1].
[[2,3,2,1,2,0,2,2,2],1,0].
[[3,3,2,1,1,0,2,2,2],1,0].
[[1,9,2,1,2,0,1,1,2],0,4].
[[2,9,1,1,1,0,1,1,2],0,1].
[[3,4,0,1,2,0,1,1,2],0,1].
[[1,5,0,1,2,2,1,1,1],17,0].
[[1,7,1,0,0,0,2,2,2],4,6].
[[2,7,1,1,2,2,1,2,2],13,4].
[[3,7,1,0,0,0,1,1,2],6,1].
[[3,9,0,0,0,0,1,2,0],0,4].
[[3,5,0,1,1,0,1,1,1],2,6].
[[1,6,1,0,0,0,2,3,2],15,0].
[[2,6,1,0,0,0,2,3,2],15,0].
[[3,6,1,1,2,2,2,3,2],8,0].
[[2,3,2,1,2,0,0,0,0],6,0].
[[3,3,2,1,2,0,0,0,0],9,0].
[[2,7,2,1,1,2,2,2,2],4,1].
[[3,7,2,1,1,2,1,2,2],10,3].
[[1,6,0,0,0,0,0,0,0],5,2].
[[2,6,0,0,0,0,2,2,1],2,0].
[[3,3,1,1,2,0,2,2,1],1,0].
[[2,5,0,0,0,0,1,2,1],13,0].
[[3,6,0,0,0,0,2,3,1],1,1].
[[1,9,2,1,1,2,2,1,1],11,8].
[[2,9,2,1,1,2,2,1,1],2,11].
[[3,8,1,1,1,0,1,2,2],6,14].
[[1,4,2,1,2,0,2,3,0],14,2].
[[2,8,1,1,2,0,1,1,2],3,5].
[[3,8,1,1,1,0,1,1,2],0,3].
[[2,6,1,0,0,0,2,2,0],5,0].
[[3,6,1,1,2,0,1,1,0],1,2].
[[2,6,1,1,2,2,2,3,1],13,1].
[[3,3,1,1,1,2,2,3,1],2,1].
[[1,8,0,1,1,2,2,3,0],8,11].
[[2,8,0,1,1,2,1,1,0],7,3].
[[2,8,0,1,1,2,1,2,1],5,9].
[[2,9,1,1,1,2,2,3,0],25,36].
[[3,7,0,1,1,2,1,2,2],1,10].
[[2,9,1,0,0,0,1,2,2],1,18].
[[2,9,2,1,2,0,2,2,1],1,14].
[[2,9,1,1,1,2,1,1,1],2,6].
[[3,9,1,1,1,2,1,1,1],1,14].
[[2,9,1,1,2,2,2,2,1],3,12].
[[3,4,2,1,2,0,2,3,1],31,0].
[[3,7,1,0,0,0,1,2,1],21,4].
[[2,5,0,1,2,2,1,1,2],19,1].
[[3,5,0,1,1,0,1,1,2],3,0].
[[1,6,1,1,2,2,2,3,2],5,0].
[[2,6,1,1,1,2,1,2,2],1,0].
[[2,9,2,0,0,0,2,3,1],7,30].
[[2,8,1,1,2,0,2,1,0],11,9].
[[3,9,0,1,1,2,1,2,0],0,8].
[[3,6,0,1,2,2,0,0,0],0,11].
[[3,6,1,1,1,2,1,2,2],6,2].
[[3,7,2,1,2,2,2,3,0],11,2].
[[2,8,0,1,2,0,2,3,1],1,15].
[[1,7,1,1,2,2,2,2,2],5,6].
[[3,7,1,1,1,2,1,1,2],7,1].
[[2,9,1,1,2,2,1,1,0],2,36].
[[3,9,2,1,1,2,1,2,0],1,17].
[[3,5,0,0,0,0,1,1,1],12,2].
[[3,8,1,1,2,0,2,1,0],12,8].
[[3,7,1,0,0,0,1,2,2],19,9].
[[2,8,1,1,1,0,1,2,0],1,1].
[[3,8,1,1,1,0,1,2,0],4,11].
[[2,8,0,1,2,0,2,1,0],1,6].
[[3,8,0,1,1,0,2,1,0],0,7].
[[2,8,0,0,0,0,1,1,0],0,3].
[[3,7,2,1,2,0,2,1,0],5,1].
[[2,9,1,1,2,0,1,1,0],0,12].
[[1,8,0,1,1,2,0,0,0],47,46].
[[3,6,0,1,2,2,2,3,1],2,9].
[[3,9,2,1,1,2,2,1,0],0,11].
[[3,8,1,1,2,2,2,3,2],20,9].
[[1,5,0,1,1,2,1,2,0],3,0].
[[2,5,0,1,1,2,1,2,0],8,1].
[[2,9,2,1,2,2,1,1,1],9,39].
[[1,8,1,1,2,0,1,1,1],1,2].
[[1,4,2,1,2,0,2,3,1],12,0].
[[2,4,2,1,2,0,2,3,1],33,0].
[[2,8,0,1,2,0,0,0,0],1,16].
[[1,9,2,1,1,2,1,1,0],8,8].
[[2,8,1,1,1,2,1,1,0],8,2].
[[2,8,0,1,1,2,2,3,0],29,62].
[[2,8,1,1,2,2,2,2,2],50,41].
[[1,8,0,1,2,2,2,1,1],6,10].
[[2,8,0,1,1,2,2,1,1],9,7].
[[3,6,1,1,2,0,1,2,2],7,0].
[[3,7,1,0,0,0,2,2,0],14,3].
[[3,8,1,0,0,0,1,2,0],14,8].
[[3,8,1,1,1,2,1,1,2],6,4].
[[3,7,2,1,1,2,2,2,2],10,2].
[[3,8,0,0,0,0,1,2,1],4,19].
[[2,8,0,1,2,2,2,1,1],2,20].
[[3,9,2,1,2,0,2,2,0],0,4].
[[3,7,2,1,2,2,0,0,0],8,2].
[[2,8,1,0,0,0,1,1,1],25,18].
[[3,8,0,1,2,0,1,2,0],4,24].
[[1,8,1,1,2,2,1,1,0],6,6].
[[2,8,1,1,2,2,1,1,0],10,14].
[[3,8,0,1,2,0,2,3,1],1,10].
[[3,7,0,1,2,2,2,3,0],0,29].
[[1,8,0,0,0,0,2,3,0],12,38].
[[3,8,0,1,2,0,2,1,1],0,7].
[[2,6,1,0,0,0,2,2,1],19,1].
[[3,4,2,1,2,0,0,0,0],11,2].
[[2,7,1,1,2,2,2,1,0],9,3].
[[1,9,2,1,2,0,1,2,2],6,21].
[[3,5,0,1,2,2,1,2,2],12,0].
[[3,7,2,0,0,0,1,1,1],4,5].
[[3,8,1,1,1,0,2,3,1],5,10].
[[2,7,1,1,1,2,0,0,0],23,12].
[[3,7,1,1,1,2,0,0,0],14,12].
[[2,7,1,1,2,2,1,1,2],3,3].
[[3,3,1,1,2,2,1,1,2],1,1].
[[1,7,2,1,2,0,0,0,0],7,3].
[[2,7,2,1,2,2,2,3,1],13,4].
[[3,7,1,1,2,2,1,2,0],16,4].
[[2,3,2,0,0,0,2,3,2],3,0].
[[3,3,2,1,2,0,1,2,2],2,0].
[[3,5,0,1,2,0,1,1,1],13,1].
[[2,7,2,1,2,0,0,0,0],14,4].
[[3,9,2,1,2,0,1,2,0],0,5].
[[3,3,2,0,0,0,2,3,2],1,0].
[[2,9,2,1,1,0,2,1,1],0,1].
[[3,9,1,1,1,0,2,3,0],0,16].
[[3,7,2,1,1,2,2,3,2],8,1].
[[2,6,0,1,2,2,2,2,2],1,4].
[[3,6,0,1,1,2,1,1,2],1,3].
[[1,7,1,1,2,2,2,3,2],8,1].
[[2,4,2,1,2,0,1,1,0],12,2].
[[2,8,1,1,2,0,1,1,1],7,8].
[[1,8,0,1,1,2,1,2,2],2,7].
[[3,3,1,0,0,0,0,0,0],10,2].
[[2,7,1,1,2,0,2,2,2],2,5].
[[3,7,1,1,2,0,1,2,2],25,8].
[[3,7,1,1,2,0,2,3,2],15,3].
[[2,7,1,0,0,0,1,1,1],2,3].
[[3,3,1,1,2,2,1,1,1],4,0].
[[3,7,0,1,2,2,2,2,1],3,10].
[[3,7,1,1,1,0,2,2,2],2,3].
[[1,9,2,1,1,2,1,1,2],8,6].
[[2,4,2,1,2,0,1,1,2],6,1].
[[2,9,1,1,2,2,2,3,1],2,14].
[[1,7,2,1,2,2,1,2,1],2,0].
[[2,7,2,1,2,2,1,2,1],8,0].
[[1,6,1,0,0,0,2,2,1],7,1].
[[3,8,0,1,1,2,1,1,1],4,23].
[[3,7,0,0,0,0,0,0,0],0,9].
[[2,6,1,0,0,0,0,0,0],38,6].
[[3,6,1,1,2,0,2,1,0],5,1].
[[3,3,1,1,2,2,2,3,2],9,2].
[[3,6,1,1,2,2,2,1,0],6,0].
[[1,6,1,0,0,0,2,3,1],16,0].
[[2,6,1,1,2,0,2,3,1],6,0].
[[3,2,1,1,2,0,2,3,1],1,0].
[[2,6,1,0,0,0,2,3,1],22,1].
[[3,2,1,0,0,0,2,3,1],2,0].
[[3,8,1,1,1,2,2,2,0],21,29].
[[3,7,2,0,0,0,2,3,0],5,0].
[[3,5,0,1,2,2,2,1,0],5,0].
[[2,8,1,1,1,2,1,2,2],32,14].
[[2,5,0,0,0,0,1,1,1],11,1].
[[3,6,0,1,1,2,1,2,0],0,2].
[[1,8,1,1,2,0,2,3,1],9,11].
[[3,6,1,1,2,2,2,3,1],17,1].
[[1,4,2,1,2,0,2,3,2],5,0].
[[1,4,2,1,2,0,2,2,2],5,0].
[[3,8,0,1,2,0,2,2,2],0,8].
[[1,8,1,1,2,0,2,2,2],13,10].
[[3,7,0,1,2,0,2,2,2],1,1].
[[3,9,2,1,2,2,2,3,1],0,5].
[[1,7,2,1,2,0,2,3,1],1,1].
[[2,7,2,1,2,0,2,2,0],4,1].
[[3,7,2,1,2,2,2,2,0],7,1].
[[2,9,1,1,2,0,1,1,1],1,5].
[[3,9,1,1,1,0,1,1,1],0,6].
[[3,7,1,1,1,0,2,3,0],4,5].
[[2,5,0,1,1,2,1,1,1],23,1].
[[3,8,0,0,0,0,2,3,2],0,7].
[[3,9,1,1,1,2,2,3,1],0,1].
[[2,9,2,1,2,0,0,0,0],1,12].
[[3,8,1,0,0,0,2,1,1],2,3].
[[3,9,1,0,0,0,2,3,0],0,21].
[[2,7,1,1,2,0,2,2,1],8,4].
[[3,7,2,1,2,0,2,2,0],4,1].
[[3,7,2,0,0,0,2,2,2],8,0].
[[2,8,1,1,1,0,1,2,1],4,3].
[[3,8,1,1,2,0,2,3,2],4,7].
[[2,7,2,1,1,2,2,3,2],5,0].
[[2,6,1,1,2,2,2,2,0],2,0].
[[1,8,1,1,2,0,2,3,0],6,5].
[[2,6,1,1,2,0,2,3,0],1,1].
[[3,6,1,1,2,2,1,2,0],4,0].
[[3,8,0,0,0,0,2,2,2],0,4].
[[1,8,1,1,2,0,1,2,1],6,3].
[[2,5,0,1,2,2,2,3,0],3,1].
[[1,7,1,1,2,2,2,3,1],8,3].
[[3,7,0,1,1,2,1,2,1],2,4].
[[3,7,0,1,1,2,2,2,1],0,8].
[[1,9,2,1,2,0,2,2,0],4,31].
[[3,4,0,1,2,0,1,1,1],0,1].
[[1,9,2,1,2,0,2,3,1],5,15].
[[1,8,0,1,1,2,2,2,0],7,11].
[[3,9,0,1,2,0,1,2,0],0,5].
[[2,8,1,1,1,0,2,3,2],3,4].
[[3,8,1,1,1,0,2,2,0],5,12].
[[3,8,1,1,2,2,2,2,2],13,6].
[[1,8,1,1,1,2,1,2,0],3,2].
[[3,7,2,1,2,0,1,2,1],7,1].
[[3,7,0,0,0,0,2,3,0],0,7].
[[2,3,1,0,0,0,2,2,2],1,0].
[[3,3,1,1,2,0,2,2,2],2,0].
[[1,7,1,0,0,0,2,3,1],8,4].
[[2,3,1,0,0,0,2,3,1],2,0].
[[3,3,1,1,2,2,2,2,0],5,0].
[[3,9,2,1,1,0,1,2,1],0,4].
[[3,7,0,1,1,2,2,3,1],1,4].
[[1,7,1,0,0,0,2,3,2],11,1].
[[2,3,1,1,2,2,2,3,2],2,0].
[[3,6,0,1,1,2,2,2,0],0,4].
[[3,8,1,1,1,0,1,2,1],13,15].
[[3,9,2,1,2,2,1,2,2],0,39].
[[3,9,2,1,2,0,2,1,0],0,3].
[[3,5,0,1,2,0,1,2,0],10,2].
[[3,6,1,1,1,0,1,1,1],1,0].
[[3,9,2,1,1,0,1,1,1],0,7].
[[1,5,0,0,0,0,2,2,0],5,0].
[[3,5,0,0,0,0,2,3,0],3,0].
[[3,8,1,1,1,0,2,2,2],0,5].
[[1,8,0,1,2,2,1,2,1],2,1].
[[3,7,1,1,2,2,1,1,2],5,5].
[[3,6,1,0,0,0,1,1,1],3,0].
[[2,8,0,0,0,0,1,2,1],3,18].
[[2,7,0,1,2,2,2,3,0],1,5].
[[3,9,2,0,0,0,2,1,0],0,5].
[[3,7,0,0,0,0,2,2,1],0,3].
[[2,6,1,1,1,2,0,0,0],5,0].
[[3,6,1,1,1,2,0,0,0],4,0].
[[1,8,0,1,2,2,2,1,0],6,19].
[[3,6,1,0,0,0,2,2,1],8,0].
[[2,7,1,0,0,0,1,2,2],5,7].
[[3,7,1,0,0,0,1,1,1],7,5].
[[1,8,0,0,0,0,2,1,1],4,11].
[[3,6,1,1,2,0,2,2,0],5,0].
[[3,3,1,1,1,2,0,0,0],4,0].
[[2,9,2,1,1,2,2,2,2],10,12].
[[2,7,2,1,2,0,1,1,2],1,0].
[[3,7,2,1,2,0,1,1,2],1,4].
[[2,8,0,0,0,0,2,3,2],0,35].
[[3,7,0,0,0,0,2,3,2],0,3].
[[3,8,0,0,0,0,1,1,0],0,6].
[[3,7,2,1,2,0,0,0,0],4,1].
[[1,8,1,1,2,0,2,1,1],4,3].
[[2,7,0,1,2,2,2,2,1],0,5].
[[3,7,0,1,2,2,2,2,0],1,10].
[[3,8,0,0,0,0,2,1,0],0,14].
[[3,8,0,1,2,0,2,2,1],0,15].
[[1,4,2,1,2,0,0,0,0],13,0].
[[3,7,0,1,1,2,2,1,0],0,3].
[[2,7,1,1,2,2,2,2,0],9,6].
[[1,8,0,0,0,0,1,2,0],1,9].
[[3,7,1,1,2,2,1,1,0],12,5].
[[2,8,0,1,1,2,1,1,1],2,4].
[[2,8,0,1,1,2,1,1,2],6,12].
[[2,6,1,1,1,2,1,2,1],3,0].
[[3,3,1,1,1,2,1,2,1],3,0].
[[2,9,1,1,2,0,1,2,0],2,17].
[[3,6,1,1,2,0,0,0,0],5,1].
[[2,9,2,1,1,2,1,2,1],13,17].
[[1,7,2,0,0,0,1,2,1],3,3].
[[2,3,2,0,0,0,1,2,1],1,0].
[[3,3,2,0,0,0,1,2,1],1,0].
[[2,7,2,0,0,0,1,1,1],1,4].
[[3,7,2,1,2,0,1,1,1],5,4].
[[2,5,0,0,0,0,1,1,2],13,0].
[[2,8,0,1,2,0,2,2,1],1,5].
[[3,7,1,1,1,0,2,2,1],4,1].
[[2,7,1,1,1,2,2,2,0],2,3].
[[3,8,1,0,0,0,1,1,0],5,3].
[[2,8,0,1,2,0,2,2,0],1,14].
[[3,6,0,1,2,0,2,2,0],0,2].
[[1,5,0,1,2,2,1,1,2],9,0].
[[3,9,1,1,1,0,1,1,0],1,10].
[[2,8,0,1,2,2,1,1,1],7,9].
[[3,7,0,1,2,2,1,1,1],1,3].
[[3,7,1,0,0,0,1,1,0],2,0].
[[1,8,0,1,1,2,2,1,0],1,3].
[[2,9,1,1,1,0,2,2,0],0,3].
[[3,9,0,1,1,0,1,2,0],0,1].
[[2,6,0,1,2,2,2,3,2],0,5].
[[3,6,1,1,2,2,1,2,1],15,3].
[[1,7,2,0,0,0,1,1,2],4,0].
[[2,7,2,0,0,0,1,1,2],6,0].
[[1,6,1,1,2,2,0,0,0],28,1].
[[2,9,1,0,0,0,1,1,1],1,13].
[[1,8,0,0,0,0,1,1,2],3,1].
[[3,5,0,1,2,0,1,1,2],7,3].
[[3,9,2,1,1,2,2,2,0],0,11].
[[3,7,1,1,2,0,1,2,1],19,6].
[[3,7,2,1,1,2,0,0,0],0,1].
[[3,9,1,1,2,0,1,1,0],1,12].
[[1,5,0,1,1,2,2,3,0],1,0].
[[2,9,1,1,1,2,0,0,0],3,4].
[[3,9,1,1,1,2,2,1,1],0,2].
[[3,6,1,0,0,0,1,2,1],11,0].
[[3,6,1,0,0,0,2,3,2],9,0].
[[2,7,1,0,0,0,2,2,0],6,2].
[[3,7,0,0,0,0,2,2,0],0,4].
[[3,7,1,0,0,0,0,0,0],5,7].
[[3,7,1,1,2,0,1,1,1],8,3].
[[2,9,2,0,0,0,2,1,1],2,5].
[[3,8,0,1,2,0,2,3,2],0,3].
[[3,7,2,1,1,0,1,1,1],0,2].
[[1,5,0,1,2,0,1,1,2],1,1].
[[2,5,0,1,1,0,1,1,2],1,0].
[[1,3,2,0,0,0,0,0,0],13,0].
[[2,3,2,0,0,0,0,0,0],6,0].
[[3,3,2,1,2,2,2,3,0],3,0].
[[1,5,0,0,0,0,1,2,0],3,1].
[[2,5,0,0,0,0,1,2,0],6,0].
[[3,5,0,0,0,0,1,2,0],9,0].
[[3,8,0,1,1,0,1,1,0],0,2].
[[1,7,1,0,0,0,2,2,1],7,4].
[[3,9,2,1,2,2,2,2,1],0,1].
[[2,8,1,1,1,0,2,2,0],1,3].
[[1,8,1,1,1,2,2,2,0],8,5].
[[2,6,1,1,2,0,2,3,2],3,0].
[[3,7,0,1,2,2,2,1,0],0,4].
[[2,8,1,1,1,0,2,2,1],1,1].
[[2,8,0,1,2,0,1,2,1],0,5].
[[3,7,0,1,2,0,1,2,1],0,2].
[[2,9,2,1,1,0,1,2,2],1,3].
[[3,9,1,1,1,0,1,2,2],1,10].
[[2,9,2,1,1,0,2,2,1],0,5].
[[3,8,1,1,1,0,2,2,1],1,3].
[[3,8,1,1,1,0,2,3,2],3,2].
[[1,7,1,1,2,2,2,2,1],5,4].
[[3,9,2,1,2,0,1,2,1],0,2].
[[2,7,1,1,1,2,2,2,2],7,3].
[[3,1,2,1,2,0,1,2,1],4,0].
[[2,6,1,1,2,2,1,1,2],0,1].
[[2,9,1,0,0,0,2,1,1],1,3].
[[3,9,1,1,2,0,1,1,1],2,11].
[[3,3,2,1,2,2,2,2,1],3,0].
[[2,6,0,0,0,0,2,2,2],0,1].
[[3,6,0,1,2,0,2,3,1],0,2].
[[1,8,1,1,2,0,1,2,2],7,4].
[[2,8,1,1,1,0,1,2,2],4,3].
[[3,6,1,1,2,0,2,3,0],6,2].
[[2,7,1,1,2,2,1,2,1],15,2].
[[3,7,0,1,2,2,2,3,2],2,7].
[[1,7,2,0,0,0,2,1,1],0,1].
[[2,7,2,1,2,0,2,1,1],2,1].
[[3,7,2,1,2,0,2,1,1],2,1].
[[2,7,2,1,1,0,0,0,0],0,1].
[[3,7,2,1,1,0,2,2,0],0,2].
[[3,9,1,1,2,2,2,2,1],0,8].
[[3,6,0,1,1,2,0,0,0],0,9].
[[2,3,2,1,2,0,2,3,2],3,0].
[[3,3,2,1,2,0,2,3,2],6,0].
[[2,8,0,1,2,0,1,2,2],3,13].
[[1,6,1,0,0,0,2,3,0],5,0].
[[3,9,2,1,2,0,1,1,1],0,5].
[[2,9,2,1,1,2,2,3,2],5,21].
[[2,4,2,1,2,0,0,0,0],13,1].
[[2,7,2,1,2,0,2,3,2],5,0].
[[3,3,2,0,0,0,2,2,1],1,0].
[[2,9,1,1,1,2,2,3,1],2,4].
[[3,7,0,1,2,0,2,2,1],0,2].
[[2,7,1,1,1,2,2,3,0],4,1].
[[3,9,1,0,0,0,1,1,1],0,7].
[[3,6,1,1,2,0,2,2,1],7,0].
[[3,6,0,1,1,2,1,2,2],0,7].
[[3,5,0,1,1,2,1,2,2],9,1].
[[2,5,0,0,0,0,1,2,2],1,0].
[[2,7,1,1,1,2,2,1,1],1,0].
[[3,6,1,0,0,0,1,2,2],5,1].
[[2,9,2,1,2,0,2,3,1],2,9].
[[2,6,1,1,2,2,1,2,1],8,0].
[[3,6,1,1,1,2,1,2,1],3,0].
[[3,7,2,0,0,0,1,1,2],1,1].
[[3,8,1,1,2,0,2,1,1],3,7].
[[3,6,1,1,1,2,2,2,1],4,0].
[[3,8,0,1,1,0,1,1,1],0,3].
[[2,7,2,1,1,2,2,2,1],2,1].
[[2,8,0,1,2,0,1,2,0],1,1].
[[2,7,1,1,2,0,2,3,0],1,1].
[[2,7,1,0,0,0,1,1,2],3,2].
[[3,3,1,0,0,0,1,1,2],1,0].
[[3,8,0,1,1,0,2,3,1],0,4].
[[1,7,1,1,2,2,1,2,1],2,0].
[[3,9,0,1,1,0,1,1,0],0,4].
[[3,7,0,1,2,2,2,3,1],1,13].
[[3,9,2,1,1,0,1,2,2],0,6].
[[2,7,1,1,1,2,2,1,0],0,3].
[[1,4,2,1,2,0,2,2,1],7,0].
[[2,9,1,1,2,0,2,2,0],3,24].
[[3,7,2,1,1,2,1,1,1],2,2].
[[3,6,1,1,2,2,2,2,1],10,0].
[[3,9,1,0,0,0,2,3,1],0,2].
[[3,7,0,1,2,2,2,2,2],0,7].
[[3,6,0,0,0,0,2,1,0],0,1].
[[1,6,1,0,0,0,2,1,1],3,0].
[[3,8,1,0,0,0,2,2,1],2,9].
[[3,7,2,1,1,2,2,3,0],4,0].
[[3,3,2,1,2,2,2,2,2],4,0].
[[2,6,1,1,2,0,0,0,0],6,0].
[[3,6,1,1,2,0,2,1,1],1,0].
[[2,5,0,1,2,2,1,2,0],18,0].
[[2,9,2,1,1,0,1,1,1],0,2].
[[3,3,1,1,2,2,2,2,1],7,1].
[[2,7,2,1,2,2,2,3,0],8,0].
[[3,7,0,1,1,2,2,1,1],0,4].
[[3,7,0,1,1,2,1,1,0],0,1].
[[2,8,0,1,2,0,2,3,0],5,20].
[[3,8,0,1,1,0,2,3,0],0,10].
[[2,2,1,0,0,0,2,3,1],1,0].
[[3,2,1,1,2,0,1,2,1],3,0].
[[3,7,1,1,2,0,2,1,1],1,8].
[[1,8,1,1,1,2,1,1,2],0,1].
[[2,8,1,1,1,2,1,1,2],6,3].
[[2,6,1,1,2,0,2,1,0],1,0].
[[3,3,2,1,2,0,2,1,0],1,0].
[[1,6,0,1,2,2,0,0,0],3,7].
[[1,8,0,1,1,2,1,2,0],2,1].
[[1,9,2,1,1,2,1,1,1],11,5].
[[3,9,2,0,0,0,1,2,0],0,4].
[[1,5,0,1,2,2,2,3,0],2,0].
[[3,3,1,1,2,2,2,2,2],6,0].
[[3,9,1,0,0,0,2,2,0],0,11].
[[2,6,1,1,1,2,2,3,2],4,1].
[[2,7,2,1,2,0,1,2,0],1,0].
[[3,7,2,1,1,0,1,2,0],1,0].
[[1,1,2,1,2,0,2,2,0],1,0].
[[2,1,2,1,2,0,1,2,1],2,0].
[[3,7,1,1,2,0,2,1,0],4,1].
[[2,7,1,1,2,0,2,3,2],5,0].
[[1,9,2,1,2,0,2,1,1],2,4].
[[2,7,0,1,1,2,0,0,0],3,11].
[[2,6,1,1,1,2,2,1,1],2,0].
[[1,7,1,0,0,0,1,2,1],2,0].
[[2,7,1,0,0,0,1,2,1],6,0].
[[1,5,0,1,1,2,1,1,1],4,0].
[[3,8,0,0,0,0,0,0,0],0,8].
[[2,7,1,1,1,2,2,3,1],4,2].
[[1,8,0,1,1,2,2,1,1],3,2].
[[2,6,1,1,2,2,2,1,0],3,0].
[[3,6,1,1,1,2,1,1,0],1,0].
[[3,7,2,1,2,2,2,1,1],6,0].
[[3,5,0,1,2,0,1,1,0],4,1].
[[1,1,2,1,2,0,1,2,1],1,0].
[[2,7,2,1,1,2,0,0,0],4,0].
[[3,6,0,1,1,2,2,2,1],1,2].
[[2,9,1,1,1,0,2,3,0],0,4].
[[3,7,2,1,2,0,2,3,0],7,1].
[[2,8,0,1,2,2,1,1,0],2,12].
[[3,7,0,1,2,2,1,2,1],0,6].
[[1,7,2,1,2,0,2,2,2],1,1].
[[2,7,2,1,1,0,2,2,2],0,1].
[[3,7,2,1,1,0,2,3,0],0,2].
[[1,9,2,1,2,0,2,1,0],1,7].
[[1,8,1,1,1,2,2,1,0],3,2].
[[3,7,1,1,1,0,1,2,2],5,2].
[[3,7,0,1,1,2,1,1,1],0,5].
[[2,3,2,0,0,0,2,2,2],5,0].
[[3,3,2,1,2,0,2,2,2],5,0].
[[3,5,0,1,2,2,2,3,0],11,1].
[[2,9,1,1,1,2,2,2,1],2,3].
[[2,7,2,0,0,0,2,1,1],2,0].
[[3,3,2,0,0,0,2,1,1],1,0].
[[3,9,2,1,2,2,1,1,0],0,3].
[[3,7,1,0,0,0,2,1,1],3,3].
[[3,3,1,0,0,0,2,3,1],4,0].
[[2,9,2,1,1,0,2,2,0],0,3].
[[3,7,0,1,2,2,1,1,2],0,3].
[[1,7,1,1,2,2,2,1,0],1,1].
[[2,7,1,1,2,2,1,1,0],2,1].
[[3,3,2,0,0,0,2,2,2],5,0].
[[2,7,1,1,2,0,2,1,1],0,1].
[[3,7,0,1,1,2,1,1,2],0,5].
[[2,9,1,0,0,0,2,2,1],0,4].
[[1,8,0,1,2,2,1,2,0],3,5].
[[2,7,2,1,2,2,2,1,1],2,0].
[[3,7,2,1,1,2,2,1,1],1,0].
[[2,6,1,0,0,0,1,2,2],3,0].
[[3,9,2,0,0,0,2,2,0],0,3].
[[1,8,0,1,2,2,1,1,2],4,1].
[[3,7,2,0,0,0,2,1,1],1,0].
[[3,6,1,1,2,0,1,1,1],6,0].
[[3,7,1,1,1,0,1,1,2],0,1].
[[3,3,1,1,2,2,1,2,1],5,0].
[[1,7,1,0,0,0,2,1,1],2,0].
[[3,3,1,0,0,0,2,1,0],1,0].
[[3,6,1,0,0,0,2,3,1],6,0].
[[2,7,2,0,0,0,1,2,1],4,1].
[[3,9,1,1,1,0,2,2,0],0,6].
[[2,3,2,1,2,0,2,2,1],1,0].
[[3,3,2,1,2,0,2,2,1],1,0].
[[2,7,0,0,0,0,2,3,2],0,1].
[[3,7,0,0,0,0,1,2,2],0,1].
[[1,7,2,1,2,0,2,2,1],1,0].
[[3,6,0,0,0,0,2,2,0],0,3].
[[2,7,0,1,1,2,2,2,0],1,1].
[[3,7,0,1,2,2,1,2,2],0,16].
[[3,7,1,0,0,0,2,1,0],4,2].
[[1,4,2,1,2,0,1,2,0],5,0].
[[2,7,0,0,0,0,2,3,1],0,2].
[[2,6,1,1,2,0,2,2,1],2,1].
[[2,7,2,0,0,0,1,1,0],1,2].
[[3,7,2,1,2,0,1,1,0],0,4].
[[3,7,2,0,0,0,1,2,1],6,0].
[[2,9,1,1,2,0,1,1,2],1,1].
[[1,9,2,1,2,0,1,2,1],1,7].
[[3,9,0,1,1,2,2,1,0],0,2].
[[3,9,2,1,1,0,2,1,0],0,2].
[[2,8,0,1,2,0,1,1,2],1,1].
[[3,8,0,1,1,0,1,1,2],0,2].
[[3,7,2,1,1,2,1,2,1],4,2].
[[3,7,0,1,2,2,1,1,0],0,1].
[[3,6,0,1,2,2,1,2,2],0,11].
[[3,6,0,0,0,0,0,0,0],0,1].
[[2,7,1,1,2,0,2,2,0],1,1].
[[3,6,0,1,1,2,2,3,0],0,4].
[[2,7,1,1,1,2,1,2,0],0,1].
[[3,7,0,1,1,2,1,2,0],0,6].
[[2,3,2,1,2,2,0,0,0],4,0].
[[3,3,2,1,1,2,2,2,2],2,0].
[[3,8,0,1,1,2,2,1,1],1,8].
[[3,3,2,1,1,0,2,3,1],1,0].
[[1,6,1,1,2,2,2,3,1],2,0].
[[3,8,0,1,1,0,1,2,0],0,4].
[[3,7,2,0,0,0,0,0,0],3,0].
[[1,4,2,1,2,0,1,1,2],1,0].
[[2,7,0,1,2,2,2,3,2],0,2].
[[2,5,0,1,2,0,2,2,0],2,1].
[[3,8,1,1,1,2,2,2,2],7,2].
[[3,6,0,1,2,2,2,3,0],0,7].
[[2,8,1,1,2,0,1,2,0],6,2].
[[3,7,0,1,2,2,2,1,1],1,3].
[[3,7,0,1,1,2,2,2,2],0,4].
[[2,7,2,0,0,0,2,2,1],4,4].
[[3,1,2,1,2,0,1,1,2],4,0].
[[3,6,0,1,1,2,2,1,0],0,3].
[[2,6,1,1,1,2,2,2,1],2,0].
[[3,8,1,1,1,0,2,1,1],2,6].
[[3,9,1,1,2,2,2,1,1],0,1].
[[3,3,2,1,2,0,2,1,1],4,0].
[[2,5,0,1,1,2,1,1,2],10,0].
[[3,7,2,1,2,2,2,1,0],6,1].
[[3,6,1,0,0,0,0,0,0],6,0].
[[3,7,0,1,2,0,1,2,2],0,1].
[[1,8,1,0,0,0,1,1,0],5,3].
[[3,9,1,1,2,0,0,0,0],0,2].
[[1,6,0,1,2,2,2,3,2],0,2].
[[1,5,0,0,0,0,2,3,0],1,0].
[[1,9,2,1,2,0,1,2,0],0,10].
[[2,5,0,1,2,2,1,2,2],2,0].
[[1,8,1,1,2,0,1,1,2],0,2].
[[3,7,0,1,2,0,2,3,0],0,2].
[[3,9,2,1,1,2,1,2,1],2,4].
[[2,8,1,1,1,0,2,2,2],1,5].
[[2,7,0,1,2,2,2,2,2],1,2].
[[3,1,2,1,2,0,1,1,1],3,0].
[[2,7,2,1,2,2,1,1,2],2,1].
[[3,7,2,1,1,2,1,1,2],0,2].
[[2,3,1,1,2,2,2,3,1],0,2].
[[3,2,0,1,2,2,2,3,1],0,1].
[[3,7,0,1,2,0,1,2,0],0,1].
[[2,7,0,0,0,0,2,2,0],0,1].
[[2,9,1,0,0,0,0,0,0],0,2].
[[3,6,0,1,2,2,2,2,1],0,5].
[[2,9,2,1,1,0,2,2,2],0,1].
[[1,8,1,1,1,2,1,1,1],2,4].
[[2,7,1,1,1,2,1,1,1],2,2].
[[1,7,1,0,0,0,2,2,0],1,0].
[[3,3,1,0,0,0,2,2,0],2,0].
[[2,3,2,1,2,2,2,3,2],3,0].
[[3,3,2,1,2,2,1,1,1],1,0].
[[2,7,2,0,0,0,1,2,0],1,1].
[[3,6,0,1,1,2,2,3,2],0,3].
[[2,6,1,1,2,0,1,2,1],2,0].
[[1,6,1,1,2,2,2,1,0],1,0].
[[2,3,1,1,2,2,2,1,0],1,0].
[[3,3,1,1,2,2,2,1,0],2,0].
[[3,6,1,1,2,0,2,2,2],3,0].
[[3,2,0,1,2,2,0,0,0],0,1].
[[2,7,2,1,2,0,2,3,0],3,0].
[[3,7,2,1,2,0,1,2,0],2,0].
[[1,5,0,0,0,0,1,2,1],4,0].
[[2,6,0,1,1,2,2,2,0],0,1].
[[2,7,0,1,1,2,2,3,2],0,1].
[[3,6,0,1,2,0,0,0,0],0,2].
[[3,8,1,1,1,2,0,0,0],0,1].
[[1,8,0,0,0,0,1,1,0],0,1].
[[3,3,2,1,2,2,0,0,0],3,0].
[[3,6,1,1,1,0,2,2,2],1,0].
[[3,9,2,1,2,2,2,1,1],0,2].
[[3,9,2,1,2,0,1,1,0],0,3].
[[3,6,0,1,2,2,2,3,2],1,5].
[[3,6,0,1,1,2,2,3,1],1,3].
[[2,6,0,1,2,2,2,3,0],0,1].
[[2,7,2,1,1,2,1,2,2],1,0].
[[2,6,0,1,1,2,2,2,2],1,1].
[[3,3,1,1,1,2,2,2,2],2,0].
[[2,7,2,0,0,0,2,1,0],5,0].
[[3,6,0,0,0,0,2,2,2],0,1].
[[3,7,1,1,1,0,2,3,2],1,3].
[[3,7,2,0,0,0,1,1,0],2,0].
[[3,6,0,0,0,0,1,1,1],0,1].
[[3,7,1,1,2,0,1,2,0],3,2].
[[3,9,1,1,1,0,1,1,2],0,1].
[[2,6,1,1,2,0,1,2,2],2,1].
[[3,7,0,0,0,0,1,1,1],0,2].
[[3,9,2,0,0,0,1,1,0],0,1].
[[3,6,1,1,1,2,2,2,0],5,0].
[[3,9,1,1,1,2,1,1,2],0,12].
[[1,7,2,1,2,2,1,2,2],4,0].
[[1,6,1,1,2,2,2,2,1],2,0].
[[2,6,1,1,2,2,2,2,1],5,0].
[[3,6,1,1,2,0,2,3,2],4,1].
[[1,5,0,0,0,0,1,1,2],5,0].
[[3,3,1,1,1,2,2,3,2],2,0].
[[3,6,0,1,2,0,2,3,0],0,3].
[[3,7,2,1,2,2,1,1,0],1,2].
[[2,6,1,1,1,2,2,2,2],4,0].
[[3,9,1,1,1,0,2,3,1],0,1].
[[3,7,0,1,2,0,2,2,0],0,3].
[[2,8,1,1,1,0,1,1,1],0,1].
[[3,7,1,1,1,0,1,1,1],0,1].
[[3,9,1,1,1,0,0,0,0],0,1].
[[3,6,1,1,2,2,2,1,1],8,0].
[[2,9,1,1,1,2,2,1,1],2,0].
[[3,9,2,1,1,2,2,3,2],0,2].
[[3,7,2,1,1,0,0,0,0],1,1].
[[2,9,2,1,1,0,2,1,0],0,1].
[[2,6,1,1,2,0,2,2,0],1,1].
[[3,6,1,1,1,0,2,3,1],2,0].
[[3,9,1,1,2,2,0,0,0],0,4].
[[1,6,0,1,2,2,2,3,0],1,0].
[[2,3,1,1,2,2,2,3,0],2,0].
[[3,3,1,1,2,2,2,3,0],3,0].
[[1,5,0,1,2,2,1,2,1],3,0].
[[3,8,1,1,1,0,1,1,0],3,1].
[[3,6,1,1,1,2,2,3,0],2,1].
[[2,9,1,1,1,0,2,3,1],0,1].
[[3,4,0,1,2,0,1,2,1],0,1].
[[3,6,0,0,0,0,1,1,2],0,1].
[[3,5,0,1,2,0,2,3,0],4,0].
[[3,3,2,1,2,2,1,1,2],1,0].
[[3,6,1,1,2,2,0,0,0],6,0].
[[3,9,1,1,1,2,0,0,0],0,2].
[[2,8,1,1,1,0,2,3,0],0,3].
[[3,6,0,1,1,2,2,2,2],0,4].
[[3,3,2,1,2,2,2,3,2],5,0].
[[3,9,2,1,2,2,0,0,0],0,2].
[[2,7,0,1,2,2,2,1,1],0,3].
[[2,9,2,1,2,0,2,1,1],0,6].
[[1,7,1,0,0,0,1,1,1],1,0].
[[2,7,1,1,2,0,1,1,1],2,0].
[[3,3,1,1,2,0,1,1,1],2,0].
[[3,9,2,0,0,0,1,1,1],0,6].
[[3,6,1,1,1,2,2,1,0],3,0].
[[3,6,1,0,0,0,2,1,0],4,0].
[[3,9,0,1,2,0,2,1,0],0,1].
[[3,6,0,1,2,0,2,3,2],0,1].
[[3,9,2,1,1,2,1,1,0],0,3].
[[2,3,1,0,0,0,2,3,2],3,0].
[[3,3,1,0,0,0,2,3,2],3,0].
[[2,3,2,1,2,2,2,2,1],1,0].
[[3,6,1,1,2,0,1,1,2],3,0].
[[1,8,1,1,2,0,1,1,0],0,2].
[[2,7,2,1,2,0,2,2,1],3,1].
[[3,7,0,0,0,0,1,2,1],0,2].
[[2,6,1,0,0,0,2,1,1],3,0].
[[3,2,1,0,0,0,2,1,1],2,0].
[[3,1,2,1,2,0,1,1,0],1,0].
[[3,3,2,1,2,0,1,2,1],1,0].
[[3,7,1,1,1,0,2,2,0],2,4].
[[2,6,1,0,0,0,1,1,0],1,0].
[[3,3,2,1,2,0,1,1,0],1,0].
[[1,7,1,1,2,2,2,1,1],2,1].
[[3,6,1,1,1,0,2,2,1],0,1].
[[2,9,2,1,1,2,1,1,2],4,4].
[[3,7,2,0,0,0,2,2,0],2,0].
[[1,8,0,0,0,0,1,2,1],1,6].
[[2,9,1,1,1,0,1,2,2],0,1].
[[3,8,0,1,1,0,1,2,2],0,7].
[[1,6,1,0,0,0,2,2,0],1,0].
[[2,3,2,0,0,0,2,2,0],2,0].
[[3,3,2,1,2,0,1,2,0],1,0].
[[1,6,1,0,0,0,1,2,1],2,0].
[[3,3,1,1,1,2,2,3,0],1,0].
[[3,6,0,1,2,2,2,2,2],1,2].
[[2,7,2,1,1,2,2,3,1],3,1].
[[2,6,1,0,0,0,2,1,0],1,0].
[[3,2,1,1,2,0,2,1,0],1,0].
[[3,3,1,1,2,0,2,2,0],1,1].
[[1,6,0,1,2,2,2,2,2],1,1].
[[2,6,0,1,2,2,1,1,2],0,1].
[[3,2,0,1,2,2,1,1,2],0,1].
[[3,9,2,1,2,2,2,3,2],0,1].
[[2,6,0,0,0,0,0,0,0],1,6].
[[2,6,0,0,0,0,2,2,0],0,2].
[[2,7,1,1,1,2,1,1,2],1,0].
[[2,9,1,1,1,0,2,1,0],0,1].
[[3,6,1,0,0,0,2,1,1],2,1].
[[3,7,0,0,0,0,1,2,0],0,1].
[[3,2,1,1,2,2,2,3,0],2,0].
[[1,5,0,1,2,2,1,2,0],2,0].
[[2,9,1,1,1,0,1,2,1],0,3].
[[3,7,1,1,1,0,2,1,1],2,1].
[[3,6,0,0,0,0,1,2,1],0,2].
[[1,3,2,0,0,0,1,2,2],1,0].
[[2,3,2,1,2,0,1,2,2],2,0].
[[3,3,2,1,1,0,1,2,2],1,0].
[[1,7,2,0,0,0,1,1,1],0,1].
[[2,7,2,1,2,0,1,1,1],0,2].
[[2,7,0,0,0,0,2,3,0],0,2].
[[3,7,1,1,1,0,2,1,0],1,2].
[[2,8,0,1,2,0,2,1,1],2,2].
[[1,7,1,1,2,2,1,2,2],1,0].
[[2,3,1,1,2,2,1,2,2],1,0].
[[3,6,1,1,1,0,1,2,2],0,1].
[[3,8,0,1,1,0,2,2,2],0,1].
[[3,3,1,0,0,0,1,2,2],2,0].
[[3,6,1,0,0,0,1,2,0],1,0].
[[3,6,1,1,1,2,1,1,1],2,0].
[[2,7,0,1,1,2,2,3,0],0,1].
[[3,9,0,1,1,2,1,1,1],0,4].
[[1,7,2,1,2,2,2,3,0],1,0].
[[3,3,1,1,2,0,2,3,2],1,0].
[[3,3,2,0,0,0,1,1,2],2,0].
[[3,7,1,1,1,0,1,1,0],0,1].
[[3,2,1,0,0,0,1,2,1],1,0].
[[3,3,2,1,1,0,2,3,2],1,0].
[[3,3,1,0,0,0,2,3,0],4,0].
[[1,6,1,0,0,0,1,2,2],1,0].
[[3,9,2,1,1,2,2,2,1],0,2].
[[2,9,1,1,1,0,1,2,0],0,1].
[[2,8,1,1,1,0,2,3,1],0,5].
[[2,6,0,0,0,0,1,2,2],0,1].
[[3,6,0,0,0,0,1,2,2],0,2].
[[1,7,2,0,0,0,2,1,0],1,0].
[[3,7,0,0,0,0,2,2,2],0,2].
[[3,6,0,1,2,2,2,1,1],0,2].
[[3,6,0,1,2,2,1,1,1],1,0].
[[3,3,1,1,2,0,0,0,0],1,0].
[[2,6,0,1,1,2,1,2,2],0,2].
[[3,6,0,1,1,2,1,2,1],0,1].
[[2,7,0,1,2,2,1,2,1],0,1].
[[3,9,1,1,2,0,2,3,1],0,1].
[[3,6,0,1,2,0,2,1,0],0,1].
[[3,8,0,1,1,0,1,2,1],0,5].
[[2,6,0,0,0,0,2,3,0],1,1].
[[3,6,0,0,0,0,2,3,0],0,3].
[[1,3,2,0,0,0,2,2,2],2,0].
[[2,9,2,1,2,0,1,1,0],0,3].
[[2,6,1,1,2,0,2,1,1],2,0].
[[2,6,0,1,1,2,2,3,0],1,1].
[[3,3,2,0,0,0,2,3,1],3,0].
[[2,2,1,0,0,0,1,2,1],1,0].
[[3,7,1,1,1,0,0,0,0],0,3].
[[1,4,2,1,2,0,2,1,0],3,1].
[[2,6,0,0,0,0,2,3,2],0,2].
[[3,7,2,1,1,2,2,2,1],4,0].
[[3,7,0,0,0,0,2,1,0],0,2].
[[3,9,2,1,1,0,1,2,0],0,3].
[[2,7,1,1,1,2,1,2,1],1,1].
[[3,7,2,1,1,0,1,1,0],1,1].
[[2,6,0,1,1,2,2,3,2],0,1].
[[3,6,1,1,1,2,2,1,1],2,0].
[[2,7,0,1,1,2,1,2,2],0,1].
[[2,6,1,1,2,0,1,1,2],0,1].
[[2,8,0,1,2,0,1,1,1],1,1].
[[2,7,0,1,2,2,1,2,2],1,0].
[[3,8,0,1,1,0,2,2,0],1,4].
[[1,4,2,1,2,0,1,1,0],1,0].
[[3,2,1,0,0,0,0,0,0],1,0].
[[1,8,0,1,1,2,1,1,2],1,3].
[[2,6,1,1,1,2,2,2,0],2,0].
[[3,7,2,1,1,0,2,3,2],1,2].
[[1,6,0,1,2,2,2,2,0],0,1].
[[3,9,2,0,0,0,1,2,1],0,1].
[[3,9,1,1,1,0,2,1,0],0,1].
[[2,7,2,1,1,0,2,3,2],0,1].
[[2,9,1,1,2,0,0,0,0],0,2].
[[3,7,1,1,1,2,1,1,0],2,0].
[[2,6,0,1,1,2,0,0,0],4,3].
[[1,7,2,1,2,0,1,2,2],2,0].
[[2,6,1,1,2,2,1,2,0],1,1].
[[2,9,2,1,1,0,2,3,1],0,1].
[[2,5,0,0,0,0,1,1,0],2,0].
[[3,5,0,0,0,0,1,1,0],3,2].
[[2,7,2,1,2,0,1,2,1],1,0].
[[3,7,2,0,0,0,2,3,1],5,0].
[[2,7,0,1,2,2,2,2,0],1,0].
[[3,9,2,1,1,0,2,2,0],1,2].
[[3,3,0,0,0,0,0,0,0],0,1].
[[3,6,0,0,0,0,1,1,0],0,1].
[[3,3,1,0,0,0,2,2,1],4,0].
[[2,2,1,1,2,2,0,0,0],1,0].
[[3,2,1,1,1,2,0,0,0],1,0].
[[1,6,0,0,0,0,2,3,2],0,1].
[[3,7,2,0,0,0,2,1,0],4,0].
[[2,5,0,1,2,0,1,1,2],1,0].
[[1,7,1,1,2,2,1,1,1],0,1].
[[3,6,0,1,2,2,1,1,2],0,3].
[[2,5,0,1,1,0,1,1,1],0,1].
[[1,1,2,1,2,0,1,1,2],1,0].
[[2,1,2,1,2,0,1,1,1],1,0].
[[2,5,0,1,1,2,1,1,0],0,2].
[[2,2,1,0,0,0,0,0,0],2,0].
[[2,5,0,1,2,0,2,3,0],1,0].
[[3,8,0,1,1,0,2,3,2],2,0].
[[3,7,2,1,1,2,1,1,0],2,0].
[[2,6,0,1,2,2,2,1,1],0,1].
[[3,6,1,1,1,0,2,1,0],1,0].
[[3,3,2,1,2,2,2,3,1],3,0].
[[3,7,2,1,1,0,2,1,1],1,0].
[[1,7,1,1,2,2,2,2,0],1,0].
[[2,5,0,0,0,0,2,3,0],3,0].
[[3,9,2,1,2,0,2,3,1],0,1].
[[3,3,2,1,2,2,2,1,0],2,0].
[[2,7,0,1,1,2,2,3,1],0,1].
[[3,9,2,1,2,0,2,2,1],0,1].
[[3,7,0,1,2,0,2,3,1],0,1].
[[2,6,1,1,2,0,1,1,1],1,0].
[[1,6,1,1,2,2,2,2,2],2,0].
[[2,7,1,0,0,0,1,2,0],0,1].
[[1,7,2,1,2,0,2,3,2],1,0].
[[2,7,2,1,1,0,2,2,0],1,0].
[[3,6,1,1,2,0,1,2,0],1,0].
[[3,3,1,0,0,0,2,1,1],2,0].
[[3,6,1,1,2,2,1,1,2],1,0].
[[3,2,1,0,0,0,2,2,2],1,0].
[[1,5,0,1,1,2,1,2,1],1,0].
[[1,7,2,0,0,0,2,2,0],2,0].
[[3,3,2,1,2,2,1,2,0],1,0].
[[3,3,2,1,1,2,2,3,2],1,0].
[[3,6,1,0,0,0,1,1,2],1,0].
[[3,5,0,0,0,0,1,2,2],1,0].
[[2,7,2,1,1,0,2,2,1],0,1].
[[3,7,2,1,1,0,1,2,1],1,1].
[[3,9,0,1,2,0,1,1,0],0,4].
[[2,9,2,1,1,0,1,2,1],0,2].
[[3,8,0,1,1,0,0,0,0],0,1].
[[2,7,2,1,2,2,1,1,0],1,0].
[[2,3,1,0,0,0,2,2,1],2,0].
[[3,5,0,0,0,0,2,2,0],1,0].
[[2,6,1,1,2,0,2,2,2],2,0].
[[2,8,1,1,1,0,0,0,0],0,2].
[[3,9,2,0,0,0,2,2,1],0,1].
[[2,6,0,0,0,0,2,1,1],0,1].
[[2,3,1,1,2,2,2,2,2],1,0].
[[1,6,1,1,2,2,1,2,1],1,0].
[[3,6,0,0,0,0,1,2,0],0,1].
[[1,5,0,1,1,2,1,1,2],4,0].
[[3,3,2,1,1,2,2,3,1],1,0].
[[3,3,2,1,1,2,1,2,1],1,0].
[[3,6,0,1,1,2,1,1,1],0,1].
[[2,9,2,1,1,0,2,3,0],0,5].
[[3,4,0,1,2,0,2,1,0],0,1].
[[3,3,2,0,0,0,0,0,0],2,0].
[[3,9,0,0,0,0,1,1,1],0,1].
[[1,8,0,1,2,2,1,1,0],1,0].
[[2,6,1,1,2,2,1,1,1],3,0].
[[3,9,0,1,2,2,2,1,0],0,1].
[[3,5,0,1,1,0,2,2,0],1,0].
[[2,7,1,1,2,0,1,2,2],0,1].
[[2,7,0,1,1,2,2,2,1],0,1].
[[1,7,2,1,2,2,2,1,0],2,0].
[[2,5,0,1,2,0,1,1,0],0,1].
[[3,5,0,1,1,0,1,1,0],0,1].
[[3,6,1,1,2,2,1,1,0],1,1].
[[3,3,1,1,2,0,1,2,2],1,0].
[[2,7,2,1,1,2,2,1,0],1,0].
[[3,3,1,1,2,2,1,2,0],2,0].
[[1,7,2,0,0,0,2,3,0],1,1].
[[2,9,2,1,1,0,2,3,2],0,1].
[[3,4,0,1,2,0,2,3,2],0,1].
[[3,3,1,0,0,0,2,2,2],1,0].
[[2,3,2,1,2,2,2,2,2],1,0].
[[2,8,1,1,1,0,1,1,0],0,1].
[[3,7,0,0,0,0,1,1,2],0,1].
[[3,2,1,1,2,0,2,2,2],1,0].
[[2,7,0,1,2,2,2,1,0],0,1].
[[3,9,1,1,2,2,2,3,1],0,1].
[[3,6,0,1,1,2,2,1,1],0,1].
[[3,9,2,1,1,2,2,3,1],0,1].
[[3,3,2,0,0,0,2,2,0],1,0].
[[2,6,0,1,2,2,2,1,0],1,0].
[[2,7,2,1,2,0,2,1,0],2,0].
[[1,6,1,1,2,2,2,3,0],0,1].
[[3,6,0,1,2,2,1,1,0],0,1].
[[2,7,1,1,1,2,1,1,0],1,0].
