total_WL(462,340).
[[1,8,1,0,0,0,0,0,0],44,21].
[[2,8,1,0,0,0,2,3,1],21,9].
[[3,7,1,0,0,0,2,3,1],6,2].
[[1,9,2,0,0,0,2,3,0],20,18].
[[2,8,1,0,0,0,1,2,1],9,4].
[[3,8,1,1,2,0,1,2,0],4,1].
[[1,8,0,0,0,0,2,2,1],4,5].
[[2,8,0,0,0,0,2,2,1],8,9].
[[3,8,0,0,0,0,1,2,1],2,6].
[[1,9,2,0,0,0,1,2,0],8,5].
[[2,9,2,1,2,1,1,2,0],4,9].
[[3,8,1,1,2,1,1,1,1],7,5].
[[1,7,2,1,2,1,2,1,1],1,0].
[[2,7,2,1,2,1,2,1,1],2,0].
[[3,7,2,1,2,1,2,1,1],2,1].
[[1,9,2,1,2,1,2,3,1],15,12].
[[2,9,2,1,2,1,2,3,1],15,12].
[[3,9,1,1,2,1,1,2,0],0,5].
[[3,9,2,1,1,1,1,2,0],3,1].
[[1,9,2,0,0,0,2,3,1],31,31].
[[2,8,1,1,2,1,2,3,1],16,7].
[[3,8,1,1,2,1,1,2,1],15,6].
[[1,8,0,0,0,0,0,0,0],20,27].
[[2,7,0,0,0,0,0,0,0],1,1].
[[3,7,1,1,2,1,0,0,0],5,0].
[[1,9,2,1,2,1,1,1,1],1,2].
[[2,9,2,1,2,1,1,1,1],2,2].
[[3,8,0,1,2,1,1,1,1],0,7].
[[1,9,2,0,0,0,0,0,0],14,39].
[[2,8,0,1,2,0,0,0,0],2,5].
[[3,8,0,1,2,0,2,3,0],2,2].
[[1,8,1,0,0,0,2,2,1],18,6].
[[2,7,2,0,0,0,2,2,1],5,1].
[[3,7,2,0,0,0,2,2,1],3,0].
[[1,8,1,0,0,0,1,2,1],5,3].
[[3,8,1,1,2,0,1,2,1],4,3].
[[1,9,2,1,2,1,0,0,0],5,18].
[[2,9,2,1,2,1,0,0,0],0,4].
[[3,9,2,1,1,1,0,0,0],0,1].
[[1,8,1,0,0,0,2,3,1],25,6].
[[3,7,1,1,2,0,2,3,1],2,3].
[[1,8,1,1,1,1,0,0,0],1,0].
[[2,8,1,1,1,1,2,2,1],2,0].
[[3,4,1,1,2,0,2,2,1],1,0].
[[3,9,2,1,2,1,1,2,0],4,4].
[[1,9,2,0,0,0,2,1,1],12,5].
[[2,9,2,0,0,0,2,2,1],5,13].
[[3,9,1,0,0,0,1,2,1],2,0].
[[2,7,2,0,0,0,0,0,0],3,1].
[[3,7,1,0,0,0,0,0,0],5,2].
[[2,9,2,0,0,0,2,1,1],4,1].
[[3,9,2,1,2,0,1,2,1],3,2].
[[2,7,1,1,2,1,2,3,1],4,4].
[[3,7,1,1,2,1,2,3,1],12,10].
[[1,9,2,0,0,0,2,2,1],23,26].
[[2,8,1,0,0,0,2,2,1],17,7].
[[3,8,1,1,2,0,2,3,1],3,3].
[[1,8,1,1,2,1,0,0,0],12,6].
[[3,8,1,1,2,1,2,1,1],3,1].
[[3,7,1,0,0,0,2,2,1],6,1].
[[1,8,1,0,0,0,2,1,1],7,1].
[[2,7,2,0,0,0,2,1,1],2,0].
[[3,7,2,0,0,0,2,1,1],1,0].
[[2,8,0,1,2,1,0,0,0],5,9].
[[3,7,0,1,2,1,0,0,0],0,1].
[[1,9,2,1,2,1,2,3,0],7,4].
[[2,9,2,1,1,1,2,3,0],3,2].
[[3,9,2,1,1,1,2,3,0],1,1].
[[3,8,1,1,2,1,2,3,1],11,4].
[[3,7,1,1,2,1,2,2,1],6,4].
[[2,9,2,1,2,0,2,3,1],0,3].
[[3,9,2,1,2,1,2,3,1],3,6].
[[2,9,2,0,0,0,2,3,0],12,12].
[[3,8,1,0,0,0,2,3,1],4,3].
[[2,8,1,0,0,0,2,3,0],4,4].
[[1,9,2,0,0,0,2,1,0],10,9].
[[2,9,2,1,2,1,2,3,0],5,6].
[[3,8,0,1,2,1,2,3,0],6,5].
[[1,8,0,1,2,1,0,0,0],11,2].
[[2,8,0,1,2,1,2,1,1],2,4].
[[3,8,0,1,2,1,2,1,1],3,4].
[[1,9,2,1,2,1,1,2,1],9,3].
[[2,9,1,1,2,1,1,2,1],2,5].
[[3,9,1,1,2,1,1,2,1],0,8].
[[3,8,0,1,1,1,1,2,1],5,3].
[[1,8,0,0,0,0,2,3,1],3,4].
[[2,8,0,0,0,0,2,3,1],7,6].
[[2,8,0,1,2,1,1,2,1],2,0].
[[3,8,0,1,2,1,1,2,1],4,5].
[[3,9,2,1,2,1,2,2,1],2,2].
[[2,9,2,0,0,0,2,2,0],2,7].
[[3,8,1,0,0,0,2,2,1],4,0].
[[3,8,0,0,0,0,2,2,1],1,5].
[[2,7,1,1,2,1,0,0,0],5,3].
[[1,8,1,1,1,1,2,2,0],1,0].
[[2,4,1,1,2,0,1,2,0],1,0].
[[3,4,1,1,2,0,1,2,0],2,0].
[[3,8,1,0,0,0,1,2,1],12,3].
[[3,9,2,1,1,1,1,2,1],3,4].
[[2,8,1,0,0,0,0,0,0],4,1].
[[2,9,2,0,0,0,2,3,1],7,10].
[[3,8,0,1,2,1,2,3,1],8,8].
[[2,6,1,0,0,0,2,3,1],2,0].
[[3,6,1,0,0,0,2,3,1],1,0].
[[1,9,2,1,1,1,2,2,1],1,1].
[[2,8,0,1,1,1,2,2,1],1,1].
[[3,7,0,1,1,1,2,2,1],1,1].
[[2,8,1,1,1,1,2,2,0],2,1].
[[3,8,1,1,1,1,2,2,0],2,1].
[[1,9,2,1,2,1,2,1,1],3,4].
[[2,9,2,1,2,1,2,2,1],5,9].
[[3,9,2,1,2,1,1,1,1],3,0].
[[1,8,1,0,0,0,1,2,0],2,1].
[[2,7,2,1,2,0,1,2,1],0,1].
[[3,7,2,1,1,0,1,2,1],0,1].
[[2,8,0,1,2,1,2,3,1],8,5].
[[3,6,0,1,2,1,2,3,1],1,0].
[[3,8,1,0,0,0,1,2,0],3,1].
[[1,9,2,1,1,1,1,1,1],1,0].
[[2,9,2,1,1,1,1,1,1],1,0].
[[3,9,2,1,1,1,1,1,1],1,3].
[[2,8,0,0,0,0,0,0,0],2,10].
[[3,7,1,0,0,0,2,3,0],2,0].
[[2,9,2,0,0,0,1,1,1],3,2].
[[3,5,0,1,2,1,1,1,1],4,0].
[[3,8,0,1,2,1,2,1,0],3,3].
[[1,8,1,0,0,0,2,3,0],3,1].
[[2,7,1,0,0,0,2,3,0],1,0].
[[1,9,2,0,0,0,1,2,1],8,6].
[[1,9,2,0,0,0,1,1,1],0,3].
[[2,8,1,0,0,0,1,1,1],4,2].
[[1,8,1,1,2,1,2,3,0],3,1].
[[2,8,1,1,2,1,2,3,0],1,1].
[[3,8,1,1,2,1,2,2,1],13,3].
[[2,8,1,1,2,0,1,2,1],4,0].
[[3,7,1,1,2,0,1,2,1],5,1].
[[3,9,1,0,0,0,2,2,1],0,1].
[[3,8,1,0,0,0,1,1,1],1,1].
[[3,9,2,1,2,0,1,2,0],1,3].
[[2,8,0,0,0,0,1,2,1],3,1].
[[1,8,0,0,0,0,2,3,0],5,4].
[[2,8,0,0,0,0,1,2,0],4,0].
[[3,8,0,1,2,1,1,1,0],3,0].
[[1,8,1,0,0,0,2,2,0],8,0].
[[2,6,1,0,0,0,2,2,0],1,0].
[[3,6,1,0,0,0,2,2,0],3,0].
[[3,9,2,1,1,1,2,3,1],1,1].
[[3,8,0,1,2,1,0,0,0],0,4].
[[2,9,2,1,2,1,1,2,1],8,5].
[[3,7,0,0,0,0,2,3,1],2,1].
[[3,8,1,1,1,1,2,2,1],3,1].
[[2,8,0,1,2,1,2,3,0],6,3].
[[3,7,1,1,2,1,2,3,0],3,0].
[[1,9,2,1,1,1,0,0,0],3,3].
[[3,4,1,1,2,0,2,3,0],1,0].
[[2,9,2,0,0,0,1,2,1],7,6].
[[3,9,2,1,2,1,2,3,0],3,7].
[[1,7,1,0,0,0,0,0,0],5,4].
[[3,7,1,1,1,1,2,3,1],2,3].
[[1,8,0,0,0,0,2,1,0],1,1].
[[2,8,0,0,0,0,2,1,0],3,7].
[[3,8,0,1,2,0,1,1,0],0,2].
[[1,8,1,1,2,0,2,3,1],2,0].
[[2,8,1,1,1,0,2,3,1],1,0].
[[3,7,1,1,1,0,2,3,1],2,0].
[[2,7,1,0,0,0,0,0,0],7,6].
[[3,7,1,0,0,0,2,1,1],1,1].
[[2,9,1,0,0,0,2,2,0],0,1].
[[3,9,1,0,0,0,2,2,0],0,1].
[[2,8,0,1,2,0,2,3,0],0,1].
[[3,8,0,1,1,0,2,3,0],0,2].
[[1,8,1,1,2,1,2,1,1],2,2].
[[3,3,2,1,2,1,2,1,1],1,0].
[[1,9,2,1,1,1,2,2,0],0,1].
[[3,8,0,0,0,0,2,3,1],1,1].
[[1,9,2,0,0,0,2,2,0],10,6].
[[3,7,1,0,0,0,1,2,1],3,1].
[[3,8,1,1,1,1,1,2,1],7,2].
[[3,8,0,1,1,1,2,3,1],2,6].
[[2,8,1,1,2,1,1,2,1],8,2].
[[1,8,1,1,2,0,1,2,0],0,1].
[[2,8,1,1,1,0,1,1,0],0,1].
[[3,7,1,1,1,0,1,1,0],0,1].
[[2,9,2,1,2,0,2,2,1],0,5].
[[3,8,1,1,2,0,2,2,1],2,4].
[[2,8,0,0,0,0,2,2,0],3,2].
[[3,8,0,0,0,0,2,2,0],0,3].
[[2,8,0,1,2,1,1,1,1],0,1].
[[1,9,2,1,2,1,1,2,0],6,5].
[[2,8,0,1,2,1,1,2,0],3,0].
[[3,8,0,1,2,1,1,2,0],6,3].
[[2,7,1,0,0,0,2,2,1],2,0].
[[3,7,1,1,2,1,1,2,1],8,0].
[[2,8,1,0,0,0,2,1,1],5,3].
[[3,7,1,1,2,0,2,1,1],1,2].
[[2,9,2,1,2,0,1,1,1],1,0].
[[3,8,1,1,2,0,1,1,1],3,1].
[[3,8,0,1,2,0,2,2,0],0,5].
[[3,8,0,0,0,0,2,1,1],1,1].
[[2,8,1,1,2,0,0,0,0],1,4].
[[3,8,1,1,1,0,2,2,1],0,1].
[[2,9,1,0,0,0,1,2,1],0,4].
[[3,9,2,0,0,0,1,2,1],1,2].
[[1,8,1,1,2,1,2,2,1],8,1].
[[2,8,1,1,2,1,2,2,1],16,4].
[[3,8,1,1,2,1,2,2,0],1,1].
[[3,8,0,0,0,0,2,1,0],0,2].
[[3,9,1,0,0,0,1,2,0],0,2].
[[2,8,0,0,0,0,2,3,0],8,8].
[[2,9,2,0,0,0,0,0,0],0,2].
[[2,8,0,1,2,1,2,2,0],2,1].
[[3,7,1,1,2,1,1,2,0],3,1].
[[2,8,1,1,2,1,1,1,1],2,1].
[[1,8,0,0,0,0,2,2,0],1,1].
[[3,9,2,1,2,0,2,3,1],1,0].
[[1,9,2,1,2,1,2,2,1],11,9].
[[2,9,1,1,2,1,2,1,1],0,2].
[[3,9,1,1,2,1,1,1,1],2,2].
[[2,8,1,0,0,0,2,2,0],4,2].
[[3,8,1,0,0,0,2,2,0],0,1].
[[3,7,2,0,0,0,1,2,1],2,0].
[[1,9,2,1,2,1,2,1,0],5,5].
[[2,9,2,1,1,1,2,2,0],0,3].
[[3,9,2,1,1,1,2,2,0],0,3].
[[3,7,0,0,0,0,2,3,0],2,1].
[[1,7,1,0,0,0,2,3,1],0,1].
[[2,7,1,0,0,0,2,3,1],3,2].
[[1,7,2,0,0,0,0,0,0],10,3].
[[3,7,2,1,2,1,2,2,1],2,0].
[[2,9,1,1,2,1,2,2,1],1,0].
[[3,8,0,1,2,1,2,2,1],5,6].
[[3,9,2,1,2,1,0,0,0],0,1].
[[1,8,1,1,2,1,2,3,1],9,1].
[[2,7,2,0,0,0,2,3,1],3,2].
[[3,7,2,1,2,0,2,3,1],3,0].
[[3,9,2,1,2,1,1,2,1],6,8].
[[3,7,2,1,2,1,2,3,1],6,0].
[[1,8,1,1,1,1,1,2,1],1,0].
[[2,8,1,1,1,1,1,2,0],1,0].
[[3,7,1,1,1,1,1,2,0],1,0].
[[1,9,2,0,0,0,1,1,0],2,2].
[[2,8,0,1,2,1,1,1,0],1,0].
[[2,8,0,1,2,1,2,2,1],5,3].
[[1,8,0,1,2,1,2,3,1],2,0].
[[1,8,0,1,2,1,2,2,1],1,0].
[[3,8,1,1,2,0,2,1,1],2,1].
[[2,9,2,1,2,0,2,2,0],0,2].
[[3,9,2,1,1,0,2,2,0],0,2].
[[2,9,2,1,2,1,2,1,1],1,1].
[[3,7,1,1,2,0,2,2,1],3,0].
[[3,6,0,1,2,1,2,1,0],0,1].
[[3,7,2,0,0,0,2,3,1],3,1].
[[2,8,1,1,2,1,2,1,1],2,1].
[[3,7,1,1,2,1,2,1,1],2,1].
[[2,9,2,1,1,1,2,1,0],2,1].
[[3,9,2,0,0,0,2,3,1],1,1].
[[3,7,1,1,2,1,1,1,1],2,1].
[[2,6,1,1,2,1,2,3,1],1,0].
[[3,6,1,1,2,1,1,2,1],2,0].
[[1,9,2,1,1,1,2,3,0],0,1].
[[3,8,0,1,1,1,2,3,0],0,2].
[[3,9,1,1,2,0,1,2,0],1,3].
[[2,7,2,1,2,1,0,0,0],2,1].
[[2,8,1,1,2,0,2,2,1],0,1].
[[3,8,1,1,1,0,1,2,1],1,1].
[[3,7,0,1,2,1,2,3,0],1,0].
[[2,9,2,1,1,1,2,2,1],2,1].
[[3,8,0,1,1,1,2,2,1],1,0].
[[2,7,1,0,0,0,2,1,1],1,0].
[[2,8,1,1,2,1,1,2,0],8,1].
[[3,8,1,1,1,1,1,2,0],2,0].
[[2,9,2,0,0,0,2,1,0],6,5].
[[3,9,2,1,2,1,2,1,0],1,3].
[[2,5,0,1,2,1,1,1,1],1,0].
[[3,9,2,0,0,0,2,3,0],2,1].
[[3,7,2,1,1,1,2,3,1],3,0].
[[3,8,1,1,2,1,1,2,0],7,0].
[[3,9,1,1,1,1,1,1,1],0,2].
[[3,7,2,0,0,0,0,0,0],0,1].
[[3,7,0,1,2,1,2,2,1],2,1].
[[3,8,0,1,2,0,2,2,1],1,2].
[[3,3,1,1,2,1,2,3,1],1,0].
[[1,6,1,0,0,0,2,2,1],1,1].
[[2,6,1,1,2,1,1,2,1],1,0].
[[1,7,2,0,0,0,2,3,1],3,0].
[[2,7,2,1,2,1,1,2,1],3,0].
[[3,7,2,1,2,1,1,2,1],6,1].
[[3,7,1,1,2,0,0,0,0],1,0].
[[2,9,2,0,0,0,1,1,0],2,1].
[[1,9,2,1,2,0,1,1,0],0,1].
[[2,9,2,1,2,0,1,1,0],0,1].
[[2,8,1,1,2,0,2,2,0],0,1].
[[3,7,2,1,1,0,2,2,1],0,1].
[[2,8,1,0,0,0,2,1,0],2,0].
[[3,8,1,0,0,0,1,1,0],2,0].
[[3,9,2,1,2,0,2,1,0],0,1].
[[1,6,1,0,0,0,2,3,0],1,0].
[[2,6,1,0,0,0,1,2,0],1,0].
[[3,6,1,0,0,0,1,2,0],1,0].
[[1,7,2,1,2,1,2,2,1],3,0].
[[3,3,2,1,2,1,1,2,1],1,0].
[[3,9,2,0,0,0,2,1,0],0,1].
[[3,8,0,1,1,1,2,2,0],0,2].
[[2,9,2,1,1,1,1,2,1],1,2].
[[2,9,1,1,2,0,2,1,1],1,0].
[[3,9,1,1,1,0,1,1,1],1,0].
[[2,8,1,1,2,0,1,2,0],1,0].
[[3,7,0,0,0,0,2,1,0],0,1].
[[3,8,0,1,2,0,1,2,1],1,2].
[[1,8,1,0,0,0,1,1,1],2,0].
[[2,9,2,1,1,1,0,0,0],0,2].
[[3,4,1,1,2,0,2,2,0],0,1].
[[3,8,1,1,2,1,2,1,0],1,0].
[[2,9,1,1,1,1,2,2,1],1,0].
[[3,9,2,1,2,0,1,1,0],1,0].
[[1,7,2,1,2,0,0,0,0],1,0].
[[2,7,2,1,2,0,0,0,0],1,0].
[[3,7,2,1,2,0,2,3,0],1,0].
[[2,9,2,1,1,1,2,3,1],4,3].
[[3,4,1,1,2,0,2,3,1],3,0].
[[3,3,2,1,2,0,2,2,1],1,0].
[[2,9,2,1,2,1,2,1,0],4,4].
[[3,6,0,1,2,1,1,2,1],2,0].
[[1,9,2,1,2,0,2,3,0],2,0].
[[2,9,2,1,2,0,1,2,0],1,0].
[[2,8,0,0,0,0,2,1,1],3,0].
[[1,9,2,1,2,0,2,2,0],0,2].
[[2,9,2,1,1,0,2,2,0],1,1].
[[2,8,1,1,1,1,1,2,1],2,0].
[[3,7,1,0,0,0,1,2,0],2,0].
[[1,3,2,0,0,0,0,0,0],1,0].
[[2,3,2,1,2,1,0,0,0],1,0].
[[3,3,2,1,1,1,2,2,1],1,0].
[[3,9,2,0,0,0,1,1,1],0,2].
[[1,9,2,1,2,0,0,0,0],0,5].
[[2,9,2,1,1,0,2,2,1],0,1].
[[3,4,0,1,2,0,1,2,1],0,1].
[[3,9,2,0,0,0,2,2,0],0,1].
[[2,9,2,1,1,1,2,1,1],2,0].
[[3,9,1,1,1,1,2,1,1],1,0].
[[3,7,0,1,2,1,2,1,0],2,1].
[[1,7,2,0,0,0,1,2,1],1,0].
[[3,7,0,1,2,1,2,3,1],2,0].
[[3,9,2,1,2,0,1,1,1],0,1].
[[1,9,2,1,2,1,2,2,0],3,3].
[[2,9,1,0,0,0,1,1,1],1,2].
[[2,8,1,1,1,1,1,1,1],1,1].
[[3,7,1,1,1,1,1,1,1],0,2].
[[3,9,2,1,1,1,2,2,1],1,2].
[[3,8,1,0,0,0,2,3,0],1,1].
[[2,9,2,1,2,1,2,2,0],3,2].
[[3,5,0,1,2,1,1,2,0],4,0].
[[2,6,1,1,2,0,1,2,1],1,0].
[[3,3,2,1,1,0,1,2,1],1,0].
[[1,8,0,0,0,0,2,1,1],1,0].
[[3,7,0,1,2,1,2,1,1],2,0].
[[2,7,1,1,2,1,2,2,1],1,1].
[[2,7,2,1,2,1,2,3,1],3,0].
[[1,8,1,1,2,0,0,0,0],1,0].
[[3,6,1,0,0,0,2,1,1],1,0].
[[2,9,1,0,0,0,1,1,0],1,0].
[[3,9,1,0,0,0,1,1,0],1,0].
[[3,9,1,1,1,1,1,2,0],0,5].
[[3,9,2,1,2,0,2,1,1],0,1].
[[3,8,1,1,1,1,2,3,1],1,1].
[[2,8,1,1,2,0,2,3,1],5,1].
[[3,9,2,1,2,1,1,1,0],3,1].
[[2,8,0,1,1,1,2,1,0],1,0].
[[3,7,0,1,1,1,2,1,0],1,0].
[[2,9,2,0,0,0,1,2,0],2,2].
[[3,6,0,1,2,1,2,2,1],0,1].
[[3,8,0,0,0,0,1,1,1],1,0].
[[2,7,2,1,2,0,2,1,1],1,0].
[[3,3,2,1,2,0,2,1,1],1,0].
[[1,8,0,1,2,1,2,3,0],0,1].
[[2,8,0,1,1,1,2,2,0],0,1].
[[3,9,1,1,2,1,1,1,0],1,1].
[[1,9,2,1,1,1,2,3,1],2,1].
[[3,8,0,1,1,1,2,1,1],1,0].
[[2,8,0,1,2,1,2,1,0],5,0].
[[3,8,0,1,1,1,2,1,0],1,1].
[[1,9,2,1,2,0,2,3,1],0,1].
[[3,9,1,1,2,0,1,2,1],0,1].
[[3,6,1,1,2,1,2,3,1],2,0].
[[3,8,0,0,0,0,2,3,0],2,5].
[[3,8,0,0,0,0,0,0,0],0,2].
[[2,7,2,0,0,0,2,3,0],1,0].
[[3,7,1,1,2,0,2,3,0],1,0].
[[2,8,1,0,0,0,1,2,0],4,0].
[[3,6,1,1,2,0,1,2,0],1,0].
[[1,8,1,1,2,0,2,3,0],1,0].
[[2,8,1,1,1,0,2,3,0],1,0].
[[3,8,1,1,1,0,1,2,0],1,0].
[[3,8,1,1,2,1,2,3,0],2,2].
[[3,8,0,1,2,0,2,1,0],1,2].
[[3,9,2,0,0,0,1,1,0],1,0].
[[2,7,2,0,0,0,1,2,1],1,0].
[[2,8,1,1,1,1,2,3,1],2,0].
[[3,5,0,0,0,0,1,1,0],2,0].
[[3,8,1,1,2,1,1,1,0],2,0].
[[2,7,2,1,2,1,2,2,1],3,0].
[[1,8,1,1,2,1,1,2,1],1,0].
[[3,7,1,1,2,1,2,2,0],2,0].
[[2,8,1,0,0,0,1,1,0],1,1].
[[3,8,0,1,1,0,2,2,0],1,0].
[[1,9,2,1,2,0,1,1,1],1,0].
[[2,8,0,1,2,0,1,1,1],1,0].
[[3,7,1,1,2,0,1,1,1],2,0].
[[1,9,2,1,2,0,2,1,0],0,2].
[[2,8,0,1,2,0,2,1,0],0,1].
[[2,3,2,1,2,1,2,2,1],1,0].
[[3,3,2,1,2,1,1,1,1],1,0].
[[3,8,0,0,0,0,1,2,0],3,0].
[[3,9,1,1,1,0,1,2,0],0,4].
[[3,4,1,1,2,0,1,1,1],1,0].
[[1,8,0,1,2,1,2,1,0],1,0].
[[2,8,1,1,2,1,0,0,0],1,1].
[[2,7,0,0,0,0,2,1,0],1,0].
[[3,7,0,0,0,0,1,2,0],1,0].
[[2,9,1,1,2,0,1,2,0],0,2].
[[3,8,0,1,1,1,1,2,0],0,1].
[[2,7,1,1,2,0,2,3,1],1,0].
[[3,3,1,1,2,1,0,0,0],0,1].
[[3,9,2,1,2,0,2,2,1],0,1].
[[2,8,0,1,2,0,2,1,1],1,1].
[[3,8,0,1,2,0,2,1,1],0,1].
[[3,9,1,1,1,1,1,2,1],2,1].
[[3,8,0,1,2,1,2,2,0],0,4].
[[2,9,2,1,2,0,0,0,0],0,1].
[[3,9,2,1,2,0,2,3,0],0,1].
[[2,6,1,0,0,0,0,0,0],4,0].
[[3,3,1,0,0,0,0,0,0],1,0].
[[3,7,2,1,2,1,2,2,0],1,0].
[[2,7,1,0,0,0,2,2,0],1,0].
[[3,7,1,1,2,0,2,2,0],1,0].
[[3,6,1,1,2,0,2,2,1],1,0].
[[2,8,0,0,0,0,1,1,0],0,1].
[[3,8,0,0,0,0,1,1,0],0,1].
[[2,9,1,1,2,1,1,2,0],0,2].
[[2,3,2,0,0,0,0,0,0],2,0].
[[3,2,1,0,0,0,0,0,0],1,0].
[[2,7,0,1,2,1,0,0,0],1,0].
[[2,9,2,1,2,0,2,3,0],1,0].
[[3,8,1,1,2,0,2,3,0],2,0].
[[3,7,0,1,2,0,2,3,0],1,0].
[[1,6,1,1,2,1,0,0,0],0,1].
[[2,6,1,1,1,1,2,2,1],0,1].
[[3,3,1,1,1,1,2,2,1],0,1].
[[1,8,1,1,2,1,1,1,1],1,0].
[[3,8,1,1,1,1,1,1,1],1,1].
[[2,9,2,1,2,0,1,2,1],1,0].
[[3,8,0,1,1,1,0,0,0],0,1].
[[2,9,1,1,2,1,2,1,0],1,0].
[[3,5,0,1,1,1,1,1,0],2,0].
[[3,9,2,1,1,0,2,3,1],0,1].
[[3,9,1,1,2,0,2,2,0],0,1].
[[3,9,1,1,2,1,2,2,0],0,1].
[[3,7,1,0,0,0,2,2,0],0,1].
[[3,9,1,1,2,0,2,3,0],0,1].
[[1,7,2,1,2,1,0,0,0],1,0].
[[1,7,2,1,2,0,2,3,1],1,0].
[[2,7,2,1,2,0,2,3,1],1,0].
[[2,8,1,1,2,1,2,2,0],1,0].
[[2,8,1,1,2,1,2,1,0],2,0].
[[1,8,1,0,0,0,2,1,0],2,0].
[[1,8,1,1,2,1,2,2,0],2,0].
[[2,8,1,1,1,1,0,0,0],2,2].
[[3,6,0,1,1,1,0,0,0],0,1].
[[3,7,1,1,1,1,2,2,1],1,0].
[[2,9,2,1,1,0,2,3,0],0,1].
[[2,8,0,1,2,0,2,2,1],1,0].
[[2,7,1,1,2,1,2,2,0],2,0].
[[1,7,2,0,0,0,2,1,1],1,0].
[[3,7,2,0,0,0,1,1,1],1,0].
[[3,3,1,0,0,0,2,3,1],1,0].
[[1,8,1,1,2,0,1,2,1],1,0].
[[2,8,0,1,1,1,0,0,0],0,1].
[[3,6,0,0,0,0,2,2,1],0,1].
[[2,7,1,1,2,0,2,1,0],1,0].
[[1,9,2,1,2,0,1,2,1],1,0].
[[2,5,0,1,2,0,1,1,1],1,0].
[[3,7,0,1,2,1,2,2,0],1,0].
[[3,6,1,1,1,1,2,3,1],1,0].
[[3,6,0,1,2,1,2,3,0],0,1].
[[3,8,0,1,2,0,1,2,0],1,0].
[[3,8,0,1,2,0,2,3,1],0,1].
[[2,7,0,0,0,0,2,3,1],0,1].
[[3,7,0,0,0,0,1,2,1],0,1].
[[3,9,2,1,2,0,2,2,0],0,1].
[[3,7,1,1,1,1,2,1,0],1,0].
[[3,9,1,1,2,0,1,1,1],0,1].
[[2,9,1,1,1,1,2,1,1],0,1].
[[2,3,1,1,2,1,2,2,1],0,1].
[[3,3,1,1,2,1,2,2,1],0,1].
[[3,3,2,1,2,0,2,3,1],1,0].
[[2,8,0,1,1,1,1,2,1],1,0].
[[2,9,2,1,2,1,1,1,0],1,0].
[[3,9,2,1,1,1,1,1,0],2,0].
[[3,7,0,1,2,0,2,3,1],0,1].
[[3,7,1,1,1,1,1,2,1],2,0].
[[2,6,0,0,0,0,0,0,0],0,1].
[[3,6,0,0,0,0,2,1,1],0,1].
[[2,6,1,0,0,0,2,1,1],1,0].
[[3,3,1,0,0,0,2,1,1],1,0].
[[3,8,1,0,0,0,2,1,1],1,0].
[[2,6,1,1,2,1,2,3,0],1,0].
[[3,3,1,1,2,1,2,3,0],1,0].
[[2,9,1,1,1,1,1,2,0],1,0].
[[1,8,1,1,2,1,1,2,0],1,0].
[[2,9,1,1,2,0,1,1,0],0,1].
[[3,9,1,1,1,0,1,1,0],0,1].
[[1,6,1,0,0,0,0,0,0],2,0].
[[3,6,1,0,0,0,0,0,0],1,0].
[[3,7,2,1,1,1,2,2,0],1,0].
[[3,4,1,1,2,0,2,1,1],1,0].
[[1,9,2,1,2,1,1,1,0],1,0].
[[2,9,2,1,1,1,1,1,0],1,0].
[[3,8,1,1,1,1,1,1,0],1,0].
[[3,7,1,1,2,0,1,2,0],1,0].
[[2,9,2,1,1,0,2,1,0],0,1].
[[3,8,1,1,1,0,2,1,0],0,1].
[[1,9,2,1,2,0,2,2,1],0,1].
[[2,8,0,1,2,0,2,2,0],0,1].
[[1,9,2,1,1,1,2,1,1],1,0].
[[2,9,1,1,1,1,1,2,1],1,0].
[[3,4,1,1,2,0,1,2,1],1,0].
[[2,7,1,1,1,1,0,0,0],1,0].
[[3,7,2,1,1,1,0,0,0],1,0].
[[2,8,0,0,0,0,1,1,1],0,1].
[[3,8,0,1,2,0,1,1,1],0,1].
[[2,8,1,1,2,0,2,3,0],1,0].
[[3,9,1,1,2,1,2,2,1],0,1].
[[3,7,1,0,0,0,1,1,1],1,0].
[[3,7,1,1,1,1,2,2,0],1,0].
[[3,6,1,1,2,1,2,1,1],1,0].
[[2,9,1,0,0,0,2,2,1],0,1].
[[2,6,0,0,0,0,2,2,1],1,0].
[[3,7,0,1,2,0,2,1,1],1,0].
[[2,8,1,1,2,0,2,1,1],0,1].
[[3,5,0,1,1,1,1,2,0],1,0].
[[3,8,1,0,0,0,2,1,0],1,0].
[[2,9,1,0,0,0,2,1,1],1,0].
[[3,9,1,0,0,0,1,1,1],1,0].
[[1,8,1,1,1,1,2,3,1],1,0].
[[2,7,2,1,1,1,2,3,1],1,0].
