total_WL(5427,6390).
[[1,8,1,0,0,0,2,3,1],294,139].
[[2,6,1,0,0,0,2,3,1],31,1].
[[3,3,1,1,2,2,2,3,1],17,3].
[[1,9,2,0,0,0,2,3,1],140,354].
[[2,9,1,0,0,0,1,2,1],31,82].
[[3,9,1,1,2,0,1,2,1],11,101].
[[1,8,1,1,2,2,0,0,0],211,145].
[[2,8,1,1,1,2,2,3,1],99,42].
[[3,8,1,1,1,2,2,2,1],33,33].
[[1,8,1,0,0,0,2,3,0],49,18].
[[2,8,1,0,0,0,2,3,0],23,13].
[[3,8,1,0,0,0,2,3,0],3,12].
[[1,8,1,0,0,0,2,1,1],86,55].
[[2,8,1,1,2,2,2,1,1],69,51].
[[3,7,1,1,2,2,2,1,1],48,36].
[[1,9,2,1,2,2,2,2,1],133,281].
[[2,9,2,1,2,2,2,2,1],10,56].
[[3,8,0,1,2,2,2,2,1],16,80].
[[1,9,2,1,2,2,2,3,1],204,407].
[[2,9,2,1,2,2,1,2,1],26,104].
[[3,8,1,1,2,2,1,2,1],217,171].
[[1,8,0,0,0,0,2,2,1],23,56].
[[2,8,0,0,0,0,1,1,1],5,7].
[[3,5,0,0,0,0,1,1,1],11,2].
[[1,9,2,0,0,0,2,2,0],70,139].
[[2,8,0,0,0,0,2,2,0],19,36].
[[3,7,0,0,0,0,2,2,0],3,3].
[[1,8,1,1,2,0,2,2,1],27,12].
[[2,8,1,1,1,0,1,2,1],5,7].
[[3,7,1,1,1,0,1,2,1],4,7].
[[1,9,2,1,2,2,1,2,0],41,45].
[[2,8,0,1,2,2,1,2,0],12,22].
[[3,8,0,1,2,2,1,1,0],8,25].
[[2,8,1,0,0,0,1,2,1],99,62].
[[1,7,1,0,0,0,0,0,0],79,31].
[[2,7,1,0,0,0,0,0,0],57,29].
[[3,3,2,0,0,0,0,0,0],4,0].
[[1,8,1,0,0,0,0,0,0],321,216].
[[2,7,2,0,0,0,0,0,0],38,1].
[[3,7,2,1,2,2,2,1,1],15,3].
[[1,9,2,1,2,2,2,1,0],40,73].
[[2,9,1,1,2,2,1,1,0],9,43].
[[2,8,1,1,2,2,2,3,1],241,164].
[[3,7,1,1,2,2,2,3,1],160,62].
[[1,9,2,1,2,2,2,3,0],109,207].
[[2,9,2,1,2,2,2,2,0],11,55].
[[3,9,1,1,2,2,1,2,0],22,102].
[[3,7,1,0,0,0,2,3,0],11,3].
[[1,7,2,1,2,2,2,2,1],5,0].
[[2,7,2,1,1,2,2,2,1],6,0].
[[3,7,1,1,1,2,2,2,1],43,28].
[[1,9,2,1,1,2,2,2,1],74,73].
[[2,8,1,1,1,2,2,2,1],63,34].
[[1,8,0,0,0,0,0,0,0],80,204].
[[2,8,0,1,2,2,2,2,1],35,125].
[[3,8,0,1,1,2,2,2,1],14,50].
[[1,9,2,1,2,2,1,2,1],72,119].
[[2,5,0,1,2,2,1,1,0],12,2].
[[3,5,0,1,2,2,1,1,0],33,5].
[[1,8,1,1,2,0,2,3,1],30,32].
[[2,8,1,1,2,2,1,2,1],154,86].
[[2,8,0,1,2,0,2,2,1],4,20].
[[3,7,1,1,2,0,2,2,1],25,28].
[[1,9,2,1,2,2,0,0,0],77,250].
[[3,9,1,1,1,2,2,2,0],6,57].
[[2,8,0,1,2,2,2,3,1],62,178].
[[2,7,1,1,2,2,0,0,0],88,54].
[[3,7,1,1,2,2,2,2,0],20,13].
[[2,8,0,1,1,2,2,3,1],56,43].
[[3,8,0,1,1,2,1,2,1],29,131].
[[1,8,1,1,2,2,1,1,1],14,12].
[[2,7,2,1,2,2,1,1,1],6,3].
[[3,7,2,1,1,2,1,1,1],6,2].
[[1,9,2,1,2,2,2,1,1],88,157].
[[2,9,1,1,2,2,1,1,1],23,54].
[[3,8,0,1,2,2,1,1,1],12,75].
[[1,9,2,1,2,2,2,2,0],94,168].
[[3,9,1,1,2,2,1,1,0],9,59].
[[1,8,1,1,1,2,2,1,1],20,8].
[[2,6,1,1,1,2,2,1,1],3,0].
[[3,6,1,1,1,2,2,2,0],3,0].
[[2,9,1,1,2,0,2,2,0],9,33].
[[3,8,1,1,1,0,2,2,0],0,7].
[[3,7,1,1,1,2,2,3,1],85,39].
[[1,9,2,0,0,0,2,1,0],32,73].
[[2,9,1,1,2,0,2,1,0],2,15].
[[3,8,0,1,2,2,2,1,0],6,56].
[[3,8,0,1,2,2,1,2,1],49,234].
[[2,9,1,1,2,2,2,2,0],18,87].
[[2,8,1,1,2,0,1,1,1],8,17].
[[3,8,1,1,2,0,1,1,1],24,33].
[[1,7,2,1,2,2,1,2,1],1,1].
[[2,7,2,1,1,2,1,1,0],0,1].
[[3,7,2,1,1,2,1,1,0],0,3].
[[2,9,1,1,1,2,2,3,1],37,51].
[[3,8,0,1,1,2,2,3,1],29,82].
[[2,8,1,1,2,0,2,3,1],46,77].
[[3,7,2,1,1,0,2,3,1],11,6].
[[1,8,0,1,2,2,2,3,1],34,72].
[[2,8,0,1,2,2,1,2,1],15,68].
[[3,6,0,1,1,2,1,2,1],2,3].
[[2,9,1,1,2,2,1,2,1],80,201].
[[3,5,0,1,2,2,1,1,1],49,8].
[[1,8,0,1,2,2,1,1,0],2,2].
[[2,8,0,1,1,2,1,1,0],5,6].
[[3,8,0,1,1,2,1,1,0],12,15].
[[1,9,2,0,0,0,0,0,0],64,243].
[[2,8,0,0,0,0,0,0,0],7,54].
[[3,8,0,0,0,0,0,0,0],0,13].
[[3,8,1,1,2,2,2,3,1],123,122].
[[1,8,0,1,2,2,0,0,0],112,258].
[[3,7,1,1,2,2,2,2,1],86,72].
[[2,9,1,1,2,2,2,3,1],29,124].
[[3,9,1,1,1,0,2,3,1],1,9].
[[1,9,2,0,0,0,2,3,0],101,185].
[[2,9,1,0,0,0,1,2,0],14,29].
[[3,9,1,0,0,0,1,2,0],5,17].
[[1,8,0,1,1,2,2,3,1],12,9].
[[2,8,0,1,1,2,1,2,1],18,21].
[[1,9,2,0,0,0,2,1,1],46,141].
[[2,8,0,0,0,0,2,1,1],4,34].
[[1,8,1,1,2,2,2,3,1],219,91].
[[2,7,1,1,1,2,2,3,1],26,5].
[[3,7,1,1,1,2,2,1,1],32,16].
[[1,9,2,1,1,2,1,1,1],21,10].
[[2,4,2,1,2,0,1,1,1],29,1].
[[3,4,2,1,2,0,1,1,1],93,3].
[[2,9,2,1,1,2,1,2,0],14,9].
[[3,9,1,1,1,2,1,2,0],19,56].
[[1,9,2,1,2,2,1,1,1],34,32].
[[2,9,2,1,2,2,1,1,1],16,23].
[[1,8,1,0,0,0,2,1,0],14,5].
[[2,7,2,1,2,0,1,1,1],6,2].
[[3,7,2,1,2,0,1,1,1],13,9].
[[1,7,2,0,0,0,0,0,0],72,18].
[[2,7,2,1,2,0,2,3,1],29,7].
[[3,7,2,1,2,2,2,3,1],67,11].
[[2,8,0,1,2,2,2,1,0],13,39].
[[3,7,1,1,2,2,1,1,1],29,20].
[[1,9,2,1,1,2,1,2,1],43,26].
[[2,8,1,1,1,2,1,2,1],60,29].
[[3,8,1,1,1,2,1,2,1],126,80].
[[1,9,2,1,1,2,2,3,0],72,55].
[[2,9,1,1,1,2,2,1,0],10,22].
[[3,9,1,1,1,2,2,1,0],7,38].
[[1,6,1,1,2,2,0,0,0],31,0].
[[2,3,2,1,2,2,0,0,0],10,0].
[[3,3,2,1,2,2,0,0,0],8,0].
[[3,6,1,1,1,2,1,1,1],3,0].
[[2,9,1,0,0,0,2,3,1],11,56].
[[3,8,1,0,0,0,2,3,1],40,26].
[[1,8,1,1,2,2,2,1,1],76,44].
[[2,8,1,1,1,2,2,1,1],34,11].
[[2,8,0,1,2,2,2,2,0],28,82].
[[3,8,0,1,2,2,2,2,0],11,105].
[[2,4,2,1,2,0,2,3,0],42,1].
[[3,4,2,1,2,0,2,3,0],59,2].
[[2,9,1,1,1,2,1,1,1],20,26].
[[3,8,0,1,1,2,1,1,1],5,38].
[[2,9,2,1,2,2,1,2,0],8,29].
[[3,7,1,1,2,0,2,3,1],52,26].
[[1,8,1,1,2,2,1,2,1],47,25].
[[3,4,2,1,2,0,1,2,1],213,6].
[[2,9,2,1,1,2,1,2,1],18,37].
[[1,9,2,0,0,0,2,2,1],98,258].
[[2,9,2,0,0,0,2,2,1],8,35].
[[3,9,1,0,0,0,2,2,1],1,11].
[[1,8,1,1,2,2,2,2,1],130,64].
[[2,7,2,1,2,2,2,2,1],33,7].
[[3,7,2,1,2,2,1,2,1],77,2].
[[1,8,0,0,0,0,2,3,1],23,64].
[[2,7,0,1,2,2,2,3,1],2,3].
[[3,7,0,1,2,2,2,3,1],11,24].
[[1,9,2,1,2,0,2,1,0],1,10].
[[2,9,1,1,2,2,2,1,0],14,66].
[[3,9,1,1,1,0,2,1,0],0,9].
[[1,8,1,1,2,0,0,0,0],30,31].
[[2,8,1,1,2,0,2,2,1],46,38].
[[3,8,1,1,1,0,1,2,1],17,44].
[[2,8,0,0,0,0,1,2,1],9,33].
[[3,8,0,1,2,0,1,2,1],9,45].
[[1,9,2,0,0,0,1,1,1],28,39].
[[3,9,1,1,2,2,1,2,1],43,262].
[[2,9,2,1,1,2,1,1,1],7,13].
[[3,8,1,1,1,2,1,1,1],33,42].
[[2,9,1,1,2,2,2,1,1],8,25].
[[3,9,1,1,2,2,1,1,1],11,85].
[[2,8,0,1,1,2,2,2,1],37,47].
[[2,8,0,1,1,2,2,1,1],18,33].
[[3,4,2,1,2,0,2,1,1],31,1].
[[2,9,1,1,1,2,0,0,0],6,8].
[[3,8,0,1,2,2,2,3,1],36,128].
[[2,9,2,1,2,2,2,1,0],5,27].
[[3,9,1,1,1,2,1,1,1],14,71].
[[2,9,2,1,2,2,0,0,0],4,26].
[[3,9,1,1,2,2,2,1,0],1,47].
[[1,9,2,1,1,2,2,2,0],46,46].
[[2,8,1,1,1,2,1,1,1],20,10].
[[2,9,1,0,0,0,2,3,0],18,43].
[[3,5,0,0,0,0,1,2,0],11,1].
[[2,7,2,1,2,0,2,2,1],16,6].
[[3,7,2,1,1,0,2,2,1],6,3].
[[2,8,1,0,0,0,2,3,1],193,97].
[[3,8,1,1,2,0,2,3,1],48,44].
[[1,6,1,0,0,0,0,0,0],86,6].
[[2,6,1,0,0,0,2,1,1],12,1].
[[3,6,1,1,2,0,2,1,1],4,1].
[[3,4,2,1,2,0,2,3,1],119,2].
[[2,8,0,1,2,0,2,3,1],4,34].
[[3,8,0,1,1,0,2,2,1],2,10].
[[1,8,0,0,0,0,2,1,0],3,15].
[[2,8,0,0,0,0,1,1,0],0,6].
[[3,8,0,0,0,0,1,1,0],1,9].
[[3,8,0,0,0,0,2,3,0],4,18].
[[3,5,0,1,1,2,1,1,1],34,2].
[[3,8,0,1,2,0,2,3,0],4,31].
[[1,9,2,1,1,2,2,3,1],106,96].
[[2,9,1,1,1,2,1,2,1],56,85].
[[3,9,1,1,1,2,1,2,1],38,188].
[[3,8,1,1,2,2,1,1,1],65,73].
[[3,9,1,1,2,2,2,3,1],8,51].
[[2,9,2,0,0,0,2,2,0],7,26].
[[3,9,1,1,2,2,2,2,0],6,82].
[[2,8,0,1,2,2,1,1,1],9,18].
[[3,7,0,1,2,2,1,1,1],1,3].
[[2,8,1,1,2,0,2,3,0],8,12].
[[3,8,1,1,2,2,2,3,0],11,25].
[[2,8,0,0,0,0,2,3,1],24,85].
[[3,7,0,0,0,0,2,3,1],2,6].
[[3,7,2,1,1,2,2,3,1],21,3].
[[2,9,2,1,1,2,2,3,1],31,28].
[[1,8,1,0,0,0,2,2,1],175,110].
[[3,8,1,1,2,0,1,2,1],84,77].
[[1,9,2,1,2,0,2,3,0],7,26].
[[2,9,1,1,2,0,2,3,0],9,19].
[[3,9,1,1,2,0,2,3,0],1,18].
[[3,7,1,0,0,0,2,2,1],34,14].
[[2,9,1,1,2,2,0,0,0],1,25].
[[3,9,1,0,0,0,2,3,0],0,15].
[[2,8,0,1,2,2,2,3,0],25,96].
[[3,8,0,1,2,2,2,1,1],10,42].
[[2,7,1,0,0,0,2,2,1],34,20].
[[3,7,1,1,2,0,1,2,1],38,14].
[[2,8,1,0,0,0,2,2,1],117,77].
[[3,7,2,1,2,0,2,2,1],32,1].
[[2,8,1,1,1,2,0,0,0],6,9].
[[3,8,1,1,1,2,2,1,1],12,17].
[[3,8,0,0,0,0,2,1,0],1,13].
[[2,4,2,1,2,0,2,2,0],33,1].
[[3,4,2,1,2,0,2,2,0],60,4].
[[1,9,2,1,1,2,2,1,1],34,42].
[[2,4,2,1,2,0,2,3,1],64,3].
[[3,8,0,1,2,0,1,2,0],4,14].
[[2,5,0,1,1,2,1,2,0],6,0].
[[3,5,0,1,1,2,1,2,0],30,1].
[[1,9,2,1,2,0,2,2,0],3,27].
[[2,9,2,1,2,0,2,2,0],3,14].
[[3,8,1,1,2,0,2,2,0],7,7].
[[2,8,0,1,2,2,0,0,0],18,110].
[[3,8,0,1,1,2,2,2,0],10,55].
[[3,7,2,0,0,0,2,3,1],23,1].
[[3,8,0,1,2,2,2,3,0],21,114].
[[2,8,1,1,2,2,2,2,1],165,84].
[[2,9,1,1,2,2,1,2,0],41,61].
[[3,8,0,1,1,2,1,2,0],21,35].
[[1,7,1,0,0,0,2,3,1],6,6].
[[2,3,1,1,2,2,2,3,1],2,0].
[[3,3,1,1,2,2,2,3,0],6,0].
[[3,3,1,0,0,0,2,3,1],5,1].
[[2,9,2,1,2,2,2,3,1],32,108].
[[2,9,2,0,0,0,2,3,0],5,26].
[[3,9,1,1,2,0,2,2,0],6,19].
[[2,9,2,0,0,0,1,1,0],4,1].
[[3,8,1,0,0,0,1,1,0],6,5].
[[2,8,0,1,1,2,2,3,0],37,30].
[[3,7,1,0,0,0,1,2,1],27,5].
[[2,9,1,1,2,2,2,3,0],29,94].
[[2,9,1,1,2,0,2,2,1],1,15].
[[1,9,2,1,1,2,0,0,0],63,65].
[[2,9,1,0,0,0,2,2,0],14,42].
[[3,8,0,0,0,0,2,2,0],4,30].
[[2,9,1,1,1,2,2,2,0],21,33].
[[2,7,1,0,0,0,2,3,1],44,17].
[[2,9,2,1,1,2,2,2,0],11,32].
[[1,6,1,0,0,0,2,2,1],9,0].
[[2,6,1,0,0,0,1,2,1],6,0].
[[3,6,1,0,0,0,1,2,1],10,1].
[[3,9,1,1,1,2,2,3,1],6,33].
[[1,8,1,1,2,2,2,3,0],36,11].
[[2,6,1,1,2,2,2,3,0],8,0].
[[3,6,1,1,2,2,2,3,0],7,0].
[[1,9,2,1,2,0,2,2,1],6,41].
[[2,7,1,1,2,2,2,3,1],69,28].
[[3,7,1,1,2,2,1,2,1],77,29].
[[2,8,0,1,1,2,2,2,0],25,17].
[[2,9,2,1,1,2,2,2,1],12,31].
[[2,7,2,1,2,2,1,2,1],14,4].
[[3,7,2,1,2,2,1,1,1],15,7].
[[1,8,0,0,0,0,2,3,0],18,19].
[[2,8,0,1,2,0,2,3,0],7,23].
[[3,4,2,1,2,0,2,2,1],60,3].
[[2,8,1,0,0,0,2,1,1],61,36].
[[1,8,1,1,1,2,0,0,0],48,14].
[[2,8,1,1,1,2,2,3,0],8,12].
[[3,8,1,1,1,2,2,1,0],3,5].
[[2,9,2,0,0,0,2,3,1],11,45].
[[3,9,1,1,2,0,2,1,1],0,3].
[[1,9,2,0,0,0,1,2,1],46,122].
[[2,9,1,1,2,2,2,2,1],15,60].
[[2,8,1,1,1,2,2,2,0],5,5].
[[3,8,1,1,1,2,2,2,0],6,11].
[[2,6,1,0,0,0,2,3,0],6,1].
[[3,6,1,1,2,0,1,2,0],1,0].
[[3,7,1,1,1,2,0,0,0],5,14].
[[2,6,1,0,0,0,0,0,0],46,1].
[[3,3,1,0,0,0,0,0,0],11,1].
[[1,8,0,0,0,0,2,2,0],14,22].
[[2,8,0,0,0,0,1,2,0],10,8].
[[3,7,1,0,0,0,1,1,1],11,8].
[[3,9,1,1,2,0,1,1,1],11,21].
[[3,7,1,1,2,2,0,0,0],31,18].
[[2,6,1,1,2,2,0,0,0],27,4].
[[3,2,1,1,2,2,0,0,0],1,0].
[[3,5,0,1,2,2,1,2,0],43,0].
[[1,9,2,1,1,2,1,2,0],26,10].
[[1,8,0,1,1,2,1,2,0],0,3].
[[2,8,0,1,1,2,1,2,0],7,7].
[[3,7,0,1,1,2,1,2,0],2,4].
[[1,6,1,1,2,2,2,3,1],7,1].
[[2,6,1,1,2,2,1,2,1],10,0].
[[3,6,1,1,2,2,1,2,1],32,0].
[[2,7,2,1,2,2,2,3,1],41,7].
[[3,3,2,1,2,2,2,3,1],10,0].
[[2,9,2,1,2,0,1,2,1],4,30].
[[3,9,1,1,1,0,1,2,1],1,31].
[[2,9,2,1,1,2,2,1,1],7,18].
[[3,8,0,1,1,2,2,1,1],1,34].
[[3,8,0,0,0,0,2,2,1],4,20].
[[2,9,2,0,0,0,2,1,0],1,16].
[[3,8,1,0,0,0,2,1,1],12,5].
[[3,7,2,1,2,2,1,1,0],0,1].
[[2,9,1,1,1,2,1,2,0],20,28].
[[3,4,2,1,2,0,1,2,0],78,1].
[[3,7,2,1,2,0,2,3,1],36,6].
[[2,8,1,1,2,0,1,2,1],39,32].
[[3,6,0,1,2,2,2,3,1],3,23].
[[3,8,0,1,1,0,2,2,0],0,7].
[[3,9,1,1,2,0,1,2,0],11,34].
[[3,8,0,1,1,2,2,3,0],10,73].
[[3,8,1,0,0,0,1,2,1],78,47].
[[2,7,1,0,0,0,2,1,1],22,4].
[[3,3,1,0,0,0,2,1,1],5,0].
[[1,8,1,0,0,0,2,2,0],28,13].
[[2,8,1,0,0,0,1,1,0],3,8].
[[3,8,1,0,0,0,1,2,0],14,8].
[[1,8,1,0,0,0,1,2,0],9,5].
[[2,8,1,0,0,0,1,2,0],12,7].
[[2,8,1,1,2,2,0,0,0],21,36].
[[1,7,2,1,2,2,0,0,0],38,4].
[[3,8,1,1,1,2,2,3,1],67,51].
[[2,9,1,1,2,0,0,0,0],0,9].
[[3,8,0,1,2,0,0,0,0],0,8].
[[3,7,1,1,1,2,1,2,1],48,22].
[[2,9,2,0,0,0,1,2,1],12,37].
[[2,8,0,1,2,2,2,1,1],28,76].
[[1,7,2,1,2,0,2,3,1],2,2].
[[3,7,2,1,1,0,1,2,1],6,5].
[[3,8,0,1,2,0,2,1,1],1,10].
[[1,8,1,1,1,2,2,3,1],44,6].
[[2,7,2,1,1,2,2,3,1],9,1].
[[2,8,1,1,2,2,2,3,0],34,21].
[[3,8,1,1,2,2,1,2,0],27,17].
[[2,4,2,1,2,0,1,1,0],13,0].
[[3,4,2,1,2,0,1,1,0],37,0].
[[2,7,1,1,2,2,2,1,1],34,10].
[[1,8,0,1,1,2,0,0,0],51,36].
[[2,8,0,1,1,2,0,0,0],23,52].
[[2,4,2,1,2,0,1,2,1],58,7].
[[2,8,0,1,2,0,1,2,1],3,9].
[[3,7,0,1,1,2,2,2,1],4,14].
[[2,8,0,1,1,2,2,1,0],6,17].
[[3,8,0,1,1,2,2,1,0],4,42].
[[3,8,1,1,2,2,2,2,1],68,56].
[[3,8,1,1,2,0,2,2,1],32,27].
[[2,8,1,0,0,0,2,1,0],10,5].
[[3,8,1,0,0,0,1,1,1],26,21].
[[3,9,1,0,0,0,2,3,1],0,7].
[[3,7,1,1,1,2,1,1,1],13,8].
[[2,8,1,1,2,0,2,1,1],21,22].
[[3,7,2,1,2,0,2,1,1],13,2].
[[1,9,2,1,2,0,2,3,1],12,54].
[[1,8,0,1,2,2,2,1,1],15,35].
[[2,8,0,1,1,2,1,1,1],8,6].
[[2,8,1,0,0,0,0,0,0],14,33].
[[3,7,1,0,0,0,0,0,0],7,6].
[[2,8,0,0,0,0,2,3,0],22,47].
[[3,8,1,0,0,0,2,2,1],22,20].
[[2,9,1,1,2,0,2,3,1],12,29].
[[2,3,1,1,2,2,0,0,0],14,2].
[[3,3,1,1,2,2,2,2,1],15,0].
[[1,7,2,0,0,0,2,2,1],15,2].
[[2,3,2,0,0,0,2,2,1],3,0].
[[3,3,2,1,2,2,2,2,1],6,0].
[[2,4,2,1,2,0,1,2,0],30,1].
[[3,6,1,1,1,2,2,3,1],16,0].
[[1,8,0,1,1,2,2,2,1],19,10].
[[2,7,0,1,1,2,2,2,1],4,2].
[[3,7,0,1,1,2,1,2,1],2,10].
[[3,3,1,1,2,2,2,1,1],6,0].
[[2,8,1,0,0,0,2,2,0],25,11].
[[3,6,1,0,0,0,2,2,0],7,0].
[[1,4,2,1,2,0,2,2,1],11,1].
[[2,8,0,0,0,0,2,1,0],8,15].
[[2,9,1,1,1,2,2,2,1],18,36].
[[1,9,2,0,0,0,1,2,0],26,40].
[[1,8,0,0,0,0,2,1,1],8,18].
[[2,6,0,0,0,0,2,1,1],1,0].
[[3,6,0,0,0,0,2,1,1],1,0].
[[2,7,1,1,1,2,2,2,1],13,4].
[[2,8,1,1,2,2,1,1,1],50,51].
[[3,7,0,1,1,2,2,1,1],1,8].
[[2,9,1,1,2,0,1,2,1],14,40].
[[1,6,1,0,0,0,2,3,1],12,1].
[[3,3,1,1,2,2,1,2,1],7,1].
[[1,4,2,1,2,0,2,2,0],7,0].
[[1,6,0,1,2,2,0,0,0],5,13].
[[2,6,0,1,1,2,0,0,0],2,5].
[[3,6,0,1,1,2,2,2,1],1,6].
[[3,6,1,1,2,2,2,3,1],49,1].
[[2,9,2,1,1,2,2,3,0],15,28].
[[3,7,0,1,1,2,1,1,1],1,3].
[[2,9,1,1,1,2,2,3,0],22,32].
[[2,7,0,1,2,2,0,0,0],6,18].
[[3,7,0,1,1,2,2,1,0],0,5].
[[1,7,1,1,2,2,2,2,1],4,4].
[[2,7,1,1,2,2,2,2,1],39,17].
[[3,7,2,1,2,2,2,3,0],1,0].
[[3,6,0,1,2,2,2,1,1],2,7].
[[2,7,2,1,2,2,0,0,0],39,5].
[[2,9,1,0,0,0,1,1,1],13,18].
[[3,9,1,0,0,0,1,1,1],1,16].
[[2,6,1,1,2,2,2,2,1],12,1].
[[3,6,1,1,2,2,2,2,1],19,1].
[[2,9,2,1,2,2,2,3,0],18,55].
[[3,9,1,1,2,2,2,3,0],6,57].
[[2,4,2,1,2,0,2,2,1],50,1].
[[1,8,1,1,2,0,2,3,0],6,6].
[[2,8,1,1,2,2,2,2,0],26,18].
[[1,7,1,1,2,2,2,3,1],9,4].
[[3,8,1,1,2,2,2,2,0],16,21].
[[2,8,1,1,2,2,2,1,0],15,14].
[[3,8,1,1,2,2,1,1,0],15,15].
[[2,8,1,1,2,2,1,2,0],18,6].
[[3,7,1,1,2,2,1,2,0],10,5].
[[1,7,2,0,0,0,2,3,1],28,3].
[[2,7,2,0,0,0,2,3,1],36,3].
[[2,4,2,1,2,0,2,1,1],21,0].
[[2,5,0,1,2,2,1,1,1],12,1].
[[2,6,0,0,0,0,2,2,1],0,2].
[[3,6,0,0,0,0,1,1,1],0,1].
[[2,9,2,1,2,0,1,1,1],5,15].
[[3,5,0,1,2,0,1,2,0],11,2].
[[3,8,0,0,0,0,1,2,1],13,43].
[[2,9,1,0,0,0,0,0,0],1,11].
[[2,7,0,0,0,0,2,3,0],1,1].
[[1,9,2,1,1,2,1,1,0],4,7].
[[2,9,1,1,1,2,1,1,0],9,14].
[[3,9,1,1,1,2,1,1,0],3,31].
[[3,8,1,1,2,0,2,1,1],11,11].
[[2,8,0,1,2,0,2,1,1],3,10].
[[3,7,0,1,2,0,2,1,1],2,2].
[[2,7,2,1,2,0,0,0,0],15,2].
[[3,8,0,0,0,0,1,2,0],14,11].
[[1,9,2,1,2,0,1,2,1],5,29].
[[3,6,1,1,2,0,2,3,1],15,1].
[[1,7,1,1,2,2,0,0,0],62,20].
[[3,3,1,1,2,2,0,0,0],23,5].
[[1,4,2,1,2,0,2,3,1],21,0].
[[1,8,0,1,2,2,2,2,1],35,50].
[[2,9,2,1,2,0,2,1,0],1,4].
[[3,8,1,1,1,0,2,2,1],5,17].
[[3,7,1,0,0,0,2,3,1],42,16].
[[2,5,0,1,2,2,1,2,0],17,0].
[[2,9,1,0,0,0,2,2,1],10,44].
[[2,7,1,1,1,2,0,0,0],19,7].
[[3,8,1,1,1,2,2,3,0],3,24].
[[1,9,2,0,0,0,1,1,0],8,25].
[[2,7,0,0,0,0,2,3,1],1,3].
[[3,7,0,1,2,0,2,3,1],0,7].
[[1,8,1,0,0,0,1,1,1],13,28].
[[3,7,2,1,1,0,1,1,1],4,5].
[[2,8,0,0,0,0,2,2,1],16,57].
[[3,6,1,1,1,2,1,2,1],7,0].
[[2,7,1,1,2,0,2,3,1],10,8].
[[3,3,2,1,2,0,2,3,1],13,0].
[[2,9,2,1,2,2,2,1,1],13,34].
[[3,8,1,1,2,2,2,1,1],31,24].
[[1,7,1,1,2,2,1,2,1],1,1].
[[2,7,1,1,2,2,1,1,0],1,2].
[[3,7,0,1,2,2,1,1,0],0,1].
[[3,8,0,1,2,0,2,1,0],1,9].
[[2,9,2,1,2,0,2,2,1],1,15].
[[1,8,0,1,2,2,2,3,0],25,31].
[[2,7,2,0,0,0,2,2,1],28,4].
[[3,7,2,0,0,0,1,1,1],7,1].
[[3,7,0,1,2,2,2,1,1],1,7].
[[2,6,0,1,2,2,2,2,1],4,3].
[[3,6,0,1,2,2,2,2,1],5,8].
[[1,8,1,1,2,2,1,2,0],5,2].
[[2,8,1,1,1,2,1,2,0],12,4].
[[2,9,1,0,0,0,2,1,1],1,14].
[[3,9,1,0,0,0,1,2,1],6,49].
[[3,7,1,1,1,0,0,0,0],0,2].
[[2,3,2,0,0,0,0,0,0],10,0].
[[1,7,2,0,0,0,1,2,1],3,5].
[[2,7,2,0,0,0,1,1,1],2,3].
[[3,8,1,1,1,2,1,2,0],14,12].
[[3,8,0,0,0,0,2,3,1],8,29].
[[3,7,0,1,2,0,2,1,0],0,2].
[[2,7,1,1,1,2,2,1,1],6,4].
[[2,9,1,0,0,0,1,1,0],5,19].
[[3,7,1,1,2,0,2,1,1],19,4].
[[1,6,1,0,0,0,2,1,1],5,0].
[[3,7,2,1,2,2,2,2,1],37,5].
[[2,4,2,1,2,0,2,1,0],22,4].
[[3,4,2,1,2,0,2,1,0],31,3].
[[2,9,2,0,0,0,1,1,1],12,15].
[[2,7,2,1,1,2,0,0,0],8,0].
[[1,9,2,1,1,2,2,1,0],22,14].
[[2,8,1,1,2,0,0,0,0],5,19].
[[3,7,1,1,2,0,0,0,0],5,3].
[[3,7,0,0,0,0,2,1,1],0,4].
[[1,8,1,1,2,0,1,1,1],0,4].
[[2,8,1,1,1,0,1,1,1],0,2].
[[3,8,1,1,1,0,1,1,1],4,11].
[[2,9,2,1,1,0,1,2,1],0,4].
[[1,9,2,1,2,0,0,0,0],8,27].
[[2,9,2,1,2,0,2,3,0],3,4].
[[3,6,0,1,1,2,0,0,0],1,4].
[[1,9,2,1,2,0,2,1,1],10,22].
[[3,8,0,1,2,0,1,1,1],4,22].
[[2,7,1,1,2,2,1,2,1],14,7].
[[1,4,2,1,2,0,2,3,0],15,1].
[[1,8,1,1,2,2,2,2,0],24,9].
[[3,9,1,1,2,2,2,2,1],2,32].
[[3,7,1,1,1,2,2,2,0],7,2].
[[3,5,0,1,2,0,1,1,1],11,4].
[[3,9,1,1,1,2,2,3,0],3,41].
[[3,6,1,0,0,0,2,1,1],6,2].
[[1,9,2,1,2,0,1,2,0],4,10].
[[2,8,0,1,2,0,1,2,0],1,8].
[[3,7,0,1,2,0,1,2,0],1,1].
[[2,7,1,1,2,2,1,1,1],5,5].
[[2,5,0,1,2,0,1,2,0],4,1].
[[3,6,1,0,0,0,2,3,1],19,0].
[[3,9,1,1,1,2,2,2,1],6,25].
[[2,9,2,0,0,0,0,0,0],0,17].
[[2,9,2,1,2,0,2,3,1],2,13].
[[3,8,0,1,2,0,2,2,0],4,37].
[[3,3,0,0,0,0,2,2,1],0,1].
[[1,9,2,1,2,2,1,1,0],13,26].
[[2,8,0,1,2,2,1,1,0],5,8].
[[2,8,1,0,0,0,1,1,1],30,36].
[[3,7,0,1,2,2,2,3,0],3,16].
[[2,9,2,1,2,0,2,1,1],0,7].
[[1,8,0,1,1,2,2,1,0],4,1].
[[3,8,0,1,1,2,0,0,0],0,23].
[[3,7,2,1,1,2,1,2,1],21,2].
[[3,8,1,0,0,0,2,1,0],1,6].
[[3,7,1,1,2,0,2,1,0],0,2].
[[2,8,0,1,2,0,2,2,0],2,9].
[[3,5,0,1,2,0,1,1,0],9,0].
[[2,8,1,1,2,0,2,2,0],8,4].
[[3,7,1,1,2,0,2,2,0],2,4].
[[3,7,1,1,1,2,1,2,0],9,1].
[[3,9,1,1,2,0,2,1,0],3,19].
[[2,6,1,0,0,0,1,2,0],2,0].
[[3,6,1,1,2,2,1,1,1],8,3].
[[3,8,0,0,0,0,1,1,1],2,15].
[[1,4,2,1,2,0,0,0,0],21,2].
[[2,4,2,1,2,0,0,0,0],15,3].
[[3,4,2,1,2,0,0,0,0],14,4].
[[1,8,1,0,0,0,1,2,1],58,30].
[[3,8,1,1,2,0,2,3,0],2,8].
[[3,8,0,1,1,0,2,3,1],1,14].
[[1,8,1,0,0,0,1,1,0],5,3].
[[3,7,1,1,2,2,1,1,0],8,8].
[[2,5,0,1,1,2,1,1,0],11,0].
[[3,5,0,1,1,2,1,1,0],32,5].
[[2,6,1,1,1,2,2,3,1],5,0].
[[3,3,1,1,1,2,2,3,1],4,0].
[[2,9,1,0,0,0,2,1,0],8,28].
[[3,9,1,0,0,0,2,1,0],0,10].
[[3,5,0,1,1,0,1,2,0],4,0].
[[3,8,0,1,2,2,1,2,0],27,73].
[[2,7,1,0,0,0,2,3,0],11,1].
[[1,7,2,1,2,2,2,1,1],5,1].
[[3,6,1,1,2,0,2,2,1],15,3].
[[1,8,1,1,2,2,1,1,0],3,0].
[[2,8,1,1,2,2,1,1,0],10,9].
[[3,7,1,1,1,0,1,1,1],3,8].
[[1,8,1,1,2,0,2,1,1],6,11].
[[3,9,1,1,1,0,1,1,1],1,8].
[[2,6,1,0,0,0,2,2,0],8,0].
[[3,7,0,1,2,2,2,2,1],4,13].
[[1,4,2,1,2,0,1,2,1],5,1].
[[1,8,1,1,2,2,2,1,0],12,7].
[[2,8,1,1,2,0,1,2,0],3,5].
[[2,7,1,0,0,0,1,1,1],4,4].
[[3,7,2,1,2,0,1,2,1],23,2].
[[1,8,0,0,0,0,1,1,1],0,2].
[[2,8,0,1,2,0,1,1,1],0,3].
[[1,7,1,0,0,0,2,2,0],2,0].
[[2,7,1,0,0,0,2,2,0],4,1].
[[3,6,1,1,1,2,2,2,1],7,0].
[[2,7,2,0,0,0,1,2,1],12,3].
[[3,7,0,1,1,2,2,3,1],3,15].
[[3,6,1,1,1,2,2,1,1],7,1].
[[1,7,2,1,2,0,2,2,1],4,1].
[[2,7,2,1,2,0,1,2,0],1,0].
[[3,7,2,1,2,0,1,2,0],1,0].
[[3,8,1,1,2,0,1,2,0],12,4].
[[2,8,0,1,2,0,0,0,0],1,18].
[[3,8,0,1,1,0,0,0,0],0,5].
[[2,9,2,0,0,0,2,1,1],3,13].
[[3,7,1,1,2,2,2,3,0],19,19].
[[1,8,0,1,1,2,2,3,0],6,3].
[[3,7,0,1,2,0,0,0,0],1,6].
[[2,7,2,0,0,0,2,1,1],14,0].
[[1,8,1,1,2,0,2,2,0],2,2].
[[2,7,2,1,2,0,1,2,1],7,2].
[[3,3,2,1,2,0,1,2,1],2,0].
[[3,8,0,0,0,0,2,1,1],0,5].
[[3,6,0,1,1,2,2,1,0],1,4].
[[2,6,0,1,1,2,2,2,1],3,2].
[[3,6,0,1,1,2,2,3,0],3,1].
[[3,7,1,1,1,0,2,3,1],7,14].
[[2,9,2,1,1,2,0,0,0],1,12].
[[1,8,1,1,1,2,2,2,1],28,8].
[[3,8,0,1,2,0,2,3,1],4,32].
[[1,4,2,1,2,0,1,1,1],8,0].
[[3,3,2,1,1,2,2,2,1],3,0].
[[1,8,0,1,1,2,2,1,1],8,2].
[[3,9,1,1,1,0,2,3,0],0,10].
[[2,9,2,1,1,0,2,2,1],0,2].
[[2,6,0,1,2,2,2,3,1],2,11].
[[3,8,1,1,1,0,2,3,1],5,19].
[[2,3,2,1,2,0,0,0,0],3,0].
[[2,7,1,1,2,2,2,1,0],2,1].
[[3,6,0,0,0,0,2,2,1],0,1].
[[3,7,1,0,0,0,2,2,0],3,2].
[[2,7,2,1,1,0,2,2,1],2,1].
[[3,7,1,1,1,0,2,2,1],6,7].
[[3,8,1,1,2,0,0,0,0],0,1].
[[2,8,1,1,2,0,2,1,0],3,4].
[[3,8,1,1,2,0,2,1,0],2,6].
[[3,6,0,1,1,2,2,3,1],2,6].
[[1,8,0,1,2,2,2,2,0],17,27].
[[3,7,2,0,0,0,2,2,1],24,2].
[[2,8,1,1,1,0,2,2,1],4,6].
[[3,9,1,1,2,0,2,3,1],4,13].
[[1,6,0,0,0,0,0,0,0],1,5].
[[2,6,0,0,0,0,0,0,0],3,5].
[[3,6,0,1,2,2,0,0,0],0,9].
[[2,8,1,1,1,0,2,3,1],5,11].
[[3,3,1,1,2,0,2,3,1],6,1].
[[2,9,1,1,1,2,2,1,1],5,12].
[[3,9,1,1,1,2,2,1,1],1,4].
[[2,7,1,1,2,0,0,0,0],11,10].
[[3,7,1,0,0,0,2,1,1],15,8].
[[3,7,1,0,0,0,1,2,0],3,0].
[[3,9,1,1,1,0,2,2,0],0,9].
[[2,7,0,1,1,2,0,0,0],3,8].
[[2,6,1,1,1,2,0,0,0],4,0].
[[3,6,1,1,1,2,0,0,0],1,0].
[[2,9,2,1,2,0,0,0,0],0,4].
[[3,8,0,1,1,0,1,1,1],0,6].
[[2,6,0,1,2,2,0,0,0],6,14].
[[3,7,1,1,2,0,2,3,0],4,5].
[[3,8,0,1,2,2,0,0,0],0,24].
[[3,7,2,1,1,2,0,0,0],2,0].
[[2,9,1,1,2,0,1,2,0],6,15].
[[3,7,0,1,1,2,2,3,0],4,6].
[[3,8,0,1,1,0,1,2,1],1,15].
[[3,3,2,1,2,0,2,2,1],6,0].
[[3,7,2,0,0,0,1,1,0],0,2].
[[3,2,0,1,2,2,0,0,0],1,0].
[[3,7,1,0,0,0,2,1,0],2,0].
[[1,3,2,0,0,0,0,0,0],10,0].
[[2,3,2,1,2,0,2,2,1],1,0].
[[3,9,1,1,2,0,2,2,1],0,6].
[[1,4,2,1,2,0,2,1,1],10,0].
[[2,9,1,1,1,0,1,1,1],0,1].
[[3,8,0,1,2,0,2,2,1],2,30].
[[1,4,2,1,2,0,1,2,0],5,0].
[[2,6,1,1,2,0,1,2,1],1,2].
[[3,6,1,1,1,0,1,2,1],1,3].
[[2,8,0,1,2,0,1,1,0],1,2].
[[3,8,0,1,2,0,1,1,0],0,7].
[[2,9,1,1,2,0,2,1,1],2,7].
[[3,7,2,1,1,0,2,1,1],3,1].
[[3,5,0,0,0,0,1,1,0],7,2].
[[3,9,1,0,0,0,2,2,0],1,11].
[[3,6,1,1,2,2,2,1,1],16,2].
[[2,5,0,1,1,2,1,1,1],7,0].
[[2,7,2,1,2,2,2,1,1],14,4].
[[1,7,1,1,2,2,1,1,1],2,0].
[[2,7,1,1,1,2,1,1,1],1,2].
[[3,8,1,1,1,2,1,1,0],11,8].
[[3,7,1,1,1,2,1,1,0],3,6].
[[3,9,1,1,2,0,1,1,0],2,10].
[[2,6,1,0,0,0,2,2,1],20,0].
[[3,6,1,1,2,0,1,2,1],12,1].
[[3,7,2,0,0,0,2,1,1],6,1].
[[2,6,1,1,2,2,2,3,1],29,1].
[[3,8,0,1,1,0,2,3,0],0,5].
[[2,7,1,1,2,0,2,2,1],11,4].
[[3,3,1,1,1,2,0,0,0],7,0].
[[2,9,2,0,0,0,1,2,0],3,11].
[[3,7,1,0,0,0,1,1,0],1,1].
[[3,7,0,1,1,2,0,0,0],4,15].
[[3,2,1,0,0,0,0,0,0],2,0].
[[3,7,0,1,2,0,2,2,1],1,4].
[[2,7,2,1,2,2,2,3,0],1,0].
[[3,7,1,1,1,2,2,1,0],2,0].
[[3,3,1,1,2,0,2,2,1],6,1].
[[2,7,0,1,1,2,2,2,0],2,0].
[[1,8,0,1,2,2,1,2,1],2,4].
[[1,7,2,1,2,0,0,0,0],9,4].
[[2,7,1,1,2,0,2,3,0],2,3].
[[2,6,0,0,0,0,2,3,0],0,1].
[[3,6,0,0,0,0,2,3,0],0,2].
[[1,8,0,1,2,2,2,1,0],2,21].
[[2,6,1,0,0,0,1,1,1],2,0].
[[3,6,1,1,2,0,1,1,1],6,1].
[[3,9,1,0,0,0,1,1,0],4,10].
[[2,9,1,1,2,0,1,1,1],0,9].
[[3,8,1,0,0,0,2,2,0],2,7].
[[3,6,1,0,0,0,0,0,0],5,0].
[[1,7,2,0,0,0,2,1,1],11,2].
[[3,5,0,1,2,2,1,2,1],6,0].
[[3,6,0,1,1,2,2,1,1],2,3].
[[1,6,1,1,2,2,2,1,1],2,0].
[[2,3,2,1,2,2,2,1,1],1,0].
[[3,3,2,1,2,2,1,2,1],2,0].
[[1,8,0,0,0,0,1,2,0],7,3].
[[3,3,2,1,2,0,2,1,1],2,0].
[[3,3,2,1,2,0,0,0,0],6,0].
[[2,7,2,1,2,0,2,1,1],6,2].
[[3,6,0,0,0,0,1,2,0],0,1].
[[1,8,0,1,1,2,2,2,0],2,5].
[[2,7,0,0,0,0,2,2,1],3,2].
[[3,7,0,0,0,0,1,2,1],0,2].
[[3,8,0,1,1,0,2,1,0],0,1].
[[3,7,1,1,2,0,1,1,1],5,4].
[[1,4,2,1,2,0,2,1,0],4,2].
[[3,7,0,1,2,2,0,0,0],4,12].
[[2,7,1,1,2,2,2,3,0],14,5].
[[1,8,0,1,2,2,1,2,0],1,5].
[[1,9,2,1,2,0,1,1,0],1,3].
[[2,8,1,1,2,0,1,1,0],2,4].
[[2,7,0,1,2,2,2,2,1],1,2].
[[3,7,2,1,2,2,0,0,0],4,1].
[[2,8,1,1,1,0,2,1,1],2,5].
[[3,7,2,1,1,2,2,1,1],7,0].
[[2,9,2,1,2,0,1,2,0],3,5].
[[2,8,0,1,2,0,2,1,0],3,0].
[[2,7,0,1,1,2,2,3,1],1,2].
[[1,6,1,1,2,2,2,3,0],2,0].
[[3,6,1,1,1,2,2,3,0],3,0].
[[2,7,1,1,2,2,2,2,0],7,2].
[[2,6,1,1,2,2,2,2,0],4,0].
[[3,3,2,1,2,2,1,1,1],1,0].
[[3,7,2,0,0,0,1,2,1],14,4].
[[2,6,0,1,2,2,2,2,0],0,1].
[[3,6,0,1,2,2,2,3,0],0,4].
[[2,6,1,1,2,2,2,1,1],13,0].
[[3,3,2,1,2,2,2,1,1],1,0].
[[3,9,1,1,1,0,1,2,0],0,11].
[[2,7,0,1,2,2,1,2,1],0,1].
[[3,7,0,1,2,2,1,2,1],2,6].
[[3,7,1,1,2,2,2,1,0],8,5].
[[3,7,1,1,1,2,2,3,0],10,7].
[[3,8,1,1,2,2,2,1,0],7,14].
[[1,8,1,1,1,2,1,1,1],3,1].
[[2,8,1,1,1,0,2,3,0],1,3].
[[3,8,1,1,1,0,2,3,0],0,6].
[[3,6,1,1,2,2,1,1,0],3,1].
[[3,8,1,1,2,2,0,0,0],0,4].
[[1,8,1,1,1,2,1,2,1],5,2].
[[2,7,2,1,1,2,1,2,1],1,0].
[[2,5,0,0,0,0,1,2,0],5,1].
[[3,8,1,1,2,0,1,1,0],3,4].
[[2,9,2,1,1,0,2,3,1],0,2].
[[3,9,1,1,2,2,2,1,1],1,5].
[[3,8,1,1,1,0,2,1,1],4,8].
[[3,6,1,0,0,0,2,2,1],10,0].
[[2,3,1,0,0,0,2,1,1],1,0].
[[1,8,1,1,1,2,2,1,0],3,0].
[[2,8,1,1,1,2,2,1,0],3,1].
[[3,7,1,1,1,0,2,1,0],1,0].
[[2,7,1,1,2,0,2,1,0],1,1].
[[3,7,1,1,2,0,1,2,0],3,1].
[[1,8,1,1,2,0,1,2,1],4,4].
[[3,6,0,1,1,2,2,2,0],3,3].
[[1,6,1,1,2,2,2,2,1],2,0].
[[3,6,1,0,0,0,2,3,0],2,1].
[[2,6,0,1,2,2,2,1,1],1,2].
[[2,3,1,0,0,0,0,0,0],7,0].
[[1,8,0,0,0,0,1,2,1],1,1].
[[3,6,1,1,1,0,2,2,1],4,1].
[[3,7,2,1,2,0,0,0,0],2,0].
[[3,7,2,1,1,2,2,2,1],10,0].
[[3,6,1,1,2,0,2,3,0],5,0].
[[2,7,1,0,0,0,1,2,0],2,0].
[[3,6,1,1,2,2,0,0,0],7,0].
[[3,9,1,1,1,2,0,0,0],0,2].
[[2,6,0,1,2,2,2,1,0],1,1].
[[2,8,1,1,1,2,1,1,0],2,6].
[[3,7,1,1,1,0,2,3,0],1,0].
[[3,5,0,1,1,0,1,1,0],3,6].
[[3,8,1,1,1,0,1,2,0],2,6].
[[2,3,2,0,0,0,2,3,1],6,0].
[[3,3,2,0,0,0,2,3,1],5,0].
[[1,7,2,1,2,2,2,3,1],8,0].
[[2,6,1,1,2,0,0,0,0],7,1].
[[2,6,0,1,1,2,2,3,0],0,1].
[[3,3,1,1,1,2,2,3,0],0,1].
[[2,7,0,1,1,2,2,3,0],1,2].
[[3,6,0,0,0,0,0,0,0],0,1].
[[3,7,0,1,2,2,2,2,0],4,7].
[[3,6,1,1,2,2,2,2,0],4,0].
[[2,6,1,1,2,0,2,2,1],6,1].
[[1,7,1,0,0,0,2,1,1],2,3].
[[2,7,1,1,2,0,2,1,1],5,4].
[[3,4,0,1,2,0,1,1,1],0,2].
[[2,5,0,1,2,0,1,1,1],3,0].
[[3,7,0,0,0,0,0,0,0],0,3].
[[2,9,2,1,2,2,1,1,0],5,8].
[[3,7,0,1,2,0,2,2,0],0,2].
[[3,5,0,1,1,0,1,1,1],3,2].
[[3,6,1,0,0,0,1,2,0],3,0].
[[2,7,0,0,0,0,2,2,0],1,2].
[[1,7,1,1,2,2,2,1,1],1,1].
[[3,6,0,1,2,2,2,1,0],2,0].
[[1,8,1,1,1,2,2,2,0],8,0].
[[2,7,1,1,1,2,2,2,0],4,0].
[[1,9,2,1,2,0,1,1,1],0,3].
[[2,3,2,0,0,0,2,1,1],2,0].
[[3,3,2,0,0,0,2,2,1],8,0].
[[2,7,0,1,1,2,2,1,1],1,2].
[[3,8,1,1,1,0,0,0,0],0,1].
[[1,8,1,1,2,0,1,2,0],1,0].
[[2,7,1,1,2,0,1,2,0],1,1].
[[2,7,1,0,0,0,1,2,1],10,0].
[[3,7,0,0,0,0,2,3,0],0,3].
[[3,3,1,1,2,0,0,0,0],5,0].
[[2,5,0,1,2,0,1,1,0],2,2].
[[3,3,1,0,0,0,2,2,1],5,0].
[[2,9,1,1,2,0,1,1,0],0,2].
[[3,5,0,0,0,0,1,2,1],2,0].
[[2,5,0,0,0,0,1,1,1],6,3].
[[2,6,1,1,2,0,2,3,1],5,2].
[[1,8,0,1,1,2,1,1,0],1,2].
[[1,4,2,1,2,0,1,1,0],3,0].
[[3,6,0,0,0,0,1,1,0],0,1].
[[2,5,0,0,0,0,1,1,0],2,2].
[[3,7,0,0,0,0,2,2,1],1,6].
[[2,7,1,0,0,0,2,1,0],2,0].
[[3,7,0,1,2,2,2,1,0],0,6].
[[3,3,2,1,1,0,0,0,0],1,0].
[[3,3,1,1,1,2,2,1,1],4,0].
[[1,3,2,0,0,0,2,3,1],1,0].
[[2,9,2,1,1,2,2,1,0],4,7].
[[2,2,1,0,0,0,0,0,0],2,0].
[[2,9,2,1,1,2,1,1,0],3,1].
[[1,6,1,0,0,0,2,2,0],2,0].
[[3,6,1,0,0,0,1,1,1],2,0].
[[2,9,1,1,1,0,2,2,0],0,7].
[[3,6,1,0,0,0,2,1,0],1,0].
[[3,6,0,0,0,0,2,3,1],0,3].
[[2,6,1,1,2,2,1,2,0],1,0].
[[3,6,1,1,2,2,1,2,0],3,0].
[[3,1,1,1,2,0,1,2,0],1,0].
[[2,9,1,1,1,0,0,0,0],0,1].
[[3,6,0,1,2,2,2,2,0],2,5].
[[3,8,1,1,1,0,2,1,0],0,2].
[[3,4,0,1,2,0,2,3,1],0,2].
[[2,6,1,1,2,0,2,3,0],1,0].
[[3,6,1,1,1,0,2,3,1],1,0].
[[3,9,1,1,1,0,1,1,0],0,3].
[[2,6,0,0,0,0,2,1,0],1,0].
[[3,6,0,1,2,2,1,2,0],1,2].
[[2,6,0,1,2,2,2,3,0],1,2].
[[2,9,1,1,1,0,2,3,0],0,4].
[[2,3,2,1,2,0,2,3,1],1,0].
[[2,9,2,1,1,0,2,3,0],0,1].
[[3,6,1,1,2,0,0,0,0],0,2].
[[2,7,2,1,1,2,2,1,1],3,0].
[[3,3,2,1,1,2,2,1,1],1,0].
[[3,9,1,1,2,0,0,0,0],0,1].
[[3,6,1,1,2,2,2,1,0],5,0].
[[2,2,1,1,2,2,0,0,0],1,0].
[[3,2,1,1,2,2,2,1,1],1,0].
[[3,6,0,1,2,0,0,0,0],0,2].
[[3,7,0,1,1,2,2,2,0],1,4].
[[1,7,1,0,0,0,1,2,1],2,0].
[[3,3,1,0,0,0,1,2,1],3,0].
[[2,6,1,1,2,0,2,1,1],1,1].
[[2,9,1,1,1,0,2,3,1],0,3].
[[3,7,0,1,1,2,1,1,0],0,2].
[[2,9,1,1,1,0,1,1,0],0,1].
[[2,9,1,1,1,0,2,1,0],0,1].
[[3,6,1,1,2,0,2,2,0],1,0].
[[2,7,0,0,0,0,0,0,0],1,6].
[[2,7,0,1,2,2,2,2,0],1,1].
[[3,7,1,1,2,0,1,1,0],0,2].
[[1,8,1,1,1,2,2,3,0],4,1].
[[2,7,1,1,1,2,2,3,0],2,0].
[[3,9,1,1,2,2,0,0,0],0,2].
[[2,7,0,1,2,2,2,1,1],0,1].
[[1,7,1,0,0,0,2,2,1],5,2].
[[3,3,1,1,1,2,2,2,1],2,0].
[[2,9,1,1,1,0,2,1,1],0,2].
[[3,6,0,1,2,2,1,2,1],3,6].
[[3,8,1,1,1,2,0,0,0],0,1].
[[2,9,2,1,1,0,2,2,0],0,1].
[[3,4,0,1,2,0,2,2,1],0,1].
[[2,8,1,1,1,0,1,2,0],0,1].
[[3,3,1,1,2,0,1,2,1],1,0].
[[3,5,0,1,1,2,1,2,1],1,1].
[[3,7,0,1,2,0,1,1,0],0,1].
[[2,3,2,1,2,0,2,1,1],1,0].
[[3,3,2,1,1,0,2,2,1],2,0].
[[3,6,1,1,1,0,2,3,0],1,0].
[[1,8,0,1,2,2,1,1,1],0,1].
[[2,9,1,1,1,0,1,2,1],1,6].
[[2,1,1,1,2,0,1,1,1],1,0].
[[3,1,1,1,2,0,1,1,1],2,0].
[[2,7,1,1,2,0,1,2,1],2,1].
[[3,7,1,1,1,0,1,2,0],1,0].
[[2,7,2,1,1,0,2,3,1],1,1].
[[3,7,0,1,2,0,2,3,0],1,3].
[[3,9,1,0,0,0,2,1,1],0,2].
[[2,3,2,1,2,2,2,2,1],1,0].
[[2,9,2,1,1,0,1,2,0],0,2].
[[3,8,0,1,1,0,1,2,0],0,4].
[[2,7,1,1,1,2,1,2,1],2,2].
[[2,6,1,1,1,2,2,2,1],3,0].
[[2,6,0,0,0,0,2,3,1],0,2].
[[3,6,0,1,2,0,2,3,1],0,1].
[[2,7,2,1,1,0,0,0,0],2,0].
[[3,6,0,1,1,2,1,2,0],0,1].
[[3,7,2,1,1,0,1,2,0],0,1].
[[3,6,0,1,2,2,1,1,1],1,0].
[[1,7,1,1,2,2,2,2,0],1,1].
[[3,3,0,1,2,2,0,0,0],0,1].
[[2,8,1,1,1,0,0,0,0],1,0].
[[3,7,2,1,1,0,0,0,0],1,0].
[[3,8,0,1,1,0,2,1,1],0,3].
[[3,6,0,1,2,0,2,3,0],0,1].
[[1,8,1,1,2,0,2,1,0],2,2].
[[2,8,1,1,1,0,2,1,0],0,1].
[[3,8,1,1,1,0,1,1,0],0,2].
[[2,7,0,1,2,2,2,3,0],2,1].
[[3,7,0,0,0,0,1,2,0],1,0].
[[2,7,0,1,2,2,2,1,0],0,1].
[[2,8,1,1,1,0,2,2,0],0,2].
[[2,6,0,1,1,2,2,1,1],1,1].
[[1,6,1,0,0,0,2,3,0],3,0].
[[2,6,0,0,0,0,1,2,0],1,0].
[[3,6,0,1,2,2,1,1,0],1,1].
[[3,6,0,1,2,0,2,2,1],0,1].
[[3,3,1,1,2,0,2,1,0],1,0].
[[3,3,2,0,0,0,2,1,1],2,0].
[[2,9,2,1,1,0,0,0,0],0,2].
[[3,7,1,1,1,0,2,2,0],0,2].
[[3,1,1,1,2,0,1,1,0],1,0].
[[2,7,0,1,1,2,1,1,0],0,1].
[[2,7,1,1,2,0,1,1,1],0,2].
[[2,6,0,1,1,2,2,2,0],0,1].
[[2,3,1,0,0,0,2,3,1],1,1].
[[2,7,1,1,2,2,1,2,0],0,1].
[[3,7,0,1,2,2,1,2,0],1,2].
[[3,6,1,1,2,0,2,1,0],1,0].
[[3,6,0,0,0,0,1,2,1],0,1].
[[3,8,0,1,1,0,1,1,0],0,1].
[[1,7,1,0,0,0,2,3,0],1,1].
[[2,7,0,1,2,2,1,2,0],0,1].
[[3,4,0,1,2,0,1,2,1],0,1].
[[3,3,1,1,2,2,2,2,0],2,0].
[[3,9,1,1,1,0,2,2,1],0,1].
[[2,6,0,0,0,0,2,2,0],1,0].
[[3,6,0,0,0,0,2,2,0],1,0].
[[3,7,0,0,0,0,1,1,1],0,2].
[[3,3,1,1,1,2,2,2,0],1,0].
[[3,7,1,1,1,0,2,1,1],1,1].
[[2,5,0,1,1,0,1,1,1],0,1].
[[2,6,1,1,2,2,2,1,0],1,0].
[[2,9,1,1,1,0,2,2,1],0,2].
[[3,5,0,1,1,0,1,2,1],1,0].
[[3,2,1,1,2,2,2,3,1],2,0].
[[2,6,0,1,2,2,1,2,0],0,1].
[[2,6,1,0,0,0,2,1,0],1,0].
[[1,7,1,0,0,0,1,1,1],0,1].
[[3,3,1,1,2,0,2,3,0],2,0].
[[3,6,0,1,1,2,1,1,1],0,1].
[[1,6,1,1,2,2,1,2,1],1,0].
[[2,6,0,1,2,2,1,2,1],1,0].
[[3,3,2,1,1,0,2,3,1],1,0].
[[2,6,1,1,2,2,1,1,1],0,1].
[[2,7,1,1,2,0,2,2,0],2,0].
[[2,9,2,1,1,0,2,1,1],0,1].
[[2,7,0,0,0,0,2,1,1],1,0].
[[3,6,0,1,2,0,2,2,0],0,1].
[[3,7,2,1,1,0,1,1,0],0,1].
[[3,7,1,1,1,0,1,1,0],1,0].
[[2,9,1,1,1,0,1,2,0],0,1].
[[2,7,2,0,0,0,1,1,0],0,1].
[[3,2,1,0,0,0,2,3,1],1,0].
[[3,2,1,1,2,0,2,3,1],1,0].
[[1,7,2,1,2,2,1,1,1],0,1].
[[3,3,2,1,1,2,2,3,1],1,0].
[[2,9,2,1,1,0,1,1,1],1,0].
[[1,7,2,0,0,0,1,1,1],1,0].
[[3,3,2,0,0,0,1,1,1],1,0].
[[2,3,1,0,0,0,2,2,1],2,0].
[[2,6,1,0,0,0,1,1,0],1,0].
[[3,2,1,0,0,0,1,1,0],1,0].
[[1,7,2,1,2,0,2,1,1],1,0].
[[3,3,1,1,2,0,1,2,0],1,0].
[[1,6,0,1,2,2,2,3,1],0,1].
[[1,7,2,0,0,0,2,3,0],1,0].
[[3,6,1,1,1,2,2,1,0],1,0].
