total_WL(17422,18288).
[[1,9,2,0,0,0,2,1,1],456,845].
[[2,9,1,0,0,0,1,1,1],50,88].
[[3,8,1,0,0,0,1,1,1],131,117].
[[1,8,1,0,0,0,0,0,0],1489,817].
[[2,8,1,1,2,0,0,0,0],22,35].
[[3,8,1,1,1,0,2,3,1],11,33].
[[1,8,0,0,0,0,0,0,0],667,1085].
[[2,8,0,0,0,0,2,3,0],217,287].
[[3,8,0,1,2,1,2,3,0],153,476].
[[1,8,0,0,0,0,1,1,0],6,6].
[[2,8,0,0,0,0,1,1,0],21,29].
[[3,8,0,0,0,0,1,1,0],22,29].
[[2,8,1,1,2,0,2,2,1],130,115].
[[3,8,1,1,2,0,2,2,0],10,22].
[[1,9,2,1,2,0,2,3,0],31,83].
[[2,9,1,1,1,0,2,3,0],1,3].
[[3,8,0,1,1,0,2,3,0],3,17].
[[1,6,1,0,0,0,0,0,0],253,12].
[[2,6,1,0,0,0,2,3,1],67,4].
[[3,6,1,1,2,0,2,3,1],41,5].
[[1,9,2,0,0,0,1,2,0],284,282].
[[2,8,0,0,0,0,1,2,0],98,71].
[[3,8,0,1,2,1,1,2,0],219,236].
[[2,8,0,0,0,0,2,1,1],142,204].
[[3,8,0,0,0,0,1,1,1],43,71].
[[1,9,2,0,0,0,2,1,0],201,293].
[[2,8,0,1,2,1,2,1,0],47,74].
[[1,9,2,1,2,1,2,3,0],367,495].
[[2,8,0,1,2,1,2,3,0],190,291].
[[1,9,2,0,0,0,0,0,0],379,1254].
[[2,8,0,0,0,0,0,0,0],82,315].
[[3,8,0,1,2,0,0,0,0],0,30].
[[2,8,1,1,2,1,2,1,1],322,176].
[[3,8,1,1,2,1,2,1,1],235,130].
[[1,7,2,1,2,1,0,0,0],52,5].
[[2,7,2,1,2,1,0,0,0],97,8].
[[3,7,2,1,1,1,2,3,1],44,8].
[[2,7,1,0,0,0,0,0,0],317,161].
[[3,3,1,0,0,0,0,0,0],53,5].
[[1,8,0,0,0,0,2,1,0],44,49].
[[2,7,1,0,0,0,1,1,1],21,16].
[[3,7,1,1,2,1,1,2,1],268,73].
[[1,8,0,0,0,0,2,2,1],174,204].
[[2,8,0,0,0,0,2,2,1],200,321].
[[3,8,0,1,2,1,1,1,1],90,212].
[[1,9,2,0,0,0,2,2,1],717,1279].
[[2,9,2,1,2,1,2,2,1],110,263].
[[3,8,0,1,2,1,2,2,1],107,306].
[[3,7,0,1,2,1,2,1,1],22,30].
[[1,8,1,0,0,0,2,2,1],898,345].
[[2,8,1,0,0,0,2,1,1],404,213].
[[3,7,1,0,0,0,2,1,1],139,54].
[[2,8,0,0,0,0,2,2,0],140,185].
[[3,7,1,1,2,1,2,2,0],73,30].
[[3,6,0,0,0,0,2,1,1],7,8].
[[1,8,1,0,0,0,2,2,0],144,64].
[[2,8,1,0,0,0,1,1,0],24,20].
[[3,8,1,1,2,0,1,1,0],13,19].
[[2,7,1,1,2,1,0,0,0],206,109].
[[3,7,1,1,2,1,2,1,1],208,84].
[[1,9,2,1,2,1,2,3,1],356,592].
[[2,8,0,1,2,1,2,3,1],157,358].
[[3,8,0,1,2,1,2,3,1],133,398].
[[1,9,2,0,0,0,1,2,1],306,457].
[[2,9,1,1,2,0,1,2,1],24,66].
[[3,9,1,1,1,0,1,2,1],5,52].
[[1,7,1,0,0,0,2,2,1],40,10].
[[2,7,1,1,2,0,1,2,1],8,4].
[[1,8,1,0,0,0,1,1,1],79,98].
[[2,6,1,0,0,0,1,1,1],14,2].
[[3,3,1,0,0,0,1,1,1],5,0].
[[1,9,2,1,1,1,1,2,1],25,20].
[[2,9,1,1,1,1,1,2,1],28,43].
[[3,8,0,1,1,1,1,2,1],64,147].
[[1,9,2,1,2,1,2,1,1],214,344].
[[2,8,1,1,1,1,1,2,1],74,32].
[[3,8,1,1,1,1,1,1,1],92,95].
[[2,9,2,1,2,1,0,0,0],1,120].
[[3,9,1,1,2,1,2,3,0],27,282].
[[1,9,2,0,0,0,1,1,1],144,208].
[[2,9,2,1,2,1,1,2,1],159,346].
[[3,8,0,1,2,1,1,2,1],183,471].
[[1,9,2,1,2,0,0,0,0],18,66].
[[2,8,0,1,2,0,0,0,0],7,53].
[[3,8,0,1,2,0,2,1,0],3,27].
[[1,9,2,0,0,0,2,3,0],784,1157].
[[2,9,2,0,0,0,1,2,0],116,154].
[[3,9,2,1,2,1,1,2,0],17,45].
[[2,9,2,1,2,0,0,0,0],1,31].
[[3,9,1,1,1,0,2,3,0],3,17].
[[1,7,1,0,0,0,0,0,0],373,122].
[[2,7,1,0,0,0,2,1,1],100,34].
[[2,9,2,1,2,1,2,3,1],133,367].
[[3,8,1,1,2,1,2,3,1],367,243].
[[1,8,1,0,0,0,2,3,1],882,414].
[[2,8,1,1,2,0,2,3,1],158,124].
[[3,8,1,1,2,0,2,2,1],110,81].
[[1,8,1,1,2,1,0,0,0],553,281].
[[3,7,1,1,2,1,0,0,0],100,54].
[[2,8,1,1,2,1,2,2,1],492,258].
[[3,7,1,1,2,1,2,2,1],353,149].
[[2,9,2,1,2,1,1,1,1],73,129].
[[1,8,1,0,0,0,2,3,0],247,81].
[[2,7,1,0,0,0,2,3,0],48,9].
[[3,7,1,1,2,1,2,3,0],105,61].
[[1,8,0,0,0,0,2,2,0],103,109].
[[3,7,1,1,2,1,1,1,1],90,83].
[[2,9,1,1,2,0,2,2,0],15,37].
[[3,8,1,1,2,1,1,1,1],284,250].
[[2,8,1,0,0,0,2,3,1],708,328].
[[3,7,1,0,0,0,2,3,1],213,87].
[[1,8,0,1,2,1,2,3,1],71,76].
[[2,8,0,1,1,1,1,2,1],18,10].
[[2,8,0,1,2,0,2,1,0],4,7].
[[3,6,0,1,2,0,2,1,0],1,4].
[[2,8,1,1,2,0,2,3,0],39,38].
[[3,8,1,1,2,0,2,3,0],38,42].
[[1,9,2,1,2,1,1,2,1],123,186].
[[2,8,0,1,2,1,1,2,1],75,94].
[[1,9,2,0,0,0,2,3,1],801,1520].
[[2,9,1,0,0,0,2,3,1],44,125].
[[3,9,1,0,0,0,1,2,1],70,240].
[[1,7,2,0,0,0,2,2,1],62,6].
[[2,7,2,1,2,0,2,2,1],21,10].
[[3,7,2,1,2,0,1,1,1],21,11].
[[1,8,0,1,2,1,1,2,0],10,6].
[[2,8,0,1,2,1,1,2,0],78,66].
[[3,7,1,1,2,1,1,2,0],47,8].
[[2,9,1,1,2,1,1,2,1],113,244].
[[3,8,1,1,2,1,1,2,1],724,356].
[[3,8,0,1,2,1,2,2,0],96,290].
[[3,8,0,1,2,0,2,1,1],22,42].
[[3,8,1,1,2,0,1,2,0],66,36].
[[2,8,1,0,0,0,2,2,1],574,252].
[[1,9,2,1,1,1,2,3,1],59,51].
[[2,8,0,1,1,1,2,3,1],43,42].
[[3,7,1,1,1,1,2,3,1],85,57].
[[1,9,2,1,2,1,0,0,0],181,508].
[[3,8,1,1,2,1,2,2,1],288,190].
[[3,9,1,1,1,1,2,2,0],19,72].
[[1,9,2,1,2,1,1,2,0],114,126].
[[2,9,1,1,1,1,1,2,0],27,37].
[[3,8,0,1,1,1,1,2,0],72,89].
[[2,9,2,0,0,0,1,2,1],188,322].
[[2,9,2,1,1,1,2,2,0],26,54].
[[3,8,0,1,1,1,2,2,0],43,88].
[[2,9,2,1,2,1,2,3,0],166,379].
[[2,8,1,1,2,1,2,3,1],546,267].
[[1,8,0,0,0,0,2,3,0],164,175].
[[2,8,1,0,0,0,2,3,0],160,90].
[[2,9,2,1,2,1,1,2,0],122,126].
[[1,7,2,0,0,0,0,0,0],306,48].
[[2,7,2,0,0,0,2,3,1],140,20].
[[3,7,2,0,0,0,2,3,1],92,12].
[[3,8,1,1,1,1,2,3,0],30,35].
[[3,7,1,1,2,1,2,3,1],427,155].
[[2,7,1,0,0,0,2,2,0],30,4].
[[3,7,1,0,0,0,2,2,0],31,9].
[[2,9,2,1,2,0,2,1,1],10,43].
[[3,9,1,1,1,0,1,1,1],1,14].
[[3,7,1,0,0,0,0,0,0],53,26].
[[3,8,0,1,2,0,1,1,1],21,57].
[[2,9,1,1,2,1,2,1,0],11,20].
[[3,8,0,1,1,1,2,1,0],12,33].
[[2,8,0,0,0,0,2,3,1],214,363].
[[3,7,0,1,2,1,2,3,1],41,63].
[[2,8,0,1,2,1,2,2,1],156,309].
[[1,8,1,1,2,1,2,2,1],270,109].
[[3,8,1,1,1,1,1,2,1],228,148].
[[1,8,1,0,0,0,1,1,0],15,12].
[[2,8,1,1,2,1,1,1,0],18,12].
[[3,8,1,1,2,1,1,1,0],40,32].
[[1,9,2,1,2,1,2,2,1],326,553].
[[2,7,1,0,0,0,2,2,1],195,56].
[[3,8,1,1,2,1,2,2,0],56,68].
[[3,7,1,0,0,0,2,2,1],171,64].
[[3,8,0,0,0,0,2,2,0],38,113].
[[3,9,2,1,1,1,2,3,1],1,12].
[[3,8,1,1,1,0,1,2,1],37,55].
[[2,9,1,1,2,1,1,2,0],118,169].
[[3,9,1,1,2,1,1,2,0],170,377].
[[2,9,2,0,0,0,2,3,0],143,351].
[[3,8,1,0,0,0,2,1,1],84,66].
[[3,3,1,1,2,1,0,0,0],51,10].
[[2,8,0,0,0,0,1,2,1],94,118].
[[3,8,0,0,0,0,1,2,1],89,198].
[[1,8,1,0,0,0,2,1,1],489,226].
[[2,8,1,0,0,0,1,2,1],427,200].
[[3,7,2,1,2,1,1,2,1],147,10].
[[3,7,1,0,0,0,2,3,0],50,22].
[[2,9,2,1,2,0,2,3,1],24,80].
[[3,9,1,1,2,0,1,2,1],45,191].
[[2,9,1,1,2,1,2,3,1],33,133].
[[1,8,1,1,2,0,1,2,1],14,17].
[[2,8,1,1,1,0,1,2,1],4,5].
[[2,9,2,1,1,0,2,3,0],3,8].
[[2,8,1,1,2,1,0,0,0],97,69].
[[3,8,1,1,1,1,2,3,1],112,64].
[[1,8,1,1,1,1,1,1,1],2,1].
[[2,8,1,1,1,1,1,1,1],29,20].
[[3,4,1,1,2,0,1,1,1],71,24].
[[1,8,1,1,2,1,2,1,1],164,58].
[[1,8,0,0,0,0,2,3,1],155,257].
[[2,8,0,1,2,0,2,3,1],29,65].
[[3,8,0,1,1,0,2,3,1],3,17].
[[2,8,1,1,2,0,1,2,1],94,79].
[[3,7,1,1,2,0,1,2,1],100,28].
[[1,9,2,1,2,0,2,3,1],33,76].
[[2,9,2,1,2,0,1,2,1],35,101].
[[3,9,2,1,2,1,1,2,1],31,121].
[[2,9,1,0,0,0,2,3,0],82,178].
[[3,8,1,0,0,0,2,3,0],28,41].
[[1,9,2,1,2,0,2,2,0],21,34].
[[2,9,1,1,1,0,1,2,0],0,8].
[[3,9,1,1,1,0,1,2,0],4,34].
[[3,9,1,0,0,0,1,2,0],62,131].
[[3,8,1,0,0,0,1,2,1],303,146].
[[1,8,0,1,2,1,2,3,0],67,68].
[[2,8,0,1,2,1,0,0,0],80,305].
[[3,8,0,1,1,1,0,0,0],0,25].
[[3,9,1,1,2,0,1,2,0],31,162].
[[2,9,2,1,2,0,2,3,0],21,95].
[[3,8,0,1,2,0,2,3,0],29,113].
[[3,8,1,0,0,0,2,3,1],171,86].
[[1,6,1,1,2,1,0,0,0],53,4].
[[2,6,1,1,1,1,0,0,0],11,1].
[[3,3,1,1,1,1,0,0,0],10,2].
[[2,9,1,1,2,1,2,2,0],48,147].
[[1,8,1,1,1,1,2,2,1],30,12].
[[2,7,1,1,1,1,2,2,1],10,7].
[[3,7,0,1,1,1,2,2,1],12,12].
[[2,7,2,0,0,0,0,0,0],168,21].
[[1,9,2,0,0,0,2,2,0],513,686].
[[2,9,1,0,0,0,1,1,0],25,77].
[[2,8,1,1,2,1,1,1,1],130,139].
[[2,9,2,1,1,1,1,2,1],57,69].
[[2,6,1,1,2,1,0,0,0],100,3].
[[3,6,1,1,2,1,0,0,0],16,1].
[[2,7,2,0,0,0,2,1,1],79,6].
[[3,7,2,1,2,1,2,1,1],93,7].
[[2,9,2,0,0,0,2,2,1],87,282].
[[3,9,1,1,2,1,2,2,1],18,79].
[[3,8,0,1,2,0,2,3,1],24,106].
[[2,9,1,0,0,0,1,2,1],102,217].
[[2,7,1,1,2,0,2,3,0],4,2].
[[3,7,1,1,1,0,2,2,1],8,14].
[[2,9,1,1,2,1,2,3,0],71,197].
[[3,9,1,1,1,1,2,3,0],11,101].
[[3,8,1,0,0,0,2,2,1],139,69].
[[3,8,1,1,2,0,2,3,1],134,80].
[[3,9,2,1,1,1,1,2,1],11,47].
[[2,6,1,0,0,0,0,0,0],146,5].
[[2,9,2,0,0,0,1,1,1],73,154].
[[1,8,1,0,0,0,1,2,1],233,121].
[[1,9,2,1,1,1,2,2,0],28,17].
[[2,9,1,1,1,1,2,2,0],17,25].
[[3,4,1,1,2,0,2,2,0],35,5].
[[3,8,1,1,2,0,1,2,1],252,177].
[[2,8,1,0,0,0,1,1,1],163,163].
[[3,9,1,1,1,1,1,2,1],44,274].
[[2,7,2,1,2,0,0,0,0],47,10].
[[3,7,2,1,2,1,2,2,1],115,11].
[[1,7,1,1,2,1,0,0,0],70,19].
[[1,9,2,1,2,1,2,1,0],94,102].
[[2,8,1,1,2,1,2,1,0],33,12].
[[3,8,1,1,2,1,2,1,0],17,23].
[[2,6,1,0,0,0,2,3,0],18,0].
[[3,6,1,1,2,1,2,3,0],34,0].
[[3,9,2,1,2,1,1,1,1],19,110].
[[2,8,0,1,1,1,2,3,0],34,42].
[[3,8,0,1,1,1,2,3,0],42,165].
[[3,7,2,1,2,0,2,1,1],53,7].
[[2,9,2,1,1,1,2,1,1],25,47].
[[3,4,1,1,2,0,2,1,1],51,10].
[[2,8,1,1,2,1,1,2,1],347,157].
[[3,7,0,1,2,1,2,2,1],38,73].
[[3,7,2,0,0,0,1,1,1],31,9].
[[3,8,1,0,0,0,1,2,0],79,34].
[[2,9,1,0,0,0,2,2,1],43,127].
[[3,9,1,0,0,0,2,2,1],5,38].
[[3,6,0,1,2,1,2,3,1],15,36].
[[3,8,0,0,0,0,2,3,0],65,205].
[[3,8,0,1,2,1,2,1,1],109,205].
[[1,8,1,1,2,1,2,3,1],312,122].
[[3,7,2,1,2,1,2,3,1],152,12].
[[3,5,0,1,2,0,1,2,0],51,4].
[[3,9,1,1,2,1,1,2,1],174,630].
[[3,7,2,1,2,0,0,0,0],15,1].
[[2,9,2,1,2,1,2,2,0],105,209].
[[3,9,2,1,2,1,2,2,0],5,43].
[[1,9,2,1,2,1,2,2,0],216,291].
[[3,9,1,1,1,1,2,3,1],12,37].
[[2,9,1,1,2,1,2,1,1],54,125].
[[3,9,1,1,2,1,2,1,1],34,89].
[[1,8,1,1,1,1,2,3,1],27,9].
[[2,8,1,1,1,1,2,3,1],130,58].
[[3,4,1,1,2,0,2,3,1],76,18].
[[2,9,2,0,0,0,2,3,1],142,360].
[[3,8,0,0,0,0,2,3,1],59,150].
[[3,8,0,1,1,1,2,3,1],38,145].
[[1,8,1,1,2,0,0,0,0],71,64].
[[1,9,2,1,1,1,2,1,0],14,12].
[[3,6,1,1,1,1,1,2,1],22,2].
[[3,7,0,0,0,0,2,3,1],18,21].
[[2,9,2,0,0,0,2,2,0],107,227].
[[3,4,1,1,2,0,2,3,0],52,9].
[[1,8,1,0,0,0,2,1,0],60,19].
[[3,8,0,1,2,0,1,2,1],52,166].
[[1,8,0,1,2,1,2,2,1],43,44].
[[2,8,0,1,1,1,2,2,1],28,45].
[[3,8,0,1,1,1,2,1,1],35,73].
[[3,8,0,0,0,0,1,2,0],75,124].
[[2,8,1,0,0,0,0,0,0],110,96].
[[2,9,2,1,1,1,0,0,0],10,18].
[[3,9,1,0,0,0,1,1,0],17,47].
[[3,7,0,0,0,0,0,0,0],8,22].
[[2,9,2,1,2,1,2,1,1],58,159].
[[2,8,0,1,2,0,1,2,1],8,17].
[[3,5,0,1,1,0,1,1,1],5,9].
[[1,8,1,1,2,1,1,1,1],31,24].
[[2,6,1,1,1,1,1,1,1],2,1].
[[3,6,1,1,1,1,1,1,1],6,2].
[[2,8,1,1,2,1,2,2,0],103,54].
[[3,9,1,1,2,0,2,3,0],7,77].
[[2,7,2,1,2,1,2,3,1],77,5].
[[3,9,1,0,0,0,1,1,1],23,81].
[[3,7,1,0,0,0,1,2,0],37,3].
[[3,7,1,1,2,0,2,3,1],113,71].
[[2,9,2,1,1,1,1,2,0],43,21].
[[3,9,1,1,2,0,1,1,1],17,71].
[[1,9,2,1,2,1,1,1,0],35,31].
[[3,7,1,1,1,1,1,2,1],53,32].
[[3,6,0,1,2,1,1,2,1],6,10].
[[2,8,1,1,2,0,2,2,0],16,21].
[[3,8,1,1,1,0,2,3,0],1,16].
[[3,7,2,0,0,0,1,2,1],82,2].
[[1,8,0,1,2,1,0,0,0],245,357].
[[2,7,1,1,2,1,2,3,1],136,33].
[[1,7,2,1,2,1,2,2,1],15,1].
[[2,7,2,1,1,1,1,1,1],1,0].
[[3,7,2,1,1,1,1,1,1],21,3].
[[2,9,1,1,2,1,2,2,1],39,121].
[[3,9,1,1,2,1,2,2,0],24,197].
[[2,6,0,1,2,1,0,0,0],15,29].
[[3,6,0,1,2,1,2,1,0],8,8].
[[1,8,1,1,2,0,2,1,1],24,17].
[[2,6,1,1,2,0,2,1,1],9,0].
[[3,2,1,1,2,0,2,1,1],2,0].
[[1,9,2,1,1,1,2,1,1],36,38].
[[2,4,1,1,2,0,2,3,1],27,4].
[[2,9,1,0,0,0,1,2,0],111,198].
[[3,6,0,1,2,1,2,1,1],10,14].
[[2,9,2,1,2,0,2,2,0],29,57].
[[3,9,2,1,2,0,2,3,0],0,16].
[[2,6,1,0,0,0,2,1,1],44,0].
[[3,3,1,0,0,0,2,1,1],15,1].
[[1,8,1,1,1,1,2,3,0],11,3].
[[2,4,1,1,2,0,1,2,0],14,1].
[[3,4,1,1,2,0,1,2,0],78,16].
[[3,9,1,1,1,1,1,1,1],23,100].
[[3,7,2,1,2,0,1,2,1],72,5].
[[3,7,1,1,2,0,2,1,1],60,35].
[[3,6,1,1,2,1,2,2,1],87,8].
[[3,9,1,1,1,1,1,2,0],70,139].
[[1,9,2,1,1,1,1,2,0],19,4].
[[2,8,1,1,2,1,2,3,0],153,98].
[[3,8,0,1,1,0,1,2,1],6,18].
[[2,7,2,1,1,1,0,0,0],9,1].
[[3,7,1,1,1,1,0,0,0],21,20].
[[2,8,0,1,2,1,2,2,0],122,182].
[[3,8,1,1,2,0,2,1,1],89,45].
[[1,6,1,0,0,0,2,2,1],40,3].
[[2,6,1,0,0,0,2,2,1],80,5].
[[3,6,1,1,2,0,2,2,1],35,1].
[[3,7,1,0,0,0,1,1,1],48,40].
[[2,9,2,0,0,0,2,1,1],51,179].
[[3,7,2,0,0,0,0,0,0],9,2].
[[3,5,0,1,2,1,1,1,1],175,14].
[[1,8,1,1,1,1,0,0,0],38,14].
[[2,8,1,1,2,0,2,1,1],77,58].
[[3,8,1,1,2,0,1,1,1],96,93].
[[3,3,1,0,0,0,2,2,1],21,3].
[[2,7,2,0,0,0,2,2,1],120,11].
[[2,7,1,1,2,1,1,2,1],23,15].
[[1,7,2,0,0,0,2,3,1],79,6].
[[3,7,2,0,0,0,2,1,1],53,6].
[[3,8,0,1,2,1,0,0,0],0,103].
[[2,6,1,1,2,1,2,3,1],51,4].
[[3,6,1,1,2,1,2,3,1],92,7].
[[2,8,1,1,2,0,1,1,1],37,45].
[[1,6,1,0,0,0,2,1,1],23,0].
[[3,6,1,1,2,0,2,1,1],26,2].
[[2,8,0,1,1,1,2,1,1],18,18].
[[2,9,2,1,2,1,2,1,0],37,108].
[[3,7,1,1,2,0,2,2,1],112,61].
[[2,7,1,0,0,0,1,2,1],57,10].
[[3,7,0,0,0,0,2,2,1],17,31].
[[1,8,0,0,0,0,2,1,1],89,130].
[[3,6,0,0,0,0,2,2,0],4,6].
[[3,9,1,0,0,0,2,3,0],14,105].
[[2,9,1,1,2,0,1,1,1],6,31].
[[3,8,0,1,1,0,1,1,1],2,9].
[[3,7,1,1,1,0,2,3,1],11,17].
[[3,8,1,1,2,1,2,3,0],77,102].
[[3,9,1,1,2,1,2,3,1],12,87].
[[1,8,1,1,2,0,2,2,1],38,27].
[[1,9,2,1,1,1,2,2,1],44,58].
[[3,6,1,1,2,0,1,2,1],16,5].
[[1,9,2,1,2,0,2,2,1],26,64].
[[2,8,0,1,2,0,2,2,1],20,45].
[[1,9,2,1,1,1,2,3,0],62,45].
[[3,5,0,1,1,1,1,2,0],55,4].
[[1,7,1,0,0,0,2,3,1],35,7].
[[2,7,1,0,0,0,2,3,1],173,58].
[[3,7,1,0,0,0,1,2,1],151,35].
[[2,8,1,1,2,0,2,1,0],13,11].
[[2,7,1,0,0,0,2,1,0],14,3].
[[3,3,1,0,0,0,2,1,0],2,1].
[[2,9,2,0,0,0,0,0,0],3,113].
[[3,9,1,1,2,1,2,1,0],3,39].
[[3,6,1,1,2,1,2,1,1],74,2].
[[2,7,2,0,0,0,1,2,1],50,4].
[[3,2,1,0,0,0,2,2,1],4,0].
[[2,7,0,0,0,0,0,0,0],32,44].
[[3,7,0,1,2,0,0,0,0],2,9].
[[3,4,1,1,2,0,1,2,1],151,25].
[[1,9,2,1,2,1,1,1,1],67,75].
[[2,8,0,1,2,1,1,1,1],39,44].
[[3,7,0,1,2,1,1,1,1],5,7].
[[2,6,0,0,0,0,0,0,0],27,47].
[[2,9,1,0,0,0,2,2,0],62,145].
[[3,5,0,1,2,0,1,1,0],20,5].
[[1,7,2,1,2,1,2,1,1],12,1].
[[2,7,2,1,2,1,1,1,1],20,4].
[[3,9,2,1,2,1,1,1,0],6,5].
[[3,8,1,1,1,0,1,2,0],7,13].
[[2,8,0,1,2,1,2,1,1],126,186].
[[2,8,1,0,0,0,2,2,0],102,57].
[[3,8,1,0,0,0,2,2,0],30,33].
[[1,7,1,0,0,0,2,3,0],13,4].
[[2,7,1,1,2,1,1,1,1],17,14].
[[1,9,2,0,0,0,1,1,0],64,117].
[[3,8,0,1,2,1,1,1,0],47,89].
[[3,6,0,0,0,0,1,2,0],5,6].
[[1,9,2,1,2,0,1,1,1],3,7].
[[3,5,0,1,2,1,1,2,0],174,4].
[[2,3,1,0,0,0,0,0,0],44,1].
[[3,3,1,1,2,0,2,3,1],10,1].
[[3,7,1,1,2,0,1,1,1],37,29].
[[1,8,1,1,2,1,1,2,0],10,3].
[[2,8,1,1,2,1,1,2,0],69,32].
[[3,8,1,1,1,1,1,2,0],67,35].
[[2,9,1,1,2,0,1,1,0],3,23].
[[3,9,1,1,1,0,1,1,0],0,6].
[[2,9,2,1,2,0,2,2,1],20,65].
[[3,9,1,0,0,0,2,2,0],19,103].
[[3,5,0,0,0,0,1,1,1],65,5].
[[1,6,1,1,2,1,2,2,1],9,0].
[[2,6,1,1,2,1,2,2,1],54,4].
[[3,8,0,0,0,0,2,2,1],44,103].
[[3,8,1,1,1,1,2,2,1],107,67].
[[2,7,0,1,2,1,2,3,0],9,9].
[[3,7,0,1,2,1,2,2,0],29,42].
[[3,6,0,1,2,1,2,2,0],9,13].
[[1,8,1,1,2,1,2,3,0],89,36].
[[2,8,1,1,1,1,2,3,0],41,14].
[[3,7,0,1,2,0,2,3,1],7,7].
[[3,9,1,1,2,0,2,1,1],6,27].
[[3,9,1,1,2,1,1,1,1],38,251].
[[3,7,2,0,0,0,2,2,1],68,9].
[[1,8,1,1,2,1,2,2,0],48,20].
[[3,7,1,1,1,1,2,2,0],23,10].
[[2,4,1,1,2,0,1,1,1],13,3].
[[3,9,2,0,0,0,1,1,1],6,40].
[[3,7,2,1,1,0,2,3,1],11,9].
[[2,7,0,1,2,1,0,0,0],25,35].
[[3,7,0,1,1,1,2,3,0],10,15].
[[3,5,0,1,2,1,1,1,0],64,9].
[[3,9,2,1,2,0,1,2,0],10,17].
[[3,9,1,1,1,1,1,1,0],17,54].
[[3,7,0,1,2,1,0,0,0],21,61].
[[1,9,2,1,2,0,1,2,1],6,27].
[[2,9,1,1,2,0,2,2,1],8,35].
[[3,6,1,0,0,0,2,3,1],59,2].
[[2,9,1,0,0,0,2,1,0],10,28].
[[2,9,1,1,2,1,1,1,1],56,113].
[[1,8,0,1,2,1,2,2,0],31,33].
[[2,9,2,1,1,1,1,1,1],27,29].
[[3,5,0,1,1,1,1,1,1],50,7].
[[2,9,2,1,2,0,1,1,0],5,10].
[[3,9,1,1,2,0,2,3,1],13,20].
[[3,7,2,1,2,1,1,1,1],42,24].
[[3,8,1,1,1,0,1,1,1],18,36].
[[3,9,1,1,2,1,1,1,0],40,101].
[[3,8,1,1,2,1,1,2,0],171,84].
[[3,6,1,0,0,0,2,3,0],12,0].
[[2,7,2,1,2,1,2,2,1],71,5].
[[3,7,1,1,1,0,0,0,0],5,4].
[[2,8,0,1,1,1,2,2,0],18,20].
[[3,6,1,0,0,0,2,2,1],71,0].
[[3,7,1,1,2,0,1,2,0],13,10].
[[1,8,0,0,0,0,1,2,0],23,17].
[[2,9,1,1,1,1,2,3,0],28,36].
[[3,7,0,1,2,1,1,2,0],18,11].
[[3,7,1,1,1,0,1,1,1],1,8].
[[1,8,0,1,2,1,1,2,1],1,3].
[[2,6,0,1,2,1,1,2,1],0,1].
[[3,6,0,1,2,1,1,1,1],6,5].
[[2,8,0,1,2,0,2,1,1],21,31].
[[2,9,2,1,2,0,1,1,1],16,41].
[[1,7,1,1,2,1,1,2,1],1,3].
[[2,9,2,1,1,1,2,3,1],51,79].
[[3,7,2,1,1,0,2,2,1],7,5].
[[3,6,1,1,1,0,2,3,0],0,1].
[[2,8,0,0,0,0,1,1,1],31,66].
[[2,5,0,0,0,0,1,1,0],21,7].
[[3,5,0,0,0,0,1,1,0],22,8].
[[3,7,1,1,2,0,0,0,0],33,33].
[[1,8,1,1,2,0,2,3,1],31,30].
[[3,7,0,1,2,1,2,1,0],11,13].
[[3,8,1,1,1,1,1,1,0],21,17].
[[2,8,1,1,1,1,2,2,1],98,47].
[[3,7,2,1,1,1,2,2,1],33,2].
[[3,8,0,1,1,1,1,1,1],21,64].
[[1,8,0,1,2,1,2,1,1],32,37].
[[3,6,1,1,1,1,2,3,0],11,1].
[[2,7,1,1,2,0,2,2,1],32,15].
[[3,3,1,1,2,0,2,2,1],14,0].
[[2,9,1,0,0,0,2,1,1],30,99].
[[2,5,0,1,2,1,1,1,1],39,2].
[[2,7,1,1,2,1,2,2,1],134,50].
[[3,7,1,1,1,1,1,1,1],20,22].
[[2,9,2,1,1,1,2,2,1],37,60].
[[3,9,1,0,0,0,2,1,1],9,40].
[[3,5,0,0,0,0,1,2,0],68,0].
[[2,9,1,1,1,1,1,1,0],8,10].
[[3,8,1,1,1,0,2,2,0],1,9].
[[2,7,0,0,0,0,2,3,1],5,4].
[[2,9,1,1,2,1,1,1,0],27,64].
[[1,9,2,1,2,0,1,2,0],8,16].
[[2,8,1,1,1,0,1,1,1],2,9].
[[3,7,2,1,1,0,1,1,1],2,8].
[[3,9,2,1,2,1,2,3,0],10,64].
[[3,3,1,0,0,0,2,3,0],5,0].
[[1,9,2,1,1,1,1,1,0],6,3].
[[3,6,0,0,0,0,2,2,1],12,18].
[[3,7,1,1,1,1,2,3,0],34,17].
[[3,6,1,0,0,0,2,1,1],24,1].
[[1,8,1,1,2,1,1,2,1],73,36].
[[3,8,0,1,2,0,1,2,0],39,60].
[[2,5,0,1,2,0,1,2,0],9,2].
[[3,9,1,1,2,0,2,2,0],10,53].
[[3,7,0,0,0,0,2,3,0],18,22].
[[2,8,0,1,2,0,2,3,0],20,51].
[[2,8,1,1,1,1,2,1,1],79,27].
[[3,8,1,1,1,1,2,1,1],73,53].
[[2,8,0,0,0,0,2,1,0],57,68].
[[3,8,0,0,0,0,2,1,0],14,51].
[[2,7,1,1,2,0,0,0,0],36,32].
[[3,3,1,1,2,0,0,0,0],19,2].
[[2,9,2,0,0,0,1,1,0],21,31].
[[2,9,1,1,2,0,1,2,0],26,51].
[[2,8,1,1,1,1,1,2,0],16,11].
[[3,6,1,0,0,0,1,2,1],36,0].
[[3,9,1,0,0,0,2,3,1],9,41].
[[3,7,1,1,1,1,2,2,1],85,40].
[[3,3,1,1,2,1,2,2,1],52,5].
[[3,6,0,1,2,1,0,0,0],7,27].
[[2,7,1,1,2,1,2,2,0],21,8].
[[2,9,2,0,0,0,2,1,0],45,90].
[[2,8,0,1,1,1,0,0,0],19,33].
[[3,6,0,1,1,1,0,0,0],1,5].
[[3,6,0,1,2,1,1,2,0],15,3].
[[2,7,1,1,2,1,2,1,1],68,17].
[[3,6,1,1,2,1,1,1,1],25,6].
[[3,8,0,1,2,0,2,2,0],29,74].
[[3,4,1,1,2,0,1,1,0],21,1].
[[1,9,2,1,2,0,2,1,1],16,38].
[[3,9,2,1,1,1,2,1,0],0,12].
[[3,9,2,1,2,1,2,1,0],0,16].
[[2,7,2,1,1,1,2,1,1],11,2].
[[3,7,2,1,1,1,1,2,1],35,5].
[[1,6,1,1,2,1,2,3,1],5,1].
[[2,6,1,1,1,1,2,3,0],1,0].
[[3,9,1,1,2,0,2,1,0],0,14].
[[3,7,1,1,1,1,2,1,1],74,23].
[[2,7,1,1,2,0,1,1,1],1,2].
[[3,9,2,1,1,1,1,1,1],9,27].
[[2,9,1,1,2,0,2,1,1],9,41].
[[2,9,1,0,0,0,0,0,0],0,18].
[[1,8,1,0,0,0,1,2,0],36,27].
[[2,8,1,0,0,0,1,2,0],85,35].
[[2,6,1,1,2,1,2,3,0],15,0].
[[3,7,2,1,2,0,2,3,1],64,5].
[[3,7,2,1,2,0,2,2,1],59,12].
[[3,9,2,0,0,0,2,2,1],1,8].
[[3,9,1,1,1,1,2,1,1],17,34].
[[3,8,1,0,0,0,1,1,0],21,25].
[[3,9,1,1,2,0,1,1,0],13,51].
[[3,7,0,1,1,1,2,1,1],2,10].
[[3,7,0,1,2,1,1,2,1],13,15].
[[2,7,1,1,1,1,0,0,0],30,10].
[[3,6,0,1,2,1,2,2,1],15,32].
[[1,7,2,1,2,1,2,3,1],16,0].
[[2,7,2,1,1,1,2,3,1],10,1].
[[3,9,2,0,0,0,1,2,1],10,48].
[[3,8,0,1,1,1,2,2,1],46,85].
[[1,6,1,0,0,0,2,3,1],26,1].
[[2,3,1,0,0,0,2,3,1],7,0].
[[3,3,1,1,2,1,2,3,1],46,2].
[[3,8,0,1,2,1,2,1,0],31,109].
[[2,9,2,1,2,1,1,1,0],21,36].
[[2,9,1,1,1,0,2,3,1],1,1].
[[3,9,1,1,1,0,2,3,1],0,6].
[[3,3,2,1,2,0,2,2,1],7,0].
[[2,8,1,0,0,0,2,1,0],49,27].
[[3,9,2,1,1,1,2,2,0],2,15].
[[2,5,0,1,2,1,1,1,0],21,3].
[[2,6,0,1,2,1,2,2,0],1,1].
[[3,6,0,1,1,1,2,2,0],1,2].
[[2,9,1,1,2,0,2,3,0],18,55].
[[3,9,2,1,1,1,2,3,0],4,26].
[[3,7,1,1,2,0,2,3,0],26,26].
[[2,9,2,1,1,0,0,0,0],0,4].
[[2,3,2,0,0,0,0,0,0],50,1].
[[3,3,2,1,2,1,0,0,0],33,0].
[[3,4,1,1,2,0,2,1,0],12,3].
[[3,3,2,1,2,0,0,0,0],19,0].
[[2,9,2,1,1,1,2,3,0],56,74].
[[3,6,1,1,2,1,1,2,1],66,1].
[[3,9,2,0,0,0,2,1,0],1,8].
[[2,5,0,1,2,0,1,1,1],5,4].
[[2,9,2,1,1,1,1,1,0],12,6].
[[1,7,2,0,0,0,2,1,1],35,5].
[[2,9,1,1,1,1,2,2,1],15,23].
[[3,9,2,1,2,0,1,2,1],8,44].
[[3,9,2,1,2,1,2,3,1],7,29].
[[2,3,1,1,2,1,0,0,0],17,2].
[[2,5,0,1,2,1,1,2,0],29,1].
[[3,3,2,0,0,0,2,3,1],17,0].
[[1,7,1,0,0,0,2,1,1],17,6].
[[3,8,0,0,0,0,2,1,1],33,76].
[[2,6,1,1,2,1,2,1,1],25,1].
[[3,3,1,1,2,1,2,1,1],14,1].
[[2,3,2,1,2,1,0,0,0],18,0].
[[2,8,0,1,2,0,2,2,0],8,21].
[[3,3,2,1,2,1,2,3,1],29,1].
[[3,8,0,0,0,0,0,0,0],0,43].
[[1,8,0,1,2,1,2,1,0],20,16].
[[2,4,1,1,2,0,1,2,1],16,6].
[[2,7,0,0,0,0,2,2,0],5,6].
[[3,7,0,1,2,1,2,3,0],35,58].
[[3,7,1,1,1,0,1,2,1],5,14].
[[3,3,1,0,0,0,2,3,1],29,3].
[[1,7,1,1,2,1,2,3,0],3,1].
[[2,7,1,1,2,1,2,3,0],34,13].
[[1,6,1,0,0,0,1,2,1],11,1].
[[2,6,1,1,2,1,1,2,1],19,1].
[[3,3,1,1,2,1,1,2,1],12,0].
[[1,6,1,1,2,1,2,3,0],0,1].
[[3,6,1,1,1,1,1,2,0],3,1].
[[2,8,1,1,1,0,2,3,1],9,19].
[[3,9,2,1,2,1,2,1,1],3,23].
[[2,4,1,1,2,0,2,1,0],4,0].
[[2,8,1,1,1,0,2,1,1],2,7].
[[2,3,1,1,2,1,2,3,1],2,0].
[[3,9,2,1,2,0,2,2,1],2,4].
[[2,8,0,1,2,1,1,1,0],21,21].
[[2,8,0,1,1,1,1,2,0],18,6].
[[3,4,1,1,2,0,0,0,0],5,3].
[[3,9,1,1,1,0,2,2,0],0,14].
[[3,7,0,1,1,1,1,2,1],4,5].
[[3,6,0,0,0,0,2,3,1],4,17].
[[2,7,2,1,2,1,2,1,1],48,7].
[[3,8,0,1,2,0,2,2,1],23,74].
[[3,8,0,1,2,0,1,1,0],14,19].
[[3,7,2,1,1,1,2,1,1],28,4].
[[3,3,2,0,0,0,2,1,1],11,0].
[[3,3,1,1,2,1,2,3,0],9,0].
[[1,9,2,1,2,0,2,1,0],9,10].
[[3,9,1,1,2,0,2,2,1],3,26].
[[3,7,1,1,1,0,2,3,0],3,3].
[[3,7,1,1,2,0,2,2,0],14,8].
[[2,8,0,1,1,1,1,1,1],4,8].
[[3,8,0,1,1,1,1,1,0],18,21].
[[2,8,1,1,1,1,2,2,0],25,11].
[[2,6,0,0,0,0,2,3,1],5,10].
[[3,7,0,1,1,1,0,0,0],5,9].
[[1,8,0,0,0,0,1,1,1],1,2].
[[3,3,2,1,2,1,2,2,1],25,0].
[[3,5,0,1,2,1,1,2,1],18,2].
[[2,9,1,1,2,0,2,3,1],12,21].
[[2,8,1,1,1,1,0,0,0],18,15].
[[2,9,2,1,1,0,1,2,0],2,6].
[[3,8,1,1,2,0,2,1,0],2,10].
[[2,7,0,1,2,1,2,1,1],2,3].
[[1,6,1,0,0,0,2,2,0],6,0].
[[2,6,1,1,2,1,2,2,0],5,0].
[[3,6,1,1,2,1,2,2,0],13,1].
[[3,8,1,1,2,1,0,0,0],0,9].
[[3,7,0,1,1,1,2,2,0],5,5].
[[1,8,1,1,2,0,2,3,0],9,6].
[[2,6,1,1,2,0,2,3,0],1,0].
[[3,6,1,1,2,0,2,3,0],10,1].
[[2,7,2,1,2,1,1,2,0],4,1].
[[3,7,2,1,1,1,1,2,0],2,0].
[[3,6,1,1,1,1,2,1,1],17,0].
[[2,3,2,1,2,1,2,1,1],3,0].
[[2,9,1,1,1,0,1,1,1],0,1].
[[3,7,0,0,0,0,2,1,1],13,18].
[[3,7,0,0,0,0,2,2,0],7,10].
[[2,7,1,1,1,1,2,3,1],11,3].
[[1,8,1,1,2,1,2,1,0],14,10].
[[3,6,1,1,2,1,1,2,0],14,1].
[[1,9,2,1,1,1,0,0,0],32,38].
[[2,9,1,1,1,1,2,1,1],14,27].
[[3,9,2,1,2,0,1,1,1],3,19].
[[1,7,2,0,0,0,1,2,1],10,1].
[[2,9,1,1,2,0,0,0,0],1,6].
[[2,6,0,1,2,1,2,3,1],9,6].
[[1,6,0,0,0,0,0,0,0],27,32].
[[1,7,1,0,0,0,1,2,1],7,5].
[[2,6,0,0,0,0,2,2,1],11,9].
[[3,6,0,1,2,0,2,2,1],4,5].
[[3,9,2,1,1,1,2,1,1],0,4].
[[2,5,0,1,1,1,1,2,0],8,1].
[[3,6,1,1,2,1,2,1,0],10,0].
[[2,7,1,1,1,1,2,1,1],10,2].
[[3,7,2,1,2,1,0,0,0],21,1].
[[3,7,0,1,1,1,1,1,1],1,3].
[[2,7,0,1,2,1,2,3,1],4,14].
[[1,8,0,0,0,0,1,2,1],11,8].
[[3,9,1,1,1,1,2,1,0],1,21].
[[2,8,0,1,1,1,2,1,0],6,13].
[[2,3,2,0,0,0,2,3,1],18,0].
[[3,3,2,0,0,0,1,2,1],7,0].
[[3,6,1,0,0,0,1,1,1],17,2].
[[3,9,2,0,0,0,2,3,0],3,23].
[[2,9,1,1,1,1,0,0,0],0,5].
[[3,6,0,0,0,0,0,0,0],2,9].
[[3,9,2,1,2,1,2,2,1],5,13].
[[2,7,2,1,2,1,1,2,1],38,7].
[[3,7,0,1,1,1,2,3,1],7,17].
[[3,7,2,1,1,0,2,1,1],3,3].
[[2,6,1,0,0,0,1,2,1],23,2].
[[3,5,0,1,1,1,1,1,0],23,6].
[[3,6,0,1,1,1,2,1,0],0,1].
[[1,7,2,1,2,0,2,2,1],3,0].
[[2,7,2,1,2,0,2,3,1],29,6].
[[3,8,1,1,1,0,2,1,1],8,27].
[[1,7,2,1,2,0,2,3,1],5,2].
[[2,6,0,1,2,1,2,2,1],3,6].
[[3,7,1,1,2,0,2,1,0],5,5].
[[2,6,1,0,0,0,2,2,0],11,0].
[[3,6,1,0,0,0,2,2,0],10,1].
[[2,5,0,0,0,0,1,1,1],37,4].
[[3,5,0,1,2,0,1,1,1],42,9].
[[2,8,1,1,2,0,1,2,0],24,10].
[[3,8,1,1,1,0,2,2,1],13,21].
[[3,6,0,0,0,0,2,1,0],5,5].
[[2,7,2,1,2,0,2,1,1],16,2].
[[1,8,1,1,2,0,1,2,0],2,1].
[[2,7,1,1,2,0,1,2,0],0,2].
[[3,7,0,1,2,0,2,2,1],5,11].
[[2,3,2,0,0,0,2,2,1],8,0].
[[3,3,2,1,2,0,2,3,1],13,0].
[[2,9,1,1,1,0,2,2,0],0,3].
[[3,7,0,1,1,1,2,1,0],1,1].
[[2,7,2,1,1,0,2,3,1],1,1].
[[3,7,1,1,2,1,2,1,0],12,8].
[[2,5,0,0,0,0,1,2,0],29,1].
[[1,8,1,1,1,1,1,2,0],2,0].
[[2,7,1,1,1,1,1,2,0],1,0].
[[3,7,0,1,1,1,1,2,0],4,4].
[[3,4,1,1,2,0,2,2,1],37,17].
[[1,8,1,1,1,1,2,1,1],17,1].
[[2,4,1,1,2,0,2,1,1],17,0].
[[1,6,0,0,0,0,2,2,0],3,0].
[[2,6,0,0,0,0,2,2,0],6,4].
[[3,7,0,1,2,0,2,1,1],4,7].
[[1,7,2,1,2,0,2,1,1],3,0].
[[2,7,2,1,2,0,1,1,1],2,3].
[[3,3,2,1,2,0,1,1,1],3,0].
[[2,7,1,1,2,0,2,3,1],24,14].
[[3,3,1,1,2,1,1,1,1],5,0].
[[1,7,1,0,0,0,2,2,0],4,2].
[[2,7,1,0,0,0,1,2,0],11,3].
[[3,3,2,1,1,0,0,0,0],3,0].
[[3,6,1,1,1,1,2,3,1],25,4].
[[3,7,2,1,1,0,1,2,1],5,4].
[[3,9,1,0,0,0,2,1,0],0,14].
[[1,7,2,1,2,0,1,2,1],1,2].
[[2,7,2,1,1,0,1,2,1],0,2].
[[3,9,2,1,1,1,1,2,0],11,19].
[[3,9,2,1,1,1,2,2,1],1,10].
[[2,4,1,1,2,0,2,3,0],15,2].
[[3,6,1,1,2,0,0,0,0],13,0].
[[2,7,0,0,0,0,2,2,1],6,10].
[[3,6,1,0,0,0,1,2,0],4,0].
[[3,7,0,0,0,0,2,1,0],3,6].
[[1,3,2,0,0,0,0,0,0],30,0].
[[1,7,2,1,2,1,1,1,1],2,0].
[[2,9,1,1,1,1,1,1,1],13,18].
[[3,8,0,1,1,0,2,1,1],0,9].
[[2,9,2,1,2,0,1,2,0],17,25].
[[3,9,2,1,1,0,1,2,0],0,4].
[[3,9,2,1,2,0,2,3,1],0,13].
[[1,8,1,1,2,1,1,1,0],5,1].
[[2,8,1,1,1,1,1,1,0],4,2].
[[3,6,1,1,1,0,2,2,1],2,1].
[[2,9,2,1,1,0,2,1,1],1,3].
[[3,9,1,1,1,0,2,1,1],4,6].
[[1,8,1,1,2,0,2,2,0],6,6].
[[2,8,1,1,1,0,2,2,1],3,11].
[[1,7,2,1,2,0,0,0,0],14,5].
[[1,7,1,1,2,1,2,1,1],3,1].
[[2,3,1,1,2,1,2,1,1],1,0].
[[2,9,2,1,2,0,2,1,0],2,24].
[[3,6,0,1,2,1,2,3,0],23,20].
[[2,9,1,1,1,0,1,1,0],1,1].
[[3,8,0,1,1,0,1,1,0],3,4].
[[2,7,2,0,0,0,1,1,1],18,8].
[[3,3,2,1,2,1,1,1,1],5,0].
[[2,9,1,1,1,0,1,2,1],1,3].
[[2,7,1,0,0,0,1,1,0],5,1].
[[3,7,1,1,2,1,1,1,0],11,4].
[[2,7,1,1,1,1,1,2,1],5,1].
[[2,9,1,1,2,1,0,0,0],0,25].
[[2,9,2,1,1,1,2,1,0],14,15].
[[2,9,1,1,1,1,2,1,0],4,10].
[[3,6,1,0,0,0,0,0,0],11,2].
[[3,3,1,1,2,0,2,1,1],4,0].
[[3,3,1,1,1,1,2,3,1],6,0].
[[2,8,0,1,2,0,1,2,0],8,10].
[[3,7,0,1,2,0,1,2,0],5,1].
[[1,9,2,1,1,1,1,1,1],14,6].
[[3,8,1,1,2,0,0,0,0],1,4].
[[3,4,0,1,2,0,1,2,0],0,3].
[[3,6,0,0,0,0,2,3,0],7,14].
[[2,9,1,1,1,0,2,1,1],0,2].
[[2,8,1,1,2,0,1,1,0],1,5].
[[3,7,1,1,2,0,1,1,0],3,3].
[[3,7,1,1,1,0,2,1,1],2,9].
[[3,7,0,0,0,0,1,2,1],6,10].
[[2,8,1,1,1,0,2,2,0],0,2].
[[3,8,1,1,1,0,1,1,0],1,7].
[[3,7,1,0,0,0,2,1,0],15,5].
[[3,8,1,1,1,1,2,2,0],23,21].
[[2,7,0,1,2,1,2,2,1],4,6].
[[2,3,2,1,2,1,2,3,1],3,0].
[[3,3,2,1,2,1,2,1,1],17,0].
[[2,6,0,1,2,1,2,1,1],1,3].
[[3,6,0,1,1,1,2,1,1],2,2].
[[3,3,2,1,1,1,0,0,0],9,0].
[[3,3,1,1,2,0,2,3,0],3,0].
[[1,6,1,0,0,0,2,3,0],9,0].
[[2,9,1,1,2,0,2,1,0],4,8].
[[3,9,2,0,0,0,2,3,1],1,14].
[[3,7,1,0,0,0,1,1,0],7,6].
[[3,7,2,1,2,0,1,2,0],5,0].
[[2,7,1,1,2,1,1,2,0],4,2].
[[3,9,1,1,2,1,0,0,0],0,9].
[[2,6,1,1,1,1,2,2,1],6,1].
[[3,6,0,1,1,1,2,2,1],5,2].
[[3,6,0,1,2,0,2,3,0],4,5].
[[2,7,2,1,2,0,1,2,1],10,3].
[[3,3,2,1,2,0,1,2,1],8,0].
[[3,3,2,1,2,0,2,1,1],5,0].
[[3,9,2,0,0,0,1,2,0],11,18].
[[3,3,1,1,1,1,2,1,0],2,0].
[[3,9,2,1,2,0,2,2,0],2,13].
[[1,2,1,0,0,0,0,0,0],3,0].
[[2,2,1,0,0,0,0,0,0],3,0].
[[3,2,1,0,0,0,0,0,0],7,0].
[[3,9,2,1,1,0,2,3,0],1,7].
[[3,5,0,0,0,0,1,2,1],4,1].
[[2,3,2,0,0,0,1,2,1],4,0].
[[3,3,2,1,2,1,1,2,1],11,0].
[[3,3,2,0,0,0,0,0,0],31,1].
[[3,3,1,1,2,1,2,2,0],3,0].
[[3,2,0,0,0,0,0,0,0],3,2].
[[3,9,2,1,2,1,0,0,0],0,5].
[[1,7,1,1,2,1,2,3,1],5,4].
[[2,7,0,1,2,1,2,2,0],0,6].
[[2,9,1,1,1,1,2,3,1],17,17].
[[3,7,2,1,2,1,2,3,0],11,0].
[[3,3,2,0,0,0,2,2,1],12,0].
[[2,8,1,1,1,0,2,3,0],3,3].
[[3,6,1,1,2,0,1,1,1],8,4].
[[2,7,2,1,1,1,1,2,1],2,0].
[[3,5,0,1,1,1,1,2,1],4,0].
[[2,2,1,1,2,1,0,0,0],2,0].
[[3,2,1,1,1,1,2,1,1],1,0].
[[3,3,2,1,1,0,2,3,1],2,0].
[[2,7,1,1,2,0,2,2,0],7,1].
[[1,7,2,0,0,0,1,1,1],4,0].
[[3,9,1,1,1,0,2,1,0],0,6].
[[2,6,1,1,2,0,2,2,1],7,2].
[[2,9,2,1,1,0,2,3,1],0,9].
[[1,3,2,0,0,0,2,2,1],3,0].
[[2,3,2,0,0,0,1,1,1],3,0].
[[3,2,1,0,0,0,1,1,1],1,0].
[[3,3,1,1,1,1,1,2,1],1,0].
[[3,7,1,1,1,1,1,2,0],10,4].
[[3,6,0,0,0,0,1,1,0],3,1].
[[3,3,1,0,0,0,1,2,1],7,1].
[[3,9,2,1,2,0,2,1,1],1,8].
[[2,6,1,1,1,1,2,1,1],3,0].
[[2,8,1,1,1,1,2,1,0],4,1].
[[3,7,1,1,1,1,2,1,0],5,2].
[[2,6,1,1,2,0,0,0,0],21,2].
[[2,3,2,1,2,1,2,2,1],5,0].
[[3,3,2,1,1,1,1,2,1],2,0].
[[2,7,2,1,1,0,1,1,1],0,2].
[[3,7,2,1,2,0,2,3,0],3,0].
[[3,9,2,1,1,0,2,2,1],1,0].
[[3,6,1,1,1,1,2,2,1],23,3].
[[1,3,2,0,0,0,2,3,1],4,0].
[[3,6,0,1,1,1,1,1,1],0,1].
[[2,3,2,1,2,0,2,3,1],2,0].
[[3,9,2,0,0,0,2,2,0],1,19].
[[3,9,2,1,1,1,1,1,0],5,1].
[[1,8,0,1,2,1,1,1,1],0,1].
[[3,7,2,1,1,1,0,0,0],5,0].
[[3,8,0,1,1,0,0,0,0],0,2].
[[3,9,1,1,1,1,2,2,1],14,32].
[[3,7,0,1,2,0,1,1,0],2,1].
[[2,7,1,1,2,0,2,1,1],9,8].
[[1,7,1,0,0,0,1,1,1],5,2].
[[3,9,2,1,1,0,1,2,1],1,5].
[[3,9,2,1,1,0,1,1,1],1,2].
[[2,6,1,1,2,0,1,2,1],2,2].
[[3,6,1,1,1,0,1,2,1],2,3].
[[3,7,0,0,0,0,1,1,1],3,6].
[[3,4,0,1,2,0,1,1,1],0,2].
[[1,8,1,1,1,1,1,2,1],7,6].
[[2,5,0,1,1,1,1,1,0],3,1].
[[2,6,0,1,2,1,2,3,0],6,5].
[[1,9,2,1,2,0,1,1,0],0,6].
[[3,9,2,0,0,0,1,1,0],5,3].
[[3,8,1,0,0,0,2,1,0],11,10].
[[2,6,0,1,2,1,2,1,0],1,0].
[[3,2,1,1,2,1,0,0,0],6,0].
[[2,3,1,0,0,0,2,1,1],3,0].
[[2,7,0,1,2,1,2,1,0],2,4].
[[3,5,0,1,1,0,1,2,0],6,5].
[[3,7,0,0,0,0,1,2,0],5,5].
[[2,7,2,1,1,0,0,0,0],3,2].
[[2,7,0,0,0,0,2,1,0],2,1].
[[2,7,2,1,1,0,2,1,1],2,0].
[[3,3,2,1,1,0,2,1,1],2,0].
[[3,6,0,0,0,0,1,2,1],3,3].
[[2,9,2,1,1,0,2,2,1],2,8].
[[3,6,0,1,2,0,2,2,0],3,4].
[[2,6,1,1,2,0,2,3,1],10,0].
[[2,3,2,1,2,0,0,0,0],6,1].
[[1,8,1,1,2,0,1,1,1],4,8].
[[2,6,1,1,2,0,1,1,1],1,1].
[[3,8,0,1,1,0,1,2,0],1,15].
[[2,9,2,1,1,0,1,2,1],3,8].
[[3,7,0,1,2,0,2,2,0],3,5].
[[3,6,1,1,1,0,1,1,1],0,1].
[[3,4,0,1,2,0,1,2,1],0,4].
[[3,7,2,1,1,1,2,3,0],4,0].
[[2,7,1,1,2,1,2,1,0],7,2].
[[1,8,1,1,1,1,2,2,0],4,0].
[[2,6,0,0,0,0,2,3,0],6,6].
[[2,6,0,0,0,0,2,1,1],3,6].
[[2,7,2,0,0,0,1,2,0],0,1].
[[3,3,0,0,0,0,2,2,1],0,1].
[[3,4,0,1,2,0,2,2,1],0,3].
[[1,6,1,0,0,0,2,1,0],3,0].
[[2,6,1,0,0,0,2,1,0],2,0].
[[2,4,1,1,2,0,2,2,0],10,0].
[[2,7,0,0,0,0,2,1,1],3,3].
[[3,9,2,1,2,0,2,1,0],0,7].
[[2,4,1,1,2,0,2,2,1],10,7].
[[2,7,2,0,0,0,1,1,0],0,3].
[[3,7,2,0,0,0,1,1,0],1,1].
[[3,6,1,0,0,0,2,1,0],6,0].
[[2,5,0,1,1,1,1,1,1],11,3].
[[3,6,0,1,2,0,0,0,0],1,5].
[[2,8,0,1,2,0,1,1,0],2,6].
[[3,7,2,0,0,0,2,3,0],3,0].
[[3,7,2,1,2,0,1,1,0],1,3].
[[3,8,1,1,1,1,0,0,0],0,3].
[[3,5,0,1,2,0,1,2,1],4,1].
[[3,6,1,1,1,1,0,0,0],3,0].
[[2,6,1,0,0,0,1,2,0],2,1].
[[2,9,2,1,1,0,2,1,0],0,1].
[[3,8,0,1,1,0,2,1,0],0,4].
[[1,8,1,1,2,0,2,1,0],2,3].
[[2,7,0,0,0,0,2,3,0],5,4].
[[2,6,1,1,2,0,2,1,0],2,0].
[[2,7,1,1,1,1,2,3,0],2,2].
[[3,6,0,1,1,1,2,3,0],0,3].
[[2,9,2,1,1,0,1,1,1],2,3].
[[1,7,1,1,2,1,2,2,0],1,1].
[[2,8,0,1,2,0,1,1,1],1,9].
[[2,3,1,0,0,0,1,2,1],1,0].
[[2,6,1,1,2,1,2,1,0],3,0].
[[3,6,1,1,1,1,2,1,0],3,0].
[[2,7,1,1,1,1,1,1,1],3,2].
[[3,7,0,1,2,0,1,1,1],0,5].
[[2,6,0,0,0,0,2,1,0],5,4].
[[2,8,0,1,1,1,1,1,0],5,1].
[[2,4,1,1,2,0,1,1,0],3,1].
[[3,9,1,1,1,0,2,2,1],2,4].
[[3,6,1,1,2,0,2,2,0],5,1].
[[3,8,0,1,1,0,2,2,0],1,6].
[[3,3,1,1,1,1,2,1,1],5,0].
[[3,6,1,1,1,0,2,1,1],4,0].
[[3,7,2,0,0,0,1,2,0],5,0].
[[3,9,1,1,2,0,0,0,0],0,2].
[[3,7,0,1,1,1,1,1,0],2,0].
[[2,9,1,1,1,0,2,2,1],0,3].
[[1,7,1,1,2,1,2,2,1],8,5].
[[3,7,0,0,0,0,1,1,0],3,0].
[[3,5,0,1,1,0,1,1,0],3,3].
[[3,8,1,1,1,1,2,1,0],1,3].
[[3,3,2,0,0,0,1,1,1],6,0].
[[3,3,1,0,0,0,2,2,0],3,0].
[[3,6,0,1,2,1,1,1,0],1,0].
[[1,6,1,0,0,0,1,1,1],3,1].
[[2,6,1,1,1,1,2,3,1],7,1].
[[3,7,1,1,1,1,1,1,0],5,3].
[[3,7,0,1,2,0,2,3,0],7,7].
[[3,8,0,1,1,0,2,2,1],0,14].
[[3,7,0,1,2,0,2,1,0],0,1].
[[2,9,2,1,1,0,2,2,0],3,1].
[[3,3,2,1,1,1,2,2,1],2,0].
[[1,7,2,0,0,0,2,3,0],3,1].
[[3,7,2,1,2,1,1,2,0],12,1].
[[3,6,1,0,0,0,1,1,0],1,0].
[[3,3,0,1,2,1,0,0,0],0,2].
[[3,3,2,1,1,1,2,1,1],4,0].
[[1,6,0,0,0,0,2,2,1],1,0].
[[3,6,0,1,2,0,2,3,1],1,6].
[[3,3,1,1,2,0,1,2,1],3,0].
[[1,7,1,1,2,1,1,1,1],2,0].
[[3,3,1,1,1,1,1,1,1],2,0].
[[2,7,1,1,2,0,2,1,0],1,0].
[[1,6,1,1,2,1,2,2,0],1,0].
[[3,6,1,1,1,0,2,3,1],1,0].
[[3,7,2,1,1,1,2,2,0],2,0].
[[3,7,0,1,2,0,1,2,1],2,3].
[[2,3,2,0,0,0,2,1,1],5,0].
[[3,6,0,1,1,1,2,3,1],4,2].
[[2,6,1,1,2,1,1,1,1],4,0].
[[3,7,0,1,2,1,1,1,0],6,3].
[[3,8,1,1,1,0,0,0,0],0,1].
[[3,9,2,0,0,0,2,1,1],0,7].
[[2,7,2,1,2,0,2,3,0],1,0].
[[2,3,2,1,2,0,2,2,1],1,0].
[[3,8,1,1,1,0,2,1,0],0,3].
[[3,6,1,1,2,0,2,1,0],1,0].
[[2,7,2,1,1,0,2,2,1],1,0].
[[1,8,0,1,2,1,1,1,0],0,2].
[[3,9,1,0,0,0,0,0,0],0,2].
[[1,7,2,1,2,1,1,2,1],1,1].
[[3,9,2,1,1,1,0,0,0],0,1].
[[3,2,1,1,2,1,2,2,1],1,0].
[[3,3,1,1,2,0,1,1,1],2,0].
[[2,7,2,0,0,0,2,3,0],4,0].
[[2,2,0,0,0,0,0,0,0],0,1].
[[2,7,2,1,1,1,2,2,1],6,1].
[[3,3,1,1,1,1,2,3,0],1,1].
[[3,3,2,0,0,0,2,3,0],1,0].
[[3,8,1,0,0,0,0,0,0],0,5].
[[1,7,1,0,0,0,2,1,0],3,0].
[[2,3,1,0,0,0,2,2,1],6,1].
[[2,5,0,1,2,0,1,1,0],4,1].
[[3,9,2,1,1,0,2,2,0],0,2].
[[3,7,2,1,2,0,2,2,0],1,0].
[[3,3,1,1,1,1,2,2,1],4,1].
[[2,7,1,1,1,1,2,2,0],4,1].
[[2,6,1,1,2,1,1,2,0],1,0].
[[3,9,2,1,2,0,0,0,0],0,1].
[[3,6,0,1,2,0,2,1,1],2,3].
[[2,8,1,1,1,0,1,2,0],1,1].
[[1,6,1,1,2,1,2,1,1],2,0].
[[3,7,2,1,1,1,1,1,0],0,1].
[[2,3,1,1,2,1,2,2,1],2,0].
[[3,2,1,0,0,0,2,3,1],2,0].
[[3,2,1,1,2,1,2,1,1],2,0].
[[3,7,2,1,1,0,2,3,0],0,3].
[[3,7,1,1,1,0,2,2,0],2,1].
[[3,3,1,1,2,1,1,2,0],2,0].
[[2,6,1,0,0,0,1,1,0],1,0].
[[3,6,1,1,2,0,1,1,0],1,0].
[[3,5,0,1,1,0,1,2,1],0,1].
[[1,8,1,1,1,1,2,1,0],1,0].
[[2,7,1,1,1,1,2,1,0],1,0].
[[3,7,2,1,2,1,2,2,0],4,0].
[[2,1,1,1,2,0,1,2,0],2,0].
[[3,1,1,1,2,0,1,2,0],3,0].
[[2,7,1,1,2,1,1,1,0],0,1].
[[3,4,0,1,2,0,2,3,1],0,1].
[[3,6,0,1,2,0,1,2,1],0,4].
[[2,8,1,1,1,0,0,0,0],0,1].
[[2,3,1,1,2,1,2,3,0],0,1].
[[3,3,2,1,2,1,1,2,0],2,0].
[[2,2,1,0,0,0,2,2,1],1,0].
[[3,9,2,1,1,0,2,1,1],0,1].
[[3,9,2,1,2,0,1,1,0],0,1].
[[2,3,1,0,0,0,1,1,1],1,0].
[[2,7,2,0,0,0,2,2,0],2,0].
[[2,2,1,0,0,0,2,1,0],1,0].
[[3,2,1,0,0,0,2,1,0],1,0].
[[3,3,2,1,1,0,2,2,1],1,0].
[[2,2,1,0,0,0,2,1,1],1,0].
[[2,4,1,1,2,0,0,0,0],4,0].
[[3,9,2,1,1,0,2,3,1],0,1].
[[1,7,1,1,2,1,2,1,0],1,0].
[[2,3,1,1,2,1,2,1,0],1,0].
[[3,2,1,0,0,0,2,2,0],1,0].
[[3,6,1,1,1,0,2,2,0],1,0].
[[3,2,1,1,2,0,0,0,0],2,0].
[[2,3,1,0,0,0,2,3,0],1,0].
[[2,7,2,1,2,1,2,3,0],1,0].
[[3,1,1,1,2,0,1,1,1],1,0].
[[3,2,1,0,0,0,2,1,1],1,0].
[[3,3,2,1,1,1,2,3,1],2,0].
[[2,3,2,1,2,1,2,2,0],1,0].
[[2,6,0,1,2,1,1,2,0],1,0].
[[3,6,0,1,1,1,1,1,0],0,1].
[[3,3,1,1,2,1,2,1,0],3,0].
[[1,6,0,0,0,0,2,1,0],0,1].
[[3,3,1,1,2,0,2,1,0],1,0].
[[3,2,1,0,0,0,1,2,1],1,0].
[[1,7,2,1,2,0,1,1,1],0,1].
[[2,3,1,0,0,0,2,2,0],1,0].
[[3,2,0,0,0,0,2,2,0],2,0].
[[3,6,0,1,1,1,1,2,1],2,0].
[[3,3,2,1,2,0,1,1,0],1,0].
[[3,7,1,1,1,0,2,1,0],0,2].
[[3,9,1,1,1,1,0,0,0],0,2].
[[2,6,1,1,1,1,1,2,1],1,2].
[[3,3,2,1,2,1,2,3,0],1,0].
[[3,2,0,1,2,1,0,0,0],0,1].
[[3,4,0,1,2,0,2,3,0],0,1].
[[1,6,0,0,0,0,2,3,0],1,0].
[[2,6,0,0,0,0,1,2,0],1,0].
[[3,9,2,1,1,0,2,1,0],0,1].
[[3,7,2,1,2,1,1,1,0],1,1].
[[3,2,1,1,2,1,2,3,1],1,0].
[[1,6,1,1,2,1,1,2,1],1,0].
[[2,3,2,1,2,1,1,2,1],1,0].
[[3,3,2,1,1,1,1,1,1],1,0].
[[1,7,2,1,2,1,2,2,0],1,0].
[[3,2,0,1,2,1,2,1,1],0,1].
[[2,8,1,1,1,0,2,1,0],1,0].
[[3,6,1,1,1,0,2,1,0],1,0].
[[3,6,1,1,2,1,1,1,0],1,1].
[[3,6,0,0,0,0,1,1,1],0,1].
[[2,5,0,1,1,0,1,2,0],1,0].
[[3,6,1,1,2,0,1,2,0],2,0].
[[2,7,2,1,2,0,1,2,0],1,0].
[[3,3,1,1,2,0,2,2,0],1,0].
[[2,7,1,1,2,0,1,1,0],0,1].
[[3,3,1,1,2,1,1,1,0],1,0].
[[2,7,2,1,2,1,2,2,0],1,0].
[[3,3,2,1,2,0,2,3,0],1,0].
[[2,6,1,1,1,1,2,2,0],1,0].
[[3,3,1,1,1,1,2,2,0],1,0].
