total_WL(6472,5496).
[[1,9,2,0,0,0,2,2,1],133,197].
[[2,9,2,0,0,0,2,2,1],24,63].
[[3,9,1,1,2,2,1,2,1],18,90].
[[1,9,2,1,2,2,2,2,1],127,233].
[[2,8,1,1,2,2,2,2,1],200,84].
[[3,8,1,1,2,2,2,2,1],112,48].
[[1,9,2,0,0,0,2,1,1],91,174].
[[2,9,2,0,0,0,2,3,1],30,72].
[[3,9,2,1,2,2,1,2,1],52,178].
[[1,4,2,1,2,0,0,0,0],16,0].
[[2,4,2,1,2,0,0,0,0],17,1].
[[3,4,2,1,2,0,0,0,0],18,6].
[[1,8,1,1,1,2,1,1,1],3,3].
[[2,8,1,1,1,2,1,1,1],30,9].
[[3,8,1,1,1,2,1,1,1],59,37].
[[1,9,2,0,0,0,1,2,1],62,95].
[[2,8,1,0,0,0,1,2,1],104,33].
[[3,8,1,0,0,0,1,2,1],73,35].
[[1,9,2,1,2,0,2,3,0],18,20].
[[2,9,1,1,2,2,2,3,0],10,12].
[[3,5,0,1,1,0,1,2,0],2,3].
[[1,7,1,0,0,0,2,2,1],7,2].
[[2,7,1,1,2,2,1,1,1],7,8].
[[3,7,1,1,2,2,1,1,1],24,20].
[[1,9,2,1,2,2,2,2,0],120,140].
[[2,9,2,1,2,2,2,2,0],57,106].
[[3,5,0,1,1,2,1,2,0],30,1].
[[1,9,2,1,2,2,1,2,1],91,131].
[[2,5,0,1,2,2,1,1,1],24,0].
[[3,5,0,1,1,2,1,1,1],28,3].
[[2,9,2,0,0,0,1,1,1],13,27].
[[3,9,2,1,2,0,1,1,1],3,19].
[[1,9,2,0,0,0,2,2,0],106,143].
[[2,8,0,0,0,0,2,2,0],18,22].
[[3,7,0,1,2,0,2,2,0],0,2].
[[1,7,1,1,2,2,0,0,0],67,21].
[[2,7,1,1,2,2,2,3,1],81,16].
[[3,7,1,1,1,2,2,3,1],63,26].
[[1,9,2,1,1,2,2,3,1],115,63].
[[2,9,2,1,1,2,1,2,1],70,77].
[[3,8,1,1,1,2,1,2,1],108,56].
[[1,9,2,0,0,0,2,3,1],184,273].
[[2,8,1,1,2,0,2,3,1],85,35].
[[3,8,1,1,2,0,2,3,1],41,20].
[[1,6,1,0,0,0,2,3,0],2,0].
[[2,2,1,0,0,0,2,3,0],1,0].
[[3,2,1,1,2,0,1,2,0],1,0].
[[1,7,2,0,0,0,0,0,0],99,9].
[[2,7,2,0,0,0,2,2,1],33,2].
[[3,7,2,1,2,2,2,1,1],28,1].
[[1,8,1,0,0,0,2,3,0],36,15].
[[2,8,1,1,2,2,2,3,0],43,22].
[[3,8,1,1,1,2,2,3,0],10,7].
[[1,8,1,0,0,0,0,0,0],361,187].
[[3,8,1,1,2,0,2,1,1],42,24].
[[2,7,2,0,0,0,0,0,0],42,7].
[[3,7,2,0,0,0,2,2,1],24,2].
[[2,5,0,1,1,2,1,1,1],7,3].
[[2,9,2,1,1,2,2,2,0],31,52].
[[3,8,0,1,1,2,2,2,0],14,54].
[[1,9,2,1,1,2,1,2,0],22,10].
[[2,4,2,1,2,0,1,2,0],17,0].
[[3,4,2,1,2,0,1,1,0],34,1].
[[1,9,2,0,0,0,2,3,0],140,173].
[[2,9,2,0,0,0,2,3,0],35,86].
[[3,9,2,1,2,0,1,2,1],9,57].
[[1,8,1,1,2,0,0,0,0],27,30].
[[2,7,2,1,1,0,0,0,0],0,5].
[[3,7,2,1,1,0,2,3,1],4,4].
[[1,8,1,1,2,2,1,1,1],17,13].
[[2,8,1,1,2,2,1,2,1],135,61].
[[3,7,1,1,2,2,1,2,1],110,21].
[[1,9,2,1,2,2,2,3,0],154,199].
[[2,8,0,1,2,2,2,3,0],64,90].
[[3,6,0,1,2,2,2,3,0],9,8].
[[1,8,0,1,1,2,0,0,0],57,42].
[[2,4,2,1,2,0,2,2,0],36,2].
[[3,4,2,1,2,0,2,2,0],56,6].
[[1,9,2,1,1,2,2,3,0],68,41].
[[2,9,1,1,1,2,2,2,0],6,4].
[[3,8,0,0,0,0,2,3,0],8,27].
[[1,9,2,1,1,2,2,2,0],61,36].
[[3,8,0,1,1,2,2,3,0],27,71].
[[2,7,2,1,2,0,0,0,0],14,4].
[[3,7,2,1,2,2,2,3,1],57,3].
[[1,8,1,0,0,0,2,3,1],284,78].
[[2,8,1,0,0,0,2,2,1],126,69].
[[3,8,1,1,2,0,1,2,1],99,49].
[[1,9,2,0,0,0,2,1,0],49,66].
[[3,9,2,0,0,0,1,2,0],14,8].
[[1,9,2,1,1,2,1,1,1],21,7].
[[2,8,0,1,1,2,1,1,1],10,6].
[[3,8,0,1,1,2,1,1,1],21,47].
[[1,9,2,1,2,2,0,0,0],113,252].
[[3,8,1,1,2,2,2,3,1],116,60].
[[2,9,1,0,0,0,1,2,0],9,5].
[[3,9,1,0,0,0,1,2,0],8,5].
[[2,8,1,0,0,0,2,3,1],155,67].
[[3,7,1,0,0,0,2,3,1],41,13].
[[1,8,1,0,0,0,2,2,1],202,62].
[[3,7,2,1,2,2,2,2,1],42,6].
[[3,7,1,1,2,2,2,3,1],169,45].
[[2,9,2,1,2,0,2,3,0],9,27].
[[3,9,2,1,1,0,2,3,0],0,7].
[[1,8,0,1,2,2,0,0,0],146,242].
[[2,8,0,1,2,2,2,3,1],88,132].
[[3,8,0,1,2,2,1,2,1],58,158].
[[2,8,0,0,0,0,2,3,0],32,39].
[[3,8,0,0,0,0,1,2,0],14,16].
[[1,8,0,0,0,0,0,0,0],109,196].
[[2,7,1,0,0,0,0,0,0],56,25].
[[3,7,1,1,2,2,2,1,1],50,22].
[[1,8,1,1,2,2,2,3,1],228,62].
[[2,8,1,1,2,2,2,3,1],278,109].
[[1,9,2,0,0,0,0,0,0],73,278].
[[2,9,2,1,2,2,2,1,1],53,102].
[[3,9,1,1,1,2,1,1,1],7,22].
[[1,8,1,1,1,2,0,0,0],67,14].
[[2,7,1,1,1,2,0,0,0],33,5].
[[3,7,1,1,1,2,2,1,1],38,18].
[[2,8,0,1,2,2,2,2,0],35,46].
[[3,8,0,1,2,2,1,1,0],22,22].
[[2,7,1,1,2,2,0,0,0],79,38].
[[2,9,2,1,2,0,1,2,1],28,48].
[[3,9,2,1,1,0,1,2,1],2,20].
[[1,7,1,0,0,0,0,0,0],65,19].
[[3,3,1,1,2,2,0,0,0],27,2].
[[2,8,1,1,1,2,2,2,1],70,26].
[[3,7,1,1,1,2,2,2,1],57,25].
[[1,8,1,1,2,2,0,0,0],293,131].
[[2,8,1,1,2,2,2,1,1],128,60].
[[3,8,1,1,2,2,2,1,1],99,49].
[[2,9,2,1,2,2,2,2,1],68,132].
[[2,7,2,1,2,2,2,1,1],21,0].
[[1,7,2,1,2,0,2,3,1],3,0].
[[2,7,2,1,2,0,2,3,1],9,1].
[[3,3,2,1,2,0,2,3,1],8,0].
[[2,9,2,0,0,0,1,2,1],53,101].
[[3,8,0,0,0,0,1,2,1],15,29].
[[1,8,0,1,2,2,2,1,1],15,19].
[[2,8,0,1,1,2,2,1,1],34,27].
[[1,8,1,1,2,0,1,2,1],5,8].
[[2,7,1,1,2,0,1,2,1],2,0].
[[2,8,0,0,0,0,0,0,0],10,53].
[[3,8,0,1,2,0,0,0,0],0,7].
[[3,5,0,1,2,2,1,1,0],18,1].
[[1,8,1,1,2,0,2,1,1],13,12].
[[2,8,1,1,1,0,1,2,1],6,2].
[[3,8,1,1,1,0,1,2,1],26,35].
[[2,8,0,1,2,2,0,0,0],26,134].
[[3,8,0,1,1,2,0,0,0],0,22].
[[2,6,1,1,2,2,1,1,1],3,0].
[[3,6,1,1,2,2,1,1,1],7,1].
[[2,8,0,1,1,2,2,2,0],26,21].
[[1,9,2,1,1,2,2,2,1],99,54].
[[2,9,2,1,1,2,2,2,1],52,50].
[[3,9,2,1,1,2,2,2,1],2,16].
[[1,8,1,1,2,2,1,2,1],44,14].
[[2,8,1,1,1,2,2,3,1],110,31].
[[2,8,1,1,2,0,2,1,1],32,26].
[[3,7,1,0,0,0,1,2,1],32,10].
[[3,9,1,0,0,0,1,2,1],7,11].
[[1,9,2,1,2,2,2,3,1],239,328].
[[3,8,0,1,2,2,2,3,1],30,101].
[[1,8,1,0,0,0,1,2,1],54,24].
[[2,8,1,1,2,0,1,1,1],11,25].
[[3,8,1,1,2,0,1,1,1],43,37].
[[2,9,2,1,2,2,1,2,1],106,220].
[[3,9,2,1,1,2,1,2,0],21,44].
[[3,9,2,1,1,2,1,2,1],30,122].
[[3,8,1,1,2,2,1,1,1],100,74].
[[1,9,2,1,1,2,0,0,0],70,65].
[[3,8,1,1,1,2,2,2,0],10,8].
[[3,9,2,1,2,2,1,1,0],13,28].
[[2,8,0,1,2,2,2,2,1],46,104].
[[3,8,0,1,2,2,2,2,1],31,106].
[[2,8,1,0,0,0,2,1,1],100,41].
[[2,8,1,0,0,0,2,3,0],34,13].
[[3,8,1,0,0,0,2,3,0],5,3].
[[3,8,1,1,2,2,1,2,1],258,142].
[[3,8,1,0,0,0,1,1,1],30,19].
[[2,9,2,1,1,2,1,2,0],43,28].
[[3,8,0,1,1,2,1,2,0],30,30].
[[1,8,0,0,0,0,2,3,0],25,39].
[[2,8,0,1,2,0,1,2,0],4,5].
[[3,5,0,1,2,0,1,2,0],20,0].
[[3,8,0,1,2,2,2,3,0],38,122].
[[1,9,2,1,1,2,2,1,1],70,34].
[[2,9,1,1,1,2,1,1,1],3,8].
[[2,9,2,1,1,2,1,1,1],27,35].
[[3,9,2,1,1,2,1,1,1],16,49].
[[2,9,2,1,2,2,1,2,0],59,62].
[[3,9,2,1,2,2,1,2,0],27,52].
[[3,6,1,1,2,2,2,3,1],41,1].
[[3,9,2,1,2,2,2,1,1],11,26].
[[2,5,0,1,2,2,1,2,0],18,0].
[[3,5,0,1,2,2,1,2,0],52,0].
[[2,7,1,1,2,2,1,2,1],23,7].
[[1,8,0,1,2,2,2,3,1],54,47].
[[2,8,0,1,1,2,2,3,1],68,57].
[[3,8,0,1,1,2,2,2,1],30,59].
[[3,8,1,0,0,0,2,3,1],30,16].
[[3,8,0,1,2,2,1,1,1],24,60].
[[3,8,1,1,2,0,2,2,1],40,28].
[[2,8,0,1,2,2,2,1,0],28,29].
[[2,9,2,1,1,2,2,3,1],63,61].
[[3,9,2,1,1,2,2,3,1],5,19].
[[1,8,0,1,2,2,2,2,0],26,26].
[[3,9,2,1,1,2,2,2,0],2,36].
[[2,8,0,1,2,2,1,2,1],37,37].
[[2,9,1,0,0,0,1,2,1],7,19].
[[1,8,1,1,2,2,2,1,1],93,37].
[[2,8,1,1,1,2,2,1,1],56,15].
[[3,8,1,1,1,2,2,1,1],47,30].
[[2,6,0,1,2,2,0,0,0],13,12].
[[3,6,0,1,2,2,2,3,1],3,15].
[[2,9,2,1,2,2,2,3,1],55,150].
[[3,8,1,1,1,2,2,3,1],66,39].
[[1,8,0,1,2,2,2,2,1],36,33].
[[2,7,1,1,2,2,2,2,1],53,16].
[[1,8,0,0,0,0,2,3,1],30,43].
[[2,8,0,0,0,0,2,3,1],28,71].
[[3,8,0,1,2,0,2,3,1],7,23].
[[3,8,0,1,2,2,2,1,1],36,68].
[[1,9,2,0,0,0,1,1,1],21,37].
[[3,8,0,0,0,0,1,1,1],6,13].
[[2,8,0,1,2,2,2,1,1],34,58].
[[1,9,2,1,2,2,2,1,1],125,168].
[[3,8,0,1,2,0,2,3,0],11,26].
[[1,8,1,0,0,0,2,1,1],127,50].
[[2,7,1,0,0,0,2,1,1],19,9].
[[3,7,1,1,2,0,2,1,1],14,8].
[[2,9,2,0,0,0,2,1,1],25,56].
[[3,6,1,1,2,2,2,2,1],27,1].
[[1,6,1,0,0,0,0,0,0],77,7].
[[2,6,1,1,2,0,0,0,0],11,0].
[[3,6,1,1,2,0,2,2,0],2,0].
[[3,9,2,0,0,0,1,1,1],3,11].
[[2,6,1,0,0,0,0,0,0],26,1].
[[3,2,1,0,0,0,0,0,0],3,0].
[[2,8,1,1,1,2,0,0,0],18,2].
[[3,8,1,1,1,2,2,2,1],60,25].
[[2,8,0,1,1,2,1,2,1],29,16].
[[3,8,0,1,1,2,1,2,1],47,86].
[[2,9,2,1,2,2,2,3,0],55,163].
[[3,9,1,1,2,2,2,2,0],2,23].
[[2,9,2,1,1,2,2,3,0],42,70].
[[2,9,2,1,2,2,0,0,0],1,43].
[[3,9,2,1,2,2,2,3,0],4,66].
[[2,9,1,1,2,2,2,2,0],5,13].
[[3,8,0,1,2,2,2,2,0],23,82].
[[2,7,1,1,2,2,2,1,1],36,6].
[[3,7,1,1,1,2,1,1,1],26,15].
[[3,9,2,1,2,2,1,1,1],16,40].
[[1,9,2,1,2,0,1,2,0],2,8].
[[2,9,2,1,2,2,1,1,0],18,29].
[[3,8,1,1,1,0,2,1,1],7,13].
[[2,8,1,0,0,0,1,1,1],40,30].
[[2,7,1,1,2,0,2,1,1],6,4].
[[3,3,1,1,2,0,2,1,1],1,1].
[[1,4,2,1,2,0,2,3,1],21,1].
[[2,4,2,1,2,0,2,3,1],59,1].
[[3,4,2,1,2,0,1,2,1],230,2].
[[3,9,1,1,1,2,1,2,1],14,45].
[[1,7,1,0,0,0,2,3,1],6,2].
[[2,7,1,0,0,0,1,2,1],9,4].
[[3,8,0,0,0,0,2,1,1],9,11].
[[3,9,1,1,2,2,1,2,0],20,29].
[[3,8,0,1,1,2,2,3,1],31,72].
[[3,7,1,1,2,0,2,3,1],30,18].
[[3,9,1,1,1,2,1,2,0],8,19].
[[2,8,0,1,2,0,2,1,1],14,9].
[[3,8,0,1,2,0,1,2,1],12,36].
[[3,8,1,0,0,0,2,2,0],3,2].
[[3,8,1,1,2,2,2,2,0],12,16].
[[1,7,2,1,2,2,0,0,0],32,6].
[[2,7,2,1,2,2,2,2,1],31,1].
[[3,7,2,1,2,2,1,2,1],59,1].
[[2,7,1,1,2,0,0,0,0],7,12].
[[3,7,1,1,2,0,0,0,0],13,7].
[[3,4,2,1,2,0,1,2,0],65,1].
[[1,8,0,1,2,2,2,3,0],44,32].
[[3,7,0,1,2,2,2,2,0],6,9].
[[1,8,1,1,2,2,2,2,1],155,51].
[[3,7,1,0,0,0,2,1,1],19,8].
[[2,4,2,1,2,0,2,3,0],43,2].
[[2,9,1,1,1,2,1,1,0],2,3].
[[3,5,0,1,1,2,1,1,0],13,2].
[[2,7,1,0,0,0,2,3,1],41,9].
[[1,6,1,1,2,2,0,0,0],42,1].
[[2,6,1,1,2,2,0,0,0],35,2].
[[2,7,2,0,0,0,2,3,1],41,3].
[[1,7,2,0,0,0,2,2,1],20,2].
[[2,7,2,1,2,0,2,2,1],14,3].
[[3,3,2,1,2,0,2,2,1],11,0].
[[2,9,2,1,1,2,0,0,0],6,31].
[[3,9,2,1,1,2,0,0,0],0,2].
[[3,6,1,0,0,0,2,3,1],15,0].
[[1,9,2,1,2,2,1,2,0],54,43].
[[2,9,1,1,2,2,1,2,0],7,13].
[[3,5,0,1,2,2,1,1,1],64,2].
[[3,9,1,1,1,0,1,2,1],2,11].
[[1,7,2,1,2,2,2,2,1],7,1].
[[2,7,2,1,1,2,1,2,1],3,0].
[[3,7,1,1,1,2,1,2,1],46,13].
[[2,7,2,1,2,2,0,0,0],41,7].
[[2,9,2,1,2,0,2,3,1],10,31].
[[3,3,1,1,2,2,2,2,1],19,1].
[[2,8,0,1,1,2,2,2,1],39,40].
[[3,7,0,1,1,2,2,2,1],8,11].
[[3,9,2,1,2,2,2,2,0],3,45].
[[2,8,0,0,0,0,2,1,1],19,28].
[[3,7,0,0,0,0,2,3,1],8,4].
[[1,8,0,1,1,2,2,3,1],15,7].
[[1,8,1,0,0,0,1,1,1],12,23].
[[3,3,2,0,0,0,2,3,1],7,0].
[[2,9,2,1,2,2,1,1,1],38,52].
[[2,8,0,1,1,2,0,0,0],28,50].
[[3,7,0,1,1,2,0,0,0],1,17].
[[1,9,2,1,2,0,0,0,0],6,37].
[[3,7,1,1,2,2,0,0,0],35,19].
[[2,8,1,1,2,2,0,0,0],47,45].
[[2,6,0,1,2,2,2,2,1],5,3].
[[3,6,0,1,2,2,1,2,1],2,2].
[[3,7,2,1,1,2,2,1,1],13,1].
[[3,4,2,1,2,0,2,1,1],73,2].
[[3,3,2,0,0,0,0,0,0],12,0].
[[2,7,1,1,1,2,2,1,1],13,0].
[[2,6,1,1,2,2,2,3,1],27,0].
[[2,8,1,1,2,0,1,2,1],44,30].
[[3,8,0,1,2,2,0,0,0],0,26].
[[2,8,1,1,1,0,2,3,1],4,7].
[[3,7,1,1,1,0,2,3,1],7,9].
[[3,5,0,1,2,2,1,2,1],9,4].
[[2,8,0,1,2,0,2,3,0],7,11].
[[3,8,0,1,2,0,1,2,0],9,16].
[[3,9,2,1,2,2,2,2,1],10,30].
[[2,8,1,1,2,2,1,1,1],47,45].
[[3,8,1,1,1,0,1,1,1],7,20].
[[1,7,2,0,0,0,2,1,1],12,1].
[[2,7,2,1,2,2,1,2,1],18,2].
[[3,7,2,1,1,2,1,2,1],18,1].
[[3,8,1,1,2,2,2,3,0],12,21].
[[3,7,0,1,2,2,2,3,0],11,12].
[[1,9,2,1,2,2,1,1,1],38,35].
[[1,9,2,1,2,0,2,2,0],13,19].
[[2,8,0,1,2,0,2,2,0],6,9].
[[3,8,0,1,2,0,1,1,0],3,5].
[[2,9,2,1,2,0,2,1,0],4,14].
[[3,8,0,1,2,2,1,2,0],38,70].
[[3,7,1,1,2,2,2,2,1],110,31].
[[2,9,2,1,1,2,2,1,1],50,39].
[[1,9,2,1,2,2,2,1,0],50,52].
[[2,9,2,1,2,2,2,1,0],22,38].
[[2,9,2,0,0,0,2,2,0],29,68].
[[2,8,0,1,2,2,1,2,0],21,22].
[[2,8,1,0,0,0,2,2,0],19,12].
[[3,8,1,1,2,0,2,2,0],4,9].
[[1,8,1,1,1,2,2,3,1],51,9].
[[2,7,2,1,1,2,2,3,1],8,0].
[[3,8,1,1,2,2,1,1,0],11,8].
[[1,8,1,1,2,0,2,3,0],6,3].
[[1,8,1,1,2,2,2,2,0],24,2].
[[2,8,1,1,2,2,2,2,0],27,10].
[[3,8,1,1,1,2,1,2,0],19,5].
[[3,4,2,1,2,0,2,3,1],106,3].
[[2,8,1,0,0,0,0,0,0],31,18].
[[3,6,1,0,0,0,0,0,0],0,1].
[[3,9,1,1,2,2,2,3,0],5,35].
[[3,8,0,1,1,0,1,2,1],6,14].
[[1,8,0,0,0,0,2,1,1],11,23].
[[3,8,0,0,0,0,2,2,1],10,17].
[[3,7,2,1,1,2,2,2,1],12,1].
[[3,5,0,0,0,0,1,2,0],10,0].
[[3,7,2,1,2,0,2,3,1],18,6].
[[3,7,0,1,2,2,2,3,1],8,11].
[[3,9,2,1,1,2,2,3,0],2,53].
[[2,8,0,1,2,0,2,3,1],6,20].
[[3,9,1,1,2,2,1,1,1],6,26].
[[2,7,0,1,2,2,0,0,0],6,9].
[[3,7,0,1,2,2,2,2,1],9,20].
[[2,8,0,0,0,0,2,1,0],10,18].
[[3,8,0,1,2,2,2,1,0],15,34].
[[2,9,1,1,2,2,1,1,1],7,19].
[[3,7,2,0,0,0,2,3,1],22,0].
[[2,9,2,0,0,0,1,2,0],39,39].
[[1,6,1,0,0,0,2,1,1],7,0].
[[2,3,2,0,0,0,2,1,1],6,0].
[[3,3,2,0,0,0,1,1,1],1,0].
[[3,9,2,1,1,2,2,1,1],9,19].
[[3,9,2,1,2,0,2,3,0],0,18].
[[2,7,1,0,0,0,2,2,0],4,1].
[[3,7,1,1,2,2,2,2,0],15,3].
[[1,7,2,1,2,2,1,2,1],3,0].
[[3,3,2,1,2,2,1,2,1],3,0].
[[2,8,1,1,2,0,2,2,1],56,27].
[[3,7,1,0,0,0,1,1,1],11,10].
[[1,8,0,0,0,0,2,2,1],20,34].
[[2,8,0,0,0,0,1,2,1],12,21].
[[3,8,1,1,2,2,1,2,0],38,3].
[[3,7,1,0,0,0,0,0,0],11,7].
[[2,9,1,1,2,2,1,2,1],19,45].
[[2,8,1,1,2,2,1,1,0],6,3].
[[2,4,2,1,2,0,1,2,1],66,1].
[[3,4,2,1,2,0,2,3,0],53,2].
[[3,7,0,1,1,2,2,3,1],9,18].
[[2,9,2,1,2,0,2,2,0],9,30].
[[2,7,1,1,2,0,2,3,1],11,7].
[[2,8,1,1,2,0,2,3,0],5,5].
[[2,9,2,0,0,0,2,1,0],9,29].
[[3,6,0,1,2,2,2,2,0],2,5].
[[3,9,1,1,1,2,2,2,1],3,4].
[[2,9,1,1,1,2,1,2,0],5,8].
[[1,9,2,1,2,2,1,1,0],21,15].
[[2,8,0,1,1,2,1,2,0],13,8].
[[3,7,0,1,1,2,1,2,0],3,2].
[[2,3,1,0,0,0,0,0,0],13,0].
[[3,3,2,1,2,0,0,0,0],8,0].
[[1,9,2,1,2,0,2,1,0],3,5].
[[3,8,0,1,2,0,2,1,0],1,11].
[[2,7,0,1,1,2,0,0,0],2,3].
[[2,3,2,0,0,0,0,0,0],13,0].
[[3,9,2,0,0,0,1,2,1],10,38].
[[1,8,0,0,0,0,2,1,0],7,12].
[[2,6,0,0,0,0,2,1,0],1,0].
[[3,6,0,0,0,0,1,1,0],1,0].
[[3,7,2,1,1,2,2,3,1],20,2].
[[1,8,1,1,2,0,2,3,1],27,16].
[[3,3,1,1,2,2,2,1,1],7,0].
[[2,7,2,1,2,2,2,3,1],35,2].
[[3,7,1,1,1,2,0,0,0],18,8].
[[2,9,2,1,2,0,1,2,0],7,13].
[[3,8,0,1,1,0,1,2,0],3,6].
[[1,8,1,1,1,2,1,2,1],13,4].
[[2,8,1,1,1,2,1,2,1],70,12].
[[3,3,2,1,2,2,2,2,1],4,0].
[[2,9,2,1,1,0,2,1,0],1,0].
[[3,9,2,1,1,0,1,2,0],3,8].
[[3,6,1,0,0,0,2,2,0],3,0].
[[3,9,1,1,2,0,1,2,0],3,13].
[[1,9,2,1,1,2,2,1,0],36,12].
[[2,4,2,1,2,0,2,1,0],13,0].
[[3,4,2,1,2,0,2,1,0],15,1].
[[3,7,1,1,1,0,0,0,0],0,6].
[[1,8,1,1,1,2,2,2,1],34,1].
[[2,7,1,1,1,2,2,2,1],20,1].
[[3,7,1,1,2,2,2,3,0],23,11].
[[2,8,0,0,0,0,2,2,1],32,49].
[[2,9,1,1,2,0,1,2,1],1,9].
[[1,9,2,0,0,0,1,1,0],14,18].
[[1,7,1,1,2,2,2,1,1],5,1].
[[2,8,0,1,1,2,2,3,0],31,37].
[[2,4,2,1,2,0,2,1,1],33,1].
[[3,4,2,1,2,0,1,1,1],94,2].
[[3,8,1,0,0,0,2,1,1],28,18].
[[3,4,2,1,2,0,2,2,1],70,2].
[[1,7,2,1,2,2,2,3,1],12,0].
[[2,3,1,1,2,2,0,0,0],14,3].
[[2,5,0,1,1,2,1,2,0],6,0].
[[3,9,2,1,2,2,2,1,0],1,18].
[[2,7,0,1,2,2,2,2,1],2,2].
[[2,9,1,0,0,0,2,2,0],4,5].
[[3,8,0,1,2,0,2,2,0],5,24].
[[2,6,1,0,0,0,1,2,1],7,0].
[[3,6,1,1,2,2,1,2,1],17,0].
[[3,7,0,0,0,0,2,3,0],2,5].
[[3,6,1,1,2,0,2,2,1],11,2].
[[3,9,2,1,2,0,2,2,1],2,12].
[[3,3,1,0,0,0,0,0,0],12,1].
[[3,8,0,1,1,2,2,1,1],32,41].
[[3,7,2,1,2,0,1,2,1],19,2].
[[3,9,2,1,1,2,1,1,0],8,18].
[[1,7,1,0,0,0,2,1,1],4,1].
[[2,8,0,1,2,0,2,2,1],4,20].
[[3,8,0,1,1,0,2,3,1],0,5].
[[3,9,2,1,2,2,2,3,1],7,30].
[[3,9,1,0,0,0,2,3,0],0,5].
[[1,8,1,1,2,0,2,2,0],0,3].
[[2,8,1,1,2,0,2,2,0],3,4].
[[3,7,2,1,1,0,1,2,1],6,6].
[[2,7,1,1,2,2,2,3,0],8,3].
[[2,3,1,1,2,2,2,1,1],1,0].
[[3,3,1,1,2,2,1,2,1],4,0].
[[1,7,1,1,2,2,2,2,0],3,0].
[[1,8,1,1,1,2,2,2,0],2,0].
[[2,7,1,0,0,0,2,2,1],42,16].
[[3,7,1,1,2,0,1,2,1],23,12].
[[2,7,1,1,2,2,2,2,0],10,2].
[[3,7,1,0,0,0,2,2,1],38,7].
[[2,8,0,0,0,0,1,2,0],10,6].
[[3,9,1,1,2,0,2,1,0],0,3].
[[2,5,0,0,0,0,1,1,1],9,1].
[[3,5,0,1,2,0,1,1,1],17,1].
[[3,9,1,1,2,0,1,2,1],10,28].
[[2,7,1,1,1,2,2,3,1],17,3].
[[2,6,0,1,1,2,0,0,0],2,7].
[[1,7,1,1,2,2,2,3,0],1,0].
[[2,3,1,1,2,2,2,3,0],1,0].
[[3,3,1,1,1,2,2,2,1],2,0].
[[3,6,1,1,1,2,2,3,1],13,0].
[[2,9,1,0,0,0,1,1,1],5,10].
[[3,9,1,0,0,0,1,1,1],0,11].
[[1,9,2,0,0,0,1,2,0],53,44].
[[3,8,0,1,1,0,1,1,1],1,4].
[[3,7,1,1,2,0,2,2,1],37,18].
[[2,9,1,1,1,2,2,1,1],4,8].
[[3,3,0,1,2,2,0,0,0],0,1].
[[2,5,0,1,2,2,1,1,0],6,1].
[[3,9,1,1,2,0,1,1,1],4,19].
[[1,7,2,0,0,0,2,3,1],23,2].
[[3,7,2,1,2,0,2,2,1],17,3].
[[3,7,0,1,1,2,2,1,1],3,5].
[[2,9,1,0,0,0,2,2,1],1,4].
[[2,4,2,1,2,0,1,1,1],26,1].
[[3,7,2,1,2,0,2,1,1],14,1].
[[3,8,1,1,1,0,2,2,1],7,8].
[[3,8,1,1,2,0,2,1,0],3,0].
[[2,9,2,1,2,0,2,2,1],12,39].
[[3,8,0,1,2,0,2,2,1],10,22].
[[2,9,1,0,0,0,2,3,0],3,7].
[[3,9,1,0,0,0,1,1,0],1,3].
[[3,3,2,0,0,0,1,2,1],3,0].
[[3,9,1,1,1,0,1,1,1],2,3].
[[2,8,1,1,2,0,0,0,0],9,7].
[[3,7,0,1,1,2,2,3,0],6,8].
[[1,8,1,0,0,0,2,2,0],25,10].
[[3,7,1,0,0,0,2,2,0],2,2].
[[3,7,0,1,2,2,1,2,1],6,7].
[[1,8,0,1,2,2,2,1,0],15,12].
[[2,8,0,1,1,2,2,1,0],11,10].
[[1,9,2,1,2,0,2,1,1],15,19].
[[2,9,2,1,1,0,1,1,1],1,3].
[[3,5,0,1,1,0,1,1,1],4,4].
[[1,8,0,0,0,0,2,2,0],15,6].
[[3,3,2,1,2,2,2,1,1],7,0].
[[3,8,0,1,2,0,2,1,1],6,21].
[[3,6,1,0,0,0,2,2,1],15,1].
[[1,4,2,1,2,0,2,3,0],9,1].
[[3,8,0,1,1,2,2,1,0],3,16].
[[1,4,2,1,2,0,1,2,1],11,0].
[[2,7,2,1,1,2,2,2,1],5,0].
[[3,9,1,1,2,2,2,1,1],4,13].
[[3,6,0,1,2,0,2,1,1],4,1].
[[1,8,0,1,2,2,1,1,0],1,1].
[[2,6,0,1,2,2,1,1,0],1,0].
[[3,6,0,1,2,2,1,1,0],3,1].
[[1,7,2,1,2,2,2,1,1],4,1].
[[2,7,2,1,1,2,2,1,1],5,1].
[[3,9,2,0,0,0,2,3,0],3,15].
[[2,9,1,0,0,0,2,1,1],2,3].
[[2,9,1,1,2,2,2,1,0],2,3].
[[3,3,2,1,2,0,1,2,1],9,0].
[[3,6,0,1,1,2,2,3,1],3,10].
[[2,8,0,1,2,2,1,1,0],7,5].
[[2,3,2,1,2,0,0,0,0],3,0].
[[3,9,2,1,2,0,1,1,0],3,10].
[[2,8,0,1,2,2,1,1,1],6,17].
[[3,7,0,1,2,2,1,1,1],2,4].
[[2,6,1,1,2,2,2,1,1],14,2].
[[3,6,1,1,2,2,2,1,1],22,2].
[[3,8,1,0,0,0,2,2,1],22,14].
[[2,9,2,1,1,2,2,1,0],9,19].
[[2,8,0,1,2,0,1,2,1],1,4].
[[1,6,1,0,0,0,2,3,1],7,1].
[[2,3,2,0,0,0,2,3,1],8,0].
[[3,8,0,1,1,0,2,1,1],3,3].
[[1,8,1,1,2,0,2,2,1],19,13].
[[3,9,1,1,2,0,2,3,0],0,5].
[[3,7,1,1,1,0,2,3,0],1,0].
[[1,8,1,1,2,2,2,1,0],4,2].
[[2,8,1,1,2,2,2,1,0],6,2].
[[3,7,1,1,2,2,2,1,0],5,2].
[[3,7,2,1,2,2,1,1,1],24,4].
[[1,8,1,1,2,0,1,1,0],0,1].
[[2,6,0,0,0,0,2,2,0],0,1].
[[3,8,1,1,2,0,1,2,0],11,5].
[[2,4,2,1,2,0,2,2,1],43,2].
[[2,5,0,1,2,0,1,1,0],3,0].
[[3,5,0,1,1,0,1,1,0],1,1].
[[2,7,0,0,0,0,0,0,0],3,4].
[[3,7,0,1,2,2,2,1,0],2,5].
[[2,9,1,1,2,2,2,2,1],0,4].
[[1,8,0,1,1,2,1,2,0],3,1].
[[3,8,0,1,2,0,1,1,1],5,13].
[[2,6,1,1,2,0,2,3,1],8,3].
[[3,6,1,1,2,0,2,3,1],16,0].
[[1,7,1,1,2,2,2,3,1],6,2].
[[2,7,1,1,1,2,1,2,1],9,3].
[[3,7,1,1,2,0,2,2,0],3,1].
[[1,8,0,1,1,2,2,2,1],13,10].
[[3,6,0,1,1,2,1,1,1],0,1].
[[2,7,1,0,0,0,1,1,1],2,4].
[[3,7,1,1,2,0,1,1,1],7,8].
[[3,6,1,1,2,0,2,1,1],17,1].
[[1,9,2,1,2,0,2,3,1],20,44].
[[3,9,1,1,1,0,2,2,0],0,1].
[[3,8,1,0,0,0,1,2,0],12,3].
[[3,3,1,1,2,0,0,0,0],6,1].
[[3,7,0,1,2,2,2,1,1],2,5].
[[1,9,2,1,2,0,1,2,1],8,14].
[[3,6,0,1,2,0,1,2,1],1,2].
[[2,9,2,1,2,0,1,1,0],6,9].
[[3,8,1,1,1,0,1,2,0],4,7].
[[2,6,1,1,2,0,2,1,1],4,0].
[[1,9,2,1,2,0,2,2,1],14,28].
[[2,8,1,1,2,0,1,2,0],3,6].
[[3,7,1,1,2,0,1,2,0],0,1].
[[2,9,2,1,2,0,2,1,1],10,29].
[[1,8,1,1,2,2,2,3,0],32,7].
[[3,7,2,0,0,0,2,1,1],18,2].
[[3,8,1,1,2,2,2,1,0],1,2].
[[3,5,0,1,1,2,1,2,1],10,2].
[[1,8,0,1,1,2,2,1,0],6,0].
[[2,8,0,1,1,2,1,1,0],4,3].
[[2,7,2,0,0,0,1,2,1],9,3].
[[3,7,2,0,0,0,1,2,1],18,0].
[[1,9,2,1,2,0,1,1,1],4,3].
[[1,7,1,1,2,2,2,2,1],12,4].
[[1,8,1,0,0,0,2,1,0],18,3].
[[2,8,1,1,2,0,2,1,0],2,1].
[[3,8,1,1,2,0,1,1,0],8,4].
[[3,9,2,0,0,0,2,1,1],1,7].
[[2,7,1,1,1,2,2,3,0],4,0].
[[2,3,1,0,0,0,2,2,1],2,0].
[[3,3,1,0,0,0,2,2,1],6,0].
[[3,8,0,0,0,0,2,3,1],10,14].
[[3,8,0,0,0,0,2,2,0],8,13].
[[2,6,1,0,0,0,2,3,0],1,1].
[[3,6,1,0,0,0,1,2,0],1,1].
[[1,8,0,1,2,2,1,2,0],3,2].
[[2,7,1,1,2,2,1,2,0],2,0].
[[3,3,1,1,2,2,1,2,0],1,0].
[[1,7,2,1,2,0,0,0,0],9,5].
[[3,7,2,1,1,0,2,1,1],3,0].
[[2,9,2,0,0,0,1,1,0],6,16].
[[3,9,2,0,0,0,1,1,0],2,7].
[[2,7,2,0,0,0,2,1,1],18,1].
[[1,6,0,0,0,0,2,3,1],1,0].
[[2,6,0,0,0,0,2,3,1],3,1].
[[2,5,0,0,0,0,1,2,0],7,0].
[[2,6,1,1,1,2,2,2,0],1,0].
[[3,6,1,1,1,2,2,2,0],1,0].
[[2,9,1,1,2,2,1,1,0],1,6].
[[3,9,1,1,2,2,1,1,0],6,3].
[[2,7,0,1,1,2,2,2,1],1,3].
[[3,7,0,1,2,2,0,0,0],4,15].
[[2,8,1,1,2,2,1,2,0],25,8].
[[1,9,2,1,1,2,1,2,1],42,16].
[[3,9,1,1,2,0,2,1,1],0,4].
[[2,6,1,0,0,0,2,2,1],15,3].
[[2,9,2,1,1,0,2,3,0],1,7].
[[3,8,0,1,1,0,2,3,0],1,8].
[[1,8,0,1,1,2,2,3,0],10,4].
[[3,7,1,0,0,0,2,3,0],5,4].
[[3,3,1,1,1,2,2,3,1],4,0].
[[3,9,1,1,2,0,1,1,0],2,5].
[[3,7,0,0,0,0,2,2,0],2,1].
[[3,7,1,0,0,0,2,1,0],0,1].
[[2,9,2,1,2,0,1,1,1],11,18].
[[1,8,0,1,1,2,2,2,0],15,5].
[[3,8,0,1,1,2,1,1,0],9,10].
[[2,9,1,1,1,2,1,2,1],14,9].
[[3,6,0,1,1,2,2,2,1],4,4].
[[2,7,1,1,2,0,2,2,1],9,2].
[[2,5,0,0,0,0,1,1,0],4,0].
[[1,7,1,1,2,2,1,1,1],1,0].
[[3,3,1,1,2,2,1,1,1],2,0].
[[2,9,1,1,2,0,1,1,0],0,5].
[[3,7,2,1,2,0,1,1,1],12,5].
[[2,6,1,0,0,0,2,2,0],4,0].
[[3,8,0,1,1,0,2,2,0],0,4].
[[1,8,0,1,2,2,1,1,1],0,2].
[[3,7,2,1,1,0,1,1,1],1,7].
[[2,9,2,0,0,0,0,0,0],0,23].
[[2,7,2,1,1,2,0,0,0],6,1].
[[3,3,1,1,2,2,2,3,1],22,0].
[[1,8,1,1,1,2,2,1,1],21,3].
[[2,6,0,0,0,0,0,0,0],4,4].
[[3,6,0,1,2,0,2,3,1],2,3].
[[3,3,1,1,1,2,2,1,1],3,0].
[[3,7,0,1,2,0,2,3,0],4,3].
[[3,8,0,0,0,0,2,1,0],1,16].
[[3,7,0,1,2,2,1,2,0],5,2].
[[1,6,1,0,0,0,2,2,1],4,1].
[[2,6,1,1,2,0,2,2,1],6,3].
[[1,4,2,1,2,0,2,2,1],16,1].
[[1,3,2,0,0,0,0,0,0],4,0].
[[3,6,0,1,1,2,2,1,1],2,5].
[[2,8,0,1,2,0,0,0,0],2,15].
[[3,7,0,1,1,2,2,2,0],8,9].
[[3,6,0,1,1,2,0,0,0],0,2].
[[3,8,0,1,1,0,2,2,1],0,6].
[[2,8,0,0,0,0,1,1,1],1,6].
[[3,6,1,1,1,2,1,2,1],9,0].
[[3,3,1,0,0,0,2,2,0],1,0].
[[3,7,1,1,1,2,2,2,0],10,2].
[[1,8,0,1,1,2,2,1,1],11,3].
[[3,7,1,1,2,2,1,2,0],16,0].
[[3,7,1,1,1,0,1,2,1],4,4].
[[3,9,2,1,2,0,2,1,1],2,5].
[[3,7,0,1,2,0,0,0,0],2,7].
[[3,6,1,1,1,0,2,3,1],4,3].
[[2,8,1,0,0,0,1,2,0],13,4].
[[2,9,2,1,1,0,1,2,1],4,8].
[[1,8,1,1,2,0,1,1,1],3,4].
[[2,6,1,1,2,0,1,1,1],2,0].
[[3,6,1,1,1,0,1,1,1],1,2].
[[3,7,2,1,2,2,0,0,0],11,3].
[[3,8,1,1,1,0,2,3,1],7,5].
[[3,6,1,0,0,0,1,2,1],12,2].
[[2,9,2,1,1,0,2,2,0],1,3].
[[3,9,2,1,1,0,1,1,0],3,5].
[[1,8,1,1,1,2,1,2,0],1,0].
[[2,8,1,1,1,2,1,2,0],4,1].
[[3,6,1,1,1,2,1,2,0],1,0].
[[3,9,1,1,2,2,2,2,1],1,4].
[[2,7,1,0,0,0,2,1,0],1,0].
[[3,7,1,0,0,0,1,2,0],5,0].
[[2,6,1,0,0,0,2,1,1],14,1].
[[2,9,2,1,2,0,0,0,0],0,13].
[[2,4,2,1,2,0,1,1,0],10,0].
[[2,8,1,0,0,0,2,1,0],5,2].
[[3,9,1,1,2,0,2,2,0],0,7].
[[2,6,0,1,2,2,2,3,1],2,2].
[[3,6,0,1,1,2,1,2,1],2,2].
[[3,8,1,1,2,0,2,3,0],5,9].
[[2,7,0,1,1,2,2,3,0],2,1].
[[3,6,0,0,0,0,1,2,1],2,0].
[[2,6,1,0,0,0,2,3,1],34,1].
[[2,5,0,1,2,0,1,2,0],4,1].
[[3,9,2,1,1,0,1,1,1],0,4].
[[3,9,2,1,1,2,2,1,0],0,9].
[[2,9,1,1,1,2,2,1,0],1,0].
[[3,9,1,1,1,2,2,1,0],1,2].
[[3,8,1,1,1,2,1,1,0],5,5].
[[3,3,2,0,0,0,2,1,1],5,0].
[[3,7,1,1,1,0,2,1,1],4,3].
[[3,7,2,1,1,2,0,0,0],8,0].
[[1,6,0,1,2,2,0,0,0],7,8].
[[2,6,0,1,2,2,2,2,0],3,2].
[[3,6,0,1,1,2,2,2,0],1,3].
[[2,8,1,1,1,2,2,3,0],17,6].
[[3,7,0,0,0,0,0,0,0],2,3].
[[1,4,2,1,2,0,2,2,0],9,1].
[[3,3,2,0,0,0,2,2,1],8,0].
[[2,9,1,1,2,2,2,1,1],2,12].
[[3,7,0,0,0,0,2,2,1],1,3].
[[3,9,1,1,1,2,1,1,0],1,5].
[[3,3,2,1,2,0,2,1,1],0,1].
[[3,6,1,1,2,0,0,0,0],3,0].
[[2,8,1,1,1,0,2,2,1],1,4].
[[3,7,1,1,1,0,2,2,1],1,4].
[[3,7,0,0,0,0,1,2,1],5,2].
[[2,9,1,0,0,0,1,1,0],3,2].
[[3,7,1,1,1,2,2,3,0],8,6].
[[3,9,2,1,2,0,2,2,0],2,15].
[[3,3,1,1,2,0,1,2,1],3,0].
[[1,6,1,1,2,2,2,3,1],4,0].
[[2,9,1,1,2,0,2,2,0],0,2].
[[3,6,1,1,1,2,2,1,1],6,0].
[[2,7,2,1,2,0,2,1,1],4,1].
[[3,9,2,1,2,0,1,2,0],9,13].
[[2,7,2,1,2,0,1,1,1],5,1].
[[2,9,2,1,1,0,1,2,0],0,4].
[[1,7,2,1,2,0,2,2,1],4,1].
[[3,9,2,1,2,0,2,1,0],1,9].
[[2,6,1,1,2,0,1,2,1],2,0].
[[3,6,1,1,1,0,1,2,1],2,1].
[[3,5,0,1,2,0,1,2,1],5,0].
[[3,6,0,1,2,2,2,1,0],3,2].
[[3,6,1,1,2,2,0,0,0],10,0].
[[2,9,2,1,1,2,1,1,0],10,8].
[[2,9,1,1,2,0,1,1,1],1,1].
[[2,9,1,1,2,0,2,1,1],0,2].
[[2,9,1,1,2,0,1,2,0],3,2].
[[3,3,1,1,1,2,0,0,0],5,0].
[[3,7,2,1,1,2,1,1,1],8,3].
[[3,5,0,0,0,0,1,1,1],10,2].
[[2,7,0,0,0,0,2,1,0],1,1].
[[3,7,0,0,0,0,1,1,1],1,1].
[[2,8,1,1,1,2,2,2,0],9,3].
[[3,7,0,1,2,0,1,2,0],0,1].
[[2,7,0,1,2,2,2,2,0],3,2].
[[2,3,2,1,2,0,2,2,1],2,0].
[[3,3,2,1,2,0,1,1,1],2,0].
[[3,7,0,1,1,2,1,2,1],4,1].
[[3,9,1,1,1,2,2,2,0],0,15].
[[2,7,2,1,2,0,1,2,1],6,3].
[[2,2,1,0,0,0,0,0,0],6,0].
[[3,2,1,0,0,0,2,1,1],1,0].
[[1,6,1,0,0,0,1,2,1],1,0].
[[3,6,0,1,2,2,2,2,1],5,6].
[[3,9,1,0,0,0,2,2,0],0,2].
[[3,9,1,1,1,2,2,1,1],1,7].
[[3,7,1,1,1,2,1,1,0],6,1].
[[2,7,1,1,1,2,1,1,1],6,1].
[[2,8,0,1,2,0,2,1,0],0,3].
[[3,6,1,1,1,2,1,1,1],5,0].
[[3,6,1,0,0,0,2,1,1],8,0].
[[2,6,0,1,2,2,2,3,0],4,5].
[[3,6,0,1,2,2,1,2,0],1,2].
[[3,7,0,1,2,0,2,3,1],0,5].
[[1,8,0,1,2,2,1,2,1],3,2].
[[2,5,0,1,1,2,1,1,0],3,0].
[[3,9,2,0,0,0,2,3,1],2,5].
[[2,8,1,1,2,0,1,1,0],3,2].
[[3,7,1,1,1,0,1,1,0],1,0].
[[3,9,2,0,0,0,2,2,1],2,8].
[[2,5,0,1,2,2,1,2,1],4,1].
[[1,6,0,1,2,2,2,3,0],0,2].
[[3,6,0,1,1,2,1,2,0],2,1].
[[3,9,1,1,1,2,2,3,0],1,14].
[[1,4,2,1,2,0,1,2,0],4,0].
[[2,8,0,0,0,0,1,1,0],3,4].
[[3,8,0,0,0,0,1,1,0],4,3].
[[2,7,2,1,2,2,1,1,1],8,1].
[[3,7,2,0,0,0,0,0,0],8,0].
[[2,7,1,0,0,0,2,3,0],8,1].
[[3,9,1,1,2,2,2,1,0],0,4].
[[3,6,0,1,2,0,0,0,0],0,2].
[[3,8,1,1,1,0,1,1,0],2,3].
[[3,9,2,1,2,0,2,3,1],1,9].
[[2,5,0,1,1,0,1,2,0],2,0].
[[2,9,1,1,2,0,2,3,0],0,4].
[[2,6,0,1,1,2,2,1,0],2,0].
[[2,7,2,1,1,2,1,1,1],1,0].
[[3,9,2,1,1,0,2,2,1],0,4].
[[3,8,0,1,1,0,2,1,0],1,1].
[[3,7,1,1,1,2,1,2,0],6,0].
[[3,3,1,1,2,0,2,3,1],8,0].
[[3,3,1,1,1,2,1,2,1],3,0].
[[3,6,1,1,2,2,2,2,0],5,0].
[[3,8,1,0,0,0,1,1,0],1,0].
[[3,7,0,0,0,0,2,1,1],2,2].
[[2,6,0,1,2,2,2,1,1],0,2].
[[3,6,0,1,2,2,2,1,1],0,6].
[[2,9,1,0,0,0,2,1,0],0,3].
[[1,6,1,1,2,2,2,2,1],1,0].
[[2,6,1,1,2,2,1,2,1],7,1].
[[1,8,1,0,0,0,1,2,0],5,2].
[[3,3,1,1,2,2,2,2,0],2,0].
[[2,6,1,1,2,2,2,2,0],1,0].
[[3,8,1,1,1,2,0,0,0],0,1].
[[1,6,1,0,0,0,1,1,1],1,0].
[[2,6,1,0,0,0,1,1,1],2,0].
[[3,6,1,0,0,0,1,1,1],6,1].
[[1,7,1,1,2,2,1,2,1],2,1].
[[2,7,2,1,1,0,2,1,1],1,1].
[[3,3,2,1,1,0,2,1,1],1,0].
[[1,4,2,1,2,0,1,1,1],4,0].
[[3,1,1,1,2,0,1,1,1],2,0].
[[3,6,1,1,2,0,1,1,0],0,1].
[[3,6,1,1,2,2,1,2,0],2,0].
[[3,7,1,1,2,0,2,3,0],6,1].
[[1,6,0,0,0,0,0,0,0],4,4].
[[2,6,0,0,0,0,2,3,0],2,2].
[[3,6,0,0,0,0,2,3,0],1,2].
[[2,6,1,1,2,2,2,2,1],13,0].
[[3,7,0,1,1,2,1,1,0],2,1].
[[2,7,0,0,0,0,2,2,1],1,0].
[[3,7,1,0,0,0,1,1,0],0,1].
[[3,9,2,1,1,0,2,3,1],0,1].
[[2,7,1,1,1,2,2,2,0],4,0].
[[3,6,1,0,0,0,2,3,0],4,0].
[[2,7,0,0,0,0,2,1,1],0,1].
[[2,6,0,1,1,2,2,2,1],2,0].
[[2,3,2,0,0,0,2,2,1],4,0].
[[3,6,1,1,1,2,2,2,1],10,0].
[[2,9,2,1,1,0,2,1,1],0,4].
[[3,6,1,1,2,2,2,3,0],10,0].
[[3,9,2,1,1,0,2,2,0],0,3].
[[1,6,1,0,0,0,2,2,0],3,0].
[[2,6,1,1,2,2,1,2,0],1,0].
[[3,3,1,0,0,0,2,1,1],7,0].
[[1,8,0,0,0,0,1,2,0],1,2].
[[2,6,0,1,2,2,1,2,0],0,1].
[[2,6,1,0,0,0,2,1,0],1,0].
[[3,6,1,1,2,0,1,2,0],1,0].
[[2,3,2,1,2,2,0,0,0],5,0].
[[3,3,2,1,1,2,2,3,1],1,0].
[[2,8,1,1,1,0,0,0,0],2,0].
[[3,7,2,1,1,0,2,2,1],5,3].
[[2,8,0,1,2,0,1,1,1],1,2].
[[2,7,2,0,0,0,1,1,1],2,2].
[[3,7,2,0,0,0,1,1,1],4,3].
[[3,6,0,1,2,2,1,1,1],0,1].
[[3,9,2,0,0,0,0,0,0],0,1].
[[3,3,2,1,2,2,2,3,1],7,0].
[[3,8,0,1,1,0,1,1,0],1,1].
[[2,7,0,1,1,2,2,3,1],1,0].
[[3,4,0,1,2,0,1,2,1],0,4].
[[1,7,2,0,0,0,1,2,1],6,2].
[[3,9,2,1,2,2,0,0,0],0,4].
[[2,6,1,1,1,2,0,0,0],4,0].
[[1,8,1,1,2,2,1,2,0],5,0].
[[2,9,2,1,1,0,2,2,1],0,4].
[[3,6,0,0,0,0,1,2,0],3,0].
[[1,9,2,1,2,0,1,1,0],1,2].
[[3,8,1,0,0,0,2,1,0],1,2].
[[2,8,1,1,1,0,2,2,0],0,1].
[[3,6,0,1,1,2,2,1,0],2,0].
[[2,3,1,1,2,2,2,2,1],2,0].
[[3,6,0,1,1,2,2,3,0],3,5].
[[2,7,2,1,1,0,2,3,1],2,2].
[[3,7,1,1,2,2,1,1,0],3,2].
[[1,8,1,1,1,2,2,3,0],3,0].
[[3,8,1,1,1,0,2,3,0],0,3].
[[2,9,1,1,1,2,2,3,0],6,0].
[[2,3,2,1,2,2,2,1,1],1,0].
[[3,2,1,1,2,2,2,3,1],2,0].
[[3,6,1,1,1,2,2,1,0],1,0].
[[2,3,2,0,0,0,1,2,1],2,0].
[[3,9,1,1,1,0,1,2,0],1,1].
[[2,7,2,1,1,0,2,2,1],2,1].
[[1,9,2,1,1,2,1,1,0],5,4].
[[3,7,1,1,2,0,2,1,0],1,1].
[[3,6,0,1,2,2,0,0,0],2,5].
[[3,3,1,0,0,0,2,3,0],1,0].
[[3,3,2,1,2,2,0,0,0],8,1].
[[1,4,2,1,2,0,2,1,1],8,0].
[[3,4,0,1,2,0,2,2,1],0,2].
[[2,7,0,1,2,2,2,1,0],1,3].
[[3,3,1,0,0,0,2,3,1],7,0].
[[2,9,1,1,1,2,2,3,1],1,0].
[[3,9,1,1,1,0,2,1,1],0,1].
[[2,9,1,1,2,0,0,0,0],0,1].
[[1,8,1,1,1,2,2,1,0],3,0].
[[2,8,1,1,1,2,1,1,0],4,1].
[[3,2,0,1,2,2,0,0,0],0,1].
[[3,5,0,0,0,0,1,1,0],3,0].
[[1,8,1,1,2,0,2,1,0],2,1].
[[2,7,0,1,1,2,2,2,0],1,1].
[[3,9,2,0,0,0,2,2,0],0,12].
[[3,4,0,1,2,0,2,3,1],0,1].
[[3,9,2,0,0,0,2,1,0],0,3].
[[2,9,2,1,1,0,2,3,1],0,4].
[[3,6,1,1,2,0,1,2,1],3,2].
[[2,6,1,1,1,2,2,2,1],3,0].
[[3,7,2,1,2,0,0,0,0],2,0].
[[3,6,0,1,2,0,2,3,0],2,0].
[[3,2,1,1,2,2,2,1,1],1,0].
[[2,6,1,1,2,2,2,3,0],4,0].
[[3,9,2,1,1,0,0,0,0],0,1].
[[3,6,1,1,2,2,1,1,0],1,0].
[[2,6,1,1,2,0,2,1,0],0,1].
[[3,6,1,1,2,0,2,3,0],2,2].
[[2,8,1,1,1,0,2,1,1],1,4].
[[1,2,1,0,0,0,0,0,0],1,0].
[[3,2,1,1,2,0,0,0,0],1,0].
[[3,3,1,1,2,2,2,3,0],3,1].
[[3,5,0,0,0,0,1,2,1],1,0].
[[3,6,0,0,0,0,2,1,1],1,3].
[[3,3,1,1,2,0,2,2,1],2,0].
[[2,8,1,1,1,2,2,1,0],3,0].
[[2,5,0,1,1,2,1,2,1],1,0].
[[1,8,1,1,2,0,1,2,0],0,1].
[[2,6,0,1,2,2,2,1,0],0,1].
[[3,8,1,1,2,0,0,0,0],0,2].
[[3,6,1,1,1,0,0,0,0],1,0].
[[3,9,1,0,0,0,2,1,1],0,2].
[[3,7,0,1,1,2,2,1,0],1,5].
[[1,4,2,1,2,0,2,1,0],2,0].
[[3,8,0,0,0,0,0,0,0],0,2].
[[3,3,1,1,1,2,1,1,1],2,0].
[[2,8,1,0,0,0,1,1,0],4,3].
[[3,7,1,1,2,0,1,1,0],1,0].
[[1,7,1,0,0,0,1,2,1],2,1].
[[2,6,0,1,1,2,2,3,1],0,1].
[[3,6,1,1,1,2,2,3,0],3,0].
[[3,7,0,1,2,0,2,2,1],2,0].
[[3,7,1,1,1,2,2,1,0],2,0].
[[3,7,1,1,1,0,1,1,1],1,3].
[[3,6,1,1,1,0,2,1,1],1,0].
[[1,7,2,1,2,0,2,1,1],2,0].
[[3,3,2,1,1,0,2,2,1],1,0].
[[2,9,1,1,1,0,1,2,1],1,0].
[[3,8,1,1,1,2,2,1,0],0,1].
[[2,5,0,1,2,0,1,1,1],1,1].
[[2,9,2,1,1,0,0,0,0],0,2].
[[3,8,0,1,1,0,0,0,0],0,2].
[[2,2,1,1,2,2,0,0,0],1,0].
[[3,2,1,1,2,2,2,2,1],1,0].
[[2,9,1,1,2,0,2,2,1],1,0].
[[3,9,1,1,1,0,2,2,1],1,0].
[[2,7,0,0,0,0,2,3,0],1,1].
[[2,9,1,1,1,0,1,1,0],0,1].
[[3,7,0,1,1,2,1,1,1],2,0].
[[3,9,1,0,0,0,2,1,0],0,2].
[[2,3,1,1,2,2,2,3,1],1,0].
[[1,3,2,0,0,0,2,1,1],1,0].
[[3,7,2,1,1,0,0,0,0],0,1].
[[3,9,1,1,2,2,2,3,1],0,1].
[[2,3,2,1,2,2,2,3,1],3,0].
[[3,6,0,0,0,0,0,0,0],0,2].
[[3,3,2,1,1,2,2,2,1],1,0].
[[1,4,2,1,2,0,1,1,0],2,0].
[[1,8,0,0,0,0,1,1,0],1,2].
[[2,7,0,1,2,2,1,1,0],0,1].
[[3,7,0,1,2,0,2,1,1],2,0].
[[3,2,1,0,0,0,1,2,1],1,0].
[[3,7,0,1,2,0,1,1,1],0,1].
[[2,7,1,1,2,0,1,1,1],0,1].
[[3,2,1,1,2,2,0,0,0],1,0].
[[3,9,1,0,0,0,2,2,1],0,2].
[[2,8,0,1,2,0,1,1,0],0,2].
[[2,6,1,1,2,0,2,3,0],1,1].
[[3,6,1,1,1,0,2,2,0],1,0].
[[3,9,1,1,1,0,2,3,0],0,1].
[[1,7,2,1,2,0,1,2,1],0,1].
[[2,7,2,1,1,0,1,2,1],0,1].
[[3,3,2,1,1,0,1,1,1],1,0].
[[3,2,1,1,2,0,2,3,1],2,0].
[[2,6,1,1,2,2,1,1,0],1,0].
[[3,3,1,1,2,2,1,1,0],1,0].
[[2,7,0,1,2,2,2,3,0],1,1].
[[3,8,1,1,1,0,2,2,0],0,2].
[[2,3,1,0,0,0,2,1,1],1,0].
[[2,9,1,1,1,2,2,2,1],0,1].
[[3,6,1,1,2,0,1,1,1],2,0].
[[2,7,1,0,0,0,1,2,0],2,0].
[[3,1,1,1,2,0,1,2,0],1,0].
[[3,3,2,1,1,0,0,0,0],1,0].
[[2,7,0,1,1,2,2,1,1],0,1].
[[3,6,1,1,1,0,2,2,1],0,1].
[[3,6,1,1,2,2,2,1,0],1,0].
[[2,8,1,1,1,0,1,1,1],1,1].
[[3,6,0,0,0,0,2,2,1],1,1].
[[3,6,1,0,0,0,1,1,0],0,1].
[[3,5,0,1,2,0,1,1,0],3,0].
[[2,8,1,1,1,0,2,3,0],0,2].
[[3,6,1,1,1,0,2,3,0],0,1].
[[2,6,1,1,1,2,2,3,1],1,0].
[[3,8,1,1,2,2,0,0,0],0,1].
[[2,6,0,1,1,2,2,2,0],1,0].
[[2,7,0,0,0,0,2,3,1],1,1].
[[3,7,0,1,2,0,1,2,1],0,1].
[[1,8,0,0,0,0,1,1,1],0,1].
[[1,7,2,1,2,0,1,1,1],1,0].
[[3,6,0,0,0,0,2,2,0],0,1].
[[3,2,1,0,0,0,2,2,1],1,0].
[[2,6,0,0,0,0,2,1,1],0,1].
[[2,6,0,0,0,0,2,2,1],0,1].
[[1,3,2,0,0,0,2,3,1],1,0].
[[3,3,2,1,1,2,2,1,1],1,0].
[[2,7,0,1,2,2,2,3,1],1,0].
[[3,3,2,1,1,0,1,2,1],1,0].
[[2,7,1,1,2,0,2,3,0],1,0].
[[1,8,0,0,0,0,1,2,1],0,1].
[[3,4,0,1,2,0,2,1,1],0,1].
[[3,5,0,1,1,0,1,2,1],1,0].
[[3,7,0,0,0,0,1,2,0],1,0].
[[3,9,1,1,1,2,0,0,0],0,1].
[[1,7,2,0,0,0,1,1,1],2,0].
[[2,9,1,1,1,2,0,0,0],0,1].
[[3,9,1,0,0,0,0,0,0],0,1].
