total_WL(11965,22965).
[[1,8,1,0,0,0,2,1,2],408,304].
[[2,8,1,0,0,0,2,1,2],165,163].
[[3,8,1,1,2,0,1,1,2],64,70].
[[1,8,1,0,0,0,2,3,2],254,191].
[[2,8,1,0,0,0,2,3,2],116,111].
[[3,8,1,1,2,1,1,1,2],168,189].
[[1,9,2,0,0,0,1,2,2],289,704].
[[2,9,1,0,0,0,1,2,2],64,279].
[[3,5,0,0,0,0,1,1,2],128,8].
[[1,8,0,0,0,0,0,0,0],174,1077].
[[2,8,0,1,2,1,2,1,2],14,202].
[[3,8,0,1,2,1,1,1,2],0,316].
[[1,5,0,0,0,0,1,2,0],10,0].
[[2,5,0,0,0,0,1,2,0],28,4].
[[3,5,0,1,2,1,1,2,0],161,15].
[[1,9,2,1,2,0,2,3,0],19,84].
[[2,8,0,1,2,0,2,3,0],8,80].
[[3,7,1,1,2,0,1,2,2],43,42].
[[1,9,2,0,0,0,2,2,0],275,1270].
[[2,8,0,1,2,1,2,2,0],44,316].
[[1,9,2,0,0,0,1,1,0],34,212].
[[2,8,0,0,0,0,1,1,0],4,53].
[[3,8,0,1,2,1,1,1,0],0,238].
[[2,8,0,1,2,1,2,3,0],54,457].
[[3,8,0,1,2,1,2,2,0],0,588].
[[1,9,2,0,0,0,0,0,0],190,1186].
[[2,9,1,0,0,0,2,2,2],1,29].
[[3,9,0,1,2,1,2,1,0],0,88].
[[1,9,2,1,2,1,0,0,0],87,467].
[[2,9,2,1,2,1,0,0,0],10,80].
[[3,8,1,1,2,1,2,2,1],8,36].
[[1,8,1,0,0,0,0,0,0],754,943].
[[2,8,1,0,0,0,2,1,1],15,27].
[[3,7,1,1,2,0,2,1,1],0,6].
[[1,6,1,1,2,1,2,2,2],10,1].
[[2,6,1,1,2,1,2,2,2],25,1].
[[3,6,1,1,1,1,1,1,2],9,3].
[[2,8,1,0,0,0,2,2,0],269,220].
[[3,6,1,1,2,1,2,2,0],54,2].
[[1,8,1,0,0,0,2,2,1],209,110].
[[2,8,1,0,0,0,2,2,1],44,85].
[[3,8,1,0,0,0,2,3,0],94,184].
[[1,8,1,0,0,0,2,2,2],426,335].
[[2,8,1,1,2,0,2,2,2],34,51].
[[3,8,1,1,1,0,2,3,0],4,45].
[[2,9,1,1,2,0,2,3,1],2,23].
[[3,8,1,1,2,0,2,3,1],14,34].
[[1,9,2,1,2,1,2,2,0],140,529].
[[2,9,1,1,2,1,2,2,0],41,485].
[[3,9,0,1,1,1,1,1,0],0,128].
[[1,8,1,0,0,0,2,3,0],395,255].
[[2,7,2,0,0,0,2,3,0],21,3].
[[3,7,2,1,2,1,1,2,0],35,1].
[[1,7,2,0,0,0,2,2,2],85,15].
[[2,7,1,0,0,0,2,2,2],99,65].
[[3,7,1,0,0,0,1,2,2],85,43].
[[1,9,2,0,0,0,2,3,0],420,1748].
[[2,9,2,1,2,1,2,2,0],28,209].
[[3,9,1,1,2,1,2,2,0],0,130].
[[1,8,1,0,0,0,2,1,0],120,85].
[[2,8,1,0,0,0,1,2,0],173,108].
[[3,8,1,0,0,0,1,2,0],130,114].
[[2,7,1,1,2,0,2,1,0],5,6].
[[3,7,1,1,2,0,2,1,0],35,21].
[[2,9,1,1,2,0,2,3,0],11,142].
[[3,9,0,1,2,0,2,3,0],0,53].
[[2,8,1,0,0,0,0,0,0],43,130].
[[3,8,1,1,2,1,2,1,2],20,6].
[[1,8,1,0,0,0,2,2,0],281,148].
[[2,8,1,1,2,0,2,2,0],58,56].
[[3,8,1,1,1,0,2,2,0],4,37].
[[1,9,2,1,2,1,1,2,0],48,231].
[[2,9,1,1,2,1,1,2,0],57,527].
[[3,9,0,1,2,1,1,2,0],0,630].
[[1,8,1,1,2,0,1,2,2],8,10].
[[2,8,1,1,2,0,1,2,2],63,46].
[[3,8,1,1,2,1,1,2,2],258,260].
[[2,8,1,0,0,0,2,2,2],157,148].
[[3,8,1,1,2,0,1,2,2],86,105].
[[1,9,2,0,0,0,2,3,2],100,528].
[[2,8,0,0,0,0,2,3,2],10,140].
[[3,8,0,1,2,1,1,2,2],0,475].
[[1,8,1,0,0,0,1,1,0],23,25].
[[2,8,1,0,0,0,1,1,0],48,61].
[[3,7,1,1,2,1,1,1,0],46,17].
[[1,8,1,0,0,0,2,3,1],353,269].
[[2,7,2,1,2,1,1,2,2],50,9].
[[3,3,2,1,2,1,1,2,2],15,0].
[[2,7,1,0,0,0,0,0,0],127,175].
[[3,7,0,0,0,0,0,0,0],0,48].
[[1,8,0,0,0,0,1,1,0],3,25].
[[2,8,0,1,2,1,1,1,0],13,51].
[[3,8,0,1,1,1,1,1,0],0,83].
[[2,9,1,0,0,0,2,2,0],38,483].
[[3,5,0,1,2,1,1,2,1],178,2].
[[1,6,1,1,2,1,0,0,0],36,4].
[[2,6,1,1,2,1,0,0,0],58,7].
[[3,6,1,1,2,1,0,0,0],15,3].
[[2,8,1,0,0,0,2,3,0],368,345].
[[3,8,1,1,2,0,2,2,0],58,116].
[[1,9,2,0,0,0,2,1,2],164,758].
[[3,7,0,1,2,1,2,1,2],0,41].
[[1,8,0,0,0,0,2,1,2],66,322].
[[2,6,0,0,0,0,2,1,2],1,15].
[[3,3,1,0,0,0,2,1,2],18,1].
[[1,7,2,1,2,0,0,0,0],13,7].
[[2,7,2,1,2,0,2,1,2],18,2].
[[3,7,1,1,2,0,2,1,2],41,22].
[[1,6,0,0,0,0,0,0,0],16,33].
[[2,6,0,0,0,0,0,0,0],8,51].
[[3,6,0,0,0,0,0,0,0],0,14].
[[1,9,2,1,2,1,2,3,1],62,215].
[[2,8,0,1,2,1,2,3,1],24,155].
[[3,8,0,1,2,1,2,3,1],0,134].
[[1,9,2,0,0,0,2,1,0],138,664].
[[2,9,1,0,0,0,2,1,0],25,281].
[[3,8,1,0,0,0,2,1,0],54,83].
[[1,8,0,0,0,0,2,1,0],31,90].
[[2,8,0,1,2,1,2,1,0],33,150].
[[3,7,1,1,2,1,1,2,1],99,38].
[[1,8,1,1,2,1,2,1,2],165,95].
[[2,8,1,1,1,1,2,3,1],32,29].
[[3,8,1,1,1,1,2,2,0],64,110].
[[3,9,0,1,2,1,1,1,0],0,271].
[[1,8,0,0,0,0,1,1,2],30,61].
[[2,7,1,0,0,0,1,1,2],25,11].
[[3,7,1,0,0,0,1,1,2],38,32].
[[1,9,2,1,1,1,2,3,1],7,19].
[[2,4,1,1,2,0,2,3,1],5,2].
[[3,4,1,1,2,0,2,1,0],39,18].
[[2,8,0,1,2,1,0,0,0],20,305].
[[2,8,1,1,2,1,2,1,2],165,119].
[[2,9,2,0,0,0,2,1,0],10,108].
[[3,9,1,0,0,0,1,2,0],0,101].
[[2,9,2,0,0,0,2,2,0],25,188].
[[2,8,1,0,0,0,1,2,1],147,94].
[[3,8,1,0,0,0,1,2,1],66,56].
[[1,9,2,0,0,0,2,2,2],131,732].
[[2,9,2,0,0,0,1,1,2],68,245].
[[3,8,1,0,0,0,1,1,2],72,81].
[[1,7,1,0,0,0,2,2,2],42,26].
[[2,7,1,1,2,1,2,3,1],41,30].
[[3,7,1,1,1,1,2,3,1],19,16].
[[1,9,2,0,0,0,1,2,0],137,523].
[[2,9,2,1,2,1,1,2,0],21,90].
[[3,8,0,1,2,1,1,2,0],0,525].
[[2,8,1,0,0,0,2,3,1],139,173].
[[1,8,1,0,0,0,1,2,1],106,69].
[[3,7,2,0,0,0,1,1,2],53,14].
[[1,9,2,1,2,1,1,1,0],15,103].
[[2,9,1,1,2,1,1,1,0],11,236].
[[1,8,1,1,2,0,2,2,1],17,9].
[[2,8,1,1,1,0,2,3,1],2,7].
[[3,8,1,1,1,0,2,1,0],3,10].
[[1,7,1,0,0,0,0,0,0],167,143].
[[3,7,1,1,2,1,2,2,2],109,74].
[[1,9,2,1,2,0,2,3,2],3,30].
[[2,9,1,1,2,0,2,2,0],7,112].
[[3,9,1,1,2,0,2,2,0],0,56].
[[2,9,1,0,0,0,2,3,0],57,612].
[[3,8,1,1,2,1,2,3,0],195,365].
[[1,8,1,1,2,1,2,1,0],47,29].
[[2,8,1,1,1,1,1,2,0],18,19].
[[3,8,1,1,1,1,1,2,0],105,93].
[[1,8,1,1,2,1,1,2,2],52,33].
[[2,8,1,1,2,1,1,2,2],185,152].
[[3,8,1,1,1,1,1,2,1],45,40].
[[2,7,2,1,2,0,1,1,2],16,2].
[[3,7,2,1,2,0,1,1,2],42,14].
[[2,9,2,1,2,1,2,1,0],14,116].
[[3,8,0,1,1,1,2,1,0],0,102].
[[3,8,0,1,2,1,2,3,0],0,677].
[[3,9,0,1,2,1,2,2,0],0,146].
[[1,9,2,1,2,0,2,1,2],7,38].
[[2,8,0,1,2,0,2,1,2],4,35].
[[3,8,0,1,2,0,2,1,0],0,78].
[[1,8,1,0,0,0,1,1,1],11,9].
[[3,6,1,1,2,0,1,1,0],3,1].
[[1,9,2,1,1,1,2,3,0],51,56].
[[2,4,1,1,2,0,2,3,0],22,5].
[[3,4,1,1,2,0,1,2,0],83,42].
[[1,9,2,0,0,0,2,3,1],108,541].
[[2,9,2,1,2,1,2,3,1],5,39].
[[1,9,2,1,2,0,2,1,0],3,30].
[[2,9,2,1,2,0,1,2,0],8,23].
[[3,9,1,1,2,0,1,2,0],0,79].
[[1,9,2,1,2,1,2,3,0],197,804].
[[2,9,2,1,2,1,2,3,0],41,285].
[[3,8,1,1,2,1,1,2,1],133,129].
[[1,9,2,0,0,0,1,1,2],265,483].
[[2,8,1,0,0,0,1,1,2],160,114].
[[1,8,0,0,0,0,2,3,0],78,248].
[[2,8,0,0,0,0,2,3,0],67,504].
[[3,7,0,1,2,1,2,3,0],0,85].
[[2,9,1,1,2,1,2,3,0],42,586].
[[2,8,1,1,2,1,1,2,1],88,62].
[[3,9,0,1,1,1,1,2,0],0,248].
[[3,8,1,1,2,1,1,2,0],272,242].
[[2,8,1,1,2,1,2,2,2],137,144].
[[3,7,2,1,1,1,2,2,2],15,1].
[[3,9,0,1,2,0,1,2,0],0,185].
[[3,9,0,1,1,1,2,1,0],0,35].
[[2,6,1,1,2,1,2,3,0],21,0].
[[3,6,1,1,2,1,2,3,0],58,4].
[[3,5,0,1,1,1,2,3,0],37,2].
[[2,9,2,1,2,1,1,1,2],55,248].
[[2,9,1,1,1,1,2,2,0],20,111].
[[1,9,2,1,2,1,2,1,2],78,345].
[[1,8,1,1,2,1,2,2,2],150,126].
[[1,8,0,1,2,1,0,0,0],78,337].
[[3,7,1,1,2,1,2,3,1],77,97].
[[1,8,1,1,1,1,2,1,2],13,12].
[[2,8,1,1,1,1,2,1,2],28,29].
[[3,8,1,1,1,1,2,3,2],8,11].
[[2,8,0,1,2,1,1,2,0],23,127].
[[3,8,0,1,1,1,1,2,0],0,173].
[[3,8,0,1,1,1,0,0,0],0,35].
[[2,9,1,1,2,1,1,1,2],24,91].
[[3,8,1,1,2,0,2,1,0],30,64].
[[3,7,1,1,1,1,2,1,2],32,20].
[[1,8,1,1,2,1,2,2,0],86,52].
[[2,7,2,1,2,1,2,2,0],15,0].
[[3,7,2,1,1,1,2,2,0],11,1].
[[3,8,1,1,1,1,2,3,0],85,114].
[[3,8,1,1,2,0,1,2,0],104,72].
[[1,7,1,1,2,1,0,0,0],32,32].
[[2,7,1,1,2,1,0,0,0],101,124].
[[3,7,2,1,2,1,2,1,2],42,11].
[[2,8,1,1,2,1,2,3,2],95,80].
[[3,7,1,1,2,1,2,3,2],84,43].
[[2,9,1,0,0,0,1,1,0],13,226].
[[3,8,0,0,0,0,1,1,0],0,80].
[[3,6,1,1,2,0,2,2,0],28,1].
[[3,8,1,1,2,0,2,3,0],90,158].
[[3,7,1,0,0,0,1,2,1],49,9].
[[3,9,0,1,1,0,1,2,0],0,50].
[[2,8,1,1,2,0,1,1,2],59,32].
[[1,8,0,1,2,1,2,3,0],27,79].
[[2,7,1,1,2,1,2,3,0],58,24].
[[3,7,1,1,2,1,1,2,0],94,31].
[[2,9,1,0,0,0,1,2,0],56,494].
[[2,8,1,1,1,1,2,3,0],62,63].
[[3,6,1,1,1,1,2,3,0],21,1].
[[3,7,1,1,2,1,2,1,2],109,93].
[[1,6,1,0,0,0,0,0,0],200,13].
[[2,6,1,1,2,0,2,2,2],12,2].
[[3,6,1,1,2,0,1,1,2],12,1].
[[1,9,2,1,2,1,1,1,2],104,187].
[[3,5,0,1,2,1,1,1,2],264,6].
[[2,8,0,0,0,0,2,1,0],22,178].
[[3,7,0,0,0,0,2,1,0],0,30].
[[2,8,1,1,2,1,1,1,2],123,111].
[[3,5,0,1,1,1,1,1,2],94,7].
[[2,9,1,0,0,0,1,2,1],7,111].
[[3,9,0,1,2,1,1,2,1],0,84].
[[2,5,0,1,2,1,1,1,1],58,6].
[[3,5,0,1,2,1,1,1,1],138,10].
[[3,8,0,1,1,1,2,2,0],0,185].
[[1,9,2,1,2,1,2,3,2],50,219].
[[2,9,2,1,2,1,2,3,2],2,50].
[[3,9,1,1,1,1,2,2,0],0,52].
[[2,8,1,1,2,1,2,3,0],292,258].
[[3,9,1,1,2,1,1,2,0],0,267].
[[1,8,1,0,0,0,1,2,2],200,109].
[[2,8,1,0,0,0,1,2,2],240,162].
[[3,6,1,0,0,0,1,2,2],23,2].
[[3,8,0,0,0,0,1,1,2],0,136].
[[3,8,1,1,2,1,2,2,0],178,328].
[[3,8,1,1,1,1,1,1,2],61,65].
[[1,9,2,1,2,1,2,2,2],60,283].
[[1,6,1,1,2,1,2,3,2],5,0].
[[2,6,1,1,1,1,2,3,1],2,0].
[[3,3,1,1,1,1,2,3,1],4,0].
[[2,9,2,1,2,1,2,2,1],2,14].
[[3,8,0,1,2,1,2,2,1],0,16].
[[2,9,1,1,2,0,1,2,2],13,68].
[[3,9,0,1,2,0,1,2,2],0,55].
[[2,8,1,1,2,0,1,2,0],38,29].
[[3,7,1,1,2,0,1,2,0],37,13].
[[3,8,1,1,1,1,2,3,1],15,30].
[[1,7,2,0,0,0,2,1,2],84,21].
[[2,7,2,0,0,0,1,1,2],47,25].
[[2,7,1,0,0,0,2,1,0],25,13].
[[3,7,1,0,0,0,1,1,0],14,10].
[[2,8,0,0,0,0,1,1,2],36,169].
[[3,7,1,1,2,1,1,1,2],95,59].
[[3,7,1,1,2,1,2,3,0],206,151].
[[3,7,1,1,1,0,2,3,0],4,15].
[[3,8,1,0,0,0,2,2,0],79,139].
[[2,9,1,1,2,1,2,1,0],25,261].
[[3,8,1,1,1,1,2,1,0],24,57].
[[2,8,0,0,0,0,2,2,0],41,366].
[[3,7,1,1,2,0,2,2,0],44,35].
[[2,8,0,0,0,0,1,2,0],16,151].
[[3,8,0,0,0,0,1,2,0],0,226].
[[2,6,1,1,2,1,2,1,2],28,0].
[[2,9,2,1,2,0,2,2,0],5,51].
[[3,8,0,1,2,0,2,2,0],0,152].
[[2,7,0,0,0,0,0,0,0],0,53].
[[2,8,0,0,0,0,0,0,0],23,332].
[[3,8,0,0,0,0,2,1,0],0,130].
[[2,9,1,1,2,1,1,2,1],20,99].
[[3,9,1,1,1,1,1,2,1],0,17].
[[1,9,2,1,1,1,2,2,0],34,52].
[[2,9,2,1,1,1,1,1,0],2,11].
[[3,9,1,1,1,1,1,1,0],0,54].
[[2,7,2,1,2,1,2,3,0],25,0].
[[3,7,2,1,1,1,1,2,0],15,2].
[[2,3,2,0,0,0,2,2,2],15,0].
[[3,3,1,0,0,0,2,2,2],13,6].
[[1,8,0,0,0,0,2,2,2],54,308].
[[3,8,0,1,2,1,2,1,0],0,296].
[[1,8,1,1,1,1,0,0,0],30,20].
[[2,8,1,1,1,1,2,2,2],34,31].
[[3,8,1,1,1,1,2,2,2],10,7].
[[3,9,0,1,2,1,1,2,2],0,191].
[[3,7,0,1,2,1,0,0,0],0,81].
[[2,8,0,0,0,0,2,1,2],13,205].
[[3,8,0,0,0,0,2,2,0],0,251].
[[1,8,1,1,2,1,2,3,2],97,63].
[[2,8,1,1,1,1,2,3,2],21,23].
[[3,4,1,1,2,0,2,3,2],7,4].
[[2,8,0,1,2,1,2,2,2],12,176].
[[3,8,1,1,2,1,2,3,1],35,80].
[[2,8,1,1,2,0,2,3,1],40,58].
[[3,8,1,1,2,0,1,2,1],46,62].
[[2,7,1,0,0,0,2,3,1],63,54].
[[3,8,0,0,0,0,2,3,0],0,320].
[[2,7,0,1,2,1,2,1,0],0,6].
[[3,7,0,1,1,1,2,1,0],0,12].
[[1,8,1,1,2,1,0,0,0],271,296].
[[2,8,1,1,2,1,2,1,1],15,20].
[[3,7,2,1,2,1,1,1,2],83,38].
[[2,9,1,0,0,0,2,3,2],0,15].
[[3,9,0,1,2,1,2,3,0],0,166].
[[2,8,1,1,2,1,2,3,1],132,161].
[[3,7,2,1,2,1,2,3,1],30,4].
[[2,9,1,0,0,0,2,3,1],5,92].
[[3,8,0,0,0,0,2,3,1],0,38].
[[2,5,0,1,1,1,2,2,0],5,1].
[[3,5,0,1,1,1,2,2,0],19,1].
[[2,9,2,0,0,0,1,2,1],11,31].
[[3,5,0,0,0,0,1,1,0],21,7].
[[3,9,1,1,2,0,1,1,2],0,77].
[[1,7,2,0,0,0,0,0,0],142,20].
[[2,7,2,0,0,0,2,3,2],45,6].
[[3,7,2,0,0,0,2,3,2],20,1].
[[2,7,2,0,0,0,0,0,0],83,14].
[[3,7,2,0,0,0,2,1,2],27,5].
[[3,6,0,1,2,1,2,3,0],0,46].
[[1,8,0,1,2,1,2,2,2],26,97].
[[3,6,0,1,2,0,2,1,2],0,9].
[[2,6,1,0,0,0,2,2,0],38,1].
[[3,6,1,1,2,1,1,2,0],21,0].
[[3,9,0,0,0,0,2,2,0],0,51].
[[1,8,1,1,2,1,2,3,1],114,88].
[[2,7,1,1,1,1,2,3,1],3,3].
[[2,7,1,0,0,0,2,1,2],85,47].
[[1,9,2,1,2,1,2,1,0],66,270].
[[2,9,2,1,1,1,1,2,2],16,62].
[[3,8,0,1,1,1,1,2,2],0,188].
[[1,8,1,1,2,1,1,2,1],25,22].
[[3,8,0,1,2,0,2,3,1],0,38].
[[3,8,0,1,2,1,2,2,2],0,20].
[[1,9,2,1,1,1,1,1,2],16,26].
[[2,8,0,1,1,1,1,1,2],4,25].
[[3,8,0,1,1,1,1,1,2],0,123].
[[3,8,1,1,2,1,2,1,0],85,149].
[[3,9,1,1,2,0,1,2,1],0,14].
[[2,8,0,1,2,1,1,2,2],36,194].
[[3,7,1,0,0,0,2,1,0],42,20].
[[1,9,2,1,2,1,1,2,2],137,312].
[[2,5,0,1,1,1,1,1,1],13,5].
[[3,5,0,1,1,1,1,1,1],43,4].
[[1,9,2,1,2,0,2,2,2],8,36].
[[2,9,1,1,2,0,2,1,0],8,69].
[[1,8,0,0,0,0,1,2,2],29,103].
[[2,8,0,0,0,0,1,2,2],51,243].
[[3,4,1,1,2,0,2,3,0],77,32].
[[1,9,2,1,1,1,1,2,2],34,41].
[[2,8,1,1,1,1,1,2,2],34,22].
[[3,8,1,1,1,1,1,2,2],73,94].
[[3,5,0,1,2,0,1,1,2],96,6].
[[3,7,0,0,0,0,2,3,2],0,14].
[[2,7,1,0,0,0,2,2,1],42,23].
[[3,7,1,0,0,0,2,2,0],82,48].
[[2,7,1,1,2,0,0,0,0],21,33].
[[3,7,1,1,1,0,2,2,0],4,6].
[[3,7,1,0,0,0,2,2,1],11,20].
[[3,8,1,1,1,0,1,2,2],18,34].
[[2,9,1,1,1,1,2,3,0],29,126].
[[1,6,1,0,0,0,2,1,2],37,4].
[[2,6,1,1,2,0,2,1,2],4,1].
[[3,6,0,0,0,0,2,1,2],0,14].
[[3,7,1,1,2,0,2,3,1],36,32].
[[2,7,1,1,2,0,2,3,1],8,9].
[[3,7,1,1,1,0,1,2,2],3,7].
[[2,8,1,1,2,1,1,2,0],121,80].
[[3,8,0,1,1,1,2,3,0],0,244].
[[1,8,1,1,2,1,2,3,0],117,69].
[[2,8,1,1,2,0,2,3,0],91,85].
[[3,7,1,1,2,0,2,3,0],49,45].
[[2,8,1,0,0,0,2,1,0],135,119].
[[1,9,2,1,1,1,2,2,2],14,26].
[[3,7,1,1,1,1,2,2,2],25,26].
[[3,9,1,1,2,1,1,2,2],0,205].
[[2,8,0,0,0,0,2,2,2],9,190].
[[3,7,1,0,0,0,2,2,2],58,40].
[[2,8,1,1,2,1,2,1,0],113,106].
[[3,7,1,1,2,1,2,1,0],87,50].
[[2,6,1,1,2,1,1,1,2],7,1].
[[2,6,1,0,0,0,2,1,0],7,1].
[[3,6,1,1,2,0,2,1,0],9,2].
[[2,9,2,0,0,0,2,3,0],32,256].
[[3,9,1,1,2,1,2,3,0],0,168].
[[1,5,0,1,2,1,1,1,1],14,0].
[[2,7,1,1,1,1,2,2,0],7,7].
[[3,7,1,1,1,1,2,2,0],53,22].
[[3,9,0,0,0,0,1,2,1],0,57].
[[1,9,2,1,1,1,2,3,2],11,19].
[[2,8,1,1,2,1,2,2,0],225,199].
[[1,8,0,1,2,1,2,3,2],11,58].
[[2,8,0,1,2,1,2,3,2],13,128].
[[3,8,0,1,2,1,2,3,2],0,63].
[[2,7,1,1,2,1,1,1,2],13,11].
[[2,5,0,1,1,1,2,3,0],19,1].
[[3,5,0,1,1,1,2,1,0],17,1].
[[3,9,0,1,1,1,1,1,2],0,36].
[[3,9,0,0,0,0,1,2,0],0,239].
[[2,8,0,0,0,0,2,2,1],7,17].
[[1,8,0,0,0,0,2,2,0],50,172].
[[2,5,0,0,0,0,1,1,2],137,4].
[[2,9,1,1,1,1,1,2,0],35,98].
[[2,9,2,1,1,1,2,3,0],16,59].
[[1,8,1,0,0,0,1,2,0],73,42].
[[3,8,1,1,2,0,1,1,0],39,59].
[[1,8,1,1,1,1,1,1,1],1,1].
[[2,7,2,1,1,1,1,1,1],1,0].
[[3,3,2,1,1,1,1,1,1],1,0].
[[3,6,1,1,1,1,2,2,2],9,0].
[[2,5,0,0,0,0,1,1,1],72,7].
[[3,5,0,0,0,0,1,1,1],71,6].
[[3,8,0,1,2,1,1,2,1],0,128].
[[3,7,1,0,0,0,2,3,0],105,65].
[[2,8,0,1,2,0,1,2,2],7,40].
[[3,7,0,1,2,0,1,2,2],0,6].
[[1,8,1,0,0,0,1,1,2],162,97].
[[3,6,0,1,2,1,2,2,0],0,30].
[[2,8,0,1,2,1,1,1,2],45,146].
[[2,7,2,1,2,1,0,0,0],41,9].
[[3,3,2,1,2,1,2,1,2],20,0].
[[1,7,1,0,0,0,2,2,1],17,7].
[[3,7,0,1,2,1,2,1,0],0,34].
[[2,9,1,1,2,1,2,3,1],8,82].
[[3,7,1,1,2,1,2,2,0],152,100].
[[3,7,0,1,1,1,1,2,2],0,12].
[[1,8,0,0,0,0,2,3,2],25,179].
[[2,6,0,0,0,0,2,3,2],1,5].
[[3,3,1,0,0,0,2,3,2],10,0].
[[3,9,1,1,2,1,1,1,2],0,207].
[[2,9,2,1,1,1,0,0,0],6,20].
[[2,9,2,1,1,1,1,1,2],23,35].
[[3,8,0,1,2,0,1,1,0],0,61].
[[3,7,2,1,2,0,2,2,0],21,1].
[[2,9,2,0,0,0,1,1,0],7,43].
[[3,9,1,1,2,1,1,1,0],0,107].
[[3,6,1,0,0,0,1,2,0],19,0].
[[3,9,1,1,2,1,2,1,0],0,78].
[[3,9,1,0,0,0,1,1,2],0,87].
[[1,9,2,0,0,0,2,2,1],46,81].
[[2,9,1,1,2,0,1,1,0],3,61].
[[3,9,0,1,2,0,1,1,0],0,100].
[[3,7,1,0,0,0,0,0,0],15,32].
[[3,8,1,0,0,0,1,1,0],41,62].
[[3,7,0,1,2,1,2,3,2],0,27].
[[3,7,2,1,1,0,1,1,2],9,5].
[[2,9,2,1,2,1,1,2,2],46,206].
[[2,5,0,1,1,1,1,1,2],28,2].
[[3,9,1,0,0,0,1,1,0],0,46].
[[1,8,0,1,2,1,2,1,2],20,93].
[[2,6,0,1,2,1,2,1,2],1,8].
[[3,6,0,1,2,1,2,1,2],0,21].
[[3,4,1,1,2,0,1,2,2],62,23].
[[2,6,1,0,0,0,0,0,0],97,7].
[[3,3,1,0,0,0,0,0,0],29,8].
[[3,3,1,1,2,1,0,0,0],39,15].
[[3,9,0,0,0,0,2,3,0],0,73].
[[2,6,0,0,0,0,1,2,2],1,11].
[[3,6,0,1,2,1,1,2,2],0,26].
[[1,9,2,1,2,0,2,2,0],8,47].
[[2,7,2,0,0,0,2,2,2],61,13].
[[2,3,1,0,0,0,2,1,2],13,1].
[[2,8,0,1,2,0,2,1,0],1,16].
[[3,6,0,1,2,0,2,1,0],0,3].
[[3,8,0,1,2,1,0,0,0],0,97].
[[3,9,0,1,1,1,2,2,0],0,68].
[[2,9,1,1,1,1,1,1,2],4,21].
[[3,9,0,1,1,1,1,2,1],0,41].
[[3,9,1,1,1,1,1,1,2],0,70].
[[2,9,1,1,2,1,1,2,2],44,275].
[[1,2,1,0,0,0,0,0,0],7,0].
[[2,2,1,1,2,1,0,0,0],3,0].
[[3,2,1,1,2,1,0,0,0],5,0].
[[3,9,0,0,0,0,1,2,2],0,87].
[[2,9,1,1,1,1,1,1,0],7,54].
[[3,8,1,0,0,0,2,3,1],17,38].
[[2,9,2,0,0,0,1,2,0],16,110].
[[2,7,1,1,2,1,2,1,2],58,45].
[[3,7,1,1,1,1,2,3,2],23,14].
[[2,7,2,1,2,0,0,0,0],22,6].
[[3,7,2,1,2,0,2,1,0],12,0].
[[1,8,0,0,0,0,1,2,0],10,37].
[[2,6,0,0,0,0,1,2,0],0,2].
[[3,6,0,0,0,0,1,2,0],0,7].
[[3,8,1,1,2,1,1,1,0],97,159].
[[3,8,1,0,0,0,2,3,2],10,11].
[[3,9,0,1,2,1,1,1,2],0,70].
[[1,9,2,1,2,0,1,2,0],3,32].
[[2,8,1,1,1,0,1,2,0],2,1].
[[3,7,2,1,1,0,1,2,0],2,3].
[[2,9,2,1,2,0,1,1,2],10,67].
[[3,9,1,0,0,0,1,2,2],0,77].
[[3,4,1,1,2,0,1,1,2],45,17].
[[2,7,2,1,2,1,2,3,2],35,10].
[[3,7,2,1,2,1,2,3,2],32,3].
[[3,7,0,0,0,0,1,1,0],0,7].
[[1,8,1,1,2,1,2,2,1],51,35].
[[2,7,1,1,2,1,2,2,1],21,15].
[[3,7,1,1,2,1,2,2,1],18,47].
[[2,8,0,1,1,1,2,2,0],13,46].
[[3,7,0,0,0,0,2,3,0],0,42].
[[1,9,2,1,2,0,0,0,0],10,53].
[[2,5,0,1,2,0,2,1,0],4,1].
[[3,5,0,1,2,0,2,1,0],11,0].
[[2,7,0,0,0,0,2,1,2],1,9].
[[3,7,0,0,0,0,1,2,2],0,25].
[[1,8,0,1,2,1,2,1,0],14,36].
[[2,7,1,1,2,1,2,2,2],60,43].
[[3,7,1,1,1,1,2,3,0],58,39].
[[2,5,0,0,0,0,2,1,0],27,0].
[[3,5,0,1,2,1,2,1,0],59,0].
[[3,5,0,1,1,1,1,2,0],43,9].
[[3,7,1,1,1,1,0,0,0],12,28].
[[1,8,0,0,0,0,2,3,1],25,96].
[[2,5,0,0,0,0,1,2,1],75,3].
[[3,5,0,1,2,0,1,2,1],70,6].
[[2,8,0,1,2,0,1,1,2],9,17].
[[3,8,0,1,2,0,1,1,2],0,63].
[[2,9,1,0,0,0,1,1,2],36,94].
[[3,9,0,1,2,0,1,2,1],0,29].
[[3,8,0,1,2,0,2,2,2],0,8].
[[1,9,2,1,2,1,1,2,1],16,54].
[[2,8,0,1,2,1,1,2,1],6,37].
[[2,9,2,0,0,0,2,3,2],5,40].
[[3,7,2,1,2,1,1,2,1],26,5].
[[2,7,0,0,0,0,2,2,2],0,16].
[[3,7,0,0,0,0,2,2,2],0,21].
[[3,8,0,1,2,0,1,2,0],0,125].
[[3,4,1,1,2,0,1,1,0],30,16].
[[3,9,0,1,2,0,1,1,2],0,20].
[[2,7,1,1,2,1,2,2,0],41,24].
[[3,7,0,1,2,1,1,2,0],0,23].
[[3,5,0,1,2,1,1,2,2],37,0].
[[2,9,2,0,0,0,1,2,2],42,194].
[[3,8,0,0,0,0,1,2,2],0,191].
[[2,8,1,1,1,1,0,0,0],14,18].
[[3,7,2,1,1,1,2,3,2],10,5].
[[3,7,1,0,0,0,1,2,0],53,11].
[[2,9,2,1,2,1,1,2,1],1,27].
[[2,9,1,1,1,1,2,1,0],16,53].
[[3,9,1,1,1,1,2,1,0],0,22].
[[3,8,0,0,0,0,2,2,2],0,13].
[[3,8,1,1,2,1,2,1,1],1,14].
[[1,7,2,0,0,0,1,2,1],1,1].
[[2,7,2,0,0,0,1,2,1],7,1].
[[3,7,2,1,2,0,1,2,0],14,2].
[[1,7,2,0,0,0,1,2,2],32,10].
[[2,7,2,0,0,0,1,2,2],62,16].
[[3,7,2,1,2,0,1,2,2],50,10].
[[3,3,2,0,0,0,0,0,0],16,0].
[[3,7,2,1,2,0,2,3,2],13,5].
[[2,8,0,1,2,0,2,2,0],3,39].
[[3,8,0,1,2,0,2,3,0],0,200].
[[2,7,2,0,0,0,2,1,2],63,18].
[[3,9,1,1,1,1,1,2,2],0,102].
[[2,7,1,0,0,0,2,3,0],74,37].
[[2,7,0,1,2,1,2,3,0],1,5].
[[1,3,2,0,0,0,0,0,0],22,1].
[[2,3,2,0,0,0,0,0,0],28,0].
[[3,3,2,1,2,1,2,2,2],20,0].
[[2,7,1,0,0,0,1,2,1],20,7].
[[3,7,1,1,2,0,1,2,1],29,14].
[[2,6,0,1,2,1,2,3,0],1,5].
[[2,7,1,1,2,1,1,2,1],15,12].
[[3,7,1,1,1,1,1,2,1],10,10].
[[2,9,2,1,2,0,2,3,0],7,64].
[[2,9,2,1,1,1,2,2,0],18,45].
[[3,7,2,0,0,0,1,2,2],56,11].
[[2,8,0,1,2,1,2,2,1],9,30].
[[2,9,2,0,0,0,0,0,0],7,69].
[[3,7,0,1,2,1,1,1,2],0,38].
[[3,6,0,1,2,0,2,3,0],0,11].
[[3,8,0,0,0,0,2,3,2],0,27].
[[2,9,1,0,0,0,0,0,0],3,37].
[[3,8,0,1,1,0,2,3,0],0,33].
[[2,7,1,0,0,0,2,2,0],50,32].
[[2,8,1,1,2,0,2,1,0],34,28].
[[2,5,0,1,2,1,1,2,1],48,1].
[[3,5,0,1,1,1,1,2,1],76,2].
[[1,5,0,1,2,1,1,1,2],30,1].
[[2,5,0,1,2,1,1,1,2],146,6].
[[2,9,1,1,2,0,1,2,0],13,117].
[[3,6,1,1,2,0,2,3,0],30,3].
[[1,3,2,0,0,0,2,3,2],3,0].
[[2,3,2,1,2,1,1,2,2],4,0].
[[2,5,0,1,2,0,2,3,0],17,4].
[[3,5,0,1,2,1,2,3,0],91,1].
[[3,9,0,0,0,0,1,1,0],0,116].
[[2,8,1,1,2,0,2,3,2],32,43].
[[3,7,1,1,1,0,2,3,2],4,7].
[[1,7,2,1,2,1,0,0,0],31,9].
[[2,9,1,1,2,1,2,3,2],0,15].
[[2,8,0,1,2,0,2,2,2],1,37].
[[3,8,0,1,2,0,1,2,2],0,134].
[[3,8,1,1,2,1,2,3,2],26,31].
[[3,9,0,1,2,0,2,2,0],0,35].
[[1,9,2,0,0,0,1,2,1],36,119].
[[2,8,0,0,0,0,1,2,1],3,44].
[[3,8,0,0,0,0,1,2,1],0,60].
[[2,8,1,1,2,1,1,1,0],43,39].
[[3,8,1,1,1,1,1,1,0],45,49].
[[2,8,0,0,0,0,2,3,1],20,115].
[[3,8,0,0,0,0,0,0,0],0,39].
[[3,7,0,1,1,1,2,3,0],0,18].
[[1,8,1,1,2,0,2,3,2],24,13].
[[3,7,1,1,2,0,2,2,1],6,13].
[[2,5,0,1,2,1,2,3,0],70,0].
[[3,8,1,0,0,0,1,2,2],91,118].
[[2,5,0,1,2,0,1,1,1],16,4].
[[3,5,0,1,2,0,1,1,1],46,5].
[[3,7,1,1,2,0,1,1,2],33,25].
[[3,4,1,1,2,0,1,2,1],37,12].
[[2,2,1,0,0,0,0,0,0],7,0].
[[3,2,1,0,0,0,2,1,1],1,0].
[[3,7,0,0,0,0,1,1,2],0,19].
[[3,5,0,1,2,0,1,2,0],39,8].
[[2,8,0,1,2,0,0,0,0],3,44].
[[3,7,1,1,1,1,1,2,0],31,7].
[[3,3,1,1,2,1,2,2,1],6,1].
[[1,8,0,1,2,1,1,2,2],15,30].
[[3,7,0,1,2,1,1,2,2],0,40].
[[1,9,2,0,0,0,2,1,1],10,32].
[[2,8,1,1,1,1,2,2,0],57,31].
[[2,8,0,1,1,1,2,1,2],6,40].
[[2,7,2,1,1,1,2,2,2],9,0].
[[1,8,1,1,2,0,1,1,1],2,0].
[[1,8,1,1,2,0,1,1,0],1,2].
[[2,8,1,1,2,0,1,1,0],11,9].
[[3,9,0,1,1,1,1,2,2],0,64].
[[2,7,2,1,2,1,2,2,2],57,12].
[[3,7,2,1,2,1,1,2,2],114,29].
[[1,8,1,1,2,1,1,1,2],49,30].
[[2,8,1,1,1,1,1,1,2],30,26].
[[2,6,0,0,0,0,2,3,0],7,11].
[[3,5,0,0,0,0,1,2,0],48,1].
[[3,7,2,1,2,1,2,2,2],43,4].
[[2,9,2,1,2,0,1,1,0],1,16].
[[1,6,1,1,2,1,2,3,1],2,1].
[[3,6,1,1,1,1,2,3,1],5,2].
[[2,6,1,1,2,1,1,2,1],5,0].
[[3,6,1,1,2,1,1,1,0],11,3].
[[3,7,2,0,0,0,2,2,2],18,3].
[[1,7,2,0,0,0,1,1,2],23,11].
[[2,7,2,1,2,0,2,2,0],10,4].
[[2,7,2,1,2,1,2,1,2],43,19].
[[3,6,1,1,2,1,1,2,1],13,1].
[[2,8,0,1,1,1,2,3,1],10,19].
[[3,7,2,1,2,0,2,1,2],24,7].
[[2,9,1,1,2,1,2,2,2],2,27].
[[3,5,0,0,0,0,2,3,0],37,0].
[[2,8,1,1,2,0,2,1,2],43,44].
[[3,8,1,1,2,0,2,1,2],6,0].
[[3,8,1,1,1,0,1,2,1],9,22].
[[3,9,1,1,1,1,2,3,0],0,72].
[[3,9,0,1,1,1,2,3,0],0,74].
[[1,8,1,1,1,1,2,3,0],12,12].
[[1,7,2,1,2,0,2,2,2],6,3].
[[2,7,2,1,2,0,2,2,2],28,4].
[[3,7,0,1,1,1,1,1,2],0,10].
[[3,9,1,1,2,1,0,0,0],0,17].
[[3,9,1,1,2,0,1,2,2],0,65].
[[3,8,0,1,2,0,1,2,1],0,29].
[[3,9,0,0,0,0,2,1,0],0,32].
[[3,7,2,0,0,0,2,3,1],12,4].
[[2,9,2,0,0,0,2,3,1],4,38].
[[1,5,0,1,2,1,2,3,0],22,0].
[[2,7,2,0,0,0,2,3,1],33,5].
[[3,7,2,1,2,0,1,2,1],10,2].
[[3,6,1,0,0,0,2,1,2],29,0].
[[2,9,2,0,0,0,2,1,2],4,20].
[[3,8,0,1,2,1,2,1,2],0,21].
[[2,7,2,1,2,1,2,1,0],8,1].
[[3,4,1,1,2,0,2,2,0],47,20].
[[1,8,1,1,1,1,2,2,0],15,3].
[[2,7,2,1,1,1,2,2,0],2,0].
[[1,8,1,0,0,0,2,1,1],85,38].
[[3,7,0,1,2,0,0,0,0],0,20].
[[2,9,1,1,2,1,0,0,0],0,33].
[[3,6,0,1,2,1,2,1,0],0,11].
[[1,8,0,1,2,1,2,2,0],12,49].
[[2,7,0,1,2,1,2,2,0],0,10].
[[3,7,0,1,1,1,2,2,0],0,20].
[[2,8,1,1,2,1,2,2,1],39,57].
[[2,6,1,1,2,1,2,3,2],22,0].
[[3,6,1,1,2,1,1,2,2],42,6].
[[2,6,1,0,0,0,2,3,0],39,2].
[[2,7,1,1,2,0,1,2,2],2,4].
[[3,7,1,1,2,1,1,2,2],145,77].
[[3,7,1,1,1,1,1,2,2],37,24].
[[3,8,1,1,1,0,2,3,1],2,13].
[[3,7,2,1,1,0,2,3,0],4,5].
[[1,5,0,0,0,0,1,1,1],33,4].
[[1,9,2,1,1,1,0,0,0],33,51].
[[2,8,0,1,1,1,0,0,0],17,33].
[[2,8,1,1,2,1,0,0,0],35,102].
[[3,7,2,1,2,1,0,0,0],4,1].
[[3,7,2,1,1,1,2,3,0],20,1].
[[3,7,0,1,2,1,2,3,1],0,27].
[[2,6,1,0,0,0,2,3,2],28,0].
[[3,7,2,1,2,0,2,2,2],19,3].
[[2,7,2,1,2,1,1,1,2],34,16].
[[1,8,1,1,1,1,2,2,2],19,11].
[[2,4,1,1,2,0,2,2,0],12,9].
[[2,7,1,1,2,1,1,2,2],37,8].
[[2,8,1,0,0,0,1,1,1],12,6].
[[3,7,1,1,2,0,1,1,1],2,3].
[[3,7,1,0,0,0,2,3,2],38,27].
[[3,9,1,0,0,0,2,2,0],0,52].
[[3,9,1,1,2,1,2,2,1],0,5].
[[2,9,1,1,2,0,1,1,2],10,17].
[[3,8,1,1,1,0,1,1,2],15,21].
[[3,8,1,1,2,1,2,2,2],13,8].
[[3,6,1,1,2,0,1,2,0],14,0].
[[3,7,0,0,0,0,2,1,2],0,20].
[[2,9,1,1,1,1,1,2,2],23,63].
[[2,9,2,0,0,0,2,2,1],3,18].
[[3,5,0,1,2,1,1,1,0],66,37].
[[3,3,2,1,2,1,0,0,0],17,2].
[[2,7,1,0,0,0,2,3,2],49,36].
[[3,7,1,1,2,0,2,3,2],27,22].
[[1,3,2,0,0,0,2,2,2],8,0].
[[3,3,2,0,0,0,2,2,2],5,0].
[[1,7,2,1,2,1,1,2,2],4,3].
[[3,7,1,0,0,0,2,3,1],52,51].
[[2,3,1,0,0,0,0,0,0],33,4].
[[3,3,1,1,2,1,2,2,2],20,2].
[[3,6,1,1,2,1,2,2,1],11,0].
[[3,9,1,0,0,0,2,3,0],0,57].
[[1,6,1,0,0,0,2,3,0],20,0].
[[3,6,1,1,2,1,2,1,0],20,3].
[[3,9,1,1,1,1,1,2,0],0,103].
[[3,7,1,0,0,0,2,1,2],59,41].
[[3,7,0,1,1,1,2,3,2],0,10].
[[2,8,0,1,1,1,2,3,0],17,67].
[[3,6,0,1,1,1,2,3,0],0,9].
[[1,9,2,1,1,1,2,1,0],21,24].
[[3,8,1,1,2,1,1,1,1],10,8].
[[2,7,1,1,2,0,2,2,2],14,13].
[[3,7,1,1,1,0,2,2,2],3,5].
[[2,9,2,1,2,0,2,1,2],1,7].
[[1,8,1,1,2,0,2,1,2],29,26].
[[2,8,1,1,1,0,2,2,0],1,8].
[[3,8,1,1,1,0,1,1,0],4,12].
[[1,8,1,1,2,0,2,2,2],29,31].
[[2,5,0,1,1,1,1,2,0],6,2].
[[2,6,1,0,0,0,1,2,0],8,1].
[[3,3,1,1,2,1,1,2,0],2,0].
[[1,9,2,1,1,1,2,1,2],13,38].
[[2,4,1,1,2,0,1,1,2],11,0].
[[1,7,1,1,2,1,2,1,2],4,8].
[[2,8,0,1,1,1,1,2,2],11,32].
[[2,8,1,1,1,1,1,2,1],20,11].
[[2,6,1,0,0,0,2,1,2],52,1].
[[3,5,0,1,2,0,1,2,2],8,1].
[[2,7,1,0,0,0,1,2,0],12,7].
[[3,3,1,1,2,1,2,2,0],15,0].
[[3,5,0,1,1,0,1,2,2],3,1].
[[2,5,0,0,0,0,2,2,0],27,0].
[[3,5,0,1,2,1,2,2,0],48,1].
[[2,8,1,1,2,0,0,0,0],9,32].
[[3,9,1,1,2,1,1,2,1],0,39].
[[3,7,1,1,2,1,2,1,1],7,15].
[[3,6,1,1,2,1,2,3,1],34,0].
[[3,3,2,0,0,0,2,2,0],7,0].
[[3,7,1,0,0,0,1,1,1],4,3].
[[1,8,1,1,2,1,1,2,0],18,19].
[[3,9,1,1,2,0,2,3,0],0,54].
[[3,5,0,0,0,0,1,2,1],86,2].
[[2,9,2,0,0,0,2,1,1],1,4].
[[3,3,1,1,2,1,2,3,1],18,0].
[[1,5,0,0,0,0,2,3,0],52,5].
[[2,7,1,1,2,1,2,3,2],33,31].
[[3,5,0,0,0,0,2,1,0],10,1].
[[3,6,0,1,1,1,2,1,2],0,3].
[[3,7,2,1,1,1,2,1,2],24,8].
[[2,5,0,1,2,1,2,1,0],31,0].
[[2,7,0,0,0,0,2,1,0],0,2].
[[2,6,1,1,2,1,2,2,0],13,1].
[[3,6,1,1,2,1,2,1,2],25,2].
[[3,8,1,1,2,0,2,2,1],0,10].
[[2,6,1,0,0,0,2,3,1],40,1].
[[3,8,0,1,1,1,2,3,1],0,39].
[[2,8,1,1,2,0,1,2,1],30,31].
[[3,9,1,1,1,0,1,2,0],0,16].
[[3,3,2,0,0,0,2,3,1],6,0].
[[3,8,1,1,1,1,1,1,1],4,4].
[[3,7,2,1,2,1,2,1,0],31,4].
[[3,5,0,1,2,0,2,3,0],33,2].
[[3,6,0,0,0,0,1,1,2],0,5].
[[3,6,0,1,2,1,0,0,0],0,24].
[[3,7,0,1,1,1,2,1,2],0,19].
[[2,9,2,1,2,0,1,2,2],4,58].
[[1,5,0,0,0,0,1,1,2],78,4].
[[1,9,2,1,2,0,2,3,1],6,24].
[[2,9,1,1,1,0,2,3,1],0,4].
[[3,9,0,1,1,0,2,3,0],0,14].
[[3,8,0,1,1,1,2,1,2],0,7].
[[1,9,2,1,1,1,1,1,0],4,5].
[[2,8,1,1,1,1,1,1,0],6,8].
[[2,8,1,1,2,0,2,2,1],13,15].
[[3,7,0,1,2,1,1,2,1],0,11].
[[1,7,1,0,0,0,2,1,0],4,1].
[[3,3,1,0,0,0,2,1,0],3,0].
[[2,6,0,1,2,1,2,2,0],1,2].
[[3,6,0,1,1,1,2,2,0],0,6].
[[1,8,1,1,2,0,2,1,0],13,5].
[[2,7,2,1,2,0,2,1,0],2,2].
[[2,5,0,0,0,0,2,3,0],76,2].
[[3,9,1,1,1,0,1,2,2],0,15].
[[1,8,1,1,1,1,2,3,1],12,6].
[[1,5,0,0,0,0,2,1,0],21,1].
[[1,6,1,0,0,0,2,3,2],19,2].
[[3,6,1,1,2,1,2,3,2],20,0].
[[1,8,1,1,2,0,0,0,0],30,51].
[[3,7,1,1,2,0,0,0,0],13,26].
[[3,9,1,1,2,1,2,3,1],0,13].
[[2,9,2,1,2,1,1,1,0],7,50].
[[3,6,1,0,0,0,2,2,0],31,1].
[[2,9,2,1,2,1,2,1,2],7,31].
[[3,6,1,0,0,0,0,0,0],11,2].
[[2,8,1,1,1,1,2,1,0],22,24].
[[2,7,0,0,0,0,2,3,0],2,14].
[[2,8,0,1,1,1,2,3,2],6,20].
[[3,8,1,0,0,0,2,1,1],1,5].
[[3,7,0,1,2,1,2,2,0],0,69].
[[1,6,1,0,0,0,2,1,1],6,0].
[[2,3,2,1,2,0,1,1,2],1,0].
[[3,3,2,1,2,0,1,1,2],8,0].
[[3,7,2,0,0,0,2,3,0],37,2].
[[2,6,0,1,2,1,0,0,0],4,21].
[[1,9,2,1,1,1,1,2,0],5,15].
[[2,9,1,1,1,0,1,2,2],0,5].
[[3,9,0,1,1,0,1,2,1],0,7].
[[3,6,1,0,0,0,2,3,2],19,0].
[[2,6,1,0,0,0,2,1,1],8,0].
[[3,6,1,0,0,0,2,1,0],18,0].
[[2,5,0,1,2,1,1,2,2],8,0].
[[3,5,0,1,1,1,1,2,2],8,0].
[[2,7,2,0,0,0,2,1,0],15,0].
[[3,7,2,0,0,0,1,1,0],7,3].
[[3,7,1,1,1,0,0,0,0],0,3].
[[3,6,1,0,0,0,2,3,1],18,0].
[[3,3,2,0,0,0,1,2,2],15,0].
[[3,9,0,0,0,0,1,1,2],0,34].
[[3,7,2,1,1,1,1,1,2],20,11].
[[2,4,1,1,2,0,1,2,2],10,5].
[[3,7,1,1,2,0,2,2,2],26,25].
[[1,8,0,1,2,1,2,3,1],14,30].
[[2,9,2,1,1,0,1,1,2],3,9].
[[3,5,0,1,1,0,1,1,2],11,5].
[[2,7,1,0,0,0,2,1,1],10,10].
[[3,3,1,0,0,0,2,1,1],2,0].
[[2,7,2,0,0,0,2,2,0],27,3].
[[3,7,2,1,2,1,2,2,0],50,6].
[[1,8,0,1,2,1,1,1,0],2,3].
[[2,7,1,1,2,1,1,1,0],3,1].
[[1,8,1,1,2,1,2,1,1],30,17].
[[2,9,1,1,1,1,1,2,1],12,24].
[[2,6,1,1,1,1,2,3,2],4,0].
[[3,3,1,1,1,1,2,3,2],8,1].
[[2,6,1,0,0,0,1,2,2],23,2].
[[3,6,1,1,2,0,1,2,2],17,2].
[[2,9,1,1,2,0,2,2,2],0,6].
[[3,7,1,1,1,1,1,1,2],24,22].
[[1,7,1,1,2,1,2,1,0],1,0].
[[2,7,1,1,2,1,2,1,0],16,6].
[[3,3,1,1,2,1,2,1,0],6,1].
[[2,3,2,0,0,0,2,1,2],15,1].
[[2,8,1,1,1,0,1,2,2],3,10].
[[3,7,2,0,0,0,1,2,1],7,4].
[[1,8,0,0,0,0,2,2,1],7,22].
[[3,6,0,0,0,0,2,3,2],0,4].
[[1,7,2,1,2,1,2,2,2],17,5].
[[2,9,2,1,1,0,1,2,0],3,1].
[[3,8,1,1,1,0,1,2,0],14,28].
[[1,7,1,0,0,0,2,1,2],42,16].
[[1,3,2,0,0,0,2,1,2],3,0].
[[2,3,2,1,2,1,2,1,2],6,0].
[[3,3,1,1,2,0,2,2,2],6,4].
[[2,8,1,1,2,1,1,1,1],6,11].
[[3,7,1,1,1,1,1,1,1],1,3].
[[3,4,1,1,2,0,1,1,1],8,3].
[[2,7,2,1,1,1,0,0,0],5,1].
[[2,4,1,1,2,0,1,1,0],4,3].
[[2,4,1,1,2,0,0,0,0],1,2].
[[3,4,1,1,2,0,2,1,2],4,4].
[[3,5,0,1,1,1,1,1,0],21,14].
[[3,7,0,1,2,0,2,3,0],0,23].
[[1,7,1,0,0,0,1,2,1],2,1].
[[2,7,1,1,2,0,1,2,1],5,1].
[[1,7,2,0,0,0,2,3,0],18,2].
[[2,7,2,1,1,1,2,3,0],5,0].
[[3,7,1,0,0,0,2,1,1],1,13].
[[1,7,1,0,0,0,2,3,1],25,16].
[[2,9,1,1,2,0,1,2,1],6,31].
[[3,6,1,1,1,1,0,0,0],2,0].
[[2,6,1,1,1,1,2,1,2],4,1].
[[3,3,1,1,1,1,2,1,2],2,0].
[[1,7,1,0,0,0,2,2,0],8,3].
[[3,8,1,1,2,0,2,3,2],6,7].
[[2,6,1,1,1,1,2,1,1],2,0].
[[3,4,1,1,2,0,2,1,1],3,0].
[[2,4,1,1,2,0,2,2,2],5,1].
[[2,7,2,1,1,1,2,1,2],10,3].
[[3,6,0,0,0,0,2,3,0],0,20].
[[3,6,1,1,1,0,2,2,2],0,4].
[[1,8,0,0,0,0,1,1,1],2,2].
[[2,8,0,1,2,0,1,2,0],5,24].
[[3,8,0,1,1,0,1,2,0],0,20].
[[2,9,2,1,2,0,2,3,1],1,11].
[[2,6,1,0,0,0,2,2,2],44,3].
[[3,2,1,1,2,0,2,2,2],1,0].
[[1,9,2,1,2,0,2,1,1],0,2].
[[2,9,2,1,1,0,2,1,1],0,1].
[[3,9,1,1,1,0,2,1,0],0,4].
[[2,7,1,1,2,0,2,3,2],8,7].
[[3,8,0,1,1,1,1,2,1],0,59].
[[3,7,0,0,0,0,2,2,0],0,22].
[[3,6,0,1,2,0,2,2,0],0,3].
[[3,7,0,1,2,1,2,2,1],1,6].
[[3,9,1,0,0,0,2,1,0],0,31].
[[1,6,1,0,0,0,2,2,2],45,3].
[[2,7,2,0,0,0,1,2,0],8,0].
[[3,7,2,0,0,0,1,2,0],20,3].
[[3,7,0,0,0,0,1,2,0],0,7].
[[1,8,1,1,2,0,2,3,1],17,26].
[[3,8,0,1,1,0,2,1,0],0,9].
[[2,6,1,0,0,0,1,1,2],13,2].
[[3,6,1,0,0,0,1,1,2],21,1].
[[3,7,2,1,1,1,1,2,2],25,8].
[[3,6,1,1,2,1,2,1,1],5,0].
[[1,9,2,0,0,0,1,1,1],2,4].
[[2,9,1,1,2,1,1,1,1],1,2].
[[3,9,0,1,1,1,1,1,1],0,2].
[[3,6,1,1,1,1,2,2,1],4,1].
[[2,7,2,1,2,1,2,3,1],14,3].
[[2,8,1,1,1,0,2,1,2],0,7].
[[3,8,1,1,1,0,2,3,2],2,2].
[[2,7,1,1,2,1,2,1,1],12,9].
[[3,7,0,1,2,1,2,1,1],0,3].
[[3,3,2,1,2,1,2,3,2],10,0].
[[2,8,1,1,1,1,2,1,1],8,2].
[[3,7,1,1,1,0,1,1,0],1,0].
[[2,7,1,1,1,1,0,0,0],10,9].
[[3,7,0,1,2,0,1,1,0],0,2].
[[3,7,0,0,0,0,1,2,1],0,2].
[[2,6,1,1,2,1,2,1,0],13,0].
[[3,6,1,1,1,1,2,1,0],10,0].
[[3,6,1,1,1,0,2,2,0],1,3].
[[2,7,0,1,2,1,0,0,0],0,40].
[[3,7,0,1,1,1,0,0,0],0,20].
[[2,8,0,1,1,1,2,2,2],4,22].
[[2,7,1,1,2,0,2,3,0],10,11].
[[1,8,1,1,2,0,2,3,0],22,18].
[[3,7,1,1,1,0,1,2,0],3,4].
[[2,8,0,1,1,1,1,2,0],8,20].
[[1,7,1,0,0,0,2,3,2],13,18].
[[1,8,0,0,0,0,2,1,1],2,8].
[[2,8,0,1,2,1,2,1,1],1,11].
[[3,8,0,1,2,1,2,1,1],0,8].
[[2,9,1,1,1,0,2,3,0],1,14].
[[2,9,2,1,1,0,2,3,1],0,1].
[[1,7,1,0,0,0,2,3,0],21,4].
[[3,6,1,1,2,1,1,1,2],31,2].
[[2,5,0,1,2,1,2,2,0],14,0].
[[1,8,0,0,0,0,1,2,1],1,2].
[[3,3,1,1,2,1,1,1,2],6,2].
[[3,6,1,1,2,1,2,2,2],26,1].
[[3,5,0,0,0,0,1,2,2],12,0].
[[3,3,1,0,0,0,1,2,2],11,0].
[[2,4,1,1,2,0,2,3,2],2,1].
[[3,6,0,1,2,1,2,3,1],0,16].
[[2,5,0,1,2,0,1,2,2],1,0].
[[2,3,1,0,0,0,2,2,2],4,1].
[[2,9,2,1,1,1,1,2,0],4,19].
[[3,9,1,1,2,0,1,1,0],0,32].
[[3,6,0,1,2,1,2,2,2],0,24].
[[2,7,2,1,2,0,1,2,2],18,14].
[[3,6,1,0,0,0,2,3,0],32,1].
[[1,8,1,1,1,1,1,2,2],11,3].
[[3,6,1,1,2,1,1,1,1],5,1].
[[1,6,1,0,0,0,2,2,1],15,0].
[[2,3,1,0,0,0,2,2,1],4,0].
[[2,5,0,1,2,0,1,2,1],14,2].
[[3,9,1,1,2,0,2,1,0],0,18].
[[3,8,0,0,0,0,2,1,2],0,7].
[[1,6,1,0,0,0,2,3,1],20,1].
[[2,6,1,1,2,0,2,3,1],5,1].
[[3,6,1,1,2,0,2,2,1],5,0].
[[3,8,0,1,1,1,2,2,2],0,10].
[[3,7,1,1,2,1,0,0,0],43,66].
[[1,9,2,1,1,1,2,2,1],3,5].
[[3,6,1,1,1,1,2,2,0],11,0].
[[2,9,2,1,2,0,2,3,2],1,15].
[[3,9,1,1,1,0,2,3,0],0,11].
[[1,7,2,0,0,0,2,3,1],16,4].
[[3,7,0,1,2,0,2,1,0],0,7].
[[1,9,2,1,2,1,2,2,1],17,38].
[[1,9,2,1,2,0,1,1,0],1,11].
[[3,9,1,1,1,0,1,1,0],0,3].
[[3,8,0,0,0,0,2,2,1],0,7].
[[2,6,0,0,0,0,2,2,0],0,10].
[[3,3,1,0,0,0,2,2,0],5,1].
[[2,9,1,1,1,1,0,0,0],2,10].
[[2,9,2,1,1,0,2,3,2],0,2].
[[3,6,0,0,0,0,2,1,0],0,10].
[[3,3,2,0,0,0,2,3,2],8,0].
[[3,8,0,1,2,0,0,0,0],0,34].
[[3,2,1,0,0,0,2,2,0],1,0].
[[2,4,1,1,2,0,2,1,0],14,2].
[[2,8,0,1,1,1,2,1,0],10,21].
[[1,8,1,1,2,1,1,1,0],6,5].
[[3,7,1,1,1,1,1,1,0],7,3].
[[2,5,0,1,2,1,1,2,0],39,7].
[[1,6,0,0,0,0,2,3,0],0,1].
[[3,3,1,0,0,0,2,3,0],19,1].
[[3,6,1,0,0,0,1,2,1],15,0].
[[3,6,0,1,2,0,2,2,2],0,3].
[[2,9,2,1,1,1,1,2,1],0,9].
[[2,9,2,1,1,1,2,1,0],6,23].
[[2,4,1,1,2,0,1,2,0],12,5].
[[2,8,0,1,2,0,2,2,1],1,5].
[[2,7,1,1,1,1,2,2,2],10,6].
[[3,3,1,1,1,1,2,2,2],7,0].
[[3,8,1,1,1,1,2,2,1],1,11].
[[1,5,0,1,2,1,2,1,0],10,0].
[[2,5,0,1,1,1,2,1,0],5,0].
[[3,8,0,1,2,0,2,3,2],0,8].
[[2,7,1,0,0,0,1,1,1],3,2].
[[3,3,1,0,0,0,2,3,1],9,1].
[[2,6,0,0,0,0,2,2,2],2,11].
[[3,6,0,0,0,0,1,2,2],0,21].
[[3,7,0,1,1,1,1,2,0],0,2].
[[3,9,1,1,1,0,2,2,0],0,10].
[[3,3,1,1,2,1,2,1,2],19,4].
[[2,7,1,0,0,0,1,2,2],38,22].
[[1,8,1,1,2,0,1,2,1],5,5].
[[2,6,1,1,2,0,2,3,2],5,2].
[[3,7,2,1,1,0,2,2,0],1,4].
[[1,8,1,1,1,1,1,1,2],9,2].
[[2,3,1,1,2,1,0,0,0],9,4].
[[1,9,2,1,2,0,1,1,2],11,28].
[[3,6,0,0,0,0,2,2,0],0,16].
[[3,8,1,0,0,0,2,2,2],6,5].
[[3,6,0,1,2,1,1,2,0],0,6].
[[3,7,0,1,2,0,2,1,2],0,7].
[[2,8,1,1,1,1,2,2,1],13,13].
[[2,8,0,1,2,0,2,3,2],2,18].
[[2,8,0,1,2,0,1,2,1],0,5].
[[1,9,2,1,2,0,1,2,2],9,35].
[[3,7,2,1,2,0,2,3,1],16,2].
[[3,7,2,1,2,0,2,3,0],29,6].
[[3,6,0,1,1,1,2,2,2],0,4].
[[1,5,0,1,2,1,1,2,1],15,0].
[[2,3,1,0,0,0,2,3,1],2,1].
[[3,2,0,0,0,0,2,3,1],0,1].
[[2,5,0,1,2,1,1,1,0],16,11].
[[2,7,2,1,1,1,2,3,1],4,0].
[[1,8,0,1,2,1,2,2,1],1,6].
[[2,8,0,1,1,1,2,2,1],3,2].
[[3,8,0,1,1,1,2,2,1],0,8].
[[3,3,1,1,2,0,2,2,1],3,0].
[[3,7,2,1,1,1,2,3,1],5,0].
[[1,7,2,0,0,0,2,3,2],44,11].
[[2,7,0,0,0,0,2,2,0],0,6].
[[3,7,2,1,2,1,2,3,0],75,1].
[[3,9,0,1,1,0,2,2,0],0,11].
[[2,7,2,1,1,0,1,1,2],1,1].
[[2,5,0,1,2,0,1,2,0],9,5].
[[2,9,2,1,1,1,2,3,1],5,8].
[[3,4,1,1,2,0,2,3,1],21,4].
[[1,7,2,1,2,1,2,3,1],4,0].
[[1,8,1,1,1,1,2,2,1],8,7].
[[2,7,1,1,1,1,2,2,1],1,1].
[[3,4,1,1,2,0,2,2,1],1,3].
[[3,7,2,0,0,0,2,2,0],23,2].
[[2,6,0,0,0,0,2,1,0],0,6].
[[2,6,1,1,2,1,2,3,1],22,1].
[[3,7,1,1,2,0,1,1,0],9,6].
[[3,9,1,0,0,0,1,2,1],0,16].
[[1,7,2,1,2,1,2,3,2],10,0].
[[3,7,1,1,1,1,2,1,0],21,11].
[[3,8,1,1,2,0,2,1,1],1,2].
[[3,6,1,1,1,1,1,2,0],6,0].
[[1,8,1,1,1,1,2,3,2],11,7].
[[3,6,1,1,1,1,1,2,2],15,2].
[[1,7,2,0,0,0,2,2,0],12,0].
[[3,7,2,1,2,1,1,1,0],12,6].
[[2,9,1,1,1,1,2,3,1],3,19].
[[3,6,1,0,0,0,1,1,0],7,2].
[[3,5,0,1,1,0,2,3,0],5,3].
[[2,5,0,1,1,1,1,2,1],15,2].
[[2,8,1,1,1,0,1,1,2],5,6].
[[3,7,1,1,1,0,1,1,2],5,4].
[[1,6,1,0,0,0,2,2,0],10,2].
[[1,7,1,0,0,0,1,1,2],5,0].
[[2,7,2,0,0,0,1,1,0],4,1].
[[3,9,1,1,1,1,2,3,1],0,8].
[[2,7,2,1,1,1,1,2,2],2,2].
[[2,9,1,1,2,1,2,2,1],0,2].
[[2,8,0,1,1,1,1,2,1],3,4].
[[3,3,2,1,2,0,0,0,0],11,0].
[[1,5,0,0,0,0,1,2,1],18,1].
[[2,6,1,1,1,1,2,2,2],4,2].
[[2,9,1,1,2,0,0,0,0],0,12].
[[2,7,0,1,2,1,2,3,2],0,4].
[[3,6,1,0,0,0,2,2,1],5,0].
[[3,3,1,1,2,1,2,3,2],13,2].
[[2,5,0,0,0,0,1,1,0],14,5].
[[1,8,0,1,2,1,2,1,1],0,4].
[[2,5,0,1,2,0,1,1,2],23,5].
[[2,9,2,1,1,0,1,2,1],0,1].
[[3,9,1,1,1,0,1,2,1],0,4].
[[3,3,1,0,0,0,1,1,2],5,0].
[[3,8,0,1,1,0,2,3,1],0,5].
[[3,3,1,0,0,0,1,2,0],5,0].
[[3,3,1,0,0,0,2,2,1],6,1].
[[3,7,2,1,1,0,0,0,0],2,2].
[[3,3,1,1,2,0,0,0,0],20,4].
[[3,8,1,0,0,0,2,2,1],0,14].
[[3,7,1,1,1,0,2,2,1],0,3].
[[3,5,0,1,2,0,2,2,0],13,2].
[[3,5,0,0,0,0,2,2,0],17,0].
[[1,7,2,0,0,0,2,1,0],7,0].
[[3,7,2,1,1,1,1,1,0],5,1].
[[2,7,0,0,0,0,2,3,1],1,3].
[[3,7,2,1,1,0,2,3,1],2,1].
[[2,9,2,1,1,0,2,3,0],0,7].
[[2,4,1,1,2,0,2,2,1],3,2].
[[2,8,0,0,0,0,2,1,1],1,11].
[[3,8,0,0,0,0,2,1,1],0,8].
[[3,9,0,1,2,0,2,1,0],0,23].
[[3,3,1,1,2,0,2,3,1],3,1].
[[1,7,2,1,2,1,2,1,2],16,6].
[[2,5,0,1,2,0,1,1,0],3,2].
[[3,7,0,1,2,1,2,2,2],0,33].
[[3,7,0,0,0,0,2,3,1],0,12].
[[2,9,2,1,1,0,2,1,0],0,2].
[[1,5,0,1,2,1,1,2,0],5,2].
[[3,8,0,1,1,0,1,1,2],0,14].
[[2,9,1,1,2,0,2,3,2],0,2].
[[3,3,2,1,2,1,2,1,0],2,0].
[[2,6,1,0,0,0,2,2,1],16,0].
[[1,8,0,1,2,1,1,2,0],4,11].
[[2,3,2,1,2,0,2,3,1],1,0].
[[3,3,2,1,2,0,2,1,0],1,0].
[[2,9,2,1,1,1,2,1,2],0,7].
[[2,2,1,0,0,0,2,2,2],6,0].
[[3,2,1,0,0,0,2,3,1],1,0].
[[2,9,2,1,2,0,2,1,0],3,20].
[[3,6,1,1,2,0,1,2,1],9,0].
[[3,8,0,1,1,0,2,2,1],0,1].
[[2,6,0,1,2,1,1,2,2],1,5].
[[3,6,0,1,1,1,0,0,0],0,4].
[[3,3,1,1,2,0,2,3,0],6,0].
[[3,7,1,1,1,0,2,1,2],2,10].
[[1,8,1,1,2,0,2,1,1],6,1].
[[2,8,1,1,2,0,1,1,1],4,0].
[[3,6,1,1,2,0,1,1,1],1,0].
[[1,9,2,1,2,0,2,2,1],1,5].
[[2,9,1,1,2,0,2,2,1],0,2].
[[3,6,0,0,0,0,1,1,0],0,2].
[[3,8,0,1,2,0,2,1,2],0,3].
[[1,9,2,1,2,1,2,1,1],4,16].
[[3,8,1,0,0,0,1,1,1],3,3].
[[2,9,2,1,2,0,0,0,0],1,15].
[[2,8,1,1,1,0,2,3,0],2,13].
[[2,8,1,1,1,0,2,2,1],1,1].
[[2,7,1,1,1,1,2,3,0],9,2].
[[2,8,1,1,1,0,2,2,2],3,7].
[[3,8,0,1,1,1,2,3,2],0,9].
[[3,6,0,1,2,0,1,2,0],0,1].
[[2,9,1,1,1,0,1,1,0],0,4].
[[3,5,0,1,1,0,1,1,0],3,2].
[[3,8,1,1,1,0,2,2,2],0,3].
[[2,7,2,1,1,0,2,2,2],3,2].
[[3,7,2,1,1,0,2,2,2],8,2].
[[3,6,1,1,2,0,2,1,2],11,0].
[[2,7,2,1,2,1,1,2,0],7,3].
[[3,7,1,1,2,1,1,1,1],7,7].
[[2,7,0,1,2,1,2,2,2],0,9].
[[3,9,0,1,1,0,2,1,0],0,5].
[[3,8,1,0,0,0,0,0,0],0,3].
[[3,3,2,1,2,0,2,3,2],8,0].
[[3,7,2,0,0,0,2,1,0],13,0].
[[3,3,2,0,0,0,2,1,2],9,0].
[[1,5,0,0,0,0,1,1,0],3,2].
[[1,7,1,1,2,1,2,2,2],11,7].
[[2,3,2,1,2,1,2,2,2],6,0].
[[1,8,1,1,2,0,1,1,2],10,2].
[[3,6,0,1,2,1,1,1,0],0,6].
[[1,6,1,1,2,1,2,1,2],9,0].
[[1,7,2,1,2,0,2,1,2],2,1].
[[2,6,1,1,2,0,2,2,1],4,0].
[[3,6,1,1,1,0,2,2,1],1,0].
[[2,6,1,1,2,0,2,3,0],7,2].
[[3,6,1,1,1,0,2,3,0],5,0].
[[2,7,1,1,1,1,2,1,2],10,2].
[[2,6,1,0,0,0,1,2,1],8,2].
[[3,7,2,1,2,0,1,1,1],0,6].
[[3,6,1,1,1,1,2,3,2],11,0].
[[1,7,1,1,2,1,2,3,2],4,2].
[[2,3,1,0,0,0,2,3,2],2,1].
[[3,3,1,1,2,0,2,3,2],2,1].
[[2,7,2,1,2,0,2,3,2],8,6].
[[1,6,1,1,2,1,2,2,1],2,0].
[[2,6,1,1,2,1,2,2,1],11,1].
[[3,3,2,1,2,1,2,2,0],5,0].
[[3,7,0,1,2,0,1,1,2],0,6].
[[1,7,2,1,2,0,1,2,2],1,1].
[[2,7,2,1,1,0,1,2,2],1,1].
[[3,7,2,1,1,0,1,1,1],0,1].
[[2,8,1,1,2,0,2,1,1],1,8].
[[3,4,0,1,2,0,2,3,0],0,1].
[[2,3,2,0,0,0,2,2,0],2,0].
[[3,6,0,1,2,0,2,3,1],0,3].
[[2,3,2,0,0,0,1,1,2],8,0].
[[3,3,2,1,2,1,1,1,2],15,0].
[[2,2,1,0,0,0,2,1,2],2,0].
[[3,2,1,0,0,0,2,1,2],3,0].
[[1,5,0,0,0,0,2,2,0],5,0].
[[2,6,1,1,2,0,0,0,0],11,3].
[[3,6,1,1,1,0,2,1,0],1,0].
[[3,2,1,0,0,0,2,2,2],5,0].
[[3,7,1,1,1,1,2,2,1],7,13].
[[3,6,0,0,0,0,2,3,1],0,5].
[[1,8,0,1,2,1,1,2,1],1,1].
[[2,8,0,1,1,1,1,1,0],2,5].
[[2,8,0,1,2,0,2,3,1],1,18].
[[2,7,2,1,2,0,2,3,1],6,3].
[[2,9,2,1,2,1,2,1,1],2,5].
[[2,3,1,1,2,1,2,3,0],2,0].
[[3,3,1,1,1,1,2,3,0],5,0].
[[2,7,1,1,1,1,2,3,2],7,3].
[[3,3,2,1,2,0,2,2,2],6,0].
[[2,4,1,1,2,0,2,1,2],0,2].
[[3,7,2,1,1,0,1,2,2],5,10].
[[2,6,0,0,0,0,1,1,0],1,0].
[[3,3,1,1,2,1,1,1,0],2,0].
[[3,3,2,1,2,0,1,2,2],3,0].
[[2,6,1,1,2,1,1,2,2],11,2].
[[3,6,1,1,2,0,2,2,2],9,1].
[[3,8,1,1,2,1,0,0,0],0,12].
[[3,8,0,1,1,0,2,2,0],0,18].
[[2,7,1,1,2,0,2,2,0],11,3].
[[2,7,1,0,0,0,1,1,0],4,4].
[[3,3,2,0,0,0,2,3,0],4,0].
[[2,7,1,1,2,0,1,1,2],3,5].
[[3,3,2,1,1,1,2,3,2],3,0].
[[3,3,2,0,0,0,1,1,2],11,1].
[[3,8,1,1,1,0,0,0,0],0,2].
[[3,5,0,1,1,0,1,2,0],7,3].
[[2,6,0,1,2,1,2,3,2],1,3].
[[3,7,2,1,1,1,1,2,1],6,0].
[[1,8,0,1,2,1,1,1,2],8,26].
[[3,7,0,1,1,1,2,3,1],0,5].
[[3,9,0,1,1,0,1,1,0],0,12].
[[3,7,2,1,1,1,0,0,0],3,0].
[[3,7,2,1,1,0,2,1,0],1,1].
[[3,3,2,0,0,0,2,1,0],6,0].
[[3,4,0,1,2,0,2,2,2],0,2].
[[2,7,2,1,2,1,1,2,1],5,2].
[[2,9,2,1,1,0,0,0,0],0,1].
[[2,8,1,1,1,0,2,1,0],1,3].
[[2,9,1,1,2,1,2,1,1],1,4].
[[3,6,0,0,0,0,2,2,2],0,5].
[[1,8,1,1,2,0,1,2,0],6,3].
[[2,7,1,1,2,0,1,2,0],1,1].
[[3,7,0,1,2,0,2,2,2],0,8].
[[3,9,0,1,1,0,1,1,2],0,3].
[[3,3,1,1,2,0,2,2,0],6,1].
[[3,7,0,0,0,0,2,2,1],0,1].
[[3,4,1,1,2,0,2,2,2],5,4].
[[2,7,0,1,2,1,1,1,0],0,3].
[[3,7,0,1,2,1,1,1,0],0,13].
[[2,3,2,1,2,0,0,0,0],9,1].
[[3,3,2,1,1,0,0,0,0],2,0].
[[2,7,1,1,2,1,1,2,0],8,3].
[[3,3,1,1,2,1,1,2,2],9,1].
[[3,6,0,1,2,0,1,2,2],0,4].
[[1,8,1,1,2,0,2,2,0],10,11].
[[1,5,0,1,1,1,1,1,2],3,0].
[[1,7,2,1,2,0,2,3,2],5,1].
[[2,3,2,1,2,0,2,3,2],1,0].
[[3,3,2,1,1,0,2,3,2],1,0].
[[2,7,0,1,2,1,2,1,2],0,7].
[[2,8,1,1,1,0,1,1,0],0,2].
[[2,7,0,1,2,1,1,2,2],0,4].
[[2,9,1,1,1,1,2,2,2],1,3].
[[3,9,1,0,0,0,2,2,1],0,2].
[[3,6,1,0,0,0,2,2,2],22,0].
[[2,3,2,0,0,0,1,2,2],8,0].
[[3,3,2,0,0,0,1,2,1],3,0].
[[3,7,1,1,1,1,2,1,1],1,4].
[[3,7,2,1,1,0,2,3,2],3,1].
[[2,7,1,1,2,0,2,2,1],6,7].
[[3,8,1,1,2,0,2,2,2],1,5].
[[3,3,2,1,1,1,1,2,2],3,0].
[[2,3,2,0,0,0,2,3,2],9,0].
[[1,7,2,1,2,1,1,1,2],3,1].
[[2,7,0,0,0,0,1,1,2],0,2].
[[3,2,1,1,2,1,2,3,0],2,0].
[[3,6,1,1,2,0,2,3,1],7,0].
[[3,9,1,1,1,0,1,1,2],0,10].
[[1,7,2,1,2,0,2,2,0],4,1].
[[2,7,2,1,2,0,1,2,0],3,0].
[[3,4,1,1,2,0,0,0,0],6,0].
[[3,9,0,1,1,0,1,2,2],0,12].
[[2,5,0,1,1,0,1,2,1],1,1].
[[3,4,0,1,2,0,1,2,1],0,1].
[[3,5,0,1,2,0,1,1,0],10,10].
[[2,5,0,1,1,0,2,1,0],0,2].
[[3,5,0,1,1,0,2,1,0],0,4].
[[2,7,1,1,2,0,2,1,2],10,10].
[[2,7,0,1,2,1,2,3,1],0,3].
[[3,3,1,1,1,1,0,0,0],7,1].
[[1,8,1,1,1,1,2,1,0],3,1].
[[3,7,2,1,2,0,0,0,0],3,1].
[[2,9,2,1,1,0,2,2,0],0,5].
[[2,3,2,1,2,1,0,0,0],9,1].
[[3,3,2,1,1,1,0,0,0],4,0].
[[3,3,2,1,1,1,2,1,2],3,0].
[[1,8,1,1,1,1,2,1,1],2,0].
[[2,5,0,0,0,0,1,2,2],10,1].
[[3,7,2,0,0,0,0,0,0],3,1].
[[1,7,1,1,2,1,2,2,1],3,2].
[[3,5,0,1,1,0,1,2,1],10,5].
[[3,6,0,1,2,0,2,3,2],0,1].
[[2,7,2,1,1,0,2,3,0],1,0].
[[3,3,2,1,1,0,2,3,0],2,0].
[[3,6,0,1,2,0,0,0,0],0,4].
[[3,4,0,1,2,0,1,1,2],0,3].
[[2,9,2,1,1,1,2,3,2],5,6].
[[3,3,2,1,2,0,2,1,2],4,0].
[[3,3,1,1,2,1,1,2,1],6,1].
[[3,7,2,1,1,0,1,2,1],1,1].
[[3,8,0,1,1,1,2,1,1],0,3].
[[2,4,1,1,2,0,1,2,1],6,5].
[[3,2,1,0,0,0,2,3,0],1,0].
[[1,9,2,1,1,1,1,2,1],4,4].
[[3,3,2,1,1,1,2,3,1],2,0].
[[3,7,0,1,2,0,2,2,0],0,11].
[[1,9,2,1,2,1,1,1,1],1,4].
[[2,6,1,1,2,0,2,2,0],6,1].
[[3,3,1,1,2,1,2,3,0],19,3].
[[2,9,1,1,2,0,1,1,1],1,1].
[[3,3,1,1,2,0,1,2,1],2,0].
[[2,3,2,1,2,0,2,1,2],3,0].
[[3,3,1,1,2,0,2,1,2],4,0].
[[2,7,2,1,2,0,2,3,0],8,4].
[[2,9,1,0,0,0,2,2,1],1,7].
[[3,7,0,1,2,0,1,2,0],0,4].
[[2,6,1,1,1,1,2,2,0],2,0].
[[1,9,2,1,2,0,1,2,1],1,6].
[[3,6,1,1,1,0,1,2,2],4,1].
[[1,7,2,1,2,1,2,3,0],4,1].
[[1,5,0,1,2,1,1,1,0],1,1].
[[2,5,0,1,1,1,1,1,0],0,2].
[[3,2,1,1,2,1,1,2,2],2,0].
[[2,6,1,1,2,0,1,2,0],3,0].
[[2,9,1,1,1,0,2,2,1],0,1].
[[3,8,1,0,0,0,2,1,2],7,3].
[[3,6,0,1,2,1,1,1,2],0,11].
[[2,6,1,1,1,1,2,2,1],1,1].
[[3,7,0,1,2,0,2,3,1],0,6].
[[3,7,2,1,2,0,1,1,0],4,0].
[[3,5,0,1,1,0,1,1,1],6,5].
[[3,9,1,1,1,1,0,0,0],0,9].
[[3,6,0,1,2,1,2,3,2],0,14].
[[2,6,1,0,0,0,1,1,0],5,1].
[[3,6,1,0,0,0,2,1,1],2,0].
[[3,8,1,1,1,1,2,1,2],3,3].
[[2,9,1,1,1,1,2,3,2],1,2].
[[3,7,0,1,1,1,2,2,2],0,9].
[[2,8,1,1,1,0,1,2,1],2,4].
[[3,7,1,1,1,0,1,2,1],2,3].
[[2,7,1,1,1,1,1,2,2],8,0].
[[1,6,0,0,0,0,2,3,2],2,2].
[[3,6,0,1,1,1,2,1,0],0,4].
[[1,5,0,1,2,0,1,1,2],2,1].
[[2,5,0,1,2,0,2,2,0],0,1].
[[2,6,0,1,2,1,2,2,2],2,10].
[[3,6,0,1,1,1,2,3,2],0,3].
[[3,9,0,1,2,1,1,1,1],0,1].
[[2,3,2,1,2,1,2,3,2],6,0].
[[1,5,0,1,2,0,1,1,1],2,0].
[[3,6,1,1,1,1,2,1,2],6,0].
[[3,9,1,1,2,0,2,2,1],0,2].
[[3,7,1,1,1,0,2,1,0],1,5].
[[1,6,0,0,0,0,2,2,0],0,1].
[[3,8,1,1,1,1,0,0,0],0,8].
[[3,3,1,1,2,0,1,2,0],1,0].
[[2,9,2,1,2,0,1,2,1],3,7].
[[2,7,2,1,1,0,1,1,0],1,0].
[[3,7,2,1,1,0,1,1,0],1,0].
[[3,8,1,1,1,0,2,1,1],0,1].
[[2,9,1,1,1,0,2,2,0],0,8].
[[2,9,1,1,1,0,1,2,1],0,4].
[[2,6,1,1,2,0,1,2,2],3,0].
[[2,7,0,1,2,1,1,1,2],0,5].
[[3,3,2,1,2,1,2,3,1],9,0].
[[3,8,0,1,2,1,1,1,1],0,4].
[[1,7,1,0,0,0,2,1,1],4,6].
[[1,7,1,1,2,1,2,3,0],1,1].
[[2,7,1,1,1,1,1,2,1],1,1].
[[3,7,0,1,1,1,1,2,1],0,1].
[[2,9,1,1,1,0,1,2,0],0,9].
[[1,7,2,0,0,0,1,1,1],0,1].
[[2,7,2,0,0,0,1,1,1],0,3].
[[3,6,1,1,2,0,0,0,0],3,0].
[[2,1,1,1,2,0,1,1,2],1,0].
[[3,1,1,1,2,0,1,1,2],1,0].
[[3,6,1,1,1,0,2,3,1],2,1].
[[2,7,0,1,2,1,2,2,1],1,0].
[[1,6,1,0,0,0,2,1,0],7,0].
[[3,8,0,1,2,0,2,2,1],0,4].
[[3,6,0,1,1,1,1,1,2],0,5].
[[3,3,2,1,1,1,2,2,2],1,0].
[[2,7,0,0,0,0,2,3,2],0,5].
[[1,6,1,0,0,0,1,2,1],3,1].
[[2,6,1,1,2,1,1,1,0],1,1].
[[3,3,1,0,0,0,1,2,1],3,0].
[[2,9,1,1,1,0,2,1,0],0,3].
[[1,8,1,1,1,1,1,2,1],5,1].
[[3,7,2,1,2,1,1,1,1],0,7].
[[2,3,1,1,2,1,2,2,1],2,0].
[[3,6,1,1,2,0,2,3,2],6,1].
[[3,2,1,1,2,0,1,2,2],1,0].
[[3,3,2,1,2,0,2,3,0],5,0].
[[3,2,1,1,2,1,2,2,2],1,0].
[[2,7,1,1,1,1,1,1,2],2,1].
[[2,8,0,1,2,0,1,1,0],0,4].
[[2,7,2,1,1,0,2,3,2],1,0].
[[3,4,0,1,2,0,1,2,2],0,3].
[[1,7,1,1,2,1,2,1,1],0,1].
[[3,9,1,1,2,1,2,1,1],0,1].
[[3,3,0,1,2,1,1,1,2],0,1].
[[3,4,0,1,2,0,2,1,0],0,1].
[[2,7,1,1,2,0,1,1,0],1,0].
[[2,3,1,1,2,1,2,1,2],1,0].
[[3,7,2,0,0,0,1,1,1],0,3].
[[2,6,0,0,0,0,2,3,1],2,1].
[[3,2,0,0,0,0,1,2,2],0,1].
[[1,3,2,0,0,0,2,3,1],3,0].
[[2,3,2,0,0,0,2,3,1],4,0].
[[2,3,2,0,0,0,2,1,0],1,0].
[[1,7,1,1,2,1,1,1,2],1,0].
[[1,5,0,1,1,1,2,3,0],3,0].
[[2,5,0,1,1,0,1,1,2],0,2].
[[2,7,0,0,0,0,1,2,2],1,2].
[[3,6,1,1,1,0,2,1,2],1,0].
[[1,8,1,1,1,1,1,2,0],0,1].
[[2,9,1,0,0,0,2,1,1],0,3].
[[3,7,1,1,1,0,2,3,1],1,7].
[[3,8,1,1,2,0,1,1,1],4,1].
[[1,7,1,1,2,1,1,2,1],1,0].
[[3,6,0,1,1,1,2,3,1],0,1].
[[2,6,1,1,2,0,2,1,1],2,0].
[[3,8,1,1,1,1,2,1,1],0,1].
[[3,2,1,0,0,0,0,0,0],3,0].
[[1,9,2,1,2,0,1,1,1],0,1].
[[2,8,0,1,2,0,1,1,1],0,1].
[[2,6,1,1,2,1,2,1,1],5,1].
[[2,9,2,1,1,0,1,2,2],1,2].
[[3,7,2,1,1,1,2,1,0],3,2].
[[2,6,1,1,1,1,0,0,0],7,0].
[[3,2,1,1,1,1,0,0,0],1,0].
[[2,7,2,1,1,1,2,3,2],0,1].
[[1,7,1,1,2,1,2,3,1],5,2].
[[2,7,2,1,1,1,1,1,2],2,1].
[[2,8,1,1,1,0,2,1,1],0,1].
[[3,8,0,1,1,0,2,2,2],0,1].
[[1,6,0,0,0,0,2,2,2],2,7].
[[3,8,0,1,1,0,1,2,2],0,11].
[[2,7,1,1,2,0,2,1,1],1,1].
[[1,6,1,0,0,0,1,2,2],1,0].
[[3,6,1,1,1,1,1,2,1],4,1].
[[1,5,0,1,2,0,2,3,0],2,1].
[[2,9,1,1,2,0,2,1,1],0,1].
[[2,7,2,1,1,0,2,1,2],0,1].
[[3,2,0,1,2,1,2,2,0],0,1].
[[2,8,0,1,2,1,1,1,1],0,2].
[[3,6,0,1,2,1,1,1,1],0,1].
[[2,6,0,1,2,1,2,3,1],0,4].
[[2,6,0,1,2,1,2,1,0],0,3].
[[2,3,2,0,0,0,2,3,0],1,0].
[[3,7,0,1,2,0,2,3,2],0,2].
[[3,8,0,1,1,0,1,2,1],0,4].
[[3,6,1,1,1,0,1,2,0],1,0].
[[3,8,0,1,1,0,1,1,0],0,6].
[[2,7,1,1,1,1,2,1,0],3,0].
[[2,8,1,1,1,0,0,0,0],0,3].
[[2,8,1,1,1,1,1,1,1],0,1].
[[2,9,1,1,1,0,1,1,2],1,1].
[[3,8,1,1,2,0,0,0,0],0,4].
[[3,9,1,1,2,0,0,0,0],0,1].
[[3,8,0,1,2,0,2,1,1],0,2].
[[2,6,0,1,2,1,2,2,1],1,1].
[[3,6,0,1,1,1,2,2,1],0,1].
[[2,6,1,1,1,1,1,1,0],1,1].
[[3,6,1,1,1,1,1,1,0],3,1].
[[3,2,0,0,0,0,0,0,0],0,3].
[[3,6,1,1,1,0,1,2,1],0,1].
[[2,7,2,1,1,1,1,2,1],1,0].
[[1,6,0,0,0,0,2,1,2],2,0].
[[3,9,1,0,0,0,0,0,0],0,5].
[[2,6,1,1,1,1,1,2,0],1,0].
[[1,5,0,1,1,1,1,2,1],1,1].
[[1,3,2,0,0,0,1,2,2],1,0].
[[3,3,2,1,1,0,2,2,2],1,1].
[[2,7,0,0,0,0,1,2,0],0,2].
[[2,3,1,1,2,1,2,2,2],1,1].
[[2,7,2,1,2,0,1,1,1],0,2].
[[2,8,1,1,1,0,2,3,2],2,0].
[[3,6,1,1,1,0,2,3,2],1,0].
[[2,6,0,0,0,0,2,2,1],0,2].
[[3,2,1,1,2,0,2,3,1],1,0].
[[3,7,0,1,1,1,2,2,1],0,2].
[[3,6,0,1,2,0,2,2,1],0,1].
[[3,2,0,1,2,1,1,2,2],0,1].
[[2,6,1,1,2,0,2,1,0],0,1].
[[3,7,2,1,1,1,1,1,1],0,2].
[[3,9,1,1,2,0,2,3,1],0,2].
[[1,7,1,1,2,1,2,2,0],1,0].
[[3,6,1,1,1,0,0,0,0],2,0].
[[2,3,1,1,2,1,2,2,0],1,0].
[[3,6,0,1,1,1,1,2,2],0,2].
[[2,3,2,1,2,1,1,1,2],2,0].
[[3,7,0,1,2,0,2,2,1],0,3].
[[1,3,2,0,0,0,1,1,2],2,0].
[[2,6,1,1,2,1,1,2,0],3,0].
[[1,7,2,1,2,1,2,2,0],2,0].
[[2,9,1,1,1,0,2,3,2],0,1].
[[1,7,1,1,2,1,1,2,2],1,0].
[[1,6,1,1,2,1,2,2,0],2,0].
[[1,8,1,1,2,1,1,1,1],1,5].
[[2,7,1,1,2,1,1,1,1],0,3].
[[3,6,0,0,0,0,1,2,1],0,4].
[[3,9,1,0,0,0,2,3,1],0,1].
[[1,6,1,1,2,1,1,2,2],1,0].
[[3,2,0,0,0,0,2,1,2],0,1].
[[3,3,2,1,2,0,1,2,0],1,0].
[[2,3,1,0,0,0,2,3,0],3,0].
[[1,6,1,1,2,1,2,1,1],1,0].
[[2,3,1,1,2,1,2,1,1],1,0].
[[3,2,1,0,0,0,2,2,1],1,0].
[[3,6,0,1,1,1,1,2,0],0,3].
[[1,5,0,1,1,1,1,1,1],1,0].
[[2,9,2,1,1,1,2,2,1],2,2].
[[3,3,1,1,1,1,1,2,2],1,1].
[[2,9,2,1,2,0,2,2,1],0,2].
[[3,2,1,1,2,1,2,2,1],1,0].
[[1,2,1,0,0,0,2,3,1],1,0].
[[2,2,1,0,0,0,2,3,1],1,0].
[[3,2,1,1,2,1,2,3,1],1,0].
[[3,8,1,1,1,0,2,1,2],0,1].
[[2,6,1,1,2,0,1,1,2],4,0].
[[3,3,1,1,2,0,1,2,2],1,0].
[[1,7,2,1,2,1,1,2,1],1,0].
[[3,3,2,1,2,1,2,3,0],3,0].
[[3,4,0,1,2,0,1,1,0],0,1].
[[3,7,2,1,1,0,2,1,2],1,0].
[[3,6,0,0,0,0,2,2,1],0,2].
[[3,3,2,1,2,1,1,2,1],1,0].
[[2,6,0,1,2,1,1,1,0],0,1].
[[3,3,2,1,2,0,2,2,0],4,0].
[[3,3,1,1,2,0,1,1,2],1,1].
[[2,3,1,0,0,0,2,1,0],3,0].
[[2,6,0,0,0,0,1,1,2],0,2].
[[3,2,1,1,2,0,1,2,0],1,0].
[[3,6,0,1,2,1,2,2,1],0,1].
[[3,6,0,1,2,0,1,1,2],0,1].
[[3,2,1,1,2,0,2,2,0],1,0].
[[3,3,1,1,1,1,2,2,0],3,0].
[[2,7,2,1,2,1,1,1,0],1,0].
[[2,5,0,1,1,0,1,1,1],1,0].
[[2,7,1,1,2,0,1,1,1],1,0].
[[3,7,0,1,2,0,1,2,1],0,1].
[[3,4,0,1,2,0,1,2,0],0,1].
[[3,3,1,1,2,1,2,1,1],2,0].
[[2,7,2,1,2,1,1,1,1],0,3].
[[2,9,2,1,2,0,2,1,1],0,1].
[[3,8,0,1,1,0,2,3,2],0,3].
[[3,3,0,0,0,0,2,2,2],0,1].
[[3,3,2,1,1,0,2,1,2],1,0].
[[2,9,1,1,1,1,2,2,1],0,3].
[[2,8,0,1,1,1,2,1,1],1,0].
[[3,6,1,1,1,1,2,1,1],3,0].
[[1,9,2,1,1,1,2,1,1],0,1].
[[2,3,2,1,2,1,2,3,1],2,0].
[[3,3,2,1,1,1,2,2,0],1,0].
[[2,6,0,1,2,1,1,2,0],0,1].
[[3,9,1,0,0,0,2,1,1],0,1].
[[3,2,1,1,2,1,2,1,2],1,0].
[[2,3,2,1,2,0,2,2,0],1,0].
[[3,3,2,1,1,0,2,2,0],1,0].
[[3,3,1,1,1,1,2,1,0],1,0].
[[3,7,0,1,1,1,1,1,0],0,1].
[[2,8,0,1,2,0,2,1,1],1,0].
[[2,7,2,1,1,0,2,1,0],1,0].
[[1,6,1,1,2,1,1,1,2],1,0].
[[2,2,1,1,2,1,1,1,2],1,0].
[[3,2,1,1,2,1,1,1,2],1,0].
[[2,6,1,1,1,1,1,1,2],2,0].
[[3,3,2,0,0,0,1,2,0],1,0].
[[3,3,2,1,1,1,1,1,2],2,0].
[[2,5,0,1,1,1,1,2,2],1,0].
[[3,8,1,1,1,0,2,2,1],0,1].
[[2,9,2,1,2,1,1,1,1],0,1].
[[3,9,1,1,2,1,1,1,1],0,1].
[[2,3,2,1,2,1,2,3,0],1,0].
[[3,3,2,1,1,0,1,1,2],1,0].
[[1,6,0,0,0,0,2,1,0],0,1].
[[3,2,1,0,0,0,1,2,2],1,0].
[[2,7,0,0,0,0,2,1,1],0,1].
[[3,7,0,1,2,0,2,1,1],0,1].
[[3,3,1,1,2,0,2,1,0],1,0].
[[2,8,0,0,0,0,1,1,1],1,2].
[[3,6,0,1,2,0,1,1,0],0,1].
[[3,2,0,1,2,1,0,0,0],0,2].
[[3,6,1,0,0,0,1,1,1],1,1].
[[3,3,2,1,1,0,1,2,2],1,0].
[[3,8,0,1,2,0,1,1,1],0,1].
[[3,6,0,1,1,1,1,1,0],0,1].
[[1,5,0,1,2,0,2,1,0],1,0].
[[2,9,2,1,1,0,1,1,0],0,1].
[[3,8,0,0,0,0,1,1,1],0,1].
[[3,8,0,1,1,0,2,1,1],0,1].
[[1,8,1,1,1,1,1,1,0],1,0].
[[3,9,1,1,1,0,0,0,0],0,1].
[[3,2,1,1,2,1,2,3,2],1,0].
[[2,4,1,1,2,0,2,1,1],1,0].
[[3,3,2,1,2,1,1,1,1],1,0].
[[3,1,1,1,2,0,1,1,0],1,0].
[[3,6,0,1,2,0,1,2,1],0,1].
[[2,7,2,1,2,0,1,1,0],1,0].
[[2,3,1,1,2,1,2,3,1],1,0].
[[2,3,1,1,2,1,2,3,2],1,0].
[[1,7,2,1,2,0,2,3,1],0,1].
[[3,6,0,1,2,1,1,2,1],0,1].
[[3,3,2,1,2,0,1,2,1],1,0].
