total_WL(15700,19967).
[[1,8,1,1,2,1,0,0,0],391,220].
[[2,8,1,1,2,1,2,1,1],200,129].
[[3,8,1,1,1,1,2,1,1],24,22].
[[1,8,1,0,0,0,2,3,1],1328,640].
[[2,8,1,0,0,0,2,3,1],882,517].
[[3,7,1,1,2,0,2,3,1],154,84].
[[1,8,1,0,0,0,0,0,0],1266,778].
[[2,8,1,1,2,1,2,2,1],435,252].
[[3,8,1,1,2,1,2,2,1],289,182].
[[1,9,2,0,0,0,0,0,0],360,1465].
[[2,9,2,0,0,0,2,1,0],51,235].
[[3,9,1,0,0,0,2,1,0],13,59].
[[1,8,1,0,0,0,2,2,1],829,387].
[[2,8,1,0,0,0,2,2,1],620,322].
[[3,7,2,0,0,0,2,2,1],79,6].
[[1,9,2,0,0,0,2,2,1],617,1415].
[[2,9,2,0,0,0,2,2,1],91,358].
[[3,9,1,1,2,1,1,2,1],136,570].
[[1,9,2,1,1,1,2,3,0],34,33].
[[2,8,1,1,1,1,2,3,0],14,2].
[[3,7,2,1,1,1,1,2,1],50,4].
[[1,9,2,0,0,0,2,2,0],390,725].
[[2,8,1,0,0,0,1,2,1],550,321].
[[3,8,1,1,2,1,1,2,1],949,556].
[[1,8,0,0,0,0,2,1,1],70,128].
[[2,7,1,0,0,0,2,1,1],76,37].
[[3,7,1,0,0,0,1,2,1],186,63].
[[1,9,2,1,2,1,2,3,1],407,819].
[[2,9,2,1,1,1,2,3,1],59,94].
[[3,4,1,1,2,0,2,3,1],85,22].
[[2,8,1,1,2,0,1,2,1],160,104].
[[3,8,1,1,2,0,1,2,1],356,264].
[[1,9,2,1,2,1,0,0,0],177,632].
[[2,9,2,1,2,1,2,3,0],122,384].
[[3,5,0,1,2,1,1,2,0],158,4].
[[1,9,2,1,2,1,2,2,0],170,286].
[[2,9,2,1,2,1,2,2,0],102,303].
[[3,9,2,1,2,1,2,2,0],2,104].
[[2,8,1,0,0,0,0,0,0],40,58].
[[3,8,1,0,0,0,2,2,1],108,74].
[[1,7,2,0,0,0,0,0,0],314,54].
[[2,7,2,1,2,0,2,1,1],20,6].
[[3,7,2,1,2,0,2,1,1],30,7].
[[2,7,2,0,0,0,2,3,1],150,22].
[[3,7,1,1,2,1,2,3,1],532,234].
[[2,8,1,1,2,0,2,3,1],186,157].
[[3,8,1,1,2,0,2,3,1],144,117].
[[1,8,0,0,0,0,2,3,0],109,150].
[[2,8,0,0,0,0,2,3,0],128,247].
[[3,8,0,1,2,1,2,3,0],97,361].
[[2,8,1,1,2,1,2,3,1],742,379].
[[2,7,1,0,0,0,2,2,1],153,73].
[[3,7,1,1,2,1,2,2,1],344,144].
[[1,9,2,1,2,1,1,2,1],190,284].
[[2,8,0,1,2,1,1,2,1],78,177].
[[3,7,1,1,2,1,1,2,1],380,125].
[[2,9,1,1,2,1,1,2,1],93,255].
[[3,8,0,1,2,1,1,2,1],161,717].
[[2,8,1,1,1,1,1,2,1],102,60].
[[3,7,1,1,1,1,1,2,1],93,26].
[[1,9,2,0,0,0,1,1,1],156,182].
[[2,8,0,1,2,1,1,1,1],24,47].
[[3,7,0,1,2,1,1,1,1],3,12].
[[1,3,2,0,0,0,0,0,0],19,0].
[[2,3,2,0,0,0,0,0,0],52,0].
[[3,3,2,1,2,1,2,2,1],21,0].
[[1,9,2,0,0,0,1,1,0],47,94].
[[2,8,0,0,0,0,1,1,0],13,30].
[[3,8,0,1,2,1,1,1,0],35,76].
[[1,9,2,0,0,0,2,1,1],238,635].
[[2,8,0,0,0,0,2,1,1],55,161].
[[2,9,2,1,1,1,1,2,1],64,118].
[[3,8,1,1,1,1,1,2,1],299,219].
[[1,8,1,1,2,1,1,2,1],126,53].
[[2,8,1,1,2,1,1,2,1],511,246].
[[3,8,1,1,1,0,2,3,1],20,40].
[[1,8,0,0,0,0,0,0,0],489,1177].
[[2,8,0,0,0,0,2,2,1],125,392].
[[3,7,0,1,2,1,2,2,1],15,71].
[[1,6,1,0,0,0,0,0,0],260,25].
[[2,6,1,1,2,1,2,3,1],74,3].
[[3,3,1,1,2,1,2,3,1],57,4].
[[1,6,1,1,2,1,0,0,0],44,4].
[[2,6,1,1,2,1,2,2,1],50,4].
[[3,6,1,1,2,1,2,3,1],122,12].
[[1,9,2,0,0,0,2,3,1],837,2130].
[[2,9,2,1,2,0,2,3,1],31,121].
[[3,9,1,1,2,0,1,2,1],21,171].
[[1,8,1,0,0,0,1,2,1],350,208].
[[2,8,1,0,0,0,1,1,1],168,165].
[[3,8,1,0,0,0,1,1,1],136,122].
[[1,7,1,0,0,0,0,0,0],300,138].
[[2,7,1,0,0,0,0,0,0],249,135].
[[3,7,1,0,0,0,2,2,1],162,107].
[[3,8,0,1,2,1,1,1,1],48,225].
[[1,9,2,0,0,0,1,2,1],383,618].
[[2,9,2,1,2,1,1,2,1],207,592].
[[3,5,0,1,2,1,1,1,1],207,11].
[[2,8,0,1,2,0,2,3,1],17,69].
[[1,9,2,0,0,0,2,1,0],213,494].
[[2,9,2,0,0,0,1,1,0],28,50].
[[3,9,1,1,2,0,1,2,0],14,33].
[[3,7,2,1,2,0,2,3,1],93,15].
[[2,9,2,1,2,1,0,0,0],9,183].
[[3,9,2,1,2,1,2,1,0],8,84].
[[1,9,2,1,1,1,2,2,0],35,27].
[[2,4,1,1,2,0,2,2,0],14,4].
[[3,4,1,1,2,0,1,2,0],26,9].
[[3,6,1,1,2,0,1,2,1],41,6].
[[2,9,2,0,0,0,1,1,1],81,177].
[[3,9,2,1,2,1,1,1,1],20,142].
[[3,8,1,0,0,0,1,2,1],413,287].
[[2,9,2,1,2,0,1,2,1],34,141].
[[3,9,1,1,1,0,1,2,1],5,53].
[[2,9,1,1,2,1,2,2,1],10,37].
[[3,9,1,1,1,1,1,2,1],45,230].
[[2,8,1,1,2,1,0,0,0],34,45].
[[2,8,0,1,2,1,0,0,0],53,367].
[[2,8,0,1,2,1,2,3,1],157,493].
[[2,8,0,1,2,1,2,1,0],41,126].
[[3,8,0,1,2,1,2,1,0],38,257].
[[1,9,2,1,2,0,2,1,0],17,29].
[[2,9,2,1,2,0,2,1,0],12,60].
[[3,9,1,1,1,0,2,1,0],0,15].
[[2,9,1,1,1,1,2,1,0],12,17].
[[3,8,0,1,2,0,1,2,1],42,164].
[[2,8,0,0,0,0,2,1,0],49,129].
[[1,9,2,1,2,1,2,2,1],286,580].
[[1,9,2,1,2,1,2,3,0],231,365].
[[2,8,0,1,2,1,2,3,0],105,230].
[[2,8,0,0,0,0,2,3,1],220,578].
[[3,8,0,0,0,0,2,3,1],40,227].
[[2,7,1,0,0,0,2,3,1],269,103].
[[2,9,2,1,2,1,2,2,1],106,379].
[[3,8,0,1,2,1,2,2,1],55,308].
[[1,9,2,0,0,0,2,3,0],514,865].
[[2,9,1,0,0,0,2,3,0],35,63].
[[2,6,1,1,2,0,2,3,1],19,5].
[[3,6,1,1,1,0,2,3,1],7,2].
[[1,9,2,1,1,1,0,0,0],27,51].
[[2,8,0,1,1,1,0,0,0],12,74].
[[3,8,0,1,1,1,2,1,0],17,81].
[[1,9,2,1,1,1,1,2,0],4,7].
[[2,9,2,1,1,1,1,2,0],25,20].
[[3,8,0,1,1,1,1,2,0],21,37].
[[1,8,0,1,2,1,0,0,0],175,412].
[[3,7,0,1,2,1,2,3,1],42,79].
[[2,9,2,0,0,0,2,1,1],25,148].
[[3,8,1,0,0,0,2,1,1],47,31].
[[1,8,1,0,0,0,2,1,1],363,216].
[[2,9,2,1,2,1,2,3,1],138,588].
[[1,7,1,0,0,0,2,1,0],4,1].
[[2,7,1,0,0,0,2,1,0],10,2].
[[3,7,1,0,0,0,2,1,0],10,5].
[[1,8,0,0,0,0,2,2,0],64,128].
[[2,8,0,0,0,0,1,2,0],33,51].
[[3,8,0,0,0,0,1,2,0],29,50].
[[3,7,2,1,2,1,2,3,1],190,33].
[[2,9,2,0,0,0,1,2,1],235,575].
[[2,9,2,0,0,0,2,3,1],120,591].
[[1,9,2,1,2,0,0,0,0],16,67].
[[3,5,0,1,2,1,1,1,0],132,6].
[[1,9,2,1,2,1,1,1,1],71,84].
[[2,9,1,1,1,1,1,1,1],15,10].
[[3,8,0,1,1,1,1,1,1],18,71].
[[3,8,0,1,2,1,2,3,1],118,531].
[[3,9,2,0,0,0,2,2,1],4,24].
[[2,9,2,1,2,1,2,1,0],66,210].
[[3,9,1,1,2,1,2,1,0],18,134].
[[3,8,0,1,2,1,2,2,0],63,366].
[[1,9,2,1,2,0,2,2,0],15,42].
[[2,9,2,1,2,0,2,2,0],16,73].
[[3,9,1,1,1,0,2,2,0],1,7].
[[3,8,0,0,0,0,2,2,0],26,152].
[[3,8,0,0,0,0,2,1,0],24,96].
[[1,6,1,0,0,0,2,2,1],38,0].
[[2,6,1,0,0,0,2,2,1],95,7].
[[3,6,1,1,2,1,1,1,1],33,9].
[[2,7,0,1,2,1,0,0,0],13,28].
[[1,8,0,0,0,0,2,1,0],40,72].
[[2,7,1,1,2,1,1,1,1],11,6].
[[3,7,1,1,1,1,1,1,1],27,17].
[[1,8,1,1,2,1,2,3,1],476,178].
[[2,8,1,1,1,1,2,3,1],161,70].
[[3,8,1,1,1,1,2,3,1],144,99].
[[3,9,2,0,0,0,1,2,1],31,214].
[[2,8,0,1,2,0,2,3,0],16,40].
[[3,7,1,1,2,0,2,2,1],103,40].
[[2,9,1,1,1,1,1,2,1],32,48].
[[1,9,2,1,2,0,1,2,1],21,42].
[[2,8,0,1,2,0,1,2,1],12,34].
[[2,8,1,1,2,0,2,2,1],144,97].
[[3,8,0,1,2,0,2,1,0],8,67].
[[2,9,1,0,0,0,1,2,1],89,221].
[[3,7,1,0,0,0,2,3,1],264,130].
[[1,9,2,1,2,1,2,1,0],121,186].
[[3,7,1,1,1,1,2,3,1],130,68].
[[3,9,2,1,1,0,1,2,1],5,51].
[[3,6,1,1,2,0,1,1,1],10,9].
[[3,8,0,1,1,1,2,2,0],16,130].
[[2,8,1,0,0,0,2,1,1],260,150].
[[1,8,1,1,2,0,2,2,1],45,41].
[[3,7,1,1,2,0,1,2,1],112,50].
[[2,6,0,0,0,0,0,0,0],23,50].
[[3,6,0,0,0,0,2,3,1],6,18].
[[1,9,2,1,1,1,2,1,0],16,23].
[[2,8,0,1,1,1,2,1,0],10,14].
[[3,8,0,1,1,1,2,3,0],26,139].
[[1,9,2,1,2,0,2,3,0],16,36].
[[3,8,0,1,1,0,2,3,0],4,16].
[[1,8,1,0,0,0,2,2,0],81,44].
[[2,8,1,0,0,0,2,3,0],87,40].
[[3,8,1,1,2,1,2,3,0],18,40].
[[2,9,2,1,2,1,1,2,0],57,108].
[[3,9,2,1,2,1,1,2,0],25,77].
[[2,9,1,0,0,0,2,2,0],44,96].
[[3,8,1,0,0,0,2,3,1],164,127].
[[3,7,1,1,1,1,2,2,1],88,58].
[[1,8,0,1,2,1,2,2,1],47,83].
[[2,8,0,1,2,1,2,2,1],117,333].
[[2,9,2,1,2,0,2,3,0],27,96].
[[3,9,2,1,1,0,2,3,0],0,13].
[[1,8,0,0,0,0,2,2,1],117,232].
[[2,9,2,1,2,1,1,1,1],106,190].
[[1,8,0,0,0,0,1,1,1],4,7].
[[2,8,0,0,0,0,1,1,1],28,70].
[[3,9,1,0,0,0,2,3,0],3,50].
[[3,8,1,1,2,1,2,3,1],436,304].
[[1,8,0,1,2,1,2,3,1],58,132].
[[1,8,1,1,2,1,2,1,1],101,66].
[[2,9,2,0,0,0,2,3,0],144,369].
[[3,8,0,0,0,0,2,3,0],45,166].
[[2,5,0,1,2,1,1,1,0],31,1].
[[3,5,0,1,1,1,1,1,0],42,2].
[[1,9,2,1,1,1,2,3,1],74,79].
[[2,4,1,1,2,0,2,3,1],28,7].
[[2,9,1,1,1,1,1,1,0],5,7].
[[2,7,2,1,2,1,0,0,0],82,15].
[[3,7,2,1,2,1,2,2,1],137,17].
[[1,8,1,1,2,1,2,2,1],284,105].
[[3,8,1,1,2,1,1,1,1],262,264].
[[2,8,0,0,0,0,1,2,1],85,176].
[[3,8,0,0,0,0,1,2,1],68,311].
[[1,7,2,0,0,0,2,3,1],86,6].
[[2,7,1,1,2,1,2,3,1],187,53].
[[3,3,2,1,2,1,2,3,1],27,0].
[[1,8,0,0,0,0,2,3,1],166,370].
[[3,9,1,1,2,1,2,3,0],22,140].
[[3,9,2,0,0,0,2,1,0],0,38].
[[2,9,1,1,2,1,2,3,1],36,89].
[[3,8,0,1,1,1,1,2,1],50,234].
[[2,7,1,0,0,0,1,2,1],77,32].
[[3,5,0,1,2,1,1,2,1],62,6].
[[3,8,0,0,0,0,2,2,1],22,135].
[[3,9,1,0,0,0,1,1,1],10,61].
[[2,9,1,0,0,0,1,1,1],35,44].
[[1,6,0,0,0,0,0,0,0],24,36].
[[3,6,0,1,2,1,2,3,1],13,49].
[[2,6,1,0,0,0,0,0,0],103,13].
[[3,6,1,1,2,1,0,0,0],10,0].
[[2,9,2,0,0,0,2,2,0],87,304].
[[3,9,2,1,2,1,1,1,0],8,46].
[[1,9,2,0,0,0,1,2,0],126,143].
[[2,9,2,0,0,0,1,2,0],77,106].
[[3,9,1,0,0,0,2,3,1],12,48].
[[2,7,2,0,0,0,0,0,0],146,15].
[[2,7,2,0,0,0,2,2,1],108,12].
[[1,8,1,0,0,0,2,3,0],129,50].
[[3,7,0,1,1,1,2,3,0],3,11].
[[2,9,2,1,2,1,2,1,1],40,138].
[[1,7,1,0,0,0,2,3,1],58,17].
[[2,7,1,1,2,1,1,2,1],57,14].
[[2,8,1,1,2,1,1,1,1],135,113].
[[3,9,2,1,2,1,1,2,1],71,473].
[[2,9,2,1,1,1,2,3,0],33,73].
[[3,4,1,1,2,0,2,3,0],33,5].
[[2,8,0,0,0,0,0,0,0],70,403].
[[3,8,0,1,2,1,0,0,0],1,161].
[[3,8,0,1,2,0,2,3,1],30,134].
[[1,8,1,1,1,1,0,0,0],40,10].
[[1,7,2,1,2,1,0,0,0],65,10].
[[2,3,2,1,2,1,0,0,0],19,0].
[[1,6,1,0,0,0,2,3,1],51,7].
[[3,6,1,1,2,0,2,3,1],52,10].
[[3,9,2,1,2,0,1,2,1],21,136].
[[3,9,1,1,1,1,2,2,0],10,81].
[[2,8,0,1,1,1,2,2,1],22,48].
[[3,7,1,0,0,0,2,1,1],64,33].
[[3,9,1,1,2,1,2,2,0],27,201].
[[2,8,0,0,0,0,2,2,0],82,228].
[[3,7,1,1,2,0,2,2,0],12,5].
[[2,9,2,0,0,0,0,0,0],7,184].
[[3,9,1,1,2,1,0,0,0],0,20].
[[1,8,1,0,0,0,1,1,1],97,89].
[[2,7,1,0,0,0,1,1,1],30,17].
[[3,7,1,1,2,0,1,1,1],42,30].
[[3,3,2,0,0,0,2,3,1],23,0].
[[3,9,2,1,2,0,1,1,1],5,49].
[[1,9,2,1,2,0,2,3,1],22,107].
[[1,8,1,1,2,1,2,3,0],29,13].
[[2,8,1,1,2,1,2,2,0],49,32].
[[3,7,1,1,1,1,2,2,0],13,4].
[[2,5,0,1,1,1,1,2,0],14,1].
[[3,5,0,1,1,1,1,2,0],66,2].
[[3,7,1,0,0,0,1,1,1],50,32].
[[3,9,2,1,1,1,2,3,1],0,16].
[[1,9,2,1,1,1,2,2,1],37,52].
[[3,9,2,1,1,1,1,2,1],23,193].
[[2,8,1,1,2,0,1,1,1],40,45].
[[3,9,2,0,0,0,1,1,1],8,60].
[[1,8,0,1,2,1,2,1,1],14,33].
[[2,8,0,1,2,1,2,1,1],61,163].
[[3,7,1,1,2,1,2,1,1],151,62].
[[3,8,0,0,0,0,2,1,1],14,45].
[[3,9,1,1,1,0,1,1,1],2,13].
[[2,7,0,0,0,0,0,0,0],18,50].
[[3,6,1,1,1,0,1,2,1],6,3].
[[2,7,1,1,1,1,2,2,1],15,4].
[[2,8,0,1,2,0,0,0,0],7,49].
[[3,7,1,1,1,0,0,0,0],1,1].
[[2,8,0,1,2,0,2,2,1],21,44].
[[2,9,1,1,2,1,1,2,0],19,36].
[[2,9,2,1,2,0,1,1,0],4,22].
[[3,9,1,1,2,0,1,1,0],4,35].
[[3,6,0,0,0,0,0,0,0],2,20].
[[1,9,2,1,2,1,2,1,1],139,260].
[[3,3,1,0,0,0,0,0,0],44,5].
[[3,5,0,0,0,0,1,1,1],69,7].
[[3,9,2,1,2,1,2,3,0],9,159].
[[3,7,0,1,2,0,2,3,1],4,21].
[[2,8,1,1,2,1,2,3,0],61,29].
[[2,3,1,0,0,0,0,0,0],39,4].
[[3,3,1,1,2,0,2,2,1],13,2].
[[3,9,2,1,1,1,2,2,0],2,59].
[[3,8,0,1,1,0,1,2,1],3,23].
[[2,7,2,1,2,0,0,0,0],33,10].
[[3,7,2,1,2,0,2,2,1],54,10].
[[3,8,1,1,2,0,2,2,1],104,71].
[[3,9,1,0,0,0,1,2,1],49,240].
[[3,7,0,1,2,1,0,0,0],12,75].
[[2,9,1,0,0,0,2,1,0],20,66].
[[2,9,1,1,2,1,2,3,0],31,61].
[[3,9,1,1,1,1,2,3,0],3,56].
[[2,7,1,1,2,1,0,0,0],164,93].
[[3,3,1,1,2,1,0,0,0],54,3].
[[3,7,0,0,0,0,2,2,1],7,35].
[[3,6,1,1,2,0,2,2,1],33,4].
[[2,7,0,1,2,1,2,1,1],1,4].
[[3,7,0,1,2,1,1,2,1],9,32].
[[2,5,0,0,0,0,1,2,0],37,0].
[[3,5,0,0,0,0,1,2,0],71,1].
[[2,9,1,1,2,0,2,1,0],9,20].
[[3,4,1,1,2,0,1,2,1],187,47].
[[3,9,1,0,0,0,1,1,0],8,24].
[[2,9,2,1,2,0,2,1,1],7,33].
[[3,9,1,1,2,1,1,1,1],36,160].
[[2,8,1,0,0,0,2,2,0],66,40].
[[3,6,1,1,2,0,2,2,0],5,1].
[[2,7,2,1,2,1,2,3,1],98,12].
[[2,9,2,1,2,0,2,2,1],18,100].
[[3,7,2,1,2,1,1,2,1],199,23].
[[3,6,1,1,2,1,2,1,1],44,1].
[[3,8,1,1,1,0,1,2,1],64,79].
[[2,9,1,1,1,1,2,2,1],0,8].
[[3,9,1,1,1,1,2,2,1],0,11].
[[3,7,2,1,1,0,2,2,1],6,4].
[[3,8,1,1,2,0,1,1,1],95,100].
[[2,7,1,1,2,1,2,2,0],23,5].
[[3,9,2,1,1,1,2,3,0],2,65].
[[3,8,0,1,1,1,2,3,1],31,169].
[[2,7,1,1,2,0,2,3,1],48,17].
[[3,6,1,1,2,1,1,2,1],96,13].
[[2,8,1,1,1,1,1,1,1],24,19].
[[3,4,1,1,2,0,1,1,1],62,17].
[[2,9,2,1,1,1,2,1,1],16,25].
[[3,9,2,1,1,1,1,1,1],9,60].
[[3,8,1,1,1,1,2,2,1],88,64].
[[1,8,1,1,2,1,2,2,0],30,12].
[[2,8,1,1,1,1,1,2,0],3,3].
[[3,8,1,1,1,1,1,2,0],17,7].
[[3,7,1,1,2,1,2,2,0],38,10].
[[1,8,1,1,2,0,2,3,1],62,42].
[[3,9,1,1,2,1,2,3,1],20,111].
[[2,5,0,0,0,0,1,1,1],43,0].
[[3,5,0,1,2,0,1,1,1],56,12].
[[3,7,0,0,0,0,2,3,0],12,23].
[[3,8,1,0,0,0,2,1,0],10,18].
[[2,7,2,0,0,0,2,1,1],51,10].
[[3,7,2,1,2,0,1,2,1],86,9].
[[3,8,0,1,2,0,1,1,1],14,47].
[[1,8,1,1,1,1,2,3,1],46,17].
[[2,6,1,1,1,1,2,3,1],7,1].
[[3,6,1,1,1,1,2,3,1],25,0].
[[2,7,2,1,2,1,2,2,1],68,6].
[[3,9,2,1,2,1,2,2,1],7,63].
[[3,5,0,1,1,1,1,1,1],56,6].
[[3,8,0,1,2,1,1,2,0],66,117].
[[2,9,2,1,2,0,1,2,0],17,34].
[[3,9,1,1,2,1,1,2,0],31,96].
[[3,8,1,1,1,1,1,1,1],71,84].
[[2,8,0,1,2,1,2,2,0],94,209].
[[3,7,1,1,2,1,1,1,1],97,80].
[[2,8,1,1,2,1,1,1,0],11,15].
[[3,8,1,1,1,1,1,1,0],6,10].
[[1,7,1,0,0,0,2,1,1],20,3].
[[2,7,1,1,2,1,2,1,1],54,19].
[[2,8,0,1,2,0,2,1,0],9,19].
[[3,7,0,1,2,0,2,1,0],1,7].
[[3,8,0,0,0,0,1,1,0],12,35].
[[3,9,2,0,0,0,2,1,1],0,3].
[[3,8,0,1,2,0,2,2,1],15,79].
[[3,8,0,1,2,1,2,1,1],32,134].
[[3,3,1,0,0,0,2,2,1],20,4].
[[1,9,2,1,2,0,2,2,1],21,73].
[[2,8,1,1,1,1,2,2,1],112,51].
[[3,7,2,1,1,1,2,2,1],34,4].
[[2,8,0,1,1,1,2,3,1],47,60].
[[3,6,0,1,1,1,2,3,1],3,6].
[[2,3,1,1,2,1,0,0,0],14,3].
[[3,3,1,1,1,1,0,0,0],11,3].
[[2,9,2,1,2,1,1,1,0],25,66].
[[3,9,1,1,2,1,1,1,0],8,78].
[[2,9,1,1,1,1,2,3,1],10,24].
[[2,7,2,0,0,0,1,1,1],21,9].
[[2,9,1,1,2,1,2,2,0],33,80].
[[2,9,1,1,2,0,2,3,1],5,17].
[[1,9,2,1,1,1,2,1,1],21,20].
[[2,8,1,1,1,1,2,1,1],35,21].
[[3,7,2,1,1,1,2,1,1],13,2].
[[2,8,1,1,2,1,2,1,0],34,24].
[[2,9,1,1,2,0,1,2,1],19,57].
[[1,8,1,1,2,0,1,2,1],20,16].
[[2,7,2,1,2,0,2,3,1],37,6].
[[3,8,0,1,2,0,1,1,0],8,14].
[[2,7,1,1,2,1,2,2,1],122,53].
[[2,6,1,1,2,0,0,0,0],16,3].
[[3,6,1,1,2,0,0,0,0],8,1].
[[2,6,0,1,2,1,0,0,0],15,21].
[[3,3,1,1,2,1,2,2,1],51,3].
[[3,8,0,1,1,1,0,0,0],0,60].
[[2,7,0,0,0,0,2,3,1],11,17].
[[2,9,1,0,0,0,2,3,1],29,91].
[[3,8,0,1,1,0,1,1,1],2,12].
[[2,9,1,1,2,1,1,1,1],32,57].
[[1,7,1,1,2,1,2,2,1],7,1].
[[2,5,0,1,2,1,1,2,0],46,1].
[[3,8,1,1,2,0,2,2,0],7,20].
[[3,9,2,1,1,1,2,1,0],3,24].
[[3,7,0,0,0,0,1,1,0],1,6].
[[3,7,0,1,2,0,2,2,0],1,4].
[[2,8,1,1,2,1,1,2,0],32,7].
[[3,7,1,1,2,1,2,1,0],26,14].
[[1,7,1,1,2,1,2,1,1],4,0].
[[3,9,2,0,0,0,1,2,0],12,26].
[[3,9,2,0,0,0,2,2,0],0,43].
[[3,7,2,1,2,0,1,1,1],31,10].
[[3,8,0,1,1,0,2,3,1],2,12].
[[1,8,1,1,2,1,2,1,0],16,11].
[[2,8,1,1,1,1,1,1,0],1,6].
[[1,7,2,0,0,0,2,2,1],46,8].
[[2,3,2,0,0,0,2,2,1],6,0].
[[3,3,2,0,0,0,2,2,1],19,0].
[[2,7,1,1,1,1,0,0,0],17,9].
[[3,4,1,1,2,0,2,2,1],45,12].
[[3,6,1,0,0,0,2,2,1],50,5].
[[3,8,1,1,2,1,2,1,1],84,78].
[[3,7,1,1,2,1,0,0,0],60,32].
[[2,3,2,0,0,0,2,3,1],15,0].
[[3,8,0,1,1,1,2,2,1],24,93].
[[3,7,0,0,0,0,2,3,1],15,40].
[[3,9,1,1,2,0,2,1,0],9,42].
[[3,5,0,1,2,0,1,2,1],18,3].
[[2,8,1,1,1,0,1,2,1],7,17].
[[3,4,0,1,2,0,1,2,1],0,11].
[[2,9,2,1,2,0,1,1,1],18,46].
[[3,7,2,1,2,1,2,1,1],54,11].
[[3,7,2,0,0,0,1,1,1],18,13].
[[2,7,0,1,2,1,2,3,1],3,12].
[[1,8,0,1,2,1,1,1,0],0,4].
[[2,8,0,1,2,1,1,1,0],14,20].
[[2,6,1,0,0,0,2,3,1],125,11].
[[3,6,1,0,0,0,1,2,1],61,7].
[[2,8,0,1,1,1,1,2,1],18,22].
[[3,7,0,1,1,1,1,2,1],4,10].
[[3,8,0,1,2,0,2,3,0],18,110].
[[2,6,1,1,1,1,0,0,0],8,1].
[[3,8,1,1,1,0,2,3,0],2,3].
[[3,8,1,1,2,1,2,1,0],16,39].
[[2,6,1,1,2,1,0,0,0],67,8].
[[3,7,1,1,2,0,2,1,1],50,27].
[[2,9,2,1,2,0,0,0,0],1,50].
[[3,8,0,1,2,0,0,0,0],0,50].
[[2,7,1,0,0,0,2,3,0],21,8].
[[3,7,1,1,2,0,1,2,0],5,1].
[[1,7,2,0,0,0,2,1,1],30,1].
[[2,7,2,1,2,1,1,1,1],18,9].
[[3,7,2,1,2,1,1,1,1],47,24].
[[2,7,2,1,1,1,2,3,1],9,0].
[[3,7,2,1,1,1,2,3,1],42,7].
[[2,9,1,1,2,1,1,1,0],12,37].
[[3,8,1,1,2,1,1,1,0],21,43].
[[3,7,1,1,2,0,2,3,0],21,6].
[[2,8,0,1,2,0,1,1,1],6,10].
[[2,8,0,1,1,1,2,3,0],32,31].
[[3,8,1,1,1,0,1,1,1],10,27].
[[2,9,2,1,1,1,2,2,1],30,80].
[[1,8,1,1,2,1,1,1,1],38,28].
[[2,7,2,1,2,1,2,1,1],24,7].
[[1,7,1,0,0,0,2,2,1],43,14].
[[2,7,1,1,2,0,2,2,1],20,15].
[[2,8,1,0,0,0,1,1,0],14,18].
[[3,6,1,0,0,0,1,1,0],0,1].
[[3,3,1,0,0,0,2,3,1],36,2].
[[2,9,1,1,2,1,2,1,0],26,58].
[[3,7,1,1,1,1,0,0,0],16,9].
[[2,6,1,1,2,0,2,2,1],9,2].
[[3,6,1,1,2,1,2,2,1],90,4].
[[1,8,1,1,1,1,2,2,1],32,9].
[[3,6,0,0,0,0,1,2,0],1,4].
[[3,9,2,0,0,0,2,3,0],3,75].
[[3,3,2,0,0,0,1,1,1],1,0].
[[3,7,0,0,0,0,0,0,0],5,36].
[[3,6,0,0,0,0,2,1,1],4,7].
[[3,9,1,1,2,0,2,3,1],5,38].
[[2,9,2,1,1,0,2,3,0],2,8].
[[3,9,1,1,1,0,2,3,0],0,11].
[[3,8,1,1,2,0,1,1,0],5,14].
[[3,9,1,1,1,1,1,1,0],6,25].
[[2,8,1,1,2,0,2,3,0],21,16].
[[3,7,2,1,1,0,1,2,1],10,8].
[[3,6,0,1,2,0,2,2,1],4,7].
[[3,7,1,0,0,0,2,2,0],19,8].
[[2,8,0,1,2,1,1,2,0],31,27].
[[3,9,2,1,1,1,2,2,1],6,19].
[[3,9,2,1,2,0,2,3,0],4,49].
[[3,7,1,1,1,0,2,1,1],4,6].
[[3,9,1,1,1,0,2,2,1],0,3].
[[2,9,2,1,1,1,2,2,0],26,69].
[[3,4,1,1,2,0,2,2,0],35,12].
[[1,8,1,1,2,0,0,0,0],59,42].
[[2,8,1,1,1,0,2,3,1],9,18].
[[2,7,2,0,0,0,1,2,1],73,14].
[[2,8,1,1,2,0,2,1,1],62,40].
[[3,8,1,1,2,0,2,1,1],35,24].
[[3,7,0,1,2,1,2,1,0],2,20].
[[1,9,2,1,2,0,2,1,1],11,25].
[[2,9,2,1,1,0,2,3,1],1,11].
[[2,8,0,1,1,1,2,2,0],17,19].
[[1,8,0,1,2,1,2,2,0],27,51].
[[3,7,0,1,1,1,2,2,0],1,9].
[[3,8,1,1,2,1,2,2,0],27,41].
[[3,6,1,1,1,1,2,2,1],23,0].
[[2,7,2,1,2,1,1,2,1],46,6].
[[1,8,0,1,2,1,2,3,0],44,40].
[[2,9,1,0,0,0,0,0,0],0,32].
[[3,9,1,1,2,0,2,2,0],3,61].
[[3,9,1,0,0,0,2,2,0],12,64].
[[1,9,2,1,2,1,1,2,0],52,53].
[[3,7,1,1,2,1,1,2,0],34,0].
[[1,8,0,0,0,0,1,2,1],9,10].
[[3,9,1,1,1,1,2,3,1],7,51].
[[3,9,1,1,2,0,2,3,0],2,38].
[[3,6,0,1,2,1,1,2,1],4,24].
[[3,8,1,1,1,1,2,3,0],8,14].
[[3,7,0,1,2,0,2,3,0],5,13].
[[3,7,0,1,2,0,0,0,0],1,9].
[[3,7,0,0,0,0,2,2,0],5,15].
[[3,8,1,0,0,0,1,1,0],10,15].
[[3,8,0,1,2,0,2,2,0],14,104].
[[1,6,1,0,0,0,2,1,1],20,2].
[[2,6,1,0,0,0,1,1,1],16,7].
[[3,6,1,0,0,0,1,1,1],22,5].
[[3,7,1,0,0,0,2,3,0],22,13].
[[3,7,2,0,0,0,1,1,0],0,4].
[[3,9,1,1,1,1,1,2,0],14,25].
[[2,9,2,1,1,1,0,0,0],11,43].
[[1,7,1,1,2,1,0,0,0],60,29].
[[3,7,2,0,0,0,1,2,1],114,8].
[[1,8,1,0,0,0,2,1,0],57,25].
[[3,8,1,1,1,0,2,1,0],2,7].
[[1,7,2,0,0,0,1,1,1],4,5].
[[3,9,1,1,2,1,2,2,1],2,39].
[[3,5,0,1,2,0,1,1,0],43,4].
[[1,7,2,1,2,1,2,3,1],19,2].
[[3,8,0,0,0,0,0,0,0],0,62].
[[1,8,1,1,2,0,1,1,1],3,4].
[[3,3,2,1,2,1,0,0,0],29,0].
[[1,8,1,1,2,0,2,1,1],10,12].
[[2,6,0,1,2,1,2,3,1],0,9].
[[2,9,2,1,1,1,2,1,0],31,48].
[[3,6,0,1,2,0,2,3,0],2,2].
[[2,7,1,1,2,0,0,0,0],30,19].
[[2,8,1,1,1,0,2,2,1],8,19].
[[3,8,1,1,1,0,2,2,1],5,23].
[[3,9,2,1,2,0,2,2,1],4,20].
[[3,7,0,0,0,0,2,1,1],7,18].
[[2,8,0,1,2,0,2,2,0],5,31].
[[3,8,0,1,2,0,1,2,0],16,34].
[[3,8,1,0,0,0,2,3,0],10,12].
[[1,9,2,1,2,1,1,1,0],23,45].
[[2,9,1,1,1,0,1,1,1],1,2].
[[2,6,0,0,0,0,2,3,0],6,4].
[[3,3,1,1,2,0,1,2,1],7,0].
[[3,3,2,1,2,0,2,3,1],23,0].
[[3,6,1,0,0,0,2,1,1],19,1].
[[3,7,0,0,0,0,1,2,0],1,4].
[[3,7,0,1,2,1,2,1,1],10,32].
[[2,7,1,1,2,1,2,3,0],17,1].
[[3,7,1,0,0,0,0,0,0],21,22].
[[2,4,1,1,2,0,1,2,1],30,10].
[[3,8,1,1,2,0,1,2,0],21,7].
[[2,6,1,1,2,1,2,1,1],23,0].
[[3,5,0,1,1,1,1,2,1],26,0].
[[1,7,1,0,0,0,2,2,0],4,2].
[[2,7,1,0,0,0,2,2,0],21,5].
[[1,8,1,1,1,1,2,1,1],11,9].
[[3,9,2,1,2,1,2,3,1],3,65].
[[3,7,1,1,1,0,2,3,1],10,21].
[[3,3,2,1,2,1,1,1,1],3,0].
[[1,7,1,1,2,1,2,3,0],2,1].
[[2,7,2,1,1,0,2,3,1],3,7].
[[3,7,2,1,1,0,2,3,1],12,9].
[[2,5,0,1,2,1,1,1,1],51,1].
[[2,7,1,1,2,0,1,2,1],11,6].
[[3,7,0,1,2,0,1,2,1],1,10].
[[3,8,0,0,0,0,1,1,1],17,87].
[[3,7,1,1,1,0,2,2,1],9,14].
[[2,8,1,1,1,1,0,0,0],5,7].
[[3,8,1,1,1,0,2,1,1],8,11].
[[3,8,0,1,1,1,1,1,0],4,33].
[[3,4,1,1,2,0,2,1,0],28,7].
[[3,6,0,1,1,1,2,2,1],1,5].
[[2,6,0,0,0,0,2,3,1],5,12].
[[2,7,2,1,1,1,0,0,0],9,3].
[[2,5,0,0,0,0,1,2,1],13,0].
[[3,5,0,0,0,0,1,2,1],23,0].
[[2,9,1,0,0,0,1,1,0],10,35].
[[2,9,2,1,1,1,1,1,1],26,35].
[[2,8,0,1,1,1,2,1,1],12,22].
[[1,6,1,0,0,0,2,3,0],5,0].
[[2,6,1,0,0,0,2,3,0],12,0].
[[3,6,1,0,0,0,2,3,1],74,3].
[[3,5,0,1,2,0,1,2,0],40,4].
[[2,8,1,0,0,0,1,2,0],29,8].
[[3,6,0,1,2,1,0,0,0],3,41].
[[2,9,1,1,2,0,2,3,0],5,18].
[[2,3,1,0,0,0,2,3,1],13,2].
[[2,9,1,1,2,1,2,1,1],3,8].
[[3,9,2,1,2,0,2,2,0],2,32].
[[2,9,1,0,0,0,2,2,1],10,47].
[[3,8,1,0,0,0,2,2,0],12,20].
[[2,7,2,1,1,1,2,2,1],12,0].
[[3,7,1,1,2,1,2,3,0],31,16].
[[3,7,1,1,1,0,1,2,1],4,17].
[[1,7,2,0,0,0,1,2,1],21,10].
[[3,7,2,1,2,1,0,0,0],15,1].
[[2,8,1,1,2,0,0,0,0],12,18].
[[3,8,1,1,2,0,2,1,0],12,12].
[[3,9,1,1,1,1,1,1,1],13,58].
[[1,8,0,0,0,0,1,2,0],10,12].
[[3,7,1,1,1,1,1,1,0],3,4].
[[2,7,2,1,2,0,2,2,1],30,4].
[[3,6,0,1,1,1,2,3,0],2,4].
[[3,9,1,1,2,1,2,1,1],2,8].
[[3,7,0,1,2,1,1,1,0],5,5].
[[1,7,2,1,2,1,2,2,1],16,2].
[[3,3,2,1,1,1,2,2,1],6,0].
[[2,3,1,0,0,0,2,2,1],4,0].
[[2,6,0,1,2,1,2,2,0],2,5].
[[3,6,0,1,1,1,2,2,0],0,5].
[[3,7,2,0,0,0,2,3,1],99,8].
[[3,7,0,1,2,1,2,3,0],20,44].
[[2,9,1,1,2,0,1,2,0],4,9].
[[3,4,1,1,2,0,1,1,0],18,7].
[[3,9,2,1,1,0,2,2,0],0,8].
[[2,4,1,1,2,0,0,0,0],4,0].
[[3,9,1,1,2,0,1,1,1],8,42].
[[3,8,1,1,1,0,1,1,0],1,4].
[[2,6,1,0,0,0,2,1,1],42,3].
[[2,8,0,1,2,0,2,1,1],6,25].
[[3,7,0,1,2,0,2,1,1],2,3].
[[2,6,1,1,1,1,2,2,0],1,0].
[[3,3,1,1,1,1,2,2,0],1,1].
[[3,2,1,1,2,0,0,0,0],4,0].
[[2,4,1,1,2,0,2,1,0],3,2].
[[2,7,1,1,2,0,1,1,1],4,3].
[[3,9,2,0,0,0,0,0,0],0,4].
[[1,8,0,1,2,1,2,1,0],18,26].
[[2,7,1,1,2,1,2,1,0],10,1].
[[3,6,1,1,1,1,1,2,0],2,0].
[[3,6,1,0,0,0,2,2,0],9,0].
[[3,6,0,0,0,0,2,3,0],2,9].
[[3,3,1,0,0,0,2,2,0],1,0].
[[2,4,1,1,2,0,2,2,1],22,6].
[[2,3,1,1,2,1,2,2,1],1,1].
[[1,8,1,1,2,0,2,3,0],3,1].
[[3,6,1,1,2,1,2,3,0],9,0].
[[1,6,1,1,2,1,2,3,1],10,0].
[[2,6,1,1,2,1,1,2,1],26,2].
[[3,2,0,0,0,0,2,3,1],0,2].
[[3,9,1,1,1,0,1,1,0],0,4].
[[3,6,1,1,1,1,1,2,1],22,2].
[[3,7,2,0,0,0,2,1,1],37,4].
[[1,6,1,0,0,0,1,2,1],6,2].
[[2,6,1,0,0,0,1,2,1],35,4].
[[2,3,1,1,2,1,2,3,1],10,0].
[[3,7,0,1,2,1,2,2,0],4,35].
[[2,6,0,0,0,0,2,2,0],3,5].
[[3,6,0,0,0,0,2,2,0],3,10].
[[3,6,0,1,2,1,2,2,0],5,18].
[[3,8,1,1,2,0,2,3,0],8,12].
[[3,8,1,1,2,1,1,2,0],48,16].
[[3,7,1,1,1,1,2,1,1],34,17].
[[3,5,0,0,0,0,1,1,0],57,0].
[[3,9,2,1,2,0,2,1,0],0,20].
[[1,7,1,0,0,0,1,1,1],0,1].
[[3,7,1,1,1,0,1,1,1],4,5].
[[2,7,0,1,2,1,2,2,1],2,5].
[[2,9,1,1,2,0,1,1,1],6,12].
[[2,5,0,0,0,0,1,1,0],27,3].
[[3,9,1,0,0,0,1,2,0],12,28].
[[3,9,2,1,1,1,1,2,0],16,34].
[[2,7,1,1,1,1,2,3,1],13,8].
[[2,6,1,1,1,1,2,1,1],1,2].
[[2,7,1,1,2,0,2,3,0],3,1].
[[2,6,0,0,0,0,2,2,1],2,11].
[[3,7,0,1,1,1,2,3,1],3,19].
[[3,9,1,0,0,0,2,2,1],0,20].
[[2,9,2,1,1,0,2,2,0],0,7].
[[3,8,0,1,1,0,2,2,0],1,13].
[[1,7,1,1,2,1,2,3,1],14,3].
[[2,9,1,1,2,0,2,2,0],9,27].
[[3,3,2,0,0,0,1,2,1],17,0].
[[2,8,1,0,0,0,2,1,0],48,25].
[[1,8,1,1,1,1,1,2,1],9,7].
[[2,6,1,1,1,1,1,2,1],2,0].
[[1,7,1,1,2,1,1,2,1],3,1].
[[3,7,0,0,0,0,1,2,1],2,23].
[[1,7,2,1,2,0,0,0,0],18,7].
[[3,9,2,1,2,0,2,1,1],1,4].
[[3,8,1,0,0,0,1,2,0],16,16].
[[2,7,0,0,0,0,2,1,1],2,2].
[[3,7,1,1,1,1,2,3,0],7,3].
[[2,9,2,1,1,0,2,1,0],1,7].
[[1,9,2,1,1,1,1,2,1],25,19].
[[3,6,0,0,0,0,1,1,1],0,7].
[[3,3,1,1,2,0,0,0,0],15,1].
[[3,2,1,0,0,0,2,3,1],5,0].
[[2,9,1,1,2,1,0,0,0],1,23].
[[3,6,0,0,0,0,1,1,0],1,1].
[[3,6,1,1,1,0,0,0,0],1,0].
[[2,8,1,1,1,0,1,1,1],2,3].
[[2,9,2,1,1,0,1,2,1],3,23].
[[3,7,2,1,1,1,1,1,1],14,5].
[[2,9,1,1,2,0,2,1,1],0,4].
[[3,3,1,1,2,0,2,3,1],22,2].
[[2,7,1,1,2,0,2,1,1],15,5].
[[3,3,1,0,0,0,1,2,1],10,2].
[[3,6,0,0,0,0,2,1,0],1,8].
[[2,2,1,0,0,0,0,0,0],8,0].
[[3,2,1,0,0,0,0,0,0],3,0].
[[3,6,0,1,2,0,2,1,1],2,4].
[[3,9,1,0,0,0,0,0,0],0,6].
[[3,7,0,0,0,0,2,1,0],3,10].
[[2,7,1,1,1,1,2,3,0],3,1].
[[2,6,0,0,0,0,2,1,1],1,5].
[[3,6,0,1,2,1,2,1,1],4,13].
[[3,9,1,1,1,0,2,3,1],1,8].
[[2,8,1,1,1,0,2,1,1],1,3].
[[2,8,1,1,2,0,1,2,0],11,5].
[[3,7,2,1,1,0,1,1,1],2,4].
[[2,8,1,1,2,0,2,2,0],14,5].
[[2,9,2,1,1,1,1,1,0],10,13].
[[3,6,0,1,2,1,2,3,0],5,23].
[[1,8,1,1,2,1,1,1,0],0,2].
[[3,7,1,1,2,1,1,1,0],8,12].
[[3,8,1,1,1,1,2,1,0],12,9].
[[1,9,2,1,2,0,1,2,0],9,13].
[[3,5,0,1,1,0,1,2,0],11,5].
[[2,2,1,0,0,0,2,3,1],1,0].
[[3,2,1,1,2,0,2,3,1],1,0].
[[2,9,1,1,1,0,1,2,1],2,6].
[[2,9,2,1,1,0,2,2,1],2,8].
[[3,8,0,1,1,0,2,2,1],1,9].
[[2,8,0,1,1,1,1,2,0],2,5].
[[3,6,1,1,2,0,2,3,0],7,1].
[[2,6,1,1,2,1,1,1,1],1,3].
[[1,3,2,0,0,0,2,2,1],1,0].
[[2,3,2,1,2,0,1,2,1],1,0].
[[3,3,2,1,2,0,1,2,1],8,0].
[[2,6,0,1,2,1,2,2,1],6,6].
[[3,3,1,1,1,1,2,3,1],11,1].
[[2,3,2,1,2,1,1,2,1],1,0].
[[3,3,2,1,2,1,1,2,1],11,0].
[[3,9,2,1,1,0,1,2,0],1,9].
[[1,8,1,0,0,0,1,2,0],9,5].
[[2,9,1,0,0,0,2,1,1],3,13].
[[3,9,1,1,1,1,2,1,0],8,59].
[[1,8,0,0,0,0,1,1,0],4,3].
[[2,7,1,1,1,1,2,1,1],4,3].
[[2,7,2,1,1,1,2,1,1],4,1].
[[3,3,1,1,2,1,2,1,1],17,2].
[[3,9,2,1,2,0,1,1,0],5,17].
[[3,9,2,1,1,0,2,1,0],0,2].
[[3,4,1,1,2,0,0,0,0],10,0].
[[3,9,2,0,0,0,2,3,1],0,23].
[[1,7,1,0,0,0,2,3,0],2,2].
[[3,7,0,1,2,1,1,2,0],3,9].
[[3,8,1,1,1,1,2,2,0],7,19].
[[3,6,0,1,2,1,2,1,0],3,6].
[[2,9,1,1,2,0,1,1,0],7,7].
[[3,3,1,1,2,1,1,2,1],12,1].
[[2,9,2,1,1,0,1,2,0],0,1].
[[3,8,0,1,1,0,1,2,0],2,7].
[[3,2,1,1,2,1,0,0,0],4,0].
[[2,3,1,0,0,0,2,2,0],1,0].
[[3,3,1,1,2,1,2,2,0],5,0].
[[3,6,0,1,2,1,2,2,1],8,34].
[[2,5,0,1,2,0,1,1,1],10,1].
[[3,9,2,1,2,0,1,2,0],10,23].
[[3,6,1,1,2,0,2,1,1],12,0].
[[2,9,1,1,1,0,2,3,0],0,2].
[[3,7,1,1,2,0,0,0,0],21,14].
[[3,9,2,1,1,1,1,1,0],4,18].
[[2,6,0,1,2,1,2,3,0],2,3].
[[3,7,2,0,0,0,0,0,0],9,1].
[[1,3,2,0,0,0,2,3,1],2,0].
[[2,3,2,1,2,1,2,3,1],3,0].
[[3,6,1,1,2,1,2,1,0],3,0].
[[2,8,1,1,1,1,2,2,0],9,7].
[[2,5,0,1,2,1,1,2,1],9,1].
[[3,6,0,1,1,1,2,1,1],0,2].
[[3,3,2,0,0,0,0,0,0],18,0].
[[2,8,0,1,1,1,1,1,1],2,9].
[[3,9,2,1,1,1,2,1,1],2,5].
[[3,9,2,1,1,0,2,2,1],0,2].
[[3,7,0,1,1,1,2,1,0],0,4].
[[3,9,2,1,1,1,0,0,0],0,7].
[[1,6,0,0,0,0,2,3,0],3,1].
[[2,8,1,1,2,0,1,1,0],3,4].
[[3,8,0,1,1,1,2,1,1],7,40].
[[3,9,2,0,0,0,1,1,0],4,20].
[[3,8,0,1,1,0,2,1,0],3,11].
[[1,9,2,1,1,1,1,1,0],2,5].
[[2,8,0,1,1,1,1,1,0],1,6].
[[2,4,1,1,2,0,2,3,0],13,2].
[[1,9,2,1,2,0,1,1,1],8,5].
[[3,6,0,0,0,0,1,2,1],3,4].
[[1,6,1,0,0,0,1,1,1],4,1].
[[3,8,1,1,1,0,2,2,0],2,6].
[[3,3,2,1,2,0,0,0,0],11,0].
[[3,6,0,1,2,0,2,2,0],1,3].
[[1,7,2,1,2,1,1,1,1],2,0].
[[3,8,1,1,1,0,1,2,0],1,3].
[[3,7,2,1,2,0,0,0,0],11,2].
[[3,6,1,1,2,1,1,1,0],3,2].
[[3,7,2,1,1,0,2,1,1],7,1].
[[2,8,1,1,2,0,2,1,0],8,5].
[[1,8,1,1,1,1,2,2,0],2,1].
[[3,6,1,1,1,1,2,3,0],2,0].
[[3,6,0,1,2,1,1,1,1],3,3].
[[3,4,0,1,2,0,2,3,1],0,3].
[[1,7,2,1,2,1,2,1,1],7,0].
[[2,9,1,1,1,1,2,1,1],0,3].
[[2,9,1,0,0,0,1,2,0],12,25].
[[3,2,1,1,2,1,2,3,1],7,0].
[[2,7,1,0,0,0,1,2,0],3,2].
[[2,9,1,1,1,1,2,2,0],7,16].
[[3,7,1,0,0,0,1,1,0],3,3].
[[3,6,1,1,2,1,2,2,0],9,0].
[[1,9,2,1,2,0,1,1,0],3,3].
[[3,6,0,1,2,0,0,0,0],0,6].
[[3,9,2,1,2,1,2,1,1],1,9].
[[2,9,1,1,1,1,2,3,0],9,15].
[[3,6,1,1,1,1,2,1,1],8,0].
[[3,5,0,1,1,0,1,2,1],0,5].
[[3,2,1,0,0,0,1,2,1],1,0].
[[2,7,0,0,0,0,2,2,1],4,10].
[[3,7,0,0,0,0,1,1,1],6,5].
[[2,5,0,1,1,1,1,1,1],10,3].
[[2,8,1,1,1,0,2,1,0],1,3].
[[3,7,2,1,2,1,1,1,0],0,3].
[[2,7,0,0,0,0,2,1,0],0,3].
[[3,7,0,1,2,0,1,1,0],0,1].
[[3,3,2,1,2,1,2,1,1],12,0].
[[3,6,0,1,2,0,1,1,1],1,1].
[[1,7,2,1,2,0,2,1,1],7,0].
[[3,2,0,0,0,0,2,2,0],0,1].
[[1,9,2,1,1,1,1,1,1],10,4].
[[2,6,1,0,0,0,1,1,0],1,0].
[[3,3,1,1,2,1,1,1,0],1,0].
[[3,7,0,1,2,0,2,2,1],7,10].
[[3,2,1,0,0,0,2,2,1],3,0].
[[1,7,2,1,2,1,1,2,1],3,1].
[[2,7,2,1,1,1,1,2,1],7,0].
[[1,8,1,1,2,0,2,2,0],4,1].
[[2,7,1,1,2,0,2,2,0],3,3].
[[3,9,1,1,1,0,1,2,0],0,14].
[[3,8,0,1,1,0,1,1,0],0,7].
[[3,7,0,1,1,1,1,2,0],1,1].
[[2,7,2,1,2,0,1,1,1],8,2].
[[2,3,2,1,2,0,0,0,0],8,0].
[[3,7,0,1,1,1,2,1,1],0,5].
[[3,7,2,1,1,1,0,0,0],4,0].
[[1,7,1,0,0,0,1,2,1],6,3].
[[2,3,1,0,0,0,1,2,1],3,0].
[[3,3,1,1,2,1,1,1,1],1,0].
[[3,6,0,0,0,0,2,2,1],0,15].
[[3,3,1,1,1,1,2,2,1],9,0].
[[3,7,0,1,1,1,2,2,1],5,15].
[[2,6,1,1,2,0,1,2,1],8,1].
[[3,4,1,1,2,0,2,1,1],16,2].
[[3,6,1,0,0,0,2,3,0],7,1].
[[2,7,0,0,0,0,2,3,0],2,9].
[[3,8,0,1,2,0,2,1,1],2,28].
[[3,9,2,1,2,0,2,3,1],0,19].
[[3,3,2,1,1,1,0,0,0],3,0].
[[3,9,1,1,2,0,2,2,1],3,15].
[[2,7,0,0,0,0,2,2,0],0,4].
[[2,4,1,1,2,0,1,2,0],3,2].
[[3,3,1,1,2,0,2,3,0],2,0].
[[3,6,0,1,2,1,1,1,0],0,1].
[[3,9,1,1,1,1,0,0,0],0,7].
[[3,7,1,1,1,0,1,1,0],0,2].
[[3,9,2,1,1,0,1,1,1],0,12].
[[3,7,0,1,1,1,0,0,0],2,11].
[[2,4,1,1,2,0,1,1,1],6,3].
[[1,8,1,1,2,0,2,1,0],3,3].
[[2,7,2,1,2,0,1,2,1],9,4].
[[2,8,1,1,1,1,2,1,0],7,2].
[[3,3,1,0,0,0,2,3,0],1,0].
[[3,7,1,0,0,0,1,2,0],6,1].
[[2,9,1,1,1,0,2,3,1],0,2].
[[1,7,2,1,2,0,2,2,1],3,2].
[[2,9,1,1,2,0,2,2,1],2,11].
[[3,9,2,1,1,0,0,0,0],0,2].
[[1,8,0,1,2,1,1,2,0],1,4].
[[2,6,1,1,2,1,2,2,0],5,0].
[[2,6,0,1,2,1,1,2,0],1,0].
[[3,6,0,1,2,1,1,2,0],6,1].
[[3,7,1,1,1,1,1,2,0],4,1].
[[2,9,1,1,1,0,2,1,0],0,3].
[[2,6,1,0,0,0,2,1,0],3,1].
[[3,8,0,1,1,0,0,0,0],0,3].
[[3,3,1,1,2,1,2,3,0],8,1].
[[3,5,0,1,1,0,1,1,0],2,3].
[[3,6,0,1,1,1,1,2,0],1,0].
[[3,9,2,1,1,0,1,1,0],0,5].
[[1,7,2,1,2,0,2,3,1],6,4].
[[3,7,2,1,2,0,1,1,0],0,1].
[[3,3,2,1,2,0,2,2,1],9,0].
[[3,1,1,1,2,0,1,2,1],2,0].
[[3,3,1,1,2,0,2,1,1],3,0].
[[1,6,1,1,2,1,2,2,1],4,0].
[[2,7,1,1,1,1,2,2,0],1,1].
[[1,8,0,1,2,1,1,2,1],1,7].
[[2,2,1,0,0,0,2,2,1],1,0].
[[3,2,1,1,2,1,2,2,1],2,0].
[[3,9,2,1,2,1,0,0,0],0,8].
[[3,7,1,1,1,1,2,1,0],4,3].
[[3,6,1,1,1,1,1,1,1],4,3].
[[2,9,1,1,1,1,1,2,0],0,6].
[[3,7,0,1,1,1,1,1,0],1,1].
[[2,6,1,1,2,0,2,1,1],4,1].
[[3,6,1,1,1,0,2,1,1],2,2].
[[2,3,1,0,0,0,2,1,1],2,0].
[[3,3,1,0,0,0,2,1,1],6,0].
[[3,8,1,1,2,0,0,0,0],0,2].
[[2,7,2,1,1,0,0,0,0],3,3].
[[2,7,0,1,2,1,2,3,0],3,2].
[[2,8,1,1,1,0,2,2,0],1,1].
[[3,3,2,1,1,1,2,3,1],5,0].
[[1,8,1,1,2,1,1,2,0],4,3].
[[3,6,1,1,2,1,1,2,0],2,0].
[[1,3,2,0,0,0,2,1,1],2,0].
[[2,6,1,0,0,0,2,2,0],7,0].
[[3,8,0,1,1,0,2,1,1],1,5].
[[2,9,1,1,1,0,0,0,0],0,2].
[[2,7,1,1,1,1,1,2,1],4,3].
[[2,7,1,1,2,1,1,2,0],2,0].
[[2,5,0,1,2,0,1,2,0],9,2].
[[2,3,2,1,2,0,2,3,1],4,0].
[[3,3,2,1,1,0,1,2,1],1,0].
[[1,8,0,1,2,1,1,1,1],0,1].
[[3,7,0,1,1,1,1,1,1],0,2].
[[2,7,0,1,2,1,1,2,0],0,1].
[[3,9,2,1,1,0,2,3,1],0,3].
[[1,8,1,1,1,1,2,3,0],3,1].
[[3,3,1,0,0,0,1,1,1],7,0].
[[3,3,2,1,1,1,1,2,1],3,0].
[[3,1,1,1,2,0,1,1,1],2,0].
[[2,3,2,0,0,0,1,2,1],3,0].
[[3,6,0,1,1,1,0,0,0],0,4].
[[2,9,2,1,1,0,2,1,1],0,3].
[[3,8,1,1,2,1,0,0,0],0,3].
[[3,5,0,1,1,0,1,1,1],4,6].
[[3,3,2,1,1,0,0,0,0],2,0].
[[3,6,0,1,2,0,2,1,0],1,0].
[[2,3,2,1,2,1,2,2,1],4,0].
[[2,8,0,1,2,0,1,2,0],8,3].
[[2,6,0,1,2,1,2,1,1],1,3].
[[3,6,0,1,2,0,2,3,1],3,5].
[[2,7,0,1,2,1,2,1,0],2,1].
[[3,6,1,0,0,0,1,2,0],3,0].
[[2,8,1,1,1,0,1,1,0],0,1].
[[2,6,1,1,2,1,2,1,0],2,0].
[[3,7,1,1,2,0,2,1,0],4,1].
[[1,8,1,1,1,1,2,1,0],1,0].
[[2,6,0,0,0,0,1,1,0],1,0].
[[2,7,2,1,1,1,1,1,1],3,0].
[[2,6,1,1,2,0,2,2,0],0,1].
[[3,6,1,1,1,0,2,2,0],0,1].
[[2,5,0,1,1,1,1,2,1],1,0].
[[3,9,1,1,2,0,0,0,0],0,3].
[[1,8,1,1,1,1,1,1,1],4,1].
[[2,9,1,1,1,0,1,2,0],1,3].
[[3,7,1,1,2,0,1,1,0],2,2].
[[3,6,0,1,1,1,2,1,0],1,1].
[[3,6,1,1,1,1,0,0,0],0,1].
[[2,7,0,1,2,1,2,2,0],0,3].
[[2,6,1,1,2,1,2,3,0],3,0].
[[3,6,1,1,1,0,2,2,1],2,0].
[[2,2,0,0,0,0,0,0,0],0,1].
[[3,2,0,1,2,1,2,1,1],0,2].
[[2,6,0,1,2,1,1,2,1],0,1].
[[3,6,0,1,2,0,1,2,1],1,2].
[[2,9,1,1,1,1,0,0,0],1,5].
[[3,3,2,0,0,0,2,1,1],8,0].
[[3,7,0,1,2,0,1,2,0],1,1].
[[2,5,0,1,1,1,1,1,0],3,0].
[[3,3,1,1,2,1,2,1,0],1,0].
[[1,6,0,0,0,0,2,1,1],0,1].
[[1,6,1,0,0,0,2,2,0],2,0].
[[3,3,0,1,2,1,2,3,1],0,1].
[[3,2,1,0,0,0,2,1,1],2,0].
[[1,8,1,0,0,0,1,1,0],0,6].
[[3,3,0,1,2,1,0,0,0],0,2].
[[2,9,1,1,2,0,0,0,0],0,3].
[[2,8,0,1,2,0,1,1,0],0,2].
[[3,6,1,1,1,1,2,2,0],2,0].
[[3,6,1,1,2,0,1,1,0],1,1].
[[2,4,1,1,2,0,2,1,1],4,0].
[[2,6,1,1,1,1,2,3,0],1,0].
[[2,5,0,1,2,0,1,1,0],2,0].
[[3,9,1,1,1,1,2,1,1],0,1].
[[3,7,0,1,2,0,1,1,1],0,2].
[[2,6,1,1,1,1,2,2,1],2,1].
[[3,6,1,0,0,0,2,1,0],2,1].
[[3,3,1,1,1,1,1,2,1],1,0].
[[2,3,2,0,0,0,2,1,1],3,0].
[[3,8,1,1,1,1,0,0,0],0,2].
[[3,6,1,1,2,0,2,1,0],1,0].
[[2,7,0,1,2,1,1,2,1],0,1].
[[2,6,0,0,0,0,1,1,1],0,1].
[[2,7,2,1,1,0,1,1,1],1,0].
[[3,9,1,1,2,0,2,1,1],0,1].
[[3,2,0,1,2,1,0,0,0],0,1].
[[1,6,1,1,2,1,2,1,1],2,0].
[[2,6,1,1,1,1,1,1,1],1,0].
[[3,3,2,1,1,1,1,1,1],1,0].
[[2,5,0,1,1,0,1,1,1],0,1].
[[2,8,1,1,1,0,0,0,0],0,1].
[[1,7,1,1,2,1,2,2,0],3,0].
[[2,9,2,1,1,0,1,1,0],0,1].
[[3,2,1,1,2,1,1,2,1],1,0].
[[2,9,2,1,1,0,1,1,1],0,6].
[[3,2,1,1,1,1,2,3,1],1,0].
[[3,3,2,1,2,0,2,1,1],2,0].
[[2,5,0,1,1,0,1,1,0],1,1].
[[3,6,1,1,1,1,2,1,0],1,0].
[[2,6,0,1,2,1,2,1,0],2,1].
[[2,6,1,1,2,0,2,3,0],1,0].
[[3,4,0,1,2,0,1,2,0],0,1].
[[3,2,0,1,2,1,2,1,0],1,0].
[[3,3,1,1,1,1,2,1,1],1,0].
[[3,4,0,1,2,0,1,1,1],0,2].
[[3,7,1,1,1,0,2,2,0],0,2].
[[2,7,2,1,1,0,2,1,1],2,0].
[[2,9,1,1,1,0,2,2,0],0,2].
[[2,7,1,1,1,1,1,2,0],1,0].
[[2,7,1,1,2,0,2,1,0],2,1].
[[3,3,2,1,1,0,2,3,1],1,0].
[[2,2,1,1,2,1,2,1,1],1,0].
[[3,2,1,1,1,1,2,1,1],1,0].
[[3,6,0,1,1,1,1,2,1],0,1].
[[3,9,2,1,1,0,2,1,1],0,2].
[[2,9,1,1,1,0,2,2,1],0,1].
[[3,9,1,0,0,0,2,1,1],0,1].
[[3,1,1,1,2,0,1,1,0],1,0].
[[1,8,1,1,2,0,1,2,0],1,0].
[[2,8,1,1,1,0,1,2,0],2,0].
[[3,7,1,1,1,0,2,3,0],0,1].
[[2,7,2,1,2,1,1,1,0],0,1].
[[3,7,2,1,1,1,1,1,0],0,1].
[[3,4,0,1,2,0,2,1,1],0,1].
[[2,4,1,1,2,0,1,1,0],3,1].
[[3,6,1,1,2,0,1,2,0],4,0].
[[3,3,2,1,2,0,1,1,1],1,0].
[[2,3,2,1,2,0,2,1,1],1,0].
[[2,3,1,0,0,0,1,1,1],1,0].
[[3,3,1,1,2,0,1,1,1],1,0].
[[2,9,2,1,1,0,0,0,0],0,1].
[[1,6,0,0,0,0,2,3,1],1,0].
[[2,6,0,0,0,0,1,2,1],1,0].
[[3,9,1,1,1,0,0,0,0],0,1].
[[2,7,2,1,1,0,2,2,1],0,1].
[[1,6,0,0,0,0,2,1,0],1,0].
[[3,7,1,1,1,0,1,2,0],1,0].
[[3,7,1,1,1,0,2,1,0],0,1].
[[2,7,0,0,0,0,1,1,1],1,0].
[[2,5,0,1,2,0,1,2,1],1,0].
[[1,7,2,1,2,0,1,1,1],1,0].
[[1,2,1,0,0,0,2,1,1],1,0].
[[2,2,1,0,0,0,2,1,1],1,0].
[[3,2,1,1,2,1,2,1,1],1,0].
[[2,3,1,0,0,0,2,3,0],1,0].
[[2,7,1,1,1,1,1,1,1],1,0].
[[3,3,1,1,1,1,1,1,1],1,0].
[[1,6,1,1,2,1,1,2,1],1,0].
[[2,3,2,1,2,0,2,2,1],1,0].
[[3,9,2,1,2,0,0,0,0],0,1].
