total_WL(12837,22266).
[[1,9,2,1,2,1,2,1,0],63,182].
[[2,8,0,1,2,1,2,1,0],26,135].
[[3,8,0,1,2,1,2,1,0],20,268].
[[1,8,1,0,0,0,2,3,1],934,556].
[[2,8,1,0,0,0,2,3,0],207,142].
[[3,7,2,0,0,0,1,2,1],74,9].
[[1,8,1,0,0,0,0,0,0],1408,1097].
[[2,8,1,1,2,0,2,2,1],88,97].
[[3,8,1,1,2,0,2,2,1],55,63].
[[2,8,1,1,2,1,2,3,1],483,408].
[[3,8,1,1,2,1,2,3,1],266,259].
[[2,7,1,0,0,0,0,0,0],288,214].
[[3,7,1,0,0,0,0,0,0],73,72].
[[1,9,2,0,0,0,2,3,1],488,1683].
[[2,9,2,1,2,1,1,1,1],34,122].
[[3,8,0,1,2,1,1,1,1],22,254].
[[1,8,0,0,0,0,2,3,1],82,326].
[[2,8,0,1,2,1,1,2,1],48,134].
[[3,8,0,1,1,1,1,2,1],25,184].
[[1,8,1,0,0,0,2,2,1],580,393].
[[3,7,2,1,2,0,2,2,1],39,6].
[[1,8,1,0,0,0,2,1,1],356,237].
[[2,8,1,1,2,0,1,2,1],93,86].
[[3,8,1,1,2,0,1,2,1],209,200].
[[1,8,0,0,0,0,0,0,0],361,1514].
[[2,8,0,0,0,0,2,3,1],82,444].
[[3,8,0,1,2,1,2,1,1],9,170].
[[1,9,2,0,0,0,2,2,1],319,1206].
[[2,9,1,1,2,1,1,2,1],109,413].
[[3,9,1,1,2,1,1,2,1],63,803].
[[1,8,0,0,0,0,2,1,1],43,122].
[[2,7,1,0,0,0,2,1,1],71,36].
[[3,7,1,0,0,0,2,1,1],79,46].
[[1,8,1,1,2,1,2,2,1],192,118].
[[2,8,1,1,2,1,2,2,1],292,228].
[[3,6,1,1,2,1,2,2,1],58,6].
[[1,8,1,1,2,1,2,1,0],21,17].
[[2,6,1,1,2,1,2,1,0],5,0].
[[3,3,1,1,1,1,2,1,0],1,0].
[[1,9,2,1,1,1,2,1,0],13,12].
[[2,4,1,1,2,0,2,1,0],7,2].
[[3,4,1,1,2,0,2,1,0],25,10].
[[1,8,1,0,0,0,2,2,0],153,83].
[[2,7,2,1,2,0,2,2,0],6,1].
[[3,7,2,1,1,0,2,2,0],1,2].
[[1,8,0,0,0,0,2,2,0],55,180].
[[2,8,0,1,2,1,1,1,0],13,40].
[[3,7,0,1,2,1,1,1,0],1,4].
[[1,9,2,0,0,0,0,0,0],337,1816].
[[2,8,1,0,0,0,0,0,0],193,188].
[[3,8,1,1,2,0,2,1,0],30,31].
[[1,9,2,1,2,1,1,2,0],51,150].
[[2,8,0,1,2,1,1,2,0],23,96].
[[3,8,0,1,1,1,1,2,0],6,97].
[[1,9,2,1,2,1,2,3,0],222,593].
[[2,9,1,1,2,1,1,2,0],56,270].
[[3,9,1,1,1,1,1,2,0],20,183].
[[2,9,2,0,0,0,1,1,1],29,114].
[[3,8,1,0,0,0,1,1,1],93,112].
[[1,9,2,0,0,0,2,2,0],306,1063].
[[2,9,1,0,0,0,1,2,0],65,297].
[[3,9,1,0,0,0,1,2,0],18,190].
[[3,6,1,1,2,1,2,3,1],106,6].
[[2,8,0,0,0,0,2,2,1],65,347].
[[3,8,0,0,0,0,2,2,1],13,111].
[[1,8,0,0,0,0,2,2,1],63,236].
[[3,7,1,1,2,1,1,2,1],257,118].
[[1,8,0,1,2,1,0,0,0],148,488].
[[2,8,0,1,2,1,2,2,0],59,267].
[[3,8,0,1,2,1,1,2,0],35,323].
[[2,8,0,1,2,1,2,3,0],77,365].
[[3,8,0,1,1,1,2,1,0],13,88].
[[2,9,2,0,0,0,2,2,1],19,163].
[[3,9,1,1,2,1,2,2,0],19,382].
[[1,7,2,0,0,0,2,2,1],51,2].
[[2,7,2,0,0,0,2,2,0],9,0].
[[3,7,2,1,2,1,2,2,0],36,1].
[[1,9,2,0,0,0,2,1,1],218,787].
[[2,9,1,1,2,1,2,3,0],103,468].
[[3,9,1,1,2,1,1,2,0],59,500].
[[1,6,1,0,0,0,0,0,0],280,20].
[[2,6,1,0,0,0,2,2,1],55,7].
[[3,3,1,1,2,1,2,2,1],30,4].
[[1,9,2,1,2,1,2,2,0],153,433].
[[2,9,1,1,1,1,1,2,0],24,50].
[[1,9,2,0,0,0,1,1,1],89,204].
[[2,9,1,1,2,1,1,1,1],41,113].
[[1,8,1,0,0,0,2,3,0],204,97].
[[2,8,1,0,0,0,1,2,0],72,42].
[[3,8,1,0,0,0,1,2,0],81,44].
[[2,8,0,0,0,0,2,2,0],62,316].
[[3,8,0,1,2,0,1,2,0],8,82].
[[2,9,1,1,2,1,2,3,1],49,293].
[[2,8,1,0,0,0,1,2,1],414,242].
[[3,8,1,0,0,0,1,2,1],296,189].
[[2,8,1,0,0,0,2,3,1],584,427].
[[3,8,1,0,0,0,2,3,0],66,93].
[[2,8,0,0,0,0,0,0,0],48,508].
[[3,8,0,1,2,1,2,2,0],34,490].
[[1,8,1,1,2,1,0,0,0],468,326].
[[1,9,2,0,0,0,1,2,1],239,537].
[[2,9,2,1,2,1,1,2,1],51,230].
[[3,8,0,1,2,1,1,2,1],57,614].
[[2,7,2,1,2,1,2,2,1],50,6].
[[3,7,2,1,2,1,2,2,1],78,13].
[[1,7,1,0,0,0,2,3,1],40,12].
[[2,7,1,0,0,0,2,3,1],170,78].
[[2,8,1,0,0,0,2,1,1],230,149].
[[1,7,1,1,2,1,0,0,0],51,31].
[[2,7,1,1,1,1,0,0,0],23,13].
[[3,7,1,1,1,1,0,0,0],35,32].
[[3,8,0,0,0,0,2,3,0],26,270].
[[1,9,2,1,2,1,1,2,1],104,210].
[[3,8,0,1,2,1,1,1,0],8,130].
[[1,9,2,0,0,0,2,1,0],177,497].
[[2,9,2,1,2,0,1,2,0],3,32].
[[3,9,1,1,2,0,1,2,0],14,172].
[[1,9,2,1,2,1,0,0,0],186,798].
[[2,9,2,1,2,1,0,0,0],1,83].
[[3,9,1,1,2,1,2,1,0],19,219].
[[1,8,0,1,2,1,2,3,1],23,82].
[[3,8,0,1,1,1,2,3,0],18,196].
[[1,8,1,1,2,1,2,3,1],323,183].
[[2,8,1,1,2,1,1,2,1],331,211].
[[3,8,1,1,2,1,1,2,1],596,476].
[[3,8,0,0,0,0,2,3,1],21,187].
[[2,8,0,1,2,0,2,3,1],11,80].
[[3,6,0,1,2,0,2,3,1],4,5].
[[1,8,1,0,0,0,2,1,0],92,50].
[[2,7,1,0,0,0,2,1,0],22,5].
[[3,7,1,1,2,0,2,1,0],19,12].
[[1,9,2,1,2,0,2,2,1],17,62].
[[2,9,2,1,2,0,2,3,1],8,50].
[[3,9,1,1,2,0,2,3,1],1,28].
[[2,9,1,1,2,1,2,2,0],77,371].
[[2,8,1,1,1,1,2,2,1],67,38].
[[3,4,1,1,2,0,1,2,1],135,35].
[[1,9,2,0,0,0,2,3,0],459,1367].
[[3,7,1,1,2,1,2,3,0],94,71].
[[3,8,1,1,2,1,2,1,0],70,90].
[[2,8,1,1,2,0,2,3,1],129,153].
[[3,8,1,1,1,0,2,2,0],8,17].
[[2,9,2,0,0,0,2,3,0],46,250].
[[3,9,1,1,2,1,2,3,0],18,455].
[[3,8,0,0,0,0,1,2,0],17,147].
[[2,6,1,1,2,1,0,0,0],77,6].
[[3,6,1,1,1,1,0,0,0],13,1].
[[2,9,2,0,0,0,1,2,0],23,88].
[[1,9,2,1,2,1,2,3,1],237,687].
[[1,8,1,1,2,1,2,1,1],152,66].
[[2,8,1,1,2,1,2,1,1],210,152].
[[3,8,1,1,2,1,2,3,0],136,189].
[[1,9,2,0,0,0,1,2,0],117,318].
[[2,8,0,0,0,0,1,2,0],19,86].
[[3,8,0,1,2,0,2,2,1],7,76].
[[3,8,0,1,2,1,2,3,0],59,637].
[[3,8,0,0,0,0,1,2,1],18,249].
[[1,7,1,0,0,0,0,0,0],264,155].
[[3,7,1,1,2,1,2,1,1],144,93].
[[2,8,0,0,0,0,2,3,0],100,385].
[[3,7,1,1,2,0,2,3,0],45,22].
[[2,6,1,0,0,0,0,0,0],158,13].
[[3,6,1,0,0,0,2,3,1],52,2].
[[3,7,2,0,0,0,2,3,1],77,10].
[[2,9,1,0,0,0,2,3,1],55,317].
[[3,9,1,0,0,0,1,2,1],37,325].
[[3,9,1,1,1,1,2,3,0],8,189].
[[2,9,2,1,2,1,2,3,0],54,281].
[[3,8,0,1,2,1,2,3,1],43,429].
[[2,7,1,0,0,0,2,2,1],114,62].
[[2,8,1,0,0,0,2,2,1],345,304].
[[1,8,1,1,2,0,1,2,1],18,11].
[[2,7,2,1,2,0,1,2,1],16,6].
[[3,7,1,1,2,0,1,2,1],86,50].
[[2,9,1,1,2,1,2,1,0],38,208].
[[2,8,1,1,1,1,2,3,1],103,69].
[[3,4,1,1,2,0,2,1,1],22,3].
[[2,9,2,1,2,1,2,3,1],37,232].
[[3,8,0,1,1,1,2,3,1],13,172].
[[2,9,2,0,0,0,2,3,1],25,234].
[[3,9,1,1,2,1,2,3,1],4,72].
[[2,8,1,0,0,0,1,1,1],129,140].
[[3,8,1,1,2,1,1,1,1],189,233].
[[1,8,0,0,0,0,2,3,0],89,210].
[[2,8,0,1,2,0,2,3,0],12,57].
[[3,7,1,1,1,0,2,3,0],5,2].
[[2,8,0,1,2,1,2,3,1],85,421].
[[2,8,0,0,0,0,2,1,0],27,135].
[[3,8,0,0,0,0,2,1,0],14,96].
[[2,9,2,1,2,1,2,2,0],45,198].
[[2,8,0,1,2,1,0,0,0],62,464].
[[2,8,1,1,2,1,1,1,1],104,114].
[[2,9,1,0,0,0,1,2,1],121,444].
[[2,9,1,0,0,0,2,2,0],78,359].
[[2,9,1,0,0,0,2,1,0],50,216].
[[2,9,1,1,1,1,2,2,0],27,91].
[[3,8,1,1,1,1,1,2,1],206,168].
[[3,9,1,0,0,0,2,3,0],15,181].
[[2,9,1,1,2,0,2,2,1],7,31].
[[3,9,1,1,2,0,1,2,1],18,265].
[[3,8,0,0,0,0,1,1,0],3,66].
[[2,8,1,1,2,0,2,3,0],55,41].
[[1,7,2,0,0,0,2,3,1],75,10].
[[2,7,2,1,2,0,2,3,1],29,10].
[[3,7,2,1,2,0,2,3,1],68,8].
[[1,8,1,1,2,0,0,0,0],58,73].
[[3,8,1,1,2,0,2,3,1],84,112].
[[2,7,1,1,2,0,0,0,0],39,39].
[[3,3,1,1,2,0,0,0,0],22,6].
[[2,8,1,1,1,1,2,3,0],45,19].
[[3,7,1,1,1,1,2,3,0],22,20].
[[2,9,2,1,2,0,2,3,0],8,59].
[[3,9,1,1,2,0,2,2,0],6,121].
[[2,7,1,1,2,1,0,0,0],188,119].
[[3,7,1,1,2,1,0,0,0],135,92].
[[3,6,1,1,2,1,1,2,1],64,6].
[[1,9,2,1,2,1,1,1,1],47,85].
[[2,8,1,1,1,1,1,1,1],24,12].
[[3,7,1,1,1,1,1,1,1],15,21].
[[2,8,1,1,2,1,2,1,0],74,49].
[[3,7,1,1,2,1,2,1,0],42,22].
[[2,7,0,0,0,0,0,0,0],5,61].
[[3,7,0,0,0,0,2,1,1],5,23].
[[2,7,2,0,0,0,1,1,1],22,4].
[[3,7,2,0,0,0,1,1,1],31,7].
[[2,9,2,1,1,1,1,2,1],23,50].
[[2,9,1,0,0,0,2,3,0],88,467].
[[3,8,0,1,2,1,0,0,0],0,116].
[[2,8,1,1,2,1,1,2,0],64,40].
[[3,8,1,1,2,1,1,2,0],160,105].
[[1,9,2,1,2,0,2,1,1],6,38].
[[2,9,2,1,2,0,1,1,1],7,32].
[[3,9,1,1,2,0,1,1,1],9,76].
[[1,9,2,1,2,0,2,2,0],6,67].
[[2,9,1,1,2,0,1,2,0],10,49].
[[3,9,0,1,2,0,1,2,0],0,6].
[[2,9,1,1,2,1,1,1,0],25,118].
[[2,9,2,0,0,0,2,2,0],34,210].
[[3,8,1,1,2,0,2,2,0],41,50].
[[3,8,1,1,1,0,1,2,1],31,62].
[[3,3,1,0,0,0,0,0,0],42,15].
[[2,8,1,1,2,1,2,2,0],140,95].
[[3,7,1,1,2,0,2,1,1],37,37].
[[1,9,2,1,2,1,2,2,1],134,472].
[[2,9,1,1,2,0,1,2,1],26,119].
[[3,8,0,1,1,0,1,2,1],0,16].
[[2,7,2,0,0,0,2,3,1],122,16].
[[3,3,2,1,2,1,2,3,1],26,0].
[[3,7,1,1,1,1,2,3,1],89,51].
[[2,7,2,1,2,1,0,0,0],110,19].
[[3,3,2,1,2,1,0,0,0],48,3].
[[1,7,2,0,0,0,0,0,0],314,58].
[[2,7,2,1,2,0,0,0,0],37,16].
[[3,7,2,1,1,0,2,1,1],3,7].
[[2,9,1,1,1,1,2,3,0],25,105].
[[3,4,1,1,2,0,2,3,0],61,17].
[[3,7,1,1,2,0,2,3,1],85,75].
[[3,8,0,1,2,0,2,1,0],8,66].
[[1,7,2,0,0,0,2,1,1],28,1].
[[2,7,2,0,0,0,1,2,1],40,12].
[[3,7,2,1,2,0,1,2,1],59,9].
[[1,8,1,1,1,1,2,1,1],14,6].
[[2,7,1,1,1,1,2,1,1],10,7].
[[3,7,1,1,1,1,2,1,1],28,29].
[[3,7,1,1,2,1,2,3,1],321,222].
[[3,6,0,0,0,0,2,2,1],5,11].
[[3,8,1,0,0,0,2,2,1],68,80].
[[1,9,2,1,1,1,0,0,0],34,72].
[[2,8,1,1,1,1,2,1,1],43,28].
[[3,6,1,0,0,0,2,2,1],40,2].
[[1,9,2,1,2,1,2,1,1],126,327].
[[2,9,2,1,2,1,2,1,1],19,131].
[[3,8,1,1,2,1,2,1,1],92,105].
[[1,9,2,1,2,0,2,3,1],12,76].
[[2,7,2,0,0,0,2,1,1],50,13].
[[1,8,1,1,1,1,0,0,0],48,31].
[[2,4,1,1,2,0,2,1,1],9,2].
[[3,4,1,1,2,0,1,1,1],58,19].
[[2,8,1,1,2,1,0,0,0],164,130].
[[2,8,1,1,2,0,2,1,1],49,74].
[[3,8,1,1,1,0,2,3,1],9,39].
[[3,9,1,1,2,1,1,1,0],26,221].
[[2,8,0,1,2,1,2,2,1],50,277].
[[3,8,0,1,2,1,2,2,1],25,260].
[[2,8,1,1,1,1,0,0,0],35,29].
[[2,7,0,1,2,1,0,0,0],7,49].
[[3,7,0,1,2,1,2,3,1],9,81].
[[3,7,2,0,0,0,0,0,0],24,7].
[[3,9,1,0,0,0,2,2,0],9,170].
[[2,9,1,0,0,0,1,1,0],24,111].
[[3,5,0,1,2,0,1,1,0],15,5].
[[2,6,0,0,0,0,0,0,0],13,58].
[[3,6,0,0,0,0,2,3,0],2,16].
[[1,9,2,0,0,0,1,1,0],36,138].
[[2,5,0,0,0,0,1,2,0],32,0].
[[3,5,0,1,2,0,1,2,0],40,3].
[[3,8,0,1,1,1,2,2,0],14,155].
[[3,8,1,1,2,0,1,2,0],54,36].
[[2,7,1,1,2,1,2,3,1],129,71].
[[1,7,1,1,2,1,2,1,1],5,4].
[[2,7,1,1,2,1,1,2,1],36,19].
[[3,7,2,1,2,1,1,2,1],118,18].
[[3,7,1,1,1,0,0,0,0],5,6].
[[3,9,1,1,1,1,2,3,1],3,27].
[[2,8,0,1,2,1,1,1,1],13,54].
[[1,8,1,0,0,0,1,2,1],242,147].
[[3,7,1,1,2,1,2,2,1],213,136].
[[2,8,1,0,0,0,2,1,0],86,49].
[[3,8,0,1,2,0,2,2,0],11,121].
[[3,5,0,0,0,0,1,2,0],52,0].
[[1,8,1,1,2,1,2,3,0],61,33].
[[2,8,1,1,1,1,1,2,0],9,7].
[[3,4,1,1,2,0,1,1,0],33,9].
[[3,6,1,0,0,0,2,3,0],20,2].
[[2,9,2,1,2,1,2,1,0],13,89].
[[2,9,2,1,1,1,2,2,1],6,30].
[[3,9,1,1,1,1,1,2,1],22,313].
[[3,8,0,1,1,1,2,2,1],12,110].
[[2,7,1,0,0,0,2,2,0],28,9].
[[3,7,1,1,2,1,2,2,0],86,57].
[[3,6,1,0,0,0,1,1,1],11,2].
[[2,9,1,0,0,0,2,1,1],14,62].
[[2,8,0,0,0,0,1,1,1],20,77].
[[3,7,1,0,0,0,1,1,1],39,29].
[[1,9,2,1,1,1,2,3,1],40,61].
[[2,9,2,1,1,1,2,3,1],18,45].
[[2,7,1,0,0,0,1,2,1],55,24].
[[2,7,1,1,2,1,2,1,1],50,33].
[[1,9,2,1,2,0,0,0,0],18,95].
[[2,9,1,1,2,0,2,2,0],19,93].
[[3,9,1,1,2,1,1,1,1],18,259].
[[1,8,1,1,2,1,1,2,1],71,57].
[[3,3,1,1,2,1,1,2,1],14,0].
[[3,8,1,1,2,0,2,3,0],50,71].
[[2,7,2,0,0,0,2,3,0],21,0].
[[3,7,1,1,1,1,1,2,1],78,32].
[[2,7,2,1,2,0,2,1,0],2,1].
[[3,7,2,1,1,0,1,2,0],1,2].
[[3,7,1,0,0,0,2,3,1],158,114].
[[2,8,1,1,2,0,2,2,0],33,38].
[[3,7,1,1,2,0,2,2,0],31,16].
[[3,7,1,1,2,0,2,2,1],73,46].
[[3,7,2,1,2,0,2,1,1],30,6].
[[3,7,0,1,2,1,2,3,0],5,89].
[[2,8,1,0,0,0,2,2,0],158,108].
[[3,7,2,0,0,0,2,2,0],18,0].
[[2,9,2,0,0,0,1,2,1],68,248].
[[3,9,1,0,0,0,1,1,1],3,116].
[[3,8,0,1,2,0,2,3,0],9,152].
[[2,8,0,1,2,1,2,1,1],42,191].
[[2,8,0,1,1,1,0,0,0],24,63].
[[3,7,0,1,1,1,0,0,0],2,31].
[[2,8,0,0,0,0,2,1,1],40,235].
[[3,8,0,0,0,0,1,1,1],14,84].
[[3,6,1,0,0,0,0,0,0],26,0].
[[2,8,0,1,2,0,2,2,0],5,58].
[[3,7,1,1,2,0,1,1,1],30,34].
[[2,8,1,1,2,1,2,3,0],151,122].
[[2,9,1,1,2,0,2,3,0],17,130].
[[3,9,1,1,2,0,2,3,0],5,122].
[[3,8,1,1,2,1,2,2,0],130,159].
[[2,9,1,0,0,0,2,2,1],36,192].
[[3,9,1,1,1,1,2,1,0],5,71].
[[3,9,1,0,0,0,1,1,0],10,85].
[[1,6,1,1,2,1,0,0,0],61,2].
[[2,6,1,1,2,1,2,3,1],55,6].
[[3,6,1,1,2,1,1,1,1],16,8].
[[3,8,1,1,1,1,1,1,1],53,105].
[[1,8,0,1,2,1,2,3,0],29,70].
[[2,8,0,1,1,1,2,3,0],20,34].
[[3,7,0,1,1,1,2,3,0],1,19].
[[3,8,0,1,1,0,1,2,0],2,7].
[[2,7,2,1,2,1,2,3,1],77,10].
[[3,7,2,1,2,1,2,3,1],124,12].
[[3,8,1,0,0,0,2,1,0],35,50].
[[3,8,1,0,0,0,2,2,0],48,62].
[[1,3,2,0,0,0,0,0,0],31,1].
[[2,3,2,0,0,0,2,2,1],12,0].
[[3,2,1,1,2,1,2,2,1],2,0].
[[3,7,1,1,2,0,1,2,0],20,5].
[[2,8,0,1,1,1,2,1,0],8,18].
[[3,8,0,1,1,1,1,1,0],2,34].
[[1,7,1,0,0,0,2,1,1],13,7].
[[2,7,1,0,0,0,1,1,1],10,5].
[[3,7,1,1,2,1,1,1,1],77,70].
[[3,7,2,0,0,0,2,2,1],53,9].
[[3,7,1,1,1,1,2,2,1],62,24].
[[3,8,1,1,1,1,2,1,0],31,24].
[[3,8,1,0,0,0,2,3,1],101,96].
[[3,8,1,1,2,1,2,2,1],158,144].
[[3,8,1,1,1,1,2,3,1],83,98].
[[3,3,1,1,2,1,0,0,0],61,11].
[[2,9,1,1,1,1,2,3,1],17,72].
[[3,3,1,1,2,0,1,2,1],7,1].
[[2,9,2,0,0,0,0,0,0],1,82].
[[3,9,1,1,2,1,0,0,0],0,9].
[[3,8,0,1,2,0,1,1,0],4,34].
[[2,7,2,1,2,1,2,1,1],27,5].
[[3,7,2,0,0,0,2,1,1],38,5].
[[2,7,1,0,0,0,2,3,0],32,13].
[[2,8,1,0,0,0,1,1,0],23,31].
[[3,8,1,1,2,0,1,1,0],17,18].
[[3,7,0,0,0,0,2,2,1],0,30].
[[2,6,0,0,0,0,2,3,1],6,16].
[[3,3,1,0,0,0,2,3,1],28,6].
[[3,7,1,0,0,0,2,3,0],55,31].
[[3,8,0,1,2,0,1,1,1],9,51].
[[3,6,1,1,1,1,2,3,0],5,0].
[[3,9,1,1,1,0,1,2,0],2,31].
[[1,9,2,1,1,1,2,1,1],16,26].
[[2,9,2,1,2,0,2,2,0],8,59].
[[3,7,0,1,2,0,2,3,0],1,16].
[[1,9,2,1,1,1,1,2,0],11,12].
[[2,9,2,1,1,1,1,2,0],8,24].
[[3,5,0,1,1,1,1,2,0],46,5].
[[3,7,0,1,2,1,1,2,1],11,31].
[[2,9,1,1,1,1,1,2,1],45,76].
[[2,3,1,0,0,0,0,0,0],38,9].
[[3,8,1,1,2,1,1,1,0],47,78].
[[3,3,1,0,0,0,2,2,1],16,6].
[[1,8,1,1,1,1,2,2,1],20,12].
[[3,9,1,1,2,1,2,2,1],4,34].
[[2,9,2,0,0,0,1,1,0],5,35].
[[2,6,1,1,2,1,2,2,1],33,1].
[[3,6,1,1,2,1,2,3,0],46,1].
[[1,9,2,1,1,1,2,3,0],40,36].
[[3,8,1,1,1,1,2,3,0],54,65].
[[3,9,1,1,2,0,1,1,0],3,74].
[[3,7,2,1,2,1,2,3,0],37,0].
[[1,7,2,1,2,1,0,0,0],59,9].
[[2,3,2,1,2,1,0,0,0],23,2].
[[2,9,2,1,1,1,2,3,0],18,40].
[[3,4,1,1,2,0,2,2,1],20,18].
[[3,8,1,1,1,1,2,2,0],46,53].
[[2,9,2,1,2,1,2,2,1],17,125].
[[2,8,0,1,1,1,1,2,1],10,13].
[[3,5,0,1,2,1,1,1,0],67,18].
[[3,8,1,1,2,0,1,1,1],69,104].
[[3,7,0,1,2,1,0,0,0],8,92].
[[2,7,2,0,0,0,0,0,0],175,28].
[[1,8,0,1,2,1,2,1,1],19,39].
[[3,6,1,1,1,1,2,2,1],21,1].
[[2,9,2,1,1,1,1,1,1],16,33].
[[3,8,0,1,1,1,1,1,1],5,78].
[[2,8,0,0,0,0,1,2,1],52,139].
[[3,6,1,1,2,0,2,2,1],24,5].
[[2,9,2,0,0,0,2,1,1],19,121].
[[2,8,0,1,2,0,2,2,1],11,63].
[[1,9,2,1,1,1,1,2,1],20,23].
[[3,3,1,0,0,0,2,1,1],15,0].
[[1,8,1,1,2,0,2,2,0],3,12].
[[3,8,1,1,1,1,2,1,1],31,35].
[[2,8,0,1,2,0,2,1,0],5,16].
[[3,8,0,1,1,0,2,1,0],0,8].
[[3,9,1,1,1,1,1,1,0],9,87].
[[1,9,2,1,2,0,2,3,0],12,68].
[[2,9,1,1,1,0,1,1,0],0,4].
[[3,8,0,1,1,0,1,1,0],0,5].
[[2,2,1,1,2,1,0,0,0],1,0].
[[3,2,1,1,1,1,0,0,0],1,0].
[[3,8,1,1,2,0,2,1,1],33,28].
[[2,4,1,1,2,0,0,0,0],4,1].
[[3,4,1,1,2,0,0,0,0],7,4].
[[3,6,0,0,0,0,1,1,1],1,8].
[[1,6,1,0,0,0,2,2,1],30,2].
[[2,6,1,1,2,0,2,2,1],8,2].
[[2,8,1,1,2,0,0,0,0],26,48].
[[2,6,1,0,0,0,2,2,0],17,0].
[[3,6,1,1,2,0,2,2,0],15,0].
[[1,8,0,1,2,1,1,2,1],2,4].
[[3,7,2,1,1,1,2,3,1],33,7].
[[2,9,2,1,2,0,2,2,1],2,36].
[[2,9,1,1,2,0,1,1,0],3,34].
[[2,9,1,1,2,1,0,0,0],0,50].
[[1,8,0,1,2,1,2,2,0],23,40].
[[2,9,2,1,2,1,1,2,0],27,111].
[[3,7,2,1,2,1,2,1,1],64,11].
[[3,7,2,1,1,1,2,1,1],19,1].
[[2,7,1,1,1,1,2,3,1],17,8].
[[3,3,1,1,1,1,2,3,1],13,0].
[[1,8,1,1,2,1,2,2,0],53,21].
[[2,8,0,1,2,0,1,2,0],4,13].
[[3,7,0,1,2,0,1,2,0],1,4].
[[2,6,1,0,0,0,2,3,1],83,6].
[[3,8,1,1,1,1,2,2,1],38,48].
[[2,5,0,1,2,1,1,2,0],27,0].
[[2,7,2,1,1,1,0,0,0],12,2].
[[2,7,1,1,2,0,2,2,0],6,2].
[[3,7,1,1,1,0,1,2,1],14,8].
[[2,9,1,1,2,1,2,2,1],27,174].
[[3,7,0,1,2,0,0,0,0],4,21].
[[1,8,0,0,0,0,2,1,0],19,66].
[[3,6,0,1,1,1,2,1,0],0,3].
[[2,9,1,1,1,1,2,1,1],6,6].
[[1,8,0,0,0,0,1,2,0],7,25].
[[3,6,1,1,2,0,2,3,0],14,3].
[[2,7,2,0,0,0,2,1,0],9,0].
[[3,3,2,0,0,0,2,1,0],1,0].
[[2,8,0,1,1,1,2,3,1],25,56].
[[1,8,1,1,2,0,2,2,1],22,25].
[[2,8,1,1,1,0,1,1,1],4,2].
[[3,7,1,1,1,0,1,1,1],2,4].
[[2,8,1,1,2,0,1,2,0],19,12].
[[3,5,0,1,2,1,1,2,0],144,1].
[[1,6,0,0,0,0,0,0,0],16,35].
[[2,6,0,1,2,1,2,2,1],0,7].
[[3,6,0,1,2,1,2,2,1],2,29].
[[2,8,0,0,0,0,1,1,0],5,41].
[[3,7,2,0,0,0,2,3,0],17,0].
[[1,6,1,0,0,0,2,3,1],33,2].
[[3,7,1,1,2,1,1,2,0],42,15].
[[3,8,1,0,0,0,2,1,1],46,35].
[[3,6,0,0,0,0,2,3,1],0,24].
[[2,6,1,1,2,1,1,2,1],13,2].
[[3,6,1,0,0,0,2,1,1],27,1].
[[2,6,0,1,2,1,0,0,0],10,43].
[[3,8,0,1,2,0,2,3,1],14,106].
[[3,5,0,0,0,0,1,1,0],39,6].
[[2,7,0,0,0,0,2,3,0],2,9].
[[3,7,0,0,0,0,2,3,0],0,24].
[[2,8,1,1,1,0,2,2,1],4,6].
[[3,7,2,1,1,0,2,2,1],8,3].
[[2,7,2,1,2,1,1,2,1],31,6].
[[2,9,2,1,1,0,2,3,1],1,5].
[[2,8,0,1,1,1,2,1,1],11,25].
[[2,6,1,1,1,1,2,3,1],8,0].
[[3,6,1,1,1,1,2,3,1],18,2].
[[1,9,2,1,1,1,1,1,1],8,7].
[[2,8,0,1,1,1,1,1,1],5,11].
[[3,7,0,1,1,1,1,1,1],1,7].
[[3,7,2,1,1,1,2,3,0],3,0].
[[3,7,2,1,2,0,2,2,0],19,1].
[[3,5,0,1,2,1,1,1,1],115,7].
[[3,3,2,1,2,0,2,2,1],11,0].
[[1,9,2,1,2,0,2,1,0],4,25].
[[2,9,2,1,2,0,1,1,0],2,13].
[[3,9,1,1,1,0,1,1,0],0,22].
[[3,8,1,0,0,0,1,1,0],21,37].
[[2,8,0,1,2,0,2,1,1],0,25].
[[3,8,0,1,2,0,2,1,1],4,46].
[[3,8,0,0,0,0,2,2,0],14,209].
[[2,8,1,1,1,1,1,2,1],77,48].
[[3,6,0,1,2,1,2,1,1],2,16].
[[2,9,1,1,2,0,2,3,1],11,71].
[[2,7,2,1,2,0,2,2,1],19,5].
[[2,3,1,1,2,1,0,0,0],25,0].
[[3,9,1,0,0,0,2,1,0],7,92].
[[3,9,1,1,1,1,1,1,1],11,114].
[[1,7,1,0,0,0,2,1,0],2,2].
[[3,7,1,0,0,0,2,1,0],37,11].
[[3,7,2,0,0,0,1,2,0],10,2].
[[1,3,2,0,0,0,2,3,1],2,0].
[[2,3,2,0,0,0,2,3,1],10,0].
[[3,7,1,0,0,0,1,2,1],144,40].
[[3,8,0,0,0,0,2,1,1],5,61].
[[2,8,1,1,2,0,2,1,0],19,16].
[[1,8,1,1,2,0,2,3,1],41,40].
[[2,7,1,1,2,0,2,3,1],19,20].
[[2,6,0,1,2,1,2,3,1],2,7].
[[3,6,0,1,2,1,1,2,1],2,10].
[[2,7,0,0,0,0,2,3,1],3,7].
[[3,7,0,1,2,0,2,3,1],1,19].
[[1,9,2,1,2,1,1,1,0],25,60].
[[3,7,1,1,2,0,0,0,0],37,38].
[[2,6,1,1,1,1,0,0,0],15,1].
[[2,9,2,1,1,1,0,0,0],6,22].
[[3,9,1,1,1,1,2,2,0],8,143].
[[3,6,0,1,2,1,2,2,0],4,17].
[[1,8,1,1,2,0,2,3,0],10,8].
[[2,8,1,1,1,0,2,3,0],3,4].
[[3,6,1,1,1,0,2,3,0],3,1].
[[3,8,0,1,2,0,0,0,0],0,16].
[[1,8,1,0,0,0,1,1,1],60,94].
[[2,8,1,1,2,0,1,1,1],26,46].
[[2,8,1,1,1,0,2,1,1],3,2].
[[3,7,2,1,2,1,2,1,0],22,2].
[[1,8,0,1,2,1,2,1,0],13,19].
[[3,4,1,1,2,0,2,2,0],51,10].
[[3,5,0,1,2,1,1,2,1],53,6].
[[3,8,0,1,2,0,1,2,1],16,144].
[[2,9,2,1,2,0,0,0,0],2,20].
[[3,9,1,1,2,0,2,1,0],3,57].
[[2,8,0,1,2,0,0,0,0],7,77].
[[3,8,0,1,1,0,0,0,0],0,6].
[[3,6,0,1,2,1,2,3,0],2,34].
[[3,7,0,1,1,1,2,3,1],4,25].
[[3,7,2,1,1,1,2,2,1],24,3].
[[1,8,0,1,2,1,2,2,1],34,65].
[[2,8,0,1,1,1,2,2,0],17,35].
[[3,7,2,1,2,0,0,0,0],32,4].
[[1,6,0,0,0,0,2,3,1],2,1].
[[2,5,0,1,2,1,1,1,1],31,3].
[[3,5,0,1,1,1,1,1,1],44,10].
[[2,6,1,1,2,0,1,2,1],3,2].
[[3,6,1,1,1,0,1,2,1],1,3].
[[2,6,1,1,2,1,2,1,1],24,0].
[[3,6,1,1,2,1,2,1,1],37,2].
[[2,7,1,1,2,0,2,3,0],9,3].
[[2,9,2,0,0,0,2,1,0],24,96].
[[3,7,2,1,2,1,1,1,1],40,13].
[[2,7,1,1,2,1,2,2,1],71,34].
[[1,9,2,1,2,0,1,1,0],0,10].
[[2,8,1,1,2,0,1,1,0],5,8].
[[2,9,1,0,0,0,1,1,1],33,109].
[[3,8,1,1,1,0,1,1,0],1,12].
[[2,9,1,0,0,0,0,0,0],0,63].
[[3,7,0,0,0,0,0,0,0],4,40].
[[3,9,1,0,0,0,2,2,1],2,13].
[[3,6,1,0,0,0,2,1,0],13,0].
[[2,9,1,1,2,0,2,1,0],5,48].
[[1,7,1,0,0,0,2,2,1],34,6].
[[3,7,1,0,0,0,2,2,1],98,96].
[[2,7,2,1,2,1,2,2,0],12,0].
[[3,6,1,1,2,0,2,1,1],12,1].
[[3,4,1,1,2,0,1,2,0],55,23].
[[3,6,1,1,2,1,0,0,0],31,1].
[[3,8,1,1,1,0,2,1,0],1,5].
[[3,7,0,1,1,1,2,2,0],0,12].
[[3,8,1,1,2,0,0,0,0],1,4].
[[1,6,1,0,0,0,1,2,1],6,1].
[[2,6,1,0,0,0,1,2,1],29,4].
[[3,3,2,0,0,0,1,2,1],6,0].
[[3,7,1,1,2,1,1,1,0],24,16].
[[2,8,0,1,2,0,1,1,0],0,6].
[[3,7,0,1,2,0,1,1,0],0,2].
[[3,6,1,1,1,1,2,1,1],12,2].
[[1,7,2,0,0,0,1,2,1],20,8].
[[2,9,2,1,2,0,2,1,1],2,41].
[[3,9,1,1,1,0,1,1,1],1,21].
[[3,6,0,0,0,0,2,2,0],3,9].
[[3,8,1,1,1,0,1,1,1],9,28].
[[2,9,1,1,2,0,2,1,1],1,19].
[[3,9,1,1,1,0,1,2,1],1,46].
[[3,7,0,1,1,1,1,2,1],0,7].
[[2,9,2,1,2,0,2,1,0],1,19].
[[2,9,1,1,1,1,1,1,1],10,22].
[[2,6,1,0,0,0,2,1,1],34,1].
[[3,8,1,1,1,1,1,1,0],20,24].
[[2,9,2,1,2,1,1,1,0],4,29].
[[3,8,0,1,1,0,2,2,1],0,11].
[[3,5,0,1,1,0,1,1,0],6,5].
[[3,6,1,1,2,0,2,3,1],36,7].
[[3,7,0,1,2,1,2,1,1],9,26].
[[2,8,1,1,2,1,1,1,0],20,29].
[[3,6,1,1,2,1,1,1,0],8,1].
[[3,3,2,1,2,0,2,3,1],13,1].
[[2,9,2,1,1,1,2,1,0],9,16].
[[3,8,1,1,2,1,0,0,0],1,13].
[[3,8,1,1,1,1,1,2,0],43,33].
[[2,7,0,0,0,0,2,1,0],0,3].
[[3,7,0,0,0,0,2,1,0],0,9].
[[3,7,2,1,1,0,1,2,1],13,9].
[[2,6,1,1,2,0,0,0,0],21,1].
[[3,6,1,1,2,0,0,0,0],16,1].
[[1,8,1,0,0,0,1,2,0],19,18].
[[3,7,1,0,0,0,1,2,0],13,10].
[[3,7,2,1,2,1,0,0,0],45,4].
[[2,5,0,0,0,0,1,1,0],14,3].
[[3,9,1,1,2,1,2,1,1],0,23].
[[3,9,1,1,2,0,2,2,1],0,10].
[[2,9,1,1,2,1,2,1,1],15,75].
[[2,3,2,1,2,1,2,3,1],6,1].
[[3,3,2,1,2,1,2,2,0],2,0].
[[1,8,1,1,2,1,1,1,0],6,5].
[[3,6,0,1,2,1,0,0,0],3,39].
[[3,6,0,0,0,0,2,1,1],2,9].
[[3,7,0,1,2,1,2,2,0],2,52].
[[3,9,1,1,1,0,2,3,0],0,31].
[[1,9,2,1,2,0,1,1,1],5,11].
[[2,8,0,1,2,0,1,1,1],4,12].
[[3,8,0,1,1,0,2,2,0],3,18].
[[2,9,2,1,1,0,1,2,1],1,4].
[[3,7,0,1,2,0,2,2,0],1,5].
[[2,6,0,0,0,0,2,2,0],1,5].
[[2,5,0,0,0,0,1,1,1],29,2].
[[3,5,0,0,0,0,1,1,1],60,3].
[[1,8,1,0,0,0,1,1,0],10,9].
[[3,7,1,1,2,0,1,1,0],6,3].
[[3,7,0,0,0,0,2,3,1],10,30].
[[3,8,0,0,0,0,0,0,0],0,35].
[[3,6,1,0,0,0,1,2,1],30,5].
[[2,9,2,1,2,0,1,2,1],15,50].
[[3,9,1,1,1,1,2,1,1],1,10].
[[3,8,1,1,1,0,1,2,0],5,14].
[[1,7,2,0,0,0,1,1,1],5,1].
[[2,7,2,1,2,1,1,1,1],7,1].
[[2,7,2,1,2,1,2,3,0],10,0].
[[3,7,2,1,1,1,1,2,1],37,2].
[[1,9,2,1,2,0,1,2,1],8,31].
[[3,3,1,1,1,1,0,0,0],13,1].
[[3,7,0,0,0,0,1,2,1],4,15].
[[2,7,2,0,0,0,2,2,1],80,11].
[[3,7,0,0,0,0,2,2,0],0,24].
[[1,9,2,1,1,1,2,2,1],19,36].
[[2,8,0,1,1,1,2,2,1],15,33].
[[3,7,2,1,1,1,1,2,0],6,0].
[[2,7,0,1,2,1,2,2,1],1,7].
[[3,7,0,1,2,1,2,2,1],3,66].
[[3,4,1,1,2,0,2,3,1],40,10].
[[2,9,1,1,1,1,2,2,1],6,36].
[[3,7,1,1,1,1,1,1,0],1,3].
[[3,6,1,1,2,1,2,1,0],16,0].
[[1,9,2,1,1,1,2,2,0],40,37].
[[2,5,0,1,1,1,1,2,0],8,0].
[[2,4,1,1,2,0,1,2,1],13,4].
[[1,7,2,1,2,0,0,0,0],17,8].
[[3,7,2,1,1,0,0,0,0],2,4].
[[3,3,2,0,0,0,2,2,1],12,0].
[[3,3,1,1,1,1,2,1,1],5,0].
[[3,7,1,1,1,0,2,2,0],2,7].
[[1,6,1,0,0,0,2,2,0],8,0].
[[2,6,1,1,2,1,2,2,0],12,0].
[[3,6,1,1,1,1,2,2,0],10,1].
[[2,7,1,1,1,1,1,2,1],5,1].
[[3,5,0,1,2,0,1,1,1],35,5].
[[3,7,1,0,0,0,2,2,0],49,25].
[[2,8,1,1,1,1,2,2,0],30,15].
[[3,9,1,0,0,0,2,1,1],1,7].
[[3,7,0,1,2,1,1,2,0],3,13].
[[2,9,2,1,1,1,1,1,0],2,6].
[[3,2,1,1,2,1,1,2,1],2,0].
[[2,9,1,1,2,0,1,1,1],9,28].
[[2,7,2,1,2,0,2,1,1],17,3].
[[3,7,2,1,1,0,1,1,1],2,2].
[[3,3,2,1,2,1,1,1,1],3,0].
[[3,8,1,1,1,0,2,3,0],8,25].
[[3,6,0,1,1,1,2,3,1],1,8].
[[2,4,1,1,2,0,1,1,1],4,2].
[[2,8,0,1,1,1,1,2,0],5,10].
[[1,8,1,1,1,1,2,3,1],30,10].
[[3,8,1,1,1,0,2,2,1],13,21].
[[3,7,2,0,0,0,1,1,0],2,2].
[[3,9,1,1,1,1,2,2,1],1,17].
[[2,9,1,1,1,1,0,0,0],2,15].
[[2,8,1,1,1,1,2,1,0],13,4].
[[3,6,0,1,2,1,1,1,1],1,9].
[[3,7,0,1,2,0,2,2,1],0,13].
[[2,6,1,0,0,0,1,2,0],3,0].
[[3,3,1,0,0,0,1,2,0],1,0].
[[3,8,0,1,1,1,2,1,1],3,44].
[[1,6,1,0,0,0,1,1,1],5,1].
[[2,6,1,0,0,0,1,1,1],5,4].
[[3,6,1,1,2,0,1,2,1],22,7].
[[2,5,0,1,2,0,1,1,1],4,0].
[[2,7,1,1,1,1,1,1,1],5,1].
[[3,5,0,1,1,0,1,1,1],3,6].
[[2,8,1,1,1,0,1,2,1],4,7].
[[2,9,1,1,2,0,0,0,0],0,14].
[[3,9,1,1,2,0,2,1,1],2,11].
[[3,5,0,1,1,0,1,2,0],8,3].
[[2,4,1,1,2,0,2,3,0],13,6].
[[3,6,1,1,1,1,1,2,0],6,0].
[[2,7,1,1,2,1,2,3,0],21,13].
[[3,6,0,1,2,0,2,3,0],1,8].
[[1,8,0,0,0,0,1,1,0],3,7].
[[2,6,0,0,0,0,1,1,0],0,2].
[[3,6,0,0,0,0,1,1,0],0,1].
[[3,7,0,1,2,1,1,1,1],4,15].
[[3,6,0,1,1,1,2,2,1],0,6].
[[3,7,1,1,1,0,2,3,1],10,17].
[[2,7,1,1,2,0,2,1,1],6,9].
[[3,3,2,1,1,1,2,2,1],4,0].
[[2,9,1,1,1,1,1,1,0],12,15].
[[2,6,1,1,2,0,1,1,1],2,0].
[[3,6,1,1,2,0,1,1,1],10,3].
[[2,7,0,0,0,0,1,2,0],0,2].
[[2,4,1,1,2,0,2,2,1],15,6].
[[3,8,1,1,1,0,2,1,1],2,20].
[[1,8,0,1,2,1,1,2,0],2,5].
[[3,6,0,1,2,0,2,2,0],0,4].
[[3,3,1,0,0,0,1,2,1],9,3].
[[3,7,2,1,2,0,1,1,1],27,5].
[[2,7,2,1,1,1,2,2,1],9,1].
[[3,7,2,1,1,1,2,1,0],2,0].
[[2,9,1,1,1,0,1,2,0],0,3].
[[2,7,1,0,0,0,1,2,0],4,3].
[[2,4,1,1,2,0,1,2,0],9,2].
[[2,3,2,0,0,0,0,0,0],61,1].
[[3,6,0,0,0,0,0,0,0],2,23].
[[3,8,0,1,1,0,2,3,1],0,16].
[[3,3,1,1,2,1,2,1,0],3,0].
[[3,5,0,1,1,1,1,1,0],27,2].
[[2,6,0,0,0,0,2,1,1],6,8].
[[3,8,0,1,1,1,0,0,0],0,26].
[[3,9,1,0,0,0,2,3,1],2,29].
[[2,7,1,0,0,0,1,1,0],4,0].
[[2,8,0,1,1,1,1,1,0],2,3].
[[3,7,1,1,1,1,2,2,0],32,14].
[[2,8,1,1,1,0,0,0,0],1,9].
[[3,6,0,1,1,1,2,1,1],1,3].
[[1,9,2,1,1,1,1,1,0],7,3].
[[1,8,1,1,2,1,1,1,1],18,20].
[[2,9,1,1,1,0,2,2,1],0,6].
[[3,9,1,1,1,0,2,2,0],0,26].
[[2,6,1,1,2,1,1,1,1],7,2].
[[1,7,2,1,2,1,2,3,1],14,3].
[[1,8,0,1,2,1,1,1,1],2,2].
[[2,9,1,1,1,0,2,3,1],0,4].
[[1,8,1,1,1,1,2,3,0],7,2].
[[2,3,2,0,0,0,2,1,1],6,0].
[[3,3,2,1,2,0,2,2,0],2,0].
[[1,8,1,1,1,1,1,2,1],5,6].
[[2,8,1,1,1,1,1,1,0],3,4].
[[2,6,1,1,2,1,2,3,0],15,0].
[[1,9,2,1,2,0,1,2,0],4,12].
[[2,9,2,1,1,1,2,1,1],9,28].
[[3,6,1,1,2,1,2,2,0],24,2].
[[2,7,1,1,2,1,2,2,0],17,11].
[[2,7,1,1,2,1,1,1,1],9,9].
[[1,7,1,0,0,0,1,2,1],11,5].
[[1,8,0,0,0,0,1,2,1],6,10].
[[2,7,0,0,0,0,2,2,0],2,9].
[[3,5,0,1,2,0,1,2,1],16,2].
[[2,6,1,0,0,0,2,1,0],9,0].
[[3,6,1,1,2,0,2,1,0],6,0].
[[2,9,2,1,1,1,2,2,0],15,37].
[[3,7,0,1,2,1,2,1,0],0,32].
[[1,7,2,1,2,0,2,1,1],4,0].
[[3,7,1,1,1,1,2,1,0],14,11].
[[2,4,1,1,2,0,2,2,0],16,4].
[[1,8,1,1,2,0,2,1,1],14,14].
[[2,7,2,1,1,1,2,3,1],11,4].
[[2,7,0,1,2,1,2,1,1],0,5].
[[1,7,1,0,0,0,2,3,0],9,4].
[[3,3,1,0,0,0,2,3,0],8,0].
[[3,6,0,1,2,1,2,3,1],6,42].
[[3,3,1,1,2,1,2,1,1],13,0].
[[1,6,1,0,0,0,2,1,1],16,0].
[[3,2,1,0,0,0,0,0,0],5,0].
[[3,9,0,1,2,1,1,2,0],0,9].
[[2,6,1,1,1,1,2,1,1],3,0].
[[3,9,1,1,1,0,2,1,0],0,16].
[[3,1,1,1,2,0,1,1,0],3,1].
[[3,8,1,0,0,0,0,0,0],1,4].
[[2,7,1,1,2,0,2,2,1],16,6].
[[3,3,2,1,2,1,2,1,1],10,0].
[[3,8,0,1,1,0,2,3,0],1,22].
[[3,7,2,1,1,1,1,1,0],1,2].
[[1,8,1,1,2,1,1,2,0],10,8].
[[3,7,1,1,1,1,1,2,0],11,2].
[[2,3,2,1,2,0,2,1,1],2,0].
[[3,3,2,1,1,0,2,3,1],2,0].
[[2,5,0,1,2,1,1,1,0],13,3].
[[3,3,2,0,0,0,2,3,1],23,0].
[[3,3,2,1,2,1,2,2,1],22,0].
[[2,4,1,1,2,0,2,3,1],10,4].
[[2,9,1,1,1,0,2,1,0],0,3].
[[3,6,1,0,0,0,2,2,0],15,1].
[[3,7,2,1,1,1,1,1,1],12,5].
[[2,9,1,1,1,0,2,3,0],2,10].
[[3,7,0,1,1,1,2,1,0],1,8].
[[2,9,1,1,1,1,2,1,0],11,42].
[[2,8,1,1,1,0,2,3,1],6,9].
[[3,7,2,1,1,0,2,3,1],6,8].
[[3,6,0,1,1,1,0,0,0],1,4].
[[3,7,0,0,0,0,1,1,1],0,7].
[[3,6,1,1,1,0,2,3,1],1,0].
[[3,5,0,0,0,0,1,2,1],17,0].
[[2,5,0,1,1,1,1,1,0],8,1].
[[2,6,0,0,0,0,2,2,1],2,10].
[[3,6,0,1,2,0,1,2,1],1,2].
[[1,8,1,1,1,1,2,2,0],7,3].
[[2,7,1,1,1,1,2,2,0],5,1].
[[3,3,1,1,2,0,2,3,1],9,1].
[[2,7,0,1,2,1,2,3,1],1,8].
[[1,6,1,1,2,1,2,1,0],1,0].
[[2,6,1,1,2,1,1,1,0],2,0].
[[3,3,2,0,0,0,2,1,1],9,0].
[[3,7,0,1,1,1,2,2,1],3,12].
[[1,7,1,0,0,0,1,1,1],4,0].
[[2,5,0,1,1,0,1,1,1],0,1].
[[3,3,1,1,2,0,2,1,0],3,0].
[[1,8,1,1,2,0,2,1,0],2,2].
[[2,7,2,1,1,0,1,2,1],1,1].
[[3,3,2,1,1,0,1,2,1],1,0].
[[2,6,1,0,0,0,2,3,0],23,2].
[[2,2,1,0,0,0,0,0,0],8,0].
[[1,6,0,0,0,0,2,3,0],2,1].
[[2,6,0,1,2,1,2,3,0],4,4].
[[3,3,1,1,2,1,2,3,1],53,5].
[[2,6,0,0,0,0,2,3,0],1,12].
[[3,6,0,1,2,1,1,2,0],1,7].
[[1,6,0,0,0,0,2,1,0],0,1].
[[2,6,0,0,0,0,2,1,0],0,4].
[[3,6,0,1,2,1,1,1,0],1,4].
[[2,8,1,1,1,0,2,1,0],2,2].
[[3,7,2,1,2,1,1,1,0],5,2].
[[2,8,0,1,2,0,1,2,1],6,24].
[[2,9,1,1,1,0,2,2,0],0,4].
[[3,7,0,1,1,1,2,1,1],0,10].
[[3,3,2,0,0,0,0,0,0],33,0].
[[2,7,2,1,1,1,2,1,1],4,2].
[[1,3,2,0,0,0,2,2,1],3,0].
[[2,3,2,1,2,1,2,2,1],3,0].
[[2,7,1,1,2,1,2,1,0],9,7].
[[3,9,0,0,0,0,1,2,0],0,6].
[[3,6,1,1,1,1,1,2,1],11,1].
[[3,6,1,0,0,0,1,2,0],4,1].
[[3,3,2,1,2,1,2,3,0],1,0].
[[3,3,2,1,2,0,0,0,0],19,0].
[[3,3,1,1,2,0,2,2,1],4,1].
[[2,5,0,1,2,0,1,2,0],4,1].
[[2,7,2,1,1,0,2,2,1],2,1].
[[3,9,0,1,2,1,1,1,0],0,10].
[[1,7,2,1,2,1,1,2,1],5,0].
[[2,8,1,1,1,0,2,2,0],3,8].
[[3,6,1,1,1,0,2,2,0],0,4].
[[3,6,1,1,2,0,1,2,0],2,0].
[[3,7,2,1,1,1,0,0,0],11,3].
[[3,7,1,1,1,0,2,2,1],2,6].
[[1,7,1,0,0,0,2,2,0],4,0].
[[2,7,1,1,2,0,1,2,0],1,0].
[[3,3,1,1,2,0,1,2,0],1,0].
[[3,7,1,1,1,0,2,1,1],4,4].
[[3,7,1,0,0,0,1,1,0],12,5].
[[2,9,2,1,1,0,2,1,0],0,4].
[[3,7,2,1,2,0,2,3,0],15,3].
[[2,7,2,1,1,1,1,2,1],2,0].
[[2,7,2,1,1,0,2,1,1],1,0].
[[3,3,0,1,2,1,0,0,0],0,4].
[[3,6,0,1,1,1,2,3,0],3,9].
[[2,7,1,1,1,1,2,2,1],12,3].
[[3,3,1,1,1,1,2,2,1],5,1].
[[1,7,2,0,0,0,2,3,0],5,0].
[[3,3,2,1,1,0,0,0,0],6,0].
[[2,3,2,0,0,0,1,2,1],5,0].
[[3,3,2,0,0,0,1,1,0],1,0].
[[3,6,0,1,2,1,2,1,0],0,14].
[[3,6,0,1,1,1,1,2,1],0,3].
[[2,7,2,1,1,1,2,3,0],3,0].
[[2,7,1,1,2,0,1,2,1],17,5].
[[3,3,1,0,0,0,2,1,0],2,0].
[[3,5,0,1,1,1,1,2,1],5,1].
[[2,5,0,1,2,0,1,2,1],1,0].
[[1,8,1,1,2,0,1,1,1],7,9].
[[2,7,1,1,2,0,1,1,1],4,8].
[[1,7,1,1,2,1,2,3,1],5,3].
[[3,6,0,1,2,0,1,1,1],0,2].
[[1,6,1,1,2,1,2,3,0],2,1].
[[3,6,1,1,2,1,1,2,0],13,0].
[[2,7,0,1,2,1,2,1,0],1,3].
[[3,7,0,1,2,0,2,1,1],2,11].
[[2,5,0,1,2,0,1,1,0],4,0].
[[2,7,1,1,1,1,2,1,0],2,1].
[[2,6,1,1,2,0,2,3,1],5,3].
[[3,9,1,1,2,0,0,0,0],0,4].
[[1,6,0,0,0,0,2,2,0],1,0].
[[2,3,1,0,0,0,2,3,1],8,0].
[[2,6,1,1,2,0,2,1,1],4,0].
[[2,7,0,1,2,1,2,3,0],3,5].
[[1,7,2,1,2,0,2,3,1],9,4].
[[3,7,2,1,2,1,1,2,0],9,2].
[[3,2,1,0,0,0,2,2,1],1,0].
[[2,9,1,1,1,0,1,1,1],1,2].
[[3,4,0,1,2,0,1,1,1],0,1].
[[2,7,1,1,2,1,1,1,0],1,0].
[[3,9,1,0,0,0,0,0,0],0,6].
[[3,9,1,1,1,1,0,0,0],0,5].
[[3,6,0,1,2,0,2,1,1],0,2].
[[3,8,0,1,1,0,1,1,1],0,7].
[[3,9,0,1,1,0,1,2,0],0,1].
[[2,9,1,1,1,0,1,2,1],0,6].
[[3,6,0,1,2,0,2,2,1],0,8].
[[3,4,0,1,2,0,2,2,0],0,3].
[[1,8,1,1,1,1,1,2,0],1,0].
[[2,7,2,1,1,0,0,0,0],3,3].
[[2,3,2,1,2,0,1,2,1],1,0].
[[3,3,2,1,2,0,1,1,1],2,0].
[[2,3,2,1,2,0,2,3,1],5,0].
[[3,1,1,1,2,0,1,1,1],2,0].
[[2,4,1,1,2,0,1,1,0],6,1].
[[3,7,2,1,1,1,2,2,0],3,0].
[[2,7,1,1,2,0,1,1,0],0,1].
[[3,7,2,0,0,0,2,1,0],7,0].
[[3,7,2,1,2,0,2,1,0],5,1].
[[1,6,1,0,0,0,2,3,0],6,1].
[[2,7,1,1,1,1,2,3,0],2,3].
[[3,3,1,1,1,1,2,3,0],2,0].
[[1,7,2,1,2,1,2,1,1],6,1].
[[2,5,0,1,1,1,1,1,1],3,0].
[[2,2,0,0,0,0,0,0,0],0,1].
[[3,2,0,0,0,0,0,0,0],0,2].
[[3,3,2,1,2,1,1,2,1],14,0].
[[3,7,2,1,1,0,2,3,0],4,1].
[[3,2,1,1,2,1,0,0,0],6,0].
[[1,8,0,1,2,1,1,1,0],1,5].
[[3,2,1,1,2,1,2,3,1],5,0].
[[3,7,1,1,1,0,1,2,0],1,3].
[[2,7,1,1,2,0,2,1,0],1,3].
[[3,7,1,1,1,0,1,1,0],0,2].
[[1,2,1,0,0,0,0,0,0],3,0].
[[3,6,1,1,1,1,1,1,1],3,2].
[[1,6,1,1,2,1,2,2,1],3,0].
[[3,9,1,1,1,0,2,3,1],0,2].
[[3,6,0,1,1,1,2,2,0],0,4].
[[3,7,0,1,2,0,1,2,1],0,6].
[[2,6,0,0,0,0,1,2,0],0,2].
[[3,2,0,1,2,1,1,2,0],0,1].
[[3,3,1,1,1,1,2,2,0],3,0].
[[3,6,0,0,0,0,1,2,1],2,13].
[[3,7,0,0,0,0,1,1,0],0,5].
[[2,7,0,1,2,1,2,2,0],0,4].
[[3,3,2,1,2,0,1,2,1],5,0].
[[2,6,0,1,2,1,2,2,0],1,1].
[[2,7,0,0,0,0,2,2,1],0,9].
[[3,2,1,0,0,0,2,1,0],1,0].
[[1,8,1,1,1,1,2,1,0],2,0].
[[1,7,1,1,2,1,2,2,1],3,4].
[[2,3,1,1,2,1,2,2,1],3,0].
[[3,3,1,1,2,0,2,2,0],2,0].
[[3,6,0,1,1,1,1,2,0],0,1].
[[2,3,1,1,2,1,2,2,0],2,0].
[[3,3,1,1,2,1,2,2,0],3,0].
[[1,6,1,1,2,1,2,3,1],2,1].
[[2,7,0,0,0,0,2,1,1],1,4].
[[2,9,2,1,1,0,2,3,0],0,2].
[[3,4,0,1,2,0,1,2,1],0,3].
[[2,6,1,1,2,0,1,2,0],1,1].
[[3,6,1,1,1,0,1,2,0],0,1].
[[2,7,2,1,1,0,2,3,1],1,2].
[[1,6,1,1,2,1,2,1,1],7,0].
[[2,3,2,1,2,0,0,0,0],7,0].
[[2,7,2,0,0,0,1,2,0],4,1].
[[3,9,0,1,1,1,1,2,0],0,4].
[[3,7,2,1,2,0,1,2,0],5,1].
[[3,2,1,1,2,0,0,0,0],2,0].
[[3,3,1,1,2,1,2,3,0],10,0].
[[3,9,0,1,2,0,1,1,0],0,1].
[[3,9,0,1,1,1,1,1,0],0,3].
[[3,3,2,1,1,1,2,3,1],2,1].
[[1,7,2,1,2,1,2,3,0],3,1].
[[2,5,0,1,2,1,1,2,1],6,1].
[[1,7,2,0,0,0,2,2,0],3,0].
[[3,9,0,0,0,0,1,1,0],0,2].
[[2,5,0,0,0,0,1,2,1],9,0].
[[2,7,2,1,1,1,1,1,1],0,2].
[[2,7,2,1,2,1,1,2,0],1,1].
[[3,7,0,1,2,0,1,1,1],0,1].
[[3,6,0,0,0,0,2,1,0],0,4].
[[3,4,0,1,2,0,2,1,0],0,1].
[[2,6,0,1,2,1,2,1,0],1,2].
[[3,3,2,1,1,0,2,1,1],1,0].
[[3,8,0,1,1,0,2,1,1],0,2].
[[3,6,1,1,1,0,1,1,0],1,0].
[[1,7,1,1,2,1,2,1,0],1,1].
[[2,7,1,1,2,1,1,2,0],0,1].
[[3,3,2,1,1,0,2,2,1],2,0].
[[2,6,1,1,1,1,2,2,1],1,2].
[[1,6,1,1,2,1,1,2,1],0,1].
[[2,6,1,1,1,1,1,1,1],0,1].
[[3,3,2,1,1,1,1,2,1],2,1].
[[3,3,2,0,0,0,1,1,1],3,0].
[[3,3,1,1,2,1,1,1,1],2,0].
[[1,7,2,1,2,1,2,2,0],1,0].
[[3,2,1,0,0,0,2,3,1],3,0].
[[2,7,2,0,0,0,1,1,0],1,0].
[[3,7,2,1,2,0,1,1,0],1,1].
[[3,6,0,1,2,0,1,2,0],0,2].
[[2,3,2,1,2,1,1,2,1],2,0].
[[2,8,1,1,1,0,1,1,0],0,1].
[[3,3,1,1,2,0,2,3,0],3,0].
[[2,6,1,1,2,1,1,2,0],2,1].
[[3,2,0,1,2,1,0,0,0],0,1].
[[3,6,1,1,2,0,1,1,0],1,0].
[[3,7,0,1,2,0,2,1,0],0,2].
[[2,3,1,0,0,0,2,2,1],1,0].
[[3,2,1,1,2,0,2,2,1],2,0].
[[2,6,0,1,2,1,2,1,1],1,4].
[[3,3,2,1,1,1,0,0,0],1,0].
[[3,6,0,1,2,0,0,0,0],1,4].
[[3,7,0,0,0,0,1,2,0],0,4].
[[1,8,1,1,1,1,1,1,1],0,2].
[[2,6,1,1,1,1,2,3,0],1,0].
[[3,2,0,0,0,0,2,3,0],0,1].
[[2,3,2,1,2,1,2,1,1],1,0].
[[3,3,0,0,0,0,0,0,0],0,1].
[[3,8,1,1,1,1,0,0,0],2,1].
[[3,4,0,1,2,0,2,2,1],0,2].
[[2,6,1,1,2,0,2,3,0],1,1].
[[2,3,1,0,0,0,1,2,1],2,1].
[[3,3,1,1,2,0,1,1,0],1,0].
[[1,3,2,0,0,0,2,1,1],2,0].
[[2,3,2,0,0,0,1,1,1],1,0].
[[3,6,0,0,0,0,1,2,0],0,3].
[[3,6,1,1,1,0,2,1,0],1,0].
[[2,6,1,1,2,0,2,2,0],1,0].
[[3,2,1,1,2,0,2,2,0],1,0].
[[3,3,1,1,1,1,1,1,1],1,0].
[[2,7,2,1,1,0,1,1,1],1,0].
[[3,3,2,1,1,0,1,1,1],1,0].
[[1,8,1,1,2,0,1,2,0],0,1].
[[2,7,2,1,2,0,1,2,0],0,1].
[[3,6,1,0,0,0,1,1,0],5,2].
[[3,6,1,1,1,1,2,1,0],3,0].
[[2,8,1,1,1,0,1,2,0],3,0].
[[2,6,0,0,0,0,1,2,1],1,1].
[[3,7,0,1,1,1,1,2,0],1,3].
[[2,9,2,1,1,0,2,2,0],0,3].
[[2,9,2,1,1,0,2,1,1],0,2].
[[1,7,2,1,2,0,1,2,1],0,2].
[[1,7,2,1,2,1,2,2,1],3,0].
[[2,9,2,1,1,0,2,2,1],1,1].
[[2,6,1,1,1,1,2,2,0],1,0].
[[2,7,2,1,2,1,1,1,0],1,1].
[[2,6,1,0,0,0,1,1,0],1,0].
[[2,7,2,1,2,1,2,1,0],1,0].
[[3,3,2,1,1,1,2,1,0],1,0].
[[3,6,1,1,1,0,0,0,0],1,0].
[[3,2,1,1,2,1,2,2,0],1,0].
[[1,7,1,1,2,1,2,3,0],0,1].
[[2,7,0,1,2,1,1,2,0],1,0].
[[3,6,1,1,1,0,2,2,1],1,2].
[[3,3,2,1,2,0,2,1,1],1,0].
[[3,6,1,1,1,0,2,1,1],2,1].
[[3,6,1,1,1,1,1,1,0],1,2].
[[3,3,0,1,2,1,2,2,1],0,1].
[[3,3,1,1,2,0,1,1,1],2,0].
[[2,7,2,1,2,0,1,1,1],3,1].
[[3,2,1,1,1,1,1,2,1],1,0].
[[2,6,1,1,1,1,1,2,1],0,1].
[[3,7,2,1,1,0,2,1,0],1,0].
[[2,3,1,0,0,0,2,2,0],1,0].
[[2,2,1,0,0,0,2,3,1],1,0].
[[3,2,1,0,0,0,2,3,0],1,0].
[[1,8,0,0,0,0,1,1,1],3,1].
[[2,7,2,1,2,0,2,3,0],4,0].
[[3,3,1,0,0,0,2,2,0],3,0].
[[3,6,0,1,1,1,1,1,0],0,1].
[[3,6,1,1,1,0,1,1,1],1,0].
[[2,3,1,0,0,0,2,1,1],1,0].
[[3,3,1,1,1,1,1,2,1],1,0].
[[2,9,2,1,1,0,0,0,0],0,1].
[[3,5,0,1,1,0,1,2,1],0,1].
[[1,6,0,0,0,0,2,2,1],0,1].
[[3,3,2,1,2,0,2,3,0],1,0].
[[2,1,1,1,2,0,1,1,0],1,0].
[[3,9,1,1,1,0,2,2,1],0,1].
[[3,3,2,1,1,1,2,1,1],1,0].
[[2,3,2,0,0,0,2,3,0],1,0].
[[2,3,1,0,0,0,2,1,0],1,0].
[[3,3,1,1,2,1,1,2,0],2,0].
[[2,9,2,1,1,0,1,1,1],1,0].
[[2,2,1,1,2,1,2,1,1],1,0].
[[3,7,1,1,1,0,2,1,0],0,1].
[[2,3,1,1,2,1,2,1,1],1,0].
[[2,3,1,0,0,0,1,1,1],1,0].
[[1,7,2,1,2,0,2,3,0],2,0].
[[3,9,1,1,1,0,2,1,1],0,1].
[[1,7,1,1,2,1,1,2,1],1,0].
[[2,1,1,1,2,0,1,1,1],1,0].
[[1,7,2,1,2,0,2,2,1],2,0].
[[3,3,1,0,0,0,1,1,1],1,0].
[[2,3,1,1,2,1,2,3,1],1,0].
