total_WL(17193,18657).
[[1,8,0,0,0,0,0,0,0],316,910].
[[2,8,0,1,2,1,2,2,0],84,224].
[[3,8,0,1,2,1,1,1,0],24,175].
[[1,8,1,1,2,0,2,3,1],32,19].
[[2,8,1,1,2,0,2,3,1],116,68].
[[3,8,1,1,2,0,1,1,0],29,27].
[[1,9,2,0,0,0,2,1,1],20,15].
[[2,8,0,0,0,0,2,1,1],9,2].
[[3,8,0,1,2,1,1,2,1],36,120].
[[1,9,2,1,2,1,2,2,2],121,258].
[[2,8,1,1,1,1,2,2,2],36,15].
[[3,8,1,1,1,1,1,2,2],155,81].
[[2,8,0,0,0,0,2,3,2],50,213].
[[3,8,0,1,2,1,2,3,2],26,162].
[[1,9,2,0,0,0,1,2,2],629,960].
[[2,9,2,0,0,0,1,2,2],263,658].
[[3,5,0,1,2,0,1,1,1],59,6].
[[1,9,2,0,0,0,2,1,0],305,612].
[[2,9,2,1,2,1,1,2,0],131,372].
[[3,8,0,1,2,1,1,2,0],87,316].
[[1,8,1,0,0,0,2,2,1],343,115].
[[2,8,1,0,0,0,2,3,0],133,79].
[[3,8,1,0,0,0,1,2,0],109,33].
[[1,9,2,1,2,1,1,2,1],44,60].
[[2,9,2,1,1,1,1,2,1],25,49].
[[3,5,0,1,1,1,1,2,1],78,5].
[[1,8,0,1,2,1,1,1,0],0,5].
[[2,8,0,1,2,1,1,1,0],15,45].
[[2,9,2,1,2,1,1,2,2],233,650].
[[3,9,2,1,2,1,1,2,2],80,574].
[[2,8,0,0,0,0,2,3,0],95,271].
[[3,8,0,1,2,1,2,3,0],38,341].
[[1,9,2,0,0,0,2,2,2],253,639].
[[2,8,0,0,0,0,2,2,2],57,205].
[[3,8,0,1,2,1,1,2,2],103,598].
[[1,9,2,0,0,0,2,1,2],256,543].
[[2,9,2,0,0,0,2,1,2],29,117].
[[3,9,2,1,2,1,2,3,0],9,173].
[[1,8,0,0,0,0,2,2,2],123,249].
[[2,8,0,0,0,0,1,2,2],101,274].
[[3,7,1,0,0,0,1,2,2],123,44].
[[1,8,1,1,2,1,2,3,2],190,62].
[[2,8,1,1,2,1,2,3,2],228,86].
[[3,8,1,1,1,1,1,2,0],81,24].
[[1,8,1,0,0,0,2,2,2],558,201].
[[2,8,1,0,0,0,2,2,2],273,109].
[[3,8,1,0,0,0,2,2,2],37,26].
[[1,8,1,1,2,1,0,0,0],264,175].
[[3,8,1,1,2,1,2,3,2],110,57].
[[3,9,2,1,1,1,1,2,2],19,231].
[[1,8,0,1,2,1,2,1,0],11,25].
[[2,6,0,1,2,1,2,1,0],2,2].
[[3,6,0,1,1,1,2,1,0],0,2].
[[1,8,1,0,0,0,2,3,1],787,294].
[[2,8,1,1,2,1,2,3,1],403,186].
[[3,8,1,1,2,1,1,2,2],480,232].
[[1,9,2,0,0,0,0,0,0],339,1209].
[[2,9,2,1,2,1,2,3,0],107,388].
[[3,9,2,1,1,1,2,3,0],8,84].
[[2,9,2,0,0,0,2,2,2],30,160].
[[3,8,0,0,0,0,2,2,2],10,71].
[[2,8,1,0,0,0,1,2,2],449,178].
[[3,7,2,1,2,1,1,2,2],173,36].
[[1,8,1,1,1,1,2,3,1],22,5].
[[2,8,1,1,1,1,2,3,1],80,34].
[[3,4,1,1,2,0,2,3,1],45,4].
[[1,9,2,0,0,0,2,2,0],420,928].
[[2,9,2,0,0,0,2,2,0],112,416].
[[3,8,1,0,0,0,2,2,0],58,39].
[[1,6,1,0,0,0,0,0,0],188,10].
[[2,6,1,0,0,0,2,2,2],48,2].
[[3,6,1,0,0,0,2,2,2],23,1].
[[1,9,2,1,2,1,1,2,0],84,132].
[[2,9,2,1,1,1,1,2,0],35,71].
[[3,4,1,1,2,0,1,2,0],71,17].
[[2,8,1,1,2,1,2,1,2],173,61].
[[3,8,1,1,1,1,1,1,2],54,37].
[[1,9,2,0,0,0,2,3,0],513,917].
[[3,8,0,1,2,1,2,2,0],39,390].
[[3,8,1,1,2,1,2,1,0],87,54].
[[2,9,2,0,0,0,2,1,0],83,298].
[[3,8,0,0,0,0,2,1,0],12,108].
[[1,8,1,0,0,0,1,2,2],303,110].
[[2,8,1,1,2,1,1,2,1],223,89].
[[3,8,1,1,1,1,1,2,1],111,60].
[[1,8,0,1,2,1,2,3,2],35,70].
[[2,8,0,1,1,1,2,3,2],11,26].
[[3,8,0,1,1,1,2,3,2],8,48].
[[3,8,0,1,1,1,1,2,2],34,177].
[[1,9,2,1,2,0,2,1,0],11,29].
[[2,9,2,1,2,0,1,2,0],25,89].
[[3,9,2,1,2,1,1,2,0],59,421].
[[2,9,2,1,2,0,1,2,2],53,155].
[[3,9,2,1,1,0,1,2,1],3,16].
[[1,5,0,0,0,0,1,2,0],18,2].
[[2,5,0,0,0,0,1,2,0],44,1].
[[3,5,0,1,2,1,1,2,0],194,11].
[[1,9,2,1,2,1,2,3,0],240,353].
[[1,9,2,1,2,1,2,3,2],119,317].
[[2,9,2,1,2,1,2,3,2],53,183].
[[3,9,2,1,2,1,1,1,2],29,230].
[[3,8,1,0,0,0,1,2,1],145,57].
[[1,9,2,1,2,0,2,3,2],14,38].
[[2,9,2,1,2,0,2,3,2],6,56].
[[3,9,2,1,2,0,1,2,2],24,185].
[[1,8,1,0,0,0,2,3,2],624,218].
[[1,8,1,0,0,0,0,0,0],857,524].
[[2,8,1,0,0,0,2,2,0],160,81].
[[2,8,1,0,0,0,2,3,1],456,191].
[[3,8,1,0,0,0,2,1,0],34,18].
[[2,9,2,1,2,1,2,1,0],79,297].
[[3,5,0,1,2,1,1,1,0],139,29].
[[2,8,1,1,2,1,0,0,0],89,104].
[[3,7,1,1,1,1,0,0,0],12,18].
[[2,8,1,1,2,1,2,2,1],161,60].
[[3,8,1,1,2,1,2,3,1],221,180].
[[1,5,0,1,2,1,1,1,1],19,1].
[[2,5,0,1,2,1,1,1,1],68,4].
[[3,5,0,1,2,1,1,1,1],163,7].
[[1,8,0,0,0,0,1,2,2],77,83].
[[3,5,0,0,0,0,1,2,0],69,3].
[[3,9,2,0,0,0,1,1,0],5,114].
[[1,6,0,0,0,0,0,0,0],10,27].
[[2,6,0,0,0,0,0,0,0],10,34].
[[3,6,0,0,0,0,0,0,0],3,17].
[[2,8,0,1,2,1,1,2,2],118,254].
[[2,7,1,1,2,1,0,0,0],86,74].
[[3,7,1,1,2,1,2,3,1],255,106].
[[1,9,2,1,2,1,1,2,2],283,345].
[[2,5,0,1,2,1,1,1,2],215,10].
[[3,5,0,1,2,1,1,2,2],72,2].
[[3,9,2,1,2,1,2,1,0],17,161].
[[1,9,2,1,2,0,1,1,0],1,9].
[[2,9,2,1,2,0,1,1,0],4,50].
[[3,9,2,1,2,0,1,1,0],6,88].
[[2,7,1,0,0,0,0,0,0],134,94].
[[3,7,1,0,0,0,0,0,0],28,37].
[[1,7,2,0,0,0,2,1,2],70,17].
[[2,7,2,0,0,0,1,2,2],103,18].
[[3,7,2,0,0,0,1,2,2],112,17].
[[2,8,1,0,0,0,2,2,1],169,65].
[[3,7,1,1,2,1,2,2,1],79,50].
[[2,9,2,0,0,0,1,2,0],131,310].
[[3,8,0,0,0,0,1,2,0],31,119].
[[2,8,1,0,0,0,2,3,2],292,115].
[[3,8,1,1,2,1,1,2,1],324,155].
[[1,7,1,0,0,0,2,1,2],53,11].
[[2,7,1,1,2,1,2,1,2],86,25].
[[3,7,1,1,2,1,1,2,2],258,87].
[[1,8,1,0,0,0,1,1,1],27,16].
[[2,7,1,0,0,0,1,1,1],9,3].
[[3,7,1,0,0,0,1,2,1],74,9].
[[3,8,0,0,0,0,1,2,2],41,255].
[[2,8,0,0,0,0,2,1,0],56,178].
[[3,8,0,1,2,0,2,3,0],10,99].
[[1,8,1,1,2,1,2,3,1],267,105].
[[3,8,1,1,1,1,2,3,1],78,64].
[[2,5,0,1,2,1,2,1,0],56,1].
[[3,5,0,1,2,1,2,1,0],68,2].
[[1,6,1,1,2,1,0,0,0],34,3].
[[2,6,1,1,2,1,0,0,0],52,3].
[[3,6,1,1,2,1,2,2,2],36,1].
[[2,8,0,1,2,1,0,0,0],54,302].
[[1,9,2,1,2,0,1,1,2],16,23].
[[2,5,0,1,2,0,1,1,2],45,6].
[[3,5,0,1,2,0,1,1,2],103,9].
[[1,5,0,1,2,1,1,1,2],48,3].
[[2,5,0,1,1,1,1,1,2],42,0].
[[3,5,0,1,1,1,1,1,2],132,6].
[[1,9,2,1,2,1,2,1,0],135,258].
[[2,9,2,1,2,1,2,2,2],31,171].
[[2,7,0,0,0,0,0,0,0],10,27].
[[3,7,1,1,2,1,2,1,2],132,42].
[[2,8,1,0,0,0,2,1,2],202,81].
[[3,8,1,1,2,1,2,1,2],75,34].
[[1,9,2,1,2,1,2,1,2],92,221].
[[2,9,2,1,2,1,1,1,2],117,237].
[[3,8,1,1,2,1,1,2,0],206,78].
[[1,8,1,0,0,0,2,3,0],185,62].
[[1,9,2,1,2,0,2,2,0],15,42].
[[2,8,1,1,2,0,2,2,1],32,28].
[[3,8,1,1,2,0,2,3,0],41,43].
[[2,8,1,1,2,1,2,3,0],114,65].
[[3,8,1,1,2,1,2,3,0],97,81].
[[1,9,2,1,2,1,2,2,0],186,335].
[[1,6,0,0,0,0,2,1,2],4,5].
[[2,2,0,0,0,0,2,1,2],0,1].
[[3,2,0,0,0,0,1,2,2],0,1].
[[2,8,1,1,2,0,2,1,0],30,19].
[[3,7,1,1,2,0,2,1,0],21,7].
[[1,8,1,0,0,0,2,1,2],491,185].
[[2,8,1,0,0,0,1,1,2],176,83].
[[3,8,1,0,0,0,1,1,2],85,49].
[[2,5,0,1,2,1,1,2,1],75,2].
[[3,5,0,1,2,1,1,2,1],239,4].
[[1,5,0,0,0,0,1,1,1],35,6].
[[2,5,0,1,2,0,1,1,1],17,4].
[[1,9,2,0,0,0,2,3,2],324,779].
[[2,9,2,1,2,1,2,3,1],88,255].
[[1,8,0,1,2,1,1,2,2],36,34].
[[2,7,1,1,2,1,1,2,2],55,18].
[[3,7,1,1,2,0,2,2,1],35,18].
[[1,8,1,0,0,0,2,1,0],129,40].
[[2,8,1,0,0,0,2,1,0],119,51].
[[3,7,1,1,2,1,2,1,0],66,18].
[[2,9,2,0,0,0,2,3,2],46,203].
[[3,9,2,0,0,0,1,2,2],25,226].
[[2,8,1,0,0,0,1,1,0],39,20].
[[3,8,1,0,0,0,1,1,0],38,23].
[[3,8,0,1,2,0,2,1,0],14,90].
[[3,7,1,0,0,0,2,3,2],91,23].
[[2,9,2,1,2,1,2,1,2],32,129].
[[3,9,2,1,2,1,2,3,1],10,92].
[[2,9,2,1,2,1,1,1,0],46,194].
[[3,8,1,1,2,1,2,2,0],115,86].
[[1,8,1,0,0,0,1,2,1],180,80].
[[3,8,1,1,1,1,1,1,0],38,20].
[[1,9,2,1,1,1,2,1,2],19,22].
[[2,9,2,1,1,1,2,1,2],7,35].
[[2,9,2,1,1,1,2,1,0],27,67].
[[3,8,0,1,1,1,2,1,0],10,87].
[[1,9,2,1,2,1,0,0,0],207,500].
[[3,9,1,1,2,1,1,2,0],21,59].
[[3,9,2,0,0,0,1,2,0],23,143].
[[3,8,0,1,2,0,1,2,0],19,83].
[[1,8,0,1,2,1,0,0,0],120,284].
[[3,8,0,1,1,1,2,3,0],16,119].
[[3,7,1,1,2,1,2,3,2],149,42].
[[1,9,2,1,1,1,2,3,1],26,20].
[[3,9,2,1,1,1,2,1,0],7,77].
[[2,8,1,1,2,0,2,2,2],64,30].
[[3,8,1,1,2,0,1,1,2],74,36].
[[2,8,1,1,2,0,2,3,0],35,15].
[[2,8,0,1,2,1,2,1,2],39,151].
[[2,6,1,1,2,1,1,2,1],13,2].
[[3,6,1,1,2,1,1,2,1],46,1].
[[3,7,1,0,0,0,2,1,0],25,21].
[[2,8,0,1,2,0,0,0,0],10,47].
[[3,8,0,1,2,0,2,2,1],3,12].
[[1,8,0,1,2,1,2,2,0],33,45].
[[2,7,0,1,2,1,2,2,0],0,11].
[[3,7,0,1,2,1,2,2,0],1,38].
[[1,9,2,1,2,1,1,1,2],135,138].
[[2,9,2,1,1,1,1,1,2],36,43].
[[3,9,2,1,1,1,1,1,2],14,72].
[[2,8,0,1,1,1,2,1,2],8,26].
[[3,8,0,1,1,1,1,1,2],12,72].
[[2,7,2,1,2,1,2,2,2],48,10].
[[3,7,2,1,2,1,2,2,2],81,14].
[[1,8,0,0,0,0,2,1,2],95,229].
[[2,8,0,0,0,0,2,1,2],56,180].
[[3,8,0,0,0,0,1,1,2],19,103].
[[1,9,2,0,0,0,1,1,2],308,378].
[[2,9,2,1,2,0,1,1,2],28,69].
[[3,8,0,1,2,0,1,1,2],13,71].
[[1,7,2,0,0,0,0,0,0],134,25].
[[2,3,2,0,0,0,0,0,0],26,0].
[[3,3,2,1,2,0,2,2,2],9,0].
[[2,9,2,1,2,1,2,1,1],4,9].
[[3,9,2,1,2,1,2,1,1],1,5].
[[1,8,1,0,0,0,1,1,2],149,56].
[[2,5,0,0,0,0,1,1,1],86,12].
[[3,5,0,0,0,0,1,1,1],86,8].
[[1,8,0,0,0,0,2,3,2],101,286].
[[1,9,2,1,1,1,2,2,0],29,29].
[[2,9,1,1,1,1,1,2,0],4,3].
[[2,8,1,1,2,1,2,1,0],89,34].
[[3,8,1,1,1,1,2,1,0],20,24].
[[1,9,2,0,0,0,1,1,0],74,151].
[[3,6,0,1,1,1,2,3,2],1,4].
[[2,7,2,1,2,1,0,0,0],32,4].
[[3,7,2,1,2,1,2,3,1],46,3].
[[1,8,0,0,0,0,2,2,0],94,162].
[[3,7,1,1,1,1,1,2,1],41,11].
[[1,6,1,0,0,0,2,3,1],37,1].
[[2,6,1,0,0,0,2,3,1],59,3].
[[3,6,1,1,2,0,2,3,1],23,2].
[[2,7,2,0,0,0,2,2,2],89,9].
[[3,7,2,1,2,0,2,2,2],23,7].
[[3,8,0,0,0,0,2,3,0],15,153].
[[2,5,0,1,2,0,1,2,0],8,2].
[[3,5,0,1,2,0,1,2,0],47,5].
[[2,8,1,1,2,1,2,2,0],152,70].
[[3,8,1,1,2,1,1,1,0],96,76].
[[2,9,2,0,0,0,1,1,0],59,187].
[[1,6,1,0,0,0,2,2,1],13,1].
[[2,6,1,0,0,0,1,2,1],16,3].
[[3,6,1,0,0,0,1,2,1],14,2].
[[1,8,1,1,2,1,2,2,0],72,19].
[[2,8,1,1,1,1,2,2,0],18,19].
[[3,7,1,1,1,1,2,2,0],10,11].
[[1,8,0,0,0,0,2,3,0],100,163].
[[2,7,1,0,0,0,2,3,0],39,10].
[[3,7,1,0,0,0,2,3,1],130,68].
[[1,9,2,0,0,0,1,2,0],184,302].
[[3,8,0,1,2,1,1,1,2],41,218].
[[2,8,1,1,2,1,1,1,2],160,66].
[[3,7,2,1,2,1,1,1,2],60,34].
[[1,9,2,0,0,0,2,3,1],333,644].
[[1,9,2,0,0,0,2,2,1],99,93].
[[2,8,0,0,0,0,2,2,1],17,34].
[[3,8,0,0,0,0,1,2,1],25,56].
[[1,7,1,0,0,0,0,0,0],229,84].
[[2,7,1,0,0,0,2,3,1],152,48].
[[2,9,2,0,0,0,1,1,2],110,237].
[[3,8,0,1,1,1,1,2,0],23,98].
[[2,8,1,1,2,1,1,1,1],32,9].
[[3,8,1,1,2,1,1,1,1],38,31].
[[2,9,2,1,2,1,2,2,0],119,431].
[[2,9,2,1,2,0,2,3,0],22,106].
[[3,9,2,1,1,0,2,1,0],1,20].
[[2,8,1,1,1,0,2,3,1],3,11].
[[3,6,1,1,1,0,2,3,1],4,1].
[[2,9,2,1,2,0,2,1,0],16,74].
[[2,7,1,1,2,0,2,2,2],12,9].
[[2,5,0,0,0,0,1,1,2],181,12].
[[3,5,0,1,2,1,1,1,2],377,12].
[[2,8,0,1,2,1,2,3,2],43,177].
[[3,6,0,1,2,1,2,3,2],4,26].
[[2,7,1,0,0,0,2,2,2],117,33].
[[3,7,1,0,0,0,2,2,2],98,30].
[[2,8,0,1,2,1,2,3,1],69,148].
[[3,8,0,1,2,1,2,3,1],64,204].
[[2,8,1,1,2,0,1,2,2],104,53].
[[3,8,1,1,1,0,1,2,2],31,36].
[[2,7,1,0,0,0,2,1,2],109,38].
[[2,8,0,1,2,0,1,2,2],18,39].
[[3,8,0,1,1,0,1,2,2],0,18].
[[3,8,1,1,1,1,2,2,0],32,35].
[[2,8,0,0,0,0,2,2,0],76,268].
[[3,6,0,0,0,0,2,2,0],0,21].
[[2,9,2,0,0,0,2,3,0],109,397].
[[2,8,1,1,2,1,1,2,2],328,135].
[[3,7,1,1,1,1,1,2,2],55,18].
[[2,9,2,0,0,0,1,2,1],87,141].
[[3,5,0,0,0,0,1,2,1],112,1].
[[3,8,1,1,1,1,2,1,1],6,5].
[[1,8,1,1,2,1,1,2,2],114,37].
[[2,6,0,1,2,1,2,2,0],5,6].
[[3,6,0,1,2,1,2,2,0],6,21].
[[1,9,2,0,0,0,1,2,1],121,128].
[[2,8,0,0,0,0,1,2,1],25,31].
[[3,7,1,1,2,0,2,3,1],76,41].
[[3,6,1,1,1,1,0,0,0],5,2].
[[3,8,1,1,2,0,2,2,2],40,15].
[[3,9,2,0,0,0,1,1,2],10,87].
[[1,8,1,1,2,0,2,1,0],4,4].
[[2,8,1,1,1,0,2,2,0],2,3].
[[3,8,1,1,1,0,2,2,0],6,9].
[[1,9,2,1,2,1,1,1,0],30,55].
[[3,8,1,0,0,0,2,3,2],51,25].
[[1,7,2,1,2,1,2,1,2],12,2].
[[2,7,2,1,1,1,2,1,2],3,2].
[[3,7,2,1,1,1,2,1,2],20,2].
[[2,8,0,1,2,1,1,1,2],60,86].
[[3,7,2,1,1,1,2,2,2],14,5].
[[2,8,1,1,2,1,2,2,2],194,82].
[[1,8,1,0,0,0,2,2,0],182,64].
[[2,8,1,1,2,0,1,2,0],28,13].
[[3,8,0,1,1,1,1,2,1],14,48].
[[3,8,0,1,2,1,2,1,2],10,119].
[[3,7,1,0,0,0,2,1,2],71,29].
[[3,8,1,0,0,0,2,2,1],28,15].
[[1,7,1,0,0,0,2,2,2],52,20].
[[2,3,1,0,0,0,2,2,2],7,0].
[[3,3,1,1,2,0,2,2,2],4,0].
[[3,8,0,1,2,0,1,2,2],28,162].
[[2,9,2,1,2,0,2,3,1],19,71].
[[3,9,2,1,2,0,1,2,1],19,54].
[[3,5,0,0,0,0,1,1,2],159,9].
[[2,9,2,1,2,0,2,2,0],17,118].
[[3,9,2,1,1,0,1,2,0],2,30].
[[3,9,2,1,2,1,2,2,0],20,219].
[[1,9,2,1,1,1,2,2,1],7,1].
[[2,8,0,1,1,1,2,2,1],4,4].
[[2,7,1,1,2,0,2,3,1],18,12].
[[3,7,1,1,1,0,2,3,1],8,10].
[[3,8,1,1,2,1,1,1,2],194,105].
[[3,6,1,0,0,0,1,2,0],8,0].
[[3,9,2,1,2,1,1,1,0],24,246].
[[2,8,1,0,0,0,0,0,0],95,107].
[[3,7,2,0,0,0,2,3,1],31,2].
[[1,8,1,1,2,1,2,1,2],175,62].
[[3,8,0,1,2,0,2,2,0],4,105].
[[1,8,0,0,0,0,2,2,1],23,22].
[[2,7,1,0,0,0,2,2,1],60,17].
[[3,7,1,1,2,0,1,2,1],46,21].
[[3,9,2,1,2,0,1,2,0],12,146].
[[2,8,1,1,2,0,1,1,1],8,8].
[[2,7,2,0,0,0,2,1,2],80,11].
[[3,7,2,1,2,0,2,1,2],26,9].
[[1,8,1,1,2,0,0,0,0],37,28].
[[3,8,1,1,2,0,2,1,0],42,21].
[[1,7,1,0,0,0,2,3,1],45,16].
[[2,8,0,0,0,0,0,0,0],51,328].
[[3,7,1,0,0,0,2,2,1],35,18].
[[2,8,0,1,2,1,2,3,0],89,233].
[[2,8,0,1,2,1,2,2,2],55,180].
[[3,8,0,1,1,1,2,2,2],9,36].
[[3,8,1,1,2,0,2,2,0],40,41].
[[1,9,2,1,1,1,0,0,0],35,42].
[[3,8,1,1,2,0,1,2,1],109,56].
[[3,8,1,1,2,0,2,3,2],45,24].
[[2,7,1,1,2,1,2,2,0],35,6].
[[3,7,1,1,2,1,2,2,0],89,34].
[[1,7,1,0,0,0,2,2,0],9,0].
[[2,7,1,0,0,0,1,2,0],10,1].
[[3,7,1,1,2,0,1,2,0],19,2].
[[3,8,1,1,1,1,2,3,0],30,31].
[[1,8,0,1,2,1,2,3,1],25,31].
[[2,7,1,1,2,0,0,0,0],18,21].
[[3,7,1,1,2,1,0,0,0],66,65].
[[3,9,2,1,1,1,1,2,0],19,197].
[[2,8,1,0,0,0,1,2,0],82,38].
[[2,5,0,1,2,1,1,1,0],42,10].
[[3,5,0,1,1,1,1,1,0],45,21].
[[2,7,2,1,2,1,1,2,2],68,9].
[[3,7,0,0,0,0,2,3,2],4,19].
[[3,8,1,1,2,0,2,3,1],86,76].
[[2,6,1,0,0,0,0,0,0],85,2].
[[3,6,1,0,0,0,2,3,2],22,0].
[[1,8,0,0,0,0,2,3,1],92,102].
[[2,6,0,0,0,0,2,3,1],5,6].
[[3,6,0,1,2,1,2,3,1],7,22].
[[3,8,0,1,2,1,2,1,0],28,251].
[[2,3,1,0,0,0,0,0,0],29,2].
[[3,3,1,1,2,1,0,0,0],31,5].
[[2,8,1,1,1,1,2,1,0],15,9].
[[3,7,1,1,1,1,2,1,0],17,11].
[[3,8,0,1,2,1,2,2,2],18,157].
[[3,9,2,1,2,0,2,3,0],7,62].
[[1,7,2,0,0,0,1,2,2],33,9].
[[2,7,2,1,2,1,1,1,2],26,14].
[[3,3,2,1,2,1,1,1,2],12,0].
[[3,5,0,0,0,0,1,2,2],30,1].
[[3,9,2,1,2,1,2,2,1],0,31].
[[3,8,0,0,0,0,2,3,2],10,61].
[[1,8,0,0,0,0,1,2,0],18,15].
[[3,7,1,1,2,1,1,2,0],59,9].
[[3,8,1,1,1,1,2,2,2],34,16].
[[2,6,1,1,2,1,2,1,2],25,2].
[[3,6,1,1,2,1,1,1,2],25,2].
[[2,7,2,1,2,1,2,3,1],26,3].
[[3,7,2,1,1,1,2,3,1],15,1].
[[3,2,1,1,2,1,0,0,0],10,0].
[[3,3,1,0,0,0,2,2,1],6,0].
[[1,8,1,1,2,0,2,3,2],33,22].
[[2,6,1,1,2,0,2,3,2],7,3].
[[3,2,1,1,2,0,2,3,2],1,0].
[[1,8,1,1,2,1,2,3,0],57,17].
[[2,7,1,1,2,1,2,3,0],27,6].
[[3,7,1,1,2,1,1,1,0],25,7].
[[2,9,2,0,0,0,0,0,0],16,105].
[[3,8,0,1,2,1,0,0,0],1,105].
[[3,7,1,0,0,0,1,1,2],36,31].
[[2,8,0,1,2,1,1,2,0],58,58].
[[1,9,2,1,2,0,2,3,1],13,40].
[[2,8,0,1,2,0,2,3,1],8,28].
[[3,7,0,1,2,0,2,3,1],2,8].
[[1,9,2,1,2,1,2,2,1],48,35].
[[2,9,2,1,2,1,2,2,1],24,49].
[[3,6,1,1,2,1,2,3,2],44,1].
[[2,8,0,1,1,1,0,0,0],11,39].
[[2,8,1,1,2,1,2,1,1],37,10].
[[1,9,2,1,2,0,2,3,0],12,47].
[[2,8,0,1,2,0,2,3,0],4,39].
[[3,7,1,1,1,1,2,3,1],72,36].
[[3,7,2,1,2,0,1,2,2],81,14].
[[1,8,1,0,0,0,1,1,0],10,12].
[[2,8,1,1,2,0,1,1,0],6,7].
[[3,7,1,1,2,0,1,1,0],5,5].
[[2,9,2,0,0,0,2,3,1],101,263].
[[3,8,0,0,0,0,2,3,1],22,95].
[[3,8,1,1,1,0,2,3,1],10,27].
[[2,9,2,1,2,1,1,2,1],88,126].
[[3,9,2,1,1,1,1,2,1],32,76].
[[3,9,1,1,1,1,1,1,0],9,14].
[[3,8,0,1,1,1,2,1,2],5,36].
[[1,7,2,0,0,0,2,2,2],84,11].
[[1,8,1,0,0,0,2,1,1],64,22].
[[1,8,1,1,2,1,2,2,1],108,32].
[[1,6,1,0,0,0,2,1,2],39,3].
[[2,6,1,1,2,0,2,1,2],6,1].
[[3,6,1,1,1,0,2,3,2],3,0].
[[1,8,1,1,2,1,1,1,2],57,16].
[[2,8,1,1,2,0,2,3,2],68,39].
[[3,7,1,1,2,0,2,3,2],41,18].
[[1,9,2,1,2,1,2,3,1],147,245].
[[3,9,2,1,1,1,1,1,0],8,101].
[[3,9,2,0,0,0,1,2,1],16,63].
[[2,9,2,1,2,1,0,0,0],22,121].
[[3,5,0,1,2,1,2,2,0],44,0].
[[3,8,1,1,2,0,1,2,2],192,94].
[[2,8,1,0,0,0,1,2,1],252,106].
[[3,7,1,1,2,1,1,2,1],157,29].
[[2,7,1,1,2,1,2,3,1],107,38].
[[3,8,1,1,2,0,2,2,1],19,23].
[[3,8,1,0,0,0,2,3,1],92,59].
[[2,6,0,0,0,0,1,2,2],6,2].
[[3,3,1,0,0,0,1,2,2],15,1].
[[3,7,1,1,2,1,2,2,2],167,46].
[[3,8,0,1,1,1,2,1,1],3,5].
[[1,7,2,0,0,0,2,3,2],102,12].
[[3,7,0,1,2,1,2,3,2],7,30].
[[3,7,1,0,0,0,1,1,1],12,4].
[[3,8,0,1,2,1,2,2,1],20,37].
[[3,8,1,0,0,0,1,2,2],236,90].
[[3,7,1,1,2,1,1,1,2],126,44].
[[2,7,2,0,0,0,0,0,0],61,13].
[[3,7,2,1,2,1,0,0,0],17,4].
[[2,9,2,1,1,1,2,2,2],25,31].
[[3,7,0,1,2,1,1,2,2],14,55].
[[3,6,1,1,2,1,1,2,2],59,3].
[[1,8,1,1,2,1,2,2,2],160,61].
[[2,7,1,1,2,1,2,2,2],79,27].
[[3,7,1,1,1,1,2,2,2],35,20].
[[2,8,1,1,2,0,2,1,1],12,6].
[[3,5,0,1,1,0,1,2,1],7,6].
[[2,7,2,1,2,1,2,1,2],57,9].
[[3,3,2,1,2,1,2,1,2],22,0].
[[2,8,0,1,2,1,2,2,1],26,18].
[[3,7,0,1,2,1,2,2,1],3,5].
[[2,9,2,1,1,0,1,2,2],3,18].
[[1,7,2,1,2,1,1,2,2],6,1].
[[3,6,1,1,2,1,2,2,0],23,1].
[[2,9,2,1,1,1,1,2,2],81,119].
[[2,9,2,1,2,0,2,1,2],2,33].
[[3,8,1,1,1,0,2,1,2],2,7].
[[2,9,2,1,1,1,2,2,1],12,9].
[[3,4,1,1,2,0,2,2,1],9,0].
[[2,7,1,1,2,1,2,3,2],73,28].
[[2,7,0,1,2,1,0,0,0],7,36].
[[3,7,0,1,2,1,0,0,0],7,50].
[[3,7,0,1,1,1,2,2,2],1,7].
[[1,6,1,1,2,1,2,3,1],10,0].
[[2,6,1,1,2,1,2,3,1],49,0].
[[3,6,1,1,2,1,2,3,1],72,3].
[[3,8,0,1,2,0,2,1,2],6,24].
[[3,9,2,1,2,1,1,2,1],64,183].
[[2,9,2,1,2,0,1,2,1],12,38].
[[3,8,0,0,0,0,2,1,2],12,51].
[[3,5,0,1,2,1,2,3,0],90,3].
[[1,9,2,1,2,0,2,2,2],7,40].
[[3,9,2,1,2,0,2,3,2],1,10].
[[1,8,0,0,0,0,1,1,2],41,47].
[[3,7,2,1,2,1,1,2,1],30,1].
[[1,9,2,1,1,1,1,2,2],35,34].
[[2,8,0,1,1,1,2,3,1],15,23].
[[3,8,0,1,1,1,2,3,1],16,83].
[[2,8,1,0,0,0,2,1,1],39,12].
[[3,8,1,1,2,0,2,1,1],5,7].
[[1,9,2,1,2,0,1,2,1],8,7].
[[2,8,0,1,2,0,1,2,1],5,5].
[[2,7,1,0,0,0,2,3,2],122,39].
[[1,8,1,1,2,1,1,2,1],68,22].
[[2,7,1,1,2,1,1,2,1],34,8].
[[2,8,0,0,0,0,1,1,2],48,112].
[[3,7,1,1,2,0,0,0,0],13,15].
[[3,9,2,1,1,0,1,1,0],0,15].
[[1,9,2,1,1,1,2,2,2],21,22].
[[3,3,1,1,2,0,0,0,0],6,1].
[[1,7,2,1,2,1,2,3,2],25,3].
[[2,7,2,1,1,1,2,3,2],11,1].
[[3,7,2,1,1,1,1,2,2],59,7].
[[3,3,1,1,2,1,2,1,2],28,1].
[[1,9,2,1,2,0,2,1,2],9,28].
[[2,8,0,1,2,0,2,1,2],6,24].
[[3,8,0,1,1,0,2,1,2],1,9].
[[3,9,2,1,2,0,1,1,2],8,65].
[[2,5,0,0,0,0,2,1,0],39,1].
[[1,7,1,0,0,0,1,2,2],7,0].
[[3,3,1,1,2,1,1,2,2],21,2].
[[2,8,0,0,0,0,1,2,0],33,77].
[[2,8,1,1,1,1,1,2,2],75,22].
[[3,4,1,1,2,0,1,2,2],106,18].
[[3,8,1,1,2,0,1,1,1],12,10].
[[3,9,2,1,1,0,1,2,2],2,41].
[[2,7,1,0,0,0,1,2,2],69,28].
[[3,7,1,1,2,1,2,3,0],79,35].
[[2,8,1,1,2,0,0,0,0],16,31].
[[2,8,0,1,1,1,2,3,0],23,29].
[[2,5,0,0,0,0,2,2,0],20,0].
[[3,5,0,0,0,0,1,1,0],45,12].
[[2,8,0,1,2,0,1,1,2],8,22].
[[2,8,1,1,2,0,1,2,1],57,37].
[[2,8,0,1,2,0,2,1,0],13,31].
[[3,8,0,1,1,0,1,1,0],0,9].
[[2,9,2,1,2,0,2,2,2],5,41].
[[2,4,1,1,2,0,1,2,2],23,3].
[[2,7,1,0,0,0,1,2,1],40,10].
[[1,8,1,0,0,0,1,2,0],42,9].
[[3,7,2,1,1,1,2,3,2],28,6].
[[2,8,0,0,0,0,2,3,1],74,173].
[[3,7,0,1,2,1,2,3,1],5,22].
[[2,9,2,1,2,0,0,0,0],1,38].
[[3,9,2,1,2,0,2,1,0],5,51].
[[2,6,0,1,2,1,0,0,0],7,16].
[[3,6,0,1,1,1,0,0,0],1,3].
[[1,7,1,1,2,1,0,0,0],34,10].
[[2,7,2,1,2,0,2,1,0],1,0].
[[3,9,2,1,2,1,2,3,2],4,26].
[[3,6,0,0,0,0,2,3,2],1,14].
[[3,6,0,1,2,0,2,1,0],2,6].
[[1,5,0,0,0,0,2,3,0],52,1].
[[2,5,0,1,2,0,1,2,1],10,5].
[[3,5,0,1,2,0,1,2,1],73,7].
[[3,5,0,1,1,1,1,2,2],20,1].
[[2,7,0,0,0,0,2,2,2],4,12].
[[3,7,0,1,2,1,2,2,2],8,42].
[[2,9,2,1,1,1,2,2,0],43,66].
[[3,8,0,1,1,1,2,2,0],4,128].
[[2,5,0,1,1,1,1,2,2],2,0].
[[1,2,1,0,0,0,0,0,0],5,0].
[[2,2,1,1,2,1,0,0,0],6,0].
[[2,8,1,1,1,1,1,2,1],45,16].
[[2,9,2,1,1,1,2,3,2],20,35].
[[3,8,1,1,2,1,2,2,2],101,46].
[[1,8,1,1,1,1,2,3,0],4,1].
[[2,8,1,1,1,1,2,3,0],25,12].
[[3,7,1,1,1,1,2,3,0],23,13].
[[2,8,1,1,2,0,2,1,2],47,30].
[[2,8,0,1,1,1,1,2,2],17,23].
[[3,5,0,1,1,1,1,1,1],61,5].
[[3,8,1,1,1,1,2,2,1],28,32].
[[3,3,1,0,0,0,2,2,2],14,0].
[[1,8,0,1,2,1,1,1,2],20,17].
[[2,6,1,0,0,0,1,2,0],4,0].
[[3,9,2,1,2,0,2,2,0],7,90].
[[3,8,0,1,1,0,2,1,0],1,13].
[[2,9,2,1,1,1,0,0,0],6,23].
[[3,9,2,1,1,1,0,0,0],0,6].
[[3,8,0,1,1,1,2,2,1],6,12].
[[3,8,1,1,1,0,2,1,0],6,8].
[[2,7,1,0,0,0,2,1,0],24,5].
[[3,7,2,0,0,0,2,2,0],11,2].
[[3,8,1,1,1,0,1,1,2],8,19].
[[3,9,2,0,0,0,2,3,1],8,47].
[[3,7,2,0,0,0,2,3,2],48,5].
[[3,7,2,1,2,1,2,1,2],71,6].
[[1,8,1,1,2,0,1,1,2],3,5].
[[2,7,1,1,2,0,1,1,2],3,4].
[[3,7,1,1,2,0,1,1,2],32,12].
[[2,9,2,1,1,1,2,3,0],45,85].
[[3,7,1,1,2,0,2,2,2],35,16].
[[3,6,0,1,2,1,1,2,2],8,27].
[[1,9,2,1,1,1,2,1,0],29,23].
[[2,4,1,1,2,0,2,1,0],9,2].
[[3,4,1,1,2,0,2,1,0],32,6].
[[3,6,1,1,2,1,2,2,1],36,0].
[[3,6,1,1,2,1,2,1,2],38,5].
[[2,7,2,0,0,0,2,3,2],103,14].
[[3,7,2,0,0,0,2,1,2],35,9].
[[3,6,0,1,1,1,2,1,2],1,3].
[[3,8,0,1,1,1,0,0,0],0,30].
[[2,8,1,1,1,1,2,3,2],56,11].
[[3,8,1,1,2,0,1,2,0],78,24].
[[2,8,0,1,2,1,1,2,1],23,29].
[[3,7,1,0,0,0,2,2,0],41,9].
[[3,7,0,1,2,1,1,2,0],1,20].
[[3,6,0,1,2,1,0,0,0],3,27].
[[2,8,0,1,2,1,2,1,0],44,157].
[[2,6,1,0,0,0,2,1,1],6,0].
[[3,7,0,1,2,1,1,1,0],0,16].
[[3,7,1,0,0,0,1,2,0],25,3].
[[3,8,0,1,2,0,1,2,1],10,37].
[[3,9,2,1,1,1,2,2,0],6,97].
[[3,3,1,1,2,1,2,3,1],35,3].
[[1,8,1,1,1,1,2,2,2],26,3].
[[2,7,1,0,0,0,2,2,0],30,5].
[[3,7,1,1,2,0,2,2,0],31,13].
[[2,8,1,1,2,1,1,2,0],73,19].
[[3,7,2,1,2,1,1,2,0],16,0].
[[3,9,2,0,0,0,2,2,0],8,92].
[[3,8,0,1,2,0,1,1,0],4,42].
[[1,5,0,1,1,1,1,1,2],10,0].
[[1,7,2,0,0,0,1,1,2],13,10].
[[2,7,2,0,0,0,1,1,2],35,31].
[[3,7,2,0,0,0,1,1,1],0,2].
[[2,5,0,0,0,0,1,2,2],18,0].
[[2,7,1,1,2,1,2,2,1],44,13].
[[3,6,1,1,1,0,2,1,2],0,2].
[[1,5,0,0,0,0,1,2,1],21,2].
[[2,5,0,0,0,0,1,2,1],87,4].
[[2,7,1,1,2,1,2,1,1],9,3].
[[2,9,2,0,0,0,2,2,1],21,52].
[[3,8,0,1,1,1,1,1,0],9,43].
[[2,6,1,0,0,0,2,1,2],41,2].
[[3,6,1,0,0,0,2,1,2],10,0].
[[1,9,2,1,1,1,1,2,1],3,8].
[[3,4,1,1,2,0,2,2,2],22,3].
[[3,6,1,0,0,0,2,3,1],37,0].
[[3,7,1,0,0,0,2,3,0],35,15].
[[3,9,2,0,0,0,2,3,2],2,8].
[[2,6,0,1,2,1,2,2,2],1,6].
[[3,6,0,1,2,1,2,2,2],0,18].
[[2,7,2,0,0,0,2,3,1],40,3].
[[3,7,2,0,0,0,1,1,2],45,27].
[[3,8,0,1,2,0,2,3,1],22,61].
[[1,5,0,1,2,1,1,1,0],6,0].
[[3,7,1,1,1,1,2,3,2],46,14].
[[2,7,2,0,0,0,1,2,0],4,0].
[[3,8,1,1,1,1,2,1,2],29,12].
[[3,6,0,1,2,1,2,1,0],2,18].
[[1,8,0,1,2,1,2,1,2],44,78].
[[2,6,0,1,2,1,2,1,2],1,12].
[[3,9,1,1,1,1,1,2,0],9,24].
[[3,6,0,1,2,1,1,1,2],3,12].
[[3,6,1,1,1,1,1,2,2],22,0].
[[3,7,0,0,0,0,2,2,2],2,14].
[[3,7,2,1,2,1,2,2,0],11,2].
[[1,9,2,1,2,1,2,1,1],7,8].
[[2,9,2,1,1,1,1,1,1],4,2].
[[3,9,2,1,1,1,1,1,1],1,2].
[[3,5,0,1,1,1,1,2,0],72,8].
[[3,8,1,1,2,0,2,1,2],25,21].
[[2,3,2,0,0,0,2,3,2],20,0].
[[3,3,2,0,0,0,2,3,2],15,0].
[[3,3,2,1,2,1,2,3,2],26,0].
[[1,6,1,0,0,0,2,2,2],33,1].
[[3,6,1,1,2,0,2,2,2],14,0].
[[2,7,1,1,2,1,1,2,0],5,3].
[[1,8,0,0,0,0,2,1,0],64,87].
[[2,7,1,1,2,0,2,2,0],13,4].
[[3,4,1,1,2,0,1,2,1],58,13].
[[1,7,1,1,2,1,2,1,2],11,1].
[[3,7,0,1,2,1,2,3,0],5,64].
[[3,7,2,0,0,0,0,0,0],7,1].
[[3,7,0,0,0,0,0,0,0],1,22].
[[3,8,1,1,1,0,1,2,0],8,13].
[[3,8,1,0,0,0,2,1,2],34,16].
[[2,7,1,1,2,0,1,1,0],0,1].
[[3,9,1,1,2,0,1,2,0],3,15].
[[1,7,1,0,0,0,2,3,2],49,26].
[[2,3,1,0,0,0,2,3,2],5,0].
[[3,3,1,1,2,1,2,3,2],28,2].
[[2,6,1,1,2,1,2,2,1],16,0].
[[3,3,1,1,2,1,2,2,1],15,1].
[[1,8,0,1,2,1,2,3,0],39,46].
[[2,8,0,1,1,1,1,2,0],9,11].
[[2,7,2,0,0,0,2,1,0],9,0].
[[3,7,2,0,0,0,2,2,2],45,6].
[[2,3,2,1,2,0,2,2,2],5,0].
[[3,3,2,1,2,0,2,3,1],8,0].
[[3,6,1,1,2,1,2,3,0],16,0].
[[2,8,1,1,1,0,1,1,0],0,3].
[[3,8,1,1,1,0,1,1,0],7,11].
[[2,5,0,1,2,1,1,2,0],68,7].
[[2,7,1,1,2,0,1,2,2],11,3].
[[2,7,2,1,2,0,1,2,2],21,4].
[[2,7,2,0,0,0,1,2,1],14,2].
[[1,7,2,1,2,0,2,2,2],6,2].
[[1,8,1,1,1,1,2,3,2],19,6].
[[1,8,1,1,2,1,1,2,0],9,5].
[[3,3,2,1,2,0,1,2,2],11,0].
[[3,8,0,0,0,0,1,1,0],18,67].
[[1,8,0,1,2,1,2,2,2],30,76].
[[2,9,2,1,1,1,1,1,0],20,23].
[[3,7,2,0,0,0,1,1,0],7,0].
[[3,7,2,1,2,1,2,3,2],76,13].
[[3,7,1,1,2,0,2,1,2],50,15].
[[2,5,0,1,2,1,1,2,2],18,1].
[[1,9,2,1,2,0,1,2,2],18,42].
[[2,8,0,1,2,0,2,2,0],12,42].
[[3,6,0,1,2,0,2,2,0],1,6].
[[2,5,0,1,1,1,1,2,1],15,1].
[[3,8,1,1,2,1,2,2,1],54,62].
[[3,8,1,0,0,0,2,3,0],55,40].
[[3,7,1,1,2,0,1,2,2],79,33].
[[1,7,2,0,0,0,2,3,1],20,4].
[[2,8,1,1,1,1,1,2,0],15,7].
[[3,8,0,1,2,0,2,3,2],6,51].
[[2,7,1,1,2,0,2,1,2],14,5].
[[3,7,1,1,1,0,2,1,2],5,3].
[[3,8,1,1,2,1,2,1,1],17,17].
[[1,8,1,1,2,0,1,2,2],13,10].
[[2,8,1,1,1,0,1,2,2],6,10].
[[3,7,1,1,1,0,1,2,2],10,8].
[[2,7,1,0,0,0,1,1,2],28,16].
[[1,8,0,1,2,1,1,2,0],7,6].
[[1,8,1,1,2,0,2,2,2],16,29].
[[1,8,1,1,2,0,2,1,1],6,2].
[[2,7,2,1,2,0,2,3,2],22,7].
[[3,7,2,1,2,1,2,3,0],8,0].
[[1,3,2,0,0,0,0,0,0],30,0].
[[2,3,2,1,2,0,0,0,0],7,0].
[[3,3,2,1,2,0,2,3,2],11,0].
[[2,8,1,1,2,0,1,1,2],45,26].
[[2,8,0,1,1,1,2,2,0],13,29].
[[2,7,1,1,2,0,2,3,2],14,4].
[[2,6,0,0,0,0,1,1,2],2,2].
[[3,7,2,1,1,0,2,3,2],7,3].
[[2,7,1,1,1,1,2,2,2],9,0].
[[2,8,1,1,2,0,2,2,0],43,28].
[[1,6,1,0,0,0,1,1,1],2,0].
[[2,6,1,0,0,0,1,1,1],3,1].
[[3,3,2,0,0,0,1,1,1],1,0].
[[3,7,2,1,1,0,1,2,2],15,7].
[[3,9,2,0,0,0,2,1,0],5,66].
[[2,3,1,1,2,1,0,0,0],13,3].
[[3,3,1,1,1,1,2,3,1],10,1].
[[3,7,0,1,1,1,1,2,0],1,2].
[[3,9,2,1,1,1,2,1,2],0,9].
[[1,8,1,1,2,0,1,2,1],14,9].
[[3,6,1,1,1,1,2,1,0],5,0].
[[1,7,2,1,2,1,0,0,0],19,2].
[[2,3,2,1,2,1,0,0,0],10,0].
[[3,3,2,1,2,1,0,0,0],14,0].
[[3,6,0,0,0,0,2,3,1],6,13].
[[3,3,2,1,2,0,0,0,0],12,0].
[[3,8,0,0,0,0,2,2,0],10,181].
[[2,9,2,1,1,0,2,3,0],1,8].
[[3,8,0,1,1,0,2,3,0],0,12].
[[3,9,2,1,1,0,2,3,0],0,15].
[[3,7,0,1,2,0,1,2,2],3,11].
[[2,7,1,0,0,0,2,1,1],16,3].
[[3,3,1,0,0,0,2,1,1],1,0].
[[2,6,1,0,0,0,2,3,2],50,3].
[[1,8,1,1,1,1,1,2,1],9,4].
[[2,7,1,1,1,1,1,2,1],4,0].
[[3,7,1,1,1,1,1,2,0],9,3].
[[2,9,2,1,1,1,2,3,1],29,47].
[[3,4,1,1,2,0,2,2,0],28,12].
[[1,7,1,1,2,1,2,3,1],18,1].
[[3,3,1,1,2,1,1,2,1],12,1].
[[1,5,0,0,0,0,2,1,0],32,1].
[[3,6,1,0,0,0,0,0,0],10,3].
[[3,6,0,1,2,0,1,2,2],2,6].
[[2,8,1,1,1,1,2,1,2],34,11].
[[3,7,1,1,1,1,2,1,2],37,8].
[[3,9,2,0,0,0,2,2,1],2,10].
[[2,5,0,0,0,0,2,3,0],77,3].
[[3,5,0,0,0,0,2,3,0],43,1].
[[3,7,2,1,2,0,2,3,2],37,8].
[[3,9,2,0,0,0,2,3,0],6,84].
[[2,9,2,1,1,0,2,2,2],1,4].
[[3,8,0,1,1,0,2,2,2],0,6].
[[1,9,2,0,0,0,1,1,1],7,12].
[[3,9,1,1,2,1,1,1,0],11,44].
[[1,9,2,1,2,0,0,0,0],18,64].
[[3,6,0,1,2,0,0,0,0],0,5].
[[3,3,1,1,2,0,1,1,2],6,0].
[[2,8,1,0,0,0,1,1,1],29,12].
[[2,9,2,1,1,0,1,1,0],0,3].
[[2,6,0,0,0,0,2,3,2],3,17].
[[3,3,1,0,0,0,2,3,2],15,1].
[[3,6,1,1,1,1,1,1,2],10,0].
[[2,7,1,1,2,0,2,1,0],2,1].
[[3,7,0,1,2,0,2,1,0],0,8].
[[3,8,1,1,2,1,0,0,0],2,16].
[[2,8,0,1,2,1,2,1,1],4,7].
[[3,8,0,1,2,1,2,1,1],3,5].
[[2,7,2,1,2,0,0,0,0],7,5].
[[1,5,0,0,0,0,1,1,2],123,5].
[[2,5,0,1,2,0,1,1,0],10,8].
[[3,5,0,1,2,0,1,1,0],37,14].
[[1,6,1,1,2,1,2,1,2],16,0].
[[2,3,1,1,2,1,2,1,2],4,1].
[[1,8,1,1,2,0,2,2,1],9,16].
[[3,8,1,1,1,0,1,2,1],11,19].
[[3,4,1,1,2,0,2,1,2],21,2].
[[3,7,2,1,2,0,2,1,0],4,0].
[[1,9,2,1,1,1,2,3,2],24,27].
[[3,7,1,1,1,1,1,1,2],19,16].
[[3,7,0,1,1,1,2,2,0],6,10].
[[3,3,2,0,0,0,1,2,2],25,0].
[[2,6,0,0,0,0,2,2,2],5,9].
[[3,2,0,1,2,1,2,2,2],0,1].
[[3,6,1,1,1,1,2,2,0],8,1].
[[3,7,0,1,1,1,2,3,0],1,9].
[[1,8,1,1,2,0,2,1,2],29,15].
[[2,7,2,1,2,0,2,1,2],25,5].
[[3,7,2,1,2,0,1,1,2],30,15].
[[2,6,1,1,2,0,2,3,0],2,2].
[[3,6,1,1,1,0,2,2,1],1,2].
[[3,3,2,1,1,1,0,0,0],3,0].
[[1,8,1,1,2,1,1,1,1],9,7].
[[1,8,1,1,2,1,2,1,1],25,8].
[[1,9,2,1,2,0,1,2,0],8,16].
[[2,8,1,1,1,0,1,2,0],0,3].
[[3,4,0,1,2,0,1,2,0],0,4].
[[3,6,1,0,0,0,1,2,2],33,1].
[[1,6,1,0,0,0,2,3,2],33,2].
[[2,6,1,0,0,0,1,2,2],31,0].
[[2,9,2,0,0,0,1,1,1],9,3].
[[3,9,2,0,0,0,1,1,1],3,3].
[[3,8,1,0,0,0,1,1,1],18,6].
[[3,3,1,0,0,0,0,0,0],22,2].
[[2,8,1,1,1,1,2,2,1],28,11].
[[2,6,0,1,2,1,1,2,2],3,1].
[[3,7,2,1,2,0,0,0,0],9,2].
[[3,7,2,1,1,1,1,1,2],23,10].
[[2,7,1,1,1,1,2,3,0],3,0].
[[3,7,2,1,2,0,2,3,1],21,4].
[[2,7,2,0,0,0,2,2,0],9,1].
[[2,9,1,1,2,0,1,1,0],1,4].
[[3,7,1,1,2,0,2,3,0],23,12].
[[2,8,1,1,1,0,0,0,0],2,3].
[[3,4,0,1,2,0,2,2,2],0,3].
[[2,9,1,0,0,0,1,2,0],6,20].
[[3,9,1,0,0,0,1,2,0],4,26].
[[2,6,0,0,0,0,2,1,2],3,13].
[[3,6,0,0,0,0,2,1,2],1,8].
[[3,7,2,1,1,0,2,2,2],3,5].
[[1,8,1,1,1,1,2,2,0],8,1].
[[2,1,1,1,2,0,1,1,0],1,0].
[[3,1,1,1,2,0,1,1,0],3,0].
[[1,7,1,0,0,0,2,2,1],30,7].
[[2,7,1,1,2,0,2,2,1],7,3].
[[3,6,0,1,2,1,2,3,0],3,30].
[[3,5,0,1,2,0,1,2,2],26,2].
[[2,7,0,1,2,1,2,3,0],2,4].
[[2,9,1,1,2,1,1,2,0],9,18].
[[2,7,0,0,0,0,2,3,2],3,11].
[[3,7,0,1,2,0,2,2,2],0,9].
[[2,6,1,1,2,0,2,2,0],3,0].
[[3,4,1,1,2,0,2,3,0],40,7].
[[2,5,0,0,0,0,1,1,0],36,9].
[[3,7,2,1,2,1,2,1,0],5,1].
[[1,6,1,0,0,0,2,2,0],5,1].
[[2,6,1,1,2,1,2,3,0],15,0].
[[3,6,1,1,2,1,1,1,0],6,5].
[[3,8,1,1,1,1,2,3,2],34,17].
[[2,8,0,1,2,0,2,3,2],8,26].
[[3,9,2,1,1,0,2,3,1],0,10].
[[1,6,1,0,0,0,1,2,2],5,0].
[[3,6,1,1,1,1,2,2,2],7,0].
[[2,8,1,1,1,1,1,1,1],6,4].
[[2,2,1,1,2,1,2,3,1],1,0].
[[3,2,1,1,2,1,2,3,1],2,0].
[[2,6,0,1,2,1,2,3,2],3,8].
[[2,7,2,1,2,0,2,2,2],16,5].
[[2,9,1,1,2,1,1,1,0],4,12].
[[3,7,0,1,2,1,2,1,2],6,33].
[[2,6,1,0,0,0,1,1,2],13,3].
[[3,3,2,0,0,0,1,1,2],12,0].
[[3,3,1,0,0,0,2,3,1],19,1].
[[2,6,0,0,0,0,2,2,0],5,8].
[[3,3,1,1,2,1,2,2,0],15,0].
[[1,8,1,1,1,1,0,0,0],28,10].
[[2,7,2,1,1,1,0,0,0],5,1].
[[3,4,1,1,2,0,0,0,0],10,1].
[[2,7,1,1,2,1,2,1,0],14,4].
[[2,8,0,0,0,0,1,1,0],16,42].
[[3,9,2,1,1,1,2,3,2],0,7].
[[1,9,2,1,1,1,2,3,0],34,28].
[[3,7,0,0,0,0,2,2,0],4,19].
[[3,8,1,1,1,0,2,2,2],7,4].
[[1,5,0,1,2,1,2,2,0],1,0].
[[2,5,0,1,1,1,1,1,0],11,4].
[[2,7,2,1,2,1,2,3,2],53,5].
[[3,9,2,1,2,0,2,3,1],6,26].
[[2,4,1,1,2,0,2,2,0],7,1].
[[3,4,1,1,2,0,1,1,0],45,4].
[[2,8,0,1,1,1,2,2,2],13,23].
[[1,8,1,1,2,0,1,2,0],2,3].
[[3,7,1,1,1,0,1,1,0],0,1].
[[3,7,1,1,1,0,2,2,0],4,6].
[[2,7,1,1,1,1,2,3,2],7,3].
[[1,3,2,0,0,0,2,1,2],2,0].
[[2,3,2,0,0,0,2,1,2],9,0].
[[1,8,1,1,1,1,2,2,1],10,3].
[[2,7,1,1,1,1,2,2,1],7,3].
[[3,9,2,1,1,1,2,3,1],6,36].
[[3,6,0,0,0,0,1,1,2],0,7].
[[3,7,0,1,2,1,2,1,0],2,25].
[[2,6,1,1,2,1,2,3,2],31,1].
[[2,4,1,1,2,0,1,1,2],7,1].
[[3,4,1,1,2,0,1,1,2],58,9].
[[3,6,1,1,1,1,2,2,1],5,0].
[[2,9,2,1,1,0,2,2,0],0,6].
[[3,4,0,1,2,0,2,2,0],0,1].
[[2,7,1,1,2,1,1,1,2],28,7].
[[2,8,0,1,2,0,2,2,2],5,30].
[[3,8,0,1,2,0,2,2,2],4,32].
[[2,9,2,1,1,0,1,2,1],1,1].
[[3,8,0,0,0,0,0,0,0],0,39].
[[3,7,1,1,1,1,2,2,1],19,8].
[[2,3,2,0,0,0,1,1,2],7,0].
[[3,3,2,1,2,0,1,1,2],11,0].
[[3,9,2,1,1,1,2,2,1],1,10].
[[3,7,2,1,2,0,1,1,0],2,3].
[[2,5,0,1,1,1,1,1,1],17,1].
[[3,5,0,1,1,1,2,3,0],30,2].
[[3,7,0,1,1,1,0,0,0],1,10].
[[3,3,0,1,2,1,0,0,0],0,2].
[[2,6,1,1,1,1,2,3,0],2,0].
[[1,7,1,0,0,0,1,2,1],7,0].
[[2,3,1,0,0,0,1,2,1],4,0].
[[3,8,1,1,1,1,1,1,1],9,4].
[[3,3,2,1,2,0,2,1,2],6,0].
[[2,6,1,1,2,1,2,2,0],10,1].
[[1,5,0,1,2,1,2,3,0],22,0].
[[2,5,0,1,2,1,2,3,0],52,2].
[[2,4,1,1,2,0,2,3,0],10,1].
[[2,8,0,1,1,1,2,1,0],13,20].
[[1,7,1,1,2,1,1,2,1],2,1].
[[2,7,0,1,2,1,2,1,2],2,7].
[[3,8,1,1,1,1,0,0,0],0,5].
[[1,5,0,1,2,0,1,2,1],1,1].
[[3,6,0,1,1,1,2,2,0],0,8].
[[3,3,1,1,2,1,2,2,2],17,1].
[[3,5,0,1,1,1,2,2,0],7,0].
[[3,8,0,0,0,0,2,2,1],4,17].
[[2,6,1,0,0,0,2,2,0],13,2].
[[3,6,1,1,2,0,2,2,0],13,0].
[[3,6,0,0,0,0,2,3,0],0,9].
[[1,7,1,0,0,0,2,1,0],6,1].
[[2,9,2,0,0,0,2,1,1],5,7].
[[3,9,2,1,2,0,2,1,1],0,2].
[[1,6,0,0,0,0,2,3,2],3,3].
[[2,6,0,1,2,1,2,3,1],1,2].
[[3,5,0,1,1,0,1,2,0],6,3].
[[2,8,0,1,1,1,1,1,2],8,19].
[[3,8,1,1,1,0,2,3,2],6,9].
[[2,8,0,1,1,1,1,1,0],3,7].
[[2,5,0,1,1,1,2,3,0],18,2].
[[2,8,1,1,2,1,1,1,0],34,24].
[[3,7,0,1,1,1,1,2,2],3,13].
[[3,9,2,1,2,1,2,1,2],0,11].
[[3,6,1,1,2,1,0,0,0],19,2].
[[3,7,2,0,0,0,2,3,0],3,0].
[[2,7,0,1,2,1,1,2,2],4,4].
[[1,8,0,1,2,1,2,2,1],7,8].
[[3,7,0,1,1,1,2,2,1],1,1].
[[3,6,1,1,2,1,2,1,0],12,0].
[[1,8,1,1,1,1,2,1,2],14,1].
[[2,8,1,1,1,1,1,1,2],29,4].
[[2,8,0,1,1,1,1,2,1],4,1].
[[3,7,0,1,1,1,2,3,1],3,8].
[[1,8,1,1,2,1,2,1,0],48,8].
[[2,6,1,1,2,1,1,1,2],8,1].
[[2,6,1,0,0,0,2,2,1],22,1].
[[2,5,0,1,2,0,2,1,0],9,0].
[[3,5,0,1,2,0,2,1,0],17,0].
[[1,7,1,1,2,1,2,2,2],9,1].
[[2,7,0,0,0,0,2,1,0],0,4].
[[3,7,0,0,0,0,1,1,0],2,5].
[[3,6,0,0,0,0,1,1,0],2,3].
[[3,6,0,1,2,1,2,2,1],2,4].
[[2,5,0,1,2,0,2,3,0],12,1].
[[3,5,0,1,2,0,2,3,0],26,3].
[[3,9,1,0,0,0,1,1,0],3,16].
[[1,7,2,0,0,0,1,2,1],9,0].
[[2,7,2,0,0,0,1,1,0],3,1].
[[3,7,2,1,2,1,1,1,0],7,2].
[[1,7,1,0,0,0,1,1,2],2,3].
[[2,7,2,1,2,1,1,2,0],2,1].
[[3,7,2,1,1,1,1,2,0],2,1].
[[2,3,2,0,0,0,2,2,2],12,0].
[[3,6,1,1,2,0,1,2,2],23,3].
[[2,9,1,0,0,0,1,1,0],2,9].
[[2,6,1,1,2,1,1,2,2],16,1].
[[2,6,0,1,2,1,2,3,0],2,6].
[[3,3,1,1,2,1,2,1,1],4,0].
[[1,6,1,0,0,0,2,3,0],7,0].
[[3,6,1,0,0,0,1,1,2],11,2].
[[1,7,2,1,2,1,2,2,2],17,4].
[[2,7,1,1,1,1,2,2,0],4,4].
[[3,7,2,1,1,0,2,1,2],5,2].
[[1,7,2,1,2,0,1,2,2],4,0].
[[2,7,2,1,2,0,1,1,2],6,5].
[[3,7,2,0,0,0,1,2,1],19,4].
[[1,8,1,1,2,0,2,2,0],6,6].
[[2,9,2,1,1,0,2,3,2],0,4].
[[1,5,0,1,2,1,1,2,1],7,0].
[[3,3,1,1,2,1,1,1,1],1,1].
[[3,7,2,1,1,1,1,2,1],4,1].
[[3,8,0,1,2,0,2,1,1],1,1].
[[2,7,1,1,1,1,2,3,1],17,1].
[[2,6,1,1,2,0,2,2,1],8,1].
[[3,6,1,1,2,0,2,2,1],8,1].
[[2,7,0,1,2,1,2,2,1],2,0].
[[1,8,0,0,0,0,2,1,1],10,5].
[[2,3,2,0,0,0,1,2,2],7,0].
[[2,7,0,1,2,1,2,3,2],3,8].
[[3,9,2,1,2,1,2,2,2],0,23].
[[3,3,1,1,2,0,2,3,2],6,1].
[[3,7,0,0,0,0,2,3,1],2,15].
[[1,5,0,1,2,1,2,1,0],15,1].
[[3,7,2,0,0,0,2,1,0],8,1].
[[3,8,0,1,1,0,2,2,0],0,13].
[[3,7,1,1,2,1,1,1,1],17,5].
[[3,5,0,0,0,0,2,1,0],31,0].
[[3,7,0,1,2,1,1,2,1],2,2].
[[3,8,0,1,1,0,2,3,1],0,8].
[[2,3,2,1,2,1,2,3,1],1,0].
[[3,3,2,1,2,1,1,2,1],4,0].
[[3,5,0,1,1,1,2,1,0],27,2].
[[3,8,1,1,1,0,1,1,1],1,3].
[[2,4,1,1,2,0,0,0,0],6,0].
[[2,3,1,0,0,0,2,1,2],9,1].
[[3,2,1,0,0,0,2,1,2],5,0].
[[2,7,2,1,2,1,1,2,1],12,0].
[[1,9,2,1,1,1,1,1,2],13,13].
[[3,6,1,1,2,0,1,1,2],6,3].
[[2,5,0,1,2,0,1,2,2],7,0].
[[3,5,0,1,1,0,1,1,0],6,8].
[[1,5,0,0,0,0,1,1,0],7,4].
[[1,7,2,1,2,0,2,1,2],4,4].
[[2,7,2,1,1,0,2,3,1],0,3].
[[3,7,2,1,1,0,1,2,1],0,2].
[[3,4,0,1,2,0,1,2,2],0,4].
[[1,9,2,1,1,1,1,2,0],12,6].
[[3,7,1,1,2,0,2,1,1],7,3].
[[3,7,2,1,1,1,2,1,0],3,1].
[[2,6,1,1,1,1,0,0,0],4,0].
[[2,7,0,1,2,1,2,2,2],0,10].
[[3,6,1,1,2,1,1,1,1],2,1].
[[3,7,0,1,2,0,2,3,0],1,8].
[[2,5,0,1,1,1,1,2,0],13,2].
[[2,6,1,1,2,0,2,2,2],3,0].
[[3,6,1,1,1,0,2,2,2],2,0].
[[3,3,1,1,2,0,2,1,2],8,0].
[[2,3,2,1,2,1,2,1,2],8,0].
[[3,7,0,1,2,0,0,0,0],1,10].
[[3,4,1,1,2,0,1,1,1],9,0].
[[1,5,0,1,1,1,1,1,0],2,0].
[[2,4,1,1,2,0,1,1,0],6,1].
[[2,8,1,1,1,0,1,2,1],3,5].
[[3,7,1,1,1,0,1,2,1],4,5].
[[2,6,1,1,2,0,0,0,0],9,0].
[[3,3,1,1,1,1,0,0,0],5,1].
[[2,8,1,1,1,1,0,0,0],20,16].
[[2,4,1,1,2,0,1,2,0],12,0].
[[3,9,2,1,1,0,1,1,2],1,15].
[[3,7,2,0,0,0,1,2,0],6,0].
[[2,6,0,0,0,0,2,3,0],5,10].
[[3,3,1,1,2,0,1,2,1],3,0].
[[2,3,1,0,0,0,1,2,2],2,0].
[[1,7,1,1,2,1,2,1,1],1,0].
[[2,7,1,1,2,1,1,1,1],2,1].
[[3,3,1,1,2,1,2,3,0],8,0].
[[3,7,0,1,2,1,1,1,2],5,24].
[[1,8,1,1,1,1,2,1,1],5,0].
[[2,1,1,1,2,0,1,1,1],2,0].
[[3,1,1,1,2,0,1,1,1],2,0].
[[3,6,1,1,2,0,2,1,2],14,2].
[[2,6,1,1,2,1,2,2,2],25,2].
[[3,8,1,0,0,0,2,1,1],5,1].
[[3,7,0,1,1,1,2,1,2],0,7].
[[3,3,1,1,2,1,1,1,2],5,1].
[[2,6,1,1,1,1,2,2,2],3,0].
[[3,6,0,1,2,1,2,1,2],2,14].
[[3,4,1,1,2,0,2,3,2],18,4].
[[1,6,1,0,0,0,1,1,2],2,1].
[[1,5,0,1,2,0,2,3,0],2,0].
[[3,7,1,1,1,0,2,1,0],1,1].
[[3,7,0,1,2,0,1,1,2],1,6].
[[2,4,1,1,2,0,2,3,2],5,1].
[[3,7,1,1,2,0,1,1,1],8,6].
[[2,7,0,0,0,0,2,2,0],2,11].
[[3,8,0,0,0,0,1,1,1],2,3].
[[2,8,1,1,1,0,2,1,2],3,2].
[[3,3,1,1,2,0,2,3,1],8,3].
[[2,4,1,1,2,0,2,2,1],5,1].
[[1,8,1,1,1,1,2,1,0],2,1].
[[3,7,0,0,0,0,1,1,2],1,7].
[[2,8,0,1,2,0,1,1,0],1,11].
[[2,3,2,0,0,0,2,3,1],4,0].
[[3,7,2,1,2,0,2,3,0],1,2].
[[1,7,2,1,2,1,2,2,0],1,0].
[[3,7,0,0,0,0,2,1,2],0,17].
[[3,6,0,0,0,0,2,1,0],1,4].
[[3,6,0,1,1,1,2,3,0],4,3].
[[3,7,0,0,0,0,1,2,2],4,21].
[[2,9,2,1,1,0,1,2,0],2,5].
[[2,3,2,1,2,1,2,3,2],9,0].
[[2,6,1,1,2,0,2,1,0],5,1].
[[1,9,2,1,2,0,2,1,1],1,1].
[[3,8,1,1,1,0,2,1,1],1,2].
[[2,7,1,1,1,1,2,1,0],2,1].
[[3,6,0,1,1,1,2,2,2],0,4].
[[3,6,1,0,0,0,2,2,1],12,1].
[[3,6,1,1,2,0,2,1,0],8,1].
[[2,6,1,1,1,1,2,3,1],3,0].
[[3,3,2,0,0,0,2,2,2],11,0].
[[3,5,0,1,1,0,1,1,1],11,3].
[[2,7,0,0,0,0,2,1,2],6,10].
[[3,6,0,0,0,0,1,2,2],4,8].
[[1,8,1,1,2,0,1,1,0],1,0].
[[3,6,1,1,2,0,1,2,0],4,0].
[[3,9,2,1,1,0,2,2,0],1,20].
[[3,7,2,1,2,0,1,2,0],6,1].
[[3,7,0,0,0,0,2,2,1],2,5].
[[2,7,2,1,2,0,2,3,1],12,1].
[[3,7,2,1,2,0,1,2,1],8,4].
[[3,3,0,1,2,1,2,1,2],0,2].
[[2,7,0,1,2,1,1,1,2],1,3].
[[2,8,1,1,1,0,2,3,2],2,5].
[[1,9,2,1,2,1,1,1,1],3,3].
[[1,9,2,1,1,1,2,1,1],4,0].
[[2,4,1,1,2,0,2,1,1],4,0].
[[1,7,2,1,2,1,2,3,1],4,1].
[[2,7,1,1,1,1,0,0,0],7,4].
[[3,7,1,1,1,0,2,2,1],1,2].
[[3,3,2,1,1,1,1,2,1],1,0].
[[3,3,2,0,0,0,2,1,2],12,0].
[[2,9,2,1,1,0,2,1,0],1,3].
[[2,5,0,1,2,1,2,2,0],7,0].
[[3,7,0,1,1,1,2,1,0],2,5].
[[1,5,0,1,1,1,2,3,0],3,0].
[[2,9,2,1,1,0,2,1,2],0,7].
[[2,8,0,1,2,0,2,1,1],0,1].
[[1,6,1,0,0,0,1,2,1],3,0].
[[3,9,2,1,2,1,0,0,0],0,10].
[[1,7,2,1,2,1,1,1,2],3,4].
[[2,7,2,1,1,1,1,1,2],4,1].
[[2,6,1,1,2,0,2,3,1],11,1].
[[3,6,1,1,2,0,1,2,1],11,1].
[[3,7,1,1,1,0,1,2,0],2,2].
[[2,9,1,1,2,0,1,2,0],0,7].
[[2,2,0,0,0,0,0,0,0],0,1].
[[3,2,0,1,2,1,2,1,0],1,1].
[[1,7,2,1,2,1,1,2,1],1,0].
[[2,9,2,1,1,0,1,1,2],0,6].
[[2,7,2,1,1,1,2,2,2],5,1].
[[3,6,0,1,2,0,2,1,2],0,4].
[[3,8,1,1,2,0,0,0,0],0,6].
[[2,8,0,1,2,0,1,2,0],8,14].
[[2,8,1,1,1,0,2,2,1],0,6].
[[1,8,0,0,0,0,1,1,0],3,15].
[[1,8,1,1,2,0,2,3,0],6,5].
[[3,9,1,1,2,0,1,1,0],3,13].
[[3,7,0,1,1,1,2,3,2],2,8].
[[2,5,0,1,1,1,2,1,0],11,0].
[[3,7,1,1,2,1,2,1,1],10,5].
[[2,7,1,1,2,0,2,3,0],2,1].
[[3,5,0,1,1,0,2,1,0],2,0].
[[3,3,2,1,2,1,1,2,2],19,0].
[[3,9,2,1,1,1,2,2,2],0,9].
[[3,6,1,1,1,1,1,2,0],3,0].
[[3,5,0,1,1,0,1,1,2],8,12].
[[1,9,2,1,1,1,1,1,0],6,4].
[[3,3,2,0,0,0,2,3,1],7,0].
[[3,7,0,1,1,1,1,1,0],2,1].
[[3,7,1,1,1,0,2,2,2],2,5].
[[3,6,1,1,2,0,2,3,2],17,1].
[[2,9,2,1,2,0,1,1,1],0,4].
[[3,8,0,1,2,0,1,1,1],2,3].
[[3,7,1,1,1,0,2,3,2],4,4].
[[3,9,2,1,2,1,1,1,1],3,3].
[[1,8,1,1,2,1,1,1,0],5,5].
[[2,6,1,1,2,1,1,1,0],0,1].
[[3,7,0,1,1,1,1,2,1],0,1].
[[1,7,2,0,0,0,2,2,0],8,0].
[[1,8,0,1,2,1,1,2,1],2,3].
[[3,6,0,1,2,1,1,2,1],2,6].
[[1,3,2,0,0,0,2,3,2],7,0].
[[3,4,0,1,2,0,1,1,1],0,1].
[[3,7,1,0,0,0,2,1,1],6,5].
[[2,7,2,1,1,0,2,2,2],2,1].
[[3,3,2,1,1,0,2,2,2],1,0].
[[2,3,2,1,2,1,2,2,2],5,0].
[[3,3,2,1,1,1,2,2,2],3,0].
[[2,5,0,1,1,0,2,3,0],1,1].
[[3,5,0,1,1,0,2,3,0],4,0].
[[2,4,1,1,2,0,2,2,2],7,0].
[[2,5,0,1,1,0,1,1,0],1,1].
[[3,5,0,1,1,0,1,2,2],3,1].
[[3,7,0,1,1,1,1,1,2],0,3].
[[2,7,2,0,0,0,2,3,0],4,0].
[[3,3,2,0,0,0,0,0,0],10,0].
[[3,6,1,1,2,0,2,1,1],2,0].
[[1,7,2,0,0,0,2,1,0],7,2].
[[2,7,2,1,2,1,1,1,0],0,1].
[[3,6,1,1,2,0,2,3,0],5,1].
[[1,6,1,1,2,1,2,2,0],1,0].
[[3,6,1,1,2,1,2,1,1],6,0].
[[1,7,1,1,2,1,2,2,1],5,0].
[[1,5,0,1,2,1,1,2,0],5,0].
[[3,3,2,1,1,1,1,2,2],3,0].
[[3,7,1,1,1,1,1,1,1],6,4].
[[3,5,0,0,0,0,2,2,0],14,0].
[[3,7,1,1,1,0,1,1,2],3,3].
[[3,6,1,1,2,1,1,2,0],11,0].
[[3,3,2,1,2,0,2,1,0],1,0].
[[1,5,0,0,0,0,2,2,0],7,0].
[[2,7,1,1,2,0,2,1,1],4,0].
[[2,2,1,0,0,0,2,1,2],3,0].
[[2,7,1,1,2,0,1,1,1],2,1].
[[2,8,1,1,1,1,2,1,1],6,2].
[[3,7,1,1,1,1,2,1,1],1,3].
[[3,6,1,1,1,1,2,3,1],15,0].
[[3,7,2,1,1,0,2,3,1],0,3].
[[1,7,1,1,2,1,2,3,2],10,1].
[[3,7,0,1,2,0,2,2,0],0,12].
[[1,9,2,1,1,1,1,1,1],0,1].
[[2,7,0,0,0,0,2,3,0],3,8].
[[3,7,0,0,0,0,2,3,0],1,19].
[[2,7,0,1,2,1,2,1,0],1,2].
[[1,6,1,1,2,1,2,2,1],8,0].
[[2,2,1,1,2,1,2,2,1],1,0].
[[3,2,1,1,2,1,2,2,1],1,0].
[[3,2,1,1,2,1,2,2,2],1,0].
[[3,3,2,1,1,0,2,3,2],2,0].
[[2,9,1,1,1,1,1,1,0],2,2].
[[3,7,0,1,2,0,2,3,2],1,6].
[[1,6,1,1,2,1,2,3,0],1,0].
[[1,7,2,1,2,0,0,0,0],5,1].
[[3,3,2,1,2,1,2,2,2],12,0].
[[2,2,1,0,0,0,0,0,0],2,0].
[[3,2,1,0,0,0,0,0,0],6,0].
[[2,7,1,1,1,1,2,1,2],10,0].
[[3,2,1,0,0,0,2,3,1],2,0].
[[2,6,0,0,0,0,1,1,0],1,0].
[[3,6,0,1,2,1,1,1,0],3,2].
[[3,7,1,1,1,0,0,0,0],3,4].
[[3,7,2,1,1,0,1,1,2],1,7].
[[3,8,0,1,1,0,1,2,0],1,7].
[[3,6,0,1,2,0,1,1,0],0,4].
[[2,7,0,0,0,0,1,2,2],6,1].
[[3,6,1,1,1,1,2,3,2],10,1].
[[3,6,1,0,0,0,2,2,0],9,0].
[[3,9,2,1,2,0,2,2,1],0,11].
[[2,6,1,1,1,1,2,1,0],1,0].
[[3,6,1,1,1,1,2,1,1],2,0].
[[3,7,2,1,2,0,2,2,0],6,0].
[[2,6,1,1,2,1,1,2,0],2,0].
[[1,8,0,1,2,1,2,1,1],0,2].
[[2,9,2,1,2,1,1,1,1],0,3].
[[2,8,1,1,1,0,2,2,2],2,6].
[[3,7,2,1,1,1,2,2,0],7,0].
[[2,8,1,1,1,1,1,1,0],10,1].
[[3,7,2,1,1,1,1,1,0],1,2].
[[3,6,1,0,0,0,2,1,1],2,0].
[[1,6,0,0,0,0,2,2,2],5,1].
[[3,7,2,1,1,1,2,3,0],3,1].
[[1,8,0,0,0,0,1,2,1],4,3].
[[3,3,1,1,1,1,2,3,2],3,0].
[[2,7,2,1,2,1,2,2,0],2,0].
[[3,6,1,1,1,1,1,2,1],10,2].
[[3,8,0,1,2,0,0,0,0],0,16].
[[2,7,1,1,2,0,1,2,1],6,2].
[[3,3,2,1,1,0,1,2,2],2,0].
[[2,7,2,1,1,1,1,2,2],3,1].
[[3,6,1,1,1,1,2,3,0],4,0].
[[3,3,1,1,2,1,2,1,0],4,0].
[[2,6,1,1,2,1,2,1,1],3,0].
[[3,6,1,1,1,1,1,1,1],1,0].
[[2,9,2,1,1,0,2,3,1],1,6].
[[2,6,1,1,2,0,1,1,2],4,0].
[[3,3,2,1,1,0,1,1,2],1,0].
[[3,3,1,1,1,1,2,2,0],1,0].
[[2,4,1,1,2,0,2,1,2],6,0].
[[3,8,1,1,1,0,2,3,0],6,10].
[[1,7,2,1,2,0,2,3,2],5,2].
[[1,7,1,0,0,0,2,1,1],5,1].
[[3,7,1,0,0,0,1,1,0],10,2].
[[1,7,1,0,0,0,2,3,0],4,1].
[[2,7,1,1,2,0,1,2,0],0,1].
[[2,3,1,0,0,0,2,3,1],6,0].
[[3,6,0,1,2,0,2,3,1],2,4].
[[3,9,2,0,0,0,2,1,2],0,3].
[[2,3,2,1,2,1,1,1,2],3,0].
[[3,3,2,1,1,1,1,1,2],2,0].
[[1,8,1,1,1,1,1,2,2],6,3].
[[2,2,1,0,0,0,2,3,2],2,0].
[[3,2,1,0,0,0,2,3,2],1,0].
[[3,6,1,1,2,0,0,0,0],7,0].
[[2,9,2,1,2,0,2,1,1],2,0].
[[3,9,2,1,1,0,2,1,1],1,1].
[[2,5,0,1,1,1,2,2,0],2,0].
[[3,5,0,1,2,0,2,2,0],7,0].
[[2,7,2,1,1,1,2,3,1],2,0].
[[2,7,0,0,0,0,2,3,1],4,4].
[[3,6,0,1,1,1,1,2,2],0,5].
[[1,6,1,1,2,1,2,3,2],9,0].
[[2,7,1,0,0,0,1,1,0],1,1].
[[1,5,0,1,1,1,2,1,0],4,0].
[[2,9,2,1,2,0,2,2,1],5,10].
[[3,8,0,0,0,0,2,1,1],2,1].
[[2,3,2,1,2,0,2,3,2],3,0].
[[1,6,1,1,2,1,2,2,2],5,0].
[[1,8,1,1,1,1,1,1,2],3,0].
[[3,6,0,1,2,0,2,3,2],0,3].
[[1,7,1,1,2,1,2,1,0],4,0].
[[2,3,2,0,0,0,2,1,0],1,0].
[[2,8,0,1,1,1,2,1,1],0,1].
[[3,2,1,1,2,0,2,1,2],1,0].
[[3,8,0,1,1,0,1,1,2],0,8].
[[3,9,2,0,0,0,2,2,2],0,5].
[[2,6,1,0,0,0,2,3,0],13,0].
[[2,3,2,1,2,0,1,2,2],1,0].
[[3,3,1,0,0,0,2,1,2],10,0].
[[3,3,1,1,1,1,2,1,0],1,0].
[[1,5,0,1,2,0,1,1,2],5,1].
[[1,6,1,0,0,0,2,1,0],3,0].
[[2,6,1,0,0,0,2,1,0],8,0].
[[2,6,0,1,2,1,1,1,0],0,1].
[[2,7,1,1,1,1,1,1,2],1,1].
[[3,7,1,1,1,1,1,1,0],6,2].
[[2,6,1,1,1,1,2,3,2],1,1].
[[3,8,0,1,1,0,2,3,2],0,4].
[[2,6,1,1,1,1,1,2,2],6,0].
[[3,6,1,1,1,0,1,2,2],3,1].
[[2,7,2,1,1,0,2,1,2],1,0].
[[3,3,1,1,2,1,1,2,0],2,0].
[[3,6,0,1,2,0,1,1,2],0,3].
[[1,7,1,1,2,1,1,2,2],1,0].
[[3,6,0,0,0,0,1,2,1],2,0].
[[2,6,1,1,1,1,2,1,2],5,0].
[[3,3,1,0,0,0,2,3,0],6,1].
[[3,6,1,0,0,0,2,3,0],15,1].
[[3,6,1,0,0,0,2,1,0],5,0].
[[2,7,0,0,0,0,1,1,2],1,3].
[[2,7,2,0,0,0,1,1,1],0,2].
[[3,3,1,0,0,0,2,2,0],4,0].
[[3,6,0,1,1,1,2,2,1],1,0].
[[2,3,1,1,2,1,2,3,2],4,0].
[[3,7,0,1,2,0,2,1,2],1,1].
[[2,3,1,0,0,0,2,2,0],1,0].
[[3,3,1,1,2,1,1,1,0],1,0].
[[2,9,1,1,1,0,1,1,0],1,0].
[[3,2,1,0,0,0,1,2,2],3,0].
[[3,7,1,1,1,0,2,3,0],2,3].
[[3,4,0,1,2,0,1,2,1],0,1].
[[2,7,2,1,2,1,2,3,0],1,1].
[[3,6,0,1,1,1,2,3,1],1,2].
[[2,7,2,1,2,1,1,1,1],0,2].
[[3,7,2,1,2,1,1,1,1],0,3].
[[3,3,1,1,2,0,2,1,0],1,0].
[[3,6,1,1,2,0,1,1,0],1,2].
[[3,6,1,1,1,1,2,1,2],8,0].
[[3,7,0,0,0,0,1,2,0],1,8].
[[3,1,1,1,2,0,1,2,1],2,0].
[[3,4,0,1,2,0,1,1,2],0,2].
[[3,6,1,1,1,0,1,2,0],1,1].
[[2,8,1,1,1,0,2,3,0],1,3].
[[3,6,0,0,0,0,2,2,2],2,9].
[[3,3,1,1,1,1,1,2,1],1,0].
[[3,7,0,0,0,0,1,2,1],0,1].
[[2,8,1,1,1,0,2,1,1],1,0].
[[3,7,1,1,1,0,2,1,1],3,0].
[[3,7,2,1,1,1,0,0,0],3,1].
[[3,9,2,0,0,0,2,1,1],0,2].
[[2,6,1,1,2,1,2,1,0],8,0].
[[3,9,2,1,1,0,2,2,1],0,2].
[[3,1,1,1,2,0,1,1,2],2,0].
[[1,7,1,1,2,1,2,2,0],1,1].
[[3,8,1,0,0,0,0,0,0],0,3].
[[2,5,0,1,1,0,1,1,2],0,2].
[[2,7,2,1,1,0,1,2,2],0,2].
[[2,8,0,1,2,0,1,1,1],0,1].
[[1,7,2,0,0,0,2,3,0],1,0].
[[2,7,2,1,2,0,2,3,0],1,1].
[[3,3,2,1,2,0,2,3,0],1,0].
[[3,7,0,1,2,0,2,2,1],1,1].
[[2,3,1,0,0,0,1,1,2],1,0].
[[3,3,1,0,0,0,1,1,2],6,0].
[[3,6,0,0,0,0,2,1,1],1,0].
[[2,7,2,1,1,1,2,2,0],1,0].
[[3,6,0,0,0,0,2,2,1],0,2].
[[2,4,1,1,2,0,1,2,1],5,0].
[[3,4,1,1,2,0,2,1,1],5,0].
[[3,3,1,1,1,1,2,2,2],3,1].
[[1,8,0,0,0,0,1,1,1],1,2].
[[2,7,0,0,0,0,1,1,1],1,0].
[[3,7,0,1,2,1,1,1,1],1,0].
[[3,9,2,1,2,0,2,2,2],0,6].
[[3,6,1,0,0,0,1,1,0],2,0].
[[2,4,1,1,2,0,2,3,1],9,0].
[[3,6,1,1,1,0,2,3,0],0,1].
[[2,6,0,0,0,0,2,1,0],0,3].
[[1,6,0,0,0,0,2,3,1],0,3].
[[2,7,1,1,1,1,1,1,1],3,0].
[[3,6,0,1,2,0,1,2,1],0,2].
[[3,8,1,1,1,0,2,2,1],0,9].
[[3,9,1,1,1,0,1,2,0],2,4].
[[3,3,1,0,0,0,1,1,1],2,0].
[[3,6,0,1,2,1,1,2,0],3,5].
[[3,2,0,0,0,0,2,2,2],1,0].
[[2,5,0,1,1,0,1,1,1],2,1].
[[3,2,1,1,2,0,2,2,1],2,0].
[[3,7,0,1,2,1,2,1,1],2,1].
[[2,9,2,1,1,1,2,1,1],3,0].
[[1,7,1,1,2,1,2,3,0],2,1].
[[2,3,1,1,2,1,2,3,0],1,0].
[[3,6,0,1,2,0,2,2,2],0,2].
[[3,6,0,0,0,0,1,2,0],1,2].
[[3,8,0,1,1,0,1,2,1],0,3].
[[2,7,0,1,2,1,1,1,0],0,2].
[[3,3,2,1,2,1,2,3,1],5,0].
[[3,3,1,1,1,1,1,2,2],2,0].
[[3,3,1,1,2,0,2,3,0],2,0].
[[2,7,1,1,2,1,1,1,0],1,0].
[[1,9,2,1,2,0,2,2,1],1,7].
[[3,3,1,1,2,0,1,2,2],4,0].
[[2,7,2,1,2,0,1,2,1],1,1].
[[2,3,1,1,2,1,2,2,2],2,0].
[[3,7,2,1,1,0,0,0,0],3,1].
[[2,3,2,0,0,0,2,2,0],2,0].
[[2,9,2,1,1,0,0,0,0],0,1].
[[3,6,0,1,1,1,1,2,0],0,1].
[[3,4,0,1,2,0,2,3,1],0,2].
[[2,7,1,1,1,1,1,2,2],5,1].
[[2,3,1,1,2,1,2,3,1],2,0].
[[1,6,0,0,0,0,2,3,0],2,0].
[[2,3,1,0,0,0,2,3,0],1,0].
[[1,6,1,0,0,0,2,1,1],3,1].
[[3,3,1,1,1,1,2,1,2],5,0].
[[3,3,1,1,1,1,2,2,1],2,0].
[[1,3,2,0,0,0,2,3,1],2,0].
[[3,3,2,0,0,0,1,1,0],1,0].
[[3,9,2,1,2,0,2,1,2],0,3].
[[3,7,0,0,0,0,2,1,0],0,10].
[[1,5,0,1,2,0,1,1,1],3,0].
[[3,7,0,1,2,0,1,2,0],1,3].
[[2,6,1,0,0,0,1,1,0],1,0].
[[3,7,2,1,1,0,2,3,0],0,1].
[[3,2,1,1,1,1,2,1,0],1,0].
[[3,3,1,0,0,0,2,1,0],4,0].
[[3,2,1,1,2,1,1,2,0],1,0].
[[3,3,1,1,1,1,1,1,1],1,0].
[[3,3,2,1,1,0,2,3,1],1,0].
[[2,6,0,0,0,0,1,2,0],0,1].
[[1,8,1,1,1,1,1,2,0],1,1].
[[3,3,1,0,0,0,1,2,0],1,0].
[[2,8,0,1,2,1,1,1,1],1,2].
[[3,8,0,1,2,1,1,1,1],1,4].
[[2,8,0,1,2,0,2,2,1],1,4].
[[3,8,0,1,1,0,2,2,1],1,2].
[[2,6,1,1,1,1,1,2,1],2,0].
[[2,8,1,1,1,0,2,1,0],0,3].
[[3,7,2,1,1,0,2,1,0],0,1].
[[2,5,0,1,1,0,1,2,1],1,0].
[[3,6,0,1,1,1,1,1,2],0,1].
[[3,9,2,1,1,1,2,1,1],0,2].
[[3,7,0,1,2,0,1,2,1],1,1].
[[2,8,0,0,0,0,1,1,1],2,4].
[[2,5,0,1,2,0,2,2,0],4,0].
[[2,8,1,1,1,0,1,1,2],0,2].
[[2,6,1,1,1,1,2,2,1],1,0].
[[3,9,2,0,0,0,0,0,0],0,3].
[[3,6,1,1,1,1,1,1,0],3,0].
[[2,3,1,0,0,0,2,1,0],2,0].
[[2,7,0,0,0,0,2,2,1],1,1].
[[2,7,2,1,2,0,1,1,1],1,0].
[[3,3,2,1,2,1,1,1,1],1,0].
[[2,6,1,1,2,0,1,2,1],3,0].
[[2,6,0,1,2,1,1,2,1],1,0].
[[3,6,0,1,2,0,1,2,0],0,2].
[[3,6,0,1,2,0,2,3,0],0,1].
[[3,3,0,0,0,0,0,0,0],0,1].
[[3,6,1,1,1,0,1,2,1],3,1].
[[3,3,1,1,2,0,1,1,1],1,0].
[[1,6,1,1,2,1,1,2,1],0,1].
[[3,2,1,1,2,1,2,1,2],1,0].
[[2,7,1,1,1,1,2,1,1],1,0].
[[1,6,1,1,2,1,1,1,2],1,0].
[[2,7,2,1,2,1,2,1,0],2,0].
[[2,6,0,0,0,0,2,2,1],0,2].
[[2,6,1,1,2,0,1,2,2],2,0].
[[2,4,1,1,2,0,1,1,1],2,0].
[[3,7,2,1,2,0,1,1,1],0,2].
[[1,5,0,1,2,0,2,1,0],1,1].
[[1,6,0,0,0,0,2,2,0],2,0].
[[3,2,1,1,1,1,2,3,1],1,0].
[[3,3,1,1,2,0,2,2,0],1,1].
[[2,7,0,0,0,0,1,2,1],1,0].
[[3,3,2,1,1,1,2,3,2],3,0].
[[2,8,1,1,1,0,1,1,1],1,1].
[[3,6,1,1,2,0,1,1,1],0,1].
[[3,9,2,1,1,0,2,1,2],0,1].
[[3,3,2,0,0,0,2,2,0],1,0].
[[2,6,0,1,2,1,1,2,0],1,0].
[[3,3,2,1,1,0,0,0,0],1,0].
[[1,3,2,0,0,0,2,2,2],4,0].
[[3,5,0,1,1,0,2,2,0],1,0].
[[1,8,1,1,2,0,1,1,1],0,2].
[[3,7,1,1,1,0,1,1,1],0,3].
[[3,9,2,1,2,0,0,0,0],0,2].
[[2,6,1,1,1,1,2,2,0],1,1].
[[3,2,1,1,1,1,2,2,0],1,0].
[[3,3,1,1,1,1,1,1,2],1,0].
[[2,6,0,1,2,1,1,1,2],1,0].
[[3,3,1,0,0,0,1,2,1],2,0].
[[3,3,2,1,2,1,2,1,0],1,0].
[[3,9,2,1,2,0,1,1,1],0,2].
[[3,3,1,1,1,1,2,3,0],2,0].
[[3,7,2,1,1,0,2,2,0],1,0].
[[3,6,1,1,1,0,2,1,0],0,2].
[[2,7,2,1,1,0,2,3,2],2,0].
[[2,3,1,0,0,0,2,2,1],3,0].
[[2,9,2,1,1,0,2,2,1],1,0].
[[1,6,1,1,2,1,2,1,1],1,0].
[[2,6,1,1,1,1,2,1,1],1,0].
[[3,3,2,0,0,0,1,2,1],1,0].
[[3,3,2,1,1,1,2,1,2],1,0].
[[2,7,2,1,2,0,1,1,0],1,0].
[[3,3,2,1,2,0,1,1,0],1,0].
[[1,8,1,1,1,1,1,1,1],1,0].
[[2,6,1,1,2,1,1,1,1],1,0].
[[2,6,1,1,2,0,2,1,1],2,0].
[[2,6,1,1,2,0,1,1,1],1,0].
[[3,6,1,1,1,0,1,1,1],1,0].
[[1,7,1,0,0,0,1,1,1],1,2].
[[3,9,2,1,1,0,2,3,2],0,1].
[[1,5,0,1,1,1,1,1,1],1,0].
[[3,3,2,1,2,1,2,3,0],1,0].
[[3,8,0,1,1,1,1,1,1],1,0].
[[2,7,0,0,0,0,1,1,0],0,1].
[[2,3,2,1,2,0,2,1,0],1,0].
[[2,1,1,1,2,0,1,2,1],1,0].
[[3,8,0,1,1,0,0,0,0],0,1].
[[1,7,2,1,2,0,1,1,2],1,0].
[[2,3,2,1,2,0,1,1,2],1,0].
[[2,5,0,1,1,0,1,2,0],0,1].
[[3,7,0,1,2,0,1,1,1],0,2].
[[3,2,1,1,2,1,2,3,2],1,0].
[[1,3,2,0,0,0,1,1,2],2,0].
[[2,7,0,1,2,1,2,3,1],0,1].
[[2,7,2,1,1,0,0,0,0],1,0].
[[3,2,1,0,0,0,1,1,1],1,0].
[[3,9,1,1,1,0,1,1,0],0,1].
[[3,2,1,0,0,0,2,1,0],1,0].
[[2,7,2,1,2,0,2,2,0],0,1].
[[3,8,1,1,1,0,0,0,0],1,0].
[[1,3,2,0,0,0,1,2,2],1,0].
[[2,3,2,1,2,1,1,2,2],1,0].
