total_WL(20191,16344).
[[1,8,1,0,0,0,0,0,0],915,330].
[[2,8,1,1,2,0,2,2,0],26,14].
[[3,8,1,1,2,0,1,2,0],103,25].
[[1,8,0,0,0,0,2,2,0],96,86].
[[2,7,0,1,2,1,2,2,0],6,3].
[[3,7,0,1,1,1,1,2,0],4,3].
[[1,8,1,0,0,0,2,2,2],649,196].
[[2,8,1,0,0,0,2,2,2],342,90].
[[3,8,1,1,2,1,2,2,2],200,61].
[[1,9,2,0,0,0,2,1,0],330,469].
[[2,8,1,0,0,0,2,2,1],331,93].
[[3,8,1,1,2,0,2,2,1],82,49].
[[1,8,0,0,0,0,0,0,0],452,752].
[[2,8,0,0,0,0,2,3,2],99,250].
[[3,8,0,1,2,1,2,3,2],69,193].
[[2,8,0,0,0,0,2,2,0],103,162].
[[3,8,0,1,2,0,2,1,0],6,49].
[[2,9,2,0,0,0,1,2,0],206,351].
[[3,8,0,0,0,0,1,2,0],65,128].
[[1,9,2,1,2,1,2,3,0],311,375].
[[2,9,2,1,2,1,1,2,0],194,341].
[[3,8,0,1,1,1,1,2,0],56,99].
[[1,5,0,0,0,0,1,1,1],46,3].
[[2,5,0,0,0,0,1,1,1],104,5].
[[3,5,0,1,2,1,1,1,1],297,7].
[[1,9,2,1,2,1,1,2,2],346,364].
[[2,9,2,1,2,1,1,2,2],390,631].
[[3,9,2,1,1,1,1,2,2],41,285].
[[1,9,2,0,0,0,2,2,1],184,123].
[[2,9,2,0,0,0,2,2,1],65,69].
[[3,5,0,1,2,1,1,2,1],247,2].
[[1,8,1,0,0,0,2,3,2],685,182].
[[2,8,1,0,0,0,1,2,2],490,145].
[[3,8,1,1,2,0,1,2,2],219,99].
[[1,9,2,0,0,0,2,2,2],419,754].
[[2,9,2,0,0,0,2,3,2],99,275].
[[3,9,2,0,0,0,1,2,2],73,259].
[[1,9,2,1,2,1,2,1,2],178,248].
[[2,9,2,1,2,1,1,1,2],170,241].
[[3,8,0,1,2,1,1,1,2],106,223].
[[2,8,0,0,0,0,0,0,0],84,304].
[[3,8,0,1,2,0,2,3,0],22,88].
[[3,9,2,1,2,1,1,2,0],159,519].
[[1,9,2,0,0,0,1,2,2],765,870].
[[2,9,2,0,0,0,1,1,2],170,242].
[[3,9,2,0,0,0,1,1,2],32,92].
[[1,8,1,1,2,1,2,3,1],234,56].
[[2,8,1,1,2,1,2,3,1],358,78].
[[3,8,1,1,2,1,2,2,1],223,98].
[[1,9,2,0,0,0,1,1,2],442,325].
[[3,5,0,1,2,1,1,2,2],79,1].
[[1,8,1,0,0,0,1,2,2],363,113].
[[2,7,1,0,0,0,1,2,2],68,24].
[[3,7,1,1,2,1,1,2,2],251,93].
[[1,8,1,0,0,0,2,1,1],108,27].
[[2,8,1,1,2,1,2,1,1],70,25].
[[3,8,1,1,2,1,2,1,1],41,37].
[[1,8,1,0,0,0,2,2,0],196,38].
[[2,8,1,0,0,0,2,3,1],426,105].
[[3,8,1,1,2,1,2,3,1],221,97].
[[3,9,2,1,2,1,1,2,2],195,678].
[[1,9,2,1,2,1,2,2,1],68,56].
[[2,8,0,1,2,1,2,2,1],50,29].
[[3,8,0,1,2,1,2,2,1],57,53].
[[1,9,2,0,0,0,2,3,0],687,913].
[[2,8,1,0,0,0,2,3,0],142,40].
[[3,7,1,0,0,0,2,3,0],38,9].
[[1,7,1,0,0,0,2,2,2],61,15].
[[2,7,1,1,2,0,2,2,2],15,10].
[[3,7,1,1,2,0,2,2,2],57,12].
[[2,9,2,0,0,0,2,3,0],164,410].
[[3,8,0,1,2,1,2,3,0],81,353].
[[3,8,0,0,0,0,1,1,0],32,60].
[[3,8,0,0,0,0,2,1,0],9,82].
[[1,9,2,0,0,0,1,1,0],88,152].
[[2,9,2,0,0,0,1,1,0],75,182].
[[3,9,2,1,2,1,1,1,0],41,272].
[[3,5,0,1,2,0,1,1,1],85,7].
[[1,8,1,0,0,0,2,3,0],253,40].
[[2,8,1,0,0,0,1,2,0],158,19].
[[3,8,1,0,0,0,1,2,0],124,18].
[[2,8,1,1,2,1,1,2,1],160,43].
[[3,8,1,1,2,1,1,2,1],262,52].
[[3,9,2,1,1,1,1,2,0],60,204].
[[1,8,1,1,2,1,2,3,2],263,70].
[[2,8,1,1,1,1,1,2,2],88,33].
[[3,4,1,1,2,0,1,2,2],163,20].
[[1,8,1,0,0,0,2,1,2],615,160].
[[2,7,1,0,0,0,2,1,2],125,26].
[[3,7,1,0,0,0,1,2,2],127,36].
[[2,8,1,1,2,0,2,1,0],16,9].
[[3,7,1,1,2,0,2,1,0],9,3].
[[2,8,0,1,2,1,2,3,1],61,47].
[[1,9,2,1,1,1,2,2,0],34,24].
[[2,9,2,1,1,1,2,2,0],27,42].
[[3,8,1,1,1,1,2,2,0],3,6].
[[2,7,1,1,2,0,1,2,2],6,2].
[[3,5,0,1,2,0,1,1,2],123,8].
[[2,8,1,1,2,0,2,3,2],88,55].
[[3,7,1,1,1,0,2,3,2],2,8].
[[2,9,2,1,2,1,2,1,2],62,168].
[[3,8,0,1,2,1,2,1,2],52,153].
[[1,8,0,1,2,1,2,1,2],45,56].
[[2,8,0,1,2,1,2,1,2],88,149].
[[1,9,2,0,0,0,2,3,2],539,901].
[[2,9,2,1,2,1,2,3,2],94,269].
[[1,9,2,1,2,1,2,2,2],216,314].
[[2,9,2,1,2,1,2,2,2],88,257].
[[3,9,2,1,2,1,2,2,2],10,67].
[[1,9,2,0,0,0,2,2,0],438,646].
[[2,9,2,0,0,0,2,2,0],92,233].
[[1,9,2,1,1,1,1,2,2],44,29].
[[2,9,2,1,1,1,1,2,2],111,140].
[[1,8,0,0,0,0,2,1,2],145,206].
[[2,8,0,0,0,0,2,1,2],74,192].
[[3,8,0,1,2,1,1,2,2],216,557].
[[1,8,1,1,2,1,2,2,1],157,57].
[[2,8,1,1,2,1,2,2,1],296,72].
[[2,9,2,1,1,1,2,2,2],28,48].
[[3,9,2,1,1,1,2,2,2],5,24].
[[1,8,0,0,0,0,2,2,2],151,223].
[[2,8,0,1,2,1,2,2,2],98,175].
[[3,7,1,1,2,1,2,2,2],192,59].
[[1,9,2,1,2,1,2,3,2],230,362].
[[2,8,0,1,2,1,2,3,2],107,198].
[[3,7,1,1,2,1,2,3,2],223,66].
[[1,9,2,1,2,1,1,1,2],187,125].
[[2,5,0,1,2,1,1,1,2],213,5].
[[3,5,0,1,1,1,1,1,2],134,14].
[[1,8,1,1,1,1,2,1,2],21,4].
[[2,8,1,1,2,1,2,1,2],255,64].
[[3,8,1,1,2,1,2,1,2],142,39].
[[1,9,2,0,0,0,2,1,2],368,614].
[[2,9,2,0,0,0,2,1,2],65,201].
[[2,8,0,1,2,0,2,2,2],10,37].
[[3,8,0,1,2,0,2,2,2],15,60].
[[2,8,1,1,2,1,1,2,2],407,131].
[[3,8,1,1,1,1,1,2,2],194,86].
[[1,9,2,1,2,1,2,1,0],133,199].
[[2,9,2,1,2,1,2,1,0],63,210].
[[1,8,0,0,0,0,2,1,0],69,70].
[[2,8,0,0,0,0,2,1,0],78,148].
[[3,7,1,0,0,0,2,1,0],17,8].
[[1,9,2,1,2,0,2,2,0],20,32].
[[2,9,2,1,2,0,2,2,0],16,62].
[[3,9,2,1,2,0,1,2,0],65,166].
[[2,9,2,1,2,1,2,2,1],77,73].
[[3,9,2,1,2,1,2,2,1],18,46].
[[2,9,2,1,2,1,2,3,0],151,379].
[[1,9,2,0,0,0,1,2,0],259,286].
[[3,7,1,1,2,0,1,2,0],25,3].
[[2,9,2,0,0,0,2,1,0],75,199].
[[3,9,2,1,2,0,2,1,0],1,50].
[[2,7,1,0,0,0,2,2,1],82,18].
[[3,7,1,0,0,0,2,2,1],85,24].
[[3,9,2,1,2,1,2,1,2],4,22].
[[2,8,1,0,0,0,1,1,2],245,84].
[[3,8,1,0,0,0,1,1,2],137,47].
[[2,8,1,1,2,0,1,2,2],106,65].
[[3,8,1,1,2,0,1,1,2],94,36].
[[1,9,2,0,0,0,0,0,0],456,1149].
[[3,7,1,1,2,1,2,2,1],160,43].
[[3,8,1,1,2,1,1,2,2],604,215].
[[2,7,1,1,2,0,2,3,2],29,11].
[[3,3,1,1,2,0,2,3,2],10,0].
[[3,9,2,0,0,0,2,2,0],1,49].
[[1,7,2,1,2,1,2,2,2],28,4].
[[2,7,2,1,2,1,2,2,2],78,16].
[[3,7,2,1,1,1,2,2,2],21,2].
[[3,9,2,0,0,0,2,3,0],2,79].
[[2,8,0,1,2,1,0,0,0],73,281].
[[3,8,0,1,2,1,0,0,0],1,148].
[[2,8,1,0,0,0,2,3,2],395,104].
[[3,7,1,0,0,0,2,3,2],119,26].
[[2,9,2,1,2,0,1,1,0],16,47].
[[3,8,0,1,2,0,1,1,0],16,44].
[[1,8,1,1,2,1,1,2,1],44,19].
[[3,7,1,1,1,1,1,2,1],27,2].
[[2,8,1,1,2,0,2,2,1],72,33].
[[1,8,0,1,2,1,0,0,0],155,255].
[[2,6,0,1,2,1,0,0,0],14,16].
[[3,6,0,1,2,1,0,0,0],1,19].
[[2,9,2,0,0,0,2,2,2],87,222].
[[3,8,0,1,2,1,2,2,2],59,181].
[[2,7,1,1,2,1,1,2,2],43,17].
[[3,3,1,1,2,1,1,2,2],11,3].
[[2,8,0,1,2,1,2,3,0],134,248].
[[3,8,0,1,2,1,1,2,0],161,325].
[[1,8,0,0,0,0,2,3,1],36,44].
[[3,7,1,1,2,1,2,3,1],201,75].
[[1,8,1,1,2,0,2,3,2],33,22].
[[2,8,0,0,0,0,1,2,2],169,244].
[[3,7,0,1,2,1,1,2,2],23,43].
[[2,6,0,0,0,0,0,0,0],19,31].
[[3,6,0,1,2,0,2,3,0],4,3].
[[1,7,2,0,0,0,2,2,2],97,10].
[[2,7,2,1,2,0,2,2,2],21,3].
[[3,7,2,1,2,0,1,2,2],104,12].
[[2,7,1,0,0,0,0,0,0],141,65].
[[3,7,1,0,0,0,2,3,1],103,30].
[[3,9,2,1,2,1,1,1,2],42,238].
[[3,8,0,1,1,1,1,2,2],49,187].
[[2,9,2,1,2,0,2,2,2],17,57].
[[3,8,1,0,0,0,2,3,1],112,54].
[[2,5,0,0,0,0,1,1,2],217,2].
[[3,5,0,0,0,0,1,1,2],159,1].
[[2,8,1,0,0,0,0,0,0],36,55].
[[3,8,1,0,0,0,2,1,0],4,3].
[[2,9,2,1,1,1,2,3,2],25,68].
[[1,9,2,1,2,0,2,1,0],18,25].
[[2,9,2,1,2,0,2,1,0],17,49].
[[3,8,0,1,2,1,2,1,0],21,184].
[[2,8,0,0,0,0,1,2,0],81,73].
[[3,8,0,1,2,1,1,1,0],55,157].
[[1,9,2,1,2,1,1,1,0],39,69].
[[2,9,2,1,1,1,1,1,0],22,32].
[[3,8,1,1,1,1,1,1,0],34,20].
[[3,6,1,0,0,0,1,2,2],28,1].
[[3,5,0,0,0,0,2,1,0],74,1].
[[3,9,2,0,0,0,1,2,0],67,200].
[[1,9,2,1,2,0,0,0,0],14,48].
[[3,9,2,1,2,1,2,1,0],6,133].
[[1,8,1,1,2,0,2,2,2],34,16].
[[3,7,1,1,2,0,2,3,2],72,25].
[[1,6,1,0,0,0,0,0,0],189,5].
[[2,6,1,0,0,0,2,3,1],48,1].
[[3,6,1,1,2,1,2,1,1],5,0].
[[3,8,0,1,2,0,1,2,1],7,4].
[[1,9,2,0,0,0,2,3,1],247,175].
[[1,9,2,1,1,1,2,3,2],43,25].
[[2,9,2,1,1,1,1,2,0],74,83].
[[3,8,1,1,2,1,1,2,0],314,54].
[[1,8,1,0,0,0,2,3,1],669,140].
[[1,8,0,0,0,0,2,3,2],170,276].
[[2,7,1,1,2,1,2,3,2],110,30].
[[1,8,1,1,2,0,1,2,1],13,4].
[[2,8,1,1,2,0,1,2,1],66,18].
[[3,8,1,1,2,0,1,2,1],91,28].
[[3,8,0,1,1,1,0,0,0],0,39].
[[3,7,1,0,0,0,2,1,2],91,21].
[[2,8,0,0,0,0,2,1,1],8,7].
[[3,8,0,1,2,0,2,1,1],2,4].
[[3,7,0,1,2,1,2,3,2],22,34].
[[1,8,0,1,2,1,1,2,2],42,26].
[[2,8,0,1,2,1,1,2,2],144,245].
[[1,9,2,1,2,1,1,2,0],139,122].
[[1,8,1,1,1,1,2,3,2],18,8].
[[2,7,2,1,1,1,2,3,2],7,2].
[[3,4,1,1,2,0,2,3,2],30,5].
[[1,8,1,1,2,1,2,2,2],223,55].
[[2,7,1,1,2,1,2,2,2],83,28].
[[2,8,1,1,2,1,1,1,2],173,59].
[[3,7,1,1,2,1,1,1,2],125,41].
[[2,6,1,0,0,0,2,2,1],50,4].
[[3,3,1,1,2,1,2,2,1],13,2].
[[3,8,0,0,0,0,1,1,2],45,112].
[[3,7,1,1,2,0,1,2,1],42,10].
[[3,9,2,0,0,0,1,1,0],24,94].
[[3,9,2,1,1,1,2,1,0],1,53].
[[2,9,2,1,2,0,2,3,0],31,104].
[[3,9,2,1,1,0,2,3,0],0,14].
[[3,7,0,0,0,0,2,3,2],3,14].
[[3,8,0,0,0,0,2,1,2],18,70].
[[3,7,2,0,0,0,2,2,2],61,7].
[[3,8,1,1,2,1,2,3,2],192,53].
[[2,8,1,1,2,0,2,1,2],46,32].
[[3,8,1,1,1,0,2,1,2],6,9].
[[2,7,2,0,0,0,1,2,2],113,15].
[[3,7,2,0,0,0,1,2,2],121,15].
[[2,5,0,0,0,0,1,2,1],81,0].
[[3,7,1,0,0,0,2,2,0],25,11].
[[2,7,1,1,2,1,0,0,0],92,48].
[[3,7,1,1,2,1,2,2,0],53,20].
[[2,8,1,1,1,1,2,2,2],66,12].
[[3,7,1,1,1,1,2,2,2],50,13].
[[1,8,1,0,0,0,2,2,1],473,136].
[[2,8,0,0,0,0,2,3,0],153,257].
[[1,9,2,1,2,0,2,3,2],14,47].
[[2,9,2,1,1,0,2,3,2],3,3].
[[3,8,0,1,1,0,2,3,2],4,9].
[[3,5,0,0,0,0,1,2,0],39,0].
[[1,8,1,1,2,1,0,0,0],290,112].
[[3,8,0,1,1,1,2,1,0],7,71].
[[2,8,1,0,0,0,2,1,2],305,80].
[[3,8,1,1,2,0,2,1,2],43,17].
[[3,7,1,0,0,0,2,1,1],13,5].
[[2,8,1,0,0,0,2,1,0],63,20].
[[3,7,2,1,2,1,1,2,2],230,37].
[[2,8,1,1,2,0,2,3,1],94,35].
[[3,8,1,1,2,0,2,3,1],79,38].
[[3,8,0,0,0,0,2,2,0],20,86].
[[2,7,2,0,0,0,2,2,2],104,14].
[[3,5,0,1,2,1,1,1,2],448,7].
[[2,9,2,1,1,1,2,3,0],44,76].
[[3,8,0,1,1,1,2,3,0],19,116].
[[3,8,0,0,0,0,2,3,0],21,153].
[[1,8,1,0,0,0,1,2,1],142,55].
[[3,8,1,1,1,0,1,2,1],13,6].
[[3,8,1,1,1,1,2,2,2],53,20].
[[3,7,0,0,0,0,2,1,2],5,24].
[[3,7,1,0,0,0,1,1,2],57,29].
[[1,7,1,0,0,0,2,2,1],37,2].
[[2,8,1,0,0,0,2,2,0],122,39].
[[3,8,1,0,0,0,1,2,2],279,85].
[[3,7,0,0,0,0,2,3,0],7,25].
[[2,8,1,1,2,1,2,3,2],315,89].
[[1,7,2,0,0,0,0,0,0],147,17].
[[2,7,2,1,2,0,0,0,0],11,3].
[[3,7,2,1,2,0,2,3,2],47,7].
[[3,6,1,1,2,1,2,3,1],52,1].
[[1,8,0,1,2,1,2,3,0],60,54].
[[2,8,0,1,1,1,1,2,0],12,10].
[[3,4,1,1,2,0,1,2,0],65,11].
[[1,8,1,1,2,0,2,2,1],24,9].
[[2,6,1,1,2,0,2,2,1],6,1].
[[3,6,1,1,1,0,2,2,1],2,0].
[[2,8,1,1,1,1,2,3,2],66,15].
[[3,7,1,1,1,1,2,3,2],59,19].
[[1,8,0,1,2,1,2,3,2],47,83].
[[2,5,0,1,2,0,1,1,2],46,4].
[[3,5,0,1,1,0,1,1,2],22,8].
[[3,7,2,1,2,1,2,3,2],123,11].
[[1,8,0,0,0,0,2,3,0],156,150].
[[2,9,2,0,0,0,2,3,1],90,76].
[[3,9,2,1,2,0,2,3,1],3,22].
[[1,9,2,1,2,0,2,2,2],20,43].
[[3,9,2,1,1,0,2,2,2],1,5].
[[1,8,1,1,2,1,1,2,0],24,6].
[[2,8,1,1,1,1,1,2,0],31,3].
[[3,7,1,1,1,1,1,2,0],29,2].
[[2,7,1,1,2,1,2,3,1],90,21].
[[3,7,1,1,2,1,1,2,1],121,16].
[[1,9,2,1,2,1,0,0,0],209,453].
[[2,6,0,0,0,0,2,3,2],5,12].
[[3,6,0,0,0,0,1,2,2],3,7].
[[3,7,1,1,2,1,2,1,2],153,43].
[[2,9,2,1,2,0,1,1,2],29,62].
[[3,9,2,1,2,0,1,1,2],19,86].
[[2,5,0,1,2,1,1,2,1],80,1].
[[2,9,2,0,0,0,1,2,2],366,655].
[[3,9,2,1,2,0,1,2,2],46,210].
[[3,8,1,0,0,0,2,2,1],98,32].
[[3,7,1,1,2,1,1,2,0],71,3].
[[3,7,2,1,2,0,2,2,2],50,5].
[[1,9,2,1,1,1,2,1,2],33,15].
[[2,9,2,1,1,1,2,1,2],27,35].
[[3,8,0,1,1,1,2,1,2],24,47].
[[2,8,1,1,2,1,2,2,2],278,87].
[[3,6,1,1,2,1,2,2,2],59,0].
[[1,9,2,1,2,1,2,2,0],187,235].
[[1,8,1,0,0,0,1,1,2],175,58].
[[2,8,0,1,2,1,2,2,0],88,163].
[[3,8,0,1,2,1,2,2,0],44,203].
[[2,8,0,1,2,1,1,2,0],67,66].
[[3,8,0,1,1,1,1,1,0],11,58].
[[1,6,0,0,0,0,0,0,0],20,23].
[[3,7,1,1,2,0,2,2,1],55,25].
[[2,9,2,1,2,1,0,0,0],27,139].
[[3,9,2,1,1,1,2,2,0],0,45].
[[2,4,1,1,2,0,2,2,2],6,3].
[[3,4,1,1,2,0,2,2,2],27,3].
[[1,8,0,1,2,1,2,2,2],49,67].
[[2,9,2,1,2,1,2,3,1],75,79].
[[3,8,0,1,2,1,2,3,1],67,62].
[[3,8,0,0,0,0,1,2,2],98,240].
[[2,8,1,0,0,0,2,1,1],75,25].
[[3,8,1,0,0,0,2,1,1],19,12].
[[1,8,0,1,2,1,2,2,0],29,36].
[[2,6,0,1,2,1,2,2,0],3,2].
[[3,6,0,1,2,1,2,2,0],10,16].
[[3,7,1,1,2,0,2,3,0],20,11].
[[2,7,1,1,1,1,2,1,2],13,2].
[[3,7,1,1,1,1,2,1,2],45,11].
[[1,8,1,1,2,0,2,3,1],31,14].
[[3,8,1,0,0,0,1,1,0],45,27].
[[3,8,0,1,2,0,2,2,0],5,48].
[[3,7,0,1,2,1,1,2,0],14,9].
[[1,8,0,0,0,0,1,2,2],91,82].
[[3,8,0,1,2,0,1,2,2],49,156].
[[2,6,0,0,0,0,2,3,0],12,12].
[[3,6,0,1,2,1,2,3,0],20,26].
[[1,9,2,1,1,1,2,3,1],19,7].
[[2,4,1,1,2,0,2,2,1],7,1].
[[3,4,1,1,2,0,2,2,1],27,3].
[[2,7,1,0,0,0,2,3,0],31,7].
[[2,7,1,0,0,0,2,3,1],120,29].
[[3,8,1,1,1,1,2,3,1],73,35].
[[2,9,2,0,0,0,1,2,1],37,34].
[[1,8,1,1,2,1,1,2,2],109,28].
[[2,7,2,1,2,1,1,2,2],86,15].
[[2,8,1,1,2,1,2,3,0],109,31].
[[2,7,0,0,0,0,0,0,0],10,40].
[[3,7,0,1,2,1,2,3,0],13,37].
[[2,3,2,0,0,0,2,2,2],14,1].
[[3,3,2,0,0,0,2,3,2],18,1].
[[2,8,1,0,0,0,1,2,1],193,47].
[[1,8,1,1,2,1,2,1,2],194,52].
[[2,8,0,1,1,1,2,2,2],17,21].
[[3,7,0,1,2,1,0,0,0],6,63].
[[3,8,1,0,0,0,1,2,1],128,22].
[[1,8,1,0,0,0,1,2,0],58,13].
[[2,7,1,0,0,0,1,2,0],10,1].
[[3,9,2,1,2,0,2,2,2],5,21].
[[1,5,0,1,2,1,2,1,0],25,3].
[[2,5,0,1,2,1,1,1,0],26,0].
[[3,5,0,1,1,1,1,1,1],90,4].
[[3,6,1,0,0,0,2,2,1],36,0].
[[2,8,1,1,2,0,1,1,0],14,4].
[[3,8,1,1,2,0,1,1,0],36,18].
[[3,6,0,1,2,1,2,3,2],9,18].
[[3,5,0,0,0,0,1,2,2],31,0].
[[1,7,2,0,0,0,2,1,2],88,13].
[[2,7,2,1,2,1,2,1,2],54,15].
[[3,7,2,1,2,1,1,1,2],97,52].
[[2,9,2,1,2,0,0,0,0],8,40].
[[3,9,2,1,2,0,2,3,0],4,72].
[[3,8,1,1,1,1,2,1,2],53,14].
[[1,9,2,1,1,1,0,0,0],28,42].
[[2,9,2,1,1,1,2,1,0],22,43].
[[3,9,2,1,1,1,1,1,0],14,85].
[[1,7,2,1,2,0,0,0,0],4,1].
[[3,3,2,1,2,0,2,2,2],7,0].
[[2,8,0,0,0,0,2,2,2],93,218].
[[3,8,0,0,0,0,2,2,2],26,87].
[[3,7,1,1,2,1,2,1,1],36,12].
[[3,9,2,1,2,1,2,3,2],7,48].
[[2,9,2,1,2,0,1,2,2],78,164].
[[2,8,0,0,0,0,1,1,2],106,101].
[[2,9,2,1,2,0,2,1,1],6,11].
[[3,9,2,1,2,0,1,1,1],1,4].
[[1,7,1,0,0,0,0,0,0],188,57].
[[3,7,1,1,2,1,0,0,0],24,28].
[[2,7,2,0,0,0,0,0,0],65,8].
[[3,7,2,1,2,1,2,2,0],9,1].
[[2,8,1,1,2,0,2,1,1],18,7].
[[3,8,1,1,2,0,2,1,1],16,12].
[[3,8,0,1,1,1,2,3,2],19,69].
[[3,5,0,0,0,0,1,1,1],105,2].
[[3,9,2,1,2,1,2,3,0],10,193].
[[3,8,1,1,2,0,2,3,2],65,25].
[[2,8,0,1,2,1,2,1,0],63,141].
[[2,7,0,0,0,0,2,3,2],9,10].
[[3,7,0,1,2,1,2,2,2],14,36].
[[2,8,1,1,2,1,1,1,0],36,18].
[[3,8,1,1,2,1,1,1,0],90,47].
[[2,8,0,1,2,1,1,1,2],82,81].
[[1,8,1,1,2,1,2,1,1],30,17].
[[2,8,1,1,1,1,2,1,1],11,3].
[[3,7,2,1,1,1,1,1,2],29,17].
[[3,5,0,1,2,0,1,2,1],74,6].
[[3,7,2,1,2,1,2,2,2],91,11].
[[2,9,2,0,0,0,0,0,0],31,187].
[[3,8,0,0,0,0,0,0,0],0,71].
[[2,5,0,0,0,0,1,1,0],27,1].
[[3,5,0,1,2,0,1,1,0],19,2].
[[2,5,0,1,2,1,1,1,1],93,1].
[[2,6,1,0,0,0,2,3,2],49,2].
[[3,6,1,0,0,0,2,3,2],24,1].
[[3,8,1,1,1,1,1,2,1],86,28].
[[1,7,2,0,0,0,1,2,2],55,13].
[[2,8,1,1,2,0,1,1,2],49,23].
[[1,6,1,0,0,0,2,3,1],29,1].
[[3,7,2,1,1,1,2,3,2],27,2].
[[2,8,1,1,2,1,0,0,0],27,38].
[[3,8,1,1,1,1,0,0,0],0,5].
[[2,6,1,1,2,1,1,2,2],19,4].
[[2,8,0,1,2,0,1,2,2],16,44].
[[3,8,0,1,1,0,1,2,2],5,27].
[[2,7,2,1,2,1,2,3,2],73,7].
[[3,3,2,1,2,1,2,3,2],22,0].
[[1,9,2,1,2,1,2,3,1],105,70].
[[3,8,1,1,2,1,2,2,0],11,17].
[[1,5,0,1,2,1,2,3,0],19,1].
[[2,5,0,1,1,1,2,3,0],18,2].
[[3,5,0,1,1,1,1,1,0],18,1].
[[1,5,0,0,0,0,2,3,0],64,2].
[[2,5,0,1,2,1,2,3,0],93,5].
[[3,8,0,0,0,0,2,3,2],31,96].
[[1,8,0,0,0,0,1,1,2],66,34].
[[1,7,1,0,0,0,2,3,2],55,9].
[[3,7,2,0,0,0,2,1,2],48,5].
[[2,7,1,1,2,0,2,1,2],22,6].
[[3,7,1,1,2,0,1,2,2],86,34].
[[1,5,0,1,2,1,1,1,2],49,2].
[[2,9,2,1,1,1,1,1,2],44,34].
[[3,4,1,1,2,0,1,1,2],68,8].
[[3,9,2,0,0,0,2,3,1],7,18].
[[1,7,1,0,0,0,2,3,0],8,2].
[[2,7,2,1,2,0,2,1,2],27,3].
[[2,7,2,1,2,1,1,1,2],38,19].
[[3,7,1,1,1,1,1,2,2],91,18].
[[2,6,1,0,0,0,2,2,2],62,1].
[[3,6,1,0,0,0,2,2,2],30,0].
[[2,5,0,1,2,1,2,1,0],88,4].
[[3,5,0,1,2,1,1,2,0],64,1].
[[1,7,2,0,0,0,2,3,2],114,13].
[[2,3,2,1,2,1,2,3,2],8,0].
[[3,3,2,1,1,1,2,3,2],2,0].
[[2,8,1,1,2,1,1,2,0],127,24].
[[3,8,1,1,1,1,2,3,2],65,11].
[[2,7,1,1,1,1,2,3,1],12,6].
[[3,7,1,1,1,1,2,3,1],58,22].
[[2,8,0,1,1,1,1,2,2],39,23].
[[3,9,2,0,0,0,2,2,2],5,14].
[[2,6,1,1,2,1,2,1,2],46,0].
[[3,6,1,1,2,1,1,2,2],76,2].
[[2,8,1,1,1,1,2,1,2],50,13].
[[3,8,0,1,1,1,1,1,2],32,77].
[[3,8,1,1,2,1,1,1,1],48,29].
[[3,8,0,1,2,1,1,2,1],33,31].
[[1,8,0,0,0,0,2,1,1],7,5].
[[3,8,1,0,0,0,0,0,0],0,4].
[[1,7,2,1,2,0,2,2,2],7,5].
[[2,7,1,1,2,1,2,1,1],12,5].
[[1,8,1,1,2,1,2,2,0],48,10].
[[3,7,2,1,1,1,1,2,2],58,15].
[[2,8,0,0,0,0,2,2,1],37,34].
[[1,9,2,1,1,1,1,1,2],23,13].
[[2,5,0,1,1,1,1,1,2],31,4].
[[1,9,2,0,0,0,2,1,1],22,35].
[[1,6,1,0,0,0,2,2,2],40,2].
[[3,8,1,1,2,1,1,1,2],258,89].
[[2,7,1,0,0,0,1,2,1],38,3].
[[1,8,1,1,2,1,1,1,2],52,17].
[[2,6,1,1,2,1,1,1,2],9,2].
[[3,6,1,1,1,1,1,1,2],17,3].
[[2,7,2,0,0,0,2,1,2],85,16].
[[3,7,2,1,2,0,2,1,2],40,4].
[[1,7,1,0,0,0,2,1,2],48,10].
[[2,3,1,0,0,0,2,1,2],10,1].
[[3,3,1,0,0,0,2,1,2],13,0].
[[3,9,2,1,2,1,2,2,0],7,121].
[[2,8,0,1,2,0,1,1,2],13,26].
[[3,8,0,1,2,0,1,1,2],24,67].
[[2,9,2,1,2,0,1,2,0],56,94].
[[3,8,0,1,2,0,1,2,0],39,64].
[[3,7,2,1,1,0,1,2,2],12,10].
[[3,9,2,1,1,1,2,2,1],6,21].
[[1,8,0,1,2,1,2,1,0],21,29].
[[2,8,0,1,2,1,1,1,0],34,29].
[[3,7,1,1,2,1,1,1,0],23,4].
[[3,8,0,1,1,1,2,2,0],17,65].
[[1,7,1,1,2,1,0,0,0],37,11].
[[3,7,0,1,2,0,2,3,0],4,2].
[[2,9,2,1,2,1,1,1,0],68,184].
[[1,8,1,1,2,0,1,2,2],18,4].
[[3,9,2,1,2,1,0,0,0],0,21].
[[3,3,2,0,0,0,2,2,2],25,1].
[[3,2,1,0,0,0,2,3,2],5,0].
[[3,8,1,0,0,0,2,1,2],70,18].
[[3,8,1,1,1,1,1,1,2],81,30].
[[3,6,0,1,1,1,2,2,2],3,3].
[[1,9,2,0,0,0,1,2,1],55,41].
[[2,9,2,1,2,1,2,2,0],94,226].
[[3,9,2,1,2,0,1,1,0],16,82].
[[3,9,2,1,1,1,1,1,2],24,88].
[[3,6,1,1,2,1,2,2,1],50,1].
[[2,6,1,1,2,1,2,3,2],33,0].
[[3,6,1,1,2,1,2,3,2],53,0].
[[1,8,1,1,2,0,2,1,0],9,1].
[[3,7,1,1,2,0,1,1,0],10,3].
[[1,6,1,1,2,1,2,3,1],3,0].
[[2,6,1,1,2,1,2,3,1],31,1].
[[3,3,1,1,2,1,2,3,1],22,0].
[[1,7,1,0,0,0,2,3,1],48,11].
[[3,7,1,1,2,0,2,3,1],52,20].
[[2,7,1,1,2,1,2,2,1],56,17].
[[2,8,0,0,0,0,1,1,0],24,35].
[[2,8,1,1,2,1,2,2,0],73,32].
[[2,7,1,1,2,1,2,1,2],69,20].
[[1,8,1,1,1,1,2,3,1],20,6].
[[2,4,1,1,2,0,2,3,1],13,4].
[[3,4,1,1,2,0,2,3,1],31,5].
[[1,8,1,1,1,1,2,2,2],17,5].
[[2,8,0,1,1,1,1,1,2],13,10].
[[3,3,1,1,2,1,2,2,2],24,2].
[[2,5,0,1,1,1,2,1,0],20,2].
[[3,5,0,1,1,1,2,1,0],48,5].
[[2,9,2,1,2,0,2,1,2],11,52].
[[1,9,2,1,1,1,2,3,0],44,38].
[[3,7,0,1,2,1,2,1,0],10,28].
[[3,8,0,0,0,0,2,2,1],15,21].
[[1,8,1,0,0,0,2,1,0],111,20].
[[1,6,1,0,0,0,2,3,2],45,1].
[[3,6,0,0,0,0,0,0,0],2,14].
[[1,9,2,1,2,0,1,2,0],10,15].
[[2,8,0,1,2,0,1,2,0],4,14].
[[3,3,2,1,2,1,1,2,2],34,0].
[[3,5,0,0,0,0,1,2,1],103,0].
[[1,8,0,0,0,0,2,2,1],35,26].
[[2,8,0,0,0,0,2,3,1],52,42].
[[3,8,0,1,2,0,2,3,1],18,16].
[[2,8,1,1,2,0,2,2,2],75,32].
[[3,8,1,1,1,0,1,2,2],25,47].
[[1,8,1,0,0,0,1,1,1],36,22].
[[2,7,1,0,0,0,1,1,1],7,3].
[[3,7,1,1,2,1,1,1,1],22,13].
[[1,7,2,1,2,1,2,1,2],21,0].
[[3,7,2,1,2,1,2,1,2],88,14].
[[3,7,0,0,0,0,2,1,0],3,11].
[[3,7,1,0,0,0,1,2,1],75,3].
[[2,8,1,1,2,1,2,1,0],46,14].
[[3,7,2,0,0,0,1,1,2],53,16].
[[2,7,1,1,1,1,2,3,2],17,2].
[[3,5,0,1,2,1,1,1,0],65,5].
[[1,6,1,0,0,0,1,1,2],3,0].
[[2,6,1,0,0,0,1,1,2],11,1].
[[3,3,1,1,2,1,1,1,2],10,1].
[[1,5,0,1,2,1,1,2,1],8,1].
[[2,5,0,0,0,0,2,3,0],79,3].
[[3,5,0,1,2,1,2,3,0],148,3].
[[2,3,2,0,0,0,1,2,2],10,0].
[[3,3,2,0,0,0,1,2,2],19,0].
[[3,9,2,1,2,0,2,2,0],1,33].
[[1,8,1,1,2,0,0,0,0],47,31].
[[3,9,2,1,2,0,2,1,2],0,8].
[[3,7,0,1,2,1,2,1,2],7,33].
[[2,7,2,1,2,1,0,0,0],35,5].
[[3,7,2,1,1,1,2,3,0],2,0].
[[3,8,1,1,1,0,1,1,2],13,20].
[[1,7,1,1,2,1,2,3,1],11,2].
[[2,7,1,1,1,1,2,2,1],7,3].
[[2,5,0,1,1,1,1,2,1],13,0].
[[3,1,1,1,2,0,1,2,1],3,0].
[[2,7,1,0,0,0,2,3,2],126,30].
[[3,6,1,0,0,0,2,3,0],15,0].
[[3,7,2,1,2,1,2,3,0],12,1].
[[2,9,2,1,2,1,2,1,1],14,19].
[[2,7,1,1,2,0,1,2,1],7,3].
[[1,5,0,0,0,0,1,1,2],109,3].
[[3,3,1,1,1,1,2,3,1],2,0].
[[2,9,2,1,1,0,2,1,0],0,6].
[[3,8,0,1,1,0,2,1,0],0,9].
[[3,9,2,1,1,1,2,3,0],4,68].
[[1,7,2,0,0,0,1,1,2],23,8].
[[2,7,2,0,0,0,1,1,2],50,24].
[[3,8,1,1,2,1,2,3,0],16,21].
[[2,7,0,1,2,1,0,0,0],12,21].
[[3,7,0,1,1,1,2,3,0],4,12].
[[2,7,2,1,2,0,1,2,2],29,8].
[[1,9,2,1,2,0,1,2,1],3,3].
[[2,9,2,1,2,0,1,1,1],0,2].
[[3,9,2,1,2,1,1,1,1],4,8].
[[1,9,2,1,2,0,1,1,2],13,21].
[[3,9,2,1,1,0,1,2,0],7,36].
[[2,3,2,0,0,0,2,1,2],16,0].
[[3,3,2,0,0,0,1,1,2],5,0].
[[3,6,1,1,1,1,2,3,2],16,1].
[[3,8,1,1,1,0,1,1,0],4,3].
[[2,7,1,1,2,0,2,3,1],18,9].
[[2,7,2,0,0,0,2,3,2],122,16].
[[3,8,1,1,1,1,1,2,0],100,26].
[[1,9,2,1,2,1,1,2,1],18,13].
[[3,3,2,1,2,0,1,2,2],8,0].
[[3,7,1,0,0,0,2,2,2],90,28].
[[2,7,1,0,0,0,2,2,2],138,27].
[[3,9,2,0,0,0,2,1,0],4,53].
[[3,7,0,1,2,1,2,2,0],8,32].
[[2,8,0,1,2,0,2,3,0],29,30].
[[3,8,0,1,2,1,2,1,1],4,15].
[[3,5,0,1,2,0,2,3,0],37,3].
[[3,6,0,1,2,1,1,1,2],8,6].
[[2,8,0,1,2,0,2,2,0],12,24].
[[2,6,1,0,0,0,0,0,0],92,1].
[[3,6,1,0,0,0,2,1,2],16,2].
[[3,5,0,1,2,1,2,1,0],163,2].
[[1,9,2,1,1,1,2,2,2],29,25].
[[2,4,1,1,2,0,2,3,2],14,0].
[[3,3,1,0,0,0,1,2,2],10,0].
[[1,6,1,1,2,1,0,0,0],33,1].
[[2,6,1,1,2,1,2,2,2],54,0].
[[3,7,1,0,0,0,1,2,0],43,3].
[[2,9,2,1,2,0,2,3,2],23,70].
[[3,8,0,1,2,0,2,3,2],18,70].
[[2,6,1,1,2,1,2,2,1],20,1].
[[3,3,2,1,1,1,1,2,2],2,0].
[[3,5,0,1,1,1,1,2,2],26,4].
[[2,8,1,1,1,0,2,2,1],7,6].
[[3,8,1,1,1,0,2,2,1],10,17].
[[3,8,1,1,1,1,2,2,1],58,30].
[[2,9,2,1,2,0,2,3,1],17,27].
[[2,8,1,1,1,1,2,3,1],49,21].
[[2,8,0,1,2,0,2,3,2],9,36].
[[2,8,1,0,0,0,1,1,1],44,28].
[[3,7,1,0,0,0,1,1,1],7,6].
[[2,7,2,0,0,0,1,1,1],0,4].
[[3,7,2,0,0,0,1,1,1],0,4].
[[3,6,1,1,2,1,1,1,0],11,2].
[[2,9,2,1,2,1,1,2,1],34,24].
[[2,7,0,1,2,1,2,1,2],2,5].
[[1,6,1,1,2,1,2,3,2],8,1].
[[3,6,1,1,2,1,1,1,2],31,3].
[[1,7,1,1,2,1,1,2,1],1,0].
[[2,7,1,1,2,1,1,1,2],30,9].
[[3,7,0,1,2,1,1,1,2],13,17].
[[3,8,1,1,1,1,1,1,1],11,14].
[[3,7,1,1,1,1,2,1,1],10,6].
[[1,8,1,1,2,1,2,3,0],81,15].
[[3,7,0,1,2,0,2,2,2],4,5].
[[3,8,0,1,2,0,2,1,2],11,34].
[[2,8,0,1,2,0,2,1,2],9,27].
[[3,7,1,1,1,0,2,1,2],2,2].
[[3,7,1,1,2,1,2,1,0],37,10].
[[3,8,1,1,1,1,2,3,0],4,9].
[[1,8,0,1,2,1,2,2,1],13,8].
[[3,5,0,1,2,0,1,2,0],19,2].
[[3,9,2,1,1,0,1,2,2],5,45].
[[2,7,2,1,2,0,2,3,2],34,3].
[[3,3,2,1,2,0,2,3,2],16,0].
[[1,8,1,0,0,0,1,1,0],21,9].
[[2,8,1,1,2,0,1,1,1],18,8].
[[3,8,1,1,2,0,1,1,1],26,12].
[[3,8,1,1,1,1,2,1,1],11,9].
[[2,8,0,1,1,1,0,0,0],16,43].
[[2,8,1,1,2,0,2,3,0],27,12].
[[3,7,1,1,2,0,2,1,2],54,16].
[[1,7,2,1,2,1,2,3,2],21,4].
[[2,9,2,1,1,1,2,2,1],15,23].
[[3,8,0,1,1,1,2,2,1],10,21].
[[3,7,1,1,2,0,1,1,2],24,16].
[[3,3,2,1,2,1,2,2,2],31,1].
[[2,7,1,0,0,0,2,1,1],16,4].
[[1,8,0,1,2,1,1,2,0],13,9].
[[3,8,0,1,1,1,2,3,1],23,24].
[[2,7,2,1,1,1,2,1,2],5,2].
[[3,3,2,1,1,1,2,1,2],4,0].
[[2,8,1,0,0,0,1,1,0],45,24].
[[2,6,1,1,2,0,0,0,0],9,2].
[[3,3,1,0,0,0,2,2,2],18,1].
[[2,7,1,1,2,1,2,3,0],34,7].
[[3,7,1,1,2,1,2,3,0],65,23].
[[2,7,1,1,2,0,2,2,1],14,4].
[[2,7,1,0,0,0,2,2,0],41,0].
[[2,8,0,1,1,1,2,2,0],13,22].
[[3,7,1,1,1,1,2,2,1],37,21].
[[1,5,0,0,0,0,2,1,0],57,1].
[[2,5,0,0,0,0,2,1,0],96,1].
[[3,8,0,1,1,0,2,2,2],0,8].
[[1,8,1,1,1,1,0,0,0],26,4].
[[2,7,2,1,1,1,2,2,2],9,0].
[[2,8,1,1,1,1,2,3,0],18,6].
[[1,9,2,1,2,0,1,2,2],26,51].
[[3,6,0,0,0,0,2,3,0],8,13].
[[3,9,2,0,0,0,1,1,1],2,5].
[[3,9,2,1,1,0,2,2,1],0,3].
[[3,9,2,1,1,0,2,1,0],1,6].
[[1,9,2,1,2,0,2,3,0],28,50].
[[3,8,0,0,0,0,1,2,1],19,8].
[[2,6,1,1,2,1,0,0,0],37,2].
[[3,6,1,1,1,1,2,2,2],17,1].
[[2,8,1,1,1,0,2,1,2],2,2].
[[1,9,2,1,1,1,2,1,0],19,17].
[[2,8,0,1,2,0,0,0,0],4,33].
[[3,6,0,1,2,0,0,0,0],0,2].
[[3,3,1,1,2,1,2,1,2],26,2].
[[2,6,1,0,0,0,1,2,2],27,2].
[[3,7,1,1,2,0,2,1,1],5,7].
[[3,6,1,1,2,1,2,2,0],12,1].
[[2,5,0,0,0,0,1,2,2],20,0].
[[3,3,1,1,1,1,2,3,0],3,0].
[[3,4,1,1,2,0,2,3,0],42,6].
[[2,9,2,1,1,1,2,3,1],31,12].
[[3,9,2,1,2,1,1,2,1],35,36].
[[3,7,2,1,2,0,0,0,0],8,1].
[[2,8,1,1,1,1,1,2,1],40,7].
[[3,3,1,0,0,0,2,3,1],17,0].
[[2,4,1,1,2,0,2,1,2],9,2].
[[3,8,0,0,0,0,2,3,1],33,23].
[[3,7,0,0,0,0,0,0,0],5,23].
[[1,8,1,1,2,0,2,1,2],29,14].
[[1,7,1,0,0,0,1,2,1],3,1].
[[3,7,1,1,1,0,1,2,1],5,3].
[[2,7,1,0,0,0,2,1,0],15,4].
[[1,3,2,0,0,0,0,0,0],27,0].
[[3,8,0,1,1,1,2,2,2],21,58].
[[3,9,2,1,2,0,1,2,1],11,8].
[[1,7,2,1,2,1,1,2,2],7,3].
[[2,7,2,1,1,1,1,2,2],6,4].
[[3,9,2,1,1,1,2,3,1],6,22].
[[1,6,1,1,2,1,2,1,2],10,0].
[[3,3,2,1,2,1,2,1,2],19,0].
[[1,6,1,0,0,0,2,2,1],31,0].
[[2,7,2,1,1,1,1,1,2],3,1].
[[2,6,0,1,2,1,2,3,2],6,11].
[[3,6,0,1,1,1,2,3,2],0,7].
[[2,7,0,0,0,0,2,2,2],3,10].
[[3,7,0,0,0,0,1,2,2],11,20].
[[3,9,2,0,0,0,2,2,1],6,24].
[[2,6,1,0,0,0,2,3,0],21,0].
[[3,6,1,1,1,1,2,2,0],3,0].
[[3,3,1,0,0,0,0,0,0],29,1].
[[2,3,1,0,0,0,2,3,2],5,0].
[[3,3,1,1,2,0,1,2,2],3,0].
[[1,7,1,0,0,0,2,1,1],6,3].
[[3,7,2,0,0,0,2,3,2],71,7].
[[3,6,1,1,2,1,2,1,2],38,1].
[[3,8,0,1,1,0,2,3,0],2,8].
[[3,8,1,0,0,0,1,1,1],29,8].
[[2,8,0,1,1,1,2,3,2],18,21].
[[3,7,0,1,1,1,2,3,2],1,6].
[[3,8,1,0,0,0,2,3,0],11,13].
[[2,8,0,1,2,0,2,3,1],8,7].
[[2,7,1,1,2,0,0,0,0],21,20].
[[3,7,1,1,2,0,2,2,0],15,10].
[[3,6,0,1,2,0,1,2,2],0,7].
[[3,6,1,1,2,0,2,1,1],4,0].
[[3,6,1,1,2,0,2,2,1],16,1].
[[1,9,2,1,1,1,2,2,1],7,8].
[[2,8,0,1,1,1,2,2,1],8,7].
[[3,4,1,1,2,0,1,1,1],18,2].
[[3,7,1,0,0,0,1,1,0],14,4].
[[3,9,2,1,2,1,2,3,1],17,57].
[[1,9,2,1,2,0,2,1,2],10,30].
[[2,6,1,0,0,0,2,1,0],7,0].
[[3,3,1,1,2,0,2,1,0],1,0].
[[2,6,1,1,2,1,2,2,0],5,1].
[[3,6,1,1,1,1,1,1,0],1,2].
[[2,5,0,1,1,1,1,1,1],12,0].
[[1,8,1,1,2,1,1,1,1],6,8].
[[2,8,1,1,2,1,1,1,1],25,19].
[[2,8,1,1,1,1,1,1,1],8,3].
[[3,7,1,1,1,1,1,1,1],8,6].
[[3,9,2,0,0,0,2,3,2],5,19].
[[1,7,1,0,0,0,1,1,2],3,2].
[[2,7,1,0,0,0,1,1,2],37,11].
[[3,3,1,0,0,0,1,1,2],2,0].
[[3,9,2,1,1,0,2,2,0],0,10].
[[3,8,1,0,0,0,2,2,2],83,25].
[[3,7,0,0,0,0,2,2,1],2,4].
[[3,8,1,0,0,0,2,3,2],84,21].
[[3,6,0,1,1,1,2,2,1],0,3].
[[3,7,1,0,0,0,0,0,0],10,15].
[[1,8,1,1,1,1,1,2,2],12,5].
[[2,6,0,1,2,1,2,2,2],1,4].
[[3,6,0,1,2,1,2,2,2],7,18].
[[3,6,1,1,2,1,2,3,0],15,0].
[[2,8,0,1,1,1,2,3,0],17,31].
[[3,7,0,0,0,0,1,2,0],11,5].
[[2,9,2,1,1,0,2,3,1],0,4].
[[2,7,0,1,2,1,2,3,0],4,3].
[[1,8,0,0,0,0,1,2,0],23,19].
[[3,3,2,1,2,1,1,1,2],17,0].
[[1,8,0,1,2,1,2,3,1],15,11].
[[2,6,1,1,2,0,2,3,2],9,1].
[[3,6,1,1,2,0,2,3,2],19,3].
[[2,8,1,1,1,1,2,2,1],51,17].
[[3,7,0,1,1,1,0,0,0],4,7].
[[2,3,1,0,0,0,2,2,2],10,0].
[[1,6,0,0,0,0,2,1,1],2,0].
[[2,6,0,1,2,1,2,1,1],1,0].
[[3,6,1,1,2,0,2,3,1],16,4].
[[2,8,0,1,2,1,1,2,1],9,10].
[[3,8,0,1,1,0,1,1,2],3,13].
[[3,7,1,1,1,0,1,2,2],5,12].
[[3,5,0,1,1,1,2,3,0],46,4].
[[3,5,0,1,1,1,1,2,1],97,2].
[[3,8,1,1,2,0,2,2,2],72,16].
[[3,5,0,1,1,0,1,2,1],13,8].
[[3,8,1,1,2,0,2,3,0],8,11].
[[1,7,1,1,2,1,2,2,1],11,1].
[[2,3,1,1,2,1,2,2,1],6,0].
[[3,6,1,1,2,1,1,2,1],25,0].
[[2,5,0,1,2,0,1,1,0],6,0].
[[3,7,2,1,1,1,2,1,2],17,4].
[[3,3,1,0,0,0,2,3,2],19,2].
[[1,5,0,0,0,0,1,2,1],22,1].
[[1,8,1,1,1,1,2,3,0],8,3].
[[3,6,1,1,2,0,2,2,2],12,1].
[[2,8,1,1,1,1,1,1,2],41,6].
[[2,9,2,1,1,0,2,3,0],2,5].
[[1,6,0,0,0,0,2,2,2],3,2].
[[2,6,0,0,0,0,1,2,2],3,4].
[[3,8,0,1,2,0,0,0,0],0,31].
[[2,7,1,1,1,1,1,2,2],4,1].
[[3,7,0,1,1,1,2,1,2],6,6].
[[3,6,1,1,1,1,1,2,2],24,1].
[[2,4,1,1,2,0,2,1,0],3,0].
[[3,4,1,1,2,0,2,1,0],24,3].
[[2,8,0,1,2,0,2,1,0],6,18].
[[3,3,0,0,0,0,2,3,2],0,1].
[[3,9,2,1,1,0,1,1,0],1,25].
[[3,8,1,1,1,0,2,3,1],11,11].
[[3,6,0,0,0,0,1,2,0],7,2].
[[2,3,1,0,0,0,2,3,1],8,0].
[[3,7,2,1,2,1,0,0,0],8,3].
[[2,7,1,1,2,0,1,1,2],3,2].
[[1,7,2,1,2,0,2,1,2],4,0].
[[2,3,2,1,2,0,2,1,2],2,0].
[[3,3,2,1,1,0,2,1,2],2,0].
[[2,8,1,1,1,1,1,1,0],11,3].
[[1,8,1,1,1,1,1,1,2],3,3].
[[2,7,1,1,1,1,1,1,2],0,3].
[[3,7,1,1,1,1,1,1,2],30,12].
[[3,9,2,1,1,1,1,2,1],8,12].
[[2,7,1,1,1,1,0,0,0],8,2].
[[3,4,1,1,2,0,2,2,0],19,3].
[[2,9,2,1,2,0,2,2,1],18,16].
[[3,9,2,1,2,0,2,2,1],10,19].
[[1,8,1,1,2,1,2,1,0],37,8].
[[3,5,0,1,2,0,1,2,2],23,2].
[[3,8,0,0,0,0,1,1,1],1,4].
[[2,9,2,1,1,0,1,2,2],6,12].
[[3,3,2,1,2,0,2,1,2],9,0].
[[3,6,1,1,1,1,2,1,2],7,1].
[[3,7,0,1,2,1,1,1,0],6,4].
[[1,5,0,1,2,1,1,1,1],15,0].
[[1,7,2,1,2,1,0,0,0],28,4].
[[3,7,1,1,1,1,0,0,0],5,10].
[[1,6,0,0,0,0,2,3,0],2,0].
[[2,4,1,1,2,0,1,1,2],12,1].
[[1,8,0,1,2,1,1,1,2],8,15].
[[2,8,1,1,1,0,1,2,2],6,5].
[[3,7,1,1,1,0,1,1,2],1,7].
[[2,7,1,1,2,1,2,2,0],27,1].
[[2,6,1,0,0,0,1,1,0],4,0].
[[3,3,1,1,2,1,0,0,0],32,6].
[[3,7,0,0,0,0,2,2,0],5,14].
[[2,3,2,0,0,0,2,3,2],19,1].
[[3,6,0,0,0,0,2,3,2],8,10].
[[2,6,1,1,1,1,2,3,2],10,0].
[[1,8,1,1,2,0,1,1,2],12,11].
[[2,8,1,1,1,0,1,1,2],4,7].
[[3,8,1,1,1,1,2,1,0],2,2].
[[1,7,2,1,2,0,2,3,2],5,1].
[[3,7,0,1,1,1,1,2,2],5,10].
[[2,6,0,1,2,1,1,2,0],1,1].
[[3,6,0,1,2,1,1,2,0],5,2].
[[3,4,1,1,2,0,1,1,0],36,4].
[[2,3,2,1,2,1,0,0,0],7,0].
[[1,8,1,1,1,1,2,1,1],3,0].
[[2,8,0,1,1,1,2,3,1],7,6].
[[3,8,1,1,1,0,2,2,2],9,12].
[[1,8,1,1,1,1,1,2,1],5,1].
[[3,3,2,1,2,1,0,0,0],13,0].
[[2,6,1,0,0,0,2,1,2],38,2].
[[3,6,1,0,0,0,1,1,2],21,2].
[[3,6,1,0,0,0,2,2,0],10,0].
[[3,3,1,1,2,0,1,2,0],3,0].
[[2,5,0,0,0,0,1,2,0],27,1].
[[2,4,1,1,2,0,1,2,2],30,3].
[[2,3,2,1,2,0,2,3,2],6,0].
[[1,9,2,1,1,1,1,1,1],0,1].
[[2,8,0,1,1,1,1,1,1],2,1].
[[3,8,0,1,1,1,1,1,1],4,4].
[[2,8,0,1,1,1,2,1,0],6,15].
[[3,4,1,1,2,0,2,1,2],28,6].
[[3,3,1,1,2,1,2,3,2],27,1].
[[3,7,1,1,1,1,2,2,0],10,2].
[[3,6,1,0,0,0,0,0,0],11,0].
[[1,6,1,1,2,1,2,2,0],3,0].
[[2,6,1,1,1,1,2,3,0],3,0].
[[3,6,1,1,2,0,1,2,2],26,0].
[[2,9,2,1,1,1,0,0,0],6,28].
[[3,9,2,1,1,1,0,0,0],0,8].
[[2,7,1,1,2,1,2,1,0],18,0].
[[3,3,1,1,2,1,2,1,0],5,0].
[[3,6,1,1,2,0,2,1,2],17,1].
[[3,7,0,1,2,0,2,1,2],2,7].
[[3,7,2,1,1,0,2,1,2],6,3].
[[3,6,1,1,1,1,2,3,0],1,1].
[[2,6,0,0,0,0,2,2,0],2,7].
[[3,6,0,1,2,0,2,2,0],2,5].
[[3,4,1,1,2,0,0,0,0],3,3].
[[2,9,2,1,1,1,1,2,1],5,10].
[[3,8,0,1,1,1,1,2,1],9,12].
[[3,6,0,0,0,0,1,1,0],1,1].
[[3,6,1,1,2,1,1,2,0],17,0].
[[3,7,2,1,1,0,2,3,2],11,6].
[[1,8,1,1,2,0,2,2,0],8,3].
[[3,6,1,0,0,0,2,1,1],6,0].
[[2,5,0,1,2,0,1,1,1],25,5].
[[3,7,2,0,0,0,2,2,0],9,1].
[[1,6,1,0,0,0,2,3,0],7,1].
[[1,7,1,1,2,1,2,3,2],10,0].
[[1,6,1,0,0,0,2,1,2],32,1].
[[3,2,1,1,2,0,2,3,2],3,0].
[[2,1,1,1,2,0,1,2,1],1,0].
[[1,5,0,1,2,0,2,3,0],2,0].
[[2,5,0,1,2,0,2,3,0],16,1].
[[2,9,2,0,0,0,2,1,1],12,17].
[[3,8,0,0,0,0,2,1,1],2,6].
[[2,9,2,1,2,0,1,2,1],7,9].
[[2,7,1,1,1,1,1,1,1],2,1].
[[3,8,1,1,1,0,1,2,0],14,11].
[[2,4,1,1,2,0,0,0,0],3,1].
[[2,9,2,1,1,0,1,2,0],3,5].
[[3,7,1,1,1,0,2,3,1],6,8].
[[3,4,1,1,2,0,1,2,1],24,2].
[[3,5,0,1,2,0,2,1,0],47,3].
[[3,7,0,1,2,0,1,2,2],2,9].
[[3,9,2,1,1,0,1,1,2],0,17].
[[3,7,2,1,2,0,1,1,2],39,26].
[[2,7,2,1,2,1,2,2,0],3,0].
[[2,9,2,0,0,0,1,1,1],11,12].
[[3,7,1,1,2,0,1,1,1],7,4].
[[3,8,0,1,1,0,1,2,0],7,9].
[[3,8,0,1,2,0,2,2,1],10,19].
[[3,9,2,0,0,0,2,1,2],0,9].
[[3,7,2,1,2,1,1,1,1],0,9].
[[3,5,0,1,1,1,1,2,0],12,1].
[[3,6,1,0,0,0,1,2,0],10,0].
[[2,6,1,0,0,0,2,1,1],4,1].
[[3,8,0,1,1,0,2,3,1],1,4].
[[3,7,0,1,2,0,2,2,1],1,2].
[[1,8,0,0,0,0,1,2,1],3,4].
[[2,7,1,1,2,1,1,2,1],18,7].
[[3,9,2,1,2,0,2,3,2],3,22].
[[3,7,2,1,2,1,1,1,0],9,0].
[[3,3,1,1,2,1,2,3,0],8,0].
[[2,8,1,1,1,1,2,2,0],18,6].
[[3,3,2,0,0,0,2,1,2],14,0].
[[2,8,0,1,1,1,2,1,2],20,22].
[[3,7,1,1,2,0,0,0,0],8,11].
[[3,9,2,1,2,1,2,1,1],2,9].
[[2,6,0,0,0,0,2,1,2],3,10].
[[1,7,2,1,2,1,1,1,2],2,4].
[[1,8,1,1,2,0,2,1,1],3,1].
[[3,7,2,0,0,0,1,2,0],12,0].
[[3,3,1,1,2,0,2,1,2],7,0].
[[3,7,2,1,2,0,1,2,0],9,0].
[[3,9,2,0,0,0,1,2,1],11,10].
[[2,3,2,0,0,0,0,0,0],31,0].
[[2,8,0,0,0,0,1,2,1],17,8].
[[3,6,1,1,1,1,2,2,1],17,0].
[[3,7,0,0,0,0,2,2,2],5,13].
[[2,9,2,1,1,0,1,1,2],1,5].
[[3,3,1,1,2,0,2,2,2],12,0].
[[3,7,0,1,1,1,2,2,0],5,9].
[[1,8,1,1,2,0,1,1,1],4,0].
[[2,7,0,1,2,1,1,2,0],3,1].
[[3,5,0,1,1,0,1,1,1],12,8].
[[3,7,0,1,1,1,1,1,2],4,2].
[[3,8,0,1,1,0,0,0,0],0,4].
[[2,1,1,1,2,0,1,1,2],1,0].
[[3,1,1,1,2,0,1,2,2],2,0].
[[3,6,0,0,0,0,2,2,2],7,11].
[[3,9,2,1,1,1,2,1,2],0,7].
[[2,6,0,0,0,0,2,2,2],8,9].
[[3,6,0,0,0,0,2,2,0],4,13].
[[3,8,0,1,1,0,2,1,2],1,8].
[[1,8,1,1,2,0,2,3,0],12,6].
[[3,8,1,1,1,0,2,3,0],1,2].
[[3,6,0,1,1,1,2,3,0],0,4].
[[3,8,1,1,2,0,2,1,0],0,4].
[[2,7,0,1,2,1,2,3,1],1,1].
[[2,9,2,1,2,1,1,1,1],7,12].
[[3,9,2,1,1,1,1,1,1],3,3].
[[3,6,1,1,2,0,1,2,0],7,1].
[[2,9,2,1,1,0,2,2,0],1,3].
[[3,8,0,1,1,0,2,2,0],2,2].
[[1,9,2,1,1,1,1,2,0],13,14].
[[3,3,0,1,2,1,0,0,0],0,1].
[[1,5,0,1,1,1,1,1,2],4,0].
[[2,6,1,1,1,1,2,1,0],0,1].
[[1,9,2,1,2,0,2,3,1],7,10].
[[3,8,0,1,2,0,1,1,1],1,2].
[[3,7,1,1,1,1,2,3,0],16,6].
[[3,2,1,0,0,0,2,2,2],4,0].
[[2,8,1,1,2,0,1,2,0],26,12].
[[3,6,1,0,0,0,2,3,1],22,1].
[[2,8,1,1,1,0,1,2,1],2,2].
[[2,6,1,1,2,1,1,2,0],6,0].
[[1,6,0,0,0,0,2,3,1],1,1].
[[2,6,0,0,0,0,2,3,1],2,2].
[[3,3,1,1,2,1,1,2,1],8,0].
[[3,6,0,1,2,1,1,2,2],9,20].
[[3,7,0,1,1,1,2,2,2],4,8].
[[3,3,2,1,2,0,0,0,0],5,0].
[[1,9,2,1,2,1,2,1,1],9,13].
[[2,9,2,1,1,1,2,1,1],1,5].
[[3,9,2,1,1,1,2,1,1],2,4].
[[2,7,2,1,2,0,1,1,2],16,10].
[[3,7,1,1,1,1,2,1,0],7,4].
[[1,6,1,0,0,0,1,2,2],3,0].
[[2,7,0,1,2,1,2,3,2],5,9].
[[3,6,0,1,2,1,2,1,2],12,13].
[[3,6,1,1,1,1,1,2,0],5,0].
[[2,5,0,1,2,0,1,2,1],16,2].
[[3,3,1,0,0,0,2,3,0],3,0].
[[2,4,1,1,2,0,2,3,0],16,3].
[[2,4,1,1,2,0,2,2,0],9,1].
[[3,8,1,1,1,0,2,3,2],10,9].
[[2,7,0,1,2,1,2,1,0],1,3].
[[2,6,0,0,0,0,1,2,0],2,0].
[[3,6,0,0,0,0,1,1,2],2,2].
[[3,7,0,1,2,1,2,3,1],4,5].
[[3,7,2,1,2,1,1,2,0],16,0].
[[3,6,1,1,1,1,2,3,1],9,0].
[[3,7,0,0,0,0,1,1,2],5,9].
[[3,9,2,1,1,0,1,1,1],0,2].
[[3,8,1,1,2,1,2,1,0],4,7].
[[3,6,1,1,1,0,1,1,2],1,2].
[[3,5,0,1,1,0,1,2,2],6,4].
[[1,8,1,1,2,1,1,1,0],4,2].
[[2,7,1,1,2,1,1,1,0],5,0].
[[2,5,0,1,2,0,2,1,0],19,1].
[[1,7,1,0,0,0,2,2,0],12,0].
[[1,8,1,1,1,1,2,1,0],1,0].
[[1,8,1,1,2,0,1,2,0],5,1].
[[2,7,1,1,2,0,1,2,0],2,1].
[[2,5,0,1,1,0,1,1,2],5,2].
[[3,7,2,0,0,0,2,1,0],3,0].
[[2,8,1,1,1,1,2,1,0],11,2].
[[3,9,2,0,0,0,0,0,0],0,4].
[[3,8,0,1,1,0,1,2,1],1,1].
[[2,5,0,1,2,1,1,2,0],18,0].
[[3,7,0,1,2,0,2,2,0],3,5].
[[2,6,1,0,0,0,2,2,0],13,2].
[[3,7,1,1,1,1,1,1,0],12,2].
[[3,7,2,1,1,1,1,1,1],0,2].
[[2,6,1,1,2,0,2,3,1],6,3].
[[2,8,0,1,2,1,2,1,1],4,10].
[[2,8,1,1,2,0,0,0,0],8,19].
[[3,3,1,1,2,0,2,2,0],3,0].
[[2,6,1,1,1,1,1,1,0],1,0].
[[3,6,0,1,1,1,2,1,2],4,0].
[[3,5,0,0,0,0,2,3,0],52,3].
[[2,8,0,1,1,1,1,2,1],2,1].
[[3,7,0,1,1,1,1,2,1],1,1].
[[3,6,0,0,0,0,2,1,2],0,8].
[[2,8,1,1,1,1,0,0,0],13,10].
[[2,3,1,0,0,0,0,0,0],21,0].
[[3,6,0,0,0,0,2,1,0],3,8].
[[2,7,1,1,1,1,2,1,0],2,0].
[[3,9,2,1,2,0,0,0,0],0,6].
[[2,3,1,0,0,0,2,2,1],4,0].
[[3,2,0,0,0,0,2,2,1],1,0].
[[2,7,1,1,2,1,1,2,0],8,2].
[[1,7,2,1,2,0,1,1,2],1,2].
[[3,6,1,1,1,1,2,1,1],1,1].
[[2,7,2,1,1,0,0,0,0],1,1].
[[3,7,2,1,1,0,2,1,0],1,1].
[[3,2,1,1,2,1,2,2,2],2,0].
[[2,7,2,0,0,0,2,2,0],4,0].
[[3,5,0,0,0,0,1,1,0],22,1].
[[3,6,1,0,0,0,1,1,1],3,1].
[[2,5,0,1,2,0,1,2,2],3,0].
[[1,9,2,1,2,1,1,1,1],4,5].
[[2,6,1,0,0,0,1,2,1],9,1].
[[3,3,1,1,2,0,1,2,1],4,0].
[[1,9,2,1,2,0,2,2,1],5,8].
[[3,8,1,0,0,0,2,2,0],2,9].
[[2,7,0,0,0,0,2,3,0],7,5].
[[3,5,0,1,1,0,2,3,0],3,1].
[[1,5,0,0,0,0,1,1,0],7,0].
[[1,3,2,0,0,0,2,1,2],3,0].
[[3,9,2,1,1,1,2,3,2],5,23].
[[3,6,1,1,1,1,1,2,1],5,4].
[[1,9,2,1,2,0,2,1,1],3,3].
[[3,7,2,1,1,0,2,2,2],7,3].
[[3,2,1,0,0,0,1,2,2],1,0].
[[2,4,1,1,2,0,1,2,1],1,0].
[[3,7,1,1,1,0,2,2,2],3,7].
[[2,3,1,1,2,1,0,0,0],6,1].
[[1,8,1,1,1,1,2,2,0],7,1].
[[2,8,1,1,1,0,1,2,0],2,1].
[[3,7,1,1,1,0,1,2,0],1,2].
[[3,3,2,1,1,1,1,1,2],3,0].
[[3,7,0,0,0,0,2,3,1],1,4].
[[1,5,0,1,2,1,1,2,0],5,0].
[[3,8,0,1,2,1,1,1,1],3,8].
[[2,4,1,1,2,0,1,2,0],15,2].
[[2,8,1,1,1,0,2,3,1],3,7].
[[3,4,0,1,2,0,2,3,1],0,1].
[[2,7,1,1,2,0,2,3,0],7,2].
[[3,6,0,1,2,1,2,1,0],3,11].
[[3,6,1,1,2,1,0,0,0],4,0].
[[3,7,1,1,1,0,2,2,0],1,0].
[[2,9,2,1,1,0,2,2,2],0,7].
[[1,5,0,1,2,0,1,1,2],5,0].
[[3,7,2,0,0,0,2,3,0],5,1].
[[3,3,1,0,0,0,2,2,0],2,0].
[[3,6,0,1,1,1,0,0,0],1,5].
[[2,7,0,0,0,0,2,1,2],5,13].
[[3,7,0,1,2,1,1,2,1],2,3].
[[3,6,1,0,0,0,1,2,1],10,1].
[[2,7,2,1,1,0,1,1,2],0,2].
[[3,7,2,1,1,0,1,1,2],6,5].
[[3,6,1,1,1,0,2,2,2],0,3].
[[3,6,1,0,0,0,1,1,0],4,0].
[[3,7,0,1,2,0,2,3,2],4,4].
[[1,8,0,0,0,0,1,1,1],0,2].
[[2,8,0,0,0,0,1,1,1],1,3].
[[1,3,2,0,0,0,1,2,2],1,0].
[[2,3,2,1,2,1,1,2,2],4,0].
[[1,9,2,0,0,0,1,1,1],11,12].
[[1,7,2,1,2,0,2,1,0],1,0].
[[1,6,1,1,2,1,1,2,2],1,0].
[[3,4,0,1,2,0,1,1,2],0,3].
[[1,8,0,1,2,1,1,2,1],3,0].
[[2,7,0,1,2,1,1,2,1],1,0].
[[1,5,0,1,1,1,2,3,0],0,2].
[[3,7,2,1,2,1,2,1,0],6,0].
[[3,9,2,1,2,0,2,1,1],2,7].
[[3,7,2,1,1,0,2,3,0],2,1].
[[1,7,1,1,2,1,2,2,2],15,3].
[[2,3,2,1,2,0,0,0,0],3,0].
[[2,6,1,1,2,0,1,2,2],5,0].
[[3,6,1,1,1,0,1,2,2],1,1].
[[2,2,1,0,0,0,0,0,0],9,0].
[[1,8,1,1,1,1,2,2,1],11,2].
[[2,6,1,1,2,0,1,1,2],1,3].
[[3,3,2,1,2,0,1,1,2],6,0].
[[3,8,1,1,1,0,1,1,1],4,4].
[[3,5,0,1,1,0,1,1,0],0,2].
[[3,8,0,1,1,1,2,1,1],3,4].
[[2,5,0,1,2,1,1,2,2],15,1].
[[2,6,1,1,1,1,1,1,2],2,0].
[[2,8,0,1,2,0,1,2,1],2,4].
[[2,6,1,1,1,1,0,0,0],4,1].
[[1,7,2,0,0,0,2,1,0],2,0].
[[2,7,2,1,2,1,1,1,0],2,0].
[[1,6,1,1,2,1,1,2,1],3,0].
[[2,3,2,1,2,1,1,1,2],2,0].
[[3,3,2,1,1,1,1,1,1],1,0].
[[2,8,1,1,1,0,2,3,0],5,1].
[[3,8,1,1,1,0,2,1,1],2,0].
[[2,7,1,1,1,1,2,2,0],3,1].
[[3,3,1,1,1,1,2,1,2],2,0].
[[3,5,0,1,1,0,2,1,0],6,3].
[[2,7,2,1,1,0,2,2,2],4,1].
[[3,4,0,1,2,0,2,2,2],0,1].
[[3,7,2,1,2,0,2,2,0],3,0].
[[3,7,1,1,1,0,0,0,0],1,3].
[[2,6,0,1,2,1,2,1,2],4,4].
[[2,7,1,1,2,0,2,1,0],4,0].
[[1,6,1,0,0,0,1,2,1],4,1].
[[2,6,1,1,2,1,1,2,1],7,1].
[[3,3,1,0,0,0,2,2,1],15,1].
[[2,7,2,1,2,1,2,1,0],1,0].
[[1,6,0,0,0,0,2,1,2],3,2].
[[2,6,0,1,2,1,1,1,2],0,2].
[[2,6,0,1,2,1,1,2,2],3,3].
[[3,6,0,1,1,1,1,2,2],0,2].
[[1,8,0,0,0,0,1,1,0],8,7].
[[3,3,2,0,0,0,0,0,0],12,0].
[[3,6,1,1,1,0,2,3,2],0,2].
[[2,6,1,0,0,0,1,2,0],2,1].
[[2,6,0,0,0,0,1,1,2],2,1].
[[3,6,0,1,2,0,1,1,2],1,4].
[[3,3,1,1,1,1,2,1,0],1,0].
[[2,6,1,1,1,1,2,2,2],9,0].
[[3,3,1,0,0,0,2,1,1],3,1].
[[2,8,0,1,2,0,2,1,1],0,2].
[[3,3,1,1,2,0,2,3,1],6,0].
[[2,7,0,0,0,0,2,3,1],1,1].
[[3,7,2,0,0,0,0,0,0],7,0].
[[2,7,0,1,2,1,1,2,2],2,1].
[[1,9,2,1,2,0,1,1,0],4,8].
[[3,6,0,1,2,0,2,2,2],1,2].
[[2,7,1,1,2,1,1,1,1],4,5].
[[2,3,2,1,2,1,2,1,2],5,0].
[[1,7,2,1,2,0,1,2,2],2,3].
[[2,7,2,1,1,0,1,2,2],0,4].
[[3,9,2,1,1,0,2,3,2],0,3].
[[1,3,2,0,0,0,2,3,2],2,0].
[[1,6,0,0,0,0,2,3,2],2,4].
[[3,9,2,0,0,0,2,1,1],3,5].
[[3,7,1,1,1,0,2,2,1],4,6].
[[2,6,1,1,2,1,2,1,0],3,0].
[[1,9,2,1,1,1,1,1,0],6,3].
[[2,8,0,1,1,1,1,1,0],4,2].
[[2,6,0,0,0,0,2,1,0],3,4].
[[2,7,1,1,1,1,1,2,1],3,1].
[[2,6,0,1,2,1,2,3,0],3,6].
[[2,7,0,1,2,1,2,2,2],6,8].
[[1,5,0,1,2,0,2,1,0],3,2].
[[2,5,0,1,1,0,2,1,0],0,1].
[[3,6,1,1,1,1,2,1,0],1,0].
[[1,5,0,0,0,0,1,2,0],10,0].
[[3,9,2,1,1,0,1,2,1],1,4].
[[2,4,1,1,2,0,1,1,1],4,0].
[[2,7,1,1,2,0,2,1,1],2,2].
[[2,6,1,1,1,1,2,1,2],2,0].
[[3,7,0,0,0,0,1,1,0],2,3].
[[1,5,0,1,2,1,1,1,0],4,0].
[[3,7,0,1,2,0,2,1,0],1,7].
[[1,7,2,0,0,0,2,2,0],4,1].
[[2,7,2,0,0,0,1,1,0],3,1].
[[3,7,2,0,0,0,1,1,0],1,1].
[[1,8,0,1,2,1,2,1,1],3,0].
[[3,8,1,1,2,1,0,0,0],0,9].
[[3,7,1,1,1,0,2,3,0],3,1].
[[3,9,2,1,1,0,2,3,1],0,6].
[[3,5,0,1,1,0,1,2,0],3,1].
[[2,9,2,1,1,0,2,2,1],0,1].
[[3,8,0,1,1,0,2,2,1],0,1].
[[3,2,0,0,0,0,0,0,0],0,1].
[[2,7,0,0,0,0,1,2,2],3,3].
[[2,6,1,1,1,1,2,3,1],3,0].
[[3,6,1,1,2,0,1,2,1],4,2].
[[3,1,1,1,2,0,1,1,2],1,0].
[[2,4,1,1,2,0,1,1,0],6,2].
[[3,3,1,1,2,0,0,0,0],4,0].
[[3,7,0,1,2,1,2,2,1],6,6].
[[2,5,0,1,1,0,1,2,0],0,2].
[[2,6,1,0,0,0,1,1,1],3,0].
[[2,7,1,0,0,0,1,1,0],4,0].
[[2,7,1,1,1,1,2,3,0],3,0].
[[1,6,1,0,0,0,2,1,0],4,0].
[[3,8,1,1,2,0,2,2,0],2,6].
[[2,3,1,1,2,1,2,2,2],2,0].
[[3,3,1,1,1,1,2,2,2],3,0].
[[2,7,2,0,0,0,2,3,0],3,0].
[[3,6,0,1,2,1,2,2,1],3,4].
[[1,9,2,1,1,1,2,1,1],1,1].
[[3,3,2,0,0,0,2,2,0],1,0].
[[2,6,1,1,2,1,2,1,1],3,0].
[[2,8,1,1,1,0,2,2,2],2,3].
[[2,6,0,1,2,1,2,3,1],2,1].
[[3,6,0,1,2,1,2,3,1],4,3].
[[3,3,1,1,1,1,0,0,0],2,1].
[[3,3,2,1,1,0,1,2,2],1,0].
[[1,3,2,0,0,0,2,2,2],3,0].
[[3,6,0,1,2,1,1,1,0],7,1].
[[3,6,1,1,2,0,1,1,2],8,2].
[[3,6,1,1,2,0,2,3,0],10,0].
[[1,8,0,1,2,1,1,1,0],3,2].
[[1,6,1,1,2,1,2,1,0],1,1].
[[2,6,1,1,2,1,1,1,0],1,1].
[[2,9,2,1,1,0,2,1,2],0,3].
[[3,7,0,0,0,0,2,1,1],1,1].
[[2,3,2,1,2,1,2,2,2],9,0].
[[3,6,1,0,0,0,2,1,0],8,0].
[[3,6,1,1,2,0,1,1,1],0,1].
[[2,8,1,1,1,0,0,0,0],0,2].
[[3,3,1,1,2,0,2,2,1],6,1].
[[2,6,1,1,2,1,2,3,0],7,0].
[[2,6,1,1,2,0,2,2,0],1,0].
[[2,6,1,1,2,1,1,1,1],3,0].
[[3,6,1,1,2,0,2,2,0],6,0].
[[3,7,2,1,2,0,1,1,1],0,4].
[[1,7,1,1,2,1,1,2,2],1,0].
[[2,3,1,1,2,1,1,2,2],1,0].
[[3,7,2,1,1,1,1,2,0],6,0].
[[2,7,1,1,2,0,2,2,0],4,0].
[[2,7,2,0,0,0,2,1,0],3,0].
[[3,6,1,1,1,0,2,1,2],1,0].
[[2,6,1,1,2,0,1,2,1],4,0].
[[2,2,1,0,0,0,2,3,0],1,0].
[[3,2,1,1,2,1,1,2,0],1,0].
[[2,3,1,0,0,0,2,3,0],1,0].
[[3,6,1,1,2,1,1,1,1],5,1].
[[3,3,1,1,2,0,1,1,2],1,0].
[[2,7,0,0,0,0,2,1,0],1,3].
[[3,6,0,1,1,1,2,1,0],1,1].
[[2,6,0,1,2,1,2,1,0],1,1].
[[3,3,1,1,1,1,1,1,1],1,0].
[[3,6,0,1,2,0,2,1,2],0,3].
[[3,3,1,0,0,0,1,2,1],5,0].
[[2,7,0,0,0,0,2,2,1],1,1].
[[3,7,0,1,1,1,2,1,0],1,3].
[[1,7,1,1,2,1,2,1,2],6,4].
[[3,3,1,0,0,0,1,2,0],2,0].
[[1,5,0,1,2,0,1,1,1],3,0].
[[2,6,1,1,1,1,2,2,1],3,0].
[[3,3,1,1,2,1,2,1,1],4,0].
[[3,6,0,1,2,0,2,1,0],0,1].
[[2,3,2,0,0,0,2,2,0],3,0].
[[3,3,2,1,2,1,2,2,0],1,0].
[[3,6,1,1,2,0,0,0,0],1,0].
[[2,7,1,1,1,1,2,1,1],4,1].
[[2,7,1,1,1,1,2,2,2],6,1].
[[2,7,0,1,2,1,1,1,0],1,2].
[[3,3,1,0,0,0,2,1,0],2,0].
[[1,6,1,0,0,0,2,1,1],4,0].
[[3,9,2,1,1,0,2,1,1],0,3].
[[2,5,0,1,1,1,1,1,0],3,0].
[[1,5,0,1,1,1,1,2,1],2,0].
[[1,5,0,1,1,1,1,1,1],2,0].
[[2,7,2,1,2,1,2,3,0],2,0].
[[2,5,0,1,1,0,1,2,1],0,1].
[[3,4,0,1,2,0,1,2,1],0,1].
[[3,1,1,1,2,0,1,1,1],2,0].
[[2,8,1,1,1,0,2,3,2],4,4].
[[2,7,2,1,2,0,1,2,0],1,0].
[[2,7,2,1,2,0,1,1,0],1,0].
[[3,6,0,1,2,0,2,3,1],2,1].
[[3,7,0,0,0,0,1,2,1],3,0].
[[3,6,1,1,1,0,2,3,1],1,2].
[[3,6,1,1,2,1,2,1,0],2,0].
[[3,3,1,1,1,1,2,3,2],3,0].
[[3,3,1,1,2,0,2,3,0],2,0].
[[1,6,1,1,2,1,2,2,2],12,1].
[[2,8,1,1,1,0,2,1,0],1,1].
[[2,7,1,1,2,0,1,1,1],1,1].
[[2,2,1,1,2,1,2,3,2],2,0].
[[3,2,1,1,2,1,2,3,2],4,0].
[[1,5,0,1,1,1,1,1,0],1,0].
[[3,6,0,1,2,0,2,3,2],0,3].
[[2,3,1,1,2,1,2,1,2],3,0].
[[1,8,1,1,1,1,1,1,1],2,0].
[[1,7,1,0,0,0,1,2,2],1,0].
[[2,7,0,0,0,0,2,2,0],2,0].
[[3,2,1,0,0,0,2,1,2],5,0].
[[3,2,1,1,2,1,0,0,0],5,0].
[[2,9,2,1,1,1,1,1,1],2,3].
[[3,2,0,1,2,1,2,1,2],0,1].
[[1,8,1,1,1,1,1,2,0],3,0].
[[2,6,1,1,2,0,2,2,2],5,1].
[[3,7,0,1,2,0,1,2,0],3,1].
[[2,9,2,1,1,0,1,1,0],0,3].
[[3,8,0,1,1,0,1,1,0],1,5].
[[2,2,1,1,2,1,0,0,0],3,0].
[[3,2,1,1,2,1,2,1,2],1,0].
[[2,6,1,1,2,0,2,1,2],3,0].
[[2,2,1,0,0,0,2,1,2],1,0].
[[3,6,1,1,1,0,1,2,1],1,1].
[[1,7,1,1,2,1,2,1,1],1,1].
[[2,6,1,1,1,1,1,2,1],1,0].
[[2,7,0,1,2,1,2,2,1],0,1].
[[2,6,0,0,0,0,2,2,1],1,2].
[[3,6,0,0,0,0,2,2,1],2,0].
[[3,7,2,1,1,0,1,2,0],1,0].
[[3,7,2,1,1,0,1,1,1],0,2].
[[2,3,2,0,0,0,1,1,2],1,0].
[[1,8,1,1,1,1,1,1,0],3,0].
[[3,7,0,1,2,0,0,0,0],0,12].
[[1,6,1,1,2,1,2,3,0],1,0].
[[3,7,2,1,2,0,2,3,0],5,0].
[[2,5,0,1,2,0,1,2,0],4,0].
[[2,5,0,1,1,1,1,2,0],1,0].
[[3,2,1,1,1,1,2,2,2],1,0].
[[3,4,1,1,2,0,2,1,1],3,0].
[[3,6,0,1,1,1,1,1,1],1,0].
[[3,7,0,1,1,1,2,3,1],1,3].
[[2,7,2,1,1,0,2,3,2],1,2].
[[2,7,2,1,1,1,0,0,0],2,1].
[[3,4,0,1,2,0,2,3,2],0,1].
[[2,8,0,1,2,0,1,1,0],3,6].
[[3,7,0,1,2,0,1,1,0],0,1].
[[2,7,2,0,0,0,1,2,0],4,0].
[[2,6,1,1,2,0,2,3,0],3,0].
[[1,6,0,0,0,0,2,2,0],1,0].
[[3,6,0,1,1,1,1,2,0],2,1].
[[3,3,1,1,2,1,1,1,1],1,0].
[[1,9,2,1,1,1,1,2,1],0,2].
[[2,6,0,0,0,0,1,2,1],1,1].
[[3,6,0,1,2,0,1,2,1],0,1].
[[1,2,1,0,0,0,0,0,0],5,0].
[[3,4,0,1,2,0,1,2,0],0,1].
[[3,7,0,1,1,1,1,1,0],3,1].
[[3,7,2,1,2,0,2,1,0],1,0].
[[3,7,2,1,1,1,1,1,0],1,0].
[[3,4,0,1,2,0,2,2,1],0,2].
[[2,7,1,1,1,1,1,1,0],1,0].
[[3,3,1,1,1,1,1,2,2],1,0].
[[2,8,0,1,2,1,1,1,1],1,1].
[[3,6,1,1,2,0,2,1,0],4,0].
[[3,6,1,1,1,1,0,0,0],2,0].
[[3,2,1,0,0,0,1,1,1],1,0].
[[3,6,0,1,2,0,1,2,0],1,0].
[[3,3,1,1,1,1,2,2,1],3,0].
[[1,7,1,0,0,0,2,1,0],3,0].
[[2,7,1,1,2,0,1,1,0],1,1].
[[3,2,1,0,0,0,2,2,1],2,0].
[[3,2,1,0,0,0,0,0,0],2,0].
[[1,7,2,0,0,0,2,3,0],1,0].
[[2,6,0,1,2,1,2,2,1],0,1].
[[3,2,0,1,2,1,1,2,2],0,1].
[[3,7,2,1,1,1,2,1,0],1,0].
[[3,9,2,1,1,0,2,1,2],0,1].
[[1,6,1,1,2,1,2,1,1],1,0].
[[3,7,0,1,2,0,1,1,2],0,6].
[[3,6,1,1,2,0,1,1,0],0,2].
[[3,6,0,1,1,1,2,3,1],1,1].
[[2,3,1,0,0,0,2,2,0],1,0].
[[3,3,1,1,2,1,2,2,0],5,0].
[[3,3,1,1,1,1,1,2,1],1,0].
[[2,8,0,1,2,0,2,2,1],1,4].
[[2,8,1,1,1,0,2,2,0],0,1].
[[3,8,1,1,1,0,2,2,0],1,2].
[[3,3,1,1,2,1,1,2,0],2,0].
[[3,2,0,1,2,1,2,3,0],0,1].
[[3,3,2,1,1,0,2,3,2],2,0].
[[1,7,1,1,2,1,2,3,0],1,0].
[[2,7,0,1,2,1,1,1,2],1,1].
[[2,9,2,1,1,0,0,0,0],0,5].
[[3,2,1,0,0,0,2,3,1],3,0].
[[2,5,0,1,1,0,1,1,1],0,1].
[[1,5,0,1,1,1,2,1,0],2,0].
[[2,3,1,1,2,1,2,3,2],2,0].
[[1,8,1,1,2,0,1,1,0],0,1].
[[3,7,1,1,1,0,2,1,1],0,2].
[[2,3,2,1,2,0,1,1,2],1,0].
[[3,3,2,1,1,1,0,0,0],1,0].
[[3,3,0,1,2,1,2,2,2],0,1].
[[3,2,1,1,2,1,2,3,1],2,0].
[[3,2,1,1,2,1,2,2,1],1,0].
[[3,6,0,0,0,0,1,2,1],1,2].
[[2,7,0,0,0,0,1,1,0],1,0].
[[3,7,1,1,1,0,2,1,0],0,1].
[[3,3,1,0,0,0,1,1,1],2,0].
[[2,2,1,0,0,0,2,2,0],1,0].
[[3,2,1,0,0,0,2,2,0],1,0].
[[1,6,1,0,0,0,2,2,0],4,0].
[[1,8,0,1,2,1,1,1,1],1,0].
[[2,5,0,1,1,1,1,2,2],3,0].
[[3,6,0,1,2,0,2,2,1],0,1].
[[3,3,2,1,2,0,2,2,0],2,0].
[[3,9,2,1,1,0,0,0,0],0,2].
[[3,7,1,1,1,0,1,1,0],1,0].
[[3,7,0,1,2,1,2,1,1],0,1].
[[1,7,1,1,2,1,2,2,0],1,0].
[[3,3,1,1,1,1,2,1,1],1,0].
[[1,7,2,1,2,1,2,3,0],1,0].
[[3,6,1,1,1,1,1,1,1],0,1].
[[3,7,0,1,2,0,2,3,1],1,1].
[[3,4,0,1,2,0,1,2,2],0,2].
[[1,7,1,0,0,0,1,1,1],0,1].
[[1,7,1,1,2,1,2,1,0],1,0].
[[3,6,0,1,1,1,1,1,2],0,1].
[[2,6,1,1,2,0,1,2,0],0,1].
[[2,7,0,0,0,0,1,1,2],1,0].
[[3,2,0,1,2,1,2,2,0],0,1].
[[3,6,0,0,0,0,2,3,1],0,2].
[[2,3,1,0,0,0,2,1,1],1,0].
[[3,3,2,1,2,1,1,2,0],1,0].
[[2,9,2,1,1,0,2,1,1],1,0].
[[2,2,1,0,0,0,2,3,2],1,0].
[[3,2,1,0,0,0,2,1,0],1,0].
[[3,2,1,1,2,1,2,2,0],1,0].
[[3,8,1,1,2,0,0,0,0],0,2].
[[2,7,2,1,2,0,2,3,0],0,1].
[[2,7,0,0,0,0,1,2,0],0,1].
[[3,2,1,1,2,0,2,1,0],1,0].
[[2,3,1,1,2,1,2,3,1],1,0].
[[3,7,2,1,2,0,1,1,0],1,0].
