total_WL(13648,21347).
[[1,9,2,1,2,1,0,0,0],162,505].
[[2,8,1,1,2,1,2,3,1],203,191].
[[3,8,1,1,2,1,2,2,0],170,197].
[[1,9,2,0,0,0,2,3,1],174,579].
[[2,8,0,0,0,0,2,3,1],26,137].
[[3,8,0,0,0,0,2,3,0],4,259].
[[1,9,2,1,2,1,1,1,2],132,168].
[[2,5,0,1,2,1,1,1,1],69,10].
[[3,5,0,1,1,1,1,1,0],39,16].
[[1,8,1,1,2,1,1,2,2],100,51].
[[2,8,1,1,2,1,1,2,2],318,196].
[[3,8,1,1,1,1,1,1,2],47,53].
[[2,5,0,1,2,1,2,1,0],36,1].
[[3,5,0,1,2,1,1,1,1],177,8].
[[1,9,2,0,0,0,1,1,2],278,438].
[[2,9,1,0,0,0,1,1,2],8,32].
[[3,9,0,1,2,1,1,2,0],0,126].
[[1,5,0,0,0,0,2,3,0],49,2].
[[2,5,0,0,0,0,2,3,0],79,3].
[[3,5,0,0,0,0,2,3,0],73,3].
[[1,8,0,0,0,0,2,2,0],46,160].
[[2,8,0,1,2,1,2,2,0],39,308].
[[3,8,0,1,2,1,2,2,0],12,564].
[[1,8,1,0,0,0,0,0,0],560,653].
[[2,8,1,0,0,0,2,3,0],269,177].
[[3,8,1,0,0,0,1,2,0],107,46].
[[1,9,2,0,0,0,2,2,1],79,110].
[[2,9,2,0,0,0,2,3,1],25,132].
[[3,8,0,0,0,0,2,3,1],0,54].
[[1,8,1,0,0,0,2,3,2],504,298].
[[2,8,1,0,0,0,2,3,2],202,143].
[[3,8,1,0,0,0,2,2,0],68,106].
[[1,8,1,0,0,0,2,3,1],579,338].
[[2,8,1,0,0,0,2,3,1],222,217].
[[3,8,1,1,2,0,2,3,0],51,99].
[[1,8,0,0,0,0,2,3,2],74,270].
[[2,8,0,0,0,0,1,2,2],68,333].
[[3,8,0,0,0,0,1,2,2],6,290].
[[1,5,0,1,2,1,1,1,1],20,1].
[[1,8,0,0,0,0,1,2,2],68,155].
[[2,8,0,1,2,1,1,2,2],66,286].
[[3,6,0,1,2,1,1,2,2],1,28].
[[1,7,2,0,0,0,2,2,2],57,14].
[[2,7,2,0,0,0,1,2,2],107,21].
[[3,7,1,0,0,0,1,2,2],130,48].
[[1,9,2,0,0,0,0,0,0],327,1161].
[[2,8,0,0,0,0,0,0,0],46,304].
[[3,8,0,0,0,0,2,1,0],4,114].
[[1,8,0,1,2,1,2,3,1],13,30].
[[2,8,0,1,2,1,2,3,1],25,148].
[[3,8,0,1,2,1,2,2,1],2,37].
[[1,9,2,0,0,0,2,3,0],377,1270].
[[2,8,0,0,0,0,2,3,0],70,386].
[[3,8,0,1,2,0,2,3,0],0,165].
[[2,8,0,0,0,0,2,3,2],21,217].
[[3,8,0,1,2,1,2,3,0],13,580].
[[1,8,0,0,0,0,0,0,0],222,939].
[[3,5,0,0,0,0,2,1,0],21,2].
[[2,8,1,1,2,1,2,3,2],166,120].
[[3,7,2,1,2,1,2,3,2],60,16].
[[2,9,2,0,0,0,2,3,0],103,594].
[[1,8,1,1,2,0,2,3,1],36,35].
[[2,8,1,1,2,0,2,1,0],31,29].
[[3,8,1,1,2,0,1,1,0],29,31].
[[1,9,2,1,2,1,1,2,0],31,149].
[[2,8,0,1,2,1,1,2,0],13,79].
[[3,7,0,1,2,1,1,2,0],0,19].
[[1,9,2,1,2,1,2,2,2],85,283].
[[2,8,0,1,1,1,2,2,2],5,22].
[[3,7,0,1,1,1,2,2,2],0,11].
[[1,9,2,0,0,0,1,2,2],458,1032].
[[2,9,2,0,0,0,1,2,2],145,612].
[[3,9,2,0,0,0,1,2,2],3,140].
[[1,9,2,0,0,0,2,3,2],160,803].
[[2,9,2,1,2,1,2,2,0],100,514].
[[1,8,1,0,0,0,2,3,0],261,140].
[[3,8,1,1,2,1,2,3,0],180,226].
[[1,9,2,1,2,0,2,3,2],4,39].
[[2,8,1,1,1,0,2,3,2],2,4].
[[3,7,1,1,1,0,2,3,2],2,5].
[[1,9,2,0,0,0,2,2,0],323,1037].
[[2,9,2,0,0,0,2,2,0],69,468].
[[2,8,0,1,2,0,2,3,1],2,32].
[[3,7,1,1,2,0,2,3,1],36,41].
[[1,8,0,0,0,0,2,1,2],69,269].
[[2,8,1,0,0,0,2,2,0],226,159].
[[3,9,2,1,2,1,1,2,2],3,391].
[[1,9,2,1,2,1,2,3,0],192,536].
[[2,9,2,1,2,1,2,3,0],108,572].
[[3,8,1,1,2,1,1,2,1],260,175].
[[1,8,1,0,0,0,2,1,2],445,242].
[[2,8,1,0,0,0,2,1,2],158,123].
[[3,8,1,0,0,0,1,2,2],177,125].
[[1,9,2,1,2,0,1,1,2],11,36].
[[2,8,0,1,2,0,1,1,2],6,27].
[[3,8,0,1,1,0,1,1,2],0,13].
[[1,8,0,1,2,1,2,3,2],19,97].
[[2,8,0,1,2,1,2,3,0],57,309].
[[2,7,2,0,0,0,0,0,0],46,9].
[[3,7,2,1,2,0,2,1,2],27,5].
[[1,8,0,0,0,0,2,2,2],74,255].
[[2,8,0,1,2,1,2,2,2],17,183].
[[3,6,0,1,2,1,2,2,2],0,24].
[[1,8,1,0,0,0,1,1,2],125,81].
[[2,5,0,1,2,0,1,2,2],0,1].
[[3,5,0,1,2,1,1,2,2],59,3].
[[2,8,1,1,2,1,2,3,0],232,127].
[[1,9,2,0,0,0,2,1,0],212,676].
[[2,8,0,1,2,1,2,1,0],30,200].
[[3,8,0,1,2,1,1,2,0],0,389].
[[2,8,0,1,2,1,2,2,1],15,29].
[[3,5,0,1,2,1,1,2,1],224,2].
[[2,5,0,0,0,0,1,1,0],35,6].
[[3,5,0,1,2,1,1,1,0],110,25].
[[3,5,0,0,0,0,1,1,0],45,15].
[[2,8,0,0,0,0,2,2,0],52,298].
[[3,7,0,0,0,0,2,2,0],0,34].
[[3,5,0,1,2,0,1,1,2],136,5].
[[3,9,1,1,2,1,2,2,0],5,167].
[[2,8,0,0,0,0,1,1,0],10,58].
[[3,8,0,1,2,1,1,1,0],6,201].
[[2,9,2,1,2,1,1,2,2],159,629].
[[3,8,0,1,2,1,1,2,2],14,643].
[[2,7,1,1,2,0,0,0,0],11,22].
[[3,7,1,1,1,0,0,0,0],0,3].
[[1,9,2,0,0,0,2,2,2],178,690].
[[2,9,1,0,0,0,2,1,0],7,67].
[[3,9,0,1,2,1,1,1,0],0,80].
[[1,8,1,0,0,0,2,2,1],289,128].
[[2,7,1,0,0,0,2,2,1],49,28].
[[3,3,1,0,0,0,2,2,1],9,0].
[[2,8,1,0,0,0,1,1,2],157,116].
[[1,8,1,0,0,0,2,2,2],466,258].
[[2,6,1,0,0,0,2,2,2],45,3].
[[3,3,2,0,0,0,2,2,2],11,0].
[[1,9,2,1,1,1,1,2,2],26,36].
[[2,8,1,1,1,1,1,2,2],68,35].
[[3,4,1,1,2,0,1,2,2],91,31].
[[2,9,2,1,2,0,2,3,0],17,140].
[[3,9,1,1,2,0,1,2,0],1,110].
[[2,8,1,1,2,1,1,1,2],137,82].
[[3,7,2,1,2,1,1,1,2],73,36].
[[1,9,2,0,0,0,2,1,2],145,648].
[[3,9,1,1,2,0,2,1,0],0,19].
[[2,7,1,1,2,1,1,2,2],42,20].
[[3,7,0,1,2,1,1,2,2],0,67].
[[3,8,0,1,2,1,1,2,1],14,122].
[[2,9,2,1,2,1,1,2,0],24,222].
[[3,9,1,1,1,1,1,2,0],3,146].
[[2,8,1,0,0,0,2,2,2],195,130].
[[3,7,1,1,2,1,2,2,2],109,68].
[[2,8,1,0,0,0,1,2,1],215,107].
[[3,7,1,1,2,0,1,2,1],40,19].
[[3,8,1,1,2,0,1,2,2],138,96].
[[2,9,1,1,2,1,2,3,0],15,135].
[[2,8,1,1,2,0,1,1,2],38,31].
[[3,7,1,1,2,0,1,1,2],22,17].
[[3,9,1,1,2,0,2,3,0],0,66].
[[1,9,2,1,2,1,2,3,1],88,244].
[[2,8,0,1,1,1,2,3,1],11,18].
[[3,8,0,1,1,1,2,3,0],3,198].
[[2,8,0,1,2,1,2,3,2],20,181].
[[3,8,0,1,1,1,2,3,1],3,40].
[[1,9,2,1,1,1,1,1,0],7,9].
[[2,8,0,1,1,1,1,1,0],5,11].
[[3,4,1,1,2,0,1,1,0],36,20].
[[2,8,0,0,0,0,2,2,2],21,205].
[[1,8,1,1,2,1,0,0,0],205,196].
[[2,8,1,1,2,1,2,1,2],151,98].
[[3,8,1,1,1,1,2,2,0],60,77].
[[2,9,1,1,2,1,2,2,0],12,128].
[[2,9,2,0,0,0,1,1,2],93,249].
[[3,9,1,1,2,1,1,1,2],4,88].
[[2,6,1,0,0,0,2,1,2],52,2].
[[3,6,1,1,2,1,2,1,2],33,1].
[[3,7,2,0,0,0,2,3,2],36,2].
[[3,8,1,1,2,1,2,3,1],53,100].
[[2,8,1,1,2,0,0,0,0],0,22].
[[3,8,1,1,2,0,2,1,0],26,38].
[[2,9,2,1,2,1,1,1,2],72,234].
[[3,8,0,1,2,1,1,1,2],4,299].
[[1,8,0,0,0,0,2,3,0],58,176].
[[3,7,1,1,2,1,2,3,0],154,85].
[[2,7,2,1,2,1,0,0,0],38,9].
[[3,7,2,1,2,1,2,2,0],33,2].
[[2,9,2,0,0,0,2,1,0],52,313].
[[3,9,2,1,2,1,2,3,0],0,134].
[[1,8,1,1,2,1,2,3,1],200,113].
[[2,8,1,1,1,1,2,3,1],48,35].
[[3,8,1,1,1,1,2,3,0],44,81].
[[1,8,1,0,0,0,2,1,0],103,47].
[[2,8,1,0,0,0,1,2,0],107,60].
[[3,8,1,1,2,1,1,2,0],213,142].
[[1,9,2,1,1,1,2,2,0],32,27].
[[2,9,2,1,1,1,2,2,0],36,87].
[[3,8,1,1,1,1,1,2,1],91,55].
[[1,6,1,0,0,0,0,0,0],152,11].
[[2,2,1,0,0,0,0,0,0],2,0].
[[3,2,1,1,2,0,2,2,2],3,0].
[[2,8,0,0,0,0,2,1,2],15,172].
[[3,8,0,1,2,1,2,1,2],0,30].
[[2,8,1,1,2,0,2,1,2],36,42].
[[2,9,2,1,1,1,2,3,2],6,16].
[[3,9,1,1,1,1,1,2,2],7,98].
[[1,8,0,0,0,0,2,3,1],31,109].
[[3,8,1,0,0,0,1,2,1],104,82].
[[1,8,1,1,2,1,2,3,2],176,103].
[[2,8,1,1,2,1,2,2,2],180,106].
[[1,8,1,0,0,0,1,2,2],323,150].
[[2,8,1,1,2,0,1,2,2],93,65].
[[3,8,1,1,1,0,1,2,2],18,54].
[[2,7,1,1,2,1,0,0,0],79,81].
[[3,7,0,1,2,1,0,0,0],2,73].
[[3,8,1,1,2,1,1,2,2],399,318].
[[2,7,1,0,0,0,2,3,1],109,70].
[[2,7,1,1,2,1,1,1,2],23,8].
[[3,7,1,1,2,1,1,1,2],112,58].
[[2,8,0,1,2,1,1,1,2],40,133].
[[3,7,0,1,2,1,1,1,2],0,24].
[[1,9,2,1,2,1,2,2,0],177,466].
[[3,5,0,0,0,0,1,2,1],107,1].
[[2,9,2,0,0,0,2,1,2],8,49].
[[2,9,1,1,2,1,1,2,2],14,75].
[[3,9,1,1,2,1,1,2,2],6,205].
[[3,7,2,1,2,1,1,2,2],182,42].
[[1,9,2,1,2,1,1,2,2],228,440].
[[2,9,2,1,1,1,1,2,2],58,120].
[[3,8,0,1,1,1,1,2,2],3,210].
[[2,8,0,1,2,0,2,3,2],5,24].
[[3,8,0,1,1,0,2,3,2],0,1].
[[2,9,2,1,2,1,1,2,1],39,82].
[[3,9,2,1,2,1,1,2,1],10,54].
[[1,8,1,0,0,0,1,1,1],23,29].
[[2,7,1,1,2,1,1,1,1],3,4].
[[3,7,1,1,2,1,1,1,1],13,5].
[[2,7,1,0,0,0,2,3,2],103,50].
[[3,7,0,0,0,0,2,3,2],0,23].
[[1,8,0,0,0,0,2,2,1],11,27].
[[2,8,0,1,2,0,2,2,1],1,4].
[[3,7,0,1,2,0,2,2,1],0,2].
[[3,7,1,0,0,0,2,2,0],60,39].
[[2,8,1,1,1,1,0,0,0],4,11].
[[2,5,0,0,0,0,1,2,1],98,3].
[[3,5,0,1,2,0,1,2,1],78,7].
[[1,8,1,0,0,0,2,1,1],69,21].
[[3,8,0,1,2,0,1,2,2],6,158].
[[1,7,2,0,0,0,0,0,0],123,28].
[[3,3,2,1,2,0,0,0,0],7,0].
[[2,8,1,1,2,1,2,2,1],86,70].
[[3,8,1,1,1,1,2,2,1],10,19].
[[3,8,1,1,2,1,1,1,2],160,155].
[[2,8,1,1,1,1,2,1,0],18,10].
[[3,4,1,1,2,0,2,1,0],45,6].
[[1,8,0,1,2,1,2,3,0],16,67].
[[2,7,1,0,0,0,2,1,2],100,40].
[[3,7,1,1,2,1,1,2,2],237,120].
[[2,9,1,1,1,1,2,3,0],10,37].
[[1,8,1,1,2,1,2,2,0],70,35].
[[2,8,1,1,2,1,2,2,0],172,133].
[[3,7,1,1,2,1,2,2,0],142,81].
[[2,5,0,0,0,0,1,2,2],16,1].
[[3,5,0,0,0,0,1,2,2],29,1].
[[1,8,0,0,0,0,2,1,0],31,111].
[[1,9,2,1,2,1,2,1,2],78,244].
[[2,9,2,1,2,1,2,3,2],5,54].
[[3,8,1,1,2,1,2,3,2],28,19].
[[1,8,1,1,1,1,2,3,1],20,9].
[[1,7,1,0,0,0,0,0,0],167,115].
[[2,9,1,0,0,0,1,2,1],7,48].
[[1,9,2,1,2,1,2,3,2],85,289].
[[3,8,0,1,2,0,2,1,0],4,78].
[[2,9,2,1,2,0,2,2,0],9,104].
[[3,9,1,1,2,1,1,1,0],8,171].
[[3,8,1,1,2,0,1,2,0],65,68].
[[1,8,0,1,2,1,2,2,2],27,90].
[[3,7,1,1,1,1,2,2,2],35,12].
[[2,7,2,1,2,0,1,2,2],26,4].
[[1,9,2,0,0,0,1,2,0],94,376].
[[2,9,1,0,0,0,1,2,0],24,215].
[[2,9,1,1,2,1,2,1,0],6,80].
[[3,8,0,1,2,1,2,1,0],5,335].
[[1,8,1,0,0,0,1,2,0],36,25].
[[2,7,2,1,2,0,1,2,0],1,0].
[[3,7,2,1,2,0,1,2,0],11,1].
[[1,9,2,1,2,1,2,1,0],92,247].
[[2,9,2,1,2,1,2,2,1],12,42].
[[1,9,2,1,1,1,2,3,0],25,50].
[[2,9,2,1,1,1,2,3,0],37,117].
[[2,8,1,0,0,0,2,2,1],104,85].
[[3,8,1,1,2,0,2,2,1],4,19].
[[2,8,0,1,2,0,2,2,0],4,45].
[[3,8,0,1,2,0,2,2,0],1,126].
[[3,8,1,0,0,0,2,3,0],72,116].
[[2,9,1,1,2,1,1,2,0],27,203].
[[2,8,0,0,0,0,2,1,0],30,174].
[[3,8,0,0,0,0,1,1,0],3,80].
[[3,8,0,0,0,0,1,1,2],2,125].
[[2,8,1,0,0,0,1,2,2],386,203].
[[3,7,1,1,2,0,1,2,2],89,46].
[[3,8,1,1,2,1,2,1,0],96,119].
[[1,9,2,0,0,0,1,1,1],10,7].
[[2,9,2,0,0,0,1,1,1],4,4].
[[3,9,2,1,2,0,1,1,1],1,0].
[[1,7,2,1,2,1,0,0,0],30,5].
[[2,7,2,1,2,1,2,3,2],58,16].
[[1,9,2,1,2,0,2,2,2],5,34].
[[2,9,2,1,1,0,2,2,2],0,1].
[[3,9,1,1,1,0,2,2,0],0,16].
[[2,8,1,0,0,0,0,0,0],14,76].
[[1,5,0,0,0,0,2,1,0],34,2].
[[2,5,0,0,0,0,2,1,0],59,4].
[[1,9,2,1,2,1,1,2,1],33,75].
[[2,9,1,1,2,1,1,2,1],11,60].
[[3,9,1,1,2,0,1,1,2],1,32].
[[3,5,0,1,2,1,2,1,0],70,4].
[[1,9,2,1,2,0,2,2,1],1,9].
[[2,9,2,1,2,0,2,2,1],2,5].
[[3,8,0,1,2,0,2,2,1],0,6].
[[2,7,1,1,2,1,2,3,1],84,50].
[[3,7,1,1,1,1,2,3,1],27,35].
[[2,8,1,0,0,0,2,1,0],110,88].
[[3,7,1,0,0,0,2,1,0],26,15].
[[2,9,2,1,1,1,1,1,2],29,63].
[[2,7,1,1,2,1,2,1,0],17,3].
[[3,3,1,1,2,1,2,1,0],5,0].
[[1,8,1,1,2,0,2,2,2],20,19].
[[2,7,1,1,2,0,2,2,2],5,11].
[[3,7,1,1,1,0,2,2,2],1,6].
[[2,9,2,1,2,0,2,1,0],16,61].
[[3,9,2,1,2,0,2,1,0],0,13].
[[3,8,0,1,2,0,1,1,2],3,74].
[[1,5,0,1,2,1,2,1,0],11,0].
[[2,5,0,1,2,1,1,2,0],37,6].
[[3,5,0,1,2,1,1,2,0],137,7].
[[1,9,2,0,0,0,1,2,1],66,115].
[[2,9,2,0,0,0,1,2,1],32,95].
[[3,9,1,0,0,0,1,2,1],3,31].
[[1,9,2,0,0,0,2,1,1],19,16].
[[2,9,2,1,2,1,2,3,1],18,122].
[[3,9,2,1,2,1,2,2,0],0,100].
[[2,7,1,1,2,1,2,2,2],79,36].
[[1,7,2,0,0,0,2,3,2],81,16].
[[2,7,2,0,0,0,2,3,2],81,12].
[[3,7,2,0,0,0,2,2,2],30,5].
[[2,8,1,0,0,0,1,1,1],27,36].
[[3,5,0,0,0,0,1,1,1],87,3].
[[2,5,0,1,2,0,1,1,1],21,2].
[[3,5,0,1,2,0,1,1,1],55,7].
[[3,7,1,1,2,1,2,2,1],41,43].
[[2,9,2,1,2,0,1,1,2],15,58].
[[3,3,1,1,1,1,2,2,2],2,0].
[[3,8,1,1,1,1,2,2,2],7,5].
[[2,7,1,0,0,0,0,0,0],77,132].
[[3,7,1,1,2,0,2,1,2],37,20].
[[1,7,1,0,0,0,1,2,1],6,2].
[[2,7,1,1,2,0,1,2,1],5,3].
[[3,7,1,1,2,0,1,1,1],8,9].
[[2,9,2,1,1,0,1,1,2],1,2].
[[3,9,2,1,1,0,1,1,2],0,8].
[[2,8,0,1,1,1,1,1,2],13,19].
[[3,8,0,1,1,1,1,1,2],3,93].
[[3,9,1,1,2,1,1,2,0],9,384].
[[3,7,1,1,2,1,1,2,1],146,41].
[[2,6,1,0,0,0,2,3,1],55,3].
[[3,3,1,1,2,1,2,3,1],27,5].
[[1,5,0,0,0,0,1,2,1],27,1].
[[2,5,0,1,2,1,1,2,1],70,2].
[[2,4,1,1,2,0,1,2,2],12,9].
[[3,6,1,0,0,0,2,3,0],30,3].
[[1,9,2,1,1,1,2,2,2],17,39].
[[2,9,2,1,2,1,0,0,0],17,148].
[[3,8,0,1,2,1,0,0,0],0,134].
[[2,8,0,0,0,0,2,2,1],10,35].
[[3,8,0,1,2,0,1,2,1],2,32].
[[3,7,1,1,2,1,2,1,0],76,37].
[[3,9,1,0,0,0,1,2,0],2,149].
[[3,9,2,1,1,1,1,2,2],6,163].
[[3,8,0,0,0,0,2,2,0],2,213].
[[1,8,1,0,0,0,2,2,0],200,107].
[[2,8,1,1,2,0,2,2,1],26,28].
[[3,8,1,1,2,1,2,2,1],25,51].
[[1,6,1,0,0,0,2,3,2],50,6].
[[2,6,1,0,0,0,2,3,2],51,5].
[[3,6,1,1,2,1,2,3,1],44,2].
[[3,7,1,1,2,0,2,3,2],41,24].
[[2,7,2,0,0,0,2,1,2],69,14].
[[1,7,1,1,2,1,0,0,0],30,26].
[[2,7,1,1,1,1,2,1,0],2,1].
[[3,7,2,1,2,0,2,2,2],19,6].
[[3,8,0,1,1,1,2,2,0],2,157].
[[1,8,0,0,0,0,1,1,2],37,43].
[[2,5,0,0,0,0,1,1,1],70,4].
[[2,9,2,1,1,1,1,2,1],12,26].
[[3,8,0,1,1,1,1,2,1],5,46].
[[3,8,1,1,2,0,1,2,1],90,70].
[[3,9,0,1,2,1,1,2,1],0,21].
[[1,9,2,1,2,0,2,3,0],8,68].
[[2,8,1,1,2,0,2,3,0],70,67].
[[3,8,1,1,1,0,2,2,0],10,20].
[[2,8,1,0,0,0,1,1,0],42,25].
[[3,7,1,1,2,0,1,1,0],16,5].
[[2,9,2,1,1,1,2,1,0],24,55].
[[3,9,1,1,1,1,2,1,0],2,41].
[[3,9,2,1,2,1,2,2,1],0,8].
[[3,8,1,1,2,1,0,0,0],0,14].
[[2,8,1,1,2,1,1,2,0],91,50].
[[3,8,1,1,2,1,1,1,0],92,109].
[[2,9,2,1,2,1,2,1,0],48,255].
[[2,8,1,1,1,1,2,1,2],26,14].
[[3,4,1,1,2,0,2,2,0],50,14].
[[2,9,1,1,2,0,1,2,0],3,49].
[[3,8,0,1,2,0,1,2,0],0,97].
[[3,9,1,1,2,1,2,3,0],6,187].
[[1,9,2,1,1,1,2,3,1],16,24].
[[2,9,2,1,1,1,2,3,1],12,31].
[[3,9,1,1,1,1,1,2,1],3,36].
[[2,8,0,0,0,0,1,1,2],42,150].
[[3,8,1,1,2,0,2,2,0],66,88].
[[1,3,2,0,0,0,0,0,0],21,0].
[[2,3,2,1,2,1,2,2,2],7,0].
[[3,2,1,1,2,1,2,2,2],2,0].
[[2,9,2,0,0,0,2,3,2],10,56].
[[1,9,2,1,2,0,1,2,2],26,52].
[[2,9,2,1,1,0,1,2,2],1,17].
[[3,4,0,1,2,0,1,2,2],0,2].
[[2,7,1,0,0,0,2,2,2],102,42].
[[3,7,1,0,0,0,2,2,2],80,29].
[[3,7,1,0,0,0,2,3,2],53,38].
[[2,7,2,1,2,1,2,2,2],39,9].
[[3,7,2,1,1,1,2,3,1],9,5].
[[1,8,1,1,2,1,2,1,1],26,13].
[[3,5,0,1,1,1,1,2,1],82,2].
[[2,8,0,1,1,1,0,0,0],17,42].
[[3,4,1,1,2,0,0,0,0],9,1].
[[2,5,0,1,2,1,1,1,2],183,5].
[[3,5,0,1,2,1,1,1,2],383,10].
[[2,9,2,1,2,1,1,1,0],30,124].
[[3,9,2,1,1,1,1,1,0],0,29].
[[3,9,2,0,0,0,1,2,1],6,25].
[[2,9,1,0,0,0,1,1,0],4,121].
[[3,9,0,1,2,0,1,1,0],0,21].
[[1,9,2,1,1,1,0,0,0],27,44].
[[3,8,0,1,1,1,2,1,0],0,113].
[[2,8,1,1,2,1,2,1,0],88,53].
[[1,6,1,1,2,1,1,1,2],1,0].
[[2,6,1,1,1,1,1,1,2],1,0].
[[3,6,1,1,1,1,1,1,2],10,0].
[[1,9,2,1,2,0,0,0,0],11,57].
[[2,8,1,1,1,0,2,2,1],2,4].
[[3,7,1,1,1,0,2,2,1],1,3].
[[1,8,1,1,2,1,2,2,1],93,40].
[[1,8,0,1,2,1,0,0,0],89,309].
[[2,8,0,1,2,1,0,0,0],30,322].
[[3,8,0,1,1,1,0,0,0],0,48].
[[2,8,1,1,2,0,2,3,1],52,74].
[[3,8,1,1,2,0,2,3,1],24,41].
[[2,7,2,0,0,0,1,1,2],48,23].
[[3,7,1,0,0,0,1,1,2],59,25].
[[3,7,1,1,2,1,1,2,0],71,6].
[[3,9,1,0,0,0,2,3,0],2,73].
[[1,7,2,0,0,0,1,2,2],43,11].
[[2,7,2,1,2,1,1,2,2],67,22].
[[3,9,2,1,2,1,1,1,2],1,127].
[[2,8,1,1,2,1,1,2,1],195,83].
[[3,8,1,0,0,0,1,1,1],18,10].
[[3,5,0,1,2,0,1,1,0],33,10].
[[2,9,2,1,2,1,2,1,2],4,45].
[[3,8,0,0,0,0,1,2,0],0,153].
[[2,5,0,1,2,1,2,3,0],86,1].
[[1,9,2,1,1,1,1,2,0],8,12].
[[2,8,1,1,1,1,1,2,0],15,10].
[[3,8,1,1,1,1,1,2,0],60,53].
[[3,5,0,1,1,1,2,3,0],49,3].
[[2,8,0,0,0,0,1,2,1],8,40].
[[3,8,0,0,0,0,1,2,1],6,60].
[[3,7,0,1,1,1,2,2,0],0,14].
[[1,7,1,0,0,0,2,1,2],39,9].
[[2,7,1,0,0,0,1,2,2],69,19].
[[3,7,1,1,2,1,2,1,2],124,42].
[[3,6,1,0,0,0,2,1,0],16,0].
[[1,8,1,1,2,1,2,1,0],33,18].
[[2,8,1,1,1,1,1,1,0],6,10].
[[1,8,1,0,0,0,1,2,1],167,81].
[[3,9,1,0,0,0,1,2,2],2,88].
[[3,9,1,0,0,0,1,1,0],6,70].
[[2,5,0,0,0,0,1,1,2],210,8].
[[3,7,0,0,0,0,2,3,0],0,24].
[[2,9,1,0,0,0,2,3,0],16,120].
[[2,5,0,1,2,0,1,2,1],17,1].
[[3,5,0,1,2,0,1,2,0],37,2].
[[3,8,0,1,2,0,2,3,2],0,7].
[[3,9,1,0,0,0,2,2,0],2,55].
[[3,9,2,1,1,1,1,1,2],2,54].
[[1,8,1,1,2,1,2,1,2],154,59].
[[2,7,1,1,1,1,2,1,2],6,0].
[[2,4,1,1,2,0,2,3,0],18,7].
[[3,8,0,0,0,0,2,3,2],0,25].
[[3,7,1,1,1,0,2,1,2],1,6].
[[2,8,0,1,2,1,2,1,2],20,152].
[[2,8,1,1,2,1,0,0,0],9,72].
[[2,5,0,1,1,0,1,1,1],0,3].
[[3,5,0,1,1,0,1,1,0],2,8].
[[2,9,1,1,1,1,1,2,0],12,48].
[[3,9,0,1,1,1,1,2,0],0,58].
[[3,7,2,0,0,0,2,3,0],22,1].
[[2,7,1,1,1,1,0,0,0],12,3].
[[3,8,0,1,2,1,2,2,2],3,57].
[[3,9,1,1,2,1,1,2,1],15,85].
[[2,8,1,1,2,0,2,2,0],50,48].
[[3,8,1,1,1,0,1,1,0],0,18].
[[1,8,0,1,2,1,1,2,2],31,38].
[[2,7,0,1,2,1,1,2,2],4,8].
[[3,8,1,0,0,0,2,1,2],5,7].
[[3,6,1,1,1,1,1,2,2],18,2].
[[1,5,0,1,2,1,1,2,1],10,0].
[[2,4,1,1,2,0,0,0,0],5,1].
[[3,8,0,1,2,1,2,3,2],1,50].
[[2,7,0,0,0,0,1,2,2],2,8].
[[3,5,0,0,0,0,1,1,2],171,9].
[[3,9,2,0,0,0,2,3,0],0,58].
[[3,7,1,1,1,1,1,2,2],65,34].
[[3,9,2,1,2,0,1,2,2],4,124].
[[3,7,1,0,0,0,0,0,0],3,27].
[[3,6,0,0,0,0,1,2,1],0,3].
[[3,9,0,0,0,0,1,2,1],0,9].
[[3,7,1,1,1,1,2,3,0],36,29].
[[2,8,0,1,2,1,1,2,1],8,41].
[[3,7,2,0,0,0,2,3,1],16,3].
[[1,8,1,1,1,1,2,2,1],6,4].
[[2,8,1,1,1,1,2,2,1],20,10].
[[3,4,1,1,2,0,2,2,1],6,4].
[[3,7,0,1,2,1,2,3,0],0,69].
[[3,8,0,1,1,1,1,2,0],0,122].
[[2,9,1,1,1,1,1,2,1],1,20].
[[3,4,1,1,2,0,1,2,1],33,24].
[[3,7,2,1,1,0,1,2,2],9,12].
[[2,8,0,1,2,0,1,2,2],14,43].
[[3,8,0,1,1,0,1,2,1],0,6].
[[3,9,2,1,2,1,1,2,0],0,112].
[[2,7,1,1,2,1,2,1,2],65,29].
[[3,6,1,0,0,0,2,2,2],14,0].
[[3,7,2,1,2,1,2,3,0],38,3].
[[1,7,1,0,0,0,2,2,2],32,29].
[[2,3,1,1,2,1,2,2,2],3,0].
[[3,6,1,0,0,0,1,2,2],41,3].
[[3,9,0,1,2,0,1,2,0],0,46].
[[3,4,1,1,2,0,2,3,0],59,18].
[[1,5,0,1,2,1,2,3,0],25,3].
[[3,5,0,1,2,1,2,3,0],137,5].
[[1,8,1,1,2,1,2,2,2],173,75].
[[3,8,1,1,1,1,1,2,2],160,113].
[[1,8,0,0,0,0,1,2,0],10,26].
[[3,6,1,0,0,0,1,1,2],19,3].
[[1,8,1,1,2,0,0,0,0],31,34].
[[2,8,1,1,1,0,2,2,2],4,4].
[[1,9,2,1,2,1,1,1,0],21,85].
[[2,8,0,1,2,1,1,1,0],7,52].
[[3,7,1,1,2,1,1,1,0],21,17].
[[2,8,1,1,1,1,2,2,0],48,33].
[[1,8,1,1,2,0,1,2,1],12,7].
[[2,8,1,1,1,0,1,2,1],3,5].
[[3,8,1,1,1,0,1,2,1],14,21].
[[3,8,1,0,0,0,2,3,1],23,43].
[[2,9,2,0,0,0,1,2,0],33,186].
[[2,5,0,1,1,1,1,1,2],32,11].
[[3,5,0,1,1,1,1,1,2],134,17].
[[2,6,1,1,2,0,2,2,2],9,1].
[[3,6,1,1,2,0,2,2,2],4,2].
[[2,7,0,1,2,1,2,1,0],0,4].
[[3,7,0,1,1,1,2,1,0],0,7].
[[2,8,1,1,1,1,2,2,2],34,16].
[[2,7,2,0,0,0,2,2,2],67,15].
[[2,9,1,1,2,0,1,2,2],5,11].
[[3,9,1,1,2,0,1,2,2],4,57].
[[2,8,1,1,2,0,2,2,2],28,35].
[[3,8,1,1,2,0,1,1,2],60,64].
[[3,7,0,1,2,0,1,2,2],0,15].
[[1,8,0,1,2,1,2,2,0],30,53].
[[2,9,2,1,2,0,1,1,0],3,41].
[[2,8,0,1,2,0,0,0,0],0,45].
[[3,8,0,1,2,0,0,0,0],0,38].
[[3,8,1,1,2,1,2,2,2],38,30].
[[1,8,1,1,2,0,1,2,2],10,9].
[[2,8,1,1,1,0,1,2,2],3,13].
[[3,7,1,1,1,0,1,2,2],2,14].
[[2,9,2,0,0,0,0,0,0],25,145].
[[3,9,2,1,2,0,2,2,0],0,28].
[[1,8,0,1,2,1,2,1,2],31,74].
[[3,7,0,1,2,1,2,3,2],2,50].
[[1,8,1,1,2,1,1,2,1],71,24].
[[2,8,1,1,1,1,1,2,1],30,19].
[[1,9,2,1,1,1,2,3,2],16,24].
[[2,8,1,1,1,1,2,3,2],36,27].
[[2,5,0,1,2,0,2,3,0],12,3].
[[3,5,0,1,2,0,2,3,0],32,3].
[[2,8,0,1,2,0,1,2,1],2,6].
[[1,8,0,0,0,0,1,1,0],5,17].
[[3,9,2,0,0,0,0,0,0],0,4].
[[3,7,1,1,2,1,2,3,2],118,76].
[[1,8,1,1,1,1,1,2,2],4,9].
[[2,7,1,1,1,1,1,2,2],5,2].
[[1,6,1,0,0,0,2,3,1],41,3].
[[2,6,1,1,2,1,2,2,1],19,1].
[[3,6,1,1,2,1,1,2,1],40,0].
[[3,9,1,1,2,1,2,1,0],4,96].
[[3,8,1,1,1,1,2,3,2],8,9].
[[2,7,1,1,2,1,2,2,0],42,14].
[[3,3,1,1,2,1,2,2,0],11,1].
[[2,8,0,1,2,0,2,3,0],3,52].
[[3,8,0,1,1,0,2,3,0],0,29].
[[1,8,1,1,2,1,2,3,0],88,30].
[[2,8,1,0,0,0,2,1,1],20,14].
[[3,8,1,0,0,0,1,1,0],29,40].
[[3,8,0,1,2,1,2,3,1],1,119].
[[3,3,1,1,2,1,2,1,2],16,1].
[[3,8,1,0,0,0,2,2,2],16,13].
[[1,7,1,0,0,0,2,3,1],39,17].
[[1,9,2,1,2,0,2,1,0],10,29].
[[2,9,1,1,2,0,1,1,0],1,25].
[[1,6,1,0,0,0,2,1,1],5,0].
[[2,6,1,1,2,1,2,1,1],2,0].
[[3,6,1,1,2,1,2,1,1],2,1].
[[3,8,1,0,0,0,2,1,0],47,51].
[[1,8,1,1,2,1,1,1,2],48,27].
[[2,6,1,1,2,1,1,1,2],4,0].
[[3,6,1,1,2,1,1,1,2],24,6].
[[1,7,1,0,0,0,2,3,2],54,25].
[[3,7,1,1,1,1,1,1,2],22,17].
[[3,7,1,0,0,0,2,3,1],56,49].
[[3,7,2,0,0,0,1,2,2],102,17].
[[2,7,1,1,1,1,2,3,2],7,5].
[[3,3,1,1,1,1,2,3,2],3,0].
[[3,7,2,1,1,1,1,1,2],20,13].
[[2,9,1,0,0,0,2,2,0],12,120].
[[2,8,1,1,2,0,1,1,1],8,6].
[[3,6,1,1,2,1,1,1,1],5,3].
[[2,9,2,1,2,0,1,2,0],8,54].
[[3,9,1,1,1,1,1,1,0],7,72].
[[1,8,1,1,2,1,1,1,0],5,5].
[[2,6,1,1,2,1,1,1,0],1,0].
[[3,6,1,1,2,1,1,2,0],14,0].
[[3,7,1,1,2,1,2,3,1],129,105].
[[3,8,1,1,2,0,2,1,2],8,5].
[[3,7,2,1,2,0,2,3,0],24,1].
[[2,6,1,0,0,0,2,1,0],12,0].
[[3,6,1,1,2,0,1,1,0],5,2].
[[2,5,0,1,1,1,2,3,0],21,4].
[[3,9,2,1,1,0,1,2,0],0,8].
[[2,8,1,1,1,0,2,3,1],5,5].
[[2,6,1,1,2,1,2,2,2],24,0].
[[2,7,2,1,2,0,0,0,0],12,2].
[[3,7,2,1,1,0,2,3,0],5,1].
[[2,9,1,1,1,1,2,2,0],3,31].
[[3,9,1,1,1,1,2,2,0],3,69].
[[3,7,0,0,0,0,1,1,2],0,9].
[[2,9,1,1,1,1,1,2,2],5,17].
[[2,7,1,1,2,1,1,2,1],39,9].
[[3,3,1,1,2,1,1,2,1],8,0].
[[1,8,1,1,2,0,2,3,2],24,23].
[[2,7,2,1,2,0,2,3,2],27,7].
[[3,7,2,1,2,0,2,3,2],17,4].
[[2,7,1,0,0,0,2,3,0],49,28].
[[3,7,1,0,0,0,2,3,0],79,53].
[[1,8,1,1,2,0,2,1,2],20,21].
[[3,8,1,1,1,1,2,1,0],29,40].
[[1,8,0,1,2,1,2,1,0],9,39].
[[1,6,1,0,0,0,1,1,1],1,0].
[[2,6,1,1,2,0,1,1,1],2,0].
[[3,8,1,1,2,1,1,1,1],24,24].
[[3,9,1,1,1,1,2,3,0],4,74].
[[3,6,1,1,2,1,1,2,2],50,5].
[[2,8,1,1,2,0,2,3,2],38,45].
[[3,8,0,0,0,0,2,1,2],0,14].
[[3,6,1,1,2,0,2,2,0],15,4].
[[3,7,2,1,2,1,1,2,1],21,1].
[[3,9,2,1,2,1,1,1,0],0,88].
[[2,8,1,1,1,1,2,3,0],48,27].
[[3,4,1,1,2,0,1,2,0],86,41].
[[3,5,0,1,1,0,1,2,1],9,3].
[[2,9,1,1,1,1,1,1,0],3,25].
[[3,9,0,1,1,1,1,1,0],0,27].
[[2,7,1,0,0,0,1,1,2],25,12].
[[3,3,1,0,0,0,1,1,2],4,3].
[[3,7,2,1,2,1,1,2,0],23,2].
[[2,8,0,1,1,1,2,2,0],10,28].
[[2,9,1,0,0,0,1,2,2],14,59].
[[1,8,1,1,1,1,2,2,0],9,4].
[[2,6,1,1,1,1,2,2,0],3,0].
[[3,3,1,1,1,1,2,2,0],1,0].
[[3,9,1,0,0,0,2,1,0],0,35].
[[3,7,2,1,2,1,2,1,2],44,12].
[[3,8,1,0,0,0,1,1,2],71,63].
[[3,9,0,1,2,0,2,2,0],0,5].
[[3,9,0,0,0,0,1,2,0],0,63].
[[1,8,0,1,2,1,1,1,1],1,1].
[[2,8,0,1,2,1,1,1,1],1,1].
[[3,6,0,1,2,1,1,1,1],1,0].
[[3,9,2,0,0,0,1,1,2],1,58].
[[3,6,0,0,0,0,2,1,2],0,14].
[[2,8,1,1,2,1,1,1,0],25,26].
[[3,6,1,1,2,1,1,1,0],6,1].
[[3,9,1,1,2,0,1,1,0],3,60].
[[2,9,1,1,2,0,2,2,0],1,30].
[[3,6,1,1,2,0,2,3,0],18,2].
[[3,7,0,1,2,1,2,1,0],2,31].
[[2,6,1,1,2,0,2,3,1],9,2].
[[2,9,2,1,2,0,1,2,2],26,185].
[[2,8,1,1,2,1,1,1,1],20,17].
[[2,8,0,1,1,1,2,1,0],10,27].
[[2,9,1,1,2,1,1,1,0],8,93].
[[2,8,0,0,0,0,1,2,0],16,92].
[[3,9,1,0,0,0,1,1,2],4,18].
[[3,9,0,1,2,0,1,2,1],0,6].
[[2,9,2,1,1,1,1,2,0],10,40].
[[2,6,1,0,0,0,2,3,0],25,2].
[[3,7,1,1,1,1,1,2,1],33,12].
[[3,7,2,1,2,0,2,1,0],6,1].
[[3,8,0,1,2,0,2,1,2],0,17].
[[2,6,1,1,1,1,1,2,2],2,0].
[[3,3,1,1,1,1,1,2,2],2,0].
[[2,6,1,0,0,0,0,0,0],82,7].
[[3,6,1,1,2,1,2,3,0],45,0].
[[2,7,1,1,2,0,2,3,1],22,15].
[[3,7,1,1,1,0,2,3,1],2,9].
[[2,8,1,1,2,0,1,2,1],59,41].
[[1,6,1,0,0,0,2,1,0],4,2].
[[2,6,1,1,2,0,1,1,0],0,1].
[[3,5,0,1,2,0,1,2,2],18,1].
[[1,9,2,1,2,0,1,1,0],1,14].
[[2,8,1,1,1,0,1,1,0],0,2].
[[2,6,0,0,0,0,2,3,0],2,8].
[[3,6,0,0,0,0,2,2,0],0,15].
[[3,5,0,1,1,1,1,2,0],59,4].
[[3,7,1,1,2,1,0,0,0],18,43].
[[3,8,1,1,1,0,2,1,0],3,16].
[[3,9,2,1,1,1,2,3,0],0,42].
[[3,6,0,1,2,0,1,2,0],0,2].
[[2,4,1,1,2,0,2,2,0],11,3].
[[1,7,2,1,2,1,1,2,2],9,5].
[[2,7,2,1,1,1,1,2,2],8,5].
[[3,3,2,1,1,1,1,2,2],6,0].
[[3,6,0,1,2,1,2,3,2],0,15].
[[2,4,1,1,2,0,2,3,2],5,1].
[[2,6,1,1,2,1,2,3,2],31,2].
[[3,8,0,0,0,0,2,2,1],0,14].
[[3,7,2,1,1,1,2,2,2],16,4].
[[2,8,0,1,2,0,2,1,2],3,28].
[[3,8,0,1,1,0,2,2,0],0,20].
[[2,7,0,0,0,0,0,0,0],2,45].
[[3,7,0,1,2,0,2,2,0],0,14].
[[1,9,2,1,2,1,2,2,1],26,48].
[[3,7,0,1,2,1,2,2,2],1,33].
[[1,7,1,0,0,0,2,2,0],6,1].
[[2,7,1,0,0,0,2,2,0],48,22].
[[3,8,1,1,1,1,2,3,1],24,39].
[[3,6,1,0,0,0,2,2,1],11,0].
[[3,7,0,1,2,0,2,3,0],0,16].
[[2,9,2,1,2,1,2,2,2],8,71].
[[2,9,2,1,2,0,0,0,0],4,31].
[[3,9,2,1,2,0,0,0,0],0,3].
[[3,8,1,1,2,1,2,1,2],20,23].
[[3,8,0,1,1,1,2,2,1],1,18].
[[3,7,2,0,0,0,1,2,0],16,1].
[[2,9,2,1,2,0,2,3,1],3,36].
[[3,9,2,1,2,0,1,2,1],1,26].
[[3,9,2,0,0,0,2,2,0],0,37].
[[3,7,2,1,1,0,1,2,1],2,2].
[[2,9,2,0,0,0,1,1,0],24,100].
[[3,8,1,0,0,0,2,2,1],8,20].
[[1,9,2,1,1,1,2,1,2],15,22].
[[2,4,1,1,2,0,1,1,2],9,2].
[[1,5,0,0,0,0,1,1,2],111,2].
[[2,7,1,1,2,1,2,3,2],61,31].
[[2,7,0,0,0,0,2,3,2],2,11].
[[1,5,0,1,2,1,1,1,2],40,7].
[[3,7,1,1,1,1,2,1,2],27,13].
[[3,7,2,1,2,0,2,3,1],8,0].
[[3,6,1,0,0,0,2,3,2],31,1].
[[3,9,2,1,1,1,1,2,1],2,25].
[[3,7,2,0,0,0,1,1,2],32,17].
[[3,9,2,1,2,1,2,1,0],0,59].
[[2,5,0,0,0,0,1,2,0],24,7].
[[3,5,0,0,0,0,1,2,0],48,8].
[[3,7,1,1,1,1,2,3,2],31,17].
[[2,9,1,1,2,1,1,1,2],9,43].
[[1,7,2,1,2,1,2,3,2],24,9].
[[1,6,1,1,2,1,0,0,0],31,5].
[[2,3,2,1,2,1,2,3,2],4,0].
[[3,3,2,1,2,1,1,1,2],12,0].
[[2,7,2,0,0,0,2,3,1],21,4].
[[3,3,2,0,0,0,2,3,1],5,0].
[[2,9,2,1,2,0,1,2,1],7,26].
[[2,7,0,1,2,1,0,0,0],5,33].
[[1,7,2,0,0,0,2,1,2],77,18].
[[2,8,0,1,1,1,2,3,2],5,19].
[[3,7,1,0,0,0,1,2,1],74,20].
[[2,5,0,1,1,1,1,2,1],18,2].
[[1,8,1,1,1,1,2,3,0],9,0].
[[3,4,1,1,2,0,1,1,1],12,6].
[[3,5,0,1,1,1,1,1,1],58,7].
[[2,8,0,1,2,0,2,2,2],5,29].
[[3,7,1,1,2,0,2,2,2],29,26].
[[3,3,1,0,0,0,2,3,1],14,5].
[[2,6,1,1,2,1,2,3,1],25,0].
[[3,7,2,1,2,0,1,2,2],73,20].
[[2,6,0,0,0,0,0,0,0],7,40].
[[3,3,1,1,2,0,0,0,0],8,4].
[[1,6,1,0,0,0,2,3,0],12,0].
[[2,6,1,1,2,1,2,3,0],22,0].
[[3,6,1,1,1,1,1,2,1],8,1].
[[2,8,1,1,2,0,1,1,0],5,12].
[[3,6,1,0,0,0,2,1,2],12,1].
[[2,6,0,0,0,0,2,2,2],3,11].
[[3,6,0,1,2,0,2,2,2],0,4].
[[1,3,2,0,0,0,1,2,2],4,0].
[[2,3,2,1,2,1,1,2,2],5,0].
[[3,3,2,1,2,1,1,2,2],24,0].
[[2,5,0,1,2,1,1,1,0],34,7].
[[3,9,0,1,1,1,1,2,1],0,15].
[[2,9,2,1,1,1,2,1,2],5,7].
[[1,8,1,1,2,0,1,1,2],11,4].
[[2,9,1,1,2,0,1,1,2],3,7].
[[3,8,0,1,2,0,2,3,1],2,42].
[[3,8,1,1,1,0,2,3,2],4,3].
[[2,6,0,1,2,1,2,1,2],1,5].
[[3,6,0,1,1,1,1,2,2],0,2].
[[3,9,0,1,1,1,1,1,2],0,4].
[[2,7,0,1,2,1,2,2,0],0,4].
[[1,8,1,1,2,0,2,2,0],10,7].
[[2,8,1,1,1,0,2,2,0],4,6].
[[3,6,1,1,2,0,1,2,1],11,1].
[[2,7,0,1,2,1,2,3,0],0,8].
[[3,7,1,1,2,0,2,1,0],28,20].
[[3,9,0,1,2,0,1,2,2],0,5].
[[2,6,0,0,0,0,2,1,0],0,2].
[[3,6,0,1,2,1,2,1,0],1,16].
[[3,7,0,0,0,0,0,0,0],0,29].
[[3,9,2,1,2,0,2,3,0],0,25].
[[3,7,1,1,2,0,2,2,0],29,24].
[[3,8,0,1,2,0,1,1,0],0,62].
[[1,8,1,1,2,1,1,1,1],5,6].
[[2,7,1,1,1,1,1,1,1],1,0].
[[3,7,1,1,1,1,1,1,1],4,1].
[[2,8,1,1,1,1,2,1,1],1,2].
[[3,7,1,1,1,1,2,1,1],3,2].
[[3,8,1,1,1,1,1,1,0],30,29].
[[2,7,2,1,2,1,2,2,0],8,2].
[[3,7,0,0,0,0,2,3,1],0,16].
[[3,7,0,1,2,0,2,3,2],1,5].
[[1,8,1,0,0,0,1,1,0],6,15].
[[1,8,0,1,2,1,1,1,2],14,19].
[[1,5,0,1,1,1,1,1,2],4,1].
[[3,4,1,1,2,0,1,1,2],45,15].
[[2,7,1,1,2,1,2,1,1],8,9].
[[3,7,0,0,0,0,1,2,0],0,6].
[[3,3,1,1,2,0,1,2,2],3,0].
[[3,9,0,1,1,1,1,2,2],0,5].
[[3,8,0,1,1,1,2,1,1],0,2].
[[2,7,0,0,0,0,2,1,2],0,14].
[[2,7,0,0,0,0,2,3,0],2,4].
[[3,7,1,1,2,0,2,3,0],48,23].
[[1,7,1,1,2,1,2,3,2],8,5].
[[2,7,1,1,1,1,2,3,0],4,0].
[[2,6,0,0,0,0,1,2,2],3,17].
[[3,3,1,0,0,0,1,2,2],11,1].
[[1,9,2,1,2,0,2,2,0],15,47].
[[3,7,0,1,2,1,2,2,0],0,52].
[[2,5,0,1,2,0,1,1,2],49,4].
[[2,7,2,1,2,1,1,1,2],24,22].
[[3,6,1,0,0,0,2,3,1],31,1].
[[1,7,2,0,0,0,2,3,1],13,1].
[[2,7,2,0,0,0,2,3,0],21,1].
[[3,7,2,1,2,1,2,1,0],20,1].
[[2,5,0,1,1,0,1,2,2],1,0].
[[3,5,0,1,1,0,1,2,2],4,3].
[[1,9,2,0,0,0,1,1,0],39,185].
[[3,6,1,0,0,0,1,2,1],19,0].
[[1,9,2,1,2,1,1,1,1],1,1].
[[2,9,2,1,2,1,1,1,1],4,3].
[[3,9,2,1,2,1,1,1,1],3,1].
[[1,8,1,1,2,1,1,2,0],24,11].
[[2,9,2,1,2,0,1,1,1],2,0].
[[3,8,1,1,1,0,1,1,1],1,3].
[[1,5,0,1,2,0,1,1,2],4,0].
[[2,5,0,1,1,0,1,1,2],3,1].
[[3,6,0,0,0,0,2,3,0],0,13].
[[1,7,2,0,0,0,1,1,2],19,11].
[[3,7,2,1,1,1,1,2,0],2,2].
[[3,7,1,1,1,1,1,2,0],24,5].
[[3,9,2,1,2,0,2,2,1],0,5].
[[1,7,1,0,0,0,2,3,0],13,6].
[[2,6,1,1,2,1,0,0,0],44,3].
[[3,8,0,0,0,0,0,0,0],0,47].
[[1,7,2,0,0,0,2,2,0],6,1].
[[1,9,2,1,1,1,2,1,0],17,24].
[[3,6,0,1,1,1,2,3,0],0,9].
[[2,7,1,1,2,0,2,1,2],11,6].
[[1,6,1,0,0,0,2,2,0],8,0].
[[2,6,1,0,0,0,2,2,0],21,0].
[[3,8,1,1,1,0,1,2,0],12,20].
[[3,3,1,1,2,1,2,3,0],15,0].
[[3,7,0,1,1,1,1,2,0],0,13].
[[2,9,2,0,0,0,2,2,1],10,32].
[[3,6,1,1,2,0,2,3,1],11,3].
[[2,9,1,1,1,0,2,2,0],0,3].
[[3,9,0,1,1,0,2,2,0],0,1].
[[2,7,1,0,0,0,2,1,0],21,7].
[[2,6,1,0,0,0,1,2,2],23,2].
[[3,3,1,1,2,1,1,2,2],22,0].
[[2,7,1,1,2,0,2,3,0],5,8].
[[3,7,1,1,1,0,2,3,0],5,7].
[[3,7,0,0,0,0,2,1,2],0,7].
[[2,5,0,1,2,1,1,2,2],12,1].
[[3,5,0,1,1,1,2,2,0],13,1].
[[2,6,1,0,0,0,1,2,1],18,1].
[[3,4,1,1,2,0,2,3,1],19,4].
[[3,6,0,0,0,0,1,1,0],0,3].
[[3,7,1,1,2,0,2,2,1],12,17].
[[3,6,1,1,2,0,1,2,2],23,3].
[[1,9,2,1,2,0,2,1,2],5,31].
[[3,9,2,1,2,0,1,1,2],2,50].
[[3,9,0,1,2,1,2,2,0],0,7].
[[2,8,0,1,1,1,1,2,2],23,33].
[[2,6,0,1,2,1,0,0,0],7,16].
[[3,3,1,1,1,1,0,0,0],1,2].
[[2,7,1,1,2,0,2,2,0],5,5].
[[3,7,1,1,1,1,2,2,0],26,19].
[[2,7,2,1,2,0,2,3,0],7,0].
[[3,7,1,0,0,0,2,1,2],34,27].
[[3,9,1,1,1,0,1,1,0],0,10].
[[2,7,0,1,2,1,2,1,2],3,9].
[[3,3,2,0,0,0,2,3,2],14,0].
[[3,6,0,1,2,1,1,1,2],0,17].
[[3,7,1,1,1,1,2,2,1],12,10].
[[1,6,1,0,0,0,1,2,1],5,1].
[[2,6,1,1,2,0,1,2,1],5,2].
[[3,9,2,1,1,0,1,2,2],1,18].
[[1,7,2,1,2,0,2,3,2],6,0].
[[3,9,2,0,0,0,2,1,0],0,21].
[[3,9,2,1,1,1,1,2,0],0,40].
[[3,5,0,1,1,1,2,1,0],26,2].
[[3,5,0,1,2,0,2,1,0],18,1].
[[3,8,1,1,1,0,2,3,0],9,27].
[[3,5,0,1,1,0,1,1,2],15,9].
[[2,9,2,1,2,0,2,1,2],0,10].
[[3,9,0,1,2,1,1,2,2],0,17].
[[2,7,1,1,2,1,2,3,0],34,14].
[[3,7,0,1,2,1,2,3,1],2,40].
[[2,5,0,1,2,0,2,1,0],8,2].
[[3,7,2,1,1,1,2,3,0],10,1].
[[1,6,1,0,0,0,2,1,2],38,4].
[[2,6,1,0,0,0,1,1,2],13,3].
[[3,6,0,1,2,1,2,1,2],0,16].
[[3,6,1,1,2,1,2,3,2],36,0].
[[3,6,0,1,2,1,2,3,0],1,28].
[[3,9,0,0,0,0,1,1,0],0,25].
[[2,8,1,1,2,1,2,1,1],19,19].
[[2,8,1,1,2,0,1,2,0],20,15].
[[3,6,1,1,2,0,1,2,0],6,1].
[[2,9,2,0,0,0,2,2,2],7,67].
[[1,7,1,1,2,1,2,1,2],11,2].
[[3,6,1,1,2,1,2,1,0],22,1].
[[3,7,2,1,2,1,2,2,2],40,6].
[[3,8,0,1,1,0,1,1,0],0,8].
[[3,6,1,1,2,0,2,2,1],7,0].
[[2,9,2,1,2,0,2,3,2],3,16].
[[3,9,1,1,2,0,2,2,0],0,48].
[[3,7,1,0,0,0,2,2,1],17,37].
[[2,7,1,0,0,0,2,1,1],14,7].
[[3,7,1,0,0,0,1,1,1],10,3].
[[1,9,2,1,2,1,2,1,1],9,13].
[[1,7,1,1,2,1,2,3,1],8,4].
[[2,7,1,0,0,0,1,1,1],3,3].
[[3,7,0,1,2,1,1,1,1],0,3].
[[1,6,0,0,0,0,2,1,0],0,2].
[[1,8,1,1,1,1,2,2,2],11,5].
[[3,8,1,0,0,0,2,3,2],16,8].
[[1,8,1,1,2,0,2,1,1],6,3].
[[2,8,1,1,2,0,2,1,1],7,4].
[[2,9,1,1,2,0,2,3,0],3,24].
[[2,7,1,1,2,1,2,2,1],29,18].
[[3,7,0,1,2,1,2,2,1],1,3].
[[3,3,1,0,0,0,2,3,2],13,3].
[[2,9,1,1,1,1,1,1,2],7,7].
[[2,5,0,1,1,1,1,2,2],4,0].
[[3,5,0,1,1,1,1,2,2],19,3].
[[2,6,1,0,0,0,2,2,1],20,0].
[[3,3,1,1,2,1,2,2,1],13,2].
[[1,9,2,1,2,0,2,3,1],7,19].
[[3,7,2,1,1,1,1,2,2],49,17].
[[3,9,0,1,1,1,2,2,0],0,4].
[[2,9,1,1,1,1,2,1,0],8,16].
[[1,6,0,0,0,0,0,0,0],10,33].
[[3,3,0,1,2,1,0,0,0],0,3].
[[3,7,1,0,0,0,1,2,0],38,5].
[[3,9,2,1,1,1,0,0,0],0,5].
[[3,9,1,1,1,1,1,1,2],0,34].
[[2,7,0,1,2,1,2,2,2],0,13].
[[3,9,2,0,0,0,1,1,0],0,26].
[[2,9,2,1,1,1,0,0,0],10,28].
[[3,9,2,1,1,1,2,2,0],0,30].
[[2,3,1,0,0,0,0,0,0],19,3].
[[3,3,1,1,2,0,2,2,0],3,0].
[[3,7,1,1,1,1,0,0,0],3,15].
[[2,8,0,1,2,0,1,2,0],2,13].
[[3,8,0,1,2,0,2,2,2],0,16].
[[1,5,0,0,0,0,1,2,0],6,3].
[[3,6,0,0,0,0,2,3,2],1,6].
[[2,8,1,1,1,0,2,3,0],8,3].
[[3,9,2,1,1,1,1,1,1],1,1].
[[2,7,1,0,0,0,1,2,0],10,2].
[[3,3,1,0,0,0,1,2,0],2,0].
[[2,7,2,0,0,0,2,2,0],18,1].
[[3,8,0,1,1,1,1,1,0],0,60].
[[2,9,2,1,1,1,1,1,0],11,28].
[[3,7,2,1,1,0,2,3,1],4,1].
[[2,3,1,0,0,0,2,1,2],4,0].
[[1,6,1,1,2,1,2,2,2],3,0].
[[3,6,1,1,2,1,2,2,2],31,0].
[[2,7,1,1,1,1,1,1,2],3,2].
[[2,4,1,1,2,0,2,3,1],5,0].
[[2,7,2,1,2,1,2,1,2],40,9].
[[2,4,1,1,2,0,1,2,0],11,8].
[[3,8,0,1,1,1,2,3,2],0,18].
[[1,8,1,1,2,0,2,3,0],8,6].
[[3,6,1,1,1,0,2,3,0],2,0].
[[2,6,1,1,2,1,2,1,2],20,4].
[[3,7,0,1,2,0,0,0,0],0,13].
[[2,9,2,1,1,0,2,3,0],0,11].
[[3,7,2,1,1,0,1,1,2],4,6].
[[1,5,0,1,2,1,1,2,0],4,1].
[[3,8,1,1,1,0,1,1,2],6,16].
[[1,8,0,0,0,0,1,2,1],5,10].
[[3,7,0,1,2,0,1,1,2],0,11].
[[2,7,2,1,2,1,1,2,1],4,0].
[[3,9,2,1,2,0,1,1,0],0,21].
[[1,6,1,0,0,0,2,2,1],17,0].
[[1,7,1,1,2,1,2,2,2],9,0].
[[3,7,1,1,2,1,2,1,1],9,18].
[[2,6,1,0,0,0,1,2,0],2,2].
[[1,7,2,0,0,0,1,2,1],3,0].
[[2,3,2,1,2,1,1,2,1],1,0].
[[3,3,2,1,2,1,1,2,1],1,0].
[[1,8,0,1,2,1,1,2,0],3,10].
[[2,6,0,1,2,1,2,3,0],0,9].
[[3,6,0,1,2,1,2,2,0],0,28].
[[3,7,0,1,1,1,0,0,0],1,16].
[[2,3,2,0,0,0,1,1,1],2,0].
[[3,3,2,1,2,0,1,1,1],1,0].
[[3,7,0,1,2,1,2,1,2],2,32].
[[2,9,2,1,1,1,2,2,2],3,13].
[[3,9,2,1,2,0,1,2,0],0,34].
[[3,3,1,1,2,1,2,2,2],26,2].
[[2,7,2,0,0,0,1,2,1],8,1].
[[3,7,1,1,2,0,0,0,0],2,21].
[[3,7,0,0,0,0,2,2,2],0,12].
[[2,7,1,1,2,0,2,3,2],18,12].
[[3,8,1,1,2,0,2,3,2],12,17].
[[2,6,1,0,0,0,2,1,1],4,1].
[[3,6,1,1,2,1,2,2,0],40,1].
[[3,3,1,1,2,0,2,3,2],8,2].
[[3,8,1,1,1,0,2,3,1],2,10].
[[3,7,2,1,2,0,1,1,2],23,19].
[[3,7,1,0,0,0,1,1,0],19,6].
[[3,9,0,1,1,0,1,2,2],0,1].
[[2,9,1,1,2,1,0,0,0],0,8].
[[3,9,0,1,2,1,2,1,0],0,7].
[[2,8,1,1,1,1,1,1,2],25,19].
[[2,3,2,1,2,1,2,1,2],6,0].
[[2,9,1,0,0,0,0,0,0],2,11].
[[2,7,2,1,2,0,2,2,2],13,7].
[[2,9,1,0,0,0,1,1,1],0,2].
[[2,5,0,1,1,1,1,1,1],17,5].
[[3,6,1,1,2,0,2,3,2],17,1].
[[1,7,1,0,0,0,2,1,1],4,0].
[[1,5,0,1,2,0,1,1,0],1,2].
[[2,5,0,1,2,0,1,1,0],10,3].
[[3,9,2,0,0,0,1,2,0],0,32].
[[3,7,0,1,2,1,1,1,0],0,9].
[[2,3,1,1,2,1,0,0,0],6,3].
[[2,6,1,1,1,1,2,3,1],5,1].
[[3,3,1,1,1,1,2,3,1],5,1].
[[2,9,1,1,1,1,0,0,0],2,2].
[[2,6,1,1,2,0,2,3,2],10,4].
[[1,8,0,0,0,0,2,1,1],3,5].
[[2,8,0,0,0,0,2,1,1],3,4].
[[3,6,0,1,2,0,2,1,1],0,1].
[[3,9,2,1,2,1,0,0,0],0,12].
[[2,3,1,0,0,0,2,2,2],3,0].
[[3,3,1,0,0,0,2,2,2],10,0].
[[2,8,0,1,1,1,1,2,0],4,16].
[[3,7,2,1,1,1,2,1,0],3,2].
[[2,3,1,0,0,0,2,3,1],5,0].
[[3,7,2,0,0,0,2,1,2],31,3].
[[2,8,0,1,1,1,2,1,2],10,15].
[[3,6,1,1,1,1,2,3,2],16,0].
[[2,6,1,1,2,0,2,2,0],6,0].
[[3,7,1,1,1,1,2,1,0],18,7].
[[1,7,2,1,2,1,2,1,2],17,8].
[[1,5,0,0,0,0,1,1,1],29,6].
[[3,9,2,0,0,0,2,3,1],0,4].
[[2,3,2,1,2,0,2,3,2],5,0].
[[3,3,2,1,2,1,2,2,2],16,0].
[[3,3,2,0,0,0,2,3,0],3,0].
[[3,7,2,1,1,0,2,2,0],3,4].
[[2,7,2,1,2,1,2,3,1],12,3].
[[2,6,1,1,2,1,2,2,0],9,0].
[[3,7,0,0,0,0,2,1,1],1,0].
[[3,6,1,1,1,1,2,3,0],16,1].
[[3,6,0,1,2,0,2,3,2],0,4].
[[3,7,2,1,2,1,1,1,0],9,2].
[[2,5,0,0,0,0,2,2,0],9,0].
[[3,6,1,1,2,1,0,0,0],10,1].
[[3,6,0,1,2,1,0,0,0],0,29].
[[3,7,0,1,1,1,2,1,2],0,5].
[[2,6,0,1,2,1,2,2,2],2,3].
[[3,6,0,1,1,1,2,3,1],1,2].
[[3,7,1,1,1,0,2,2,0],3,4].
[[2,7,2,1,2,0,2,1,2],21,1].
[[1,7,1,0,0,0,1,1,2],1,0].
[[1,7,1,0,0,0,2,1,0],1,1].
[[2,3,1,0,0,0,2,1,0],1,0].
[[3,3,1,1,2,0,1,2,0],1,0].
[[2,3,2,0,0,0,2,1,2],15,0].
[[3,3,2,1,2,0,1,1,2],6,0].
[[1,8,1,1,2,0,2,1,0],5,3].
[[3,4,1,1,2,0,2,3,2],5,2].
[[1,9,2,1,1,1,2,2,1],2,8].
[[2,4,1,1,2,0,2,2,1],0,1].
[[3,3,0,0,0,0,2,1,2],0,1].
[[3,7,2,1,2,0,1,2,1],9,0].
[[2,6,0,0,0,0,1,1,2],0,4].
[[3,3,1,1,2,1,2,3,2],26,4].
[[3,7,1,0,0,0,2,1,1],6,6].
[[1,8,1,1,1,1,2,3,2],16,9].
[[3,7,0,0,0,0,2,1,0],0,17].
[[1,6,1,1,2,1,2,3,2],10,0].
[[2,8,0,1,2,0,2,1,0],3,20].
[[3,7,1,1,1,0,2,1,0],2,6].
[[2,9,2,1,1,0,2,3,2],0,1].
[[3,9,1,1,1,0,2,3,0],0,11].
[[3,6,0,1,2,0,1,1,2],0,9].
[[2,3,1,1,2,1,2,3,2],3,0].
[[3,7,2,1,2,1,2,3,1],28,8].
[[3,9,1,1,1,0,1,2,1],1,12].
[[2,3,2,1,2,0,1,1,2],1,0].
[[3,3,1,1,2,0,1,1,2],2,0].
[[3,3,1,0,0,0,2,1,2],20,3].
[[3,6,0,1,2,0,1,2,2],0,10].
[[1,7,2,0,0,0,2,1,0],3,0].
[[2,7,2,1,2,1,2,1,0],6,1].
[[2,8,1,1,1,0,2,1,2],1,3].
[[3,8,1,1,2,1,2,1,1],3,14].
[[3,8,0,0,0,0,2,2,2],3,22].
[[3,7,2,1,2,0,2,2,0],12,1].
[[3,9,2,1,1,1,2,1,0],0,23].
[[1,8,1,1,2,0,1,2,0],6,2].
[[2,9,1,1,2,0,2,1,0],2,20].
[[3,9,1,1,1,0,2,1,0],0,4].
[[3,5,0,1,2,1,2,2,0],25,1].
[[2,7,1,1,1,1,2,2,1],3,2].
[[1,8,1,1,1,1,1,2,0],2,1].
[[3,9,0,1,1,0,1,1,0],0,4].
[[2,7,1,1,1,1,2,1,1],2,1].
[[3,3,1,1,1,1,2,1,1],1,1].
[[3,9,2,0,0,0,2,2,1],0,6].
[[3,9,2,1,2,1,2,3,1],0,13].
[[3,8,1,1,2,0,1,1,1],13,6].
[[3,2,1,0,0,0,2,2,0],2,0].
[[3,9,1,1,2,0,1,2,1],1,23].
[[3,7,1,1,2,0,1,2,0],21,7].
[[3,8,0,1,1,0,1,2,0],0,13].
[[1,5,0,1,2,1,2,2,0],4,0].
[[2,5,0,1,2,1,2,2,0],14,0].
[[3,6,1,0,0,0,2,2,0],23,0].
[[3,3,1,0,0,0,2,1,0],6,0].
[[3,7,2,0,0,0,2,1,0],6,0].
[[1,8,1,1,1,1,0,0,0],23,9].
[[3,7,2,1,1,1,2,2,0],10,2].
[[3,6,0,0,0,0,2,1,0],1,3].
[[3,3,1,1,2,1,0,0,0],26,3].
[[2,6,0,0,0,0,2,3,2],3,8].
[[2,9,1,1,1,0,1,2,1],0,1].
[[3,7,2,0,0,0,1,2,1],13,3].
[[3,8,0,1,1,0,1,2,2],0,21].
[[1,8,1,1,1,1,2,1,2],14,5].
[[1,6,0,0,0,0,2,2,0],1,1].
[[2,3,1,0,0,0,2,2,0],2,0].
[[3,3,1,0,0,0,2,2,0],7,2].
[[2,8,0,1,2,1,2,1,1],3,9].
[[3,5,0,0,0,0,2,2,0],23,0].
[[3,3,1,0,0,0,2,3,0],8,3].
[[1,7,1,1,2,1,2,1,0],1,0].
[[2,7,2,1,1,1,2,3,2],8,2].
[[2,6,0,0,0,0,2,1,2],1,17].
[[1,7,2,1,2,1,2,2,2],13,5].
[[1,7,1,0,0,0,2,2,1],18,8].
[[3,6,1,1,2,0,1,1,2],10,2].
[[2,3,2,0,0,0,0,0,0],21,0].
[[3,3,2,1,2,1,0,0,0],10,1].
[[3,6,0,1,2,1,2,3,1],1,10].
[[3,9,0,1,2,1,2,3,0],0,10].
[[3,7,1,1,1,1,1,1,0],7,4].
[[3,7,2,1,1,1,2,3,2],12,6].
[[3,7,2,1,1,1,1,1,0],5,2].
[[3,6,1,1,2,0,2,1,2],11,0].
[[3,4,0,1,2,0,2,3,2],0,1].
[[2,9,2,1,1,0,1,1,0],0,3].
[[3,9,2,1,1,0,1,1,0],0,6].
[[2,8,0,1,1,1,2,3,0],9,38].
[[1,8,0,1,2,1,2,2,1],6,7].
[[3,9,2,1,1,0,2,3,0],0,6].
[[1,9,2,1,1,1,1,1,2],12,25].
[[3,9,1,1,1,0,1,2,0],0,18].
[[2,7,0,1,2,1,1,2,0],0,5].
[[3,9,0,1,2,1,1,1,2],0,14].
[[1,7,2,1,2,0,2,1,2],4,1].
[[1,7,2,1,2,1,2,3,0],1,1].
[[2,7,2,1,2,1,2,3,0],12,1].
[[3,7,0,1,1,1,2,3,1],0,6].
[[2,7,2,0,0,0,2,1,0],7,0].
[[3,6,1,1,1,0,1,2,1],1,2].
[[3,7,0,1,1,1,2,3,0],0,7].
[[2,7,1,1,2,1,1,2,0],9,4].
[[1,9,2,1,2,0,1,2,0],3,12].
[[2,8,1,1,1,0,1,2,0],4,1].
[[3,7,2,1,1,0,1,2,0],1,0].
[[3,6,1,1,2,1,2,2,1],22,1].
[[3,3,1,1,2,1,1,1,2],12,1].
[[3,7,0,1,1,1,1,1,2],0,14].
[[2,7,1,1,2,0,1,2,2],12,8].
[[2,7,1,0,0,0,1,2,1],20,7].
[[3,3,1,0,0,0,0,0,0],17,3].
[[3,7,0,1,2,0,2,1,2],0,8].
[[2,9,1,1,2,0,0,0,0],0,4].
[[2,6,1,1,2,1,1,2,1],5,0].
[[3,2,1,1,2,1,1,2,1],1,0].
[[2,6,0,1,2,1,2,2,0],2,8].
[[3,6,0,1,1,1,2,3,2],0,4].
[[1,7,2,1,2,0,2,2,2],8,4].
[[3,3,2,0,0,0,2,1,2],6,1].
[[3,7,0,1,1,1,2,3,2],0,11].
[[2,6,1,1,2,0,1,2,2],5,1].
[[3,7,0,0,0,0,2,2,1],0,3].
[[3,6,1,1,1,1,2,1,2],7,0].
[[2,5,0,1,1,0,2,3,0],1,0].
[[3,5,0,1,1,0,2,3,0],4,2].
[[3,3,1,1,2,0,2,2,2],8,0].
[[1,9,2,1,2,0,1,2,1],1,6].
[[2,9,2,1,1,0,1,2,1],0,1].
[[3,6,0,0,0,0,1,2,2],1,26].
[[3,5,0,1,1,0,1,1,1],4,5].
[[3,4,1,1,2,0,2,2,2],7,1].
[[2,5,0,1,1,1,2,1,0],11,1].
[[2,7,1,1,1,1,2,3,1],13,3].
[[1,7,2,1,2,0,1,1,2],3,1].
[[2,7,2,1,2,0,1,1,2],7,7].
[[2,9,1,1,2,0,1,2,1],4,12].
[[3,6,1,1,2,0,2,1,1],2,0].
[[3,3,2,1,1,0,2,3,2],2,0].
[[2,6,0,0,0,0,2,2,0],2,9].
[[3,6,0,1,2,0,1,1,0],0,2].
[[3,6,0,1,2,0,0,0,0],0,4].
[[3,6,0,1,2,0,2,1,0],0,3].
[[3,6,1,1,1,1,2,3,1],14,1].
[[3,8,1,0,0,0,2,1,1],3,6].
[[2,9,1,1,1,0,2,3,0],0,4].
[[3,8,0,1,1,0,2,1,0],0,12].
[[2,7,2,1,1,0,1,1,2],2,0].
[[2,8,1,1,1,1,1,1,1],5,3].
[[2,7,1,1,1,1,1,2,1],3,0].
[[1,6,1,0,0,0,2,2,2],30,1].
[[1,8,0,0,0,0,1,1,1],1,1].
[[2,3,2,0,0,0,2,2,2],8,0].
[[1,6,0,0,0,0,2,2,2],2,5].
[[3,6,1,0,0,0,1,2,0],13,0].
[[3,3,1,1,2,0,2,1,2],6,1].
[[3,6,0,0,0,0,2,2,2],0,7].
[[1,6,1,1,2,1,2,1,0],2,0].
[[2,3,2,1,2,1,2,1,0],2,0].
[[3,3,2,1,2,1,1,1,0],2,0].
[[2,9,2,1,1,0,0,0,0],0,2].
[[3,8,0,1,1,0,0,0,0],0,2].
[[3,9,1,1,1,1,0,0,0],0,2].
[[3,8,1,1,2,0,2,1,1],1,2].
[[2,9,2,1,2,1,2,1,1],0,6].
[[3,8,0,1,2,1,2,1,1],0,10].
[[3,3,2,0,0,0,1,2,2],12,0].
[[2,7,1,1,1,1,2,2,2],6,2].
[[3,3,2,1,2,0,2,3,2],4,0].
[[2,9,1,1,1,0,2,1,0],0,1].
[[3,7,0,1,1,1,2,2,1],0,1].
[[3,7,0,1,2,0,1,2,1],0,1].
[[3,6,1,1,1,1,2,1,0],4,0].
[[3,8,1,1,2,0,2,2,2],4,6].
[[3,9,0,1,2,0,1,1,2],0,5].
[[3,3,1,0,0,0,2,1,1],3,1].
[[3,9,2,0,0,0,2,1,1],0,1].
[[3,7,0,0,0,0,1,2,2],0,28].
[[3,7,0,1,2,0,2,2,2],0,8].
[[3,8,0,1,1,1,2,2,2],0,18].
[[1,9,2,1,2,0,2,1,1],2,0].
[[2,9,2,1,2,0,2,2,2],1,14].
[[2,2,1,0,0,0,2,1,2],2,0].
[[3,2,1,0,0,0,2,3,2],1,0].
[[2,3,2,1,2,0,2,1,2],2,0].
[[3,7,2,1,1,0,2,2,2],2,2].
[[2,8,0,1,2,0,1,1,0],0,7].
[[3,3,1,1,1,1,2,1,2],6,0].
[[2,6,1,1,2,0,2,1,2],6,2].
[[3,6,1,1,1,0,2,1,2],4,1].
[[3,2,1,1,2,1,2,3,0],1,0].
[[2,6,1,1,1,1,2,3,2],6,0].
[[2,7,2,1,1,0,1,2,2],1,1].
[[1,5,0,1,2,0,1,2,0],1,0].
[[2,5,0,1,1,0,1,2,0],2,0].
[[3,5,0,1,1,0,1,2,0],8,1].
[[2,7,0,1,2,1,2,3,2],0,8].
[[3,7,0,1,1,1,1,2,1],0,3].
[[3,4,0,1,2,0,1,2,0],0,1].
[[3,7,0,1,1,1,1,2,2],0,12].
[[1,9,2,1,1,1,1,2,1],3,5].
[[3,7,2,0,0,0,2,2,0],16,2].
[[2,3,1,0,0,0,2,3,2],7,0].
[[2,7,2,0,0,0,1,2,0],3,0].
[[2,3,2,1,2,0,2,3,0],1,0].
[[3,3,2,1,2,0,1,2,0],1,0].
[[1,7,1,1,2,1,1,2,1],2,0].
[[2,3,1,1,2,1,1,2,1],2,0].
[[2,6,1,1,2,1,1,2,2],21,2].
[[1,7,1,1,2,1,1,2,2],1,0].
[[3,6,0,0,0,0,0,0,0],0,13].
[[1,5,0,1,2,0,2,1,0],2,0].
[[3,7,0,1,2,0,2,1,0],0,6].
[[3,2,1,1,2,1,0,0,0],2,0].
[[3,7,2,1,1,0,2,1,0],1,2].
[[3,7,1,1,2,0,2,1,1],1,3].
[[3,9,2,1,1,0,2,2,0],0,7].
[[2,5,0,1,1,1,2,2,0],6,1].
[[3,3,1,0,0,0,1,2,1],5,0].
[[3,6,1,1,1,1,2,2,0],9,1].
[[3,4,1,1,2,0,2,1,2],4,1].
[[3,1,1,1,2,0,1,2,0],2,0].
[[2,6,1,1,2,0,0,0,0],8,1].
[[2,8,0,1,2,0,1,1,1],0,1].
[[1,8,1,1,1,1,1,1,2],4,3].
[[2,4,1,1,2,0,2,1,0],8,2].
[[1,6,1,1,2,1,2,1,2],7,1].
[[2,6,1,1,2,0,2,3,0],4,0].
[[3,6,1,1,2,0,2,1,0],5,2].
[[3,7,2,1,1,1,2,1,2],9,3].
[[3,9,1,0,0,0,0,0,0],0,5].
[[3,8,0,1,1,1,2,1,2],1,13].
[[3,6,0,1,1,1,1,2,0],0,2].
[[2,5,0,1,1,1,1,2,0],11,2].
[[3,6,1,1,2,0,0,0,0],1,0].
[[3,9,0,1,1,1,2,1,0],0,6].
[[3,6,1,0,0,0,1,1,0],3,1].
[[3,3,2,0,0,0,1,1,2],12,0].
[[2,7,2,1,2,0,2,1,0],2,1].
[[3,3,2,1,1,1,2,2,2],4,0].
[[2,9,2,1,1,1,2,2,1],6,9].
[[1,7,2,1,2,0,0,0,0],6,4].
[[3,7,2,1,1,0,2,1,2],5,2].
[[2,7,2,1,1,1,2,2,2],3,2].
[[3,7,1,1,1,0,1,2,1],5,3].
[[2,5,0,1,2,0,2,2,0],5,1].
[[3,5,0,1,1,0,2,2,0],1,1].
[[1,5,0,0,0,0,1,1,0],8,2].
[[2,7,0,0,0,0,2,2,2],2,7].
[[2,3,2,0,0,0,2,1,0],1,0].
[[3,3,2,0,0,0,1,2,0],2,0].
[[3,3,2,1,2,0,2,2,0],2,0].
[[3,8,1,0,0,0,0,0,0],0,3].
[[2,6,1,1,1,1,2,2,2],2,1].
[[2,8,1,1,1,0,2,1,0],1,6].
[[3,4,0,1,2,0,2,1,0],0,1].
[[2,6,0,1,2,1,1,2,2],1,1].
[[1,8,1,1,2,0,2,2,1],17,9].
[[2,6,1,1,2,0,2,2,1],4,1].
[[3,3,1,1,2,0,2,2,1],2,0].
[[3,9,1,1,1,0,1,2,2],0,12].
[[3,7,0,1,1,1,1,1,1],0,1].
[[3,6,1,1,1,0,0,0,0],1,0].
[[2,7,2,1,2,1,1,1,1],0,3].
[[3,7,2,1,1,1,1,1,1],0,3].
[[1,6,1,0,0,0,1,2,2],3,0].
[[2,4,1,1,2,0,2,2,2],2,2].
[[2,6,1,1,2,1,2,1,0],11,0].
[[3,6,1,1,1,1,1,2,0],7,0].
[[2,9,2,1,1,0,2,1,2],0,1].
[[3,8,1,1,1,0,2,1,2],0,2].
[[3,7,1,1,1,0,1,1,2],4,4].
[[2,6,0,0,0,0,2,3,1],1,3].
[[3,6,0,0,0,0,2,3,1],0,6].
[[3,6,0,1,2,1,1,2,0],0,8].
[[3,8,1,1,1,1,1,1,1],10,5].
[[2,7,2,1,1,0,2,1,2],1,1].
[[3,9,0,1,2,0,2,3,0],0,2].
[[3,3,2,1,2,0,2,1,2],5,0].
[[1,7,2,1,2,1,1,1,2],5,2].
[[3,2,1,1,2,0,2,1,1],1,0].
[[3,7,0,0,0,0,1,2,1],0,2].
[[3,6,1,1,1,0,1,2,2],0,4].
[[2,3,2,1,2,1,0,0,0],10,0].
[[3,3,2,1,2,1,2,1,2],14,1].
[[2,6,0,1,2,1,2,1,0],0,5].
[[3,6,0,1,1,1,2,1,0],0,2].
[[2,7,1,1,2,1,1,1,0],1,1].
[[2,8,0,1,2,0,2,1,1],2,0].
[[2,9,2,0,0,0,2,1,1],2,3].
[[3,9,1,1,2,0,2,1,1],0,1].
[[3,7,0,1,2,0,2,3,1],0,8].
[[3,6,1,1,2,0,1,1,1],1,0].
[[2,5,0,1,1,0,1,2,1],2,0].
[[3,9,1,1,1,0,1,1,2],1,1].
[[2,6,0,1,2,1,2,3,2],0,12].
[[1,6,0,0,0,0,2,3,2],1,5].
[[3,6,0,1,2,0,2,1,2],0,1].
[[3,8,1,1,1,0,2,2,1],3,6].
[[3,6,0,1,1,1,0,0,0],0,4].
[[1,8,1,1,2,0,1,1,0],0,5].
[[2,7,1,1,2,0,2,2,1],1,4].
[[2,3,1,0,0,0,2,1,1],1,0].
[[3,6,1,1,1,1,2,2,1],3,0].
[[3,6,1,1,1,1,2,2,2],5,1].
[[3,3,2,1,2,1,2,3,2],14,0].
[[2,7,1,1,2,0,2,1,1],1,0].
[[3,6,0,1,2,0,2,3,0],0,5].
[[2,9,1,1,1,0,1,1,0],0,2].
[[3,6,0,1,2,1,2,2,1],1,3].
[[2,6,1,1,1,1,0,0,0],4,2].
[[3,3,2,1,1,1,2,3,2],6,0].
[[3,9,0,0,0,0,2,3,0],0,1].
[[3,9,1,1,1,1,1,1,1],0,1].
[[1,6,0,0,0,0,2,1,2],2,4].
[[2,5,0,1,2,0,1,2,0],7,2].
[[2,7,2,0,0,0,1,1,1],0,4].
[[3,7,2,1,2,1,1,1,1],0,10].
[[2,7,2,1,2,1,1,1,0],0,2].
[[3,3,2,0,0,0,0,0,0],9,1].
[[2,7,0,0,0,0,2,2,0],1,6].
[[1,6,1,1,2,1,2,2,1],6,0].
[[3,8,1,1,2,0,0,0,0],0,4].
[[2,7,1,1,2,0,1,1,0],1,1].
[[3,6,1,0,0,0,1,1,1],1,1].
[[3,9,0,0,0,0,2,1,0],0,4].
[[3,9,1,0,0,0,2,2,1],0,1].
[[3,5,0,1,1,0,2,1,0],4,1].
[[2,3,2,0,0,0,2,3,1],1,0].
[[3,3,1,1,2,0,2,3,1],10,1].
[[1,8,1,1,2,0,1,1,1],1,0].
[[2,7,1,1,2,0,2,1,0],4,1].
[[2,6,0,0,0,0,2,2,1],0,2].
[[2,3,1,1,2,1,2,1,2],3,0].
[[3,2,1,1,2,0,1,2,2],1,0].
[[2,7,0,1,2,1,2,3,1],2,4].
[[3,7,2,0,0,0,1,1,1],0,4].
[[2,5,0,1,1,1,1,1,0],12,0].
[[3,3,2,1,2,1,2,3,1],5,0].
[[3,3,1,1,2,1,2,1,1],1,1].
[[2,3,2,1,2,1,1,1,2],2,0].
[[3,2,1,1,2,1,1,2,2],1,0].
[[3,6,0,0,0,0,2,2,1],0,3].
[[3,6,1,0,0,0,0,0,0],1,3].
[[3,9,2,1,2,0,2,3,1],0,2].
[[3,2,1,1,1,1,0,0,0],1,0].
[[3,6,0,1,2,0,2,2,0],0,4].
[[2,9,2,1,1,0,2,2,0],0,9].
[[1,3,2,0,0,0,2,1,2],4,0].
[[3,9,0,0,0,0,2,2,0],0,5].
[[1,5,0,1,1,1,2,1,0],3,1].
[[2,4,1,1,2,0,1,1,0],2,0].
[[1,6,1,1,2,1,2,3,0],3,1].
[[2,7,2,1,1,0,2,2,2],0,2].
[[1,5,0,1,1,1,1,2,1],1,0].
[[1,7,2,1,2,0,1,2,2],1,2].
[[3,6,0,0,0,0,1,1,2],1,10].
[[3,6,0,1,2,1,1,1,0],0,3].
[[1,5,0,1,2,0,2,3,0],1,0].
[[3,7,0,0,0,0,1,1,0],0,3].
[[1,7,2,1,2,0,2,1,0],1,0].
[[2,7,2,1,1,0,2,1,0],1,0].
[[3,9,1,1,2,1,0,0,0],0,7].
[[3,9,2,1,1,1,2,3,1],0,5].
[[3,7,2,1,2,0,1,1,1],0,2].
[[3,3,2,1,1,1,0,0,0],6,0].
[[2,7,1,1,1,1,2,2,0],1,1].
[[2,8,0,1,1,1,2,2,1],3,4].
[[3,7,0,1,1,1,1,1,0],0,3].
[[2,8,1,1,1,0,0,0,0],1,2].
[[3,6,0,1,2,0,2,2,1],0,1].
[[2,6,1,1,1,1,2,1,2],3,0].
[[3,3,2,1,1,1,2,1,2],3,0].
[[3,8,1,1,1,1,2,1,1],1,2].
[[2,7,1,1,2,0,1,1,2],3,1].
[[1,8,0,1,2,1,2,1,1],2,3].
[[3,7,2,0,0,0,1,1,0],4,0].
[[3,7,0,1,2,0,1,1,0],0,4].
[[3,7,2,1,1,1,1,2,1],3,2].
[[2,7,0,1,2,1,1,1,2],1,2].
[[2,6,1,1,1,1,2,3,0],6,0].
[[3,3,1,1,1,1,2,3,0],3,0].
[[3,5,0,1,2,0,2,2,0],11,0].
[[3,9,0,1,1,0,1,2,0],0,5].
[[3,8,1,1,1,1,2,1,2],7,6].
[[3,3,2,1,2,0,2,2,2],5,0].
[[3,3,2,1,2,1,1,1,1],1,0].
[[2,7,2,1,2,0,2,2,0],3,1].
[[2,6,1,1,2,1,1,2,0],3,0].
[[2,9,1,1,2,1,2,3,1],1,0].
[[2,7,2,1,1,1,2,3,0],4,0].
[[3,3,2,1,1,1,2,3,0],2,0].
[[1,8,1,1,1,1,1,2,1],5,0].
[[3,6,0,1,2,0,1,2,1],0,1].
[[3,8,0,1,1,0,2,3,1],0,8].
[[2,7,2,1,1,1,2,2,0],3,0].
[[2,9,2,1,1,0,2,3,1],0,2].
[[2,8,1,1,1,0,1,1,2],1,3].
[[2,6,0,0,0,0,1,2,0],0,1].
[[1,5,0,1,1,1,1,1,1],2,2].
[[2,4,1,1,2,0,1,1,1],2,0].
[[3,2,0,0,0,0,0,0,0],0,2].
[[1,6,1,1,2,1,2,3,1],6,0].
[[3,3,2,1,1,1,2,3,1],2,0].
[[3,3,2,1,1,0,2,2,2],1,0].
[[2,9,1,1,1,0,1,1,2],0,1].
[[2,7,2,1,1,1,0,0,0],5,0].
[[2,6,1,1,1,1,2,2,1],2,0].
[[3,9,0,0,0,0,1,1,2],0,2].
[[1,7,1,1,2,1,2,2,1],1,0].
[[3,3,1,1,1,1,2,2,1],2,0].
[[2,7,1,0,0,0,1,1,0],4,1].
[[3,7,2,1,1,0,2,3,2],3,2].
[[3,1,1,1,2,0,1,1,2],1,0].
[[3,4,0,1,2,0,1,1,2],0,1].
[[1,3,2,0,0,0,2,3,2],3,0].
[[2,3,2,0,0,0,2,3,2],7,0].
[[2,7,2,1,2,1,1,2,0],1,1].
[[3,8,0,0,0,0,1,1,1],0,1].
[[1,5,0,1,1,1,1,1,0],1,0].
[[2,6,0,1,2,1,1,1,2],0,3].
[[3,6,1,1,1,0,2,2,1],0,1].
[[2,4,1,1,2,0,1,2,1],5,2].
[[3,2,0,1,2,1,0,0,0],0,2].
[[2,6,0,1,2,1,2,3,1],0,2].
[[2,7,0,0,0,0,1,2,0],0,3].
[[3,7,0,1,2,0,1,2,0],0,2].
[[3,6,0,1,1,1,2,2,2],0,3].
[[2,2,1,0,0,0,2,1,1],1,0].
[[3,2,1,1,2,1,2,1,1],1,0].
[[3,9,0,1,1,0,2,3,0],0,1].
[[2,4,1,1,2,0,2,1,2],2,1].
[[1,8,1,1,1,1,2,1,0],2,3].
[[2,7,2,1,1,1,2,1,0],1,0].
[[2,3,2,0,0,0,2,2,0],1,0].
[[3,3,2,0,0,0,2,2,0],2,0].
[[2,6,1,1,1,1,1,2,1],1,0].
[[3,9,2,1,1,1,2,2,1],0,4].
[[2,7,2,1,1,1,2,3,1],2,0].
[[1,5,0,1,2,0,2,2,0],0,1].
[[2,3,2,1,2,0,2,2,2],4,0].
[[3,9,1,1,2,0,0,0,0],0,4].
[[2,7,0,0,0,0,2,1,0],2,5].
[[3,3,1,1,2,0,2,3,0],2,1].
[[3,6,1,1,1,0,2,2,0],2,0].
[[2,9,1,1,2,1,2,2,1],3,4].
[[3,3,1,1,2,1,1,2,0],1,0].
[[2,7,2,1,1,1,1,1,2],2,0].
[[3,6,1,1,1,0,1,1,2],0,1].
[[2,7,2,1,1,1,1,2,0],0,1].
[[1,7,2,0,0,0,2,3,0],5,0].
[[2,3,2,0,0,0,2,3,0],2,0].
[[3,6,0,1,2,1,1,2,1],0,3].
[[3,3,1,1,1,1,1,2,0],1,0].
[[3,9,2,1,1,0,2,2,1],0,2].
[[3,3,2,0,0,0,1,2,1],1,0].
[[2,8,0,1,1,1,1,2,1],1,3].
[[3,3,1,1,2,0,1,2,1],2,0].
[[3,9,0,1,2,0,2,1,0],0,1].
[[3,3,2,1,2,0,1,2,2],8,0].
[[3,7,0,1,2,1,2,1,1],0,1].
[[3,6,0,0,0,0,1,2,0],0,3].
[[1,6,0,0,0,0,2,3,0],0,1].
[[3,2,1,1,2,1,2,2,0],2,0].
[[2,7,2,1,1,0,0,0,0],0,1].
[[1,8,0,1,2,1,1,2,1],2,2].
[[3,3,2,1,2,1,2,3,0],5,0].
[[2,7,2,1,2,0,1,2,1],1,1].
[[3,9,0,1,1,1,2,3,0],0,3].
[[3,7,0,1,2,1,1,2,1],0,2].
[[1,7,1,1,2,1,2,3,0],3,1].
[[1,2,1,0,0,0,2,2,2],1,0].
[[2,2,1,0,0,0,2,2,2],1,0].
[[3,2,1,0,0,0,2,2,2],1,0].
[[3,8,0,1,1,0,2,1,1],0,1].
[[1,7,2,1,2,0,2,3,1],2,0].
[[3,3,2,1,1,0,1,2,2],2,0].
[[3,8,1,1,1,0,2,1,1],0,2].
[[1,5,0,0,0,0,2,2,0],4,0].
[[1,5,0,1,2,0,1,1,1],1,1].
[[3,4,0,1,2,0,1,1,1],0,1].
[[3,6,1,1,1,0,2,3,1],2,1].
[[3,6,0,1,1,1,2,1,2],0,3].
[[2,9,1,1,2,0,2,3,1],0,1].
[[3,9,1,1,1,0,2,3,1],0,1].
[[3,4,0,1,2,0,1,2,1],0,1].
[[1,3,2,0,0,0,2,2,2],1,0].
[[2,9,2,1,1,0,2,1,0],0,4].
[[2,3,2,1,2,1,2,2,0],1,0].
[[3,3,2,1,2,1,1,2,0],1,0].
[[3,2,1,1,2,1,2,3,2],2,0].
[[2,3,1,0,0,0,2,3,0],2,0].
[[2,7,2,1,2,0,2,3,1],10,0].
[[3,7,1,1,1,0,1,1,0],1,0].
[[3,4,0,1,2,0,2,2,2],0,1].
[[2,6,0,0,0,0,1,2,1],1,1].
[[3,9,0,0,0,0,1,2,2],0,2].
[[3,6,1,1,1,1,2,1,1],2,0].
[[3,7,2,1,2,0,1,1,0],2,1].
[[2,6,1,1,2,0,1,1,2],2,0].
[[1,9,2,1,2,0,1,1,1],1,0].
[[3,8,0,1,2,0,1,1,1],2,0].
[[2,6,1,1,1,1,2,1,1],2,0].
[[3,3,2,1,1,1,1,1,2],2,0].
[[3,4,0,1,2,0,2,2,0],0,1].
[[2,6,1,1,2,0,1,2,0],1,0].
[[3,2,1,1,2,0,1,2,0],1,0].
[[2,3,2,0,0,0,1,2,2],4,0].
[[3,9,1,1,1,1,2,3,1],0,1].
[[1,7,2,1,2,1,1,2,1],1,0].
[[1,7,1,0,0,0,1,1,1],2,1].
[[2,8,0,0,0,0,1,1,1],2,1].
[[2,7,2,1,1,1,1,2,1],1,0].
[[3,6,0,1,1,1,2,2,0],0,5].
[[3,1,1,1,2,0,1,2,1],2,0].
[[2,3,1,0,0,0,2,2,1],1,0].
[[2,9,2,1,1,0,1,2,0],0,3].
[[1,5,0,1,1,1,2,2,0],1,0].
[[3,6,1,1,1,1,1,1,0],1,2].
[[1,7,1,1,2,1,2,1,1],0,1].
[[1,8,1,1,1,1,2,1,1],3,0].
[[3,1,1,1,2,0,1,1,1],1,0].
[[1,6,1,1,2,1,1,2,2],1,0].
[[3,2,1,0,0,0,2,1,2],1,0].
[[2,7,2,1,1,0,2,3,1],1,0].
[[1,2,1,0,0,0,0,0,0],2,0].
[[2,2,1,1,2,1,0,0,0],1,0].
[[1,8,1,1,1,1,1,1,1],1,1].
[[2,6,1,0,0,0,1,1,1],1,0].
[[3,2,1,0,0,0,1,1,1],1,0].
[[1,7,1,1,2,1,2,2,0],2,0].
[[1,5,0,1,1,1,2,3,0],2,0].
[[3,6,0,1,1,1,1,1,2],0,2].
[[1,7,2,1,2,1,2,1,0],1,0].
[[2,7,0,0,0,0,2,3,1],0,2].
[[3,9,1,1,2,1,2,2,1],0,2].
[[2,7,2,1,1,1,2,1,2],2,1].
[[1,7,2,1,2,1,2,3,1],1,3].
[[2,3,2,1,2,1,2,3,1],0,1].
[[2,3,1,1,2,1,2,3,1],1,0].
[[2,2,1,1,2,1,2,2,2],1,0].
[[2,8,1,1,1,0,2,1,1],1,0].
[[3,7,1,1,1,0,2,1,1],1,0].
[[3,6,1,1,1,0,2,3,2],2,0].
[[2,7,1,1,2,0,1,1,1],2,0].
[[3,3,1,1,2,0,2,1,0],1,0].
[[2,7,0,0,0,0,1,1,0],0,2].
[[3,6,1,0,0,0,2,1,1],2,0].
[[2,7,1,1,2,0,1,2,0],2,0].
[[3,7,2,1,1,0,1,1,0],0,1].
[[3,9,1,1,2,0,2,2,1],0,1].
[[2,6,1,1,1,1,2,1,0],1,0].
[[2,9,1,1,1,0,1,2,2],0,1].
[[1,6,1,1,2,1,2,2,0],1,0].
[[2,9,2,1,1,1,2,1,1],0,1].
[[2,6,1,1,2,0,2,1,0],1,0].
[[3,6,0,1,1,1,2,2,1],0,1].
[[1,9,2,1,1,1,2,1,1],1,0].
[[2,2,1,0,0,0,2,3,1],1,0].
[[3,2,1,1,2,0,2,2,0],1,0].
[[2,7,2,1,2,0,1,1,1],0,1].
[[2,3,1,1,2,1,2,1,0],1,0].
[[2,9,2,1,2,0,2,1,1],0,2].
[[2,6,0,1,2,1,2,1,1],1,0].
[[3,6,1,1,1,1,1,1,1],1,0].
[[1,5,0,1,2,1,1,1,0],2,1].
[[3,9,2,1,1,0,1,2,1],0,1].
[[2,6,0,1,2,1,2,2,1],1,0].
[[3,3,2,1,2,0,2,3,0],2,0].
[[3,6,0,1,2,0,2,3,1],0,1].
[[2,6,1,1,1,1,1,2,0],0,1].
[[3,3,0,0,0,0,0,0,0],0,1].
[[3,2,1,0,0,0,2,2,1],1,0].
[[3,9,1,0,0,0,1,1,1],0,1].
[[3,6,0,1,1,1,1,1,0],0,2].
[[3,2,1,1,1,1,2,2,1],1,0].
[[3,9,1,1,2,0,2,3,1],0,1].
[[3,9,2,1,2,0,2,1,1],0,1].
[[3,2,1,0,0,0,0,0,0],2,0].
[[3,8,1,1,1,0,2,2,2],1,1].
[[2,3,2,0,0,0,1,1,2],2,0].
[[3,8,0,1,2,1,1,1,1],1,1].
[[3,3,1,1,2,1,1,1,1],1,0].
[[2,3,2,1,2,0,0,0,0],2,0].
[[3,2,1,1,1,1,2,2,2],1,0].
[[2,8,0,1,1,1,2,1,1],0,1].
[[2,9,2,1,1,0,2,2,1],0,1].
[[3,8,0,1,1,0,2,2,1],0,1].
[[1,3,2,0,0,0,1,1,2],1,0].
[[3,9,2,0,0,0,1,1,1],0,1].
[[3,3,2,1,2,1,2,1,0],1,0].
[[3,9,0,1,1,0,1,2,1],0,1].
[[3,9,1,1,2,1,1,1,1],0,1].
[[3,9,2,1,1,0,2,1,0],0,1].
[[1,8,1,1,1,1,1,1,0],1,0].
[[2,7,1,1,1,1,1,1,0],1,0].
[[3,9,1,1,2,1,2,3,1],0,1].
[[2,8,0,1,1,1,1,1,1],0,1].
[[3,8,0,1,1,1,1,1,1],1,1].
[[1,7,1,0,0,0,1,2,2],1,0].
[[3,3,2,1,2,0,2,3,1],2,0].
[[3,6,1,1,1,1,0,0,0],1,0].
[[2,9,1,0,0,0,2,2,1],0,1].
[[3,8,0,1,2,0,2,1,1],0,1].
[[1,8,0,1,2,1,1,1,0],1,1].
[[2,3,1,0,0,0,1,1,1],1,0].
[[3,3,1,0,0,0,1,1,1],1,0].
[[3,2,1,1,2,1,2,3,1],1,0].
[[2,7,2,1,1,0,2,3,2],1,0].
[[2,1,1,1,2,0,1,2,1],1,0].
[[1,9,2,1,1,1,1,1,1],1,0].
[[2,9,2,1,1,1,1,1,1],1,0].
[[3,7,1,1,1,0,1,1,1],1,0].
[[2,7,0,0,0,0,1,1,2],0,1].
[[2,3,1,1,2,1,2,2,1],1,0].
[[3,3,2,1,2,1,2,2,0],1,0].
[[2,2,1,0,0,0,2,3,0],1,0].
[[3,2,1,0,0,0,2,3,0],1,0].
[[3,1,1,1,2,0,1,1,0],1,0].
