total_WL(398,357).
[[1,9,2,0,0,0,2,1,2],4,20].
[[2,8,0,1,2,1,2,1,2],2,4].
[[3,8,0,1,2,1,1,2,2],3,13].
[[1,9,2,0,0,0,1,2,2],19,19].
[[2,9,2,0,0,0,1,2,2],5,9].
[[3,8,0,0,0,0,1,2,2],3,4].
[[1,8,0,0,0,0,2,3,0],3,2].
[[2,7,1,0,0,0,1,2,1],3,0].
[[3,7,1,0,0,0,1,2,1],3,2].
[[1,9,2,0,0,0,2,3,1],9,9].
[[2,9,2,0,0,0,2,3,1],6,8].
[[3,9,2,0,0,0,2,3,1],0,2].
[[1,9,2,1,2,1,1,2,0],1,2].
[[2,9,2,1,2,1,1,2,0],2,7].
[[3,9,2,1,1,1,1,1,0],0,2].
[[1,8,1,0,0,0,0,0,0],17,11].
[[2,8,1,0,0,0,2,3,1],21,5].
[[3,7,2,0,0,0,2,3,1],2,0].
[[1,9,2,0,0,0,2,3,0],12,17].
[[3,8,1,1,2,1,1,2,0],4,0].
[[1,8,0,0,0,0,0,0,0],8,23].
[[2,8,0,0,0,0,2,2,0],2,7].
[[3,8,0,1,2,1,2,2,0],1,8].
[[1,9,2,0,0,0,1,2,0],6,4].
[[2,9,2,0,0,0,1,2,0],5,4].
[[3,9,2,0,0,0,1,2,0],1,7].
[[2,9,2,1,2,1,2,2,0],2,6].
[[3,9,2,1,2,1,1,2,0],2,13].
[[1,8,1,0,0,0,2,1,2],15,0].
[[2,7,1,1,2,1,2,1,2],2,0].
[[3,7,1,1,2,1,1,2,2],4,2].
[[1,8,1,0,0,0,1,2,2],6,0].
[[2,8,1,0,0,0,1,2,2],15,3].
[[3,5,0,1,2,1,1,1,1],9,0].
[[2,8,1,0,0,0,2,3,2],13,1].
[[3,8,1,1,2,1,1,2,2],10,3].
[[1,8,1,0,0,0,2,3,1],21,6].
[[2,7,1,1,2,1,2,3,1],4,1].
[[3,7,1,1,2,1,1,2,1],6,2].
[[1,9,2,1,2,1,1,1,0],0,1].
[[2,9,2,1,1,1,1,1,0],0,1].
[[1,9,2,1,2,0,2,3,1],0,1].
[[2,9,2,1,2,0,2,3,1],2,1].
[[3,9,2,1,1,0,2,3,1],0,2].
[[1,9,2,1,2,1,2,3,2],1,3].
[[2,8,0,1,2,1,2,3,2],1,5].
[[3,7,0,1,2,1,2,3,2],0,1].
[[1,9,2,0,0,0,1,1,2],6,4].
[[2,8,0,0,0,0,1,1,2],1,1].
[[3,8,0,1,2,1,1,1,2],0,5].
[[1,9,2,0,0,0,2,2,0],17,12].
[[2,5,0,1,2,1,1,1,0],2,0].
[[3,5,0,1,2,1,1,1,0],3,1].
[[1,9,2,1,2,1,2,2,1],2,3].
[[2,5,0,1,2,1,1,1,1],3,0].
[[1,8,1,0,0,0,2,1,0],2,0].
[[2,8,1,1,2,1,2,3,1],8,3].
[[3,7,1,1,2,1,2,3,1],11,4].
[[1,5,0,0,0,0,1,1,2],5,0].
[[2,5,0,0,0,0,1,1,2],3,0].
[[3,5,0,0,0,0,1,1,2],2,0].
[[2,9,2,1,2,1,1,1,0],2,5].
[[3,9,2,1,2,1,1,1,0],1,6].
[[1,9,2,0,0,0,2,3,2],4,14].
[[3,8,0,1,2,0,2,3,1],1,3].
[[1,9,2,0,0,0,2,1,0],5,11].
[[2,8,0,0,0,0,2,1,0],1,5].
[[3,8,0,0,0,0,2,1,0],0,4].
[[3,8,1,1,2,1,2,1,0],3,0].
[[1,8,1,0,0,0,2,3,2],14,3].
[[2,8,1,1,2,1,1,2,2],7,2].
[[1,7,1,0,0,0,2,3,2],1,0].
[[2,3,1,0,0,0,2,3,2],1,0].
[[3,3,1,0,0,0,1,2,2],1,0].
[[3,7,1,0,0,0,2,3,1],5,1].
[[2,7,2,0,0,0,2,3,1],2,1].
[[3,7,1,1,2,0,2,3,1],2,0].
[[1,8,0,0,0,0,2,2,0],1,3].
[[2,8,0,1,2,1,2,2,0],3,6].
[[2,6,0,0,0,0,2,3,0],1,1].
[[3,6,0,0,0,0,2,3,0],1,3].
[[3,9,2,1,2,1,2,3,1],1,3].
[[2,7,2,0,0,0,2,1,2],3,0].
[[3,7,2,1,2,0,1,1,2],2,1].
[[1,9,2,1,2,1,2,1,2],3,4].
[[3,7,0,1,1,1,2,1,2],0,1].
[[2,5,0,0,0,0,1,2,1],4,0].
[[3,5,0,1,2,1,1,2,1],9,0].
[[1,9,2,0,0,0,0,0,0],11,24].
[[2,9,2,0,0,0,2,2,0],5,6].
[[3,8,0,0,0,0,2,2,0],0,1].
[[2,8,1,1,2,0,1,2,1],2,1].
[[3,7,1,1,2,0,1,2,1],2,0].
[[2,8,0,0,0,0,2,3,2],2,6].
[[3,8,0,0,0,0,2,3,2],0,2].
[[1,8,1,1,2,1,2,3,1],9,2].
[[3,8,1,1,1,1,1,2,0],3,0].
[[3,9,2,1,2,1,2,2,0],1,6].
[[2,8,0,0,0,0,0,0,0],4,7].
[[3,8,0,1,2,0,2,2,0],1,4].
[[1,8,1,1,2,1,0,0,0],7,2].
[[2,8,1,1,2,1,2,1,2],6,0].
[[3,8,1,1,2,1,2,1,2],4,1].
[[1,8,1,1,2,1,1,1,2],2,2].
[[2,8,1,1,1,1,1,1,2],1,1].
[[3,8,1,1,1,1,1,1,2],3,1].
[[3,7,0,1,2,0,0,0,0],0,1].
[[1,8,1,0,0,0,2,2,1],9,5].
[[2,8,1,0,0,0,2,2,1],5,2].
[[3,8,1,0,0,0,1,2,1],3,1].
[[2,9,2,1,2,1,1,1,2],4,3].
[[3,5,0,1,2,1,1,1,2],12,0].
[[1,9,2,1,2,1,1,2,2],4,6].
[[1,8,1,1,2,1,2,1,2],9,1].
[[2,8,1,1,1,1,2,1,2],4,0].
[[3,7,1,1,1,1,2,1,2],1,0].
[[1,9,2,1,2,1,0,0,0],2,11].
[[2,8,1,1,2,1,0,0,0],0,3].
[[3,8,1,1,2,1,2,3,0],0,1].
[[1,7,2,0,0,0,2,1,2],0,2].
[[2,7,2,0,0,0,1,1,2],1,1].
[[1,8,1,0,0,0,2,2,2],19,8].
[[2,8,1,1,2,1,2,2,2],5,1].
[[2,5,0,1,2,1,1,1,2],4,0].
[[3,5,0,1,1,1,1,1,2],2,0].
[[3,7,2,1,2,1,1,2,1],1,0].
[[2,9,2,1,2,1,2,3,2],0,1].
[[3,9,2,1,2,1,1,2,2],1,10].
[[2,9,2,0,0,0,1,1,0],2,4].
[[3,8,0,1,2,0,1,1,0],0,2].
[[2,9,2,1,2,0,1,2,2],2,1].
[[1,9,2,1,2,0,1,1,2],1,1].
[[2,9,2,1,2,0,1,1,2],2,0].
[[3,8,0,1,2,0,1,1,2],1,1].
[[2,9,2,1,2,1,2,1,2],0,4].
[[3,9,2,1,1,1,1,1,2],0,3].
[[2,7,1,0,0,0,0,0,0],3,2].
[[3,7,1,0,0,0,2,2,0],1,0].
[[1,9,2,1,2,0,2,2,1],0,1].
[[2,9,2,1,1,0,2,2,1],0,1].
[[1,9,2,0,0,0,2,1,1],0,1].
[[2,9,2,0,0,0,2,1,1],0,1].
[[3,8,0,0,0,0,2,1,1],0,1].
[[2,9,2,0,0,0,2,1,0],0,3].
[[2,6,1,0,0,0,2,2,1],2,0].
[[3,6,1,1,2,1,2,2,1],1,0].
[[3,9,2,0,0,0,1,2,2],1,4].
[[3,8,1,1,1,1,1,2,2],2,1].
[[1,5,0,1,2,1,2,3,0],1,0].
[[2,5,0,1,2,1,2,3,0],1,0].
[[3,5,0,1,2,1,2,3,0],3,0].
[[1,8,0,1,2,1,2,3,0],1,3].
[[2,8,0,1,1,1,2,3,0],1,2].
[[3,8,0,1,1,1,2,2,0],0,1].
[[1,8,1,0,0,0,1,1,0],1,1].
[[2,7,2,0,0,0,1,2,2],6,0].
[[3,7,2,1,2,1,1,2,2],9,0].
[[2,5,0,1,2,0,1,1,1],1,1].
[[3,5,0,1,2,0,1,1,1],1,1].
[[1,9,2,1,2,1,2,2,2],2,5].
[[2,9,2,1,2,1,2,3,1],3,8].
[[2,8,0,0,0,0,2,3,0],2,8].
[[3,8,0,1,2,1,1,2,0],3,4].
[[1,8,0,1,2,1,2,3,2],2,2].
[[3,6,0,1,2,1,2,3,2],0,2].
[[2,9,2,1,2,1,1,2,2],4,15].
[[3,8,0,1,1,1,1,2,2],0,4].
[[1,9,2,1,1,1,1,1,2],1,1].
[[2,9,2,1,1,1,1,1,2],1,2].
[[2,8,0,1,2,1,2,2,2],2,5].
[[3,8,0,1,2,1,2,3,2],0,4].
[[3,5,0,1,1,0,1,1,2],1,0].
[[2,8,1,1,2,0,2,3,1],3,2].
[[3,8,1,1,2,0,1,2,1],1,1].
[[1,6,1,1,2,1,2,2,2],1,0].
[[2,3,2,1,2,1,2,2,2],1,0].
[[3,3,2,1,2,1,2,2,2],1,0].
[[2,5,0,0,0,0,1,2,2],3,0].
[[3,5,0,1,2,0,1,2,2],2,0].
[[1,8,0,0,0,0,2,2,2],2,2].
[[2,9,2,1,1,1,2,2,1],2,0].
[[3,5,0,1,1,1,1,2,1],4,0].
[[1,9,2,1,2,1,2,3,1],5,5].
[[3,8,1,1,2,1,2,3,1],6,5].
[[3,8,1,1,2,1,1,1,2],4,0].
[[2,9,2,1,2,0,2,3,2],0,1].
[[3,8,0,1,2,0,2,3,2],1,1].
[[1,9,2,1,2,1,2,1,0],5,6].
[[2,9,2,1,2,1,2,1,0],4,4].
[[3,8,1,1,1,1,1,1,1],1,1].
[[1,8,0,1,2,1,2,2,2],0,4].
[[3,8,0,1,2,1,2,2,2],0,2].
[[3,6,0,0,0,0,2,2,0],0,1].
[[2,8,0,1,2,1,0,0,0],0,8].
[[3,8,0,1,2,1,2,3,0],2,6].
[[3,6,0,0,0,0,2,3,2],0,1].
[[2,6,1,1,2,1,2,3,1],2,0].
[[3,6,1,1,1,1,1,2,1],1,0].
[[1,9,2,1,1,1,1,2,0],0,1].
[[2,9,2,1,1,1,1,2,0],1,2].
[[3,9,2,1,1,1,1,2,0],0,1].
[[3,8,0,0,0,0,1,1,0],0,2].
[[1,8,1,1,2,0,2,3,1],1,0].
[[2,8,1,1,1,0,1,2,1],1,0].
[[3,7,1,1,1,0,1,2,1],1,0].
[[1,8,1,1,2,1,2,3,2],5,2].
[[2,7,1,1,2,1,2,3,2],3,1].
[[2,8,0,1,2,0,2,2,0],0,1].
[[2,8,1,0,0,0,0,0,0],0,4].
[[3,8,1,1,2,1,2,2,1],2,5].
[[1,5,0,1,2,1,1,1,2],2,0].
[[2,5,0,1,1,1,1,1,2],3,0].
[[3,4,1,1,2,0,1,1,2],3,0].
[[3,5,0,1,2,1,2,1,0],3,1].
[[3,8,1,0,0,0,1,2,2],7,1].
[[2,7,2,0,0,0,2,3,2],2,0].
[[3,3,2,1,2,0,2,3,2],1,0].
[[1,8,1,1,2,1,2,1,1],1,0].
[[2,8,1,1,2,1,2,1,1],1,0].
[[3,8,1,1,2,1,1,2,1],9,3].
[[1,8,1,1,2,1,2,2,1],4,1].
[[2,8,1,1,2,1,2,2,1],3,4].
[[3,8,1,1,1,1,2,3,1],2,2].
[[1,8,0,0,0,0,2,3,2],2,3].
[[2,8,0,1,2,1,2,1,0],3,2].
[[3,8,0,1,1,1,1,1,0],1,3].
[[3,9,2,1,2,1,1,2,1],2,5].
[[2,7,1,1,2,1,2,2,1],3,0].
[[3,8,1,0,0,0,1,2,0],5,1].
[[2,8,1,0,0,0,2,2,0],3,1].
[[3,8,1,0,0,0,2,2,2],1,1].
[[1,9,2,1,2,1,1,2,1],0,2].
[[2,8,0,1,2,1,1,2,1],0,1].
[[3,8,0,1,2,1,1,2,1],0,5].
[[3,8,1,0,0,0,2,3,1],4,1].
[[3,9,2,1,2,1,1,1,2],2,4].
[[3,8,0,1,2,1,0,0,0],0,1].
[[3,7,1,1,2,0,2,1,2],0,1].
[[2,8,0,1,2,1,2,2,1],0,2].
[[3,7,1,1,1,1,2,2,1],2,1].
[[1,9,2,1,2,1,2,2,0],4,7].
[[2,9,2,1,1,1,2,2,0],1,1].
[[3,9,2,1,1,1,2,2,0],0,2].
[[3,9,2,1,2,0,1,2,0],1,2].
[[2,8,0,1,2,0,0,0,0],1,2].
[[3,8,0,1,2,0,2,3,0],1,2].
[[1,9,2,1,2,0,2,1,0],0,2].
[[2,9,2,1,2,0,1,1,0],0,1].
[[3,9,2,1,2,0,1,1,0],0,1].
[[3,8,1,1,1,1,2,1,2],2,0].
[[1,9,2,0,0,0,2,2,1],2,5].
[[2,9,2,0,0,0,1,1,1],0,2].
[[3,8,0,1,2,1,1,1,1],0,1].
[[1,6,1,0,0,0,0,0,0],3,0].
[[2,6,1,0,0,0,2,3,1],3,0].
[[3,6,1,1,2,1,2,3,1],2,0].
[[2,8,1,0,0,0,2,2,2],4,3].
[[3,8,1,1,2,1,2,3,2],5,1].
[[2,5,0,0,0,0,2,3,0],3,0].
[[1,7,2,0,0,0,2,2,2],1,1].
[[2,7,2,1,2,0,2,2,2],2,0].
[[3,7,2,1,2,0,2,2,2],1,0].
[[1,8,1,1,2,0,2,2,0],0,1].
[[2,8,1,1,2,0,1,1,0],0,1].
[[3,8,1,1,2,0,1,1,0],0,1].
[[2,5,0,0,0,0,1,1,1],3,0].
[[1,8,0,0,0,0,2,2,1],1,0].
[[2,8,0,1,2,0,1,1,2],0,1].
[[3,7,1,1,1,0,1,1,2],0,1].
[[3,8,1,1,1,1,2,2,1],0,1].
[[2,7,2,1,2,1,2,3,2],1,2].
[[3,7,2,1,1,1,2,3,1],0,1].
[[2,9,2,0,0,0,2,2,1],0,1].
[[1,8,0,0,0,0,2,3,1],1,2].
[[3,7,1,0,0,0,1,2,2],5,0].
[[1,3,2,0,0,0,1,1,2],1,0].
[[2,3,2,0,0,0,1,1,2],1,0].
[[3,3,1,0,0,0,1,1,2],1,0].
[[1,8,0,0,0,0,1,2,2],2,1].
[[2,8,0,1,2,1,1,2,2],2,4].
[[2,7,2,1,2,1,2,1,2],1,0].
[[3,7,1,1,2,1,2,1,2],3,0].
[[1,7,1,0,0,0,2,2,2],1,1].
[[2,3,1,0,0,0,2,2,2],1,0].
[[3,3,1,1,2,1,1,1,2],1,0].
[[2,9,2,1,2,0,0,0,0],1,2].
[[3,8,0,1,2,0,0,0,0],0,2].
[[1,8,0,1,2,1,0,0,0],2,7].
[[3,7,0,1,2,1,0,0,0],0,3].
[[2,8,0,0,0,0,2,3,1],2,1].
[[3,8,0,1,2,1,2,3,1],5,3].
[[3,8,1,0,0,0,0,0,0],0,1].
[[3,8,1,1,2,1,2,1,1],1,0].
[[2,9,2,1,2,1,1,2,1],1,3].
[[3,5,0,1,2,0,2,1,0],1,0].
[[1,7,1,0,0,0,0,0,0],4,1].
[[2,7,1,0,0,0,2,2,2],3,1].
[[3,7,2,1,2,1,2,2,2],0,1].
[[1,8,1,1,2,0,2,2,2],2,1].
[[2,8,1,1,2,0,2,2,2],2,2].
[[3,7,2,1,1,0,2,2,2],1,1].
[[2,8,1,0,0,0,2,1,2],2,0].
[[3,7,2,1,2,1,2,1,2],1,0].
[[1,8,1,1,1,1,2,2,1],1,0].
[[2,8,1,1,1,1,2,3,1],4,2].
[[3,4,1,1,2,0,2,3,1],3,0].
[[3,7,2,1,2,0,1,2,2],2,0].
[[3,5,0,0,0,0,2,3,0],1,0].
[[2,8,0,0,0,0,2,2,2],1,1].
[[3,7,1,1,2,1,2,2,0],1,2].
[[2,8,1,0,0,0,1,2,1],7,1].
[[1,8,1,0,0,0,1,2,1],4,2].
[[2,8,1,1,2,1,1,1,2],3,2].
[[3,9,2,0,0,0,1,2,1],1,0].
[[1,8,0,0,0,0,1,1,2],2,1].
[[2,8,0,0,0,0,1,2,2],3,5].
[[3,8,0,1,2,0,1,2,2],1,1].
[[2,9,2,1,2,0,2,3,0],0,1].
[[3,9,2,0,0,0,1,1,2],2,2].
[[2,9,2,0,0,0,2,3,0],2,3].
[[3,9,2,1,2,0,2,2,0],0,1].
[[3,8,1,1,1,1,1,2,1],1,3].
[[2,8,0,1,2,1,1,1,2],1,2].
[[2,7,1,1,1,1,2,3,0],1,0].
[[3,7,1,1,1,1,2,3,0],1,0].
[[1,8,0,1,2,1,1,1,2],0,1].
[[3,8,0,1,1,1,1,1,2],0,3].
[[1,8,0,0,0,0,2,1,2],3,5].
[[1,9,2,0,0,0,1,2,1],1,6].
[[2,8,0,0,0,0,1,2,1],0,2].
[[2,8,0,0,0,0,2,1,2],1,3].
[[3,8,0,1,2,0,2,1,2],0,2].
[[1,9,2,1,2,1,2,3,0],10,7].
[[3,7,2,1,2,1,1,1,2],2,0].
[[2,5,0,1,2,0,1,1,2],1,0].
[[3,5,0,1,2,0,1,1,2],3,0].
[[2,8,0,1,2,0,1,2,0],0,1].
[[3,8,0,1,2,0,1,2,0],0,4].
[[1,8,1,0,0,0,2,2,0],2,2].
[[3,7,2,1,2,1,2,3,1],1,0].
[[3,8,0,0,0,0,2,3,0],0,4].
[[3,8,0,1,1,1,2,1,2],0,1].
[[3,5,0,0,0,0,2,1,0],1,0].
[[2,8,1,1,2,1,1,2,1],3,2].
[[1,9,2,1,1,1,0,0,0],2,1].
[[2,8,0,1,1,1,0,0,0],1,2].
[[3,8,0,1,1,1,0,0,0],0,3].
[[2,7,1,1,2,0,2,2,2],0,1].
[[3,7,1,1,1,0,2,2,2],0,1].
[[1,9,2,0,0,0,2,2,2],2,8].
[[2,9,2,1,2,1,2,3,0],2,7].
[[3,8,0,1,1,1,2,1,0],1,2].
[[2,7,1,0,0,0,2,1,2],5,0].
[[2,8,1,1,1,1,1,2,1],0,2].
[[3,8,0,1,2,1,1,1,0],0,3].
[[2,8,1,0,0,0,2,1,1],1,0].
[[3,7,1,0,0,0,2,2,2],2,1].
[[1,5,0,1,2,1,2,2,0],2,0].
[[2,5,0,1,2,1,2,2,0],2,0].
[[3,5,0,1,2,1,2,2,0],2,0].
[[3,7,2,0,0,0,1,2,2],4,0].
[[2,7,2,1,2,0,2,3,2],0,1].
[[3,7,2,1,1,0,2,3,1],0,1].
[[3,7,1,0,0,0,2,1,0],1,0].
[[2,7,1,1,2,1,0,0,0],3,1].
[[3,7,1,1,2,1,2,3,2],3,0].
[[3,8,1,1,2,1,0,0,0],0,1].
[[3,4,1,1,2,0,1,1,1],1,0].
[[3,4,1,1,2,0,1,2,0],1,0].
[[1,8,0,0,0,0,2,1,0],0,2].
[[2,8,0,0,0,0,1,1,0],0,1].
[[3,7,1,1,2,0,1,1,0],0,1].
[[2,8,1,0,0,0,1,1,0],0,1].
[[3,6,1,0,0,0,1,1,0],1,1].
[[3,7,2,1,2,0,2,1,2],1,0].
[[3,6,1,0,0,0,2,3,2],1,0].
[[2,9,2,0,0,0,2,1,2],2,4].
[[2,5,0,1,2,1,1,2,1],2,1].
[[1,8,1,1,1,1,1,1,2],1,0].
[[2,4,1,1,2,0,1,2,1],1,0].
[[3,4,1,1,2,0,1,2,1],3,0].
[[1,9,2,1,1,1,1,2,1],1,0].
[[2,9,2,1,1,1,1,2,1],2,0].
[[3,5,0,1,2,0,2,2,0],1,0].
[[3,7,0,0,0,0,1,2,2],0,1].
[[3,8,1,1,2,0,1,2,2],1,2].
[[1,8,1,1,2,1,1,2,2],4,0].
[[1,9,2,0,0,0,1,1,0],2,3].
[[3,9,2,0,0,0,1,1,0],1,2].
[[2,8,1,1,2,0,2,2,0],0,1].
[[3,8,1,1,2,0,2,2,0],1,1].
[[2,9,2,0,0,0,1,1,2],3,7].
[[3,8,0,0,0,0,1,1,2],1,2].
[[2,8,1,1,2,1,2,1,0],3,1].
[[3,7,1,1,2,1,2,1,0],0,1].
[[3,9,2,1,1,1,1,2,2],1,4].
[[2,9,2,1,2,1,2,2,2],0,3].
[[3,8,1,0,0,0,1,1,2],3,2].
[[2,8,1,1,2,0,1,2,2],1,1].
[[3,8,1,1,1,0,1,2,2],0,1].
[[2,8,0,1,2,1,2,3,1],1,1].
[[2,8,1,1,2,0,2,2,1],2,3].
[[3,7,1,1,2,0,2,2,1],1,1].
[[2,7,1,1,2,1,2,2,0],0,1].
[[2,8,0,1,2,1,1,1,0],0,1].
[[2,9,2,0,0,0,1,2,1],0,4].
[[3,8,0,0,0,0,1,2,1],0,4].
[[3,8,1,1,2,0,2,2,1],1,1].
[[1,5,0,0,0,0,1,2,1],1,0].
[[2,9,2,1,2,0,2,1,0],1,4].
[[3,8,1,1,1,0,1,2,1],2,1].
[[1,8,0,1,2,1,1,2,2],1,0].
[[3,6,0,1,2,1,1,2,2],1,0].
[[2,8,1,1,1,1,2,2,1],1,0].
[[3,8,1,1,2,1,2,2,0],1,0].
[[1,6,1,0,0,0,2,2,1],1,0].
[[3,3,1,0,0,0,2,2,1],1,0].
[[3,7,1,1,2,1,1,1,2],5,1].
[[1,8,1,0,0,0,1,1,2],1,1].
[[1,7,1,1,2,1,0,0,0],2,0].
[[2,7,1,1,2,1,2,2,2],1,0].
[[3,7,1,1,2,1,2,2,2],4,2].
[[2,7,1,0,0,0,2,3,1],1,0].
[[2,8,1,0,0,0,1,1,2],2,2].
[[1,8,1,1,1,1,2,3,1],0,1].
[[1,7,1,0,0,0,2,2,1],1,0].
[[2,3,1,1,2,1,2,2,1],1,0].
[[3,3,1,1,2,1,2,2,1],1,0].
[[3,8,1,1,2,0,2,3,2],1,1].
[[2,9,2,1,2,0,2,1,2],0,1].
[[1,9,2,1,2,1,1,1,2],4,0].
[[2,7,1,1,2,1,1,1,2],1,0].
[[2,8,0,1,1,1,2,1,0],0,2].
[[3,6,0,1,1,1,2,1,0],0,1].
[[2,9,2,0,0,0,2,3,2],1,4].
[[3,5,0,1,1,1,1,1,0],2,0].
[[1,8,1,1,2,1,2,2,2],4,1].
[[2,7,2,1,2,1,2,2,2],1,1].
[[3,7,2,1,1,1,1,1,2],1,1].
[[3,8,1,1,2,0,2,1,2],1,0].
[[3,5,0,0,0,0,1,2,2],2,0].
[[2,8,0,1,2,1,2,3,0],1,1].
[[1,9,2,1,1,1,2,2,2],1,1].
[[3,8,0,1,1,1,1,2,0],0,2].
[[2,7,1,0,0,0,1,2,2],0,1].
[[3,7,1,0,0,0,1,1,2],0,1].
[[3,9,2,1,2,0,2,1,0],0,2].
[[2,5,0,1,2,1,2,1,0],2,1].
[[2,7,1,0,0,0,2,2,0],1,0].
[[3,3,1,0,0,0,2,2,0],1,0].
[[3,7,0,1,2,1,1,1,2],0,1].
[[2,9,2,1,1,1,2,2,2],1,0].
[[1,8,1,0,0,0,2,1,1],2,0].
[[3,5,0,0,0,0,1,2,1],1,0].
[[3,7,1,1,1,1,2,2,0],1,0].
[[1,6,1,0,0,0,2,3,1],2,0].
[[3,7,0,1,2,1,2,2,0],0,2].
[[3,8,0,0,0,0,2,2,2],0,1].
[[1,8,1,1,2,0,0,0,0],0,1].
[[3,8,1,1,1,0,2,2,1],0,1].
[[3,7,1,0,0,0,2,1,2],1,0].
[[2,5,0,0,0,0,1,1,0],1,0].
[[3,5,0,0,0,0,1,1,0],2,0].
[[3,9,2,0,0,0,2,1,0],0,1].
[[2,9,2,1,2,1,0,0,0],0,1].
[[2,7,2,1,2,1,2,3,1],1,0].
[[3,7,1,1,2,0,2,2,2],1,0].
[[3,9,2,1,1,1,2,2,1],1,0].
[[3,8,0,1,2,1,2,1,0],1,2].
[[2,8,1,1,2,0,1,1,2],1,1].
[[3,6,1,1,2,0,1,1,2],0,1].
[[3,7,1,1,2,1,2,2,1],1,1].
[[2,8,0,1,2,0,2,3,1],0,1].
[[3,7,0,1,2,0,2,3,1],0,1].
[[2,8,1,1,2,0,1,1,1],1,0].
[[3,8,1,1,2,0,1,1,1],1,0].
[[3,6,0,0,0,0,0,0,0],0,1].
[[3,8,1,1,2,0,1,1,2],1,1].
[[1,8,1,0,0,0,2,3,0],2,0].
[[2,8,1,1,2,1,1,2,0],2,0].
[[2,7,1,0,0,0,2,1,0],1,0].
[[2,9,2,1,1,1,2,3,1],1,0].
[[2,9,2,1,2,1,2,2,1],1,1].
[[3,8,0,1,2,1,2,2,1],0,1].
[[2,6,0,0,0,0,2,1,2],0,1].
[[3,6,0,0,0,0,1,2,2],0,1].
[[3,7,1,1,2,0,2,3,2],2,0].
[[3,8,0,1,2,1,2,1,2],0,2].
[[2,5,0,1,1,1,1,1,1],2,0].
[[3,5,0,1,1,1,1,1,1],3,0].
[[3,9,2,1,2,0,2,3,1],0,1].
[[3,5,0,0,0,0,1,1,1],2,0].
[[3,8,0,0,0,0,2,3,1],1,1].
[[1,8,0,1,2,1,2,2,0],3,1].
[[2,9,2,1,1,1,2,1,0],0,1].
[[3,9,2,1,1,1,2,1,0],0,1].
[[3,9,2,1,2,0,1,2,2],0,1].
[[2,8,0,1,2,1,1,2,0],2,1].
[[3,6,0,1,2,1,1,2,0],1,0].
[[2,8,1,0,0,0,1,2,0],3,0].
[[1,5,0,1,2,1,2,1,0],1,0].
[[2,8,1,1,2,1,1,1,0],1,0].
[[2,6,1,1,2,1,2,2,2],2,0].
[[3,6,1,1,2,1,2,2,2],1,0].
[[3,9,2,1,2,1,2,1,0],0,3].
[[2,8,1,0,0,0,2,3,0],0,1].
[[2,9,2,0,0,0,2,2,2],0,1].
[[3,8,0,1,2,0,2,2,2],1,1].
[[2,8,1,1,2,1,2,3,2],3,1].
[[1,9,2,1,2,0,0,0,0],1,0].
[[3,5,0,1,2,0,2,3,0],1,0].
[[1,8,0,1,2,1,2,1,0],1,1].
[[3,8,0,1,1,1,2,3,0],0,1].
[[2,7,1,1,1,1,2,2,2],0,1].
[[3,7,1,1,1,1,2,3,1],1,2].
[[2,9,2,1,1,1,2,3,0],2,0].
[[3,4,1,1,2,0,2,2,0],1,0].
[[2,6,1,0,0,0,2,1,2],1,1].
[[3,3,2,1,2,0,2,1,2],2,0].
[[1,6,1,0,0,0,2,3,2],2,0].
[[3,6,1,0,0,0,2,3,1],1,0].
[[3,5,0,1,1,1,1,2,0],1,0].
[[1,6,1,0,0,0,2,2,2],1,1].
[[2,6,1,0,0,0,1,2,2],2,1].
[[3,6,1,1,2,0,1,2,2],0,1].
[[3,6,1,1,1,1,2,2,2],1,0].
[[3,6,1,1,2,1,1,2,2],2,0].
[[2,8,0,1,2,0,2,1,0],0,1].
[[1,9,2,1,1,1,2,2,0],1,0].
[[2,8,0,1,1,1,2,2,0],1,0].
[[1,7,2,0,0,0,2,3,2],1,0].
[[3,7,2,1,2,1,2,3,2],2,0].
[[3,8,1,1,2,0,2,2,2],0,2].
[[3,7,1,1,2,1,1,2,0],1,0].
[[2,7,2,1,2,1,1,2,2],2,0].
[[3,8,0,1,1,1,2,2,2],0,1].
[[3,8,1,0,0,0,2,1,2],1,0].
[[2,9,2,1,1,1,0,0,0],0,2].
[[3,8,0,1,1,1,2,3,1],2,0].
[[2,8,0,1,1,1,2,3,2],0,1].
[[3,8,0,1,1,1,2,3,2],0,2].
[[2,7,0,0,0,0,0,0,0],0,2].
[[3,8,1,0,0,0,2,2,0],0,1].
[[1,5,0,0,0,0,1,1,1],2,0].
[[2,9,2,1,1,1,1,2,2],1,1].
[[2,8,1,1,2,1,2,3,0],1,0].
[[1,7,2,0,0,0,1,2,2],2,0].
[[3,8,1,1,2,1,1,1,0],1,0].
[[2,9,2,0,0,0,0,0,0],0,1].
[[3,9,2,1,2,1,2,3,0],0,1].
[[3,7,1,1,2,1,2,3,0],1,0].
[[2,6,1,0,0,0,2,2,2],1,0].
[[3,3,1,1,2,1,2,2,2],1,0].
[[1,7,2,0,0,0,1,1,2],1,0].
[[3,3,2,0,0,0,1,1,2],1,0].
[[2,9,2,1,2,1,1,1,1],0,2].
[[3,9,2,1,2,1,1,1,1],0,1].
[[3,3,1,1,2,1,2,3,1],1,0].
[[2,6,1,1,2,0,2,3,0],1,0].
[[3,6,1,1,1,0,2,3,0],1,0].
[[3,5,0,1,2,0,1,2,1],1,0].
[[1,9,2,1,1,1,2,1,2],1,1].
[[3,7,0,0,0,0,2,3,0],0,1].
[[2,8,1,1,1,1,2,2,0],1,0].
[[3,6,1,1,1,1,2,2,0],1,0].
[[2,8,1,1,1,1,1,2,2],0,1].
[[3,6,1,1,1,1,1,2,2],0,1].
[[3,4,1,1,2,0,2,3,0],1,0].
[[1,8,1,1,2,0,2,1,2],0,1].
[[2,8,1,1,1,0,1,1,2],0,1].
[[3,8,1,1,1,0,1,1,2],0,1].
[[3,6,1,1,1,1,2,3,1],1,0].
[[3,8,1,0,0,0,2,3,2],1,0].
[[3,8,0,0,0,0,1,2,0],0,1].
[[3,7,0,1,2,1,1,2,2],0,1].
[[3,7,1,1,2,0,1,2,0],1,0].
[[3,7,2,1,2,0,2,3,2],1,0].
[[3,7,2,1,1,1,1,2,2],1,0].
[[3,9,2,0,0,0,2,2,0],0,1].
[[2,6,1,1,2,1,0,0,0],1,0].
[[3,6,1,1,2,1,2,3,2],2,0].
[[2,9,2,1,2,0,1,2,0],0,2].
[[2,6,1,0,0,0,1,1,0],1,0].
[[3,6,1,1,2,0,1,1,0],1,0].
[[1,8,1,0,0,0,1,2,0],1,0].
[[2,8,1,1,2,0,1,2,0],1,0].
[[3,8,1,1,2,0,1,2,0],1,0].
[[2,8,1,1,1,1,2,3,2],1,0].
[[3,4,1,1,2,0,2,2,2],1,0].
[[3,6,0,1,2,1,0,0,0],0,1].
[[2,9,2,1,2,1,2,1,1],0,1].
[[3,9,2,1,1,1,2,1,1],0,1].
[[3,8,1,1,1,1,2,1,1],0,1].
[[3,9,2,1,2,1,2,3,2],0,1].
[[1,8,1,1,1,1,2,2,0],1,0].
[[2,4,1,1,2,0,1,1,0],1,0].
[[3,4,1,1,2,0,1,1,0],1,0].
[[1,9,2,0,0,0,1,1,1],0,1].
[[3,9,2,0,0,0,1,1,1],0,1].
[[3,7,0,1,1,1,1,2,0],1,0].
[[3,6,1,1,2,0,2,3,1],1,0].
[[3,8,1,1,2,0,2,3,1],1,1].
[[3,7,1,0,0,0,2,3,2],1,0].
[[1,6,1,0,0,0,2,1,1],1,0].
[[2,6,1,0,0,0,2,1,1],1,0].
[[3,6,1,0,0,0,2,1,1],1,0].
[[2,7,0,0,0,0,2,2,2],1,0].
[[3,7,0,0,0,0,2,2,2],1,0].
[[2,8,1,1,1,1,2,1,0],1,0].
[[3,8,1,1,1,1,1,1,0],1,0].
[[1,8,1,1,2,0,2,3,2],1,0].
[[2,7,1,1,2,0,2,3,2],1,0].
[[1,8,0,1,2,1,1,2,0],0,1].
[[2,8,0,1,1,1,1,1,0],0,1].
[[3,6,1,0,0,0,1,2,2],2,0].
[[2,6,1,0,0,0,0,0,0],2,0].
[[3,6,1,0,0,0,2,3,0],1,0].
[[2,8,0,1,1,1,1,2,2],0,1].
[[1,6,1,0,0,0,2,1,2],0,1].
[[3,3,1,1,2,1,2,1,2],0,1].
[[2,8,0,1,1,1,2,2,2],0,1].
[[3,3,1,0,0,0,2,2,2],1,0].
[[2,8,1,1,2,1,2,2,0],0,1].
[[1,9,2,1,1,1,2,1,0],0,1].
[[3,7,1,1,1,1,1,1,2],1,0].
[[3,9,2,1,1,1,2,3,1],0,1].
[[2,7,1,1,2,1,1,2,2],1,0].
[[1,7,2,0,0,0,0,0,0],2,0].
[[2,7,2,0,0,0,0,0,0],1,0].
[[1,7,1,0,0,0,1,2,1],1,0].
[[2,8,1,1,2,0,2,1,0],1,0].
[[3,8,1,1,2,0,2,1,0],1,1].
[[2,8,0,0,0,0,2,2,1],0,1].
[[3,8,0,1,2,0,2,2,1],0,1].
[[2,8,0,1,2,0,2,1,2],0,1].
[[3,8,0,1,1,0,1,2,2],0,1].
[[3,8,0,1,1,1,1,1,1],0,1].
[[2,8,1,0,0,0,2,1,0],0,1].
[[2,8,1,1,2,0,2,3,0],1,0].
[[3,8,1,1,2,0,2,3,0],1,0].
[[2,5,0,0,0,0,1,2,0],1,0].
[[3,5,0,0,0,0,1,2,0],1,0].
[[3,6,1,1,1,1,2,1,2],1,0].
[[3,5,0,1,2,1,1,2,0],1,0].
[[3,9,2,1,1,1,1,1,1],0,1].
[[2,7,2,1,2,0,1,2,1],0,1].
[[3,7,2,1,2,0,1,1,0],0,1].
[[3,6,1,1,2,1,2,1,0],1,0].
[[2,7,2,1,2,1,0,0,0],1,0].
[[3,7,2,1,2,1,2,2,0],1,0].
