total_WL(9736,8376).
[[1,8,2,1,2,1,0,0,0],497,695].
[[2,8,2,1,2,1,2,3,0],417,560].
[[3,8,2,1,2,1,2,1,0],82,174].
[[1,8,2,0,0,0,0,0,0],1128,1644].
[[2,8,2,0,0,0,2,3,0],438,550].
[[3,8,2,0,0,0,2,3,0],75,163].
[[1,7,2,1,2,1,0,0,0],229,242].
[[2,7,2,1,2,1,2,1,0],62,56].
[[3,7,2,1,2,1,1,2,0],301,149].
[[2,8,2,0,0,0,0,0,0],68,175].
[[3,7,2,1,2,0,0,0,0],23,50].
[[1,8,2,0,0,0,2,3,2],335,329].
[[2,8,2,1,2,0,1,2,2],21,24].
[[3,8,2,1,1,0,1,2,2],4,11].
[[1,8,2,1,1,1,0,0,0],52,48].
[[2,8,2,1,1,1,2,3,0],120,105].
[[3,8,2,1,1,1,1,2,0],147,194].
[[1,6,2,0,0,0,2,3,2],164,12].
[[2,6,2,0,0,0,1,2,2],88,10].
[[3,6,2,1,2,1,1,2,0],111,8].
[[1,8,2,0,0,0,2,3,0],850,829].
[[2,8,2,1,2,0,2,2,0],53,104].
[[3,8,2,1,1,0,2,2,0],7,24].
[[2,6,2,1,2,1,2,3,0],107,4].
[[2,8,2,1,2,0,0,0,0],26,36].
[[3,8,2,1,2,1,2,3,0],203,417].
[[3,8,2,1,2,0,1,1,0],36,77].
[[1,8,2,1,2,1,2,2,0],251,224].
[[2,7,2,1,2,1,2,2,0],149,113].
[[3,7,2,1,2,1,2,2,0],290,273].
[[3,7,2,1,1,1,2,3,0],127,149].
[[1,6,2,0,0,0,0,0,0],793,48].
[[2,6,2,0,0,0,0,0,0],258,6].
[[3,6,2,1,2,0,2,2,0],55,5].
[[1,8,2,0,0,0,2,2,0],607,587].
[[2,8,2,0,0,0,2,2,0],266,403].
[[3,7,2,0,0,0,2,2,0],118,112].
[[2,8,2,0,0,0,1,2,0],307,282].
[[3,8,2,0,0,0,1,2,0],158,204].
[[1,8,2,0,0,0,2,2,2],252,261].
[[2,8,2,1,2,1,2,2,2],82,124].
[[3,8,2,1,2,1,1,2,2],122,168].
[[1,8,2,1,2,1,2,1,0],121,112].
[[2,8,2,1,2,1,2,1,0],143,208].
[[3,8,2,1,2,1,1,2,0],387,464].
[[1,7,2,0,0,0,0,0,0],668,703].
[[2,7,2,0,0,0,2,3,0],234,201].
[[3,7,2,0,0,0,1,2,0],152,66].
[[2,4,1,1,2,0,2,3,0],8,5].
[[3,4,1,1,2,0,2,3,0],56,19].
[[3,8,2,1,2,1,0,0,0],1,16].
[[1,7,2,1,2,1,1,2,0],10,9].
[[2,7,2,1,2,1,1,2,0],71,53].
[[1,6,2,0,0,0,2,2,2],113,7].
[[2,6,2,1,2,0,2,3,0],40,6].
[[3,3,2,1,2,0,2,3,0],37,3].
[[1,7,2,1,2,1,2,1,0],10,12].
[[2,7,2,1,2,1,1,1,0],25,30].
[[3,7,2,1,2,1,1,1,0],94,99].
[[3,8,2,1,2,1,2,2,0],151,328].
[[2,8,2,1,2,1,1,2,0],288,256].
[[2,8,2,0,0,0,2,3,2],130,157].
[[3,8,2,0,0,0,1,2,2],47,72].
[[3,8,2,1,1,1,2,3,0],80,146].
[[3,8,2,0,0,0,2,2,0],62,129].
[[1,8,2,0,0,0,2,1,0],259,272].
[[2,6,2,0,0,0,2,1,0],59,3].
[[3,6,2,1,2,1,1,1,0],44,15].
[[2,8,2,1,2,1,2,2,0],279,403].
[[3,3,2,1,2,1,2,1,0],33,8].
[[1,8,2,0,0,0,2,1,2],192,184].
[[2,8,2,0,0,0,2,1,2],90,94].
[[3,7,2,1,2,1,2,1,2],92,66].
[[2,3,2,0,0,0,0,0,0],195,36].
[[3,3,2,1,2,1,2,2,0],62,7].
[[1,8,2,1,2,1,1,1,0],31,45].
[[2,8,2,1,1,1,1,1,0],24,30].
[[3,8,2,1,1,1,1,1,0],54,100].
[[3,7,2,1,2,1,2,3,0],397,408].
[[3,8,2,1,1,1,2,2,2],4,2].
[[1,6,2,0,0,0,2,3,0],98,6].
[[2,6,2,0,0,0,2,3,0],156,7].
[[3,6,2,1,2,1,1,2,2],118,6].
[[1,3,2,0,0,0,0,0,0],130,15].
[[2,3,2,1,2,1,2,1,2],13,0].
[[3,3,2,1,1,1,1,1,2],2,0].
[[3,8,2,1,2,0,1,2,0],110,131].
[[1,8,2,1,2,1,1,2,0],107,102].
[[3,7,2,1,2,0,2,3,0],97,123].
[[3,8,2,1,2,0,1,1,2],9,22].
[[3,8,2,1,2,1,1,1,0],94,210].
[[2,7,2,1,2,1,0,0,0],322,355].
[[3,7,2,1,2,1,2,2,2],67,82].
[[3,7,2,0,0,0,2,3,0],125,175].
[[2,8,2,1,2,0,2,3,2],27,29].
[[3,8,2,1,2,0,2,1,0],35,54].
[[3,7,2,1,2,1,0,0,0],72,139].
[[3,7,2,1,1,1,2,2,0],84,107].
[[1,6,2,0,0,0,1,2,0],15,2].
[[2,6,2,0,0,0,1,2,0],42,10].
[[3,6,2,0,0,0,1,2,0],54,3].
[[2,8,2,0,0,0,2,1,0],138,183].
[[3,7,2,0,0,0,2,1,0],42,71].
[[2,8,2,1,2,0,2,3,0],64,157].
[[3,8,2,1,2,0,2,3,0],46,127].
[[2,7,2,1,2,1,2,3,2],102,63].
[[3,7,2,1,1,1,2,1,0],43,41].
[[2,8,2,0,0,0,1,1,2],45,52].
[[3,7,2,1,2,1,1,1,2],52,29].
[[2,6,2,1,2,1,1,2,0],27,1].
[[1,8,2,1,2,1,2,3,2],155,122].
[[2,7,2,1,1,1,2,3,2],16,17].
[[2,8,2,0,0,0,1,2,2],113,101].
[[3,8,2,1,2,0,2,2,0],54,93].
[[2,8,2,1,2,1,2,3,2],135,135].
[[3,8,2,1,1,1,1,2,2],43,66].
[[3,3,2,0,0,0,2,1,2],27,1].
[[1,7,2,1,2,1,2,3,0],49,32].
[[2,7,2,1,2,1,2,3,0],224,218].
[[1,8,2,1,2,1,2,2,2],91,94].
[[2,8,2,1,2,1,1,2,2],104,105].
[[3,6,2,0,0,0,1,1,0],19,4].
[[1,8,2,1,1,1,2,3,0],46,29].
[[2,4,1,1,2,0,1,2,0],5,6].
[[3,4,1,1,2,0,1,2,0],50,33].
[[3,6,2,0,0,0,2,3,0],91,4].
[[2,7,2,0,0,0,0,0,0],313,423].
[[3,7,2,0,0,0,2,2,2],42,40].
[[2,8,2,1,2,1,0,0,0],64,178].
[[1,7,2,1,2,1,2,2,2],12,14].
[[2,7,2,1,2,1,2,2,2],80,53].
[[3,3,2,1,2,1,2,2,2],38,5].
[[3,6,2,0,0,0,0,0,0],14,1].
[[1,8,2,1,1,1,2,2,0],30,27].
[[3,4,1,1,2,0,1,1,0],25,13].
[[2,8,2,0,0,0,1,1,0],82,144].
[[2,7,2,0,0,0,2,2,0],168,133].
[[3,7,0,1,2,1,2,2,0],0,27].
[[1,8,2,1,2,0,2,3,0],22,43].
[[2,7,2,1,2,0,2,3,0],27,30].
[[3,7,2,1,1,0,1,2,0],8,5].
[[1,8,2,1,1,1,2,1,2],9,5].
[[2,8,2,1,1,1,1,1,2],11,14].
[[3,4,1,1,2,0,1,1,2],12,4].
[[3,3,2,1,2,1,2,3,2],79,9].
[[2,3,2,1,2,0,0,0,0],31,3].
[[3,3,2,1,1,0,0,0,0],14,1].
[[1,6,2,0,0,0,2,2,0],90,2].
[[2,6,2,0,0,0,2,2,0],130,3].
[[1,8,2,1,2,1,2,3,0],406,388].
[[1,7,2,0,0,0,2,2,0],94,65].
[[2,7,2,1,2,0,0,0,0],37,56].
[[3,7,2,1,2,0,2,1,2],20,21].
[[2,8,2,1,2,0,1,1,0],18,37].
[[3,7,2,1,2,0,1,1,0],26,19].
[[1,6,2,0,0,0,1,2,2],55,14].
[[1,8,2,1,2,0,0,0,0],40,77].
[[3,8,2,1,1,0,2,3,0],7,36].
[[1,8,2,0,0,0,1,2,0],226,248].
[[3,3,2,1,2,1,1,2,0],39,0].
[[2,8,2,1,1,1,1,2,0],80,63].
[[3,7,2,1,1,1,1,2,0],92,52].
[[2,8,2,1,2,0,2,2,2],18,30].
[[3,8,2,1,2,0,1,2,2],33,58].
[[1,6,2,0,0,0,2,1,2],96,16].
[[2,3,2,0,0,0,2,1,2],23,0].
[[3,3,2,0,0,0,2,3,2],43,8].
[[2,8,2,1,1,1,2,2,2],22,21].
[[3,7,2,1,1,1,2,2,2],27,28].
[[1,8,2,1,2,1,2,1,2],95,55].
[[3,7,2,1,1,1,2,3,2],32,30].
[[2,8,2,1,1,1,2,2,0],78,88].
[[3,3,2,1,2,1,2,3,0],91,17].
[[2,7,0,0,0,0,0,0,0],3,31].
[[3,7,0,1,2,1,2,3,0],0,66].
[[3,4,1,1,2,0,2,2,0],33,9].
[[2,3,2,1,2,1,0,0,0],90,20].
[[3,3,2,1,2,1,0,0,0],190,43].
[[3,6,2,1,2,0,2,1,0],28,3].
[[3,8,2,0,0,0,2,1,0],33,69].
[[2,8,2,0,0,0,2,2,2],77,108].
[[3,7,2,1,2,1,1,2,2],111,61].
[[2,8,2,1,2,1,2,1,2],83,75].
[[3,8,2,1,2,1,2,3,2],32,30].
[[2,6,2,1,2,0,0,0,0],88,15].
[[3,3,2,1,2,0,0,0,0],48,7].
[[3,6,2,1,2,1,1,1,2],38,10].
[[3,3,2,0,0,0,0,0,0],111,19].
[[3,7,2,1,2,0,1,2,0],70,50].
[[2,6,2,0,0,0,2,3,2],128,6].
[[3,6,2,1,2,1,2,3,2],66,2].
[[2,6,2,0,0,0,1,1,2],31,15].
[[3,6,2,0,0,0,1,1,2],22,16].
[[2,6,2,1,2,1,2,3,2],69,5].
[[3,8,2,1,1,1,2,1,0],35,65].
[[3,6,2,0,0,0,2,3,2],26,2].
[[2,8,2,1,2,1,1,1,0],85,142].
[[2,8,2,1,1,0,2,3,2],0,2].
[[3,8,2,1,1,0,2,1,0],4,8].
[[2,8,2,1,2,0,2,1,0],33,41].
[[3,6,2,1,2,0,2,3,0],78,9].
[[2,7,2,0,0,0,2,1,0],76,98].
[[3,7,2,0,0,0,0,0,0],41,52].
[[1,8,2,1,1,1,1,2,0],13,15].
[[1,8,2,0,0,0,1,1,2],41,38].
[[2,7,2,1,1,1,1,2,0],10,13].
[[1,6,2,1,2,0,0,0,0],49,8].
[[2,6,2,1,2,0,2,1,2],17,6].
[[3,3,2,1,2,0,2,1,2],17,1].
[[1,8,2,0,0,0,1,2,2],83,57].
[[3,7,2,1,1,0,1,2,2],0,5].
[[3,7,2,1,2,1,2,1,0],131,142].
[[3,8,2,1,1,1,2,2,0],58,129].
[[2,6,2,1,2,0,2,3,2],40,4].
[[3,6,2,1,2,0,2,3,2],53,1].
[[3,6,2,0,0,0,2,2,0],70,2].
[[1,7,2,0,0,0,2,3,0],129,90].
[[3,3,2,0,0,0,1,2,2],37,2].
[[3,3,2,1,1,1,2,3,2],13,2].
[[3,3,2,1,2,0,2,3,2],21,4].
[[3,6,2,0,0,0,2,2,2],19,1].
[[2,6,2,0,0,0,2,2,2],83,6].
[[3,3,2,0,0,0,2,2,2],22,3].
[[3,8,2,0,0,0,2,1,2],6,6].
[[3,6,2,0,0,0,1,2,2],65,4].
[[2,7,2,1,2,1,1,1,2],12,10].
[[3,7,2,1,1,1,1,1,2],9,6].
[[1,7,2,1,2,1,2,3,2],24,9].
[[3,7,2,1,2,1,2,3,2],146,89].
[[3,5,0,0,0,0,1,1,0],10,4].
[[2,6,2,1,2,1,1,2,2],45,2].
[[2,6,2,0,0,0,1,1,0],20,10].
[[3,6,2,1,2,0,1,1,0],12,11].
[[3,3,2,1,1,1,2,1,2],10,0].
[[1,6,2,1,2,1,0,0,0],114,2].
[[2,6,2,1,2,1,0,0,0],145,7].
[[3,6,2,1,2,1,2,3,0],165,7].
[[2,6,2,1,2,1,2,2,2],48,1].
[[3,2,2,1,2,1,2,2,2],5,0].
[[3,8,2,0,0,0,1,1,0],39,76].
[[1,8,2,0,0,0,1,1,0],87,117].
[[1,7,2,0,0,0,2,2,2],38,32].
[[3,6,2,1,1,1,2,3,0],44,4].
[[2,7,2,1,2,0,2,3,2],7,9].
[[3,7,2,1,1,0,2,3,2],0,4].
[[3,8,2,1,1,0,1,1,0],2,22].
[[3,7,0,1,2,1,0,0,0],0,69].
[[2,3,2,1,2,1,2,1,0],7,1].
[[2,7,2,1,2,1,1,2,2],27,14].
[[3,7,2,1,1,1,1,2,2],38,24].
[[2,7,2,0,0,0,1,2,0],76,54].
[[1,8,2,1,2,1,1,2,2],42,30].
[[3,7,2,1,2,0,2,1,0],40,45].
[[1,7,2,0,0,0,2,1,2],28,29].
[[2,7,2,0,0,0,2,1,2],57,53].
[[1,8,2,1,2,0,1,2,2],2,4].
[[3,6,2,0,0,0,2,1,0],24,1].
[[1,8,2,1,2,1,1,1,2],26,16].
[[3,7,2,0,0,0,1,1,2],16,19].
[[2,6,2,0,0,0,2,1,2],63,6].
[[3,6,2,1,2,0,2,1,2],19,2].
[[3,6,2,1,2,1,2,1,2],55,1].
[[2,3,2,0,0,0,1,2,2],14,0].
[[3,3,2,1,2,0,1,2,2],23,0].
[[2,8,2,1,1,1,2,1,0],47,37].
[[3,3,2,1,2,0,2,2,0],30,1].
[[2,3,2,0,0,0,2,3,2],43,6].
[[3,7,0,1,2,0,2,3,0],0,16].
[[3,8,2,1,2,1,1,1,2],49,64].
[[3,7,0,0,0,0,0,0,0],0,38].
[[2,7,2,1,1,1,2,3,0],30,32].
[[3,6,2,1,1,0,0,0,0],1,6].
[[3,7,2,0,0,0,2,1,2],33,29].
[[3,3,2,1,2,1,1,2,2],43,1].
[[2,4,1,1,2,0,2,2,0],9,3].
[[1,6,2,0,0,0,1,1,2],19,4].
[[3,3,2,1,2,1,1,1,2],30,2].
[[2,8,2,1,2,1,1,1,2],61,36].
[[2,2,2,0,0,0,0,0,0],43,0].
[[3,2,2,1,2,0,0,0,0],9,0].
[[3,6,2,1,2,1,2,1,0],62,6].
[[2,7,2,0,0,0,2,3,2],101,66].
[[3,7,2,0,0,0,2,3,2],57,35].
[[2,7,0,1,2,1,2,3,0],0,4].
[[3,7,0,1,1,1,2,3,0],0,13].
[[3,7,2,1,1,0,0,0,0],2,6].
[[2,3,2,0,0,0,2,3,0],34,2].
[[3,2,2,0,0,0,2,3,0],5,0].
[[2,6,2,1,2,1,2,2,0],66,4].
[[3,7,0,0,0,0,2,3,0],0,27].
[[3,8,2,1,1,1,1,1,2],15,27].
[[1,6,2,1,2,1,2,3,2],35,0].
[[3,6,2,1,2,1,0,0,0],30,0].
[[2,6,2,1,2,0,1,2,2],27,5].
[[3,6,2,1,2,0,1,2,2],49,6].
[[3,7,2,1,2,0,2,2,2],18,21].
[[2,7,0,1,2,1,0,0,0],2,30].
[[3,7,0,1,1,1,0,0,0],0,11].
[[1,6,2,1,2,0,2,2,0],6,2].
[[2,6,2,1,1,0,1,2,2],3,0].
[[3,6,2,1,1,0,1,2,0],6,9].
[[2,8,2,1,2,0,1,1,2],12,10].
[[3,8,2,1,1,0,1,1,2],1,7].
[[1,8,2,1,2,0,2,2,0],21,23].
[[2,7,2,1,2,0,2,2,0],17,14].
[[3,7,2,1,1,0,2,3,0],10,19].
[[3,6,2,1,1,1,1,2,2],24,4].
[[3,7,2,1,1,1,2,1,2],21,19].
[[1,8,2,1,2,0,2,1,0],11,16].
[[2,8,2,1,1,0,1,2,0],3,6].
[[3,8,2,1,1,0,1,2,0],9,35].
[[3,7,0,0,0,0,2,1,2],0,6].
[[2,6,2,1,2,1,1,1,2],18,4].
[[2,6,2,1,2,0,1,1,2],9,4].
[[3,6,2,1,1,0,1,1,2],2,4].
[[2,3,2,1,2,1,2,2,2],6,1].
[[3,3,2,1,1,1,2,2,0],11,4].
[[1,7,2,0,0,0,1,2,0],20,16].
[[2,7,2,1,2,0,1,2,0],11,10].
[[3,3,2,0,0,0,2,3,0],54,7].
[[3,8,2,0,0,0,1,1,2],20,30].
[[3,5,0,1,2,1,1,1,0],15,14].
[[3,6,2,1,2,1,2,2,0],106,1].
[[3,5,0,1,2,0,1,2,0],18,0].
[[3,6,2,1,1,1,1,1,2],7,7].
[[2,7,2,0,0,0,2,2,2],67,66].
[[2,8,2,1,2,0,1,2,0],59,59].
[[3,7,0,1,2,1,2,3,2],0,19].
[[2,8,2,1,1,1,1,2,2],26,21].
[[1,7,2,0,0,0,2,3,2],57,44].
[[1,8,2,1,2,0,2,3,2],8,6].
[[1,6,2,1,2,1,2,2,2],28,0].
[[1,7,2,0,0,0,2,1,0],44,41].
[[1,7,2,1,2,1,2,2,0],37,27].
[[2,7,2,1,1,1,2,2,0],18,22].
[[2,6,2,1,2,0,1,2,0],12,4].
[[3,3,2,1,2,0,1,2,0],12,0].
[[2,7,2,1,1,1,0,0,0],38,48].
[[2,7,2,1,2,0,2,1,0],12,13].
[[3,7,2,1,2,0,2,2,0],58,54].
[[3,6,2,1,1,1,1,1,0],8,4].
[[3,7,2,0,0,0,1,2,2],37,30].
[[3,7,2,1,2,0,1,2,2],19,14].
[[3,7,0,1,2,1,1,2,2],0,5].
[[2,3,2,1,2,0,2,2,0],3,0].
[[3,3,2,1,1,0,2,2,0],2,0].
[[2,6,2,1,2,1,1,1,0],10,5].
[[3,6,2,1,2,0,1,2,0],47,3].
[[1,6,2,1,2,1,2,2,0],11,2].
[[2,6,2,1,1,1,2,3,0],13,0].
[[1,8,2,1,2,0,2,2,2],17,13].
[[2,7,2,1,2,0,2,2,2],11,9].
[[2,7,2,1,1,1,2,1,0],14,12].
[[3,7,2,1,1,1,0,0,0],18,40].
[[3,2,2,0,0,0,0,0,0],29,0].
[[2,6,2,1,2,0,2,2,0],36,6].
[[3,6,2,1,1,0,2,2,0],12,6].
[[2,7,2,1,2,1,2,1,2],39,35].
[[3,6,2,1,2,0,0,0,0],17,1].
[[3,7,2,0,0,0,1,1,0],36,41].
[[2,3,2,0,0,0,2,2,2],23,0].
[[2,8,2,1,1,1,2,3,2],34,23].
[[3,6,2,1,2,0,2,2,2],21,3].
[[3,7,0,0,0,0,2,3,2],0,6].
[[2,3,2,1,2,1,2,3,2],22,3].
[[3,3,2,1,1,1,2,3,0],17,1].
[[2,7,2,0,0,0,1,1,0],31,30].
[[3,8,2,1,2,0,2,3,2],8,13].
[[1,3,2,0,0,0,2,3,2],10,0].
[[3,3,2,0,0,0,2,2,0],48,5].
[[1,2,2,0,0,0,0,0,0],38,0].
[[2,2,2,0,0,0,2,3,2],7,0].
[[3,2,2,0,0,0,1,2,2],4,0].
[[3,5,0,0,0,0,1,1,2],12,2].
[[1,6,2,1,2,1,2,1,2],11,0].
[[2,7,2,1,1,1,2,1,2],10,4].
[[3,4,1,1,2,0,1,2,2],21,5].
[[3,2,2,0,0,0,2,3,2],3,0].
[[3,3,2,1,1,0,2,2,2],2,0].
[[3,7,2,1,2,0,2,3,2],24,24].
[[2,8,2,1,1,1,2,1,2],17,20].
[[3,8,2,1,1,1,2,3,2],8,10].
[[3,3,2,1,2,1,2,1,2],40,3].
[[2,7,0,1,2,1,2,2,0],1,4].
[[3,8,2,1,1,1,2,1,2],2,5].
[[3,7,2,1,1,1,1,1,0],23,37].
[[1,7,2,1,2,1,2,1,2],10,9].
[[2,7,2,1,1,1,1,1,2],1,0].
[[3,6,2,1,2,1,2,2,2],37,2].
[[3,3,2,0,0,0,1,1,2],14,0].
[[1,6,2,1,2,0,2,1,2],10,1].
[[2,6,2,1,1,0,2,1,2],3,0].
[[3,6,2,1,1,0,2,1,2],3,0].
[[2,5,0,0,0,0,1,1,2],10,1].
[[3,5,0,1,2,1,1,1,2],25,2].
[[1,8,2,1,1,1,1,2,2],6,4].
[[3,6,2,1,2,0,1,1,2],22,8].
[[1,6,2,0,0,0,2,1,0],35,5].
[[1,6,2,1,2,1,2,1,0],7,0].
[[2,6,2,1,2,1,2,1,0],36,1].
[[1,8,2,1,2,0,1,2,0],8,12].
[[2,3,2,0,0,0,1,1,2],9,1].
[[3,3,2,1,2,0,1,1,2],6,0].
[[3,4,1,1,2,0,2,1,0],13,9].
[[2,6,2,1,2,0,2,1,0],10,1].
[[3,6,2,1,1,0,2,3,2],11,1].
[[1,6,2,1,2,0,2,2,2],6,2].
[[3,3,2,1,2,0,2,2,2],23,0].
[[2,6,2,1,2,0,2,2,2],34,3].
[[3,6,2,0,0,0,2,1,2],18,0].
[[1,2,2,0,0,0,2,3,0],2,0].
[[2,2,2,0,0,0,1,2,0],2,0].
[[3,2,2,0,0,0,1,2,0],4,0].
[[1,8,2,1,1,1,2,1,0],11,19].
[[2,4,1,1,2,0,2,1,0],4,6].
[[3,3,2,1,1,1,0,0,0],14,3].
[[1,6,2,1,2,1,2,3,0],23,1].
[[2,8,2,1,1,1,0,0,0],16,36].
[[2,2,2,1,2,0,0,0,0],4,0].
[[3,2,2,1,2,0,2,1,2],4,0].
[[3,5,0,0,0,0,1,2,0],13,0].
[[1,6,2,1,2,0,2,3,0],12,1].
[[2,6,2,1,1,0,2,3,0],4,1].
[[3,3,2,1,1,0,2,3,0],9,0].
[[3,5,0,1,1,1,1,2,0],6,2].
[[3,7,0,1,2,1,1,2,0],0,21].
[[3,5,0,1,1,1,1,1,0],8,6].
[[2,7,2,0,0,0,1,2,2],24,13].
[[3,7,0,1,2,1,2,1,2],0,9].
[[3,6,2,1,1,1,1,2,0],22,3].
[[3,3,2,0,0,0,1,2,0],25,1].
[[3,2,2,1,2,1,0,0,0],13,0].
[[3,6,2,1,1,1,2,2,2],13,1].
[[3,5,0,1,2,1,1,2,0],35,0].
[[1,7,2,0,0,0,1,1,0],3,5].
[[2,7,2,1,1,1,1,2,2],5,2].
[[2,6,2,1,1,1,0,0,0],9,1].
[[3,6,2,1,1,1,2,1,0],12,0].
[[3,7,0,0,0,0,2,2,2],0,7].
[[3,7,0,1,2,1,2,1,0],0,17].
[[3,5,0,1,2,0,1,2,2],3,0].
[[2,7,2,1,2,0,2,1,2],8,12].
[[3,6,2,1,1,1,2,3,2],12,1].
[[2,6,2,1,1,1,2,3,2],6,0].
[[3,2,2,1,2,0,2,2,0],7,0].
[[3,7,0,1,1,1,2,1,0],0,5].
[[2,6,2,1,1,1,2,1,2],5,0].
[[3,6,2,1,1,1,2,1,2],11,0].
[[3,2,2,1,1,0,2,2,2],3,0].
[[1,8,2,1,1,1,2,3,2],20,12].
[[2,3,2,0,0,0,1,1,0],2,1].
[[3,3,2,0,0,0,1,1,0],12,0].
[[2,3,2,0,0,0,1,2,0],5,0].
[[3,2,2,1,2,1,2,1,2],3,0].
[[3,7,2,1,1,0,2,1,0],5,5].
[[3,4,1,1,2,0,2,3,2],9,4].
[[3,3,2,1,2,1,1,1,0],24,4].
[[1,8,2,1,2,0,1,1,0],3,9].
[[2,6,2,1,2,1,2,1,2],41,1].
[[2,5,0,0,0,0,1,1,0],3,4].
[[3,5,0,1,2,0,1,1,0],1,3].
[[1,6,2,1,2,0,1,2,2],5,0].
[[2,7,0,0,0,0,2,3,0],1,5].
[[3,7,0,0,0,0,1,2,0],0,5].
[[3,7,0,1,1,1,2,3,2],0,9].
[[2,3,2,1,2,0,2,2,2],1,0].
[[3,3,2,0,0,0,2,1,0],14,5].
[[3,8,2,0,0,0,2,3,2],14,12].
[[1,3,2,0,0,0,2,2,0],6,0].
[[1,6,2,0,0,0,1,1,0],8,3].
[[2,3,2,1,2,1,1,1,0],2,0].
[[2,8,2,1,1,0,0,0,0],0,2].
[[3,3,2,1,1,1,1,2,2],9,0].
[[1,7,2,1,2,1,1,1,2],1,0].
[[2,8,2,1,1,0,1,1,2],1,2].
[[3,7,2,1,1,0,1,1,2],0,4].
[[3,3,2,1,2,0,1,1,0],9,0].
[[2,8,2,1,1,0,2,2,0],2,5].
[[3,7,2,1,1,0,2,2,0],3,11].
[[2,5,0,1,2,1,1,1,0],3,2].
[[3,6,2,1,1,0,1,2,2],14,5].
[[2,8,2,1,2,0,2,1,2],13,14].
[[2,7,2,0,0,0,1,1,2],9,14].
[[2,6,2,1,1,0,2,2,0],2,2].
[[3,2,2,1,2,0,2,3,0],3,0].
[[1,8,2,1,1,1,2,2,2],11,10].
[[3,7,0,1,2,0,2,1,0],0,6].
[[3,7,0,0,0,0,2,1,0],0,10].
[[3,8,2,1,2,1,2,2,2],6,10].
[[2,2,2,1,2,1,2,1,2],1,0].
[[2,5,0,1,2,1,1,1,2],8,0].
[[3,3,2,1,1,0,1,2,2],2,0].
[[1,8,2,1,1,1,1,1,0],5,2].
[[2,7,2,1,1,1,1,1,0],4,5].
[[3,2,0,1,2,1,0,0,0],0,2].
[[2,7,0,0,0,0,2,1,0],0,4].
[[2,7,0,1,2,1,2,3,2],0,2].
[[2,3,2,0,0,0,2,1,0],10,1].
[[3,3,2,1,1,1,2,2,2],7,1].
[[2,4,1,1,2,0,2,3,2],1,0].
[[3,7,2,1,2,0,1,1,2],11,11].
[[2,8,2,1,1,0,1,1,0],0,5].
[[1,6,2,1,2,1,1,1,0],2,1].
[[3,6,2,1,1,0,2,2,2],7,0].
[[3,5,0,1,1,1,1,2,2],3,1].
[[2,6,2,1,1,1,1,2,2],5,1].
[[2,6,2,1,1,0,0,0,0],4,2].
[[2,5,0,1,2,0,1,1,0],2,0].
[[3,5,0,1,1,0,1,1,0],1,1].
[[2,6,2,1,1,1,2,2,2],7,0].
[[3,4,1,1,2,0,2,2,2],8,2].
[[3,6,2,1,1,0,2,1,0],8,3].
[[2,7,2,1,2,0,1,1,2],3,0].
[[1,2,2,0,0,0,2,2,2],3,0].
[[2,2,2,0,0,0,2,2,2],4,0].
[[3,2,2,0,0,0,2,1,0],2,0].
[[2,7,2,1,1,1,2,2,2],10,7].
[[3,6,2,1,1,0,1,1,0],1,5].
[[2,3,2,1,2,1,1,1,2],2,0].
[[3,8,2,1,2,1,2,1,2],13,3].
[[2,3,2,0,0,0,2,2,0],22,1].
[[3,6,2,1,1,0,2,3,0],12,9].
[[2,3,2,1,2,0,2,3,0],4,0].
[[2,4,1,1,2,0,0,0,0],5,1].
[[3,4,1,1,2,0,0,0,0],6,1].
[[3,2,2,1,2,1,1,2,0],3,0].
[[3,3,0,0,0,0,0,0,0],0,1].
[[2,7,0,1,2,1,2,1,0],0,3].
[[3,7,0,1,1,1,1,1,0],0,2].
[[3,3,2,1,2,0,2,1,0],18,0].
[[2,3,2,1,2,0,2,1,2],4,0].
[[2,3,2,1,2,1,2,2,0],8,1].
[[3,8,2,1,2,0,2,1,2],2,4].
[[3,6,2,1,1,1,2,2,0],19,2].
[[3,8,2,1,1,1,0,0,0],0,8].
[[1,7,2,1,2,1,1,1,0],4,1].
[[2,6,2,1,1,1,1,1,0],3,1].
[[3,2,2,0,0,0,2,2,0],9,0].
[[2,4,1,1,2,0,1,1,0],4,1].
[[1,6,2,1,2,0,2,1,0],1,1].
[[2,6,2,1,2,0,1,1,0],4,3].
[[3,2,2,1,2,0,1,1,0],1,0].
[[2,4,1,1,2,0,2,1,2],2,0].
[[2,8,2,1,1,0,2,3,0],4,13].
[[1,8,2,1,2,0,2,1,2],12,11].
[[2,5,0,1,2,0,1,2,0],2,1].
[[3,7,0,1,2,0,1,1,2],0,3].
[[2,3,2,1,2,1,1,2,0],2,0].
[[3,7,0,1,2,0,1,2,0],0,3].
[[3,7,0,1,1,1,2,2,0],0,7].
[[3,4,1,1,2,0,2,1,2],4,1].
[[1,3,2,0,0,0,2,1,0],5,0].
[[1,6,2,1,2,0,1,1,2],2,1].
[[2,3,2,1,2,0,2,1,0],3,0].
[[2,7,0,1,2,1,1,2,0],0,2].
[[2,5,0,0,0,0,1,2,0],6,0].
[[3,3,2,1,1,1,2,1,0],8,1].
[[3,3,2,1,1,0,2,3,2],3,0].
[[2,6,2,1,1,1,1,1,2],1,1].
[[2,5,0,1,2,0,1,1,2],1,0].
[[3,5,0,1,2,0,1,1,2],8,1].
[[2,4,1,1,2,0,1,2,2],3,0].
[[3,7,0,1,2,0,2,2,0],0,5].
[[3,2,2,0,0,0,1,1,2],2,0].
[[2,7,2,1,2,0,1,1,0],1,3].
[[1,8,2,1,2,0,1,1,2],2,0].
[[2,3,2,1,2,1,2,3,0],8,1].
[[3,2,2,1,2,1,1,1,0],1,0].
[[3,2,2,1,1,1,1,2,2],1,0].
[[3,7,0,1,2,0,0,0,0],0,6].
[[2,6,2,1,1,1,2,2,0],5,0].
[[1,6,2,1,2,1,1,1,2],1,1].
[[3,7,0,1,1,1,2,2,2],0,5].
[[3,5,0,1,1,1,1,1,2],6,3].
[[2,2,2,1,2,0,1,1,2],1,0].
[[3,2,2,1,2,0,1,2,0],2,0].
[[2,2,2,1,2,1,0,0,0],5,0].
[[3,2,2,1,2,1,2,2,0],6,0].
[[2,7,2,1,2,0,1,2,2],3,2].
[[1,6,2,1,2,0,2,3,2],10,1].
[[2,3,2,1,2,0,2,3,2],6,1].
[[2,4,1,1,2,0,2,2,2],1,1].
[[3,7,0,1,2,0,2,3,2],0,5].
[[2,2,2,0,0,0,2,3,0],2,0].
[[3,2,2,1,2,1,2,3,0],4,0].
[[2,2,2,1,2,1,2,2,2],1,0].
[[3,6,2,1,1,1,0,0,0],6,0].
[[2,8,2,1,1,0,2,1,0],1,2].
[[3,8,2,1,1,0,2,3,2],2,3].
[[1,3,2,0,0,0,2,3,0],5,1].
[[2,2,2,1,2,0,2,3,2],2,0].
[[3,2,2,1,1,0,1,2,2],2,0].
[[1,3,2,0,0,0,2,2,2],3,1].
[[3,5,0,1,1,0,1,2,0],1,1].
[[2,8,2,1,1,0,2,1,2],2,1].
[[3,7,2,1,1,0,2,1,2],4,3].
[[3,1,1,1,2,0,1,2,0],1,0].
[[3,7,0,1,1,1,1,2,0],0,4].
[[2,2,2,1,2,0,2,3,0],1,0].
[[3,2,2,1,1,0,0,0,0],1,0].
[[2,3,2,1,2,0,1,2,2],3,0].
[[3,7,0,0,0,0,2,2,0],0,10].
[[1,3,2,0,0,0,2,1,2],4,0].
[[2,3,2,1,2,0,1,1,2],1,0].
[[3,3,2,1,1,0,2,1,2],5,0].
[[2,5,0,1,2,1,1,2,0],3,0].
[[2,6,2,1,1,0,2,3,2],2,1].
[[3,7,2,1,1,0,2,2,2],1,3].
[[3,7,0,1,2,1,1,1,0],0,4].
[[3,2,2,0,0,0,2,2,2],4,0].
[[3,3,2,1,1,1,1,2,0],3,0].
[[1,8,2,1,1,1,1,1,2],0,1].
[[3,2,2,1,2,0,1,2,2],4,0].
[[3,2,2,1,1,1,1,1,0],1,0].
[[2,2,2,1,2,0,2,1,2],1,0].
[[3,3,0,1,2,1,2,1,0],0,1].
[[2,7,0,0,0,0,2,3,2],0,2].
[[1,6,2,1,2,1,1,2,2],5,0].
[[2,3,2,1,2,1,1,2,2],3,0].
[[3,2,2,1,2,0,2,3,2],5,0].
[[2,6,2,1,1,1,2,1,0],1,0].
[[1,2,2,0,0,0,2,3,2],1,0].
[[2,2,2,1,2,0,2,2,0],3,0].
[[2,6,2,1,1,1,1,2,0],5,1].
[[2,7,0,0,0,0,1,2,0],0,2].
[[1,7,2,1,2,1,1,2,2],1,0].
[[2,2,2,0,0,0,2,1,0],2,0].
[[2,7,0,0,0,0,2,2,0],3,2].
[[3,2,2,0,0,0,2,1,2],4,0].
[[3,2,2,1,2,1,1,2,2],1,0].
[[3,3,0,1,2,1,0,0,0],0,1].
[[2,2,2,0,0,0,2,2,0],1,0].
[[1,6,2,1,2,0,1,1,0],2,0].
[[3,2,2,1,2,1,2,3,2],2,0].
[[3,2,2,1,1,1,2,1,2],2,0].
[[3,8,2,0,0,0,0,0,0],1,4].
[[3,7,0,1,2,0,2,2,2],0,1].
[[2,8,2,1,1,0,2,2,2],0,2].
[[3,4,0,1,2,0,2,3,0],0,1].
[[3,7,0,1,2,1,1,1,2],0,2].
[[1,2,2,0,0,0,2,1,2],1,0].
[[2,2,2,0,0,0,2,1,2],3,0].
[[3,2,2,1,2,0,1,1,2],1,0].
[[3,8,2,0,0,0,2,2,2],1,1].
[[2,5,0,1,1,1,1,2,0],1,0].
[[3,7,0,1,2,0,2,1,2],0,1].
[[2,2,2,1,2,0,2,2,2],1,0].
[[2,2,2,1,2,1,2,3,0],3,0].
[[2,8,2,1,1,0,1,2,2],1,4].
[[2,2,2,1,2,1,2,3,2],1,0].
[[2,3,2,1,2,0,1,1,0],1,0].
[[3,3,2,1,1,0,1,1,0],1,0].
[[3,4,0,1,2,0,1,1,0],0,2].
[[3,8,2,1,2,0,0,0,0],0,4].
[[3,7,0,0,0,0,1,1,0],0,1].
[[3,2,2,1,1,1,0,0,0],1,0].
[[3,7,2,1,1,0,1,1,0],0,1].
[[1,6,2,1,2,1,1,2,0],1,1].
[[3,2,2,1,2,1,2,1,0],2,0].
[[2,7,0,0,0,0,2,2,2],0,1].
[[3,7,0,1,2,1,2,2,2],0,2].
[[2,2,0,0,0,0,0,0,0],0,1].
[[3,2,0,0,0,0,0,0,0],0,1].
[[3,7,0,0,0,0,1,1,2],0,1].
[[1,3,2,0,0,0,1,2,2],1,0].
[[3,7,0,1,2,0,1,1,0],0,1].
[[3,2,2,1,1,1,2,3,0],1,0].
[[2,6,2,1,1,0,1,1,2],0,1].
[[2,7,0,1,2,1,2,2,2],0,1].
[[2,2,2,1,2,1,1,2,0],1,0].
[[3,3,2,1,1,1,1,1,0],1,0].
[[3,4,0,1,2,0,2,2,0],0,1].
[[2,7,0,0,0,0,2,1,2],0,1].
[[2,6,2,1,1,0,2,1,0],1,0].
[[3,8,2,1,1,0,2,1,2],0,1].
[[1,7,2,0,0,0,1,2,2],1,0].
