total_WL(14703,20509).
[[1,8,0,0,0,0,0,0,0],238,879].
[[2,8,0,1,2,1,2,1,2],27,163].
[[3,7,0,1,2,1,2,1,2],3,30].
[[1,9,2,1,2,1,1,2,2],236,430].
[[2,9,2,1,2,1,1,2,2],186,691].
[[3,9,2,1,2,1,1,2,2],23,534].
[[1,8,0,0,0,0,2,3,0],64,162].
[[2,7,1,1,2,1,1,2,1],31,5].
[[3,7,1,1,2,1,1,2,1],155,30].
[[1,8,0,0,0,0,2,3,2],94,303].
[[3,8,0,1,2,1,2,1,2],2,99].
[[1,9,2,0,0,0,2,2,0],382,1010].
[[2,8,1,0,0,0,2,2,1],118,85].
[[3,8,1,1,2,0,1,2,1],99,56].
[[1,9,2,0,0,0,0,0,0],290,1266].
[[2,8,1,1,2,0,0,0,0],27,31].
[[3,8,1,1,2,0,2,1,0],35,48].
[[1,8,1,1,2,0,2,3,1],29,24].
[[2,6,1,1,2,0,2,3,1],4,1].
[[3,6,1,1,1,0,2,2,0],0,1].
[[3,8,0,1,2,1,1,2,2],34,651].
[[1,9,2,1,2,1,1,2,0],63,157].
[[2,9,1,1,2,1,1,2,0],12,94].
[[3,9,0,1,1,1,1,2,0],0,18].
[[1,8,1,0,0,0,0,0,0],734,585].
[[2,8,1,1,2,1,0,0,0],55,113].
[[3,8,1,1,2,1,2,3,0],168,198].
[[1,9,2,0,0,0,2,3,0],438,1175].
[[2,9,2,0,0,0,2,3,0],101,546].
[[3,8,0,0,0,0,2,3,0],10,200].
[[1,9,2,0,0,0,1,2,0],116,369].
[[2,9,2,0,0,0,1,1,0],34,156].
[[3,8,0,0,0,0,1,1,0],7,86].
[[1,9,2,0,0,0,1,1,2],339,388].
[[2,5,0,0,0,0,1,1,2],227,7].
[[3,5,0,1,2,0,1,1,2],106,7].
[[1,7,2,1,2,0,0,0,0],5,3].
[[2,7,2,1,1,0,2,1,2],2,0].
[[3,7,2,1,1,0,2,1,2],2,1].
[[1,9,2,0,0,0,1,2,2],506,1052].
[[2,9,2,0,0,0,2,2,0],108,509].
[[3,8,1,0,0,0,2,2,0],87,83].
[[1,9,2,1,2,1,1,1,2],120,172].
[[2,8,0,1,2,1,1,1,2],56,112].
[[3,8,0,1,1,1,1,1,2],3,95].
[[1,7,2,0,0,0,2,3,2],76,18].
[[2,7,2,0,0,0,2,3,2],72,14].
[[3,7,2,0,0,0,1,2,2],84,21].
[[1,9,2,0,0,0,2,1,0],206,633].
[[2,9,2,0,0,0,2,1,0],56,336].
[[3,8,0,1,2,1,2,1,0],9,288].
[[1,8,1,0,0,0,2,3,2],562,237].
[[2,8,1,1,2,1,2,3,2],171,101].
[[3,8,1,1,2,1,2,3,2],53,27].
[[1,7,1,0,0,0,2,1,1],7,1].
[[2,7,1,0,0,0,2,1,1],12,6].
[[3,7,1,1,2,1,2,1,1],19,10].
[[2,9,2,0,0,0,1,2,0],71,280].
[[3,8,0,1,2,0,1,2,0],1,102].
[[1,8,1,1,2,0,2,3,0],11,10].
[[2,8,1,1,2,0,1,2,0],20,18].
[[3,8,1,1,2,1,1,2,0],222,114].
[[2,8,1,0,0,0,2,2,0],208,116].
[[3,8,1,1,2,1,2,2,0],152,159].
[[3,9,1,1,2,1,1,2,0],27,242].
[[3,9,2,0,0,0,1,2,0],1,99].
[[1,8,1,0,0,0,1,2,0],38,29].
[[2,7,1,1,2,1,1,2,0],3,4].
[[3,7,1,1,2,1,1,2,0],74,10].
[[1,8,1,0,0,0,1,2,2],273,139].
[[2,8,1,1,2,1,1,2,2],319,154].
[[3,8,1,1,2,1,1,2,2],439,298].
[[1,6,0,0,0,0,2,1,2],0,6].
[[2,6,0,0,0,0,1,2,2],1,6].
[[3,6,0,0,0,0,1,2,2],1,19].
[[1,9,2,0,0,0,2,3,1],208,591].
[[2,8,0,0,0,0,2,3,1],30,187].
[[3,8,0,0,0,0,2,3,1],10,66].
[[1,9,2,0,0,0,1,1,0],59,190].
[[2,9,1,1,2,1,1,1,0],3,56].
[[3,9,1,1,1,1,1,1,0],4,61].
[[1,9,2,1,2,1,0,0,0],143,533].
[[2,9,2,1,1,1,0,0,0],11,20].
[[3,4,1,1,2,0,2,3,0],56,18].
[[3,9,1,0,0,0,2,1,0],0,22].
[[1,9,2,1,2,1,2,2,2],67,284].
[[2,9,2,1,2,1,2,2,2],13,131].
[[1,8,1,0,0,0,2,3,1],698,308].
[[2,8,1,0,0,0,1,2,1],231,98].
[[3,8,1,1,2,1,1,2,1],275,157].
[[1,9,2,0,0,0,2,1,1],19,32].
[[2,9,2,0,0,0,2,1,1],4,7].
[[3,9,2,0,0,0,2,1,1],0,1].
[[2,8,0,1,2,1,1,2,2],81,289].
[[3,6,0,1,2,1,1,2,2],2,33].
[[1,8,0,0,0,0,2,1,2],68,209].
[[2,6,0,0,0,0,2,1,2],0,9].
[[3,6,0,1,2,1,1,1,2],0,10].
[[2,8,0,1,2,1,1,1,0],12,58].
[[3,5,0,1,2,1,1,1,0],110,35].
[[2,9,2,1,2,1,2,2,0],118,520].
[[3,5,0,1,2,1,2,3,0],112,6].
[[2,9,2,1,2,1,0,0,0],8,122].
[[3,8,0,1,1,1,0,0,0],0,39].
[[1,8,0,1,2,1,2,3,1],24,31].
[[2,8,0,1,2,1,2,3,1],40,161].
[[3,8,0,1,1,1,2,3,0],7,177].
[[1,8,1,0,0,0,2,1,2],436,229].
[[2,8,1,0,0,0,2,1,2],160,107].
[[3,8,1,1,2,0,2,1,2],26,14].
[[2,9,2,0,0,0,0,0,0],12,125].
[[3,9,2,1,2,1,2,1,0],1,116].
[[3,8,0,1,2,1,2,2,0],15,505].
[[2,9,1,1,2,1,1,1,2],8,19].
[[3,8,1,1,2,1,1,1,2],186,119].
[[1,8,0,0,0,0,2,2,2],87,266].
[[2,8,0,1,2,1,2,2,2],26,177].
[[3,8,0,1,2,1,2,2,2],6,101].
[[1,9,2,0,0,0,1,2,1],75,117].
[[2,9,2,1,2,1,1,2,1],49,111].
[[2,8,0,0,0,0,2,2,0],53,300].
[[3,7,0,1,2,0,2,2,0],1,12].
[[1,8,1,0,0,0,2,2,2],483,260].
[[2,8,1,0,0,0,1,1,2],210,104].
[[3,8,1,1,2,0,1,1,2],55,59].
[[3,9,1,1,2,1,1,2,1],12,55].
[[1,9,2,1,2,1,2,1,0],112,257].
[[2,9,2,1,1,1,2,1,0],27,64].
[[1,8,1,1,2,1,1,2,2],91,43].
[[2,7,1,1,1,1,1,2,2],5,0].
[[3,7,1,1,1,1,1,2,2],52,30].
[[2,9,2,1,2,1,1,1,0],38,173].
[[3,9,2,1,2,1,1,1,0],20,144].
[[3,8,0,1,2,1,1,1,2],9,260].
[[2,9,2,1,2,0,2,3,0],27,117].
[[3,8,1,1,2,0,2,3,0],74,53].
[[2,7,2,0,0,0,2,1,2],66,21].
[[3,7,2,1,2,0,2,1,2],15,4].
[[1,8,0,1,2,1,2,1,2],25,83].
[[3,7,1,1,2,1,2,1,2],99,61].
[[1,8,0,0,0,0,2,3,1],53,116].
[[2,8,0,0,0,0,2,2,1],16,25].
[[3,5,0,1,2,1,1,2,1],232,3].
[[2,9,2,1,2,1,2,3,0],126,581].
[[3,9,2,1,2,1,2,3,0],4,223].
[[1,9,2,1,2,0,1,1,2],9,24].
[[2,9,2,1,2,0,1,1,2],16,49].
[[3,9,2,1,1,0,1,1,2],0,6].
[[1,7,1,0,0,0,2,2,2],44,19].
[[2,7,1,0,0,0,1,2,2],63,18].
[[3,5,0,0,0,0,1,1,2],191,3].
[[1,8,0,0,0,0,2,1,1],5,3].
[[2,8,0,0,0,0,2,1,1],3,9].
[[3,8,0,0,0,0,1,2,1],9,52].
[[1,9,2,1,2,1,2,3,2],91,341].
[[2,8,0,1,2,1,2,3,2],26,195].
[[3,8,0,1,1,1,1,2,2],14,209].
[[1,8,1,1,1,1,0,0,0],16,14].
[[2,7,1,1,1,1,0,0,0],3,13].
[[3,7,1,1,1,1,0,0,0],15,19].
[[1,8,1,1,2,1,2,2,2],185,78].
[[3,7,1,1,2,1,1,2,2],230,97].
[[1,8,1,1,2,1,2,1,2],132,59].
[[1,7,2,0,0,0,1,2,2],45,4].
[[2,7,2,0,0,0,1,2,2],85,26].
[[1,8,1,0,0,0,2,2,0],195,82].
[[2,8,1,0,0,0,1,1,0],43,31].
[[3,8,1,1,2,1,1,1,0],74,72].
[[1,9,2,0,0,0,2,2,2],174,656].
[[2,8,1,0,0,0,2,2,2],199,98].
[[3,7,1,0,0,0,2,2,2],73,33].
[[2,8,1,0,0,0,2,3,1],293,221].
[[3,7,1,1,2,1,2,3,1],171,98].
[[2,8,0,0,0,0,0,0,0],33,328].
[[3,5,0,1,2,0,2,3,0],25,2].
[[2,8,1,0,0,0,1,2,2],400,218].
[[3,8,1,0,0,0,1,2,2],183,130].
[[1,9,2,0,0,0,2,1,2],161,578].
[[2,9,2,0,0,0,2,1,2],17,110].
[[3,9,2,1,2,1,2,1,2],0,14].
[[1,8,1,0,0,0,2,3,0],230,103].
[[2,7,1,0,0,0,2,3,0],48,14].
[[3,7,1,0,0,0,1,2,0],31,8].
[[1,8,1,1,2,1,2,2,1],108,36].
[[2,8,1,1,1,1,2,3,1],61,31].
[[3,8,1,1,1,1,2,2,0],57,56].
[[2,6,0,0,0,0,0,0,0],2,42].
[[3,6,0,1,2,0,0,0,0],0,6].
[[2,8,1,0,0,0,2,3,2],217,113].
[[3,8,1,0,0,0,2,3,2],32,18].
[[2,8,1,1,2,1,2,2,2],187,92].
[[3,8,1,1,2,1,2,1,0],95,95].
[[1,8,1,0,0,0,1,1,2],172,78].
[[2,7,1,0,0,0,1,1,2],34,11].
[[3,7,1,0,0,0,1,1,2],49,20].
[[1,9,2,1,2,1,2,3,0],219,494].
[[3,9,2,1,1,1,1,2,0],0,110].
[[2,8,1,1,2,1,2,1,2],136,75].
[[3,8,1,1,2,1,2,1,2],49,39].
[[1,6,0,0,0,0,2,3,2],1,6].
[[2,6,0,1,2,1,2,3,2],3,5].
[[3,6,0,1,1,1,1,2,2],0,3].
[[2,9,2,1,2,1,2,1,0],52,323].
[[3,5,0,1,2,1,2,1,0],44,5].
[[1,9,2,1,2,0,1,2,0],1,19].
[[2,8,0,1,2,0,1,2,0],4,16].
[[3,8,0,1,2,1,1,2,0],6,368].
[[1,8,0,1,2,1,2,3,0],26,58].
[[2,8,0,1,1,1,2,3,0],11,34].
[[3,7,1,1,1,1,1,2,1],38,11].
[[3,8,0,0,0,0,2,1,0],5,118].
[[2,7,1,1,2,1,2,3,1],117,32].
[[3,8,0,1,2,1,1,2,1],19,144].
[[1,8,0,1,2,1,2,1,0],13,39].
[[2,8,0,1,2,1,2,1,0],34,141].
[[3,7,0,1,2,1,2,1,0],3,35].
[[3,8,1,0,0,0,1,2,1],123,57].
[[2,9,2,1,2,1,1,2,0],64,274].
[[3,9,2,1,1,1,2,2,0],1,92].
[[2,6,0,1,2,1,2,3,0],1,6].
[[3,6,0,1,1,1,2,3,0],0,4].
[[3,5,0,1,2,1,1,1,2],418,8].
[[1,7,1,1,2,1,2,2,2],9,5].
[[2,7,1,1,2,1,1,2,2],33,18].
[[1,9,2,1,2,1,2,2,0],157,438].
[[2,9,2,1,1,1,1,2,0],26,53].
[[2,9,2,1,2,0,0,0,0],3,24].
[[3,5,0,1,2,0,2,1,0],15,0].
[[2,9,2,1,2,1,1,1,2],90,246].
[[3,9,2,1,2,1,1,1,2],3,187].
[[2,9,2,0,0,0,1,2,2],177,640].
[[3,6,1,0,0,0,1,1,2],13,1].
[[2,5,0,0,0,0,1,2,1],82,4].
[[3,5,0,0,0,0,1,2,1],92,1].
[[1,7,1,0,0,0,0,0,0],186,78].
[[2,9,2,0,0,0,1,1,2],90,251].
[[3,9,1,0,0,0,1,2,1],3,30].
[[1,8,1,1,2,1,2,3,1],249,97].
[[2,8,1,1,2,1,2,3,1],237,183].
[[3,7,2,1,2,1,1,2,2],178,36].
[[3,5,0,1,1,1,2,3,0],40,0].
[[2,8,1,1,2,0,2,2,0],64,40].
[[3,7,1,1,2,0,2,2,0],44,23].
[[2,9,2,1,2,1,2,3,2],14,108].
[[2,8,1,1,2,1,1,2,0],93,38].
[[2,9,1,1,1,1,1,2,0],13,23].
[[3,4,1,1,2,0,1,2,0],71,23].
[[1,9,2,1,1,1,2,1,0],19,29].
[[2,8,0,1,1,1,2,1,0],14,16].
[[3,8,0,1,1,1,1,2,0],3,107].
[[3,6,0,0,0,0,0,0,0],0,14].
[[2,9,2,1,2,1,2,3,1],35,162].
[[2,8,0,0,0,0,1,2,0],15,103].
[[1,9,2,1,1,1,1,1,0],6,7].
[[2,8,0,1,1,1,1,1,0],3,10].
[[3,4,1,1,2,0,1,1,0],38,6].
[[2,5,0,1,2,1,2,3,0],67,4].
[[3,7,1,1,1,1,2,2,2],28,16].
[[1,8,0,0,0,0,2,2,0],55,163].
[[2,7,1,0,0,0,2,2,0],42,14].
[[3,7,1,1,2,1,2,2,0],117,64].
[[3,8,1,0,0,0,1,1,2],85,52].
[[2,9,2,1,1,1,2,2,0],45,131].
[[1,9,2,1,2,1,2,3,1],107,240].
[[3,9,2,1,1,1,1,2,1],10,37].
[[1,9,2,0,0,0,2,3,2],200,748].
[[2,9,2,0,0,0,2,2,2],14,132].
[[3,8,0,0,0,0,2,2,2],1,58].
[[3,9,2,1,1,1,2,3,0],1,93].
[[3,8,0,1,1,1,2,3,2],2,26].
[[2,7,1,0,0,0,2,3,1],155,39].
[[2,9,1,1,2,1,1,2,1],9,28].
[[3,9,1,0,0,0,1,2,0],15,109].
[[2,8,0,1,2,0,2,2,2],5,26].
[[1,9,2,1,1,1,0,0,0],33,46].
[[3,9,2,1,1,1,0,0,0],0,8].
[[3,3,1,1,2,1,1,2,2],12,1].
[[3,8,0,1,2,1,2,3,0],31,491].
[[3,8,0,1,2,0,1,1,0],3,44].
[[3,8,1,1,1,1,2,3,0],50,61].
[[3,7,1,1,2,1,1,1,2],106,46].
[[1,7,2,0,0,0,2,2,2],82,11].
[[3,7,2,1,2,0,1,2,2],75,20].
[[1,9,2,0,0,0,2,2,1],68,93].
[[3,9,2,1,2,1,1,2,0],4,248].
[[1,8,1,0,0,0,1,2,1],191,66].
[[3,9,2,0,0,0,2,3,0],3,97].
[[2,8,0,0,0,0,1,2,2],87,317].
[[3,7,0,1,2,0,1,2,2],1,17].
[[3,8,0,1,2,1,1,1,0],11,195].
[[3,8,0,1,2,0,2,1,0],1,88].
[[3,8,1,1,2,1,1,1,1],29,26].
[[2,8,0,1,2,0,2,2,0],11,32].
[[3,8,1,1,1,1,2,1,0],29,37].
[[3,9,2,1,1,1,2,1,0],0,49].
[[1,8,0,1,2,1,0,0,0],95,294].
[[2,8,0,1,2,1,2,3,0],69,299].
[[3,7,1,1,2,1,2,3,0],133,64].
[[2,8,0,1,2,1,0,0,0],39,295].
[[2,5,0,1,2,1,1,2,2],16,2].
[[3,5,0,1,2,1,1,2,2],64,0].
[[1,9,2,1,2,0,1,2,2],27,58].
[[2,8,0,1,2,0,1,2,2],15,41].
[[2,8,0,1,1,1,2,2,1],2,2].
[[3,8,0,1,1,1,2,1,0],7,82].
[[1,9,2,1,1,1,2,2,0],44,37].
[[2,9,2,1,1,1,1,1,0],13,24].
[[1,8,1,0,0,0,2,2,1],280,121].
[[2,7,1,0,0,0,2,2,1],52,14].
[[3,7,1,1,2,1,2,2,1],51,43].
[[2,9,1,0,0,0,2,2,0],8,41].
[[1,5,0,0,0,0,1,1,2],118,5].
[[3,8,0,0,0,0,1,2,0],8,141].
[[3,9,2,1,1,1,1,2,2],8,197].
[[2,8,0,0,0,0,2,3,2],34,213].
[[2,8,0,0,0,0,2,3,0],65,349].
[[2,5,0,1,2,1,1,2,1],76,1].
[[3,5,0,1,2,1,1,2,0],175,12].
[[3,9,0,1,2,1,1,2,0],0,65].
[[2,8,1,1,2,0,2,1,0],32,23].
[[3,6,1,1,2,0,2,1,0],4,1].
[[2,7,1,0,0,0,1,2,1],36,8].
[[3,7,1,0,0,0,1,2,1],75,20].
[[1,3,2,0,0,0,0,0,0],16,0].
[[2,3,2,1,2,1,0,0,0],7,0].
[[3,3,2,1,2,1,2,2,2],20,0].
[[2,7,1,1,1,1,2,2,1],6,3].
[[3,4,1,1,2,0,2,2,0],58,15].
[[1,9,2,1,2,1,2,1,2],78,248].
[[2,9,2,1,1,1,2,3,1],14,27].
[[3,8,0,1,1,1,2,3,1],3,40].
[[2,8,1,1,2,1,1,2,1],209,86].
[[3,9,1,1,2,1,1,1,0],13,131].
[[3,7,2,1,2,0,1,1,2],24,19].
[[1,8,1,1,2,1,2,1,0],32,24].
[[2,8,1,1,1,1,1,2,0],19,7].
[[3,7,1,1,1,1,1,2,0],17,3].
[[2,8,0,1,2,1,2,2,0],64,279].
[[3,7,1,1,1,1,2,2,0],39,17].
[[2,5,0,1,1,1,1,2,2],7,0].
[[3,5,0,1,1,1,1,2,1],84,6].
[[2,9,2,1,2,0,2,1,0],10,77].
[[3,9,2,1,2,0,2,1,0],0,39].
[[3,8,1,1,1,1,1,2,2],157,98].
[[3,6,1,0,0,0,1,2,2],35,0].
[[2,8,1,0,0,0,1,2,0],97,43].
[[3,8,1,1,2,0,1,2,0],74,41].
[[1,6,1,1,2,1,0,0,0],29,4].
[[2,6,1,1,2,1,0,0,0],40,10].
[[3,6,1,1,1,1,2,3,2],11,0].
[[3,7,0,1,2,0,2,3,2],0,9].
[[1,8,1,1,2,0,1,2,2],16,9].
[[2,8,1,1,2,0,1,2,2],97,66].
[[3,9,1,1,2,1,1,1,2],3,41].
[[2,4,1,1,2,0,2,2,0],13,6].
[[2,8,0,0,0,0,2,2,2],35,196].
[[3,7,0,1,2,1,0,0,0],3,67].
[[2,7,1,1,2,1,2,3,2],97,29].
[[3,7,1,1,2,1,2,3,2],130,52].
[[2,5,0,1,2,1,1,1,2],184,6].
[[1,9,2,1,1,1,2,1,2],20,18].
[[2,9,2,1,1,1,2,1,2],11,21].
[[3,4,1,1,2,0,2,1,2],17,2].
[[2,7,1,0,0,0,0,0,0],123,98].
[[3,7,1,1,2,1,2,2,2],148,55].
[[3,7,1,0,0,0,1,2,2],108,54].
[[3,8,0,0,0,0,2,2,0],11,185].
[[3,7,1,1,2,0,1,2,0],13,4].
[[3,7,1,0,0,0,2,3,1],81,52].
[[1,9,2,1,2,0,2,2,0],18,54].
[[2,5,0,1,2,0,2,3,0],17,0].
[[3,5,0,1,2,0,1,2,1],68,7].
[[2,6,1,1,1,1,2,2,2],4,1].
[[3,6,1,1,1,1,2,2,2],10,0].
[[3,8,0,0,0,0,1,2,2],6,259].
[[2,5,0,0,0,0,2,3,0],75,1].
[[2,5,0,1,2,0,2,2,0],3,0].
[[3,5,0,1,1,0,1,2,0],10,6].
[[1,9,2,1,1,1,2,3,2],21,41].
[[2,8,0,1,1,1,2,3,2],10,27].
[[3,7,1,1,1,1,2,3,2],48,16].
[[3,9,2,1,2,0,1,1,0],1,45].
[[2,6,1,1,2,1,2,2,2],29,2].
[[3,3,1,1,2,1,2,2,2],23,2].
[[3,8,0,1,2,1,0,0,0],0,86].
[[3,8,1,0,0,0,2,3,0],61,67].
[[1,8,1,1,2,1,0,0,0],240,204].
[[2,8,1,1,2,1,2,2,1],98,63].
[[3,8,1,1,2,1,2,2,1],28,63].
[[1,8,0,0,0,0,1,1,2],53,52].
[[3,8,1,0,0,0,2,2,1],17,26].
[[2,5,0,1,2,0,1,1,2],46,7].
[[1,8,1,1,2,0,2,2,1],18,7].
[[2,8,1,1,1,0,2,2,1],2,4].
[[3,7,1,1,1,0,2,2,1],1,5].
[[3,9,2,1,1,1,2,3,1],0,16].
[[3,9,1,0,0,0,2,2,0],1,39].
[[1,9,2,1,1,1,2,3,0],28,48].
[[2,8,1,1,1,1,1,2,1],43,17].
[[2,4,1,1,2,0,1,2,0],6,7].
[[2,8,1,1,2,0,2,3,1],74,62].
[[1,8,0,1,2,1,2,3,2],30,79].
[[2,7,1,1,1,1,2,3,2],13,6].
[[1,8,0,1,2,1,1,2,0],2,11].
[[2,8,0,1,1,1,1,2,0],5,5].
[[2,8,0,1,2,1,1,2,0],22,98].
[[3,8,0,1,1,1,2,2,0],4,165].
[[1,7,2,0,0,0,0,0,0],123,19].
[[2,7,2,1,2,0,2,3,2],13,8].
[[3,7,1,1,2,0,2,3,2],40,21].
[[1,8,0,1,2,1,2,2,2],30,70].
[[3,5,0,0,0,0,1,2,2],37,0].
[[1,9,2,1,2,0,1,2,1],4,10].
[[2,8,0,1,2,0,1,2,1],4,9].
[[3,8,0,1,2,0,1,2,1],6,39].
[[1,9,2,1,2,1,1,1,0],36,83].
[[3,9,1,1,1,1,1,2,0],8,113].
[[2,8,0,1,2,0,1,1,0],1,12].
[[2,8,1,1,2,1,1,1,2],138,70].
[[2,5,0,0,0,0,1,2,2],19,0].
[[3,8,0,1,2,0,2,3,2],1,23].
[[2,8,1,1,2,0,2,3,2],50,39].
[[3,8,1,1,2,0,1,2,2],154,124].
[[2,7,1,1,2,1,0,0,0],68,76].
[[2,8,0,1,2,1,1,2,1],16,49].
[[3,8,0,1,2,1,2,3,2],3,92].
[[3,9,2,0,0,0,0,0,0],0,6].
[[2,7,2,1,2,1,0,0,0],39,7].
[[3,3,2,1,2,1,0,0,0],13,0].
[[3,9,2,1,2,1,2,3,1],3,29].
[[3,5,0,1,1,1,1,1,1],72,7].
[[2,7,2,0,0,0,2,3,1],30,4].
[[3,7,2,1,2,1,2,3,0],41,3].
[[2,9,1,0,0,0,1,1,0],2,72].
[[2,7,2,0,0,0,1,1,2],30,25].
[[3,7,2,0,0,0,1,1,2],48,27].
[[2,8,0,1,1,1,0,0,0],13,55].
[[3,7,0,1,1,1,0,0,0],2,18].
[[2,9,2,1,2,0,1,2,1],7,26].
[[3,9,2,1,2,0,1,2,1],7,31].
[[3,7,2,1,2,0,2,1,0],2,2].
[[2,9,2,1,1,1,1,2,1],17,28].
[[3,8,0,1,2,0,1,1,2],2,73].
[[1,8,0,0,0,0,1,2,0],6,31].
[[2,7,0,0,0,0,1,2,0],0,3].
[[3,7,0,1,2,1,1,2,0],0,28].
[[3,5,0,1,1,0,1,2,2],3,3].
[[1,6,1,1,2,1,2,3,2],6,0].
[[2,6,1,1,2,1,2,3,2],28,2].
[[3,6,1,1,2,1,2,3,2],36,4].
[[1,8,0,0,0,0,1,2,2],60,124].
[[3,5,0,1,2,1,1,1,1],179,7].
[[2,9,2,1,1,1,1,2,2],67,129].
[[1,8,1,1,1,1,2,3,0],6,2].
[[2,8,1,1,1,1,2,3,0],34,20].
[[3,9,1,1,1,1,1,2,1],2,23].
[[1,7,1,0,0,0,2,2,0],7,2].
[[2,8,1,1,2,1,1,1,0],29,23].
[[1,8,1,1,2,0,2,2,2],20,13].
[[2,9,2,0,0,0,2,3,1],48,143].
[[3,9,2,1,2,1,2,2,1],0,11].
[[1,9,2,1,1,1,1,1,2],17,16].
[[2,9,2,1,1,1,1,1,2],25,64].
[[3,4,1,1,2,0,1,1,2],48,15].
[[2,9,2,1,2,0,1,1,0],6,29].
[[3,9,1,1,2,0,1,1,0],2,46].
[[2,8,1,1,2,1,2,3,0],217,136].
[[3,8,1,1,2,0,1,1,0],29,31].
[[2,8,1,1,2,1,2,1,0],86,55].
[[3,8,1,1,1,1,1,1,0],21,27].
[[3,8,0,1,1,1,2,1,2],3,33].
[[3,9,2,1,1,1,1,1,0],2,79].
[[2,9,1,0,0,0,1,2,0],21,133].
[[1,8,1,0,0,0,2,1,1],66,21].
[[2,5,0,1,2,0,1,1,1],19,6].
[[3,5,0,1,1,0,1,1,1],16,7].
[[1,7,2,0,0,0,2,1,2],81,23].
[[2,3,2,1,2,1,2,1,2],8,0].
[[3,2,1,1,2,1,2,1,2],3,0].
[[2,9,2,1,1,1,2,2,2],8,28].
[[3,9,2,1,1,1,2,2,2],1,6].
[[2,5,0,0,0,0,1,2,0],50,5].
[[3,5,0,0,0,0,1,2,0],85,5].
[[1,8,1,1,1,1,1,2,1],7,0].
[[3,8,1,1,1,1,1,2,1],112,59].
[[2,7,2,1,2,1,2,2,2],67,13].
[[3,7,2,1,2,1,1,1,2],65,40].
[[2,7,0,0,0,0,2,1,2],0,7].
[[3,7,0,0,0,0,2,1,2],1,11].
[[2,9,2,1,2,0,1,2,2],39,168].
[[3,8,0,1,2,0,1,2,2],8,141].
[[3,8,1,1,2,0,2,2,0],64,59].
[[2,9,2,1,2,1,2,2,1],15,41].
[[3,9,1,0,0,0,1,2,2],6,35].
[[1,8,1,1,2,1,1,2,1],64,29].
[[1,9,2,1,2,1,1,2,1],41,62].
[[1,7,1,0,0,0,2,3,2],53,22].
[[3,7,2,1,1,1,2,3,2],19,4].
[[3,8,1,1,2,0,2,2,1],11,18].
[[3,9,2,1,2,1,2,2,0],6,222].
[[1,6,1,0,0,0,2,2,2],42,1].
[[2,3,1,0,0,0,2,2,2],11,2].
[[2,7,0,1,2,1,2,1,0],1,6].
[[3,8,1,1,2,0,2,3,1],27,45].
[[3,9,0,1,2,0,1,2,0],0,17].
[[3,9,2,0,0,0,1,2,1],8,42].
[[1,9,2,1,1,1,1,2,2],44,40].
[[3,4,1,1,2,0,1,2,2],93,42].
[[2,7,1,1,2,0,2,1,2],18,9].
[[3,7,1,1,2,0,1,2,2],92,33].
[[2,9,2,0,0,0,1,2,1],47,112].
[[3,9,2,0,0,0,2,2,0],1,88].
[[2,8,1,1,2,1,2,2,0],157,92].
[[3,8,1,1,1,1,1,2,0],52,51].
[[2,7,2,0,0,0,2,2,2],82,12].
[[3,7,2,1,2,1,2,2,2],65,22].
[[3,9,2,1,2,0,1,2,2],3,153].
[[1,8,1,1,1,1,2,3,1],16,8].
[[2,4,1,1,2,0,1,2,1],10,1].
[[3,4,1,1,2,0,1,2,1],47,12].
[[3,8,1,1,1,1,2,2,1],6,14].
[[2,8,1,1,2,0,1,1,2],34,44].
[[3,7,1,1,2,0,2,1,0],19,9].
[[2,7,2,0,0,0,0,0,0],52,3].
[[3,7,1,1,2,0,0,0,0],14,16].
[[3,7,1,1,2,1,2,1,0],61,36].
[[2,8,0,1,2,0,2,1,2],3,24].
[[2,7,2,1,2,0,0,0,0],14,1].
[[3,7,1,1,2,1,0,0,0],37,66].
[[3,9,2,0,0,0,1,2,2],5,180].
[[1,6,1,0,0,0,0,0,0],163,18].
[[2,6,1,0,0,0,0,0,0],95,8].
[[3,6,1,1,2,1,2,3,1],53,3].
[[2,7,1,0,0,0,2,2,2],104,47].
[[1,5,0,0,0,0,1,2,1],21,0].
[[3,8,0,0,0,0,0,0,0],0,45].
[[1,8,1,1,2,1,2,2,0],48,16].
[[3,6,1,1,2,1,2,2,0],34,2].
[[3,6,1,0,0,0,0,0,0],13,1].
[[2,8,1,1,1,1,2,2,2],36,19].
[[2,9,2,1,2,0,1,2,0],13,82].
[[3,9,2,1,2,0,1,2,0],0,78].
[[2,7,0,1,2,1,2,3,0],1,9].
[[2,9,1,1,2,1,2,2,0],6,48].
[[3,7,2,1,1,1,1,1,2],20,6].
[[2,7,2,1,2,0,2,2,2],16,10].
[[3,7,2,1,1,0,2,2,2],1,7].
[[2,7,0,0,0,0,0,0,0],3,47].
[[3,7,0,1,2,1,2,2,2],3,37].
[[2,7,0,0,0,0,2,2,0],1,7].
[[3,7,0,0,0,0,2,2,0],0,29].
[[3,5,0,1,1,1,1,1,2],136,7].
[[2,8,1,1,2,0,2,2,2],39,41].
[[3,8,1,1,2,1,2,2,2],77,43].
[[1,8,1,1,2,1,1,1,2],53,18].
[[2,5,0,1,1,1,1,1,2],31,4].
[[3,6,0,1,2,1,2,3,2],0,19].
[[3,3,1,0,0,0,0,0,0],21,4].
[[3,8,0,1,2,1,2,3,1],16,154].
[[2,8,1,1,1,0,1,2,0],0,1].
[[3,4,0,1,2,0,1,2,0],0,3].
[[3,8,1,1,2,1,2,3,1],82,134].
[[1,8,0,0,0,0,2,1,0],43,97].
[[3,9,1,1,2,1,1,2,2],15,103].
[[1,6,1,0,0,0,2,3,2],40,1].
[[2,2,1,0,0,0,2,3,2],2,0].
[[3,2,1,0,0,0,2,1,2],4,0].
[[2,8,1,1,2,0,1,1,1],8,7].
[[3,5,0,1,2,0,1,1,1],62,4].
[[1,9,2,1,2,0,2,3,1],5,30].
[[2,8,0,1,2,0,2,3,1],1,24].
[[3,8,0,1,1,0,1,2,1],0,6].
[[3,7,1,1,2,0,2,3,1],53,42].
[[1,5,0,1,2,1,1,1,2],52,3].
[[3,7,1,1,1,0,2,1,2],6,5].
[[1,8,1,1,2,1,2,3,2],164,80].
[[2,9,2,1,2,0,2,2,0],30,105].
[[3,8,0,1,1,0,2,2,0],1,20].
[[3,8,0,0,0,0,2,1,2],2,37].
[[3,8,0,1,1,0,1,2,0],0,19].
[[3,7,1,1,2,0,2,1,1],5,4].
[[3,7,0,1,2,1,2,3,2],3,27].
[[2,6,1,1,2,0,2,1,2],5,0].
[[3,6,1,1,2,0,1,2,2],23,4].
[[3,7,2,1,1,0,2,3,2],1,4].
[[3,7,1,1,2,0,2,2,2],28,21].
[[2,7,2,1,2,1,1,2,2],66,15].
[[2,9,2,1,1,1,2,3,0],43,119].
[[1,9,2,1,2,0,0,0,0],10,64].
[[2,7,1,0,0,0,2,1,2],76,33].
[[2,8,1,0,0,0,2,3,0],230,132].
[[2,7,1,1,2,1,2,2,2],72,29].
[[2,5,0,1,2,1,1,1,1],76,8].
[[2,8,1,1,1,1,2,3,2],43,26].
[[1,9,2,1,2,0,2,1,2],6,15].
[[2,9,2,1,1,0,2,1,2],0,3].
[[3,8,0,1,1,0,2,1,2],0,3].
[[2,8,1,0,0,0,0,0,0],71,115].
[[3,7,0,0,0,0,2,3,0],0,35].
[[1,9,2,1,2,0,1,1,1],0,2].
[[2,9,1,1,1,0,1,2,0],0,4].
[[3,9,1,1,1,0,1,2,0],2,22].
[[3,5,0,1,2,0,1,2,0],52,6].
[[3,8,1,0,0,0,2,2,2],31,17].
[[3,7,1,0,0,0,2,2,0],69,26].
[[3,8,1,1,2,0,1,1,1],19,7].
[[1,9,2,1,2,1,2,2,1],36,44].
[[2,8,0,0,0,0,2,1,0],45,193].
[[1,7,2,1,2,1,2,3,2],16,7].
[[2,7,2,1,2,1,2,1,2],37,10].
[[3,7,2,1,1,1,2,1,2],14,2].
[[3,9,2,0,0,0,1,1,0],3,67].
[[2,8,1,1,2,1,1,1,1],20,23].
[[3,6,1,1,2,1,1,1,1],4,1].
[[3,7,2,1,2,1,2,3,2],51,6].
[[3,7,1,1,2,0,1,1,2],37,20].
[[1,8,1,1,2,0,1,2,1],4,10].
[[2,8,0,0,0,0,2,1,2],15,138].
[[1,8,1,1,2,0,2,3,2],20,22].
[[3,8,1,1,1,0,2,2,0],8,20].
[[3,7,2,0,0,0,2,3,1],27,4].
[[1,8,1,1,1,1,2,2,0],5,2].
[[2,8,1,1,1,1,2,2,0],38,22].
[[2,8,0,1,2,0,2,1,0],5,21].
[[3,4,1,1,2,0,1,1,1],14,1].
[[1,7,1,0,0,0,2,2,1],33,5].
[[3,3,1,0,0,0,2,3,0],6,0].
[[3,7,1,0,0,0,2,3,0],64,33].
[[2,9,2,1,2,1,2,1,2],15,116].
[[2,8,1,1,1,0,1,2,2],7,5].
[[3,8,1,1,1,0,1,2,2],25,37].
[[1,7,2,1,2,1,0,0,0],36,7].
[[3,7,2,1,2,1,0,0,0],22,2].
[[2,8,1,1,1,1,2,1,0],19,13].
[[3,7,2,1,1,1,2,2,2],13,5].
[[2,9,2,0,0,0,2,3,2],11,122].
[[2,8,0,0,0,0,1,1,2],44,131].
[[3,7,0,0,0,0,1,1,2],0,16].
[[1,8,1,0,0,0,1,1,0],15,17].
[[1,8,0,1,2,1,1,2,2],15,47].
[[2,7,2,1,2,1,1,1,2],29,11].
[[2,9,2,1,1,1,2,2,1],3,5].
[[3,8,1,1,1,1,1,1,2],44,51].
[[3,8,0,1,1,1,2,2,2],1,42].
[[2,8,1,0,0,0,2,1,0],123,72].
[[3,7,1,0,0,0,2,1,0],46,19].
[[3,7,1,0,0,0,2,3,2],61,25].
[[1,7,1,1,2,1,0,0,0],34,19].
[[2,8,1,1,1,1,1,2,2],68,28].
[[1,9,2,1,2,1,1,1,1],2,6].
[[2,5,0,1,1,1,1,1,1],20,0].
[[3,7,0,1,2,1,2,3,0],0,68].
[[3,9,2,1,2,1,1,2,1],26,81].
[[1,8,1,1,1,1,2,2,2],15,3].
[[3,8,1,1,1,1,2,2,2],19,12].
[[2,9,2,1,1,0,2,2,0],1,9].
[[3,9,2,1,1,0,1,2,0],0,16].
[[3,9,2,0,0,0,2,1,0],0,49].
[[2,3,1,1,2,1,0,0,0],11,2].
[[3,3,1,1,1,1,0,0,0],4,3].
[[1,7,1,1,2,1,2,2,1],8,2].
[[2,7,1,1,2,1,2,2,1],36,19].
[[3,8,1,1,1,1,2,3,2],14,18].
[[3,8,0,1,2,0,2,2,0],10,121].
[[2,1,1,1,2,0,1,2,1],1,0].
[[3,1,1,1,2,0,1,2,1],1,0].
[[3,3,2,1,2,1,2,1,2],13,0].
[[3,6,1,1,2,0,2,2,1],5,4].
[[3,7,0,1,2,1,1,1,2],1,26].
[[1,8,1,1,2,1,2,3,0],66,43].
[[3,6,1,1,2,1,2,3,0],47,1].
[[3,9,1,1,1,1,2,1,0],2,23].
[[1,6,1,0,0,0,2,1,0],3,0].
[[2,3,2,1,2,1,2,1,0],2,0].
[[3,3,2,1,2,1,2,1,0],1,0].
[[2,7,1,1,2,1,2,2,0],27,8].
[[3,7,0,1,1,1,2,2,0],0,12].
[[3,5,0,1,2,0,1,2,2],21,2].
[[2,7,2,0,0,0,2,3,0],14,0].
[[3,7,2,1,2,1,1,2,0],15,0].
[[2,8,1,1,2,0,1,2,1],58,28].
[[3,6,1,1,2,1,1,2,1],30,2].
[[2,9,2,1,2,0,2,3,1],5,37].
[[1,9,2,1,2,0,2,3,0],15,56].
[[2,9,2,1,1,0,1,2,0],1,5].
[[1,7,2,1,2,0,2,3,2],3,2].
[[3,3,2,1,2,0,2,3,2],8,0].
[[3,5,0,1,2,0,1,1,0],28,15].
[[2,3,2,0,0,0,2,2,2],10,0].
[[3,3,2,0,0,0,2,2,2],15,0].
[[2,6,0,1,2,1,2,1,2],2,3].
[[3,3,1,1,2,1,2,1,2],21,3].
[[2,7,1,1,2,1,2,1,2],51,32].
[[3,9,1,1,2,1,2,1,0],6,56].
[[3,7,0,1,2,1,2,2,0],3,51].
[[2,7,1,0,0,0,2,3,2],94,51].
[[3,6,1,1,2,0,1,2,1],18,1].
[[2,3,2,1,2,0,0,0,0],8,0].
[[3,3,2,1,1,0,0,0,0],2,0].
[[2,4,1,1,2,0,2,3,0],10,6].
[[3,6,0,1,2,1,2,2,0],1,20].
[[3,7,2,0,0,0,2,2,2],36,6].
[[2,6,1,1,2,0,2,1,0],0,2].
[[3,9,1,0,0,0,1,1,0],5,69].
[[3,7,1,1,2,0,2,1,2],30,9].
[[2,7,1,1,2,0,2,2,2],16,9].
[[2,6,1,0,0,0,1,2,0],0,1].
[[3,6,1,0,0,0,1,2,0],8,1].
[[1,8,0,1,2,1,1,1,2],13,30].
[[2,7,1,1,2,1,1,1,2],24,11].
[[2,8,0,1,1,1,1,2,2],21,36].
[[3,6,1,1,2,1,1,2,2],51,8].
[[1,9,2,1,1,1,2,3,1],14,19].
[[2,4,1,1,2,0,2,3,1],5,0].
[[2,6,0,0,0,0,2,3,2],4,14].
[[3,6,0,1,2,1,2,3,0],0,38].
[[3,9,2,0,0,0,2,3,1],1,13].
[[3,8,0,1,1,0,1,2,2],1,24].
[[3,8,1,0,0,0,1,2,0],108,56].
[[2,8,1,1,1,1,0,0,0],16,11].
[[3,8,0,0,0,0,2,3,2],3,34].
[[3,7,1,1,2,0,2,2,1],17,17].
[[3,8,1,1,1,0,1,1,2],9,16].
[[1,7,1,1,2,1,2,3,1],5,3].
[[3,3,1,1,2,1,2,3,1],37,7].
[[3,8,0,1,1,1,2,2,1],0,10].
[[3,8,0,1,1,1,1,2,1],4,40].
[[2,7,0,0,0,0,2,2,2],4,7].
[[3,7,0,0,0,0,1,2,2],2,30].
[[3,6,1,1,2,1,2,1,1],2,0].
[[2,7,0,1,2,1,2,1,2],2,6].
[[3,9,2,0,0,0,1,1,2],3,63].
[[1,5,0,0,0,0,2,3,0],56,2].
[[2,5,0,1,2,1,1,2,0],35,8].
[[3,7,0,1,2,1,2,3,1],5,35].
[[1,8,1,0,0,0,2,1,0],88,47].
[[3,7,2,0,0,0,1,1,0],8,3].
[[3,8,1,1,1,1,2,3,1],31,50].
[[2,6,1,1,2,1,2,1,2],26,2].
[[3,6,1,1,2,1,2,1,2],32,0].
[[2,7,2,1,2,1,2,3,2],53,11].
[[3,7,2,1,2,1,2,1,2],47,13].
[[2,8,0,1,2,0,2,3,2],4,28].
[[3,7,1,1,1,0,2,3,2],1,7].
[[3,7,1,1,2,1,1,1,0],25,9].
[[3,6,1,0,0,0,2,1,2],22,0].
[[2,5,0,0,0,0,2,2,0],18,0].
[[3,5,0,0,0,0,2,2,0],18,0].
[[2,3,1,0,0,0,0,0,0],29,3].
[[3,3,1,1,2,0,0,0,0],11,2].
[[3,8,0,0,0,0,1,1,2],6,115].
[[1,8,1,1,2,1,2,1,1],28,11].
[[2,8,1,1,2,1,2,1,1],21,10].
[[2,8,0,1,1,1,2,3,1],10,9].
[[3,7,1,1,2,0,1,1,0],10,5].
[[1,5,0,0,0,0,1,2,0],8,1].
[[2,5,0,1,2,0,1,2,0],15,1].
[[1,7,1,0,0,0,2,1,2],37,15].
[[3,6,1,0,0,0,2,3,1],29,0].
[[2,5,0,1,2,0,1,1,0],7,5].
[[3,5,0,1,1,0,1,1,0],4,4].
[[1,8,0,1,2,1,2,2,0],27,46].
[[2,9,1,1,2,1,2,3,0],10,17].
[[1,7,1,1,2,1,1,2,1],2,1].
[[3,7,2,1,2,1,2,3,1],18,6].
[[2,8,0,0,0,0,1,1,0],12,42].
[[2,6,1,1,2,1,1,2,2],16,2].
[[2,6,1,0,0,0,2,2,2],55,1].
[[3,7,2,0,0,0,2,3,2],37,4].
[[3,7,1,0,0,0,0,0,0],28,23].
[[3,7,1,1,1,0,1,2,2],7,18].
[[3,6,1,1,2,1,2,2,2],33,2].
[[1,9,2,1,1,1,2,2,1],2,3].
[[2,5,0,0,0,0,1,1,1],76,3].
[[3,8,0,1,1,0,1,1,0],0,5].
[[3,5,0,1,1,1,1,2,2],22,3].
[[3,5,0,0,0,0,1,1,1],61,3].
[[3,9,1,1,2,1,2,2,0],7,83].
[[3,5,0,1,1,0,1,1,2],15,8].
[[3,7,2,1,2,0,2,2,2],21,9].
[[2,9,1,0,0,0,2,1,0],3,28].
[[3,9,2,1,2,0,1,1,2],1,46].
[[3,9,1,1,2,0,1,2,2],1,22].
[[3,7,2,1,1,1,1,2,2],56,9].
[[2,6,1,0,0,0,2,2,0],18,1].
[[3,6,1,1,2,0,2,2,0],10,0].
[[2,6,1,1,2,1,2,2,0],9,0].
[[2,7,1,1,2,1,2,3,0],34,11].
[[2,5,0,1,2,1,2,1,0],41,1].
[[3,5,0,1,1,1,1,2,0],58,5].
[[2,5,0,0,0,0,1,1,0],33,12].
[[3,8,1,1,1,0,2,3,1],7,9].
[[2,6,0,0,0,0,1,1,2],1,3].
[[3,6,0,1,2,0,1,2,2],1,3].
[[3,6,0,0,0,0,2,1,0],1,16].
[[3,6,1,0,0,0,2,2,0],22,1].
[[3,9,2,1,1,1,2,2,1],0,2].
[[3,7,0,1,2,1,1,1,0],1,10].
[[2,6,1,0,0,0,2,3,1],62,1].
[[3,6,1,1,2,0,2,3,1],22,2].
[[2,9,1,0,0,0,1,2,2],5,23].
[[3,6,0,1,2,1,2,3,1],3,12].
[[1,6,1,0,0,0,2,1,2],43,2].
[[2,6,1,0,0,0,1,1,2],14,2].
[[3,3,1,1,2,0,1,1,2],4,0].
[[2,7,1,1,2,0,1,2,0],1,0].
[[3,3,1,1,2,0,1,2,0],2,0].
[[2,7,1,1,2,0,0,0,0],12,26].
[[3,6,0,1,1,1,2,3,2],0,5].
[[3,7,1,1,1,1,2,3,1],50,28].
[[2,5,0,1,1,1,1,2,0],14,3].
[[3,8,1,0,0,0,2,3,1],36,77].
[[3,7,1,0,0,0,2,1,1],5,3].
[[2,7,2,1,2,0,1,2,2],23,7].
[[3,7,0,0,0,0,2,2,2],1,15].
[[1,9,2,1,1,1,2,2,2],23,22].
[[2,8,0,1,1,1,2,2,2],6,23].
[[3,6,0,1,1,1,2,2,2],0,4].
[[1,8,1,1,1,1,1,2,0],5,0].
[[2,7,1,1,1,1,1,2,0],1,0].
[[3,8,1,0,0,0,1,1,0],38,43].
[[3,9,1,1,2,0,2,2,0],1,28].
[[1,9,2,1,2,0,2,3,2],7,33].
[[2,8,1,1,2,0,2,1,2],32,25].
[[3,8,1,1,1,1,2,1,2],20,11].
[[3,6,1,1,2,1,1,1,2],30,1].
[[3,3,1,1,2,0,2,3,2],11,1].
[[2,8,1,1,2,0,2,2,1],25,32].
[[2,8,1,1,2,0,2,3,0],63,38].
[[1,7,1,0,0,0,2,3,1],64,7].
[[2,7,1,1,2,0,1,2,1],3,2].
[[3,3,1,1,2,0,1,2,1],2,0].
[[2,4,1,1,2,0,2,1,0],5,3].
[[3,7,1,0,0,0,2,2,1],26,27].
[[3,6,1,1,2,1,0,0,0],20,3].
[[3,9,2,0,0,0,2,1,2],0,8].
[[3,7,1,1,1,0,1,1,2],5,5].
[[1,6,1,0,0,0,2,1,1],6,0].
[[2,3,1,0,0,0,2,1,1],2,0].
[[3,3,1,0,0,0,1,1,2],7,0].
[[3,5,0,1,1,1,1,1,0],51,5].
[[3,8,1,1,1,0,2,3,0],11,27].
[[1,8,1,1,2,0,0,0,0],32,42].
[[3,6,1,1,2,0,0,0,0],7,1].
[[3,3,2,1,2,0,1,2,2],6,0].
[[1,9,2,1,2,0,2,1,0],8,25].
[[2,5,0,1,1,0,2,3,0],0,1].
[[3,5,0,1,1,0,2,3,0],8,1].
[[2,5,0,1,2,0,1,2,1],15,3].
[[2,6,0,0,0,0,2,3,1],1,7].
[[3,6,0,1,2,0,2,3,0],0,5].
[[3,9,1,1,1,1,1,2,2],4,40].
[[2,9,2,1,2,0,2,2,1],1,6].
[[3,8,0,1,2,0,2,2,1],1,6].
[[3,9,1,1,2,0,1,2,0],4,69].
[[2,6,1,1,2,0,0,0,0],16,4].
[[3,3,1,0,0,0,2,2,0],5,0].
[[1,5,0,1,2,1,1,1,1],17,1].
[[2,8,1,0,0,0,1,1,1],22,22].
[[3,8,0,1,2,0,2,2,2],0,30].
[[3,8,0,1,1,1,1,1,0],3,54].
[[3,6,1,1,1,0,1,2,1],1,0].
[[1,2,1,0,0,0,0,0,0],3,0].
[[2,2,1,1,2,1,0,0,0],3,0].
[[3,2,1,1,1,1,0,0,0],1,0].
[[3,9,2,1,2,0,2,2,0],1,66].
[[3,8,1,1,1,0,1,2,0],9,15].
[[3,8,0,1,1,0,2,1,0],0,10].
[[2,6,1,1,2,1,2,3,1],39,1].
[[2,9,1,1,2,0,1,2,0],0,28].
[[2,6,1,1,2,1,2,3,0],16,0].
[[3,3,2,1,2,1,2,3,0],8,0].
[[3,7,1,1,1,1,2,1,0],15,7].
[[3,9,2,1,1,0,2,1,0],0,5].
[[3,9,1,1,2,0,1,2,1],1,18].
[[1,7,2,1,2,1,2,1,2],17,7].
[[2,7,2,1,2,1,1,2,1],6,1].
[[3,7,2,1,1,1,1,2,1],2,2].
[[3,7,1,1,1,1,1,1,0],5,2].
[[2,9,2,1,1,0,2,1,0],0,5].
[[3,8,1,1,1,0,2,1,0],3,7].
[[2,6,1,0,0,0,2,1,1],6,0].
[[1,6,0,0,0,0,0,0,0],10,44].
[[2,6,0,0,0,0,2,3,0],1,6].
[[1,7,1,1,2,1,2,1,1],3,1].
[[2,5,0,1,1,1,2,1,0],10,0].
[[3,5,0,1,1,1,2,1,0],18,1].
[[2,9,1,1,2,0,1,1,0],1,11].
[[2,9,2,0,0,0,2,2,1],9,32].
[[3,8,1,0,0,0,2,1,2],27,22].
[[2,8,0,1,2,0,0,0,0],4,57].
[[3,7,0,1,2,0,0,0,0],0,13].
[[2,6,1,1,1,1,2,3,1],5,1].
[[1,5,0,1,2,1,1,1,0],7,0].
[[2,5,0,1,1,1,1,1,0],10,0].
[[3,8,0,1,2,1,1,1,1],3,4].
[[3,6,0,1,2,1,1,2,0],0,14].
[[3,5,0,0,0,0,2,3,0],43,1].
[[3,2,1,0,0,0,2,3,1],2,0].
[[1,8,1,1,2,0,2,2,0],8,9].
[[2,7,1,1,2,0,2,2,0],2,5].
[[3,7,2,1,1,0,2,2,0],3,1].
[[3,7,1,0,0,0,2,1,2],46,16].
[[3,8,0,1,2,0,2,3,0],4,137].
[[3,7,2,0,0,0,2,1,2],26,3].
[[3,6,0,0,0,0,2,3,1],0,9].
[[3,7,0,1,2,1,1,2,2],5,72].
[[1,9,2,0,0,0,1,1,1],11,10].
[[2,8,0,0,0,0,1,2,1],12,33].
[[3,7,2,1,2,0,1,2,1],8,1].
[[3,8,1,0,0,0,2,1,0],36,51].
[[3,2,1,0,0,0,0,0,0],3,0].
[[3,9,1,0,0,0,2,3,0],2,25].
[[3,7,1,1,2,0,1,2,1],47,11].
[[1,7,2,1,2,1,2,2,2],13,6].
[[2,7,2,1,1,1,0,0,0],3,1].
[[3,7,2,1,1,1,0,0,0],4,1].
[[1,6,1,0,0,0,2,2,1],19,2].
[[2,6,1,0,0,0,2,2,1],28,0].
[[3,6,1,0,0,0,2,2,1],16,0].
[[3,7,2,1,2,0,2,3,1],18,1].
[[3,8,0,1,2,1,2,2,1],3,32].
[[2,4,1,1,2,0,1,2,2],19,11].
[[3,7,1,0,0,0,1,1,1],8,8].
[[2,7,2,1,2,0,2,3,1],9,1].
[[2,6,1,0,0,0,1,2,1],19,1].
[[2,9,1,0,0,0,1,1,2],9,15].
[[2,9,2,1,2,0,2,2,2],3,38].
[[2,8,1,1,1,1,1,1,2],25,23].
[[1,5,0,1,2,1,2,3,0],17,2].
[[3,9,1,1,1,1,2,2,0],3,41].
[[3,8,1,1,2,0,2,3,2],20,8].
[[2,7,1,1,1,1,2,3,1],10,4].
[[3,3,1,1,1,1,2,3,1],5,0].
[[2,8,0,1,1,1,2,2,0],18,26].
[[3,7,0,1,1,1,2,1,0],1,10].
[[3,6,0,0,0,0,2,3,2],1,8].
[[2,8,1,1,1,1,2,1,1],3,5].
[[3,8,1,1,1,1,2,1,1],4,6].
[[3,6,0,1,1,1,0,0,0],0,3].
[[3,3,2,1,1,1,0,0,0],3,0].
[[2,5,0,0,0,0,2,1,0],32,3].
[[3,1,1,1,2,0,1,1,0],1,0].
[[3,9,2,1,1,1,1,1,2],7,71].
[[3,3,1,1,2,1,0,0,0],31,7].
[[2,8,0,1,1,1,1,1,2],9,13].
[[1,6,1,1,2,1,1,2,1],0,1].
[[2,6,1,1,2,1,1,1,1],2,1].
[[3,6,1,1,1,1,1,1,1],2,1].
[[3,5,0,0,0,0,2,1,0],21,1].
[[3,7,1,1,2,0,2,3,0],39,34].
[[1,6,1,0,0,0,2,3,1],38,3].
[[3,6,1,1,2,0,2,3,2],7,2].
[[1,5,0,0,0,0,2,1,0],29,0].
[[2,5,0,1,2,0,2,1,0],6,2].
[[1,8,1,1,2,1,1,1,1],8,5].
[[3,8,1,0,0,0,1,1,1],12,10].
[[1,5,0,1,2,1,1,2,1],10,1].
[[2,8,1,1,1,1,2,2,1],17,16].
[[1,7,2,1,2,0,2,2,2],3,1].
[[3,6,0,0,0,0,2,2,2],0,13].
[[3,7,0,1,1,1,2,3,2],1,10].
[[2,7,2,1,2,0,2,1,0],3,1].
[[3,7,2,1,1,0,2,1,0],2,2].
[[3,3,2,0,0,0,2,3,2],11,0].
[[3,9,1,1,2,0,2,3,0],1,23].
[[2,3,2,1,2,1,2,3,2],4,0].
[[3,3,2,1,1,1,2,3,2],3,0].
[[3,7,0,0,0,0,0,0,0],0,33].
[[2,5,0,1,2,1,1,1,0],29,7].
[[2,2,1,0,0,0,0,0,0],2,0].
[[3,2,1,0,0,0,2,2,2],3,0].
[[3,7,2,1,1,0,1,2,2],10,6].
[[3,7,2,0,0,0,2,2,0],19,0].
[[2,3,2,0,0,0,2,1,2],15,0].
[[3,3,2,0,0,0,2,1,2],10,0].
[[1,8,1,0,0,0,1,1,1],31,15].
[[1,8,0,0,0,0,2,2,1],17,21].
[[3,6,0,1,1,1,1,1,2],0,3].
[[2,6,1,1,2,1,2,2,1],11,1].
[[3,6,1,1,1,1,2,2,1],3,1].
[[3,9,2,1,1,0,1,2,2],0,33].
[[2,9,1,1,1,1,2,2,0],3,11].
[[3,8,0,1,2,0,2,1,2],2,27].
[[3,5,0,0,0,0,1,1,0],45,9].
[[1,7,2,1,2,1,1,2,2],13,4].
[[3,7,0,1,2,1,2,2,1],2,6].
[[3,6,1,0,0,0,2,3,2],25,1].
[[3,7,1,1,2,1,1,1,1],13,4].
[[2,6,1,1,2,0,1,2,1],1,1].
[[3,7,1,1,1,1,2,3,0],27,20].
[[1,8,1,1,2,1,1,2,0],15,8].
[[3,6,1,1,2,1,1,2,0],16,0].
[[2,6,1,1,2,1,1,1,2],8,0].
[[3,3,1,1,2,1,1,1,2],10,0].
[[2,8,0,0,0,0,1,1,1],4,4].
[[3,6,0,1,2,1,1,1,1],1,0].
[[3,9,0,1,1,1,1,1,0],0,7].
[[2,7,1,1,2,0,2,2,1],10,1].
[[3,8,1,1,1,0,2,2,2],4,4].
[[2,7,0,1,2,1,2,2,2],2,5].
[[3,6,0,1,1,1,2,3,1],0,2].
[[1,8,1,1,2,0,2,1,1],3,1].
[[2,7,2,1,1,0,1,1,2],1,0].
[[3,8,1,1,2,0,2,2,2],16,11].
[[3,8,1,1,1,0,1,2,1],14,20].
[[3,6,1,0,0,0,1,1,1],2,1].
[[1,9,2,1,2,0,2,2,2],14,34].
[[1,9,2,1,2,1,2,1,1],13,7].
[[2,7,2,1,1,1,1,2,2],6,4].
[[3,3,1,0,0,0,2,3,2],17,3].
[[1,9,2,1,1,1,1,2,0],6,9].
[[2,4,1,1,2,0,1,1,0],7,1].
[[3,3,2,1,2,0,2,3,1],7,0].
[[3,9,1,1,2,0,1,1,2],1,15].
[[2,9,2,1,2,0,2,3,2],4,26].
[[3,9,2,1,2,0,2,3,0],0,73].
[[2,9,2,1,2,0,2,1,2],3,31].
[[3,3,1,0,0,0,1,2,1],6,1].
[[2,7,1,1,1,1,2,2,2],7,4].
[[3,8,1,1,2,1,0,0,0],0,21].
[[3,6,1,1,2,0,2,1,2],14,0].
[[2,8,0,1,2,1,2,2,1],10,21].
[[3,6,1,1,1,1,2,2,0],10,2].
[[2,9,1,1,1,1,2,1,0],3,5].
[[3,9,0,1,1,1,1,1,2],0,2].
[[2,9,2,1,1,0,2,3,0],1,8].
[[3,9,1,1,1,0,2,2,0],1,7].
[[3,6,1,1,1,1,1,2,2],20,0].
[[2,7,0,0,0,0,1,2,2],0,5].
[[1,5,0,1,2,1,2,1,0],14,1].
[[1,8,0,1,2,1,1,1,1],0,1].
[[2,7,0,1,2,1,1,1,1],0,1].
[[3,7,0,1,2,1,1,1,1],1,1].
[[2,9,1,1,2,0,1,2,1],2,7].
[[3,9,1,1,1,0,1,2,1],0,5].
[[2,8,1,1,1,1,2,1,2],34,20].
[[3,7,1,1,1,1,2,1,2],20,19].
[[2,9,1,0,0,0,1,2,1],4,19].
[[3,6,1,0,0,0,1,2,1],25,0].
[[3,5,0,1,1,1,2,2,0],9,1].
[[2,3,1,0,0,0,2,2,1],3,1].
[[3,3,1,1,2,1,2,2,1],10,2].
[[3,8,0,1,2,0,0,0,0],0,34].
[[3,8,1,1,1,0,2,3,2],1,5].
[[2,7,0,1,2,1,1,2,2],2,6].
[[3,9,2,0,0,0,2,2,2],0,8].
[[2,9,1,1,2,1,1,2,2],6,30].
[[3,6,0,1,2,0,1,2,1],0,1].
[[3,9,2,1,2,0,2,3,1],1,15].
[[3,9,0,1,2,1,1,2,1],0,4].
[[1,5,0,0,0,0,1,1,0],13,5].
[[3,9,2,1,2,1,0,0,0],0,11].
[[2,7,0,0,0,0,2,3,2],2,13].
[[3,7,0,0,0,0,2,3,2],0,19].
[[2,5,0,1,2,1,2,2,0],9,0].
[[3,5,0,1,1,0,1,2,1],5,4].
[[2,9,1,0,0,0,2,3,0],14,26].
[[2,7,2,1,2,1,2,3,0],6,0].
[[3,8,1,0,0,0,0,0,0],0,13].
[[3,7,1,1,1,1,1,1,2],21,15].
[[2,9,1,1,2,0,2,2,0],0,11].
[[3,9,2,1,1,0,2,3,0],0,6].
[[2,8,0,1,1,1,2,1,2],8,16].
[[1,7,2,0,0,0,2,3,1],14,2].
[[2,3,2,1,2,1,2,3,1],2,0].
[[3,9,1,1,2,1,2,3,0],9,48].
[[3,3,1,1,2,1,2,2,0],8,0].
[[3,3,2,1,2,1,1,2,2],24,0].
[[3,8,0,1,2,0,2,3,1],5,29].
[[1,8,0,1,2,1,2,1,1],1,2].
[[2,7,1,1,2,1,2,1,1],11,4].
[[2,7,1,0,0,0,1,2,0],5,2].
[[2,7,0,1,2,1,2,3,1],1,6].
[[3,7,0,1,2,1,1,2,1],0,4].
[[3,5,0,1,2,1,2,2,0],34,0].
[[3,6,1,0,0,0,2,3,0],18,0].
[[1,8,0,1,2,1,1,1,0],2,3].
[[2,7,1,1,2,1,1,1,0],5,3].
[[3,9,2,1,1,0,2,2,0],0,8].
[[1,6,1,1,2,1,2,1,2],9,2].
[[2,7,1,1,2,1,2,1,0],16,10].
[[1,9,2,1,2,0,2,1,1],0,2].
[[2,9,2,1,2,0,2,1,1],0,3].
[[3,9,1,1,1,0,2,1,0],0,6].
[[1,7,2,0,0,0,2,2,0],6,1].
[[2,7,2,0,0,0,1,1,0],4,2].
[[2,8,1,0,0,0,2,1,1],23,17].
[[2,6,1,0,0,0,2,1,2],49,1].
[[3,3,1,0,0,0,2,1,2],13,2].
[[3,9,1,1,1,1,1,1,2],2,20].
[[2,7,1,1,1,1,1,2,1],2,2].
[[2,6,1,0,0,0,2,1,0],10,0].
[[2,7,2,1,2,0,2,3,0],8,0].
[[3,7,2,1,2,0,1,2,0],10,3].
[[2,8,1,1,1,0,2,3,0],0,9].
[[2,8,0,1,2,0,2,3,0],10,44].
[[3,8,0,1,1,0,2,3,0],0,14].
[[3,3,1,1,2,0,2,3,0],6,0].
[[2,7,1,0,0,0,2,1,0],16,6].
[[3,6,0,0,0,0,2,2,0],0,9].
[[2,7,2,1,1,1,2,1,2],7,1].
[[1,8,1,1,2,1,1,1,0],5,5].
[[2,7,0,1,2,1,2,3,2],0,9].
[[3,6,0,1,2,0,2,1,0],0,2].
[[2,6,0,0,0,0,2,2,2],1,17].
[[3,9,1,1,1,1,2,3,0],1,13].
[[2,8,1,1,1,1,1,1,0],6,2].
[[3,6,1,1,1,1,1,1,0],3,0].
[[1,8,1,1,2,0,1,1,2],9,7].
[[2,9,1,1,2,0,2,1,0],1,5].
[[3,9,1,1,2,0,2,1,0],2,24].
[[2,7,1,1,2,0,2,3,1],10,8].
[[3,6,0,1,2,1,1,1,0],1,2].
[[3,2,0,0,0,0,2,3,2],1,1].
[[2,9,1,1,2,1,2,1,0],1,31].
[[2,7,1,1,2,0,2,3,0],5,6].
[[3,7,0,0,0,0,2,3,1],1,15].
[[3,6,1,1,2,0,2,3,0],10,2].
[[1,9,2,1,1,1,1,2,1],5,3].
[[2,5,0,1,1,1,1,2,1],17,2].
[[3,8,1,1,1,1,0,0,0],0,6].
[[3,7,2,1,2,1,1,2,1],20,6].
[[1,7,2,1,2,0,1,1,2],4,0].
[[2,7,2,1,2,0,1,1,2],6,2].
[[3,7,2,0,0,0,0,0,0],9,1].
[[3,9,0,0,0,0,1,1,0],0,11].
[[3,8,0,1,1,0,2,3,1],0,4].
[[3,9,0,1,2,1,2,2,0],0,2].
[[2,6,0,0,0,0,2,2,0],0,8].
[[1,8,1,1,2,0,2,1,2],31,13].
[[2,9,1,1,1,1,1,2,1],3,6].
[[3,7,2,1,1,0,1,1,1],0,2].
[[3,8,1,1,1,0,1,1,0],2,17].
[[3,9,2,1,1,0,1,2,1],1,6].
[[3,3,2,1,2,0,2,2,2],8,0].
[[2,6,0,1,2,1,1,2,0],0,1].
[[2,4,1,1,2,0,1,1,2],12,2].
[[3,6,1,1,1,1,2,1,1],4,0].
[[3,7,2,1,1,1,2,3,0],6,0].
[[1,8,1,1,1,1,1,1,2],7,1].
[[2,1,1,1,2,0,1,1,2],1,0].
[[3,1,1,1,2,0,1,1,2],2,0].
[[3,3,1,0,0,0,2,2,2],14,0].
[[3,7,2,0,0,0,2,1,0],6,0].
[[3,9,2,1,2,0,2,2,2],1,4].
[[2,8,1,1,1,0,2,3,2],1,5].
[[2,7,2,1,1,1,2,3,2],6,2].
[[3,9,2,1,1,0,1,1,0],0,12].
[[3,3,2,0,0,0,2,3,1],7,0].
[[3,7,0,0,0,0,1,1,0],0,4].
[[2,7,0,1,2,1,0,0,0],3,32].
[[3,6,1,1,1,1,2,1,0],6,0].
[[1,7,2,0,0,0,2,3,0],6,0].
[[2,8,1,1,2,0,2,1,1],3,6].
[[1,5,0,0,0,0,2,2,0],7,0].
[[1,8,1,1,1,1,2,1,1],1,1].
[[2,7,2,1,1,1,1,1,2],3,0].
[[3,8,1,1,2,0,0,0,0],1,3].
[[2,9,1,1,2,0,1,1,2],2,4].
[[2,2,1,0,0,0,2,3,1],3,0].
[[3,2,1,0,0,0,1,2,1],1,0].
[[3,4,1,1,2,0,2,2,2],12,8].
[[2,6,1,1,1,1,0,0,0],7,0].
[[3,6,1,1,1,1,2,3,1],8,1].
[[3,4,1,1,2,0,2,1,0],31,2].
[[3,6,1,1,1,1,1,1,2],12,1].
[[2,6,1,1,2,1,1,2,1],9,0].
[[3,3,2,1,1,1,1,2,1],2,0].
[[3,9,2,1,2,1,2,2,2],0,13].
[[3,6,0,1,2,1,2,1,0],0,16].
[[3,6,1,1,2,1,2,1,0],15,0].
[[3,3,2,0,0,0,0,0,0],5,0].
[[2,7,2,1,2,0,2,1,2],15,7].
[[1,7,1,0,0,0,2,3,0],4,3].
[[3,7,2,1,2,0,2,3,2],20,4].
[[3,9,0,0,0,0,1,2,0],0,11].
[[3,3,2,1,2,1,2,3,1],7,0].
[[2,6,1,1,2,1,1,2,0],2,0].
[[3,6,1,1,1,1,1,2,0],8,0].
[[2,9,2,1,1,0,1,1,2],2,8].
[[3,6,0,1,2,1,2,2,2],0,15].
[[3,3,2,0,0,0,1,1,2],6,0].
[[2,8,0,1,2,1,1,1,1],1,2].
[[3,7,0,0,0,0,2,1,0],0,13].
[[3,7,2,1,1,0,1,1,2],6,5].
[[3,9,2,1,2,0,2,1,1],0,2].
[[2,7,0,0,0,0,1,1,2],1,4].
[[2,9,1,1,1,1,1,2,2],6,7].
[[3,3,1,1,2,0,2,2,2],12,0].
[[2,6,1,1,1,1,2,1,2],5,0].
[[2,3,2,0,0,0,2,3,1],3,0].
[[3,3,2,0,0,0,2,2,0],1,0].
[[3,7,1,0,0,0,1,1,0],12,0].
[[3,7,1,1,1,1,2,1,1],0,1].
[[2,8,1,1,1,0,2,3,1],3,12].
[[3,7,1,1,1,0,2,3,1],4,7].
[[2,6,0,1,2,1,0,0,0],8,21].
[[2,6,1,0,0,0,2,3,2],47,6].
[[2,7,1,1,1,1,1,1,2],2,1].
[[2,9,2,1,1,0,1,2,2],3,7].
[[3,6,0,0,0,0,2,1,2],0,13].
[[2,7,1,1,1,1,2,3,0],4,1].
[[2,8,1,1,1,0,1,1,2],2,3].
[[3,4,0,1,2,0,1,1,2],0,4].
[[3,7,2,1,2,1,2,2,0],38,1].
[[2,8,1,1,1,0,2,1,2],2,2].
[[2,7,0,0,0,0,2,3,0],0,8].
[[3,6,0,1,2,1,2,1,2],0,12].
[[3,7,2,1,2,0,2,3,0],16,0].
[[2,7,2,1,2,1,2,3,1],24,5].
[[1,5,0,0,0,0,1,1,1],38,6].
[[1,7,1,0,0,0,1,2,2],1,2].
[[2,7,1,1,2,0,1,1,2],5,5].
[[1,6,1,0,0,0,2,2,0],9,0].
[[1,8,1,1,1,1,2,2,1],12,3].
[[2,8,1,1,1,1,1,1,1],7,2].
[[2,7,1,1,2,0,2,3,2],17,9].
[[3,7,0,1,2,0,2,3,1],0,3].
[[3,7,1,1,1,1,1,1,1],6,1].
[[3,6,1,1,2,1,2,2,1],23,6].
[[3,8,1,1,2,1,2,1,1],2,9].
[[3,4,1,1,2,0,2,1,1],2,2].
[[1,7,2,0,0,0,1,1,2],13,18].
[[3,7,2,1,2,1,1,1,1],0,4].
[[1,7,2,1,2,0,1,2,2],2,1].
[[2,3,2,1,2,0,1,2,2],1,0].
[[3,3,2,1,1,0,1,2,0],1,0].
[[1,8,1,1,2,0,1,1,1],3,4].
[[2,8,1,1,1,0,1,1,1],2,1].
[[3,7,1,1,1,0,1,1,1],2,0].
[[2,7,1,1,2,0,1,2,2],10,8].
[[2,6,1,1,2,0,2,2,1],1,1].
[[3,6,1,1,2,0,1,1,2],9,0].
[[3,6,0,1,2,1,0,0,0],0,31].
[[1,5,0,1,1,1,1,1,2],3,0].
[[2,4,1,1,2,0,2,2,2],7,0].
[[2,9,1,1,2,0,2,3,0],3,3].
[[2,3,1,1,2,1,2,3,1],2,0].
[[3,7,2,1,2,1,1,1,0],4,2].
[[2,7,2,0,0,0,1,1,1],0,2].
[[2,6,1,1,2,0,2,3,2],5,1].
[[3,6,1,1,1,0,2,3,0],1,2].
[[2,3,2,0,0,0,2,3,2],15,0].
[[3,4,1,1,2,0,2,3,1],19,3].
[[2,6,0,1,2,1,1,1,0],0,1].
[[3,6,0,0,0,0,1,2,0],0,7].
[[1,8,1,1,1,1,2,3,2],20,10].
[[3,9,2,1,1,1,2,1,1],0,1].
[[3,9,2,1,2,0,0,0,0],0,1].
[[3,3,1,1,1,1,2,1,1],1,0].
[[2,8,0,1,2,0,1,1,2],6,18].
[[3,7,1,1,1,0,2,2,0],3,4].
[[3,7,2,1,1,1,2,2,0],4,0].
[[2,6,1,0,0,0,1,1,1],3,1].
[[3,6,0,1,2,0,2,3,2],0,3].
[[3,7,0,1,1,1,2,2,2],1,8].
[[3,9,0,1,2,0,1,1,0],0,9].
[[3,6,1,1,1,0,2,1,2],1,0].
[[1,6,1,0,0,0,2,3,0],6,0].
[[2,6,1,0,0,0,2,3,0],19,0].
[[2,7,0,1,2,1,2,2,0],2,7].
[[3,7,0,1,1,1,1,1,0],0,4].
[[3,6,1,1,2,0,2,2,2],11,1].
[[2,7,0,1,2,1,1,2,0],0,2].
[[3,1,1,1,2,0,1,2,0],2,0].
[[3,6,1,1,1,1,2,3,0],6,0].
[[3,3,2,0,0,0,1,2,2],15,0].
[[2,9,2,1,1,1,2,3,2],10,28].
[[2,8,0,1,1,1,2,1,1],1,0].
[[2,7,1,1,2,1,1,1,1],5,1].
[[3,3,2,1,2,1,1,1,2],10,0].
[[2,6,0,1,2,1,2,2,2],1,8].
[[2,7,2,1,2,0,1,2,1],2,0].
[[3,7,2,1,1,0,1,2,0],3,0].
[[3,3,2,1,1,1,2,1,2],4,0].
[[3,3,1,1,2,1,2,1,0],3,0].
[[3,7,2,1,1,1,2,1,0],1,2].
[[3,3,1,1,2,1,2,3,2],24,5].
[[3,3,1,0,0,0,2,2,1],8,1].
[[2,7,1,1,2,0,2,1,0],1,2].
[[3,9,0,1,2,1,1,1,0],0,22].
[[1,6,1,0,0,0,1,1,1],1,0].
[[2,3,1,0,0,0,2,3,1],6,1].
[[3,3,1,0,0,0,2,3,1],17,0].
[[3,5,0,1,2,0,2,2,0],7,0].
[[2,8,1,1,2,0,1,1,0],5,13].
[[1,8,0,0,0,0,1,2,1],4,5].
[[2,9,1,1,1,0,1,2,1],0,2].
[[3,3,1,0,0,0,1,2,2],11,2].
[[3,9,2,1,2,0,2,1,2],0,6].
[[1,9,2,1,2,0,1,1,0],2,8].
[[3,6,1,0,0,0,2,2,2],20,0].
[[2,7,1,1,1,1,2,1,2],5,2].
[[3,7,0,1,2,0,2,2,2],1,5].
[[3,7,0,1,1,1,1,2,2],2,13].
[[3,7,2,0,0,0,1,2,1],12,3].
[[2,6,1,1,1,1,2,3,2],7,1].
[[3,4,1,1,2,0,2,3,2],11,5].
[[3,3,2,1,2,1,2,3,2],15,0].
[[1,8,1,1,1,1,2,1,2],10,5].
[[3,4,1,1,2,0,0,0,0],3,2].
[[3,8,0,1,1,0,1,1,2],0,11].
[[3,6,1,1,1,1,1,2,1],8,0].
[[2,7,2,0,0,0,1,2,1],8,2].
[[1,3,2,0,0,0,1,2,2],2,0].
[[2,3,2,0,0,0,1,2,2],6,0].
[[3,6,0,0,0,0,2,3,0],0,11].
[[3,8,0,1,1,0,2,3,2],0,6].
[[3,3,2,1,2,1,1,1,1],2,0].
[[3,7,0,1,2,0,1,1,2],0,8].
[[1,6,1,1,2,1,2,3,1],7,0].
[[3,6,1,1,1,1,2,1,2],6,0].
[[2,7,1,0,0,0,1,1,1],7,5].
[[3,3,2,1,2,0,2,1,2],10,0].
[[3,7,2,1,2,0,1,1,1],0,2].
[[3,8,0,0,0,0,2,1,1],1,3].
[[3,7,2,1,1,1,1,1,1],0,1].
[[3,3,1,1,1,1,1,2,1],1,0].
[[1,5,0,1,1,1,1,1,0],1,0].
[[2,4,1,1,2,0,2,3,2],8,3].
[[2,3,1,0,0,0,2,3,2],9,0].
[[1,8,1,1,2,0,2,1,0],4,5].
[[3,2,1,1,2,1,2,2,2],3,0].
[[3,8,1,1,1,0,1,1,1],0,4].
[[3,8,1,1,1,1,1,1,1],9,5].
[[3,6,0,1,2,0,2,3,1],0,5].
[[3,3,1,1,2,0,2,2,1],2,0].
[[3,6,1,1,1,0,2,2,1],0,1].
[[1,7,1,1,2,1,2,3,2],15,3].
[[2,3,1,0,0,0,2,1,2],10,0].
[[3,3,1,1,2,0,2,1,2],9,0].
[[3,9,0,1,1,0,1,1,2],0,1].
[[2,3,2,1,2,0,2,3,2],2,0].
[[3,3,2,1,1,0,2,3,2],2,0].
[[1,7,2,1,2,1,1,1,2],5,2].
[[3,7,2,1,2,1,2,1,0],12,0].
[[2,6,1,1,2,1,2,1,0],7,0].
[[3,6,1,1,2,1,1,1,0],6,1].
[[1,8,1,1,1,1,1,2,2],10,1].
[[3,9,1,0,0,0,1,1,2],2,13].
[[2,8,0,1,2,1,2,1,1],0,6].
[[3,8,0,1,1,0,2,2,2],0,3].
[[3,7,1,1,2,0,1,1,1],2,2].
[[3,2,1,0,0,0,1,2,2],2,0].
[[2,7,0,0,0,0,2,1,0],2,2].
[[3,7,0,0,0,0,1,2,1],0,5].
[[3,7,0,1,1,1,2,1,2],0,4].
[[1,6,1,1,2,1,2,2,2],9,0].
[[3,3,1,0,0,0,2,1,1],2,0].
[[1,5,0,1,2,0,2,3,0],4,1].
[[2,5,0,1,1,0,1,2,1],0,1].
[[3,8,1,1,1,0,2,1,2],2,4].
[[3,9,2,1,1,1,1,1,1],2,4].
[[2,3,1,1,2,1,2,2,2],3,0].
[[3,7,0,0,0,0,1,2,0],0,7].
[[2,7,2,0,0,0,2,2,0],16,0].
[[2,6,1,0,0,0,1,2,2],20,0].
[[2,6,1,1,1,1,1,2,2],3,0].
[[3,7,1,1,1,1,2,2,1],10,5].
[[3,6,1,1,1,0,1,1,2],2,1].
[[2,6,1,1,1,1,2,2,0],1,0].
[[2,6,0,1,2,1,2,2,0],1,4].
[[3,3,1,1,1,1,2,2,0],1,1].
[[1,8,1,1,2,0,1,1,0],2,1].
[[2,9,2,1,1,0,2,3,2],0,5].
[[2,6,1,1,2,0,2,2,2],6,1].
[[3,7,0,1,2,0,2,1,0],0,4].
[[2,5,0,1,1,1,2,3,0],11,1].
[[2,7,1,1,1,1,2,2,0],3,0].
[[2,6,1,1,2,0,2,3,0],4,2].
[[3,7,0,1,2,0,1,2,0],0,4].
[[3,7,1,1,1,0,2,2,2],5,7].
[[3,3,1,1,2,0,2,3,1],10,1].
[[2,9,1,1,2,0,2,2,1],0,1].
[[3,9,0,1,2,0,2,1,0],0,1].
[[2,9,1,1,2,0,1,2,2],1,6].
[[3,9,1,1,1,0,1,2,2],1,4].
[[3,6,0,1,1,1,2,2,0],2,7].
[[3,3,1,1,1,1,2,3,0],2,0].
[[3,7,0,1,2,0,2,1,2],0,3].
[[3,7,1,1,1,0,1,2,0],1,4].
[[2,6,0,1,2,1,1,2,2],0,2].
[[3,2,0,1,2,1,1,2,2],0,1].
[[3,6,1,1,2,0,1,1,0],2,1].
[[3,7,0,1,1,1,1,1,2],0,8].
[[1,3,2,0,0,0,2,3,2],2,0].
[[2,6,1,1,1,1,1,1,0],1,0].
[[1,8,1,1,2,0,1,2,0],2,1].
[[2,7,0,1,2,1,2,1,1],1,0].
[[3,7,0,1,1,1,1,2,1],2,2].
[[3,3,2,1,2,0,0,0,0],7,0].
[[2,9,1,1,1,0,1,1,2],0,1].
[[3,9,1,1,2,1,0,0,0],0,1].
[[2,4,1,1,2,0,2,1,2],4,1].
[[1,8,1,1,1,1,2,1,0],5,1].
[[3,7,0,1,1,1,1,2,0],0,6].
[[2,9,2,0,0,0,1,1,1],3,3].
[[3,8,0,1,2,1,2,1,1],0,7].
[[1,5,0,1,2,0,1,2,1],1,0].
[[2,3,2,1,2,1,2,2,2],6,0].
[[3,9,0,0,0,0,1,2,1],0,2].
[[2,5,0,1,2,0,1,2,2],5,0].
[[1,7,2,1,2,1,2,3,1],4,0].
[[3,8,0,0,0,0,2,2,1],0,12].
[[3,3,1,1,1,1,2,2,2],4,1].
[[3,7,2,1,2,0,2,2,0],10,2].
[[3,9,2,1,1,0,2,1,2],0,1].
[[1,7,1,0,0,0,2,1,0],2,1].
[[2,7,2,1,2,1,2,2,0],6,0].
[[3,9,0,1,1,0,1,1,0],0,3].
[[1,6,0,0,0,0,2,1,0],1,2].
[[1,8,0,1,2,1,2,2,1],2,6].
[[3,6,0,1,1,1,2,1,2],0,4].
[[3,7,0,1,2,0,1,1,0],0,3].
[[2,3,2,1,2,1,1,2,2],4,0].
[[1,5,0,1,2,1,1,2,0],7,0].
[[1,6,1,0,0,0,1,2,1],5,0].
[[2,2,1,0,0,0,1,2,1],1,0].
[[3,2,1,1,2,1,1,2,1],1,0].
[[2,7,1,1,2,0,2,1,1],3,1].
[[3,7,0,1,2,0,1,2,1],0,3].
[[2,3,1,1,2,1,2,3,2],2,1].
[[3,6,0,0,0,0,1,1,2],0,9].
[[3,9,0,1,1,0,1,2,0],0,1].
[[2,8,1,1,1,0,2,2,0],0,6].
[[1,8,0,0,0,0,1,1,0],3,9].
[[1,9,2,1,2,0,2,2,1],2,4].
[[3,7,2,0,0,0,2,3,0],5,2].
[[2,7,2,1,1,1,2,2,2],6,2].
[[2,8,0,1,2,0,2,2,1],3,1].
[[3,2,1,1,2,1,2,2,0],1,0].
[[3,7,0,1,1,1,2,3,0],0,11].
[[2,9,1,1,2,1,2,2,1],0,1].
[[3,9,1,1,1,1,2,2,1],0,1].
[[2,6,1,1,2,0,2,2,0],3,0].
[[3,6,1,1,2,0,1,2,0],2,1].
[[2,9,2,1,1,0,2,2,2],0,3].
[[2,4,1,1,2,0,2,1,1],0,1].
[[2,9,1,1,1,1,1,1,2],3,2].
[[1,6,1,1,2,1,2,3,0],5,0].
[[3,7,1,1,1,0,1,2,1],2,2].
[[2,8,1,1,1,0,2,2,2],4,2].
[[2,9,1,1,1,1,2,3,0],1,3].
[[3,9,0,1,2,1,2,1,0],0,2].
[[3,9,2,1,1,1,2,1,2],0,6].
[[1,8,0,1,2,1,1,2,1],2,0].
[[3,9,2,1,2,0,2,2,1],1,3].
[[1,8,0,0,0,0,1,1,1],1,2].
[[3,7,2,1,2,0,0,0,0],4,0].
[[2,9,2,1,2,1,2,1,1],6,7].
[[2,8,0,1,1,1,1,2,1],3,3].
[[1,8,1,1,1,1,1,1,0],1,0].
[[2,7,2,1,1,0,2,3,2],0,1].
[[3,7,2,1,1,0,2,3,1],1,3].
[[3,5,0,1,1,0,2,1,0],0,2].
[[2,7,2,0,0,0,2,1,0],6,2].
[[3,8,1,1,1,0,2,1,1],0,3].
[[2,6,0,0,0,0,2,1,0],3,5].
[[2,7,0,1,2,1,2,2,1],0,2].
[[2,6,1,1,1,1,1,1,2],1,0].
[[3,3,1,1,2,0,1,2,2],5,0].
[[2,4,1,1,2,0,1,1,1],4,0].
[[2,9,2,1,1,0,1,1,0],0,4].
[[3,2,1,1,2,0,2,3,0],1,0].
[[3,6,0,1,1,1,1,2,1],1,2].
[[2,5,0,1,1,0,1,1,1],3,1].
[[2,7,2,1,1,1,2,3,1],1,0].
[[3,8,1,1,1,0,2,2,1],1,7].
[[3,6,0,1,2,0,2,2,2],0,2].
[[2,8,1,1,1,0,1,2,1],3,4].
[[3,4,1,1,2,0,2,2,1],4,1].
[[3,3,1,1,2,1,2,3,0],9,0].
[[2,6,0,1,2,1,2,1,0],0,5].
[[3,6,0,1,1,1,2,1,0],0,2].
[[2,6,0,1,2,1,1,1,2],1,2].
[[2,2,1,0,0,0,2,2,1],1,0].
[[3,2,1,1,2,1,2,2,1],1,0].
[[2,3,2,0,0,0,0,0,0],13,0].
[[1,5,0,1,2,1,2,2,0],4,0].
[[2,5,0,1,1,1,2,2,0],3,1].
[[3,9,0,1,1,0,2,2,0],0,3].
[[2,6,1,1,2,0,1,2,2],4,2].
[[3,6,1,1,1,0,1,2,2],3,1].
[[3,3,0,1,2,1,0,0,0],0,1].
[[1,7,1,0,0,0,1,2,1],3,1].
[[3,7,1,1,1,0,0,0,0],1,4].
[[2,6,1,1,2,0,1,1,2],5,0].
[[2,9,1,1,1,1,1,1,0],3,7].
[[3,8,0,1,2,0,2,1,1],0,3].
[[2,6,1,0,0,0,1,1,0],1,0].
[[2,6,0,1,2,1,2,3,1],1,6].
[[2,9,2,1,1,0,1,2,1],0,3].
[[3,9,1,1,1,0,1,1,2],0,2].
[[3,7,1,1,1,0,2,3,0],2,4].
[[1,5,0,1,2,0,1,1,2],8,1].
[[1,3,2,0,0,0,2,1,2],2,0].
[[1,5,0,1,2,0,1,1,1],2,1].
[[1,7,1,1,2,1,2,1,2],2,2].
[[3,9,2,0,0,0,2,2,1],0,2].
[[3,9,0,1,1,1,1,2,1],0,2].
[[2,3,2,0,0,0,2,3,0],1,0].
[[3,3,2,1,2,0,1,2,0],1,0].
[[2,8,1,1,1,0,1,1,0],0,1].
[[3,8,1,1,2,0,2,1,1],0,5].
[[2,7,1,1,1,1,2,1,0],2,1].
[[3,9,1,1,1,0,1,1,0],0,5].
[[3,7,2,0,0,0,1,1,1],0,6].
[[1,7,2,1,2,1,1,2,1],0,1].
[[2,7,2,1,1,1,1,1,0],0,1].
[[3,7,2,1,1,1,1,1,0],2,2].
[[1,7,2,1,2,0,2,3,0],1,0].
[[3,7,0,1,2,0,2,3,0],1,4].
[[3,3,2,0,0,0,2,1,0],2,0].
[[2,7,2,1,2,1,1,1,0],1,1].
[[2,7,1,0,0,0,1,1,0],2,1].
[[3,6,1,1,1,0,2,3,1],1,1].
[[2,9,2,1,2,1,1,1,1],3,5].
[[3,2,1,1,1,1,2,3,2],2,0].
[[2,3,1,1,2,1,2,3,0],1,0].
[[3,7,2,1,2,0,1,1,0],4,0].
[[3,3,1,1,2,1,2,1,1],2,0].
[[3,7,0,1,2,0,2,2,1],0,3].
[[3,9,1,1,2,0,2,1,1],0,1].
[[3,6,1,0,0,0,1,1,0],4,1].
[[3,7,2,1,1,1,2,3,1],2,1].
[[3,3,1,1,2,1,1,2,1],4,0].
[[2,8,1,1,1,0,2,1,0],1,1].
[[3,9,0,1,2,1,1,1,2],0,2].
[[3,3,2,1,1,0,2,1,0],1,0].
[[3,8,1,0,0,0,2,1,1],3,3].
[[2,9,1,1,1,0,1,1,0],0,2].
[[3,9,0,0,0,0,1,1,2],0,1].
[[3,3,0,0,0,0,0,0,0],0,2].
[[2,7,0,0,0,0,2,3,1],0,4].
[[2,9,2,1,1,0,2,3,1],1,5].
[[3,8,0,1,2,0,1,1,1],1,1].
[[2,7,2,1,1,0,1,2,2],2,1].
[[3,7,0,0,0,0,2,1,1],0,1].
[[3,3,2,1,1,1,1,2,2],3,0].
[[3,3,0,1,2,1,2,1,2],0,1].
[[3,3,0,0,0,0,2,2,2],0,1].
[[2,5,0,1,1,0,1,1,2],2,3].
[[3,3,1,1,1,1,1,2,2],2,0].
[[2,7,2,1,2,0,2,2,0],3,0].
[[3,3,2,1,1,0,2,1,2],3,0].
[[3,9,1,0,0,0,0,0,0],0,1].
[[2,4,1,1,2,0,0,0,0],3,1].
[[2,7,2,0,0,0,1,2,0],4,0].
[[3,7,2,0,0,0,1,2,0],7,0].
[[1,7,1,1,2,1,2,1,0],2,0].
[[3,3,2,1,1,1,2,3,1],2,0].
[[3,6,0,1,2,0,2,2,0],0,4].
[[3,3,2,1,1,1,1,1,2],2,0].
[[2,7,0,1,2,1,1,1,2],0,1].
[[3,2,1,1,2,1,2,3,1],2,0].
[[1,3,2,0,0,0,1,1,2],1,0].
[[2,3,2,0,0,0,1,1,2],4,0].
[[1,7,1,1,2,1,2,2,0],1,0].
[[2,6,1,1,2,1,2,1,1],2,0].
[[3,6,1,0,0,0,2,1,1],3,0].
[[3,9,2,1,2,1,1,1,1],1,3].
[[3,7,2,1,1,1,1,2,0],3,1].
[[1,7,1,0,0,0,1,1,1],1,0].
[[2,7,2,1,2,1,2,1,0],2,0].
[[3,3,2,1,2,0,1,1,2],6,0].
[[2,3,1,0,0,0,1,2,1],1,0].
[[3,7,0,1,1,1,2,2,1],0,1].
[[1,7,2,1,2,0,2,1,2],2,1].
[[2,3,2,1,2,0,2,1,2],2,0].
[[2,3,1,1,2,1,2,2,1],2,0].
[[2,2,1,1,2,1,2,3,2],1,0].
[[3,2,1,1,2,1,1,2,2],3,0].
[[2,7,0,0,0,0,2,2,1],1,0].
[[3,6,1,1,1,0,0,0,0],2,0].
[[3,6,0,1,2,0,1,1,2],0,2].
[[2,8,0,1,2,0,2,1,1],0,2].
[[3,8,0,1,1,0,2,1,1],0,1].
[[3,7,1,1,1,0,2,1,0],0,1].
[[3,6,1,0,0,0,2,1,0],4,1].
[[2,6,0,0,0,0,1,1,0],0,1].
[[3,6,0,1,2,0,1,1,0],0,1].
[[3,6,1,1,1,0,2,3,2],2,0].
[[3,6,1,1,2,0,2,1,1],1,0].
[[3,7,2,1,1,0,2,3,0],1,2].
[[3,2,1,0,0,0,2,3,2],2,0].
[[2,7,2,1,1,1,2,2,0],0,1].
[[3,3,1,1,2,1,1,1,1],1,0].
[[2,9,2,1,1,1,1,1,1],0,1].
[[3,8,0,1,1,1,1,1,1],0,3].
[[2,6,0,0,0,0,1,2,0],0,2].
[[2,8,1,1,1,0,0,0,0],0,2].
[[1,5,0,1,2,0,1,2,0],1,0].
[[3,7,2,1,1,0,0,0,0],1,1].
[[1,5,0,1,1,1,2,1,0],1,0].
[[3,3,1,1,1,1,2,1,2],1,0].
[[1,3,2,0,0,0,2,2,2],3,0].
[[2,6,0,1,2,1,1,2,1],2,1].
[[3,3,1,1,1,1,1,1,2],1,0].
[[2,2,0,0,0,0,0,0,0],0,1].
[[3,2,0,1,2,1,2,3,1],0,1].
[[1,6,0,0,0,0,2,3,1],1,2].
[[2,9,1,1,1,0,2,2,0],0,2].
[[3,7,2,1,1,0,1,1,0],0,1].
[[3,3,1,0,0,0,2,1,0],1,0].
[[1,6,0,0,0,0,2,2,2],0,3].
[[1,6,1,1,2,1,1,2,2],1,0].
[[3,6,0,1,2,1,1,2,1],0,1].
[[3,6,1,1,1,1,0,0,0],1,0].
[[1,6,1,0,0,0,1,2,2],1,0].
[[1,5,0,1,1,1,1,1,1],1,0].
[[3,1,1,1,2,0,1,1,1],1,0].
[[3,6,0,0,0,0,2,2,1],0,1].
[[1,7,2,0,0,0,2,1,0],3,0].
[[1,6,0,0,0,0,2,2,0],0,1].
[[2,4,1,1,2,0,2,2,1],1,0].
[[1,7,1,0,0,0,1,1,2],1,0].
[[2,9,1,1,1,0,2,3,0],0,1].
[[3,9,1,1,1,0,2,3,0],0,5].
[[2,7,2,1,1,1,2,3,0],2,0].
[[3,3,2,1,1,1,2,3,0],2,0].
[[2,7,2,1,2,1,1,2,0],0,1].
[[1,5,0,1,2,0,2,1,0],0,1].
[[1,7,1,1,2,1,1,2,2],1,0].
[[3,4,0,1,2,0,2,3,1],0,1].
[[2,3,1,0,0,0,2,2,0],1,0].
[[3,3,1,1,2,0,2,2,0],1,1].
[[3,9,2,1,2,0,1,1,1],1,0].
[[1,7,2,1,2,0,2,3,1],1,0].
[[2,7,2,1,2,1,1,1,1],0,1].
[[1,6,0,0,0,0,2,1,1],0,1].
[[2,6,0,1,2,1,2,1,1],0,1].
[[3,6,0,1,1,1,2,1,1],0,1].
[[3,2,1,1,2,1,0,0,0],1,0].
[[3,6,0,1,1,1,1,1,0],0,1].
[[1,7,2,0,0,0,1,2,1],1,1].
[[1,7,2,1,2,1,2,3,0],1,0].
[[3,8,0,0,0,0,1,1,1],0,2].
[[1,5,0,1,1,1,1,2,0],1,0].
[[3,3,1,1,2,0,2,1,0],1,0].
[[3,3,1,1,2,0,1,1,1],1,0].
[[2,9,2,1,2,0,1,1,1],0,1].
[[3,9,2,1,1,0,1,1,1],0,1].
[[3,6,0,1,2,1,2,2,1],0,4].
[[3,6,0,1,2,0,1,2,0],0,1].
[[1,8,1,1,1,1,1,1,1],1,0].
[[3,3,2,1,2,1,2,2,0],3,0].
[[3,9,1,1,2,1,2,2,1],1,0].
[[2,9,1,0,0,0,0,0,0],1,0].
[[3,7,1,1,1,0,2,1,1],0,2].
[[1,5,0,1,1,1,2,3,0],2,1].
[[2,9,2,1,1,0,2,2,1],0,1].
[[3,8,0,1,1,0,2,2,1],0,1].
[[2,8,1,1,1,0,2,1,1],0,1].
[[1,6,1,0,0,0,1,1,2],1,0].
[[3,3,2,1,2,0,1,2,1],1,0].
[[2,3,2,1,2,0,1,1,2],1,0].
[[3,2,1,0,0,0,1,1,1],1,0].
[[3,3,2,1,1,0,2,3,1],1,0].
[[3,9,2,1,2,1,2,1,1],0,2].
[[3,7,0,1,2,1,2,1,1],0,1].
[[3,9,2,1,1,0,2,3,1],0,2].
[[1,6,1,1,2,1,2,2,1],0,1].
[[2,2,1,0,0,0,2,2,2],1,0].
[[2,9,1,1,1,1,2,2,1],0,1].
[[3,9,0,1,1,1,2,1,0],0,2].
[[3,9,0,1,2,0,2,2,0],0,1].
[[2,6,1,1,2,0,1,1,0],0,1].
[[1,7,1,1,2,1,2,3,0],1,1].
[[3,7,1,1,1,0,1,1,0],1,0].
[[3,6,1,1,2,0,1,1,1],2,1].
[[3,2,1,1,2,1,2,3,2],1,0].
[[2,6,0,0,0,0,2,1,1],1,0].
[[3,7,0,1,1,1,2,3,1],0,3].
[[1,6,1,1,2,1,2,2,0],1,0].
[[2,6,1,1,2,1,1,1,0],1,0].
[[2,6,1,1,1,1,1,2,0],2,0].
[[3,2,0,0,0,0,2,1,0],1,0].
[[3,4,0,1,2,0,2,3,0],0,1].
[[1,7,2,1,2,1,2,2,0],1,0].
[[3,3,2,1,1,0,1,2,2],2,0].
[[1,6,0,0,0,0,2,3,0],1,0].
[[2,9,1,1,2,1,2,1,1],0,1].
[[2,9,2,1,1,1,2,1,1],0,2].
[[3,3,2,1,1,1,2,2,2],1,0].
[[3,4,0,1,2,0,2,1,2],0,1].
[[3,3,2,1,2,1,1,2,0],1,0].
[[2,5,0,1,1,0,1,2,0],0,1].
[[3,7,0,1,2,0,1,1,1],1,0].
[[3,2,1,1,2,1,2,3,0],1,0].
[[2,2,1,0,0,0,2,1,2],2,0].
[[3,4,0,1,2,0,2,3,2],0,1].
[[2,7,2,1,1,0,0,0,0],0,1].
[[3,2,0,1,2,1,0,0,0],0,1].
[[3,8,0,1,1,1,2,1,1],0,1].
[[2,6,0,0,0,0,2,2,1],0,1].
[[2,9,1,1,1,1,0,0,0],1,0].
[[3,9,2,0,0,0,1,1,1],1,0].
[[3,3,1,1,2,1,1,1,0],1,0].
[[2,7,0,0,0,0,1,1,0],0,1].
[[3,6,0,1,1,1,1,2,0],0,2].
[[3,7,2,1,1,0,1,2,1],0,1].
[[3,4,0,1,2,0,1,2,2],0,2].
[[3,3,2,1,2,1,1,2,1],1,0].
[[3,2,0,1,2,1,1,2,1],0,1].
[[3,2,1,1,2,0,2,2,1],1,0].
[[2,7,2,1,1,0,2,2,2],1,0].
[[3,3,2,1,1,0,2,2,2],1,0].
[[2,6,1,1,1,1,2,1,0],1,0].
[[3,4,0,1,2,0,2,2,0],0,1].
[[1,6,0,0,0,0,2,2,1],0,1].
[[2,6,0,0,0,0,1,2,1],0,1].
[[2,6,1,1,2,0,2,1,1],1,0].
[[3,7,0,0,0,0,1,1,1],0,1].
