total_WL(7086,4856).
[[1,8,0,0,0,0,2,3,0],39,23].
[[2,7,0,0,0,0,2,3,0],5,3].
[[3,7,0,1,2,0,2,3,0],8,7].
[[1,7,2,0,0,0,1,2,1],10,0].
[[2,7,2,0,0,0,1,2,1],13,1].
[[3,7,2,0,0,0,1,2,1],13,2].
[[1,8,0,1,2,2,2,1,1],27,29].
[[2,8,0,1,2,2,2,1,1],34,43].
[[3,8,0,1,1,0,2,1,1],1,5].
[[1,9,2,0,0,0,1,2,1],109,100].
[[2,5,0,1,2,2,1,1,1],22,4].
[[3,5,0,1,2,2,1,1,1],60,10].
[[1,7,1,1,2,2,2,1,1],12,3].
[[2,7,1,1,1,2,2,1,1],7,2].
[[3,7,1,1,1,2,2,1,1],37,13].
[[1,8,1,0,0,0,0,0,0],355,141].
[[2,7,1,0,0,0,0,0,0],51,22].
[[3,7,1,1,2,0,2,1,1],30,5].
[[1,8,1,0,0,0,2,2,0],72,22].
[[2,8,1,0,0,0,2,2,0],67,30].
[[3,8,1,1,2,0,1,1,0],19,19].
[[1,9,2,1,1,2,2,3,1],98,44].
[[2,8,0,1,1,2,2,3,1],49,25].
[[3,7,0,1,1,2,2,3,1],16,5].
[[1,9,2,1,2,2,1,2,1],104,102].
[[2,9,1,1,2,2,1,2,1],62,100].
[[3,8,0,1,2,2,1,2,1],69,104].
[[1,7,1,1,2,2,2,3,1],9,2].
[[2,7,1,1,1,2,2,3,1],14,3].
[[3,7,1,1,1,2,2,3,1],54,17].
[[1,9,2,1,2,2,2,3,0],235,221].
[[2,9,1,1,2,2,2,3,0],64,129].
[[3,9,1,1,2,2,2,3,0],7,76].
[[1,9,2,1,1,2,1,2,0],38,14].
[[2,4,2,1,2,0,1,2,0],36,0].
[[3,4,2,1,2,0,1,2,0],134,0].
[[1,9,2,0,0,0,2,2,1],111,152].
[[2,9,1,0,0,0,1,2,1],29,37].
[[1,9,2,1,1,2,2,2,0],60,30].
[[2,9,2,1,1,2,2,2,0],20,16].
[[3,9,1,1,1,2,1,2,0],76,108].
[[1,9,2,1,2,0,2,2,0],13,23].
[[2,9,2,1,2,0,1,2,0],9,4].
[[3,9,1,1,2,2,1,2,0],88,153].
[[1,9,2,0,0,0,0,0,0],89,241].
[[2,8,0,0,0,0,0,0,0],18,51].
[[3,7,0,1,2,0,0,0,0],4,8].
[[1,9,2,1,2,2,2,2,0],168,140].
[[2,9,1,1,1,2,2,2,0],25,34].
[[3,8,0,1,1,2,2,2,0],43,57].
[[1,8,1,1,2,2,2,2,1],121,37].
[[2,8,1,1,2,2,1,2,1],139,47].
[[3,8,1,1,2,2,1,2,1],200,72].
[[1,9,2,0,0,0,2,3,0],186,208].
[[2,9,2,1,2,0,2,3,0],12,11].
[[3,9,1,1,2,2,2,2,0],12,40].
[[1,9,2,0,0,0,2,3,1],172,232].
[[2,8,1,0,0,0,2,3,1],146,52].
[[3,8,1,0,0,0,2,2,0],17,12].
[[1,9,2,1,2,2,2,1,1],105,108].
[[3,8,0,1,2,2,2,3,0],68,133].
[[1,8,1,0,0,0,2,2,1],181,72].
[[3,8,1,1,2,0,2,3,1],39,25].
[[2,9,1,1,1,2,1,2,1],42,39].
[[3,9,1,1,1,2,1,2,1],31,99].
[[2,8,0,1,2,2,2,3,1],77,100].
[[3,7,1,1,2,2,2,3,1],135,37].
[[2,9,2,1,2,2,2,3,0],40,64].
[[1,9,2,0,0,0,1,1,0],17,41].
[[2,9,1,1,2,0,1,1,0],5,16].
[[3,8,0,1,2,0,1,1,0],6,13].
[[2,9,1,1,2,0,2,1,0],9,9].
[[3,8,0,1,2,2,2,1,0],33,32].
[[1,9,2,0,0,0,2,1,0],67,59].
[[1,8,1,1,2,2,2,3,1],204,65].
[[2,8,1,1,1,2,2,3,1],87,27].
[[3,4,2,1,2,0,2,2,0],64,1].
[[3,9,1,1,2,2,1,2,1],64,163].
[[1,8,1,1,2,2,2,1,1],94,22].
[[2,7,1,1,2,2,2,1,1],39,16].
[[1,9,2,1,2,2,0,0,0],109,258].
[[2,8,0,1,1,2,0,0,0],21,44].
[[3,7,0,1,1,2,0,0,0],8,9].
[[2,9,2,0,0,0,2,1,0],9,12].
[[3,8,1,0,0,0,1,2,1],49,25].
[[1,8,0,1,1,2,2,3,0],25,5].
[[2,4,2,1,2,0,2,3,0],60,0].
[[3,4,2,1,2,0,2,3,0],95,2].
[[2,7,2,0,0,0,2,3,1],32,1].
[[3,7,2,1,2,2,2,3,1],62,2].
[[2,8,0,1,2,2,2,3,0],93,92].
[[3,8,0,1,2,2,1,2,0],88,70].
[[1,8,0,1,2,2,2,2,1],58,40].
[[2,8,0,1,2,2,2,2,1],74,58].
[[3,7,0,1,2,2,2,2,1],13,6].
[[1,9,2,0,0,0,2,2,0],150,137].
[[2,9,1,0,0,0,2,2,0],34,46].
[[3,9,1,0,0,0,1,2,0],31,41].
[[1,8,1,1,2,2,0,0,0],235,119].
[[2,8,1,1,2,2,0,0,0],46,40].
[[3,8,1,1,1,2,2,2,1],33,23].
[[2,9,1,1,2,2,2,2,0],61,85].
[[3,8,1,1,2,2,2,2,0],51,44].
[[1,9,2,1,1,2,2,2,1],69,32].
[[2,8,1,1,1,2,2,2,1],54,16].
[[3,7,1,1,1,2,2,2,1],45,12].
[[1,8,1,0,0,0,2,3,0],99,39].
[[2,8,1,0,0,0,1,2,0],34,9].
[[3,8,1,0,0,0,1,1,0],15,11].
[[2,8,1,1,2,2,2,3,0],105,55].
[[3,7,1,1,2,2,2,3,0],68,37].
[[1,8,1,0,0,0,2,3,1],206,89].
[[2,7,1,1,2,2,2,3,1],64,19].
[[3,4,2,1,2,0,2,3,1],86,3].
[[2,8,1,0,0,0,0,0,0],31,14].
[[3,7,1,0,0,0,0,0,0],8,7].
[[1,8,0,1,2,2,0,0,0],173,174].
[[2,8,0,1,1,2,2,1,0],14,10].
[[3,4,2,1,2,0,1,1,0],52,0].
[[1,9,2,1,2,0,0,0,0],9,28].
[[2,9,1,1,1,0,2,3,0],1,8].
[[3,9,1,1,1,0,2,3,0],0,7].
[[1,9,2,1,2,2,2,1,0],72,73].
[[2,9,1,1,1,2,2,1,0],15,9].
[[3,8,1,1,1,2,1,2,1],94,45].
[[3,7,0,1,1,2,2,3,0],16,6].
[[3,8,0,1,2,2,2,2,1],37,43].
[[1,8,0,1,2,2,2,3,1],59,41].
[[2,8,0,1,2,2,1,2,1],42,33].
[[3,7,1,1,2,2,1,2,1],71,23].
[[2,9,2,1,2,2,2,3,1],25,43].
[[3,8,0,1,2,2,2,3,1],45,75].
[[1,9,2,1,2,2,2,3,1],186,239].
[[1,7,2,0,0,0,2,3,1],31,0].
[[3,7,2,0,0,0,1,2,0],6,0].
[[2,6,1,1,2,2,2,1,1],7,2].
[[3,6,1,1,2,2,2,1,1],9,0].
[[1,8,1,1,1,2,2,2,1],24,4].
[[3,8,1,1,1,2,2,3,1],63,37].
[[1,9,2,1,1,2,2,3,0],123,40].
[[2,9,2,1,1,2,2,3,0],28,21].
[[3,8,0,1,1,2,2,3,0],45,79].
[[2,6,1,0,0,0,2,3,1],33,0].
[[3,6,1,1,2,2,2,3,0],16,2].
[[3,8,1,0,0,0,1,2,0],39,14].
[[2,8,0,1,2,2,0,0,0],43,123].
[[3,8,0,1,2,2,2,2,0],58,73].
[[2,6,1,1,2,2,2,3,1],23,1].
[[3,6,1,1,2,2,2,3,1],34,1].
[[1,8,0,1,2,2,2,3,0],56,28].
[[2,8,0,1,1,2,1,2,0],16,5].
[[3,8,0,1,1,2,1,2,0],74,41].
[[3,9,1,1,2,2,1,1,0],30,72].
[[2,8,0,0,0,0,1,2,1],30,20].
[[3,7,1,1,2,0,1,2,1],12,5].
[[3,8,1,1,1,0,2,3,0],9,6].
[[2,7,2,1,2,0,2,3,0],3,0].
[[3,7,2,1,2,2,1,2,1],42,10].
[[2,8,1,0,0,0,1,2,1],81,33].
[[1,9,2,1,2,2,1,2,0],74,63].
[[2,9,1,1,2,2,1,1,0],29,54].
[[3,8,0,1,1,2,1,1,0],15,25].
[[1,8,1,0,0,0,1,2,1],53,28].
[[2,7,1,1,2,2,1,2,1],13,5].
[[2,8,0,0,0,0,2,3,1],45,40].
[[3,8,0,1,2,0,1,2,1],17,28].
[[2,9,1,1,1,2,2,2,1],20,23].
[[3,9,1,1,1,2,2,2,1],9,17].
[[2,8,1,1,1,2,2,2,0],26,9].
[[3,8,1,1,1,2,2,2,0],21,27].
[[1,8,1,1,2,0,2,3,0],14,8].
[[2,8,1,1,2,0,2,2,1],35,26].
[[3,8,1,1,2,0,1,2,0],33,16].
[[2,9,1,1,1,2,2,3,0],47,47].
[[2,9,1,1,2,2,2,3,1],32,70].
[[2,8,1,1,2,0,2,3,1],52,39].
[[3,8,1,1,2,0,1,2,1],81,32].
[[2,9,2,1,2,2,1,2,1],47,69].
[[2,8,0,0,0,0,2,2,0],27,24].
[[3,8,0,1,2,0,2,2,0],10,22].
[[1,8,1,0,0,0,2,1,0],29,9].
[[2,8,1,0,0,0,2,1,0],28,10].
[[3,8,1,1,2,2,1,1,0],28,19].
[[1,9,2,0,0,0,1,2,0],65,63].
[[2,9,1,0,0,0,1,1,0],9,24].
[[1,8,0,1,2,2,2,2,0],35,19].
[[2,9,2,0,0,0,2,3,1],8,20].
[[3,9,1,1,2,0,2,3,1],2,14].
[[2,9,1,1,2,2,1,2,0],77,116].
[[3,8,1,1,2,2,1,2,0],116,49].
[[3,9,1,1,1,2,2,1,1],10,12].
[[1,8,1,1,2,2,2,3,0],63,27].
[[2,8,1,1,1,2,2,3,0],40,13].
[[3,7,2,1,1,2,2,3,0],6,1].
[[1,9,2,1,1,2,2,1,0],22,18].
[[2,9,2,1,1,2,2,1,0],6,9].
[[3,8,1,1,1,2,1,1,1],36,24].
[[1,9,2,1,1,2,0,0,0],62,49].
[[2,8,1,1,1,2,0,0,0],14,10].
[[2,6,1,0,0,0,0,0,0],34,2].
[[2,8,1,1,2,2,2,1,1],94,26].
[[3,7,1,1,2,2,2,1,1],62,22].
[[1,8,1,0,0,0,2,1,1],148,44].
[[3,8,1,1,2,2,2,1,1],61,11].
[[1,9,2,1,2,0,2,2,1],5,20].
[[2,9,1,1,1,0,2,2,1],1,2].
[[3,9,1,1,1,0,1,2,1],3,22].
[[1,7,1,1,2,2,0,0,0],51,20].
[[2,7,1,1,2,2,0,0,0],81,39].
[[1,8,1,1,1,2,0,0,0],58,7].
[[3,8,1,1,1,2,2,1,1],20,3].
[[2,6,1,0,0,0,2,2,1],24,1].
[[3,6,1,0,0,0,2,2,1],16,1].
[[3,8,1,0,0,0,2,3,1],30,12].
[[2,9,1,1,2,2,2,1,0],22,41].
[[1,9,2,1,2,2,2,2,1],156,131].
[[2,9,2,1,2,2,2,2,1],11,24].
[[3,9,1,1,2,2,2,2,1],9,32].
[[3,8,0,0,0,0,2,2,0],18,16].
[[3,7,0,1,2,2,0,0,0],7,15].
[[3,8,0,1,1,2,2,2,1],26,28].
[[2,8,1,1,2,2,2,3,1],224,101].
[[1,9,2,1,1,2,2,1,1],55,19].
[[2,9,2,1,1,2,1,2,1],35,24].
[[3,4,2,1,2,0,1,1,1],74,2].
[[2,9,1,1,2,2,2,2,1],38,66].
[[3,8,1,1,2,0,2,2,0],15,15].
[[2,9,2,1,2,2,1,2,0],21,22].
[[3,9,1,1,1,0,1,2,0],1,23].
[[1,8,0,1,2,2,1,2,0],5,3].
[[2,8,0,1,2,2,1,2,0],48,26].
[[3,8,0,1,2,2,1,1,0],28,43].
[[1,8,0,0,0,0,0,0,0],122,134].
[[3,4,2,1,2,0,1,2,1],152,3].
[[2,8,1,0,0,0,2,2,1],100,32].
[[3,8,1,1,1,0,1,2,1],11,33].
[[3,8,1,1,1,0,2,3,1],10,12].
[[1,7,2,1,2,2,0,0,0],36,0].
[[2,7,2,1,2,2,2,2,1],26,0].
[[3,7,2,1,2,2,2,1,1],21,1].
[[1,9,2,1,1,2,1,2,1],41,24].
[[2,5,0,1,1,2,1,2,0],5,1].
[[3,5,0,1,1,2,1,2,0],24,2].
[[1,6,1,1,2,2,2,3,1],5,0].
[[3,6,1,1,1,2,2,3,1],16,1].
[[3,9,1,1,1,2,1,1,0],17,57].
[[3,9,1,1,1,0,1,1,0],0,13].
[[3,7,1,1,2,2,2,2,1],88,26].
[[2,4,2,1,2,0,1,2,1],34,1].
[[2,8,0,1,1,2,2,1,1],15,7].
[[2,7,2,1,2,2,2,3,1],33,4].
[[3,8,0,1,1,2,1,2,1],59,66].
[[1,9,2,0,0,0,1,1,1],42,26].
[[2,9,2,1,2,0,1,1,1],7,9].
[[3,8,0,1,2,0,1,1,1],6,11].
[[3,8,1,1,2,2,2,3,1],100,57].
[[2,8,1,1,2,0,2,2,0],24,12].
[[3,7,1,1,2,2,2,2,0],48,17].
[[2,8,1,0,0,0,2,3,0],77,42].
[[1,8,1,1,2,0,2,1,1],7,12].
[[2,8,1,1,2,0,2,1,1],22,17].
[[3,8,1,1,1,0,1,1,1],5,12].
[[2,9,2,1,2,2,1,1,1],29,30].
[[3,8,0,1,2,2,1,1,1],37,27].
[[1,9,2,1,1,2,1,1,0],15,4].
[[2,8,0,1,1,2,1,1,0],12,3].
[[3,7,0,1,1,2,1,1,0],6,0].
[[2,8,1,1,2,2,2,1,0],28,21].
[[3,8,1,1,2,2,2,1,0],22,14].
[[2,9,1,1,1,2,2,3,1],28,30].
[[2,7,2,1,2,0,2,2,0],6,0].
[[3,7,2,1,2,2,2,2,0],11,2].
[[2,8,0,0,0,0,2,2,1],26,26].
[[3,8,0,0,0,0,1,1,1],8,1].
[[2,7,1,0,0,0,2,3,0],13,2].
[[3,7,1,1,2,0,2,2,0],8,7].
[[2,7,1,1,2,2,2,3,0],21,8].
[[2,9,1,0,0,0,2,3,0],38,81].
[[3,9,1,1,2,2,1,1,1],17,66].
[[3,8,0,1,1,2,2,3,1],28,40].
[[2,8,0,1,1,2,2,2,0],40,21].
[[3,7,0,1,1,2,2,2,0],6,3].
[[2,8,0,1,1,2,2,3,0],58,31].
[[3,8,0,1,1,2,2,1,0],14,34].
[[2,8,0,0,0,0,2,3,0],40,45].
[[3,8,0,0,0,0,2,3,0],10,31].
[[3,8,0,1,1,0,2,2,1],2,9].
[[2,8,1,1,2,2,1,1,1],68,30].
[[3,8,1,1,2,2,1,1,1],66,44].
[[1,8,0,0,0,0,1,1,1],7,1].
[[2,5,0,0,0,0,1,1,1],8,2].
[[3,5,0,0,0,0,1,1,1],13,0].
[[2,9,2,0,0,0,2,2,0],19,22].
[[3,9,1,1,2,0,2,2,0],2,23].
[[1,7,2,0,0,0,2,2,1],19,4].
[[2,3,2,0,0,0,2,2,1],6,0].
[[3,3,2,0,0,0,1,1,1],2,0].
[[2,9,2,1,2,0,1,2,1],12,25].
[[3,8,0,1,1,0,1,2,1],1,9].
[[1,6,1,0,0,0,0,0,0],67,2].
[[2,6,1,0,0,0,2,3,0],7,0].
[[3,3,1,1,2,2,2,3,0],6,0].
[[3,8,1,1,2,0,2,3,0],25,28].
[[1,6,1,0,0,0,2,2,1],14,0].
[[3,7,1,1,1,2,0,0,0],13,8].
[[2,9,1,1,2,2,1,1,1],14,18].
[[2,8,1,1,2,2,2,2,1],147,59].
[[1,4,2,1,2,0,2,2,1],11,0].
[[2,4,2,1,2,0,1,1,1],28,1].
[[2,8,1,1,1,2,1,2,0],21,2].
[[1,9,2,0,0,0,2,1,1],78,84].
[[2,8,0,0,0,0,2,1,1],26,16].
[[3,8,0,0,0,0,2,3,1],13,14].
[[2,9,1,1,2,0,2,3,1],5,23].
[[2,3,1,1,2,2,0,0,0],10,1].
[[3,3,1,1,1,2,2,3,0],1,0].
[[3,8,1,1,1,2,2,3,0],28,18].
[[2,9,2,1,2,0,2,1,0],3,2].
[[2,9,1,0,0,0,2,1,1],4,10].
[[3,8,1,1,2,0,2,1,1],18,8].
[[2,8,0,1,2,2,2,2,0],68,60].
[[1,6,1,1,2,2,2,1,1],6,0].
[[1,8,1,1,1,2,1,2,0],3,2].
[[2,7,1,1,1,2,1,2,0],2,2].
[[3,7,1,1,1,2,1,1,0],7,2].
[[3,6,0,1,2,2,2,3,0],12,3].
[[1,9,2,1,2,0,1,2,1],10,21].
[[2,8,0,1,2,0,1,2,1],9,7].
[[3,6,0,1,2,2,1,2,1],6,2].
[[1,9,2,1,2,0,2,1,1],6,12].
[[2,8,1,1,2,0,1,2,1],32,20].
[[1,7,1,0,0,0,2,1,1],12,4].
[[2,7,1,0,0,0,2,3,1],31,14].
[[3,7,1,0,0,0,2,3,1],42,12].
[[2,8,1,1,1,2,2,1,1],46,9].
[[1,8,0,1,1,2,0,0,0],59,25].
[[2,7,1,1,1,2,0,0,0],27,6].
[[1,8,0,0,0,0,2,2,1],30,23].
[[2,8,1,1,1,2,1,2,1],49,11].
[[2,7,1,1,2,2,2,2,1],47,12].
[[3,7,0,0,0,0,2,3,0],5,2].
[[2,9,1,0,0,0,2,2,1],15,37].
[[3,9,1,0,0,0,2,2,1],6,7].
[[3,7,1,1,1,2,1,2,1],40,10].
[[2,9,2,1,1,2,1,2,0],16,9].
[[2,9,2,0,0,0,1,2,1],32,38].
[[3,9,1,1,2,0,1,2,1],14,42].
[[2,7,1,0,0,0,2,2,1],23,7].
[[3,7,1,1,2,0,2,2,1],22,13].
[[2,9,1,1,1,2,1,2,0],71,48].
[[3,7,0,1,2,2,1,2,1],5,4].
[[1,8,1,1,2,2,1,2,1],33,20].
[[2,6,1,1,2,2,1,2,1],3,1].
[[3,6,1,1,2,2,1,2,1],24,1].
[[2,7,2,0,0,0,2,1,1],19,2].
[[2,8,0,1,2,0,2,1,0],1,3].
[[3,8,0,1,2,0,1,2,0],16,20].
[[2,9,1,0,0,0,1,2,0],50,61].
[[3,9,1,0,0,0,1,1,0],4,13].
[[3,6,1,1,2,0,2,3,1],13,1].
[[2,7,1,1,1,2,2,2,1],7,1].
[[3,7,1,1,1,2,2,1,0],8,4].
[[3,5,0,1,2,0,1,1,1],20,2].
[[2,9,2,1,1,2,2,3,1],17,11].
[[2,8,1,1,2,0,2,3,0],38,23].
[[3,7,1,1,2,2,0,0,0],36,14].
[[2,4,2,1,2,0,2,2,1],28,0].
[[3,4,2,1,2,0,2,2,1],46,1].
[[2,9,2,0,0,0,2,2,1],5,8].
[[3,8,0,0,0,0,2,2,1],2,13].
[[2,9,1,1,2,0,2,1,1],7,4].
[[3,9,1,1,1,0,2,1,1],1,5].
[[3,7,1,1,1,0,2,1,1],0,1].
[[3,8,1,1,2,2,2,3,0],49,67].
[[1,6,1,1,2,2,0,0,0],25,2].
[[2,6,1,1,1,2,2,1,1],3,0].
[[3,5,0,1,1,2,1,1,1],28,1].
[[3,7,1,0,0,0,2,2,1],20,10].
[[3,7,1,1,1,2,2,3,0],27,12].
[[3,7,1,0,0,0,2,3,0],17,4].
[[2,6,1,0,0,0,1,2,1],6,1].
[[2,8,0,1,2,2,1,1,1],18,12].
[[3,7,1,1,2,2,1,1,1],32,15].
[[2,9,1,1,1,2,1,1,0],17,18].
[[3,9,1,1,2,2,2,1,0],3,30].
[[1,9,2,1,1,2,1,1,1],23,7].
[[2,8,1,0,0,0,2,1,1],68,28].
[[3,5,0,1,2,0,2,2,0],6,0].
[[3,8,1,1,2,0,2,2,1],35,13].
[[3,8,1,0,0,0,1,1,1],20,7].
[[2,7,2,1,2,0,1,1,1],1,0].
[[3,7,2,1,2,0,1,1,1],9,2].
[[2,4,2,1,2,0,2,2,0],34,1].
[[3,7,0,1,2,2,2,3,1],19,5].
[[1,8,1,1,2,0,0,0,0],46,22].
[[2,8,1,1,1,0,0,0,0],1,0].
[[1,8,0,1,2,2,2,1,0],16,12].
[[3,7,0,1,1,2,2,1,0],4,3].
[[1,7,1,0,0,0,2,2,1],8,0].
[[2,7,1,0,0,0,1,2,1],9,5].
[[3,7,1,0,0,0,1,2,1],22,11].
[[2,7,1,1,2,0,2,3,0],6,2].
[[3,7,1,1,2,2,1,2,0],40,8].
[[2,6,1,0,0,0,2,1,1],12,0].
[[3,3,2,0,0,0,2,1,1],3,0].
[[2,4,2,1,2,0,2,1,0],20,0].
[[3,4,2,1,2,0,2,1,0],28,0].
[[3,8,0,0,0,0,1,2,1],18,23].
[[3,6,1,0,0,0,2,2,0],5,0].
[[2,9,2,1,2,2,2,2,0],35,40].
[[3,9,1,1,1,2,2,2,0],9,21].
[[1,8,1,1,2,2,2,2,0],59,8].
[[2,7,1,1,2,2,2,2,0],21,4].
[[2,9,1,1,2,2,2,1,1],25,33].
[[1,7,2,1,2,0,0,0,0],6,2].
[[2,7,2,1,2,2,0,0,0],39,1].
[[1,8,1,1,2,0,1,2,1],6,5].
[[2,6,1,1,2,2,0,0,0],32,2].
[[3,3,1,1,2,2,0,0,0],15,5].
[[3,8,0,1,1,2,2,1,1],19,21].
[[2,8,1,1,2,2,1,2,0],59,25].
[[3,8,0,0,0,0,1,2,0],20,13].
[[2,9,1,1,2,0,2,2,0],4,15].
[[3,8,0,1,1,0,2,2,0],2,8].
[[3,8,1,1,1,2,1,2,0],59,18].
[[1,8,0,0,0,0,2,3,1],51,29].
[[2,6,0,0,0,0,0,0,0],2,3].
[[3,6,0,0,0,0,0,0,0],0,3].
[[2,8,0,1,2,2,2,1,0],28,31].
[[1,9,2,1,2,0,2,3,0],21,28].
[[2,9,1,1,1,0,2,1,0],0,4].
[[3,8,0,1,2,2,0,0,0],0,26].
[[3,9,1,1,1,2,2,3,0],3,44].
[[1,8,0,0,0,0,2,1,1],20,18].
[[2,8,0,1,2,0,2,1,1],2,7].
[[2,9,1,1,1,2,2,1,1],14,8].
[[3,4,2,1,2,0,2,1,1],38,0].
[[2,7,1,0,0,0,2,1,1],27,10].
[[2,9,1,1,1,0,2,2,0],0,3].
[[3,9,1,1,1,0,2,2,0],0,7].
[[2,9,2,0,0,0,2,3,0],16,28].
[[3,9,1,1,2,0,1,2,0],30,42].
[[3,7,1,1,2,0,2,3,0],20,3].
[[1,8,0,1,1,2,2,2,1],14,6].
[[2,8,0,1,1,2,2,2,1],48,25].
[[2,3,1,0,0,0,0,0,0],11,1].
[[3,3,1,1,2,0,2,1,1],4,0].
[[2,9,2,1,2,2,1,1,0],5,9].
[[1,9,2,1,2,2,1,1,1],43,28].
[[3,9,1,1,1,2,1,1,1],18,33].
[[1,8,1,1,1,2,1,2,1],9,1].
[[1,7,2,1,2,0,2,2,1],1,1].
[[2,7,2,1,1,0,2,3,1],1,1].
[[3,3,2,1,1,0,2,3,1],1,0].
[[2,8,1,1,2,0,2,1,0],10,10].
[[2,7,2,1,2,0,1,2,1],6,1].
[[3,7,2,1,2,0,1,2,0],9,0].
[[1,7,1,0,0,0,0,0,0],55,19].
[[2,7,1,1,2,0,0,0,0],26,8].
[[3,7,1,1,1,0,2,2,0],2,3].
[[1,8,1,1,2,2,1,2,0],16,6].
[[1,3,2,0,0,0,0,0,0],7,0].
[[2,3,2,0,0,0,0,0,0],9,0].
[[3,3,2,1,2,2,2,1,1],5,0].
[[3,9,1,1,2,0,2,1,1],2,5].
[[3,9,1,0,0,0,2,2,0],2,9].
[[2,7,2,0,0,0,0,0,0],37,2].
[[3,7,2,1,2,2,0,0,0],5,0].
[[2,9,2,0,0,0,1,1,1],12,13].
[[1,7,1,0,0,0,2,3,1],6,5].
[[3,7,2,1,1,2,2,3,1],13,1].
[[3,3,1,1,2,0,0,0,0],7,2].
[[1,5,0,0,0,0,2,3,0],2,0].
[[2,5,0,0,0,0,2,3,0],4,0].
[[3,5,0,1,2,0,1,2,0],15,0].
[[1,5,0,1,2,2,1,2,0],3,0].
[[2,5,0,1,2,2,1,2,0],11,2].
[[3,5,0,1,2,2,1,2,0],33,5].
[[2,8,0,1,2,0,1,2,0],7,6].
[[3,8,0,1,1,0,1,2,0],5,5].
[[3,7,2,1,2,0,2,1,1],15,1].
[[3,7,2,1,2,0,2,3,1],22,2].
[[3,8,0,1,1,2,0,0,0],0,22].
[[3,7,2,0,0,0,2,1,1],6,0].
[[2,9,2,1,1,2,1,1,0],12,2].
[[1,8,1,1,1,2,2,1,1],22,2].
[[3,7,0,1,2,0,1,2,1],2,0].
[[2,9,2,1,1,2,0,0,0],2,14].
[[1,4,2,1,2,0,2,3,1],17,0].
[[2,4,2,1,2,0,2,3,1],58,2].
[[3,8,1,0,0,0,2,2,1],24,10].
[[3,7,0,0,0,0,2,3,1],4,3].
[[2,8,0,1,2,0,2,2,0],5,15].
[[3,7,0,1,2,0,2,2,0],2,1].
[[1,7,2,0,0,0,1,1,1],3,2].
[[2,7,2,0,0,0,1,1,1],6,3].
[[3,7,1,0,0,0,1,1,1],9,4].
[[2,9,2,1,1,2,2,1,1],13,5].
[[1,7,1,0,0,0,2,3,0],4,0].
[[2,8,1,1,1,2,2,1,0],12,4].
[[3,6,0,1,1,2,2,2,0],3,2].
[[2,6,0,1,2,2,2,2,0],4,0].
[[3,6,0,1,2,2,2,2,0],10,4].
[[2,9,2,1,2,2,2,1,0],22,26].
[[2,9,1,1,2,0,2,3,0],11,29].
[[3,8,0,1,2,0,2,3,0],19,24].
[[2,8,1,1,1,2,1,1,1],15,6].
[[1,4,2,1,2,0,0,0,0],11,0].
[[2,4,2,1,2,0,0,0,0],20,2].
[[3,4,2,1,2,0,0,0,0],14,3].
[[3,8,1,0,0,0,2,3,0],18,10].
[[3,9,1,0,0,0,1,2,1],10,37].
[[1,8,1,1,1,2,2,3,0],7,4].
[[1,8,1,0,0,0,1,1,1],28,16].
[[2,8,1,0,0,0,1,1,1],31,11].
[[3,8,1,1,2,0,1,1,1],18,11].
[[2,6,0,1,2,2,0,0,0],7,10].
[[3,9,1,1,2,0,1,1,0],8,17].
[[1,9,2,1,2,0,1,1,0],5,3].
[[2,8,0,1,2,0,1,1,0],3,0].
[[3,7,1,1,2,0,1,1,0],4,2].
[[1,8,0,1,1,2,2,2,0],15,1].
[[3,7,1,1,1,0,1,2,0],1,3].
[[2,6,1,1,2,2,2,2,1],17,0].
[[1,7,2,0,0,0,0,0,0],52,5].
[[3,3,2,1,2,0,2,1,1],1,0].
[[2,9,2,1,1,2,1,1,1],20,11].
[[3,8,0,1,1,2,1,1,1],25,16].
[[2,7,2,1,2,0,2,3,1],14,2].
[[3,9,1,1,2,0,1,1,1],6,10].
[[2,9,1,1,1,0,1,2,0],1,4].
[[2,6,0,1,2,2,2,3,1],2,2].
[[3,6,0,1,2,2,2,3,1],5,5].
[[3,9,1,1,2,2,2,3,1],11,44].
[[3,7,2,0,0,0,2,1,0],2,1].
[[3,7,0,1,2,2,1,2,0],10,3].
[[3,6,1,1,1,2,2,1,1],6,0].
[[1,8,1,1,1,2,2,3,1],27,5].
[[1,2,1,0,0,0,0,0,0],4,0].
[[2,2,1,0,0,0,0,0,0],6,0].
[[3,2,1,0,0,0,2,2,1],2,0].
[[1,8,1,1,2,0,2,1,0],5,1].
[[2,7,2,0,0,0,2,2,1],28,5].
[[3,3,2,0,0,0,2,2,1],4,0].
[[3,6,1,1,2,0,2,3,0],10,3].
[[2,3,1,1,2,2,2,3,1],5,1].
[[3,3,1,1,2,2,2,3,1],14,1].
[[2,8,0,0,0,0,2,1,0],21,12].
[[3,7,1,0,0,0,2,1,0],6,2].
[[1,5,0,1,1,2,1,1,1],3,0].
[[2,5,0,1,1,2,1,1,1],13,1].
[[3,7,2,1,2,0,1,2,1],21,1].
[[3,7,1,1,1,2,2,2,0],18,12].
[[2,9,1,0,0,0,2,3,1],15,40].
[[2,9,2,1,2,2,0,0,0],4,34].
[[1,9,2,1,2,0,2,3,1],15,34].
[[3,7,2,1,2,2,1,2,0],11,0].
[[3,9,1,0,0,0,2,3,0],2,16].
[[3,9,1,1,1,2,2,3,1],10,30].
[[2,9,1,0,0,0,0,0,0],0,8].
[[3,6,1,0,0,0,2,1,0],6,0].
[[2,7,2,1,2,2,2,1,1],21,1].
[[3,7,2,1,1,2,2,1,1],4,0].
[[3,8,1,1,1,2,1,1,0],19,5].
[[1,7,2,1,2,2,2,3,1],11,1].
[[2,8,1,0,0,0,1,1,0],13,11].
[[2,8,0,1,2,0,0,0,0],5,22].
[[3,8,0,1,2,0,0,0,0],0,10].
[[3,8,1,1,1,0,2,2,1],5,9].
[[2,7,2,1,1,2,2,3,0],2,0].
[[3,8,0,1,1,0,2,1,0],1,5].
[[1,4,2,1,2,0,2,2,0],9,0].
[[3,8,1,1,2,0,2,1,0],10,8].
[[2,8,0,1,1,2,1,2,1],29,13].
[[3,6,0,0,0,0,2,2,0],2,0].
[[2,7,1,1,2,2,1,2,0],6,2].
[[3,7,0,1,2,2,2,3,0],16,7].
[[3,8,1,1,1,0,2,1,0],2,7].
[[1,9,2,1,2,2,1,1,0],27,28].
[[2,8,0,1,2,2,1,1,0],14,19].
[[2,7,2,1,2,0,2,1,1],5,1].
[[3,7,2,1,1,0,2,3,1],4,2].
[[2,9,2,1,1,0,1,1,1],0,1].
[[3,4,0,1,2,0,1,2,1],0,1].
[[1,8,1,1,2,2,1,1,1],22,9].
[[2,7,1,1,2,2,1,1,1],12,4].
[[2,5,0,1,1,2,2,2,0],7,0].
[[3,5,0,1,1,2,2,2,0],6,1].
[[2,8,0,1,2,0,2,2,1],12,12].
[[3,8,0,1,2,0,2,2,1],9,9].
[[3,3,1,0,0,0,0,0,0],10,2].
[[1,6,0,1,2,2,0,0,0],6,7].
[[3,6,0,1,1,2,0,0,0],1,5].
[[2,9,1,1,1,2,0,0,0],3,5].
[[3,6,1,1,1,2,1,1,1],3,0].
[[3,7,2,1,2,2,2,2,1],34,1].
[[2,8,1,1,2,0,0,0,0],10,9].
[[3,7,1,1,2,0,0,0,0],7,5].
[[3,9,1,0,0,0,1,1,1],6,16].
[[3,7,2,0,0,0,2,3,1],16,2].
[[3,8,0,1,2,0,2,1,1],5,10].
[[1,8,1,0,0,0,1,2,0],24,5].
[[2,9,1,1,1,2,1,1,1],9,13].
[[3,8,0,1,2,2,2,1,1],16,28].
[[1,8,0,0,0,0,2,2,0],28,16].
[[2,8,1,1,2,2,2,2,0],74,40].
[[2,7,1,0,0,0,2,2,0],19,3].
[[2,7,2,0,0,0,2,1,0],2,0].
[[1,9,2,1,2,0,1,2,0],9,11].
[[1,8,0,1,1,2,2,3,1],17,4].
[[1,7,2,0,0,0,2,1,1],16,0].
[[3,6,1,0,0,0,2,3,1],18,0].
[[3,6,0,1,2,2,0,0,0],1,6].
[[1,9,2,1,2,0,1,1,1],6,3].
[[3,9,1,1,2,2,2,1,1],6,24].
[[2,9,1,1,2,0,1,2,0],15,29].
[[3,8,1,1,2,2,2,2,1],63,36].
[[3,6,0,1,1,2,2,1,0],1,2].
[[2,8,0,0,0,0,1,1,1],9,2].
[[1,6,1,0,0,0,2,1,1],5,0].
[[2,2,1,0,0,0,2,1,1],1,0].
[[3,2,1,1,2,0,2,1,1],1,0].
[[3,7,1,1,1,2,1,2,0],16,3].
[[1,8,0,0,0,0,1,2,1],6,5].
[[3,6,1,1,2,0,2,2,0],6,0].
[[2,7,1,1,1,2,1,2,1],7,1].
[[3,7,0,1,2,2,2,1,1],8,1].
[[2,9,2,1,2,0,2,2,0],2,7].
[[2,7,2,1,2,0,0,0,0],12,3].
[[2,7,1,0,0,0,1,1,1],8,3].
[[2,9,1,1,2,0,1,2,1],11,16].
[[3,7,0,1,1,2,1,2,1],6,4].
[[3,3,2,1,2,0,2,2,1],5,0].
[[1,6,1,0,0,0,2,1,0],5,1].
[[2,6,1,1,2,2,1,1,0],2,0].
[[3,6,1,1,1,2,1,1,0],1,0].
[[1,8,0,0,0,0,2,1,0],7,10].
[[3,8,0,1,2,0,2,1,0],7,7].
[[1,8,1,1,2,0,2,3,1],22,15].
[[3,8,1,1,1,0,2,2,0],4,7].
[[1,8,1,1,2,0,1,1,1],1,1].
[[2,8,1,1,2,0,1,1,1],7,8].
[[3,7,1,1,2,0,1,1,1],7,2].
[[3,6,1,1,2,2,1,1,1],7,2].
[[3,7,1,1,1,0,2,3,1],4,3].
[[3,8,1,1,1,0,1,2,0],8,10].
[[3,7,1,0,0,0,2,1,1],19,7].
[[1,8,0,1,1,2,2,1,1],16,0].
[[2,9,2,1,1,2,2,2,1],9,7].
[[3,6,1,1,2,2,2,2,1],25,0].
[[3,7,1,0,0,0,2,2,0],14,6].
[[1,5,0,0,0,0,1,1,1],4,1].
[[2,8,0,0,0,0,1,2,0],21,9].
[[3,8,0,0,0,0,1,1,0],4,9].
[[2,4,2,1,2,0,1,1,0],12,0].
[[3,7,2,1,2,0,2,2,0],6,0].
[[3,6,1,1,2,0,1,2,1],11,1].
[[2,9,1,0,0,0,2,1,0],16,23].
[[3,8,0,0,0,0,2,1,0],6,9].
[[1,8,1,1,2,0,2,2,1],20,9].
[[3,7,2,1,2,2,1,1,1],25,9].
[[1,6,1,0,0,0,2,3,1],20,0].
[[2,6,1,1,2,0,2,3,1],7,0].
[[3,7,0,1,2,2,1,1,1],5,0].
[[3,3,1,1,2,2,2,2,1],8,1].
[[3,6,1,1,2,2,2,2,0],11,0].
[[3,7,1,1,2,0,1,2,0],11,0].
[[1,4,2,1,2,0,2,3,0],18,0].
[[2,7,1,1,1,2,2,3,0],8,1].
[[3,8,0,1,1,0,2,3,0],2,8].
[[1,4,2,1,2,0,2,1,1],6,0].
[[2,4,2,1,2,0,2,1,1],22,0].
[[2,6,0,1,2,2,2,2,1],4,1].
[[1,8,0,1,1,2,1,2,1],4,4].
[[1,5,0,1,2,2,1,1,1],8,1].
[[2,8,1,1,1,0,2,3,1],6,4].
[[3,6,1,1,1,0,2,3,1],2,2].
[[3,6,1,0,0,0,1,2,1],9,0].
[[3,7,1,1,2,2,1,1,0],9,2].
[[2,7,1,0,0,0,2,1,0],4,1].
[[3,7,0,1,2,2,1,1,0],2,1].
[[3,9,1,1,2,0,2,3,0],3,19].
[[3,8,0,1,2,0,2,3,1],12,22].
[[2,7,0,1,2,2,0,0,0],13,4].
[[3,7,0,1,2,2,2,2,0],15,6].
[[3,7,2,0,0,0,2,3,0],4,0].
[[3,8,0,0,0,0,2,1,1],3,6].
[[2,8,1,1,2,2,1,1,0],20,9].
[[3,3,1,1,2,2,2,1,1],7,0].
[[2,7,2,1,1,2,0,0,0],7,1].
[[2,9,2,1,1,0,1,2,1],0,3].
[[2,7,1,1,2,0,2,3,1],12,3].
[[3,7,1,1,2,0,2,3,1],43,19].
[[1,8,1,1,2,2,2,1,0],25,7].
[[2,8,1,1,2,0,1,2,0],20,3].
[[3,5,0,1,2,2,1,1,0],10,10].
[[2,9,2,0,0,0,1,2,0],21,8].
[[2,9,1,0,0,0,1,1,1],9,5].
[[3,7,2,1,2,0,2,2,1],19,2].
[[3,7,0,1,1,2,2,2,1],7,7].
[[1,8,1,1,2,0,2,2,0],3,2].
[[2,8,1,1,1,0,1,2,0],2,1].
[[1,9,2,1,2,0,2,1,0],5,10].
[[2,9,1,1,1,0,1,1,0],0,5].
[[3,7,0,0,0,0,1,2,1],4,3].
[[3,7,2,0,0,0,1,1,1],6,2].
[[3,7,0,0,0,0,0,0,0],2,3].
[[3,8,0,1,1,0,1,1,0],1,3].
[[3,3,2,1,2,2,2,3,1],7,0].
[[2,5,0,0,0,0,2,2,0],4,0].
[[3,7,1,1,2,2,2,1,0],13,6].
[[3,3,2,0,0,0,0,0,0],8,0].
[[3,7,2,1,1,0,1,2,1],6,5].
[[3,6,0,1,1,2,1,2,1],1,3].
[[2,5,0,1,2,2,1,1,0],3,2].
[[3,5,0,1,1,2,1,1,0],10,2].
[[3,7,2,1,2,2,2,1,0],3,1].
[[2,9,1,1,1,0,2,3,1],0,3].
[[3,8,0,1,1,0,2,3,1],1,5].
[[3,6,0,1,2,2,2,2,1],5,5].
[[3,7,2,1,2,0,2,3,0],2,0].
[[2,7,0,1,1,2,0,0,0],9,6].
[[3,3,0,1,1,2,0,0,0],0,1].
[[2,7,0,1,1,2,2,3,1],1,1].
[[2,9,1,1,1,0,0,0,0],0,2].
[[3,8,0,1,1,0,0,0,0],0,3].
[[2,8,0,1,2,0,2,3,1],14,12].
[[1,7,2,0,0,0,2,3,0],5,0].
[[2,7,1,1,2,0,2,1,1],5,1].
[[3,7,1,1,1,0,1,1,1],1,2].
[[3,3,2,0,0,0,2,3,1],7,0].
[[2,9,2,0,0,0,2,1,1],6,11].
[[2,8,1,1,1,0,1,2,1],1,2].
[[3,6,1,1,1,0,1,2,1],1,0].
[[2,8,1,1,1,0,2,2,0],2,1].
[[2,7,2,1,2,2,1,1,1],11,1].
[[2,8,0,1,2,0,2,3,0],12,13].
[[3,7,2,1,1,2,2,1,0],2,0].
[[3,7,0,1,1,2,1,1,1],6,2].
[[3,9,1,1,1,2,0,0,0],0,4].
[[1,8,0,1,2,2,1,1,1],8,3].
[[3,3,2,0,0,0,2,3,0],2,0].
[[2,6,1,1,1,2,1,2,1],3,0].
[[3,6,1,1,1,2,1,2,1],4,0].
[[3,7,1,1,2,0,2,1,0],4,1].
[[2,8,0,1,1,2,1,1,1],9,1].
[[3,2,1,0,0,0,0,0,0],3,0].
[[2,8,0,0,0,0,1,1,0],3,6].
[[2,7,2,1,2,0,2,2,1],8,2].
[[1,7,1,1,2,2,2,2,0],5,2].
[[2,7,1,1,1,2,2,2,0],5,0].
[[3,3,1,1,1,2,2,2,0],1,0].
[[3,6,1,1,2,0,2,1,1],5,0].
[[3,9,1,0,0,0,2,1,1],2,4].
[[2,9,2,1,2,2,2,1,1],6,21].
[[1,4,2,1,2,0,1,1,1],4,0].
[[3,6,0,1,2,2,1,1,1],0,1].
[[3,9,1,1,1,2,2,1,0],2,10].
[[2,6,1,1,1,2,2,2,1],4,0].
[[3,6,1,1,1,2,1,2,0],2,0].
[[3,5,0,1,2,0,1,2,1],4,1].
[[1,4,2,1,2,0,1,2,1],6,0].
[[2,7,2,1,2,2,2,1,0],2,0].
[[3,7,2,1,1,2,1,2,1],11,1].
[[1,8,0,1,2,2,1,2,1],7,3].
[[2,6,0,1,2,2,1,2,1],1,0].
[[2,5,0,1,2,2,2,2,0],9,1].
[[3,7,1,1,1,0,2,2,1],2,4].
[[3,7,2,1,1,0,2,2,1],3,2].
[[2,9,1,1,2,0,1,1,1],4,4].
[[2,9,1,1,2,0,2,2,1],3,17].
[[2,9,2,1,2,0,2,3,1],3,8].
[[3,3,1,0,0,0,2,2,0],3,0].
[[3,8,1,1,1,0,2,1,1],3,4].
[[2,9,2,1,1,0,2,2,1],1,0].
[[3,9,1,1,1,0,1,1,1],2,6].
[[3,3,2,1,2,2,0,0,0],8,0].
[[2,5,0,1,2,0,2,2,0],4,0].
[[2,7,2,1,2,2,1,2,0],3,0].
[[3,7,2,1,2,2,2,3,0],18,2].
[[3,3,1,1,1,2,2,1,1],3,1].
[[3,8,1,1,1,2,2,1,0],12,11].
[[3,8,1,1,1,0,1,1,0],1,2].
[[3,5,0,0,0,0,2,3,0],1,0].
[[2,3,2,1,2,2,2,1,1],2,0].
[[3,3,2,1,1,2,2,1,1],1,0].
[[2,7,1,1,2,0,2,2,1],4,1].
[[3,5,0,0,0,0,1,1,0],8,1].
[[2,5,0,1,2,0,1,1,1],6,3].
[[3,2,1,1,2,0,2,3,0],1,0].
[[3,6,1,0,0,0,2,1,1],4,0].
[[2,6,1,1,1,2,0,0,0],5,0].
[[2,8,1,1,1,2,1,1,0],3,2].
[[1,7,2,1,2,2,2,2,1],8,0].
[[1,5,0,0,0,0,2,2,0],3,0].
[[3,5,0,0,0,0,2,2,0],1,0].
[[3,5,0,1,2,2,2,2,0],8,0].
[[3,6,0,1,2,2,1,2,0],7,1].
[[2,7,1,1,2,0,1,2,0],2,0].
[[3,6,1,0,0,0,2,3,0],11,0].
[[3,9,1,0,0,0,2,1,0],2,9].
[[2,8,1,1,1,0,2,1,1],1,4].
[[3,3,1,0,0,0,2,3,0],2,0].
[[2,7,0,0,0,0,2,1,1],2,0].
[[3,7,0,1,2,0,2,1,1],2,0].
[[2,8,0,1,2,0,1,1,1],4,3].
[[3,6,0,1,2,0,1,1,1],1,0].
[[3,6,0,1,2,2,2,1,1],3,6].
[[3,6,0,0,0,0,2,3,0],1,0].
[[3,6,1,1,2,0,0,0,0],5,0].
[[1,8,1,1,1,2,2,1,0],5,1].
[[2,7,1,1,1,2,2,1,0],1,1].
[[2,7,2,1,1,2,2,1,1],5,0].
[[3,7,2,1,2,0,1,1,0],2,0].
[[1,5,0,0,0,0,1,2,0],3,0].
[[3,7,1,1,1,2,1,1,1],18,1].
[[3,5,0,1,1,2,1,2,1],6,1].
[[3,3,1,1,2,2,1,2,1],2,0].
[[2,8,1,1,2,0,1,1,0],5,3].
[[3,7,1,1,1,0,1,1,0],2,0].
[[1,8,0,1,1,2,1,1,0],1,0].
[[1,8,1,1,2,2,1,1,0],5,2].
[[2,6,0,1,2,2,2,3,0],3,2].
[[1,7,1,1,2,2,2,2,1],14,0].
[[2,9,1,1,2,2,0,0,0],0,15].
[[2,7,2,1,2,2,2,3,0],3,0].
[[3,9,1,1,2,0,2,1,0],2,6].
[[2,7,2,1,2,2,1,2,1],10,2].
[[2,6,1,1,2,0,0,0,0],7,1].
[[2,7,0,1,2,2,2,3,0],1,1].
[[3,6,0,1,1,2,2,3,0],6,1].
[[1,7,2,0,0,0,2,1,0],1,0].
[[3,7,2,1,1,2,0,0,0],3,1].
[[2,9,2,0,0,0,1,1,0],6,1].
[[2,7,0,1,1,2,2,3,0],4,0].
[[3,3,1,1,1,2,0,0,0],5,0].
[[1,8,0,0,0,0,1,2,0],8,2].
[[3,7,0,1,2,0,1,2,0],3,0].
[[3,5,0,1,2,2,2,3,0],14,0].
[[2,7,2,1,2,2,2,2,0],4,0].
[[1,8,1,1,2,0,1,2,0],3,3].
[[3,3,2,1,2,0,1,1,1],2,0].
[[3,7,0,1,2,2,2,1,0],2,4].
[[1,7,2,1,2,0,2,1,1],1,0].
[[2,8,1,1,1,0,2,2,1],1,3].
[[3,9,1,0,0,0,2,3,1],1,10].
[[1,8,0,1,1,2,1,2,0],1,2].
[[2,6,1,1,2,0,2,1,1],2,0].
[[2,7,0,1,1,2,2,2,0],1,0].
[[3,6,0,1,1,2,2,3,1],5,3].
[[3,7,0,1,2,0,2,3,1],2,2].
[[2,8,1,1,1,0,2,3,0],2,3].
[[3,7,1,1,1,0,2,3,0],2,4].
[[1,6,0,1,2,2,2,2,0],2,0].
[[3,3,1,1,2,2,2,2,0],6,0].
[[3,7,2,0,0,0,1,1,0],2,0].
[[3,8,1,1,2,2,0,0,0],0,4].
[[2,7,2,1,1,2,1,2,1],6,0].
[[3,6,1,1,2,0,2,2,1],8,1].
[[3,7,2,1,2,0,0,0,0],6,0].
[[2,5,0,0,0,0,1,1,0],3,2].
[[3,7,0,0,0,0,1,2,0],2,1].
[[3,6,1,1,2,0,1,1,0],2,2].
[[2,7,1,1,2,0,2,2,0],3,1].
[[1,6,0,1,2,2,2,3,0],1,0].
[[2,6,0,1,1,2,1,2,0],1,0].
[[3,6,0,1,1,2,1,2,0],1,0].
[[2,9,1,1,1,0,1,2,1],0,8].
[[3,5,0,1,2,2,1,2,1],13,1].
[[3,9,1,1,2,0,2,2,1],2,10].
[[3,3,2,1,2,0,0,0,0],6,0].
[[1,7,2,1,2,2,2,1,1],9,1].
[[1,7,1,0,0,0,2,2,0],4,1].
[[2,6,1,0,0,0,2,2,0],4,0].
[[2,9,2,1,2,0,2,2,1],2,4].
[[3,7,0,0,0,0,2,2,0],5,0].
[[3,5,0,1,1,0,1,1,1],3,6].
[[3,2,1,0,0,0,2,2,0],1,0].
[[1,8,1,1,1,2,2,2,0],5,1].
[[3,3,1,0,0,0,2,2,1],4,0].
[[3,6,0,1,1,2,2,2,1],5,1].
[[3,6,1,1,2,0,1,2,0],1,0].
[[3,8,1,0,0,0,2,1,0],4,6].
[[2,7,0,0,0,0,0,0,0],7,8].
[[2,9,2,1,2,0,1,1,0],3,2].
[[3,4,0,1,2,0,2,3,0],0,1].
[[2,6,1,1,2,2,2,2,0],7,0].
[[3,6,1,1,2,2,1,2,0],6,0].
[[2,7,2,1,2,0,1,2,0],3,0].
[[2,7,2,0,0,0,2,3,0],5,0].
[[2,9,2,0,0,0,0,0,0],0,6].
[[3,6,0,1,1,2,1,1,0],2,0].
[[3,6,1,0,0,0,1,1,1],2,0].
[[3,6,0,1,2,2,2,1,0],3,2].
[[2,8,1,1,1,0,1,1,0],1,0].
[[1,7,1,1,2,2,2,3,0],4,0].
[[2,3,2,1,2,0,0,0,0],4,0].
[[3,3,2,1,2,0,2,3,1],3,0].
[[1,4,2,1,2,0,1,2,0],5,0].
[[3,7,0,1,1,2,2,1,1],3,1].
[[2,8,1,1,1,0,1,1,1],2,2].
[[3,7,1,1,1,0,1,2,1],0,2].
[[2,9,2,1,1,0,0,0,0],0,1].
[[3,9,1,1,1,0,0,0,0],0,1].
[[3,6,1,1,1,2,2,2,0],4,0].
[[2,6,1,1,2,0,2,3,0],1,0].
[[3,3,1,1,2,0,2,3,0],2,0].
[[2,7,2,1,1,2,2,3,1],2,0].
[[3,7,2,1,1,2,2,2,1],10,0].
[[2,7,1,1,2,0,1,2,1],3,1].
[[3,6,1,1,1,2,2,2,1],7,0].
[[3,7,0,0,0,0,2,2,1],5,0].
[[2,6,0,1,1,2,0,0,0],4,1].
[[3,8,1,0,0,0,2,1,1],8,3].
[[3,7,1,0,0,0,1,2,0],8,0].
[[2,7,0,1,2,2,2,3,1],6,0].
[[1,8,1,0,0,0,1,1,0],5,1].
[[3,3,1,0,0,0,2,3,1],3,0].
[[3,3,2,1,2,2,2,3,0],1,0].
[[3,7,2,1,1,0,2,3,0],1,1].
[[3,7,2,0,0,0,2,2,1],10,0].
[[2,5,0,1,1,2,1,1,0],4,0].
[[3,7,2,1,2,2,1,1,0],2,1].
[[3,7,2,1,1,2,1,2,0],5,0].
[[3,6,0,1,2,0,2,3,1],3,0].
[[1,6,1,0,0,0,2,3,0],3,0].
[[2,6,1,0,0,0,1,2,0],4,0].
[[3,3,1,1,2,2,1,2,0],1,0].
[[3,6,0,1,2,0,0,0,0],0,1].
[[2,6,1,1,2,2,2,1,0],2,0].
[[3,5,0,0,0,0,1,2,0],3,0].
[[2,6,1,0,0,0,1,1,1],2,0].
[[3,3,1,0,0,0,1,1,1],1,0].
[[2,7,0,1,2,2,2,1,1],0,1].
[[3,7,1,0,0,0,1,1,0],2,0].
[[2,9,2,1,2,0,2,1,1],2,5].
[[2,9,2,1,1,0,2,1,0],0,1].
[[1,8,0,1,2,2,1,1,0],2,3].
[[1,5,0,0,0,0,1,2,1],1,0].
[[2,5,0,1,2,0,1,2,1],2,1].
[[2,7,0,1,2,2,2,2,0],3,0].
[[2,5,0,1,2,0,1,1,0],3,2].
[[3,5,0,1,2,0,1,1,0],5,3].
[[1,6,1,0,0,0,2,2,0],2,0].
[[2,9,2,1,2,0,0,0,0],0,4].
[[2,6,0,0,0,0,1,2,1],1,0].
[[3,3,2,0,0,0,1,2,1],4,0].
[[1,6,0,1,2,2,2,2,1],1,0].
[[3,7,2,0,0,0,0,0,0],3,0].
[[1,7,2,0,0,0,2,2,0],2,0].
[[2,7,2,0,0,0,2,2,0],2,0].
[[1,7,1,0,0,0,2,1,0],1,0].
[[2,7,1,0,0,0,1,2,0],1,1].
[[2,5,0,1,2,2,2,3,0],8,1].
[[3,3,1,1,2,0,2,1,0],2,0].
[[3,6,1,1,2,2,0,0,0],5,0].
[[2,7,1,1,1,2,1,1,1],1,0].
[[2,6,0,0,0,0,2,3,1],2,0].
[[2,6,0,1,2,2,2,1,1],4,2].
[[2,7,0,1,2,2,1,2,1],1,0].
[[2,6,0,1,1,2,2,2,1],0,1].
[[3,7,2,1,1,2,1,1,1],6,1].
[[2,6,1,1,2,2,2,3,0],6,0].
[[2,6,0,0,0,0,2,2,1],0,2].
[[2,6,1,1,2,0,2,2,0],2,0].
[[3,7,2,1,1,0,2,2,0],1,0].
[[3,8,0,0,0,0,0,0,0],0,4].
[[2,7,0,1,2,2,1,1,1],1,0].
[[3,7,0,1,2,0,1,1,1],2,0].
[[1,5,0,1,2,2,2,2,0],6,0].
[[2,6,0,1,1,2,2,3,0],1,0].
[[2,9,2,1,1,0,2,2,0],0,2].
[[3,4,0,1,2,0,2,2,1],0,1].
[[2,5,0,1,2,0,2,1,0],1,0].
[[3,5,0,1,2,0,2,1,0],1,0].
[[3,7,0,0,0,0,2,1,0],2,2].
[[3,7,0,1,2,0,2,2,1],3,0].
[[3,6,1,0,0,0,0,0,0],3,0].
[[3,7,0,0,0,0,1,1,1],1,0].
[[2,5,0,0,0,0,1,2,0],2,0].
[[2,7,2,1,1,2,1,1,1],1,0].
[[3,6,0,1,2,0,2,2,1],1,0].
[[2,5,0,0,0,0,1,2,1],2,0].
[[1,7,2,1,2,2,2,1,0],1,0].
[[2,7,1,1,2,2,2,1,0],7,0].
[[3,7,2,0,0,0,2,2,0],3,0].
[[3,3,2,1,1,0,2,2,1],3,0].
[[3,2,1,1,2,2,0,0,0],3,0].
[[2,7,0,1,1,2,2,2,1],0,2].
[[1,6,0,1,2,2,2,1,1],1,0].
[[1,5,0,1,2,2,2,3,0],1,0].
[[3,5,0,1,1,2,2,3,0],4,0].
[[2,3,1,1,2,2,2,1,1],3,0].
[[3,6,1,1,1,2,2,3,0],8,0].
[[1,7,1,1,2,2,2,1,0],2,0].
[[3,3,1,1,2,2,2,1,0],3,0].
[[3,3,1,1,2,0,1,2,1],1,0].
[[1,4,2,1,2,0,2,1,0],8,0].
[[1,6,1,1,2,2,2,2,1],4,1].
[[2,6,1,1,2,2,1,1,1],2,1].
[[3,7,2,1,1,2,1,1,0],1,0].
[[2,6,1,1,2,0,2,2,1],3,1].
[[3,3,1,1,2,0,2,2,1],2,0].
[[3,3,2,1,2,2,2,2,0],1,0].
[[2,7,1,1,2,2,1,1,0],0,1].
[[1,7,2,1,2,2,2,3,0],1,0].
[[3,7,0,1,1,2,1,2,0],7,1].
[[3,6,1,1,2,0,1,1,1],2,1].
[[2,7,0,1,2,2,2,2,1],2,4].
[[2,6,0,1,1,2,2,3,1],2,0].
[[3,5,0,0,0,0,1,2,1],5,1].
[[3,9,1,1,1,0,2,2,1],2,1].
[[3,5,0,1,2,2,2,1,0],1,0].
[[2,6,1,0,0,0,2,1,0],3,0].
[[3,3,2,0,0,0,2,1,0],1,0].
[[3,6,1,0,0,0,1,2,0],2,0].
[[3,7,1,1,1,0,2,1,0],1,1].
[[1,6,0,0,0,0,0,0,0],1,1].
[[1,8,0,1,1,2,2,1,0],6,1].
[[2,6,1,1,1,2,2,3,1],1,0].
[[3,6,1,1,1,2,0,0,0],2,0].
[[2,7,0,1,1,2,1,2,0],1,0].
[[3,5,0,1,2,0,2,3,0],2,0].
[[2,8,1,1,1,0,2,1,0],0,1].
[[1,8,0,1,1,2,1,1,1],1,0].
[[2,6,0,0,0,0,2,3,0],1,0].
[[3,6,0,0,0,0,1,2,0],1,0].
[[2,3,2,0,0,0,2,3,1],3,0].
[[3,3,1,1,2,2,1,1,1],2,0].
[[3,6,1,1,1,0,2,3,0],0,1].
[[3,9,1,1,1,0,2,3,1],0,4].
[[2,7,2,0,0,0,1,2,0],1,0].
[[2,7,0,1,1,2,1,2,1],0,1].
[[2,6,1,0,0,0,1,1,0],0,1].
[[3,6,1,0,0,0,1,1,0],0,2].
[[3,3,1,0,0,0,2,1,0],1,0].
[[2,7,2,0,0,0,1,1,0],1,0].
[[2,7,0,0,0,0,2,2,1],0,1].
[[2,5,0,1,2,2,1,2,1],2,0].
[[2,6,0,1,2,2,1,1,0],0,1].
[[3,6,0,1,2,2,1,1,0],0,1].
[[3,3,1,1,2,0,2,3,1],4,0].
[[1,5,0,1,2,0,1,2,1],1,0].
[[3,6,0,1,1,2,2,1,1],2,1].
[[3,6,1,1,2,2,2,1,0],3,0].
[[3,5,0,1,1,0,1,1,0],2,3].
[[2,3,1,1,2,2,2,2,1],3,0].
[[3,2,1,1,2,2,2,2,1],2,0].
[[3,7,2,1,1,0,2,1,1],2,0].
[[3,3,1,1,2,0,1,2,0],1,0].
[[3,7,2,1,1,0,1,1,1],1,0].
[[3,3,1,1,1,2,1,2,1],4,0].
[[2,6,0,1,2,2,1,2,0],2,0].
[[2,9,2,1,1,0,2,1,1],0,1].
[[3,7,0,1,2,0,2,1,0],1,1].
[[3,7,2,1,1,2,2,2,0],3,0].
[[3,3,1,1,1,2,2,3,1],2,0].
[[3,6,0,1,2,0,2,1,0],2,0].
[[3,9,1,1,1,0,2,1,0],0,3].
[[1,6,0,0,0,0,2,3,0],1,0].
[[2,3,1,0,0,0,2,3,1],1,0].
[[3,9,1,1,2,2,0,0,0],0,3].
[[3,7,0,0,0,0,2,1,1],1,0].
[[1,7,2,1,2,0,2,3,1],0,1].
[[3,6,1,1,2,2,1,1,0],3,0].
[[3,7,1,1,1,0,0,0,0],0,1].
[[2,6,0,1,1,2,2,1,1],2,1].
[[3,2,1,0,0,0,2,3,1],1,0].
[[2,9,1,1,1,0,2,1,1],1,0].
[[2,6,0,0,0,0,2,1,0],1,1].
[[3,6,0,1,2,0,1,1,0],0,1].
[[2,2,1,1,2,2,2,2,1],1,0].
[[1,5,0,1,2,0,2,2,0],3,0].
[[3,7,2,1,1,0,1,1,0],0,1].
[[3,5,0,1,1,0,1,2,0],2,1].
[[1,5,0,1,2,0,1,2,0],1,0].
[[2,5,0,1,1,0,1,2,0],1,0].
[[3,6,1,1,1,2,2,1,0],1,0].
[[1,4,2,1,2,0,1,1,0],2,0].
[[3,3,2,1,2,2,2,2,1],2,0].
[[2,7,2,1,1,2,2,2,1],2,0].
[[1,3,2,0,0,0,2,3,1],1,0].
[[3,3,2,1,2,0,1,2,1],2,0].
[[3,8,0,1,1,0,1,1,1],2,0].
[[3,7,0,1,2,0,1,1,0],1,0].
[[2,5,0,1,1,0,1,1,1],0,1].
[[3,4,0,1,2,0,1,1,1],0,1].
[[2,6,1,1,2,2,1,2,0],1,0].
[[3,2,1,1,1,2,2,2,1],1,0].
[[2,5,0,1,2,2,2,1,0],1,0].
[[3,7,2,1,2,0,2,1,0],2,0].
[[2,7,0,0,0,0,2,3,1],1,0].
[[2,9,1,1,2,0,0,0,0],0,1].
[[3,3,1,1,1,2,2,2,1],1,0].
[[2,3,2,1,2,2,2,2,1],2,0].
[[3,3,2,1,1,2,2,2,1],1,0].
[[2,5,0,1,2,0,1,2,0],2,0].
[[3,4,0,1,2,0,2,3,1],0,1].
[[2,6,0,0,0,0,2,2,0],1,0].
[[2,3,2,1,2,0,2,3,1],1,0].
[[3,3,2,1,2,2,1,2,1],2,0].
[[2,7,1,0,0,0,1,1,0],1,0].
[[3,3,1,1,2,0,1,1,0],1,0].
[[2,3,2,1,2,2,2,3,1],1,0].
[[3,6,0,1,2,0,2,3,0],1,1].
[[1,6,1,0,0,0,1,2,1],1,0].
[[2,3,2,0,0,0,1,2,1],1,0].
[[2,9,2,1,1,0,2,3,0],1,0].
[[3,3,1,1,1,2,1,1,0],1,0].
[[2,7,0,1,1,2,1,1,1],1,0].
[[3,3,2,1,2,2,1,1,1],3,0].
[[2,3,1,0,0,0,2,1,0],1,0].
[[3,3,1,0,0,0,2,1,1],1,0].
[[2,3,2,1,2,2,0,0,0],1,0].
[[3,3,2,1,1,2,2,3,1],1,0].
[[2,7,0,0,0,0,2,1,0],0,1].
[[2,6,1,1,2,0,1,2,0],1,1].
[[3,6,1,1,1,0,1,2,0],1,0].
[[2,7,2,1,1,0,2,2,1],2,0].
[[1,8,0,0,0,0,1,1,0],0,1].
[[1,6,0,1,2,2,2,3,1],1,0].
[[2,6,0,1,1,2,1,2,1],1,0].
[[1,6,1,1,2,2,2,1,0],1,0].
[[2,3,2,1,2,2,1,1,1],1,0].
[[2,7,0,1,2,2,2,1,0],0,1].
[[3,3,0,1,1,2,2,1,0],0,1].
[[3,7,2,1,1,0,1,2,0],1,0].
[[1,5,0,1,1,2,2,2,0],1,0].
[[1,7,2,1,2,2,1,2,1],1,0].
[[1,8,1,1,1,2,1,1,1],0,1].
[[1,6,1,1,2,2,2,3,0],1,0].
[[1,7,2,1,2,2,1,1,1],1,0].
