total_WL(6050,5830).
[[1,9,2,0,0,0,2,2,0],93,175].
[[2,9,2,1,2,0,2,2,0],7,19].
[[3,8,1,1,2,0,1,2,1],76,42].
[[1,8,0,1,2,2,0,0,0],157,237].
[[2,7,1,1,2,2,0,0,0],116,65].
[[3,7,1,1,1,2,2,3,1],69,24].
[[1,8,1,1,2,2,2,3,1],175,65].
[[2,8,1,1,2,2,2,3,1],238,118].
[[3,8,1,1,1,2,1,2,0],32,15].
[[1,8,0,1,2,2,2,3,1],45,40].
[[2,7,1,1,2,2,2,3,1],59,21].
[[3,7,1,1,2,2,2,1,1],73,37].
[[1,9,2,0,0,0,2,3,0],134,230].
[[2,8,0,0,0,0,2,3,0],37,59].
[[3,7,0,0,0,0,2,3,0],1,6].
[[1,8,0,1,1,2,0,0,0],69,46].
[[2,8,0,1,1,2,0,0,0],21,50].
[[3,8,0,1,1,2,2,2,0],7,61].
[[1,9,2,1,2,2,2,3,1],174,283].
[[2,9,1,1,1,2,2,1,1],25,34].
[[3,9,1,1,1,2,1,2,1],41,145].
[[1,9,2,1,2,2,2,2,1],140,231].
[[2,8,1,1,2,2,2,2,1],166,70].
[[3,8,1,1,1,2,1,2,1],102,61].
[[3,7,1,1,2,2,2,3,1],127,66].
[[1,9,2,1,2,2,2,1,0],27,46].
[[2,9,1,1,2,2,2,1,0],9,33].
[[3,9,1,1,2,2,2,3,0],10,84].
[[1,8,0,0,0,0,0,0,0],101,179].
[[2,7,1,1,2,0,2,2,1],10,5].
[[3,7,1,1,2,2,2,2,1],83,48].
[[1,9,2,0,0,0,2,1,1],84,163].
[[2,8,0,0,0,0,2,1,1],26,36].
[[3,8,0,1,2,2,2,1,1],33,56].
[[1,8,1,0,0,0,0,0,0],385,236].
[[3,7,1,1,1,2,2,1,1],42,22].
[[1,9,2,1,2,2,2,1,1],92,182].
[[2,9,1,1,2,2,2,1,1],30,63].
[[3,9,1,1,2,2,1,2,1],44,187].
[[1,9,2,1,2,2,0,0,0],98,266].
[[2,8,1,1,2,2,2,1,1],110,73].
[[3,8,1,1,2,2,2,1,1],64,46].
[[2,8,0,1,2,2,2,3,0],74,105].
[[3,8,0,1,2,2,1,2,0],64,70].
[[1,8,1,0,0,0,2,2,1],153,68].
[[2,7,1,0,0,0,2,2,1],23,11].
[[3,7,1,1,2,2,1,1,1],23,29].
[[2,9,1,1,2,2,2,2,1],48,76].
[[2,9,2,1,1,2,2,1,0],4,6].
[[3,9,1,1,1,2,2,1,0],2,10].
[[1,8,0,1,2,2,2,2,0],30,20].
[[2,7,1,1,2,2,1,1,1],7,5].
[[3,3,1,1,2,2,1,1,1],3,1].
[[2,8,1,1,2,2,2,3,0],75,46].
[[3,8,1,1,1,2,2,1,0],1,4].
[[1,9,2,1,1,2,1,2,1],28,18].
[[2,9,1,1,1,2,1,2,1],40,42].
[[2,9,1,1,1,2,0,0,0],2,8].
[[3,4,2,1,2,0,0,0,0],10,6].
[[2,9,1,0,0,0,2,1,1],11,36].
[[3,8,0,0,0,0,2,1,1],4,15].
[[2,8,0,1,2,2,2,2,1],57,112].
[[1,9,2,1,2,2,2,2,0],143,151].
[[2,9,1,1,2,2,1,2,0],56,97].
[[1,9,2,1,1,2,2,1,1],66,39].
[[2,4,2,1,2,0,1,1,1],23,1].
[[3,4,2,1,2,0,1,1,1],84,3].
[[1,9,2,1,1,2,2,2,1],71,51].
[[2,4,2,1,2,0,2,2,1],40,1].
[[3,4,2,1,2,0,1,2,1],147,0].
[[2,8,0,1,2,2,2,1,1],42,79].
[[3,8,0,1,2,2,2,2,1],32,84].
[[1,8,1,0,0,0,2,1,1],127,71].
[[2,8,1,0,0,0,1,2,1],83,43].
[[3,7,2,0,0,0,1,2,1],21,0].
[[3,8,0,1,2,2,2,3,0],40,130].
[[1,9,2,0,0,0,1,2,1],47,73].
[[2,8,0,0,0,0,1,2,1],11,17].
[[3,8,0,0,0,0,1,2,1],16,31].
[[1,8,1,1,2,2,2,2,1],127,49].
[[2,8,1,1,2,2,1,1,1],46,50].
[[1,7,2,0,0,0,0,0,0],101,8].
[[2,7,2,1,2,0,2,3,1],11,3].
[[3,7,2,1,2,0,2,3,1],29,4].
[[1,8,1,1,2,2,0,0,0],308,152].
[[3,7,1,1,2,2,2,3,0],32,24].
[[3,3,1,0,0,0,2,2,1],4,2].
[[2,8,0,1,2,2,0,0,0],39,127].
[[3,8,0,1,1,2,2,1,1],16,47].
[[2,4,2,1,2,0,2,1,1],40,2].
[[3,4,2,1,2,0,2,3,1],78,3].
[[1,9,2,0,0,0,2,3,1],132,293].
[[2,8,1,1,2,0,2,3,1],57,36].
[[2,8,1,1,1,2,2,2,1],68,22].
[[1,8,1,0,0,0,2,3,1],214,99].
[[2,8,1,0,0,0,2,3,1],143,77].
[[3,8,1,0,0,0,2,2,1],26,16].
[[1,8,0,1,2,2,2,2,1],24,56].
[[2,7,1,1,2,2,2,2,1],29,15].
[[3,7,1,1,1,2,1,2,1],41,17].
[[1,8,0,0,0,0,2,3,1],31,41].
[[2,7,1,1,2,0,2,3,1],7,10].
[[3,7,1,1,1,0,2,3,1],6,5].
[[3,8,1,1,2,2,1,1,1],76,66].
[[1,7,1,1,2,2,2,3,1],4,2].
[[2,7,1,1,2,2,1,2,1],16,3].
[[3,3,1,1,2,2,1,2,1],5,0].
[[3,8,0,1,1,2,0,0,0],0,12].
[[1,9,2,1,2,2,2,3,0],208,238].
[[3,8,1,1,2,2,1,2,1],175,119].
[[1,6,1,0,0,0,0,0,0],85,5].
[[2,6,1,0,0,0,0,0,0],46,5].
[[3,6,1,1,2,2,2,3,0],12,0].
[[1,9,2,0,0,0,0,0,0],69,288].
[[2,9,2,0,0,0,0,0,0],0,23].
[[3,8,0,1,2,2,0,0,0],0,36].
[[1,8,0,1,1,2,2,2,0],13,3].
[[2,8,0,1,1,2,2,3,0],44,41].
[[3,4,2,1,2,0,2,3,0],82,2].
[[1,9,2,1,2,0,1,1,1],2,2].
[[2,8,0,1,2,0,1,1,1],2,1].
[[3,8,0,1,2,0,1,1,1],9,15].
[[2,8,1,1,2,2,2,2,0],47,24].
[[3,8,1,1,1,0,1,2,0],6,7].
[[2,8,0,1,2,2,1,1,1],8,14].
[[3,8,0,1,2,2,1,1,1],23,46].
[[2,9,2,1,2,0,2,3,1],9,21].
[[3,8,0,1,2,0,2,3,1],8,31].
[[3,8,1,1,2,2,2,3,1],121,67].
[[3,7,2,1,2,2,2,2,1],50,1].
[[1,9,2,1,2,2,1,2,1],59,72].
[[2,8,0,1,2,2,1,2,1],27,35].
[[3,7,1,1,2,2,1,2,1],71,22].
[[2,9,1,1,2,2,2,2,0],34,75].
[[3,9,1,1,2,2,2,2,0],8,67].
[[2,8,1,0,0,0,0,0,0],26,30].
[[3,8,1,0,0,0,2,3,1],44,19].
[[1,4,2,1,2,0,1,2,1],6,0].
[[2,4,2,1,2,0,1,2,1],43,0].
[[2,8,0,0,0,0,2,3,1],32,79].
[[3,7,1,1,2,0,2,3,1],32,21].
[[1,9,2,0,0,0,2,2,1],134,193].
[[2,9,2,1,2,2,1,2,1],36,53].
[[3,8,0,1,2,2,1,2,1],45,103].
[[3,9,1,1,2,2,1,2,0],49,161].
[[2,7,2,0,0,0,2,2,1],18,1].
[[3,7,2,0,0,0,2,2,1],15,1].
[[2,8,0,0,0,0,2,2,1],22,36].
[[3,8,0,0,0,0,2,2,1],11,19].
[[1,9,2,1,2,2,1,1,1],32,33].
[[2,9,2,1,2,2,1,1,1],6,30].
[[3,9,1,1,2,2,1,1,1],16,78].
[[1,8,1,1,2,2,2,2,0],31,14].
[[2,8,1,1,1,2,1,1,0],5,1].
[[3,7,2,1,1,2,1,1,0],1,1].
[[1,7,2,0,0,0,2,3,1],19,1].
[[2,3,2,0,0,0,2,3,1],3,0].
[[3,3,2,0,0,0,2,3,1],11,0].
[[2,9,1,0,0,0,2,3,0],27,57].
[[3,9,1,0,0,0,2,3,0],1,20].
[[2,8,1,0,0,0,2,3,0],36,29].
[[3,8,1,1,2,2,1,2,0],77,34].
[[2,9,1,1,2,2,2,3,0],45,126].
[[1,9,2,1,2,0,2,1,1],5,22].
[[2,8,1,1,2,0,2,1,1],33,27].
[[3,7,2,1,2,0,2,1,1],16,0].
[[3,7,1,0,0,0,1,2,1],16,6].
[[1,8,0,1,2,2,2,3,0],48,40].
[[1,9,2,0,0,0,1,2,0],51,56].
[[2,9,2,0,0,0,1,2,0],14,15].
[[3,5,0,0,0,0,1,2,0],13,0].
[[2,8,0,1,2,2,2,3,1],51,121].
[[3,8,0,1,2,2,2,3,1],39,110].
[[3,7,0,1,2,2,2,3,1],9,15].
[[1,9,2,1,2,2,1,1,0],16,29].
[[2,9,1,1,2,2,1,1,0],10,41].
[[3,9,1,1,2,2,1,1,0],13,43].
[[1,9,2,1,1,2,2,2,0],67,30].
[[2,9,2,1,1,2,2,2,0],15,28].
[[3,8,1,1,1,2,1,1,1],44,32].
[[2,9,1,1,1,2,2,2,0],24,35].
[[3,9,1,1,1,2,1,2,0],26,85].
[[3,6,0,0,0,0,2,1,1],1,1].
[[2,9,1,0,0,0,2,2,0],18,51].
[[3,9,1,1,2,0,1,2,0],20,43].
[[3,7,0,1,2,2,0,0,0],10,17].
[[1,8,1,1,1,2,1,2,1],7,3].
[[2,8,1,1,1,2,1,2,1],36,18].
[[1,8,1,0,0,0,1,2,1],53,26].
[[2,7,1,0,0,0,1,2,1],10,1].
[[2,9,1,1,2,2,1,2,1],55,110].
[[1,8,0,0,0,0,2,3,0],32,37].
[[1,7,1,0,0,0,0,0,0],59,31].
[[2,6,1,1,2,2,2,3,1],22,0].
[[3,6,1,1,1,2,2,3,1],9,0].
[[2,7,2,1,2,2,2,1,1],23,5].
[[3,7,2,1,1,2,2,1,1],8,0].
[[2,7,0,1,2,2,0,0,0],8,8].
[[1,9,2,1,2,0,2,2,0],12,28].
[[2,8,0,1,2,0,2,2,0],5,14].
[[3,8,0,1,1,0,2,2,0],1,7].
[[2,9,1,1,2,2,0,0,0],0,20].
[[3,4,2,1,2,0,2,1,1],71,3].
[[3,4,2,1,2,0,2,2,0],67,1].
[[2,9,2,0,0,0,2,3,0],6,33].
[[2,8,1,1,2,0,1,1,1],7,15].
[[3,7,1,1,2,0,1,1,1],7,8].
[[3,5,0,1,2,2,1,2,0],40,3].
[[2,7,2,0,0,0,0,0,0],54,7].
[[3,7,2,1,2,2,2,3,1],52,5].
[[1,9,2,1,2,2,1,2,0],72,61].
[[3,8,0,1,1,2,1,2,0],53,47].
[[2,8,0,1,1,2,2,2,1],30,28].
[[3,8,0,1,1,2,2,2,1],18,51].
[[1,7,1,1,2,2,0,0,0],61,23].
[[3,3,1,1,2,2,2,2,1],8,1].
[[2,9,1,1,1,2,2,2,1],18,33].
[[3,9,1,1,1,2,1,1,1],10,55].
[[1,8,1,0,0,0,2,3,0],60,27].
[[2,8,1,0,0,0,1,2,0],21,12].
[[3,7,1,1,2,2,1,2,0],30,4].
[[1,9,2,1,2,0,1,2,0],5,7].
[[2,9,1,1,1,0,1,2,0],2,5].
[[2,8,0,1,2,2,2,2,0],57,76].
[[3,8,0,1,2,2,2,2,0],35,100].
[[3,9,1,1,1,2,2,1,1],7,32].
[[3,6,1,1,1,2,2,2,1],8,0].
[[2,8,1,0,0,0,2,2,1],106,54].
[[2,9,2,0,0,0,1,2,1],17,32].
[[3,8,1,0,0,0,1,2,1],57,31].
[[2,9,2,1,1,2,2,1,1],16,11].
[[2,9,1,1,1,2,1,1,1],14,15].
[[3,6,1,0,0,0,2,3,1],14,0].
[[3,9,1,0,0,0,1,2,1],10,46].
[[3,8,0,1,1,2,1,2,1],29,85].
[[1,8,1,1,2,2,2,3,0],64,16].
[[3,8,1,1,1,2,2,2,0],14,18].
[[1,8,0,1,1,2,2,3,0],11,10].
[[3,8,0,1,1,2,2,3,0],25,92].
[[2,8,1,1,2,0,2,2,0],18,10].
[[3,8,1,1,1,0,2,2,0],1,5].
[[1,8,1,1,2,0,2,3,1],20,10].
[[2,8,1,1,1,0,1,2,1],2,7].
[[3,8,1,1,1,0,1,2,1],12,33].
[[2,9,1,0,0,0,1,1,0],11,19].
[[3,9,1,1,2,0,1,1,0],2,20].
[[1,9,2,0,0,0,2,1,0],36,42].
[[2,8,0,0,0,0,2,1,0],4,12].
[[3,7,1,0,0,0,1,1,1],9,3].
[[2,9,1,1,1,2,2,3,1],21,32].
[[3,8,1,1,1,2,2,3,1],54,37].
[[2,8,1,1,1,2,2,3,1],84,28].
[[3,7,2,1,1,2,2,3,1],18,0].
[[2,9,1,0,0,0,1,2,1],21,50].
[[1,8,0,0,0,0,2,1,0],8,9].
[[2,8,0,0,0,0,1,2,0],21,8].
[[3,8,0,1,2,0,1,1,0],2,7].
[[3,7,2,1,2,2,2,1,1],30,2].
[[3,8,1,0,0,0,2,1,1],13,14].
[[1,8,0,1,2,2,2,1,1],25,29].
[[1,9,2,1,2,0,2,2,1],14,33].
[[2,8,0,1,2,0,2,2,1],10,11].
[[1,8,1,1,2,0,2,2,0],5,3].
[[2,8,1,1,1,0,2,1,1],2,1].
[[3,4,0,1,2,0,1,2,0],0,1].
[[3,4,2,1,2,0,2,2,1],68,2].
[[2,8,1,1,2,2,1,2,1],120,64].
[[2,8,1,1,2,0,2,2,1],44,32].
[[3,6,1,1,2,0,2,2,1],16,0].
[[2,5,0,0,0,0,1,1,0],3,0].
[[3,5,0,1,2,0,1,1,0],7,2].
[[3,8,1,1,2,2,2,3,0],27,35].
[[3,6,1,1,2,2,1,1,1],6,3].
[[2,9,2,0,0,0,2,2,1],6,26].
[[3,9,1,1,2,0,1,1,1],5,27].
[[3,9,1,0,0,0,2,1,0],0,6].
[[2,9,2,1,2,0,1,2,1],7,10].
[[3,5,0,1,1,0,1,1,1],2,5].
[[1,8,1,1,2,2,1,2,1],36,24].
[[1,9,2,1,1,2,0,0,0],67,73].
[[2,8,1,1,1,2,0,0,0],22,10].
[[1,8,0,0,0,0,2,2,0],24,13].
[[3,7,0,1,2,2,2,2,0],9,12].
[[3,6,1,1,2,2,2,1,1],20,0].
[[2,9,2,1,2,2,2,1,1],13,43].
[[2,7,1,0,0,0,0,0,0],56,24].
[[3,7,1,0,0,0,0,0,0],13,4].
[[1,9,2,1,1,2,2,3,1],84,76].
[[2,9,2,1,1,2,2,3,1],22,37].
[[1,7,1,0,0,0,2,3,1],11,2].
[[2,7,1,1,2,2,2,3,0],15,8].
[[3,7,0,0,0,0,2,1,0],0,1].
[[3,7,1,0,0,0,2,3,1],27,16].
[[2,9,2,1,1,2,1,2,1],21,36].
[[1,9,2,1,1,2,2,3,0],78,57].
[[1,4,2,1,2,0,2,3,0],23,0].
[[2,4,2,1,2,0,2,3,0],53,1].
[[3,7,1,1,1,2,2,2,1],46,18].
[[2,9,1,0,0,0,2,1,0],2,14].
[[3,9,1,1,2,0,2,1,0],0,3].
[[2,8,1,1,1,2,2,2,0],15,4].
[[3,8,0,1,2,0,1,2,1],6,32].
[[1,7,1,0,0,0,2,2,0],3,1].
[[2,7,1,1,2,0,1,2,0],1,0].
[[3,3,1,1,2,0,1,2,0],1,0].
[[2,7,2,1,2,2,2,3,1],41,4].
[[1,9,2,1,2,0,0,0,0],3,37].
[[2,9,2,0,0,0,1,1,0],3,6].
[[3,8,0,1,2,2,1,1,0],22,39].
[[3,7,2,1,2,0,0,0,0],11,1].
[[2,8,0,0,0,0,0,0,0],15,64].
[[3,8,0,1,2,0,0,0,0],0,5].
[[3,8,1,1,2,2,2,2,1],83,44].
[[3,7,1,1,1,2,2,3,0],25,15].
[[1,9,2,1,2,0,2,3,1],13,32].
[[2,9,2,1,2,2,2,2,0],34,57].
[[2,9,2,1,2,2,2,3,0],30,75].
[[2,9,2,0,0,0,2,3,1],13,43].
[[3,8,0,0,0,0,2,3,1],10,30].
[[3,5,0,0,0,0,1,1,1],13,0].
[[2,7,2,0,0,0,2,3,1],42,1].
[[3,7,2,0,0,0,2,3,1],25,0].
[[2,6,1,0,0,0,2,3,0],10,0].
[[3,4,2,1,2,0,1,2,0],100,3].
[[3,8,0,1,2,2,2,1,0],10,28].
[[3,5,0,1,1,2,1,1,0],15,2].
[[2,8,0,1,1,2,1,2,1],12,14].
[[2,8,1,1,1,2,2,1,1],51,21].
[[3,8,1,1,1,2,2,1,1],41,20].
[[3,8,1,1,1,2,2,3,0],13,21].
[[2,9,1,1,2,2,1,1,1],26,43].
[[2,9,1,1,2,0,2,2,0],11,22].
[[3,9,1,1,1,0,2,2,0],3,9].
[[2,8,0,1,2,2,2,1,0],13,22].
[[3,6,0,1,1,2,2,1,0],0,2].
[[2,8,1,0,0,0,1,1,0],5,2].
[[3,8,1,1,2,2,1,1,0],15,18].
[[3,8,0,1,1,2,1,1,1],13,40].
[[3,9,1,1,2,2,2,2,1],10,32].
[[2,6,1,1,2,2,2,2,0],4,0].
[[2,9,2,1,2,2,2,3,1],21,85].
[[1,8,1,1,2,2,2,1,1],101,40].
[[3,7,2,1,2,2,1,1,1],13,3].
[[2,6,1,0,0,0,2,3,1],10,0].
[[3,6,1,1,2,2,2,3,1],44,3].
[[2,8,0,1,1,2,2,1,1],33,26].
[[2,6,0,1,2,2,0,0,0],11,16].
[[3,3,1,1,2,2,0,0,0],24,6].
[[2,8,1,0,0,0,2,1,1],71,51].
[[1,8,1,0,0,0,2,1,0],12,5].
[[2,7,1,1,2,2,2,1,0],5,0].
[[3,7,1,1,2,2,2,1,0],10,2].
[[2,9,1,1,2,0,2,3,0],9,32].
[[3,9,1,1,1,0,1,2,0],2,15].
[[2,9,1,0,0,0,2,3,1],19,49].
[[2,8,0,1,2,0,0,0,0],0,20].
[[3,5,0,1,1,0,1,1,0],2,2].
[[3,5,0,1,1,2,1,2,0],34,1].
[[2,9,1,1,2,2,2,3,1],25,96].
[[3,9,1,1,2,2,2,3,1],7,28].
[[3,7,1,1,2,0,2,1,1],17,15].
[[1,8,0,1,1,2,2,1,1],12,2].
[[2,7,1,1,1,2,2,2,1],12,5].
[[2,9,2,1,2,2,2,2,1],11,49].
[[2,4,2,1,2,0,0,0,0],19,2].
[[2,9,2,1,2,2,1,2,0],19,21].
[[3,8,1,1,2,0,2,3,1],41,27].
[[2,7,1,1,1,2,0,0,0],33,9].
[[1,8,1,1,1,2,0,0,0],44,23].
[[1,9,2,0,0,0,1,1,1],33,32].
[[2,5,0,1,2,2,1,1,1],17,1].
[[3,5,0,1,2,2,1,2,1],6,0].
[[3,8,0,1,2,0,2,2,0],11,34].
[[3,8,1,1,2,0,2,1,1],25,20].
[[2,3,1,1,2,2,0,0,0],7,1].
[[2,3,1,1,2,2,2,3,1],2,0].
[[3,3,1,1,2,2,2,3,0],5,0].
[[3,7,2,1,1,2,2,1,0],1,0].
[[2,9,2,0,0,0,1,1,1],9,17].
[[1,6,1,1,2,2,0,0,0],21,0].
[[3,6,1,1,1,2,2,3,0],7,0].
[[3,8,0,1,1,0,1,2,1],1,7].
[[1,8,1,0,0,0,1,2,0],10,6].
[[2,8,1,1,2,2,1,2,0],39,13].
[[1,4,2,1,2,0,2,3,1],17,1].
[[2,4,2,1,2,0,2,3,1],52,1].
[[2,9,2,0,0,0,2,2,0],6,36].
[[3,9,1,1,2,0,2,2,0],3,27].
[[1,9,2,1,2,0,1,1,0],4,5].
[[2,9,2,1,2,0,1,1,0],2,3].
[[3,7,1,0,0,0,2,1,1],21,11].
[[2,9,1,0,0,0,1,2,0],30,43].
[[3,9,1,0,0,0,1,2,0],9,37].
[[1,8,1,1,1,2,2,2,1],25,5].
[[2,8,1,1,1,2,1,1,1],22,10].
[[3,7,2,1,1,2,1,1,1],9,2].
[[3,5,0,1,2,2,1,1,1],45,2].
[[1,8,0,1,1,2,2,2,1],6,3].
[[3,7,1,1,2,0,1,2,0],7,3].
[[2,8,0,1,1,2,2,2,0],39,25].
[[3,6,0,1,1,2,2,2,0],5,5].
[[3,7,2,1,2,2,0,0,0],11,3].
[[2,8,1,1,1,2,2,3,0],31,16].
[[2,8,0,1,1,2,2,3,1],39,47].
[[3,7,0,1,1,2,2,3,1],13,11].
[[3,7,1,1,1,2,2,1,0],6,4].
[[2,9,2,1,2,2,0,0,0],2,22].
[[3,8,0,0,0,0,2,3,0],10,28].
[[2,8,0,1,1,2,1,1,1],9,7].
[[2,7,2,0,0,0,1,2,1],20,0].
[[2,9,2,1,1,2,2,3,0],15,36].
[[3,9,1,1,1,2,2,3,0],8,61].
[[1,8,1,1,1,2,2,3,1],31,8].
[[2,9,1,1,2,0,1,2,1],8,23].
[[3,9,1,1,1,0,1,2,1],1,30].
[[3,8,1,1,1,0,2,2,1],8,9].
[[1,8,0,1,2,2,2,1,0],10,10].
[[3,5,0,1,1,2,1,1,1],28,1].
[[2,9,1,1,2,0,2,3,1],5,27].
[[3,7,1,1,1,2,0,0,0],14,14].
[[1,9,2,0,0,0,1,1,0],14,24].
[[2,8,0,1,2,2,1,1,0],9,14].
[[3,8,1,1,2,0,1,1,0],5,8].
[[2,7,2,1,2,0,2,2,1],15,1].
[[2,7,1,0,0,0,2,3,0],8,1].
[[3,7,2,1,2,2,1,2,1],37,5].
[[3,8,1,0,0,0,1,1,1],23,26].
[[2,8,1,0,0,0,1,1,1],42,24].
[[3,8,1,1,2,0,1,1,1],33,28].
[[1,7,1,0,0,0,2,1,1],5,1].
[[2,3,1,0,0,0,2,1,1],1,1].
[[3,3,1,0,0,0,2,1,1],3,1].
[[1,8,1,1,2,2,1,1,1],8,9].
[[2,9,1,0,0,0,2,2,1],12,37].
[[3,8,0,1,2,0,2,2,1],7,23].
[[1,8,0,0,0,0,2,2,1],20,21].
[[2,5,0,1,2,2,1,1,0],4,0].
[[3,5,0,1,2,2,1,1,0],14,3].
[[3,8,1,1,2,0,2,3,0],10,19].
[[3,8,1,1,1,0,2,3,0],3,12].
[[2,8,1,1,2,2,0,0,0],41,40].
[[3,8,1,1,1,2,0,0,0],0,4].
[[1,9,2,1,1,2,1,2,0],39,23].
[[2,4,2,1,2,0,1,2,0],35,1].
[[3,6,1,1,2,2,1,2,0],4,0].
[[3,5,0,0,0,0,1,1,0],7,1].
[[2,9,1,1,1,2,2,1,0],6,11].
[[3,4,2,1,2,0,2,1,0],11,0].
[[3,6,0,1,2,2,2,2,1],10,5].
[[1,8,1,1,1,2,2,2,0],3,1].
[[2,7,1,1,1,2,2,2,0],4,1].
[[3,7,1,1,1,2,2,2,0],10,7].
[[2,9,1,1,1,2,1,2,0],51,37].
[[2,7,1,0,0,0,2,3,1],33,18].
[[1,8,1,0,0,0,1,1,1],16,18].
[[3,8,0,0,0,0,2,2,0],7,21].
[[2,9,1,1,2,0,2,1,1],4,21].
[[3,8,0,1,1,2,2,3,1],31,90].
[[2,8,0,1,1,2,2,1,0],10,19].
[[3,8,0,1,1,2,2,1,0],5,29].
[[3,9,1,1,2,0,2,3,0],2,26].
[[3,6,1,1,1,2,1,1,1],2,3].
[[2,7,1,1,2,0,2,3,0],6,1].
[[1,9,2,1,2,0,2,3,0],7,45].
[[3,8,0,1,1,0,2,3,0],1,10].
[[2,7,2,1,2,0,2,1,1],3,2].
[[1,9,2,1,1,2,2,1,0],17,20].
[[3,6,0,0,0,0,2,3,1],1,3].
[[2,9,1,1,1,2,1,1,0],9,14].
[[3,8,0,1,1,2,1,1,0],12,12].
[[2,5,0,1,2,2,1,2,0],14,2].
[[3,7,1,0,0,0,2,2,1],33,14].
[[3,3,1,1,2,0,2,3,0],1,0].
[[3,7,0,0,0,0,2,3,1],5,4].
[[2,9,2,1,2,0,1,1,1],2,14].
[[3,9,1,1,1,0,1,1,1],0,14].
[[1,8,1,1,2,2,1,2,0],9,1].
[[3,8,1,0,0,0,2,2,0],3,13].
[[2,6,1,1,1,2,0,0,0],8,0].
[[3,3,1,1,1,2,0,0,0],7,1].
[[2,8,0,1,1,2,1,2,0],19,10].
[[2,9,1,1,2,0,1,2,0],11,20].
[[3,8,1,1,2,0,1,2,0],18,12].
[[3,9,1,1,2,2,2,1,1],8,32].
[[2,7,0,1,2,2,2,1,1],0,1].
[[3,7,0,1,2,2,1,1,1],1,2].
[[1,6,0,1,2,2,0,0,0],6,6].
[[2,6,0,1,2,2,2,3,1],3,1].
[[3,6,0,1,2,2,1,2,1],4,1].
[[3,9,1,1,1,2,2,2,0],6,46].
[[2,9,2,1,1,2,2,2,1],11,18].
[[3,8,0,1,1,0,2,2,1],1,6].
[[1,9,2,1,1,2,1,1,1],12,8].
[[3,9,1,1,1,2,2,2,1],3,29].
[[3,8,0,1,2,0,2,1,1],4,9].
[[3,7,0,1,1,2,0,0,0],6,15].
[[2,7,1,1,2,2,2,1,1],36,20].
[[3,7,2,0,0,0,0,0,0],3,0].
[[2,9,2,1,1,2,1,1,1],10,14].
[[3,7,1,1,2,2,0,0,0],36,28].
[[3,8,0,1,2,0,2,3,0],7,36].
[[2,7,1,1,1,2,2,3,1],19,3].
[[1,4,2,1,2,0,1,1,1],3,0].
[[3,6,1,0,0,0,0,0,0],5,0].
[[2,7,1,0,0,0,2,1,0],6,0].
[[1,8,1,1,2,0,2,3,0],6,5].
[[3,7,0,1,2,0,2,3,0],4,3].
[[3,8,0,0,0,0,1,2,0],11,14].
[[2,7,2,1,2,2,2,2,1],22,3].
[[2,9,1,1,2,0,2,2,1],2,16].
[[3,9,1,1,2,0,2,2,1],2,16].
[[3,7,2,1,2,0,1,1,1],7,2].
[[2,6,1,1,2,0,0,0,0],11,3].
[[3,8,0,1,2,0,1,2,0],19,28].
[[3,7,0,1,1,2,2,1,1],5,7].
[[2,9,2,1,1,2,1,2,0],12,7].
[[3,7,0,1,1,2,2,3,0],7,14].
[[3,7,2,1,1,2,2,2,1],14,0].
[[1,8,0,0,0,0,2,1,1],12,21].
[[2,5,0,1,2,0,1,2,0],1,1].
[[3,5,0,1,2,0,1,2,0],11,0].
[[3,7,1,1,2,0,0,0,0],17,13].
[[3,6,1,1,2,2,2,1,0],2,0].
[[3,6,1,0,0,0,1,1,1],4,0].
[[1,8,1,1,2,2,2,1,0],12,5].
[[2,8,1,1,2,2,2,1,0],15,8].
[[3,8,1,1,2,2,2,1,0],9,7].
[[2,9,2,1,2,0,2,2,1],2,8].
[[2,8,0,0,0,0,2,2,0],10,33].
[[2,8,0,1,2,0,2,3,0],6,25].
[[2,9,1,0,0,0,1,1,1],17,17].
[[3,7,1,1,1,2,1,1,1],13,2].
[[1,8,1,0,0,0,2,2,0],28,22].
[[3,7,1,1,2,0,2,2,1],33,12].
[[3,7,1,1,1,0,2,1,1],5,4].
[[3,7,2,1,1,2,1,2,1],22,1].
[[2,7,1,1,1,2,2,1,1],11,2].
[[3,7,2,0,0,0,1,2,0],6,0].
[[3,7,1,1,2,2,2,2,0],27,12].
[[2,8,1,0,0,0,2,2,0],25,18].
[[3,8,1,0,0,0,1,2,0],22,6].
[[3,9,1,1,1,2,2,3,1],5,20].
[[2,7,0,0,0,0,2,1,1],1,0].
[[3,7,0,0,0,0,1,1,1],2,1].
[[2,7,0,1,1,2,2,1,1],2,1].
[[3,8,1,1,1,0,2,3,1],1,13].
[[3,9,1,1,1,2,1,1,0],8,41].
[[3,6,1,1,2,0,2,3,1],15,1].
[[1,8,1,1,2,0,2,1,1],19,7].
[[3,8,1,1,1,0,2,1,1],7,15].
[[3,7,2,1,2,0,2,2,1],20,2].
[[2,9,1,1,1,2,2,3,0],35,45].
[[2,7,0,0,0,0,0,0,0],2,4].
[[3,7,0,0,0,0,2,1,1],1,4].
[[3,9,1,1,2,0,1,2,1],11,64].
[[2,7,1,0,0,0,2,1,1],18,9].
[[1,8,1,1,1,2,2,3,0],8,5].
[[1,7,2,0,0,0,2,2,0],4,0].
[[2,7,2,0,0,0,2,2,0],2,0].
[[3,7,2,0,0,0,1,1,0],2,0].
[[3,8,1,1,2,0,2,2,1],30,22].
[[1,8,0,1,1,2,1,2,0],3,0].
[[2,7,1,1,1,2,1,2,0],2,1].
[[3,7,1,1,1,2,1,2,0],10,3].
[[1,6,1,0,0,0,2,2,1],5,2].
[[2,6,1,1,2,0,1,1,1],0,1].
[[1,7,1,1,2,2,2,1,1],5,2].
[[2,8,1,1,2,0,1,2,1],26,18].
[[3,7,2,1,2,2,2,3,0],10,0].
[[3,8,1,0,0,0,2,3,0],7,12].
[[2,4,2,1,2,0,2,2,0],30,1].
[[2,6,1,1,2,0,2,3,1],10,0].
[[3,3,2,1,2,0,2,3,1],4,0].
[[3,7,0,1,1,2,2,2,0],2,11].
[[3,9,1,0,0,0,2,2,0],0,13].
[[3,9,1,1,1,0,2,3,0],1,10].
[[2,8,1,1,1,2,1,2,0],13,6].
[[3,4,2,1,2,0,1,1,0],42,0].
[[2,6,1,0,0,0,2,1,1],7,1].
[[3,8,1,1,2,2,2,2,0],19,20].
[[3,8,0,1,1,0,2,1,0],0,2].
[[2,3,2,0,0,0,0,0,0],20,0].
[[3,3,2,0,0,0,0,0,0],8,0].
[[2,6,1,1,1,2,2,3,0],4,0].
[[1,9,2,1,1,2,1,1,0],11,3].
[[2,8,0,1,1,2,1,1,0],6,4].
[[3,7,0,1,1,2,1,1,0],3,1].
[[3,7,2,1,2,0,2,3,0],4,0].
[[1,8,1,1,2,0,0,0,0],26,32].
[[2,7,1,1,2,0,0,0,0],18,10].
[[3,7,1,1,2,0,1,2,1],21,9].
[[3,5,0,1,1,0,1,2,0],7,4].
[[2,6,0,0,0,0,2,2,1],2,0].
[[3,3,1,1,2,0,2,2,1],3,1].
[[3,6,0,1,2,2,0,0,0],3,9].
[[2,7,0,1,2,2,2,3,0],2,3].
[[2,5,0,0,0,0,1,1,1],7,0].
[[2,8,0,1,2,0,1,2,0],2,9].
[[3,7,0,1,2,0,1,2,0],1,2].
[[1,8,0,1,1,2,1,2,1],0,1].
[[3,7,0,1,2,2,1,2,1],3,7].
[[2,9,1,0,0,0,0,0,0],1,6].
[[2,6,1,1,2,2,2,2,1],20,0].
[[3,6,1,1,1,2,1,2,1],6,0].
[[1,8,1,1,2,0,2,2,1],20,15].
[[3,8,0,0,0,0,1,1,1],7,14].
[[2,9,2,1,2,0,2,3,0],3,17].
[[1,6,1,1,2,2,2,2,1],3,0].
[[3,6,1,1,2,2,1,2,1],19,1].
[[3,3,2,1,2,0,1,2,1],2,0].
[[3,7,1,1,1,0,2,2,1],7,9].
[[1,9,2,1,2,0,2,1,0],7,8].
[[3,8,1,1,1,2,2,2,1],50,20].
[[3,7,1,1,2,0,2,3,0],10,10].
[[2,6,1,1,2,0,2,1,1],2,0].
[[3,6,1,1,2,0,2,1,1],9,0].
[[2,8,1,1,1,0,2,3,1],2,7].
[[2,8,0,1,2,0,2,3,1],4,7].
[[1,8,0,1,2,2,1,2,0],3,3].
[[3,3,1,0,0,0,0,0,0],9,3].
[[1,7,2,1,2,2,2,1,1],5,0].
[[2,7,2,1,2,2,1,1,1],7,0].
[[2,8,1,1,2,0,0,0,0],13,18].
[[2,7,1,1,2,2,1,2,0],3,1].
[[3,8,0,1,1,0,2,3,1],0,7].
[[3,7,1,0,0,0,2,3,0],6,3].
[[3,9,1,1,2,2,2,1,0],0,23].
[[3,9,1,0,0,0,2,3,1],0,7].
[[2,8,1,1,2,2,1,1,0],10,8].
[[3,7,2,1,2,0,1,2,1],29,1].
[[2,7,2,0,0,0,2,1,1],14,3].
[[1,8,1,1,1,2,2,1,1],19,7].
[[2,7,0,1,2,2,2,3,1],0,3].
[[3,7,0,1,1,2,1,2,1],0,5].
[[3,3,1,1,2,2,2,1,1],10,3].
[[3,6,1,1,2,2,2,2,0],8,0].
[[2,6,1,1,2,2,0,0,0],28,2].
[[3,8,0,0,0,0,2,1,0],3,6].
[[3,6,1,0,0,0,2,2,1],11,1].
[[2,8,0,0,0,0,1,1,0],3,5].
[[3,7,0,1,2,2,1,1,0],2,0].
[[2,8,1,1,1,0,1,1,1],0,4].
[[3,8,1,1,1,0,1,1,1],5,11].
[[3,7,0,1,2,0,2,2,1],1,2].
[[3,7,0,1,2,2,2,1,1],7,10].
[[2,9,2,0,0,0,2,1,1],3,11].
[[2,5,0,1,1,2,1,2,0],5,0].
[[2,7,0,0,0,0,2,3,0],1,2].
[[1,4,2,1,2,0,2,2,1],18,0].
[[2,6,1,1,1,2,2,2,1],2,0].
[[3,6,1,0,0,0,2,3,0],7,1].
[[3,9,1,0,0,0,1,1,0],4,9].
[[2,7,2,1,1,2,2,3,1],4,0].
[[1,7,2,0,0,0,2,2,1],14,3].
[[3,9,1,1,2,0,2,1,1],3,11].
[[2,7,0,0,0,0,2,2,0],1,0].
[[3,7,0,1,2,2,1,2,0],9,1].
[[2,8,1,1,2,0,2,3,0],18,22].
[[3,8,1,1,1,2,1,1,0],8,7].
[[3,7,1,1,1,0,1,2,1],0,3].
[[1,4,2,1,2,0,0,0,0],11,0].
[[3,9,1,1,1,0,2,3,1],0,5].
[[3,9,1,0,0,0,2,2,1],0,7].
[[2,7,2,1,2,0,0,0,0],23,5].
[[3,7,2,1,2,0,2,2,0],3,1].
[[2,8,1,0,0,0,2,1,0],10,8].
[[3,8,1,1,2,0,2,1,0],4,5].
[[3,9,1,1,1,0,1,1,0],0,9].
[[1,3,2,0,0,0,0,0,0],8,0].
[[2,6,1,0,0,0,1,2,1],7,0].
[[3,6,1,0,0,0,1,2,1],8,0].
[[2,9,1,1,2,0,1,1,1],2,11].
[[3,5,0,1,2,0,1,1,1],10,2].
[[3,3,2,1,2,0,2,1,1],1,0].
[[3,7,1,1,1,2,1,1,0],0,3].
[[2,6,1,0,0,0,2,2,1],19,0].
[[3,8,1,1,1,0,1,1,0],0,3].
[[3,7,0,1,2,0,0,0,0],1,2].
[[2,8,0,1,2,2,1,2,0],33,16].
[[3,8,0,1,1,0,1,1,0],2,3].
[[2,6,1,0,0,0,2,1,0],1,0].
[[2,9,1,1,1,0,2,3,0],1,4].
[[3,6,0,1,2,2,2,3,0],5,11].
[[1,9,2,1,2,0,1,2,1],2,9].
[[2,7,2,1,2,2,0,0,0],41,3].
[[2,4,2,1,2,0,1,1,0],10,0].
[[3,6,0,1,2,0,2,2,1],0,3].
[[2,9,2,1,2,2,1,1,0],10,10].
[[2,3,2,1,2,0,2,3,1],1,0].
[[3,7,1,0,0,0,1,2,0],9,1].
[[2,9,2,0,0,0,2,1,0],1,11].
[[3,6,0,1,2,2,2,3,1],5,6].
[[3,6,0,1,2,2,2,2,0],4,4].
[[3,6,0,0,0,0,0,0,0],1,3].
[[2,7,2,1,2,2,1,2,1],16,0].
[[1,4,2,1,2,0,1,2,0],5,0].
[[3,8,1,0,0,0,0,0,0],0,2].
[[3,9,1,0,0,0,2,1,1],1,9].
[[2,9,2,1,1,2,1,1,0],5,3].
[[3,9,1,0,0,0,1,1,1],1,18].
[[3,8,0,1,1,0,0,0,0],0,1].
[[3,7,0,0,0,0,2,2,0],0,4].
[[2,9,1,1,2,0,1,1,0],2,10].
[[3,7,0,1,2,2,2,2,1],11,10].
[[3,7,0,1,1,2,2,2,1],4,10].
[[3,2,1,0,0,0,2,3,0],1,0].
[[2,6,0,1,2,2,2,2,0],4,1].
[[3,3,1,1,2,2,2,2,0],4,0].
[[2,7,1,1,1,2,2,3,0],7,1].
[[3,6,1,0,0,0,2,1,1],11,0].
[[2,9,2,1,2,0,1,2,0],8,9].
[[3,2,1,1,2,0,0,0,0],2,0].
[[1,7,2,1,2,0,2,3,1],0,1].
[[2,8,1,1,2,0,1,1,0],2,2].
[[3,3,2,1,2,2,2,1,1],3,0].
[[3,6,1,1,2,0,1,1,1],4,2].
[[2,9,2,1,1,0,2,2,0],0,2].
[[3,7,1,1,2,0,2,2,0],7,8].
[[3,6,0,1,2,2,2,1,0],0,3].
[[2,7,1,1,2,2,2,2,0],10,3].
[[3,7,1,1,2,2,1,1,0],7,1].
[[2,8,1,1,1,0,2,2,0],1,1].
[[3,6,0,1,2,2,2,1,1],4,3].
[[3,7,0,1,2,2,2,3,0],13,12].
[[3,6,1,1,1,0,2,1,1],1,1].
[[2,5,0,1,1,2,1,1,1],5,1].
[[2,7,0,1,1,2,0,0,0],2,5].
[[1,8,0,1,1,2,2,3,1],14,6].
[[2,8,0,1,2,0,1,1,0],3,0].
[[3,7,0,1,2,0,1,1,0],3,0].
[[3,7,2,1,2,2,1,1,0],4,2].
[[1,7,2,1,2,2,0,0,0],24,5].
[[2,8,0,0,0,0,1,1,1],8,12].
[[2,8,1,1,2,0,2,1,0],2,3].
[[1,8,0,0,0,0,1,1,0],2,2].
[[2,6,0,1,2,2,1,1,0],1,0].
[[3,6,0,1,1,2,1,2,0],2,1].
[[2,7,1,0,0,0,2,2,0],7,2].
[[3,6,0,1,1,2,0,0,0],2,5].
[[2,5,0,1,2,0,1,1,1],4,0].
[[1,7,2,1,2,0,2,2,1],6,0].
[[3,6,1,1,2,0,2,3,0],6,1].
[[1,7,2,1,2,2,2,3,1],5,1].
[[3,8,1,0,0,0,1,1,0],4,3].
[[3,3,2,1,2,2,0,0,0],8,1].
[[3,6,1,1,2,2,2,2,1],21,1].
[[3,9,1,1,2,0,2,3,1],1,9].
[[2,8,1,1,1,0,2,2,1],2,6].
[[3,7,2,1,1,2,0,0,0],4,0].
[[1,8,1,1,2,0,1,2,1],3,4].
[[3,7,2,1,1,0,2,3,1],6,9].
[[1,8,1,1,2,0,2,1,0],1,1].
[[3,5,0,1,1,2,1,2,1],1,0].
[[3,7,2,1,1,0,2,2,1],4,4].
[[3,9,1,1,1,0,2,1,0],1,1].
[[2,6,1,0,0,0,2,2,0],7,1].
[[3,3,1,1,1,2,2,3,0],2,0].
[[1,7,1,1,2,2,2,2,1],3,1].
[[3,3,2,1,1,2,0,0,0],2,0].
[[2,6,0,0,0,0,0,0,0],3,3].
[[3,6,0,0,0,0,2,3,0],5,1].
[[3,7,1,0,0,0,2,1,0],1,2].
[[3,6,0,1,2,0,2,3,0],1,1].
[[2,6,1,1,2,2,1,2,1],3,1].
[[2,9,2,1,1,2,0,0,0],5,8].
[[3,8,0,1,2,0,2,1,0],0,9].
[[1,6,1,0,0,0,1,2,1],2,1].
[[2,6,1,1,2,2,1,1,1],1,1].
[[2,6,0,0,0,0,2,2,0],1,0].
[[1,8,1,1,2,0,1,2,0],1,0].
[[3,6,1,1,2,2,0,0,0],9,0].
[[2,9,1,1,1,0,2,2,1],2,6].
[[1,4,2,1,2,0,2,2,0],11,1].
[[2,9,2,1,2,0,2,1,0],1,1].
[[2,6,1,0,0,0,1,1,1],1,1].
[[3,3,1,0,0,0,1,1,1],1,1].
[[3,6,1,1,2,0,0,0,0],3,0].
[[1,7,1,1,2,2,2,3,0],4,0].
[[3,7,0,1,1,2,2,1,0],0,1].
[[2,7,1,1,1,2,2,1,0],2,0].
[[3,7,2,1,2,2,2,2,0],3,1].
[[2,7,2,1,2,0,1,2,1],5,3].
[[2,6,0,0,0,0,2,3,0],4,1].
[[3,4,0,1,2,0,2,3,1],0,2].
[[3,8,1,1,2,2,0,0,0],2,5].
[[3,8,1,1,2,0,2,2,0],10,9].
[[3,7,1,1,1,0,0,0,0],2,3].
[[1,8,0,1,1,2,2,1,0],2,0].
[[2,7,2,1,1,2,2,2,1],7,1].
[[2,9,1,1,2,0,0,0,0],0,3].
[[3,6,0,1,1,2,1,2,1],1,0].
[[3,3,1,1,2,0,0,0,0],3,2].
[[2,7,1,1,1,2,1,2,1],2,1].
[[3,7,0,1,2,0,1,2,1],0,1].
[[3,9,1,1,1,0,2,1,1],2,7].
[[2,9,2,1,1,0,2,1,1],1,1].
[[2,8,0,1,2,0,2,1,1],3,8].
[[3,8,0,1,1,0,2,1,1],1,5].
[[3,3,2,1,2,0,0,0,0],10,0].
[[3,3,2,1,2,2,1,2,1],4,0].
[[2,3,1,1,2,2,2,2,1],2,0].
[[3,3,1,1,1,2,1,1,1],1,0].
[[2,5,0,0,0,0,1,2,0],11,0].
[[3,5,0,1,2,0,1,2,1],0,1].
[[1,8,0,1,2,2,1,1,1],2,1].
[[3,3,2,1,2,0,2,2,1],3,0].
[[1,8,1,1,1,2,1,1,1],4,0].
[[3,3,1,1,2,2,2,3,1],7,1].
[[2,3,2,1,2,2,0,0,0],1,0].
[[3,3,2,1,1,2,2,2,1],2,0].
[[3,7,0,1,2,0,2,3,1],3,1].
[[2,7,2,1,1,2,0,0,0],6,0].
[[3,7,2,0,0,0,1,1,1],12,2].
[[3,3,2,1,2,2,2,3,1],9,0].
[[1,8,1,0,0,0,1,1,0],6,1].
[[1,7,2,0,0,0,2,1,1],11,0].
[[3,3,2,1,2,2,1,1,1],2,0].
[[1,8,1,1,1,2,2,1,0],3,2].
[[2,8,1,1,1,2,2,1,0],2,2].
[[1,7,1,1,2,2,1,2,1],0,2].
[[2,9,2,1,2,2,2,1,0],5,11].
[[1,4,2,1,2,0,2,1,1],13,1].
[[2,6,0,1,2,2,2,3,0],3,6].
[[2,6,1,1,2,0,1,2,1],2,0].
[[1,7,2,1,2,0,0,0,0],11,5].
[[2,3,2,1,2,0,0,0,0],3,0].
[[3,3,2,1,1,0,0,0,0],1,0].
[[1,8,1,1,2,2,1,1,0],0,2].
[[2,7,1,1,2,2,1,1,0],1,2].
[[2,6,0,1,1,2,2,3,0],4,0].
[[3,6,1,1,1,0,2,3,1],2,1].
[[1,6,0,0,0,0,0,0,0],2,3].
[[1,6,1,0,0,0,2,3,1],4,0].
[[3,6,1,1,2,0,1,2,1],7,0].
[[1,7,1,0,0,0,2,2,1],5,1].
[[2,8,1,1,2,0,1,2,0],8,8].
[[2,9,2,1,2,0,2,1,1],2,12].
[[3,8,0,1,1,0,1,2,0],1,5].
[[1,8,0,1,2,2,1,1,0],3,1].
[[3,9,1,1,1,0,2,2,1],1,2].
[[1,7,2,1,2,2,2,2,1],5,1].
[[2,9,2,1,1,0,2,3,0],1,2].
[[2,8,1,1,1,0,1,2,0],2,0].
[[3,7,1,1,1,0,1,2,0],2,0].
[[2,7,2,1,2,2,2,3,0],4,0].
[[3,3,2,0,0,0,1,2,1],3,0].
[[3,3,2,0,0,0,2,2,1],6,0].
[[2,4,2,1,2,0,2,1,0],9,0].
[[3,7,2,1,1,0,1,2,1],5,3].
[[2,3,1,0,0,0,0,0,0],8,2].
[[1,6,0,0,0,0,2,1,0],1,0].
[[2,6,0,1,2,2,2,1,0],1,2].
[[3,6,0,1,1,2,1,1,0],3,1].
[[2,6,0,1,2,2,2,2,1],2,2].
[[3,6,0,1,1,2,2,2,1],0,2].
[[3,3,2,0,0,0,2,1,1],5,0].
[[2,7,1,1,2,0,2,1,1],7,1].
[[3,3,1,1,2,0,2,1,1],3,1].
[[1,8,0,0,0,0,1,2,0],9,3].
[[2,6,0,0,0,0,1,2,0],1,0].
[[3,6,0,0,0,0,1,2,0],1,0].
[[1,6,0,1,2,2,2,2,0],1,0].
[[2,6,0,1,2,2,1,2,0],2,0].
[[3,6,0,1,2,2,1,2,0],5,2].
[[3,6,1,0,0,0,2,2,0],1,0].
[[1,8,0,0,0,0,1,2,1],2,0].
[[3,7,0,1,2,0,2,2,0],1,4].
[[3,6,0,1,2,2,1,1,1],2,4].
[[2,7,2,1,2,2,1,2,0],2,0].
[[3,7,2,1,1,2,1,2,0],2,0].
[[3,7,2,1,1,0,2,1,1],1,4].
[[1,7,1,0,0,0,1,2,1],0,2].
[[2,7,1,0,0,0,1,1,1],2,3].
[[2,9,1,1,2,0,2,1,0],0,6].
[[2,7,1,0,0,0,1,1,0],2,1].
[[3,3,1,1,2,0,1,1,0],1,0].
[[1,4,2,1,2,0,2,1,0],3,0].
[[1,7,2,0,0,0,2,3,0],2,1].
[[3,7,2,1,2,2,2,1,0],2,0].
[[3,7,0,0,0,0,0,0,0],0,3].
[[2,7,1,1,2,0,2,2,0],0,3].
[[2,9,2,1,1,0,2,3,1],0,2].
[[2,6,1,1,2,0,2,3,0],0,1].
[[1,7,1,1,2,2,1,1,1],1,0].
[[2,3,1,1,2,2,1,1,1],1,0].
[[3,3,1,0,0,0,2,3,1],2,0].
[[1,6,1,0,0,0,2,3,0],2,0].
[[1,7,2,0,0,0,1,2,1],5,0].
[[2,7,2,0,0,0,1,2,0],3,0].
[[3,7,2,1,2,2,1,2,0],4,0].
[[3,7,1,1,1,0,2,3,0],4,0].
[[3,8,1,1,1,0,2,1,0],1,1].
[[2,6,1,1,2,2,2,3,0],5,0].
[[3,3,2,1,2,2,2,3,0],2,0].
[[2,9,1,1,1,0,2,2,0],0,1].
[[3,8,1,0,0,0,2,1,0],1,4].
[[2,9,1,1,1,0,2,1,0],0,1].
[[3,7,1,0,0,0,2,2,0],4,2].
[[1,6,1,0,0,0,2,1,0],2,0].
[[2,6,1,1,2,2,2,1,0],2,0].
[[3,6,1,1,1,2,2,1,0],1,0].
[[2,6,1,1,2,0,2,2,1],7,0].
[[3,9,1,1,2,0,0,0,0],0,1].
[[2,9,2,1,1,0,2,2,1],0,2].
[[3,7,2,1,1,0,0,0,0],2,0].
[[2,6,1,1,1,2,2,3,1],1,0].
[[3,3,1,1,1,2,2,3,1],6,0].
[[3,8,0,0,0,0,1,1,0],1,4].
[[2,8,0,1,2,0,2,1,0],1,6].
[[3,2,1,1,1,2,0,0,0],1,0].
[[2,8,1,1,1,0,2,3,0],0,3].
[[3,3,1,1,1,2,2,1,1],2,0].
[[2,7,0,1,2,2,2,2,1],1,4].
[[3,3,0,1,2,2,2,2,1],0,1].
[[3,3,1,0,0,0,1,2,1],1,0].
[[3,2,1,1,2,0,2,2,1],1,0].
[[2,5,0,1,2,0,1,1,0],3,0].
[[2,9,1,1,1,0,2,3,1],0,2].
[[2,9,1,1,1,0,1,2,1],0,3].
[[3,6,0,1,2,0,0,0,0],0,1].
[[3,9,1,1,2,2,0,0,0],0,5].
[[3,7,0,1,1,2,1,2,0],4,1].
[[2,6,1,1,2,2,2,1,1],4,2].
[[3,3,0,1,2,2,0,0,0],0,1].
[[2,6,0,1,1,2,0,0,0],4,2].
[[2,7,2,0,0,0,1,1,0],1,0].
[[3,7,1,1,2,0,1,1,0],2,0].
[[1,8,1,1,2,0,1,1,1],0,3].
[[3,6,1,1,1,0,0,0,0],0,1].
[[1,6,0,0,0,0,2,3,1],1,0].
[[2,3,1,0,0,0,2,3,1],2,0].
[[3,3,1,1,2,0,1,2,1],1,0].
[[3,3,2,1,2,0,2,3,0],1,0].
[[2,7,2,1,1,0,0,0,0],1,0].
[[3,6,1,1,1,2,2,1,1],5,0].
[[2,7,2,1,2,0,1,1,1],1,1].
[[3,7,2,1,1,0,1,1,1],1,2].
[[3,7,0,0,0,0,1,2,0],0,1].
[[1,3,2,0,0,0,2,3,1],1,0].
[[2,3,2,0,0,0,2,3,0],1,0].
[[3,3,2,0,0,0,2,3,0],2,0].
[[2,3,2,1,2,2,2,3,1],3,0].
[[3,6,0,1,1,2,2,3,0],3,2].
[[1,4,2,1,2,0,1,1,0],1,0].
[[3,7,1,0,0,0,1,1,0],3,1].
[[1,6,1,0,0,0,2,1,1],1,1].
[[3,7,1,1,1,0,2,1,0],1,1].
[[1,6,1,1,2,2,2,3,0],3,0].
[[2,6,1,1,2,2,1,2,0],1,0].
[[2,3,2,1,2,2,2,1,1],1,0].
[[3,3,2,1,1,2,2,1,1],2,0].
[[2,5,0,1,1,2,1,1,0],2,0].
[[3,6,1,0,0,0,1,2,0],3,0].
[[2,2,1,0,0,0,0,0,0],3,0].
[[3,2,1,0,0,0,0,0,0],1,0].
[[1,7,2,1,2,2,1,1,1],2,0].
[[3,7,1,1,1,0,1,1,0],1,0].
[[3,8,1,1,2,0,0,0,0],0,3].
[[2,7,2,0,0,0,1,1,1],6,2].
[[3,3,2,0,0,0,1,1,1],3,0].
[[2,7,0,0,0,0,2,3,1],3,3].
[[2,3,2,0,0,0,2,1,1],3,0].
[[1,7,2,0,0,0,2,1,0],1,0].
[[3,6,0,1,2,0,1,2,0],3,0].
[[3,8,0,0,0,0,0,0,0],0,5].
[[3,6,1,1,1,0,2,2,1],3,0].
[[3,6,1,1,1,2,0,0,0],4,0].
[[2,7,1,0,0,0,1,2,0],4,0].
[[3,6,0,0,0,0,1,1,1],0,1].
[[2,7,0,1,2,2,2,2,0],1,2].
[[3,6,0,1,1,2,2,1,1],2,2].
[[3,1,1,1,2,0,1,1,1],2,0].
[[1,6,1,1,2,2,2,2,0],2,0].
[[2,3,1,1,2,2,2,2,0],1,0].
[[3,3,1,1,2,2,1,2,0],1,0].
[[2,7,0,1,1,2,2,2,1],2,0].
[[2,6,1,1,2,2,1,1,0],2,0].
[[3,2,1,1,2,2,1,1,0],1,0].
[[2,8,0,1,2,0,1,2,1],0,4].
[[3,7,1,1,1,0,1,1,1],1,2].
[[2,6,0,1,2,2,2,1,1],0,3].
[[3,3,2,1,1,0,2,1,1],1,0].
[[2,5,0,1,1,0,1,2,0],0,1].
[[3,2,1,0,0,0,2,2,1],1,0].
[[2,9,2,1,1,0,1,1,0],0,1].
[[2,7,0,1,1,2,2,3,0],1,0].
[[3,2,1,1,2,2,2,2,0],1,0].
[[3,3,1,1,2,0,2,3,1],3,1].
[[1,8,0,1,2,2,1,2,1],0,1].
[[2,7,0,1,1,2,1,2,1],0,1].
[[2,1,1,1,2,0,1,1,0],1,0].
[[3,1,1,1,2,0,1,1,0],1,0].
[[3,7,2,0,0,0,2,1,1],2,0].
[[1,7,2,1,2,2,2,3,0],1,0].
[[1,7,1,0,0,0,2,3,0],1,1].
[[2,7,2,1,1,2,1,2,1],1,0].
[[2,9,2,1,2,0,0,0,0],0,3].
[[3,3,0,1,1,2,0,0,0],0,1].
[[3,7,0,0,0,0,2,2,1],1,1].
[[3,6,1,1,2,0,2,2,0],2,0].
[[2,9,1,1,1,0,2,1,1],0,2].
[[3,3,1,0,0,0,2,1,0],1,0].
[[2,6,0,1,1,2,2,2,1],1,1].
[[3,3,1,1,1,2,2,2,1],3,0].
[[3,3,1,0,0,0,2,2,0],1,1].
[[3,7,1,1,1,0,2,2,0],2,1].
[[3,3,2,1,1,0,2,2,1],1,0].
[[2,9,2,1,1,0,1,2,1],0,1].
[[2,8,1,1,1,0,2,1,0],1,0].
[[2,9,1,1,1,0,1,1,1],1,0].
[[1,7,1,0,0,0,2,1,0],1,0].
[[3,7,0,0,0,0,1,2,1],0,1].
[[2,7,1,1,2,0,1,2,1],1,1].
[[1,8,1,1,1,2,1,2,0],1,1].
[[3,6,1,1,1,2,1,2,0],2,0].
[[2,7,2,1,1,0,2,2,1],3,0].
[[3,3,2,1,2,2,2,2,1],4,0].
[[1,7,2,0,0,0,1,1,1],1,1].
[[3,6,0,1,1,2,2,3,1],4,3].
[[3,3,1,0,0,0,2,3,0],3,0].
[[1,7,2,1,2,0,1,2,1],1,0].
[[2,7,2,1,1,0,1,2,1],1,0].
[[2,7,0,0,0,0,2,2,1],1,0].
[[1,8,0,1,1,2,1,1,1],1,0].
[[2,6,0,1,1,2,2,3,1],0,1].
[[3,6,1,1,2,0,1,2,0],2,0].
[[2,7,2,1,1,0,2,3,1],1,1].
[[1,2,1,0,0,0,0,0,0],1,0].
[[3,2,1,1,2,0,2,3,1],2,0].
[[2,6,0,0,0,0,2,1,0],1,0].
[[3,6,0,1,2,0,2,1,0],0,1].
[[3,7,2,1,1,0,2,3,0],0,1].
[[3,7,0,1,2,2,2,1,0],1,1].
[[1,7,2,1,2,2,1,2,1],1,0].
[[3,6,1,1,2,2,1,1,0],1,1].
[[3,4,0,1,2,0,1,2,1],0,1].
[[1,7,1,1,2,2,2,2,0],1,0].
[[3,6,0,1,2,0,2,3,1],0,1].
[[3,7,0,1,1,2,1,1,1],0,1].
[[1,8,0,0,0,0,1,1,1],1,0].
[[3,4,0,1,2,0,1,1,1],0,2].
[[3,7,1,1,2,0,2,1,0],1,0].
[[2,7,1,1,1,2,1,1,1],1,0].
[[2,9,2,1,1,0,0,0,0],1,0].
[[2,7,0,1,1,2,2,2,0],1,0].
[[2,3,2,0,0,0,1,2,1],2,0].
[[3,2,1,1,2,2,2,3,0],1,0].
[[2,7,0,1,1,2,2,3,1],1,0].
[[3,7,2,0,0,0,2,3,0],0,1].
[[3,3,2,1,2,0,2,2,0],1,0].
[[2,6,0,1,1,2,2,1,1],0,1].
[[2,6,1,1,1,2,2,1,1],1,0].
[[3,3,0,0,0,0,2,3,1],0,1].
[[2,3,2,1,2,2,1,1,1],1,0].
[[3,3,2,1,1,0,2,3,1],1,0].
[[1,6,1,1,2,2,2,3,1],1,0].
[[2,7,2,1,2,0,2,1,0],0,1].
[[1,6,1,0,0,0,2,2,0],1,0].
[[2,7,2,1,1,0,2,1,1],0,1].
[[3,3,1,1,1,2,1,2,1],1,0].
