total_WL(6742,5355).
[[1,8,0,1,2,2,2,1,2],17,16].
[[2,8,0,1,2,2,2,1,2],15,24].
[[3,8,0,1,1,2,2,1,2],1,12].
[[1,8,1,0,0,0,0,0,0],258,108].
[[2,7,1,1,2,2,0,0,0],67,28].
[[3,7,1,1,2,2,2,3,0],30,4].
[[1,9,2,0,0,0,2,2,0],73,142].
[[2,5,0,1,2,2,2,2,0],28,1].
[[3,5,0,1,2,2,2,2,0],35,1].
[[1,8,1,0,0,0,2,2,1],117,38].
[[2,8,1,0,0,0,2,3,0],41,5].
[[1,5,0,1,2,2,1,1,2],9,0].
[[2,5,0,1,2,2,1,1,2],46,0].
[[3,5,0,1,2,2,1,1,2],74,1].
[[1,8,1,1,1,2,2,3,2],31,1].
[[2,8,1,1,1,2,2,3,2],59,6].
[[3,7,1,1,1,2,2,3,2],37,10].
[[1,9,2,1,2,2,2,3,0],177,261].
[[2,9,2,1,2,2,2,1,0],18,75].
[[3,9,2,1,2,2,1,2,0],41,143].
[[1,9,2,1,2,2,1,1,0],29,23].
[[2,9,2,1,2,2,1,2,0],59,126].
[[3,8,0,1,2,2,1,2,0],36,77].
[[1,7,1,1,2,2,0,0,0],51,23].
[[3,7,1,1,2,2,0,0,0],19,14].
[[1,8,1,0,0,0,2,2,2],156,51].
[[2,6,1,0,0,0,2,2,2],14,0].
[[3,6,1,0,0,0,2,2,2],6,0].
[[1,9,2,1,1,2,2,1,0],27,24].
[[2,9,2,1,1,2,2,1,0],18,29].
[[3,4,2,1,2,0,2,1,0],29,2].
[[1,6,1,0,0,0,2,2,2],9,1].
[[2,6,1,0,0,0,1,2,2],7,0].
[[3,3,2,1,2,0,1,2,2],7,0].
[[2,9,2,1,1,2,1,2,0],54,42].
[[3,9,2,1,1,2,1,2,0],33,113].
[[1,8,0,0,0,0,2,2,0],22,18].
[[2,7,1,0,0,0,2,2,0],8,1].
[[3,3,1,0,0,0,2,2,0],3,0].
[[1,9,2,1,2,2,2,2,2],93,155].
[[2,9,2,1,2,2,2,2,2],23,86].
[[3,8,1,1,2,2,2,2,2],44,19].
[[1,8,1,1,2,2,0,0,0],220,86].
[[2,8,1,1,2,2,0,0,0],23,28].
[[3,7,2,1,2,2,2,3,2],44,5].
[[1,9,2,1,2,0,2,3,2],10,17].
[[2,9,2,1,2,2,2,3,2],30,93].
[[3,9,2,1,1,0,2,2,2],0,2].
[[1,9,2,1,1,2,1,2,2],63,43].
[[2,4,2,1,2,0,1,2,1],19,0].
[[3,4,2,1,2,0,1,2,1],72,1].
[[1,9,2,1,2,2,0,0,0],120,238].
[[2,8,1,1,2,2,2,2,2],95,29].
[[3,8,1,1,2,2,1,2,2],130,59].
[[1,8,1,1,2,2,2,3,2],132,40].
[[3,4,2,1,2,0,2,3,2],52,2].
[[1,9,2,0,0,0,2,3,2],93,167].
[[2,9,2,0,0,0,2,3,2],21,33].
[[3,8,1,0,0,0,2,3,2],16,5].
[[1,9,2,0,0,0,1,2,0],57,56].
[[2,9,2,1,2,0,1,2,0],16,26].
[[3,9,2,1,2,0,1,2,0],14,41].
[[1,9,2,1,2,2,2,3,1],64,80].
[[2,9,2,1,2,2,2,3,1],35,42].
[[3,9,2,1,2,2,2,3,1],2,16].
[[1,9,2,1,1,2,0,0,0],49,54].
[[2,4,2,1,2,0,2,1,0],17,1].
[[1,8,0,1,1,2,0,0,0],50,33].
[[2,8,0,1,1,2,2,3,2],21,35].
[[1,4,2,1,2,0,2,1,0],3,0].
[[3,4,2,1,2,0,2,3,0],61,2].
[[1,8,1,1,2,2,1,2,1],26,7].
[[2,8,1,1,2,2,1,2,1],76,32].
[[3,5,0,1,2,2,1,2,1],41,1].
[[2,8,1,1,2,2,2,2,1],119,49].
[[3,7,1,1,1,2,2,2,1],37,17].
[[1,9,2,1,2,2,1,2,1],38,27].
[[2,9,2,1,2,2,1,2,1],44,55].
[[3,8,0,1,2,2,1,2,1],19,44].
[[1,9,2,1,2,2,2,2,1],68,84].
[[2,9,2,1,2,2,2,2,1],49,95].
[[1,9,2,0,0,0,2,3,0],117,210].
[[2,9,2,1,2,2,1,1,0],27,35].
[[3,9,2,1,2,2,1,1,0],13,66].
[[1,9,2,1,2,2,2,1,0],59,91].
[[2,9,2,1,2,2,2,2,0],29,96].
[[2,8,1,1,2,0,1,1,2],11,10].
[[3,8,1,1,2,0,1,1,2],17,6].
[[1,8,1,1,2,2,2,3,1],116,24].
[[2,6,1,1,2,2,2,3,1],10,1].
[[3,6,1,1,2,2,2,3,1],17,1].
[[1,8,0,1,2,2,2,3,1],13,14].
[[2,8,0,1,2,2,2,3,1],22,37].
[[3,8,0,1,2,2,2,3,1],19,33].
[[1,9,2,1,1,2,2,3,2],57,44].
[[2,9,2,1,1,2,1,2,2],74,80].
[[3,5,0,1,1,2,1,1,1],64,6].
[[1,9,2,1,2,2,2,2,0],104,160].
[[2,8,1,1,2,2,2,2,0],34,14].
[[3,8,1,1,2,2,1,2,0],92,12].
[[2,7,1,1,1,2,2,1,2],7,1].
[[3,7,1,1,1,2,1,2,2],35,13].
[[1,8,1,1,2,2,2,2,2],103,28].
[[2,8,1,1,2,2,1,1,2],46,21].
[[2,8,1,1,2,2,2,1,2],37,6].
[[3,8,1,1,2,2,2,1,2],19,5].
[[1,8,1,1,2,2,2,1,2],45,15].
[[2,8,1,1,2,2,2,3,1],155,45].
[[3,8,1,1,1,2,1,2,1],55,23].
[[1,8,0,0,0,0,0,0,0],82,136].
[[2,8,0,0,0,0,0,0,0],17,43].
[[3,5,0,0,0,0,2,3,0],5,0].
[[1,9,2,1,2,2,2,3,2],105,176].
[[2,9,2,1,2,2,1,2,2],104,175].
[[3,9,2,1,2,2,1,2,2],34,144].
[[1,9,2,0,0,0,0,0,0],79,229].
[[2,9,2,1,1,2,2,3,0],54,79].
[[3,8,0,1,1,2,2,3,0],23,92].
[[1,8,1,1,2,2,2,1,1],34,7].
[[2,8,1,1,1,2,2,3,1],49,13].
[[3,8,1,1,1,2,2,3,1],38,21].
[[2,7,1,1,2,2,2,3,2],50,13].
[[3,7,1,1,2,2,2,3,2],80,22].
[[2,8,1,1,2,2,2,3,2],115,45].
[[3,8,1,1,2,2,2,3,2],55,14].
[[1,9,2,1,2,2,1,2,0],53,58].
[[2,8,1,0,0,0,2,3,2],65,26].
[[3,7,1,1,2,0,2,3,2],18,8].
[[1,8,0,0,0,0,2,2,2],25,38].
[[2,8,0,0,0,0,2,2,2],18,30].
[[3,7,1,1,2,0,2,2,2],21,4].
[[3,8,1,1,2,2,2,3,1],70,28].
[[1,9,2,1,1,2,1,2,1],18,5].
[[2,9,2,1,1,2,1,2,1],24,25].
[[3,5,0,1,1,2,1,2,2],13,0].
[[1,8,0,1,2,2,1,2,2],19,10].
[[2,8,0,1,1,2,1,2,2],28,38].
[[3,4,2,1,2,0,1,2,2],105,5].
[[2,9,2,0,0,0,2,3,0],30,94].
[[3,8,0,1,2,2,2,3,0],29,133].
[[2,8,0,0,0,0,2,2,0],17,22].
[[3,8,0,1,2,0,1,1,0],3,13].
[[2,8,0,1,1,2,2,3,0],38,40].
[[3,7,1,1,1,2,2,3,0],12,5].
[[3,8,1,1,2,2,1,1,2],44,20].
[[3,8,0,1,2,0,1,2,0],14,17].
[[2,6,1,0,0,0,0,0,0],25,1].
[[3,6,1,0,0,0,2,2,1],7,2].
[[3,9,2,1,1,2,1,1,0],4,48].
[[2,9,2,1,2,0,2,2,0],10,23].
[[3,8,1,1,2,0,1,2,1],38,16].
[[1,8,0,1,2,2,2,3,0],34,43].
[[2,8,0,1,2,2,2,3,0],62,127].
[[3,6,0,1,2,2,2,3,0],5,7].
[[1,8,0,0,0,0,1,2,2],12,15].
[[2,8,0,1,2,2,1,2,2],47,52].
[[3,8,0,1,2,2,1,2,2],57,113].
[[1,6,1,0,0,0,2,2,1],10,0].
[[2,6,1,1,2,0,1,1,1],1,1].
[[3,3,1,1,2,0,1,1,1],1,0].
[[2,8,0,1,2,2,2,2,0],38,84].
[[3,8,0,1,2,2,2,2,0],16,64].
[[1,8,1,1,2,0,1,2,1],2,3].
[[2,7,1,1,2,2,1,2,1],10,2].
[[3,7,1,1,2,2,1,2,1],52,17].
[[1,8,1,0,0,0,2,3,2],157,49].
[[3,6,1,0,0,0,2,3,2],14,0].
[[2,8,0,0,0,0,2,1,0],17,30].
[[3,5,0,0,0,0,2,2,0],7,0].
[[1,9,2,0,0,0,2,2,1],61,76].
[[2,9,2,0,0,0,1,1,1],9,7].
[[3,9,2,1,2,2,1,1,1],11,22].
[[1,9,2,1,2,2,1,2,2],153,136].
[[1,9,2,1,2,0,2,2,1],3,14].
[[2,9,2,1,1,0,2,2,1],1,3].
[[3,9,2,1,1,0,2,2,1],1,4].
[[1,9,2,1,2,0,2,3,1],6,12].
[[3,9,2,1,1,2,1,2,1],18,45].
[[1,7,1,1,2,2,2,1,2],8,1].
[[3,7,1,1,1,2,2,1,2],9,1].
[[2,8,1,1,2,2,2,3,0],45,27].
[[3,8,0,1,1,2,2,1,0],3,30].
[[3,8,1,1,1,2,1,1,1],25,14].
[[1,8,1,0,0,0,2,3,1],149,37].
[[2,8,1,0,0,0,2,3,1],73,25].
[[3,8,1,1,2,0,2,1,0],6,4].
[[2,8,0,1,2,2,1,1,2],18,19].
[[3,8,0,1,2,2,1,1,2],7,44].
[[1,7,2,1,2,2,0,0,0],29,2].
[[2,7,2,1,1,2,2,2,2],7,0].
[[3,7,1,1,1,2,2,2,2],30,10].
[[1,8,0,0,0,0,2,3,2],36,42].
[[2,8,0,0,0,0,2,3,2],15,36].
[[3,7,1,0,0,0,2,3,2],20,7].
[[1,8,1,0,0,0,1,2,1],45,18].
[[2,7,1,0,0,0,1,2,1],12,2].
[[3,7,1,0,0,0,1,2,1],15,3].
[[3,4,2,1,2,0,1,1,0],42,1].
[[1,9,2,1,2,0,0,0,0],12,30].
[[2,9,2,1,2,2,2,3,0],71,204].
[[3,8,1,1,2,2,1,2,1],110,32].
[[3,9,2,1,1,2,2,1,0],1,33].
[[3,8,0,1,2,2,2,2,2],15,50].
[[1,8,0,1,2,2,0,0,0],119,178].
[[2,8,0,1,2,2,2,2,2],32,64].
[[3,8,0,1,2,2,2,2,1],28,44].
[[2,8,1,0,0,0,2,2,2],69,20].
[[3,8,1,0,0,0,2,2,2],9,4].
[[1,8,1,1,1,2,2,1,1],5,1].
[[2,7,1,1,1,2,2,1,1],4,0].
[[3,3,1,1,1,2,2,1,1],1,0].
[[1,5,0,0,0,0,1,2,1],2,0].
[[2,5,0,0,0,0,1,2,1],11,0].
[[3,5,0,0,0,0,1,2,1],17,0].
[[2,8,0,1,2,2,0,0,0],24,81].
[[2,7,1,0,0,0,0,0,0],31,20].
[[3,7,1,0,0,0,0,0,0],8,2].
[[1,8,0,1,2,2,2,2,0],21,23].
[[2,7,1,1,2,2,2,2,1],25,13].
[[3,7,1,1,2,2,2,2,1],54,21].
[[2,8,1,1,2,2,1,2,2],107,44].
[[3,8,1,1,2,2,1,1,0],35,14].
[[1,8,0,1,1,2,2,2,2],12,5].
[[3,8,0,1,1,2,1,2,2],37,96].
[[3,9,2,1,2,2,1,2,1],23,57].
[[3,8,0,1,2,2,2,3,2],16,65].
[[2,7,1,1,2,2,2,2,0],13,1].
[[3,7,1,1,2,2,2,2,0],15,8].
[[1,6,1,0,0,0,2,3,2],11,0].
[[2,3,2,1,2,0,2,3,2],2,0].
[[3,3,2,1,2,0,2,3,2],7,0].
[[1,8,1,1,2,0,2,3,1],21,10].
[[2,7,2,1,1,0,1,2,2],0,1].
[[3,7,2,1,1,0,1,1,2],1,3].
[[2,7,2,1,2,2,2,1,2],6,0].
[[3,3,2,1,2,2,2,1,2],1,0].
[[3,7,0,1,2,2,2,1,2],6,5].
[[2,9,2,0,0,0,2,2,1],13,40].
[[3,8,0,1,2,0,2,2,1],4,18].
[[2,8,0,1,1,2,2,1,0],10,14].
[[1,8,1,1,2,0,2,2,2],19,10].
[[2,8,1,1,1,0,1,2,1],1,3].
[[3,8,1,1,1,0,1,2,1],11,11].
[[3,7,1,1,2,2,1,1,2],32,9].
[[2,7,2,1,2,2,2,2,2],30,8].
[[3,7,2,1,2,2,1,2,2],65,9].
[[3,6,1,1,2,2,2,2,2],15,0].
[[3,9,2,1,2,2,2,2,1],14,39].
[[1,9,2,1,1,2,1,1,1],5,1].
[[2,9,2,1,1,2,1,1,1],12,8].
[[3,9,2,1,1,2,1,1,1],7,19].
[[1,9,2,0,0,0,2,3,1],55,73].
[[2,9,2,0,0,0,1,2,1],16,27].
[[2,7,2,1,2,2,1,2,2],31,1].
[[1,9,2,1,1,2,2,2,0],61,26].
[[2,8,0,1,2,2,2,1,0],20,39].
[[2,9,2,0,0,0,2,2,2],11,36].
[[3,9,2,1,2,0,1,1,0],8,24].
[[2,8,0,0,0,0,2,3,0],24,45].
[[3,8,0,1,2,0,2,3,0],13,35].
[[2,9,2,1,2,2,1,1,1],13,19].
[[3,8,1,1,2,2,1,1,1],31,32].
[[3,8,0,0,0,0,1,1,2],4,13].
[[2,9,2,1,2,2,0,0,0],10,55].
[[1,6,1,0,0,0,2,1,0],1,0].
[[2,6,1,0,0,0,2,1,0],5,0].
[[3,6,1,1,2,0,2,3,1],7,0].
[[1,8,0,1,1,2,2,2,0],10,7].
[[2,8,0,1,1,2,2,2,0],30,24].
[[3,8,0,1,1,2,2,2,2],13,37].
[[1,9,2,1,1,2,2,2,1],43,24].
[[2,8,0,1,1,2,2,2,1],13,15].
[[3,8,0,1,1,2,2,2,1],18,38].
[[2,8,1,0,0,0,1,1,1],17,13].
[[3,5,0,0,0,0,1,1,1],13,2].
[[1,8,0,1,2,2,2,2,2],30,41].
[[1,9,2,1,2,0,2,2,0],16,19].
[[3,8,0,1,1,0,1,1,0],2,3].
[[2,7,1,1,2,2,2,2,2],45,9].
[[2,8,0,1,2,2,1,1,0],12,10].
[[3,8,0,1,1,2,1,1,0],12,22].
[[1,8,0,0,0,0,1,1,2],11,3].
[[2,7,1,0,0,0,1,1,2],6,1].
[[3,7,1,0,0,0,1,1,2],16,5].
[[3,7,1,1,2,2,1,1,1],13,12].
[[1,9,2,1,1,2,2,2,2],31,25].
[[3,9,2,1,1,2,1,2,2],24,94].
[[2,7,2,1,2,2,2,3,2],44,1].
[[2,9,2,1,1,2,2,2,2],17,28].
[[3,9,2,1,1,2,1,1,2],1,29].
[[1,9,2,0,0,0,2,1,0],40,99].
[[3,7,1,0,0,0,1,1,1],5,2].
[[1,7,1,0,0,0,2,1,1],2,0].
[[3,7,1,1,2,0,1,1,1],6,5].
[[3,9,2,1,2,2,2,1,0],2,36].
[[2,8,1,1,1,2,2,2,2],31,8].
[[2,7,1,1,1,2,2,2,1],8,2].
[[3,8,0,1,1,2,1,1,1],5,7].
[[2,5,0,1,2,2,2,3,0],17,1].
[[3,5,0,1,2,2,2,3,0],24,0].
[[2,7,0,1,2,2,2,3,0],1,2].
[[3,7,0,1,2,2,2,2,1],5,7].
[[2,8,1,1,2,0,2,3,1],29,7].
[[3,7,1,1,2,2,2,3,1],79,27].
[[1,8,0,1,1,2,2,3,0],17,3].
[[2,7,0,1,1,2,2,3,0],4,1].
[[3,7,0,1,1,2,2,3,0],10,10].
[[3,7,1,1,2,2,2,2,2],63,16].
[[3,7,1,0,0,0,2,3,1],19,4].
[[1,8,1,1,1,2,2,2,0],5,2].
[[2,7,1,1,1,2,2,2,0],4,1].
[[3,4,2,1,2,0,2,2,0],36,1].
[[1,8,0,0,0,0,2,2,1],9,5].
[[2,8,0,1,2,0,2,2,1],7,6].
[[2,7,2,1,1,2,2,3,1],1,0].
[[3,4,2,1,2,0,2,1,2],8,1].
[[2,3,1,1,2,2,0,0,0],12,0].
[[3,2,1,1,2,2,0,0,0],2,0].
[[1,7,1,0,0,0,2,3,2],15,4].
[[2,7,1,0,0,0,2,2,1],14,1].
[[3,7,1,0,0,0,2,2,1],21,4].
[[2,5,0,0,0,0,1,2,0],5,1].
[[3,5,0,0,0,0,1,2,0],9,0].
[[1,8,1,1,2,2,2,2,1],97,36].
[[2,7,2,1,2,2,2,2,1],10,0].
[[3,7,2,1,2,2,2,2,1],14,1].
[[1,9,2,0,0,0,2,2,2],76,127].
[[3,8,0,0,0,0,2,2,2],3,13].
[[3,7,2,1,1,2,1,2,2],15,2].
[[1,7,1,0,0,0,2,2,2],10,2].
[[2,7,1,0,0,0,2,3,2],31,13].
[[1,9,2,0,0,0,2,1,2],28,58].
[[2,9,2,0,0,0,2,3,1],18,27].
[[3,9,2,1,2,0,1,2,1],9,21].
[[3,8,1,1,2,0,2,3,1],32,14].
[[1,8,1,1,1,2,2,1,2],6,3].
[[2,8,1,1,1,2,1,2,2],42,12].
[[1,8,0,0,0,0,2,1,0],14,13].
[[3,8,0,1,2,2,1,1,0],17,32].
[[2,8,0,1,2,2,2,3,2],37,81].
[[2,8,1,1,2,0,2,3,2],38,13].
[[3,8,1,1,1,0,1,2,2],8,15].
[[3,8,1,1,2,2,2,2,1],86,38].
[[1,9,2,1,1,2,2,3,1],24,14].
[[2,8,0,1,1,2,2,3,1],16,13].
[[1,9,2,1,2,2,2,1,2],35,52].
[[2,8,0,1,1,2,2,1,2],5,4].
[[2,8,1,1,2,0,1,2,1],22,10].
[[3,7,2,1,1,0,1,2,1],2,2].
[[1,8,1,0,0,0,1,1,1],13,12].
[[2,8,1,1,2,2,1,1,1],26,19].
[[3,8,0,1,2,0,2,2,2],5,14].
[[1,8,1,0,0,0,2,1,0],26,6].
[[2,8,1,0,0,0,1,2,0],33,2].
[[2,7,1,1,2,2,2,3,1],43,11].
[[2,8,1,1,1,2,2,2,1],51,20].
[[3,8,1,1,1,2,2,2,1],41,29].
[[3,8,0,1,2,2,0,0,0],0,40].
[[3,4,2,1,2,0,1,1,1],37,1].
[[2,9,2,0,0,0,1,1,0],10,30].
[[3,8,1,1,1,2,2,3,2],38,13].
[[2,6,0,0,0,0,2,2,0],0,1].
[[3,6,0,1,2,2,2,2,0],4,9].
[[1,6,1,1,2,2,0,0,0],28,0].
[[2,3,2,1,2,2,0,0,0],8,0].
[[3,3,2,1,1,2,0,0,0],2,0].
[[1,9,2,1,2,0,1,2,2],6,10].
[[2,8,1,1,2,0,1,2,2],32,20].
[[3,8,1,1,2,0,1,2,2],49,22].
[[2,8,0,1,1,2,0,0,0],17,48].
[[3,7,0,1,1,2,0,0,0],3,12].
[[1,7,2,1,2,2,1,2,2],3,0].
[[3,3,2,1,2,2,1,2,2],5,0].
[[1,8,0,0,0,0,2,1,1],4,4].
[[2,8,0,1,2,2,1,1,1],2,2].
[[3,8,0,1,2,2,1,1,1],9,11].
[[2,7,2,0,0,0,2,3,2],33,3].
[[1,8,1,1,2,2,2,3,0],53,6].
[[3,7,1,1,2,2,1,2,2],71,22].
[[2,4,2,1,2,0,2,2,0],23,0].
[[3,8,0,1,2,0,2,2,0],3,9].
[[2,5,0,1,1,2,1,1,1],26,0].
[[3,8,0,1,1,2,2,2,0],5,47].
[[2,5,0,1,1,2,2,3,0],5,1].
[[3,5,0,1,1,2,2,3,0],9,2].
[[1,8,1,1,2,2,1,2,2],47,12].
[[2,7,1,1,2,2,1,2,2],16,2].
[[1,8,1,1,1,2,2,2,2],26,6].
[[2,4,2,1,2,0,2,2,2],29,1].
[[3,4,2,1,2,0,2,2,2],26,2].
[[1,7,1,1,2,2,2,3,2],9,1].
[[2,7,1,1,1,2,1,2,2],0,3].
[[2,7,1,1,1,2,1,1,2],2,2].
[[3,7,1,1,1,2,1,1,2],14,3].
[[3,8,1,0,0,0,1,2,2],36,17].
[[3,7,1,0,0,0,1,2,2],22,5].
[[3,9,2,1,2,2,2,3,0],8,91].
[[2,9,2,1,2,0,1,2,2],22,50].
[[3,8,0,1,2,0,1,2,2],9,37].
[[1,9,2,1,1,2,1,2,0],31,12].
[[3,8,0,1,1,2,1,2,0],33,60].
[[1,8,0,1,2,2,1,1,2],14,2].
[[3,7,0,1,2,2,1,1,2],0,5].
[[3,7,1,1,2,0,1,2,1],13,6].
[[1,9,2,0,0,0,1,2,2],121,155].
[[2,5,0,1,1,2,1,1,2],18,0].
[[3,5,0,1,1,2,1,1,2],40,0].
[[1,8,0,1,1,2,2,3,2],13,9].
[[2,4,2,1,2,0,2,3,2],23,0].
[[1,9,2,1,2,0,2,3,0],11,34].
[[2,9,2,1,2,0,2,3,0],17,35].
[[1,9,2,1,2,2,2,1,1],16,11].
[[2,9,2,1,2,2,2,1,1],12,11].
[[3,5,0,1,2,2,1,1,1],75,6].
[[1,8,1,0,0,0,2,1,1],45,13].
[[2,8,1,0,0,0,1,2,1],53,17].
[[1,8,1,0,0,0,1,2,0],15,5].
[[2,5,0,1,2,2,1,2,1],17,0].
[[3,9,2,1,2,2,2,3,2],2,15].
[[1,4,2,1,2,0,1,1,2],5,0].
[[2,4,2,1,2,0,1,1,2],20,0].
[[3,4,2,1,2,0,1,1,2],47,0].
[[3,8,1,1,2,2,2,1,1],24,16].
[[3,9,2,1,2,2,2,2,0],2,39].
[[1,8,1,1,1,2,0,0,0],31,10].
[[2,8,1,1,1,2,2,2,0],17,4].
[[3,7,1,1,1,2,2,2,0],10,4].
[[1,6,0,1,2,2,2,3,2],3,0].
[[2,6,0,1,1,2,1,2,2],2,0].
[[3,6,0,1,1,2,1,2,2],2,3].
[[2,8,1,0,0,0,2,2,1],78,25].
[[3,8,1,0,0,0,2,2,1],28,12].
[[1,7,1,0,0,0,0,0,0],53,13].
[[3,7,1,1,2,2,2,1,1],19,11].
[[1,7,2,1,2,2,2,3,0],0,1].
[[2,7,2,1,2,2,1,2,0],1,1].
[[3,7,2,1,2,2,1,1,0],0,1].
[[3,8,0,1,1,2,2,3,1],14,17].
[[1,8,1,1,2,0,1,1,1],2,0].
[[2,8,1,1,2,0,1,1,1],8,4].
[[1,8,1,1,2,0,2,2,1],13,6].
[[3,8,1,1,1,2,1,2,0],50,5].
[[1,8,0,0,0,0,2,1,2],14,19].
[[2,8,0,0,0,0,1,1,2],8,8].
[[2,7,1,0,0,0,2,2,2],35,6].
[[1,7,2,0,0,0,2,3,2],28,4].
[[2,7,2,1,2,0,2,3,2],13,4].
[[3,7,2,1,2,0,2,3,2],16,1].
[[3,8,1,0,0,0,1,1,0],6,0].
[[3,7,0,1,1,2,2,3,2],4,4].
[[3,8,1,1,2,2,2,1,0],9,4].
[[1,9,2,0,0,0,1,1,2],36,50].
[[2,9,2,0,0,0,1,1,2],10,33].
[[3,9,2,1,2,2,1,1,2],8,47].
[[1,9,2,1,2,2,1,1,1],10,8].
[[3,7,1,1,1,2,1,1,1],11,3].
[[2,8,1,1,2,2,1,2,0],46,8].
[[3,6,1,1,2,0,2,2,2],10,0].
[[2,8,0,0,0,0,1,2,2],21,45].
[[2,9,2,1,1,2,1,1,0],19,20].
[[2,7,2,1,2,2,2,3,1],4,1].
[[3,7,2,1,2,2,2,3,1],11,0].
[[3,9,2,0,0,0,1,2,2],10,40].
[[3,8,1,1,2,0,1,2,0],35,6].
[[2,9,2,0,0,0,1,2,2],52,94].
[[1,8,0,1,2,2,2,3,2],42,47].
[[3,7,0,1,2,2,2,3,2],5,16].
[[1,9,2,1,2,0,2,1,0],4,12].
[[2,9,2,1,1,0,2,1,1],1,1].
[[3,9,2,1,1,0,1,1,0],2,5].
[[2,5,0,1,1,2,2,2,0],8,0].
[[3,5,0,1,1,2,2,2,0],14,0].
[[3,8,0,1,1,2,2,3,2],22,34].
[[2,5,0,1,1,2,1,2,2],3,0].
[[2,9,2,1,2,0,2,2,2],7,21].
[[3,9,2,1,2,0,2,3,2],2,4].
[[3,9,2,1,2,0,2,3,0],1,25].
[[1,4,2,1,2,0,2,3,0],15,0].
[[2,4,2,1,2,0,2,3,0],33,1].
[[3,4,2,1,2,0,2,2,1],49,2].
[[2,8,0,1,1,2,1,2,0],11,10].
[[1,8,1,1,2,0,0,0,0],30,16].
[[2,8,1,1,2,0,2,3,0],7,8].
[[2,8,1,1,2,0,2,2,2],30,11].
[[3,7,2,1,2,2,2,2,2],35,7].
[[1,9,2,0,0,0,2,1,1],16,6].
[[3,9,2,1,2,2,2,1,1],1,11].
[[2,8,0,1,2,0,0,0,0],0,10].
[[3,8,1,1,1,2,2,3,0],5,10].
[[2,8,1,0,0,0,2,1,0],16,8].
[[3,6,1,1,2,0,2,1,0],4,0].
[[3,9,2,1,1,2,2,2,2],1,9].
[[1,8,0,1,2,2,2,1,0],11,13].
[[2,9,2,1,1,2,2,2,1],38,36].
[[3,8,1,1,2,0,2,3,2],27,11].
[[1,8,0,0,0,0,2,3,0],27,29].
[[2,8,0,0,0,0,1,2,0],10,15].
[[3,7,1,0,0,0,1,2,0],5,0].
[[1,7,1,1,2,2,2,2,2],17,3].
[[3,3,1,1,2,2,2,2,2],15,0].
[[3,7,1,1,1,2,2,3,1],29,10].
[[1,5,0,1,2,2,1,1,1],7,1].
[[2,5,0,1,2,2,1,1,1],32,1].
[[2,8,1,1,2,0,2,2,1],31,23].
[[3,8,1,1,2,0,2,2,1],26,22].
[[1,9,2,1,1,2,2,3,0],78,48].
[[2,4,2,1,2,0,1,2,0],28,1].
[[3,4,2,1,2,0,1,2,0],100,3].
[[2,8,0,0,0,0,2,3,1],14,16].
[[3,8,0,0,0,0,1,1,0],2,5].
[[3,9,2,1,1,2,2,3,0],4,44].
[[3,7,2,1,1,2,2,3,2],19,3].
[[2,8,0,1,2,2,2,1,1],6,5].
[[3,6,0,1,2,2,2,1,1],2,0].
[[3,5,0,1,1,2,1,2,1],30,2].
[[1,8,0,1,2,2,2,1,1],3,3].
[[1,7,2,0,0,0,2,2,2],22,8].
[[2,9,2,0,0,0,2,1,0],13,39].
[[3,9,2,0,0,0,2,1,0],4,7].
[[2,8,1,1,1,2,1,2,0],16,3].
[[2,8,0,0,0,0,2,1,2],8,16].
[[3,6,0,0,0,0,2,1,2],0,1].
[[1,8,1,0,0,0,1,2,2],55,25].
[[2,8,1,0,0,0,1,2,2],79,27].
[[1,7,2,1,2,2,2,3,2],11,2].
[[1,8,0,1,1,2,1,2,2],4,4].
[[2,9,2,0,0,0,2,2,0],12,49].
[[3,8,1,0,0,0,1,2,1],33,9].
[[2,6,1,1,2,2,0,0,0],23,0].
[[3,3,1,1,2,2,0,0,0],21,0].
[[3,8,1,1,1,2,1,2,2],84,28].
[[1,5,0,1,2,2,2,3,0],2,1].
[[3,3,2,1,2,2,2,2,2],2,0].
[[1,4,2,1,2,0,0,0,0],9,0].
[[2,4,2,1,2,0,0,0,0],17,1].
[[1,7,2,0,0,0,0,0,0],60,4].
[[2,7,2,0,0,0,0,0,0],20,3].
[[3,3,2,1,2,0,0,0,0],5,0].
[[1,4,2,1,2,0,2,3,2],9,0].
[[1,6,1,0,0,0,0,0,0],64,4].
[[2,3,1,0,0,0,0,0,0],5,1].
[[3,3,1,1,2,0,0,0,0],4,1].
[[1,7,2,1,2,0,2,2,2],1,2].
[[3,7,2,1,1,0,2,2,2],6,2].
[[2,7,2,0,0,0,2,2,2],22,8].
[[3,7,2,0,0,0,2,2,2],11,4].
[[2,9,2,1,2,0,2,2,1],12,19].
[[3,7,0,1,2,2,2,3,0],6,18].
[[3,8,0,1,1,2,1,1,2],6,24].
[[2,9,2,0,0,0,2,1,2],4,14].
[[3,8,0,0,0,0,2,1,2],1,7].
[[1,8,1,1,1,2,2,3,1],28,2].
[[3,7,2,1,1,2,2,3,1],2,1].
[[3,7,2,1,1,2,1,2,0],6,0].
[[2,9,2,1,1,2,2,2,0],29,38].
[[3,8,1,1,1,2,2,2,0],3,2].
[[2,8,1,1,2,0,2,1,0],12,7].
[[3,8,1,1,1,0,1,1,0],2,6].
[[2,7,0,1,2,2,2,3,2],2,4].
[[2,8,1,1,2,2,2,1,1],44,13].
[[3,7,1,1,1,2,2,1,1],13,7].
[[3,8,0,0,0,0,1,2,2],17,35].
[[1,8,0,1,1,2,2,1,2],6,4].
[[2,4,2,1,2,0,2,3,1],18,1].
[[3,4,2,1,2,0,2,3,1],46,1].
[[2,8,0,1,2,0,2,3,0],9,17].
[[3,8,0,1,1,0,2,3,0],1,9].
[[1,4,2,1,2,0,2,2,2],12,0].
[[3,7,0,0,0,0,2,3,1],1,3].
[[3,8,0,0,0,0,2,3,0],4,29].
[[3,6,0,0,0,0,1,2,0],0,2].
[[3,8,0,1,2,2,2,1,0],4,55].
[[3,7,0,1,2,2,1,2,2],4,11].
[[2,8,0,1,2,2,1,2,0],21,25].
[[3,7,0,1,2,2,1,2,0],1,2].
[[1,3,2,0,0,0,0,0,0],7,0].
[[2,3,2,1,2,2,2,1,2],1,0].
[[3,3,2,1,2,2,1,1,2],5,0].
[[2,8,1,1,2,2,2,1,0],22,13].
[[2,7,1,1,2,2,2,1,2],15,6].
[[3,7,1,1,2,2,1,1,0],11,2].
[[1,8,1,0,0,0,2,3,0],49,11].
[[3,8,1,0,0,0,2,3,0],3,5].
[[3,9,2,1,1,0,1,2,0],0,17].
[[3,6,1,1,1,2,0,0,0],2,0].
[[1,8,1,0,0,0,1,1,2],25,12].
[[1,8,1,1,2,2,1,1,1],8,10].
[[2,8,1,1,1,2,1,1,1],13,5].
[[3,7,2,1,1,2,1,1,1],7,0].
[[2,9,2,1,2,2,1,1,2],28,68].
[[2,4,2,1,2,0,2,1,1],4,0].
[[3,4,2,1,2,0,2,1,1],7,0].
[[3,8,1,1,2,2,2,3,0],25,20].
[[2,6,1,1,2,0,2,3,2],4,0].
[[3,6,1,1,2,0,2,3,2],7,0].
[[3,8,1,0,0,0,1,2,0],23,3].
[[2,8,0,1,2,2,1,2,1],11,10].
[[3,7,2,1,1,2,2,2,2],15,2].
[[3,7,2,1,2,2,2,3,0],9,2].
[[2,7,1,1,1,2,2,2,2],14,1].
[[3,7,2,0,0,0,2,2,1],7,0].
[[1,8,1,1,2,0,2,3,2],14,6].
[[2,8,1,1,1,0,2,3,2],4,1].
[[3,7,1,1,1,0,2,3,2],4,2].
[[2,7,1,0,0,0,2,3,1],19,2].
[[3,6,1,0,0,0,2,1,2],7,0].
[[1,5,0,0,0,0,1,1,2],15,0].
[[2,5,0,0,0,0,1,1,2],26,0].
[[3,5,0,1,2,0,1,1,2],30,1].
[[2,9,2,0,0,0,1,2,0],28,60].
[[3,9,2,0,0,0,1,2,0],8,27].
[[2,6,1,1,2,2,2,1,2],7,0].
[[3,6,1,1,2,2,1,2,2],14,1].
[[3,7,1,1,1,2,0,0,0],4,5].
[[1,9,2,1,2,2,1,1,2],54,47].
[[2,9,2,1,1,2,2,3,2],34,41].
[[1,8,1,1,2,2,2,1,0],19,1].
[[2,8,1,1,2,2,1,1,0],22,7].
[[2,8,1,1,1,0,2,2,0],0,2].
[[3,4,0,1,2,0,2,2,0],0,1].
[[1,8,1,0,0,0,2,1,2],59,15].
[[2,8,1,1,2,0,2,1,2],11,5].
[[3,7,2,0,0,0,1,2,2],22,2].
[[3,8,1,0,0,0,1,1,2],16,5].
[[2,8,0,1,2,0,2,2,2],0,11].
[[1,6,0,1,2,2,0,0,0],10,3].
[[2,6,0,1,2,2,0,0,0],7,12].
[[3,7,2,1,1,2,2,2,1],7,1].
[[3,9,2,1,2,0,1,1,1],5,3].
[[2,7,1,1,2,0,0,0,0],9,6].
[[3,7,1,1,2,0,2,3,0],3,1].
[[2,8,0,1,2,2,2,2,1],24,27].
[[3,8,0,1,2,0,2,1,0],1,17].
[[2,7,0,0,0,0,0,0,0],3,5].
[[3,7,1,1,2,0,2,3,1],23,6].
[[1,8,1,0,0,0,2,2,0],41,5].
[[2,8,1,0,0,0,1,1,0],6,6].
[[3,8,1,1,2,0,1,1,0],6,3].
[[3,8,0,0,0,0,1,1,1],1,3].
[[3,7,0,1,1,2,1,1,2],0,4].
[[3,9,2,1,2,0,1,2,2],14,40].
[[2,7,1,0,0,0,2,3,0],6,1].
[[3,3,1,1,2,0,2,3,0],2,0].
[[2,9,2,1,2,0,1,1,0],4,11].
[[2,8,1,1,1,2,1,2,1],22,2].
[[3,7,1,1,1,2,1,2,1],27,2].
[[3,9,2,1,1,2,2,3,1],2,11].
[[1,8,0,1,2,2,1,2,1],1,1].
[[3,8,0,1,1,2,1,2,1],18,28].
[[1,8,1,1,2,0,2,3,0],5,0].
[[2,7,1,1,2,0,2,3,0],2,1].
[[3,7,1,1,2,0,2,1,1],11,2].
[[2,8,1,0,0,0,2,2,0],18,7].
[[3,7,1,0,0,0,2,2,0],5,1].
[[2,7,1,0,0,0,1,2,2],8,2].
[[3,7,1,1,2,0,1,2,2],21,9].
[[3,8,1,0,0,0,2,3,1],14,9].
[[3,5,0,1,2,0,1,2,1],16,0].
[[2,8,1,1,2,0,2,2,0],8,7].
[[3,8,1,1,1,0,2,1,1],2,0].
[[3,9,2,1,2,0,2,2,1],3,15].
[[2,7,1,1,1,2,0,0,0],20,6].
[[1,6,1,0,0,0,2,3,1],7,1].
[[2,6,1,0,0,0,2,3,1],16,1].
[[3,7,0,0,0,0,1,2,2],0,5].
[[3,6,1,1,2,2,2,2,1],18,0].
[[3,7,2,1,2,0,2,2,1],8,1].
[[2,7,1,1,1,2,2,3,1],8,3].
[[3,3,1,1,1,2,2,3,1],5,1].
[[3,9,2,1,1,2,2,3,2],1,12].
[[3,8,0,1,2,0,1,2,1],9,7].
[[1,9,2,1,1,2,1,1,2],18,4].
[[3,7,2,1,1,0,2,3,0],1,0].
[[3,9,2,1,1,0,1,2,2],3,22].
[[1,8,0,1,2,2,2,2,1],10,8].
[[3,6,0,1,2,2,2,1,0],1,3].
[[3,9,2,1,1,2,2,1,1],0,2].
[[3,5,0,1,2,2,1,1,0],11,2].
[[1,9,2,0,0,0,1,1,0],14,24].
[[3,7,2,1,2,2,1,2,1],19,0].
[[3,5,0,0,0,0,1,1,2],15,1].
[[3,7,0,1,2,2,2,2,0],4,12].
[[2,8,0,1,2,0,2,2,0],5,15].
[[3,7,0,1,2,0,2,2,0],0,4].
[[1,8,1,1,1,2,1,2,2],13,3].
[[2,7,2,1,1,2,1,2,2],5,0].
[[1,6,1,1,2,2,2,3,2],7,0].
[[2,6,1,1,1,2,2,2,2],5,0].
[[2,8,0,1,1,2,1,1,2],14,5].
[[1,9,2,0,0,0,1,2,1],25,21].
[[3,6,1,1,2,2,2,2,0],6,0].
[[1,8,1,1,2,0,1,2,2],5,2].
[[1,7,2,0,0,0,1,2,2],11,6].
[[3,9,2,1,1,2,2,2,1],7,31].
[[1,4,2,1,2,0,1,2,0],4,0].
[[2,9,2,1,1,2,0,0,0],6,16].
[[3,7,1,1,2,2,2,1,2],22,6].
[[1,7,2,0,0,0,2,2,0],4,0].
[[2,3,2,1,2,0,2,2,0],1,0].
[[3,8,0,1,2,0,1,1,2],3,8].
[[2,6,1,1,2,2,2,3,2],20,0].
[[3,6,1,1,2,2,2,3,2],19,1].
[[2,8,0,0,0,0,2,2,1],7,19].
[[3,6,0,0,0,0,2,1,0],0,1].
[[3,5,0,1,2,0,1,2,0],12,2].
[[3,8,1,1,2,0,2,2,2],24,6].
[[3,7,0,1,1,2,2,2,0],5,5].
[[2,7,2,1,2,2,0,0,0],21,3].
[[3,7,2,1,1,0,0,0,0],1,3].
[[3,7,2,0,0,0,2,3,2],15,1].
[[2,7,1,0,0,0,2,1,1],7,1].
[[2,6,1,1,2,2,2,2,2],9,0].
[[3,3,1,0,0,0,2,3,2],2,0].
[[3,9,2,0,0,0,1,2,1],10,16].
[[2,8,0,1,1,2,2,2,2],13,20].
[[3,7,0,1,1,2,2,2,2],0,5].
[[3,7,1,1,2,0,0,0,0],4,6].
[[2,6,1,1,2,2,1,2,1],5,0].
[[3,6,0,1,1,2,0,0,0],0,6].
[[2,8,1,1,1,2,0,0,0],7,6].
[[1,9,2,1,1,2,2,1,1],12,2].
[[2,5,0,1,2,2,1,2,0],17,0].
[[3,5,0,1,2,2,1,2,0],34,1].
[[3,3,1,1,2,2,2,3,2],9,1].
[[3,7,2,1,1,0,2,3,2],4,4].
[[1,9,2,1,2,0,2,2,2],10,16].
[[2,8,1,1,1,0,2,2,2],4,3].
[[3,5,0,1,1,0,2,3,0],2,1].
[[2,4,2,1,2,0,2,2,1],28,0].
[[2,8,1,1,1,2,2,1,0],7,2].
[[2,8,1,0,0,0,2,1,1],25,7].
[[3,6,1,0,0,0,2,1,1],3,0].
[[1,8,0,0,0,0,2,3,1],12,9].
[[3,8,1,1,2,0,2,3,0],7,5].
[[3,7,2,1,2,2,2,2,0],5,0].
[[3,8,1,1,1,0,2,2,1],11,12].
[[2,9,2,1,2,0,1,1,2],9,17].
[[2,7,1,1,2,0,2,2,1],6,2].
[[3,7,1,1,2,0,2,2,1],16,4].
[[2,5,0,1,2,0,1,1,2],11,0].
[[2,8,0,1,2,0,2,3,1],1,5].
[[3,7,1,1,1,0,2,3,1],3,3].
[[2,7,0,0,0,0,1,1,2],0,1].
[[3,7,0,0,0,0,1,1,2],0,2].
[[3,8,0,0,0,0,1,2,0],9,17].
[[2,8,1,1,1,2,1,1,2],10,1].
[[3,6,1,1,1,0,2,2,2],3,0].
[[3,9,2,0,0,0,1,1,1],4,4].
[[1,9,2,1,1,2,2,1,2],13,10].
[[2,9,2,1,1,2,2,1,2],2,9].
[[3,9,2,0,0,0,2,3,0],1,16].
[[1,5,0,1,1,2,1,2,1],4,0].
[[3,7,1,1,1,0,1,1,1],0,2].
[[2,5,0,1,1,2,1,2,0],8,0].
[[3,5,0,1,1,2,1,2,0],27,0].
[[2,8,0,0,0,0,1,1,0],5,8].
[[3,6,0,1,2,2,1,1,0],3,1].
[[2,9,2,1,1,2,2,3,1],24,17].
[[3,8,1,1,1,0,1,2,0],6,5].
[[1,9,2,1,2,0,2,1,2],1,6].
[[2,9,2,1,1,0,1,2,2],0,5].
[[2,6,1,1,2,0,0,0,0],11,0].
[[3,6,1,1,2,2,2,3,0],8,1].
[[3,7,1,0,0,0,2,2,2],13,2].
[[3,6,1,1,1,2,2,2,1],6,0].
[[3,9,2,1,2,0,1,1,2],2,14].
[[2,9,2,1,2,2,2,1,2],4,19].
[[2,3,1,1,2,2,2,2,2],5,0].
[[3,5,0,1,1,0,1,2,0],1,2].
[[3,7,0,1,1,2,2,1,2],1,4].
[[3,8,1,0,0,0,2,1,0],1,5].
[[3,8,0,0,0,0,2,3,2],5,10].
[[2,7,0,1,2,2,0,0,0],4,13].
[[3,7,1,1,1,0,2,1,2],0,3].
[[2,6,1,1,2,2,2,2,1],18,0].
[[3,6,1,1,2,2,1,2,1],11,1].
[[3,7,0,1,1,2,1,2,2],2,15].
[[3,9,2,0,0,0,1,1,0],3,16].
[[3,8,0,1,1,2,0,0,0],0,21].
[[3,8,1,1,2,2,2,2,0],4,3].
[[2,8,1,1,1,2,2,3,0],24,5].
[[2,7,0,1,2,2,2,2,1],2,0].
[[3,6,0,0,0,0,2,2,0],1,1].
[[3,7,2,1,2,0,1,2,2],13,5].
[[3,7,2,1,2,0,2,3,1],7,0].
[[3,7,2,1,1,0,1,2,2],9,5].
[[2,8,0,1,1,2,2,1,1],7,2].
[[3,8,0,1,1,2,2,1,1],5,2].
[[1,5,0,0,0,0,2,3,0],5,0].
[[2,8,1,1,2,0,0,0,0],11,7].
[[3,8,1,1,1,0,2,3,1],6,9].
[[2,6,1,1,2,0,2,2,0],2,0].
[[3,6,1,1,2,0,2,2,0],4,0].
[[2,7,2,0,0,0,2,3,1],3,1].
[[3,7,1,1,1,0,1,2,2],4,5].
[[1,7,2,0,0,0,2,1,0],1,0].
[[2,8,1,0,0,0,0,0,0],17,16].
[[3,7,1,1,2,2,2,1,0],16,5].
[[2,7,2,0,0,0,1,1,1],2,2].
[[3,7,2,0,0,0,1,1,1],2,1].
[[3,8,1,1,1,2,2,2,2],23,7].
[[2,6,1,0,0,0,2,2,1],11,1].
[[3,6,1,0,0,0,1,2,1],5,0].
[[1,8,0,1,2,2,1,2,0],5,1].
[[3,9,2,1,1,2,2,2,0],0,27].
[[3,9,2,0,0,0,2,3,1],3,4].
[[2,9,2,0,0,0,0,0,0],1,29].
[[2,8,0,1,2,0,1,2,2],5,9].
[[3,8,0,1,1,0,1,2,2],0,10].
[[1,8,1,1,2,2,1,1,2],13,6].
[[3,8,0,0,0,0,2,1,0],4,14].
[[3,9,2,1,1,0,1,2,1],2,10].
[[1,6,1,0,0,0,2,3,0],4,0].
[[2,6,1,0,0,0,2,3,0],7,0].
[[3,6,1,1,2,0,2,1,1],5,0].
[[3,8,1,1,2,0,2,1,1],15,5].
[[1,7,1,0,0,0,2,2,1],4,1].
[[3,6,1,1,1,2,2,2,2],6,0].
[[3,7,2,1,2,0,1,2,1],7,2].
[[1,5,0,1,2,0,1,1,1],1,0].
[[2,5,0,1,2,0,1,1,1],5,2].
[[3,5,0,1,2,0,1,1,1],25,1].
[[1,5,0,1,2,0,1,1,2],3,0].
[[2,8,0,1,2,0,2,3,2],5,10].
[[2,9,2,1,1,0,2,3,0],0,7].
[[2,7,1,0,0,0,2,1,0],4,0].
[[3,7,1,0,0,0,2,1,0],5,1].
[[1,7,1,0,0,0,2,3,0],3,1].
[[2,7,1,0,0,0,1,2,0],2,1].
[[3,7,1,0,0,0,1,1,0],4,3].
[[2,6,0,1,1,2,2,3,2],1,2].
[[3,6,0,1,1,2,2,3,2],1,4].
[[3,7,1,1,1,2,2,1,0],6,2].
[[3,7,1,1,2,2,1,2,0],15,2].
[[3,7,2,1,2,0,2,2,2],18,2].
[[2,7,2,0,0,0,1,2,2],23,5].
[[3,3,2,0,0,0,1,2,2],9,0].
[[3,6,1,1,2,0,2,2,1],10,2].
[[3,8,0,1,2,2,2,1,2],5,11].
[[3,6,0,1,2,2,0,0,0],2,2].
[[1,7,2,1,2,2,2,2,1],3,1].
[[2,9,2,1,2,0,2,3,1],3,18].
[[3,8,0,1,2,0,2,3,1],0,9].
[[2,6,0,0,0,0,2,3,1],0,1].
[[3,6,0,1,2,2,1,2,1],1,2].
[[3,1,2,1,2,0,2,3,0],3,0].
[[3,3,1,1,2,2,1,2,2],4,0].
[[3,6,1,0,0,0,0,0,0],2,0].
[[3,8,1,1,1,0,2,1,2],3,2].
[[2,8,1,1,2,0,1,2,0],13,2].
[[3,8,0,1,1,0,2,3,1],0,5].
[[2,8,1,0,0,0,1,1,2],35,7].
[[2,7,2,1,2,0,0,0,0],16,3].
[[3,8,1,1,1,2,1,1,0],14,5].
[[3,8,0,1,1,0,2,2,0],0,5].
[[2,9,2,1,2,0,0,0,0],3,12].
[[3,8,0,1,2,0,0,0,0],0,13].
[[2,7,0,1,1,2,2,2,0],0,1].
[[1,5,0,1,1,2,1,1,2],6,0].
[[2,7,2,1,2,0,1,2,2],10,2].
[[1,7,1,1,2,2,2,3,1],8,1].
[[2,7,1,1,1,2,1,2,1],5,0].
[[2,7,0,1,1,2,2,2,2],0,1].
[[1,7,2,1,2,2,2,3,1],3,0].
[[2,7,2,1,2,2,1,2,1],6,1].
[[2,9,2,1,2,0,2,3,2],9,23].
[[2,9,2,1,1,0,2,2,2],1,7].
[[3,4,0,1,2,0,2,2,2],0,1].
[[3,8,0,1,1,0,2,2,2],0,2].
[[3,8,0,1,2,0,2,3,2],4,10].
[[3,6,1,0,0,0,1,1,2],3,1].
[[2,7,2,1,1,0,2,2,1],1,0].
[[3,7,2,1,1,0,2,2,1],5,3].
[[3,8,0,1,1,0,0,0,0],0,4].
[[3,6,1,1,2,2,0,0,0],7,0].
[[2,9,2,1,2,0,1,2,1],7,10].
[[2,7,0,0,0,0,2,3,2],3,2].
[[3,3,2,1,2,0,2,1,2],5,0].
[[3,8,1,0,0,0,2,1,1],2,2].
[[1,8,0,1,1,2,2,2,1],5,3].
[[3,8,0,1,2,2,2,1,1],5,4].
[[3,8,1,0,0,0,1,1,1],8,5].
[[2,8,1,0,0,0,2,1,2],28,7].
[[2,6,0,1,1,2,0,0,0],0,3].
[[3,9,2,1,2,2,2,2,2],0,8].
[[2,7,1,1,2,2,2,3,0],16,2].
[[3,7,2,1,2,2,2,1,0],3,0].
[[2,9,2,1,1,0,1,2,1],1,2].
[[3,8,0,1,1,0,1,2,1],0,5].
[[2,7,1,1,2,0,2,1,0],2,0].
[[1,8,1,1,1,2,1,2,1],5,0].
[[2,7,2,1,1,2,1,2,1],1,0].
[[2,7,2,1,2,0,2,3,1],3,0].
[[1,8,1,1,2,0,2,2,0],4,1].
[[3,8,1,1,1,0,2,2,0],0,3].
[[2,7,2,1,1,2,2,3,2],4,0].
[[3,9,2,0,0,0,2,2,1],1,11].
[[1,9,2,1,2,0,1,2,0],3,5].
[[2,8,0,1,2,0,1,2,0],5,4].
[[2,5,0,0,0,0,2,3,0],5,0].
[[2,7,1,1,1,2,2,3,2],15,0].
[[3,6,0,0,0,0,2,3,1],1,1].
[[2,9,2,1,1,2,1,1,2],16,13].
[[3,8,1,1,1,2,1,1,2],20,4].
[[3,7,2,1,1,2,0,0,0],3,0].
[[3,7,2,1,2,2,2,1,2],11,0].
[[2,7,1,1,2,2,1,1,1],3,3].
[[3,3,2,1,2,2,2,3,2],12,0].
[[2,9,2,1,2,0,2,1,0],3,20].
[[2,4,2,1,2,0,1,2,2],34,3].
[[3,8,0,0,0,0,1,2,1],8,5].
[[3,7,1,1,2,0,2,1,0],1,4].
[[2,7,2,1,1,0,0,0,0],1,1].
[[3,7,2,1,2,2,1,1,1],2,1].
[[2,7,2,0,0,0,1,2,1],6,1].
[[3,7,2,1,2,0,1,1,2],13,2].
[[2,7,1,1,2,2,1,2,0],1,3].
[[2,6,1,0,0,0,1,1,2],2,1].
[[3,3,1,1,2,2,1,1,2],3,0].
[[3,7,1,1,1,0,0,0,0],2,3].
[[1,4,2,1,2,0,2,2,1],4,0].
[[1,8,0,1,2,2,1,1,1],1,0].
[[1,7,1,0,0,0,2,3,1],9,2].
[[2,7,1,1,2,0,2,2,2],7,3].
[[3,7,0,1,2,2,0,0,0],2,21].
[[3,6,0,1,2,2,2,1,2],2,4].
[[3,7,1,0,0,0,2,1,2],7,2].
[[1,8,1,1,2,2,2,2,0],23,2].
[[3,6,0,1,1,2,2,2,0],2,4].
[[3,6,1,1,1,2,1,2,1],8,0].
[[3,8,1,1,1,0,1,1,2],1,2].
[[3,6,1,1,2,0,2,3,0],4,0].
[[2,7,1,1,2,2,2,1,1],8,4].
[[2,3,2,0,0,0,1,2,2],3,0].
[[3,7,1,1,1,0,2,2,2],2,2].
[[2,7,2,0,0,0,1,1,2],10,7].
[[1,7,2,0,0,0,2,1,2],8,0].
[[2,8,0,1,2,0,1,2,1],3,0].
[[3,9,2,1,2,2,0,0,0],0,5].
[[1,8,1,1,2,0,2,1,2],3,5].
[[2,7,2,1,2,0,2,1,2],3,0].
[[3,7,2,1,2,0,2,1,2],3,1].
[[3,3,1,1,2,2,2,2,0],3,0].
[[3,5,0,1,2,2,1,2,2],13,0].
[[1,7,2,1,2,0,0,0,0],6,4].
[[2,7,2,1,1,0,2,2,2],1,2].
[[2,9,2,1,1,0,2,1,0],0,4].
[[3,8,0,1,1,0,2,1,0],0,4].
[[2,8,0,1,1,2,1,1,1],3,2].
[[3,1,2,1,2,0,2,2,0],5,0].
[[2,7,2,1,1,2,1,1,1],2,0].
[[2,6,1,1,2,2,2,3,0],3,0].
[[2,7,1,1,2,0,2,3,1],10,3].
[[1,9,2,0,0,0,1,1,1],4,5].
[[2,5,0,0,0,0,1,1,1],14,0].
[[1,5,0,1,2,2,1,2,0],6,0].
[[1,8,1,1,2,2,1,2,0],11,4].
[[2,8,0,1,1,2,1,1,0],4,3].
[[2,9,2,1,1,0,2,1,2],0,1].
[[2,6,0,1,2,2,2,2,0],2,3].
[[1,7,2,1,2,2,2,2,2],8,2].
[[2,7,2,1,2,2,1,1,2],3,3].
[[3,7,0,1,2,0,2,3,0],1,5].
[[2,5,0,1,1,2,1,2,1],6,0].
[[3,1,2,1,2,0,1,2,1],2,0].
[[3,9,2,1,1,2,0,0,0],0,5].
[[3,8,1,1,2,0,1,1,1],14,8].
[[3,6,0,1,2,2,2,3,2],2,4].
[[3,7,2,1,1,0,2,3,1],1,1].
[[2,6,1,0,0,0,2,3,2],11,1].
[[1,8,1,1,2,0,1,1,2],6,0].
[[2,8,1,1,1,2,2,1,2],12,1].
[[3,6,1,1,1,2,2,1,2],4,0].
[[2,8,1,1,1,0,1,1,1],1,2].
[[3,6,1,1,1,0,1,1,1],1,0].
[[3,7,2,1,2,2,1,1,2],12,11].
[[2,7,1,1,2,2,1,1,2],5,0].
[[2,6,1,1,2,0,2,2,1],3,0].
[[1,7,1,1,2,2,2,2,0],2,0].
[[1,7,2,0,0,0,1,1,2],6,2].
[[2,7,2,1,2,0,1,1,2],4,2].
[[1,6,1,1,2,2,2,3,1],5,0].
[[2,7,1,1,2,0,2,3,2],4,1].
[[2,8,1,1,1,0,2,3,1],5,4].
[[3,9,2,0,0,0,1,1,2],1,8].
[[3,3,1,1,1,2,2,3,2],1,0].
[[2,6,0,1,2,2,2,3,2],3,1].
[[3,6,0,1,2,2,1,2,2],2,4].
[[1,7,1,1,2,2,1,2,1],1,0].
[[1,8,1,1,1,2,2,2,1],17,3].
[[3,1,2,1,2,0,1,1,2],6,0].
[[3,7,1,0,0,0,2,3,0],6,5].
[[3,6,0,1,2,2,2,2,1],3,0].
[[3,6,1,1,2,2,1,1,1],2,1].
[[1,6,1,0,0,0,2,1,2],5,0].
[[3,7,1,0,0,0,2,1,1],4,0].
[[3,7,0,0,0,0,2,3,2],1,3].
[[2,8,1,1,1,0,1,2,2],1,2].
[[3,4,0,1,2,0,1,1,1],0,1].
[[2,3,1,1,2,2,2,1,2],2,0].
[[3,3,1,1,2,2,2,1,2],6,0].
[[2,8,1,1,1,2,2,1,1],17,3].
[[2,6,1,1,2,0,1,2,1],1,1].
[[3,6,1,1,2,0,1,2,1],7,1].
[[3,8,0,0,0,0,2,2,1],4,10].
[[1,9,2,1,1,2,1,1,0],12,8].
[[3,6,1,0,0,0,2,2,0],2,0].
[[3,8,0,0,0,0,2,3,1],6,8].
[[2,8,1,1,1,0,2,2,1],4,4].
[[2,7,0,0,0,0,1,2,2],0,2].
[[3,7,0,1,2,0,1,2,2],1,2].
[[3,7,0,1,2,2,2,1,0],1,4].
[[1,8,0,0,0,0,1,1,0],1,1].
[[3,7,0,0,0,0,1,1,0],2,1].
[[3,9,2,0,0,0,2,2,0],0,8].
[[3,7,2,0,0,0,1,1,2],3,3].
[[1,6,0,1,2,2,2,2,2],1,0].
[[3,3,1,1,1,2,1,2,2],1,0].
[[1,6,1,1,2,2,1,2,1],2,0].
[[2,6,1,1,1,2,1,2,1],1,0].
[[2,8,1,1,2,0,2,1,1],18,1].
[[3,8,0,0,0,0,2,2,0],2,17].
[[2,5,0,1,2,2,1,2,2],4,0].
[[1,4,2,1,2,0,2,1,2],3,0].
[[2,4,2,1,2,0,2,1,2],7,1].
[[3,7,1,1,2,0,2,2,0],6,3].
[[3,7,0,1,2,0,0,0,0],0,2].
[[3,8,0,0,0,0,0,0,0],0,8].
[[3,7,0,1,2,0,2,2,1],0,3].
[[3,7,2,0,0,0,0,0,0],4,1].
[[3,6,0,1,2,2,1,2,0],2,3].
[[3,6,0,1,2,2,2,2,2],4,1].
[[1,8,1,1,1,2,1,1,1],3,1].
[[2,9,2,0,0,0,2,1,1],8,3].
[[1,7,2,1,2,0,2,3,2],2,0].
[[3,3,1,1,1,2,0,0,0],3,0].
[[1,8,1,1,2,0,2,1,1],8,2].
[[3,9,2,1,2,0,2,1,0],2,11].
[[3,7,1,1,1,0,2,2,1],5,1].
[[3,6,1,1,1,2,1,2,2],6,0].
[[3,6,0,0,0,0,1,2,2],0,2].
[[3,6,0,1,1,2,2,2,2],1,3].
[[2,8,0,1,1,2,1,2,1],6,7].
[[3,9,2,1,2,0,2,2,0],2,7].
[[2,5,0,1,2,0,2,3,0],5,0].
[[3,5,0,1,2,0,2,3,0],8,0].
[[2,7,1,1,2,0,2,1,2],2,2].
[[3,7,1,1,2,0,2,1,2],2,3].
[[3,3,1,1,1,2,2,2,2],1,0].
[[2,6,1,1,1,2,0,0,0],2,0].
[[3,6,1,1,1,2,2,3,1],3,0].
[[2,3,1,0,0,0,2,3,2],2,0].
[[3,2,1,0,0,0,2,3,2],2,0].
[[3,5,0,1,2,0,1,2,2],4,0].
[[3,4,2,1,2,0,0,0,0],6,3].
[[3,7,0,0,0,0,2,2,2],0,2].
[[1,7,2,1,2,2,1,1,2],3,0].
[[2,7,2,1,1,2,1,1,2],1,0].
[[3,7,2,0,0,0,2,1,2],3,0].
[[3,8,1,1,1,2,2,1,1],10,4].
[[2,3,2,1,2,2,2,3,1],1,0].
[[3,3,2,1,2,2,2,3,1],1,0].
[[3,8,0,1,2,0,1,1,1],0,2].
[[3,7,2,1,2,2,0,0,0],4,1].
[[2,6,1,1,2,0,2,1,1],1,1].
[[3,6,1,1,1,0,1,2,1],1,1].
[[2,7,1,0,0,0,2,1,2],9,1].
[[3,7,0,1,2,2,2,3,1],4,4].
[[1,7,2,1,2,0,2,1,2],1,0].
[[1,7,1,1,2,2,2,1,1],4,1].
[[2,3,1,1,2,2,2,1,1],2,0].
[[3,3,1,1,1,2,1,1,1],2,0].
[[3,3,1,1,2,0,2,3,2],2,0].
[[1,9,2,1,2,0,1,1,2],7,7].
[[2,9,2,1,2,0,2,1,2],1,3].
[[3,7,0,1,1,2,1,2,1],0,2].
[[3,7,2,1,2,0,2,3,0],2,1].
[[3,4,0,1,2,0,1,2,2],0,1].
[[2,6,1,1,1,2,2,1,1],1,0].
[[1,7,1,0,0,0,1,2,1],3,0].
[[3,8,1,1,1,0,2,3,2],5,4].
[[2,6,1,1,2,2,2,1,1],3,0].
[[3,6,1,1,2,2,2,1,1],2,0].
[[3,6,1,1,1,0,2,3,0],1,1].
[[1,8,0,1,1,2,2,1,1],2,1].
[[3,7,0,0,0,0,2,2,0],1,1].
[[2,3,2,0,0,0,2,2,2],2,0].
[[3,6,1,1,2,0,1,2,0],4,0].
[[2,6,1,1,2,0,2,1,0],0,1].
[[3,6,1,1,1,0,1,1,0],0,1].
[[3,5,0,1,1,0,1,1,2],7,2].
[[2,9,2,1,1,2,2,1,1],3,3].
[[2,7,1,1,2,2,2,1,0],6,1].
[[1,8,1,1,2,0,1,2,0],2,1].
[[3,7,1,1,2,0,1,2,0],7,0].
[[3,3,1,1,2,2,2,2,1],5,0].
[[3,3,1,1,2,2,2,3,1],6,1].
[[1,7,1,1,2,2,2,3,0],1,1].
[[3,6,1,1,2,0,1,1,1],1,2].
[[2,7,1,1,2,0,2,1,1],2,0].
[[1,5,0,1,2,2,2,2,0],7,0].
[[1,7,1,1,2,2,2,1,0],2,1].
[[2,7,2,1,2,2,2,1,0],1,0].
[[3,7,2,1,2,2,1,2,0],6,0].
[[3,6,1,1,2,0,1,1,2],1,0].
[[2,6,1,0,0,0,1,2,1],4,0].
[[3,6,1,0,0,0,1,2,0],4,0].
[[2,7,1,1,2,0,1,2,1],2,1].
[[3,5,0,1,1,0,1,2,1],6,1].
[[3,9,2,1,1,0,1,1,2],1,8].
[[3,3,2,1,2,2,2,2,1],3,0].
[[1,5,0,0,0,0,1,2,0],1,0].
[[2,7,0,1,2,2,2,1,0],2,1].
[[3,7,0,1,1,2,2,2,1],2,1].
[[2,8,1,1,1,0,1,2,0],0,1].
[[2,1,2,1,2,0,1,1,1],1,0].
[[3,1,2,1,2,0,1,1,1],3,0].
[[3,9,2,1,1,0,2,3,1],1,2].
[[2,7,0,1,2,2,2,2,2],2,2].
[[2,6,1,1,1,2,2,3,2],3,0].
[[3,6,1,1,1,2,2,3,2],6,0].
[[2,6,1,1,2,2,1,1,1],1,0].
[[1,5,0,0,0,0,1,1,1],4,0].
[[3,8,1,1,1,2,2,1,2],5,0].
[[2,8,0,1,2,0,2,1,1],0,1].
[[3,8,0,1,2,0,2,1,1],0,2].
[[3,7,0,1,2,0,2,2,2],1,3].
[[3,9,2,1,1,0,2,2,0],1,3].
[[3,9,2,0,0,0,2,1,1],0,1].
[[3,3,1,1,2,2,2,3,0],6,0].
[[1,8,0,1,2,2,1,1,0],4,0].
[[1,8,1,0,0,0,1,1,0],1,3].
[[3,9,2,0,0,0,0,0,0],0,1].
[[2,6,1,0,0,0,2,2,0],3,0].
[[3,3,2,1,2,0,2,2,1],2,0].
[[1,9,2,1,2,0,1,2,1],3,4].
[[2,7,2,0,0,0,1,1,0],1,0].
[[3,7,2,0,0,0,1,2,0],1,0].
[[3,8,1,1,2,2,0,0,0],0,6].
[[3,9,2,0,0,0,2,2,2],0,2].
[[1,4,2,1,2,0,1,2,2],6,2].
[[1,5,0,1,1,2,1,1,1],2,0].
[[3,7,2,1,2,0,1,1,1],4,5].
[[1,7,1,1,2,2,2,2,1],2,2].
[[3,5,0,1,2,0,1,1,0],2,0].
[[3,8,0,1,1,0,2,3,2],1,4].
[[3,7,0,0,0,0,2,2,1],1,0].
[[2,5,0,0,0,0,2,2,0],10,1].
[[3,8,1,1,1,0,2,2,2],4,1].
[[2,8,0,0,0,0,1,2,1],5,5].
[[3,6,1,1,2,0,1,2,2],7,0].
[[3,7,0,1,2,2,2,2,2],0,8].
[[3,8,0,1,2,0,2,1,2],0,3].
[[3,7,2,0,0,0,1,2,1],6,0].
[[3,6,1,1,2,2,2,1,2],6,0].
[[3,7,1,1,1,2,1,1,0],6,2].
[[3,7,0,1,2,2,1,2,1],2,3].
[[2,7,1,1,1,2,2,1,0],2,1].
[[1,6,0,0,0,0,0,0,0],1,1].
[[2,6,0,0,0,0,2,3,0],3,0].
[[3,6,0,0,0,0,2,3,0],2,1].
[[1,2,1,0,0,0,0,0,0],1,0].
[[2,2,1,0,0,0,2,3,2],1,0].
[[3,9,2,1,1,0,2,1,0],0,5].
[[3,5,0,0,0,0,1,2,2],3,0].
[[3,7,2,1,2,0,1,1,0],1,0].
[[3,9,2,1,2,0,2,3,1],1,3].
[[2,8,1,1,1,0,1,1,2],0,2].
[[3,7,1,1,1,0,1,1,2],1,3].
[[2,6,1,1,1,2,2,3,1],3,0].
[[3,5,0,1,1,0,1,1,1],4,7].
[[3,6,1,1,1,0,2,2,1],2,1].
[[2,6,0,1,2,2,2,3,1],2,1].
[[3,6,0,1,2,2,2,3,1],1,5].
[[3,8,1,0,0,0,2,1,2],4,2].
[[2,9,2,1,1,0,2,3,1],0,2].
[[2,9,2,1,2,0,2,1,1],4,1].
[[3,6,0,1,1,2,2,1,1],1,0].
[[2,7,2,0,0,0,2,2,1],7,1].
[[3,3,1,1,2,0,1,2,2],1,1].
[[1,5,0,0,0,0,2,2,0],8,0].
[[1,4,2,1,2,0,2,2,0],5,0].
[[3,8,1,1,1,0,1,1,1],0,6].
[[1,5,0,1,1,2,2,3,0],2,0].
[[2,4,2,1,2,0,1,1,1],9,0].
[[2,7,1,1,1,2,2,3,0],5,0].
[[3,3,1,1,1,2,2,3,0],2,0].
[[1,6,1,1,2,2,2,2,2],2,1].
[[2,6,1,1,1,2,1,2,2],1,0].
[[3,6,0,1,1,2,2,2,1],0,2].
[[1,8,0,1,1,2,1,1,2],3,1].
[[3,6,0,1,1,2,2,1,0],0,4].
[[3,7,0,1,1,2,1,1,0],1,1].
[[2,6,0,1,2,2,2,3,0],2,3].
[[3,6,1,1,1,2,2,1,1],4,0].
[[3,9,2,1,1,0,1,1,1],0,1].
[[1,7,1,0,0,0,2,1,2],6,1].
[[2,7,1,1,2,0,1,2,2],3,3].
[[2,6,1,1,2,0,2,3,1],5,2].
[[3,3,1,1,2,0,2,3,1],4,0].
[[2,7,2,0,0,0,2,1,2],5,0].
[[2,6,0,0,0,0,0,0,0],2,1].
[[3,6,0,1,2,0,2,2,0],1,1].
[[3,8,1,1,2,0,2,1,2],3,3].
[[3,6,1,1,2,2,1,2,0],6,0].
[[3,6,0,1,1,2,2,3,1],2,0].
[[1,6,1,1,2,2,1,2,2],1,0].
[[2,6,1,1,2,2,1,2,2],5,0].
[[3,3,1,1,2,0,2,2,2],2,0].
[[3,7,0,0,0,0,0,0,0],0,1].
[[1,9,2,1,2,0,2,1,1],2,1].
[[3,3,2,1,2,0,1,1,2],3,0].
[[2,3,2,0,0,0,0,0,0],7,0].
[[3,5,0,1,2,0,2,2,0],6,0].
[[1,8,0,1,1,2,2,3,1],3,1].
[[2,7,2,1,2,0,2,2,2],8,1].
[[1,8,1,1,2,0,2,1,0],2,0].
[[2,8,1,1,1,0,1,1,0],1,0].
[[3,7,2,1,2,0,0,0,0],3,1].
[[2,7,2,1,1,2,0,0,0],5,1].
[[2,3,2,0,0,0,2,3,0],1,0].
[[3,2,1,0,0,0,2,3,0],1,0].
[[2,7,2,1,2,0,1,2,0],1,0].
[[2,6,0,0,0,0,2,2,2],0,2].
[[3,6,0,0,0,0,2,2,2],0,1].
[[1,6,1,1,2,2,2,2,1],3,0].
[[2,3,1,1,2,2,2,2,1],1,0].
[[3,3,1,1,2,2,1,2,1],3,0].
[[3,7,2,0,0,0,2,3,0],1,0].
[[2,4,2,1,2,0,1,1,0],12,1].
[[2,8,0,0,0,0,2,1,1],2,5].
[[3,7,0,1,2,2,2,1,1],0,3].
[[2,5,0,1,2,0,1,2,0],3,0].
[[1,8,1,1,2,2,1,1,0],4,2].
[[2,5,0,1,2,2,1,1,0],4,0].
[[2,6,1,1,2,2,1,1,2],2,0].
[[3,6,1,1,2,2,1,1,2],2,0].
[[3,6,1,1,1,0,2,2,0],0,1].
[[3,3,2,0,0,0,2,3,2],5,0].
[[3,6,1,1,1,2,1,1,2],2,0].
[[1,8,0,1,1,2,2,1,0],2,2].
[[3,9,2,1,1,0,2,3,2],0,1].
[[2,6,1,0,0,0,1,1,1],2,0].
[[3,6,1,0,0,0,1,1,1],3,0].
[[2,6,1,0,0,0,2,1,2],8,0].
[[2,8,0,1,2,0,2,1,2],1,2].
[[2,6,0,1,2,2,2,1,0],2,0].
[[1,5,0,1,2,2,1,2,1],3,0].
[[3,9,2,1,1,0,2,3,0],0,15].
[[3,3,2,1,2,2,1,2,1],1,0].
[[1,5,0,1,1,2,1,2,0],2,0].
[[2,1,2,1,2,0,1,2,0],1,0].
[[3,1,2,1,2,0,1,2,0],2,0].
[[2,6,1,1,2,0,2,2,2],4,1].
[[3,8,1,1,2,0,0,0,0],0,2].
[[2,6,1,1,1,2,2,1,2],1,0].
[[1,3,2,0,0,0,2,3,2],1,0].
[[2,3,2,0,0,0,2,3,2],2,0].
[[2,7,0,1,1,2,1,2,2],1,1].
[[1,8,1,1,1,2,2,1,0],3,0].
[[2,3,2,1,2,0,0,0,0],2,0].
[[3,3,2,1,1,0,0,0,0],1,0].
[[2,7,1,1,2,0,1,1,1],1,0].
[[3,7,1,1,1,0,1,2,1],2,3].
[[2,7,0,1,1,2,2,1,0],0,1].
[[3,7,0,1,1,2,2,1,0],2,7].
[[3,7,1,1,2,0,1,1,2],7,0].
[[3,7,2,1,1,2,2,2,0],2,0].
[[3,3,1,1,2,2,2,1,0],2,0].
[[3,3,1,1,1,2,2,1,2],3,0].
[[3,8,0,1,1,0,1,2,0],0,9].
[[3,7,0,1,2,0,2,1,0],0,1].
[[2,9,2,1,1,0,2,2,0],0,3].
[[3,7,1,1,1,2,1,2,0],9,0].
[[1,5,0,1,2,0,1,2,1],1,0].
[[2,5,0,1,2,0,1,2,1],4,1].
[[3,6,1,0,0,0,1,2,2],8,0].
[[3,7,2,1,1,0,2,1,2],2,1].
[[1,1,2,1,2,0,2,2,0],1,0].
[[2,1,2,1,2,0,2,2,0],2,0].
[[1,7,2,0,0,0,2,3,1],2,1].
[[1,4,2,1,2,0,1,1,0],4,0].
[[3,6,1,1,1,2,2,3,0],1,0].
[[1,6,1,0,0,0,2,2,0],4,0].
[[2,6,1,1,2,2,2,2,0],2,0].
[[1,7,2,0,0,0,2,2,1],2,0].
[[3,7,2,0,0,0,2,2,0],5,0].
[[3,8,1,1,2,0,2,2,0],0,5].
[[2,8,1,1,1,0,2,1,0],1,0].
[[3,8,0,1,1,0,1,1,2],0,3].
[[1,7,2,1,2,0,1,1,2],1,1].
[[2,7,2,1,1,0,1,1,2],0,3].
[[1,5,0,1,1,2,2,2,0],2,0].
[[3,8,0,0,0,0,2,1,1],1,3].
[[3,3,1,0,0,0,1,2,1],2,0].
[[3,6,1,1,1,2,1,2,0],2,0].
[[2,5,0,1,1,2,1,1,0],1,0].
[[3,5,0,1,1,2,1,1,0],3,0].
[[1,8,0,0,0,0,1,2,0],6,1].
[[3,8,1,1,1,0,2,3,0],0,1].
[[3,6,1,1,1,2,2,1,0],2,0].
[[1,4,2,1,2,0,1,2,1],1,0].
[[3,1,1,1,2,0,1,1,2],1,0].
[[1,6,1,0,0,0,1,2,2],1,0].
[[3,7,0,1,2,0,2,3,2],0,1].
[[2,6,1,1,1,2,2,2,1],2,0].
[[3,7,0,1,1,2,2,1,1],1,1].
[[1,3,2,0,0,0,2,1,2],1,0].
[[3,7,2,1,1,2,1,2,1],3,2].
[[3,3,2,0,0,0,2,2,1],1,0].
[[2,7,2,1,2,0,2,2,1],3,0].
[[3,8,1,1,1,2,2,1,0],2,1].
[[2,3,1,1,2,2,2,3,1],2,0].
[[2,7,0,0,0,0,1,2,0],2,0].
[[3,7,0,0,0,0,1,2,0],3,2].
[[1,8,1,1,1,2,1,1,2],4,0].
[[1,8,0,0,0,0,1,2,1],1,0].
[[2,7,2,1,1,2,2,3,0],1,0].
[[2,6,1,1,1,2,1,1,2],1,0].
[[3,3,1,1,2,2,2,1,1],3,0].
[[1,8,1,1,1,2,2,3,0],6,2].
[[3,7,2,1,2,0,2,1,0],1,0].
[[3,3,2,1,2,0,2,2,2],5,0].
[[1,6,1,0,0,0,2,1,1],2,1].
[[3,3,1,0,0,0,0,0,0],2,1].
[[3,3,2,1,1,0,1,2,2],1,0].
[[3,3,2,1,1,0,2,2,1],2,0].
[[3,6,1,1,2,0,2,1,2],2,0].
[[3,7,1,1,1,0,2,3,0],1,2].
[[2,3,2,1,2,0,2,2,2],1,0].
[[3,8,0,1,1,0,2,2,1],0,4].
[[2,5,0,0,0,0,1,2,2],2,0].
[[2,7,0,1,1,2,0,0,0],4,5].
[[3,7,2,0,0,0,2,3,1],2,1].
[[3,7,1,1,1,0,2,1,1],1,0].
[[3,7,2,1,1,0,1,1,1],0,1].
[[2,9,2,1,2,0,1,1,1],2,3].
[[2,8,1,1,1,0,0,0,0],0,1].
[[3,3,2,0,0,0,2,2,2],2,0].
[[3,7,0,0,0,0,2,3,0],1,2].
[[2,9,2,1,1,0,2,3,2],1,0].
[[2,8,0,1,2,0,1,1,2],2,2].
[[3,9,2,1,2,0,2,2,2],0,1].
[[3,4,0,1,2,0,1,2,1],0,1].
[[2,7,0,1,1,2,2,1,2],0,2].
[[3,7,0,0,0,0,2,1,0],1,1].
[[3,5,0,1,1,0,2,2,0],0,3].
[[2,6,0,0,0,0,2,1,2],0,2].
[[3,6,0,0,0,0,1,1,2],0,2].
[[3,3,2,0,0,0,0,0,0],4,0].
[[3,7,2,1,2,0,2,2,0],1,0].
[[1,5,0,1,2,0,1,2,0],1,0].
[[2,7,0,1,2,2,1,2,2],1,1].
[[2,3,1,0,0,0,2,3,1],1,0].
[[3,3,1,0,0,0,2,1,1],2,0].
[[2,7,0,0,0,0,2,2,2],0,3].
[[2,6,1,1,2,0,1,2,2],2,0].
[[3,6,1,1,1,0,1,2,2],3,0].
[[2,6,1,0,0,0,2,1,1],3,0].
[[3,3,1,1,2,0,2,1,1],1,0].
[[3,7,2,1,1,2,1,1,2],2,0].
[[2,7,2,1,2,0,2,2,0],1,0].
[[2,7,0,1,2,2,2,1,2],2,0].
[[2,7,2,1,1,2,2,2,1],2,0].
[[2,5,0,1,2,0,2,2,0],5,0].
[[3,3,1,1,2,2,1,1,1],1,0].
[[1,9,2,1,2,0,1,1,0],1,4].
[[2,8,0,1,2,0,1,1,0],1,0].
[[1,6,1,1,2,2,2,1,2],2,0].
[[3,6,1,1,2,0,0,0,0],0,1].
[[3,2,1,1,2,2,2,3,2],1,0].
[[3,7,2,1,1,2,2,3,0],3,0].
[[3,3,2,0,0,0,1,1,2],1,0].
[[3,6,1,0,0,0,2,3,1],7,0].
[[3,3,1,0,0,0,2,2,2],3,0].
[[2,7,0,0,0,0,2,2,1],0,1].
[[2,7,2,1,2,2,2,2,0],1,0].
[[3,6,1,1,1,0,2,3,1],2,1].
[[1,2,1,0,0,0,2,3,1],1,0].
[[2,2,1,0,0,0,2,2,1],1,0].
[[3,2,1,0,0,0,1,2,2],1,0].
[[3,7,0,1,1,2,2,3,1],1,1].
[[2,7,2,0,0,0,2,2,0],3,0].
[[2,8,0,1,2,0,2,1,0],2,7].
[[2,8,1,1,1,0,2,1,2],0,1].
[[3,3,1,0,0,0,2,3,1],3,0].
[[3,6,0,1,1,2,2,3,0],0,2].
[[3,3,2,1,2,2,0,0,0],4,0].
[[3,6,1,1,1,0,2,1,1],1,0].
[[1,8,1,1,1,2,1,2,0],1,0].
[[2,7,2,1,1,2,1,2,0],1,0].
[[3,7,0,1,1,2,1,2,0],1,1].
[[3,3,2,1,2,0,1,1,1],1,0].
[[3,2,0,1,2,2,0,0,0],1,0].
[[2,6,1,1,2,0,2,3,0],1,0].
[[2,6,1,1,2,2,2,1,0],3,0].
[[3,6,1,1,2,2,1,1,0],2,0].
[[2,7,0,1,2,2,2,1,1],1,1].
[[3,3,2,0,0,0,2,3,1],1,0].
[[3,9,2,0,0,0,2,3,2],0,4].
[[2,3,2,1,2,0,2,1,2],1,0].
[[3,7,1,1,2,0,1,1,0],0,1].
[[2,8,1,1,2,0,1,1,0],1,1].
[[2,6,0,1,2,2,2,2,2],1,1].
[[3,8,1,0,0,0,2,2,0],2,0].
[[2,9,2,1,1,0,1,2,0],0,2].
[[2,7,1,1,2,2,1,1,0],1,0].
[[3,7,2,1,1,2,1,1,0],2,0].
[[2,3,2,0,0,0,2,1,2],1,0].
[[2,8,0,0,0,0,1,1,1],1,1].
[[2,7,1,1,2,0,2,2,0],3,0].
[[1,8,0,1,1,2,1,2,0],0,1].
[[2,3,1,1,2,2,2,3,2],1,0].
[[3,2,1,1,2,0,1,2,2],1,0].
[[3,6,0,1,2,2,1,1,2],0,1].
[[1,4,2,1,2,0,2,3,1],2,0].
[[1,6,0,1,2,2,2,3,0],0,1].
[[2,5,0,1,2,0,1,2,2],1,0].
[[2,8,1,1,1,0,2,3,0],0,1].
[[1,7,2,1,2,0,2,2,1],1,0].
[[3,6,1,0,0,0,1,1,0],2,0].
[[3,3,2,0,0,0,2,1,2],1,0].
[[2,1,2,1,2,0,2,3,0],1,0].
[[1,4,2,1,2,0,1,1,1],1,0].
[[2,8,1,1,1,2,1,1,0],6,0].
[[2,9,2,1,1,0,1,1,0],0,1].
[[3,9,2,1,2,0,0,0,0],0,2].
[[2,3,2,0,0,0,1,1,2],1,0].
[[2,2,1,0,0,0,0,0,0],2,0].
[[3,2,1,1,2,0,2,3,1],1,0].
[[3,7,2,1,1,0,2,2,0],0,1].
[[3,7,1,1,1,0,1,2,0],1,1].
[[2,6,0,1,1,2,2,2,0],1,0].
[[2,7,1,0,0,0,1,1,1],0,1].
[[2,7,0,1,1,2,2,2,1],1,0].
[[2,7,0,1,1,2,2,3,1],1,0].
[[2,7,0,0,0,0,2,1,0],1,0].
[[2,6,0,1,2,2,1,2,2],1,0].
[[3,2,0,1,2,2,1,2,2],1,0].
[[1,8,1,1,2,0,1,1,0],0,1].
[[2,7,2,1,2,0,1,1,1],0,2].
[[3,4,0,1,2,0,2,3,1],0,1].
[[2,7,2,1,1,2,2,1,2],1,0].
[[1,6,0,1,2,2,2,2,0],0,1].
[[2,5,0,1,2,0,1,1,0],1,0].
[[3,5,0,1,1,0,1,1,0],1,0].
[[2,7,0,0,0,0,2,3,0],0,1].
[[2,3,1,0,0,0,2,1,1],1,0].
[[1,8,0,1,1,2,1,1,0],1,0].
[[3,1,2,1,2,0,1,2,2],1,0].
[[2,3,1,0,0,0,2,2,2],1,0].
[[3,3,1,0,0,0,1,2,2],2,0].
[[2,7,0,1,2,2,2,3,1],0,2].
[[1,7,2,1,2,2,2,1,2],1,0].
[[3,7,1,1,1,0,2,2,0],1,0].
[[1,7,1,0,0,0,2,2,0],1,0].
[[3,3,1,1,1,2,2,2,1],1,0].
[[1,7,1,1,2,2,1,1,2],1,0].
[[3,7,2,1,1,2,2,1,0],2,0].
[[1,7,2,0,0,0,2,3,0],1,0].
[[2,6,0,1,2,2,2,1,2],0,1].
[[2,7,2,1,2,2,1,1,1],0,1].
[[3,2,1,1,2,0,0,0,0],1,0].
[[2,1,2,1,2,0,1,2,1],1,0].
[[2,7,0,1,2,2,1,1,2],1,0].
[[2,7,0,1,2,2,2,2,0],1,0].
[[1,5,0,1,2,0,2,2,0],1,0].
[[3,6,1,1,1,0,1,2,0],0,1].
[[3,3,2,1,1,0,2,3,2],1,0].
[[3,7,0,1,2,2,1,1,0],0,2].
[[2,9,2,1,1,0,1,1,2],0,1].
[[2,3,2,1,2,2,1,1,2],1,0].
[[3,3,1,1,2,0,1,2,1],1,0].
[[2,7,0,1,1,2,2,3,2],1,0].
[[2,6,1,1,2,0,1,1,2],1,0].
[[3,9,2,1,2,0,2,1,1],1,0].
[[2,3,2,1,2,2,2,3,2],1,0].
[[1,9,2,1,2,0,1,1,1],0,1].
[[2,2,1,1,2,2,0,0,0],1,0].
[[3,2,1,1,1,2,2,2,0],1,0].
[[3,8,1,1,1,2,0,0,0],0,1].
[[3,6,1,1,1,2,2,2,0],1,0].
[[2,7,2,1,1,0,2,1,2],0,1].
[[3,2,0,1,2,2,2,3,1],1,0].
[[2,3,2,1,2,2,2,2,2],0,1].
[[3,3,2,1,1,2,2,2,2],0,1].
[[2,2,1,1,2,2,2,2,1],1,0].
[[3,2,1,1,2,2,1,1,1],1,0].
