total_WL(23705,12988).
[[1,9,2,0,0,0,2,1,2],586,531].
[[2,9,2,1,2,0,1,1,2],27,36].
[[3,8,0,1,2,1,1,1,2],84,104].
[[1,9,2,0,0,0,2,2,0],919,741].
[[2,9,2,1,2,1,1,2,0],458,445].
[[3,8,1,1,2,1,1,2,0],583,75].
[[1,9,2,0,0,0,2,3,2],570,501].
[[2,9,2,1,2,1,1,2,2],203,211].
[[3,8,0,1,2,1,1,2,2],160,186].
[[1,9,2,1,2,0,2,2,0],30,48].
[[2,8,1,1,2,0,2,2,0],60,21].
[[3,8,1,1,2,0,2,2,0],40,14].
[[2,8,0,1,2,1,2,2,0],242,177].
[[3,7,0,1,2,1,2,2,0],68,20].
[[1,9,2,0,0,0,2,2,2],524,510].
[[2,9,2,0,0,0,1,2,2],230,197].
[[3,8,1,1,2,1,1,2,2],324,74].
[[1,6,1,0,0,0,1,1,2],2,0].
[[2,6,1,1,2,1,1,1,2],4,0].
[[3,3,1,1,2,1,1,1,2],2,0].
[[1,8,1,0,0,0,2,2,1],275,37].
[[2,8,1,0,0,0,2,2,1],194,32].
[[3,8,1,1,2,0,2,2,1],55,13].
[[1,9,2,0,0,0,1,2,0],484,385].
[[2,9,2,0,0,0,1,2,0],466,483].
[[3,9,2,1,2,0,1,2,0],105,197].
[[1,9,2,1,2,1,1,2,1],40,24].
[[2,9,2,1,2,1,1,2,1],78,80].
[[3,8,0,1,2,1,1,2,1],82,80].
[[1,8,1,0,0,0,2,3,1],516,68].
[[2,8,1,0,0,0,2,3,1],391,43].
[[3,8,1,1,2,1,1,2,1],279,47].
[[1,9,2,0,0,0,2,1,0],434,408].
[[2,9,2,0,0,0,2,1,0],78,154].
[[3,9,2,0,0,0,1,2,0],152,269].
[[1,9,2,1,2,0,2,3,1],9,7].
[[2,9,2,1,2,0,2,3,1],25,34].
[[3,9,2,1,2,1,2,3,1],34,50].
[[1,9,2,1,2,1,0,0,0],272,428].
[[2,8,1,1,2,1,2,2,1],157,27].
[[3,7,1,1,2,1,2,2,1],95,25].
[[1,8,1,1,2,0,1,1,2],7,2].
[[2,8,1,1,1,0,1,1,2],0,4].
[[3,8,1,1,1,0,1,1,2],7,9].
[[1,9,2,1,2,1,2,3,0],563,460].
[[2,9,2,1,2,1,2,3,0],297,469].
[[3,9,2,1,2,1,1,1,0],95,272].
[[2,9,2,1,2,1,1,1,0],111,190].
[[3,9,2,1,1,1,1,2,0],164,254].
[[1,8,1,1,2,1,0,0,0],585,120].
[[2,8,1,1,1,1,2,2,2],55,5].
[[3,4,1,1,2,0,2,2,2],40,2].
[[1,9,2,1,2,0,2,2,2],29,27].
[[2,9,2,1,1,0,1,1,2],2,2].
[[3,9,2,1,1,0,1,1,2],4,16].
[[2,8,0,1,2,0,2,2,0],22,26].
[[3,7,1,1,1,0,2,2,0],4,2].
[[3,5,0,1,2,1,1,2,0],85,3].
[[1,9,2,0,0,0,0,0,0],601,1105].
[[2,9,2,0,0,0,2,3,0],298,448].
[[3,9,2,1,2,1,1,2,0],409,627].
[[1,8,1,0,0,0,2,1,2],491,67].
[[2,7,2,0,0,0,2,1,2],92,10].
[[3,7,1,0,0,0,2,1,2],110,14].
[[2,9,2,1,2,1,2,2,2],139,190].
[[3,8,1,1,2,1,2,2,2],252,35].
[[1,8,1,0,0,0,2,1,1],132,23].
[[2,8,1,1,2,1,2,1,1],85,14].
[[3,8,1,1,2,1,1,1,1],51,39].
[[1,9,2,0,0,0,1,1,0],145,198].
[[3,8,0,1,2,1,1,1,0],139,164].
[[1,7,2,0,0,0,0,0,0],215,32].
[[2,7,2,1,2,1,0,0,0],91,10].
[[3,7,2,1,2,1,2,2,2],131,6].
[[2,9,2,1,2,0,2,1,0],15,36].
[[3,9,2,1,1,0,2,1,0],0,5].
[[2,8,1,1,1,1,2,2,1],35,9].
[[3,7,1,1,1,1,2,2,1],35,7].
[[2,8,0,1,2,1,0,0,0],120,249].
[[3,8,0,1,2,1,0,0,0],0,84].
[[1,8,0,0,0,0,2,3,2],152,88].
[[2,8,0,0,0,0,1,2,2],104,68].
[[3,7,1,1,2,1,1,2,2],96,18].
[[2,8,1,0,0,0,2,1,2],344,51].
[[3,7,1,0,0,0,2,2,1],56,6].
[[1,9,2,0,0,0,2,3,1],293,216].
[[2,8,0,0,0,0,2,3,1],77,53].
[[3,8,0,0,0,0,1,2,0],195,136].
[[1,9,2,1,2,1,2,2,0],403,299].
[[3,9,2,1,2,1,2,2,2],41,69].
[[1,8,0,1,2,1,2,2,2],54,39].
[[2,8,0,1,2,1,2,2,2],128,115].
[[3,8,0,1,2,1,2,2,2],136,171].
[[1,8,1,0,0,0,0,0,0],1695,346].
[[3,8,1,1,2,1,2,3,1],257,42].
[[2,8,1,0,0,0,2,2,2],342,64].
[[1,9,2,0,0,0,2,3,0],1352,1105].
[[2,8,1,0,0,0,2,3,0],437,75].
[[3,8,1,0,0,0,1,2,0],259,28].
[[1,8,0,0,0,0,2,1,2],172,113].
[[2,8,0,0,0,0,2,1,2],163,140].
[[3,7,1,1,2,0,2,1,2],74,10].
[[1,8,0,0,0,0,2,2,0],197,108].
[[2,8,0,1,2,1,1,2,0],131,72].
[[3,8,0,1,2,1,1,2,0],419,304].
[[1,9,2,1,2,1,2,2,1],56,22].
[[2,8,0,1,2,1,2,2,1],39,19].
[[3,7,0,1,2,1,2,2,1],5,2].
[[1,9,2,1,2,1,2,2,2],232,199].
[[3,8,0,1,1,1,2,2,2],44,49].
[[3,7,0,1,1,1,2,2,0],14,7].
[[1,8,1,0,0,0,2,3,2],508,89].
[[2,8,1,0,0,0,2,3,2],345,58].
[[2,8,1,0,0,0,2,1,1],112,13].
[[3,8,1,0,0,0,2,1,1],25,10].
[[1,8,1,1,2,1,2,3,2],165,25].
[[2,8,1,1,1,1,2,3,2],52,7].
[[3,4,1,1,2,0,1,2,2],71,4].
[[2,9,2,1,2,1,2,1,0],93,132].
[[3,9,2,1,2,1,2,1,0],2,65].
[[1,8,1,1,1,1,0,0,0],56,6].
[[2,8,1,1,1,1,2,2,0],58,9].
[[3,8,1,1,1,1,2,2,2],90,12].
[[1,8,1,0,0,0,2,1,0],237,34].
[[2,8,1,0,0,0,1,2,0],289,57].
[[3,7,2,1,2,0,1,2,0],28,3].
[[2,7,2,0,0,0,2,3,2],77,2].
[[3,7,2,0,0,0,2,3,2],53,2].
[[2,8,0,0,0,0,2,1,0],139,90].
[[3,8,0,0,0,0,2,1,0],30,32].
[[1,9,2,0,0,0,1,1,2],189,139].
[[2,5,0,1,2,1,1,1,2],80,4].
[[3,5,0,1,2,1,1,1,2],210,9].
[[1,9,2,0,0,0,1,2,2],366,267].
[[2,8,0,1,2,1,1,2,2],73,63].
[[1,9,2,1,2,0,2,3,2],20,25].
[[2,8,1,1,2,0,2,3,2],80,25].
[[1,8,1,0,0,0,2,3,0],670,98].
[[3,8,1,0,0,0,2,2,1],56,13].
[[1,8,1,1,1,1,2,2,0],17,1].
[[2,4,1,1,2,0,2,2,0],15,1].
[[3,4,1,1,2,0,2,2,0],36,2].
[[3,8,0,1,2,1,2,2,0],145,217].
[[3,8,0,1,2,1,2,3,0],227,416].
[[1,7,1,0,0,0,0,0,0],350,56].
[[2,3,1,0,0,0,0,0,0],50,0].
[[3,3,1,1,2,1,2,1,0],14,0].
[[1,8,1,0,0,0,1,2,0],108,31].
[[1,8,1,0,0,0,2,2,0],487,63].
[[2,8,1,1,2,1,2,3,2],277,49].
[[3,8,1,1,2,1,2,2,1],139,30].
[[1,8,0,0,0,0,2,2,2],138,109].
[[2,8,1,1,2,1,0,0,0],151,76].
[[3,7,1,1,1,1,0,0,0],35,11].
[[1,9,2,1,2,1,2,3,2],229,208].
[[2,9,2,0,0,0,2,2,0],197,315].
[[1,8,0,1,2,1,2,3,2],57,23].
[[2,8,0,1,2,1,2,3,2],140,104].
[[3,8,0,1,1,1,2,3,2],42,32].
[[2,7,1,0,0,0,2,3,0],127,17].
[[3,7,1,1,2,1,1,2,0],196,8].
[[3,8,0,1,2,1,2,1,0],72,114].
[[1,8,1,0,0,0,1,2,2],141,22].
[[2,8,1,0,0,0,1,2,2],223,41].
[[1,9,2,0,0,0,2,2,1],108,33].
[[2,9,2,1,2,0,2,2,1],12,8].
[[3,9,2,1,1,0,1,2,1],4,9].
[[1,8,0,0,0,0,0,0,0],887,710].
[[2,8,0,0,0,0,2,2,0],247,169].
[[3,8,0,1,2,1,2,3,2],144,164].
[[2,9,2,1,2,0,2,3,2],32,55].
[[3,8,1,1,2,0,2,3,2],96,16].
[[1,6,1,0,0,0,2,1,1],11,0].
[[2,6,1,0,0,0,2,1,1],10,0].
[[3,6,1,1,2,1,2,1,1],14,0].
[[2,9,2,0,0,0,1,1,2],126,108].
[[3,9,2,1,2,0,1,1,2],26,51].
[[3,9,2,0,0,0,2,3,0],13,91].
[[2,8,1,1,1,1,0,0,0],38,11].
[[3,8,1,1,1,1,2,1,0],16,5].
[[3,9,2,0,0,0,2,2,0],6,64].
[[2,8,0,0,0,0,0,0,0],147,294].
[[3,8,0,0,0,0,2,3,0],92,172].
[[2,9,2,0,0,0,1,1,0],137,207].
[[2,9,2,0,0,0,2,2,2],163,220].
[[2,7,1,1,2,1,0,0,0],233,48].
[[3,7,1,1,1,1,2,3,0],57,11].
[[2,9,2,1,2,1,2,1,2],193,239].
[[2,7,1,0,0,0,2,1,2],102,15].
[[3,7,2,1,2,1,2,1,2],143,7].
[[1,8,1,1,2,1,2,1,2],192,33].
[[2,8,1,1,1,1,1,2,2],40,4].
[[3,7,2,1,1,1,1,2,2],30,7].
[[1,8,0,1,2,1,0,0,0],304,208].
[[2,8,0,1,2,1,2,3,0],344,250].
[[3,7,2,1,2,0,1,2,2],48,7].
[[1,7,1,1,2,1,0,0,0],69,14].
[[2,7,1,1,2,1,2,2,1],32,4].
[[2,8,0,0,0,0,2,2,2],133,130].
[[3,8,0,0,0,0,2,2,2],60,72].
[[3,3,1,0,0,0,0,0,0],40,1].
[[2,8,1,1,2,1,2,3,0],364,60].
[[3,7,1,1,2,1,2,3,0],207,41].
[[2,8,1,0,0,0,2,1,0],143,22].
[[3,7,1,0,0,0,2,1,0],47,7].
[[3,8,0,1,2,1,2,1,1],29,5].
[[1,8,1,0,0,0,2,2,2],486,85].
[[3,8,1,0,0,0,2,2,2],115,20].
[[3,8,1,1,1,1,2,1,2],106,38].
[[3,7,1,1,2,1,2,2,2],176,29].
[[2,7,1,1,2,1,2,2,0],65,3].
[[3,7,1,1,2,1,2,3,1],211,26].
[[3,9,2,1,2,0,2,3,0],14,76].
[[2,5,0,1,2,1,1,2,0],23,0].
[[3,5,0,0,0,0,2,2,0],29,2].
[[2,7,0,1,2,1,0,0,0],42,23].
[[3,7,0,1,2,1,2,2,2],32,9].
[[2,8,1,1,2,1,1,2,0],224,39].
[[1,8,1,1,2,1,2,2,2],184,29].
[[2,8,1,1,2,1,1,1,2],89,19].
[[3,7,1,1,1,1,1,1,2],14,7].
[[2,6,1,0,0,0,2,2,0],28,1].
[[3,6,1,0,0,0,1,1,0],6,2].
[[2,8,0,0,0,0,2,2,1],37,8].
[[3,8,0,0,0,0,2,2,1],20,4].
[[3,8,1,1,2,1,2,1,2],282,44].
[[2,8,1,1,2,1,2,2,0],273,51].
[[3,8,1,0,0,0,1,2,2],153,27].
[[1,8,0,0,0,0,2,3,0],287,175].
[[2,6,0,0,0,0,2,3,0],13,6].
[[3,3,1,1,2,0,2,3,0],12,0].
[[1,8,1,1,2,0,2,1,2],23,12].
[[2,8,1,1,1,0,2,1,2],3,6].
[[3,4,0,1,2,0,2,1,2],0,2].
[[1,8,0,1,2,1,2,1,2],51,24].
[[2,7,1,1,2,1,2,1,2],64,9].
[[3,3,1,1,2,1,2,1,2],20,1].
[[2,8,0,1,2,1,2,1,0],111,91].
[[1,9,2,1,2,1,1,2,2],160,98].
[[3,8,1,1,1,1,1,2,2],98,35].
[[2,9,2,1,2,0,2,2,0],45,62].
[[3,9,2,1,2,0,1,1,0],29,81].
[[2,9,2,1,2,0,2,1,2],46,63].
[[3,9,2,1,1,0,2,1,2],4,4].
[[2,8,1,1,2,1,2,2,2],300,43].
[[2,7,1,0,0,0,0,0,0],331,55].
[[3,7,1,0,0,0,0,0,0],73,21].
[[1,9,2,1,2,1,2,1,2],247,234].
[[3,7,1,1,1,1,2,3,1],51,9].
[[3,7,2,1,2,1,0,0,0],56,6].
[[2,7,2,1,2,0,0,0,0],42,9].
[[3,7,2,1,2,1,2,1,0],21,2].
[[2,9,2,0,0,0,2,1,2],174,240].
[[3,9,2,1,2,0,2,1,2],20,41].
[[1,8,1,0,0,0,1,2,1],113,28].
[[2,7,2,0,0,0,1,2,1],11,0].
[[3,3,2,0,0,0,1,2,1],3,0].
[[3,8,1,1,2,1,2,3,2],228,31].
[[3,9,2,0,0,0,1,2,2],50,103].
[[1,9,2,1,2,0,1,2,2],21,13].
[[2,9,2,1,2,0,1,2,2],52,56].
[[3,9,2,1,2,0,1,2,2],45,89].
[[1,9,2,1,2,0,1,1,0],5,17].
[[2,9,2,1,2,0,1,1,0],22,57].
[[3,8,0,1,2,0,1,1,0],34,59].
[[2,8,0,0,0,0,2,3,0],391,275].
[[3,8,0,1,2,0,2,3,0],59,116].
[[3,7,1,1,2,0,2,3,1],65,8].
[[2,8,1,1,2,1,2,3,1],323,37].
[[1,6,1,0,0,0,0,0,0],224,14].
[[2,6,1,0,0,0,0,0,0],117,6].
[[3,6,1,1,2,1,0,0,0],27,4].
[[2,8,0,1,1,1,0,0,0],27,32].
[[3,7,1,1,1,1,2,1,2],47,15].
[[2,8,1,1,2,0,2,2,2],84,20].
[[3,8,1,1,2,0,2,2,2],84,22].
[[3,5,0,0,0,0,1,1,0],28,13].
[[1,6,1,0,0,0,2,3,0],25,1].
[[2,6,1,0,0,0,2,3,0],52,0].
[[3,6,1,1,2,1,2,3,0],49,1].
[[1,8,0,1,2,1,2,3,0],105,58].
[[2,8,0,1,2,1,2,1,2],154,130].
[[3,7,1,1,2,1,0,0,0],144,37].
[[2,9,2,1,1,1,2,1,0],30,33].
[[3,9,2,1,1,1,2,1,0],1,25].
[[2,8,0,0,0,0,2,3,2],168,117].
[[3,7,1,1,2,1,2,3,2],197,29].
[[2,7,1,1,1,1,0,0,0],22,5].
[[3,7,1,1,1,1,2,2,2],33,9].
[[3,7,1,1,2,1,2,2,0],171,28].
[[3,8,1,1,2,1,1,1,0],196,68].
[[2,9,2,1,2,1,0,0,0],9,113].
[[1,8,1,1,2,1,2,2,0],134,22].
[[3,5,0,1,2,1,1,1,0],62,16].
[[3,7,0,1,2,0,2,3,2],9,7].
[[2,7,2,0,0,0,0,0,0],131,9].
[[3,7,2,1,2,1,2,3,0],50,4].
[[1,8,1,1,2,1,2,3,1],172,25].
[[2,8,0,1,2,0,2,3,2],23,21].
[[3,8,0,1,1,0,2,3,2],1,7].
[[3,3,2,0,0,0,2,1,2],11,0].
[[3,6,1,0,0,0,0,0,0],22,3].
[[3,9,2,1,2,1,1,2,2],138,283].
[[3,8,0,1,2,1,2,1,2],190,171].
[[1,2,1,0,0,0,0,0,0],5,0].
[[2,2,1,1,2,1,2,3,1],1,0].
[[3,2,1,1,2,1,2,3,1],1,0].
[[2,9,2,1,1,1,2,3,0],91,81].
[[2,8,0,1,2,0,0,0,0],21,39].
[[3,7,0,1,2,1,0,0,0],31,44].
[[3,9,2,1,2,1,1,1,2],80,133].
[[1,8,1,0,0,0,1,1,0],46,19].
[[2,7,1,0,0,0,1,1,0],14,4].
[[3,7,1,0,0,0,1,1,0],28,10].
[[2,7,1,1,2,1,2,3,0],87,10].
[[2,9,2,1,2,1,2,2,0],168,289].
[[3,9,2,1,2,1,2,2,0],21,152].
[[1,8,0,1,2,1,2,2,0],74,29].
[[3,7,1,1,1,1,1,2,0],33,5].
[[3,6,0,1,2,1,0,0,0],12,28].
[[2,8,1,0,0,0,0,0,0],203,69].
[[3,7,2,1,2,0,2,1,2],47,9].
[[3,7,1,0,0,0,2,1,1],29,3].
[[3,9,2,1,1,1,1,2,2],57,103].
[[2,8,0,1,1,1,2,1,2],29,13].
[[3,8,0,1,1,1,2,1,2],60,61].
[[3,9,2,0,0,0,1,1,0],37,113].
[[3,6,1,0,0,0,1,2,0],18,0].
[[3,8,0,1,1,1,2,3,0],63,136].
[[1,8,1,1,2,0,1,2,2],3,1].
[[2,7,1,1,2,0,1,2,2],4,1].
[[3,7,1,1,1,0,1,2,2],4,4].
[[3,8,1,0,0,0,2,3,0],72,24].
[[3,8,1,1,2,1,2,3,0],162,58].
[[1,8,0,1,2,1,1,2,2],18,13].
[[2,6,0,1,2,1,1,2,2],1,1].
[[3,6,0,1,2,1,1,2,2],5,7].
[[2,7,1,1,2,1,2,1,0],39,3].
[[1,9,2,1,1,1,2,2,2],23,28].
[[2,9,2,1,1,1,2,2,2],48,52].
[[3,9,2,1,1,1,1,2,1],28,39].
[[2,5,0,1,2,0,1,1,1],4,0].
[[3,5,0,1,1,0,1,1,1],3,2].
[[2,7,2,1,2,1,2,2,2],63,2].
[[1,8,1,1,2,0,2,2,2],27,8].
[[3,6,1,1,2,1,2,2,2],51,1].
[[2,8,1,1,2,1,2,1,2],307,58].
[[2,9,2,1,1,1,1,2,1],22,15].
[[1,6,1,0,0,0,2,2,2],22,1].
[[2,6,1,0,0,0,2,2,2],44,1].
[[3,6,1,0,0,0,2,2,2],22,0].
[[2,9,2,0,0,0,2,3,2],164,214].
[[3,9,2,1,2,1,1,2,1],65,113].
[[2,9,2,0,0,0,0,0,0],9,111].
[[1,9,2,1,2,1,1,2,0],229,159].
[[3,8,1,0,0,0,2,3,2],105,11].
[[1,8,0,0,0,0,2,1,0],110,64].
[[2,8,0,0,0,0,1,1,0],56,54].
[[3,8,0,1,2,0,1,2,2],46,36].
[[1,8,0,0,0,0,2,3,1],50,26].
[[2,8,0,0,0,0,1,2,1],24,13].
[[3,7,0,0,0,0,1,2,1],3,0].
[[2,7,2,0,0,0,1,1,2],27,6].
[[3,7,2,1,2,1,1,1,2],51,17].
[[3,6,1,1,2,1,2,3,1],35,3].
[[3,9,2,1,2,1,2,1,2],55,100].
[[2,8,1,1,2,0,2,2,1],63,15].
[[3,5,0,1,2,0,1,2,1],12,1].
[[1,9,2,1,1,1,2,1,0],33,13].
[[3,4,1,1,2,0,2,1,0],17,1].
[[3,7,2,1,2,1,2,3,2],106,5].
[[1,8,1,1,2,0,0,0,0],87,28].
[[2,6,1,1,2,0,0,0,0],13,4].
[[3,6,1,1,1,0,2,1,0],1,1].
[[3,8,0,1,2,0,2,3,2],44,41].
[[3,7,1,0,0,0,1,2,0],89,7].
[[2,7,1,0,0,0,2,1,0],43,2].
[[3,9,2,0,0,0,2,1,2],20,53].
[[1,6,0,0,0,0,0,0,0],39,15].
[[2,6,0,0,0,0,0,0,0],40,22].
[[3,6,0,1,2,0,2,3,0],7,3].
[[3,8,1,0,0,0,2,1,2],117,17].
[[3,3,1,0,0,0,2,2,2],14,0].
[[2,7,1,0,0,0,2,2,0],87,9].
[[2,9,2,1,1,1,2,1,2],53,72].
[[2,8,0,1,2,1,2,3,1],58,47].
[[3,8,0,1,2,1,2,3,1],87,65].
[[3,8,1,0,0,0,2,3,1],105,16].
[[3,3,1,1,2,0,0,0,0],16,0].
[[1,8,1,1,2,0,2,3,0],22,14].
[[2,7,2,1,2,0,2,3,0],8,3].
[[2,9,2,1,2,1,2,3,2],138,201].
[[3,8,1,1,2,0,2,1,0],15,8].
[[1,8,0,0,0,0,1,1,2],30,12].
[[2,8,0,0,0,0,1,1,2],54,43].
[[3,8,0,0,0,0,1,1,2],35,53].
[[1,6,1,0,0,0,2,3,1],18,1].
[[2,3,1,0,0,0,2,3,1],2,0].
[[3,3,1,0,0,0,2,3,1],17,1].
[[3,4,1,1,2,0,2,1,2],52,2].
[[1,9,2,1,2,1,1,1,1],8,7].
[[2,9,2,1,2,1,1,1,1],9,6].
[[3,9,2,1,1,1,1,1,1],4,3].
[[2,9,2,1,2,0,2,3,0],80,114].
[[3,9,2,1,1,0,1,2,0],16,40].
[[2,7,1,1,2,1,2,3,2],70,7].
[[3,7,1,1,1,1,2,3,2],48,6].
[[3,8,0,1,2,0,2,1,2],36,48].
[[2,8,1,1,2,1,1,2,2],184,38].
[[3,6,1,1,2,1,1,2,2],29,2].
[[1,7,1,0,0,0,2,2,1],19,3].
[[2,3,1,0,0,0,2,2,1],2,0].
[[3,3,1,1,2,1,1,2,2],7,0].
[[1,9,2,1,2,1,2,1,0],181,160].
[[3,6,0,1,2,1,2,1,0],15,6].
[[3,5,0,1,1,1,1,2,0],20,0].
[[2,8,1,1,2,0,2,1,1],28,6].
[[3,8,1,1,2,0,2,1,1],39,4].
[[3,8,1,0,0,0,1,1,0],74,43].
[[3,7,0,1,2,1,2,3,2],33,20].
[[2,7,2,1,2,1,2,1,2],74,4].
[[3,7,2,1,2,1,1,2,0],48,1].
[[3,6,0,0,0,0,2,3,0],20,12].
[[3,8,1,1,2,1,2,1,1],83,18].
[[3,7,2,1,2,1,2,3,1],23,0].
[[2,7,1,0,0,0,2,2,2],99,13].
[[2,8,1,1,2,1,1,2,1],132,32].
[[1,8,1,1,1,1,2,2,1],11,4].
[[1,9,2,1,1,1,2,3,0],86,34].
[[2,4,1,1,2,0,2,3,0],16,1].
[[3,8,0,0,0,0,2,2,0],71,112].
[[3,7,1,1,2,0,2,2,2],54,14].
[[2,9,2,0,0,0,2,3,1],117,99].
[[2,8,1,0,0,0,1,1,1],39,20].
[[3,6,1,0,0,0,1,1,1],7,2].
[[3,7,2,0,0,0,2,1,2],61,7].
[[1,7,1,0,0,0,2,3,0],29,1].
[[2,7,1,1,2,0,2,3,1],13,2].
[[3,7,1,1,1,0,2,3,1],6,2].
[[1,8,1,1,1,1,2,3,1],16,1].
[[2,7,1,1,1,1,2,3,1],6,1].
[[3,3,1,1,1,1,2,3,1],3,1].
[[2,8,1,1,1,1,1,2,0],56,12].
[[3,7,2,1,1,1,1,2,0],19,2].
[[2,6,0,0,0,0,1,1,2],1,2].
[[3,6,0,0,0,0,1,1,2],4,4].
[[3,8,0,1,2,0,1,2,0],92,77].
[[3,7,2,1,1,1,2,3,2],28,2].
[[1,8,1,1,2,1,2,3,0],235,23].
[[3,8,1,1,2,0,1,2,0],188,39].
[[2,8,0,1,2,0,1,2,2],4,13].
[[3,8,0,1,1,0,1,2,2],7,12].
[[3,8,0,1,1,1,1,2,0],126,96].
[[3,9,2,1,2,1,2,3,0],29,234].
[[3,9,2,0,0,0,2,2,2],13,39].
[[2,7,1,1,2,0,2,3,0],12,5].
[[2,9,2,1,2,0,0,0,0],3,25].
[[3,9,2,1,2,0,2,2,0],11,32].
[[3,7,1,0,0,0,2,3,1],90,8].
[[2,6,1,0,0,0,2,1,0],21,1].
[[3,6,1,1,2,0,1,2,0],12,3].
[[1,8,0,0,0,0,1,2,0],39,36].
[[2,7,1,0,0,0,1,2,0],29,3].
[[3,7,1,1,2,0,1,2,0],51,5].
[[2,8,1,1,2,0,0,0,0],36,24].
[[3,8,1,1,1,0,2,3,2],14,9].
[[3,7,1,1,2,1,2,1,1],49,4].
[[1,7,1,0,0,0,2,3,2],28,2].
[[2,7,1,0,0,0,2,3,2],83,10].
[[3,7,1,0,0,0,2,3,2],100,11].
[[3,8,0,0,0,0,2,3,2],47,55].
[[3,7,2,1,2,0,2,3,2],41,5].
[[3,8,1,1,1,1,1,2,0],195,42].
[[2,9,2,1,2,1,2,3,1],104,89].
[[3,8,1,1,1,1,1,2,1],94,14].
[[3,7,0,1,2,1,2,3,1],11,8].
[[2,9,2,1,2,0,2,2,2],42,55].
[[3,9,2,1,2,0,2,2,2],16,25].
[[3,7,1,0,0,0,1,2,2],54,10].
[[3,7,1,1,1,1,2,2,0],42,8].
[[3,8,1,1,2,1,2,1,0],52,14].
[[2,8,0,1,2,0,1,1,2],4,6].
[[2,7,0,0,0,0,0,0,0],47,30].
[[3,7,0,1,2,1,2,3,0],82,33].
[[2,7,1,1,2,0,0,0,0],45,8].
[[3,7,1,1,2,0,2,3,0],71,13].
[[2,8,1,1,2,0,2,3,1],98,16].
[[3,8,1,1,1,0,1,2,0],36,28].
[[3,7,2,1,2,1,2,2,0],35,2].
[[2,6,1,1,2,1,2,3,0],23,0].
[[2,8,1,1,2,0,2,3,0],97,35].
[[1,9,2,0,0,0,1,2,1],84,62].
[[2,8,1,0,0,0,1,2,1],179,36].
[[3,8,1,1,2,0,1,2,2],110,17].
[[1,8,1,1,2,1,2,2,1],82,16].
[[2,8,0,1,2,0,2,1,0],15,20].
[[3,8,0,1,1,0,1,2,0],10,16].
[[3,8,0,1,1,1,0,0,0],1,38].
[[3,9,2,1,2,1,2,3,2],25,71].
[[3,8,1,1,1,0,2,3,0],10,8].
[[2,8,0,1,2,0,2,3,0],54,43].
[[2,8,1,1,2,1,2,1,0],128,30].
[[2,7,2,0,0,0,1,2,2],54,6].
[[3,7,2,1,2,1,1,2,2],104,11].
[[3,7,1,0,0,0,1,2,1],46,4].
[[1,8,1,1,2,1,1,2,1],33,7].
[[3,6,1,1,2,1,1,2,1],26,0].
[[3,8,0,1,1,1,1,2,2],57,59].
[[3,9,2,0,0,0,2,3,1],13,19].
[[2,8,1,0,0,0,1,1,0],85,32].
[[3,6,1,1,2,1,1,1,0],13,2].
[[1,7,1,0,0,0,2,2,2],30,3].
[[2,7,1,1,2,1,2,2,2],64,10].
[[3,5,0,1,2,0,1,1,2],63,4].
[[2,9,2,1,1,1,1,2,0],136,85].
[[3,4,1,1,2,0,1,2,0],133,7].
[[2,8,1,1,2,0,1,2,0],72,21].
[[3,7,1,0,0,0,2,3,0],99,21].
[[2,9,2,1,2,0,1,2,0],73,96].
[[3,9,2,1,1,0,1,1,0],0,23].
[[2,8,1,0,0,0,2,2,0],311,48].
[[1,9,2,1,1,1,2,2,0],68,28].
[[2,8,0,1,1,1,2,2,0],34,12].
[[3,4,1,1,2,0,2,3,0],43,6].
[[3,8,1,1,2,0,1,2,1],96,21].
[[2,6,0,1,2,1,0,0,0],30,17].
[[3,6,0,1,2,1,2,3,0],35,21].
[[2,5,0,0,0,0,1,1,2],94,4].
[[1,7,1,0,0,0,2,1,2],30,1].
[[2,7,1,1,2,0,2,1,2],22,0].
[[2,8,0,0,0,0,1,2,0],178,90].
[[3,7,0,1,2,1,1,2,0],44,8].
[[3,7,2,0,0,0,0,0,0],45,4].
[[3,9,2,1,1,1,2,3,0],7,94].
[[3,9,2,0,0,0,2,1,0],2,21].
[[3,3,1,1,2,1,0,0,0],67,2].
[[1,7,2,0,0,0,1,1,2],10,4].
[[2,3,2,0,0,0,1,1,2],3,0].
[[3,3,2,1,2,1,1,1,2],4,0].
[[1,9,2,1,2,0,2,3,0],59,58].
[[3,7,0,1,2,0,2,3,0],24,9].
[[1,8,1,1,2,1,1,1,0],15,7].
[[2,8,1,1,2,1,1,1,0],82,34].
[[3,8,1,1,1,0,2,2,2],13,15].
[[1,9,2,1,2,0,0,0,0],33,58].
[[3,8,1,0,0,0,1,2,1],128,25].
[[1,8,0,0,0,0,2,2,1],31,7].
[[2,7,1,0,0,0,2,2,1],60,9].
[[3,7,1,1,2,0,2,2,1],37,4].
[[1,9,2,1,2,1,2,3,1],106,83].
[[3,7,0,1,2,1,1,2,2],17,9].
[[1,8,1,1,2,1,2,1,1],42,3].
[[1,9,2,1,2,0,1,1,1],2,0].
[[2,9,2,1,2,0,1,1,1],2,3].
[[3,9,2,1,2,1,1,1,1],9,5].
[[2,7,1,1,2,1,2,3,1],68,4].
[[1,8,1,1,1,1,2,2,2],8,1].
[[2,7,2,1,1,1,2,2,2],6,2].
[[1,9,2,1,1,1,1,1,0],11,9].
[[2,8,0,1,1,1,1,1,0],14,3].
[[3,8,0,1,1,1,1,1,0],37,63].
[[3,8,0,1,2,0,2,2,0],32,46].
[[3,6,1,1,2,1,2,2,0],36,1].
[[3,8,0,0,0,0,1,1,0],56,60].
[[3,7,2,0,0,0,2,2,2],67,2].
[[1,7,2,1,2,1,1,2,2],2,0].
[[2,7,2,1,2,1,1,2,2],27,10].
[[3,7,1,0,0,0,2,2,0],79,9].
[[3,8,0,0,0,0,2,1,2],70,69].
[[2,6,0,0,0,0,2,2,2],4,4].
[[3,6,0,1,2,1,1,1,2],2,6].
[[3,8,0,0,0,0,2,3,1],46,32].
[[3,9,2,1,2,0,2,3,2],12,26].
[[1,9,2,0,0,0,2,1,1],54,18].
[[2,9,2,0,0,0,2,1,1],25,12].
[[3,9,2,0,0,0,1,2,1],43,46].
[[3,5,0,0,0,0,1,1,2],90,1].
[[1,8,1,1,1,1,2,1,0],11,2].
[[2,4,1,1,2,0,1,2,0],16,2].
[[3,7,1,1,2,0,2,3,2],52,5].
[[3,9,2,1,1,0,2,3,1],2,4].
[[1,9,2,1,1,1,2,3,2],37,11].
[[2,9,2,1,1,1,1,2,2],64,44].
[[3,6,1,1,2,1,1,2,0],27,1].
[[2,6,1,1,1,1,2,3,1],5,0].
[[3,4,1,1,2,0,2,3,1],43,0].
[[3,5,0,1,2,1,2,2,0],64,2].
[[1,9,2,1,1,1,2,1,2],46,22].
[[3,8,0,1,1,1,1,1,2],29,35].
[[2,8,1,1,2,0,1,1,2],22,2].
[[3,8,1,1,2,0,1,1,2],65,10].
[[2,8,0,1,2,0,2,2,2],13,18].
[[1,7,2,0,0,0,2,2,2],78,7].
[[3,7,1,1,2,0,2,2,0],54,7].
[[3,7,1,0,0,0,1,1,2],32,8].
[[1,9,2,1,1,1,0,0,0],34,36].
[[2,9,2,1,1,1,0,0,0],7,26].
[[1,9,2,1,2,1,1,1,2],87,59].
[[2,9,2,1,2,1,1,1,2],116,131].
[[1,6,1,1,2,1,0,0,0],43,0].
[[2,6,1,1,2,1,0,0,0],69,2].
[[1,7,1,0,0,0,2,1,0],18,2].
[[3,7,1,1,2,0,1,1,0],23,6].
[[1,8,1,1,2,0,2,2,0],26,10].
[[2,7,1,1,2,0,2,2,0],16,1].
[[1,7,2,1,2,1,0,0,0],51,5].
[[2,7,2,1,1,1,2,3,2],9,0].
[[3,4,1,1,2,0,2,3,2],44,1].
[[3,8,0,0,0,0,1,2,2],73,76].
[[2,3,2,1,2,1,0,0,0],13,0].
[[3,3,2,1,2,1,2,3,0],9,0].
[[3,3,1,1,1,1,0,0,0],9,0].
[[3,7,1,1,1,0,1,2,0],4,3].
[[3,8,1,1,2,0,1,1,0],70,36].
[[2,9,2,1,1,1,1,1,2],29,28].
[[3,4,1,1,2,0,1,1,2],33,2].
[[3,7,1,0,0,0,1,1,1],11,3].
[[1,8,1,1,2,1,1,2,0],37,10].
[[3,4,1,1,2,0,1,1,0],56,3].
[[3,5,0,1,2,1,1,2,2],42,1].
[[3,8,0,0,0,0,1,1,1],8,3].
[[1,8,1,1,2,1,2,1,0],71,12].
[[3,7,1,1,1,1,2,1,0],18,7].
[[3,6,1,1,2,0,2,3,0],18,1].
[[3,8,0,0,0,0,2,1,1],7,5].
[[1,8,1,0,0,0,1,1,1],20,15].
[[2,6,1,1,2,1,1,1,1],4,0].
[[3,6,1,1,1,1,1,1,1],3,0].
[[1,7,2,0,0,0,1,2,2],18,2].
[[2,3,2,0,0,0,1,2,2],6,0].
[[3,3,2,1,2,1,1,2,2],9,0].
[[1,8,0,0,0,0,1,2,2],51,19].
[[2,6,0,0,0,0,1,2,2],3,2].
[[2,7,2,0,0,0,2,3,0],41,2].
[[1,9,2,1,1,1,1,2,0],16,11].
[[3,7,2,0,0,0,2,3,1],15,1].
[[2,8,0,1,2,1,1,2,1],28,18].
[[2,5,0,1,2,1,2,2,0],43,0].
[[3,9,2,1,1,0,1,2,2],5,19].
[[2,8,0,1,2,1,1,1,0],37,57].
[[2,8,1,1,2,0,2,1,2],83,24].
[[3,8,1,1,2,1,1,1,2],162,23].
[[2,4,1,1,2,0,2,2,1],6,0].
[[3,4,1,1,2,0,1,1,1],14,0].
[[2,8,1,1,2,1,1,1,1],33,21].
[[3,7,1,1,2,1,2,1,0],80,11].
[[3,5,0,1,2,1,1,1,1],40,3].
[[3,9,2,1,1,1,2,2,1],11,11].
[[3,7,1,1,2,0,0,0,0],38,10].
[[2,7,1,0,0,0,2,3,1],83,6].
[[3,7,1,1,2,1,1,2,1],103,13].
[[2,8,0,1,1,1,2,3,0],53,32].
[[1,8,1,1,2,1,1,1,2],18,7].
[[3,5,0,1,1,1,1,1,2],67,6].
[[3,6,1,0,0,0,2,3,0],31,0].
[[2,7,0,0,0,0,2,3,2],8,4].
[[3,7,0,0,0,0,2,3,2],12,6].
[[3,8,1,1,2,0,2,1,2],93,20].
[[2,9,2,0,0,0,1,1,1],10,4].
[[3,9,2,1,2,0,1,2,1],20,38].
[[3,9,2,1,1,1,1,1,2],34,66].
[[3,9,2,1,2,1,2,2,1],13,19].
[[3,9,2,1,1,1,1,1,0],41,122].
[[3,8,1,1,2,0,2,3,1],84,22].
[[3,5,0,0,0,0,1,1,1],19,0].
[[3,9,2,1,1,0,2,2,0],0,13].
[[1,8,0,0,0,0,1,1,0],13,24].
[[2,9,2,0,0,0,1,2,1],98,85].
[[3,8,0,0,0,0,1,2,1],27,25].
[[3,7,1,1,2,0,1,1,2],20,1].
[[1,6,1,1,2,1,2,3,2],7,0].
[[2,6,1,1,2,1,1,2,2],4,0].
[[3,7,2,0,0,0,1,2,2],68,5].
[[2,4,1,1,2,0,2,1,2],13,0].
[[3,9,2,1,1,1,2,2,0],5,50].
[[2,6,0,1,2,1,2,3,0],8,4].
[[3,6,1,1,1,1,2,2,0],11,0].
[[1,8,0,1,2,1,2,1,0],38,19].
[[2,7,1,0,0,0,2,1,1],26,3].
[[1,6,1,1,2,1,2,3,0],6,0].
[[2,3,2,1,2,1,2,3,0],2,0].
[[3,3,2,1,1,1,1,2,0],1,0].
[[1,8,1,1,2,0,2,3,1],27,7].
[[3,7,2,1,2,0,2,3,1],12,3].
[[3,6,1,0,0,0,2,2,0],20,0].
[[3,8,0,1,2,0,2,2,2],35,39].
[[2,8,1,1,1,1,2,3,1],59,10].
[[3,6,0,1,2,1,2,2,1],7,0].
[[3,7,1,1,2,1,1,1,2],57,14].
[[1,7,2,0,0,0,2,3,2],62,5].
[[2,7,1,0,0,0,1,1,2],15,2].
[[2,9,2,1,1,1,2,2,0],49,46].
[[3,8,0,1,1,1,2,2,0],39,65].
[[3,7,2,0,0,0,1,2,0],38,4].
[[2,5,0,0,0,0,1,2,0],26,1].
[[3,5,0,0,0,0,1,2,0],33,2].
[[2,6,0,0,0,0,2,3,2],6,6].
[[3,6,0,0,0,0,2,3,2],7,5].
[[3,8,1,1,1,0,1,2,2],18,13].
[[3,8,1,0,0,0,2,1,0],27,11].
[[3,7,1,1,2,1,2,1,2],213,37].
[[2,7,2,0,0,0,2,2,0],21,0].
[[3,7,2,0,0,0,2,2,0],19,0].
[[2,6,1,0,0,0,2,1,2],30,0].
[[3,6,1,0,0,0,1,2,2],15,0].
[[3,7,0,1,2,0,0,0,0],6,10].
[[3,6,1,1,2,1,2,1,2],35,2].
[[3,6,0,1,2,1,2,3,1],5,3].
[[3,8,1,1,2,1,2,2,0],106,42].
[[1,6,1,0,0,0,2,3,2],16,2].
[[2,6,1,0,0,0,2,3,2],24,1].
[[3,6,1,1,2,0,2,3,2],13,1].
[[2,7,2,1,2,1,2,3,2],74,4].
[[2,8,1,0,0,0,1,1,2],102,31].
[[1,5,0,0,0,0,1,1,2],47,2].
[[3,7,2,0,0,0,2,3,0],24,3].
[[2,8,0,1,1,1,2,2,2],25,19].
[[1,7,2,1,2,0,0,0,0],21,4].
[[2,7,2,1,1,0,2,3,0],1,2].
[[3,7,2,1,1,0,1,2,0],5,3].
[[2,8,1,1,1,1,2,1,2],75,19].
[[3,8,1,1,1,1,1,1,2],48,17].
[[2,8,0,1,1,1,2,2,1],2,1].
[[3,4,1,1,2,0,2,2,1],18,0].
[[2,6,0,0,0,0,2,2,0],10,4].
[[3,6,0,1,2,1,2,2,0],29,14].
[[3,7,2,1,1,1,2,1,2],26,2].
[[2,3,1,1,2,1,0,0,0],20,0].
[[2,8,0,1,2,1,2,1,1],15,5].
[[3,7,0,0,0,0,2,1,2],14,8].
[[3,7,0,0,0,0,2,3,1],9,1].
[[3,6,1,0,0,0,2,1,0],14,0].
[[2,9,2,1,2,1,2,2,1],47,30].
[[3,8,1,1,1,1,1,1,1],18,7].
[[2,7,2,1,2,0,2,1,0],2,1].
[[3,3,2,1,2,0,2,1,0],1,0].
[[2,4,1,1,2,0,2,2,2],9,0].
[[1,6,1,0,0,0,1,1,1],1,1].
[[2,6,1,0,0,0,1,1,1],3,2].
[[1,9,2,1,2,1,1,1,0],56,75].
[[3,7,2,1,1,1,1,2,1],6,0].
[[3,6,0,1,2,1,2,3,2],13,9].
[[1,9,2,1,2,0,2,1,0],10,21].
[[2,8,1,1,2,0,2,1,0],32,20].
[[3,8,1,1,1,0,1,1,0],12,13].
[[2,7,1,1,2,0,1,1,0],0,2].
[[3,7,1,1,1,0,1,1,0],1,3].
[[2,7,1,1,2,1,1,2,1],20,1].
[[3,3,2,1,2,0,2,3,2],7,0].
[[3,9,2,1,2,0,2,1,0],1,14].
[[1,9,2,1,1,1,1,1,2],10,4].
[[3,6,0,1,2,1,2,2,2],10,9].
[[3,8,0,1,1,1,2,2,1],10,5].
[[1,3,2,0,0,0,0,0,0],24,0].
[[2,3,2,1,2,0,2,1,2],1,0].
[[3,3,2,1,2,0,2,1,2],11,0].
[[3,7,1,1,2,0,2,1,0],26,10].
[[3,8,1,0,0,0,1,1,2],79,17].
[[3,7,2,1,2,0,2,3,0],28,1].
[[1,9,2,1,2,1,2,1,1],27,7].
[[2,9,2,1,2,1,2,1,1],31,11].
[[3,9,2,1,1,1,2,1,1],1,7].
[[2,8,1,1,1,0,2,2,2],8,7].
[[1,7,2,1,2,0,1,1,2],1,0].
[[2,7,2,1,2,0,1,1,2],8,2].
[[3,7,2,1,2,0,1,1,2],22,13].
[[3,7,0,0,0,0,2,3,0],42,19].
[[3,7,1,0,0,0,2,2,2],86,11].
[[3,6,1,1,2,1,1,1,2],18,0].
[[2,8,1,1,1,1,2,3,0],77,18].
[[3,6,1,1,2,0,2,2,0],17,3].
[[1,8,1,1,2,0,2,1,0],11,4].
[[2,7,1,1,2,0,2,1,0],3,2].
[[1,8,1,1,2,0,2,2,1],11,9].
[[3,7,2,1,1,0,1,1,2],6,3].
[[3,8,1,1,1,1,2,3,2],81,8].
[[2,3,2,0,0,0,0,0,0],47,0].
[[3,3,2,1,2,0,0,0,0],10,0].
[[3,3,2,0,0,0,2,2,0],4,0].
[[3,9,2,0,0,0,2,3,2],17,16].
[[3,8,1,1,1,1,2,3,0],40,18].
[[3,7,2,1,1,1,2,3,0],11,1].
[[1,7,2,0,0,0,2,1,2],56,8].
[[2,7,2,0,0,0,2,2,2],109,9].
[[3,8,1,1,2,0,2,3,0],66,27].
[[2,9,2,1,1,1,1,1,0],34,46].
[[1,8,1,1,2,1,1,2,2],36,10].
[[3,8,0,1,1,1,2,1,0],24,47].
[[1,5,0,1,2,1,1,1,2],18,2].
[[2,8,1,1,2,0,1,2,2],54,16].
[[3,5,0,1,1,0,1,1,2],11,3].
[[3,9,2,1,1,1,2,2,2],14,26].
[[2,8,1,1,1,0,2,3,2],4,1].
[[3,8,1,1,1,0,1,2,1],7,7].
[[3,7,2,1,1,1,2,2,0],10,1].
[[1,8,0,1,2,1,1,1,0],7,7].
[[2,6,0,1,2,1,1,1,0],1,0].
[[3,6,0,1,1,1,1,2,0],1,1].
[[3,8,1,1,1,1,2,2,1],41,18].
[[1,9,2,0,0,0,1,1,1],11,6].
[[3,9,2,0,0,0,1,1,1],3,0].
[[3,4,1,1,2,0,1,2,1],31,2].
[[3,8,1,1,1,1,2,2,0],39,21].
[[3,3,2,1,2,1,2,1,2],15,0].
[[3,8,0,1,1,0,2,2,0],4,6].
[[3,7,1,1,2,1,1,1,0],48,9].
[[3,7,2,1,2,0,2,1,0],7,2].
[[3,8,1,1,1,1,1,1,0],41,30].
[[2,6,0,0,0,0,1,1,0],0,1].
[[3,6,0,0,0,0,1,1,0],4,2].
[[2,8,1,1,1,1,1,2,1],22,5].
[[3,8,1,0,0,0,2,2,0],51,12].
[[3,3,1,1,2,1,2,3,0],18,0].
[[3,7,0,0,0,0,2,2,0],24,9].
[[2,7,2,1,2,1,2,3,0],26,1].
[[2,9,2,1,2,0,1,2,1],17,20].
[[2,8,0,1,2,0,2,1,2],23,12].
[[3,7,0,1,2,1,1,1,2],9,6].
[[3,6,0,1,2,1,1,2,0],10,2].
[[3,7,0,1,2,1,1,1,0],11,9].
[[3,7,2,1,1,1,1,1,2],16,2].
[[3,7,2,1,1,0,2,1,2],7,4].
[[3,7,1,1,1,0,2,1,2],8,3].
[[2,8,1,1,1,1,2,1,0],24,1].
[[3,8,1,1,1,1,2,1,1],20,7].
[[2,7,2,1,2,1,2,3,1],16,0].
[[1,8,0,0,0,0,2,1,1],16,2].
[[1,8,0,1,2,1,2,3,1],21,10].
[[3,6,1,0,0,0,2,3,2],22,0].
[[2,5,0,0,0,0,1,1,0],15,3].
[[3,5,0,1,2,0,1,1,0],19,8].
[[1,5,0,1,1,1,2,2,0],2,0].
[[2,5,0,1,1,1,2,2,0],13,0].
[[3,5,0,1,1,1,2,2,0],29,1].
[[3,8,1,1,1,1,2,3,1],80,18].
[[2,6,1,0,0,0,2,3,1],33,2].
[[2,3,2,1,2,0,1,2,2],2,0].
[[3,3,2,1,2,0,1,2,2],7,0].
[[2,7,2,1,2,0,2,3,2],19,5].
[[2,7,2,1,2,0,2,1,2],26,6].
[[1,7,2,0,0,0,2,3,0],28,2].
[[3,3,1,0,0,0,2,2,0],10,0].
[[2,4,1,1,2,0,2,3,2],3,0].
[[3,6,1,0,0,0,1,2,1],9,0].
[[2,7,1,1,2,1,1,2,0],19,2].
[[1,7,1,0,0,0,2,3,1],24,0].
[[2,7,1,0,0,0,1,2,1],19,3].
[[2,5,0,1,2,1,1,1,0],15,3].
[[3,8,0,1,2,0,1,1,2],13,28].
[[3,8,0,1,1,1,2,1,1],9,7].
[[3,6,1,0,0,0,2,1,2],26,0].
[[2,9,2,0,0,0,2,2,1],56,17].
[[3,9,2,1,2,0,2,2,1],4,5].
[[3,8,0,1,1,1,1,2,1],24,26].
[[3,7,2,1,2,0,2,2,2],50,7].
[[3,8,1,1,1,0,2,2,1],8,6].
[[3,3,2,1,1,1,2,3,2],4,0].
[[3,3,2,0,0,0,0,0,0],20,0].
[[3,9,2,0,0,0,1,1,2],37,57].
[[2,8,0,1,1,1,2,3,2],32,7].
[[3,6,0,1,1,1,2,3,2],5,2].
[[2,7,2,0,0,0,2,1,0],13,0].
[[2,6,1,1,2,1,2,3,1],22,2].
[[3,9,2,1,2,1,2,1,1],9,11].
[[3,3,1,0,0,0,2,3,0],11,0].
[[2,7,0,0,0,0,2,1,0],3,3].
[[3,7,0,0,0,0,2,1,0],14,3].
[[2,7,2,1,1,1,0,0,0],8,1].
[[3,7,2,1,1,1,0,0,0],13,1].
[[3,8,0,1,2,0,2,3,1],13,21].
[[3,9,2,1,1,1,2,3,1],13,14].
[[2,3,2,0,0,0,2,1,2],6,0].
[[1,7,2,1,2,1,2,2,2],11,3].
[[1,9,2,1,2,0,1,1,2],6,10].
[[2,8,0,1,2,0,1,2,1],1,3].
[[3,8,0,1,2,0,1,2,1],20,16].
[[3,6,1,1,2,1,2,1,0],15,1].
[[3,6,1,1,2,0,2,2,2],25,2].
[[3,8,1,1,1,0,2,3,1],13,12].
[[2,7,1,0,0,0,1,2,2],31,3].
[[3,6,1,1,2,1,2,2,1],27,0].
[[3,6,1,1,1,0,0,0,0],1,1].
[[3,7,2,1,1,1,2,1,0],9,1].
[[3,3,2,1,2,1,0,0,0],28,0].
[[3,7,2,1,2,0,2,2,0],16,1].
[[2,8,1,1,2,0,1,1,0],25,12].
[[3,7,2,1,2,0,1,1,0],6,1].
[[1,8,1,0,0,0,1,1,2],64,15].
[[2,6,1,1,2,1,2,2,2],24,1].
[[3,3,1,1,2,1,2,2,2],14,1].
[[1,9,2,1,2,0,1,2,0],19,21].
[[2,9,2,1,1,0,1,2,0],6,10].
[[3,7,0,0,0,0,1,1,2],4,1].
[[3,8,0,1,1,0,1,1,2],4,5].
[[1,6,1,0,0,0,2,1,2],17,0].
[[2,6,1,1,2,1,2,3,2],24,2].
[[3,6,1,1,1,1,1,2,2],7,1].
[[3,7,1,1,1,1,1,2,1],22,7].
[[2,8,0,1,2,1,1,1,2],35,30].
[[2,7,0,1,2,1,2,1,2],9,3].
[[2,4,1,1,2,0,2,1,1],3,0].
[[2,9,2,1,1,1,2,3,2],50,43].
[[2,6,1,1,2,0,2,3,0],6,2].
[[3,6,1,1,2,0,2,1,0],7,1].
[[2,7,2,1,2,1,2,2,0],12,1].
[[3,6,1,1,2,1,2,3,2],39,0].
[[1,6,1,1,2,1,2,2,0],3,1].
[[3,6,1,1,1,1,1,2,1],4,0].
[[2,8,1,1,1,0,2,2,1],3,1].
[[3,7,1,1,2,0,2,1,1],16,0].
[[3,2,1,1,1,1,0,0,0],1,0].
[[3,3,1,1,2,1,2,3,1],11,1].
[[3,9,2,1,2,0,2,3,1],11,12].
[[1,7,1,1,2,1,2,3,1],5,0].
[[1,8,0,1,2,1,2,1,1],3,1].
[[2,5,0,1,2,1,1,1,1],14,0].
[[2,6,0,1,2,1,2,2,2],3,3].
[[3,3,1,1,2,1,2,2,1],13,0].
[[3,8,0,1,1,0,2,1,0],1,3].
[[3,8,0,1,1,0,0,0,0],0,4].
[[3,5,0,1,1,0,1,2,0],4,1].
[[3,6,1,1,1,1,2,1,0],4,0].
[[3,9,2,1,1,1,2,1,2],27,43].
[[3,7,2,1,1,0,1,2,1],1,0].
[[3,7,1,1,1,0,2,3,0],6,1].
[[2,6,0,0,0,0,2,1,2],6,4].
[[3,6,0,1,2,1,2,1,2],16,7].
[[1,8,0,1,2,1,1,2,0],15,6].
[[1,9,2,1,1,1,2,3,1],14,10].
[[2,4,1,1,2,0,2,3,1],11,1].
[[3,5,0,1,2,0,1,2,0],16,1].
[[3,7,0,1,2,1,2,1,0],29,11].
[[3,8,1,1,2,1,0,0,0],1,15].
[[1,6,0,0,0,0,2,3,0],3,1].
[[3,2,0,0,0,0,2,3,0],1,0].
[[3,3,2,1,2,0,2,2,2],10,0].
[[3,7,2,1,1,0,2,3,0],5,5].
[[2,8,0,0,0,0,2,1,1],20,6].
[[3,7,0,0,0,0,2,1,1],1,0].
[[3,8,0,1,1,1,2,3,1],26,28].
[[2,7,1,1,2,0,1,2,0],4,0].
[[2,8,0,1,2,0,1,1,0],10,13].
[[3,3,2,1,1,0,0,0,0],2,0].
[[3,7,1,1,2,0,1,2,1],25,4].
[[2,8,1,1,1,0,1,2,2],3,1].
[[1,7,2,0,0,0,2,2,0],20,0].
[[3,7,1,1,1,1,1,2,2],24,4].
[[3,8,0,0,0,0,0,0,0],0,47].
[[3,7,1,1,1,1,1,1,0],12,4].
[[3,7,0,1,1,1,0,0,0],3,10].
[[2,8,0,1,2,0,2,3,1],8,3].
[[2,6,1,0,0,0,1,2,0],8,1].
[[2,7,1,1,2,0,2,3,2],19,3].
[[3,7,1,1,1,0,2,3,2],6,4].
[[3,7,2,0,0,0,1,1,2],37,4].
[[3,7,1,1,1,0,0,0,0],1,1].
[[1,9,2,1,2,0,2,1,2],22,25].
[[2,7,2,1,2,0,2,2,2],19,3].
[[3,3,1,1,2,0,1,2,1],1,0].
[[3,5,0,1,1,1,1,1,1],15,0].
[[1,7,1,1,2,1,2,3,2],11,1].
[[3,3,1,1,2,1,2,3,2],18,0].
[[3,2,1,0,0,0,1,2,0],1,0].
[[3,6,0,1,2,0,2,2,0],3,1].
[[1,7,1,1,2,1,2,2,2],4,2].
[[3,9,2,1,1,1,2,3,2],14,16].
[[2,7,2,0,0,0,2,3,1],13,1].
[[3,7,0,1,1,1,2,1,2],7,2].
[[3,7,1,1,1,0,2,1,1],2,1].
[[3,7,0,1,2,1,2,1,2],26,14].
[[3,8,0,1,2,1,2,2,1],33,31].
[[2,9,2,1,1,1,2,1,1],4,6].
[[3,7,2,1,1,1,2,3,1],6,0].
[[2,6,0,1,2,1,2,3,2],6,3].
[[2,4,1,1,2,0,1,1,2],7,0].
[[2,9,2,1,1,0,2,3,0],3,12].
[[3,9,2,1,1,0,2,3,0],3,18].
[[3,6,0,0,0,0,2,3,1],4,0].
[[2,7,2,0,0,0,1,2,0],17,4].
[[3,7,2,1,2,1,1,1,0],19,4].
[[3,7,0,1,2,0,2,2,0],8,5].
[[3,7,0,0,0,0,1,2,0],13,5].
[[2,5,0,1,2,0,1,1,2],19,1].
[[2,7,2,1,2,1,1,1,2],10,4].
[[3,9,2,1,2,1,0,0,0],0,14].
[[3,7,0,1,1,1,2,2,1],2,1].
[[3,3,1,1,1,1,2,2,1],5,0].
[[3,8,0,1,2,0,0,0,0],2,18].
[[3,3,1,1,2,1,2,2,0],22,0].
[[2,5,0,1,2,0,1,1,0],2,0].
[[3,6,1,1,1,1,0,0,0],4,1].
[[3,7,1,1,1,1,2,1,1],12,4].
[[1,8,1,1,1,1,2,1,2],12,4].
[[2,5,0,0,0,0,1,2,1],14,0].
[[3,5,0,0,0,0,1,2,1],22,0].
[[2,8,1,1,1,1,1,1,1],10,1].
[[1,7,2,1,2,1,2,3,1],3,0].
[[3,3,2,1,2,1,2,3,1],7,0].
[[3,6,0,1,1,1,1,2,2],2,0].
[[3,5,0,1,2,0,2,2,0],19,0].
[[2,6,1,1,2,1,2,2,1],11,0].
[[1,8,1,1,2,0,1,2,0],8,2].
[[2,6,0,1,2,1,2,3,1],3,0].
[[3,6,0,1,1,1,2,3,1],1,0].
[[3,8,1,1,1,0,2,1,0],6,1].
[[2,6,1,1,2,1,2,1,0],8,1].
[[3,8,0,1,2,0,2,2,1],13,7].
[[3,6,1,1,2,0,2,1,2],7,0].
[[2,9,2,1,1,1,2,2,1],9,6].
[[3,3,1,1,1,1,2,2,0],4,0].
[[1,8,0,0,0,0,1,2,1],2,2].
[[2,8,0,1,2,1,1,1,1],4,2].
[[2,6,0,0,0,0,2,1,0],10,0].
[[3,6,0,0,0,0,2,2,2],8,2].
[[2,9,2,1,1,0,1,1,0],1,4].
[[3,3,1,1,2,1,1,1,0],4,0].
[[3,7,2,1,2,0,1,2,1],14,2].
[[3,7,0,0,0,0,0,0,0],10,19].
[[2,8,0,1,2,0,1,2,0],21,9].
[[2,8,1,1,1,0,2,3,1],3,4].
[[1,7,2,1,2,0,2,1,2],4,1].
[[2,7,2,1,2,0,1,2,2],12,2].
[[3,7,1,1,2,0,1,2,2],30,10].
[[3,6,0,1,1,1,2,1,2],2,1].
[[2,5,0,0,0,0,2,2,0],42,3].
[[2,7,1,1,2,1,1,2,2],14,6].
[[3,7,1,1,2,1,1,1,1],27,14].
[[2,7,1,1,2,0,2,2,1],9,0].
[[3,6,0,1,2,1,1,1,0],6,2].
[[2,7,2,0,0,0,1,1,0],4,1].
[[2,7,2,1,1,0,2,1,2],3,1].
[[3,3,2,1,1,0,2,1,2],2,0].
[[3,6,1,1,1,1,2,3,1],10,0].
[[2,7,0,1,2,1,2,3,0],5,4].
[[3,6,1,0,0,0,2,3,1],20,1].
[[2,3,1,0,0,0,2,1,2],8,0].
[[2,7,0,1,2,1,2,2,0],6,6].
[[3,8,1,1,1,0,1,1,1],5,5].
[[1,7,2,0,0,0,1,2,1],4,0].
[[2,7,2,1,2,0,1,2,1],4,0].
[[2,6,1,1,2,1,2,1,2],23,0].
[[1,5,0,0,0,0,2,2,0],31,1].
[[3,5,0,1,1,1,1,1,0],23,7].
[[2,7,2,1,2,1,1,1,0],2,2].
[[1,8,1,1,2,0,2,1,1],8,4].
[[2,8,1,1,1,0,2,1,1],2,1].
[[3,8,1,1,1,0,2,1,1],4,6].
[[3,8,0,1,1,0,2,1,2],3,7].
[[3,6,1,1,2,0,1,1,0],6,1].
[[2,8,0,1,1,1,2,1,0],19,8].
[[2,8,1,1,2,0,1,2,1],36,15].
[[3,3,1,0,0,0,2,2,1],5,2].
[[3,5,0,1,2,1,1,2,1],47,1].
[[1,9,2,1,1,1,1,2,2],23,7].
[[2,4,1,1,2,0,1,2,2],13,1].
[[3,7,2,1,1,0,2,3,2],6,6].
[[2,3,1,0,0,0,2,2,2],7,0].
[[3,6,1,1,2,0,1,2,2],9,0].
[[2,3,2,0,0,0,2,2,2],7,0].
[[3,3,2,0,0,0,2,2,2],15,0].
[[2,9,2,1,1,1,2,3,1],32,21].
[[2,8,1,1,1,0,2,3,0],4,6].
[[2,6,1,1,2,0,1,2,1],1,0].
[[3,6,1,1,2,0,1,2,1],7,0].
[[2,7,1,1,2,1,1,1,1],6,3].
[[3,7,1,1,1,1,1,1,1],9,4].
[[3,7,2,1,2,1,1,2,1],16,2].
[[3,8,1,0,0,0,1,1,1],20,12].
[[2,7,1,1,1,1,2,3,2],8,1].
[[3,8,0,1,2,0,2,1,0],8,31].
[[2,4,1,1,2,0,1,1,0],6,0].
[[2,6,1,0,0,0,1,2,2],13,0].
[[3,3,1,0,0,0,1,2,2],6,0].
[[3,9,2,1,2,0,0,0,0],0,3].
[[2,6,1,1,2,1,2,2,0],18,0].
[[2,7,1,1,1,1,1,1,0],2,0].
[[2,8,0,1,1,1,2,3,1],13,8].
[[2,5,0,1,2,1,1,2,2],12,0].
[[1,7,2,1,2,1,2,3,2],16,1].
[[2,7,2,1,1,1,1,2,2],4,1].
[[3,6,1,1,1,1,2,1,2],10,0].
[[1,8,0,1,2,1,1,1,2],7,4].
[[2,7,1,1,1,1,2,3,0],15,1].
[[3,7,2,0,0,0,2,1,0],11,0].
[[1,8,1,1,1,1,1,1,0],1,1].
[[2,8,1,1,1,1,1,1,0],9,7].
[[3,5,0,1,1,0,1,2,2],1,2].
[[3,8,1,1,2,0,1,1,1],23,12].
[[2,8,0,1,1,1,1,2,0],14,9].
[[2,6,1,1,2,0,2,2,2],3,2].
[[2,7,2,1,1,0,2,2,0],2,0].
[[3,3,2,1,1,0,2,2,0],3,0].
[[3,3,1,1,2,1,1,2,0],7,0].
[[2,8,1,1,1,0,0,0,0],4,4].
[[3,8,1,1,1,0,2,2,0],4,5].
[[3,5,0,1,1,1,1,2,2],13,1].
[[3,3,1,0,0,0,2,3,2],12,0].
[[2,8,1,1,1,0,1,1,0],0,1].
[[3,3,1,0,0,0,1,2,0],1,0].
[[3,5,0,0,0,0,1,2,2],9,1].
[[2,5,0,0,0,0,1,1,1],8,0].
[[1,8,0,1,2,1,2,2,1],10,2].
[[1,7,1,0,0,0,2,2,0],16,1].
[[3,7,0,1,2,0,2,1,2],7,4].
[[2,3,2,0,0,0,2,3,2],9,0].
[[3,3,2,0,0,0,2,3,2],12,0].
[[3,8,1,1,1,0,2,1,2],13,13].
[[3,5,0,1,2,0,1,1,1],13,0].
[[3,6,1,1,1,0,2,2,2],3,1].
[[3,6,1,1,1,1,1,2,0],10,1].
[[2,7,2,1,2,1,1,2,1],5,1].
[[3,7,2,1,2,0,0,0,0],24,6].
[[2,7,1,1,2,1,2,1,1],15,4].
[[3,6,1,1,2,0,0,0,0],8,2].
[[2,7,2,1,2,0,1,1,0],2,2].
[[3,3,2,1,2,1,1,1,0],1,0].
[[3,6,0,0,0,0,0,0,0],9,11].
[[2,7,1,1,2,0,1,1,2],5,0].
[[2,7,0,0,0,0,2,3,0],17,8].
[[2,6,1,0,0,0,2,2,1],22,0].
[[2,9,2,1,2,0,2,1,1],3,5].
[[2,5,0,1,2,1,1,2,1],22,0].
[[2,6,1,1,2,0,2,3,1],3,1].
[[2,8,1,1,1,0,2,2,0],6,3].
[[1,5,0,1,2,1,2,2,0],12,0].
[[3,3,1,1,2,0,1,2,2],1,0].
[[3,9,2,1,2,0,1,1,1],2,5].
[[3,9,2,0,0,0,2,1,1],2,4].
[[3,3,2,0,0,0,1,2,2],12,0].
[[2,8,1,1,2,0,1,1,1],8,11].
[[3,6,1,1,2,0,2,1,1],5,0].
[[1,8,1,1,2,0,2,3,2],15,7].
[[3,6,0,1,1,1,0,0,0],1,4].
[[1,7,1,0,0,0,1,1,1],1,1].
[[2,7,1,0,0,0,1,1,1],6,1].
[[3,8,0,1,2,0,1,1,1],1,4].
[[2,3,1,0,0,0,2,1,0],3,0].
[[1,7,1,1,2,1,2,2,0],5,0].
[[3,7,2,1,1,1,2,2,2],25,2].
[[1,5,0,0,0,0,1,1,1],2,0].
[[3,8,0,1,2,0,2,1,1],6,2].
[[3,6,0,0,0,0,2,1,2],6,4].
[[3,5,0,1,1,1,1,2,1],16,0].
[[3,7,1,1,1,0,1,2,1],2,2].
[[3,3,1,0,0,0,2,1,0],4,0].
[[2,3,2,1,2,1,2,2,2],3,0].
[[3,3,0,0,0,0,2,1,0],0,1].
[[2,6,1,1,1,1,2,2,2],2,0].
[[2,8,1,1,1,0,2,1,0],2,1].
[[3,7,1,1,1,0,2,1,0],1,1].
[[2,7,0,0,0,0,2,2,0],11,4].
[[3,7,0,0,0,0,1,2,2],7,8].
[[3,7,1,1,1,0,2,2,2],4,4].
[[1,7,2,1,2,1,1,2,1],2,0].
[[2,3,2,1,2,1,1,2,1],2,0].
[[3,3,2,1,1,1,1,2,1],1,0].
[[2,7,0,0,0,0,2,2,2],8,3].
[[3,7,0,0,0,0,2,2,2],15,8].
[[3,7,0,1,1,1,2,3,1],3,1].
[[3,9,2,1,1,0,2,3,2],2,5].
[[1,7,2,1,2,1,2,1,2],11,3].
[[3,7,0,1,2,0,1,2,0],9,0].
[[3,8,0,1,1,0,1,1,0],0,5].
[[2,5,0,1,1,1,1,1,2],22,3].
[[3,5,0,1,1,0,1,1,0],4,1].
[[2,8,0,0,0,0,1,1,1],5,2].
[[3,8,0,1,2,1,1,1,1],6,5].
[[2,3,1,0,0,0,2,3,2],4,0].
[[3,3,1,1,2,0,2,3,2],6,0].
[[3,6,1,1,1,1,2,3,0],11,0].
[[3,3,2,1,2,1,2,2,2],17,0].
[[2,5,0,0,0,0,1,2,2],5,1].
[[2,3,1,1,2,1,2,3,0],2,0].
[[2,7,2,1,2,0,2,2,0],9,0].
[[2,7,0,1,2,1,2,3,2],7,2].
[[1,3,2,0,0,0,2,3,2],3,0].
[[2,6,1,1,1,1,1,1,0],1,0].
[[3,6,1,1,1,1,1,1,0],3,2].
[[3,7,0,1,1,1,2,3,0],10,9].
[[3,3,0,0,0,0,0,0,0],0,2].
[[3,7,0,1,1,1,2,1,0],5,8].
[[1,7,2,0,0,0,2,3,1],9,0].
[[3,3,1,0,0,0,1,1,0],1,0].
[[2,9,2,1,1,0,0,0,0],1,3].
[[2,6,0,0,0,0,2,3,1],0,1].
[[3,6,0,1,2,0,2,3,1],0,1].
[[2,6,1,1,1,1,0,0,0],7,0].
[[3,3,2,1,2,0,2,3,0],4,0].
[[2,3,2,1,2,1,2,3,2],1,0].
[[3,3,2,1,2,1,1,2,1],2,0].
[[1,6,1,0,0,0,2,1,0],7,0].
[[3,6,0,0,0,0,1,2,2],6,7].
[[2,8,0,1,1,1,1,2,2],14,7].
[[3,6,0,1,2,0,0,0,0],1,4].
[[3,7,2,0,0,0,1,2,1],12,0].
[[1,5,0,0,0,0,1,2,0],7,0].
[[2,7,0,1,2,1,2,1,0],4,3].
[[3,3,1,1,2,1,1,2,1],7,0].
[[3,6,0,1,2,1,1,1,1],1,0].
[[2,9,2,1,1,0,2,2,0],1,9].
[[3,3,2,0,0,0,1,2,0],7,0].
[[2,9,2,1,1,0,1,2,2],2,7].
[[3,3,1,0,0,0,2,1,2],12,1].
[[3,6,1,1,2,0,2,3,1],14,1].
[[1,8,1,1,1,1,2,3,0],19,0].
[[3,6,1,1,1,1,2,2,2],9,0].
[[3,3,1,0,0,0,2,1,1],3,0].
[[1,9,2,1,1,1,2,2,1],3,1].
[[1,6,1,1,2,1,2,2,1],6,0].
[[2,5,0,1,2,0,2,2,0],5,1].
[[3,7,0,1,1,1,2,3,2],2,4].
[[1,7,1,1,2,1,2,3,0],9,0].
[[2,4,1,1,2,0,2,1,0],12,1].
[[2,6,1,1,2,1,1,2,1],6,0].
[[1,5,0,1,2,0,1,1,2],5,0].
[[3,7,1,1,1,0,1,1,2],2,1].
[[3,2,0,1,2,1,0,0,0],4,0].
[[3,7,2,1,1,0,1,2,2],6,5].
[[3,3,1,1,2,1,1,1,1],1,0].
[[2,5,0,1,1,1,1,1,0],6,1].
[[2,7,2,1,2,0,1,2,0],8,0].
[[3,9,2,1,1,0,0,0,0],0,1].
[[3,6,0,1,1,1,2,3,0],9,5].
[[3,8,0,1,1,0,2,3,0],2,14].
[[2,5,0,1,1,0,1,1,2],2,0].
[[3,6,1,1,2,0,2,2,1],10,1].
[[2,6,1,1,2,0,2,2,1],4,1].
[[2,8,1,1,1,1,2,1,1],13,2].
[[3,6,1,1,2,1,1,1,1],4,2].
[[2,7,0,1,2,1,1,1,2],3,0].
[[1,6,1,1,2,1,2,3,1],3,1].
[[1,6,1,0,0,0,2,2,1],13,1].
[[2,6,1,0,0,0,1,2,1],4,1].
[[2,7,1,1,2,1,1,1,0],4,2].
[[3,7,0,0,0,0,2,2,1],2,1].
[[3,3,1,1,2,0,2,1,2],7,0].
[[1,7,2,0,0,0,1,2,0],2,2].
[[2,4,1,1,2,0,1,2,1],3,0].
[[3,2,1,1,2,0,2,2,1],1,0].
[[3,3,2,1,1,1,0,0,0],6,0].
[[2,7,1,1,2,0,2,2,2],12,2].
[[3,2,1,1,2,0,1,2,2],1,0].
[[1,8,1,1,2,1,1,1,1],13,3].
[[3,6,0,0,0,0,2,2,0],9,4].
[[2,7,1,1,1,1,2,2,0],9,0].
[[3,6,0,1,1,1,2,1,0],4,0].
[[3,4,1,1,2,0,0,0,0],5,1].
[[1,7,2,0,0,0,2,1,0],6,1].
[[3,6,0,1,2,1,2,1,1],3,0].
[[2,6,1,0,0,0,1,1,0],5,1].
[[3,6,1,0,0,0,2,1,1],6,0].
[[2,9,2,1,1,0,2,3,1],1,1].
[[3,5,0,1,1,0,1,2,1],1,1].
[[2,7,2,1,2,1,1,2,0],16,3].
[[3,7,2,1,1,0,0,0,0],1,3].
[[1,6,1,0,0,0,2,2,0],15,0].
[[3,7,0,1,2,0,2,3,1],3,0].
[[2,7,2,1,1,1,2,3,1],1,0].
[[3,5,0,1,1,0,2,2,0],2,2].
[[2,6,1,1,1,1,2,3,0],3,0].
[[2,6,1,1,2,0,2,2,0],9,1].
[[3,2,1,1,2,0,2,2,0],1,0].
[[1,5,0,0,0,0,1,2,1],7,0].
[[3,9,2,0,0,0,0,0,0],0,3].
[[2,7,0,0,0,0,2,1,2],2,3].
[[3,4,0,1,2,0,1,2,1],0,1].
[[3,6,1,1,2,0,1,1,2],8,2].
[[2,6,1,1,2,0,2,1,0],2,0].
[[1,9,2,1,2,0,2,2,1],6,4].
[[2,6,0,0,0,0,2,2,1],2,0].
[[3,2,0,1,2,1,2,2,1],1,0].
[[1,7,1,1,2,1,2,2,1],3,1].
[[2,7,1,1,1,1,2,2,1],7,1].
[[3,4,0,1,2,0,1,1,0],0,2].
[[2,6,0,1,2,1,2,2,0],9,1].
[[2,7,0,0,0,0,1,1,2],1,0].
[[2,7,2,1,2,1,2,1,0],8,2].
[[3,6,1,1,1,1,2,3,2],9,2].
[[3,3,2,1,2,1,2,2,0],8,0].
[[3,7,2,1,1,1,1,1,0],1,1].
[[2,8,0,1,1,1,2,1,1],1,1].
[[3,6,1,1,1,1,2,2,1],3,0].
[[3,6,0,0,0,0,2,1,0],11,6].
[[1,7,1,1,2,1,2,1,2],5,1].
[[2,8,1,1,1,1,1,1,2],15,2].
[[3,9,2,1,1,0,2,2,1],2,4].
[[2,7,2,1,1,1,1,1,2],2,2].
[[1,8,0,1,2,1,1,1,1],1,1].
[[2,8,0,1,1,1,1,1,1],2,1].
[[3,2,1,1,2,1,2,1,2],3,0].
[[2,2,1,0,0,0,0,0,0],3,0].
[[3,2,1,1,2,1,0,0,0],2,0].
[[3,9,2,1,1,0,2,2,2],0,6].
[[3,7,2,1,1,0,2,3,1],4,1].
[[2,6,1,1,2,0,2,1,2],4,0].
[[3,6,1,1,1,0,2,1,2],3,0].
[[2,2,1,1,2,1,0,0,0],1,0].
[[3,2,1,1,2,1,2,3,0],1,0].
[[3,6,0,1,1,1,2,2,2],2,3].
[[2,6,1,0,0,0,1,1,2],6,1].
[[3,3,1,0,0,0,1,1,2],4,0].
[[3,3,2,0,0,0,2,3,0],6,0].
[[2,6,1,1,2,1,1,2,0],4,0].
[[3,3,2,1,2,1,1,2,0],5,0].
[[3,7,0,1,2,0,2,1,0],2,2].
[[1,5,0,1,2,1,1,2,0],5,0].
[[2,5,0,1,1,1,1,2,0],1,0].
[[2,9,2,1,1,0,2,2,2],2,3].
[[2,3,1,0,0,0,2,2,0],3,0].
[[2,9,2,1,1,1,1,1,1],5,2].
[[2,3,2,0,0,0,2,2,0],8,0].
[[3,7,0,1,2,0,2,2,2],7,7].
[[1,7,1,0,0,0,1,2,0],2,0].
[[3,7,1,1,2,0,1,1,1],6,4].
[[3,8,0,1,1,0,2,2,2],2,3].
[[3,3,1,1,2,0,2,2,1],3,0].
[[3,3,1,1,2,0,2,2,0],5,0].
[[2,9,2,1,1,0,2,1,0],1,2].
[[3,5,0,1,2,0,1,2,2],2,0].
[[3,6,0,1,2,1,1,2,1],3,1].
[[2,3,2,1,2,0,0,0,0],5,0].
[[3,7,0,1,2,1,1,1,1],1,0].
[[3,7,0,1,2,0,2,1,1],2,0].
[[3,8,0,1,1,0,1,2,1],1,1].
[[3,3,2,0,0,0,1,1,2],6,0].
[[2,7,0,1,2,1,2,2,2],5,3].
[[3,7,0,1,1,1,1,2,0],10,0].
[[1,8,1,1,1,1,1,1,1],0,1].
[[3,2,1,0,0,0,0,0,0],3,0].
[[2,6,1,1,2,1,2,1,1],5,0].
[[2,6,0,1,2,1,2,1,0],2,1].
[[3,6,0,0,0,0,1,2,0],7,1].
[[3,6,0,0,0,0,2,2,1],1,0].
[[2,2,1,1,2,1,2,2,1],1,0].
[[3,2,1,1,1,1,2,2,1],1,0].
[[3,6,0,0,0,0,2,1,1],1,1].
[[1,7,2,1,2,0,2,3,2],6,0].
[[2,5,0,1,2,0,1,2,2],2,0].
[[1,8,1,1,2,0,1,2,1],2,2].
[[2,7,1,1,2,0,1,2,1],1,0].
[[3,2,1,0,0,0,2,1,2],2,0].
[[3,2,0,0,0,0,1,2,2],1,0].
[[3,6,0,1,2,0,2,1,0],0,1].
[[3,7,2,0,0,0,1,1,0],7,2].
[[2,8,0,1,2,0,2,1,1],3,2].
[[2,7,1,1,2,0,2,1,1],2,0].
[[2,7,2,1,1,1,2,1,2],5,1].
[[2,7,0,0,0,0,1,2,2],2,1].
[[3,7,0,1,2,0,1,2,2],4,2].
[[1,6,1,0,0,0,1,2,1],2,1].
[[2,3,1,0,0,0,1,2,1],2,0].
[[3,3,1,0,0,0,1,2,1],2,0].
[[1,8,1,1,1,1,1,2,1],3,0].
[[3,7,2,1,1,0,2,2,2],7,4].
[[1,8,1,1,1,1,2,3,2],14,1].
[[2,7,2,1,2,0,2,3,1],7,0].
[[3,7,0,1,2,1,2,1,1],3,0].
[[3,7,0,1,1,1,1,2,2],3,3].
[[3,3,1,1,2,0,2,2,2],1,0].
[[1,9,2,1,1,1,2,1,1],3,2].
[[3,4,1,1,2,0,2,1,1],4,0].
[[3,8,1,1,1,1,0,0,0],0,4].
[[2,7,2,1,1,0,0,0,0],1,0].
[[2,7,1,1,2,1,1,1,2],9,3].
[[3,4,0,1,2,0,1,2,2],0,2].
[[3,7,1,1,1,0,2,2,1],2,1].
[[3,8,1,0,0,0,0,0,0],0,2].
[[2,6,1,1,2,0,2,3,2],2,2].
[[3,6,1,1,1,0,2,3,2],0,2].
[[3,4,0,1,2,0,1,1,2],0,1].
[[2,6,1,1,2,0,1,2,0],1,0].
[[3,6,1,1,1,0,1,2,0],1,1].
[[1,6,0,0,0,0,2,1,2],1,1].
[[2,6,0,1,2,1,2,1,2],3,3].
[[2,8,0,1,1,1,1,1,2],6,3].
[[3,6,1,0,0,0,2,2,1],8,0].
[[2,3,2,1,2,0,2,1,0],1,0].
[[3,3,2,1,2,0,1,2,0],1,0].
[[2,6,1,1,1,1,2,2,1],5,0].
[[3,7,0,1,2,0,1,1,0],2,2].
[[1,6,1,1,2,1,2,2,2],4,0].
[[3,6,1,1,1,1,1,1,2],1,0].
[[2,3,2,1,2,0,2,2,2],3,0].
[[3,6,0,1,2,0,1,2,0],1,3].
[[2,7,1,1,1,1,1,2,1],3,0].
[[1,3,2,0,0,0,2,1,2],3,0].
[[3,8,0,1,1,1,1,1,1],5,2].
[[3,3,1,1,2,0,2,3,1],1,1].
[[3,6,0,1,2,0,1,1,0],0,1].
[[3,6,1,1,1,1,2,1,1],5,0].
[[3,3,2,1,2,0,1,2,1],1,0].
[[3,7,0,1,2,1,1,2,1],4,4].
[[3,9,2,1,2,0,2,1,1],3,2].
[[2,7,1,1,1,1,2,1,2],6,1].
[[3,3,2,1,1,1,2,3,0],1,0].
[[3,9,2,0,0,0,2,2,1],6,2].
[[1,7,2,1,2,0,2,2,2],3,2].
[[3,7,2,1,1,0,2,2,0],1,3].
[[1,9,2,1,2,0,1,2,1],0,1].
[[1,7,1,0,0,0,2,1,1],8,0].
[[2,3,2,0,0,0,2,3,0],2,0].
[[3,3,2,1,1,0,2,3,0],2,0].
[[1,6,0,0,0,0,2,3,1],1,0].
[[3,3,1,1,2,0,1,1,2],2,0].
[[3,6,0,1,2,0,2,1,2],1,2].
[[1,7,1,1,2,1,2,1,0],2,0].
[[2,3,1,1,2,1,2,1,0],1,0].
[[3,2,1,0,0,0,2,2,0],1,0].
[[2,6,0,1,2,1,1,2,0],1,0].
[[3,2,0,0,0,0,0,0,0],2,0].
[[3,7,0,1,1,1,2,2,2],4,4].
[[3,3,2,1,2,0,2,2,0],5,0].
[[1,8,1,1,2,0,1,1,1],1,1].
[[1,7,1,0,0,0,1,2,2],1,0].
[[3,4,0,1,2,0,1,2,0],0,2].
[[1,8,1,1,1,1,2,1,1],3,0].
[[1,7,2,1,2,1,2,1,0],3,0].
[[1,9,2,1,1,1,1,1,1],2,0].
[[1,6,1,1,2,1,2,1,0],3,0].
[[2,3,2,1,2,1,2,1,0],1,0].
[[3,3,2,1,1,1,2,1,0],1,0].
[[2,3,2,1,2,1,1,1,2],1,0].
[[3,3,1,1,1,1,1,2,1],1,0].
[[2,8,0,1,1,1,1,2,1],3,1].
[[3,3,1,1,2,1,2,1,1],3,0].
[[2,5,0,1,1,1,1,1,1],2,1].
[[1,7,2,1,2,0,2,2,0],1,0].
[[3,6,1,1,1,0,2,3,0],0,2].
[[2,7,1,1,1,1,2,2,2],2,2].
[[1,9,2,1,1,1,1,2,1],2,1].
[[2,5,0,1,1,1,1,2,2],1,0].
[[1,8,0,0,0,0,1,1,1],1,0].
[[3,3,2,1,2,1,2,3,2],12,0].
[[2,7,0,1,2,1,2,2,1],0,1].
[[1,6,0,0,0,0,2,2,2],1,0].
[[3,6,0,1,1,1,1,1,2],1,0].
[[1,8,1,1,1,1,1,1,2],3,0].
[[2,7,0,1,2,1,1,2,2],2,1].
[[3,6,1,0,0,0,1,1,2],5,0].
[[2,7,2,1,1,1,1,2,0],2,0].
[[2,6,1,1,1,1,2,1,0],1,0].
[[2,2,0,0,0,0,0,0,0],1,0].
[[3,6,0,1,1,1,2,2,0],1,1].
[[2,3,1,0,0,0,2,3,0],3,0].
[[3,3,1,1,2,0,1,2,0],2,0].
[[1,8,1,1,1,1,1,2,0],4,0].
[[1,6,0,0,0,0,2,2,0],2,0].
[[2,6,1,1,1,1,1,2,0],1,0].
[[2,7,0,0,0,0,1,2,0],1,0].
[[2,7,0,1,2,1,2,3,1],1,2].
[[2,9,2,1,1,0,1,2,1],1,0].
[[2,8,1,1,1,0,1,2,0],3,3].
[[3,3,1,1,1,1,2,1,2],4,0].
[[2,8,0,1,2,0,2,2,1],4,2].
[[3,6,0,1,2,0,2,2,1],1,0].
[[2,8,1,1,1,0,1,1,1],0,3].
[[3,7,1,1,1,0,1,1,1],0,1].
[[2,7,1,1,1,1,1,2,2],3,1].
[[1,7,2,1,2,1,2,2,0],1,0].
[[3,3,1,1,1,1,2,3,0],1,0].
[[2,6,1,1,2,0,2,1,1],2,0].
[[1,6,1,1,2,1,2,1,2],3,0].
[[2,7,0,1,2,1,1,2,0],2,0].
[[1,6,1,0,0,0,1,1,0],1,0].
[[2,6,1,1,2,1,1,1,0],3,1].
[[2,4,1,1,2,0,0,0,0],3,1].
[[3,3,2,1,1,1,2,2,2],2,0].
[[2,5,0,1,2,0,1,2,0],3,0].
[[2,3,1,1,2,1,2,2,1],1,0].
[[3,3,0,1,2,1,2,3,2],0,1].
[[1,7,2,1,2,0,2,3,0],1,0].
[[3,7,0,0,0,0,1,1,0],5,1].
[[1,8,1,1,1,1,1,2,2],2,1].
[[1,9,2,1,2,0,2,1,1],2,1].
[[3,6,0,1,2,0,2,3,2],1,0].
[[3,3,1,1,1,1,2,2,2],2,0].
[[1,5,0,1,2,1,1,1,1],2,1].
[[3,8,0,1,1,0,2,3,1],0,2].
[[2,2,1,0,0,0,2,2,2],2,0].
[[3,2,1,1,2,1,1,1,2],1,0].
[[3,2,1,0,0,0,2,3,2],2,0].
[[2,9,2,1,1,0,2,1,2],0,3].
[[1,7,2,1,2,1,2,3,0],3,0].
[[2,6,1,1,1,1,2,3,2],5,0].
[[3,3,2,1,1,1,1,1,2],2,0].
[[3,3,1,1,1,1,1,1,0],1,0].
[[3,6,0,1,1,1,1,1,0],2,0].
[[2,3,2,0,0,0,1,2,0],1,0].
[[3,4,0,1,2,0,2,2,2],0,2].
[[3,3,2,1,2,1,2,1,0],1,0].
[[2,7,1,1,1,1,2,1,0],1,0].
[[2,5,0,1,1,0,1,1,0],0,1].
[[3,2,1,1,2,0,2,1,1],1,0].
[[1,8,0,1,2,1,1,2,1],2,1].
[[3,7,0,1,1,1,1,1,0],2,0].
[[3,2,1,0,0,0,2,2,2],2,0].
[[2,6,1,1,1,1,1,2,2],1,0].
[[1,7,1,0,0,0,1,2,1],3,0].
[[2,7,1,1,1,1,1,2,0],2,0].
[[3,3,1,1,1,1,1,2,0],3,0].
[[3,8,0,1,1,0,2,1,1],1,0].
[[2,2,1,1,2,1,2,2,2],1,0].
[[3,2,1,1,2,1,2,2,2],1,0].
[[3,7,0,1,2,0,1,2,1],1,0].
[[3,8,0,1,1,0,2,2,1],2,2].
[[3,2,1,0,0,0,2,1,0],2,0].
[[3,3,2,1,1,1,1,2,2],1,0].
[[3,3,1,0,0,0,1,1,1],1,0].
[[2,3,1,1,2,1,2,3,2],3,0].
[[3,2,1,0,0,0,2,3,1],1,0].
[[2,5,0,1,2,0,1,2,1],0,1].
[[1,6,0,0,0,0,2,3,2],1,0].
[[3,8,1,1,2,0,0,0,0],0,2].
[[3,7,2,1,1,0,2,1,0],1,1].
[[3,7,0,1,1,1,1,2,1],2,0].
[[2,9,2,1,1,0,2,3,2],0,2].
[[2,3,2,1,2,1,2,1,2],1,0].
[[3,3,2,1,1,1,2,1,2],1,0].
[[3,3,1,1,1,1,1,1,1],1,0].
[[3,7,0,0,0,0,1,1,1],2,0].
[[3,3,0,1,2,1,2,1,2],0,1].
[[1,7,2,1,2,0,1,2,0],1,0].
[[2,7,2,1,1,0,1,2,0],1,0].
[[3,3,2,1,2,0,1,1,0],1,0].
[[3,3,1,1,1,1,2,3,2],2,0].
[[2,7,2,1,1,0,2,3,2],2,0].
[[2,3,1,1,2,1,2,3,1],2,0].
[[2,5,0,1,1,1,1,2,1],2,0].
[[1,6,0,0,0,0,2,2,1],1,0].
[[2,6,0,1,2,1,2,2,1],2,0].
[[3,3,1,1,2,0,2,1,1],1,0].
[[1,7,2,1,2,0,1,2,2],0,1].
[[2,7,2,1,1,0,1,2,2],0,1].
[[3,6,0,1,2,0,2,2,2],1,1].
[[2,6,1,1,1,1,2,1,2],1,0].
[[1,5,0,1,2,1,1,2,1],1,0].
[[3,7,0,1,2,0,1,1,2],1,1].
[[3,6,1,1,1,0,1,1,0],1,0].
[[1,7,2,1,2,0,2,1,0],0,1].
[[2,3,1,1,2,1,2,1,2],1,0].
[[2,8,1,1,1,0,1,2,1],0,1].
[[1,6,1,0,0,0,1,2,2],1,0].
[[2,3,1,0,0,0,1,2,2],1,0].
[[2,9,2,1,1,0,2,2,1],0,2].
[[3,3,2,1,1,0,2,3,2],2,0].
[[3,6,0,1,2,0,1,1,2],1,1].
[[2,2,1,1,2,1,2,1,2],1,0].
[[3,2,1,1,2,0,2,2,2],1,0].
[[3,6,1,1,1,0,1,2,1],1,0].
[[3,6,0,0,0,0,1,2,1],2,0].
[[3,3,2,0,0,0,2,3,1],1,0].
[[1,7,2,0,0,0,1,1,0],0,1].
[[2,1,1,1,2,0,1,2,1],1,0].
[[3,1,1,1,2,0,1,2,1],1,0].
[[3,9,2,1,1,1,0,0,0],0,3].
[[3,8,0,1,1,0,1,1,1],0,1].
[[3,2,1,1,2,0,2,3,1],1,0].
[[3,6,1,1,1,0,2,2,1],0,1].
[[2,7,2,1,1,1,2,3,0],2,0].
[[1,8,1,1,2,0,1,1,0],1,1].
[[3,7,2,1,1,0,1,1,0],1,2].
[[3,3,1,1,2,0,1,1,1],1,0].
[[3,2,1,1,2,1,2,3,2],1,0].
[[3,3,0,1,2,1,0,0,0],0,1].
[[1,7,2,1,2,1,1,1,2],1,0].
[[2,6,0,0,0,0,2,1,1],1,0].
[[3,2,0,0,0,0,2,1,1],1,0].
[[3,1,1,1,2,0,1,1,2],2,0].
[[3,3,2,1,1,0,2,3,1],1,0].
[[1,7,1,1,2,1,2,1,1],1,0].
[[3,6,1,1,1,0,2,3,1],0,1].
[[3,6,1,1,1,0,2,2,0],1,1].
[[2,3,1,0,0,0,2,1,1],1,0].
[[2,9,2,1,1,0,1,1,1],0,1].
[[3,9,2,1,1,0,1,1,1],0,1].
[[1,6,1,0,0,0,1,2,0],1,0].
[[3,9,2,1,1,0,2,1,1],0,2].
[[2,6,1,1,2,0,1,1,2],1,0].
[[3,2,1,1,2,1,2,2,1],1,0].
