total_WL(8100,4230).
[[1,8,1,0,0,0,0,0,0],400,119].
[[2,8,1,0,0,0,2,3,0],95,18].
[[3,8,1,0,0,0,2,3,1],35,3].
[[1,8,0,0,0,0,0,0,0],136,107].
[[2,8,0,1,2,2,2,2,2],129,94].
[[3,8,0,1,2,2,1,2,1],37,28].
[[1,9,2,0,0,0,2,2,1],35,36].
[[2,9,2,0,0,0,1,1,1],9,4].
[[3,8,0,0,0,0,1,1,1],4,1].
[[1,9,2,1,2,2,1,1,2],40,29].
[[2,9,2,1,2,2,1,1,2],45,38].
[[3,9,2,1,2,2,1,1,2],33,53].
[[2,7,2,0,0,0,2,3,2],22,3].
[[3,7,2,1,2,0,1,1,1],2,0].
[[1,8,0,1,2,2,0,0,0],198,144].
[[2,8,0,1,2,2,0,0,0],50,94].
[[3,8,0,1,2,2,2,2,0],41,66].
[[1,9,2,1,2,2,2,3,0],299,207].
[[2,9,2,1,2,2,2,2,1],24,25].
[[3,9,2,1,2,2,1,2,0],109,159].
[[2,9,2,1,1,2,1,1,0],23,27].
[[3,9,2,1,1,2,1,2,0],70,147].
[[1,8,0,1,1,2,2,2,2],20,13].
[[2,8,0,1,1,2,2,2,2],59,38].
[[3,8,0,1,1,2,2,2,2],61,59].
[[1,8,1,1,2,2,0,0,0],272,50].
[[2,8,1,1,1,2,2,3,2],34,5].
[[3,8,1,1,1,2,1,2,2],44,15].
[[2,8,1,0,0,0,2,2,2],146,32].
[[3,7,1,1,2,2,2,2,2],143,36].
[[1,8,0,1,2,2,2,2,1],9,2].
[[2,8,0,1,1,2,2,2,1],9,4].
[[3,7,1,1,1,2,2,2,1],15,4].
[[1,6,1,0,0,0,0,0,0],71,4].
[[2,6,1,1,2,0,2,2,2],5,1].
[[3,6,1,1,2,0,2,2,2],15,0].
[[1,9,2,0,0,0,2,2,2],202,216].
[[3,6,1,0,0,0,2,2,2],11,1].
[[1,9,2,0,0,0,2,3,2],94,89].
[[2,8,0,0,0,0,2,3,2],13,15].
[[3,7,0,1,2,0,2,3,2],0,2].
[[1,9,2,1,2,2,2,2,0],183,148].
[[2,9,2,1,2,2,2,3,0],100,162].
[[3,9,2,1,2,2,2,3,0],7,77].
[[1,9,2,0,0,0,0,0,0],92,201].
[[2,9,2,0,0,0,2,3,0],59,79].
[[3,9,2,1,2,0,2,2,1],1,3].
[[2,9,2,1,1,2,2,3,0],66,53].
[[3,4,2,1,2,0,2,3,0],66,3].
[[1,9,2,1,2,2,2,3,1],80,56].
[[2,9,2,1,1,2,2,2,2],77,71].
[[3,4,2,1,2,0,1,1,2],56,3].
[[2,9,2,0,0,0,1,2,0],74,68].
[[3,8,0,1,2,2,1,2,0],113,85].
[[1,8,0,0,0,0,2,3,0],52,19].
[[2,8,0,0,0,0,2,3,0],51,41].
[[3,7,0,1,2,2,2,3,0],21,4].
[[2,7,1,0,0,0,2,3,0],20,3].
[[1,8,1,0,0,0,2,2,0],77,20].
[[2,8,1,0,0,0,2,2,0],55,14].
[[3,8,1,1,2,2,1,2,0],151,20].
[[1,9,2,1,2,2,1,2,0],99,69].
[[2,8,0,1,1,2,1,2,0],36,10].
[[3,8,0,1,1,2,1,2,0],78,61].
[[2,9,2,0,0,0,0,0,0],0,20].
[[3,9,2,1,2,0,2,1,0],0,8].
[[1,8,1,1,2,2,2,3,2],100,17].
[[2,8,1,1,1,2,1,2,2],23,4].
[[1,8,1,1,2,2,2,3,0],113,9].
[[2,8,1,1,1,2,1,2,0],41,4].
[[3,8,1,1,1,2,1,2,0],82,14].
[[1,7,2,1,2,0,2,3,0],0,1].
[[2,7,2,1,2,0,2,3,0],2,2].
[[3,7,2,1,2,0,2,3,0],7,2].
[[1,9,2,1,2,2,2,1,0],74,86].
[[3,4,2,1,2,0,1,1,0],45,0].
[[1,9,2,1,2,2,1,1,0],29,34].
[[2,9,2,1,2,2,1,1,0],47,55].
[[3,9,2,1,1,2,1,1,0],15,54].
[[2,8,1,0,0,0,2,3,2],71,15].
[[3,7,1,0,0,0,2,3,2],10,5].
[[1,9,2,0,0,0,2,3,0],253,200].
[[3,9,2,1,2,0,1,2,0],22,51].
[[2,7,1,1,2,2,0,0,0],81,23].
[[3,7,1,1,2,2,0,0,0],19,8].
[[3,8,1,1,1,2,1,1,0],24,13].
[[1,9,2,1,1,2,2,2,0],91,31].
[[2,8,1,1,1,2,2,2,0],33,4].
[[3,4,2,1,2,0,2,2,0],66,2].
[[1,8,1,1,2,2,2,2,0],61,6].
[[2,7,2,1,2,2,2,2,0],4,1].
[[3,7,2,1,2,2,1,2,0],13,1].
[[1,8,0,1,1,2,2,3,0],22,3].
[[2,6,0,1,1,2,2,3,0],1,1].
[[3,3,1,1,1,2,2,3,0],4,0].
[[1,8,1,0,0,0,2,3,2],107,25].
[[3,7,2,1,2,2,2,3,2],42,2].
[[1,9,2,0,0,0,1,2,2],69,59].
[[2,8,0,0,0,0,1,2,2],15,14].
[[3,5,0,0,0,0,1,1,2],14,0].
[[2,9,2,0,0,0,1,2,2],35,50].
[[3,9,2,1,2,2,1,2,2],43,86].
[[1,9,2,1,2,0,2,3,2],7,17].
[[2,9,2,1,2,2,1,2,0],145,145].
[[1,8,0,1,1,2,0,0,0],56,38].
[[2,8,0,1,1,2,0,0,0],32,44].
[[3,8,0,1,1,2,2,3,0],41,59].
[[1,7,2,0,0,0,0,0,0],66,10].
[[2,7,2,1,2,2,2,3,1],5,2].
[[3,7,2,1,1,2,2,3,1],4,1].
[[2,8,1,1,2,2,2,3,1],143,19].
[[3,8,1,1,2,2,2,3,1],84,12].
[[2,9,2,0,0,0,1,2,1],22,21].
[[3,5,0,1,2,0,1,1,1],8,1].
[[2,9,2,1,2,2,2,1,0],17,47].
[[3,9,2,1,1,2,2,3,0],11,54].
[[1,9,2,1,2,2,2,2,2],276,228].
[[3,8,0,1,2,2,2,2,2],81,90].
[[2,8,0,0,0,0,0,0,0],19,38].
[[3,8,0,0,0,0,2,3,0],9,23].
[[1,9,2,0,0,0,2,3,1],82,45].
[[3,8,0,1,2,0,1,2,1],7,7].
[[1,8,1,1,2,0,2,2,2],31,8].
[[2,8,1,1,2,0,2,2,2],76,22].
[[3,8,1,1,2,0,2,2,2],57,19].
[[1,9,2,0,0,0,1,1,0],24,27].
[[2,8,0,1,2,0,1,1,0],5,3].
[[3,7,0,1,2,2,1,1,0],3,1].
[[1,7,2,0,0,0,2,2,2],38,5].
[[2,7,2,0,0,0,1,1,2],5,0].
[[3,7,2,1,2,0,1,1,2],8,1].
[[2,9,2,0,0,0,2,2,2],71,83].
[[3,9,2,1,2,0,2,2,2],4,23].
[[1,9,2,1,2,2,1,2,1],29,21].
[[2,9,2,1,1,2,1,2,1],34,17].
[[3,9,2,1,1,2,1,2,2],38,48].
[[2,8,0,1,1,2,2,2,0],46,29].
[[3,8,0,1,1,2,2,2,0],31,56].
[[2,6,1,1,2,2,0,0,0],24,2].
[[3,6,1,1,2,2,2,3,1],20,0].
[[1,9,2,1,1,2,0,0,0],83,47].
[[3,7,1,1,1,2,2,3,2],24,2].
[[1,8,1,1,2,2,2,3,1],102,16].
[[3,7,1,1,2,2,2,3,1],55,14].
[[1,8,1,0,0,0,2,3,1],125,19].
[[3,8,1,0,0,0,1,1,2],13,7].
[[1,8,1,0,0,0,2,2,2],244,43].
[[2,8,1,1,2,2,2,2,2],234,49].
[[3,8,1,1,1,2,2,2,2],80,24].
[[1,9,2,1,1,2,2,3,2],47,18].
[[3,5,0,1,1,2,1,1,1],16,2].
[[1,9,2,1,2,2,0,0,0],148,219].
[[3,8,1,1,2,2,2,1,1],39,18].
[[3,9,2,0,0,0,1,2,0],30,34].
[[2,9,2,1,2,2,2,2,2],120,186].
[[3,8,1,1,2,2,2,2,2],181,27].
[[2,8,0,0,0,0,2,2,2],55,47].
[[3,8,0,1,2,0,1,2,2],11,15].
[[1,9,2,0,0,0,2,1,0],71,70].
[[2,9,2,0,0,0,2,1,0],10,22].
[[3,9,2,1,2,0,1,2,1],8,9].
[[1,8,0,1,2,2,2,3,0],77,32].
[[2,8,0,1,1,2,2,3,0],59,32].
[[3,7,0,1,1,2,2,3,0],23,5].
[[1,8,0,0,0,0,2,2,0],36,18].
[[2,8,0,0,0,0,2,2,0],36,27].
[[3,7,1,1,2,0,2,2,0],12,3].
[[2,9,2,1,1,2,2,2,0],61,49].
[[3,8,1,1,1,2,2,2,0],16,3].
[[1,8,0,1,2,2,2,3,1],21,14].
[[2,8,0,1,2,2,2,3,1],42,30].
[[3,8,0,1,2,2,2,3,1],36,18].
[[2,7,1,0,0,0,2,3,1],15,1].
[[3,7,1,1,2,0,2,3,1],17,1].
[[2,7,2,0,0,0,2,2,2],40,4].
[[3,7,2,1,2,0,2,2,2],39,3].
[[2,9,2,1,2,0,1,2,2],19,15].
[[3,8,1,1,2,0,1,2,2],38,14].
[[2,7,1,1,2,2,2,3,2],26,2].
[[3,7,1,1,2,2,2,3,2],57,7].
[[2,8,0,0,0,0,2,1,0],12,18].
[[3,8,0,0,0,0,1,1,0],10,9].
[[2,9,2,0,0,0,2,2,0],33,48].
[[3,9,2,0,0,0,2,2,0],2,9].
[[1,9,2,1,1,2,1,2,1],14,3].
[[2,8,0,1,1,2,1,2,1],7,1].
[[3,8,0,1,1,2,1,1,1],4,4].
[[2,9,2,1,2,0,2,3,1],8,13].
[[3,9,2,1,2,0,2,3,1],3,7].
[[2,9,2,1,2,2,2,3,1],34,37].
[[3,9,2,1,1,2,1,2,1],22,24].
[[2,8,1,1,2,2,1,2,0],85,10].
[[1,8,1,1,1,2,2,2,2],34,2].
[[2,8,1,1,1,2,2,2,2],75,15].
[[3,7,1,1,1,2,2,2,2],63,12].
[[2,9,2,0,0,0,1,1,0],18,33].
[[3,8,1,1,2,0,1,1,0],15,5].
[[2,7,1,1,2,0,2,3,2],6,0].
[[3,7,1,1,2,0,2,3,2],18,2].
[[1,9,2,1,1,2,2,3,0],120,36].
[[2,4,2,1,2,0,2,3,0],46,0].
[[3,4,2,1,2,0,1,2,0],164,0].
[[1,9,2,1,1,2,2,2,2],116,56].
[[2,4,2,1,2,0,2,2,2],52,0].
[[3,8,0,1,2,0,2,2,2],19,22].
[[2,8,0,1,2,2,2,3,0],138,69].
[[3,8,0,1,2,2,2,3,0],60,100].
[[3,8,0,0,0,0,2,1,0],1,9].
[[3,8,0,1,2,2,1,1,0],31,44].
[[1,9,2,1,2,0,2,2,0],22,15].
[[2,9,2,1,2,0,1,2,0],28,38].
[[3,8,0,1,1,0,1,2,0],5,4].
[[2,9,2,1,2,2,2,2,0],63,83].
[[3,9,2,1,1,2,2,3,2],1,6].
[[1,8,1,0,0,0,2,1,0],47,5].
[[3,7,1,0,0,0,2,3,0],16,2].
[[1,9,2,1,2,2,2,3,2],106,97].
[[2,8,1,1,2,2,2,3,2],89,12].
[[3,8,1,1,1,2,2,3,2],40,7].
[[2,8,1,1,2,0,2,3,1],34,13].
[[3,8,1,1,1,0,2,2,2],19,10].
[[1,8,1,0,0,0,2,1,1],53,16].
[[2,8,1,1,2,2,2,1,1],73,13].
[[3,8,1,0,0,0,1,2,2],26,7].
[[2,6,1,0,0,0,0,0,0],26,3].
[[3,6,1,1,2,0,2,3,0],8,0].
[[3,7,0,0,0,0,0,0,0],0,5].
[[1,8,1,1,2,2,1,2,0],30,5].
[[2,7,1,1,2,2,1,2,0],10,1].
[[3,7,1,1,2,2,1,2,0],51,1].
[[2,8,1,0,0,0,1,2,2],49,13].
[[1,9,2,0,0,0,2,2,0],135,124].
[[2,8,1,0,0,0,1,1,1],14,8].
[[3,7,1,1,2,2,1,1,1],10,8].
[[3,9,2,1,2,2,1,1,0],27,64].
[[1,7,1,0,0,0,0,0,0],51,14].
[[2,7,1,0,0,0,0,0,0],34,16].
[[3,8,0,1,2,2,2,2,1],12,13].
[[2,7,1,1,2,2,2,2,0],30,0].
[[3,7,1,1,1,2,1,2,0],30,4].
[[2,4,2,1,2,0,2,3,1],19,0].
[[1,8,0,0,0,0,2,2,2],56,41].
[[3,6,1,1,2,2,2,3,2],18,1].
[[2,8,1,0,0,0,0,0,0],33,18].
[[3,8,1,0,0,0,0,0,0],0,4].
[[3,9,2,1,2,2,2,2,2],28,47].
[[2,9,2,1,1,2,2,3,1],32,16].
[[3,8,1,1,1,2,2,3,1],45,5].
[[1,8,1,1,2,2,2,2,1],46,9].
[[2,8,1,1,1,2,1,2,1],44,6].
[[3,7,2,1,1,2,1,2,1],7,1].
[[3,9,2,0,0,0,1,1,2],11,7].
[[1,8,1,0,0,0,2,3,0],134,24].
[[2,8,1,1,2,0,2,3,0],39,12].
[[3,8,1,1,1,0,1,2,0],16,15].
[[2,8,0,1,2,0,2,2,2],18,14].
[[3,7,1,1,2,0,2,2,2],42,9].
[[1,8,1,1,2,2,2,2,2],179,37].
[[3,8,1,1,2,2,1,2,2],104,23].
[[1,9,2,0,0,0,1,2,1],27,19].
[[2,9,2,1,2,0,1,2,1],9,16].
[[3,9,2,1,1,0,1,2,1],3,7].
[[1,8,1,1,2,2,1,2,2],31,2].
[[2,7,1,1,2,2,1,2,2],13,0].
[[3,7,1,1,1,2,1,2,2],24,4].
[[1,5,0,0,0,0,1,2,1],1,0].
[[2,5,0,0,0,0,1,2,1],3,0].
[[3,5,0,0,0,0,1,2,1],4,0].
[[1,8,0,1,2,2,2,1,0],21,13].
[[2,8,0,1,2,2,1,2,0],54,31].
[[3,7,0,1,1,2,1,2,0],9,3].
[[2,7,1,1,2,2,2,3,1],34,6].
[[3,3,1,1,2,2,2,3,1],8,0].
[[3,4,2,1,2,0,2,2,2],108,4].
[[2,6,1,1,1,2,2,2,2],4,0].
[[1,9,2,1,2,0,1,1,2],8,4].
[[2,8,0,1,2,2,1,1,2],12,16].
[[3,8,0,1,1,2,1,1,2],12,26].
[[1,9,2,1,2,0,1,1,0],4,2].
[[2,9,2,1,2,0,1,1,0],8,18].
[[3,8,0,1,2,0,1,1,0],7,14].
[[3,8,1,0,0,0,2,2,2],60,7].
[[2,8,0,1,2,2,2,1,0],19,36].
[[3,7,1,1,2,2,2,1,0],14,8].
[[1,8,1,1,1,2,2,1,1],9,1].
[[2,7,1,1,1,2,2,1,1],5,0].
[[3,7,1,1,1,2,2,1,1],16,2].
[[2,9,2,1,1,2,2,1,0],17,13].
[[3,9,2,1,1,2,2,2,0],6,27].
[[1,9,2,1,2,0,1,2,0],9,18].
[[2,8,1,1,2,0,1,2,0],18,5].
[[3,8,1,1,2,2,1,1,0],47,27].
[[1,9,2,1,2,2,1,2,2],85,46].
[[2,8,1,1,2,2,1,2,2],64,23].
[[2,7,1,1,2,2,2,3,0],37,6].
[[3,4,2,1,2,0,2,3,2],41,0].
[[2,8,1,1,2,2,0,0,0],41,16].
[[3,8,1,1,1,2,2,3,0],16,5].
[[3,8,0,0,0,0,2,2,2],26,24].
[[2,8,0,1,1,2,2,1,0],18,7].
[[1,7,2,1,2,2,0,0,0],24,1].
[[2,7,2,1,2,2,2,3,0],12,0].
[[3,7,2,1,2,2,2,3,0],18,0].
[[1,9,2,1,1,2,1,2,0],49,10].
[[3,8,0,1,2,0,2,1,0],3,4].
[[1,8,1,1,2,2,2,1,1],48,8].
[[3,3,1,0,0,0,2,3,0],2,0].
[[3,8,1,1,2,0,1,2,1],45,13].
[[3,8,1,1,1,2,1,1,1],14,13].
[[1,6,0,1,2,2,0,0,0],9,7].
[[2,6,0,1,1,2,0,0,0],2,5].
[[3,4,2,1,2,0,2,1,0],12,2].
[[3,8,0,1,2,2,2,1,0],9,28].
[[1,4,2,1,2,0,1,2,0],5,0].
[[2,4,2,1,2,0,1,2,0],43,0].
[[2,9,2,1,2,2,2,3,2],48,56].
[[1,8,0,1,2,2,2,2,0],51,30].
[[2,8,0,1,2,2,2,2,0],92,60].
[[3,6,0,1,2,2,2,2,0],7,4].
[[2,8,1,1,2,2,2,3,0],130,20].
[[3,7,1,1,2,2,2,3,0],63,19].
[[1,9,2,0,0,0,1,2,0],91,80].
[[3,8,1,1,2,0,1,2,0],57,16].
[[3,9,2,1,1,2,1,1,2],24,26].
[[3,8,1,1,2,2,2,3,0],31,14].
[[2,8,0,1,2,0,2,3,2],7,6].
[[1,6,1,0,0,0,2,2,2],9,2].
[[2,6,1,0,0,0,2,2,2],19,1].
[[3,6,1,1,2,2,2,2,2],29,1].
[[2,6,1,1,2,2,2,2,0],5,1].
[[3,6,1,1,2,2,2,2,0],12,1].
[[2,9,2,1,2,0,2,2,0],6,23].
[[3,7,1,1,1,2,1,1,0],13,0].
[[1,8,0,1,2,2,1,2,2],11,4].
[[2,8,0,1,2,2,1,2,2],33,22].
[[3,8,0,1,2,2,1,2,2],47,42].
[[2,9,2,0,0,0,2,3,1],24,19].
[[3,9,2,0,0,0,1,2,1],8,9].
[[3,7,2,1,1,2,2,2,0],3,0].
[[1,9,2,1,2,2,2,1,1],19,16].
[[2,8,0,1,2,2,2,1,1],10,5].
[[3,7,1,1,2,2,2,1,1],33,5].
[[1,9,2,1,2,0,2,3,0],25,32].
[[2,9,2,1,2,0,2,3,0],23,34].
[[3,5,0,1,1,0,2,2,0],3,1].
[[1,7,2,1,2,2,2,2,2],18,1].
[[2,7,2,1,2,2,2,2,2],49,7].
[[3,7,2,1,2,2,2,2,2],84,8].
[[2,8,1,0,0,0,2,1,0],36,5].
[[1,8,1,1,2,0,2,3,0],15,6].
[[3,9,2,1,1,0,1,2,0],9,32].
[[1,8,1,1,2,0,2,1,1],9,1].
[[2,8,1,1,1,0,1,1,1],0,1].
[[3,8,1,1,1,0,1,1,1],4,4].
[[2,8,0,1,1,2,2,3,2],25,16].
[[3,8,0,1,1,2,2,3,2],15,22].
[[3,7,2,1,2,2,0,0,0],17,1].
[[2,6,0,1,2,2,0,0,0],9,10].
[[3,6,0,1,1,2,0,0,0],1,6].
[[1,4,2,1,2,0,2,3,0],11,0].
[[1,9,2,1,2,0,1,2,2],6,9].
[[2,5,0,1,2,0,1,1,2],7,1].
[[3,5,0,1,1,0,1,1,2],9,3].
[[2,7,1,1,1,2,0,0,0],33,5].
[[3,9,2,1,2,2,2,2,0],12,41].
[[2,5,0,0,0,0,2,2,0],10,0].
[[3,5,0,0,0,0,2,2,0],6,0].
[[1,8,1,1,1,2,0,0,0],53,9].
[[2,8,1,1,1,2,2,3,1],44,9].
[[1,8,0,0,0,0,2,3,1],18,5].
[[2,7,1,0,0,0,2,2,0],16,3].
[[3,7,1,1,2,2,2,2,0],55,12].
[[1,8,0,1,2,2,1,1,2],6,4].
[[3,5,0,1,2,2,1,1,2],59,1].
[[3,7,1,1,1,2,2,1,0],10,2].
[[3,7,0,1,2,2,2,2,2],31,13].
[[3,7,1,0,0,0,2,2,1],7,5].
[[1,8,1,0,0,0,1,1,1],13,9].
[[3,7,1,0,0,0,1,1,1],1,2].
[[3,8,1,1,1,2,2,1,1],23,3].
[[1,9,2,1,1,2,2,1,0],34,13].
[[2,4,2,1,2,0,2,1,0],12,1].
[[1,8,1,0,0,0,1,2,0],28,6].
[[2,8,1,1,2,2,1,2,1],74,16].
[[3,8,1,1,2,2,1,2,1],121,16].
[[3,5,0,0,0,0,1,2,0],4,0].
[[3,8,1,1,2,0,2,2,1],13,5].
[[3,8,0,1,1,2,1,1,0],20,23].
[[2,9,2,1,1,2,1,2,2],50,28].
[[3,4,2,1,2,0,1,2,2],83,0].
[[1,9,2,1,2,0,0,0,0],16,26].
[[2,9,2,1,2,2,0,0,0],4,56].
[[2,3,2,0,0,0,0,0,0],13,0].
[[3,3,2,0,0,0,2,2,1],2,0].
[[1,9,2,1,1,2,1,2,2],36,12].
[[2,8,0,1,2,2,1,1,0],17,17].
[[1,8,1,0,0,0,2,2,1],53,18].
[[2,8,1,0,0,0,2,2,1],29,14].
[[2,5,0,0,0,0,1,1,0],3,1].
[[3,5,0,1,2,0,1,1,0],6,1].
[[1,9,2,1,2,2,2,2,1],44,28].
[[2,9,2,1,2,2,1,2,1],46,44].
[[3,8,0,1,1,2,1,2,1],22,22].
[[1,8,1,1,1,2,2,3,1],19,3].
[[3,6,1,1,1,2,2,3,1],8,0].
[[3,9,2,0,0,0,2,3,0],4,22].
[[3,7,0,1,2,0,2,2,2],3,4].
[[3,7,1,1,2,0,2,3,0],21,7].
[[2,9,2,1,1,2,1,1,2],36,16].
[[1,4,2,1,2,0,2,3,2],4,0].
[[2,4,2,1,2,0,2,3,2],19,0].
[[1,8,1,1,2,0,2,1,0],3,3].
[[2,8,1,1,1,0,2,1,0],1,0].
[[3,7,1,1,1,0,2,1,0],1,0].
[[2,9,2,1,1,2,2,3,2],31,18].
[[3,9,2,1,1,2,1,1,1],5,9].
[[2,7,1,1,1,2,1,2,0],2,1].
[[3,8,0,1,2,2,2,3,2],23,38].
[[1,5,0,1,2,2,1,1,2],6,0].
[[2,5,0,1,2,2,1,1,2],28,1].
[[2,9,2,1,1,2,1,2,0],97,62].
[[3,7,0,0,0,0,2,3,0],5,2].
[[3,7,1,1,2,2,1,2,2],36,13].
[[2,7,2,1,2,2,0,0,0],43,3].
[[2,9,2,1,1,0,1,2,2],1,3].
[[3,9,2,1,1,0,1,2,2],5,12].
[[2,8,1,1,2,2,2,1,0],45,13].
[[3,6,1,1,2,2,2,1,0],7,0].
[[1,8,1,1,2,0,1,2,2],3,1].
[[3,8,1,1,1,0,1,2,2],11,7].
[[3,5,0,1,2,0,2,2,0],7,1].
[[3,9,2,0,0,0,1,2,2],7,28].
[[2,8,0,0,0,0,1,2,1],2,3].
[[3,8,0,0,0,0,1,2,1],4,11].
[[1,4,2,1,2,0,2,2,1],1,0].
[[2,4,2,1,2,0,2,2,1],13,0].
[[3,4,2,1,2,0,2,2,1],19,0].
[[2,9,2,1,2,2,2,1,1],14,17].
[[3,8,0,1,1,2,2,1,1],8,7].
[[1,8,0,1,2,2,2,2,2],86,49].
[[2,9,2,1,2,2,1,2,2],79,85].
[[2,8,1,0,0,0,2,3,1],91,14].
[[3,8,1,0,0,0,1,1,0],15,6].
[[2,4,2,1,2,0,0,0,0],22,4].
[[2,8,1,1,2,2,2,2,0],70,14].
[[2,8,1,1,1,2,2,3,0],44,3].
[[3,7,2,1,1,2,2,3,0],5,0].
[[1,5,0,0,0,0,2,2,0],6,0].
[[2,5,0,1,2,0,2,2,0],4,0].
[[3,7,1,0,0,0,2,2,0],7,1].
[[2,9,2,0,0,0,2,3,2],26,37].
[[3,9,2,0,0,0,1,1,1],3,1].
[[1,7,1,1,2,2,0,0,0],66,14].
[[3,3,1,1,1,2,0,0,0],4,0].
[[2,8,0,1,2,2,2,3,2],42,41].
[[3,6,1,0,0,0,0,0,0],2,0].
[[3,7,1,1,2,2,1,1,0],18,5].
[[3,8,1,0,0,0,2,2,1],16,6].
[[3,8,0,1,2,2,0,0,0],0,20].
[[3,7,2,1,2,2,1,2,2],34,5].
[[2,8,0,1,2,0,0,0,0],2,8].
[[3,8,0,1,2,0,0,0,0],1,12].
[[3,7,2,1,1,2,0,0,0],6,0].
[[1,9,2,0,0,0,1,1,2],32,23].
[[2,9,2,0,0,0,1,1,2],23,22].
[[1,8,0,0,0,0,2,3,2],17,12].
[[2,5,0,1,2,2,1,2,1],3,0].
[[3,5,0,1,2,2,1,2,1],13,0].
[[2,8,1,1,2,0,1,2,1],23,5].
[[3,7,1,1,2,2,1,2,1],59,7].
[[2,8,1,0,0,0,2,1,1],38,10].
[[3,8,1,1,2,0,2,1,1],18,3].
[[1,9,2,1,2,0,2,2,2],19,34].
[[3,7,1,1,1,0,2,2,2],3,3].
[[2,5,0,1,1,2,1,2,2],3,0].
[[3,5,0,1,1,2,1,2,2],7,0].
[[3,8,1,1,2,0,2,3,2],25,5].
[[3,8,1,1,2,2,2,3,2],66,4].
[[2,6,1,1,2,2,2,2,2],17,0].
[[3,3,1,1,2,2,2,2,2],15,0].
[[2,9,2,1,1,0,1,1,2],0,2].
[[3,9,2,1,1,0,1,1,2],1,8].
[[3,8,0,1,2,0,2,2,0],10,14].
[[2,8,1,1,1,2,2,1,1],24,3].
[[3,7,2,1,1,2,1,1,2],9,5].
[[2,9,2,1,2,0,1,1,2],11,6].
[[3,7,1,0,0,0,1,2,2],11,3].
[[3,4,2,1,2,0,1,1,1],23,0].
[[3,8,0,1,1,2,1,2,2],38,48].
[[2,8,0,0,0,0,2,2,1],11,9].
[[3,7,1,1,2,0,2,2,1],7,2].
[[3,7,0,1,2,2,1,1,2],3,3].
[[1,9,2,1,1,2,1,1,2],20,7].
[[1,8,1,0,0,0,1,1,2],15,1].
[[2,7,1,0,0,0,1,1,2],3,0].
[[3,7,1,1,2,2,1,1,2],24,3].
[[3,8,1,1,1,2,1,2,1],69,13].
[[2,7,1,1,1,2,2,2,2],12,3].
[[3,7,1,1,1,2,1,2,1],27,4].
[[2,8,0,0,0,0,2,3,1],19,7].
[[3,8,0,0,0,0,2,3,1],5,7].
[[2,9,2,1,1,2,2,1,1],8,3].
[[2,8,0,1,2,0,2,3,1],3,3].
[[3,8,0,1,1,0,2,3,1],1,3].
[[1,9,2,0,0,0,1,1,1],11,8].
[[2,8,0,1,2,0,1,1,1],0,1].
[[3,7,1,1,1,0,1,1,1],1,1].
[[3,7,1,1,2,0,1,1,1],5,4].
[[2,9,2,1,2,0,2,2,2],14,35].
[[3,8,0,1,1,2,2,2,1],12,8].
[[2,7,1,0,0,0,2,1,1],13,1].
[[3,7,1,0,0,0,2,1,1],10,2].
[[2,7,1,1,2,2,2,2,2],70,13].
[[3,7,1,1,1,2,2,2,0],26,4].
[[2,5,0,1,1,2,1,1,0],3,0].
[[3,5,0,1,1,2,1,2,0],20,1].
[[3,8,1,1,2,2,2,2,0],21,8].
[[2,7,2,1,2,0,2,2,2],18,3].
[[3,7,2,1,2,0,1,2,2],13,3].
[[2,6,1,1,1,2,2,1,1],1,0].
[[3,6,1,1,1,2,1,2,1],6,0].
[[2,8,1,0,0,0,1,2,0],49,7].
[[3,8,1,0,0,0,1,2,0],38,4].
[[1,8,1,1,2,0,2,3,1],14,3].
[[3,8,1,1,2,0,2,3,1],39,6].
[[1,4,2,1,2,0,2,2,2],18,1].
[[3,4,2,1,2,0,1,2,1],61,0].
[[1,9,2,1,2,2,1,1,1],11,2].
[[2,8,0,0,0,0,1,2,0],28,12].
[[3,8,0,1,2,0,1,2,0],28,20].
[[1,8,0,1,2,2,1,2,0],14,3].
[[2,7,1,1,2,2,1,2,1],14,4].
[[1,8,1,1,2,0,0,0,0],44,13].
[[2,8,1,1,2,0,2,2,0],21,2].
[[3,8,1,1,2,2,2,2,1],35,7].
[[2,8,0,1,2,2,1,1,1],3,3].
[[3,6,0,1,2,2,1,1,1],1,0].
[[3,7,1,1,1,0,2,3,2],2,1].
[[2,6,1,0,0,0,2,1,0],6,0].
[[3,3,1,0,0,0,2,1,0],1,0].
[[3,8,1,1,2,0,2,3,0],11,4].
[[3,9,2,1,1,2,2,2,2],13,26].
[[3,9,2,1,2,2,0,0,0],0,8].
[[2,7,1,0,0,0,2,3,2],17,3].
[[3,7,1,0,0,0,1,2,1],12,3].
[[2,8,0,1,1,2,1,2,2],22,8].
[[1,8,0,1,1,2,2,2,0],12,3].
[[3,6,1,1,2,2,1,2,1],6,0].
[[3,6,1,0,0,0,2,2,0],9,1].
[[3,6,1,1,2,0,2,1,0],4,0].
[[2,6,1,0,0,0,2,3,0],8,0].
[[3,3,2,0,0,0,2,3,2],5,0].
[[2,8,1,0,0,0,1,2,1],57,12].
[[3,8,1,0,0,0,1,2,1],26,11].
[[1,8,0,0,0,0,1,2,0],10,2].
[[3,9,2,1,2,0,1,1,2],6,14].
[[2,7,2,1,2,0,2,3,2],7,1].
[[3,7,2,1,1,0,2,3,2],2,1].
[[3,6,1,0,0,0,2,3,1],9,0].
[[2,6,1,1,2,2,2,3,2],9,0].
[[3,9,2,1,2,2,1,2,1],28,57].
[[3,5,0,1,2,2,1,1,1],13,1].
[[3,8,1,1,2,2,1,1,2],49,15].
[[2,8,1,1,2,2,1,1,0],26,11].
[[2,7,0,1,1,2,0,0,0],6,4].
[[3,8,0,1,1,2,0,0,0],0,24].
[[1,3,2,0,0,0,0,0,0],4,0].
[[3,3,2,1,2,0,0,0,0],7,0].
[[3,9,2,1,1,0,2,3,0],1,10].
[[2,5,0,0,0,0,1,1,2],12,0].
[[1,9,2,1,2,0,2,1,0],10,9].
[[2,8,0,1,2,0,2,1,0],3,8].
[[2,3,2,1,2,2,0,0,0],5,0].
[[3,3,2,1,2,2,0,0,0],7,0].
[[2,8,1,1,2,2,2,2,1],53,10].
[[3,7,1,1,2,2,2,2,1],31,10].
[[1,8,1,1,2,2,1,2,1],23,9].
[[3,8,1,1,2,2,1,1,1],25,8].
[[2,8,1,1,2,0,2,1,0],8,3].
[[3,8,1,1,2,2,2,1,0],10,2].
[[3,6,1,1,1,2,2,2,2],8,0].
[[3,7,2,1,2,0,0,0,0],3,2].
[[3,7,0,1,2,2,2,2,0],15,3].
[[3,8,0,1,2,0,2,3,2],16,9].
[[3,8,0,1,1,0,2,3,2],1,2].
[[1,7,2,1,2,2,2,3,2],11,0].
[[2,7,2,1,2,2,1,2,1],6,1].
[[3,7,1,1,1,0,0,0,0],0,3].
[[3,8,0,1,2,0,2,3,1],6,5].
[[3,8,0,1,2,0,2,3,0],16,25].
[[3,7,2,1,2,0,2,3,2],10,2].
[[2,6,1,1,2,2,2,2,1],7,0].
[[3,3,1,1,2,2,2,2,1],8,0].
[[1,8,1,1,2,2,2,1,0],47,8].
[[3,7,2,1,2,2,1,1,0],5,1].
[[1,8,0,1,2,2,2,3,2],29,25].
[[1,4,2,1,2,0,1,2,2],4,0].
[[2,4,2,1,2,0,1,2,2],31,0].
[[3,7,2,1,2,0,2,2,0],12,0].
[[3,7,1,0,0,0,2,2,2],32,5].
[[2,9,2,1,2,0,2,1,0],5,10].
[[2,7,0,1,1,2,2,2,2],3,2].
[[1,8,1,1,2,0,1,2,1],4,5].
[[2,8,1,1,2,0,1,1,1],4,6].
[[3,9,2,1,2,2,2,3,2],5,12].
[[1,8,1,1,1,2,1,2,1],5,1].
[[3,9,2,1,2,2,1,1,1],9,10].
[[1,8,1,1,2,0,1,1,1],0,1].
[[3,8,1,1,2,0,1,1,1],10,9].
[[2,7,1,1,2,0,2,2,0],4,0].
[[2,7,2,0,0,0,0,0,0],29,3].
[[3,7,2,1,2,0,2,1,0],3,0].
[[2,6,1,0,0,0,2,2,1],1,0].
[[2,6,0,0,0,0,0,0,0],5,3].
[[3,6,0,1,2,0,0,0,0],0,3].
[[3,7,1,1,1,2,2,3,0],32,8].
[[3,7,2,0,0,0,1,2,1],7,1].
[[3,5,0,1,2,0,1,1,2],15,1].
[[2,6,1,0,0,0,2,2,0],6,1].
[[3,6,1,0,0,0,2,3,2],9,0].
[[3,9,2,1,2,0,1,2,2],13,18].
[[3,5,0,1,1,2,1,2,1],10,2].
[[3,6,0,1,2,2,1,2,0],5,2].
[[1,8,0,1,1,2,1,2,2],7,2].
[[3,6,0,1,2,2,0,0,0],2,3].
[[1,8,1,1,2,2,1,1,2],11,5].
[[2,7,2,1,2,2,1,1,2],6,7].
[[3,6,0,1,2,2,2,3,0],11,3].
[[1,8,1,1,2,2,1,1,1],5,5].
[[2,8,1,1,2,2,1,1,1],14,7].
[[3,7,1,1,1,2,2,3,1],24,8].
[[1,8,0,0,0,0,2,1,0],15,13].
[[3,7,0,1,2,2,2,3,1],2,3].
[[1,9,2,1,1,2,2,3,1],39,13].
[[2,9,2,1,2,2,1,1,1],12,11].
[[3,7,0,1,2,2,0,0,0],10,15].
[[3,9,2,1,2,2,2,1,0],0,10].
[[2,7,1,0,0,0,1,2,0],7,1].
[[3,7,1,0,0,0,1,2,0],8,0].
[[2,9,2,1,2,0,2,3,2],7,12].
[[1,9,2,0,0,0,2,1,1],20,10].
[[1,7,1,1,2,2,2,2,1],3,2].
[[2,7,1,1,2,2,2,2,1],11,5].
[[3,5,0,1,2,2,1,1,0],14,7].
[[2,7,1,1,1,2,2,3,1],8,4].
[[2,7,2,1,1,2,2,2,2],13,0].
[[3,8,0,0,0,0,1,2,0],21,18].
[[2,8,1,1,2,0,2,3,2],30,6].
[[1,8,0,1,1,2,2,3,1],4,1].
[[2,8,1,1,2,2,1,1,2],33,9].
[[2,8,1,1,2,0,0,0,0],15,9].
[[3,9,2,1,1,2,2,1,1],7,6].
[[2,8,0,1,1,2,2,3,1],20,7].
[[3,6,1,0,0,0,1,1,0],3,1].
[[2,7,2,1,2,2,1,2,0],4,0].
[[3,7,2,1,1,2,1,2,0],4,0].
[[2,7,1,1,1,2,2,2,0],6,1].
[[2,6,1,1,2,0,2,3,1],5,0].
[[3,3,2,1,1,0,2,2,2],1,0].
[[2,6,0,1,2,2,2,2,2],4,0].
[[3,6,0,1,2,2,1,2,2],7,4].
[[3,4,2,1,2,0,2,3,1],26,0].
[[3,8,0,1,2,0,1,1,2],3,4].
[[2,8,1,1,1,2,2,1,0],14,4].
[[2,7,0,1,2,2,2,2,0],2,2].
[[3,8,1,0,0,0,2,3,0],3,3].
[[3,9,2,1,1,0,2,2,2],1,9].
[[2,9,2,1,1,2,0,0,0],5,14].
[[3,9,2,1,1,2,2,1,0],0,13].
[[3,5,0,1,2,2,2,2,0],18,0].
[[2,8,0,1,2,0,1,2,0],7,7].
[[3,3,1,1,1,2,2,2,2],5,1].
[[1,7,2,1,2,2,2,2,0],3,2].
[[2,7,2,1,1,2,2,2,0],2,0].
[[2,9,2,1,1,2,1,1,1],7,4].
[[3,7,1,1,1,2,0,0,0],9,3].
[[3,7,0,1,1,2,0,0,0],9,10].
[[3,8,1,0,0,0,2,1,1],9,5].
[[3,5,0,1,1,2,1,1,2],29,0].
[[3,7,0,1,2,0,2,3,0],2,2].
[[1,8,1,1,2,2,1,1,0],4,2].
[[2,7,1,1,2,2,1,1,0],3,1].
[[3,5,0,1,2,2,1,2,0],31,1].
[[3,8,0,1,1,2,2,1,0],4,19].
[[2,9,2,1,2,0,0,0,0],2,14].
[[3,9,2,1,1,0,0,0,0],0,3].
[[2,6,1,1,2,2,2,1,1],2,0].
[[3,6,1,1,2,2,2,1,1],9,0].
[[2,7,2,1,2,0,1,2,2],4,0].
[[3,7,2,1,1,0,1,2,2],3,1].
[[2,7,2,1,1,2,0,0,0],6,0].
[[3,6,0,1,2,2,2,3,2],2,1].
[[2,4,2,1,2,0,1,1,2],15,1].
[[3,8,0,0,0,0,2,3,2],6,10].
[[3,6,1,1,2,2,2,3,0],16,1].
[[1,8,1,0,0,0,1,2,2],33,6].
[[2,8,1,1,2,0,1,2,2],20,11].
[[2,8,0,0,0,0,1,1,0],5,6].
[[3,7,1,1,2,0,1,1,0],2,1].
[[2,7,1,1,2,0,0,0,0],12,4].
[[3,3,1,1,2,2,0,0,0],24,1].
[[3,8,0,0,0,0,2,2,0],12,14].
[[1,9,2,1,2,0,2,3,1],6,5].
[[2,9,2,1,1,0,1,2,0],1,10].
[[1,8,0,1,2,2,2,1,1],3,1].
[[3,7,0,1,2,2,2,1,1],3,0].
[[3,7,2,0,0,0,1,1,2],11,1].
[[3,8,0,1,2,2,1,1,2],28,20].
[[3,6,0,1,2,2,2,1,0],3,2].
[[3,7,2,0,0,0,2,2,2],23,4].
[[3,8,1,0,0,0,2,2,0],10,4].
[[2,8,0,1,2,0,1,2,2],8,3].
[[3,8,0,1,1,0,1,2,2],0,6].
[[2,8,1,1,1,2,0,0,0],21,5].
[[3,8,1,1,2,0,2,2,0],8,1].
[[2,6,0,1,2,2,2,3,1],1,1].
[[3,6,0,1,2,2,2,2,2],6,7].
[[3,6,1,1,2,2,1,2,2],8,0].
[[1,8,1,1,1,2,2,3,2],16,1].
[[2,8,1,0,0,0,1,1,2],17,7].
[[2,8,1,1,1,0,1,2,2],0,2].
[[3,7,1,1,1,0,1,2,2],0,1].
[[3,6,0,0,0,0,2,3,0],3,1].
[[3,3,2,1,2,2,2,2,2],3,0].
[[1,5,0,1,1,2,1,2,0],1,0].
[[2,5,0,1,1,2,1,2,0],3,0].
[[3,6,0,1,1,2,1,2,0],3,0].
[[1,8,1,0,0,0,1,1,0],16,4].
[[2,7,2,1,2,0,1,1,0],1,0].
[[1,8,1,1,1,2,1,2,0],5,0].
[[2,8,0,1,2,0,2,3,0],19,13].
[[1,5,0,1,2,2,2,2,0],5,0].
[[2,5,0,1,2,2,1,2,0],14,0].
[[2,6,0,1,1,2,2,2,2],2,1].
[[3,8,0,0,0,0,1,1,2],4,4].
[[3,8,0,1,2,2,2,1,1],6,8].
[[2,7,2,1,2,2,1,1,1],3,0].
[[2,8,0,1,1,2,1,1,2],10,8].
[[3,7,1,1,1,2,1,1,2],6,4].
[[2,7,1,0,0,0,2,2,1],11,1].
[[2,9,2,1,1,2,2,2,1],17,8].
[[3,8,1,1,1,0,1,1,0],4,4].
[[3,7,2,1,2,2,2,2,0],12,1].
[[3,5,0,1,2,2,1,2,2],10,0].
[[3,4,2,1,2,0,2,1,1],15,0].
[[3,7,2,1,2,2,2,3,1],14,2].
[[1,7,2,0,0,0,1,2,2],6,0].
[[2,7,2,0,0,0,1,2,2],12,0].
[[1,9,2,1,1,2,2,2,1],19,5].
[[3,7,0,1,1,2,2,3,2],5,3].
[[1,8,0,0,0,0,1,2,2],6,3].
[[2,6,0,1,2,2,1,2,2],0,1].
[[2,8,1,1,2,0,2,2,1],15,3].
[[3,6,1,1,2,0,2,2,1],2,0].
[[3,7,2,1,1,2,2,2,2],21,3].
[[3,6,1,1,2,2,2,2,1],11,0].
[[3,8,0,0,0,0,0,0,0],0,4].
[[2,8,1,1,2,0,1,1,2],16,1].
[[3,8,1,1,2,0,1,1,2],19,6].
[[2,9,2,1,1,0,1,2,1],2,2].
[[3,6,1,1,2,2,1,1,2],8,1].
[[3,8,1,0,0,0,1,1,1],13,4].
[[2,7,2,1,2,2,2,3,2],22,0].
[[2,7,0,0,0,0,2,3,0],2,1].
[[3,7,0,0,0,0,1,2,0],6,0].
[[3,8,0,0,0,0,1,2,2],6,16].
[[3,6,0,1,2,2,2,3,1],8,0].
[[2,7,2,1,1,2,2,3,2],1,0].
[[3,7,2,1,1,2,2,3,2],8,0].
[[1,6,1,0,0,0,2,3,1],5,0].
[[2,6,1,0,0,0,1,2,1],3,0].
[[3,6,1,0,0,0,1,2,1],3,0].
[[2,8,1,1,2,0,2,1,1],18,5].
[[3,7,2,0,0,0,2,3,2],11,0].
[[1,9,2,1,2,0,2,2,1],2,6].
[[2,9,2,1,2,0,2,2,1],3,10].
[[3,9,2,1,2,0,1,1,1],1,4].
[[3,9,2,1,2,2,2,3,1],5,8].
[[1,8,1,0,0,0,1,2,1],27,7].
[[3,5,0,0,0,0,1,1,1],2,0].
[[2,7,1,1,2,0,2,2,2],11,0].
[[3,3,1,1,2,0,2,2,2],4,0].
[[3,8,0,1,1,0,1,1,0],1,3].
[[1,8,0,1,2,2,1,1,0],3,2].
[[3,8,0,1,1,2,2,3,1],18,16].
[[3,8,1,1,1,0,1,1,2],6,2].
[[2,9,2,0,0,0,2,2,1],9,7].
[[2,9,2,1,2,0,1,1,1],2,3].
[[2,7,2,0,0,0,2,3,1],9,0].
[[3,3,2,0,0,0,2,3,1],2,0].
[[3,6,1,1,2,0,1,2,2],5,1].
[[3,7,1,0,0,0,2,1,0],11,3].
[[2,6,0,1,2,2,2,3,2],2,1].
[[3,8,1,0,0,0,2,3,2],24,3].
[[1,9,2,1,1,2,2,1,1],8,0].
[[3,7,2,1,1,2,1,2,2],7,1].
[[2,8,0,1,2,0,2,2,0],12,6].
[[2,6,1,1,2,2,2,3,1],11,0].
[[3,6,1,1,2,2,1,2,0],11,0].
[[3,7,2,1,2,2,1,1,2],14,6].
[[3,8,1,1,1,0,1,2,1],13,8].
[[2,8,1,1,2,0,1,1,0],7,5].
[[3,8,1,1,1,0,2,2,0],1,1].
[[3,6,1,1,1,2,2,3,2],6,0].
[[2,7,1,0,0,0,1,2,1],6,1].
[[1,6,0,1,2,2,2,2,1],1,1].
[[2,6,0,1,1,2,2,2,1],1,0].
[[3,6,0,1,1,2,1,1,1],1,0].
[[1,5,0,1,1,2,1,1,2],2,0].
[[2,5,0,1,1,2,1,1,2],11,0].
[[3,8,1,1,1,2,1,1,2],27,7].
[[1,7,2,1,2,2,1,2,2],3,3].
[[3,8,1,1,1,2,0,0,0],0,2].
[[3,7,2,1,1,0,0,0,0],1,3].
[[1,7,1,1,2,2,2,3,2],6,0].
[[2,7,1,1,1,2,2,3,2],3,1].
[[3,8,1,1,1,2,2,2,1],15,3].
[[3,7,0,0,0,0,2,3,1],2,1].
[[1,7,2,0,0,0,2,2,0],5,1].
[[2,5,0,1,2,2,1,1,1],5,1].
[[2,8,0,1,2,0,2,2,1],1,1].
[[3,9,2,1,2,0,2,3,2],0,5].
[[3,6,1,1,2,0,1,2,1],7,0].
[[2,5,0,1,1,2,1,2,1],3,0].
[[1,9,2,1,1,2,1,1,1],4,1].
[[2,8,0,1,1,2,1,1,1],3,3].
[[3,7,2,1,2,2,2,2,1],5,0].
[[2,8,0,1,2,2,1,2,1],11,10].
[[1,8,1,1,2,0,2,2,0],8,5].
[[1,8,1,1,2,0,2,2,1],2,2].
[[2,6,1,1,1,2,1,2,0],1,0].
[[3,3,1,1,1,2,1,2,0],1,0].
[[2,5,0,1,1,2,1,1,1],6,0].
[[3,7,2,1,1,0,2,2,2],3,9].
[[3,6,1,1,2,0,2,3,2],5,1].
[[3,7,1,1,2,0,1,2,1],6,0].
[[3,3,2,1,2,0,1,2,2],2,0].
[[3,7,1,1,1,2,1,1,1],9,1].
[[1,6,1,1,2,2,0,0,0],26,1].
[[3,7,0,1,1,2,2,3,1],5,2].
[[2,8,1,1,1,0,2,3,1],3,2].
[[3,6,1,1,1,0,2,3,1],0,1].
[[2,7,2,1,2,0,1,1,2],2,1].
[[3,9,2,1,2,0,2,3,0],2,22].
[[3,5,0,0,0,0,1,1,0],4,0].
[[3,8,1,1,1,0,2,3,2],3,4].
[[3,6,0,1,1,2,2,3,1],3,1].
[[1,7,1,0,0,0,1,2,2],1,0].
[[2,7,1,0,0,0,1,2,2],5,0].
[[2,8,1,0,0,0,1,1,0],9,9].
[[1,7,1,0,0,0,2,3,0],5,2].
[[3,4,2,1,2,0,0,0,0],12,6].
[[1,8,1,1,1,2,2,3,0],15,1].
[[2,4,2,1,2,0,2,1,1],5,0].
[[2,7,0,1,2,2,0,0,0],3,5].
[[1,6,0,0,0,0,2,2,2],1,0].
[[2,3,1,0,0,0,2,2,2],3,0].
[[3,3,1,1,2,2,1,1,2],1,1].
[[3,5,0,0,0,0,1,2,2],1,1].
[[3,7,0,0,0,0,2,2,0],3,2].
[[2,9,2,0,0,0,2,1,1],9,4].
[[3,8,0,1,2,0,2,1,1],3,3].
[[3,3,2,1,2,2,2,3,1],1,0].
[[1,8,1,1,1,2,2,2,0],2,2].
[[3,6,0,1,1,2,2,3,0],6,4].
[[2,7,2,1,2,0,0,0,0],12,3].
[[3,7,2,1,1,0,2,3,0],2,2].
[[3,6,0,1,1,2,2,2,2],5,6].
[[3,3,1,1,2,0,0,0,0],3,0].
[[2,8,0,1,1,2,2,1,1],6,1].
[[3,6,0,0,0,0,2,2,0],0,1].
[[2,6,1,0,0,0,2,3,2],9,1].
[[1,8,1,1,1,2,1,1,1],2,2].
[[2,8,1,1,1,2,1,1,1],7,4].
[[3,9,2,1,2,0,2,2,0],2,6].
[[2,7,1,0,0,0,2,1,0],4,1].
[[3,7,1,1,2,0,2,1,0],8,1].
[[3,8,1,0,0,0,2,1,0],2,2].
[[3,7,0,1,2,2,1,2,2],4,2].
[[1,4,2,1,2,0,2,3,1],6,0].
[[1,6,1,1,2,2,2,3,1],4,0].
[[3,7,1,1,2,0,2,1,1],12,2].
[[2,8,0,1,2,2,2,2,1],16,12].
[[1,9,2,1,1,2,1,1,0],9,6].
[[1,8,0,0,0,0,1,1,0],1,2].
[[2,7,0,0,0,0,0,0,0],5,2].
[[2,4,2,1,2,0,2,2,0],33,0].
[[3,7,0,1,1,2,2,2,2],16,5].
[[2,6,1,0,0,0,2,3,1],8,0].
[[3,2,1,0,0,0,2,3,1],1,0].
[[3,7,2,0,0,0,2,2,0],2,0].
[[3,7,2,1,2,0,1,2,0],6,0].
[[3,7,2,1,2,0,2,2,1],1,1].
[[3,8,0,1,1,0,2,2,0],1,3].
[[1,7,1,1,2,2,2,2,2],15,3].
[[2,3,1,1,2,2,2,2,2],3,1].
[[3,6,1,0,0,0,2,2,1],3,0].
[[1,8,0,1,1,2,1,2,0],5,0].
[[1,4,2,1,2,0,0,0,0],9,1].
[[2,5,0,0,0,0,1,2,2],1,0].
[[3,5,0,1,2,0,1,2,2],5,1].
[[3,7,0,1,2,2,1,2,0],11,2].
[[3,7,2,0,0,0,1,2,2],11,1].
[[3,8,1,1,2,0,2,1,0],3,0].
[[1,7,1,1,2,2,2,3,0],6,0].
[[3,8,0,1,1,0,2,1,0],0,2].
[[1,7,1,1,2,2,2,3,1],7,0].
[[2,8,1,1,1,0,2,2,2],3,3].
[[2,8,1,1,1,2,1,1,0],7,3].
[[2,7,1,1,2,0,2,3,0],3,3].
[[3,7,1,1,1,0,2,3,0],4,0].
[[1,8,1,1,1,2,2,2,1],3,1].
[[2,7,1,0,0,0,2,2,2],34,4].
[[3,5,0,1,2,0,1,2,0],8,2].
[[1,7,1,0,0,0,2,1,1],5,0].
[[2,7,1,1,2,0,2,1,1],2,1].
[[2,7,1,1,1,2,2,2,1],4,0].
[[2,7,1,1,2,2,2,1,1],18,0].
[[3,7,1,0,0,0,2,3,1],17,2].
[[1,8,1,1,2,0,2,3,2],18,2].
[[3,7,1,1,2,0,0,0,0],5,5].
[[1,6,1,1,2,2,2,2,2],1,0].
[[2,6,1,1,2,2,1,1,2],1,0].
[[2,8,0,1,1,2,1,1,0],8,3].
[[3,8,0,1,1,0,2,2,2],1,12].
[[2,3,2,1,2,2,2,2,0],1,0].
[[3,3,2,1,2,2,1,2,0],2,0].
[[2,7,1,1,2,0,2,3,1],6,1].
[[3,7,1,1,1,0,1,2,1],2,2].
[[1,6,0,0,0,0,0,0,0],1,1].
[[2,8,1,1,1,2,2,2,1],14,1].
[[2,8,1,1,1,0,2,3,2],1,3].
[[2,7,0,1,2,2,2,1,0],1,1].
[[3,7,0,1,2,2,2,1,0],4,6].
[[3,7,0,1,1,2,2,2,0],11,4].
[[2,8,1,1,1,2,1,1,2],13,2].
[[3,6,1,1,2,0,1,2,0],3,0].
[[2,7,0,0,0,0,2,1,0],1,0].
[[2,6,0,1,2,2,2,2,1],3,1].
[[3,6,0,1,2,2,2,2,1],2,2].
[[2,7,1,1,2,2,2,1,0],7,4].
[[3,6,1,1,2,0,0,0,0],2,2].
[[1,4,2,1,2,0,1,1,0],6,0].
[[2,4,2,1,2,0,1,1,0],15,0].
[[2,7,1,1,2,0,2,2,1],2,1].
[[3,7,1,1,1,0,2,2,1],1,0].
[[3,8,0,1,1,0,1,2,1],1,5].
[[2,7,2,1,2,2,1,2,2],14,2].
[[1,6,0,1,2,2,2,2,2],0,1].
[[2,7,2,0,0,0,1,2,0],2,0].
[[2,5,0,1,2,2,2,2,0],11,1].
[[3,3,2,1,2,0,2,3,0],2,0].
[[1,7,2,1,2,0,2,2,2],3,0].
[[3,9,2,1,1,2,2,2,1],1,4].
[[3,9,2,1,1,2,0,0,0],0,2].
[[3,6,0,1,1,2,2,2,0],1,0].
[[3,8,0,1,2,2,1,1,1],8,10].
[[1,7,2,1,2,2,2,2,1],4,1].
[[2,7,2,1,1,2,2,2,1],0,1].
[[3,7,2,1,1,2,2,2,1],1,1].
[[3,9,2,1,2,0,1,1,0],3,19].
[[3,7,2,0,0,0,1,1,1],1,0].
[[1,7,2,0,0,0,2,3,2],12,2].
[[2,7,2,0,0,0,1,2,1],4,1].
[[3,3,2,0,0,0,1,2,1],1,0].
[[3,7,2,1,1,0,2,2,0],2,0].
[[3,9,2,1,2,2,2,1,1],3,8].
[[2,7,2,1,1,0,1,2,2],2,0].
[[3,7,1,1,2,0,1,2,0],10,3].
[[3,9,2,0,0,0,2,1,0],0,3].
[[2,6,0,0,0,0,2,2,2],0,1].
[[3,6,0,0,0,0,2,2,2],2,1].
[[3,9,2,1,1,0,2,1,0],0,2].
[[3,6,0,1,1,2,2,1,0],0,2].
[[3,7,2,0,0,0,0,0,0],8,0].
[[3,7,1,1,1,0,1,1,0],1,1].
[[2,6,1,1,2,0,0,0,0],7,3].
[[3,6,1,1,2,0,2,3,1],5,1].
[[3,8,1,1,1,2,2,1,0],9,1].
[[1,8,0,1,1,2,2,3,2],9,3].
[[2,7,1,1,1,2,2,3,0],11,0].
[[2,3,1,1,2,2,0,0,0],9,0].
[[3,3,1,1,2,2,2,1,0],2,0].
[[3,9,2,0,0,0,1,1,0],7,15].
[[3,7,0,0,0,0,2,2,2],6,2].
[[1,8,0,1,2,2,1,2,1],1,1].
[[3,2,1,0,0,0,2,3,0],1,0].
[[3,8,1,1,1,0,2,3,0],1,2].
[[3,6,1,0,0,0,2,3,0],4,1].
[[3,7,1,1,2,0,1,1,2],9,2].
[[3,4,0,1,2,0,1,2,0],0,2].
[[3,3,1,1,1,2,2,3,2],4,0].
[[2,7,0,1,2,2,2,3,0],7,1].
[[2,7,2,1,2,0,2,2,0],4,0].
[[2,7,1,0,0,0,1,1,1],2,2].
[[1,7,1,0,0,0,2,3,2],6,0].
[[3,7,1,1,2,0,1,2,2],13,3].
[[2,4,2,1,2,0,1,2,1],7,0].
[[1,7,2,1,2,2,2,3,1],2,0].
[[3,9,2,1,1,0,2,2,0],1,5].
[[3,7,0,1,1,2,1,1,0],3,0].
[[2,4,2,1,2,0,1,1,1],3,0].
[[3,7,2,1,2,2,2,1,0],3,1].
[[2,6,1,1,2,2,2,3,0],13,0].
[[3,3,1,1,2,2,2,3,0],7,0].
[[2,7,2,0,0,0,2,2,0],7,1].
[[2,9,2,1,1,0,2,3,1],2,2].
[[3,7,2,0,0,0,2,3,1],3,0].
[[3,6,1,1,1,0,0,0,0],1,0].
[[1,4,2,1,2,0,2,1,0],5,0].
[[3,7,0,1,1,2,2,1,0],1,4].
[[3,3,1,0,0,0,1,2,1],2,0].
[[1,8,1,1,1,2,1,2,2],3,1].
[[2,7,1,1,1,2,1,2,2],4,1].
[[3,3,1,1,1,2,1,2,2],2,0].
[[3,8,0,1,2,0,2,2,1],5,4].
[[1,8,1,1,1,2,1,1,0],2,0].
[[3,8,0,0,0,0,2,1,1],2,2].
[[3,3,1,1,2,2,2,1,1],5,0].
[[3,6,1,1,2,2,1,1,0],2,0].
[[3,8,0,1,1,0,1,1,2],2,0].
[[1,5,0,0,0,0,1,1,2],4,0].
[[3,3,1,1,2,2,1,2,2],3,0].
[[1,4,2,1,2,0,2,2,0],13,0].
[[3,5,0,1,2,0,1,2,1],3,0].
[[3,9,2,1,2,2,2,2,1],1,7].
[[3,7,2,1,1,2,1,1,1],3,0].
[[2,7,0,1,2,2,2,2,2],8,2].
[[3,6,1,1,1,2,2,2,0],1,0].
[[1,5,0,0,0,0,1,1,1],1,0].
[[2,5,0,0,0,0,1,1,1],3,1].
[[1,4,2,1,2,0,1,1,2],2,0].
[[1,7,2,0,0,0,2,3,0],4,0].
[[3,9,2,0,0,0,2,2,1],0,2].
[[2,3,1,1,2,2,2,3,0],2,0].
[[2,8,1,1,1,0,1,2,1],4,1].
[[2,7,0,0,0,0,2,2,2],3,2].
[[2,6,0,1,1,2,1,2,2],1,1].
[[3,6,0,1,1,2,1,2,2],2,1].
[[3,8,0,1,2,0,1,1,1],1,1].
[[3,9,2,1,1,0,1,1,0],1,10].
[[3,3,2,1,1,2,2,2,2],3,0].
[[2,7,1,1,2,2,1,1,1],4,1].
[[3,7,0,1,2,0,2,2,0],3,1].
[[1,7,2,1,2,0,2,3,2],2,0].
[[3,7,2,1,2,2,1,2,1],9,1].
[[3,8,1,1,1,0,2,3,1],6,9].
[[2,8,1,1,1,0,2,2,0],2,2].
[[3,4,0,1,2,0,1,1,0],0,3].
[[3,7,0,1,2,0,0,0,0],2,2].
[[2,3,2,0,0,0,2,2,2],3,0].
[[3,3,2,1,2,0,2,2,2],6,0].
[[3,9,2,1,1,0,2,3,1],2,0].
[[2,5,0,1,2,2,1,1,0],5,1].
[[1,7,2,1,2,2,2,3,0],1,0].
[[1,6,1,1,2,2,2,3,0],0,1].
[[2,9,2,1,1,0,2,2,2],0,9].
[[3,6,0,1,2,2,1,1,0],4,0].
[[1,7,2,0,0,0,2,2,1],3,0].
[[2,9,2,1,1,0,2,3,0],1,7].
[[2,3,1,0,0,0,0,0,0],8,0].
[[2,8,0,1,2,0,1,2,1],2,0].
[[2,6,1,1,1,2,0,0,0],2,0].
[[3,6,1,0,0,0,1,2,2],2,2].
[[3,3,2,1,2,2,2,3,2],4,0].
[[3,7,1,0,0,0,0,0,0],5,3].
[[3,9,2,1,1,2,2,3,1],5,8].
[[3,7,0,1,2,2,2,3,2],4,4].
[[2,8,1,1,1,0,2,1,1],1,2].
[[3,1,2,1,2,0,1,2,0],2,0].
[[2,8,0,1,2,0,2,1,1],1,1].
[[3,3,1,0,0,0,2,3,1],3,0].
[[2,7,2,1,2,0,2,1,0],1,0].
[[2,6,1,1,1,2,2,3,0],2,0].
[[1,6,1,1,2,2,2,1,0],1,0].
[[2,6,1,1,2,2,2,1,0],5,0].
[[1,7,1,0,0,0,2,2,1],3,0].
[[3,9,2,0,0,0,2,2,2],4,11].
[[1,7,1,0,0,0,2,2,2],8,3].
[[3,6,0,1,2,0,2,3,0],1,0].
[[3,7,0,1,2,0,2,3,1],2,0].
[[3,7,1,1,1,0,2,2,0],1,2].
[[3,7,0,1,2,2,2,2,1],4,0].
[[2,3,1,1,2,2,2,2,1],2,0].
[[3,3,1,1,2,2,1,2,1],1,0].
[[3,3,1,0,0,0,0,0,0],4,0].
[[1,8,0,0,0,0,1,1,2],4,0].
[[2,6,0,1,2,2,2,3,0],4,0].
[[2,9,2,1,1,0,2,2,0],0,3].
[[2,7,2,1,2,0,1,2,1],1,0].
[[3,7,2,1,2,0,1,2,1],7,1].
[[1,7,1,1,2,2,2,2,0],5,0].
[[3,3,2,1,2,0,2,3,2],6,0].
[[3,3,2,1,1,2,0,0,0],1,0].
[[2,9,2,1,2,0,2,1,1],0,2].
[[1,8,0,0,0,0,2,1,1],3,2].
[[2,8,0,0,0,0,2,1,1],5,4].
[[2,6,0,1,2,2,2,2,0],3,1].
[[3,3,1,1,2,2,2,2,0],3,1].
[[1,8,0,0,0,0,2,2,1],3,3].
[[3,3,2,1,2,0,2,2,0],1,0].
[[2,7,2,1,2,2,2,1,0],4,0].
[[2,3,2,1,2,0,2,3,0],1,0].
[[3,7,2,1,2,0,1,1,0],2,0].
[[3,7,0,1,2,2,1,2,1],3,3].
[[3,7,2,0,0,0,2,3,0],9,0].
[[3,3,2,1,2,2,1,2,1],1,0].
[[3,8,1,1,2,2,0,0,0],0,2].
[[3,6,1,1,2,2,0,0,0],4,2].
[[2,6,0,1,1,2,2,3,1],0,1].
[[3,6,0,1,1,2,1,2,1],0,1].
[[3,8,0,0,0,0,2,2,1],6,3].
[[3,7,1,0,0,0,1,1,0],2,4].
[[3,7,1,1,1,0,2,3,1],3,1].
[[2,7,2,1,2,0,2,3,1],4,1].
[[3,8,1,1,1,0,2,1,1],3,4].
[[3,6,1,1,1,2,2,3,0],4,0].
[[3,9,2,1,1,0,2,2,1],0,2].
[[3,6,1,1,1,2,1,1,0],1,0].
[[2,5,0,1,2,2,1,2,2],3,0].
[[3,6,1,1,1,2,2,1,1],4,0].
[[2,7,1,1,2,2,1,1,2],5,1].
[[3,8,0,1,1,0,0,0,0],0,4].
[[1,9,2,1,2,0,1,1,1],1,1].
[[2,3,2,1,2,2,2,2,1],2,0].
[[3,3,2,1,2,2,2,2,1],3,0].
[[3,8,1,1,1,0,2,2,1],2,3].
[[3,6,0,0,0,0,0,0,0],0,1].
[[2,7,1,1,2,0,1,2,1],2,0].
[[3,3,1,0,0,0,2,3,2],4,0].
[[3,6,1,0,0,0,2,1,1],4,0].
[[2,7,1,1,2,0,1,2,2],1,1].
[[3,7,0,1,2,0,1,2,0],3,2].
[[3,9,2,0,0,0,2,1,1],2,1].
[[3,6,1,0,0,0,2,1,0],1,0].
[[3,8,0,1,1,0,2,3,0],0,3].
[[3,7,0,0,0,0,1,1,0],2,0].
[[3,7,0,1,2,0,1,2,2],3,1].
[[3,2,1,1,2,0,2,3,2],1,0].
[[2,7,2,1,2,0,1,2,0],1,0].
[[3,3,1,1,2,0,2,2,0],2,0].
[[2,7,2,1,2,0,2,2,1],3,0].
[[3,7,2,1,1,0,2,2,1],1,0].
[[2,6,1,0,0,0,1,2,2],1,0].
[[2,7,0,0,0,0,2,2,0],1,0].
[[2,8,0,0,0,0,1,1,2],4,0].
[[1,9,2,1,2,0,2,1,1],0,3].
[[2,9,2,1,1,0,1,1,1],0,1].
[[3,8,0,1,1,0,1,1,1],0,2].
[[3,7,2,1,1,0,1,2,1],2,1].
[[3,4,0,1,2,0,2,3,0],0,1].
[[1,8,1,1,1,2,2,1,0],7,0].
[[2,6,1,1,2,0,2,1,1],1,0].
[[2,7,2,0,0,0,2,3,0],7,0].
[[2,7,2,1,1,0,2,2,2],2,0].
[[3,7,2,1,1,0,1,2,0],1,0].
[[3,6,1,1,2,2,1,1,1],1,3].
[[2,7,2,1,1,0,2,3,0],1,1].
[[2,7,2,1,1,2,1,2,1],1,0].
[[3,7,2,1,1,0,1,1,1],1,0].
[[1,3,2,0,0,0,2,3,1],1,0].
[[2,3,2,0,0,0,2,3,1],1,0].
[[3,3,2,1,2,0,1,2,1],1,0].
[[1,6,1,0,0,0,2,1,0],3,0].
[[2,5,0,1,1,2,2,2,0],5,0].
[[3,3,2,0,0,0,2,2,0],2,0].
[[1,8,1,1,2,0,1,1,2],5,0].
[[2,8,1,1,1,0,1,1,2],1,1].
[[3,7,2,1,2,0,2,3,1],4,0].
[[3,3,0,1,1,2,0,0,0],0,1].
[[2,6,1,1,2,0,2,3,2],3,0].
[[3,3,1,1,2,0,2,3,2],2,0].
[[1,7,1,0,0,0,2,3,1],5,0].
[[1,4,2,1,2,0,1,1,1],3,0].
[[1,6,1,0,0,0,2,3,2],3,0].
[[2,6,1,0,0,0,2,1,1],6,0].
[[3,9,2,0,0,0,2,3,2],0,3].
[[2,7,2,1,1,2,1,2,2],0,1].
[[3,7,0,1,1,2,1,2,2],2,0].
[[2,8,0,0,0,0,1,1,1],4,0].
[[1,2,1,0,0,0,0,0,0],1,0].
[[2,2,1,0,0,0,0,0,0],2,0].
[[3,2,1,0,0,0,2,2,2],2,0].
[[3,3,1,1,2,2,2,3,2],6,0].
[[3,3,2,0,0,0,0,0,0],3,0].
[[2,7,2,0,0,0,2,2,1],4,0].
[[3,3,1,1,2,0,2,3,1],2,0].
[[3,7,2,0,0,0,1,2,0],4,0].
[[2,7,0,1,2,2,2,3,2],1,0].
[[1,8,0,1,1,2,2,1,1],2,0].
[[2,6,0,1,1,2,2,3,2],0,1].
[[3,6,0,1,1,2,2,3,2],1,2].
[[3,7,2,1,1,2,2,1,0],2,0].
[[3,5,0,1,1,2,2,2,0],9,0].
[[3,2,0,1,2,2,0,0,0],1,0].
[[1,1,2,1,2,0,1,1,2],1,0].
[[2,1,2,1,2,0,1,1,2],2,0].
[[3,1,2,1,2,0,1,1,2],4,0].
[[2,5,0,1,2,0,1,1,1],0,1].
[[3,5,0,1,1,0,1,1,1],3,1].
[[3,7,0,1,1,2,1,1,2],1,0].
[[3,3,1,1,2,0,1,1,2],1,0].
[[1,7,1,1,2,2,1,1,1],1,1].
[[1,6,1,0,0,0,2,2,1],4,0].
[[3,7,2,0,0,0,2,2,1],2,0].
[[1,9,2,1,2,0,1,2,1],3,4].
[[2,7,0,1,2,2,2,3,1],2,0].
[[2,7,0,1,1,2,1,1,0],1,0].
[[1,8,0,1,1,2,1,1,2],1,0].
[[1,7,1,0,0,0,1,2,1],1,0].
[[3,9,2,1,1,0,2,3,2],0,3].
[[1,7,2,1,2,0,0,0,0],7,0].
[[3,9,2,1,2,0,2,1,1],0,5].
[[1,5,0,1,1,2,1,1,1],1,0].
[[3,3,1,1,1,2,2,3,1],2,1].
[[2,6,0,1,2,2,2,1,0],5,1].
[[3,6,1,1,1,0,2,2,0],2,0].
[[2,7,1,1,2,0,1,1,2],1,0].
[[3,7,0,1,2,0,1,1,2],1,0].
[[3,6,0,0,0,0,2,3,2],2,0].
[[3,3,1,1,2,0,2,1,0],1,0].
[[3,3,1,0,0,0,2,2,2],3,0].
[[3,3,1,1,1,2,2,2,0],2,0].
[[3,6,1,1,2,0,1,1,2],2,0].
[[2,7,0,1,1,2,2,2,0],3,0].
[[1,7,2,0,0,0,2,3,1],3,1].
[[3,6,1,0,0,0,1,2,0],1,0].
[[1,8,0,1,1,2,2,1,0],4,2].
[[2,7,1,1,1,2,2,1,0],3,0].
[[1,7,2,1,2,0,2,3,1],1,0].
[[2,7,2,0,0,0,2,1,0],2,0].
[[3,3,2,0,0,0,2,1,0],1,0].
[[2,7,0,0,0,0,1,2,0],1,0].
[[1,6,1,0,0,0,2,3,0],5,0].
[[2,5,0,1,2,0,1,2,0],2,0].
[[1,6,1,1,2,2,2,3,2],1,0].
[[2,6,1,1,1,2,2,3,2],3,0].
[[1,8,0,1,1,2,1,2,1],1,0].
[[2,7,1,1,1,2,1,2,1],1,0].
[[2,6,1,1,2,2,1,2,2],1,0].
[[3,3,2,1,2,2,1,2,2],2,0].
[[3,6,1,1,1,2,0,0,0],1,0].
[[1,8,1,1,1,2,1,1,2],1,0].
[[2,6,1,1,2,0,1,2,1],0,1].
[[3,6,1,1,1,0,1,2,1],0,1].
[[3,5,0,1,1,2,1,1,0],2,0].
[[1,6,1,0,0,0,2,1,1],1,0].
[[3,7,2,1,1,2,1,1,0],1,0].
[[1,3,2,0,0,0,2,2,2],1,0].
[[2,3,2,1,2,2,2,2,2],1,0].
[[2,6,1,1,2,0,2,2,0],2,0].
[[2,8,1,1,1,0,2,3,0],0,1].
[[2,7,1,0,0,0,1,1,0],1,0].
[[2,6,0,0,0,0,2,3,2],3,0].
[[3,6,0,0,0,0,1,2,2],1,0].
[[3,6,1,0,0,0,1,1,2],2,0].
[[2,6,1,1,2,2,1,2,0],3,0].
[[2,7,2,1,1,2,1,1,2],3,0].
[[2,6,1,1,1,2,2,3,1],1,0].
[[2,7,0,1,2,2,1,2,0],1,0].
[[3,6,1,1,2,0,2,1,1],2,0].
[[3,9,2,0,0,0,2,3,1],3,0].
[[2,8,0,1,2,0,1,1,2],1,2].
[[2,6,1,1,2,2,1,2,1],0,2].
[[3,6,0,1,1,2,2,2,1],0,2].
[[3,6,0,1,2,0,2,3,2],1,0].
[[2,9,2,1,1,0,2,1,0],1,1].
[[3,7,2,0,0,0,2,1,0],2,0].
[[1,7,1,0,0,0,2,1,0],2,0].
[[2,7,1,1,2,0,2,1,0],4,2].
[[3,3,1,1,2,0,1,2,2],2,0].
[[3,3,2,1,2,2,2,2,0],1,0].
[[3,3,1,0,0,0,1,2,0],1,0].
[[2,5,0,1,1,0,1,1,2],2,0].
[[3,3,2,1,2,2,2,3,0],1,0].
[[3,7,1,1,1,0,1,2,0],2,0].
[[3,9,2,1,1,0,1,1,1],0,1].
[[3,7,0,0,0,0,1,2,2],2,0].
[[2,2,1,1,2,2,0,0,0],2,0].
[[3,2,1,1,2,2,2,3,0],1,0].
[[2,6,1,0,0,0,1,2,0],1,0].
[[3,3,2,1,2,0,1,2,0],1,0].
[[2,6,1,1,1,2,2,1,0],1,0].
[[3,3,1,1,1,2,2,1,0],1,0].
[[3,6,0,1,1,2,1,1,2],1,0].
[[1,6,1,1,2,2,1,2,1],0,1].
[[1,3,2,0,0,0,2,3,2],2,0].
[[2,3,2,0,0,0,2,3,2],1,0].
[[3,6,1,1,1,0,2,3,2],1,0].
[[1,8,1,1,2,0,1,2,0],0,1].
[[2,8,1,1,1,0,1,2,0],0,2].
[[3,3,2,0,0,0,2,2,2],3,0].
[[3,6,1,1,1,2,1,2,2],3,0].
[[3,6,0,1,2,2,1,2,1],2,0].
[[2,3,1,1,2,2,2,3,2],1,0].
[[3,6,1,1,1,2,1,2,0],2,0].
[[2,6,1,0,0,0,1,1,0],2,0].
[[3,6,1,1,2,0,1,1,0],1,0].
[[3,7,2,1,1,0,1,1,2],2,1].
[[1,7,2,0,0,0,2,1,0],1,0].
[[1,6,1,0,0,0,1,2,1],0,1].
[[2,6,1,0,0,0,1,1,1],0,1].
[[1,7,1,0,0,0,2,2,0],3,0].
[[1,5,0,1,2,2,1,1,1],1,0].
[[2,1,2,1,2,0,1,2,0],1,0].
[[3,7,0,0,0,0,2,2,1],1,0].
[[1,7,1,1,2,2,2,1,1],2,0].
[[3,7,0,1,1,2,2,2,1],4,0].
[[3,6,0,1,2,0,2,3,1],1,0].
[[2,5,0,1,2,0,1,2,2],1,0].
[[3,7,1,1,1,0,1,1,2],0,1].
[[3,6,1,1,2,0,2,2,0],3,0].
[[3,7,2,1,1,0,1,1,0],0,1].
[[1,7,2,1,2,0,2,2,1],1,0].
[[2,3,2,1,2,2,1,2,2],1,0].
[[3,6,0,1,2,0,2,2,2],1,0].
[[1,8,0,1,2,2,1,1,1],0,2].
[[2,6,1,1,2,0,2,2,1],1,0].
[[1,7,2,0,0,0,1,1,0],1,0].
[[2,7,2,1,2,2,1,1,0],1,1].
[[1,7,1,1,2,2,1,2,1],2,0].
[[3,7,1,0,0,0,1,1,2],1,0].
[[2,8,1,1,1,0,2,2,1],1,0].
[[3,6,1,1,1,0,2,2,1],1,0].
[[3,6,1,1,1,2,2,1,0],1,0].
[[3,1,2,1,2,0,2,2,0],1,0].
[[3,7,1,1,1,0,2,1,1],2,0].
[[1,5,0,1,1,2,1,2,1],1,0].
[[2,5,0,0,0,0,1,2,0],2,0].
[[2,7,0,1,1,2,2,1,0],1,0].
[[2,9,2,1,1,0,2,3,2],0,2].
[[3,6,0,0,0,0,1,2,0],1,0].
[[1,5,0,0,0,0,1,2,0],2,0].
[[3,2,1,1,2,2,2,2,2],1,0].
[[3,8,0,1,1,0,2,1,1],0,2].
[[2,7,1,1,1,2,1,1,0],1,0].
[[1,7,1,1,2,2,2,1,0],1,0].
[[3,5,0,1,1,0,1,2,1],0,1].
[[2,7,0,1,1,2,2,3,2],1,0].
[[3,3,1,1,2,0,2,3,0],2,0].
[[3,3,1,1,2,2,1,1,0],1,0].
[[3,3,2,1,2,2,1,1,2],2,0].
[[2,8,1,1,1,0,0,0,0],2,1].
[[3,6,1,1,1,2,2,2,1],1,0].
[[2,7,2,1,2,2,2,2,1],2,0].
[[3,3,1,1,2,0,2,1,1],1,0].
[[3,6,0,1,2,0,2,2,0],0,1].
[[1,3,2,0,0,0,1,1,2],1,0].
[[2,3,2,1,2,2,1,1,2],1,0].
[[3,5,0,1,1,0,1,2,0],1,0].
[[3,7,2,1,2,2,1,1,1],1,1].
[[2,9,2,1,1,0,2,2,1],1,0].
[[3,7,2,1,1,0,2,3,1],1,1].
[[3,9,2,0,0,0,0,0,0],0,1].
[[1,8,0,0,0,0,1,1,1],1,0].
[[2,7,0,1,1,2,2,3,0],1,0].
[[2,7,2,1,1,0,0,0,0],1,0].
[[1,8,0,1,1,2,2,2,1],1,0].
[[3,6,1,1,1,0,2,3,0],0,1].
[[3,6,0,1,2,0,1,2,0],1,0].
[[1,8,1,1,2,0,1,1,0],1,0].
[[2,7,1,1,2,0,1,1,0],1,0].
[[1,6,1,0,0,0,1,1,1],1,0].
[[2,6,1,1,2,2,1,1,1],1,0].
[[3,3,1,1,2,2,1,1,1],1,0].
[[3,7,0,0,0,0,1,1,2],1,0].
[[3,2,1,1,2,2,0,0,0],1,0].
[[2,6,0,0,0,0,1,2,0],1,0].
[[3,2,0,1,2,2,1,2,0],1,0].
[[3,3,2,0,0,0,1,1,2],1,0].
[[1,7,1,1,2,2,1,2,0],1,0].
[[2,3,1,1,2,2,1,2,0],1,0].
[[3,3,1,1,2,2,1,2,0],1,0].
[[3,2,1,0,0,0,2,2,0],1,0].
[[1,6,0,1,2,2,2,3,2],1,0].
[[2,9,2,1,1,0,0,0,0],0,1].
[[2,7,0,0,0,0,2,3,2],1,0].
[[1,7,2,1,2,2,1,1,2],1,0].
[[1,5,0,1,2,0,1,1,2],1,0].
[[3,9,2,1,1,0,2,1,1],1,0].
[[3,7,0,0,0,0,2,1,0],1,0].
[[1,6,0,0,0,0,2,2,0],0,1].
[[2,6,0,0,0,0,2,2,0],0,1].
[[2,7,0,1,1,2,2,1,1],1,0].
[[3,7,0,1,1,2,2,1,1],1,0].
[[2,3,2,1,2,0,2,3,2],1,0].
[[2,3,1,0,0,0,2,3,1],1,0].
[[2,7,2,0,0,0,1,1,0],2,0].
[[2,6,0,1,1,2,2,1,0],1,0].
[[3,6,0,1,1,2,1,1,0],1,0].
[[1,8,0,0,0,0,1,2,1],0,1].
[[1,6,1,0,0,0,2,2,0],1,0].
[[3,6,1,1,1,0,1,1,0],1,0].
[[3,3,2,0,0,0,1,1,0],1,0].
