total_WL(18386,17159).
[[1,8,1,0,0,0,0,0,0],1950,965].
[[2,8,1,0,0,0,0,0,0],291,166].
[[3,8,1,1,2,0,0,0,0],1,2].
[[1,9,2,0,0,0,2,1,1],416,635].
[[2,9,1,0,0,0,2,3,0],161,369].
[[3,9,1,0,0,0,1,2,1],76,225].
[[1,9,2,0,0,0,1,2,1],231,353].
[[2,9,2,0,0,0,1,2,1],93,152].
[[3,8,1,0,0,0,1,2,1],260,126].
[[1,9,2,0,0,0,2,2,0],601,787].
[[2,9,1,0,0,0,2,2,0],117,247].
[[3,8,0,1,2,1,2,2,0],158,318].
[[1,9,2,0,0,0,2,3,1],783,1270].
[[2,9,1,1,2,1,2,3,1],100,242].
[[3,9,1,1,2,1,2,3,1],38,156].
[[1,9,2,0,0,0,0,0,0],556,1553].
[[2,8,1,0,0,0,2,3,1],604,300].
[[3,8,1,1,2,1,2,3,0],153,162].
[[2,8,1,0,0,0,2,1,1],363,162].
[[3,8,1,0,0,0,2,1,1],114,55].
[[1,8,0,0,0,0,2,3,0],194,162].
[[2,8,0,1,2,1,1,2,0],103,69].
[[3,8,0,1,1,1,1,2,0],93,85].
[[1,8,0,0,0,0,0,0,0],777,1045].
[[2,7,0,0,0,0,0,0,0],40,40].
[[3,7,0,0,0,0,2,3,1],21,17].
[[1,9,2,1,2,1,1,2,0],145,143].
[[2,9,2,1,2,1,1,2,0],100,68].
[[3,9,1,1,1,1,1,2,0],98,246].
[[2,9,1,0,0,0,1,2,0],202,344].
[[3,8,1,1,2,0,1,1,1],62,69].
[[1,8,1,0,0,0,1,1,1],67,43].
[[2,7,2,0,0,0,1,1,1],12,4].
[[3,7,2,0,0,0,1,1,1],27,10].
[[1,9,2,0,0,0,2,3,0],976,1235].
[[2,8,0,0,0,0,2,3,0],245,307].
[[3,8,0,1,2,1,2,3,0],189,542].
[[1,9,2,1,2,1,2,1,1],199,269].
[[2,9,1,1,1,1,2,1,1],25,26].
[[3,4,1,1,2,0,2,1,1],46,6].
[[2,9,1,0,0,0,2,1,1],67,141].
[[3,7,0,1,2,1,0,0,0],49,55].
[[1,9,2,1,2,1,0,0,0],258,644].
[[2,8,1,1,2,1,0,0,0],226,128].
[[3,7,1,1,2,1,0,0,0],206,95].
[[1,8,1,1,2,1,0,0,0],645,277].
[[2,8,1,1,2,1,2,1,0],67,35].
[[3,8,1,1,2,1,1,2,0],271,120].
[[1,7,1,0,0,0,0,0,0],337,126].
[[2,7,1,1,2,1,0,0,0],264,125].
[[3,7,1,1,2,1,2,3,0],160,77].
[[1,9,2,0,0,0,2,2,1],551,990].
[[2,9,1,1,2,0,1,2,1],29,64].
[[3,9,1,1,2,0,1,2,1],66,201].
[[2,8,0,1,2,1,2,1,1],115,154].
[[3,8,0,1,2,1,1,2,1],193,310].
[[1,8,1,1,2,0,0,0,0],85,59].
[[2,8,1,1,2,0,2,3,1],164,76].
[[3,7,2,1,2,0,2,3,1],60,5].
[[2,7,1,0,0,0,0,0,0],367,172].
[[3,7,1,0,0,0,2,2,1],139,56].
[[1,8,1,0,0,0,2,3,1],803,314].
[[2,6,1,0,0,0,2,3,1],61,2].
[[3,6,1,0,0,0,2,3,1],58,1].
[[2,9,2,1,2,1,1,1,1],47,81].
[[3,8,0,1,2,1,1,1,1],85,128].
[[2,8,1,0,0,0,2,2,1],465,216].
[[3,8,1,1,2,1,1,2,1],557,292].
[[3,9,1,1,2,1,1,2,1],184,578].
[[1,7,1,0,0,0,2,2,0],8,1].
[[2,7,1,1,2,1,2,2,0],37,7].
[[3,7,1,1,2,1,2,3,1],394,130].
[[2,8,0,0,0,0,2,3,1],205,292].
[[3,8,0,1,2,0,1,2,1],44,83].
[[3,9,1,1,2,0,1,2,0],86,187].
[[2,9,2,1,2,1,2,3,1],103,197].
[[3,9,1,1,1,1,2,1,1],14,38].
[[1,8,0,0,0,0,2,1,1],103,92].
[[2,7,1,0,0,0,2,1,1],114,35].
[[3,7,1,0,0,0,2,3,1],180,78].
[[2,9,2,0,0,0,2,2,0],74,144].
[[3,9,1,0,0,0,2,3,0],12,99].
[[2,9,1,0,0,0,1,2,1],152,293].
[[3,8,0,0,0,0,1,2,1],82,151].
[[1,6,1,0,0,0,0,0,0],291,17].
[[2,6,1,0,0,0,2,2,1],68,3].
[[3,6,1,0,0,0,2,2,1],54,1].
[[2,9,1,1,2,1,2,3,0],160,357].
[[2,9,1,1,2,1,1,2,1],170,264].
[[1,9,2,1,2,0,0,0,0],25,86].
[[2,9,1,1,2,0,2,2,0],26,69].
[[1,8,1,0,0,0,2,2,1],627,277].
[[2,8,1,1,2,1,2,2,1],410,171].
[[2,8,0,0,0,0,0,0,0],138,375].
[[3,8,0,1,2,0,2,3,1],37,83].
[[2,9,2,1,2,1,2,1,1],45,109].
[[1,9,2,1,2,0,1,1,0],5,6].
[[2,9,1,1,2,0,1,1,0],17,39].
[[3,8,1,1,2,0,1,1,0],29,40].
[[3,9,1,1,1,1,2,2,0],13,93].
[[3,7,1,1,2,1,2,2,0],108,43].
[[1,8,1,0,0,0,1,2,1],176,85].
[[2,8,1,0,0,0,1,1,1],130,88].
[[3,7,1,0,0,0,1,1,1],51,21].
[[2,8,0,0,0,0,2,2,1],153,219].
[[3,7,0,1,2,0,0,0,0],13,25].
[[1,8,1,1,2,1,2,3,1],253,114].
[[2,8,1,1,2,1,2,3,1],483,256].
[[3,8,1,1,2,1,2,3,1],368,200].
[[1,9,2,1,2,1,2,3,1],337,454].
[[2,9,2,1,2,1,2,3,0],117,219].
[[2,9,1,0,0,0,2,3,1],106,261].
[[3,8,1,0,0,0,2,3,1],161,84].
[[2,8,1,1,2,1,2,3,0],245,130].
[[3,8,1,1,1,1,1,2,0],71,52].
[[1,9,2,1,2,0,2,3,1],29,71].
[[2,9,1,1,2,0,2,3,1],20,66].
[[2,9,2,0,0,0,1,1,1],47,69].
[[3,9,1,1,2,0,1,1,1],20,80].
[[2,8,1,1,2,1,1,2,1],299,139].
[[3,8,1,1,1,1,1,1,1],72,61].
[[2,8,0,0,0,0,2,1,1],126,155].
[[3,8,0,1,2,1,2,1,1],86,163].
[[2,8,1,1,2,1,2,1,1],317,115].
[[3,7,1,1,2,1,2,1,1],193,75].
[[1,8,1,1,2,1,2,3,0],106,44].
[[2,8,0,1,2,1,2,3,1],192,270].
[[1,9,2,1,1,1,2,3,1],59,46].
[[2,4,1,1,2,0,2,3,1],21,4].
[[3,4,1,1,2,0,2,3,1],52,15].
[[1,8,0,0,0,0,1,2,0],31,21].
[[2,8,0,0,0,0,1,2,0],125,67].
[[3,8,0,1,2,0,1,2,0],83,88].
[[3,7,1,1,2,1,2,2,1],276,102].
[[1,8,1,1,2,1,2,2,1],209,78].
[[2,7,2,1,2,1,2,2,1],43,5].
[[3,7,2,1,1,1,2,2,1],28,1].
[[2,9,2,1,2,1,2,1,0],32,57].
[[3,8,0,1,2,1,2,1,0],42,104].
[[3,8,0,1,1,1,2,3,1],46,112].
[[1,8,1,0,0,0,2,1,1],485,165].
[[2,8,1,0,0,0,2,3,0],271,156].
[[3,7,2,0,0,0,2,3,1],79,4].
[[2,8,1,1,2,1,2,2,0],149,66].
[[1,9,2,0,0,0,1,2,0],370,361].
[[2,8,1,1,2,1,1,2,0],99,40].
[[3,6,1,1,2,1,1,2,0],23,0].
[[3,8,1,1,1,1,2,2,1],102,47].
[[1,9,2,1,2,1,2,2,1],251,336].
[[2,9,2,1,2,0,1,1,0],3,6].
[[1,9,2,1,2,1,2,1,0],102,135].
[[2,8,0,1,2,1,2,1,0],60,71].
[[3,8,0,1,2,1,1,1,0],71,114].
[[2,9,1,0,0,0,0,0,0],0,50].
[[3,9,1,1,2,1,2,2,0],25,213].
[[1,8,0,0,0,0,2,1,0],59,42].
[[2,8,0,0,0,0,2,1,0],58,75].
[[3,7,1,0,0,0,1,2,1],96,28].
[[2,9,2,1,1,1,2,1,1],16,20].
[[3,8,0,1,1,1,2,1,1],28,57].
[[1,8,0,1,2,1,2,1,1],33,30].
[[2,8,0,1,1,1,1,2,1],15,10].
[[3,8,0,1,1,1,1,2,1],54,126].
[[3,8,1,1,2,1,2,2,1],271,161].
[[3,8,1,1,2,0,2,1,1],89,52].
[[3,8,0,0,0,0,1,2,0],110,101].
[[1,9,2,0,0,0,2,1,0],235,311].
[[3,8,0,0,0,0,2,1,0],18,48].
[[2,8,1,1,1,0,2,3,1],9,9].
[[3,8,1,1,1,0,2,3,1],15,28].
[[2,9,1,1,2,1,2,2,1],82,207].
[[3,8,0,1,2,1,2,2,1],100,220].
[[1,9,2,1,2,0,2,2,1],27,44].
[[2,9,1,1,2,0,2,2,1],13,69].
[[3,7,1,1,2,0,2,1,1],89,31].
[[2,9,2,0,0,0,2,1,1],34,109].
[[3,8,0,0,0,0,2,1,1],36,73].
[[2,7,1,1,2,0,0,0,0],53,35].
[[3,7,1,1,2,0,0,0,0],63,28].
[[3,9,1,1,2,0,2,2,0],9,80].
[[2,8,0,1,2,0,0,0,0],18,61].
[[3,7,1,1,1,0,2,3,1],9,14].
[[3,9,1,1,1,1,2,3,0],16,99].
[[3,7,1,1,2,1,1,1,1],96,38].
[[1,7,1,0,0,0,2,3,1],35,13].
[[2,7,1,0,0,0,1,2,1],37,13].
[[2,8,1,0,0,0,1,2,1],365,155].
[[1,8,0,0,0,0,2,3,1],143,177].
[[2,7,1,0,0,0,2,3,1],153,48].
[[2,9,2,1,2,1,1,2,1],79,149].
[[2,9,1,0,0,0,1,1,1],51,88].
[[3,8,0,1,2,0,1,1,1],16,36].
[[2,9,2,0,0,0,2,2,1],34,126].
[[1,8,1,1,2,0,2,3,0],27,6].
[[2,8,1,1,2,0,2,3,0],50,41].
[[3,8,1,1,2,0,2,2,0],40,46].
[[3,8,1,0,0,0,1,2,0],124,61].
[[2,8,1,0,0,0,2,2,0],203,101].
[[3,8,1,0,0,0,2,2,0],44,41].
[[2,9,2,1,2,0,2,3,1],17,49].
[[3,9,1,1,1,0,2,2,1],1,7].
[[3,8,0,1,2,1,1,2,0],260,273].
[[2,8,1,1,1,1,2,2,1],76,47].
[[3,8,1,1,1,1,1,2,1],192,116].
[[1,9,2,1,1,1,2,2,1],39,50].
[[2,9,1,1,1,1,1,1,1],18,22].
[[3,9,1,1,1,1,1,1,1],30,92].
[[2,9,2,1,2,1,2,2,1],37,87].
[[3,9,1,1,2,1,2,2,1],32,135].
[[2,9,2,1,2,1,1,1,0],22,30].
[[3,9,1,1,2,1,1,1,0],55,225].
[[1,8,0,0,0,0,2,2,1],136,125].
[[2,7,1,1,2,0,2,2,1],16,19].
[[3,7,1,1,2,0,2,2,1],91,33].
[[3,6,1,1,2,0,2,3,1],25,1].
[[1,8,1,0,0,0,1,2,0],57,19].
[[2,7,1,1,2,1,1,2,0],11,5].
[[3,7,1,1,2,1,1,2,0],84,19].
[[2,8,1,1,2,0,2,2,1],113,79].
[[3,8,0,1,2,0,2,3,0],45,159].
[[2,8,1,0,0,0,1,2,0],141,46].
[[3,7,1,0,0,0,1,2,0],47,3].
[[1,8,0,1,2,1,2,2,0],47,41].
[[2,9,1,1,1,1,2,1,0],11,18].
[[3,4,1,1,2,0,2,1,0],12,2].
[[1,8,1,0,0,0,2,2,0],225,73].
[[3,8,1,1,2,0,2,3,1],142,84].
[[2,8,0,1,2,0,2,2,1],20,31].
[[3,8,0,1,2,0,2,2,1],30,60].
[[1,8,0,1,2,1,0,0,0],285,332].
[[2,8,0,1,1,1,2,1,1],9,16].
[[1,9,2,1,1,1,1,2,1],19,11].
[[2,9,1,1,1,1,1,2,1],47,61].
[[3,9,1,1,1,1,1,2,1],78,210].
[[2,8,0,0,0,0,1,2,1],66,90].
[[3,6,0,0,0,0,1,2,1],4,3].
[[2,8,1,1,2,0,2,1,0],18,10].
[[3,6,1,1,2,0,2,1,0],7,0].
[[1,9,2,1,2,1,2,2,0],278,292].
[[3,9,1,1,1,1,1,1,0],23,81].
[[3,7,0,0,0,0,0,0,0],19,31].
[[2,7,2,0,0,0,0,0,0],218,24].
[[3,3,2,0,0,0,0,0,0],36,1].
[[3,6,0,1,2,1,2,2,1],16,13].
[[3,8,1,1,2,0,2,2,1],107,58].
[[1,9,2,1,2,1,2,3,0],422,484].
[[3,8,1,1,2,1,2,2,0],123,97].
[[3,5,0,1,2,1,1,1,1],116,7].
[[3,8,1,1,1,1,2,1,1],87,50].
[[1,9,2,1,1,1,2,3,0],46,51].
[[2,9,1,1,1,1,2,3,0],52,86].
[[3,4,1,1,2,0,2,3,0],66,17].
[[1,8,0,1,2,1,2,3,1],45,52].
[[2,7,1,1,2,1,2,3,1],98,32].
[[3,7,1,1,1,1,2,3,1],92,38].
[[3,8,1,1,2,1,2,1,1],211,112].
[[1,9,2,1,2,0,2,3,0],56,86].
[[2,9,1,1,2,0,2,1,0],7,19].
[[3,9,1,1,1,0,1,2,0],12,47].
[[2,9,1,1,1,1,1,2,0],62,61].
[[2,8,1,1,2,0,2,1,1],78,61].
[[3,8,1,1,1,0,2,1,1],13,13].
[[3,8,0,0,0,0,2,2,0],47,133].
[[3,8,1,0,0,0,2,2,1],107,72].
[[1,8,1,0,0,0,2,1,0],97,34].
[[2,8,1,1,2,0,1,1,0],9,6].
[[3,8,1,1,1,0,1,1,0],10,7].
[[3,8,0,1,2,1,2,3,1],153,341].
[[1,9,2,0,0,0,1,1,1],114,128].
[[2,8,0,0,0,0,1,1,1],31,34].
[[1,8,1,0,0,0,2,3,0],314,102].
[[3,8,1,1,1,1,2,3,0],51,55].
[[2,8,0,1,2,1,1,1,1],46,25].
[[3,8,0,1,1,1,1,1,1],26,42].
[[1,8,0,0,0,0,1,1,1],2,3].
[[3,8,1,1,2,1,1,1,1],211,181].
[[1,7,2,0,0,0,0,0,0],373,40].
[[2,7,2,1,2,0,0,0,0],49,9].
[[3,7,2,1,2,0,0,0,0],33,3].
[[3,8,1,1,1,0,2,2,1],15,18].
[[3,9,1,1,2,1,1,2,0],289,552].
[[2,8,0,1,2,1,1,2,1],67,61].
[[3,9,1,0,0,0,2,3,1],11,48].
[[3,9,1,1,1,0,1,1,1],1,19].
[[2,7,1,1,2,1,2,3,0],48,12].
[[3,7,0,1,1,1,2,3,0],11,14].
[[3,7,0,0,0,0,2,2,1],21,19].
[[2,9,2,0,0,0,2,1,0],20,53].
[[3,8,1,1,2,1,2,1,0],47,42].
[[2,9,1,1,2,1,2,1,1],73,144].
[[3,9,1,1,2,1,2,1,1],36,106].
[[2,7,2,0,0,0,1,2,1],38,9].
[[3,7,2,0,0,0,1,2,1],59,5].
[[2,7,1,0,0,0,2,3,0],68,26].
[[3,3,1,0,0,0,2,3,0],8,0].
[[2,9,1,0,0,0,1,1,0],54,127].
[[3,8,0,0,0,0,2,2,1],47,96].
[[3,6,1,1,2,1,2,1,1],59,0].
[[2,9,2,0,0,0,2,3,0],106,230].
[[3,9,1,1,2,1,2,3,0],39,275].
[[2,9,1,1,2,1,1,2,0],195,310].
[[2,8,0,1,2,1,2,3,0],245,296].
[[3,8,0,1,1,1,2,3,0],62,185].
[[3,9,1,1,1,0,2,1,1],4,7].
[[3,7,1,0,0,0,2,1,1],117,32].
[[2,9,1,1,2,1,2,1,0],54,97].
[[3,9,1,0,0,0,1,1,0],18,75].
[[2,9,2,1,2,1,2,2,0],70,136].
[[3,8,1,1,1,1,2,2,0],36,26].
[[1,8,1,1,2,1,1,1,1],26,16].
[[2,7,1,1,1,1,1,1,1],1,1].
[[3,7,1,1,1,1,1,1,1],24,11].
[[2,8,1,1,1,1,2,3,1],119,42].
[[2,8,0,1,1,1,2,3,0],35,49].
[[2,6,1,1,2,1,2,3,1],42,0].
[[3,6,1,1,2,1,2,3,1],106,5].
[[3,9,1,1,2,1,2,1,0],14,71].
[[3,6,1,1,2,1,2,2,1],85,3].
[[3,7,2,0,0,0,0,0,0],33,0].
[[1,8,1,1,1,1,2,3,0],11,2].
[[2,4,1,1,2,0,2,3,0],23,5].
[[1,6,0,0,0,0,0,0,0],46,26].
[[2,6,0,0,0,0,2,2,0],8,7].
[[3,6,0,1,2,1,2,2,0],19,12].
[[2,8,0,1,2,1,2,2,1],153,202].
[[1,8,0,1,2,1,1,1,1],2,3].
[[2,8,0,1,1,1,1,1,1],7,6].
[[3,7,1,0,0,0,0,0,0],109,44].
[[2,7,1,1,2,1,2,1,1],59,16].
[[3,3,1,1,1,1,2,1,1],6,0].
[[2,8,0,1,2,1,0,0,0],115,349].
[[1,9,2,1,1,1,2,2,0],30,36].
[[2,9,1,1,2,1,1,1,1],64,103].
[[2,7,0,0,0,0,2,1,1],3,3].
[[3,7,0,0,0,0,1,2,1],6,11].
[[3,8,1,1,2,1,1,1,0],76,68].
[[2,8,1,1,2,0,1,2,1],87,53].
[[3,8,1,1,2,0,1,2,1],187,118].
[[2,9,2,0,0,0,2,3,1],80,198].
[[2,8,0,1,2,1,2,2,0],163,183].
[[3,8,1,0,0,0,2,3,0],60,61].
[[1,8,1,1,1,1,2,3,1],21,7].
[[2,6,1,0,0,0,0,0,0],165,11].
[[3,6,1,0,0,0,0,0,0],18,1].
[[3,7,2,0,0,0,2,2,1],70,5].
[[2,9,1,1,2,1,2,2,0],117,249].
[[3,7,1,0,0,0,2,2,0],45,21].
[[2,9,1,0,0,0,2,1,0],33,93].
[[2,9,1,1,2,0,1,2,0],51,93].
[[2,9,1,1,1,1,2,2,1],25,41].
[[3,7,1,1,2,0,2,3,1],112,59].
[[3,8,1,0,0,0,1,1,0],34,31].
[[1,8,0,1,2,1,2,3,0],67,60].
[[2,9,2,0,0,0,1,2,0],82,73].
[[1,8,1,1,2,1,2,2,0],80,20].
[[3,7,1,1,1,1,1,2,0],27,5].
[[3,8,1,1,2,0,2,3,0],46,67].
[[2,7,2,0,0,0,2,3,1],114,15].
[[3,7,2,0,0,0,2,1,1],50,5].
[[3,7,1,1,2,1,1,2,1],229,65].
[[3,7,2,1,2,1,1,2,1],120,9].
[[3,5,0,1,2,1,1,2,1],4,3].
[[2,9,2,1,2,0,1,2,1],18,46].
[[1,9,2,1,2,1,1,2,1],115,129].
[[2,9,1,0,0,0,2,2,1],95,207].
[[3,9,1,1,2,1,1,1,1],64,240].
[[3,6,0,0,0,0,0,0,0],5,16].
[[2,8,1,0,0,0,2,1,0],64,30].
[[1,9,2,1,2,1,1,1,1],55,58].
[[3,4,1,1,2,0,1,1,1],50,14].
[[3,8,0,0,0,0,2,3,0],82,196].
[[2,9,2,1,1,1,1,2,1],22,26].
[[3,7,0,1,2,1,2,2,1],39,26].
[[3,9,1,0,0,0,2,1,1],6,32].
[[3,9,1,0,0,0,1,2,0],75,232].
[[3,7,2,1,2,0,2,2,1],54,7].
[[2,9,2,1,2,0,2,2,1],7,17].
[[3,4,1,1,2,0,1,2,0],89,15].
[[3,7,1,0,0,0,2,3,0],74,34].
[[3,8,0,1,1,1,2,2,0],35,108].
[[1,6,1,0,0,0,2,1,1],9,0].
[[2,6,1,0,0,0,2,1,1],50,1].
[[3,6,1,1,2,0,2,1,1],17,0].
[[1,6,1,1,2,1,0,0,0],75,0].
[[2,3,2,1,2,1,0,0,0],20,1].
[[3,3,2,1,2,1,2,3,1],37,0].
[[2,7,0,0,0,0,2,3,1],3,10].
[[2,8,1,1,1,1,2,2,0],25,10].
[[3,8,1,1,1,1,1,1,0],28,35].
[[2,8,1,1,1,1,2,3,0],44,18].
[[2,8,1,1,2,1,1,1,1],107,72].
[[2,6,1,1,2,1,2,1,1],24,1].
[[1,9,2,1,2,1,1,1,0],44,65].
[[2,9,2,1,1,1,2,3,0],33,59].
[[3,9,1,1,1,1,2,1,0],4,29].
[[3,7,2,1,2,1,2,3,1],146,15].
[[1,9,2,0,0,0,1,1,0],108,162].
[[2,8,0,1,2,0,2,2,0],17,31].
[[3,9,1,0,0,0,2,2,0],16,89].
[[1,8,1,1,2,1,2,1,1],153,52].
[[3,7,1,1,2,1,2,1,0],38,20].
[[2,9,2,1,1,1,0,0,0],4,12].
[[2,9,2,1,2,0,1,1,1],5,18].
[[3,5,0,1,2,0,1,1,1],41,2].
[[2,9,2,0,0,0,1,1,0],30,39].
[[2,7,1,1,2,1,2,2,1],89,31].
[[1,9,2,1,2,0,2,2,0],22,44].
[[2,7,2,0,0,0,2,1,1],66,5].
[[3,7,2,1,2,0,2,1,1],36,3].
[[1,9,2,1,2,0,1,1,1],1,11].
[[2,9,1,1,1,0,1,1,1],1,4].
[[3,9,1,0,0,0,1,1,1],21,99].
[[1,8,0,0,0,0,2,2,0],130,111].
[[2,8,1,1,1,1,2,1,1],67,20].
[[3,7,1,1,1,1,2,1,1],58,28].
[[3,8,1,1,2,0,1,2,0],102,67].
[[3,9,1,1,2,0,2,3,0],11,83].
[[2,8,1,1,1,1,1,1,0],8,5].
[[3,8,0,1,2,1,0,0,0],1,75].
[[3,7,2,1,1,1,2,1,1],17,1].
[[2,8,0,1,2,0,2,3,0],30,53].
[[3,7,0,1,2,1,2,1,1],27,18].
[[3,3,1,1,2,1,0,0,0],84,4].
[[2,9,2,1,1,1,2,2,1],16,28].
[[2,7,2,1,2,1,0,0,0],123,15].
[[3,6,0,1,2,1,2,1,1],9,10].
[[2,9,2,1,1,1,2,3,1],25,32].
[[3,7,2,1,1,0,2,1,1],6,8].
[[2,8,1,1,1,1,0,0,0],51,17].
[[3,7,2,1,1,1,0,0,0],16,0].
[[3,8,1,1,1,0,1,2,1],31,47].
[[3,5,0,1,2,0,1,2,0],31,4].
[[2,9,1,1,1,1,2,2,0],29,58].
[[3,4,1,1,2,0,2,2,0],35,6].
[[3,9,1,1,1,1,2,3,1],9,46].
[[2,6,1,1,2,1,0,0,0],133,6].
[[3,6,1,1,2,1,2,2,0],29,1].
[[2,9,1,1,2,1,1,1,0],52,128].
[[1,8,0,1,2,1,2,2,1],38,41].
[[1,8,1,1,1,1,0,0,0],67,25].
[[2,7,1,1,1,1,0,0,0],39,11].
[[3,7,1,1,1,1,0,0,0],43,20].
[[3,6,1,0,0,0,2,1,1],39,1].
[[2,8,1,1,2,0,2,2,0],41,33].
[[3,5,0,1,2,1,1,2,0],108,5].
[[3,8,1,1,2,0,2,1,0],12,14].
[[2,7,1,0,0,0,2,2,1],125,37].
[[3,9,1,1,2,0,1,1,0],24,72].
[[1,6,1,0,0,0,2,1,0],4,1].
[[2,6,1,0,0,0,2,1,0],5,0].
[[3,6,1,1,2,1,2,3,0],54,2].
[[3,8,1,0,0,0,2,1,0],10,17].
[[2,4,1,1,2,0,2,1,0],2,0].
[[3,8,1,1,1,0,2,1,0],2,3].
[[1,9,2,1,2,0,1,2,1],15,17].
[[3,7,0,1,2,1,2,2,0],41,27].
[[2,9,2,1,1,1,2,2,0],26,20].
[[1,9,2,1,1,1,0,0,0],41,46].
[[2,6,1,1,2,1,2,2,1],35,2].
[[3,6,1,1,2,1,1,1,1],27,2].
[[3,7,1,1,1,1,2,2,0],24,12].
[[3,8,1,0,0,0,1,1,1],90,69].
[[2,4,1,1,2,0,2,2,1],17,2].
[[3,4,1,1,2,0,1,2,1],101,24].
[[2,8,1,1,1,1,2,1,0],13,8].
[[1,7,2,1,2,1,0,0,0],65,8].
[[3,3,2,1,2,1,0,0,0],40,0].
[[3,8,0,0,0,0,2,3,1],66,135].
[[3,6,1,0,0,0,1,2,1],27,2].
[[3,7,1,1,2,0,2,1,0],7,8].
[[3,9,1,0,0,0,2,2,1],15,67].
[[2,9,2,1,2,1,0,0,0],4,65].
[[3,9,1,1,2,1,0,0,0],0,6].
[[3,3,1,0,0,0,2,1,1],14,3].
[[1,9,2,1,2,0,2,1,0],13,18].
[[2,5,0,1,2,0,1,1,0],4,3].
[[3,5,0,1,2,0,1,1,0],21,10].
[[2,5,0,0,0,0,1,1,0],18,5].
[[2,9,1,1,2,0,2,3,0],35,120].
[[2,8,1,1,2,0,0,0,0],54,42].
[[3,3,1,0,0,0,0,0,0],53,6].
[[2,9,2,1,1,1,1,2,0],19,22].
[[3,7,1,1,1,0,0,0,0],1,5].
[[2,8,0,0,0,0,2,2,0],157,195].
[[3,8,0,1,2,0,2,1,1],23,55].
[[2,3,1,0,0,0,0,0,0],47,6].
[[3,3,1,0,0,0,2,3,1],23,1].
[[3,7,1,1,2,0,1,2,1],66,24].
[[1,7,2,0,0,0,2,2,1],47,5].
[[2,7,2,0,0,0,2,2,1],104,4].
[[1,9,2,1,1,1,1,2,0],19,16].
[[2,9,1,1,1,1,1,1,0],18,37].
[[2,9,2,1,2,0,2,3,0],30,77].
[[1,7,1,1,2,1,2,3,1],4,1].
[[2,8,1,0,0,0,1,1,0],39,29].
[[3,7,1,1,1,1,1,2,1],46,16].
[[2,7,0,1,2,1,0,0,0],28,32].
[[3,7,0,1,2,1,2,3,0],53,45].
[[2,9,2,1,1,1,2,1,0],11,11].
[[3,9,1,1,1,1,2,2,1],15,60].
[[2,8,1,1,2,0,1,2,0],34,15].
[[2,7,1,0,0,0,1,1,1],11,10].
[[3,7,1,1,1,1,2,3,0],40,21].
[[1,9,2,1,1,1,2,1,0],16,13].
[[2,8,0,1,1,1,2,1,0],12,5].
[[3,8,0,1,1,1,2,1,0],15,32].
[[2,9,1,1,2,1,0,0,0],0,35].
[[3,8,1,1,1,0,1,2,0],11,19].
[[3,8,1,1,1,1,2,3,1],127,72].
[[1,7,1,0,0,0,2,1,1],19,5].
[[3,7,2,1,2,0,1,2,1],56,5].
[[2,6,1,1,2,0,0,0,0],30,3].
[[3,3,1,1,2,0,0,0,0],28,5].
[[2,8,1,1,2,0,1,1,1],38,18].
[[3,7,1,1,2,0,1,1,1],35,12].
[[3,5,0,1,2,1,1,1,0],68,22].
[[3,7,1,1,1,1,2,1,0],17,8].
[[3,7,1,0,0,0,2,1,0],17,10].
[[2,8,0,1,2,0,2,1,1],16,23].
[[3,6,1,1,2,1,0,0,0],42,2].
[[1,8,1,1,2,0,2,1,1],27,17].
[[2,7,2,1,1,0,2,1,1],2,1].
[[3,7,2,1,1,0,1,1,1],4,4].
[[1,8,1,1,1,1,2,2,1],15,10].
[[2,9,1,1,1,0,1,1,0],1,1].
[[3,3,2,1,2,0,0,0,0],14,0].
[[3,5,0,1,1,1,1,2,0],31,2].
[[2,9,1,1,2,0,2,1,1],19,44].
[[2,6,1,1,2,1,2,2,0],13,0].
[[3,7,2,1,2,1,2,2,1],95,12].
[[2,5,0,1,2,1,1,2,0],24,1].
[[3,7,1,1,2,0,2,3,0],53,34].
[[3,8,1,1,1,0,2,3,0],8,15].
[[1,8,1,1,2,1,1,2,1],58,22].
[[2,4,1,1,2,0,1,2,0],16,4].
[[2,8,0,1,2,0,2,1,0],6,13].
[[1,8,0,1,2,1,1,1,0],2,2].
[[2,8,0,1,2,1,1,1,0],35,28].
[[3,7,1,1,2,1,1,1,0],36,12].
[[1,7,2,0,0,0,2,3,1],76,3].
[[3,3,1,1,2,0,2,2,1],9,2].
[[3,8,0,0,0,0,1,1,1],32,51].
[[3,6,0,0,0,0,1,2,0],2,0].
[[2,6,0,0,0,0,2,2,1],10,3].
[[3,6,0,0,0,0,2,2,1],10,12].
[[2,7,1,1,1,1,2,2,1],5,3].
[[3,7,1,1,1,1,2,2,1],63,25].
[[2,8,0,0,0,0,1,1,0],34,46].
[[3,9,1,1,2,0,2,3,1],6,32].
[[1,7,1,0,0,0,2,2,1],21,7].
[[2,9,2,1,1,0,2,3,0],2,6].
[[3,8,0,1,1,0,2,3,0],5,26].
[[1,8,1,1,2,0,2,2,1],23,22].
[[3,8,1,1,1,0,1,1,1],12,17].
[[2,9,1,1,1,1,2,3,1],27,54].
[[3,7,0,1,1,1,1,2,1],5,1].
[[1,6,1,1,2,1,2,2,1],7,0].
[[2,6,1,1,1,1,2,3,0],3,0].
[[3,3,1,1,1,1,2,3,0],1,0].
[[3,5,0,0,0,0,1,1,1],47,2].
[[3,6,1,1,2,1,2,1,0],12,2].
[[2,9,1,1,2,0,1,1,1],15,32].
[[3,9,1,0,0,0,2,1,0],0,30].
[[3,8,0,1,2,0,2,2,0],21,75].
[[2,9,2,1,2,0,1,2,0],20,23].
[[3,8,0,1,1,1,0,0,0],0,21].
[[2,8,1,1,1,1,1,2,1],55,25].
[[3,6,1,1,2,1,1,2,1],54,1].
[[2,7,0,0,0,0,2,3,0],8,2].
[[3,7,0,0,0,0,2,3,0],26,14].
[[2,6,1,1,2,0,2,3,1],14,2].
[[3,6,1,1,2,0,1,1,0],2,0].
[[3,6,1,1,2,0,2,3,0],22,0].
[[2,6,1,0,0,0,2,3,0],28,0].
[[3,6,0,1,2,1,2,3,1],17,10].
[[3,7,2,1,1,1,1,2,1],32,2].
[[2,7,1,0,0,0,2,2,0],45,8].
[[2,5,0,1,2,1,1,1,0],14,9].
[[2,9,1,1,1,0,1,2,0],1,5].
[[3,5,0,1,1,0,1,1,0],2,5].
[[1,8,0,1,2,1,2,1,0],27,15].
[[2,7,2,1,2,1,2,3,1],83,7].
[[1,7,1,1,2,1,0,0,0],82,23].
[[3,7,0,0,0,0,2,1,1],12,13].
[[3,9,1,1,2,0,2,2,1],16,46].
[[3,6,0,1,2,0,2,1,1],2,2].
[[3,5,0,0,0,0,1,2,0],47,1].
[[2,8,1,1,1,1,1,1,1],22,20].
[[2,8,1,1,1,0,2,3,0],6,1].
[[3,6,1,1,1,0,2,3,0],4,2].
[[3,7,1,1,1,0,2,1,1],5,8].
[[2,8,1,1,1,1,1,2,0],20,10].
[[2,4,1,1,2,0,1,2,1],13,6].
[[1,7,2,0,0,0,2,1,1],29,3].
[[3,7,2,1,2,1,1,1,1],39,8].
[[3,7,2,1,2,0,1,1,1],23,5].
[[2,8,0,1,1,1,2,3,1],41,29].
[[3,4,1,1,2,0,2,2,1],51,8].
[[3,7,0,0,0,0,2,1,0],7,6].
[[2,2,1,1,2,1,0,0,0],6,0].
[[3,2,1,1,2,1,2,2,0],2,0].
[[2,7,0,0,0,0,2,2,1],6,5].
[[2,7,2,1,2,1,2,1,0],4,0].
[[2,8,0,1,2,0,2,3,1],21,54].
[[3,8,0,1,1,0,1,1,1],5,4].
[[3,9,1,1,1,0,1,2,1],6,38].
[[2,5,0,0,0,0,1,1,1],27,3].
[[1,8,1,1,2,1,2,1,0],33,12].
[[1,8,1,1,1,1,2,1,1],14,6].
[[2,6,1,0,0,0,2,2,0],28,1].
[[3,2,1,1,2,1,2,3,1],2,0].
[[2,9,2,1,2,0,2,2,0],11,39].
[[1,7,2,1,2,1,2,2,1],11,0].
[[2,3,2,1,2,1,2,2,1],3,0].
[[3,3,2,1,2,1,2,2,1],21,0].
[[1,7,2,1,2,1,2,1,1],6,1].
[[2,7,2,1,1,1,2,2,1],11,1].
[[3,8,1,1,1,0,2,2,0],8,17].
[[1,8,1,1,2,0,2,3,1],47,19].
[[3,7,2,1,1,0,2,3,1],7,3].
[[2,3,2,0,0,0,2,1,1],4,0].
[[3,3,2,0,0,0,2,1,1],6,0].
[[3,8,1,1,1,1,2,1,0],15,13].
[[1,7,2,1,2,0,0,0,0],17,3].
[[2,7,2,1,1,0,0,0,0],4,0].
[[3,7,2,1,1,0,2,2,1],9,7].
[[3,6,1,1,2,0,2,2,0],6,3].
[[3,8,0,1,1,1,1,1,0],13,43].
[[2,6,1,1,2,1,2,3,0],23,2].
[[1,8,1,1,2,1,1,2,0],17,11].
[[2,6,0,1,2,1,2,2,0],3,2].
[[3,6,0,1,1,1,2,2,0],3,3].
[[2,7,1,1,2,0,2,2,0],6,0].
[[3,7,1,1,2,0,1,2,0],26,2].
[[3,7,0,1,2,1,1,1,0],8,3].
[[1,8,1,1,1,1,1,2,1],6,3].
[[2,7,2,1,1,1,1,2,1],4,0].
[[3,3,2,1,1,1,1,2,1],3,0].
[[3,9,1,1,2,0,2,1,1],9,37].
[[3,7,2,1,2,1,0,0,0],56,6].
[[3,8,0,1,1,1,2,2,1],50,103].
[[2,6,1,1,2,0,2,2,1],4,2].
[[3,6,1,1,2,0,2,2,1],26,3].
[[2,7,1,1,2,1,1,2,1],33,9].
[[3,6,1,1,2,0,1,2,1],21,1].
[[3,7,2,1,2,0,1,2,0],6,1].
[[3,7,2,1,1,1,1,1,1],13,5].
[[2,8,0,1,1,1,0,0,0],31,48].
[[3,6,1,0,0,0,2,2,0],14,0].
[[2,8,1,1,2,1,1,1,0],27,25].
[[3,6,0,1,1,1,2,3,0],2,6].
[[3,6,0,1,2,0,2,3,1],2,4].
[[1,7,2,1,2,0,2,2,1],3,0].
[[2,7,2,1,2,0,2,3,1],34,6].
[[1,9,2,1,1,1,2,1,1],36,22].
[[2,8,0,1,1,1,2,2,1],23,38].
[[2,6,0,0,0,0,0,0,0],42,47].
[[3,6,0,0,0,0,2,1,1],7,9].
[[2,7,1,1,2,0,2,3,1],25,12].
[[2,9,2,1,2,0,2,1,1],9,28].
[[1,8,1,1,2,0,2,2,0],10,3].
[[3,6,1,1,1,1,2,1,1],16,2].
[[2,7,2,1,2,0,2,3,0],5,0].
[[3,9,1,1,1,0,2,1,0],1,3].
[[3,5,0,1,1,1,1,1,1],49,3].
[[1,9,2,1,2,0,1,2,0],11,23].
[[3,6,0,1,2,1,1,1,0],4,4].
[[3,6,0,1,2,0,0,0,0],4,10].
[[2,7,2,0,0,0,2,3,0],14,1].
[[3,7,2,1,2,0,2,3,0],12,0].
[[3,6,0,0,0,0,2,3,1],9,12].
[[2,6,0,1,2,1,0,0,0],29,29].
[[2,7,2,1,2,1,2,1,1],36,1].
[[3,7,2,1,2,1,2,1,1],93,8].
[[2,3,1,0,0,0,2,1,1],1,0].
[[3,3,1,1,2,1,1,1,1],2,0].
[[1,6,1,1,2,1,1,1,1],1,0].
[[2,6,1,1,2,1,1,1,1],4,0].
[[3,6,1,1,1,1,1,1,1],3,0].
[[1,8,1,1,2,0,1,2,0],3,4].
[[3,7,0,1,1,1,2,2,0],5,9].
[[3,7,0,1,2,1,2,3,1],39,45].
[[3,7,0,1,1,1,0,0,0],6,19].
[[3,8,0,1,2,0,1,1,0],15,39].
[[3,9,1,1,1,0,2,3,1],1,13].
[[2,9,2,1,1,0,1,2,1],2,3].
[[3,8,1,1,1,1,0,0,0],2,3].
[[2,7,1,1,2,0,2,1,1],19,5].
[[3,3,2,1,2,1,2,1,1],10,0].
[[2,9,2,0,0,0,0,0,0],4,60].
[[2,7,1,1,2,0,2,1,0],5,1].
[[3,7,1,1,1,0,2,1,0],1,2].
[[3,7,0,1,2,1,2,1,0],14,16].
[[2,5,0,0,0,0,1,2,0],17,1].
[[1,6,1,0,0,0,2,2,1],19,1].
[[2,3,1,1,2,1,2,2,1],2,0].
[[3,3,1,1,2,1,1,2,1],7,0].
[[2,7,2,1,2,0,1,2,1],4,3].
[[3,4,0,1,2,0,1,2,0],0,3].
[[2,8,0,1,1,1,1,1,0],7,4].
[[3,4,1,1,2,0,1,1,0],32,11].
[[2,9,1,1,1,0,1,2,1],3,6].
[[3,5,0,0,0,0,1,1,0],23,6].
[[3,7,2,1,2,1,2,3,0],33,1].
[[3,6,0,1,2,1,2,1,0],5,9].
[[3,6,1,0,0,0,2,3,0],28,1].
[[3,7,0,1,2,1,1,2,1],19,9].
[[2,7,2,1,2,0,2,1,1],16,4].
[[3,8,0,0,0,0,1,1,0],30,42].
[[3,7,1,1,1,0,1,1,1],3,7].
[[1,7,2,0,0,0,2,2,0],5,0].
[[2,7,2,0,0,0,2,2,0],14,0].
[[2,3,2,0,0,0,0,0,0],54,0].
[[2,6,1,1,2,1,2,1,0],5,0].
[[3,6,1,1,1,1,1,2,0],5,1].
[[2,7,0,1,2,1,1,2,0],1,0].
[[3,7,0,1,2,1,1,2,0],29,10].
[[3,8,0,1,1,0,1,1,0],2,3].
[[3,7,2,0,0,0,2,3,0],21,3].
[[3,6,0,0,0,0,2,3,0],14,11].
[[3,7,1,1,1,0,2,3,0],5,3].
[[3,7,0,0,0,0,2,2,0],16,22].
[[2,9,2,1,1,1,1,1,0],5,5].
[[3,3,1,0,0,0,2,2,1],19,0].
[[1,7,1,0,0,0,2,3,0],14,4].
[[2,7,1,1,2,0,2,3,0],9,2].
[[2,5,0,1,1,1,1,1,1],7,4].
[[3,7,2,0,0,0,1,2,0],6,3].
[[3,8,0,0,0,0,0,0,0],2,37].
[[2,8,0,1,2,0,1,1,0],7,5].
[[1,7,2,0,0,0,2,3,0],13,0].
[[3,3,2,0,0,0,2,2,1],15,0].
[[3,7,1,1,2,0,2,2,0],32,12].
[[3,8,1,0,0,0,0,0,0],2,5].
[[3,3,1,1,2,1,2,3,1],29,2].
[[3,4,1,1,2,0,0,0,0],7,3].
[[2,7,2,1,2,1,1,2,0],4,0].
[[3,3,2,1,2,1,1,2,0],4,0].
[[2,7,2,1,1,1,0,0,0],18,2].
[[1,9,2,1,2,0,2,1,1],12,25].
[[2,3,2,1,2,0,0,0,0],11,0].
[[3,3,2,1,2,0,2,3,1],15,0].
[[3,6,1,0,0,0,1,2,0],20,0].
[[3,6,1,0,0,0,1,1,1],15,1].
[[3,7,1,1,1,0,2,2,1],9,12].
[[3,6,0,1,1,1,2,1,0],2,2].
[[3,6,1,1,2,0,0,0,0],14,0].
[[1,8,1,0,0,0,1,1,0],18,12].
[[2,8,1,1,1,0,2,2,1],4,7].
[[3,6,1,1,1,1,2,2,1],21,1].
[[1,8,1,1,1,1,2,2,0],5,4].
[[2,7,1,1,1,1,2,2,0],3,1].
[[2,9,2,1,1,1,1,1,1],20,7].
[[1,8,0,0,0,0,1,1,0],7,9].
[[2,7,1,0,0,0,1,1,0],8,0].
[[3,7,1,0,0,0,1,1,0],14,9].
[[2,8,1,1,1,0,1,1,1],0,8].
[[3,5,0,1,1,0,1,1,1],2,6].
[[2,6,1,1,1,1,0,0,0],17,0].
[[3,6,1,1,1,1,2,3,1],25,2].
[[3,8,1,1,2,1,0,0,0],4,12].
[[2,7,2,1,2,0,2,2,1],21,6].
[[2,6,1,1,2,0,1,2,1],1,1].
[[3,8,0,1,2,0,0,0,0],0,18].
[[3,8,0,1,1,0,2,3,1],6,15].
[[3,7,1,1,2,0,1,1,0],8,2].
[[3,7,0,1,1,1,2,2,1],8,10].
[[2,8,0,1,1,1,2,2,0],20,19].
[[1,8,1,1,2,0,1,2,1],11,2].
[[3,6,0,1,2,1,2,3,0],30,16].
[[2,7,2,1,2,1,2,2,0],8,0].
[[1,6,1,0,0,0,2,3,1],27,4].
[[3,2,1,0,0,0,2,3,1],2,0].
[[3,7,2,1,2,0,1,1,0],5,0].
[[3,6,0,1,1,1,2,2,1],3,2].
[[3,7,2,1,1,1,2,3,1],31,4].
[[3,6,0,1,2,1,1,2,1],4,2].
[[3,3,2,0,0,0,2,3,1],19,0].
[[1,7,2,1,2,0,2,3,1],2,1].
[[3,3,1,1,2,1,2,2,1],30,3].
[[2,9,1,1,1,1,0,0,0],1,8].
[[3,7,2,1,2,1,2,1,0],15,0].
[[3,9,1,1,1,0,1,1,0],3,17].
[[2,6,1,0,0,0,1,2,0],8,1].
[[2,6,1,1,2,1,1,2,1],5,0].
[[3,3,2,1,2,1,1,2,1],7,0].
[[2,7,1,1,2,1,2,1,0],10,4].
[[1,8,0,1,2,1,1,2,0],5,9].
[[3,7,2,1,2,1,2,2,0],23,2].
[[3,3,1,1,2,1,2,1,0],6,0].
[[2,7,2,1,2,1,1,2,1],19,6].
[[2,7,2,0,0,0,2,1,0],4,0].
[[3,7,2,0,0,0,1,1,0],4,1].
[[1,7,1,1,2,1,2,1,1],3,0].
[[2,7,1,1,2,1,1,1,1],10,4].
[[2,5,0,1,1,1,1,2,0],7,0].
[[3,8,0,1,2,0,2,1,0],13,19].
[[3,7,0,1,2,0,2,1,0],5,3].
[[2,9,2,1,2,0,0,0,0],1,14].
[[2,6,0,1,2,1,2,1,1],0,4].
[[3,8,0,1,1,0,1,2,0],7,11].
[[1,7,2,1,2,0,1,1,1],2,0].
[[2,7,2,1,2,0,1,1,1],4,2].
[[3,3,2,1,2,0,2,2,0],1,0].
[[1,3,2,0,0,0,0,0,0],35,0].
[[3,6,1,1,2,0,1,2,0],7,0].
[[3,6,1,1,1,1,0,0,0],7,2].
[[2,9,1,1,1,0,2,2,1],3,2].
[[3,8,0,1,1,0,2,2,1],1,8].
[[2,8,0,1,2,0,1,1,1],3,5].
[[3,7,0,1,1,1,2,3,1],10,11].
[[3,3,0,1,2,1,0,0,0],0,5].
[[2,7,0,0,0,0,2,2,0],6,6].
[[3,6,1,0,0,0,2,1,0],4,1].
[[3,9,1,1,2,0,2,1,0],1,20].
[[2,9,2,1,2,0,2,1,0],7,10].
[[1,9,2,1,1,1,1,1,0],8,7].
[[2,8,1,1,1,0,2,1,1],2,6].
[[2,8,0,1,1,1,1,2,0],15,13].
[[2,6,1,0,0,0,1,2,1],14,0].
[[3,5,0,1,1,1,1,1,0],24,4].
[[3,3,1,1,1,1,0,0,0],8,1].
[[2,7,1,1,1,1,2,3,1],13,6].
[[3,6,0,1,2,0,1,1,0],1,0].
[[3,4,0,1,2,0,1,1,1],0,5].
[[2,3,2,0,0,0,2,3,1],20,0].
[[3,9,1,1,1,0,2,2,0],0,11].
[[2,6,1,1,2,0,2,3,0],4,1].
[[3,7,1,1,1,1,1,1,0],7,1].
[[1,7,1,0,0,0,2,1,0],2,0].
[[1,8,1,1,2,1,1,1,0],2,4].
[[1,6,1,0,0,0,2,3,0],7,0].
[[2,9,1,1,2,0,0,0,0],0,11].
[[3,9,1,1,2,0,0,0,0],0,3].
[[2,2,1,0,0,0,0,0,0],7,0].
[[3,8,0,1,1,0,2,1,1],2,6].
[[3,7,1,1,1,0,1,2,1],5,7].
[[3,6,0,1,1,1,2,3,1],5,8].
[[1,3,2,0,0,0,2,3,1],1,0].
[[2,8,0,1,2,0,1,2,0],17,12].
[[2,6,0,1,2,1,2,3,1],3,2].
[[2,4,1,1,2,0,2,2,0],7,2].
[[2,7,2,1,2,1,1,1,1],7,0].
[[3,7,2,1,1,1,1,2,0],5,0].
[[3,7,2,1,1,0,1,2,1],2,8].
[[1,7,2,0,0,0,1,2,1],11,1].
[[2,7,2,0,0,0,1,2,0],7,0].
[[2,5,0,1,1,0,1,2,0],0,1].
[[3,5,0,1,1,0,1,2,0],4,1].
[[2,8,1,1,1,0,1,1,0],0,1].
[[3,7,1,1,1,0,1,1,0],1,2].
[[2,7,1,1,1,1,2,3,0],7,0].
[[3,7,0,0,0,0,1,1,1],2,3].
[[2,6,1,1,2,0,2,1,1],5,0].
[[3,3,1,1,2,0,2,1,1],7,0].
[[3,7,0,1,1,1,1,2,0],5,3].
[[3,7,2,1,1,1,1,1,0],1,3].
[[2,4,1,1,2,0,1,1,0],5,0].
[[3,6,0,1,2,0,1,1,1],1,0].
[[3,6,0,1,2,0,1,2,1],1,0].
[[3,7,0,1,2,0,2,2,0],4,7].
[[3,7,2,0,0,0,2,1,0],2,0].
[[3,6,0,1,2,1,0,0,0],15,35].
[[2,3,1,1,2,1,0,0,0],23,0].
[[3,3,1,0,0,0,2,2,0],12,0].
[[3,3,1,1,1,1,2,2,1],4,0].
[[3,7,0,1,2,1,1,1,1],10,8].
[[3,6,1,1,1,1,2,3,0],13,0].
[[3,3,1,1,2,1,2,1,1],17,1].
[[3,7,0,0,0,0,1,2,0],11,4].
[[1,7,2,1,2,1,2,3,1],14,0].
[[2,7,2,1,1,1,2,3,1],10,1].
[[3,6,1,1,1,1,1,2,1],11,1].
[[1,7,1,0,0,0,1,2,1],5,2].
[[2,5,0,1,2,1,1,1,1],19,0].
[[2,7,0,1,2,1,2,3,1],2,5].
[[3,5,0,0,0,0,1,2,1],2,1].
[[3,7,0,1,2,0,2,3,1],8,11].
[[3,6,0,1,2,0,2,2,0],3,5].
[[3,3,2,1,2,0,2,2,1],4,0].
[[3,3,1,1,2,1,2,2,0],9,0].
[[2,9,2,1,1,0,1,1,1],2,4].
[[2,4,1,1,2,0,2,1,1],7,3].
[[2,5,0,1,1,1,1,1,0],3,0].
[[3,2,1,1,2,1,0,0,0],12,0].
[[3,7,2,1,2,0,2,1,0],8,0].
[[2,6,0,0,0,0,2,1,0],1,2].
[[3,2,0,0,0,0,2,1,0],0,1].
[[2,3,1,0,0,0,2,3,1],4,1].
[[2,9,2,1,1,0,2,1,1],1,4].
[[1,6,1,1,2,1,2,3,0],2,2].
[[3,7,2,1,2,1,1,2,0],21,2].
[[3,6,1,1,1,0,2,1,1],1,1].
[[2,6,1,0,0,0,1,1,1],3,1].
[[3,9,1,1,1,0,2,3,0],1,14].
[[3,7,2,1,1,1,2,3,0],5,2].
[[2,6,1,1,2,1,1,2,0],4,1].
[[2,1,1,1,2,0,1,2,0],1,0].
[[3,1,1,1,2,0,1,2,0],1,0].
[[3,3,1,1,2,1,2,3,0],23,3].
[[2,9,1,1,1,0,2,2,0],1,3].
[[2,5,0,1,2,0,1,1,1],4,1].
[[2,6,0,0,0,0,2,1,1],5,2].
[[2,4,1,1,2,0,1,1,1],8,2].
[[1,7,2,0,0,0,2,1,0],4,1].
[[3,3,2,0,0,0,2,1,0],2,0].
[[2,7,0,1,2,1,2,1,1],5,4].
[[3,6,1,1,1,1,2,1,0],3,0].
[[3,3,1,1,1,1,2,3,1],7,0].
[[3,3,1,1,1,1,1,2,1],3,0].
[[3,3,1,1,2,0,2,3,1],6,0].
[[2,8,0,1,2,0,1,2,1],12,12].
[[1,6,1,0,0,0,1,2,1],3,0].
[[3,3,2,1,2,0,1,1,1],2,0].
[[3,7,0,1,2,0,1,2,1],5,0].
[[2,7,1,1,2,0,1,2,1],3,1].
[[2,7,2,1,1,1,2,1,1],6,0].
[[3,6,1,1,1,1,2,2,0],8,0].
[[3,3,2,1,1,0,0,0,0],4,0].
[[3,6,0,0,0,0,1,1,0],4,0].
[[1,7,2,1,2,1,1,2,1],3,0].
[[1,6,1,0,0,0,2,2,0],9,0].
[[3,4,0,1,2,0,2,1,1],0,3].
[[3,6,0,0,0,0,2,2,0],6,5].
[[3,7,0,0,0,0,1,1,0],6,4].
[[3,6,0,1,2,1,1,2,0],14,3].
[[2,6,1,0,0,0,1,1,0],2,0].
[[2,3,1,1,2,1,2,1,1],1,0].
[[3,2,1,0,0,0,0,0,0],5,0].
[[3,7,0,1,1,1,2,1,0],3,2].
[[2,7,2,1,1,0,2,3,1],1,0].
[[2,7,0,1,2,1,2,3,0],4,3].
[[2,7,0,0,0,0,2,1,0],4,1].
[[3,8,0,1,1,0,2,2,0],4,12].
[[3,3,2,1,2,0,2,1,1],4,0].
[[2,9,1,1,1,0,2,3,0],2,5].
[[1,9,2,1,1,1,1,1,1],7,5].
[[3,7,0,1,2,0,2,3,0],8,7].
[[3,6,0,0,0,0,2,1,0],2,2].
[[2,7,1,0,0,0,1,2,0],5,1].
[[3,3,1,0,0,0,1,2,0],2,0].
[[3,6,1,1,2,1,1,1,0],2,1].
[[3,2,1,1,1,1,0,0,0],3,0].
[[3,7,2,1,2,1,1,1,0],6,3].
[[2,8,1,1,1,0,2,1,0],2,0].
[[3,7,0,1,2,0,2,2,1],2,9].
[[3,6,0,1,1,1,0,0,0],2,8].
[[2,6,1,1,1,1,2,2,0],1,0].
[[1,7,1,1,2,1,2,2,1],4,1].
[[3,7,0,1,1,1,2,1,1],4,8].
[[2,7,1,0,0,0,2,1,0],20,7].
[[2,7,0,1,2,1,2,2,0],5,4].
[[2,3,2,0,0,0,2,2,1],11,0].
[[2,6,0,0,0,0,2,3,0],9,3].
[[3,7,0,1,2,0,1,1,1],0,3].
[[2,7,2,1,1,1,2,3,0],1,0].
[[3,3,2,1,1,1,2,3,0],2,0].
[[3,3,2,1,2,0,2,3,0],1,0].
[[1,8,0,0,0,0,1,2,1],5,9].
[[3,8,0,1,1,0,0,0,0],0,4].
[[1,6,1,1,2,1,2,2,0],1,0].
[[2,9,2,1,1,0,2,3,1],2,3].
[[3,9,1,0,0,0,0,0,0],0,2].
[[3,3,1,0,0,0,1,2,1],5,1].
[[3,7,2,1,1,1,2,1,0],1,0].
[[3,6,0,0,0,0,1,1,1],2,0].
[[3,4,0,1,2,0,1,2,1],0,3].
[[2,6,0,1,2,1,2,1,0],3,4].
[[2,6,0,1,2,1,2,2,1],5,4].
[[1,8,1,1,2,0,1,1,1],0,2].
[[3,6,1,1,1,0,0,0,0],1,1].
[[1,6,1,1,2,1,2,1,1],5,0].
[[2,6,1,1,1,1,1,2,1],2,0].
[[2,8,1,1,1,0,1,2,1],4,8].
[[3,3,1,0,0,0,2,1,0],4,0].
[[3,3,0,0,0,0,0,0,0],0,3].
[[3,7,0,1,2,0,1,1,0],4,0].
[[2,9,2,1,1,0,2,1,0],1,1].
[[3,8,0,1,1,0,2,1,0],1,0].
[[2,7,1,1,1,1,2,1,0],2,0].
[[3,3,2,1,1,1,0,0,0],3,1].
[[3,2,1,1,2,0,2,3,1],1,0].
[[2,9,2,1,1,0,2,2,0],0,5].
[[1,7,2,1,2,1,2,1,0],1,0].
[[2,7,2,1,1,1,1,2,0],1,0].
[[2,6,1,1,1,1,1,2,0],0,1].
[[3,6,1,1,1,1,1,1,0],2,2].
[[3,3,2,0,0,0,2,2,0],3,0].
[[3,3,1,1,1,1,2,1,0],1,0].
[[2,6,0,0,0,0,2,3,1],4,4].
[[3,3,2,1,2,1,2,1,0],1,0].
[[2,7,1,1,2,1,1,1,0],2,1].
[[3,3,1,1,2,1,1,1,0],1,0].
[[2,7,0,1,2,1,2,2,1],4,6].
[[3,6,1,1,1,0,2,3,1],4,1].
[[3,3,2,1,2,1,2,2,0],2,0].
[[3,7,0,1,2,0,2,1,1],5,2].
[[1,6,1,0,0,0,1,1,1],3,0].
[[3,6,1,1,1,0,1,2,1],1,1].
[[2,6,0,1,2,1,2,3,0],4,3].
[[1,3,2,0,0,0,2,1,1],1,0].
[[2,3,2,0,0,0,1,1,1],1,0].
[[3,3,2,1,2,1,1,1,1],3,0].
[[2,9,2,1,1,0,2,2,1],0,2].
[[2,3,2,1,2,1,2,3,1],5,0].
[[3,7,2,1,2,0,2,2,0],10,1].
[[2,7,1,1,1,1,2,1,1],6,3].
[[1,6,1,1,2,1,2,3,1],4,0].
[[3,1,1,1,2,0,1,1,0],2,0].
[[3,7,2,1,1,0,2,2,0],2,1].
[[3,6,0,1,1,1,2,1,1],2,0].
[[1,2,1,0,0,0,0,0,0],2,0].
[[2,7,2,1,2,1,2,3,0],11,0].
[[3,6,0,1,1,1,1,2,0],2,1].
[[2,7,0,1,2,1,2,1,0],2,3].
[[2,9,1,1,1,0,2,1,1],1,0].
[[3,8,0,1,1,0,1,2,1],4,10].
[[2,7,2,1,1,1,1,1,1],1,0].
[[3,3,2,1,1,1,1,1,1],1,0].
[[3,6,0,1,2,0,2,2,1],2,3].
[[3,6,0,1,1,1,1,1,1],0,2].
[[1,8,1,1,1,1,1,1,1],2,2].
[[2,9,1,1,1,0,2,3,1],0,5].
[[1,6,0,0,0,0,2,2,0],0,1].
[[3,3,0,0,0,0,2,2,0],0,1].
[[2,7,0,1,2,1,1,2,1],0,1].
[[3,7,0,1,1,1,1,1,1],2,1].
[[1,7,2,1,2,0,2,1,1],1,2].
[[2,7,2,1,1,0,1,2,1],1,1].
[[3,5,0,1,2,0,1,2,1],1,1].
[[2,3,2,1,2,0,2,3,1],1,0].
[[3,3,2,1,2,0,1,2,1],4,0].
[[3,2,1,1,2,1,2,2,1],2,0].
[[1,7,1,0,0,0,1,1,1],1,1].
[[3,3,1,1,2,1,1,2,0],4,0].
[[2,7,1,1,2,0,1,1,1],4,1].
[[3,4,0,1,2,0,2,2,0],0,1].
[[3,3,1,1,2,0,1,1,1],1,0].
[[2,6,1,1,1,1,2,1,1],2,1].
[[1,8,1,1,2,0,1,1,0],1,0].
[[2,3,1,0,0,0,1,1,1],1,0].
[[3,3,1,0,0,0,1,1,1],1,0].
[[3,7,2,1,1,1,2,2,0],2,0].
[[2,8,1,1,1,0,0,0,0],0,2].
[[3,3,2,0,0,0,1,2,1],8,0].
[[1,3,2,0,0,0,2,2,1],3,0].
[[3,2,1,0,0,0,2,2,1],1,0].
[[1,7,1,1,2,1,2,3,0],3,1].
[[3,7,0,1,2,0,1,2,0],2,1].
[[3,6,0,1,2,0,1,2,0],2,0].
[[3,7,2,0,0,0,2,2,0],1,1].
[[2,8,1,1,1,0,1,2,0],0,2].
[[3,6,1,1,1,0,1,2,0],0,1].
[[2,3,2,1,2,1,2,1,1],3,0].
[[3,3,2,1,1,1,2,1,1],1,0].
[[1,7,1,1,2,1,1,2,1],2,1].
[[2,7,1,1,1,1,1,2,1],1,2].
[[3,6,0,1,2,0,2,3,0],2,3].
[[3,3,2,0,0,0,1,2,0],2,0].
[[2,6,0,0,0,0,1,1,0],2,0].
[[3,3,2,1,1,0,2,3,1],2,0].
[[2,7,0,0,0,0,1,2,0],2,1].
[[2,6,1,1,1,1,2,3,1],2,0].
[[3,3,2,1,1,1,2,3,1],2,0].
[[2,9,1,1,1,0,0,0,0],0,2].
[[3,6,1,0,0,0,1,1,0],4,1].
[[2,3,1,0,0,0,2,2,0],2,1].
[[3,9,1,1,1,1,0,0,0],0,1].
[[2,3,1,1,2,1,2,3,1],3,0].
[[2,3,2,1,2,0,2,2,1],2,0].
[[2,6,1,1,2,0,1,2,0],2,0].
[[2,5,0,1,2,0,1,2,0],2,1].
[[1,7,2,1,2,1,2,2,0],1,1].
[[2,7,2,1,1,1,1,1,0],0,1].
[[1,8,1,1,1,1,1,2,0],1,1].
[[2,9,2,1,1,0,1,2,0],0,2].
[[2,3,2,0,0,0,2,1,0],1,0].
[[3,7,2,1,1,0,2,3,0],1,1].
[[3,6,1,1,2,0,1,1,1],5,2].
[[3,3,2,1,1,0,2,2,1],2,0].
[[3,3,1,1,2,0,2,2,0],0,1].
[[3,7,0,1,1,1,1,1,0],3,0].
[[1,6,0,0,0,0,2,3,0],1,1].
[[2,9,2,1,1,0,0,0,0],0,1].
[[1,8,1,1,2,0,2,1,0],4,0].
[[1,7,2,0,0,0,1,1,1],0,3].
[[3,6,0,1,2,1,1,1,1],1,3].
[[3,3,1,1,2,0,2,3,0],4,0].
[[2,6,1,1,1,1,2,2,1],4,0].
[[3,7,2,1,1,0,1,2,0],1,0].
[[2,4,1,1,2,0,0,0,0],2,0].
[[2,7,1,1,2,0,1,2,0],2,0].
[[2,7,2,1,2,0,1,2,0],0,1].
[[2,7,0,0,0,0,1,2,1],1,0].
[[3,3,2,0,0,0,2,3,0],2,0].
[[2,3,2,1,2,0,2,1,1],2,0].
[[1,8,1,1,1,1,2,1,0],1,4].
[[2,3,2,0,0,0,2,2,0],1,0].
[[3,3,2,0,0,0,1,1,0],1,0].
[[3,7,1,1,1,0,1,2,0],4,1].
[[3,3,1,1,1,1,2,2,0],1,0].
[[3,7,1,1,1,0,2,2,0],1,1].
[[3,2,0,1,2,1,2,2,0],0,1].
[[2,9,1,1,1,0,2,1,0],0,2].
[[3,3,2,1,2,1,2,3,0],1,0].
[[1,8,0,1,2,1,1,2,1],1,2].
[[3,2,1,1,2,1,1,2,1],1,0].
[[3,3,2,0,0,0,1,1,1],1,0].
[[2,7,2,1,2,1,1,1,0],1,1].
[[3,6,0,1,1,1,1,2,1],1,0].
[[3,3,2,1,1,1,2,2,1],2,0].
[[2,8,1,1,1,0,2,2,0],1,1].
[[3,6,1,1,1,0,1,1,1],0,1].
[[2,3,2,1,2,1,1,2,1],1,0].
[[2,3,1,0,0,0,2,2,1],2,0].
[[3,3,1,1,2,0,1,2,0],1,0].
[[3,7,2,1,1,0,0,0,0],3,1].
[[3,2,0,1,2,1,0,0,0],1,0].
[[3,3,2,1,1,0,2,1,1],1,0].
[[2,6,1,1,1,1,2,1,0],1,0].
[[3,2,1,0,0,0,2,1,1],1,0].
[[2,2,1,1,2,1,2,1,0],1,0].
[[3,2,1,1,1,1,2,1,0],1,0].
[[3,3,1,0,0,0,1,1,0],1,0].
[[1,6,1,1,2,1,1,2,1],1,0].
[[2,3,1,1,2,1,1,2,1],1,0].
[[2,7,2,1,1,0,2,3,0],1,0].
[[3,7,2,1,1,0,2,1,0],1,0].
[[3,6,0,1,2,0,2,1,0],1,0].
[[1,6,0,0,0,0,2,1,0],1,0].
[[2,6,1,1,2,1,1,1,0],1,0].
[[3,6,1,1,1,0,2,2,0],1,0].
[[3,2,1,1,2,1,2,1,1],1,0].
[[3,8,1,1,1,0,0,0,0],0,1].
[[3,2,0,1,2,1,2,2,1],1,0].
[[2,7,2,1,2,0,2,2,0],1,0].
[[3,3,0,0,0,0,2,3,0],0,1].
[[2,7,2,0,0,0,1,1,0],1,0].
