total_WL(6409,5599).
[[1,8,0,1,2,2,2,3,0],34,37].
[[2,8,0,1,2,2,2,3,0],64,87].
[[3,8,0,1,2,2,2,3,0],41,105].
[[1,9,2,1,1,2,2,3,1],103,65].
[[2,9,2,1,1,2,1,2,1],67,67].
[[3,8,1,1,1,2,1,2,1],150,80].
[[1,8,1,0,0,0,0,0,0],343,169].
[[2,8,1,0,0,0,2,1,1],80,40].
[[3,8,1,1,2,0,2,1,1],33,19].
[[2,8,1,1,2,0,2,2,1],50,37].
[[3,8,1,1,1,0,1,2,1],18,26].
[[1,8,1,1,2,2,0,0,0],251,123].
[[2,8,1,1,1,2,2,3,1],79,35].
[[3,8,1,1,1,2,2,2,1],47,17].
[[1,9,2,0,0,0,0,0,0],75,244].
[[2,8,1,0,0,0,2,3,1],184,85].
[[3,8,1,0,0,0,2,3,1],35,21].
[[1,9,2,1,2,2,0,0,0],114,263].
[[2,9,2,1,2,2,0,0,0],1,57].
[[3,8,0,1,2,2,0,0,0],0,37].
[[1,8,1,0,0,0,2,3,1],291,112].
[[2,8,1,1,2,0,2,3,1],62,45].
[[3,8,1,1,2,0,1,2,1],91,46].
[[1,9,2,1,1,2,2,2,0],62,24].
[[2,8,0,1,1,2,2,2,0],31,18].
[[3,8,0,1,1,2,2,2,0],17,54].
[[1,9,2,0,0,0,2,2,1],157,248].
[[2,9,2,0,0,0,1,2,1],57,85].
[[3,9,2,0,0,0,1,2,1],7,24].
[[1,9,2,0,0,0,1,2,1],71,81].
[[2,8,0,1,2,2,1,2,1],27,49].
[[3,8,0,1,2,2,1,2,1],49,166].
[[1,8,0,1,2,2,0,0,0],157,219].
[[2,7,1,1,2,2,0,0,0],94,55].
[[3,7,1,1,2,2,2,2,0],16,7].
[[3,8,1,1,2,2,2,1,1],75,31].
[[2,8,0,1,2,2,0,0,0],29,110].
[[3,8,0,1,1,0,2,3,0],1,10].
[[1,9,2,0,0,0,2,3,0],129,189].
[[2,8,1,0,0,0,2,3,0],39,14].
[[3,8,1,0,0,0,1,2,1],79,34].
[[2,7,2,0,0,0,2,3,1],31,4].
[[3,7,1,1,2,0,2,3,1],43,20].
[[1,9,2,0,0,0,2,3,1],194,308].
[[2,9,2,0,0,0,2,2,1],25,82].
[[3,9,1,1,2,0,1,2,1],11,41].
[[1,6,1,0,0,0,1,2,1],3,0].
[[2,6,1,0,0,0,1,1,1],1,0].
[[3,3,2,1,2,0,1,1,1],2,0].
[[1,8,1,1,2,2,2,3,1],223,78].
[[2,7,2,1,2,2,2,3,1],46,2].
[[3,7,2,1,1,2,1,2,1],26,1].
[[1,9,2,1,2,2,2,2,1],167,274].
[[2,9,2,1,1,2,2,2,1],37,37].
[[3,9,2,1,1,2,2,2,1],0,10].
[[1,9,2,1,1,2,2,1,1],55,30].
[[2,9,1,1,1,2,2,3,1],11,8].
[[3,8,0,1,1,2,2,3,1],21,57].
[[1,8,1,0,0,0,2,2,1],218,81].
[[2,8,1,0,0,0,1,1,1],36,33].
[[3,5,0,0,0,0,1,1,1],21,2].
[[1,8,1,0,0,0,1,2,0],7,1].
[[2,8,1,1,2,0,1,2,0],3,4].
[[3,8,1,1,2,0,1,2,0],23,9].
[[1,9,2,1,2,2,2,3,1],194,300].
[[2,9,2,1,2,2,2,3,1],48,127].
[[3,9,2,1,2,2,1,2,1],28,131].
[[2,9,2,1,2,0,2,2,1],9,28].
[[3,9,2,1,1,0,1,2,1],3,11].
[[1,8,0,0,0,0,2,3,1],35,39].
[[2,7,1,0,0,0,2,2,1],32,13].
[[3,7,1,0,0,0,1,1,1],11,4].
[[1,8,1,1,2,2,2,2,0],21,10].
[[2,8,1,1,2,2,2,2,0],27,10].
[[3,8,1,1,2,2,2,2,0],11,18].
[[2,9,2,0,0,0,2,3,1],29,79].
[[3,9,1,0,0,0,1,2,1],9,31].
[[2,9,1,1,1,2,2,1,1],12,8].
[[3,9,1,1,1,2,1,2,1],35,89].
[[1,6,1,0,0,0,0,0,0],90,4].
[[2,6,1,1,2,2,0,0,0],45,1].
[[3,6,1,1,2,2,2,2,1],33,2].
[[1,9,2,1,2,2,2,3,0],161,189].
[[2,8,1,1,2,2,1,2,1],173,85].
[[3,8,1,1,2,2,1,2,1],247,155].
[[1,8,1,1,1,2,2,3,1],42,9].
[[1,9,2,1,2,2,2,1,1],112,170].
[[2,9,1,1,2,2,1,2,1],31,57].
[[3,8,0,1,1,2,1,2,1],57,116].
[[2,9,1,1,2,2,2,3,0],14,28].
[[3,9,1,1,2,2,1,2,0],35,59].
[[1,6,1,1,2,2,2,3,1],7,0].
[[2,6,1,1,1,2,2,2,1],5,0].
[[3,6,1,1,1,2,2,3,0],5,0].
[[1,9,2,0,0,0,2,1,1],92,163].
[[2,8,0,1,2,2,2,1,1],35,80].
[[3,7,0,1,2,2,2,1,1],8,11].
[[1,9,2,1,2,2,2,1,0],61,54].
[[2,9,1,1,2,2,2,1,0],5,2].
[[3,8,1,1,2,2,2,3,1],103,60].
[[2,7,1,0,0,0,2,3,1],37,16].
[[3,7,1,1,2,0,1,2,1],28,14].
[[1,9,2,1,2,2,2,2,0],127,149].
[[2,9,2,1,2,2,2,2,0],46,97].
[[3,8,0,1,2,2,2,2,0],36,86].
[[1,8,0,0,0,0,0,0,0],109,193].
[[2,8,0,1,2,0,2,3,0],7,16].
[[2,8,1,1,2,2,0,0,0],27,31].
[[3,8,1,1,2,2,2,2,1],100,66].
[[1,8,1,0,0,0,2,2,0],30,9].
[[2,8,1,0,0,0,2,2,0],18,5].
[[3,8,1,1,2,0,2,2,0],3,5].
[[2,8,0,0,0,0,1,2,1],20,18].
[[3,8,0,1,2,0,1,2,1],16,41].
[[1,9,2,1,1,2,2,2,1],88,53].
[[2,4,2,1,2,0,2,2,1],47,2].
[[3,4,2,1,2,0,2,2,1],80,3].
[[2,8,0,1,1,2,0,0,0],35,41].
[[3,8,0,1,1,2,2,1,0],9,13].
[[2,9,1,1,1,2,2,2,0],9,9].
[[2,8,1,0,0,0,2,2,1],136,64].
[[2,9,2,0,0,0,2,2,0],22,50].
[[3,9,1,1,2,0,2,2,0],2,13].
[[2,7,2,1,2,2,0,0,0],26,7].
[[3,7,2,1,2,2,2,3,1],48,5].
[[1,8,1,1,1,2,2,1,1],23,3].
[[2,8,1,1,1,2,1,2,1],67,17].
[[3,7,1,1,2,2,2,3,1],139,52].
[[2,4,2,1,2,0,2,1,1],34,2].
[[3,4,2,1,2,0,2,1,1],58,2].
[[2,9,1,0,0,0,2,1,1],4,10].
[[3,8,1,0,0,0,2,1,1],25,14].
[[2,9,2,1,2,2,2,3,0],54,150].
[[3,5,0,1,2,2,1,2,0],53,1].
[[3,7,1,1,1,2,2,3,1],60,27].
[[1,8,0,1,1,2,2,1,1],12,2].
[[2,4,2,1,2,0,1,2,1],61,1].
[[3,4,2,1,2,0,1,2,1],190,2].
[[1,9,2,0,0,0,1,2,0],45,40].
[[2,9,2,0,0,0,1,2,0],22,17].
[[3,9,1,1,2,0,1,2,0],5,26].
[[2,8,1,1,2,2,2,2,1],200,97].
[[2,8,1,1,2,0,2,1,1],36,27].
[[3,8,1,1,1,0,2,1,1],8,16].
[[2,8,0,1,2,0,2,3,1],10,23].
[[3,8,0,1,2,0,2,3,1],8,24].
[[3,8,0,1,2,2,2,3,1],31,102].
[[3,9,2,1,2,2,1,2,0],12,17].
[[2,9,2,1,2,0,1,2,0],7,11].
[[3,8,0,1,2,0,1,2,0],12,24].
[[2,9,2,1,1,2,1,1,1],28,21].
[[3,9,1,1,1,2,1,2,0],26,46].
[[2,8,1,1,1,2,2,2,0],7,5].
[[3,4,2,1,2,0,2,2,0],47,4].
[[2,7,1,1,2,2,2,3,1],75,29].
[[1,9,2,0,0,0,2,2,0],100,116].
[[2,8,1,0,0,0,1,2,1],97,45].
[[3,8,1,0,0,0,1,1,1],23,30].
[[1,8,0,1,2,2,2,2,1],26,53].
[[2,8,0,1,2,2,2,2,1],51,115].
[[3,9,2,1,1,2,1,2,1],25,76].
[[3,9,1,1,2,2,1,2,1],36,125].
[[2,8,0,1,1,2,2,3,0],48,38].
[[3,8,0,1,1,2,2,3,0],39,90].
[[2,8,0,1,1,2,1,1,1],10,9].
[[3,8,0,1,1,2,1,1,1],14,40].
[[3,9,1,1,1,2,0,0,0],0,3].
[[3,7,1,0,0,0,2,3,1],48,13].
[[3,7,2,1,2,0,2,3,1],31,1].
[[1,7,1,0,0,0,0,0,0],71,32].
[[3,7,1,0,0,0,2,2,1],31,14].
[[3,9,2,1,2,0,1,2,1],8,40].
[[3,8,0,1,2,2,1,2,0],54,54].
[[1,8,1,1,2,2,2,1,1],113,26].
[[2,8,1,1,2,2,2,1,1],123,49].
[[1,8,1,1,2,2,2,2,1],133,61].
[[2,6,1,1,2,2,2,2,1],27,1].
[[3,3,1,1,1,2,2,2,1],7,0].
[[2,8,1,1,2,2,2,3,1],216,111].
[[2,9,2,1,2,2,2,2,1],34,137].
[[3,8,0,1,1,2,2,2,1],19,56].
[[2,5,0,1,2,2,1,2,0],15,2].
[[2,8,1,0,0,0,2,1,0],11,3].
[[2,9,1,1,2,2,2,2,1],10,25].
[[3,9,1,1,1,2,2,2,1],3,10].
[[2,9,2,1,1,2,2,3,0],46,69].
[[3,4,2,1,2,0,2,3,0],82,4].
[[2,7,0,0,0,0,0,0,0],2,7].
[[3,7,0,1,2,2,0,0,0],9,18].
[[3,8,1,0,0,0,2,2,1],33,18].
[[2,9,2,1,2,2,1,2,1],97,200].
[[2,9,2,1,1,2,2,2,0],29,41].
[[3,8,1,1,1,2,1,1,1],36,30].
[[2,8,1,1,1,2,2,2,1],85,21].
[[3,7,1,1,2,2,1,2,1],88,33].
[[1,8,1,1,2,0,2,3,1],19,16].
[[1,8,0,0,0,0,2,3,0],18,29].
[[2,8,0,0,0,0,1,2,0],6,10].
[[3,5,0,0,0,0,1,2,0],12,0].
[[2,7,1,1,2,2,2,2,1],44,20].
[[3,3,1,1,2,2,2,2,1],17,0].
[[1,8,1,0,0,0,2,1,1],120,61].
[[2,7,1,0,0,0,2,1,1],24,7].
[[2,5,0,0,0,0,1,1,1],15,1].
[[3,5,0,1,2,0,1,1,1],19,3].
[[2,7,1,1,1,2,2,3,1],20,5].
[[3,4,2,1,2,0,2,3,1],70,4].
[[2,8,0,1,2,2,2,3,1],69,124].
[[3,8,0,1,2,2,2,1,1],32,47].
[[1,9,2,1,2,0,2,1,0],5,5].
[[2,9,2,1,2,0,2,1,0],4,10].
[[3,8,0,1,2,2,2,1,0],8,27].
[[1,8,0,0,0,0,2,2,0],15,17].
[[2,8,0,0,0,0,1,1,0],4,5].
[[3,8,0,1,2,2,1,1,0],13,21].
[[2,9,1,1,2,0,1,1,1],2,6].
[[3,8,0,1,2,0,1,1,1],4,8].
[[3,8,1,1,2,2,1,1,1],90,72].
[[2,9,2,0,0,0,2,3,0],28,72].
[[3,9,2,1,2,2,2,2,1],2,16].
[[3,9,2,1,1,2,2,2,0],0,20].
[[3,7,1,1,1,2,2,2,1],61,26].
[[1,8,1,1,2,0,2,3,0],6,2].
[[2,8,1,1,2,0,2,3,0],11,5].
[[3,8,1,1,2,0,1,1,0],7,4].
[[2,9,1,0,0,0,2,2,0],5,13].
[[3,9,1,0,0,0,2,2,0],1,11].
[[2,9,2,1,1,2,2,1,1],26,33].
[[3,8,0,1,1,2,2,1,1],23,50].
[[3,8,1,1,2,0,2,2,1],38,30].
[[1,9,2,1,2,2,1,1,1],37,43].
[[2,8,1,1,2,2,1,1,1],67,45].
[[3,7,1,1,2,2,1,1,1],44,28].
[[1,8,1,0,0,0,1,2,1],60,31].
[[2,8,1,1,2,0,1,1,1],16,20].
[[1,4,2,1,2,0,1,2,0],5,0].
[[2,4,2,1,2,0,1,2,0],18,1].
[[3,4,2,1,2,0,1,2,0],79,1].
[[1,9,2,0,0,0,2,1,0],36,57].
[[2,9,2,0,0,0,1,1,0],7,20].
[[3,8,0,1,2,0,1,1,0],3,5].
[[3,7,0,1,2,2,2,3,1],16,13].
[[3,7,1,1,2,0,2,1,1],29,11].
[[3,8,1,1,1,2,2,1,1],43,27].
[[3,9,1,1,2,2,2,3,0],5,49].
[[1,9,2,1,2,2,1,2,1],83,114].
[[2,5,0,1,1,2,1,1,0],5,0].
[[3,4,2,1,2,0,1,1,0],36,0].
[[2,9,1,1,1,2,1,1,1],8,3].
[[3,9,1,1,1,2,1,1,1],9,26].
[[2,7,1,1,2,2,2,1,1],34,9].
[[3,7,1,1,1,2,1,1,1],27,11].
[[3,9,1,1,1,2,2,2,0],2,29].
[[1,7,2,0,0,0,0,0,0],90,12].
[[3,7,2,0,0,0,1,2,1],22,2].
[[3,7,1,1,1,2,2,1,1],37,16].
[[1,8,1,1,1,2,2,2,1],29,4].
[[2,7,1,1,1,2,2,2,1],15,4].
[[1,8,0,1,1,2,2,2,1],16,8].
[[2,8,0,1,1,2,2,3,1],43,64].
[[3,7,1,1,2,0,2,2,1],40,15].
[[2,6,0,1,2,2,0,0,0],12,9].
[[3,6,0,1,1,2,0,0,0],0,6].
[[2,9,1,1,1,2,1,2,0],15,16].
[[3,8,1,0,0,0,1,2,0],11,6].
[[2,8,1,0,0,0,1,2,0],15,8].
[[2,8,1,1,1,0,2,3,1],2,10].
[[3,7,1,1,1,0,2,3,1],3,17].
[[1,7,1,1,2,2,2,2,0],3,0].
[[2,7,1,1,2,2,2,2,0],9,0].
[[3,3,1,1,2,2,2,2,0],4,0].
[[2,9,1,1,2,2,2,2,0],11,23].
[[1,4,2,1,2,0,0,0,0],13,3].
[[2,4,2,1,2,0,2,1,0],10,1].
[[2,8,0,0,0,0,2,3,1],35,47].
[[3,8,0,0,0,0,2,3,1],12,21].
[[1,4,2,1,2,0,2,2,0],10,0].
[[2,9,2,1,1,2,2,3,1],38,52].
[[3,9,1,1,1,2,2,3,0],5,29].
[[2,7,2,1,2,0,0,0,0],17,5].
[[3,7,2,1,2,2,2,1,1],28,3].
[[2,8,0,1,1,2,2,1,1],26,30].
[[2,9,2,1,2,0,2,3,0],19,30].
[[3,8,1,1,1,0,2,3,1],6,14].
[[1,8,0,1,2,2,1,1,0],3,2].
[[2,8,0,1,2,2,1,1,0],9,9].
[[1,4,2,1,2,0,2,1,1],7,1].
[[1,9,2,1,2,0,2,2,1],13,31].
[[2,8,0,1,2,0,2,2,1],6,22].
[[3,9,1,0,0,0,2,3,0],1,8].
[[1,7,1,1,2,2,0,0,0],71,23].
[[2,3,1,1,2,2,0,0,0],14,1].
[[3,9,1,0,0,0,1,2,0],6,13].
[[1,8,1,0,0,0,2,3,0],49,16].
[[2,8,1,1,2,2,2,1,0],16,2].
[[3,7,1,1,2,2,2,1,0],5,3].
[[3,8,1,1,2,0,2,3,1],48,23].
[[2,9,2,1,2,2,2,1,0],21,34].
[[2,9,2,1,2,2,1,1,1],30,65].
[[3,8,0,1,2,2,1,1,1],25,61].
[[3,8,1,1,1,2,2,3,1],57,41].
[[1,9,2,1,2,2,1,2,0],52,49].
[[2,9,1,1,2,2,1,2,0],28,38].
[[1,9,2,1,1,2,2,1,0],33,10].
[[2,4,2,1,2,0,2,3,0],39,1].
[[2,8,0,0,0,0,0,0,0],10,66].
[[3,7,0,0,0,0,0,0,0],1,4].
[[1,8,0,1,1,2,2,2,0],8,1].
[[2,4,2,1,2,0,2,2,0],37,0].
[[2,4,2,1,2,0,1,1,1],22,0].
[[3,9,1,1,2,2,2,2,0],5,36].
[[3,5,0,1,2,2,1,2,1],5,3].
[[3,6,1,1,2,2,1,2,1],21,3].
[[2,9,1,1,2,2,2,1,1],4,28].
[[2,8,0,1,2,2,2,2,0],42,54].
[[1,8,1,1,2,0,2,2,1],19,13].
[[2,6,0,1,1,2,2,2,1],1,1].
[[3,6,0,1,1,2,2,2,1],5,3].
[[2,9,1,1,2,0,1,2,1],10,15].
[[3,9,1,1,1,0,1,2,1],2,16].
[[3,6,0,1,1,2,2,3,1],1,7].
[[1,7,2,1,2,2,0,0,0],26,3].
[[2,3,2,1,2,2,0,0,0],9,0].
[[3,3,2,1,2,2,2,1,1],7,0].
[[2,8,1,0,0,0,0,0,0],24,12].
[[1,6,1,1,2,2,2,2,1],6,0].
[[3,6,1,1,1,2,2,1,0],3,0].
[[2,7,2,1,2,0,2,3,1],15,1].
[[3,7,2,1,2,0,1,2,1],33,4].
[[3,7,2,0,0,0,2,3,1],23,2].
[[2,9,2,1,2,2,1,2,0],64,51].
[[3,5,0,1,1,2,1,1,0],16,3].
[[3,3,1,0,0,0,2,2,1],5,1].
[[3,9,2,1,1,2,1,2,0],11,18].
[[3,8,1,0,0,0,2,2,0],6,1].
[[3,9,2,1,1,2,1,1,1],11,21].
[[2,9,1,1,2,2,0,0,0],0,7].
[[3,7,1,1,2,2,2,2,1],100,42].
[[1,8,1,1,2,0,0,0,0],32,32].
[[1,8,0,1,2,2,2,3,1],39,66].
[[2,6,1,0,0,0,2,1,1],10,3].
[[3,6,1,0,0,0,2,1,1],13,0].
[[1,9,2,1,2,2,1,1,0],13,25].
[[2,9,2,1,2,2,1,1,0],16,28].
[[3,9,1,1,1,2,1,1,0],8,19].
[[2,9,2,1,1,2,1,1,0],17,11].
[[2,6,1,0,0,0,2,3,1],34,0].
[[3,6,1,1,2,0,2,3,1],19,0].
[[2,9,2,1,1,2,1,2,0],22,18].
[[3,8,0,1,1,2,1,2,0],30,32].
[[1,4,2,1,2,0,2,3,0],13,1].
[[2,4,2,1,2,0,1,1,0],14,0].
[[3,8,1,1,2,2,1,2,0],40,19].
[[2,8,1,1,1,2,2,3,0],14,5].
[[3,8,1,1,1,2,2,3,0],10,10].
[[1,9,2,1,1,2,0,0,0],56,64].
[[1,9,2,0,0,0,1,1,1],28,36].
[[2,9,1,0,0,0,1,1,1],7,13].
[[3,9,1,1,2,0,1,1,1],4,18].
[[3,7,1,1,1,2,0,0,0],10,5].
[[2,9,2,1,2,2,2,1,1],33,74].
[[3,9,2,1,2,2,2,1,1],1,10].
[[2,8,0,0,0,0,2,2,0],24,27].
[[3,8,0,0,0,0,2,2,0],7,20].
[[2,9,2,1,2,0,1,2,1],21,34].
[[2,8,1,1,2,2,2,3,0],62,20].
[[1,8,0,0,0,0,2,1,1],17,14].
[[2,7,1,1,2,0,2,1,1],13,2].
[[3,7,1,1,2,2,2,1,1],69,26].
[[3,7,0,1,2,2,2,2,0],6,5].
[[3,9,2,1,2,0,1,2,0],5,7].
[[3,8,0,0,0,0,2,2,1],11,24].
[[3,9,1,1,2,2,1,1,1],17,67].
[[3,7,2,1,1,2,2,2,1],10,2].
[[2,8,0,0,0,0,2,2,1],43,41].
[[3,7,0,0,0,0,2,2,1],1,6].
[[3,8,0,1,2,0,2,1,1],4,15].
[[1,8,0,1,2,2,2,1,1],25,20].
[[3,7,0,1,2,0,0,0,0],0,6].
[[1,8,1,1,1,2,0,0,0],54,11].
[[2,6,1,0,0,0,0,0,0],40,3].
[[2,9,1,1,2,2,1,1,1],14,27].
[[3,9,2,1,1,2,2,3,0],2,41].
[[1,7,2,1,2,0,2,3,1],3,0].
[[3,7,1,1,1,2,1,2,1],52,12].
[[3,9,1,1,2,0,2,3,0],3,8].
[[1,8,0,1,1,2,0,0,0],62,45].
[[2,8,0,0,0,0,2,1,0],8,13].
[[3,8,0,1,2,0,2,1,0],3,8].
[[3,6,0,1,2,2,2,3,1],5,7].
[[2,7,2,1,1,2,2,3,1],10,1].
[[3,7,2,1,1,2,2,3,1],18,3].
[[2,8,0,1,1,2,2,2,1],47,45].
[[2,7,1,1,1,2,0,0,0],19,9].
[[2,9,1,1,2,0,2,1,1],1,4].
[[3,7,1,0,0,0,2,1,1],15,9].
[[3,8,1,1,2,0,1,1,1],33,27].
[[1,9,2,1,2,0,2,3,1],18,30].
[[1,9,2,1,2,0,0,0,0],9,32].
[[2,8,1,1,1,2,2,1,1],51,13].
[[2,7,1,1,2,2,2,3,0],10,5].
[[3,7,1,1,2,2,2,3,0],28,10].
[[2,8,0,1,2,2,2,1,0],19,28].
[[1,4,2,1,2,0,2,3,1],19,0].
[[2,4,2,1,2,0,2,3,1],56,0].
[[3,8,0,0,0,0,1,2,1],18,30].
[[1,9,2,1,1,2,1,2,1],33,24].
[[3,8,1,1,1,2,1,2,0],19,6].
[[3,7,2,1,2,0,2,1,1],15,2].
[[2,6,0,0,0,0,0,0,0],2,6].
[[3,6,0,0,0,0,2,3,1],1,2].
[[1,8,1,1,2,0,2,1,1],17,7].
[[2,8,1,1,1,0,1,2,1],1,8].
[[3,4,0,1,2,0,1,1,1],0,1].
[[1,8,0,0,0,0,2,2,1],38,41].
[[1,9,2,1,1,2,2,3,0],69,39].
[[3,8,0,0,0,0,1,2,0],13,6].
[[1,8,0,1,1,2,2,3,1],19,10].
[[2,7,0,1,1,2,2,3,1],2,1].
[[3,7,0,1,1,2,2,3,1],10,12].
[[2,3,1,0,0,0,0,0,0],14,1].
[[3,3,1,1,2,0,2,2,1],3,0].
[[1,9,2,1,2,0,2,2,0],14,16].
[[2,9,2,1,2,0,2,2,0],13,15].
[[2,9,2,1,2,0,0,0,0],1,11].
[[3,9,1,1,1,0,0,0,0],0,2].
[[2,9,2,0,0,0,1,1,1],21,24].
[[3,9,2,1,2,2,1,1,1],10,39].
[[2,7,1,0,0,0,0,0,0],46,21].
[[3,9,1,1,1,2,2,1,1],6,11].
[[2,8,1,1,2,0,2,1,0],1,1].
[[3,5,0,1,2,0,1,1,0],11,6].
[[3,9,2,1,2,0,2,3,0],1,13].
[[3,9,2,0,0,0,1,1,0],0,1].
[[2,8,1,1,2,0,1,2,1],52,20].
[[1,6,1,1,2,2,2,1,1],4,0].
[[2,6,1,1,2,2,2,1,1],16,0].
[[3,6,1,1,2,2,2,1,1],24,2].
[[1,9,2,1,1,2,1,2,0],21,13].
[[2,8,0,1,1,2,1,2,0],11,7].
[[2,9,1,0,0,0,2,1,0],1,4].
[[2,9,2,1,1,2,2,1,0],11,19].
[[3,6,0,1,2,2,1,2,1],2,3].
[[2,9,1,0,0,0,0,0,0],0,3].
[[1,6,1,0,0,0,2,3,1],12,1].
[[3,6,1,0,0,0,1,2,1],15,1].
[[1,8,0,1,1,2,2,3,0],14,7].
[[3,7,0,1,1,2,2,3,0],7,5].
[[1,8,1,1,1,2,1,2,0],1,0].
[[2,8,0,1,2,0,0,0,0],4,18].
[[2,8,0,1,2,0,2,1,0],3,1].
[[3,7,0,1,1,2,2,2,0],5,10].
[[3,8,0,1,2,2,2,2,1],32,89].
[[3,8,0,1,1,0,1,2,1],6,10].
[[1,8,1,1,2,2,1,2,1],43,28].
[[1,9,2,1,2,0,2,1,1],7,23].
[[2,9,2,1,1,0,1,1,1],1,4].
[[3,9,2,1,1,0,1,1,1],0,7].
[[3,8,1,1,2,2,2,3,0],23,34].
[[1,9,2,0,0,0,1,1,0],11,28].
[[2,9,2,1,2,0,2,3,1],7,37].
[[3,9,1,1,1,0,2,3,1],0,3].
[[2,9,2,1,2,0,1,1,1],9,11].
[[2,9,1,1,2,0,0,0,0],0,1].
[[3,9,1,1,2,0,0,0,0],0,2].
[[3,7,1,0,0,0,2,1,0],2,2].
[[2,8,0,1,1,2,1,2,1],19,22].
[[2,8,1,1,1,2,1,1,1],19,9].
[[3,4,2,1,2,0,1,1,1],97,1].
[[3,9,2,1,2,2,2,3,0],1,47].
[[3,8,1,1,2,0,2,3,0],5,9].
[[1,8,1,0,0,0,1,1,1],21,18].
[[1,7,2,0,0,0,2,3,1],20,2].
[[2,7,2,0,0,0,1,2,1],18,2].
[[3,7,2,1,2,0,1,1,1],8,2].
[[3,9,2,0,0,0,2,3,1],0,5].
[[1,8,1,1,2,2,2,1,0],16,2].
[[3,8,1,1,1,2,1,1,0],5,6].
[[2,7,1,1,2,0,2,2,1],5,2].
[[3,7,1,1,2,0,1,1,1],8,8].
[[3,3,1,1,2,2,0,0,0],32,4].
[[1,4,2,1,2,0,1,1,1],5,0].
[[1,9,2,1,1,2,1,1,1],17,11].
[[2,6,1,1,2,0,2,1,1],4,2].
[[3,3,1,1,2,0,2,1,1],3,0].
[[3,6,1,1,1,2,2,1,1],8,1].
[[2,7,2,1,2,2,2,1,1],23,2].
[[3,7,2,1,2,2,1,2,1],54,3].
[[3,8,0,1,2,0,2,2,0],5,24].
[[3,9,2,1,2,2,2,3,1],1,10].
[[1,8,1,1,2,2,1,1,1],15,12].
[[2,7,1,1,2,2,1,1,1],9,4].
[[3,8,0,0,0,0,2,1,0],1,5].
[[1,7,1,0,0,0,2,2,1],7,1].
[[1,6,0,1,2,2,0,0,0],8,7].
[[2,6,0,1,2,2,2,2,1],3,6].
[[3,6,0,1,2,2,2,2,1],7,9].
[[3,9,1,1,2,2,1,1,0],11,10].
[[2,6,0,1,2,2,2,3,0],1,4].
[[3,6,0,1,2,2,2,3,0],3,5].
[[2,9,1,1,2,0,2,2,1],0,3].
[[2,7,2,0,0,0,2,2,1],49,0].
[[3,7,2,1,2,0,2,2,1],27,2].
[[2,9,1,1,2,0,2,2,0],2,8].
[[2,9,2,0,0,0,2,1,1],15,33].
[[3,9,1,1,2,2,2,1,1],6,18].
[[3,5,0,1,1,2,1,2,0],30,0].
[[2,8,1,1,2,0,2,2,0],11,6].
[[3,6,0,0,0,0,2,2,1],2,1].
[[2,6,1,1,1,2,2,1,1],4,1].
[[1,9,2,1,2,0,2,3,0],11,14].
[[1,8,0,1,2,2,2,2,0],23,18].
[[2,8,0,1,2,2,1,2,0],20,16].
[[2,7,1,1,2,2,1,2,1],18,5].
[[2,7,1,1,2,2,2,1,0],3,2].
[[3,7,1,1,1,2,1,1,0],3,1].
[[3,7,2,1,2,2,2,2,1],50,7].
[[2,8,0,0,0,0,2,1,1],15,36].
[[3,8,0,1,2,0,2,2,1],8,18].
[[2,7,1,1,2,0,2,3,1],13,6].
[[3,3,1,1,2,0,2,3,1],7,0].
[[3,8,0,0,0,0,1,1,1],4,16].
[[3,9,2,1,2,2,2,2,0],4,32].
[[2,9,2,0,0,0,2,1,0],10,22].
[[3,7,0,0,0,0,2,3,1],3,2].
[[1,4,2,1,2,0,2,2,1],22,0].
[[3,8,0,1,1,0,2,3,1],0,5].
[[2,8,0,0,0,0,2,3,0],32,50].
[[3,8,0,0,0,0,2,3,0],10,27].
[[3,7,2,1,1,0,2,1,1],2,3].
[[2,7,2,1,2,2,1,2,1],9,5].
[[3,7,0,1,2,2,1,2,0],2,1].
[[3,6,1,1,2,0,1,2,1],17,0].
[[3,6,1,1,2,0,2,1,1],6,4].
[[3,7,0,1,2,2,2,3,0],9,20].
[[2,8,0,1,2,2,1,1,1],11,14].
[[3,6,0,0,0,0,1,2,1],3,1].
[[3,7,2,0,0,0,2,2,1],20,1].
[[3,3,2,1,1,2,2,2,1],2,0].
[[2,9,2,0,0,0,0,0,0],1,29].
[[3,6,1,1,1,2,2,3,1],13,1].
[[3,9,2,0,0,0,2,2,1],0,5].
[[3,8,0,1,1,2,1,1,0],11,13].
[[2,7,2,1,2,2,2,2,1],24,3].
[[2,3,2,0,0,0,0,0,0],12,0].
[[3,3,2,0,0,0,0,0,0],2,0].
[[2,7,1,0,0,0,1,2,1],16,4].
[[2,4,2,1,2,0,0,0,0],15,4].
[[3,6,0,1,1,2,2,2,0],3,1].
[[3,4,2,1,2,0,2,1,0],13,1].
[[2,9,1,0,0,0,1,2,1],13,27].
[[3,9,2,0,0,0,2,2,0],0,6].
[[3,7,1,1,1,0,1,2,1],5,7].
[[1,6,0,0,0,0,0,0,0],3,3].
[[2,6,0,0,0,0,2,1,1],1,0].
[[3,6,0,0,0,0,2,1,1],1,0].
[[3,6,1,1,2,0,2,2,1],19,4].
[[2,8,1,0,0,0,1,1,0],6,2].
[[3,7,1,0,0,0,2,2,0],5,0].
[[3,8,1,1,1,0,2,2,0],3,4].
[[3,7,1,1,2,0,0,0,0],7,5].
[[3,9,1,0,0,0,1,1,1],6,13].
[[3,7,0,1,1,2,1,2,1],1,4].
[[1,4,2,1,2,0,1,2,1],7,0].
[[2,6,0,1,2,2,2,3,1],2,3].
[[3,3,1,1,2,2,2,3,1],20,2].
[[1,8,1,0,0,0,2,1,0],13,1].
[[2,6,1,1,2,0,2,3,1],7,1].
[[3,6,1,1,2,2,2,3,1],44,1].
[[2,9,1,0,0,0,2,2,1],4,10].
[[2,9,1,1,1,2,1,2,1],17,18].
[[2,9,1,0,0,0,1,2,0],13,14].
[[3,7,0,1,1,2,0,0,0],2,9].
[[3,7,2,1,2,2,1,1,1],21,14].
[[3,9,1,0,0,0,2,1,1],1,4].
[[3,9,1,1,1,0,2,3,0],1,9].
[[3,7,1,0,0,0,1,2,0],1,0].
[[2,8,0,1,2,0,1,2,1],2,6].
[[3,9,2,1,1,2,2,1,1],1,11].
[[3,5,0,1,2,2,1,1,1],51,3].
[[2,9,1,1,1,2,2,3,0],13,8].
[[2,8,0,0,0,0,1,1,1],6,9].
[[3,7,0,1,2,2,1,1,1],2,3].
[[3,7,0,1,2,2,2,1,0],4,4].
[[2,7,1,0,0,0,2,2,0],3,0].
[[3,7,1,1,2,0,1,2,0],6,0].
[[3,9,2,1,2,2,2,1,0],1,22].
[[3,7,1,0,0,0,0,0,0],11,4].
[[3,8,0,0,0,0,2,1,1],8,11].
[[3,6,1,1,2,0,2,3,0],6,0].
[[1,8,0,1,2,2,2,1,0],10,8].
[[2,7,0,1,2,2,2,1,0],0,3].
[[3,8,0,1,2,0,2,3,0],9,30].
[[2,8,0,1,1,2,2,1,0],12,6].
[[2,9,1,1,2,0,1,2,0],6,12].
[[1,7,2,1,2,2,2,3,1],10,1].
[[1,6,1,1,2,2,0,0,0],38,3].
[[2,6,1,1,1,2,0,0,0],6,1].
[[3,9,1,1,2,2,2,1,0],0,9].
[[2,5,0,1,2,2,1,1,1],13,1].
[[3,5,0,1,1,2,1,1,1],33,4].
[[2,8,1,1,2,2,1,2,0],27,9].
[[3,8,0,0,0,0,0,0,0],0,8].
[[3,5,0,1,1,0,1,1,0],2,1].
[[3,6,0,1,1,2,2,3,0],3,4].
[[3,6,1,1,1,2,1,1,1],2,2].
[[3,8,1,1,1,0,2,2,1],6,13].
[[1,6,1,0,0,0,2,2,1],10,2].
[[2,6,1,1,2,0,2,2,1],4,3].
[[3,6,1,1,1,0,1,1,1],0,1].
[[3,8,0,1,1,2,0,0,0],0,27].
[[3,9,2,0,0,0,2,3,0],1,14].
[[3,8,1,1,2,2,1,1,0],5,7].
[[1,8,1,1,1,2,1,2,1],10,3].
[[2,7,2,1,1,2,1,2,1],4,0].
[[3,9,1,1,2,0,2,1,0],1,3].
[[1,4,2,1,2,0,1,1,0],1,0].
[[2,7,0,1,2,2,2,3,1],4,3].
[[3,7,0,1,2,2,2,2,1],7,17].
[[1,8,1,1,2,2,2,3,0],46,5].
[[2,8,1,1,1,2,1,2,0],9,6].
[[3,9,1,0,0,0,1,1,0],4,9].
[[3,3,2,0,0,0,2,3,1],5,0].
[[2,9,1,1,1,0,2,2,0],1,0].
[[3,9,1,1,1,0,2,2,0],2,7].
[[2,7,2,1,1,2,2,2,1],7,1].
[[3,7,1,1,2,2,0,0,0],25,7].
[[3,6,1,1,1,2,2,2,1],16,1].
[[2,9,1,0,0,0,2,3,1],3,5].
[[3,7,1,0,0,0,1,2,1],32,8].
[[2,2,1,1,2,2,2,2,1],1,0].
[[3,2,1,1,1,2,2,2,1],1,0].
[[3,6,0,1,2,2,1,2,0],1,4].
[[3,4,2,1,2,0,0,0,0],20,4].
[[2,7,1,0,0,0,1,2,0],1,0].
[[3,8,1,1,1,0,1,1,1],7,15].
[[2,7,2,1,2,0,2,2,1],16,3].
[[2,7,0,1,2,2,2,1,1],5,1].
[[3,7,0,1,1,2,2,1,1],4,9].
[[3,7,0,1,2,2,1,2,1],7,7].
[[2,6,1,1,1,2,2,2,0],1,0].
[[3,6,1,1,1,2,2,2,0],1,0].
[[2,9,2,1,1,0,2,2,0],1,5].
[[2,9,1,1,2,2,1,1,0],6,6].
[[3,5,0,1,2,2,1,1,0],25,3].
[[3,3,2,1,2,2,0,0,0],12,0].
[[3,7,1,0,0,0,2,3,0],8,3].
[[2,7,2,0,0,0,0,0,0],27,4].
[[3,8,1,1,1,2,2,2,0],7,6].
[[3,5,0,1,2,0,1,2,0],14,0].
[[2,6,1,0,0,0,2,2,1],25,1].
[[3,9,2,0,0,0,1,1,1],6,7].
[[1,8,1,1,2,0,1,1,1],1,4].
[[3,9,1,1,1,0,1,1,1],0,3].
[[1,7,1,0,0,0,2,3,0],1,0].
[[2,9,2,1,1,0,1,2,0],0,4].
[[3,9,2,1,1,0,1,2,0],0,3].
[[3,5,0,1,1,0,1,1,1],4,5].
[[3,7,1,1,1,2,2,3,0],13,3].
[[3,9,1,1,2,0,2,3,1],0,3].
[[3,3,1,1,1,2,2,3,1],8,0].
[[3,8,0,1,1,0,1,2,0],1,5].
[[2,9,2,1,1,0,1,2,1],2,5].
[[1,7,2,0,0,0,2,2,1],25,2].
[[2,7,2,0,0,0,2,1,1],16,7].
[[3,3,2,0,0,0,2,1,1],1,0].
[[2,8,1,1,1,2,2,1,0],4,1].
[[3,8,1,1,1,2,2,1,0],0,2].
[[3,7,0,0,0,0,2,3,0],1,4].
[[1,8,0,1,1,2,2,1,0],1,2].
[[2,7,1,1,1,2,2,1,0],1,0].
[[3,7,1,1,1,2,2,1,0],4,0].
[[3,6,1,1,2,2,1,1,1],14,2].
[[3,6,1,0,0,0,2,2,1],16,1].
[[3,3,2,1,2,0,2,2,1],5,0].
[[3,8,1,1,2,2,2,1,0],3,1].
[[3,6,0,1,2,2,2,2,0],4,2].
[[1,6,1,1,2,2,1,2,1],1,0].
[[2,6,1,1,2,2,1,2,1],4,0].
[[3,6,0,1,2,2,2,1,1],4,4].
[[3,7,2,1,1,0,1,2,1],1,5].
[[3,9,2,1,2,0,2,3,1],1,5].
[[3,7,1,1,1,2,1,2,0],11,4].
[[2,7,2,1,1,2,0,0,0],5,1].
[[1,7,1,1,2,2,2,3,1],3,2].
[[2,9,2,1,2,0,2,1,1],11,20].
[[3,9,2,0,0,0,1,2,0],2,9].
[[3,6,1,0,0,0,2,3,1],22,0].
[[3,9,2,1,2,2,1,1,0],6,13].
[[2,9,2,1,2,0,1,1,0],3,3].
[[3,6,0,1,1,2,1,2,1],3,2].
[[3,6,1,1,1,2,1,2,1],15,0].
[[2,8,1,1,1,2,0,0,0],7,4].
[[3,9,2,1,1,2,1,1,0],3,11].
[[3,6,1,0,0,0,1,2,0],3,0].
[[2,9,1,0,0,0,2,3,0],5,9].
[[1,7,2,1,2,0,0,0,0],7,2].
[[3,3,1,0,0,0,2,3,1],5,1].
[[3,3,2,1,2,2,2,3,1],9,0].
[[2,6,1,1,2,0,0,0,0],10,1].
[[3,9,2,1,1,2,2,3,1],3,6].
[[1,7,2,1,2,2,2,2,1],10,0].
[[3,7,1,1,2,2,1,2,0],13,0].
[[1,8,1,1,1,2,2,1,0],3,0].
[[3,3,2,1,2,2,2,2,1],11,0].
[[1,9,2,1,2,0,1,1,1],5,10].
[[3,8,0,1,1,0,1,1,1],2,6].
[[3,9,1,1,1,0,2,1,0],0,3].
[[2,8,1,1,2,2,1,1,0],4,4].
[[3,7,2,1,1,2,2,1,1],9,2].
[[1,7,1,0,0,0,1,2,1],1,2].
[[2,7,1,0,0,0,1,1,1],4,2].
[[3,7,1,1,1,0,2,2,1],3,3].
[[3,6,0,1,2,2,0,0,0],3,6].
[[3,8,1,1,2,0,2,1,0],1,3].
[[3,9,1,1,2,0,2,2,1],2,8].
[[2,9,2,1,1,2,0,0,0],9,26].
[[2,8,1,1,1,0,2,2,1],5,6].
[[1,8,0,1,1,2,1,2,0],4,0].
[[2,6,0,1,1,2,1,2,0],1,0].
[[3,6,0,1,1,2,1,2,0],2,2].
[[1,8,1,1,2,0,2,2,0],2,3].
[[2,6,1,1,2,0,2,2,0],1,0].
[[3,3,1,1,2,0,2,2,0],1,0].
[[2,9,1,1,1,0,2,1,1],0,1].
[[3,9,1,1,1,0,2,1,1],0,3].
[[1,8,0,0,0,0,2,1,0],6,8].
[[2,6,1,1,2,2,2,3,1],33,1].
[[3,9,1,1,2,0,2,1,1],4,2].
[[2,7,0,1,2,2,2,2,1],1,4].
[[1,8,0,1,2,2,1,2,1],3,1].
[[2,8,1,1,2,0,0,0,0],5,9].
[[1,7,2,1,2,0,1,2,1],2,0].
[[2,7,2,1,2,0,1,2,1],5,0].
[[3,8,1,1,1,0,2,3,0],2,5].
[[1,7,1,0,0,0,2,3,1],7,1].
[[2,5,0,0,0,0,1,1,0],3,2].
[[2,5,0,1,1,2,1,1,1],10,1].
[[3,7,2,1,1,2,1,1,1],8,5].
[[2,7,1,1,2,0,0,0,0],11,8].
[[1,8,1,1,1,2,2,2,0],3,1].
[[3,7,1,1,1,2,2,2,0],4,5].
[[2,7,2,0,0,0,1,1,1],9,3].
[[3,7,2,0,0,0,1,1,1],9,3].
[[3,7,0,0,0,0,2,1,0],3,0].
[[2,6,0,1,1,2,2,3,1],3,1].
[[3,6,1,1,2,2,2,3,0],10,0].
[[1,9,2,1,2,0,1,2,0],4,12].
[[3,9,1,1,1,0,1,2,0],1,8].
[[2,8,0,1,2,0,2,1,1],4,9].
[[3,7,1,1,1,0,2,1,1],4,6].
[[2,9,1,1,2,0,2,1,0],0,2].
[[1,7,1,0,0,0,2,1,0],2,0].
[[2,3,1,0,0,0,2,1,0],1,0].
[[3,2,1,0,0,0,2,1,0],1,0].
[[1,7,2,0,0,0,2,1,1],8,0].
[[2,7,2,1,2,0,2,1,1],7,0].
[[3,9,1,0,0,0,2,3,1],1,4].
[[1,7,2,1,2,0,2,2,1],4,0].
[[2,6,1,0,0,0,2,3,0],5,0].
[[2,7,0,0,0,0,2,2,1],1,3].
[[2,9,1,1,1,2,1,1,0],10,6].
[[3,9,2,1,2,0,1,1,1],3,13].
[[2,9,1,1,2,2,2,3,1],4,10].
[[1,9,2,1,2,0,1,2,1],6,14].
[[2,5,0,1,1,0,1,1,1],1,1].
[[2,8,0,1,1,2,1,1,0],4,5].
[[1,7,1,1,2,2,2,1,1],5,1].
[[3,7,0,1,2,0,2,3,0],0,4].
[[3,7,2,1,2,2,1,2,0],2,0].
[[3,7,2,1,2,2,1,1,0],0,1].
[[2,7,0,1,1,2,0,0,0],3,6].
[[1,8,1,1,2,0,1,2,1],6,6].
[[3,6,1,1,1,0,1,2,1],0,1].
[[3,9,2,1,1,2,2,1,0],1,5].
[[3,9,1,1,2,2,0,0,0],0,3].
[[1,8,0,0,0,0,1,1,1],0,1].
[[3,7,2,1,2,2,0,0,0],4,1].
[[2,6,1,0,0,0,1,2,1],8,1].
[[3,6,1,1,2,0,0,0,0],2,1].
[[3,3,1,1,2,0,0,0,0],7,0].
[[2,5,0,1,2,0,1,1,1],5,1].
[[1,8,1,1,2,2,1,2,0],6,1].
[[3,8,1,1,1,0,1,2,0],3,3].
[[1,9,2,1,2,0,1,1,0],2,2].
[[2,8,0,1,2,0,1,1,0],1,1].
[[3,9,1,1,1,2,2,1,0],0,4].
[[3,7,0,1,2,0,2,3,1],4,1].
[[2,7,1,1,1,2,2,1,1],10,1].
[[3,8,1,0,0,0,2,3,0],5,4].
[[1,3,2,0,0,0,0,0,0],10,0].
[[3,3,2,0,0,0,2,2,1],5,0].
[[3,8,0,1,1,0,2,2,1],0,6].
[[3,6,1,1,2,2,2,2,0],2,0].
[[3,8,0,1,2,0,0,0,0],0,15].
[[2,6,1,1,1,2,2,1,0],1,0].
[[3,3,1,1,1,2,0,0,0],3,1].
[[1,9,2,1,1,2,1,1,0],9,5].
[[3,9,1,1,1,0,1,1,0],1,5].
[[1,8,0,0,0,0,1,2,1],2,4].
[[3,7,0,1,2,0,1,1,1],1,2].
[[2,7,2,1,1,2,2,1,1],2,1].
[[3,9,1,1,2,2,2,3,1],3,18].
[[3,7,0,0,0,0,1,1,1],1,1].
[[3,7,0,1,2,0,2,2,1],2,3].
[[2,8,1,1,1,2,1,1,0],2,4].
[[3,6,0,0,0,0,2,1,0],1,0].
[[3,3,2,1,2,0,0,0,0],8,1].
[[3,9,2,1,2,0,2,1,1],1,5].
[[2,6,0,1,1,2,2,3,0],2,2].
[[3,3,1,1,1,2,2,3,0],2,0].
[[3,9,2,1,2,0,2,1,0],0,6].
[[3,7,0,0,0,0,1,2,1],2,0].
[[3,9,2,1,1,0,2,3,0],1,4].
[[3,6,1,1,1,0,2,1,1],0,2].
[[3,9,2,1,2,0,1,1,0],1,7].
[[3,9,1,1,2,2,2,2,1],4,22].
[[2,6,0,0,0,0,2,3,0],0,1].
[[3,6,0,1,2,0,1,2,0],0,1].
[[2,7,2,1,2,0,1,1,1],2,0].
[[3,3,2,1,1,2,0,0,0],4,0].
[[3,8,1,0,0,0,2,1,0],1,2].
[[2,8,1,1,1,0,2,1,1],1,5].
[[3,3,2,1,1,0,2,2,1],2,0].
[[2,8,0,1,2,0,2,2,0],3,9].
[[3,8,0,1,1,0,0,0,0],0,4].
[[1,8,1,1,1,2,1,1,1],2,3].
[[2,8,0,1,2,0,1,1,1],2,3].
[[3,2,1,1,2,2,2,3,1],3,0].
[[3,6,1,1,2,0,1,1,1],3,3].
[[2,8,0,1,2,0,1,2,0],2,5].
[[1,6,1,0,0,0,2,1,1],1,0].
[[3,9,2,1,1,0,2,2,1],0,2].
[[2,5,0,1,2,2,1,1,0],5,0].
[[3,7,0,0,0,0,2,1,1],1,1].
[[3,7,1,1,1,0,0,0,0],1,1].
[[1,4,2,1,2,0,2,1,0],2,0].
[[1,7,2,0,0,0,1,1,1],4,2].
[[3,3,1,0,0,0,0,0,0],5,1].
[[2,9,1,1,2,0,1,1,0],1,2].
[[2,7,1,1,2,0,1,1,1],1,1].
[[2,5,0,1,1,0,1,2,0],1,1].
[[3,5,0,1,1,0,1,2,0],1,1].
[[2,7,1,1,2,0,2,3,0],0,1].
[[3,7,1,1,1,0,2,3,0],0,2].
[[3,7,1,1,1,0,1,1,1],4,1].
[[2,5,0,0,0,0,1,2,0],5,0].
[[3,7,1,1,2,0,2,2,0],5,0].
[[2,3,1,1,2,2,2,2,1],2,0].
[[3,3,1,1,1,2,1,1,1],1,0].
[[2,9,1,1,1,2,2,2,1],5,2].
[[3,7,0,1,1,2,2,2,1],10,9].
[[2,7,0,1,1,2,2,2,1],1,0].
[[3,9,1,0,0,0,2,1,0],0,1].
[[1,8,1,0,0,0,1,1,0],2,0].
[[3,9,1,0,0,0,2,2,1],2,3].
[[3,6,0,0,0,0,0,0,0],0,3].
[[3,9,2,0,0,0,2,1,0],0,2].
[[2,6,1,1,2,2,2,3,0],2,0].
[[1,7,1,0,0,0,2,1,1],5,0].
[[3,7,0,1,1,2,1,2,0],3,0].
[[3,8,0,0,0,0,1,1,0],4,4].
[[3,3,2,1,2,0,2,3,1],4,0].
[[3,7,2,1,2,0,2,3,0],1,0].
[[2,9,1,1,1,2,0,0,0],0,1].
[[2,5,0,1,1,2,1,2,1],1,1].
[[2,9,2,1,1,0,2,2,1],0,2].
[[3,3,1,1,2,2,2,3,0],1,1].
[[3,9,2,0,0,0,2,1,1],0,2].
[[3,3,2,1,2,2,1,2,1],5,0].
[[2,6,0,0,0,0,2,2,1],1,1].
[[3,6,1,1,2,2,2,1,0],1,0].
[[2,5,0,1,1,2,1,2,0],5,0].
[[2,5,0,1,2,0,1,1,0],3,1].
[[2,7,1,1,2,0,2,1,0],2,0].
[[3,7,1,1,2,0,1,1,0],2,0].
[[1,8,1,1,2,0,1,2,0],1,0].
[[2,8,1,1,1,0,1,2,0],2,0].
[[3,7,1,1,1,0,1,2,0],2,1].
[[1,7,2,1,2,2,2,1,1],2,0].
[[2,3,2,0,0,0,2,2,1],4,0].
[[1,2,1,0,0,0,2,1,1],1,0].
[[2,2,1,0,0,0,2,1,1],1,0].
[[3,2,1,0,0,0,2,1,1],1,0].
[[1,8,1,1,2,0,2,1,0],1,1].
[[2,8,1,1,2,0,1,1,0],1,2].
[[3,8,0,1,1,0,2,1,0],0,1].
[[2,9,1,0,0,0,1,1,0],3,6].
[[3,6,0,1,2,0,1,2,1],1,0].
[[3,7,0,1,2,0,1,2,1],2,0].
[[2,6,1,1,2,2,2,2,0],2,0].
[[3,3,2,1,2,2,1,1,1],2,0].
[[3,8,0,1,1,0,2,2,0],2,6].
[[3,8,0,1,1,0,2,1,1],0,2].
[[3,7,2,1,1,2,2,3,0],2,0].
[[1,7,2,1,2,0,2,1,1],2,0].
[[2,3,2,1,2,0,2,1,1],3,0].
[[3,3,2,1,1,0,1,2,1],1,0].
[[2,6,1,1,2,2,2,1,0],2,0].
[[3,6,1,1,2,2,1,1,0],1,0].
[[2,9,1,1,2,0,2,3,0],1,6].
[[2,7,1,1,1,2,2,2,0],2,0].
[[2,7,0,1,2,2,0,0,0],9,4].
[[2,9,2,1,1,0,2,3,1],0,4].
[[1,7,2,1,2,2,1,2,1],1,0].
[[2,7,2,1,2,2,1,2,0],1,0].
[[3,7,2,1,1,2,1,2,0],1,0].
[[2,7,0,0,0,0,2,3,0],0,1].
[[3,3,1,1,2,2,2,1,1],9,0].
[[2,8,1,1,1,0,2,3,0],0,1].
[[3,5,0,0,0,0,1,2,1],1,0].
[[3,6,1,0,0,0,2,3,0],4,0].
[[2,7,1,0,0,0,2,3,0],5,1].
[[3,7,1,1,2,0,2,3,0],3,1].
[[2,3,2,1,2,0,0,0,0],4,0].
[[3,6,1,1,2,2,1,2,0],2,0].
[[3,4,0,1,2,0,1,2,1],0,1].
[[3,3,1,1,1,2,2,1,1],2,0].
[[1,6,1,0,0,0,2,3,0],4,0].
[[3,6,1,1,2,2,0,0,0],3,1].
[[3,7,2,1,1,0,2,3,1],2,2].
[[2,7,2,1,1,0,2,2,1],2,1].
[[1,7,1,1,2,2,1,2,1],1,0].
[[3,3,1,1,2,2,1,2,1],4,0].
[[3,6,1,1,1,0,2,2,1],1,2].
[[3,3,1,0,0,0,2,1,1],3,0].
[[3,6,1,0,0,0,2,1,0],2,0].
[[1,7,1,1,2,2,2,3,0],2,0].
[[2,7,0,1,1,2,2,1,1],0,1].
[[3,3,1,0,0,0,1,2,1],1,0].
[[3,6,0,1,2,2,1,1,1],2,1].
[[3,3,2,1,2,0,1,2,1],5,0].
[[3,7,1,1,1,0,2,2,0],1,0].
[[2,7,0,1,2,2,2,3,0],3,2].
[[3,2,1,0,0,0,2,2,1],1,0].
[[3,2,1,0,0,0,0,0,0],3,0].
[[3,5,0,0,0,0,1,1,0],3,0].
[[2,7,2,1,2,2,1,1,1],3,1].
[[3,7,2,0,0,0,2,1,1],6,0].
[[3,6,0,1,1,2,2,1,1],0,2].
[[3,7,0,1,2,0,2,1,1],1,1].
[[3,9,2,1,2,0,2,2,0],2,4].
[[2,3,2,1,2,2,2,2,1],2,0].
[[3,9,1,1,1,2,2,3,1],1,5].
[[1,6,1,0,0,0,2,2,0],1,0].
[[2,6,1,0,0,0,2,2,0],3,0].
[[3,3,2,0,0,0,1,1,1],3,0].
[[3,3,2,0,0,0,1,2,1],2,0].
[[2,7,1,1,2,2,1,2,0],2,0].
[[3,8,1,1,2,0,0,0,0],0,1].
[[2,3,2,1,2,2,2,1,1],1,0].
[[3,8,1,1,1,2,0,0,0],0,3].
[[3,3,2,1,1,0,2,1,1],1,0].
[[3,2,0,1,2,2,2,3,1],2,0].
[[2,6,1,1,1,2,2,3,1],7,0].
[[2,6,0,1,1,2,0,0,0],2,2].
[[2,6,0,0,0,0,2,3,1],1,1].
[[3,6,0,1,2,0,2,2,1],0,1].
[[1,8,0,0,0,0,1,1,0],1,1].
[[3,6,0,1,2,2,1,1,0],0,1].
[[3,3,2,1,1,0,1,1,1],1,0].
[[2,7,0,1,1,2,2,1,0],2,0].
[[3,7,0,1,1,2,1,1,0],4,1].
[[3,2,1,1,2,0,2,1,1],1,0].
[[1,8,1,1,1,2,2,3,0],7,3].
[[1,7,1,0,0,0,2,2,0],2,0].
[[3,6,0,1,2,2,2,1,0],0,1].
[[3,7,2,1,1,0,2,2,1],4,4].
[[3,7,0,1,1,2,1,1,1],0,1].
[[1,7,2,0,0,0,1,2,1],2,1].
[[3,5,0,1,1,2,1,2,1],5,1].
[[2,7,1,1,2,0,2,2,0],2,1].
[[3,7,1,1,1,0,1,1,0],0,1].
[[1,8,0,1,2,2,1,2,0],2,1].
[[2,7,0,1,1,2,1,2,0],1,0].
[[2,3,2,0,0,0,2,3,1],2,0].
[[2,2,1,0,0,0,2,3,1],1,0].
[[2,9,2,1,1,0,2,1,0],0,1].
[[2,7,1,1,1,2,1,2,1],3,1].
[[3,7,2,1,1,2,0,0,0],1,1].
[[3,7,1,1,2,2,1,1,0],3,1].
[[2,8,1,1,1,0,1,1,1],1,0].
[[2,7,0,0,0,0,2,1,0],1,1].
[[2,9,2,1,1,0,0,0,0],0,3].
[[3,7,1,1,1,0,2,1,0],2,0].
[[1,7,2,1,2,0,1,1,1],1,0].
[[2,3,2,1,2,0,1,1,1],1,0].
[[2,3,2,1,2,2,2,3,1],1,0].
[[3,9,2,1,2,2,0,0,0],0,3].
[[1,8,0,0,0,0,1,2,0],0,4].
[[3,7,0,1,2,2,1,1,0],0,1].
[[2,9,2,1,1,0,1,1,0],1,0].
[[3,8,0,1,1,0,1,1,0],1,0].
[[3,5,0,1,2,0,1,2,1],2,0].
[[2,7,1,1,2,0,1,2,1],4,0].
[[3,3,0,1,1,2,2,2,1],0,1].
[[3,3,2,1,2,0,2,1,1],3,0].
[[3,8,1,1,2,2,0,0,0],0,2].
[[1,7,1,1,2,2,2,2,1],2,1].
[[2,6,1,1,2,0,1,2,1],1,0].
[[3,3,1,1,2,0,1,2,1],1,0].
[[3,1,1,1,2,0,1,1,1],1,0].
[[3,7,1,0,0,0,1,1,0],1,2].
[[3,6,0,1,2,0,2,3,1],0,2].
[[2,6,1,1,2,2,1,1,1],1,1].
[[3,9,2,1,1,0,2,1,1],0,1].
[[3,7,0,1,1,2,2,1,0],0,2].
[[2,9,2,1,1,0,2,3,0],0,5].
[[2,7,1,0,0,0,2,1,0],3,0].
[[3,3,1,1,2,2,2,1,0],1,0].
[[1,2,1,0,0,0,2,3,1],1,0].
[[2,2,1,1,2,2,2,3,1],1,0].
[[3,2,1,1,2,2,1,2,1],1,0].
[[2,6,0,1,1,2,2,2,0],0,1].
[[3,8,1,1,1,0,0,0,0],0,1].
[[3,7,2,1,2,2,2,3,0],1,0].
[[3,8,1,0,0,0,1,1,0],2,2].
[[3,9,2,1,2,0,2,2,1],1,2].
[[2,7,0,0,0,0,2,2,0],0,1].
[[3,7,0,1,2,0,2,2,0],0,1].
[[2,3,1,0,0,0,2,3,0],1,0].
[[3,3,1,1,2,0,2,3,0],1,0].
[[1,8,1,1,2,2,1,1,0],2,1].
[[3,7,0,0,0,0,1,2,0],0,1].
[[3,7,2,1,2,0,0,0,0],1,2].
[[2,9,1,1,2,0,2,3,1],0,1].
[[2,6,0,1,2,2,2,2,0],2,0].
[[2,8,1,1,1,0,2,1,0],1,0].
[[3,6,0,1,1,2,2,1,0],0,1].
[[3,6,1,1,1,2,1,2,0],1,0].
[[3,6,0,1,1,2,1,1,0],1,0].
[[2,9,1,1,1,0,2,3,0],0,1].
[[3,7,0,0,0,0,2,2,0],0,3].
[[3,6,1,1,1,2,0,0,0],1,1].
[[3,6,0,1,1,2,1,1,1],0,1].
[[2,3,2,0,0,0,1,1,1],1,0].
[[2,7,2,1,1,2,1,1,1],1,1].
[[2,2,1,1,2,2,0,0,0],1,0].
[[3,2,1,1,1,2,2,1,1],1,0].
[[1,8,0,1,1,2,1,2,1],1,0].
[[3,7,2,0,0,0,0,0,0],1,1].
[[3,9,1,1,2,0,1,1,0],2,2].
[[3,7,2,1,1,0,1,1,1],0,1].
[[3,7,0,1,2,0,1,1,0],0,1].
[[2,7,1,1,1,2,2,3,0],3,1].
[[2,7,1,1,1,2,1,1,1],2,0].
[[3,6,1,0,0,0,0,0,0],1,0].
[[3,9,1,1,1,0,2,2,1],0,1].
[[3,8,1,0,0,0,0,0,0],1,0].
[[2,2,1,0,0,0,0,0,0],4,0].
[[3,2,1,1,2,2,0,0,0],2,0].
[[2,7,2,1,1,0,0,0,0],0,1].
[[3,4,0,1,2,0,2,2,1],0,1].
[[3,2,1,1,2,0,2,2,1],1,0].
[[3,4,0,1,2,0,2,3,1],0,1].
[[3,9,2,1,1,0,2,1,0],0,1].
[[2,6,1,1,2,0,2,3,0],1,0].
[[3,7,2,1,2,0,1,1,0],0,1].
[[3,2,1,0,0,0,1,2,1],1,0].
[[1,3,2,0,0,0,2,1,1],1,0].
[[2,7,0,1,1,2,2,2,0],1,0].
[[2,7,2,1,2,2,2,3,0],1,0].
[[3,3,2,1,2,2,2,3,0],1,0].
[[2,6,1,0,0,0,1,2,0],1,0].
[[3,3,1,1,2,2,1,2,0],1,0].
[[2,7,1,1,2,2,1,1,0],1,0].
[[3,3,1,1,2,2,1,1,0],1,0].
[[2,9,1,1,1,0,1,1,1],0,1].
[[3,3,1,0,0,0,1,1,1],1,0].
[[3,9,2,1,1,0,2,3,1],0,1].
[[3,1,1,1,2,0,1,2,0],1,0].
[[1,7,2,0,0,0,2,3,0],1,0].
[[3,2,1,0,0,0,2,3,1],1,0].
[[3,9,2,1,1,0,2,2,0],0,1].
[[2,3,2,1,2,0,2,3,1],1,0].
[[3,6,0,0,0,0,2,3,0],0,2].
[[2,9,2,1,1,0,2,1,1],1,1].
[[2,7,0,1,1,2,2,3,0],1,0].
[[2,8,1,1,1,0,2,2,0],0,1].
[[3,7,2,1,1,0,0,0,0],1,0].
[[3,6,0,1,2,0,0,0,0],0,1].
[[3,6,1,0,0,0,1,1,1],1,0].
[[1,2,1,0,0,0,0,0,0],1,0].
[[3,2,1,1,2,0,0,0,0],1,0].
[[2,7,2,0,0,0,2,3,0],1,0].
[[1,7,1,0,0,0,1,1,1],0,1].
[[1,3,2,0,0,0,2,3,1],1,0].
[[1,8,0,1,2,2,1,1,1],1,0].
[[3,3,1,1,2,2,1,1,1],1,0].
