total_WL(7862,4380).
[[1,8,0,1,2,2,1,1,2],7,6].
[[2,7,1,1,2,2,1,1,2],10,2].
[[3,3,1,1,2,2,1,1,2],2,1].
[[1,9,2,0,0,0,2,2,0],147,136].
[[2,9,2,0,0,0,1,2,0],62,74].
[[3,8,1,1,2,0,1,2,0],55,9].
[[1,8,0,1,2,2,2,2,2],37,29].
[[2,8,0,1,1,2,2,2,2],23,17].
[[3,8,0,1,1,2,2,2,2],12,34].
[[1,9,2,1,2,2,2,2,2],85,84].
[[2,8,0,1,2,2,2,2,2],34,41].
[[3,8,0,1,2,2,2,2,2],22,41].
[[1,8,1,0,0,0,0,0,0],412,94].
[[2,8,1,1,2,2,2,3,0],101,15].
[[3,8,1,1,2,2,1,1,0],48,21].
[[1,8,0,1,2,2,2,3,1],9,2].
[[2,8,0,1,1,2,2,3,1],12,4].
[[3,4,2,1,2,0,2,3,1],27,0].
[[1,9,2,1,2,2,2,3,0],261,197].
[[2,9,2,1,1,2,2,3,0],56,57].
[[3,9,2,1,1,2,2,3,0],2,32].
[[1,8,1,1,2,2,2,2,1],64,7].
[[2,8,1,1,1,2,1,2,1],17,5].
[[3,6,1,1,1,2,1,2,1],2,0].
[[1,9,2,1,2,2,0,0,0],121,217].
[[2,8,1,1,2,2,2,1,2],230,48].
[[3,6,1,1,2,2,2,1,2],30,1].
[[2,8,0,1,2,2,2,2,0],82,78].
[[3,8,0,1,2,2,1,2,0],142,98].
[[1,9,2,1,2,2,2,1,2],197,189].
[[2,9,2,1,2,2,2,1,2],100,130].
[[3,9,2,1,1,2,1,1,2],26,47].
[[2,9,2,1,2,2,2,2,2],29,66].
[[1,9,2,0,0,0,1,1,2],61,50].
[[2,9,2,0,0,0,1,1,2],43,45].
[[3,8,1,0,0,0,1,1,2],27,12].
[[1,8,1,0,0,0,2,3,2],94,16].
[[2,8,1,1,2,2,2,3,2],90,15].
[[3,8,1,1,2,2,2,3,2],56,8].
[[1,7,1,1,2,2,0,0,0],55,10].
[[2,7,1,1,1,2,2,1,2],17,1].
[[3,4,2,1,2,0,2,1,2],98,5].
[[1,8,0,1,1,2,1,1,2],3,1].
[[2,8,0,1,1,2,1,1,2],14,7].
[[3,4,2,1,2,0,1,1,2],87,3].
[[3,7,1,1,1,2,2,2,2],29,2].
[[2,8,1,1,2,2,2,2,0],68,24].
[[3,7,1,1,2,2,2,2,0],45,11].
[[1,9,2,1,1,2,2,1,2],73,42].
[[2,9,2,1,1,2,2,1,2],45,66].
[[3,9,2,1,1,2,2,1,2],15,36].
[[2,9,2,1,1,2,2,2,2],30,26].
[[1,9,2,0,0,0,2,1,2],201,207].
[[2,9,2,1,2,0,1,2,2],19,21].
[[3,8,1,1,2,0,1,2,2],47,15].
[[1,9,2,0,0,0,2,1,0],61,69].
[[2,9,2,0,0,0,2,2,2],17,45].
[[3,9,2,1,2,0,1,1,0],12,34].
[[2,9,2,0,0,0,2,1,0],7,27].
[[3,9,2,1,2,2,1,1,0],27,97].
[[1,6,0,1,2,2,2,3,0],2,0].
[[2,6,0,1,2,2,2,3,0],6,6].
[[3,6,0,1,2,2,1,2,0],6,2].
[[1,9,2,1,2,2,2,2,0],161,169].
[[3,8,0,1,1,2,2,3,0],28,67].
[[3,8,0,1,2,2,2,1,2],81,70].
[[1,8,1,1,1,2,1,2,2],7,0].
[[2,8,1,1,1,2,1,2,2],31,3].
[[3,4,2,1,2,0,1,2,2],94,1].
[[1,8,0,0,0,0,0,0,0],127,125].
[[2,8,0,0,0,0,0,0,0],19,34].
[[3,8,0,1,2,0,2,2,1],5,4].
[[1,6,1,0,0,0,0,0,0],62,5].
[[2,6,1,1,2,2,2,3,1],8,0].
[[3,6,1,1,1,2,2,3,1],5,0].
[[1,9,2,0,0,0,2,2,2],69,97].
[[3,9,2,1,2,0,1,2,2],17,34].
[[1,8,1,1,2,2,2,3,0],73,11].
[[2,8,1,1,2,2,1,2,0],59,13].
[[3,8,1,1,1,2,1,2,0],63,9].
[[3,8,1,1,2,2,1,2,0],139,21].
[[2,7,1,1,2,0,0,0,0],15,9].
[[3,3,1,1,2,2,0,0,0],17,2].
[[1,8,0,1,1,2,2,2,0],9,7].
[[2,8,0,1,1,2,2,2,0],44,33].
[[3,6,0,1,1,2,2,2,0],3,7].
[[1,8,1,1,2,2,2,3,1],71,15].
[[2,8,1,1,1,2,2,3,1],40,7].
[[3,8,1,1,1,2,1,2,1],30,4].
[[2,8,0,1,2,0,2,2,2],4,3].
[[3,7,1,1,2,0,2,2,2],19,4].
[[1,9,2,0,0,0,1,2,2],108,70].
[[3,9,2,1,1,0,1,2,2],3,10].
[[1,9,2,1,2,2,1,2,0],104,88].
[[2,9,2,1,2,2,1,2,0],138,164].
[[1,8,1,1,2,2,0,0,0],318,70].
[[2,8,1,1,2,2,2,2,2],98,8].
[[3,6,1,1,2,2,2,2,2],9,0].
[[1,9,2,1,2,2,2,3,2],95,107].
[[2,9,2,1,1,2,1,2,2],66,45].
[[3,8,1,1,1,2,1,2,2],51,15].
[[3,8,1,1,2,2,2,2,1],58,18].
[[1,9,2,1,1,2,2,3,0],95,43].
[[1,8,0,1,2,2,2,3,0],59,49].
[[2,8,0,1,2,2,1,2,0],51,22].
[[2,8,0,1,2,2,0,0,0],35,102].
[[3,7,1,1,2,2,2,2,1],50,9].
[[1,9,2,1,1,2,2,2,0],73,43].
[[2,9,2,1,1,2,2,2,0],38,45].
[[3,4,2,1,2,0,1,2,0],126,0].
[[1,9,2,1,1,2,1,1,0],19,6].
[[2,4,2,1,2,0,1,1,0],19,0].
[[3,4,2,1,2,0,1,1,0],73,0].
[[1,8,0,1,1,2,1,2,2],9,1].
[[2,7,1,1,1,2,1,2,2],5,0].
[[2,6,1,1,2,2,0,0,0],22,2].
[[3,6,1,1,2,2,0,0,0],7,0].
[[1,8,0,1,2,2,0,0,0],193,179].
[[3,8,0,1,1,2,2,1,0],8,26].
[[1,9,2,1,2,2,1,1,2],77,50].
[[2,8,1,1,2,2,1,1,2],57,14].
[[3,7,1,1,2,2,1,1,2],25,12].
[[2,8,1,1,2,2,2,3,1],118,9].
[[3,8,1,1,2,2,2,3,1],65,14].
[[2,8,0,1,1,2,0,0,0],27,32].
[[3,8,0,1,1,2,2,2,0],17,53].
[[2,9,2,1,2,2,0,0,0],3,26].
[[3,8,0,1,2,2,0,0,0],1,22].
[[2,8,1,1,1,2,0,0,0],26,7].
[[3,7,1,1,1,2,0,0,0],24,8].
[[3,8,0,1,2,0,2,3,0],8,31].
[[1,9,2,0,0,0,1,1,0],19,41].
[[2,9,2,0,0,0,1,1,0],19,36].
[[3,9,2,0,0,0,1,1,0],3,18].
[[1,9,2,0,0,0,0,0,0],80,191].
[[3,8,0,0,0,0,2,1,1],0,1].
[[1,9,2,0,0,0,2,3,0],185,193].
[[2,9,2,1,2,2,2,2,1],32,19].
[[3,8,0,1,2,2,2,2,1],26,10].
[[1,8,1,0,0,0,2,1,2],226,40].
[[2,8,1,1,2,0,2,1,2],59,21].
[[3,8,1,1,2,0,2,1,2],46,16].
[[2,8,1,1,2,2,2,2,1],93,20].
[[1,8,0,0,0,0,2,1,2],62,44].
[[2,7,1,0,0,0,2,1,2],36,4].
[[3,7,1,0,0,0,2,1,2],31,6].
[[1,7,2,0,0,0,2,1,0],1,0].
[[2,7,2,0,0,0,2,1,0],1,0].
[[3,7,2,1,2,0,1,1,0],3,0].
[[1,9,2,1,1,2,2,2,2],44,18].
[[2,4,2,1,2,0,2,2,2],20,0].
[[3,8,1,1,1,2,2,2,2],36,3].
[[1,9,2,1,2,2,1,1,0],28,42].
[[2,9,2,1,2,2,1,1,0],33,88].
[[3,8,0,1,2,2,1,1,0],29,54].
[[2,9,2,1,2,2,2,2,0],50,111].
[[2,8,0,0,0,0,2,2,0],29,21].
[[3,8,0,0,0,0,2,3,2],0,10].
[[1,9,2,1,2,0,2,2,0],13,15].
[[1,8,1,0,0,0,2,1,0],35,5].
[[2,8,1,1,2,0,2,1,0],9,1].
[[2,9,2,1,1,2,1,1,0],35,26].
[[3,8,1,1,1,2,1,1,0],26,17].
[[2,6,1,1,2,0,0,0,0],9,0].
[[3,6,1,1,2,0,2,2,0],8,0].
[[3,8,0,1,1,2,1,1,0],21,39].
[[1,7,2,1,2,2,0,0,0],22,3].
[[2,7,2,1,2,2,2,3,2],15,3].
[[3,7,2,1,2,2,1,2,2],39,3].
[[1,9,2,1,1,2,0,0,0],77,36].
[[3,4,2,1,2,0,2,2,0],46,4].
[[1,4,2,1,2,0,1,2,2],3,0].
[[2,4,2,1,2,0,1,1,2],30,1].
[[1,8,1,1,2,2,1,1,2],22,6].
[[2,8,1,1,1,2,1,1,2],22,6].
[[3,8,1,1,1,2,1,1,2],54,18].
[[1,9,2,0,0,0,1,2,0],77,65].
[[2,8,0,0,0,0,1,2,0],18,11].
[[3,8,0,0,0,0,1,1,0],6,11].
[[1,9,2,1,2,2,1,2,2],129,90].
[[2,8,0,1,1,2,1,2,2],27,18].
[[3,8,0,1,1,2,1,2,2],52,48].
[[2,9,2,1,1,2,1,1,2],50,28].
[[2,7,1,1,2,2,0,0,0],95,29].
[[1,9,2,1,2,0,0,0,0],5,34].
[[2,9,2,1,2,0,2,3,0],11,39].
[[3,9,2,1,2,0,2,3,0],0,12].
[[1,8,1,0,0,0,2,3,0],93,11].
[[2,7,1,0,0,0,2,3,0],18,1].
[[3,7,1,0,0,0,1,2,0],14,0].
[[1,8,1,0,0,0,2,2,1],83,8].
[[2,6,1,0,0,0,2,2,1],9,1].
[[3,6,1,0,0,0,2,2,1],7,0].
[[1,9,2,1,2,0,2,3,0],12,30].
[[2,8,1,1,2,0,2,3,0],23,7].
[[3,8,1,1,2,0,2,3,0],11,6].
[[3,8,1,1,1,2,2,1,2],59,23].
[[1,8,1,1,2,2,2,1,2],166,34].
[[2,8,1,1,1,2,2,1,2],48,15].
[[2,9,2,1,2,2,1,1,2],52,68].
[[3,9,2,1,2,2,1,1,2],26,68].
[[3,8,0,1,1,2,2,1,2],43,64].
[[2,8,0,1,2,2,2,3,0],106,115].
[[3,8,0,1,2,2,2,3,0],44,106].
[[1,8,1,0,0,0,1,2,2],41,9].
[[2,8,1,1,2,0,1,2,2],16,13].
[[1,7,1,0,0,0,2,3,2],6,1].
[[2,7,1,0,0,0,2,3,2],15,3].
[[3,7,1,1,2,0,2,3,2],18,3].
[[3,8,0,1,2,2,2,1,1],3,2].
[[2,8,1,0,0,0,1,1,2],41,10].
[[3,7,2,1,2,0,1,1,2],11,7].
[[3,9,2,1,1,2,1,2,0],60,143].
[[1,9,2,1,2,2,2,3,1],49,19].
[[2,9,2,1,1,2,2,3,1],16,8].
[[1,9,2,1,1,2,2,1,1],5,1].
[[2,9,2,1,1,2,1,1,1],2,1].
[[3,9,2,1,1,2,1,1,1],2,1].
[[2,9,2,0,0,0,1,2,2],43,50].
[[3,8,0,1,2,0,1,2,2],9,17].
[[3,7,1,1,2,2,2,3,1],52,12].
[[2,8,1,1,2,2,1,2,2],100,22].
[[2,8,0,0,0,0,1,2,2],20,13].
[[3,8,0,0,0,0,1,2,2],14,17].
[[1,8,0,0,0,0,2,2,0],21,6].
[[3,7,0,1,2,2,2,2,0],12,9].
[[1,8,0,1,2,2,2,3,2],25,24].
[[2,7,0,1,2,2,2,3,2],0,2].
[[3,7,0,1,2,2,2,3,2],5,6].
[[3,8,0,1,2,0,2,1,2],25,19].
[[2,8,0,1,1,2,2,3,0],63,28].
[[3,7,0,1,1,2,2,3,0],6,8].
[[3,8,1,1,2,2,1,2,2],144,28].
[[3,9,2,0,0,0,1,2,2],8,21].
[[2,9,2,1,1,2,1,2,0],82,57].
[[3,8,0,1,1,0,2,1,2],3,4].
[[2,9,2,1,2,0,1,1,2],12,15].
[[3,8,0,1,2,0,1,1,2],9,17].
[[1,8,1,0,0,0,2,2,0],75,14].
[[2,8,1,1,2,0,1,1,0],5,3].
[[3,5,0,1,2,2,1,1,0],27,1].
[[2,9,2,1,2,2,1,2,2],101,116].
[[3,9,2,1,2,2,1,2,2],38,98].
[[2,7,2,1,2,2,1,1,2],11,3].
[[3,3,2,1,2,2,1,1,2],6,0].
[[1,8,1,1,2,0,0,0,0],40,13].
[[2,7,2,1,2,0,0,0,0],21,2].
[[3,7,2,1,2,2,0,0,0],18,4].
[[2,8,0,1,2,2,2,1,2],85,86].
[[3,7,0,1,2,2,2,1,2],9,10].
[[2,9,2,0,0,0,2,3,0],35,57].
[[3,8,1,1,2,2,1,2,1],73,9].
[[1,4,2,1,2,0,2,2,2],7,0].
[[3,4,2,1,2,0,2,2,2],45,0].
[[3,5,0,1,2,2,1,2,0],16,0].
[[1,8,1,1,1,2,2,3,2],16,4].
[[2,7,2,0,0,0,2,3,2],17,1].
[[3,7,2,0,0,0,2,3,2],14,0].
[[2,8,1,0,0,0,2,1,2],129,24].
[[3,6,1,1,2,0,2,1,2],16,1].
[[2,9,2,0,0,0,2,1,2],54,80].
[[3,9,2,0,0,0,1,2,0],21,57].
[[1,8,0,1,2,2,2,1,2],82,44].
[[3,7,0,1,1,2,2,1,2],13,6].
[[2,9,2,1,2,2,2,3,0],85,142].
[[3,9,2,1,2,2,2,1,0],0,13].
[[2,8,0,0,0,0,2,3,0],48,52].
[[3,8,0,0,0,0,1,2,0],21,15].
[[3,9,2,1,2,2,2,2,1],12,16].
[[2,7,2,0,0,0,0,0,0],26,3].
[[3,3,2,0,0,0,0,0,0],9,0].
[[1,9,2,1,2,2,2,2,1],35,14].
[[2,9,2,1,2,2,2,3,2],42,67].
[[3,9,2,1,2,2,1,2,0],82,184].
[[3,8,0,1,2,2,1,2,2],56,72].
[[2,9,2,0,0,0,0,0,0],0,13].
[[2,9,2,1,2,0,0,0,0],0,7].
[[2,6,1,1,2,0,2,1,2],7,1].
[[3,6,1,1,2,0,1,1,2],6,0].
[[2,8,0,1,2,2,1,2,2],52,39].
[[1,8,1,0,0,0,1,1,1],7,1].
[[2,8,1,1,2,2,1,1,1],5,5].
[[3,8,1,1,2,2,1,1,1],7,3].
[[1,8,1,1,2,2,1,2,2],38,7].
[[1,9,2,1,2,0,2,3,1],5,6].
[[2,9,2,1,2,0,1,2,0],29,33].
[[1,8,0,0,0,0,2,3,0],41,24].
[[2,8,0,1,2,0,1,2,0],5,3].
[[3,9,2,1,1,2,1,2,2],22,84].
[[1,8,1,0,0,0,1,2,1],38,13].
[[2,6,1,0,0,0,1,2,1],5,1].
[[3,6,1,0,0,0,1,2,1],4,0].
[[2,7,0,1,1,2,2,3,1],0,1].
[[3,7,0,1,1,2,2,3,1],2,1].
[[2,8,1,1,1,2,2,2,0],24,6].
[[3,6,1,1,1,2,2,2,0],4,0].
[[1,9,2,1,2,2,2,1,0],99,82].
[[2,8,1,1,2,2,1,2,1],54,7].
[[3,8,0,1,2,2,2,2,0],23,76].
[[3,8,0,1,2,0,1,2,0],19,22].
[[1,8,1,1,2,2,2,2,2],81,11].
[[3,7,1,1,2,2,2,2,2],56,7].
[[3,7,2,1,2,2,1,1,2],32,7].
[[1,8,1,1,2,0,2,3,0],11,7].
[[2,8,1,1,1,0,1,2,0],3,2].
[[3,4,0,1,2,0,1,2,0],0,1].
[[3,7,1,1,2,2,2,3,0],46,9].
[[3,8,1,1,2,2,1,1,2],88,23].
[[3,7,2,1,2,2,2,2,0],4,0].
[[2,8,1,0,0,0,1,2,2],75,10].
[[3,6,1,0,0,0,1,2,2],7,1].
[[2,8,0,1,2,2,2,1,0],51,40].
[[2,8,1,0,0,0,2,3,0],72,13].
[[1,8,1,1,2,2,2,3,2],63,11].
[[1,8,1,0,0,0,2,2,2],102,19].
[[2,7,1,0,0,0,2,2,2],13,3].
[[3,7,1,0,0,0,2,2,2],12,3].
[[1,7,1,1,2,2,2,3,0],7,0].
[[2,7,1,1,1,2,1,2,0],1,0].
[[3,7,1,1,1,2,1,2,0],20,0].
[[3,8,1,1,2,2,2,1,2],143,28].
[[3,5,0,1,2,2,1,1,2],116,2].
[[2,9,2,1,2,0,2,2,0],10,22].
[[3,8,1,1,1,0,1,2,1],4,4].
[[1,8,0,1,2,2,1,2,2],17,7].
[[2,7,1,1,2,2,1,2,2],10,2].
[[3,7,1,1,1,2,1,2,2],23,7].
[[2,6,0,1,2,2,0,0,0],10,9].
[[3,6,0,1,2,2,2,2,0],7,6].
[[3,4,2,1,2,0,1,2,1],17,0].
[[2,7,1,1,2,2,2,1,2],56,9].
[[3,7,1,1,2,2,2,1,2],105,27].
[[1,8,1,1,1,2,2,1,2],30,10].
[[2,4,2,1,2,0,2,1,2],65,1].
[[3,7,2,1,2,2,2,3,2],33,0].
[[1,8,1,1,2,2,2,1,0],29,2].
[[2,6,1,1,2,2,2,1,0],3,0].
[[3,6,1,1,1,2,2,1,0],1,0].
[[1,8,1,0,0,0,2,3,1],129,20].
[[1,7,2,0,0,0,2,2,2],17,4].
[[2,7,2,1,2,2,2,2,2],35,2].
[[3,7,2,1,2,2,1,2,0],9,0].
[[2,8,1,1,2,2,0,0,0],74,25].
[[3,7,1,1,2,2,0,0,0],46,11].
[[1,4,2,1,2,0,1,1,2],4,1].
[[2,9,2,1,1,2,2,1,0],18,19].
[[3,9,2,1,1,2,1,1,0],27,56].
[[1,8,0,0,0,0,2,3,1],4,1].
[[2,8,0,0,0,0,2,3,1],10,2].
[[3,7,1,1,2,0,2,3,1],12,5].
[[2,6,1,0,0,0,0,0,0],35,1].
[[3,6,1,1,2,2,2,3,0],17,1].
[[2,7,2,0,0,0,1,1,2],11,8].
[[3,7,1,1,2,0,1,1,2],13,5].
[[2,7,1,0,0,0,0,0,0],72,13].
[[3,8,0,1,2,2,2,1,0],16,46].
[[2,9,2,1,2,0,2,1,2],22,41].
[[3,9,2,1,2,0,2,1,2],7,19].
[[2,8,0,1,2,2,2,3,2],40,34].
[[3,8,0,1,2,2,2,3,2],25,33].
[[2,8,1,0,0,0,2,3,1],76,12].
[[3,5,0,1,2,0,1,2,1],15,0].
[[2,6,1,0,0,0,2,3,2],9,1].
[[3,6,1,1,2,2,2,3,2],11,0].
[[1,7,1,0,0,0,0,0,0],54,10].
[[2,3,1,0,0,0,0,0,0],4,0].
[[3,3,1,0,0,0,2,3,2],2,0].
[[2,8,1,1,2,2,1,1,0],23,9].
[[3,7,1,1,1,2,1,1,0],7,0].
[[3,7,2,1,2,2,2,2,2],23,2].
[[1,6,1,0,0,0,2,2,2],8,0].
[[2,6,1,1,2,2,2,2,2],6,0].
[[3,3,2,1,2,2,2,2,2],9,0].
[[1,9,2,0,0,0,2,3,2],53,78].
[[2,8,0,0,0,0,2,3,2],14,20].
[[3,7,0,0,0,0,2,3,2],0,2].
[[1,8,1,1,2,0,2,2,0],10,1].
[[2,6,1,1,2,0,2,2,0],4,0].
[[2,8,1,1,1,2,2,3,2],29,1].
[[3,7,1,1,2,0,0,0,0],15,7].
[[3,6,0,1,2,2,2,1,2],4,7].
[[2,7,1,1,2,2,2,3,2],22,3].
[[3,7,1,1,2,2,2,3,2],38,12].
[[1,4,2,1,2,0,2,1,2],18,1].
[[2,5,0,0,0,0,2,3,0],12,0].
[[3,5,0,1,2,0,2,3,0],11,0].
[[3,6,1,1,2,2,2,2,1],16,1].
[[2,8,1,1,1,2,2,3,0],36,2].
[[3,8,1,1,1,2,2,1,1],8,2].
[[1,5,0,1,2,2,1,1,2],16,0].
[[2,5,0,1,2,2,1,1,2],60,1].
[[3,5,0,1,1,2,1,1,2],75,0].
[[2,8,0,0,0,0,2,1,2],40,52].
[[3,8,0,0,0,0,2,1,2],16,25].
[[3,8,1,0,0,0,2,3,1],21,2].
[[1,9,2,1,1,2,2,1,0],34,20].
[[2,4,2,1,2,0,2,1,0],14,3].
[[3,4,2,1,2,0,2,1,0],18,2].
[[3,8,0,1,1,2,1,2,0],62,52].
[[3,8,1,0,0,0,2,3,0],9,6].
[[2,8,0,1,2,2,1,1,2],28,19].
[[3,8,0,1,2,2,1,1,2],40,49].
[[1,9,2,1,2,0,1,1,2],8,6].
[[2,9,2,1,1,0,1,1,2],0,4].
[[3,8,0,1,1,0,1,1,2],1,4].
[[3,8,1,1,1,0,1,2,2],6,15].
[[1,8,0,0,0,0,2,3,2],13,12].
[[3,6,0,0,0,0,1,2,2],1,1].
[[3,7,2,0,0,0,1,1,2],9,7].
[[3,7,1,1,1,2,1,1,2],13,1].
[[1,6,0,1,2,2,0,0,0],12,1].
[[2,3,1,1,2,2,0,0,0],9,1].
[[1,8,1,0,0,0,1,1,2],24,6].
[[3,5,0,0,0,0,1,1,2],23,0].
[[2,7,1,0,0,0,2,1,0],8,0].
[[3,7,1,1,2,0,1,1,0],2,2].
[[3,7,1,1,1,2,2,3,0],26,3].
[[2,8,1,1,1,2,2,2,1],32,3].
[[3,7,1,1,1,2,2,2,1],20,5].
[[2,6,0,1,1,2,0,0,0],2,2].
[[2,9,2,0,0,0,2,3,2],10,24].
[[3,7,1,1,2,2,1,2,2],57,11].
[[2,5,0,0,0,0,2,1,0],2,1].
[[3,5,0,0,0,0,2,1,0],1,1].
[[3,9,2,1,2,0,1,2,0],28,61].
[[1,6,1,0,0,0,2,1,2],15,0].
[[3,6,1,1,1,0,1,1,2],1,1].
[[3,8,1,1,2,2,2,2,2],62,7].
[[3,9,2,1,2,2,2,1,2],24,46].
[[2,8,1,0,0,0,2,3,2],54,10].
[[3,8,1,1,1,0,1,1,2],3,5].
[[1,9,2,1,2,0,2,3,2],7,13].
[[3,8,1,1,1,2,2,2,0],6,6].
[[2,8,1,1,1,2,2,2,2],31,5].
[[1,6,0,0,0,0,2,2,2],1,0].
[[2,6,0,0,0,0,2,2,2],2,0].
[[3,6,0,1,2,0,2,2,2],1,2].
[[2,8,0,1,2,0,2,3,0],7,13].
[[3,8,1,0,0,0,1,2,2],26,8].
[[2,9,2,1,1,2,2,2,1],16,8].
[[3,8,0,1,1,2,2,2,1],8,6].
[[3,8,0,0,0,0,2,1,0],2,10].
[[1,7,1,0,0,0,2,2,1],1,1].
[[2,7,1,0,0,0,2,2,1],7,0].
[[3,7,1,1,2,0,2,2,1],14,3].
[[3,4,2,1,2,0,2,1,1],4,0].
[[2,2,0,1,2,2,0,0,0],1,0].
[[3,2,0,1,1,2,2,3,0],1,0].
[[3,8,1,1,1,2,2,3,0],25,5].
[[3,8,1,1,2,0,1,1,2],30,4].
[[1,8,1,1,1,2,0,0,0],48,6].
[[3,8,1,1,1,2,2,1,0],9,3].
[[2,7,2,1,2,0,2,3,2],5,0].
[[3,7,2,1,2,0,2,3,2],15,2].
[[3,3,1,0,0,0,2,1,2],3,0].
[[2,7,1,1,2,2,2,2,1],17,4].
[[3,9,2,1,2,2,2,3,0],5,38].
[[2,9,2,1,2,2,2,1,0],19,45].
[[1,9,2,0,0,0,2,3,1],43,23].
[[2,9,2,0,0,0,2,3,1],17,10].
[[3,9,2,1,2,0,2,3,1],1,4].
[[2,8,1,0,0,0,2,2,1],52,5].
[[3,8,1,1,2,0,2,2,1],14,3].
[[2,8,1,0,0,0,1,2,0],51,12].
[[3,8,0,1,2,0,2,2,2],5,8].
[[1,8,1,0,0,0,1,2,0],18,10].
[[3,7,1,1,2,2,1,2,0],35,3].
[[3,9,2,0,0,0,1,1,2],8,25].
[[2,4,2,1,2,0,2,3,1],13,0].
[[1,9,2,1,1,2,2,3,2],52,17].
[[2,9,2,1,1,2,2,3,2],23,25].
[[3,8,1,1,1,2,2,3,2],25,3].
[[3,3,0,1,2,2,2,3,2],0,1].
[[3,6,0,1,2,0,2,1,2],0,2].
[[3,8,1,1,1,2,2,3,1],36,11].
[[1,7,1,0,0,0,2,3,1],6,1].
[[2,7,1,0,0,0,2,3,1],17,3].
[[2,8,1,0,0,0,2,2,2],53,10].
[[3,8,1,1,2,0,2,2,2],20,6].
[[3,7,1,0,0,0,2,3,1],20,3].
[[2,9,2,1,2,2,2,3,1],25,26].
[[3,9,2,1,1,2,2,3,1],4,13].
[[2,8,1,1,1,0,2,3,1],2,1].
[[3,8,1,1,1,0,1,2,0],13,11].
[[1,9,2,1,2,0,2,1,2],21,28].
[[2,8,1,1,1,0,2,1,2],5,2].
[[3,7,1,1,1,0,2,1,2],4,3].
[[1,7,2,0,0,0,0,0,0],66,5].
[[2,7,2,0,0,0,2,2,0],5,0].
[[1,8,0,0,0,0,2,2,1],3,2].
[[2,8,0,1,2,2,2,2,1],13,6].
[[3,6,0,1,1,2,2,2,1],1,0].
[[3,8,1,1,2,0,2,3,1],27,7].
[[3,9,2,1,1,0,1,2,0],7,17].
[[1,8,1,1,2,2,2,2,0],58,8].
[[1,8,0,1,2,2,1,2,0],17,4].
[[2,6,0,1,1,2,1,2,0],2,0].
[[3,6,0,1,1,2,1,1,0],1,2].
[[2,9,2,1,2,0,2,2,2],9,16].
[[3,9,2,1,2,2,2,2,2],7,18].
[[1,4,2,1,2,0,2,1,0],8,1].
[[1,8,0,0,0,0,1,2,2],5,8].
[[2,8,0,1,2,0,1,2,2],4,5].
[[3,8,0,1,1,0,1,2,2],1,6].
[[2,8,0,0,0,0,2,2,1],8,4].
[[1,4,2,1,2,0,2,3,0],17,1].
[[2,4,2,1,2,0,2,3,0],45,3].
[[3,1,2,1,2,0,2,3,0],1,0].
[[2,8,1,1,1,2,1,1,1],3,1].
[[3,8,1,1,1,2,1,1,1],2,0].
[[1,9,2,1,2,0,1,2,2],9,8].
[[2,9,2,1,1,0,1,2,2],1,6].
[[2,6,1,1,2,0,2,1,1],0,1].
[[3,6,1,1,1,0,2,1,1],0,1].
[[3,7,1,1,2,0,2,1,2],31,5].
[[1,7,2,0,0,0,2,1,2],38,4].
[[2,7,2,1,2,0,2,1,2],24,4].
[[3,7,2,1,2,2,2,1,2],74,5].
[[3,6,1,1,2,2,1,2,1],4,0].
[[1,6,1,1,2,2,0,0,0],27,0].
[[3,3,1,1,2,2,2,1,2],14,0].
[[2,8,0,1,1,2,2,1,0],25,20].
[[2,3,2,0,0,0,2,1,2],10,0].
[[3,3,2,0,0,0,2,1,2],8,0].
[[1,8,1,1,1,2,2,3,1],19,2].
[[2,1,2,1,2,0,1,2,1],3,0].
[[3,1,2,1,2,0,1,2,1],6,0].
[[3,8,0,0,0,0,1,1,2],6,13].
[[2,9,2,1,1,2,0,0,0],6,14].
[[3,5,0,1,1,2,2,3,0],16,0].
[[3,8,0,0,0,0,2,3,0],9,17].
[[1,8,0,1,2,2,2,2,0],38,21].
[[1,8,0,0,0,0,2,2,2],25,19].
[[3,7,0,1,2,2,1,1,2],1,6].
[[1,7,1,1,2,2,2,2,1],4,1].
[[2,7,1,1,1,2,2,2,1],4,1].
[[3,4,2,1,2,0,2,2,1],26,0].
[[3,8,1,0,0,0,2,2,2],17,3].
[[1,8,1,1,2,2,1,2,1],26,6].
[[2,7,1,1,2,2,2,3,1],24,8].
[[3,6,1,1,2,0,2,2,2],9,2].
[[2,9,2,0,0,0,2,2,0],26,44].
[[3,9,2,0,0,0,2,2,2],0,5].
[[3,8,0,1,1,2,2,3,2],25,15].
[[2,4,2,1,2,0,1,2,0],33,0].
[[3,9,2,0,0,0,2,3,0],0,10].
[[2,7,1,1,2,2,2,3,0],25,3].
[[3,7,1,0,0,0,2,3,0],21,0].
[[2,8,1,0,0,0,2,2,0],51,7].
[[3,6,1,0,0,0,2,2,0],7,0].
[[2,8,1,1,2,0,2,3,1],28,4].
[[3,6,1,1,2,0,2,3,1],6,0].
[[2,6,1,1,2,2,2,2,1],4,0].
[[3,9,2,0,0,0,2,2,1],4,3].
[[2,8,0,1,2,2,2,3,1],19,6].
[[3,8,0,1,2,2,1,2,1],12,4].
[[3,8,1,0,0,0,2,1,2],40,4].
[[2,8,0,0,0,0,2,1,0],14,10].
[[1,8,0,1,2,2,2,2,1],6,5].
[[2,8,0,1,1,2,2,2,1],7,2].
[[2,6,1,1,2,2,2,2,0],9,0].
[[3,3,2,1,2,2,2,2,0],2,0].
[[2,8,0,1,1,2,2,1,2],42,28].
[[3,7,1,1,1,2,2,1,2],52,8].
[[3,7,2,1,1,0,0,0,0],6,3].
[[2,8,1,1,2,0,2,2,0],25,7].
[[3,9,2,1,1,2,2,1,0],0,9].
[[3,8,0,1,1,2,1,1,2],26,26].
[[1,8,0,1,1,2,0,0,0],58,33].
[[3,8,0,1,1,2,0,0,0],0,20].
[[2,7,2,1,2,2,2,1,2],40,6].
[[3,7,2,1,1,0,2,1,2],5,5].
[[3,5,0,1,2,2,2,3,0],27,1].
[[2,9,2,1,1,0,1,2,0],0,5].
[[1,8,0,1,1,2,2,1,2],13,13].
[[1,9,2,1,2,2,2,1,1],10,4].
[[2,8,0,1,2,2,2,1,1],7,1].
[[3,7,0,1,2,2,2,1,1],1,1].
[[3,6,0,1,1,2,1,2,2],3,0].
[[2,4,2,1,2,0,2,3,2],23,1].
[[2,8,0,1,1,2,2,3,2],20,17].
[[3,4,2,1,2,0,2,3,2],31,2].
[[3,8,1,0,0,0,2,2,1],18,1].
[[2,8,0,1,2,0,2,1,0],6,4].
[[3,8,0,1,2,0,1,1,0],2,17].
[[3,9,2,1,1,2,2,3,2],2,12].
[[3,7,1,1,2,2,1,1,0],10,2].
[[3,8,1,1,2,2,2,2,0],31,8].
[[3,9,2,1,2,2,2,2,0],4,33].
[[3,8,1,1,2,0,2,2,0],13,4].
[[1,6,1,1,2,2,2,1,2],9,0].
[[2,6,1,1,2,2,2,1,2],19,0].
[[3,7,1,0,0,0,2,3,2],17,2].
[[1,8,1,1,1,2,2,2,0],7,3].
[[2,7,1,1,1,2,2,2,0],8,1].
[[3,7,1,1,1,2,2,2,0],16,4].
[[2,7,2,0,0,0,1,2,2],14,2].
[[3,7,2,0,0,0,1,2,2],23,3].
[[2,8,1,1,2,0,1,2,0],14,7].
[[3,8,0,1,1,0,1,2,0],6,6].
[[2,6,0,1,2,2,2,2,2],5,1].
[[3,6,0,1,2,2,2,2,2],3,3].
[[2,8,1,1,2,2,2,1,0],39,11].
[[3,8,1,1,1,0,2,1,2],16,13].
[[3,7,2,1,1,0,1,1,2],4,1].
[[3,7,2,1,2,0,1,2,0],3,0].
[[3,8,1,0,0,0,1,1,0],15,6].
[[1,9,2,1,1,2,1,2,2],44,17].
[[1,8,1,1,2,0,2,3,1],10,1].
[[2,7,2,1,2,0,2,2,2],8,2].
[[3,7,2,1,2,0,2,2,2],10,2].
[[3,7,2,1,1,2,2,3,2],10,3].
[[2,6,1,0,0,0,2,3,1],15,0].
[[3,6,1,1,2,2,2,3,1],23,0].
[[1,8,0,1,2,2,2,1,1],2,0].
[[3,8,0,1,1,2,2,1,1],2,2].
[[2,8,1,1,2,0,2,2,2],23,12].
[[1,9,2,1,1,2,1,1,2],29,6].
[[3,8,1,1,2,0,1,2,1],26,3].
[[2,6,0,1,2,2,2,2,1],1,0].
[[3,5,0,1,2,2,1,1,1],10,0].
[[3,7,2,1,2,0,1,2,2],21,3].
[[3,7,1,1,1,2,2,3,1],36,7].
[[2,7,1,0,0,0,1,2,2],7,1].
[[3,7,1,0,0,0,1,2,2],21,3].
[[3,7,0,1,2,2,2,3,0],15,17].
[[3,8,0,1,2,2,2,3,1],21,7].
[[2,8,1,0,0,0,0,0,0],50,16].
[[3,8,1,1,1,2,0,0,0],1,2].
[[3,6,0,1,2,2,2,3,0],15,9].
[[2,7,1,1,2,0,2,3,1],2,1].
[[3,7,0,0,0,0,1,2,2],2,1].
[[3,7,2,1,1,0,1,2,0],2,3].
[[2,3,2,1,2,2,0,0,0],8,0].
[[3,3,2,1,2,2,0,0,0],10,0].
[[2,5,0,1,2,2,2,3,0],14,0].
[[2,7,2,1,2,2,0,0,0],35,3].
[[1,9,2,1,2,0,2,2,2],7,9].
[[3,8,1,1,1,0,2,2,2],5,5].
[[3,4,2,1,2,0,2,3,0],69,3].
[[3,9,2,1,1,2,2,2,0],2,30].
[[1,7,2,1,2,2,2,1,2],9,0].
[[2,7,2,1,1,2,2,1,2],3,0].
[[3,7,2,1,1,2,2,1,2],16,0].
[[2,9,2,0,0,0,2,2,1],9,10].
[[1,8,1,1,2,0,2,1,2],27,11].
[[2,7,0,1,2,2,0,0,0],6,9].
[[3,7,0,1,2,2,1,2,0],10,1].
[[2,9,2,1,2,0,2,3,2],3,10].
[[3,7,2,1,2,0,0,0,0],14,0].
[[3,8,1,1,1,2,2,2,1],26,9].
[[2,8,0,0,0,0,1,1,2],12,11].
[[3,7,1,0,0,0,1,1,2],12,3].
[[2,6,0,0,0,0,2,1,2],2,4].
[[3,6,0,0,0,0,2,1,2],2,2].
[[2,8,1,1,2,0,1,2,1],14,3].
[[3,7,1,1,2,2,1,2,1],26,4].
[[3,7,0,1,2,2,0,0,0],5,13].
[[3,7,0,1,2,0,2,3,0],3,5].
[[2,8,1,0,0,0,2,1,0],25,1].
[[3,8,1,0,0,0,1,2,0],35,6].
[[3,9,2,1,1,2,2,2,2],6,11].
[[1,7,1,1,2,2,2,2,0],2,0].
[[2,7,1,1,2,2,1,1,0],6,0].
[[2,7,1,1,2,2,2,2,0],20,2].
[[2,6,1,1,2,2,1,2,1],3,0].
[[2,8,1,0,0,0,1,1,0],9,6].
[[3,8,1,1,2,0,1,1,0],10,11].
[[2,8,1,1,2,0,2,3,2],17,9].
[[3,8,1,1,2,0,2,3,2],19,3].
[[2,5,0,1,1,2,1,1,2],24,1].
[[2,7,2,1,2,2,1,2,2],15,1].
[[3,7,2,1,1,2,2,2,0],4,1].
[[3,6,0,1,2,2,2,3,2],1,5].
[[1,8,0,0,0,0,2,1,0],15,10].
[[2,8,0,0,0,0,1,1,0],6,14].
[[3,6,0,0,0,0,1,1,0],1,0].
[[3,8,1,1,2,2,2,1,0],11,11].
[[2,7,1,1,1,2,0,0,0],23,5].
[[3,8,1,1,2,2,2,3,0],30,12].
[[1,9,2,0,0,0,2,2,1],31,15].
[[3,7,1,1,2,0,2,2,0],8,2].
[[2,7,2,0,0,0,2,1,2],40,4].
[[2,8,1,0,0,0,2,1,1],8,1].
[[3,7,1,0,0,0,2,1,1],4,0].
[[2,7,0,0,0,0,2,1,2],1,2].
[[3,7,0,1,2,0,1,2,2],1,1].
[[1,5,0,1,2,0,1,1,2],1,0].
[[1,6,1,0,0,0,2,1,1],1,0].
[[2,6,1,0,0,0,1,1,1],1,0].
[[3,2,1,0,0,0,1,1,1],1,0].
[[3,5,0,1,2,2,1,2,1],45,0].
[[3,5,0,0,0,0,1,2,1],8,0].
[[2,5,0,0,0,0,1,1,1],1,0].
[[3,5,0,1,2,0,1,1,1],5,0].
[[3,7,2,1,2,0,2,1,2],39,1].
[[2,8,0,1,2,0,2,3,1],1,5].
[[3,8,0,1,1,0,2,3,1],1,1].
[[3,7,0,1,1,2,2,2,0],9,7].
[[2,8,1,1,2,0,2,2,1],24,6].
[[2,5,0,1,2,2,1,2,0],5,0].
[[3,7,1,1,1,2,2,3,2],17,1].
[[1,8,0,0,0,0,1,1,0],2,3].
[[3,7,0,1,2,0,1,2,0],1,1].
[[3,5,0,1,2,2,2,1,0],8,0].
[[2,7,1,1,2,2,1,2,1],9,1].
[[3,7,1,1,1,2,1,2,1],12,1].
[[3,7,2,0,0,0,2,2,2],12,0].
[[3,8,1,1,1,0,2,3,1],7,3].
[[3,7,1,1,2,0,2,3,0],22,3].
[[3,7,1,1,1,0,2,3,0],4,0].
[[2,9,2,1,1,2,1,2,1],3,3].
[[3,8,0,1,1,2,1,2,1],7,4].
[[3,8,0,1,1,0,2,2,0],1,7].
[[2,9,2,0,0,0,1,2,1],11,4].
[[3,8,0,0,0,0,1,2,1],2,0].
[[1,5,0,1,2,2,2,1,0],5,0].
[[2,5,0,1,1,2,2,1,0],2,0].
[[3,5,0,1,1,2,1,2,0],8,0].
[[1,7,2,0,0,0,1,2,2],8,2].
[[2,4,2,1,2,0,1,2,1],6,0].
[[1,7,2,0,0,0,1,1,2],3,2].
[[3,3,2,1,2,0,1,1,2],2,0].
[[1,8,0,1,1,2,2,3,0],12,6].
[[3,8,1,1,1,0,2,3,2],6,2].
[[1,6,1,0,0,0,1,2,1],2,0].
[[3,6,1,1,2,0,1,2,1],3,0].
[[1,9,2,1,1,2,1,2,0],52,13].
[[1,8,0,0,0,0,1,2,0],9,1].
[[3,7,1,1,2,0,1,2,0],10,4].
[[1,9,2,1,2,2,1,2,1],10,1].
[[2,8,0,1,1,2,1,2,1],2,0].
[[2,7,1,1,2,2,1,2,0],6,0].
[[1,8,1,1,1,2,2,2,2],9,5].
[[1,8,1,0,0,0,2,1,1],11,4].
[[2,8,1,1,2,0,1,1,1],3,3].
[[3,8,1,1,2,0,1,1,1],2,4].
[[1,8,0,1,1,2,1,2,0],4,0].
[[2,8,0,1,1,2,1,2,0],24,18].
[[2,6,0,1,2,2,1,2,0],1,0].
[[2,7,1,1,1,2,2,3,1],7,0].
[[2,7,0,1,2,2,2,1,2],4,3].
[[2,5,0,0,0,0,1,1,2],33,1].
[[1,7,2,0,0,0,2,2,0],3,0].
[[2,3,2,0,0,0,2,2,0],1,0].
[[3,3,2,1,2,0,1,1,0],1,0].
[[1,7,1,1,2,2,2,1,0],3,0].
[[2,7,1,1,1,2,2,1,0],4,0].
[[2,8,0,0,0,0,2,2,2],11,21].
[[2,3,2,0,0,0,1,2,2],2,0].
[[3,3,2,1,2,0,1,2,2],4,0].
[[2,6,1,1,1,2,2,1,2],1,0].
[[3,6,1,1,1,2,2,1,2],6,0].
[[3,5,0,1,1,0,1,1,2],7,4].
[[1,9,2,1,2,0,2,1,0],8,14].
[[2,9,2,1,2,0,2,1,0],9,12].
[[3,9,2,1,1,0,2,1,0],0,6].
[[3,6,1,1,1,2,2,3,2],4,0].
[[2,9,2,1,2,2,2,1,1],1,3].
[[3,9,2,0,0,0,2,1,2],6,13].
[[3,9,2,1,1,0,1,1,0],2,13].
[[2,8,1,0,0,0,1,2,1],31,3].
[[1,6,1,0,0,0,2,3,2],9,0].
[[3,6,1,0,0,0,2,3,2],3,0].
[[3,8,1,0,0,0,2,3,2],11,3].
[[2,7,1,1,2,2,2,2,2],30,6].
[[3,6,1,0,0,0,2,3,1],9,0].
[[1,9,2,1,1,2,2,3,1],15,5].
[[2,5,0,1,1,2,1,2,1],5,0].
[[3,5,0,1,1,2,1,2,1],30,0].
[[2,8,0,1,2,2,1,1,0],17,23].
[[3,6,1,1,2,0,2,3,0],10,1].
[[3,7,2,0,0,0,2,1,2],30,2].
[[3,8,0,0,0,0,2,2,1],3,0].
[[3,8,1,0,0,0,1,2,1],14,0].
[[2,7,1,1,2,0,2,3,0],4,2].
[[3,7,1,1,2,2,2,1,0],19,5].
[[3,9,2,1,2,0,1,1,2],6,20].
[[1,9,2,1,1,2,2,2,1],15,6].
[[1,9,2,0,0,0,1,2,1],10,6].
[[3,9,2,1,2,2,1,2,1],17,5].
[[2,6,1,0,0,0,2,1,2],23,1].
[[3,6,1,1,2,2,1,1,2],10,0].
[[3,7,1,0,0,0,2,2,0],8,0].
[[2,8,0,1,2,0,1,1,2],4,7].
[[3,7,1,1,1,0,1,1,2],3,2].
[[3,7,1,0,0,0,1,2,1],6,0].
[[3,5,0,1,2,0,1,2,0],3,1].
[[1,7,2,0,0,0,2,3,2],21,0].
[[3,6,1,1,1,2,2,2,1],5,0].
[[2,6,0,1,2,2,1,2,2],1,2].
[[3,3,1,1,2,2,1,2,2],3,0].
[[2,8,0,1,2,0,2,1,2],14,12].
[[3,6,0,1,2,2,2,2,1],2,0].
[[2,8,0,1,2,0,2,3,2],5,6].
[[3,8,0,0,0,0,2,3,1],5,3].
[[2,4,2,1,2,0,2,2,0],43,0].
[[2,9,2,1,1,0,2,1,2],1,2].
[[3,4,0,1,2,0,2,1,2],0,1].
[[2,6,1,1,2,0,2,2,2],1,0].
[[2,6,1,0,0,0,2,1,0],2,0].
[[3,6,1,1,2,0,2,3,2],8,0].
[[2,7,1,0,0,0,1,1,1],2,0].
[[1,8,1,1,2,2,2,1,1],10,1].
[[2,8,1,1,2,2,2,1,1],17,2].
[[2,6,0,1,2,2,2,3,2],0,3].
[[2,6,1,0,0,0,2,3,0],9,0].
[[2,6,0,0,0,0,0,0,0],5,3].
[[3,3,1,1,2,0,0,0,0],5,0].
[[3,8,0,1,1,0,2,3,0],1,10].
[[1,5,0,1,1,2,1,1,2],7,0].
[[3,4,2,1,2,0,0,0,0],9,4].
[[2,6,0,1,2,2,2,2,0],2,2].
[[2,9,2,1,2,0,2,3,1],6,8].
[[2,6,1,1,2,2,2,3,0],7,0].
[[3,6,1,1,1,2,2,3,0],5,0].
[[1,8,0,1,2,2,2,1,0],14,9].
[[2,9,2,1,2,0,1,2,1],4,1].
[[3,9,2,1,2,0,2,2,0],0,16].
[[2,7,2,1,2,0,1,1,2],1,5].
[[2,9,2,1,2,0,1,1,0],4,16].
[[1,9,2,1,2,0,2,2,1],6,3].
[[2,8,0,1,2,0,2,2,1],0,2].
[[3,6,0,1,2,0,2,2,1],0,1].
[[3,9,2,1,2,2,2,3,2],5,19].
[[3,7,1,1,1,2,2,1,0],8,1].
[[2,5,0,1,2,2,1,1,0],8,0].
[[2,8,0,1,1,2,1,1,0],5,1].
[[2,8,0,1,2,0,2,2,0],7,12].
[[3,3,1,1,1,2,0,0,0],4,0].
[[3,3,1,1,1,2,1,2,0],1,0].
[[3,6,1,0,0,0,1,1,2],1,0].
[[1,7,1,0,0,0,2,2,2],8,1].
[[3,7,2,1,1,0,2,2,0],3,0].
[[2,9,2,1,1,0,2,2,0],0,5].
[[2,7,1,1,1,2,2,2,2],9,0].
[[1,8,1,1,1,2,2,3,0],8,0].
[[2,8,1,1,1,2,1,2,0],15,5].
[[1,8,0,1,2,2,1,1,0],5,3].
[[3,7,0,1,2,0,2,1,0],1,0].
[[3,3,2,1,2,0,2,3,2],5,0].
[[3,9,2,1,1,0,2,1,2],0,7].
[[3,7,1,0,0,0,2,2,1],15,1].
[[3,6,1,1,2,0,2,2,1],4,0].
[[1,8,1,1,1,2,2,1,1],3,0].
[[2,7,1,1,1,2,2,1,1],1,0].
[[3,3,1,1,1,2,2,1,1],2,0].
[[3,7,0,1,2,0,2,1,2],1,4].
[[2,8,1,1,1,0,2,2,1],1,3].
[[3,4,0,1,2,0,2,2,1],0,1].
[[2,6,0,1,2,2,2,1,0],1,2].
[[3,6,0,1,2,2,2,1,0],2,3].
[[3,7,1,0,0,0,0,0,0],10,3].
[[2,2,1,0,0,0,0,0,0],7,0].
[[3,2,1,1,2,0,0,0,0],1,0].
[[2,9,2,1,1,0,1,2,1],0,1].
[[3,8,0,1,1,0,1,2,1],0,1].
[[2,7,0,1,1,2,2,1,2],3,1].
[[3,7,0,1,1,2,1,2,2],3,6].
[[3,7,2,0,0,0,2,2,0],2,0].
[[1,8,0,1,1,2,2,3,1],2,1].
[[3,8,0,1,1,2,2,3,1],8,6].
[[3,6,0,1,1,2,0,0,0],1,3].
[[2,7,1,1,2,0,2,1,2],9,1].
[[3,6,1,0,0,0,2,1,2],14,0].
[[2,7,2,1,1,2,0,0,0],4,0].
[[3,7,2,1,1,2,2,3,0],3,0].
[[1,8,1,1,2,0,2,2,1],13,6].
[[2,6,1,1,2,0,2,2,1],3,0].
[[3,3,1,0,0,0,0,0,0],9,0].
[[1,6,0,0,0,0,2,1,2],2,1].
[[1,9,2,1,2,0,1,2,0],12,10].
[[1,8,1,0,0,0,1,1,0],4,2].
[[2,9,2,1,2,2,1,1,1],2,0].
[[3,8,0,1,1,0,2,2,2],0,5].
[[1,5,0,0,0,0,2,3,0],6,0].
[[2,5,0,1,2,0,2,3,0],4,0].
[[1,6,1,1,2,2,2,2,0],2,0].
[[2,2,1,1,2,2,2,2,0],1,0].
[[3,2,1,1,2,2,2,3,0],1,0].
[[2,8,1,1,1,0,2,3,2],3,1].
[[3,5,0,1,1,2,1,1,0],13,1].
[[2,8,1,1,1,0,1,2,2],1,2].
[[2,7,1,1,2,0,2,2,0],2,1].
[[3,3,1,1,2,0,2,2,0],0,1].
[[3,3,1,1,1,2,2,1,2],6,0].
[[2,8,0,0,0,0,1,2,1],1,3].
[[3,8,0,1,2,0,1,2,1],0,3].
[[3,9,2,1,2,0,1,2,1],4,4].
[[3,3,2,0,0,0,2,3,2],4,0].
[[2,8,1,1,2,0,1,1,2],14,7].
[[1,5,0,1,2,2,2,3,0],8,0].
[[2,5,0,1,2,2,1,2,1],20,0].
[[3,6,1,1,1,2,1,2,0],4,0].
[[3,7,1,1,2,0,2,1,0],5,1].
[[3,8,0,1,2,0,2,2,0],5,12].
[[2,9,2,1,2,0,2,2,1],8,2].
[[2,7,1,1,1,2,2,3,2],4,1].
[[3,8,0,0,0,0,2,2,2],7,7].
[[1,5,0,0,0,0,1,2,1],2,0].
[[1,7,1,1,2,2,2,3,1],4,2].
[[3,3,2,1,2,0,2,1,2],6,0].
[[3,7,0,0,0,0,2,1,2],3,3].
[[1,6,1,0,0,0,2,3,0],8,0].
[[2,6,1,0,0,0,2,2,2],10,1].
[[3,6,1,0,0,0,2,2,2],5,0].
[[3,6,0,0,0,0,2,2,0],3,0].
[[1,8,1,1,2,2,1,2,0],13,2].
[[2,7,2,0,0,0,1,2,0],3,0].
[[3,7,2,0,0,0,1,2,0],5,0].
[[3,5,0,1,1,0,1,1,0],2,1].
[[3,7,0,1,1,2,0,0,0],3,7].
[[3,7,1,0,0,0,2,1,0],8,2].
[[1,8,1,1,2,0,2,2,2],5,5].
[[3,6,1,1,1,2,2,2,2],5,0].
[[3,8,1,1,1,0,1,1,0],7,5].
[[1,7,1,0,0,0,2,1,2],6,1].
[[2,7,0,1,2,2,2,2,0],2,2].
[[3,5,0,1,2,0,1,1,2],32,2].
[[3,7,0,1,2,0,2,2,0],2,1].
[[3,7,0,0,0,0,0,0,0],2,3].
[[2,8,1,1,2,0,0,0,0],20,12].
[[3,8,1,1,1,0,2,3,0],5,3].
[[1,3,2,0,0,0,0,0,0],6,0].
[[3,3,2,1,1,2,0,0,0],3,0].
[[3,3,1,1,2,0,2,1,2],4,0].
[[3,7,0,1,2,2,1,2,2],8,8].
[[1,8,0,0,0,0,1,2,1],2,1].
[[2,6,0,1,2,2,1,2,1],1,0].
[[3,6,0,1,2,2,1,2,1],1,0].
[[1,8,1,1,2,0,1,2,2],0,2].
[[3,5,0,0,0,0,2,3,0],8,0].
[[2,6,0,1,1,2,1,2,2],2,0].
[[3,8,0,1,2,0,2,1,0],2,7].
[[1,8,1,1,1,2,2,2,1],11,1].
[[2,7,2,1,1,2,1,1,2],4,2].
[[3,3,2,1,1,2,1,1,2],2,0].
[[3,4,2,1,2,0,1,1,1],5,0].
[[2,3,2,0,0,0,0,0,0],10,0].
[[3,3,2,1,2,0,0,0,0],7,0].
[[1,7,2,1,2,0,2,1,2],4,0].
[[3,7,2,1,1,2,1,2,2],9,2].
[[3,6,0,1,1,2,1,1,2],2,2].
[[2,8,0,1,2,0,1,2,1],0,1].
[[1,8,1,1,1,2,2,1,0],7,0].
[[1,8,0,1,1,2,2,2,2],7,0].
[[1,8,1,1,2,0,1,2,0],1,1].
[[2,8,1,1,1,0,1,2,1],1,1].
[[3,7,1,1,1,0,1,2,1],1,1].
[[3,8,1,1,1,0,2,2,0],0,4].
[[1,8,0,0,0,0,1,1,2],5,2].
[[3,3,1,1,2,2,1,2,0],1,0].
[[1,7,1,0,0,0,2,3,0],3,0].
[[1,4,2,1,2,0,1,1,1],1,0].
[[2,4,2,1,2,0,1,1,1],1,0].
[[3,7,0,1,2,0,2,2,2],3,2].
[[3,9,2,1,1,2,2,2,1],4,8].
[[3,7,1,1,1,2,2,1,1],2,0].
[[2,7,0,1,1,2,2,2,0],2,1].
[[3,7,0,1,1,2,1,2,0],8,2].
[[2,6,1,1,2,2,2,3,2],4,0].
[[1,7,1,0,0,0,2,1,0],3,0].
[[3,3,1,1,2,2,2,2,2],8,1].
[[3,8,1,1,2,2,0,0,0],5,2].
[[2,8,1,1,1,2,1,1,0],10,1].
[[3,6,0,1,2,2,1,2,2],2,5].
[[3,8,0,1,2,0,2,3,1],3,4].
[[3,7,1,1,1,0,2,3,2],2,3].
[[1,5,0,0,0,0,1,1,2],14,0].
[[2,6,1,1,2,0,2,3,0],4,0].
[[3,6,1,1,1,0,2,3,0],3,1].
[[3,8,0,0,0,0,0,0,0],0,5].
[[1,8,1,1,1,2,1,1,2],5,1].
[[3,7,2,1,1,2,0,0,0],6,0].
[[3,6,0,1,1,2,1,2,0],5,2].
[[1,4,2,1,2,0,2,2,0],7,0].
[[3,8,1,1,1,0,0,0,0],0,1].
[[2,7,1,1,1,2,1,2,1],3,0].
[[1,8,1,1,2,0,2,3,2],12,1].
[[3,5,0,1,1,2,1,1,1],6,0].
[[2,8,0,1,2,2,1,2,1],6,2].
[[3,9,2,1,2,0,2,2,2],1,7].
[[3,8,1,0,0,0,2,1,0],1,1].
[[2,4,2,1,2,0,0,0,0],14,3].
[[2,8,1,1,1,2,2,1,1],5,0].
[[3,9,2,1,2,0,2,1,0],0,3].
[[3,6,1,1,2,2,1,2,2],14,0].
[[3,5,0,0,0,0,1,2,0],1,1].
[[1,5,0,1,2,0,2,3,0],1,0].
[[2,7,1,1,1,2,1,1,2],2,0].
[[3,6,0,1,1,2,2,3,0],4,4].
[[1,8,1,1,2,0,1,1,2],6,1].
[[3,5,0,1,2,0,2,1,0],1,0].
[[3,6,1,1,2,2,2,1,0],5,0].
[[1,6,1,1,2,2,2,3,1],4,0].
[[1,8,1,1,2,2,1,1,0],6,1].
[[3,7,1,1,1,0,2,3,1],0,3].
[[3,7,2,1,1,2,2,2,2],10,0].
[[2,6,0,1,2,2,2,1,2],6,3].
[[3,6,0,1,2,2,1,1,2],1,2].
[[2,8,0,1,2,0,0,0,0],3,10].
[[3,7,0,1,2,0,0,0,0],1,1].
[[2,7,0,0,0,0,0,0,0],2,3].
[[3,3,1,0,0,0,1,2,1],2,0].
[[2,4,2,1,2,0,1,2,2],24,1].
[[2,7,2,0,0,0,2,2,2],13,1].
[[3,3,1,1,1,2,2,3,2],1,0].
[[3,9,2,1,2,2,2,3,1],4,12].
[[3,8,0,0,0,0,2,2,0],3,7].
[[3,6,0,1,2,2,0,0,0],6,4].
[[2,7,1,1,1,2,2,3,0],9,0].
[[3,7,0,1,2,2,2,2,2],4,4].
[[3,8,0,1,1,0,1,1,0],0,2].
[[3,6,1,1,2,2,1,2,0],8,0].
[[1,7,2,1,2,2,2,2,0],3,0].
[[2,7,2,1,1,2,2,2,2],2,2].
[[1,7,1,1,2,2,2,2,2],7,2].
[[3,6,1,1,1,0,2,1,2],1,1].
[[3,1,2,1,2,0,1,1,2],9,0].
[[2,3,2,0,0,0,2,2,2],4,0].
[[3,3,2,1,2,0,2,2,2],4,0].
[[2,7,2,1,1,2,2,3,2],4,1].
[[2,8,1,1,1,2,2,1,0],15,2].
[[1,7,1,1,2,2,2,1,2],11,0].
[[1,8,0,1,1,2,1,1,0],1,0].
[[2,7,1,1,1,2,1,1,0],2,0].
[[3,7,0,1,2,2,2,1,0],8,3].
[[3,9,2,0,0,0,2,2,0],0,7].
[[2,6,0,1,2,2,2,3,1],1,0].
[[3,6,0,1,2,2,2,3,1],2,0].
[[1,8,0,1,1,2,2,2,1],2,0].
[[2,7,1,1,2,0,2,3,2],9,3].
[[2,7,1,1,2,2,2,1,0],7,1].
[[3,3,1,1,1,2,2,3,1],2,0].
[[3,7,2,1,1,2,1,1,2],8,6].
[[3,6,1,1,1,2,1,1,2],3,0].
[[3,9,2,0,0,0,1,2,1],2,4].
[[1,2,1,0,0,0,2,3,2],1,0].
[[2,2,1,0,0,0,2,3,2],2,0].
[[3,2,1,0,0,0,2,3,2],2,0].
[[3,6,0,0,0,0,1,2,1],1,0].
[[2,9,2,1,2,2,1,2,1],14,1].
[[1,8,1,1,2,0,1,2,1],2,3].
[[3,7,1,1,2,2,1,1,1],2,1].
[[2,5,0,1,2,0,1,1,2],5,0].
[[3,3,1,1,1,2,2,2,2],2,0].
[[3,9,2,1,2,0,2,2,1],0,1].
[[3,6,0,1,2,0,1,2,2],2,0].
[[2,7,0,1,2,2,2,2,1],2,0].
[[3,3,1,1,2,0,2,2,2],1,0].
[[2,3,2,1,2,2,2,1,2],1,0].
[[3,3,2,1,2,2,2,1,2],5,0].
[[3,8,0,1,2,0,2,3,2],3,6].
[[2,7,2,1,2,0,1,2,2],4,2].
[[3,7,2,1,1,0,1,2,2],3,5].
[[3,7,1,1,1,0,2,1,0],1,1].
[[1,8,1,1,1,2,1,2,0],3,1].
[[2,7,1,0,0,0,1,2,1],5,0].
[[3,9,2,1,1,0,1,1,2],2,6].
[[2,6,1,0,0,0,1,1,2],3,0].
[[3,8,1,1,2,0,2,1,0],3,2].
[[2,5,0,1,2,2,2,1,0],6,0].
[[3,8,1,1,1,0,2,2,1],10,5].
[[3,6,1,1,2,0,0,0,0],4,1].
[[2,7,1,1,2,0,2,1,0],3,1].
[[3,3,1,1,2,0,2,1,0],2,0].
[[2,7,2,1,1,2,2,2,0],1,0].
[[3,3,1,1,2,2,2,3,2],4,1].
[[3,6,1,0,0,0,0,0,0],3,1].
[[2,7,1,1,2,0,2,2,1],1,1].
[[3,3,1,1,2,0,2,2,1],1,0].
[[1,7,2,1,2,2,2,3,2],6,0].
[[3,9,2,1,2,0,2,3,2],0,3].
[[3,6,1,1,2,0,1,1,0],1,0].
[[2,7,2,1,1,0,1,1,2],1,1].
[[3,4,0,1,2,0,1,1,2],0,1].
[[3,7,2,1,2,0,2,2,0],2,0].
[[1,6,0,0,0,0,0,0,0],2,0].
[[3,8,1,1,2,2,2,1,1],11,1].
[[3,3,1,1,2,2,2,2,0],5,0].
[[3,9,2,1,1,2,1,2,1],3,4].
[[1,7,2,1,2,2,2,2,2],6,0].
[[3,7,2,1,2,2,2,3,0],11,1].
[[3,7,0,0,0,0,2,2,1],2,0].
[[3,7,0,1,1,2,2,2,2],2,6].
[[3,3,1,1,2,2,1,2,1],2,0].
[[3,7,0,1,1,2,1,1,2],3,3].
[[1,8,1,1,2,2,1,1,1],3,2].
[[3,7,2,0,0,0,0,0,0],6,1].
[[3,7,0,1,2,2,1,1,0],2,7].
[[2,7,2,0,0,0,2,3,0],5,0].
[[2,7,1,0,0,0,1,1,2],3,1].
[[3,3,1,1,2,2,1,1,0],1,0].
[[2,7,1,0,0,0,2,1,1],2,0].
[[1,6,0,1,2,2,2,2,2],3,0].
[[2,7,0,1,2,2,2,3,0],2,3].
[[1,7,1,1,2,2,2,3,2],4,3].
[[3,3,1,1,2,2,2,3,1],6,0].
[[1,6,1,1,2,2,2,1,1],1,0].
[[2,6,1,1,2,2,2,1,1],2,0].
[[3,6,1,1,2,2,2,1,1],3,0].
[[3,8,1,0,0,0,2,2,0],6,1].
[[2,6,0,1,1,2,2,2,0],2,0].
[[2,7,1,1,2,0,1,1,2],1,0].
[[2,7,0,1,1,2,0,0,0],1,5].
[[3,7,1,1,2,0,1,2,1],5,2].
[[1,7,2,1,2,2,1,1,2],2,1].
[[2,8,1,1,1,0,2,3,0],1,3].
[[3,6,1,1,2,2,1,1,0],4,0].
[[1,8,1,1,1,2,1,1,0],1,0].
[[2,1,2,1,2,0,1,1,2],4,0].
[[2,7,2,1,2,0,2,2,0],1,0].
[[3,3,2,1,2,0,2,2,0],1,0].
[[1,8,0,1,1,2,2,3,2],2,4].
[[2,8,1,1,1,0,2,2,0],4,4].
[[3,6,0,1,1,2,2,1,0],2,0].
[[1,8,0,1,2,2,1,2,1],2,1].
[[2,3,1,0,0,0,2,3,0],1,0].
[[3,6,1,0,0,0,1,2,0],3,0].
[[1,9,2,1,2,0,1,1,0],3,1].
[[3,6,1,1,2,2,2,2,0],11,0].
[[3,3,2,1,2,2,2,3,2],5,0].
[[2,6,1,1,1,2,1,1,2],2,0].
[[2,7,0,0,0,0,2,2,2],0,1].
[[2,7,0,1,2,2,2,2,2],2,3].
[[3,3,1,0,0,0,2,3,0],1,0].
[[2,6,1,0,0,0,1,2,0],1,0].
[[1,7,2,1,2,0,0,0,0],14,1].
[[1,6,1,1,2,2,2,2,1],1,0].
[[2,6,1,1,1,2,1,1,1],1,0].
[[3,6,1,1,1,2,1,1,1],1,0].
[[1,9,2,1,1,2,1,2,1],1,1].
[[2,5,0,1,2,2,1,1,1],5,0].
[[3,2,0,1,2,2,2,3,0],1,0].
[[3,6,1,0,0,0,2,3,0],6,0].
[[1,4,2,1,2,0,2,1,1],1,0].
[[2,4,2,1,2,0,2,1,1],2,0].
[[3,7,0,1,2,2,2,2,1],2,0].
[[2,3,2,1,2,0,2,2,2],1,0].
[[3,7,1,0,0,0,1,1,0],3,1].
[[3,7,0,0,0,0,2,3,1],1,0].
[[2,5,0,1,2,0,1,1,0],1,0].
[[3,7,2,0,0,0,2,3,0],4,0].
[[2,5,0,1,1,0,1,1,2],1,0].
[[3,7,1,1,2,0,2,1,1],1,0].
[[3,9,2,1,1,0,1,2,1],2,0].
[[3,2,1,0,0,0,2,1,2],1,0].
[[3,3,2,0,0,0,1,2,2],3,0].
[[2,7,1,0,0,0,2,2,0],6,2].
[[3,7,0,0,0,0,2,2,0],0,2].
[[3,7,0,0,0,0,2,3,0],3,1].
[[3,7,1,1,2,0,1,2,2],15,3].
[[2,7,2,1,2,2,2,2,0],3,0].
[[2,3,1,1,2,2,2,1,0],1,0].
[[3,3,1,1,1,2,2,3,0],3,0].
[[2,6,1,1,2,0,2,3,2],3,1].
[[3,8,1,0,0,0,0,0,0],1,0].
[[2,5,0,1,1,2,2,3,0],11,0].
[[2,7,1,0,0,0,1,2,0],6,0].
[[3,7,0,1,1,2,2,1,0],6,4].
[[3,3,1,0,0,0,2,2,2],1,0].
[[1,6,1,0,0,0,2,3,1],2,1].
[[2,3,1,1,2,2,2,3,1],2,0].
[[2,5,0,1,2,0,1,2,1],2,0].
[[1,7,2,1,2,0,2,2,2],1,1].
[[2,7,2,1,1,0,2,2,2],2,2].
[[3,7,0,1,1,2,2,2,1],2,1].
[[3,6,1,1,2,0,1,2,0],4,0].
[[1,8,1,1,2,0,2,1,1],1,0].
[[2,5,0,1,1,2,1,1,1],1,0].
[[1,4,2,1,2,0,0,0,0],16,0].
[[3,7,1,1,1,0,0,0,0],0,1].
[[2,6,0,1,1,2,2,1,2],1,0].
[[3,6,0,1,1,2,2,1,2],2,0].
[[2,3,1,1,2,2,2,2,2],2,0].
[[3,8,0,1,1,0,2,2,1],0,2].
[[1,8,0,1,1,2,2,1,0],3,3].
[[2,7,2,1,2,2,1,2,0],2,0].
[[2,7,0,0,0,0,2,3,0],2,0].
[[3,7,2,1,1,0,2,2,2],2,2].
[[1,5,0,1,1,2,1,1,0],1,0].
[[2,5,0,1,1,2,1,1,0],6,0].
[[2,6,1,1,1,2,0,0,0],4,0].
[[3,3,2,1,1,2,2,3,2],1,0].
[[2,3,1,1,2,2,2,1,2],3,0].
[[2,6,0,0,0,0,2,1,0],2,0].
[[1,9,2,0,0,0,2,1,1],2,1].
[[2,9,2,1,1,0,1,1,0],2,0].
[[1,4,2,1,2,0,2,3,2],10,0].
[[3,8,0,1,1,0,0,0,0],0,3].
[[3,7,2,1,1,2,1,2,0],2,0].
[[2,6,1,1,1,2,2,1,0],1,0].
[[3,8,1,1,2,0,0,0,0],0,4].
[[2,5,0,0,0,0,1,2,1],8,0].
[[3,8,1,1,1,0,2,1,0],0,2].
[[2,9,2,1,1,0,2,1,0],1,1].
[[3,8,0,1,1,0,2,1,0],1,2].
[[2,3,2,1,2,2,2,2,2],2,0].
[[3,8,1,1,1,0,2,1,1],0,1].
[[3,7,1,1,1,0,1,1,1],0,1].
[[1,9,2,1,1,2,1,1,1],0,1].
[[1,6,1,1,2,2,2,3,2],1,0].
[[3,6,0,1,2,0,1,2,0],2,0].
[[3,6,0,1,2,0,0,0,0],1,0].
[[1,5,0,1,1,2,2,3,0],5,0].
[[3,9,2,1,1,2,2,1,1],0,2].
[[3,7,1,1,1,0,2,2,1],1,4].
[[3,3,2,0,0,0,2,2,2],3,0].
[[3,3,0,0,0,0,0,0,0],0,1].
[[2,7,0,0,0,0,1,2,2],1,0].
[[2,7,2,1,2,2,2,3,0],3,0].
[[3,3,2,1,2,2,2,3,0],1,0].
[[2,4,2,1,2,0,2,2,1],6,0].
[[3,9,2,1,1,0,2,2,1],0,1].
[[2,6,1,1,1,2,2,2,1],1,0].
[[3,3,1,0,0,0,2,3,1],2,0].
[[2,3,2,0,0,0,2,3,2],3,0].
[[2,7,2,1,1,0,0,0,0],1,0].
[[3,7,0,1,1,2,2,3,2],1,3].
[[1,6,1,1,2,2,2,2,2],2,0].
[[2,6,1,1,2,2,1,2,2],1,0].
[[3,9,2,0,0,0,2,3,1],2,1].
[[1,6,0,1,2,2,2,1,2],1,1].
[[1,9,2,1,2,2,1,1,1],1,0].
[[1,6,1,0,0,0,2,2,1],3,1].
[[1,3,2,0,0,0,2,1,2],2,0].
[[3,6,0,0,0,0,2,1,0],1,1].
[[2,6,0,0,0,0,2,3,2],1,0].
[[3,6,0,0,0,0,2,3,2],1,0].
[[2,3,1,0,0,0,2,1,2],1,0].
[[3,3,1,0,0,0,1,1,2],1,0].
[[3,9,2,1,1,0,0,0,0],0,1].
[[3,5,0,1,1,0,1,2,1],1,2].
[[1,7,1,0,0,0,2,2,0],2,0].
[[2,5,0,0,0,0,1,1,0],2,0].
[[2,3,2,1,2,0,0,0,0],4,0].
[[2,6,0,0,0,0,1,1,2],1,0].
[[3,6,0,0,0,0,1,1,2],1,0].
[[1,9,2,1,2,0,1,2,1],1,0].
[[3,7,1,1,1,0,2,2,2],0,3].
[[3,7,2,1,2,0,2,3,0],1,1].
[[3,9,2,1,1,0,2,3,1],0,3].
[[3,3,1,1,2,2,2,2,1],4,0].
[[1,3,2,0,0,0,1,2,2],1,0].
[[2,6,0,1,1,2,2,3,2],1,0].
[[3,6,1,1,2,0,1,2,2],2,2].
[[1,4,2,1,2,0,1,2,0],1,0].
[[3,8,0,1,1,0,2,3,2],0,3].
[[1,7,1,0,0,0,1,2,1],0,1].
[[2,7,1,1,2,0,1,2,1],0,1].
[[2,6,0,0,0,0,1,2,2],1,0].
[[3,3,1,1,2,2,2,3,0],3,0].
[[2,6,1,1,1,2,2,3,0],4,0].
[[3,6,0,1,1,2,2,3,2],3,0].
[[2,7,0,1,2,2,1,2,2],1,1].
[[3,5,0,1,2,2,1,2,2],0,1].
[[1,7,2,1,2,2,1,2,2],2,0].
[[2,3,2,1,2,2,1,2,2],1,0].
[[1,8,1,1,1,2,1,2,1],3,1].
[[3,2,1,0,0,0,2,2,0],1,0].
[[3,9,2,0,0,0,2,3,2],0,1].
[[3,6,0,0,0,0,2,2,2],1,1].
[[1,5,0,0,0,0,2,1,0],2,0].
[[3,5,0,0,0,0,1,1,1],3,0].
[[2,8,0,1,1,2,2,1,1],0,1].
[[2,5,0,1,2,0,1,1,1],1,0].
[[1,2,1,0,0,0,0,0,0],2,0].
[[3,2,1,0,0,0,0,0,0],2,0].
[[2,8,0,1,2,0,1,1,0],2,0].
[[3,7,1,1,2,2,2,1,1],6,1].
[[3,3,1,1,1,2,2,2,1],1,0].
[[3,9,2,1,1,0,2,3,0],1,4].
[[3,9,2,1,2,2,1,1,1],1,0].
[[3,6,0,1,1,2,2,2,2],2,1].
[[2,9,2,1,1,0,0,0,0],0,2].
[[2,9,2,1,1,0,2,3,0],0,4].
[[2,7,2,1,2,0,1,2,0],1,0].
[[3,3,2,1,2,0,1,2,0],1,0].
[[3,8,1,1,2,0,2,1,1],1,0].
[[3,5,0,0,0,0,1,1,0],1,0].
[[3,6,1,1,1,2,0,0,0],2,1].
[[1,5,0,1,2,2,1,1,0],1,0].
[[1,6,1,0,0,0,2,2,0],3,0].
[[2,3,1,0,0,0,2,2,0],1,0].
[[3,3,1,1,2,0,1,1,0],1,0].
[[2,9,2,1,1,2,2,1,1],3,1].
[[2,7,2,1,2,2,1,1,0],1,0].
[[3,7,2,1,1,2,1,1,0],2,0].
[[1,7,2,1,2,0,2,3,2],3,0].
[[2,9,2,0,0,0,2,1,1],0,1].
[[3,9,2,1,2,0,2,1,1],0,1].
[[2,7,2,1,2,2,2,1,0],1,0].
[[3,6,1,1,2,2,1,1,1],0,1].
[[3,8,0,1,2,0,0,0,0],0,2].
[[2,6,1,0,0,0,2,2,0],4,0].
[[3,7,1,1,1,2,1,1,1],1,2].
[[3,8,1,0,0,0,2,1,1],3,0].
[[1,9,2,0,0,0,1,1,1],1,0].
[[2,9,2,1,2,0,1,1,1],1,0].
[[3,3,1,0,0,0,2,1,0],1,0].
[[2,6,1,1,2,2,1,1,2],2,0].
[[2,5,0,1,2,0,1,2,0],1,1].
[[1,7,1,1,2,2,1,1,2],1,0].
[[3,9,2,0,0,0,2,1,0],0,1].
[[3,7,2,1,1,0,2,3,0],0,1].
[[3,7,1,0,0,0,1,1,1],1,0].
[[3,2,1,1,2,2,2,1,2],1,0].
[[3,7,2,1,1,2,2,1,0],1,0].
[[2,6,0,0,0,0,2,3,0],1,0].
[[2,3,2,1,2,0,2,3,2],2,0].
[[2,7,1,1,2,2,2,1,1],1,1].
[[3,3,2,1,2,2,1,2,2],2,0].
[[2,8,1,1,1,0,1,1,2],1,0].
[[2,7,0,1,2,2,2,3,1],1,0].
[[3,7,0,1,2,2,1,2,1],1,0].
[[3,6,0,0,0,0,2,3,0],1,0].
[[3,9,2,1,1,0,2,2,0],0,3].
[[3,7,2,1,2,0,2,1,0],1,0].
[[3,6,1,0,0,0,1,1,1],0,1].
[[1,7,2,1,2,0,2,3,0],1,0].
[[2,7,0,1,2,2,1,1,0],0,1].
[[1,5,0,1,1,2,2,1,0],1,0].
[[2,5,0,1,1,2,1,2,0],3,0].
[[1,8,1,1,1,2,1,1,1],1,0].
[[3,7,2,1,1,0,2,3,2],1,0].
[[3,6,0,1,1,2,2,3,1],1,0].
[[3,7,2,1,2,2,1,1,0],2,0].
[[2,7,0,1,1,2,2,2,2],1,0].
[[2,2,1,1,2,2,2,1,2],1,0].
[[3,2,1,1,1,2,2,1,2],1,0].
[[2,2,1,1,2,2,0,0,0],1,0].
[[3,2,1,1,1,2,2,2,0],1,0].
[[2,8,1,0,0,0,1,1,1],3,1].
[[3,8,1,0,0,0,1,1,1],2,0].
[[3,2,0,1,1,2,0,0,0],1,0].
[[3,7,0,0,0,0,2,2,2],0,1].
[[3,7,1,1,1,0,1,2,0],1,0].
[[2,7,2,1,1,0,2,3,2],1,0].
[[2,6,1,1,2,0,2,1,0],2,0].
[[1,7,1,1,2,2,2,1,1],1,0].
[[1,4,2,1,2,0,1,1,0],1,0].
[[2,6,1,0,0,0,1,2,2],2,0].
[[1,3,2,0,0,0,2,2,2],1,0].
[[2,7,0,0,0,0,1,1,2],2,0].
[[3,6,1,1,1,0,2,3,1],1,1].
[[3,6,1,1,2,0,2,1,0],1,0].
[[3,6,1,1,1,0,1,2,2],1,1].
[[3,7,2,1,2,2,2,1,0],0,1].
[[3,6,1,1,1,0,1,2,0],1,0].
[[1,6,0,1,2,2,2,2,0],1,0].
[[3,2,1,0,0,0,2,1,0],1,0].
[[3,6,1,0,0,0,2,1,1],1,0].
[[3,5,0,1,1,0,1,1,1],2,0].
[[1,6,1,1,2,2,2,3,0],1,0].
[[3,6,0,1,2,0,2,3,0],0,1].
[[2,8,1,1,1,0,0,0,0],0,1].
[[3,6,0,1,2,2,1,1,0],2,0].
[[2,3,1,1,2,2,2,3,2],1,0].
[[2,7,1,1,2,0,2,2,2],2,1].
[[2,7,0,1,1,2,2,3,2],1,0].
[[2,7,1,1,2,0,1,2,2],2,0].
[[3,3,1,1,2,0,1,2,2],1,0].
[[3,2,1,1,2,0,2,3,1],1,0].
[[3,8,0,1,1,0,2,1,1],0,1].
[[3,5,0,1,1,2,2,1,0],1,0].
[[3,6,1,0,0,0,2,1,0],1,0].
[[2,8,0,1,2,0,2,1,1],1,0].
[[3,8,0,1,2,0,2,1,1],1,0].
[[3,9,2,1,1,0,1,1,1],1,0].
[[2,6,1,1,1,2,1,2,2],1,0].
[[3,6,1,1,1,2,1,2,2],1,0].
[[2,7,2,1,1,0,2,1,2],1,0].
[[2,5,0,0,0,0,1,2,0],1,0].
[[2,9,2,1,1,0,2,3,2],0,2].
[[3,3,2,1,1,0,2,3,2],1,0].
[[1,5,0,1,2,2,1,2,1],2,0].
[[3,3,2,1,1,2,2,1,2],1,0].
[[3,3,2,1,1,0,2,1,2],1,0].
[[2,7,2,1,2,0,2,3,0],1,0].
[[3,7,2,0,0,0,2,1,0],1,0].
[[2,8,1,1,2,0,2,1,1],1,0].
[[3,6,1,1,2,0,2,1,1],1,0].
[[2,7,2,1,1,0,2,2,0],1,0].
[[3,3,1,0,0,0,1,2,2],1,0].
[[2,7,0,1,2,2,2,1,0],1,0].
[[3,7,0,0,0,0,2,1,0],1,1].
[[3,7,0,0,0,0,1,1,2],1,0].
[[2,6,0,0,0,0,2,2,0],1,0].
[[3,7,1,1,1,0,2,2,0],2,0].
[[3,9,2,1,2,2,2,1,1],0,1].
[[3,3,1,0,0,0,2,2,0],1,0].
[[2,3,2,0,0,0,1,1,2],1,0].
[[2,7,2,1,1,0,1,2,2],0,1].
[[3,9,2,1,1,0,2,3,2],0,1].
[[3,3,1,1,2,0,1,1,2],1,0].
[[3,3,0,1,1,2,0,0,0],0,1].
[[2,6,0,1,1,2,2,3,0],2,0].
[[3,5,0,1,1,0,2,1,0],1,0].
[[2,3,2,1,2,0,2,1,2],1,0].
[[3,3,2,1,1,0,1,1,2],1,0].
[[2,3,1,0,0,0,2,3,2],1,0].
[[3,2,1,1,2,0,2,2,0],1,0].
[[3,5,0,1,2,0,1,1,0],2,0].
[[1,8,1,1,2,0,1,1,0],1,0].
[[2,7,1,1,2,0,1,1,0],1,0].
[[2,6,1,1,1,2,2,3,2],1,0].
[[3,7,0,0,0,0,1,2,0],1,0].
[[2,8,1,1,1,0,2,2,2],1,0].
[[2,6,1,1,2,0,1,2,2],1,0].
[[3,3,1,1,2,2,2,1,0],1,0].
[[1,4,2,1,2,0,2,2,1],1,0].
[[3,6,1,1,1,0,0,0,0],1,0].
[[3,3,0,1,2,2,0,0,0],0,1].
[[3,6,1,1,1,0,2,2,0],2,0].
[[3,3,1,1,1,2,2,1,0],1,0].
[[1,6,1,1,2,2,1,2,1],1,0].
[[2,9,2,1,1,0,2,2,1],0,1].
[[2,6,0,0,0,0,1,2,0],1,0].
[[3,3,1,1,2,0,1,2,0],1,0].
[[3,3,2,0,0,0,1,1,2],2,0].
[[3,7,1,1,1,0,1,2,2],0,1].
[[3,3,0,1,1,2,2,1,2],0,1].
[[1,1,2,1,2,0,1,2,1],1,0].
[[2,6,1,1,2,0,2,3,1],0,1].
[[3,3,1,1,2,0,2,3,2],1,0].
[[3,6,1,1,1,0,2,2,2],0,1].
[[2,6,1,1,2,0,1,1,2],0,1].
