total_WL(7316,4726).
[[1,8,1,1,2,2,2,2,1],123,41].
[[2,8,1,1,2,2,1,2,1],144,46].
[[3,7,2,1,2,2,1,2,1],59,2].
[[1,8,1,0,0,0,0,0,0],406,171].
[[2,7,2,0,0,0,2,1,0],5,2].
[[3,7,2,1,2,0,2,1,0],1,1].
[[1,8,1,0,0,0,1,1,1],13,14].
[[2,6,1,0,0,0,1,1,1],3,0].
[[3,6,1,0,0,0,1,1,1],3,0].
[[1,9,2,0,0,0,1,2,1],68,65].
[[2,9,2,0,0,0,1,2,1],66,71].
[[3,8,0,1,2,0,1,2,1],17,26].
[[1,8,1,0,0,0,1,2,1],73,29].
[[2,8,1,0,0,0,1,2,1],113,44].
[[3,8,1,1,2,2,1,2,0],99,30].
[[1,9,2,1,2,2,1,2,1],84,66].
[[2,9,1,1,1,2,1,2,1],3,3].
[[3,8,1,1,1,2,1,2,1],102,40].
[[1,4,2,1,2,0,2,3,1],20,0].
[[2,4,2,1,2,0,1,2,1],49,1].
[[3,4,2,1,2,0,1,1,1],68,1].
[[1,8,0,0,0,0,0,0,0],150,149].
[[2,8,0,0,0,0,2,2,1],26,51].
[[3,8,0,1,2,2,1,2,1],89,107].
[[1,8,1,1,2,0,2,3,1],28,9].
[[2,8,1,1,1,0,1,2,1],4,1].
[[3,8,1,1,1,0,1,2,1],18,27].
[[1,9,2,1,2,2,2,3,1],289,285].
[[2,9,2,1,2,2,1,1,1],36,30].
[[3,9,2,1,1,2,1,1,1],9,35].
[[1,8,0,0,0,0,2,1,1],11,13].
[[2,8,0,0,0,0,2,1,1],11,15].
[[2,8,0,1,2,2,2,3,1],125,113].
[[3,8,0,1,1,2,2,3,1],52,61].
[[1,9,2,0,0,0,2,3,1],208,249].
[[2,9,2,1,2,0,1,2,1],28,30].
[[1,9,2,0,0,0,0,0,0],99,239].
[[2,8,1,0,0,0,2,2,1],113,49].
[[3,8,1,0,0,0,1,1,1],18,12].
[[2,8,0,0,0,0,0,0,0],30,48].
[[3,8,0,1,2,0,2,2,0],9,21].
[[2,8,0,1,2,2,2,2,0],74,52].
[[3,8,0,1,1,2,2,2,0],31,43].
[[1,8,0,1,2,2,0,0,0],248,203].
[[3,8,0,1,2,2,2,3,1],76,90].
[[1,8,1,0,0,0,2,3,1],228,91].
[[1,9,2,0,0,0,2,3,0],156,180].
[[2,9,2,1,2,2,2,3,0],87,144].
[[3,8,1,1,2,2,2,3,0],25,22].
[[3,7,2,0,0,0,2,2,1],16,2].
[[1,9,2,0,0,0,1,2,0],67,55].
[[2,9,2,0,0,0,1,2,0],38,41].
[[3,8,0,1,2,0,1,2,0],15,16].
[[1,9,2,1,2,2,1,1,1],33,25].
[[2,8,0,1,1,2,1,1,1],5,4].
[[3,8,0,1,1,2,1,2,1],60,79].
[[1,8,0,1,1,2,2,3,1],22,5].
[[2,8,0,1,1,2,1,2,1],14,10].
[[3,4,2,1,2,0,1,2,1],151,3].
[[1,9,2,0,0,0,2,1,0],89,98].
[[2,9,2,1,2,2,1,1,0],46,49].
[[3,8,0,1,1,2,1,1,0],24,20].
[[1,9,2,0,0,0,2,1,1],77,95].
[[2,9,2,0,0,0,2,1,1],18,35].
[[3,9,2,1,2,0,2,1,1],6,8].
[[1,9,2,1,2,2,2,2,1],206,206].
[[2,8,0,1,1,2,2,2,1],42,32].
[[3,4,2,1,2,0,2,3,1],97,3].
[[1,8,1,1,2,0,1,2,1],10,2].
[[2,7,1,1,2,0,1,2,1],2,1].
[[3,7,1,1,2,0,1,2,1],23,5].
[[2,9,2,1,2,2,2,3,1],112,173].
[[2,9,2,1,1,2,2,3,1],65,67].
[[1,9,2,0,0,0,2,2,0],154,134].
[[2,9,2,1,2,2,2,2,0],80,103].
[[3,9,2,1,1,2,2,2,0],5,38].
[[1,8,1,1,2,2,2,3,1],211,47].
[[3,5,0,1,1,2,1,1,0],19,4].
[[1,8,1,0,0,0,2,1,1],82,26].
[[2,6,1,0,0,0,2,1,1],7,1].
[[3,6,1,1,2,2,1,2,1],21,0].
[[2,8,1,1,2,2,2,3,1],277,96].
[[3,8,1,1,2,2,2,3,1],150,65].
[[1,8,0,1,1,2,2,3,0],14,5].
[[2,8,0,1,1,2,2,3,0],43,26].
[[1,9,2,0,0,0,2,2,1],137,179].
[[2,9,2,1,2,2,2,2,1],96,148].
[[3,8,0,1,2,2,2,2,1],49,67].
[[3,8,1,1,2,2,1,2,1],222,96].
[[2,9,2,0,0,0,2,1,0],21,32].
[[3,5,0,1,2,2,1,1,0],35,3].
[[2,8,1,0,0,0,2,1,1],48,24].
[[3,8,1,1,2,0,1,2,1],87,51].
[[2,8,1,0,0,0,2,3,1],165,64].
[[1,9,2,1,2,2,0,0,0],148,247].
[[2,9,2,1,2,2,2,1,1],39,68].
[[3,8,1,1,2,2,2,1,1],50,22].
[[1,8,1,1,2,2,0,0,0],331,116].
[[3,6,1,1,2,2,2,3,1],34,1].
[[3,8,0,1,2,0,0,0,0],0,8].
[[1,7,1,1,2,2,2,3,1],16,4].
[[2,7,1,1,1,2,2,3,1],18,4].
[[1,8,0,0,0,0,2,3,1],42,36].
[[2,7,1,0,0,0,2,3,1],39,15].
[[3,7,1,0,0,0,2,3,1],42,14].
[[2,9,2,1,2,0,2,1,1],14,12].
[[3,8,1,1,2,0,2,1,1],28,13].
[[1,9,2,1,2,2,2,2,0],175,116].
[[2,8,1,1,2,2,2,2,0],49,17].
[[1,8,1,0,0,0,1,1,0],7,6].
[[2,7,1,0,0,0,1,1,0],1,0].
[[3,7,1,0,0,0,1,2,1],25,5].
[[1,9,2,1,2,2,2,3,0],201,182].
[[2,8,0,1,2,2,2,3,0],84,73].
[[3,5,0,1,2,2,1,2,0],27,2].
[[2,9,2,0,0,0,2,3,1],50,73].
[[3,8,1,1,2,0,2,2,1],43,25].
[[1,9,2,1,1,2,2,3,0],86,37].
[[2,9,2,1,1,2,2,2,0],34,42].
[[3,9,1,1,1,2,1,1,0],1,10].
[[3,7,1,1,2,2,2,3,1],188,69].
[[1,9,2,1,1,2,0,0,0],68,58].
[[2,8,0,1,1,2,0,0,0],26,40].
[[1,4,2,1,2,0,2,3,0],15,0].
[[2,4,2,1,2,0,2,1,0],22,0].
[[3,4,2,1,2,0,2,1,0],32,0].
[[2,8,1,1,2,2,2,1,0],42,11].
[[3,8,1,1,2,2,2,2,1],120,41].
[[1,9,2,1,2,2,1,2,0],62,61].
[[2,8,1,1,2,2,1,2,0],44,16].
[[3,9,2,1,2,2,2,3,1],11,36].
[[3,8,0,1,2,2,2,1,0],33,44].
[[3,8,1,1,1,2,1,1,1],34,27].
[[1,8,1,1,1,2,0,0,0],64,10].
[[2,8,1,1,1,2,2,1,0],22,2].
[[3,8,1,1,1,2,1,1,0],20,7].
[[3,8,0,0,0,0,1,2,0],15,10].
[[1,7,2,0,0,0,0,0,0],97,14].
[[2,3,2,0,0,0,0,0,0],17,1].
[[3,3,2,0,0,0,2,3,1],7,0].
[[2,8,1,1,2,2,2,3,0],76,30].
[[1,8,1,0,0,0,2,2,0],59,15].
[[2,8,1,0,0,0,1,2,0],39,10].
[[3,8,1,0,0,0,1,2,1],57,25].
[[1,8,0,1,2,2,2,3,0],45,28].
[[3,8,0,1,2,2,2,3,0],55,86].
[[1,7,2,1,2,2,0,0,0],43,1].
[[2,7,1,1,2,2,0,0,0],115,32].
[[3,7,1,1,2,2,2,2,1],106,32].
[[2,9,2,1,2,2,1,2,1],131,155].
[[1,9,2,1,1,2,2,2,1],86,30].
[[2,9,2,1,1,2,1,1,1],26,21].
[[2,8,1,1,2,2,2,2,1],201,72].
[[1,8,1,1,1,2,2,2,1],22,2].
[[2,7,1,1,1,2,2,2,1],17,0].
[[1,7,1,0,0,0,0,0,0],70,22].
[[2,7,1,0,0,0,0,0,0],65,25].
[[3,3,1,0,0,0,0,0,0],10,2].
[[3,8,0,1,1,2,2,3,0],37,56].
[[3,9,2,1,2,2,1,2,1],69,146].
[[2,7,2,1,2,2,2,2,1],26,5].
[[1,9,2,1,2,2,2,1,0],116,72].
[[2,9,2,1,2,2,2,1,0],50,66].
[[1,6,1,0,0,0,2,3,0],4,1].
[[2,6,1,1,2,0,1,2,0],0,1].
[[3,6,1,1,2,0,1,2,0],1,1].
[[1,9,2,1,2,0,2,3,1],20,39].
[[2,9,2,1,2,0,2,3,1],19,39].
[[3,9,2,1,2,2,1,1,0],37,40].
[[3,8,1,0,0,0,2,1,1],17,6].
[[2,8,1,1,2,0,2,1,1],33,13].
[[3,7,2,1,2,0,2,1,1],15,4].
[[2,8,0,1,2,2,0,0,0],31,113].
[[3,7,1,1,2,2,0,0,0],48,22].
[[1,9,2,0,0,0,1,1,0],25,16].
[[2,9,2,0,0,0,1,1,0],21,31].
[[3,8,0,0,0,0,1,1,0],7,10].
[[2,9,1,1,2,2,2,1,1],1,4].
[[3,8,0,1,2,2,2,1,1],27,45].
[[2,9,2,1,1,2,1,2,1],78,47].
[[3,5,0,1,1,2,1,1,1],24,3].
[[1,8,1,1,2,2,1,2,1],37,15].
[[1,8,1,0,0,0,2,2,1],184,61].
[[1,8,1,0,0,0,2,3,0],76,21].
[[2,7,2,0,0,0,2,3,1],35,4].
[[3,7,2,1,2,0,1,2,1],23,4].
[[1,8,1,1,2,0,2,2,0],8,2].
[[2,8,1,1,2,0,2,3,0],17,7].
[[2,9,2,1,1,2,2,2,1],43,57].
[[3,7,0,1,1,2,2,2,1],14,5].
[[3,9,2,1,2,2,2,2,1],19,44].
[[1,8,0,1,2,2,2,1,0],20,13].
[[2,8,0,1,2,2,1,2,0],40,24].
[[3,8,0,1,2,2,1,2,0],71,54].
[[3,9,2,1,1,2,1,2,1],64,103].
[[1,9,2,1,2,0,0,0,0],15,28].
[[2,8,0,0,0,0,2,3,1],47,42].
[[3,8,0,1,2,0,2,3,1],15,19].
[[2,8,1,1,2,2,2,1,1],77,33].
[[3,8,1,1,2,2,1,1,1],71,53].
[[1,6,1,0,0,0,0,0,0],97,3].
[[2,6,1,1,2,2,0,0,0],38,1].
[[3,6,1,1,2,2,2,3,0],9,0].
[[2,8,0,1,2,0,2,1,0],7,5].
[[2,9,2,1,2,0,2,3,0],16,25].
[[2,9,2,1,2,2,0,0,0],5,39].
[[3,8,0,1,2,2,0,0,0],0,29].
[[3,9,2,1,1,2,1,2,0],53,49].
[[1,7,1,1,2,2,0,0,0],76,18].
[[3,7,1,1,1,2,2,3,1],76,17].
[[2,9,2,1,2,2,1,2,0],90,90].
[[3,7,1,1,1,2,2,1,1],15,8].
[[2,8,0,1,2,2,2,2,1],78,70].
[[3,8,0,1,1,2,1,1,1],11,18].
[[1,8,0,1,2,2,2,2,1],39,29].
[[3,9,1,1,2,2,1,2,0],15,37].
[[3,8,0,1,1,0,2,3,0],2,4].
[[2,8,1,0,0,0,2,3,0],51,19].
[[3,7,2,0,0,0,2,3,1],21,4].
[[2,9,2,1,1,2,2,3,0],70,66].
[[3,8,1,1,1,2,2,2,1],63,25].
[[2,8,0,0,0,0,2,2,0],38,16].
[[1,9,2,1,1,2,2,1,0],55,29].
[[2,4,2,1,2,0,2,1,1],21,0].
[[3,4,2,1,2,0,2,1,1],36,1].
[[1,9,2,1,2,0,1,2,1],10,7].
[[3,8,0,1,1,2,0,0,0],0,26].
[[2,9,2,1,2,0,1,1,1],5,11].
[[3,9,2,1,1,0,1,1,1],2,9].
[[3,8,1,1,2,0,1,1,0],8,7].
[[2,9,1,1,2,2,1,1,0],3,7].
[[3,9,1,1,2,2,1,1,0],3,17].
[[2,8,0,1,2,2,2,1,0],59,37].
[[3,8,0,1,1,2,2,1,0],16,26].
[[2,9,2,1,2,0,2,2,1],13,26].
[[3,9,2,1,2,0,2,2,1],3,17].
[[1,8,0,0,0,0,2,2,0],34,9].
[[2,7,1,0,0,0,2,2,0],15,1].
[[3,7,2,0,0,0,1,1,1],3,1].
[[2,8,0,1,1,2,2,2,0],44,25].
[[1,9,2,1,2,2,2,1,1],77,81].
[[2,8,1,1,1,2,2,2,1],65,11].
[[3,7,1,1,1,2,2,2,1],42,14].
[[2,9,2,1,2,0,1,2,0],16,19].
[[3,9,2,1,1,0,1,2,0],2,20].
[[2,8,0,1,2,2,2,1,1],31,44].
[[3,8,0,1,2,2,1,1,1],21,31].
[[3,7,2,1,1,2,2,2,1],19,0].
[[1,9,2,1,2,0,2,2,0],13,25].
[[3,9,1,1,1,0,1,2,0],1,4].
[[2,7,0,0,0,0,2,1,1],2,0].
[[3,7,0,0,0,0,1,1,1],1,0].
[[2,7,0,1,2,2,2,2,0],3,1].
[[3,7,1,1,2,2,1,2,1],96,23].
[[3,8,0,1,2,2,2,2,0],46,76].
[[1,8,0,1,2,2,2,3,1],63,28].
[[2,7,0,1,2,2,2,3,1],2,1].
[[3,7,0,1,2,2,2,3,1],23,9].
[[2,8,1,1,1,2,2,1,1],27,6].
[[2,7,1,1,2,0,2,3,0],6,2].
[[3,7,1,1,2,0,1,1,0],3,1].
[[2,7,1,1,2,2,2,3,1],71,20].
[[1,6,1,0,0,0,2,3,1],15,0].
[[2,6,1,0,0,0,2,3,1],21,0].
[[3,6,1,1,2,2,2,2,0],9,1].
[[2,9,2,0,0,0,2,2,0],48,75].
[[2,9,2,0,0,0,2,3,0],42,79].
[[3,9,2,0,0,0,1,2,0],12,15].
[[3,9,2,1,1,2,2,3,0],6,49].
[[1,8,0,0,0,0,2,1,0],26,10].
[[3,7,0,1,1,2,2,1,0],10,5].
[[1,8,1,0,0,0,2,1,0],25,8].
[[2,8,1,0,0,0,2,1,0],25,15].
[[2,6,1,0,0,0,0,0,0],45,5].
[[3,6,1,0,0,0,2,2,1],11,0].
[[1,8,1,1,1,2,2,3,1],36,6].
[[2,8,1,1,1,2,1,2,1],41,11].
[[1,9,2,1,1,2,2,3,1],101,49].
[[2,4,2,1,2,0,2,3,1],64,2].
[[3,4,2,1,2,0,1,2,0],104,1].
[[3,7,0,1,1,2,2,2,0],14,5].
[[3,8,1,1,2,0,2,3,1],54,28].
[[2,8,1,1,2,0,1,1,1],9,11].
[[3,8,1,1,2,0,1,1,1],28,16].
[[3,7,0,0,0,0,2,3,1],7,0].
[[2,9,2,1,2,0,2,1,0],11,20].
[[3,9,2,0,0,0,1,2,1],14,35].
[[1,8,0,0,0,0,2,2,1],26,22].
[[3,8,0,0,0,0,2,3,1],23,12].
[[2,9,1,0,0,0,1,2,1],4,7].
[[2,7,1,0,0,0,2,2,1],32,9].
[[1,6,1,1,2,2,0,0,0],32,2].
[[3,6,1,1,2,2,2,1,1],13,1].
[[1,4,2,1,2,0,2,2,1],18,0].
[[2,4,2,1,2,0,2,2,1],45,0].
[[3,7,1,1,1,0,2,1,0],1,3].
[[1,8,1,1,2,0,2,2,1],9,16].
[[2,8,1,1,2,0,2,2,1],43,35].
[[2,6,0,1,2,2,0,0,0],15,13].
[[3,6,0,1,2,2,2,3,1],16,6].
[[1,8,1,1,2,2,2,1,1],57,19].
[[2,8,1,1,2,2,1,1,1],51,30].
[[3,6,0,1,2,2,0,0,0],4,12].
[[1,8,0,1,2,2,2,2,0],33,18].
[[2,7,1,1,2,0,2,3,1],14,5].
[[2,8,1,0,0,0,2,2,0],34,8].
[[3,8,1,0,0,0,2,2,1],31,13].
[[3,9,2,1,2,2,1,1,1],27,40].
[[3,9,2,1,2,2,2,1,0],6,32].
[[3,9,2,1,2,2,2,2,0],11,50].
[[2,7,2,1,2,2,2,3,1],31,1].
[[2,8,1,1,2,0,1,2,1],43,19].
[[3,8,0,1,2,0,2,3,0],15,22].
[[3,7,2,0,0,0,2,1,1],8,0].
[[3,8,1,0,0,0,1,2,0],23,6].
[[1,8,0,1,1,2,0,0,0],69,26].
[[2,8,0,1,1,2,2,3,1],74,33].
[[2,8,1,1,2,0,2,2,0],12,3].
[[3,8,1,1,2,2,1,1,0],31,18].
[[3,8,0,0,0,0,2,1,1],5,9].
[[3,7,1,0,0,0,2,2,0],14,6].
[[3,5,0,1,2,2,1,1,1],45,2].
[[3,7,0,1,2,2,2,2,1],17,14].
[[1,8,1,1,2,2,2,3,0],69,17].
[[3,7,1,1,2,0,2,2,1],29,13].
[[3,7,2,1,2,2,2,1,1],22,1].
[[3,9,1,0,0,0,1,1,0],1,3].
[[3,7,1,0,0,0,2,2,1],34,11].
[[3,7,1,1,2,2,2,3,0],43,12].
[[3,4,2,1,2,0,2,2,0],46,1].
[[2,8,1,1,2,2,0,0,0],46,29].
[[2,9,2,1,1,2,2,1,1],25,27].
[[3,9,2,1,1,2,1,1,0],17,37].
[[1,4,2,1,2,0,0,0,0],14,1].
[[2,4,2,1,2,0,0,0,0],25,2].
[[3,4,2,1,2,0,2,2,1],87,5].
[[2,9,2,1,2,0,2,2,0],13,30].
[[3,9,2,1,2,0,2,2,0],3,18].
[[2,8,1,1,1,2,2,3,1],92,18].
[[2,7,1,1,2,2,2,1,1],17,5].
[[3,7,1,1,2,2,1,1,1],25,16].
[[1,8,1,1,2,0,2,1,1],8,7].
[[2,8,1,1,1,0,2,1,1],0,3].
[[3,8,1,1,1,0,1,2,0],5,6].
[[3,8,1,1,1,2,2,2,0],8,5].
[[3,7,1,1,2,0,1,1,1],4,9].
[[2,9,2,0,0,0,2,2,1],36,58].
[[3,9,2,1,2,2,2,3,0],12,65].
[[1,9,2,1,1,2,2,2,0],65,26].
[[2,4,2,1,2,0,2,2,0],23,1].
[[3,6,1,1,2,0,2,2,1],14,3].
[[2,4,2,1,2,0,1,2,0],32,0].
[[1,7,2,1,2,0,0,0,0],16,2].
[[2,8,1,1,1,2,2,3,0],27,5].
[[2,8,0,0,0,0,2,3,0],44,33].
[[3,7,1,0,0,0,1,1,1],10,2].
[[2,5,0,0,0,0,1,2,0],9,1].
[[3,6,1,1,1,2,2,2,1],8,0].
[[2,4,2,1,2,0,1,1,0],11,0].
[[3,4,2,1,2,0,1,1,0],55,1].
[[3,9,2,1,2,2,1,2,0],71,78].
[[2,7,1,1,2,2,1,2,1],20,4].
[[3,7,1,1,1,2,1,2,1],42,6].
[[2,8,1,0,0,0,1,1,1],26,16].
[[2,8,1,0,0,0,0,0,0],40,22].
[[3,6,1,0,0,0,0,0,0],6,3].
[[1,8,1,1,2,2,1,1,1],9,14].
[[3,7,1,1,1,2,1,1,1],17,8].
[[3,9,2,1,1,2,2,1,1],5,15].
[[2,3,1,0,0,0,0,0,0],7,1].
[[2,8,0,1,2,2,1,2,1],35,34].
[[2,8,1,1,2,0,2,3,1],68,38].
[[3,7,2,1,1,0,2,3,1],11,4].
[[2,9,2,1,1,0,1,2,1],4,2].
[[3,9,2,1,1,0,1,2,1],2,16].
[[2,8,1,1,1,2,1,1,1],13,8].
[[3,8,0,1,2,0,2,1,1],10,6].
[[3,9,1,1,1,2,1,2,0],10,18].
[[2,7,0,1,2,2,2,3,0],2,0].
[[3,7,0,1,1,2,2,3,0],7,7].
[[2,8,0,1,2,0,2,1,1],3,6].
[[3,8,0,1,1,0,2,1,0],0,6].
[[2,8,0,1,2,0,2,3,0],5,7].
[[2,8,1,0,0,0,1,1,0],15,10].
[[3,7,1,1,2,2,1,1,0],11,4].
[[3,7,2,1,2,2,2,3,1],55,2].
[[2,9,2,0,0,0,0,0,0],0,22].
[[3,7,1,1,1,0,2,3,1],7,6].
[[1,9,2,1,2,2,1,1,0],33,23].
[[2,6,1,1,2,0,2,2,1],4,1].
[[3,3,1,1,2,2,2,2,1],12,1].
[[2,9,1,1,2,2,1,2,1],5,22].
[[3,9,1,1,2,2,1,2,1],11,38].
[[3,8,1,0,0,0,2,3,1],45,16].
[[3,9,1,1,2,0,1,2,0],1,13].
[[3,8,0,1,1,2,1,2,0],61,29].
[[2,9,2,1,1,0,2,1,0],0,4].
[[2,9,2,1,2,0,0,0,0],0,7].
[[2,8,0,0,0,0,1,2,1],18,10].
[[3,8,0,0,0,0,1,2,1],26,17].
[[2,7,1,1,1,2,0,0,0],25,6].
[[3,7,1,1,1,2,0,0,0],21,11].
[[1,7,2,0,0,0,2,3,1],27,2].
[[3,3,2,1,2,2,2,3,1],10,0].
[[1,4,2,1,2,0,2,2,0],12,0].
[[3,7,0,1,2,2,1,2,0],7,1].
[[3,9,2,1,2,0,1,2,0],11,22].
[[2,7,1,0,0,0,1,2,0],7,0].
[[3,7,2,0,0,0,1,2,1],27,2].
[[2,7,2,1,2,2,2,3,0],6,0].
[[3,3,2,1,2,2,2,3,0],1,0].
[[3,9,1,1,1,2,1,2,1],5,25].
[[3,9,2,1,2,0,1,2,1],32,44].
[[2,8,1,1,2,2,1,1,0],20,11].
[[3,3,2,1,2,0,1,2,0],1,0].
[[2,7,2,1,2,2,0,0,0],35,8].
[[3,7,2,1,1,2,0,0,0],6,3].
[[2,6,1,0,0,0,2,1,0],3,0].
[[3,6,1,0,0,0,2,1,0],4,0].
[[1,8,1,1,1,2,2,2,0],10,2].
[[2,8,1,1,1,2,2,2,0],23,3].
[[1,8,1,1,2,2,2,1,0],30,9].
[[3,7,2,1,1,2,2,1,0],5,1].
[[3,6,0,1,2,2,2,3,0],9,4].
[[3,7,0,1,2,2,2,1,0],6,5].
[[2,9,1,1,2,2,1,2,0],16,13].
[[2,7,0,1,2,2,0,0,0],7,8].
[[2,6,1,1,2,0,0,0,0],8,1].
[[3,3,1,1,2,0,0,0,0],4,0].
[[2,8,1,1,2,0,0,0,0],10,10].
[[3,8,1,1,1,0,2,3,1],16,20].
[[1,9,2,1,1,2,1,2,0],31,9].
[[3,8,0,1,1,2,2,2,1],37,62].
[[2,9,1,0,0,0,2,3,0],0,4].
[[1,9,2,0,0,0,1,1,1],24,17].
[[2,5,0,0,0,0,1,1,1],9,0].
[[1,8,1,1,1,2,2,1,1],9,2].
[[2,7,2,1,1,2,2,1,1],2,0].
[[3,7,2,1,1,2,2,1,1],13,1].
[[3,9,2,0,0,0,1,1,0],7,4].
[[3,7,0,1,2,2,2,3,0],9,7].
[[3,8,1,1,2,0,2,1,0],5,2].
[[3,5,0,1,2,0,1,2,0],6,1].
[[1,8,0,0,0,0,2,3,0],29,19].
[[3,7,1,1,1,0,2,3,0],2,1].
[[1,9,2,1,2,0,2,3,0],18,20].
[[3,9,2,1,2,0,2,1,0],2,8].
[[3,7,1,1,1,2,2,3,0],20,4].
[[2,8,1,1,1,2,0,0,0],19,11].
[[3,7,1,1,2,2,2,1,1],52,16].
[[3,8,0,1,1,2,2,1,1],21,27].
[[3,8,1,1,1,2,2,1,1],39,7].
[[3,8,1,1,1,2,2,3,1],83,21].
[[2,7,1,1,2,0,2,2,0],2,0].
[[3,7,1,1,2,0,2,3,1],53,12].
[[2,7,2,0,0,0,0,0,0],34,2].
[[3,7,2,0,0,0,0,0,0],3,0].
[[3,8,0,0,0,0,2,1,0],6,10].
[[3,7,0,1,1,2,2,3,1],19,5].
[[3,6,1,0,0,0,2,3,1],18,0].
[[1,8,1,1,1,2,2,1,0],5,1].
[[2,8,1,1,1,2,1,2,0],23,4].
[[3,8,1,1,1,2,1,2,0],43,10].
[[2,6,1,0,0,0,2,3,0],11,0].
[[3,4,2,1,2,0,2,3,0],60,0].
[[2,7,1,1,2,2,2,3,0],27,4].
[[3,3,1,1,2,2,2,3,0],5,0].
[[1,8,1,1,1,2,2,3,0],10,0].
[[3,9,1,1,2,2,2,2,0],3,1].
[[3,7,1,1,2,0,2,2,0],9,0].
[[3,8,1,1,2,2,2,2,0],17,14].
[[3,6,1,0,0,0,1,2,1],12,0].
[[2,2,1,0,0,0,0,0,0],3,0].
[[3,2,1,0,0,0,2,2,1],2,0].
[[1,7,2,0,0,0,1,2,1],7,3].
[[2,7,2,0,0,0,1,2,1],20,4].
[[2,7,0,1,2,2,2,2,1],4,1].
[[2,7,2,1,2,0,2,2,1],10,2].
[[3,7,2,1,1,0,2,2,1],5,1].
[[3,9,2,1,2,0,1,1,1],6,16].
[[1,8,0,0,0,0,1,1,0],2,1].
[[2,8,0,0,0,0,1,1,0],8,4].
[[3,8,1,1,1,2,2,1,0],9,0].
[[2,7,1,1,2,2,1,1,1],3,6].
[[3,7,1,1,2,2,1,2,0],31,4].
[[3,8,1,0,0,0,2,1,0],6,7].
[[2,7,1,0,0,0,2,1,1],12,4].
[[3,7,1,1,2,0,2,1,1],10,4].
[[2,9,2,1,1,2,1,2,0],58,30].
[[3,5,0,1,1,2,1,2,0],14,2].
[[3,7,2,1,2,2,2,2,1],44,3].
[[3,3,1,1,2,2,0,0,0],23,4].
[[2,6,0,1,1,2,2,3,1],4,1].
[[2,3,2,1,2,2,0,0,0],6,0].
[[3,3,2,1,2,2,0,0,0],7,0].
[[3,9,2,1,2,2,2,1,1],8,29].
[[2,7,2,1,1,0,2,3,1],4,0].
[[1,8,0,1,1,2,2,2,1],11,4].
[[2,8,0,1,1,2,1,2,0],17,5].
[[2,8,0,1,1,2,2,1,0],36,17].
[[3,8,1,1,2,2,2,1,0],11,8].
[[1,8,1,1,2,0,0,0,0],37,28].
[[2,8,1,1,1,0,2,2,0],2,2].
[[3,7,1,1,1,0,2,2,0],0,3].
[[3,9,2,0,0,0,2,3,0],4,18].
[[2,7,0,1,1,2,2,3,1],1,2].
[[3,7,0,1,1,2,1,2,1],3,1].
[[2,7,2,1,2,2,2,1,1],18,2].
[[3,3,2,1,2,2,2,1,1],2,0].
[[3,8,0,0,0,0,2,3,0],8,15].
[[1,9,2,1,2,0,1,1,1],4,2].
[[2,9,1,1,1,0,1,1,1],0,2].
[[3,9,1,1,1,0,1,1,1],0,2].
[[2,7,1,1,2,2,2,2,1],50,15].
[[1,7,1,1,2,2,2,1,0],3,0].
[[2,7,1,1,1,2,2,1,0],1,0].
[[3,7,1,1,1,2,2,1,0],9,2].
[[2,9,1,1,2,2,1,1,1],6,5].
[[3,7,2,1,1,2,2,3,1],14,1].
[[2,5,0,1,2,2,1,2,0],7,0].
[[2,8,0,0,0,0,1,2,0],13,5].
[[3,7,1,1,2,0,1,2,0],9,2].
[[2,6,1,1,2,2,2,3,1],21,0].
[[3,6,1,1,1,2,2,1,0],4,0].
[[3,6,1,1,2,0,2,3,1],16,0].
[[1,8,1,1,2,2,1,1,0],6,1].
[[3,9,1,0,0,0,1,2,0],0,11].
[[1,7,1,0,0,0,2,2,1],9,3].
[[3,8,0,1,2,0,1,1,1],6,11].
[[2,8,0,1,2,0,2,2,1],5,15].
[[3,8,0,1,1,0,1,2,1],8,8].
[[1,9,2,1,2,0,2,2,1],9,12].
[[2,8,0,0,0,0,2,1,0],17,14].
[[3,2,1,0,0,0,2,3,1],2,0].
[[1,9,2,1,2,0,2,1,1],5,7].
[[2,9,2,1,1,0,2,1,1],1,1].
[[2,9,2,1,1,2,2,1,0],22,21].
[[2,9,1,1,1,2,1,2,0],13,0].
[[2,3,1,1,2,2,0,0,0],14,3].
[[2,6,1,1,2,2,2,1,1],5,0].
[[3,6,1,1,1,2,2,1,1],6,0].
[[3,8,0,0,0,0,2,2,1],9,19].
[[3,9,2,1,2,0,2,3,1],2,14].
[[2,4,2,1,2,0,2,3,0],36,0].
[[3,9,2,1,1,2,2,1,0],3,14].
[[1,8,1,1,2,2,2,2,0],43,7].
[[3,7,2,1,2,2,1,1,1],17,5].
[[3,9,2,0,0,0,2,3,1],6,9].
[[1,8,1,0,0,0,1,2,0],16,10].
[[3,8,1,1,2,0,1,2,0],32,13].
[[3,6,1,0,0,0,1,2,0],5,0].
[[3,9,1,0,0,0,1,1,1],3,3].
[[3,7,1,1,2,0,0,0,0],8,9].
[[3,9,2,1,1,0,2,2,0],0,9].
[[2,7,1,0,0,0,2,1,0],7,0].
[[3,7,1,1,2,2,2,1,0],19,6].
[[1,4,2,1,2,0,2,1,1],3,0].
[[3,9,1,1,1,0,1,2,1],2,4].
[[1,9,2,1,1,2,2,1,1],35,17].
[[2,9,1,1,1,2,1,1,1],1,1].
[[3,9,1,1,1,2,1,1,1],6,10].
[[3,6,0,1,2,2,2,1,1],1,4].
[[2,7,0,0,0,0,2,3,0],0,1].
[[2,8,0,1,2,0,0,0,0],8,18].
[[3,7,2,1,2,2,2,2,0],7,1].
[[3,5,0,1,2,2,1,2,1],18,4].
[[3,8,0,1,2,2,1,1,0],27,23].
[[3,7,1,1,1,0,2,2,1],6,8].
[[2,9,2,1,1,2,1,1,0],27,13].
[[3,4,2,1,2,0,0,0,0],8,4].
[[3,8,0,1,2,0,1,1,0],8,5].
[[3,5,0,0,0,0,1,2,0],12,0].
[[1,7,2,0,0,0,2,1,1],7,0].
[[2,7,2,0,0,0,2,1,1],13,1].
[[3,7,2,1,2,0,1,1,1],6,4].
[[1,8,1,1,2,2,1,2,0],18,5].
[[3,7,0,1,1,2,0,0,0],5,8].
[[3,3,1,0,0,0,2,3,1],3,0].
[[2,5,0,1,2,2,1,1,0],11,1].
[[1,7,2,0,0,0,2,2,1],14,2].
[[2,7,2,0,0,0,2,2,1],25,4].
[[3,3,2,0,0,0,2,2,1],9,0].
[[2,7,2,1,2,2,1,1,1],4,0].
[[3,9,2,1,1,2,2,2,1],12,31].
[[3,7,1,1,1,2,1,2,0],14,1].
[[3,9,1,1,2,0,1,2,1],7,6].
[[1,8,0,1,1,2,2,1,0],5,5].
[[2,8,0,1,2,2,1,1,1],15,11].
[[3,7,0,1,1,2,1,1,1],1,0].
[[2,7,1,1,1,2,2,3,0],5,0].
[[3,7,1,1,1,2,2,2,0],11,5].
[[3,6,1,1,2,2,0,0,0],10,1].
[[2,9,1,1,1,2,1,1,0],2,1].
[[2,7,2,1,2,0,0,0,0],21,3].
[[3,7,2,1,2,0,2,3,1],27,3].
[[2,8,0,1,2,0,2,2,0],10,11].
[[3,8,0,1,2,0,2,2,1],8,26].
[[3,8,1,1,1,0,1,1,0],4,1].
[[1,9,2,1,1,2,1,1,0],12,7].
[[2,6,1,0,0,0,2,2,1],12,1].
[[3,3,2,1,2,0,2,2,1],5,0].
[[2,6,1,1,1,2,2,3,0],1,0].
[[3,6,1,1,1,2,2,3,1],14,0].
[[2,7,2,1,2,0,2,1,1],5,0].
[[3,9,1,1,2,2,1,1,1],5,19].
[[1,6,1,1,2,2,2,3,0],1,0].
[[2,6,1,1,2,2,1,2,0],2,0].
[[3,6,1,1,2,2,1,1,1],4,1].
[[3,9,1,1,2,0,2,2,0],0,1].
[[3,9,2,1,2,0,2,3,0],5,14].
[[3,7,1,1,1,0,1,2,0],1,1].
[[1,8,0,1,1,2,2,2,0],10,3].
[[1,8,1,1,2,0,2,3,0],4,4].
[[3,7,1,1,2,0,2,3,0],8,3].
[[2,6,1,0,0,0,1,2,0],3,2].
[[1,8,0,1,2,2,1,2,0],8,1].
[[2,7,0,1,2,2,1,2,0],1,0].
[[3,7,0,1,1,2,1,2,0],5,1].
[[2,8,1,1,1,0,2,3,1],7,10].
[[3,8,1,1,1,0,2,1,1],4,8].
[[3,3,2,1,2,0,0,0,0],9,1].
[[2,5,0,1,2,2,1,1,1],10,1].
[[3,7,1,0,0,0,2,1,0],8,0].
[[1,7,2,1,2,2,2,3,1],7,0].
[[2,7,2,1,2,2,1,2,1],17,4].
[[1,7,1,0,0,0,2,3,1],4,4].
[[2,9,1,1,2,0,1,2,1],3,3].
[[3,8,0,0,0,0,2,2,0],11,13].
[[3,6,1,0,0,0,2,1,1],7,0].
[[2,8,1,1,1,2,1,1,0],7,6].
[[3,7,1,1,1,2,1,1,0],4,5].
[[3,9,2,0,0,0,1,1,1],4,6].
[[2,9,2,0,0,0,1,1,1],25,22].
[[1,9,2,1,1,2,1,2,1],36,18].
[[2,3,1,1,2,2,2,1,0],1,0].
[[3,3,1,1,1,2,2,1,0],2,0].
[[2,7,1,1,2,0,0,0,0],8,4].
[[3,7,1,1,2,2,2,2,0],23,7].
[[3,8,1,0,0,0,2,3,0],11,5].
[[1,8,1,1,2,0,2,1,0],4,2].
[[2,7,1,0,0,0,1,1,1],6,3].
[[3,7,2,1,2,0,2,2,1],19,5].
[[1,8,1,1,1,2,1,2,0],6,1].
[[3,9,2,1,1,0,2,3,1],1,6].
[[2,2,1,1,2,2,0,0,0],2,0].
[[3,2,1,1,2,2,2,3,1],2,0].
[[1,7,2,1,2,2,2,2,1],8,0].
[[1,7,1,0,0,0,2,1,1],2,0].
[[3,3,1,0,0,0,2,2,1],5,0].
[[3,9,2,1,1,0,1,1,0],1,6].
[[2,9,2,1,1,2,0,0,0],7,11].
[[3,8,1,1,1,0,2,3,0],0,1].
[[3,7,1,0,0,0,2,1,1],10,1].
[[3,9,2,1,1,0,2,2,1],3,3].
[[3,8,1,1,1,0,2,2,1],5,18].
[[3,8,1,0,0,0,1,1,0],6,8].
[[1,8,0,1,2,2,2,1,1],16,18].
[[3,5,0,0,0,0,1,2,1],4,0].
[[3,9,2,1,2,0,1,1,0],9,11].
[[3,6,0,1,1,2,1,2,1],5,4].
[[2,6,0,1,1,2,2,3,0],4,1].
[[3,6,0,1,1,2,1,2,0],4,0].
[[2,7,0,1,1,2,2,2,1],0,1].
[[3,6,0,1,2,0,1,1,0],1,0].
[[2,8,0,1,2,2,1,1,0],15,11].
[[2,8,0,1,1,2,2,1,1],23,12].
[[1,7,1,1,2,2,2,2,1],4,2].
[[2,8,0,1,2,0,2,3,1],17,13].
[[2,3,2,0,0,0,2,2,1],7,0].
[[2,8,0,1,2,0,1,2,1],4,4].
[[1,8,0,0,0,0,1,2,0],5,1].
[[3,7,0,1,2,0,1,2,0],1,1].
[[1,6,1,0,0,0,2,2,0],3,0].
[[2,6,1,0,0,0,2,2,0],9,0].
[[2,4,2,1,2,0,1,1,1],13,0].
[[3,6,0,1,2,2,2,1,0],5,1].
[[2,7,1,1,1,2,2,1,1],5,0].
[[2,6,1,1,2,0,2,3,0],2,0].
[[2,6,1,1,2,2,1,2,1],7,1].
[[1,8,1,1,1,2,1,2,1],12,3].
[[3,6,1,1,2,2,2,2,1],38,1].
[[1,7,2,1,2,2,2,2,0],1,0].
[[3,6,1,1,2,0,1,1,0],0,1].
[[3,6,0,1,2,2,2,2,0],5,2].
[[3,8,0,1,1,0,2,2,0],0,6].
[[2,7,2,1,2,0,2,3,1],13,2].
[[3,7,2,1,1,0,1,2,1],3,6].
[[3,6,1,1,1,2,1,1,1],2,2].
[[3,7,2,0,0,0,2,1,0],1,0].
[[3,9,2,1,1,2,2,3,1],11,20].
[[1,9,2,1,2,0,2,1,0],10,14].
[[3,7,2,1,2,2,0,0,0],12,2].
[[3,3,1,1,1,2,2,3,1],2,1].
[[3,6,1,0,0,0,2,2,0],2,0].
[[3,6,0,1,2,2,1,2,0],3,1].
[[3,8,1,1,2,0,2,2,0],7,5].
[[2,8,0,1,2,0,1,1,1],1,1].
[[3,3,2,1,2,2,2,2,0],1,0].
[[3,7,0,1,2,2,0,0,0],8,7].
[[1,7,1,1,2,2,2,3,0],4,0].
[[3,3,1,1,2,2,2,3,1],20,1].
[[3,6,1,1,2,0,1,2,1],11,0].
[[3,8,1,1,1,2,2,3,0],16,6].
[[3,8,0,0,0,0,1,1,1],8,8].
[[3,9,1,0,0,0,2,3,0],0,4].
[[1,3,2,0,0,0,2,2,1],5,0].
[[2,3,2,1,2,0,2,2,1],1,0].
[[3,3,2,1,2,2,2,2,1],5,0].
[[3,3,1,0,0,0,2,1,1],2,0].
[[3,3,0,1,1,2,0,0,0],0,1].
[[2,9,2,1,1,0,2,3,0],0,2].
[[3,9,2,1,1,0,2,3,0],1,9].
[[3,5,0,1,1,0,1,2,1],2,0].
[[1,8,1,1,2,0,1,1,1],1,0].
[[1,9,2,1,1,2,1,1,1],5,3].
[[3,7,0,1,2,2,1,2,1],5,2].
[[2,7,1,0,0,0,2,3,0],13,0].
[[3,7,1,0,0,0,2,3,0],8,1].
[[3,7,0,1,2,2,2,2,0],10,3].
[[3,9,1,1,1,2,2,2,0],1,3].
[[3,6,1,1,2,0,2,1,0],3,0].
[[3,6,0,1,1,2,2,2,1],4,1].
[[1,7,2,0,0,0,2,1,0],2,1].
[[3,8,0,0,0,0,0,0,0],0,7].
[[3,8,1,1,1,0,1,1,1],5,8].
[[3,9,1,1,2,2,2,2,1],0,1].
[[3,9,1,1,2,2,2,3,0],1,11].
[[1,7,1,0,0,0,2,3,0],4,0].
[[2,6,1,1,2,2,2,3,0],7,1].
[[3,6,1,1,2,2,1,2,0],4,2].
[[2,8,1,1,2,0,2,1,0],14,9].
[[2,7,0,1,1,2,0,0,0],9,3].
[[1,7,1,0,0,0,1,1,1],1,0].
[[2,3,1,0,0,0,1,1,1],1,0].
[[3,3,1,0,0,0,1,1,1],3,0].
[[2,8,0,0,0,0,1,1,1],5,4].
[[3,9,1,1,2,0,2,3,0],0,4].
[[3,3,2,1,1,0,2,3,1],1,0].
[[1,3,2,0,0,0,0,0,0],12,1].
[[1,6,0,1,2,2,0,0,0],12,6].
[[3,3,1,1,1,2,2,2,1],4,0].
[[1,6,0,0,0,0,0,0,0],9,1].
[[2,6,0,0,0,0,2,2,1],3,1].
[[3,6,0,1,2,0,2,2,1],2,0].
[[2,8,1,1,1,0,2,2,1],4,4].
[[2,7,0,0,0,0,2,1,0],1,2].
[[3,7,0,1,2,0,2,1,0],3,1].
[[2,6,1,1,2,0,2,1,1],3,0].
[[3,3,1,1,2,0,2,1,1],1,0].
[[2,7,1,1,2,2,2,1,0],8,0].
[[3,3,1,1,2,2,2,1,1],4,0].
[[3,6,0,1,1,2,2,3,1],11,4].
[[3,7,0,0,0,0,2,3,0],8,3].
[[3,9,2,0,0,0,2,2,0],3,15].
[[3,7,2,1,1,2,1,2,1],26,3].
[[2,5,0,0,0,0,1,1,0],5,2].
[[2,7,1,1,2,2,2,2,0],16,0].
[[2,7,0,0,0,0,0,0,0],8,6].
[[3,7,0,1,2,2,2,1,1],5,5].
[[3,9,1,1,2,2,2,1,0],1,4].
[[3,3,1,1,2,2,1,2,1],4,0].
[[3,6,0,1,1,2,0,0,0],0,7].
[[1,4,2,1,2,0,2,1,0],9,0].
[[2,9,1,0,0,0,1,2,0],3,11].
[[1,9,2,1,2,0,1,1,0],1,4].
[[1,9,2,1,2,0,1,2,0],7,4].
[[2,9,1,1,2,0,1,2,0],2,5].
[[2,7,2,0,0,0,1,2,0],2,1].
[[3,7,2,1,2,0,1,2,0],6,2].
[[3,9,2,1,1,0,2,1,1],0,3].
[[3,8,1,1,2,0,2,3,0],10,4].
[[3,4,0,1,2,0,2,3,0],0,1].
[[2,6,0,1,2,2,2,3,0],3,0].
[[2,3,2,1,2,0,0,0,0],6,0].
[[3,3,2,1,1,0,0,0,0],3,0].
[[3,5,0,1,1,2,1,2,1],9,5].
[[2,9,2,1,2,0,1,1,0],7,5].
[[2,9,2,1,1,0,2,3,1],4,3].
[[2,5,0,1,2,2,1,2,1],4,1].
[[2,7,2,1,1,2,0,0,0],7,0].
[[3,6,0,1,2,0,0,0,0],0,2].
[[1,6,1,0,0,0,2,2,1],4,0].
[[2,6,1,1,2,2,2,2,1],11,1].
[[3,7,2,1,2,0,0,0,0],6,1].
[[2,7,2,1,2,0,1,2,1],5,0].
[[3,3,2,1,2,0,1,2,1],4,0].
[[3,9,2,1,2,2,0,0,0],0,2].
[[3,7,2,1,1,0,1,1,1],1,1].
[[3,7,0,1,2,0,0,0,0],0,2].
[[1,7,2,1,2,2,2,3,0],3,0].
[[2,6,0,1,2,2,2,2,1],5,3].
[[3,2,0,1,2,2,2,2,1],2,0].
[[2,7,2,0,0,0,2,2,0],4,1].
[[3,5,0,1,2,0,1,1,1],10,2].
[[2,8,1,1,2,0,1,2,0],15,2].
[[2,7,2,0,0,0,1,1,1],5,1].
[[2,5,0,1,1,2,1,2,0],2,1].
[[2,8,0,1,2,0,1,2,0],5,3].
[[3,7,1,1,1,0,1,2,1],4,4].
[[2,7,2,0,0,0,2,3,0],2,0].
[[3,7,2,1,2,2,2,3,0],3,0].
[[1,8,1,1,2,0,1,2,0],4,0].
[[2,7,0,1,2,2,2,1,0],2,2].
[[2,7,1,0,0,0,1,2,1],8,3].
[[2,6,0,1,2,2,2,3,1],3,1].
[[1,7,2,0,0,0,2,2,0],2,0].
[[2,7,2,1,2,2,2,1,0],6,1].
[[3,7,2,1,2,2,2,1,0],9,1].
[[2,5,0,1,1,2,1,1,1],4,0].
[[1,6,1,0,0,0,2,1,0],2,0].
[[2,7,1,1,2,0,2,2,1],6,2].
[[2,5,0,1,1,2,1,1,0],4,1].
[[3,7,2,1,1,0,0,0,0],2,0].
[[2,3,2,0,0,0,2,3,1],6,0].
[[3,8,1,1,2,0,0,0,0],0,3].
[[3,7,0,1,1,2,2,1,1],3,2].
[[2,7,0,1,1,2,2,2,0],2,0].
[[3,6,1,1,2,0,0,0,0],1,0].
[[3,3,1,1,2,2,2,2,0],5,0].
[[2,7,0,0,0,0,2,3,1],3,1].
[[3,7,1,0,0,0,1,1,0],4,0].
[[3,8,0,1,1,0,2,3,1],3,11].
[[2,9,2,1,1,0,2,2,1],0,1].
[[3,6,0,1,2,0,2,3,1],2,1].
[[3,7,0,1,2,2,1,1,0],7,1].
[[3,5,0,0,0,0,1,1,0],10,4].
[[3,7,0,1,2,0,2,2,1],2,0].
[[3,6,0,1,2,2,2,2,1],6,5].
[[3,7,2,1,1,0,2,1,1],1,0].
[[3,6,0,1,1,2,2,1,1],3,1].
[[2,7,0,0,0,0,2,2,0],1,1].
[[3,8,0,1,1,0,2,2,1],2,5].
[[3,8,0,1,2,0,2,1,0],4,10].
[[2,7,1,1,1,2,2,2,0],4,0].
[[3,9,2,0,0,0,2,1,0],0,2].
[[2,6,0,0,0,0,0,0,0],7,1].
[[3,9,1,0,0,0,2,2,0],1,3].
[[3,3,2,0,0,0,0,0,0],3,0].
[[3,9,2,0,0,0,2,2,1],3,16].
[[1,7,2,1,2,2,2,1,0],0,1].
[[2,7,2,1,1,2,2,1,0],0,1].
[[2,6,1,1,2,0,2,3,1],8,1].
[[1,8,0,1,1,2,1,2,0],2,0].
[[2,6,1,1,1,2,0,0,0],4,0].
[[3,7,2,1,1,2,2,2,0],3,0].
[[3,8,1,0,0,0,2,2,0],6,2].
[[2,8,0,1,1,2,1,1,0],5,4].
[[2,6,1,1,1,2,2,3,1],4,1].
[[1,7,2,1,2,2,2,1,1],4,0].
[[3,1,1,1,2,0,1,1,0],2,0].
[[1,7,2,1,2,2,1,2,1],3,0].
[[1,8,0,0,0,0,1,2,1],3,0].
[[2,6,0,1,1,2,0,0,0],4,3].
[[1,4,2,1,2,0,1,2,1],4,0].
[[2,3,1,1,2,2,2,2,1],2,0].
[[2,7,0,1,1,2,2,3,0],2,1].
[[3,5,0,1,2,0,1,1,0],5,1].
[[3,9,1,1,2,0,1,1,0],0,3].
[[1,7,2,1,2,0,2,2,1],2,1].
[[2,3,1,1,2,2,2,3,1],1,0].
[[2,7,1,1,1,2,1,2,0],1,1].
[[2,9,1,0,0,0,2,1,1],2,2].
[[3,7,0,1,2,2,1,1,1],3,0].
[[3,3,1,1,2,0,2,2,0],3,0].
[[3,3,1,1,1,2,2,3,0],1,0].
[[3,6,0,1,1,2,2,3,0],8,2].
[[3,4,0,1,2,0,1,2,1],0,1].
[[2,6,1,1,2,2,2,1,0],4,1].
[[2,5,0,1,1,2,1,2,1],1,0].
[[1,8,0,1,1,2,2,1,1],5,2].
[[3,8,0,1,1,0,1,2,0],4,4].
[[3,6,0,1,1,2,1,1,0],3,0].
[[2,7,2,1,1,2,2,3,0],3,0].
[[3,6,0,1,1,2,2,2,0],3,1].
[[2,7,1,1,2,2,1,1,0],2,1].
[[2,9,1,0,0,0,1,1,0],0,1].
[[3,9,1,1,1,2,2,1,1],1,4].
[[3,7,2,1,2,2,1,2,0],7,0].
[[3,7,1,0,0,0,0,0,0],14,5].
[[1,4,2,1,2,0,1,2,0],6,0].
[[1,7,2,1,2,0,2,3,1],2,2].
[[3,7,1,0,0,0,1,2,0],8,1].
[[2,9,2,1,1,0,1,1,1],1,2].
[[3,8,0,1,1,0,1,1,1],1,1].
[[2,6,0,1,2,2,2,2,0],3,0].
[[3,7,2,1,1,0,2,2,0],2,0].
[[1,7,1,0,0,0,2,2,0],4,0].
[[3,6,0,0,0,0,2,2,0],3,0].
[[2,9,1,1,2,0,1,1,1],2,2].
[[3,9,1,1,2,0,1,1,1],1,5].
[[3,9,1,0,0,0,2,1,1],0,1].
[[2,6,1,0,0,0,1,2,1],3,0].
[[1,7,1,1,2,2,2,2,0],4,1].
[[3,5,0,1,2,0,1,2,1],3,1].
[[2,7,2,1,1,2,2,2,1],6,0].
[[3,8,0,1,1,0,2,1,1],1,2].
[[3,7,0,1,1,2,1,1,0],1,2].
[[3,3,2,1,1,0,2,2,1],3,0].
[[3,3,1,1,1,2,0,0,0],5,0].
[[3,7,0,0,0,0,2,2,1],3,2].
[[3,6,0,0,0,0,0,0,0],1,1].
[[3,3,2,1,2,0,2,1,0],2,0].
[[2,3,2,1,2,2,1,2,1],1,0].
[[3,3,2,1,2,2,1,2,1],4,0].
[[3,5,0,0,0,0,1,1,1],14,0].
[[3,9,2,1,1,0,2,1,0],0,2].
[[3,3,1,1,1,2,2,1,1],1,0].
[[2,6,0,0,0,0,2,3,1],1,1].
[[3,6,0,1,1,2,2,1,0],1,1].
[[2,8,0,1,2,0,1,1,0],2,2].
[[3,8,1,1,2,2,0,0,0],0,2].
[[2,9,1,1,2,2,2,3,0],1,2].
[[3,9,1,0,0,0,1,2,1],1,6].
[[3,6,1,0,0,0,2,3,0],8,1].
[[3,9,2,0,0,0,2,1,1],1,5].
[[3,7,0,0,0,0,2,2,0],4,1].
[[2,8,1,1,2,0,1,1,0],3,2].
[[1,6,1,1,2,2,2,2,1],1,0].
[[3,3,1,1,2,0,2,2,1],2,0].
[[2,8,1,1,1,0,2,3,0],0,2].
[[2,6,0,0,0,0,2,3,0],0,1].
[[3,6,0,0,0,0,2,3,0],1,1].
[[3,9,1,1,1,2,2,3,0],0,5].
[[2,7,1,1,1,2,1,2,1],5,1].
[[1,8,0,1,1,2,1,1,0],1,1].
[[3,7,0,1,2,0,2,2,0],4,3].
[[2,7,1,1,2,2,1,2,0],6,0].
[[1,7,1,0,0,0,1,2,0],1,0].
[[2,5,0,1,2,0,1,1,1],3,0].
[[2,7,2,1,2,2,2,2,0],0,1].
[[3,9,1,1,2,2,2,1,1],0,4].
[[2,6,0,1,1,2,2,2,1],1,0].
[[2,9,1,1,2,0,2,3,0],0,1].
[[3,9,1,1,1,0,2,3,0],0,1].
[[3,7,0,1,2,0,2,3,1],5,2].
[[3,6,1,1,2,2,1,1,0],2,1].
[[3,3,2,1,1,2,2,1,1],1,0].
[[3,8,1,1,1,2,0,0,0],0,1].
[[3,6,1,1,1,0,2,2,0],1,0].
[[2,9,2,1,1,0,2,2,0],1,4].
[[2,6,0,0,0,0,2,2,0],2,0].
[[3,3,2,0,0,0,1,2,1],4,0].
[[1,7,1,0,0,0,1,2,1],2,0].
[[3,6,1,1,2,2,2,1,0],7,0].
[[3,9,1,1,1,2,2,1,0],1,0].
[[3,7,2,0,0,0,2,2,0],1,0].
[[3,7,1,1,2,0,2,1,0],5,0].
[[3,3,1,1,2,2,1,1,1],1,0].
[[3,3,1,1,2,2,2,1,0],2,0].
[[3,7,2,1,1,2,2,3,0],3,0].
[[3,2,1,1,2,2,1,2,1],1,0].
[[3,3,1,1,2,0,2,3,0],1,0].
[[1,8,1,1,2,0,1,1,0],1,0].
[[3,6,0,0,0,0,2,3,1],3,0].
[[3,6,1,1,2,0,2,3,0],4,0].
[[3,5,0,1,1,0,1,1,1],3,1].
[[3,7,2,1,1,0,1,1,0],0,1].
[[2,6,1,1,1,2,2,2,1],1,0].
[[2,7,2,1,1,2,1,2,1],4,0].
[[3,3,2,1,2,0,2,1,1],2,0].
[[2,6,1,1,2,0,2,2,0],2,0].
[[3,7,0,0,0,0,2,1,1],0,2].
[[1,2,1,0,0,0,0,0,0],2,0].
[[1,7,1,1,2,2,2,1,1],2,0].
[[2,7,2,1,1,2,2,3,1],6,0].
[[1,6,1,0,0,0,2,1,1],2,0].
[[1,8,0,1,2,2,1,2,1],1,1].
[[2,7,0,1,2,2,1,2,1],1,0].
[[2,7,2,0,0,0,1,1,0],1,1].
[[3,5,0,1,1,0,1,2,0],1,2].
[[3,3,2,1,2,0,2,3,1],6,0].
[[3,6,0,0,0,0,2,1,0],1,0].
[[2,5,0,1,2,0,1,2,0],2,0].
[[3,7,2,1,1,0,2,3,0],0,1].
[[3,6,1,1,1,0,1,2,1],2,0].
[[2,9,1,0,0,0,2,2,0],0,1].
[[1,7,2,1,2,0,2,1,1],1,0].
[[2,9,1,1,1,2,2,2,0],1,1].
[[2,6,0,1,1,2,2,1,0],2,0].
[[3,7,2,0,0,0,1,1,0],2,1].
[[2,8,1,1,1,0,0,0,0],0,3].
[[1,6,0,1,2,2,2,3,0],1,0].
[[3,3,1,1,1,2,1,2,1],1,0].
[[1,6,1,1,2,2,2,3,1],2,0].
[[2,6,1,1,1,2,1,2,1],2,0].
[[1,6,1,1,2,2,1,2,1],0,1].
[[2,6,1,1,2,2,1,1,1],0,1].
[[2,9,1,0,0,0,2,2,1],0,1].
[[3,9,1,1,2,0,2,2,1],0,1].
[[2,9,1,0,0,0,1,1,1],1,2].
[[3,6,0,1,2,2,1,1,1],1,3].
[[3,6,1,1,1,0,0,0,0],0,1].
[[2,7,1,1,2,0,2,1,1],1,0].
[[2,7,2,1,2,0,2,2,0],1,0].
[[2,9,2,1,1,0,1,2,0],2,3].
[[3,3,0,0,0,0,0,0,0],0,1].
[[3,7,2,1,2,2,1,1,0],2,0].
[[2,2,0,1,2,2,0,0,0],3,0].
[[3,2,0,1,2,2,0,0,0],3,0].
[[2,9,2,1,1,0,1,1,0],0,1].
[[3,8,0,1,1,0,1,1,0],0,2].
[[3,3,1,0,0,0,1,2,0],1,0].
[[2,9,1,1,1,2,2,3,0],1,1].
[[3,7,0,0,0,0,0,0,0],4,1].
[[3,3,1,1,2,0,2,3,1],5,0].
[[3,6,1,1,1,0,2,3,1],0,3].
[[3,7,0,1,2,0,1,2,1],1,0].
[[2,6,1,1,2,2,2,2,0],3,0].
[[2,6,0,0,0,0,2,1,1],1,0].
[[3,6,0,0,0,0,2,1,1],2,0].
[[3,6,1,1,2,0,2,2,0],4,0].
[[3,6,1,0,0,0,1,1,0],2,0].
[[3,7,1,1,1,0,2,1,1],0,2].
[[3,6,1,1,1,0,2,2,1],1,0].
[[2,6,0,1,2,2,2,1,1],3,0].
[[3,5,0,1,1,0,1,1,0],2,0].
[[3,6,1,1,1,2,1,2,0],3,0].
[[3,7,2,1,2,0,2,2,0],1,1].
[[2,9,1,1,1,2,2,1,0],2,0].
[[3,1,1,1,2,0,1,1,1],2,0].
[[3,6,0,1,1,2,1,1,1],1,1].
[[2,6,0,1,2,2,2,1,0],1,0].
[[3,6,0,1,2,0,2,1,1],1,1].
[[3,9,1,1,1,0,1,1,0],0,1].
[[3,6,0,1,2,0,1,2,1],0,1].
[[2,7,2,1,1,0,0,0,0],1,0].
[[3,3,2,0,0,0,2,1,1],2,0].
[[2,8,1,1,1,0,1,1,1],0,2].
[[3,7,1,1,1,0,1,1,1],0,2].
[[3,3,1,1,1,2,1,2,0],1,0].
[[3,8,1,1,1,0,2,2,0],3,0].
[[3,7,0,0,0,0,2,1,0],1,1].
[[3,7,2,1,2,0,2,3,0],2,0].
[[2,5,0,1,2,0,1,1,0],1,0].
[[1,7,1,1,2,2,1,2,0],0,1].
[[3,7,0,0,0,0,1,2,1],1,1].
[[2,9,1,1,2,2,2,1,0],3,0].
[[3,6,0,1,2,0,2,3,0],0,1].
[[1,6,1,0,0,0,1,1,1],1,0].
[[2,6,1,1,2,0,1,2,1],1,0].
[[3,3,1,1,2,0,1,2,1],1,0].
[[2,2,1,0,0,0,2,2,0],1,0].
[[3,3,1,0,0,0,2,3,0],2,0].
[[3,4,0,1,2,0,2,3,1],0,1].
[[3,6,1,1,2,0,2,1,1],2,0].
[[3,7,2,1,2,0,1,1,0],1,2].
[[3,2,1,1,2,2,2,3,0],2,0].
[[3,6,0,1,2,2,1,1,0],1,0].
[[1,7,2,0,0,0,1,1,1],1,0].
[[3,7,2,1,1,2,1,1,1],1,0].
[[3,6,1,1,2,0,1,1,1],1,0].
[[2,7,1,1,2,0,2,1,0],1,0].
[[1,8,1,1,1,2,1,1,1],2,0].
[[3,7,0,0,0,0,1,2,0],2,0].
[[3,6,1,1,1,2,0,0,0],1,0].
[[1,8,0,1,1,2,1,2,1],1,0].
[[2,3,2,1,2,2,2,3,1],1,0].
[[2,3,1,1,2,2,2,3,0],1,0].
[[3,2,1,1,1,2,2,3,0],1,0].
[[3,6,1,1,1,0,2,1,0],1,0].
[[2,5,0,0,0,0,1,2,1],1,0].
[[1,7,1,1,2,2,1,2,1],1,0].
[[2,7,0,1,1,2,2,1,1],1,0].
[[1,8,1,1,1,2,1,1,0],1,0].
[[3,3,2,1,1,0,2,1,1],1,0].
[[2,7,2,1,2,2,1,2,0],2,0].
[[3,7,2,1,1,2,1,2,0],1,0].
[[3,2,1,1,2,2,0,0,0],1,0].
[[1,7,2,0,0,0,2,3,0],1,0].
[[3,6,1,1,1,2,2,3,0],1,0].
[[3,6,0,1,2,2,1,2,1],2,1].
[[2,7,1,1,2,0,1,2,0],1,0].
[[3,8,1,1,1,0,2,1,0],0,2].
[[2,6,1,1,1,2,2,1,1],2,0].
[[2,7,1,1,2,0,1,1,1],1,0].
[[3,6,1,1,1,0,2,1,1],1,0].
[[2,8,1,1,1,0,1,2,0],1,0].
[[2,9,1,1,1,0,1,2,1],1,1].
[[3,6,1,1,1,2,1,2,1],1,0].
[[3,2,1,0,0,0,2,1,1],1,0].
[[2,6,0,0,0,0,1,2,0],1,0].
[[3,6,0,1,2,0,1,2,0],1,0].
[[2,7,2,1,2,2,1,1,0],1,0].
[[3,3,2,1,2,2,1,1,0],1,0].
[[3,2,1,1,2,0,0,0,0],1,0].
[[2,6,1,1,2,0,2,1,0],1,0].
[[2,9,1,1,1,2,2,1,1],1,0].
[[2,7,2,1,2,0,2,1,0],1,0].
[[3,8,1,1,1,0,0,0,0],0,1].
