total_WL(4137,7645).
[[1,9,2,0,0,0,0,0,0],32,280].
[[2,8,0,0,0,0,0,0,0],4,47].
[[3,8,0,1,2,0,2,3,0],0,64].
[[1,6,1,0,0,0,2,1,2],10,1].
[[2,3,2,0,0,0,2,1,2],5,1].
[[3,3,1,0,0,0,2,1,2],4,1].
[[1,9,2,1,1,2,2,3,2],21,27].
[[2,9,1,1,1,2,2,3,0],44,132].
[[3,9,0,1,1,2,1,2,2],0,79].
[[1,9,2,1,1,2,2,2,0],50,82].
[[2,8,1,1,1,2,2,2,0],33,35].
[[3,7,1,1,1,2,2,2,0],27,29].
[[1,9,2,0,0,0,2,3,0],73,381].
[[2,9,1,0,0,0,2,3,0],14,191].
[[3,9,0,0,0,0,1,2,0],0,62].
[[1,9,2,1,2,2,2,1,0],29,141].
[[2,8,0,1,2,2,2,1,0],6,74].
[[3,8,0,1,2,2,1,2,0],0,174].
[[1,8,0,0,0,0,2,2,0],11,34].
[[2,8,0,0,0,0,2,2,0],12,67].
[[3,8,0,1,2,0,1,2,0],0,61].
[[2,8,1,0,0,0,0,0,0],25,42].
[[3,8,1,0,0,0,2,1,2],2,4].
[[1,9,2,0,0,0,1,2,0],22,121].
[[2,9,1,0,0,0,1,2,0],13,117].
[[3,9,0,1,2,2,1,2,0],0,282].
[[1,9,2,1,2,2,2,1,2],42,204].
[[2,9,1,1,1,2,1,1,2],16,44].
[[2,9,1,1,2,2,1,1,2],20,101].
[[3,8,1,1,2,2,1,1,2],25,40].
[[1,9,2,1,1,2,0,0,0],45,67].
[[3,8,1,1,1,2,2,3,0],27,70].
[[1,8,1,0,0,0,2,1,2],104,100].
[[2,8,1,0,0,0,1,1,2],23,20].
[[3,8,1,0,0,0,1,1,2],10,13].
[[1,8,1,0,0,0,2,3,1],66,57].
[[2,7,2,0,0,0,1,2,2],21,3].
[[3,7,2,1,2,0,1,2,2],16,3].
[[1,8,1,1,2,0,0,0,0],21,32].
[[2,8,1,1,2,2,2,2,0],102,92].
[[3,8,1,1,2,2,1,2,0],95,80].
[[1,8,1,0,0,0,2,2,2],67,41].
[[2,8,1,0,0,0,1,2,2],46,33].
[[3,8,1,1,2,2,1,2,2],52,73].
[[1,8,0,0,0,0,0,0,0],33,186].
[[2,8,0,1,2,0,2,2,2],1,5].
[[3,8,0,1,1,0,2,2,2],0,1].
[[1,9,2,1,2,2,2,2,2],28,94].
[[2,8,0,1,2,2,2,2,2],6,33].
[[3,7,0,1,2,2,2,2,2],0,7].
[[1,8,1,1,2,2,0,0,0],165,223].
[[2,8,1,1,2,2,2,1,0],42,40].
[[3,8,1,1,2,2,2,1,0],28,47].
[[1,9,2,0,0,0,2,3,1],19,95].
[[2,8,1,0,0,0,2,3,1],23,29].
[[3,8,1,1,2,0,1,2,2],27,28].
[[1,9,2,1,1,2,2,3,0],74,101].
[[2,4,2,1,2,0,2,3,0],53,6].
[[3,4,2,1,2,0,1,2,0],151,9].
[[1,9,2,1,2,2,2,3,2],24,135].
[[3,9,0,1,1,2,2,3,0],0,79].
[[1,8,1,0,0,0,0,0,0],238,265].
[[2,7,2,1,2,0,0,0,0],14,4].
[[3,7,1,1,1,0,0,0,0],2,3].
[[1,9,2,1,2,2,0,0,0],40,303].
[[2,5,0,1,1,2,2,3,0],7,0].
[[3,5,0,1,1,2,2,3,0],9,0].
[[2,8,0,1,2,2,1,2,0],11,88].
[[1,9,2,0,0,0,2,1,2],31,194].
[[3,5,0,1,2,2,1,1,2],43,4].
[[2,9,1,1,2,2,1,2,0],24,236].
[[3,8,0,1,2,2,2,3,0],0,248].
[[1,8,1,1,2,2,2,2,0],54,30].
[[2,6,1,1,2,2,2,2,0],7,0].
[[3,6,1,1,2,2,1,2,0],11,0].
[[1,8,1,1,2,2,2,1,0],22,12].
[[2,7,2,1,2,2,2,1,0],4,0].
[[3,7,2,1,2,2,2,1,0],13,0].
[[2,8,1,1,2,2,2,3,0],108,114].
[[1,9,2,1,2,2,2,3,0],116,406].
[[2,8,0,1,2,2,2,3,0],19,197].
[[1,9,2,1,2,2,1,2,2],47,147].
[[2,9,1,1,2,2,1,2,2],25,189].
[[2,8,1,1,2,0,2,3,1],13,23].
[[3,6,1,1,2,0,2,3,1],5,0].
[[1,9,2,0,0,0,1,1,0],3,57].
[[2,8,0,1,2,2,1,1,0],3,24].
[[3,8,0,1,2,2,1,1,0],0,86].
[[1,9,2,1,2,0,2,3,2],2,10].
[[2,8,0,1,2,0,2,3,2],0,9].
[[3,8,0,1,2,2,2,3,2],0,15].
[[2,8,1,1,2,2,2,1,2],68,64].
[[1,9,2,0,0,0,2,1,0],21,151].
[[2,9,1,1,2,2,2,1,0],9,150].
[[3,9,0,1,2,2,2,3,0],0,134].
[[1,8,0,1,2,2,0,0,0],62,273].
[[3,7,0,1,2,2,2,3,0],0,31].
[[1,8,1,1,2,2,1,2,1],16,3].
[[2,8,1,1,2,2,1,2,1],24,28].
[[3,8,1,1,1,2,1,2,0],57,55].
[[1,9,2,0,0,0,2,3,2],20,122].
[[2,9,1,1,2,2,2,2,0],22,283].
[[3,8,0,1,2,2,2,2,0],0,184].
[[1,9,2,0,0,0,2,2,2],15,91].
[[2,9,1,0,0,0,2,2,2],1,3].
[[3,9,0,0,0,0,1,2,2],0,27].
[[2,8,0,1,2,2,2,1,2],7,108].
[[3,8,0,1,2,2,1,1,2],0,62].
[[1,9,2,1,1,2,2,1,2],32,44].
[[2,4,2,1,2,0,1,2,2],35,3].
[[3,4,2,1,2,0,1,2,2],75,4].
[[2,7,1,1,2,2,0,0,0],55,82].
[[3,7,1,1,2,2,0,0,0],25,39].
[[1,9,2,1,1,2,1,2,2],33,29].
[[2,8,0,1,1,2,1,2,2],11,25].
[[3,8,0,1,1,2,1,2,2],0,75].
[[1,9,2,1,2,2,1,2,0],43,113].
[[1,8,1,1,2,0,2,3,2],6,9].
[[2,8,1,1,2,0,2,3,2],12,9].
[[3,8,1,1,2,0,2,3,2],3,3].
[[1,4,2,1,2,0,0,0,0],16,1].
[[3,4,2,1,2,0,2,2,0],93,6].
[[1,9,2,1,2,2,2,2,0],81,297].
[[3,8,0,1,1,2,2,2,0],0,139].
[[1,9,2,1,1,2,1,2,1],6,9].
[[2,4,2,1,2,0,1,2,1],13,0].
[[3,4,2,1,2,0,1,1,0],81,11].
[[1,8,1,0,0,0,2,1,0],29,18].
[[2,8,1,1,2,0,2,1,0],11,13].
[[3,8,1,1,2,0,1,1,0],9,14].
[[2,8,1,1,2,2,0,0,0],30,71].
[[3,8,1,1,1,2,2,2,0],27,58].
[[1,7,2,0,0,0,2,3,2],19,3].
[[2,7,2,0,0,0,2,3,0],19,1].
[[3,7,2,1,2,2,1,2,2],36,4].
[[3,8,1,1,2,0,0,0,0],1,2].
[[2,8,0,1,2,2,2,2,0],24,149].
[[3,8,0,1,1,2,1,2,0],0,138].
[[2,7,2,0,0,0,0,0,0],28,7].
[[3,7,2,0,0,0,2,1,0],8,0].
[[2,8,1,0,0,0,2,1,2],38,50].
[[3,7,1,1,2,0,2,1,2],12,11].
[[3,8,1,1,2,2,0,0,0],2,4].
[[2,8,1,0,0,0,2,1,0],25,26].
[[3,8,1,0,0,0,1,2,0],32,25].
[[1,8,1,1,2,2,1,2,0],9,14].
[[2,8,1,1,2,2,1,2,0],49,25].
[[3,8,1,1,1,0,1,2,0],8,18].
[[3,8,0,1,1,2,2,3,0],0,156].
[[1,8,1,1,1,2,0,0,0],34,28].
[[2,4,2,1,2,0,0,0,0],17,6].
[[1,9,2,0,0,0,1,2,1],3,26].
[[2,9,1,1,2,2,1,2,1],11,37].
[[3,5,0,1,2,2,1,2,1],32,1].
[[2,8,0,1,1,2,2,3,0],29,73].
[[2,9,1,1,2,2,2,3,0],25,347].
[[3,7,1,1,2,0,2,3,2],6,9].
[[3,5,0,1,1,2,1,2,0],39,3].
[[3,9,0,1,2,2,1,1,0],0,122].
[[1,8,1,0,0,0,2,3,2],62,60].
[[2,8,1,0,0,0,2,3,2],33,32].
[[3,7,1,0,0,0,2,3,2],12,5].
[[3,9,0,1,1,2,1,2,0],0,206].
[[3,7,1,0,0,0,1,1,2],1,4].
[[3,8,1,1,2,2,2,3,0],60,155].
[[2,8,0,0,0,0,2,2,2],2,19].
[[3,7,0,1,2,0,2,2,2],0,1].
[[2,8,1,0,0,0,2,2,0],66,45].
[[3,8,1,1,2,0,2,3,0],23,62].
[[2,9,1,1,2,0,1,2,0],3,63].
[[3,8,1,1,2,0,1,2,0],31,47].
[[1,9,2,1,2,0,0,0,0],3,37].
[[2,8,0,1,2,0,0,0,0],1,24].
[[3,7,1,1,2,0,2,3,1],13,15].
[[3,8,1,1,2,2,2,2,0],64,122].
[[1,7,1,0,0,0,2,1,2],12,3].
[[2,7,1,0,0,0,2,1,2],18,10].
[[1,8,1,1,1,2,2,2,1],7,3].
[[1,8,0,1,2,2,2,2,1],2,3].
[[2,8,0,1,2,2,2,2,1],2,7].
[[2,8,1,1,2,2,2,2,2],28,25].
[[1,9,2,0,0,0,1,2,2],40,107].
[[3,9,0,1,2,2,1,2,2],0,116].
[[1,7,1,1,2,2,2,1,2],10,10].
[[2,7,1,1,1,2,2,3,2],8,4].
[[3,7,1,1,1,2,1,2,2],20,9].
[[3,7,1,1,2,2,2,2,0],58,49].
[[1,8,1,1,1,2,1,2,0],3,1].
[[2,7,1,1,1,2,1,2,0],0,2].
[[3,7,0,1,1,2,1,2,0],0,6].
[[2,8,1,1,1,2,1,2,1],12,3].
[[3,8,1,1,1,2,1,2,1],19,14].
[[3,9,0,1,2,0,1,2,0],0,88].
[[2,7,0,1,2,2,0,0,0],0,9].
[[3,7,0,1,1,2,2,3,0],0,18].
[[1,9,2,0,0,0,2,2,0],48,262].
[[3,8,1,0,0,0,1,1,0],4,18].
[[1,7,2,1,2,2,1,1,2],3,0].
[[2,7,1,1,2,2,1,1,2],2,5].
[[3,7,1,1,1,2,1,1,2],8,11].
[[2,8,1,1,2,2,2,2,1],8,18].
[[2,9,1,1,2,0,1,1,2],5,24].
[[3,9,0,1,2,0,1,1,2],0,24].
[[1,6,0,1,2,2,0,0,0],2,5].
[[2,6,0,1,2,2,0,0,0],2,19].
[[3,6,0,1,2,2,0,0,0],0,11].
[[1,9,2,0,0,0,2,2,1],7,16].
[[2,9,1,0,0,0,2,2,0],5,142].
[[3,8,0,1,2,0,2,2,0],0,52].
[[1,9,2,1,1,2,2,3,1],20,27].
[[2,9,1,1,1,2,1,2,1],12,18].
[[3,9,0,1,1,2,1,2,1],0,33].
[[3,8,1,1,2,0,2,1,0],8,26].
[[3,8,0,0,0,0,2,3,0],0,50].
[[1,8,1,1,2,2,2,3,1],45,41].
[[2,9,1,1,1,2,1,2,0],51,116].
[[2,8,1,1,2,2,2,3,1],26,74].
[[3,7,1,1,1,2,2,3,1],7,19].
[[1,9,2,1,2,2,1,2,1],10,17].
[[2,9,1,1,2,2,1,1,0],8,89].
[[3,9,0,1,1,2,1,1,0],0,86].
[[1,8,0,1,2,2,1,2,0],7,14].
[[3,7,1,1,2,2,1,2,0],37,7].
[[1,9,2,1,2,0,1,1,2],1,7].
[[2,8,1,1,2,0,1,1,2],11,12].
[[3,8,1,1,2,0,1,1,2],10,14].
[[2,7,1,0,0,0,2,3,2],7,11].
[[3,7,1,0,0,0,2,3,0],27,15].
[[2,8,0,1,2,2,0,0,0],7,124].
[[3,8,0,1,2,2,2,1,0],0,85].
[[1,8,1,1,2,0,2,1,2],12,11].
[[3,6,1,1,2,2,2,2,0],18,1].
[[2,9,1,0,0,0,1,1,0],1,57].
[[3,9,0,0,0,0,1,1,0],0,32].
[[3,9,0,1,1,2,1,1,2],0,49].
[[1,9,2,1,2,0,2,1,2],2,29].
[[2,9,1,1,2,0,1,2,2],5,40].
[[3,9,0,1,2,0,1,2,2],0,39].
[[2,9,1,0,0,0,1,2,2],12,72].
[[1,9,2,1,2,0,2,3,1],1,14].
[[2,9,1,1,2,2,2,3,1],2,58].
[[3,8,0,1,2,2,2,3,1],0,35].
[[1,9,2,1,1,2,1,2,0],34,30].
[[2,8,0,1,1,2,1,2,0],13,20].
[[3,8,0,1,1,2,1,1,0],0,39].
[[1,9,2,0,0,0,1,1,2],43,65].
[[3,8,1,1,2,2,2,1,2],8,10].
[[1,8,0,0,0,0,2,3,0],12,50].
[[1,7,2,1,2,2,2,2,2],5,0].
[[2,7,2,1,2,2,1,1,2],7,5].
[[3,7,2,1,2,2,1,1,2],21,6].
[[2,9,1,0,0,0,2,1,0],5,71].
[[3,5,0,0,0,0,2,1,0],4,0].
[[1,9,2,1,2,0,2,3,0],7,55].
[[2,9,1,1,2,0,2,3,0],9,90].
[[3,9,0,1,2,0,2,3,0],0,25].
[[1,8,1,1,2,2,2,3,0],64,34].
[[3,7,1,1,1,2,2,3,0],36,25].
[[3,9,0,1,2,2,1,1,2],0,65].
[[1,8,0,0,0,0,2,1,0],4,16].
[[2,8,0,0,0,0,2,1,0],3,38].
[[3,7,0,1,2,2,2,1,0],0,13].
[[1,8,1,0,0,0,2,3,0],95,60].
[[3,7,2,1,2,2,1,2,0],14,1].
[[2,9,1,1,1,2,2,1,0],17,48].
[[3,8,0,1,1,2,2,1,0],0,54].
[[2,9,1,0,0,0,0,0,0],2,13].
[[3,9,0,1,2,2,2,2,0],0,110].
[[1,9,2,1,2,2,1,1,2],45,86].
[[2,8,0,0,0,0,2,1,2],5,41].
[[3,8,0,0,0,0,1,2,2],0,28].
[[3,5,0,1,2,2,2,1,0],10,2].
[[1,7,1,1,2,2,0,0,0],42,28].
[[2,7,1,1,1,2,2,3,0],9,3].
[[2,8,1,0,0,0,2,2,2],24,13].
[[3,6,1,0,0,0,2,2,2],3,0].
[[3,8,0,1,1,2,1,1,2],0,59].
[[3,8,1,0,0,0,2,1,0],9,15].
[[2,8,0,1,1,2,2,3,2],6,27].
[[3,7,1,1,1,2,2,3,2],14,9].
[[1,8,1,1,2,2,2,3,2],74,36].
[[2,8,1,1,2,2,1,2,2],60,57].
[[2,8,1,1,2,0,2,3,0],33,44].
[[3,8,1,1,2,0,2,2,0],27,38].
[[2,6,1,1,2,0,2,1,2],9,0].
[[3,6,1,1,1,0,2,1,2],2,0].
[[2,8,1,0,0,0,2,3,0],83,84].
[[1,8,1,1,2,2,2,1,2],88,53].
[[2,8,1,1,2,2,2,3,2],41,38].
[[1,8,0,0,0,0,2,3,2],5,22].
[[2,7,1,1,2,0,2,3,2],3,4].
[[3,7,1,1,2,2,1,2,2],38,25].
[[1,8,1,0,0,0,1,2,1],16,12].
[[2,8,1,0,0,0,1,2,1],22,23].
[[3,7,1,0,0,0,1,2,1],8,3].
[[3,7,0,1,2,2,2,2,0],0,21].
[[2,9,1,0,0,0,1,1,2],10,46].
[[1,5,0,1,1,2,1,1,1],6,1].
[[2,5,0,1,1,2,1,1,1],14,1].
[[3,4,2,1,2,0,1,1,1],8,0].
[[2,9,1,0,0,0,2,1,2],1,15].
[[3,9,0,1,2,0,2,1,0],0,20].
[[2,7,1,1,2,2,2,2,2],14,6].
[[3,7,1,1,2,2,2,2,2],20,9].
[[1,8,1,1,2,0,2,2,2],7,4].
[[3,5,0,1,2,0,1,1,1],11,0].
[[1,8,0,1,2,2,2,3,1],6,23].
[[2,8,0,1,2,2,1,2,1],2,8].
[[3,8,0,1,2,2,1,2,1],0,30].
[[1,9,2,1,2,2,2,3,1],24,118].
[[3,9,0,1,2,2,1,2,1],0,40].
[[2,8,0,1,2,2,2,3,2],9,55].
[[1,8,0,1,2,2,1,1,2],7,17].
[[2,8,0,1,2,2,1,1,2],14,38].
[[3,7,1,1,2,2,1,1,2],18,17].
[[3,4,2,1,2,0,2,3,0],108,9].
[[3,8,1,0,0,0,2,3,1],3,7].
[[2,8,0,1,2,0,2,3,0],1,24].
[[2,8,0,0,0,0,1,2,2],5,34].
[[3,8,0,1,2,0,1,2,2],0,27].
[[1,8,0,0,0,0,1,1,2],2,6].
[[2,8,0,1,2,0,1,1,2],3,5].
[[3,9,0,0,0,0,2,3,0],0,34].
[[2,9,1,1,2,2,2,1,2],1,29].
[[2,7,1,0,0,0,0,0,0],39,33].
[[3,7,1,0,0,0,2,1,2],15,9].
[[3,5,0,1,2,2,1,2,0],43,4].
[[2,7,2,1,2,2,2,3,2],11,5].
[[3,7,1,1,2,2,2,3,2],39,23].
[[2,8,0,1,1,2,2,1,2],5,36].
[[1,8,0,1,1,2,0,0,0],36,49].
[[1,8,1,1,2,0,1,1,0],2,0].
[[2,6,1,1,2,0,1,1,0],1,0].
[[3,3,1,1,2,0,1,1,0],1,0].
[[3,8,1,1,2,2,1,2,1],32,51].
[[2,5,0,1,2,2,1,1,0],8,3].
[[3,5,0,1,2,2,1,1,0],18,8].
[[1,3,2,0,0,0,2,1,2],1,0].
[[3,3,2,1,2,0,1,1,2],1,0].
[[2,9,1,0,0,0,1,2,1],5,20].
[[3,8,1,0,0,0,1,2,1],9,13].
[[2,7,2,0,0,0,2,3,2],16,2].
[[3,7,2,1,2,0,2,3,2],11,1].
[[1,7,2,0,0,0,2,1,2],29,8].
[[2,7,2,0,0,0,2,1,0],6,0].
[[3,7,2,1,2,2,1,1,0],5,0].
[[1,8,1,0,0,0,2,2,1],31,31].
[[2,8,1,0,0,0,2,2,1],7,14].
[[3,7,1,0,0,0,2,2,1],1,5].
[[1,9,2,1,1,2,2,1,0],35,35].
[[3,7,2,1,2,2,2,3,2],7,3].
[[1,8,1,1,1,2,2,2,0],9,7].
[[2,8,1,1,1,2,1,2,0],19,9].
[[3,7,1,1,1,2,1,2,0],19,2].
[[1,8,1,1,2,0,2,3,0],15,6].
[[2,6,1,0,0,0,0,0,0],33,2].
[[3,6,1,1,2,0,2,3,2],10,0].
[[1,8,1,0,0,0,1,2,2],29,26].
[[2,7,2,1,2,0,1,2,2],5,2].
[[1,8,0,1,2,2,2,1,2],22,76].
[[2,7,1,1,1,2,0,0,0],14,18].
[[3,7,1,1,1,2,2,1,0],18,12].
[[1,8,1,1,2,0,1,2,1],1,4].
[[2,8,1,1,1,0,1,2,0],2,4].
[[3,7,1,1,2,2,2,1,0],27,19].
[[2,4,2,1,2,0,2,1,0],32,5].
[[3,4,2,1,2,0,2,1,0],43,5].
[[3,7,1,1,2,0,2,3,0],19,13].
[[3,7,1,1,2,0,0,0,0],5,10].
[[3,7,1,1,2,2,2,2,1],2,7].
[[2,7,1,1,2,2,1,2,0],3,2].
[[1,9,2,1,2,0,1,2,0],3,12].
[[2,5,0,1,1,2,1,1,0],4,2].
[[2,8,1,1,1,2,0,0,0],17,26].
[[3,8,1,1,1,2,2,1,0],13,33].
[[1,8,0,1,2,2,2,3,0],21,61].
[[1,8,0,1,1,2,2,3,2],4,9].
[[2,9,1,1,1,2,2,2,0],47,116].
[[3,9,0,1,1,2,2,2,0],0,70].
[[1,6,1,0,0,0,0,0,0],70,4].
[[2,6,1,1,2,0,0,0,0],8,3].
[[3,6,1,1,2,0,2,2,2],5,0].
[[2,8,1,1,2,0,2,2,0],23,37].
[[3,8,1,1,1,0,2,2,0],1,16].
[[1,9,2,1,2,2,2,2,1],7,23].
[[2,5,0,1,2,2,1,1,1],21,5].
[[3,5,0,1,2,2,1,1,1],57,4].
[[1,8,0,1,1,2,2,3,0],6,5].
[[2,8,1,1,2,0,0,0,0],7,20].
[[2,8,1,1,1,0,2,1,2],1,5].
[[2,8,0,0,0,0,2,3,1],2,27].
[[3,7,0,0,0,0,2,3,1],0,4].
[[3,7,1,0,0,0,2,1,0],7,7].
[[1,9,2,1,2,0,2,2,0],1,35].
[[1,8,0,1,2,2,1,2,2],7,15].
[[2,8,0,1,2,2,1,2,2],8,54].
[[2,7,2,1,2,0,2,3,2],5,2].
[[3,7,2,1,1,0,1,2,2],2,1].
[[3,8,0,1,2,2,1,2,2],0,123].
[[1,8,1,0,0,0,2,2,0],66,33].
[[3,8,0,1,1,2,1,2,1],0,27].
[[1,8,0,1,2,2,2,2,2],11,23].
[[3,7,1,1,1,0,2,2,2],1,2].
[[2,7,1,1,2,2,2,1,2],30,28].
[[3,7,1,1,2,2,2,1,2],42,26].
[[1,8,0,1,2,2,2,1,0],4,29].
[[2,7,0,1,2,2,2,1,0],0,3].
[[3,7,0,1,2,2,1,2,1],0,3].
[[1,8,0,1,1,2,2,2,0],6,10].
[[2,4,2,1,2,0,1,2,0],46,4].
[[3,8,1,1,1,0,2,1,0],2,14].
[[1,8,0,1,2,2,2,3,2],3,46].
[[1,8,1,0,0,0,2,1,1],11,4].
[[2,8,1,0,0,0,1,1,1],2,4].
[[3,5,0,0,0,0,1,1,1],9,1].
[[3,8,0,0,0,0,1,1,2],0,12].
[[1,8,1,0,0,0,1,1,0],8,7].
[[2,8,1,0,0,0,1,2,0],36,16].
[[2,7,2,0,0,0,2,1,2],18,3].
[[3,7,2,1,2,2,2,1,2],21,3].
[[2,8,1,1,2,0,2,1,2],15,30].
[[1,8,1,1,2,2,2,2,2],45,27].
[[2,7,2,1,2,2,2,2,2],7,0].
[[3,7,2,0,0,0,2,1,2],7,0].
[[2,8,0,1,2,2,2,3,1],6,48].
[[2,6,1,1,2,0,1,1,2],1,0].
[[3,3,2,1,1,0,1,1,2],1,0].
[[3,6,0,1,2,2,2,2,0],0,16].
[[3,8,1,0,0,0,2,3,0],23,48].
[[3,8,0,1,2,0,1,1,2],0,20].
[[3,9,0,0,0,0,2,2,0],0,22].
[[1,8,0,0,0,0,2,2,2],7,24].
[[2,7,1,0,0,0,2,2,2],7,8].
[[3,7,1,1,2,0,2,2,2],4,7].
[[2,9,1,1,2,0,2,3,2],0,4].
[[1,8,0,0,0,0,2,1,2],9,53].
[[2,8,0,1,2,0,2,1,2],0,13].
[[1,7,1,0,0,0,0,0,0],32,36].
[[2,7,1,0,0,0,2,3,0],9,9].
[[3,3,1,0,0,0,2,3,0],3,1].
[[3,9,0,0,0,0,1,2,1],0,6].
[[2,8,0,1,1,2,2,2,0],20,57].
[[3,7,2,1,1,2,2,2,0],3,1].
[[2,8,1,1,1,2,2,3,0],63,30].
[[3,7,2,1,1,2,2,3,0],13,1].
[[2,9,1,1,1,2,2,3,1],10,18].
[[1,8,0,0,0,0,2,3,1],5,17].
[[2,8,0,0,0,0,2,3,0],15,81].
[[1,8,1,1,1,2,2,3,0],21,3].
[[2,5,0,1,2,2,2,1,0],7,0].
[[2,7,1,1,2,2,2,3,0],28,19].
[[3,7,1,1,2,2,2,3,0],76,54].
[[1,8,1,1,2,2,1,2,2],20,14].
[[2,7,2,1,2,2,1,2,2],14,2].
[[3,4,2,1,2,0,0,0,0],13,8].
[[2,9,1,0,0,0,2,3,2],0,5].
[[3,9,0,1,1,2,2,1,0],0,35].
[[1,8,0,1,1,2,2,1,2],9,12].
[[2,8,0,1,1,2,1,1,2],8,17].
[[1,8,1,0,0,0,1,1,2],21,17].
[[2,8,1,1,2,2,1,1,2],35,28].
[[3,8,1,0,0,0,1,2,2],19,14].
[[3,8,0,1,2,0,2,1,0],0,27].
[[2,8,1,1,2,0,1,2,2],9,15].
[[3,8,1,1,2,0,2,3,1],4,11].
[[1,9,2,1,2,2,1,1,0],15,49].
[[3,8,1,1,2,2,1,1,0],35,46].
[[1,7,2,0,0,0,0,0,0],62,7].
[[2,7,2,0,0,0,2,2,0],6,2].
[[3,7,2,1,2,2,2,2,0],15,3].
[[2,5,0,1,2,0,1,1,1],5,0].
[[1,8,1,1,1,2,2,1,2],25,5].
[[2,8,1,1,1,2,2,1,2],20,12].
[[3,7,1,1,1,2,2,1,2],16,16].
[[3,6,1,1,2,0,1,2,2],5,0].
[[3,9,0,1,2,0,1,1,0],0,44].
[[1,7,1,1,2,2,2,2,2],5,0].
[[2,3,1,1,2,2,2,2,2],1,0].
[[3,3,1,1,2,2,2,2,2],6,1].
[[1,7,2,1,2,0,2,3,2],1,1].
[[3,4,2,1,2,0,1,2,1],42,1].
[[3,8,0,0,0,0,1,2,0],0,37].
[[3,7,0,1,2,2,0,0,0],0,27].
[[3,7,0,0,0,0,2,1,2],0,4].
[[1,4,2,1,2,0,1,2,2],8,0].
[[3,6,0,1,2,0,2,3,2],0,1].
[[2,7,1,1,2,0,0,0,0],13,6].
[[2,9,1,1,2,0,2,1,0],2,33].
[[3,3,1,1,2,2,2,3,0],6,1].
[[3,7,1,1,1,2,2,2,1],0,6].
[[2,9,1,1,2,2,0,0,0],1,29].
[[2,7,2,1,2,0,2,1,2],10,3].
[[3,7,2,1,2,0,2,3,0],16,1].
[[3,7,0,1,2,0,2,3,0],0,4].
[[1,4,2,1,2,0,2,3,2],6,0].
[[2,4,2,1,2,0,2,3,2],13,0].
[[3,4,2,1,2,0,2,3,2],12,0].
[[3,7,2,0,0,0,2,3,0],15,0].
[[2,9,1,1,2,0,2,2,0],6,56].
[[3,6,1,1,2,2,2,1,2],18,0].
[[3,7,0,1,2,2,1,2,0],0,4].
[[1,9,2,1,2,0,1,2,2],1,10].
[[2,5,0,1,2,0,1,2,1],3,0].
[[3,5,0,1,2,0,1,2,1],21,0].
[[2,7,2,1,2,2,0,0,0],27,2].
[[3,7,2,1,1,2,2,1,2],6,1].
[[2,7,2,0,0,0,1,1,2],9,1].
[[3,7,2,0,0,0,1,1,2],4,4].
[[3,3,1,0,0,0,2,3,2],1,0].
[[1,8,1,1,1,2,2,2,2],8,1].
[[2,7,1,1,1,2,2,2,2],8,2].
[[3,4,2,1,2,0,1,1,2],51,6].
[[2,9,1,1,1,2,1,2,2],33,58].
[[3,8,1,1,1,2,1,2,2],33,38].
[[2,7,1,0,0,0,1,1,2],7,1].
[[3,7,1,1,2,0,1,1,2],9,6].
[[3,6,0,1,2,2,2,1,0],0,6].
[[2,7,1,1,2,0,2,1,2],2,4].
[[3,7,1,1,1,0,1,2,2],2,2].
[[3,8,0,0,0,0,2,2,0],0,42].
[[2,7,2,1,2,2,1,2,0],1,2].
[[3,7,2,1,1,2,1,1,0],4,2].
[[3,7,2,1,1,2,1,2,0],8,0].
[[2,7,1,1,2,0,2,2,2],4,1].
[[1,8,1,1,2,2,1,1,0],2,1].
[[2,7,1,1,2,2,1,1,0],3,1].
[[3,7,1,1,2,2,1,1,0],15,4].
[[2,8,1,1,2,0,1,1,0],8,4].
[[2,9,1,1,1,2,2,2,1],0,3].
[[3,8,0,1,1,2,2,2,1],0,5].
[[2,8,0,0,0,0,1,2,1],0,8].
[[3,7,0,1,2,0,1,2,1],0,3].
[[3,9,0,1,2,0,2,2,0],0,42].
[[3,8,1,1,2,2,2,3,1],6,26].
[[2,9,1,1,2,2,2,3,2],0,24].
[[3,5,0,1,2,0,2,3,0],5,1].
[[3,8,0,0,0,0,2,1,0],0,18].
[[1,7,2,1,2,0,2,1,2],1,7].
[[2,7,2,1,1,0,2,2,0],1,1].
[[3,7,2,1,1,0,1,2,0],0,1].
[[1,8,0,0,0,0,1,2,2],5,17].
[[2,7,1,1,2,0,1,2,2],0,3].
[[3,7,1,1,2,2,1,2,1],26,8].
[[1,8,1,1,1,2,1,1,1],0,1].
[[2,4,2,1,2,0,1,1,0],20,5].
[[2,9,1,1,1,2,1,1,0],20,31].
[[3,8,1,1,1,2,1,1,0],11,31].
[[2,3,1,0,0,0,0,0,0],4,2].
[[3,3,1,1,2,0,0,0,0],6,5].
[[3,7,2,1,2,0,2,3,1],6,2].
[[2,8,0,1,1,2,2,3,1],9,19].
[[3,8,0,1,2,0,2,3,1],0,14].
[[2,9,1,1,1,2,2,1,2],2,11].
[[2,6,1,1,2,2,2,2,2],9,0].
[[3,6,1,1,2,2,2,2,2],13,0].
[[1,9,2,1,2,0,2,2,2],2,13].
[[2,9,1,1,2,0,2,3,1],0,12].
[[3,9,0,1,1,0,1,1,2],0,5].
[[2,7,1,1,2,2,1,2,1],4,1].
[[3,5,0,1,1,2,1,1,0],8,5].
[[2,5,0,1,2,2,1,1,2],27,2].
[[3,5,0,1,1,2,1,2,1],22,1].
[[2,7,1,0,0,0,2,2,0],14,2].
[[3,7,1,0,0,0,2,2,0],15,5].
[[2,7,2,0,0,0,2,2,2],14,3].
[[1,4,2,1,2,0,2,1,0],7,2].
[[1,6,1,1,2,2,2,1,2],5,0].
[[2,6,1,1,2,2,1,2,2],6,1].
[[3,6,1,1,2,2,1,2,2],17,0].
[[3,7,0,1,2,2,1,1,0],0,5].
[[1,9,2,1,1,2,2,2,2],18,25].
[[2,8,0,1,1,2,0,0,0],11,55].
[[3,6,1,1,2,2,2,3,0],23,1].
[[3,9,0,0,0,0,2,1,0],0,15].
[[2,3,1,1,2,2,0,0,0],13,3].
[[3,3,1,1,2,2,0,0,0],20,6].
[[3,7,1,1,2,0,1,2,2],12,10].
[[2,9,1,1,2,0,0,0,0],0,9].
[[3,7,2,0,0,0,1,2,2],17,3].
[[1,8,1,1,2,0,2,3,1],3,12].
[[3,5,0,1,1,2,1,1,2],24,1].
[[1,8,1,1,2,2,2,2,1],19,11].
[[2,8,1,1,1,2,1,2,2],25,13].
[[2,8,1,1,1,0,0,0,0],0,2].
[[3,4,0,1,2,0,2,3,0],0,2].
[[3,7,0,1,1,2,2,2,2],0,8].
[[2,8,0,1,1,2,2,1,0],9,18].
[[3,7,1,1,1,2,1,2,1],3,5].
[[2,8,0,0,0,0,1,2,0],7,33].
[[3,7,1,0,0,0,1,2,0],12,0].
[[1,8,1,1,1,2,1,1,2],5,0].
[[2,8,1,1,1,2,1,1,2],15,4].
[[2,7,1,1,2,2,2,3,2],14,10].
[[3,7,1,1,1,0,2,1,2],1,6].
[[3,6,1,1,2,2,1,2,1],4,2].
[[3,7,1,0,0,0,0,0,0],5,8].
[[3,8,1,1,1,0,1,1,2],5,5].
[[1,7,2,1,2,0,0,0,0],7,1].
[[3,7,2,1,2,2,2,2,2],10,0].
[[2,8,1,1,2,0,2,2,1],3,9].
[[3,7,2,1,2,2,2,3,0],24,1].
[[2,6,1,0,0,0,2,2,2],10,0].
[[3,6,1,1,1,2,2,2,0],9,0].
[[3,6,0,1,1,2,2,1,2],0,7].
[[2,4,2,1,2,0,1,1,2],17,4].
[[1,9,2,1,1,2,2,2,1],4,8].
[[1,3,2,0,0,0,0,0,0],8,0].
[[2,3,2,0,0,0,0,0,0],14,0].
[[3,3,2,0,0,0,0,0,0],5,0].
[[1,8,0,0,0,0,1,2,0],1,4].
[[2,7,0,0,0,0,1,2,0],0,1].
[[3,7,0,0,0,0,1,2,0],0,4].
[[1,4,2,1,2,0,2,1,2],6,1].
[[1,8,1,1,1,2,2,3,1],9,2].
[[2,7,1,1,1,2,2,3,1],3,3].
[[3,6,0,1,2,2,2,2,2],0,7].
[[3,8,1,1,1,2,1,1,2],17,16].
[[3,7,1,1,2,0,2,2,0],20,12].
[[3,7,0,1,1,2,1,1,0],0,1].
[[2,4,2,1,2,0,2,1,2],20,3].
[[3,4,2,1,2,0,2,1,2],20,3].
[[3,3,1,0,0,0,0,0,0],6,0].
[[2,8,0,0,0,0,2,2,1],1,4].
[[1,8,1,1,2,2,1,1,1],6,1].
[[2,7,1,1,2,2,1,1,1],2,1].
[[3,3,1,1,2,2,1,1,1],0,1].
[[1,7,2,1,2,2,2,3,1],3,0].
[[2,7,2,1,2,2,2,3,1],4,1].
[[3,7,2,1,2,2,2,3,1],8,1].
[[3,7,1,1,1,2,0,0,0],10,18].
[[1,7,1,0,0,0,2,2,2],3,3].
[[3,8,0,1,1,2,0,0,0],0,15].
[[3,6,0,1,2,2,2,3,0],0,14].
[[2,6,0,1,2,2,2,3,1],0,1].
[[3,6,0,1,2,2,1,2,1],0,3].
[[2,6,0,1,2,2,2,2,2],0,3].
[[3,6,0,1,1,2,1,2,2],0,6].
[[3,5,0,0,0,0,1,1,2],15,2].
[[2,6,1,1,2,0,2,2,2],3,0].
[[3,3,1,1,2,2,1,2,2],4,1].
[[1,5,0,1,2,0,1,2,1],1,0].
[[1,8,0,1,1,2,1,1,0],0,1].
[[2,8,0,1,2,0,2,2,1],0,2].
[[3,7,1,1,2,0,2,2,1],1,4].
[[2,9,1,1,1,0,2,3,0],1,10].
[[3,9,0,1,1,0,1,2,0],0,36].
[[2,7,2,1,1,0,2,1,2],0,3].
[[1,8,0,1,2,2,2,2,0],15,52].
[[2,7,1,1,2,2,2,2,0],18,17].
[[3,7,1,1,1,0,1,2,0],2,4].
[[1,8,1,1,2,0,1,2,2],4,5].
[[1,4,2,1,2,0,2,2,2],5,0].
[[2,4,2,1,2,0,2,2,2],7,1].
[[1,5,0,0,0,0,1,1,1],7,1].
[[1,5,0,1,2,2,1,1,2],7,1].
[[3,8,1,0,0,0,2,2,0],18,25].
[[3,9,0,1,1,0,1,1,0],0,12].
[[1,9,2,1,2,0,2,1,0],2,16].
[[2,3,1,1,2,2,2,1,2],2,0].
[[3,3,1,1,2,2,2,1,2],10,4].
[[2,7,1,1,2,0,2,3,0],5,4].
[[3,3,1,1,2,2,2,3,2],3,0].
[[2,7,1,1,1,2,2,2,0],8,3].
[[3,8,1,1,1,0,1,2,2],1,12].
[[2,6,0,1,1,2,2,3,2],0,2].
[[2,8,1,1,1,0,1,2,2],0,3].
[[1,8,0,1,1,2,2,3,1],3,6].
[[2,6,0,1,1,2,2,3,1],0,4].
[[3,6,0,1,1,2,2,1,0],0,8].
[[3,9,0,1,2,2,2,1,0],0,42].
[[2,8,0,1,2,0,2,1,0],0,11].
[[3,7,1,0,0,0,2,2,2],10,8].
[[3,8,0,1,2,2,2,1,2],0,19].
[[1,9,2,1,1,2,1,1,2],21,15].
[[3,9,0,1,1,0,2,1,0],0,6].
[[3,8,1,1,1,0,1,2,1],1,4].
[[2,7,1,1,2,2,2,3,1],17,14].
[[3,7,1,1,2,2,2,3,1],27,27].
[[1,6,1,1,2,2,0,0,0],24,1].
[[2,6,1,1,2,2,2,3,0],18,0].
[[3,6,1,1,1,2,2,3,0],10,1].
[[3,9,0,1,1,0,2,3,0],0,10].
[[2,8,0,0,0,0,1,1,2],3,18].
[[3,7,0,1,2,2,2,3,2],0,7].
[[1,8,0,1,1,2,1,2,2],6,5].
[[2,7,0,1,2,2,2,3,0],0,4].
[[2,8,0,0,0,0,2,3,2],2,18].
[[3,6,1,0,0,0,2,3,0],12,0].
[[2,7,2,1,2,0,2,3,0],4,0].
[[1,9,2,1,1,2,1,1,0],12,7].
[[2,8,1,1,1,2,1,1,0],8,8].
[[2,7,1,1,2,2,2,2,1],6,5].
[[3,7,0,1,2,2,2,2,1],0,1].
[[3,8,0,1,1,0,1,1,2],0,2].
[[1,6,1,0,0,0,2,3,0],6,0].
[[2,6,1,0,0,0,2,3,0],14,0].
[[3,6,1,1,2,0,1,2,0],1,0].
[[1,5,0,1,2,0,1,2,0],1,0].
[[2,5,0,1,2,0,1,2,0],3,0].
[[3,5,0,1,2,0,1,2,0],13,2].
[[3,5,0,0,0,0,1,2,0],8,0].
[[3,6,1,0,0,0,2,3,1],5,0].
[[2,9,1,1,1,2,2,2,2],2,2].
[[3,4,2,1,2,0,2,2,2],6,1].
[[3,8,0,0,0,0,1,2,1],0,8].
[[3,5,0,1,2,0,1,1,2],16,1].
[[3,7,1,1,2,0,2,1,0],6,3].
[[2,8,0,1,2,0,2,2,0],2,21].
[[1,7,2,1,2,2,2,1,2],8,0].
[[2,7,2,1,2,2,2,1,2],21,4].
[[1,7,1,1,2,2,2,3,1],4,3].
[[3,3,1,1,2,2,2,3,1],5,1].
[[3,8,1,1,1,0,1,1,0],3,7].
[[2,7,1,0,0,0,2,3,1],20,6].
[[2,8,0,1,2,0,2,3,1],0,8].
[[3,8,1,1,2,2,2,2,2],3,4].
[[1,7,1,1,2,2,2,3,2],3,5].
[[2,7,1,1,2,2,1,2,2],11,3].
[[2,6,1,1,2,2,0,0,0],31,0].
[[3,6,1,1,2,2,1,1,2],11,0].
[[1,6,1,0,0,0,2,1,0],4,0].
[[3,3,2,1,2,0,2,3,0],5,0].
[[2,8,1,1,2,2,1,1,0],18,15].
[[2,5,0,1,2,0,2,3,0],5,0].
[[1,7,2,1,2,2,1,2,2],3,0].
[[3,3,2,1,2,2,1,2,2],3,0].
[[3,6,1,1,2,0,2,3,0],6,1].
[[2,8,1,1,2,0,1,2,0],14,9].
[[3,7,2,1,2,0,1,2,0],4,0].
[[2,6,0,0,0,0,2,2,0],0,1].
[[3,6,0,1,2,0,2,2,0],0,1].
[[3,7,1,0,0,0,1,2,2],6,4].
[[2,7,0,1,1,2,2,3,1],0,2].
[[3,7,0,1,1,2,2,3,1],0,13].
[[1,8,1,0,0,0,1,2,0],16,9].
[[2,5,0,0,0,0,1,1,1],7,1].
[[2,8,1,1,2,0,1,2,1],8,11].
[[2,4,2,1,2,0,2,2,0],38,3].
[[2,7,2,1,2,0,1,1,2],3,3].
[[1,7,1,0,0,0,2,3,0],3,5].
[[3,8,0,1,1,2,2,3,1],0,24].
[[2,9,1,0,0,0,2,3,1],1,32].
[[2,6,0,1,1,2,2,3,0],0,2].
[[3,6,0,1,1,2,2,3,0],0,11].
[[2,5,0,1,2,0,1,1,2],5,1].
[[3,5,0,1,1,0,1,1,2],2,2].
[[1,5,0,0,0,0,1,1,2],8,0].
[[3,7,2,1,1,2,1,2,2],9,1].
[[2,6,1,0,0,0,2,1,2],13,0].
[[3,5,0,1,2,2,2,3,0],13,0].
[[2,8,0,0,0,0,1,1,0],2,19].
[[3,8,0,1,2,0,1,1,0],0,18].
[[3,8,0,1,1,0,2,3,0],0,13].
[[3,8,0,0,0,0,2,3,1],0,8].
[[2,6,1,1,2,2,2,1,2],10,0].
[[2,8,1,1,1,0,2,2,1],0,2].
[[3,8,1,1,1,0,2,3,0],2,28].
[[3,8,0,1,2,0,1,2,1],0,4].
[[3,7,2,0,0,0,0,0,0],6,1].
[[3,7,0,1,1,2,0,0,0],0,17].
[[2,7,2,1,2,2,2,3,0],11,0].
[[3,8,0,0,0,0,1,1,0],0,23].
[[1,8,1,1,2,0,2,2,0],5,5].
[[2,6,1,0,0,0,1,1,2],2,1].
[[3,6,1,1,2,0,1,1,2],3,1].
[[2,7,0,0,0,0,0,0,0],0,9].
[[3,3,1,0,0,0,1,1,2],2,0].
[[2,7,1,0,0,0,1,2,1],3,1].
[[1,8,1,1,2,2,1,1,2],18,8].
[[3,7,2,0,0,0,2,2,0],8,0].
[[3,5,0,1,1,2,1,1,1],30,3].
[[1,7,2,0,0,0,1,1,2],4,2].
[[3,3,1,1,1,2,2,3,0],1,0].
[[3,7,0,1,1,2,2,1,2],0,11].
[[2,5,0,1,1,2,1,1,2],11,0].
[[3,6,1,1,1,2,2,3,2],8,0].
[[2,6,1,1,2,2,2,1,0],4,0].
[[3,6,1,1,2,2,2,1,0],3,0].
[[2,7,1,0,0,0,1,2,2],3,4].
[[3,7,1,1,2,0,1,2,1],6,2].
[[1,4,2,1,2,0,2,2,0],10,1].
[[1,8,1,1,2,0,1,2,0],0,2].
[[1,7,2,0,0,0,2,3,0],6,0].
[[3,3,2,1,2,2,2,3,0],4,0].
[[2,8,0,1,2,0,1,2,2],3,12].
[[3,8,0,1,1,0,1,2,2],0,7].
[[2,7,0,1,2,2,2,2,2],0,2].
[[3,7,0,1,2,2,1,1,2],0,6].
[[2,8,0,1,2,0,1,2,0],0,9].
[[3,3,2,1,2,2,2,1,2],4,0].
[[3,2,1,0,0,0,2,1,2],1,0].
[[3,6,0,1,2,2,2,1,2],0,10].
[[3,3,2,1,2,2,0,0,0],13,0].
[[3,3,2,1,2,2,2,3,1],3,0].
[[1,4,2,1,2,0,2,3,0],17,4].
[[2,6,0,1,2,2,2,2,0],0,2].
[[3,6,0,1,1,2,1,2,0],0,3].
[[1,8,1,1,1,2,1,2,2],5,2].
[[3,6,1,0,0,0,2,2,0],7,0].
[[1,8,0,1,2,2,2,1,1],1,1].
[[2,5,0,1,2,2,1,2,1],20,0].
[[2,8,1,1,1,2,2,3,2],19,14].
[[2,4,2,1,2,0,2,3,1],12,1].
[[3,4,2,1,2,0,2,3,1],19,1].
[[2,7,0,1,1,2,2,3,0],2,2].
[[2,7,0,1,1,2,0,0,0],1,5].
[[3,6,1,1,2,0,0,0,0],7,3].
[[2,7,0,0,0,0,2,2,0],0,3].
[[3,7,0,0,0,0,2,2,0],0,7].
[[3,5,0,1,2,2,2,2,0],10,0].
[[2,9,1,1,1,0,1,1,0],0,2].
[[3,8,0,1,1,0,1,2,0],0,8].
[[3,8,0,1,1,0,2,3,2],0,2].
[[2,6,1,1,2,0,2,2,0],1,1].
[[3,6,1,1,1,0,1,1,0],0,1].
[[3,7,0,1,1,2,2,1,0],0,10].
[[3,9,0,1,1,0,2,2,0],0,13].
[[2,9,1,1,2,0,1,2,1],2,7].
[[2,8,1,1,1,2,2,3,1],18,10].
[[2,5,0,1,2,2,2,2,0],4,0].
[[3,6,0,1,2,2,2,3,2],0,5].
[[3,7,2,1,2,2,0,0,0],5,0].
[[3,7,2,1,2,0,2,1,0],5,1].
[[3,6,0,1,1,2,2,3,1],0,3].
[[2,8,0,1,1,2,1,2,1],1,7].
[[3,7,0,1,1,2,1,2,1],0,2].
[[1,6,1,0,0,0,1,2,2],2,0].
[[3,3,1,1,1,2,1,2,2],1,0].
[[1,5,0,0,0,0,2,3,0],8,2].
[[2,5,0,1,2,0,2,1,0],1,0].
[[3,5,0,1,2,0,2,1,0],1,1].
[[1,5,0,1,2,2,2,3,0],5,0].
[[2,8,1,1,1,2,2,1,0],14,12].
[[2,6,0,1,2,2,1,1,2],0,3].
[[3,3,1,1,2,2,1,1,2],0,1].
[[3,7,1,0,0,0,2,3,1],6,9].
[[3,8,0,1,2,2,0,0,0],0,19].
[[3,9,0,0,0,0,1,1,2],0,16].
[[2,8,1,1,1,2,2,2,1],6,7].
[[3,8,1,1,1,2,2,2,1],0,4].
[[1,8,1,1,1,2,2,3,2],10,7].
[[3,7,2,1,1,0,1,2,1],1,1].
[[2,8,1,0,0,0,1,1,0],8,15].
[[3,6,1,1,2,0,1,1,0],1,1].
[[3,6,1,1,2,0,1,2,1],6,0].
[[2,3,2,0,0,0,2,3,0],2,0].
[[3,3,2,0,0,0,2,3,0],4,0].
[[2,7,2,1,1,2,1,1,2],2,0].
[[3,7,2,1,2,0,0,0,0],6,0].
[[3,8,1,1,1,2,2,2,2],0,4].
[[2,9,1,1,2,0,1,1,0],2,17].
[[2,7,1,1,2,0,2,3,1],0,5].
[[3,7,1,1,1,0,2,3,1],1,3].
[[2,5,0,0,0,0,1,2,0],7,0].
[[1,4,2,1,2,0,1,1,0],1,0].
[[3,7,0,0,0,0,2,3,0],0,4].
[[3,3,1,0,0,0,2,2,0],3,0].
[[2,7,1,1,1,2,1,2,1],2,0].
[[3,7,1,1,1,0,2,2,0],2,5].
[[2,9,1,1,1,0,2,2,0],0,7].
[[3,6,1,1,2,2,1,1,0],3,2].
[[3,8,1,1,1,2,2,3,2],3,5].
[[3,6,1,0,0,0,1,2,2],5,0].
[[2,7,2,1,1,2,1,2,2],2,0].
[[2,8,1,1,1,2,2,2,2],8,6].
[[3,9,0,1,1,0,1,2,2],0,14].
[[3,7,2,1,2,2,1,2,1],10,0].
[[3,3,1,1,1,2,1,1,1],1,0].
[[2,8,1,1,1,0,2,1,0],2,0].
[[3,7,2,1,2,0,2,2,0],11,4].
[[1,7,2,0,0,0,2,2,2],14,3].
[[3,7,2,0,0,0,1,2,1],4,1].
[[1,3,2,0,0,0,2,2,2],1,0].
[[2,3,2,0,0,0,1,1,2],2,0].
[[3,3,2,1,2,2,1,2,1],4,0].
[[2,8,1,1,1,0,2,3,2],1,2].
[[3,8,1,1,1,0,2,3,2],3,2].
[[3,7,0,1,2,0,0,0,0],0,8].
[[3,7,0,0,0,0,1,2,2],0,5].
[[3,8,0,1,2,0,0,0,0],0,8].
[[1,6,0,1,2,2,2,3,1],0,1].
[[3,6,0,1,1,2,1,2,1],0,1].
[[1,8,1,1,2,2,2,1,1],2,4].
[[2,8,1,1,1,2,2,1,1],1,1].
[[2,6,1,1,2,2,1,1,2],2,0].
[[2,7,2,1,2,2,2,2,0],11,0].
[[1,8,0,1,1,2,2,2,2],4,3].
[[2,8,0,1,1,2,2,2,2],3,14].
[[3,4,0,1,2,0,1,1,2],0,1].
[[3,6,1,1,2,2,0,0,0],6,2].
[[3,5,0,1,2,0,1,1,0],4,3].
[[1,5,0,1,2,2,2,2,0],1,0].
[[2,9,1,1,2,0,2,1,1],0,1].
[[3,5,0,1,1,0,1,1,1],1,1].
[[1,5,0,1,2,2,1,2,1],5,0].
[[3,3,0,1,2,2,0,0,0],0,2].
[[3,8,1,1,2,2,2,2,1],0,5].
[[1,9,2,1,2,0,2,2,1],0,1].
[[2,9,1,1,2,0,2,2,1],1,1].
[[3,8,0,1,2,2,2,2,1],0,7].
[[3,6,0,1,2,2,1,2,2],0,5].
[[1,7,2,1,2,2,0,0,0],18,2].
[[3,7,1,1,1,2,2,2,2],10,5].
[[3,6,0,1,2,2,1,2,0],0,5].
[[3,3,2,1,2,0,0,0,0],4,0].
[[3,8,1,0,0,0,2,2,2],1,1].
[[3,7,1,1,1,0,1,1,0],0,2].
[[3,5,0,0,0,0,1,2,1],7,0].
[[3,7,1,1,2,0,1,1,0],6,3].
[[3,5,0,1,1,0,1,2,0],3,0].
[[3,7,2,1,1,2,1,1,2],5,1].
[[3,7,2,1,1,0,1,1,0],1,0].
[[1,6,0,0,0,0,0,0,0],1,2].
[[2,6,0,0,0,0,2,1,2],2,3].
[[3,6,0,1,2,2,1,1,2],0,6].
[[3,7,2,1,1,0,2,1,2],2,1].
[[1,6,1,1,2,2,2,3,0],5,0].
[[1,7,2,0,0,0,2,3,1],2,0].
[[3,7,2,1,1,0,1,1,2],3,2].
[[3,8,1,1,1,2,2,3,1],10,16].
[[2,9,1,1,2,0,2,1,2],0,8].
[[3,8,0,1,2,0,2,1,2],0,3].
[[2,5,0,0,0,0,1,1,2],18,1].
[[3,7,0,1,2,2,1,2,2],0,5].
[[3,3,1,1,1,2,2,2,2],2,0].
[[1,8,1,1,2,0,2,2,1],2,3].
[[3,6,1,1,2,2,2,3,1],10,0].
[[1,9,2,0,0,0,2,1,1],3,4].
[[2,9,1,0,0,0,2,1,1],0,1].
[[1,9,2,1,2,2,2,1,1],1,1].
[[2,6,1,0,0,0,2,3,2],9,1].
[[3,8,1,1,2,0,1,2,1],12,14].
[[2,9,1,1,2,2,2,2,1],0,6].
[[2,8,1,1,1,0,2,2,0],1,2].
[[3,6,1,1,1,2,2,1,0],2,0].
[[3,6,1,1,1,2,1,2,2],5,0].
[[1,6,1,0,0,0,2,2,0],4,0].
[[2,6,1,0,0,0,1,1,0],1,0].
[[3,6,1,0,0,0,1,2,0],9,0].
[[3,7,2,1,1,2,1,2,1],3,1].
[[1,7,1,0,0,0,2,3,2],1,2].
[[1,5,0,1,1,2,1,2,0],2,0].
[[2,5,0,1,1,2,1,2,0],7,2].
[[3,6,1,1,1,0,2,3,0],2,1].
[[1,7,2,0,0,0,2,2,0],3,1].
[[3,3,2,1,2,0,2,2,0],1,0].
[[2,9,1,1,1,0,2,1,0],0,3].
[[2,7,0,0,0,0,2,3,0],0,5].
[[1,2,1,0,0,0,0,0,0],1,0].
[[2,2,1,1,2,2,2,2,2],1,0].
[[3,2,1,1,2,2,2,2,2],1,0].
[[2,7,2,0,0,0,2,3,1],11,2].
[[2,6,0,1,2,2,1,2,2],0,2].
[[3,7,2,1,1,2,2,3,1],4,0].
[[3,7,2,0,0,0,1,2,0],8,0].
[[2,6,1,1,1,2,2,2,2],1,0].
[[2,7,1,1,2,0,2,1,0],2,1].
[[2,7,2,1,2,0,2,3,1],1,1].
[[3,7,2,1,2,0,1,2,1],2,0].
[[2,9,1,1,2,2,2,2,2],0,4].
[[3,8,0,1,1,2,2,2,2],0,2].
[[3,6,1,1,2,2,2,2,1],1,0].
[[2,1,2,1,2,0,2,1,0],1,0].
[[3,1,2,1,2,0,2,1,0],2,0].
[[2,7,1,1,2,0,1,1,2],2,2].
[[3,7,1,1,1,0,2,3,2],1,2].
[[1,5,0,1,1,2,2,3,0],3,0].
[[3,8,1,1,1,0,2,1,2],0,3].
[[2,5,0,1,1,2,1,2,1],6,0].
[[2,7,2,1,1,0,0,0,0],1,1].
[[3,4,0,1,2,0,2,2,0],0,1].
[[2,7,2,1,2,0,2,1,0],2,0].
[[1,6,1,0,0,0,2,2,2],4,1].
[[2,6,1,0,0,0,1,2,2],3,0].
[[2,9,1,1,1,2,0,0,0],7,13].
[[3,6,1,0,0,0,0,0,0],9,0].
[[2,6,0,0,0,0,0,0,0],0,3].
[[1,7,2,0,0,0,1,2,2],13,1].
[[2,6,0,0,0,0,1,2,2],0,2].
[[2,7,1,0,0,0,2,1,1],2,0].
[[2,7,1,1,2,0,2,2,0],2,2].
[[3,7,2,1,2,0,1,1,2],8,4].
[[1,8,1,1,1,2,1,2,1],3,0].
[[3,7,0,1,1,2,2,2,0],0,9].
[[1,4,2,1,2,0,1,1,2],2,1].
[[2,8,0,1,1,2,1,1,0],4,5].
[[2,7,0,1,2,2,2,1,2],0,5].
[[3,7,0,1,2,2,2,1,2],0,15].
[[3,8,0,1,1,2,2,1,2],0,13].
[[3,3,2,1,2,2,2,2,0],3,0].
[[2,6,1,1,1,2,0,0,0],2,1].
[[3,3,1,1,1,2,0,0,0],3,1].
[[1,8,1,0,0,0,1,1,1],1,6].
[[3,7,1,0,0,0,1,1,0],5,2].
[[2,8,1,1,1,0,2,3,1],1,2].
[[3,9,0,1,2,0,0,0,0],0,1].
[[2,5,0,0,0,0,1,2,1],6,0].
[[3,6,0,1,2,0,0,0,0],0,1].
[[3,7,1,1,1,0,2,3,0],3,5].
[[1,8,1,1,2,0,2,1,0],4,3].
[[2,8,1,1,2,0,1,1,1],1,1].
[[3,8,1,1,2,0,1,1,1],2,1].
[[1,4,2,1,2,0,1,2,0],3,2].
[[1,8,0,0,0,0,1,1,0],0,4].
[[2,7,1,1,2,0,1,1,0],0,1].
[[3,6,1,1,1,2,1,2,0],5,0].
[[3,8,1,0,0,0,2,3,2],1,2].
[[2,7,1,1,1,2,2,1,2],9,5].
[[3,7,2,0,0,0,2,3,1],3,0].
[[2,7,2,1,1,2,0,0,0],7,0].
[[1,8,1,1,1,2,2,1,0],5,1].
[[1,7,1,0,0,0,2,3,1],4,1].
[[3,7,2,1,2,0,2,1,2],4,2].
[[2,9,1,1,1,2,2,3,2],2,9].
[[2,6,0,1,2,2,1,2,0],0,1].
[[3,3,2,0,0,0,1,2,2],2,0].
[[2,8,1,1,1,2,1,1,1],5,0].
[[3,6,1,1,1,0,2,3,2],1,0].
[[3,7,0,1,1,2,1,2,2],0,6].
[[1,6,0,1,2,2,2,1,0],1,0].
[[2,6,0,1,1,2,1,1,0],1,0].
[[3,3,1,1,1,2,1,1,0],1,0].
[[2,6,1,0,0,0,2,3,1],10,0].
[[3,4,2,1,2,0,2,2,1],1,0].
[[1,5,0,1,2,2,1,2,0],3,0].
[[2,5,0,1,2,2,1,2,0],13,0].
[[1,8,1,1,1,2,1,1,0],0,2].
[[2,6,1,1,2,2,2,3,1],5,0].
[[2,6,1,0,0,0,2,2,0],4,0].
[[3,3,2,0,0,0,2,2,2],3,0].
[[3,6,1,1,1,2,0,0,0],4,1].
[[3,8,1,1,2,0,2,1,2],2,5].
[[3,8,1,1,1,0,2,3,1],0,5].
[[2,5,0,0,0,0,1,1,0],2,3].
[[3,5,0,0,0,0,1,1,0],4,2].
[[3,5,0,1,1,0,1,2,1],2,2].
[[1,8,0,1,1,2,1,1,2],1,3].
[[2,8,1,1,2,0,2,2,2],8,10].
[[3,3,1,1,2,2,2,2,1],2,1].
[[3,9,0,1,2,0,1,2,1],0,6].
[[1,8,1,1,2,0,1,1,2],2,1].
[[3,7,2,1,2,0,2,2,2],7,2].
[[2,7,2,1,1,2,2,3,0],1,0].
[[1,6,1,0,0,0,2,3,2],6,0].
[[2,6,1,1,2,0,2,3,2],1,0].
[[3,3,1,1,2,0,2,3,2],1,0].
[[2,6,1,1,2,0,2,3,1],1,1].
[[3,3,1,1,2,0,2,3,1],2,1].
[[1,6,0,1,2,2,2,2,0],0,1].
[[2,3,1,1,2,2,2,2,0],0,1].
[[3,3,1,1,2,2,2,2,0],6,1].
[[3,6,1,1,1,0,0,0,0],1,0].
[[2,5,0,1,1,2,2,1,0],3,0].
[[2,8,1,1,2,2,1,1,1],3,3].
[[3,7,1,1,2,2,1,1,1],2,1].
[[2,7,2,0,0,0,1,2,0],4,0].
[[2,7,2,1,2,2,1,2,1],8,0].
[[3,8,1,1,2,2,1,1,1],2,3].
[[2,7,0,0,0,0,1,1,2],0,1].
[[3,3,0,1,2,2,1,1,2],0,1].
[[2,5,0,1,2,2,2,3,0],12,1].
[[1,7,1,0,0,0,2,2,1],1,2].
[[2,7,1,1,2,0,2,2,1],1,1].
[[3,7,1,1,1,0,2,2,1],0,1].
[[2,8,1,1,1,0,2,3,0],2,4].
[[3,8,0,1,1,2,2,3,2],0,6].
[[2,6,1,1,1,2,2,3,0],4,0].
[[2,8,1,0,0,0,2,1,1],1,1].
[[3,3,2,0,0,0,2,3,1],3,0].
[[3,3,1,1,2,2,2,1,0],2,0].
[[1,1,2,1,2,0,1,1,1],1,0].
[[2,1,1,1,2,0,1,1,0],1,0].
[[3,1,1,1,2,0,1,1,0],1,0].
[[2,5,0,0,0,0,2,3,0],8,2].
[[3,8,0,0,0,0,2,1,2],0,4].
[[3,9,0,1,1,0,1,2,1],0,2].
[[3,6,0,1,2,0,2,3,0],0,1].
[[2,8,0,1,2,0,1,2,1],0,4].
[[2,7,1,0,0,0,2,1,0],2,3].
[[3,7,2,0,0,0,2,3,2],8,0].
[[2,6,0,1,2,2,2,3,0],1,3].
[[2,6,0,1,1,2,2,1,2],0,1].
[[3,3,2,0,0,0,1,1,2],2,0].
[[1,5,0,1,2,0,1,1,0],1,0].
[[3,7,0,1,1,2,1,1,2],0,2].
[[2,9,1,1,2,2,2,1,1],0,2].
[[3,8,0,1,2,2,2,1,1],0,2].
[[3,7,0,1,2,2,2,3,1],0,8].
[[1,8,0,1,1,2,2,1,0],4,5].
[[2,7,0,1,1,2,2,1,0],0,2].
[[1,9,2,1,1,2,2,1,1],0,1].
[[2,9,1,1,1,2,2,1,1],0,1].
[[3,3,2,1,2,2,2,2,2],2,0].
[[2,7,1,1,2,0,1,2,1],2,0].
[[3,8,1,1,1,2,2,1,2],1,3].
[[3,3,2,0,0,0,2,3,2],1,0].
[[3,6,1,0,0,0,2,3,2],6,0].
[[3,5,0,1,1,2,2,2,0],5,0].
[[3,3,2,0,0,0,2,1,2],3,0].
[[3,6,1,1,2,2,2,3,2],9,1].
[[1,5,0,1,2,2,1,1,0],3,1].
[[3,7,1,1,1,0,2,1,0],1,2].
[[2,8,1,1,1,0,2,2,2],0,3].
[[3,6,1,1,1,0,2,2,2],0,1].
[[3,6,0,1,1,2,2,3,2],0,2].
[[3,8,0,0,0,0,0,0,0],0,4].
[[3,7,1,1,1,2,1,1,0],8,1].
[[3,7,1,1,1,0,1,2,1],0,3].
[[3,8,0,1,2,2,2,2,2],0,4].
[[1,7,1,1,2,2,2,2,0],5,2].
[[1,5,0,1,2,2,1,1,1],6,2].
[[1,8,1,1,1,2,2,1,1],1,0].
[[3,7,1,1,2,0,1,2,0],9,0].
[[3,7,0,1,2,0,2,3,1],0,2].
[[1,7,2,1,2,2,2,3,0],1,0].
[[1,9,2,1,2,0,1,1,0],1,5].
[[2,3,2,0,0,0,2,3,2],1,0].
[[3,8,1,1,2,2,2,3,2],1,7].
[[3,7,1,1,1,2,1,1,1],3,0].
[[3,7,2,1,1,2,0,0,0],1,0].
[[2,6,1,1,2,2,2,3,2],6,0].
[[3,3,1,1,2,0,2,1,2],5,1].
[[2,6,1,0,0,0,2,1,0],5,0].
[[3,6,1,1,2,0,2,1,0],3,0].
[[3,6,1,1,1,2,1,1,2],2,0].
[[2,8,0,1,2,0,1,1,0],0,5].
[[2,7,1,1,2,2,2,1,0],6,3].
[[2,3,2,0,0,0,2,2,2],1,0].
[[3,3,2,1,2,2,1,1,2],3,0].
[[2,6,0,1,2,2,2,3,2],1,3].
[[3,8,0,0,0,0,2,3,2],0,1].
[[3,7,0,1,2,0,1,2,2],0,3].
[[3,7,0,1,2,0,2,1,0],0,3].
[[2,6,1,1,2,0,1,2,1],0,1].
[[3,7,2,0,0,0,2,2,2],4,0].
[[3,6,0,0,0,0,0,0,0],0,3].
[[3,6,1,0,0,0,2,1,0],2,0].
[[3,5,0,1,1,0,1,1,0],1,1].
[[3,7,2,1,1,2,2,3,2],6,0].
[[3,7,0,1,1,2,2,2,1],0,2].
[[2,6,1,0,0,0,1,2,1],3,0].
[[3,2,1,1,2,0,1,2,1],1,0].
[[2,8,0,1,1,2,2,2,1],1,4].
[[3,6,1,1,1,2,1,2,1],3,0].
[[3,7,0,0,0,0,0,0,0],0,3].
[[2,3,2,1,2,0,0,0,0],2,0].
[[3,8,0,1,1,0,0,0,0],0,3].
[[3,7,0,1,2,0,1,2,0],0,2].
[[1,7,1,1,2,2,2,3,0],3,4].
[[3,7,1,1,1,0,1,1,2],1,2].
[[3,2,1,1,2,2,0,0,0],3,0].
[[2,3,2,0,0,0,1,2,2],2,0].
[[1,7,1,1,2,2,2,2,1],2,0].
[[2,7,1,1,1,2,2,1,0],4,0].
[[3,7,1,0,0,0,1,1,1],0,2].
[[3,3,2,0,0,0,2,2,0],1,0].
[[1,6,0,0,0,0,2,3,1],1,0].
[[2,3,1,0,0,0,1,2,2],1,0].
[[1,7,2,1,2,2,2,1,0],1,0].
[[3,5,0,1,1,2,2,1,0],7,0].
[[3,8,1,1,2,0,2,2,1],0,3].
[[2,7,0,1,2,2,2,2,0],0,2].
[[3,6,0,0,0,0,2,3,0],0,2].
[[1,9,2,1,2,0,1,2,1],1,2].
[[2,3,2,1,2,2,1,1,2],2,0].
[[3,3,2,1,1,2,1,1,2],3,0].
[[2,7,2,1,1,2,2,3,2],2,0].
[[2,5,0,1,1,2,2,2,0],3,0].
[[2,6,0,1,2,2,2,1,0],0,1].
[[2,7,1,0,0,0,1,1,0],1,0].
[[2,7,0,1,1,2,1,1,2],1,0].
[[2,6,0,1,1,2,0,0,0],2,3].
[[2,7,2,1,2,0,2,2,2],4,1].
[[2,9,1,1,2,0,2,2,2],1,3].
[[1,7,1,0,0,0,1,2,1],2,0].
[[2,6,1,1,2,0,1,2,2],1,0].
[[3,6,0,1,1,2,0,0,0],0,5].
[[3,3,2,1,2,2,2,3,2],2,0].
[[2,2,1,0,0,0,0,0,0],3,0].
[[3,2,1,0,0,0,0,0,0],3,0].
[[1,7,2,1,2,0,2,3,0],1,0].
[[1,7,2,1,2,0,2,2,2],1,0].
[[1,3,2,0,0,0,2,3,2],1,0].
[[2,3,2,1,2,2,2,3,2],1,0].
[[3,8,0,1,1,2,1,1,1],0,1].
[[3,8,1,0,0,0,2,2,1],0,1].
[[1,6,1,1,2,2,2,3,2],1,1].
[[3,3,1,0,0,0,2,2,2],3,0].
[[2,7,0,0,0,0,2,1,2],0,2].
[[3,7,0,1,2,0,1,1,2],0,1].
[[3,8,1,1,1,2,1,1,1],4,1].
[[3,3,1,1,1,2,2,1,2],1,0].
[[3,3,1,1,1,2,2,3,2],1,3].
[[1,7,1,1,2,2,1,1,2],0,1].
[[3,6,0,0,0,0,2,2,0],0,1].
[[2,7,2,1,1,2,2,2,2],3,0].
[[3,6,1,0,0,0,2,1,2],2,0].
[[2,5,0,0,0,0,2,1,0],4,0].
[[2,7,0,1,1,2,2,2,2],0,1].
[[1,6,1,0,0,0,1,2,1],1,0].
[[3,6,1,0,0,0,1,2,1],2,0].
[[3,7,0,1,2,0,2,2,0],0,3].
[[3,6,1,0,0,0,1,1,0],2,0].
[[1,5,0,0,0,0,1,1,0],0,1].
[[1,5,0,0,0,0,2,1,0],3,0].
[[2,3,1,0,0,0,2,2,0],1,0].
[[3,6,0,1,1,2,2,2,0],0,5].
[[1,6,1,1,2,2,2,2,1],2,0].
[[2,6,1,1,2,2,2,2,1],2,0].
[[3,6,1,1,2,2,1,1,1],1,0].
[[2,1,2,1,2,0,1,1,1],2,0].
[[3,1,2,1,2,0,1,1,1],3,0].
[[3,7,1,1,2,2,2,1,1],0,2].
[[2,3,1,0,0,0,2,3,0],1,0].
[[1,8,0,1,2,2,1,1,0],1,2].
[[2,7,1,0,0,0,1,2,0],0,1].
[[2,6,1,1,2,2,1,2,0],3,1].
[[2,9,1,1,1,0,1,2,0],0,5].
[[1,7,1,0,0,0,2,2,0],1,2].
[[2,9,1,1,2,0,1,1,1],0,1].
[[3,8,0,1,1,0,1,1,1],0,1].
[[1,5,0,0,0,0,1,2,0],2,0].
[[3,6,1,1,2,0,2,1,2],5,0].
[[2,7,1,1,2,0,1,2,0],1,0].
[[1,7,2,1,2,2,2,3,2],4,0].
[[3,6,0,1,2,0,1,2,2],0,1].
[[3,3,1,1,1,2,1,1,2],1,0].
[[2,7,0,0,0,0,2,1,0],0,2].
[[3,7,0,1,2,0,1,1,0],0,1].
[[3,8,0,1,1,0,2,1,0],0,2].
[[3,3,2,1,2,0,2,3,2],1,0].
[[1,8,0,1,1,2,2,2,1],1,1].
[[3,1,2,1,2,0,1,2,1],2,0].
[[1,8,0,0,0,0,2,1,1],0,1].
[[2,6,0,0,0,0,2,1,1],0,1].
[[3,6,0,0,0,0,2,1,1],0,1].
[[1,7,2,0,0,0,2,1,0],2,0].
[[2,3,2,0,0,0,2,1,0],1,0].
[[3,3,2,1,2,0,2,1,0],1,0].
[[3,6,1,1,1,2,2,3,1],5,0].
[[3,7,2,1,2,0,1,1,0],2,0].
[[2,3,2,1,2,2,2,1,2],4,0].
[[3,3,2,1,2,2,2,1,0],2,0].
[[3,8,0,1,1,0,2,2,0],0,5].
[[3,3,1,1,2,2,1,1,0],1,0].
[[3,7,2,1,1,0,2,3,1],0,1].
[[3,3,1,1,2,2,1,2,0],1,0].
[[3,7,0,1,2,2,2,1,1],0,2].
[[1,4,2,1,2,0,2,3,1],3,0].
[[2,3,2,1,2,0,2,1,2],2,0].
[[3,3,2,1,1,0,2,1,2],1,1].
[[3,8,1,1,2,0,2,2,2],1,0].
[[3,7,2,1,1,0,2,2,0],2,0].
[[1,8,0,1,1,2,1,2,0],3,2].
[[3,7,0,0,0,0,2,2,1],0,1].
[[3,8,0,1,1,0,1,1,0],0,1].
[[2,7,0,1,2,2,2,3,2],0,3].
[[2,6,1,1,2,0,2,3,0],2,0].
[[3,6,1,1,1,0,1,2,1],1,0].
[[3,6,1,1,1,2,2,1,2],3,0].
[[2,9,1,1,1,0,1,1,2],0,2].
[[2,3,2,1,2,2,0,0,0],6,0].
[[2,8,1,1,2,2,2,1,1],0,4].
[[3,2,1,1,2,2,2,1,0],1,0].
[[3,3,1,1,2,0,2,3,0],1,0].
[[1,4,2,1,2,0,1,2,1],3,0].
[[2,1,2,1,2,0,1,2,1],1,0].
[[3,7,0,0,0,0,1,2,1],0,1].
[[3,5,0,0,0,0,2,2,0],4,0].
[[3,6,1,1,1,2,2,2,2],2,0].
[[3,7,0,1,1,2,2,3,2],0,2].
[[3,7,2,1,1,0,2,3,0],0,2].
[[2,4,2,1,2,0,2,2,1],1,0].
[[3,7,0,0,0,0,2,3,2],0,1].
[[2,7,1,0,0,0,2,2,1],0,2].
[[3,8,0,1,1,0,2,3,1],0,2].
[[3,3,2,1,2,0,1,2,2],1,0].
[[1,6,1,0,0,0,2,3,1],1,0].
[[2,3,2,0,0,0,2,3,1],1,0].
[[3,7,2,1,1,0,2,3,2],1,0].
[[1,8,1,1,2,0,2,1,1],2,1].
[[2,8,1,1,1,0,2,1,1],0,1].
[[3,7,1,1,1,0,2,1,1],0,1].
[[1,6,0,1,2,2,2,1,2],0,2].
[[2,6,0,1,2,2,2,1,2],1,4].
[[1,3,2,0,0,0,2,3,1],1,0].
[[1,6,1,0,0,0,2,1,1],1,0].
[[2,6,1,1,2,2,2,1,1],1,0].
[[2,9,1,0,0,0,2,2,1],0,1].
[[3,8,0,1,1,0,1,2,1],0,2].
[[3,8,0,0,0,0,2,2,2],0,1].
[[3,6,0,0,0,0,2,3,1],0,1].
[[3,6,0,1,2,2,2,3,1],0,2].
[[1,7,2,1,2,0,1,2,2],1,1].
[[3,6,0,0,0,0,1,1,2],0,1].
[[1,5,0,1,1,2,1,1,2],1,0].
[[3,8,0,1,2,0,2,2,2],0,4].
[[3,5,0,0,0,0,2,3,0],2,0].
[[1,9,2,1,2,2,1,1,1],0,1].
[[2,8,0,1,2,2,1,1,1],0,1].
[[3,8,0,1,2,2,1,1,1],0,1].
[[1,7,2,1,2,0,2,2,0],1,0].
[[2,7,2,1,2,2,1,1,0],1,0].
[[3,8,1,1,1,0,0,0,0],0,2].
[[1,5,0,0,0,0,1,2,1],2,0].
[[1,5,0,1,2,2,2,1,0],3,0].
[[3,3,2,1,1,2,2,1,2],2,0].
[[1,5,0,1,2,0,1,1,1],1,0].
[[3,3,1,1,2,0,1,2,2],1,0].
[[3,3,1,1,1,2,2,2,0],1,0].
[[2,7,2,1,1,2,2,1,2],2,0].
[[3,3,1,0,0,0,2,3,1],1,0].
[[1,7,2,1,2,2,2,2,0],3,0].
[[3,6,0,0,0,0,2,1,0],0,1].
[[1,7,1,0,0,0,2,1,0],1,0].
[[3,6,0,1,2,2,2,2,1],0,1].
[[2,7,2,0,0,0,1,2,1],0,1].
[[2,3,1,0,0,0,1,2,1],1,0].
[[3,3,1,1,2,0,1,2,1],1,0].
[[2,8,0,1,2,0,2,1,1],1,0].
[[2,8,0,1,2,2,2,1,1],0,1].
[[3,7,0,1,1,2,2,1,1],0,1].
[[3,8,1,0,0,0,0,0,0],0,1].
[[3,8,1,1,1,0,2,2,1],0,2].
[[2,2,1,0,0,0,2,3,0],1,0].
[[3,2,1,1,2,2,2,3,0],1,0].
[[3,5,0,1,2,0,2,2,0],1,0].
[[3,8,1,1,1,0,2,2,2],0,1].
[[2,7,2,1,1,2,1,2,0],1,0].
[[2,6,1,1,1,2,2,1,2],3,0].
[[3,8,1,1,2,0,2,1,1],0,1].
[[3,4,0,1,2,0,1,2,0],0,1].
[[2,7,1,1,1,2,2,2,1],1,0].
[[3,6,1,0,0,0,2,1,1],1,0].
[[3,2,1,1,2,0,2,2,2],1,0].
[[3,7,2,1,1,0,2,2,2],0,1].
[[1,7,1,0,0,0,2,1,1],1,0].
[[2,7,0,1,1,2,2,2,0],0,1].
[[1,8,0,0,0,0,2,2,1],0,1].
[[3,8,0,1,2,0,2,2,1],0,1].
[[3,8,1,1,1,2,0,0,0],0,1].
[[2,2,1,0,0,0,2,3,2],1,0].
[[3,2,1,0,0,0,2,3,2],1,0].
[[1,5,0,0,0,0,2,2,0],1,0].
[[3,6,1,1,1,0,1,1,2],0,1].
[[3,7,0,0,0,0,1,1,0],0,1].
[[3,3,2,1,2,0,2,1,2],3,0].
[[3,9,0,1,1,2,1,1,1],0,1].
[[3,6,1,1,2,0,2,2,0],2,1].
[[2,7,0,1,2,2,2,1,1],0,1].
[[2,5,0,1,2,0,1,1,0],1,0].
[[2,7,0,1,1,2,1,2,2],1,0].
[[3,2,1,0,0,0,2,3,1],1,0].
[[1,6,1,1,2,2,2,2,0],1,0].
[[3,6,0,1,1,2,1,1,2],0,1].
[[2,7,1,1,1,2,1,1,2],0,1].
[[3,6,1,1,1,0,2,2,0],0,1].
[[2,7,1,1,1,2,1,2,2],0,1].
[[3,3,1,1,1,2,2,3,1],1,0].
[[3,7,0,0,0,0,2,1,1],0,1].
[[2,8,1,1,1,0,1,1,0],0,1].
[[2,7,0,1,2,2,2,3,1],0,1].
[[2,9,1,1,1,0,1,2,2],0,1].
[[2,7,0,1,1,2,2,1,2],1,1].
[[3,7,1,1,2,0,1,1,1],0,1].
[[2,9,1,1,1,0,2,3,1],0,1].
[[3,6,1,1,2,2,2,1,1],1,0].
[[1,6,1,1,2,2,2,3,1],1,0].
[[2,8,1,1,1,0,1,2,1],0,1].
[[2,6,0,1,1,2,2,2,0],0,1].
[[2,6,1,1,1,2,2,2,1],1,0].
[[3,8,0,1,1,0,2,1,2],0,1].
[[1,5,0,1,1,2,1,2,1],1,0].
[[2,8,1,1,2,0,2,1,1],1,0].
[[3,6,1,1,2,0,2,1,1],1,0].
[[2,6,1,1,1,2,2,3,2],0,1].
[[1,6,1,0,0,0,2,2,1],1,0].
[[2,6,1,0,0,0,2,2,1],1,0].
[[3,6,1,1,2,0,2,2,1],1,0].
[[2,9,1,1,1,0,2,3,2],0,1].
[[2,3,1,1,2,2,2,3,1],1,0].
[[3,7,0,0,0,0,2,1,0],0,1].
[[3,7,0,1,2,0,2,2,1],0,1].
[[2,7,1,1,2,2,2,1,1],0,1].
[[3,2,0,1,2,2,2,3,0],0,1].
[[2,6,1,0,0,0,1,2,0],1,0].
[[3,6,0,0,0,0,1,2,2],0,1].
[[3,3,1,1,2,2,2,1,1],1,0].
[[2,3,1,0,0,0,2,1,2],1,0].
[[2,3,1,0,0,0,2,2,2],1,0].
[[2,6,1,1,1,2,1,2,0],1,0].
[[3,3,1,1,1,2,1,2,0],1,0].
[[3,6,1,1,1,2,2,1,1],1,0].
[[3,2,1,1,2,0,2,3,2],1,0].
[[1,7,2,1,2,0,1,1,2],0,1].
[[3,2,1,1,2,2,2,1,2],1,0].
