total_WL(6465,5519).
[[1,9,2,1,2,2,2,1,0],81,142].
[[2,9,2,1,2,2,2,1,0],17,117].
[[3,9,2,1,2,2,2,1,0],2,43].
[[1,9,2,0,0,0,2,3,0],86,145].
[[2,9,2,0,0,0,1,2,0],21,45].
[[3,9,2,0,0,0,1,2,0],3,23].
[[1,7,1,1,2,2,0,0,0],40,9].
[[2,7,1,1,2,2,2,1,2],30,5].
[[3,7,1,1,1,2,1,1,2],22,8].
[[1,9,2,1,2,2,1,2,2],160,179].
[[2,8,0,1,2,2,1,2,2],58,85].
[[3,7,0,1,2,2,1,2,2],2,14].
[[1,7,1,0,0,0,2,1,2],8,6].
[[2,7,1,0,0,0,2,1,2],20,7].
[[3,7,1,0,0,0,2,3,2],9,1].
[[1,9,2,1,1,2,2,2,2],27,24].
[[2,8,1,1,1,2,2,2,2],27,7].
[[3,8,1,1,1,2,1,2,2],86,31].
[[1,9,2,1,1,2,2,3,0],65,43].
[[2,8,1,1,1,2,2,3,0],10,2].
[[3,8,1,1,1,2,1,2,0],33,10].
[[1,9,2,1,1,2,1,2,2],80,32].
[[2,8,0,1,1,2,1,2,2],24,26].
[[3,4,2,1,2,0,1,2,2],143,11].
[[1,8,0,1,2,2,2,3,0],30,26].
[[2,8,0,1,2,2,2,2,0],37,79].
[[3,7,0,1,2,2,2,2,0],2,14].
[[1,9,2,1,2,2,2,2,2],78,139].
[[2,8,0,1,2,2,2,2,2],20,52].
[[3,7,1,1,2,2,2,2,2],61,25].
[[1,8,1,1,2,2,2,1,2],79,30].
[[2,8,1,1,2,2,2,1,2],56,24].
[[3,8,1,1,2,2,1,1,2],67,21].
[[1,9,2,0,0,0,1,2,2],127,166].
[[2,8,1,0,0,0,1,2,2],110,29].
[[3,8,1,0,0,0,1,1,2],17,8].
[[1,9,2,1,2,2,2,3,0],140,176].
[[2,8,0,1,2,2,2,3,0],41,80].
[[3,8,0,1,2,2,1,1,0],21,51].
[[1,8,1,1,2,2,2,2,1],73,28].
[[2,8,1,1,2,2,2,2,1],77,29].
[[3,8,1,1,1,2,2,3,1],64,38].
[[1,8,0,0,0,0,2,3,1],17,20].
[[2,8,0,0,0,0,2,3,1],24,30].
[[3,7,1,1,2,0,1,2,2],18,8].
[[1,8,0,0,0,0,0,0,0],67,137].
[[3,5,0,1,2,2,1,1,1],73,6].
[[1,8,1,1,2,2,2,3,0],32,4].
[[2,8,1,1,2,2,2,3,0],39,11].
[[3,7,1,1,2,2,2,3,0],19,10].
[[1,8,1,1,2,2,2,1,1],12,6].
[[2,8,1,1,1,2,1,2,1],32,10].
[[3,7,2,1,1,2,1,2,2],18,5].
[[1,9,2,0,0,0,0,0,0],74,193].
[[2,9,2,1,2,0,2,3,0],7,25].
[[3,9,2,1,2,0,2,3,0],1,12].
[[1,9,2,1,2,2,1,1,0],15,37].
[[2,9,2,1,2,2,1,1,0],21,61].
[[3,9,2,1,2,2,1,1,0],15,70].
[[1,8,1,0,0,0,1,1,2],38,14].
[[2,8,1,0,0,0,1,1,2],43,20].
[[3,8,1,1,2,0,1,1,2],27,12].
[[1,5,0,0,0,0,2,3,0],7,0].
[[2,5,0,1,2,2,2,1,0],29,0].
[[3,5,0,1,2,2,1,2,1],81,1].
[[1,9,2,0,0,0,2,2,0],97,156].
[[2,5,0,1,2,2,2,2,0],10,0].
[[1,8,0,1,2,2,1,1,0],2,1].
[[2,8,0,1,2,2,1,1,0],11,14].
[[3,8,0,1,2,2,1,2,0],39,82].
[[1,9,2,1,2,0,1,2,0],4,5].
[[2,9,2,1,2,0,1,2,0],6,28].
[[3,9,2,1,2,0,1,1,0],4,24].
[[1,9,2,1,2,2,1,1,2],84,70].
[[2,8,0,1,2,2,1,1,2],29,38].
[[3,8,0,1,2,2,1,1,2],17,73].
[[1,9,2,1,1,2,2,3,2],51,32].
[[2,8,0,1,1,2,2,3,2],26,31].
[[3,4,2,1,2,0,2,3,2],30,5].
[[1,9,2,1,2,2,0,0,0],97,229].
[[2,9,2,1,2,2,2,2,1],20,14].
[[3,9,2,1,2,2,2,3,1],9,47].
[[2,9,2,0,0,0,2,2,0],17,78].
[[3,8,0,0,0,0,2,2,0],4,29].
[[1,8,0,1,2,2,0,0,0],101,180].
[[2,8,0,1,2,2,0,0,0],18,105].
[[3,8,0,1,2,2,2,1,0],9,73].
[[1,8,0,1,2,2,2,1,0],13,13].
[[2,8,0,1,2,2,2,1,0],32,70].
[[1,9,2,1,2,2,2,3,2],87,153].
[[2,8,0,1,2,2,2,3,2],36,66].
[[3,8,0,1,2,2,2,2,2],7,30].
[[1,9,2,0,0,0,1,1,2],71,67].
[[1,5,0,1,2,2,1,1,2],28,2].
[[2,5,0,1,2,2,1,1,2],78,4].
[[3,5,0,1,2,2,1,2,2],22,2].
[[1,9,2,0,0,0,2,3,2],53,144].
[[2,9,2,0,0,0,2,3,2],6,32].
[[3,8,0,0,0,0,2,3,2],2,12].
[[1,9,2,1,2,2,2,2,0],119,161].
[[2,9,2,1,1,2,2,2,0],30,42].
[[3,8,0,1,1,2,2,2,0],7,52].
[[1,8,1,1,2,2,2,3,1],151,42].
[[2,8,1,1,2,2,2,3,1],201,75].
[[1,7,2,0,0,0,1,2,2],19,5].
[[2,7,2,0,0,0,1,2,2],28,5].
[[3,7,2,0,0,0,1,2,2],18,2].
[[2,9,2,1,1,2,1,2,2],69,75].
[[3,8,0,1,1,2,1,2,2],26,107].
[[2,9,2,1,2,2,1,2,0],52,98].
[[3,8,1,1,2,2,1,2,1],125,39].
[[2,9,2,1,2,2,2,2,0],36,140].
[[3,8,0,1,2,2,2,2,0],6,103].
[[2,6,1,1,2,2,2,3,1],7,0].
[[3,6,1,1,2,2,2,3,1],19,1].
[[3,5,0,1,2,2,1,1,2],124,8].
[[3,9,2,0,0,0,2,3,2],0,3].
[[3,8,0,1,1,2,1,1,0],6,33].
[[1,4,2,1,2,0,1,2,2],11,0].
[[2,4,2,1,2,0,1,2,2],60,3].
[[1,8,0,1,2,2,2,3,1],25,23].
[[2,5,0,1,1,2,1,2,1],13,0].
[[3,5,0,1,1,2,1,2,1],41,0].
[[1,8,1,1,1,2,2,2,0],6,0].
[[2,4,2,1,2,0,2,2,0],17,0].
[[3,4,2,1,2,0,2,2,0],44,1].
[[1,8,0,1,2,2,1,1,2],11,21].
[[3,7,1,1,2,2,1,1,2],24,20].
[[1,8,1,0,0,0,0,0,0],219,109].
[[2,8,1,1,2,0,2,3,2],27,14].
[[3,8,1,1,2,0,1,2,2],65,26].
[[1,5,0,0,0,0,1,1,2],28,5].
[[2,5,0,1,2,0,1,1,2],11,7].
[[3,5,0,1,1,0,1,1,2],7,9].
[[1,8,0,0,0,0,2,2,2],22,25].
[[2,7,1,1,2,2,2,2,2],41,14].
[[1,9,2,1,2,2,2,3,1],96,146].
[[2,9,2,1,2,2,1,2,1],28,67].
[[3,8,0,1,2,2,2,3,0],10,86].
[[1,7,1,0,0,0,1,2,1],2,0].
[[2,7,1,0,0,0,1,2,1],13,2].
[[3,7,1,1,2,2,1,2,1],64,12].
[[1,9,2,1,1,2,2,1,0],37,26].
[[2,8,0,1,1,2,2,1,0],11,25].
[[3,4,2,1,2,0,2,3,1],74,5].
[[2,9,2,0,0,0,1,2,2],49,124].
[[3,8,0,0,0,0,1,2,2],11,36].
[[1,9,2,1,2,2,2,1,2],65,109].
[[2,9,2,1,2,2,2,1,2],17,54].
[[1,9,2,1,2,2,1,2,0],41,51].
[[3,8,1,1,2,2,1,2,0],60,16].
[[2,3,1,1,2,2,0,0,0],10,0].
[[3,3,1,1,2,2,0,0,0],17,3].
[[1,7,1,1,2,2,1,1,2],0,1].
[[2,7,1,1,2,2,1,1,2],6,5].
[[2,9,2,1,2,0,0,0,0],3,11].
[[3,5,0,1,1,0,2,1,0],2,0].
[[2,9,2,1,2,2,1,1,2],43,80].
[[3,9,2,1,1,2,1,2,2],15,104].
[[3,9,2,1,1,2,1,1,0],6,52].
[[2,8,0,0,0,0,0,0,0],16,41].
[[3,7,0,1,2,2,0,0,0],1,14].
[[1,9,2,0,0,0,2,3,1],72,153].
[[2,9,2,1,2,0,1,2,1],5,14].
[[3,8,1,1,2,0,1,2,1],50,18].
[[1,9,2,1,1,2,0,0,0],48,42].
[[2,9,2,1,1,2,2,3,0],35,52].
[[3,4,2,1,2,0,1,2,0],80,4].
[[1,9,2,1,1,2,1,1,2],50,16].
[[2,9,2,1,1,2,1,1,2],29,31].
[[3,4,2,1,2,0,1,1,2],74,1].
[[2,8,0,1,1,2,1,1,0],7,8].
[[3,4,2,1,2,0,1,1,0],50,2].
[[3,8,0,1,1,2,2,1,0],3,48].
[[1,8,1,1,2,2,1,2,1],44,10].
[[3,4,2,1,2,0,1,2,1],63,2].
[[1,6,1,0,0,0,2,1,1],2,2].
[[2,6,1,1,2,0,1,2,1],1,1].
[[3,6,1,1,2,0,1,2,1],8,1].
[[2,9,2,1,1,2,2,1,0],22,37].
[[3,7,1,1,2,2,2,3,1],104,41].
[[2,8,1,1,2,0,1,2,2],38,25].
[[3,8,1,1,2,2,1,2,2],175,81].
[[1,8,1,1,2,0,0,0,0],14,22].
[[2,8,1,1,2,0,2,3,1],57,17].
[[1,8,1,1,2,0,1,1,1],2,1].
[[2,8,1,1,2,0,1,1,1],3,2].
[[3,8,1,1,1,0,1,1,1],0,1].
[[1,9,2,1,1,2,2,3,1],59,26].
[[2,9,2,1,1,2,2,3,1],50,42].
[[3,8,0,1,1,2,2,3,1],19,55].
[[3,9,2,1,2,2,2,2,0],2,60].
[[2,9,2,1,2,2,2,3,2],24,58].
[[3,9,2,1,2,2,2,3,2],1,11].
[[1,9,2,0,0,0,2,1,2],41,90].
[[2,9,2,0,0,0,2,1,2],3,18].
[[3,8,0,1,2,0,2,1,2],2,6].
[[1,8,1,0,0,0,2,1,1],20,9].
[[2,8,1,1,2,0,2,1,1],3,5].
[[3,8,1,1,2,2,2,1,1],6,4].
[[1,9,2,0,0,0,1,1,0],18,35].
[[2,9,2,0,0,0,1,1,0],14,32].
[[3,9,2,0,0,0,1,1,0],0,21].
[[1,7,2,0,0,0,0,0,0],35,5].
[[2,7,2,0,0,0,0,0,0],14,3].
[[3,7,2,0,0,0,2,3,1],6,1].
[[1,9,2,0,0,0,2,2,2],59,115].
[[2,9,2,1,2,0,2,3,2],4,13].
[[3,9,2,1,2,0,1,2,2],8,49].
[[1,8,1,1,2,2,1,2,2],73,25].
[[2,8,1,1,2,2,1,2,2],159,52].
[[3,7,1,1,2,2,1,2,2],85,24].
[[1,4,2,1,2,0,2,3,2],9,2].
[[2,9,2,1,2,2,1,2,2],115,225].
[[3,9,2,1,2,2,1,2,2],28,168].
[[1,9,2,1,2,2,2,1,1],6,5].
[[2,9,2,1,1,2,2,1,1],4,1].
[[3,5,0,1,1,2,1,1,1],32,2].
[[1,8,1,0,0,0,2,2,2],120,58].
[[2,8,1,0,0,0,2,2,2],73,22].
[[2,9,2,1,2,2,2,2,2],15,70].
[[1,5,0,1,1,2,1,2,1],4,0].
[[1,8,1,0,0,0,2,3,1],192,65].
[[2,7,2,1,2,0,1,2,2],12,5].
[[3,7,2,1,2,0,1,2,2],28,7].
[[2,8,1,1,1,2,2,3,1],61,17].
[[3,7,2,1,1,2,2,3,1],7,1].
[[1,8,0,0,0,0,2,3,2],21,51].
[[2,8,0,1,2,0,2,3,2],1,20].
[[3,8,0,1,1,0,2,3,2],0,3].
[[2,8,0,0,0,0,1,1,2],13,11].
[[3,8,0,0,0,0,1,2,1],4,9].
[[2,5,0,1,1,2,2,3,0],5,0].
[[3,5,0,1,1,2,2,3,0],19,0].
[[1,8,1,0,0,0,1,2,2],90,31].
[[3,8,1,1,2,2,2,1,2],28,10].
[[2,8,1,1,2,2,2,2,2],89,26].
[[1,8,1,1,2,2,1,1,2],17,5].
[[2,8,1,1,2,2,1,1,2],61,24].
[[1,8,1,1,2,0,2,3,1],22,16].
[[2,8,1,1,1,0,2,3,1],5,6].
[[3,7,2,1,1,0,1,2,2],4,6].
[[3,8,0,1,2,2,2,1,2],3,26].
[[2,8,0,0,0,0,1,2,2],18,36].
[[3,8,0,1,2,0,1,2,2],11,40].
[[1,8,1,1,2,0,2,2,1],9,6].
[[2,9,2,1,1,2,1,2,0],34,44].
[[3,5,0,1,1,2,1,1,0],30,1].
[[1,8,1,0,0,0,2,1,2],138,42].
[[2,8,1,0,0,0,2,1,2],48,19].
[[2,9,2,0,0,0,2,3,0],19,38].
[[3,9,2,1,2,2,2,3,0],0,48].
[[1,9,2,1,1,2,2,2,0],57,32].
[[3,7,1,1,1,2,1,2,1],29,7].
[[2,4,2,1,2,0,2,3,2],21,3].
[[2,7,1,0,0,0,2,3,1],31,14].
[[3,7,1,1,2,0,2,3,1],30,15].
[[1,9,2,0,0,0,1,2,1],21,27].
[[3,9,2,1,1,2,1,2,1],27,53].
[[2,8,1,1,2,2,1,1,1],13,9].
[[3,7,1,1,1,2,1,1,1],4,3].
[[2,9,2,1,2,2,2,3,0],45,130].
[[1,8,1,1,2,2,0,0,0],160,63].
[[2,8,1,1,2,2,2,2,0],35,17].
[[1,8,1,1,2,0,2,3,2],12,10].
[[2,8,1,1,1,0,2,3,2],2,3].
[[3,7,1,1,1,0,2,3,2],4,2].
[[2,7,1,1,2,2,2,3,1],51,8].
[[1,7,1,1,2,2,2,3,2],8,1].
[[2,7,1,1,2,2,2,3,2],35,9].
[[2,4,2,1,2,0,2,1,0],21,0].
[[3,4,2,1,2,0,2,1,0],45,0].
[[1,9,2,1,2,2,1,2,1],22,20].
[[2,8,0,1,2,2,1,2,1],7,10].
[[3,8,0,1,1,2,1,2,1],13,18].
[[2,8,1,1,1,2,2,1,2],23,11].
[[3,7,1,1,2,2,2,1,0],21,7].
[[1,9,2,1,1,2,1,1,0],12,8].
[[2,4,2,1,2,0,1,1,0],21,1].
[[3,8,0,1,1,2,1,1,2],16,37].
[[2,8,0,1,2,2,2,3,1],39,75].
[[3,8,0,1,2,2,1,2,1],18,43].
[[3,8,0,1,2,2,1,2,2],38,149].
[[1,8,1,0,0,0,2,3,2],142,45].
[[3,8,1,1,1,0,2,3,1],15,14].
[[3,9,2,1,2,2,1,2,1],26,74].
[[1,8,1,1,1,2,2,3,1],28,4].
[[2,4,2,1,2,0,2,3,1],33,3].
[[3,8,1,1,2,2,2,2,2],36,10].
[[2,9,2,1,1,2,2,3,2],16,27].
[[3,5,0,1,2,2,1,2,0],11,1].
[[3,7,0,0,0,0,1,2,2],3,2].
[[2,8,0,0,0,0,1,1,0],4,4].
[[3,8,0,0,0,0,1,1,0],1,9].
[[1,9,2,0,0,0,2,1,0],62,108].
[[2,8,1,0,0,0,1,2,1],64,13].
[[3,8,1,0,0,0,1,2,1],32,8].
[[1,8,1,1,1,2,2,2,2],18,4].
[[2,9,2,1,1,2,1,2,1],25,15].
[[1,6,1,1,2,2,0,0,0],22,0].
[[2,6,1,1,2,2,0,0,0],20,0].
[[3,6,1,1,2,2,2,3,0],5,0].
[[1,7,1,0,0,0,2,2,2],8,3].
[[2,7,1,0,0,0,2,2,2],20,6].
[[2,8,0,1,1,2,1,1,2],20,13].
[[2,9,2,1,1,2,2,2,2],16,15].
[[3,4,2,1,2,0,2,2,2],26,2].
[[3,8,1,1,2,0,2,1,2],14,3].
[[2,8,0,0,0,0,2,3,0],21,44].
[[3,7,1,0,0,0,2,3,0],2,4].
[[1,8,1,0,0,0,2,2,0],46,12].
[[2,8,1,1,2,2,1,1,0],12,7].
[[3,8,1,1,1,2,1,1,0],15,13].
[[2,6,1,1,1,2,2,2,0],3,0].
[[2,9,2,1,2,0,1,1,2],8,17].
[[3,9,2,1,1,0,1,1,2],0,7].
[[2,8,0,1,1,2,2,3,1],14,28].
[[3,9,2,1,2,2,1,1,2],12,60].
[[3,8,0,1,2,2,0,0,0],0,40].
[[1,8,1,1,2,2,2,3,2],104,35].
[[2,6,1,1,2,2,2,3,2],11,0].
[[3,6,1,1,2,2,2,3,2],9,1].
[[3,7,2,1,2,2,2,1,2],17,2].
[[2,4,2,1,2,0,2,2,2],17,4].
[[2,9,2,1,2,2,2,3,1],52,129].
[[3,7,2,1,1,0,2,3,2],2,4].
[[3,8,1,0,0,0,1,2,2],50,13].
[[1,8,0,1,2,2,1,2,0],3,5].
[[3,7,0,1,2,2,1,1,0],2,2].
[[3,9,2,1,1,2,2,3,1],12,25].
[[3,9,2,1,1,2,1,2,0],13,87].
[[2,4,2,1,2,0,1,1,2],35,0].
[[2,4,2,1,2,0,0,0,0],18,2].
[[3,4,2,1,2,0,0,0,0],15,2].
[[2,9,2,0,0,0,1,1,2],21,33].
[[3,8,0,0,0,0,1,1,2],2,14].
[[3,8,0,1,2,2,2,3,2],11,41].
[[1,8,1,1,1,2,0,0,0],27,12].
[[2,8,1,1,1,2,2,2,1],20,11].
[[3,8,1,1,1,2,2,2,1],10,16].
[[1,9,2,0,0,0,1,2,0],42,43].
[[3,8,1,1,2,0,1,2,0],20,2].
[[3,7,0,1,1,2,1,2,2],3,9].
[[1,8,0,1,1,2,0,0,0],34,36].
[[3,7,0,1,1,2,2,3,1],4,8].
[[2,9,2,1,1,2,1,1,0],16,22].
[[3,8,0,1,1,2,2,3,2],7,30].
[[2,5,0,1,1,2,1,1,2],27,1].
[[3,5,0,1,1,2,1,1,2],77,1].
[[3,8,1,1,2,2,2,3,1],125,79].
[[1,8,1,0,0,0,1,2,1],48,18].
[[2,8,1,1,2,2,1,2,1],86,38].
[[3,8,1,1,2,2,1,1,1],20,13].
[[3,8,0,1,2,2,2,3,1],39,103].
[[1,8,0,1,2,2,1,2,2],18,19].
[[3,7,1,1,1,2,1,2,2],34,11].
[[1,8,0,0,0,0,2,2,0],7,25].
[[2,8,0,1,2,0,2,2,0],3,10].
[[3,7,1,1,2,0,1,2,1],16,9].
[[3,5,0,1,2,0,1,2,0],10,0].
[[3,8,0,1,1,2,1,2,0],15,53].
[[1,8,1,1,2,0,2,2,2],12,9].
[[2,8,1,1,2,0,2,2,2],22,13].
[[3,8,1,1,2,0,2,2,2],11,9].
[[2,9,2,0,0,0,2,3,1],26,61].
[[3,8,1,1,1,2,1,2,1],62,26].
[[1,9,2,1,2,0,2,3,2],6,18].
[[2,9,2,1,2,0,2,2,2],5,11].
[[1,7,2,1,2,0,0,0,0],5,3].
[[2,7,2,1,2,0,0,0,0],11,1].
[[3,7,2,1,2,0,2,3,2],13,0].
[[2,7,2,0,0,0,2,3,2],28,3].
[[1,8,0,0,0,0,1,1,0],1,3].
[[1,6,1,0,0,0,0,0,0],42,2].
[[3,6,1,1,1,2,2,3,2],6,0].
[[3,9,2,0,0,0,1,2,2],5,45].
[[2,8,1,0,0,0,2,3,1],105,47].
[[1,8,1,1,1,2,2,3,2],11,1].
[[3,4,2,1,2,0,1,1,1],19,0].
[[3,9,2,1,1,2,2,2,0],1,40].
[[2,3,1,0,0,0,2,2,2],1,0].
[[3,3,1,0,0,0,2,2,2],3,0].
[[1,9,2,1,2,0,2,2,2],4,15].
[[3,8,0,1,1,0,1,2,0],0,5].
[[1,7,2,0,0,0,2,1,2],18,3].
[[2,7,2,0,0,0,1,1,2],11,4].
[[3,7,2,0,0,0,1,1,2],13,6].
[[1,8,0,1,1,2,1,2,2],9,4].
[[1,5,0,0,0,0,1,1,1],10,1].
[[2,5,0,0,0,0,1,1,1],19,3].
[[3,5,0,0,0,0,1,1,1],14,1].
[[2,7,1,0,0,0,0,0,0],26,10].
[[3,7,1,1,2,2,2,3,2],64,22].
[[2,7,1,1,2,2,0,0,0],49,22].
[[3,5,0,1,2,2,2,3,0],33,1].
[[3,7,1,0,0,0,1,2,1],17,2].
[[3,7,2,1,2,2,2,3,1],16,1].
[[1,6,1,1,2,2,2,3,1],6,0].
[[3,3,1,1,2,2,2,3,1],14,0].
[[3,9,2,1,2,0,1,2,1],8,20].
[[1,8,0,1,2,2,2,2,2],37,45].
[[3,3,1,0,0,0,2,1,2],2,0].
[[1,8,1,1,2,2,2,2,2],106,32].
[[2,4,2,1,2,0,1,1,1],3,0].
[[2,8,0,1,2,0,2,2,2],2,10].
[[3,7,0,1,2,0,2,2,2],0,5].
[[3,9,2,1,1,2,2,3,0],0,21].
[[1,8,0,1,2,2,2,1,2],38,41].
[[3,7,1,1,2,2,2,1,2],33,10].
[[3,8,1,1,2,2,2,2,1],36,22].
[[3,7,0,1,2,2,2,3,2],6,11].
[[3,7,2,1,2,0,2,2,2],15,2].
[[2,7,2,1,2,2,1,1,2],7,9].
[[3,7,2,1,2,2,1,1,2],28,14].
[[3,8,0,1,2,0,1,2,0],8,18].
[[1,8,0,1,1,2,2,3,2],18,12].
[[2,7,1,1,1,2,2,3,2],8,0].
[[3,7,1,1,1,2,2,3,2],24,6].
[[3,9,2,1,2,0,2,3,1],0,22].
[[1,4,2,1,2,0,0,0,0],10,2].
[[2,4,2,1,2,0,2,2,1],15,0].
[[3,4,2,1,2,0,2,2,1],24,0].
[[3,8,1,1,1,0,1,2,1],10,13].
[[3,6,1,1,1,2,2,3,1],9,0].
[[2,7,0,0,0,0,0,0,0],1,3].
[[3,7,0,1,2,2,2,3,0],2,9].
[[1,8,0,1,2,2,2,2,0],22,25].
[[3,5,0,1,2,2,2,2,0],15,0].
[[2,7,2,1,2,0,1,1,2],3,3].
[[3,7,2,1,2,0,1,1,2],9,4].
[[1,4,2,1,2,0,2,3,1],12,0].
[[1,8,1,0,0,0,2,2,1],88,27].
[[2,8,1,0,0,0,1,1,1],8,4].
[[3,5,0,1,2,0,1,1,1],25,2].
[[1,8,0,0,0,0,2,1,0],7,16].
[[2,8,0,0,0,0,2,1,0],9,25].
[[3,8,0,0,0,0,2,1,0],1,11].
[[1,6,1,0,0,0,2,2,2],13,1].
[[2,6,1,0,0,0,2,2,2],12,1].
[[3,9,2,1,2,0,2,2,1],1,4].
[[2,8,0,0,0,0,2,2,0],11,46].
[[3,8,0,1,2,0,2,2,0],4,19].
[[2,3,2,1,2,2,0,0,0],5,0].
[[3,3,2,1,2,2,2,1,2],5,0].
[[2,5,0,0,0,0,1,2,0],4,0].
[[2,9,2,0,0,0,2,1,0],9,34].
[[3,9,2,0,0,0,2,1,0],2,10].
[[1,9,2,1,2,0,2,1,0],7,13].
[[2,9,2,1,2,0,1,1,0],7,14].
[[3,8,1,1,1,0,1,1,0],3,7].
[[2,7,1,1,1,2,2,3,1],14,3].
[[2,5,0,1,2,2,1,2,1],27,2].
[[2,9,2,1,2,0,1,2,2],17,36].
[[3,9,2,1,1,0,1,2,2],2,15].
[[3,9,2,1,2,0,2,1,0],2,11].
[[2,9,2,1,1,2,2,2,1],6,9].
[[3,7,2,1,2,2,1,2,2],58,10].
[[2,9,2,0,0,0,0,0,0],5,31].
[[2,8,1,1,2,2,2,3,2],100,46].
[[3,7,2,1,2,2,2,3,2],33,4].
[[2,8,0,1,2,0,2,3,1],5,11].
[[2,8,0,1,2,2,2,1,1],3,3].
[[3,5,0,0,0,0,2,1,0],11,1].
[[2,6,1,0,0,0,2,3,1],13,0].
[[3,6,1,1,2,0,1,2,0],3,0].
[[1,8,0,1,1,2,2,2,2],11,6].
[[2,8,0,1,1,2,2,2,2],15,28].
[[3,1,2,1,2,0,1,1,2],4,0].
[[2,6,1,1,2,2,2,1,2],6,0].
[[3,6,1,1,2,2,1,2,2],21,2].
[[1,8,0,1,1,2,2,1,2],11,12].
[[2,8,0,1,2,2,1,2,0],16,28].
[[2,9,2,0,0,0,2,2,2],2,27].
[[3,8,1,0,0,0,2,2,2],12,7].
[[2,8,1,1,2,0,2,1,0],4,6].
[[3,7,1,0,0,0,1,2,2],30,13].
[[3,6,0,1,2,2,0,0,0],0,9].
[[3,9,2,0,0,0,2,3,1],2,14].
[[1,6,1,0,0,0,2,1,2],9,0].
[[2,6,1,0,0,0,2,1,2],10,0].
[[1,8,0,0,0,0,2,1,2],28,35].
[[2,8,0,1,2,0,2,1,2],4,3].
[[3,8,0,1,1,0,1,1,2],1,5].
[[3,6,0,1,1,2,2,1,0],0,8].
[[3,8,0,1,1,2,2,3,0],6,44].
[[2,8,1,1,2,0,1,1,2],15,12].
[[3,7,1,1,2,0,1,1,2],10,3].
[[2,8,1,1,1,0,0,0,0],0,3].
[[3,7,1,1,1,0,0,0,0],0,2].
[[3,9,2,0,0,0,1,2,1],4,12].
[[1,4,2,1,2,0,2,3,0],8,1].
[[2,4,2,1,2,0,2,3,0],31,2].
[[3,4,2,1,2,0,2,3,0],42,2].
[[2,8,0,1,1,2,2,2,0],20,27].
[[2,1,2,1,2,0,1,1,2],2,0].
[[3,5,0,1,2,0,2,1,0],14,0].
[[2,8,1,1,2,0,1,2,1],28,16].
[[2,8,1,1,2,0,2,1,2],22,6].
[[3,8,1,1,1,0,1,1,2],6,6].
[[2,5,0,1,2,2,1,1,0],15,1].
[[3,9,2,0,0,0,2,3,0],0,11].
[[2,6,0,1,2,2,2,2,0],2,1].
[[3,2,0,1,2,2,2,2,0],1,0].
[[3,7,1,1,1,2,2,2,2],18,6].
[[3,7,1,1,1,2,2,3,1],50,15].
[[2,8,1,0,0,0,2,2,1],44,17].
[[3,8,1,1,2,0,2,2,1],11,9].
[[2,7,1,1,2,2,1,2,2],22,7].
[[2,7,2,0,0,0,2,1,2],22,2].
[[3,7,2,0,0,0,2,1,2],11,0].
[[3,7,1,1,1,0,2,3,1],0,3].
[[2,8,0,0,0,0,2,3,2],11,36].
[[1,8,0,1,1,2,2,2,0],8,4].
[[3,3,2,0,0,0,1,2,2],3,0].
[[3,3,1,1,2,2,2,1,2],11,1].
[[1,7,1,1,2,2,2,3,1],10,5].
[[2,7,1,1,2,2,1,2,1],17,3].
[[3,8,1,1,1,2,2,2,0],4,12].
[[2,8,1,1,2,2,2,1,1],15,5].
[[1,8,1,1,1,2,1,1,2],14,1].
[[2,5,0,1,1,2,1,1,1],8,1].
[[2,7,0,1,2,2,2,3,0],1,3].
[[3,7,0,1,2,2,1,2,0],4,3].
[[2,8,1,0,0,0,0,0,0],9,11].
[[3,7,2,0,0,0,2,3,2],11,3].
[[3,7,0,1,2,0,1,2,2],1,2].
[[2,8,0,1,2,2,2,1,2],21,50].
[[3,7,0,1,1,2,2,1,2],1,6].
[[2,7,1,0,0,0,2,3,2],20,2].
[[2,9,2,1,1,2,2,1,2],10,16].
[[1,4,2,1,2,0,1,1,2],3,0].
[[2,6,1,0,0,0,2,2,1],16,0].
[[3,6,1,1,2,0,2,2,1],5,1].
[[2,7,2,0,0,0,2,3,1],5,1].
[[3,7,2,0,0,0,1,2,1],3,1].
[[2,8,0,1,1,2,2,1,2],14,17].
[[3,6,0,1,1,2,2,1,2],1,1].
[[2,7,1,0,0,0,2,1,1],4,0].
[[3,9,2,1,2,0,1,1,1],0,1].
[[3,7,1,1,1,2,2,3,0],11,7].
[[2,6,1,0,0,0,2,2,0],3,0].
[[3,6,1,0,0,0,1,2,0],1,0].
[[3,8,1,0,0,0,1,2,0],23,5].
[[2,8,1,1,1,2,1,2,0],15,1].
[[3,7,1,1,1,2,1,2,0],6,0].
[[3,7,1,1,1,2,1,1,0],5,1].
[[1,8,0,1,2,2,2,2,1],6,8].
[[3,8,1,1,2,2,2,3,2],43,14].
[[1,8,1,1,1,2,2,3,0],10,0].
[[2,8,1,0,0,0,1,1,0],8,7].
[[3,8,1,0,0,0,1,1,0],8,8].
[[2,8,1,1,2,0,2,2,1],24,13].
[[3,5,0,1,1,0,1,1,1],3,5].
[[2,8,1,1,1,2,2,2,0],22,7].
[[3,7,0,0,0,0,0,0,0],0,4].
[[1,8,0,0,0,0,2,3,0],21,22].
[[3,7,1,0,0,0,2,1,2],8,6].
[[3,8,1,1,2,2,2,3,0],4,2].
[[3,7,0,1,2,2,2,3,1],3,10].
[[3,9,2,1,2,2,1,2,0],28,119].
[[1,5,0,0,0,0,2,1,0],10,0].
[[3,7,1,1,2,2,2,2,0],22,9].
[[2,7,0,1,1,2,2,3,2],3,2].
[[1,9,2,0,0,0,2,2,1],18,21].
[[1,7,1,1,2,2,1,2,2],1,0].
[[2,9,2,1,2,2,0,0,0],12,42].
[[3,9,2,1,2,2,0,0,0],0,7].
[[3,9,2,1,1,2,1,1,2],4,38].
[[2,9,2,0,0,0,1,2,1],16,28].
[[2,7,2,1,2,0,2,2,2],10,4].
[[3,7,2,1,1,2,1,2,1],6,0].
[[2,7,2,1,2,2,2,2,2],19,5].
[[3,7,2,1,2,2,2,2,2],29,3].
[[2,8,1,0,0,0,1,2,0],22,8].
[[3,7,1,1,2,2,1,2,0],25,0].
[[1,9,2,1,2,0,0,0,0],8,19].
[[2,9,2,1,2,0,2,3,1],6,33].
[[2,9,2,1,1,2,0,0,0],14,13].
[[2,8,0,1,2,0,1,2,1],1,3].
[[3,8,0,1,1,0,1,2,1],1,4].
[[3,7,1,0,0,0,1,1,2],11,1].
[[2,9,2,0,0,0,2,2,1],7,12].
[[3,9,2,1,2,0,1,2,0],4,27].
[[3,8,0,0,0,0,2,3,0],3,17].
[[2,9,2,1,2,0,2,2,1],4,4].
[[3,7,1,1,2,2,2,2,1],49,11].
[[3,6,0,1,2,2,1,1,2],1,6].
[[2,8,1,1,1,2,1,1,2],21,5].
[[2,7,1,1,1,2,0,0,0],11,9].
[[3,7,1,1,1,2,0,0,0],5,4].
[[3,9,2,1,2,0,2,2,0],2,17].
[[2,7,2,0,0,0,2,2,2],17,3].
[[1,8,1,1,2,2,2,1,0],21,4].
[[2,8,1,1,1,2,1,1,0],4,5].
[[2,5,0,1,2,2,2,3,0],24,1].
[[3,8,1,1,1,2,1,1,2],30,12].
[[3,3,1,1,1,2,2,1,2],2,1].
[[3,6,1,1,2,2,1,2,1],12,0].
[[3,9,2,0,0,0,1,1,2],3,17].
[[1,8,1,1,2,2,1,1,1],3,4].
[[2,7,1,1,2,2,1,1,1],4,2].
[[3,7,1,1,2,2,1,1,1],13,5].
[[3,6,1,1,2,2,2,2,0],3,0].
[[2,8,0,0,0,0,1,2,1],3,3].
[[3,8,1,1,2,0,1,1,0],7,12].
[[3,8,1,1,2,2,1,1,0],27,19].
[[3,8,1,1,2,0,2,1,0],3,2].
[[3,5,0,1,2,2,1,1,0],39,4].
[[1,5,0,1,2,2,2,1,0],10,0].
[[2,7,2,1,2,0,2,1,2],10,2].
[[3,7,2,1,1,0,2,3,1],3,1].
[[2,5,0,0,0,0,1,1,2],41,0].
[[3,5,0,1,2,0,1,1,2],34,6].
[[2,8,1,1,2,0,1,2,0],9,1].
[[2,8,1,1,1,2,1,2,2],45,8].
[[1,8,1,0,0,0,1,2,0],9,4].
[[2,8,1,1,2,2,1,2,0],26,5].
[[1,7,2,0,0,0,2,3,2],26,1].
[[2,3,2,0,0,0,2,3,2],3,0].
[[3,3,2,0,0,0,2,3,2],7,0].
[[1,6,1,0,0,0,2,3,0],2,0].
[[2,6,1,1,2,2,2,3,0],3,0].
[[3,8,1,1,1,0,1,2,2],13,15].
[[1,8,1,0,0,0,1,1,1],4,10].
[[1,7,1,1,2,2,2,2,1],5,3].
[[2,7,1,1,2,2,2,2,1],25,7].
[[2,5,0,0,0,0,2,3,0],12,0].
[[3,5,0,0,0,0,2,2,0],2,0].
[[1,9,2,1,2,2,2,2,1],37,20].
[[2,9,2,1,2,2,1,1,1],4,2].
[[3,9,2,1,2,2,1,1,1],4,4].
[[2,8,0,1,1,2,0,0,0],26,30].
[[3,8,0,1,1,2,0,0,0],0,19].
[[2,8,0,0,0,0,1,2,0],18,11].
[[3,7,1,1,2,0,1,2,0],4,1].
[[2,6,1,0,0,0,2,3,2],17,2].
[[1,9,2,1,2,0,1,1,0],1,5].
[[2,8,0,1,2,0,2,3,0],3,9].
[[3,8,0,1,2,0,2,3,0],1,18].
[[2,7,1,0,0,0,1,2,2],15,5].
[[3,5,0,1,2,2,2,1,0],28,1].
[[2,7,1,1,2,0,2,1,2],5,1].
[[2,7,1,0,0,0,2,2,1],13,2].
[[1,9,2,1,1,2,2,2,1],7,6].
[[1,5,0,1,2,2,2,3,0],11,1].
[[3,8,1,1,1,2,2,2,2],18,4].
[[3,8,1,1,2,0,2,1,1],2,4].
[[1,8,0,1,1,2,2,2,1],4,3].
[[2,7,0,1,1,2,2,2,1],0,1].
[[3,7,0,1,1,2,2,2,1],0,2].
[[2,5,0,0,0,0,2,2,0],1,1].
[[3,5,0,1,2,0,2,2,0],4,1].
[[2,6,1,1,2,2,2,2,2],12,0].
[[3,8,0,1,2,0,2,3,2],2,14].
[[2,5,0,0,0,0,2,1,0],15,0].
[[1,9,2,1,1,2,2,1,2],25,20].
[[2,5,0,1,2,2,1,1,1],30,3].
[[1,8,1,1,2,0,2,1,2],16,2].
[[3,6,1,1,1,2,0,0,0],1,0].
[[3,7,1,1,2,0,2,2,1],10,8].
[[1,7,1,1,2,2,2,2,2],13,1].
[[2,5,0,0,0,0,1,1,0],9,2].
[[1,6,1,0,0,0,2,2,1],10,0].
[[3,6,1,0,0,0,1,1,1],1,0].
[[3,9,2,1,1,2,2,1,0],3,40].
[[2,8,1,1,2,2,2,1,0],35,12].
[[3,8,1,1,2,2,2,1,0],9,8].
[[3,6,0,0,0,0,1,1,2],0,2].
[[1,8,0,1,1,2,1,2,0],0,1].
[[2,8,0,1,1,2,1,2,0],3,6].
[[2,6,1,1,2,0,2,3,0],1,1].
[[3,3,1,1,2,0,2,3,0],3,0].
[[3,3,2,1,2,2,1,1,2],5,0].
[[3,7,1,1,2,2,1,1,0],9,5].
[[1,8,1,0,0,0,1,1,0],3,5].
[[2,7,1,0,0,0,1,1,0],0,1].
[[3,7,1,1,2,0,1,1,0],1,1].
[[1,8,1,1,2,2,1,1,0],2,2].
[[3,6,1,1,2,2,2,2,1],13,0].
[[1,7,1,0,0,0,2,3,0],3,0].
[[2,3,1,0,0,0,2,3,0],1,0].
[[3,3,1,0,0,0,1,2,0],1,0].
[[1,8,0,1,2,2,2,3,2],42,44].
[[2,7,0,1,2,2,2,2,0],0,3].
[[1,7,2,0,0,0,2,1,0],3,1].
[[2,7,2,1,2,2,1,1,0],0,1].
[[3,7,2,1,2,2,1,1,0],1,2].
[[2,7,2,1,2,2,2,3,2],26,1].
[[3,6,1,1,2,2,2,1,2],5,1].
[[3,6,1,1,2,2,1,1,2],4,1].
[[2,7,0,1,1,2,2,2,2],1,1].
[[3,7,0,1,1,2,1,1,2],2,13].
[[3,7,1,1,1,2,2,1,2],20,7].
[[3,7,1,1,2,0,0,0,0],2,5].
[[3,6,0,1,2,2,2,1,0],1,7].
[[2,4,2,1,2,0,2,1,2],9,0].
[[3,6,1,1,2,0,1,1,2],2,1].
[[2,6,1,0,0,0,0,0,0],17,2].
[[3,6,1,0,0,0,2,1,0],1,0].
[[1,8,1,1,2,2,2,2,0],23,11].
[[2,8,1,0,0,0,2,1,0],22,15].
[[3,8,1,0,0,0,2,3,1],41,24].
[[2,7,1,1,2,2,2,2,0],8,3].
[[2,7,2,1,2,2,0,0,0],14,1].
[[1,8,1,1,2,0,1,2,1],2,3].
[[1,5,0,1,2,2,1,1,1],8,1].
[[1,9,2,1,2,0,2,3,1],9,22].
[[3,8,0,1,1,0,2,3,1],2,8].
[[2,8,1,1,1,2,2,3,2],30,7].
[[2,7,2,1,2,0,1,1,1],0,3].
[[3,9,2,1,1,0,1,1,0],2,7].
[[1,8,1,1,2,2,1,2,0],6,1].
[[3,7,1,1,2,0,2,1,2],13,3].
[[3,8,0,0,0,0,1,2,0],9,19].
[[1,7,2,1,2,2,0,0,0],15,2].
[[3,7,2,1,2,2,2,2,0],5,0].
[[3,3,1,1,1,2,0,0,0],7,1].
[[3,2,1,1,2,2,0,0,0],3,0].
[[3,8,1,1,2,0,2,3,1],35,22].
[[3,6,1,0,0,0,1,2,2],14,0].
[[2,5,0,0,0,0,1,2,2],3,0].
[[3,5,0,0,0,0,1,2,2],6,0].
[[3,6,0,1,2,2,2,2,0],4,9].
[[3,8,0,1,1,2,2,1,2],4,15].
[[3,7,0,1,1,2,1,1,0],1,2].
[[3,9,2,1,2,0,1,1,2],3,14].
[[2,8,1,1,1,0,1,2,2],7,7].
[[2,2,1,0,0,0,2,2,2],1,0].
[[3,2,1,0,0,0,1,2,2],1,0].
[[2,8,1,1,2,0,2,2,0],10,10].
[[2,3,2,0,0,0,0,0,0],6,0].
[[3,3,2,0,0,0,2,2,2],6,0].
[[3,8,1,0,0,0,2,2,1],20,9].
[[1,4,2,1,2,0,2,2,0],7,0].
[[3,8,1,1,2,2,2,2,0],14,10].
[[1,9,2,1,2,2,1,1,1],1,3].
[[2,8,1,1,1,2,2,1,0],15,1].
[[3,7,2,1,1,2,2,2,2],10,0].
[[2,7,1,1,2,0,2,3,2],4,4].
[[3,7,2,1,1,0,1,1,2],2,5].
[[2,8,0,0,0,0,2,1,2],9,28].
[[1,6,0,1,2,2,0,0,0],2,7].
[[2,6,0,1,2,2,0,0,0],6,18].
[[3,6,0,1,2,2,2,2,2],4,5].
[[1,8,0,0,0,0,1,2,2],15,16].
[[1,8,0,1,2,2,1,1,1],2,0].
[[2,8,0,1,1,2,1,1,1],2,1].
[[3,7,1,1,2,2,0,0,0],8,10].
[[1,7,2,1,2,0,2,3,2],2,1].
[[2,3,2,1,2,0,2,3,2],1,0].
[[3,3,2,1,2,0,1,1,2],3,0].
[[1,7,2,0,0,0,2,3,1],5,0].
[[2,7,2,1,2,2,2,3,1],10,1].
[[3,7,2,1,1,2,1,1,2],8,2].
[[2,9,2,1,1,0,2,3,1],0,5].
[[3,9,2,1,1,0,1,2,0],3,15].
[[3,6,1,1,2,0,2,1,2],5,0].
[[2,7,2,1,2,0,2,3,2],12,3].
[[2,7,1,1,1,2,1,2,1],4,0].
[[2,8,0,1,2,0,2,1,0],0,6].
[[3,8,0,1,1,0,2,1,0],0,3].
[[1,6,1,0,0,0,2,3,1],7,0].
[[2,6,1,0,0,0,2,1,0],2,0].
[[3,3,2,0,0,0,1,2,1],1,0].
[[3,7,0,1,2,2,2,2,2],0,9].
[[3,3,1,1,2,2,1,2,2],8,0].
[[3,8,1,1,2,0,2,2,0],7,4].
[[3,9,2,0,0,0,2,2,0],0,15].
[[3,1,2,1,2,0,1,2,1],4,0].
[[2,6,1,0,0,0,1,2,1],4,1].
[[3,5,0,1,1,2,1,2,2],17,1].
[[2,9,2,1,2,0,2,1,0],5,21].
[[3,5,0,1,2,0,1,1,0],17,4].
[[1,8,1,1,2,0,1,2,2],11,1].
[[3,6,0,1,2,2,2,3,1],2,6].
[[2,7,0,1,2,2,0,0,0],2,8].
[[2,8,1,1,1,2,0,0,0],4,12].
[[2,7,0,1,1,2,2,2,0],2,1].
[[2,8,0,1,2,2,2,2,1],11,12].
[[3,8,1,1,1,0,2,1,0],1,4].
[[2,8,0,1,2,0,1,2,2],7,17].
[[3,6,0,1,2,0,1,2,2],1,2].
[[1,8,1,0,0,0,2,1,0],15,6].
[[1,8,0,0,0,0,2,2,1],6,5].
[[2,8,0,0,0,0,2,2,1],5,6].
[[3,8,0,0,0,0,2,3,1],8,18].
[[1,8,1,1,1,2,2,1,2],13,6].
[[2,8,1,0,0,0,2,3,2],61,19].
[[3,8,1,1,2,0,2,3,2],10,8].
[[1,7,2,1,2,2,1,2,2],1,3].
[[2,3,2,1,2,2,1,2,2],2,0].
[[3,3,2,1,2,2,1,2,2],9,0].
[[1,9,2,1,2,0,1,1,2],3,4].
[[3,8,0,1,1,2,2,2,2],5,21].
[[3,5,0,0,0,0,1,1,2],25,0].
[[3,3,1,1,2,0,0,0,0],2,1].
[[1,8,1,0,0,0,2,3,0],32,12].
[[2,9,2,1,2,0,2,2,0],13,26].
[[1,7,1,0,0,0,1,2,2],1,0].
[[2,6,1,1,2,2,2,1,0],2,0].
[[3,6,1,1,1,2,2,1,0],3,0].
[[1,9,2,1,2,0,2,1,2],1,7].
[[3,7,1,0,0,0,2,1,0],6,3].
[[1,8,0,1,1,2,2,3,0],10,5].
[[2,8,0,1,1,2,2,3,0],28,27].
[[3,5,0,1,2,0,1,2,1],28,1].
[[2,7,2,1,2,0,1,2,1],1,0].
[[3,7,2,1,2,2,1,2,1],3,2].
[[2,6,1,0,0,0,1,1,2],4,0].
[[1,9,2,1,2,0,2,2,0],10,23].
[[3,7,0,0,0,0,2,1,0],1,2].
[[2,7,1,1,2,0,0,0,0],6,2].
[[2,8,1,1,2,0,0,0,0],2,7].
[[2,7,0,1,1,2,0,0,0],2,6].
[[1,9,2,1,2,0,1,2,2],14,13].
[[2,6,0,1,2,2,2,1,2],2,4].
[[2,4,2,1,2,0,1,2,1],24,0].
[[3,9,2,1,1,2,2,2,1],0,7].
[[2,8,1,1,2,2,0,0,0],5,18].
[[2,8,0,1,1,2,2,2,1],5,5].
[[1,7,2,0,0,0,2,2,2],21,5].
[[2,7,2,1,1,2,2,3,2],3,0].
[[3,7,1,1,1,0,1,2,2],7,4].
[[3,6,1,1,1,2,2,1,2],3,0].
[[3,7,2,1,2,2,0,0,0],4,0].
[[1,5,0,1,2,0,1,1,2],0,1].
[[2,5,0,1,1,0,1,1,2],0,1].
[[3,8,1,1,1,2,2,3,0],3,6].
[[2,8,1,0,0,0,2,3,0],27,15].
[[3,6,0,1,1,2,2,3,0],4,6].
[[3,8,1,1,1,0,2,2,0],0,3].
[[2,5,0,1,1,2,1,1,0],8,0].
[[1,9,2,1,1,2,1,2,1],11,2].
[[2,7,2,1,2,2,2,1,2],16,8].
[[1,6,1,0,0,0,2,1,0],1,0].
[[3,6,1,1,2,2,2,1,0],7,0].
[[1,5,0,1,2,2,1,1,0],3,0].
[[3,7,2,1,2,0,2,1,2],13,3].
[[3,6,0,1,1,2,2,3,1],1,5].
[[3,6,1,1,2,0,1,2,2],10,0].
[[3,8,0,1,2,0,1,1,2],4,11].
[[3,6,0,1,2,2,1,2,2],2,13].
[[3,8,0,1,1,2,2,2,1],4,10].
[[1,7,1,0,0,0,2,3,2],10,4].
[[3,7,2,1,2,0,2,3,1],14,0].
[[3,7,1,1,2,0,2,2,2],19,5].
[[2,7,1,1,2,0,2,3,1],8,3].
[[3,7,1,1,1,0,1,2,1],0,5].
[[3,7,0,1,1,2,2,2,0],4,7].
[[3,8,1,1,1,0,2,2,2],3,2].
[[3,7,0,1,2,2,2,1,0],2,7].
[[3,7,1,1,2,0,2,3,2],15,7].
[[3,8,1,1,2,0,2,3,0],2,7].
[[2,7,1,1,1,2,1,1,2],5,0].
[[3,3,1,1,2,2,2,2,2],9,1].
[[3,8,0,1,1,0,2,2,2],0,1].
[[2,8,1,1,1,2,2,1,1],8,1].
[[3,6,1,1,1,2,2,1,1],2,0].
[[3,6,1,1,2,0,2,3,2],9,0].
[[2,6,0,0,0,0,2,3,0],2,0].
[[3,6,0,1,2,2,1,2,0],6,1].
[[3,7,0,1,1,2,0,0,0],3,11].
[[3,6,1,1,2,2,0,0,0],5,1].
[[2,6,0,1,2,2,2,3,1],1,1].
[[1,7,2,0,0,0,1,1,2],5,4].
[[3,3,1,1,1,2,2,2,2],2,0].
[[2,7,2,1,1,2,1,1,2],1,1].
[[3,8,1,1,1,2,2,3,2],16,9].
[[1,8,0,0,0,0,1,2,0],5,4].
[[1,9,2,1,1,2,1,2,0],20,10].
[[3,8,0,1,2,0,1,2,1],1,7].
[[1,4,2,1,2,0,2,1,0],7,0].
[[2,7,2,1,1,2,0,0,0],2,1].
[[3,7,2,1,1,2,2,1,2],8,4].
[[2,8,0,0,0,0,2,2,2],9,27].
[[3,8,0,0,0,0,2,2,2],0,9].
[[3,7,0,0,0,0,2,3,1],2,3].
[[3,9,2,1,1,0,2,3,0],0,4].
[[3,8,1,0,0,0,2,3,2],8,5].
[[3,7,0,1,2,0,2,3,2],0,3].
[[2,8,0,1,1,2,1,2,1],4,1].
[[1,4,2,1,2,0,1,2,0],4,0].
[[1,7,1,1,2,2,2,2,0],2,0].
[[3,7,1,1,1,2,2,2,0],14,2].
[[3,8,1,1,1,2,2,1,2],15,2].
[[1,7,2,1,2,2,2,1,2],6,2].
[[2,3,2,1,2,2,2,1,2],1,0].
[[3,3,1,1,1,2,2,3,1],3,0].
[[3,6,0,1,1,2,1,2,2],1,3].
[[2,8,1,1,2,0,1,1,0],2,6].
[[3,7,0,1,1,2,2,1,0],1,6].
[[1,7,1,0,0,0,2,3,1],11,1].
[[3,7,1,0,0,0,2,2,2],13,6].
[[3,3,2,1,1,0,2,3,2],1,0].
[[3,8,0,1,2,0,2,2,2],2,7].
[[2,6,1,0,0,0,2,1,1],3,1].
[[3,6,1,1,2,0,2,1,1],1,1].
[[2,6,0,1,1,2,1,2,2],1,0].
[[3,3,1,1,1,2,1,2,2],1,0].
[[3,6,1,0,0,0,2,3,2],7,1].
[[3,5,0,1,1,2,2,2,0],7,0].
[[2,6,1,0,0,0,2,3,0],4,0].
[[3,6,1,1,2,2,1,2,0],3,0].
[[3,7,0,1,2,2,2,1,2],1,7].
[[3,7,1,0,0,0,2,3,1],31,7].
[[3,7,0,0,0,0,2,3,2],1,1].
[[3,6,0,0,0,0,1,2,2],1,2].
[[1,7,2,0,0,0,2,3,0],1,0].
[[2,7,2,0,0,0,2,3,0],1,0].
[[3,5,0,1,2,0,1,2,2],2,2].
[[2,7,2,1,2,2,1,2,1],0,1].
[[3,7,2,1,1,2,1,1,0],0,1].
[[1,8,1,1,1,2,2,2,1],13,2].
[[3,8,0,1,2,0,2,3,1],9,21].
[[3,3,2,1,2,0,0,0,0],2,0].
[[3,8,0,0,0,0,2,1,2],1,8].
[[1,6,0,1,2,2,2,2,0],1,0].
[[2,6,0,1,1,2,2,3,0],1,0].
[[2,6,1,1,2,0,2,2,1],2,0].
[[3,7,0,1,2,0,2,1,0],0,3].
[[2,5,0,1,2,0,1,2,1],6,0].
[[1,5,0,1,1,2,2,2,0],2,0].
[[2,1,2,1,2,0,2,2,0],1,0].
[[2,6,1,1,2,0,2,1,1],1,0].
[[3,6,1,1,1,0,2,1,1],1,0].
[[3,5,0,0,0,0,1,1,0],10,0].
[[3,6,0,1,2,0,2,3,2],1,1].
[[1,3,2,0,0,0,1,1,2],1,0].
[[2,3,2,1,2,0,1,1,2],1,0].
[[1,8,1,1,1,2,1,2,1],3,2].
[[3,8,1,0,0,0,2,1,1],3,1].
[[1,6,1,1,2,2,2,1,1],1,0].
[[2,3,1,1,2,2,2,1,1],1,0].
[[3,3,1,1,2,2,2,1,1],2,0].
[[3,8,0,1,2,0,1,1,0],5,3].
[[3,8,1,0,0,0,1,1,1],4,3].
[[2,5,0,1,2,2,1,2,0],1,0].
[[2,5,0,0,0,0,1,2,1],14,1].
[[2,6,0,1,2,2,1,1,2],0,1].
[[3,9,2,0,0,0,2,2,2],0,1].
[[3,7,2,1,1,2,2,3,2],13,1].
[[2,7,1,0,0,0,2,1,0],3,1].
[[3,6,1,1,2,0,2,3,1],10,2].
[[2,7,1,1,2,2,2,1,0],5,1].
[[3,6,0,1,1,2,1,1,2],1,2].
[[2,8,0,1,2,0,2,2,1],2,2].
[[3,6,0,1,2,2,2,3,0],1,5].
[[1,4,2,1,2,0,1,1,0],1,0].
[[2,3,1,0,0,0,2,1,2],2,1].
[[3,3,1,0,0,0,1,1,2],2,1].
[[3,6,1,1,1,2,1,2,0],2,0].
[[1,5,0,1,1,2,1,1,2],10,1].
[[3,8,1,0,0,0,2,1,2],3,5].
[[1,7,1,0,0,0,0,0,0],33,12].
[[3,7,1,1,2,0,2,1,0],3,4].
[[1,6,0,1,2,2,2,1,2],0,1].
[[2,6,0,1,2,2,1,2,2],0,3].
[[1,6,1,0,0,0,2,3,2],14,0].
[[2,3,1,1,2,2,2,3,2],3,0].
[[3,7,1,0,0,0,2,2,0],7,1].
[[2,7,1,0,0,0,1,1,2],2,1].
[[3,9,2,1,1,0,2,2,0],1,6].
[[3,5,0,0,0,0,1,2,1],14,0].
[[1,9,2,1,2,0,2,3,0],9,21].
[[3,6,0,1,1,2,0,0,0],0,7].
[[3,5,0,0,0,0,1,2,0],4,0].
[[3,7,0,1,2,2,1,2,1],1,2].
[[2,6,1,0,0,0,1,1,1],2,0].
[[3,3,1,0,0,0,1,1,1],1,0].
[[2,7,1,1,2,0,2,2,0],3,2].
[[2,7,2,1,1,2,2,2,2],4,0].
[[3,7,0,0,0,0,2,3,0],1,1].
[[3,3,2,1,2,2,2,2,2],3,0].
[[3,6,1,0,0,0,1,2,1],3,1].
[[3,5,0,0,0,0,2,3,0],5,0].
[[3,9,2,1,2,2,2,2,2],0,6].
[[2,7,1,1,1,2,1,2,2],5,2].
[[2,6,0,0,0,0,2,3,1],0,1].
[[1,7,2,1,2,0,1,2,2],2,2].
[[3,7,2,1,1,0,1,1,1],0,2].
[[3,8,0,1,2,2,2,1,1],1,5].
[[2,8,1,0,0,0,2,2,0],36,7].
[[3,8,1,0,0,0,2,2,0],3,1].
[[2,7,2,0,0,0,1,1,1],0,3].
[[2,7,0,1,2,2,2,2,2],0,1].
[[1,6,1,1,2,2,1,2,1],2,0].
[[2,6,1,1,2,2,1,2,1],4,0].
[[3,8,1,1,1,0,2,1,1],0,3].
[[1,8,1,1,2,0,2,2,0],2,3].
[[3,7,1,1,2,0,2,2,0],3,5].
[[2,7,1,1,2,2,2,3,0],16,0].
[[3,8,1,0,0,0,0,0,0],0,1].
[[3,7,2,1,1,0,1,2,0],2,1].
[[3,9,2,1,2,2,2,2,1],1,10].
[[1,8,0,0,0,0,1,1,2],5,3].
[[2,7,1,1,2,2,1,1,0],3,0].
[[3,3,1,0,0,0,2,2,0],3,0].
[[3,8,1,1,1,0,1,2,0],7,5].
[[1,9,2,1,2,0,1,2,1],0,5].
[[2,7,2,1,1,2,2,1,2],3,0].
[[3,3,1,1,2,0,2,3,1],3,1].
[[1,7,1,0,0,0,2,2,1],4,1].
[[3,6,0,1,2,2,2,1,2],0,6].
[[3,7,0,1,1,2,2,3,0],0,6].
[[2,6,0,1,2,2,2,2,2],3,10].
[[3,6,0,1,1,2,2,2,2],1,6].
[[2,9,2,0,0,0,2,1,1],3,2].
[[1,8,1,1,2,0,2,1,0],1,0].
[[1,5,0,1,2,0,2,1,0],1,0].
[[2,5,0,1,2,0,2,1,0],3,0].
[[1,8,0,1,1,2,1,1,2],7,2].
[[3,7,1,1,2,0,2,3,0],5,0].
[[2,5,0,1,2,0,2,3,0],3,0].
[[3,5,0,1,2,0,2,3,0],8,1].
[[3,7,1,0,0,0,1,1,0],1,0].
[[1,7,1,1,2,2,2,1,2],11,1].
[[3,7,1,0,0,0,0,0,0],2,3].
[[3,8,0,1,2,2,1,1,1],2,0].
[[1,8,1,1,2,0,2,1,1],2,1].
[[2,8,0,1,2,0,0,0,0],2,11].
[[3,7,0,1,2,0,0,0,0],1,1].
[[3,9,2,1,1,0,2,2,1],0,1].
[[2,9,2,1,2,0,2,1,2],2,10].
[[2,7,0,1,2,2,2,3,2],2,7].
[[3,7,0,1,1,2,2,3,2],5,7].
[[3,8,0,1,2,0,2,1,0],0,10].
[[3,8,0,1,2,0,0,0,0],0,11].
[[3,7,0,0,0,0,2,2,0],0,7].
[[2,6,1,1,2,0,2,3,1],7,2].
[[2,7,1,1,1,2,2,2,1],6,3].
[[3,7,1,1,1,2,2,2,1],15,8].
[[1,7,1,1,2,2,2,3,0],4,0].
[[1,9,2,1,1,2,2,1,1],2,1].
[[3,6,1,0,0,0,2,3,1],8,0].
[[3,8,0,1,2,2,2,2,1],9,12].
[[3,8,0,1,1,0,2,3,0],1,2].
[[3,5,0,1,1,2,1,2,0],9,0].
[[2,5,0,1,1,2,2,1,0],13,1].
[[3,5,0,1,1,2,2,1,0],20,1].
[[2,7,1,1,1,2,2,1,2],5,3].
[[1,5,0,1,2,2,1,2,0],1,0].
[[1,8,1,1,2,0,1,2,0],0,2].
[[3,9,2,1,1,2,2,2,2],0,2].
[[3,3,1,1,2,2,2,3,2],9,0].
[[3,9,2,1,1,0,1,2,1],0,8].
[[2,7,0,1,1,2,2,3,0],2,0].
[[2,4,2,1,2,0,1,2,0],22,2].
[[2,6,1,1,2,0,1,2,0],1,1].
[[2,7,2,1,2,2,1,2,2],18,5].
[[1,5,0,0,0,0,1,2,1],2,0].
[[1,6,0,0,0,0,0,0,0],1,3].
[[3,6,0,1,2,2,2,2,1],0,3].
[[2,5,0,1,2,0,1,1,1],9,1].
[[3,9,2,1,1,2,2,3,2],1,6].
[[1,4,2,1,2,0,2,2,2],11,1].
[[2,6,1,1,2,0,1,2,2],3,1].
[[3,6,1,1,1,0,1,2,2],2,2].
[[2,7,1,1,2,0,2,3,0],1,0].
[[1,8,1,1,1,2,1,2,2],9,0].
[[1,6,0,1,2,2,2,3,2],1,1].
[[2,6,0,1,2,2,2,3,2],1,3].
[[2,3,2,0,0,0,2,2,2],5,0].
[[3,3,2,1,2,0,2,2,2],5,0].
[[2,7,1,1,1,2,2,2,0],4,0].
[[2,4,2,1,2,0,2,1,1],1,0].
[[3,4,2,1,2,0,2,1,1],6,0].
[[2,3,2,0,0,0,2,1,2],1,0].
[[2,7,1,1,2,0,1,2,2],0,1].
[[1,8,0,1,1,2,2,3,1],5,1].
[[2,6,0,0,0,0,0,0,0],1,5].
[[3,7,1,1,1,0,1,2,0],1,0].
[[1,7,2,1,2,2,2,2,2],5,4].
[[3,7,2,1,1,0,2,2,2],1,4].
[[3,8,1,1,1,0,2,3,2],4,9].
[[3,7,1,1,2,0,2,1,1],2,1].
[[3,7,2,0,0,0,2,2,2],11,1].
[[3,6,1,1,1,2,2,2,0],2,0].
[[3,3,1,0,0,0,1,2,1],1,0].
[[2,6,1,0,0,0,1,2,2],11,0].
[[1,9,2,0,0,0,1,1,1],2,1].
[[2,8,0,0,0,0,1,1,1],1,1].
[[1,9,2,0,0,0,2,1,1],8,4].
[[2,9,2,1,2,0,2,1,1],2,2].
[[3,6,1,0,0,0,2,2,1],2,0].
[[2,7,0,0,0,0,2,2,2],0,2].
[[1,8,1,1,2,0,2,3,0],5,1].
[[1,9,2,1,1,2,1,1,1],1,1].
[[2,9,2,1,1,2,1,1,1],0,2].
[[3,9,2,1,1,2,1,1,1],0,1].
[[1,7,2,0,0,0,2,2,0],3,0].
[[2,7,2,1,2,0,2,2,0],2,0].
[[2,7,1,0,0,0,1,1,1],0,2].
[[3,7,0,1,2,0,1,1,1],0,1].
[[2,7,1,0,0,0,2,2,0],11,2].
[[3,7,0,0,0,0,2,2,2],0,2].
[[1,7,2,1,2,0,2,2,2],6,1].
[[2,7,2,1,1,0,2,2,2],1,1].
[[2,7,1,1,1,2,1,1,1],0,1].
[[3,6,1,1,1,2,2,2,2],5,1].
[[2,7,1,1,1,2,2,1,1],1,0].
[[3,6,1,1,2,2,1,1,1],3,0].
[[2,8,1,1,1,2,1,1,1],4,5].
[[3,7,0,1,2,0,2,2,0],0,5].
[[2,9,2,1,1,0,1,2,0],1,1].
[[3,8,1,1,1,2,1,1,1],6,1].
[[1,9,2,1,2,0,1,1,1],0,1].
[[3,6,1,1,1,0,1,1,2],0,1].
[[2,6,1,1,2,2,2,2,1],8,0].
[[3,8,0,1,1,0,1,2,2],3,9].
[[3,7,0,1,2,0,2,3,0],0,2].
[[2,7,2,0,0,0,1,2,1],2,2].
[[3,6,1,1,2,0,0,0,0],3,0].
[[3,3,1,0,0,0,2,3,2],4,0].
[[2,6,1,1,2,2,1,2,2],7,1].
[[2,7,1,1,2,0,2,2,2],5,2].
[[2,8,0,1,2,0,1,1,2],1,3].
[[2,8,1,1,2,0,2,3,0],5,3].
[[3,3,1,1,1,2,2,2,1],1,0].
[[3,9,2,1,1,0,0,0,0],0,1].
[[2,3,1,1,2,2,2,1,2],1,0].
[[3,8,0,1,1,2,1,1,1],1,2].
[[3,8,1,1,1,2,2,1,1],2,2].
[[1,6,0,1,2,2,2,2,1],0,1].
[[2,6,0,1,2,2,1,2,1],0,1].
[[3,6,0,1,2,2,1,2,1],1,1].
[[2,8,0,1,2,0,1,2,0],4,2].
[[3,6,0,1,2,0,1,2,0],1,0].
[[2,7,1,1,1,2,2,2,2],5,2].
[[3,6,0,0,0,0,2,2,1],0,1].
[[3,4,2,1,2,0,2,1,2],10,1].
[[2,6,1,1,1,2,2,3,2],1,0].
[[3,6,1,1,1,2,1,2,2],8,0].
[[2,6,1,1,1,2,2,2,2],2,0].
[[3,3,2,1,2,0,2,3,2],3,0].
[[2,8,1,1,1,0,2,3,0],0,1].
[[3,7,2,1,1,0,2,3,0],0,1].
[[3,3,1,1,1,2,2,3,0],1,0].
[[3,7,1,0,0,0,1,2,0],9,0].
[[1,8,0,1,1,2,2,1,1],1,0].
[[2,8,0,1,1,2,2,1,1],1,1].
[[2,7,0,1,1,2,2,1,2],1,1].
[[2,5,0,1,2,0,1,2,2],3,0].
[[3,5,0,1,1,0,1,2,2],1,1].
[[2,7,0,0,0,0,2,1,0],0,1].
[[3,7,0,0,0,0,1,1,0],0,1].
[[1,3,2,0,0,0,0,0,0],4,0].
[[2,6,1,1,2,0,2,1,2],4,0].
[[1,7,2,1,2,0,2,1,2],1,0].
[[2,7,2,1,1,0,1,1,2],1,1].
[[3,3,2,0,0,0,1,1,2],2,0].
[[3,7,2,1,2,0,1,1,0],1,1].
[[2,7,0,0,0,0,2,2,0],1,0].
[[3,6,0,0,0,0,2,3,0],1,1].
[[2,7,1,1,2,0,1,1,2],1,1].
[[3,7,1,1,1,0,1,1,2],0,2].
[[2,8,0,1,2,0,1,1,0],1,2].
[[3,8,0,1,1,0,1,1,0],0,4].
[[3,6,1,0,0,0,2,1,1],3,0].
[[2,7,1,1,2,2,1,2,0],4,0].
[[1,8,0,1,1,2,2,1,0],3,5].
[[1,6,0,1,2,2,2,3,0],2,0].
[[2,6,0,1,2,2,2,3,0],1,2].
[[2,8,1,1,1,0,1,1,2],1,2].
[[3,7,2,1,1,2,1,1,1],0,5].
[[1,6,1,0,0,0,1,1,2],1,0].
[[3,6,1,0,0,0,1,1,2],5,0].
[[3,7,2,1,2,0,2,1,0],1,1].
[[3,8,1,1,1,2,2,1,0],3,2].
[[2,7,2,0,0,0,2,2,0],1,0].
[[2,7,0,0,0,0,2,1,2],1,1].
[[3,7,0,0,0,0,2,1,2],2,2].
[[1,5,0,1,2,0,2,3,0],1,0].
[[3,9,2,0,0,0,2,1,1],1,0].
[[2,7,0,1,1,2,1,2,2],2,1].
[[3,6,1,0,0,0,2,2,2],5,0].
[[2,5,0,1,2,2,1,2,2],3,0].
[[3,7,0,1,1,2,1,2,0],1,1].
[[2,8,1,0,0,0,2,1,1],10,2].
[[2,3,2,0,0,0,2,1,0],1,0].
[[3,3,2,0,0,0,2,1,0],1,0].
[[1,7,2,1,2,2,2,3,2],9,0].
[[2,9,2,1,1,0,2,3,2],0,2].
[[3,6,0,0,0,0,2,3,2],0,2].
[[1,7,1,1,2,2,1,2,1],1,0].
[[2,6,0,1,2,2,2,1,0],2,1].
[[3,3,1,1,2,2,2,1,0],1,0].
[[3,7,1,1,1,2,2,1,0],5,2].
[[3,6,1,1,2,2,2,1,1],1,0].
[[2,6,1,1,1,2,2,1,0],1,0].
[[1,7,1,0,0,0,2,1,1],2,0].
[[2,7,1,1,2,0,2,1,1],2,0].
[[2,6,1,1,2,0,2,3,2],3,0].
[[1,7,1,1,2,2,1,1,1],0,1].
[[2,9,2,1,1,0,2,3,0],2,1].
[[3,7,2,1,2,2,2,3,0],3,0].
[[2,7,1,1,1,2,2,3,0],4,0].
[[3,7,0,1,2,2,1,1,2],0,2].
[[1,9,2,1,2,0,2,2,1],1,2].
[[3,8,1,1,2,0,1,1,1],3,4].
[[3,7,1,0,0,0,2,2,1],9,1].
[[3,6,1,1,2,0,2,3,0],2,1].
[[2,3,2,1,2,0,2,3,1],1,0].
[[3,3,2,1,2,0,2,3,1],3,0].
[[1,6,1,1,2,2,2,2,2],6,0].
[[2,6,1,1,1,2,1,2,2],3,0].
[[3,8,1,1,1,0,2,2,1],5,5].
[[3,7,2,1,2,2,1,1,1],0,3].
[[2,8,1,1,1,0,1,2,0],1,0].
[[2,7,0,1,1,2,2,1,0],0,1].
[[2,7,0,1,2,2,2,3,1],2,1].
[[2,6,1,1,1,2,1,1,2],2,0].
[[3,6,1,1,1,2,1,1,2],2,0].
[[3,6,1,1,1,2,1,2,1],4,0].
[[2,8,1,1,1,0,1,2,1],1,1].
[[2,5,0,1,1,2,1,2,0],4,0].
[[2,6,0,1,1,2,2,3,2],1,3].
[[3,7,0,1,2,0,2,3,1],1,3].
[[3,3,2,1,2,2,2,3,1],1,0].
[[2,6,0,1,1,2,2,1,2],1,1].
[[2,7,1,1,2,2,2,1,1],9,1].
[[3,7,1,1,2,2,2,1,1],11,1].
[[2,7,1,1,2,0,1,2,1],1,2].
[[3,7,0,1,2,0,1,2,1],0,1].
[[3,8,0,1,2,0,2,2,1],3,2].
[[3,6,1,1,2,0,2,2,2],4,0].
[[3,6,1,1,2,2,2,2,2],10,0].
[[3,6,0,1,1,2,1,1,0],1,1].
[[1,5,0,0,0,0,1,2,0],2,0].
[[2,3,1,0,0,0,2,2,1],3,0].
[[3,3,1,0,0,0,2,2,1],2,0].
[[3,3,2,1,2,0,2,1,2],3,0].
[[3,6,1,1,2,0,1,1,0],1,1].
[[2,7,1,1,2,0,2,1,0],0,1].
[[2,9,2,1,1,0,2,2,0],1,1].
[[2,5,0,1,1,2,1,2,2],3,1].
[[3,7,1,1,2,0,1,1,1],2,0].
[[1,8,0,0,0,0,1,2,1],0,1].
[[1,6,1,1,2,2,2,1,2],2,0].
[[2,6,1,1,2,2,1,1,2],3,0].
[[1,6,1,0,0,0,2,2,0],2,0].
[[2,6,1,1,2,0,2,2,0],1,0].
[[3,8,1,0,0,0,2,3,0],0,2].
[[3,7,2,1,2,0,1,2,0],3,0].
[[1,8,1,1,1,2,2,1,1],2,0].
[[2,7,0,1,2,2,1,1,2],0,1].
[[3,7,2,1,2,0,1,2,1],2,0].
[[3,8,0,1,1,0,2,2,0],1,4].
[[3,8,1,1,1,0,2,3,0],0,1].
[[1,7,1,0,0,0,2,2,0],1,0].
[[3,7,2,0,0,0,2,2,0],1,0].
[[2,6,1,1,1,2,2,1,2],1,0].
[[3,3,1,1,2,0,2,2,0],1,0].
[[2,7,1,1,2,0,2,2,1],1,2].
[[2,9,2,1,1,0,1,2,1],1,4].
[[3,5,0,1,1,0,1,1,0],5,0].
[[3,6,0,1,2,0,2,3,0],0,1].
[[3,3,2,0,0,0,0,0,0],2,0].
[[3,3,2,1,2,2,0,0,0],3,0].
[[2,9,2,1,2,2,2,1,1],2,3].
[[3,9,2,1,1,2,2,1,1],0,1].
[[3,6,1,1,1,2,2,2,1],6,0].
[[2,7,1,0,0,0,2,3,0],4,1].
[[3,6,1,0,0,0,0,0,0],1,0].
[[2,6,0,0,0,0,2,1,2],0,3].
[[3,6,0,0,0,0,2,3,1],0,3].
[[2,3,1,0,0,0,0,0,0],4,0].
[[3,6,1,1,1,2,2,3,0],1,0].
[[3,6,0,1,1,2,2,2,0],0,2].
[[3,7,2,1,2,0,2,2,0],3,1].
[[2,8,0,0,0,0,2,1,1],0,1].
[[3,8,0,0,0,0,1,1,1],0,1].
[[3,9,2,0,0,0,0,0,0],0,2].
[[2,7,0,0,0,0,1,1,2],1,0].
[[3,7,0,0,0,0,1,1,2],2,0].
[[3,4,0,1,2,0,1,2,1],0,2].
[[3,8,0,0,0,0,2,2,1],3,3].
[[3,8,1,1,2,0,0,0,0],0,1].
[[3,6,1,0,0,0,2,2,0],5,0].
[[3,6,1,1,2,0,2,2,0],1,0].
[[2,6,0,1,2,2,2,2,1],0,1].
[[3,7,1,1,1,0,2,2,2],3,1].
[[1,7,2,1,2,0,1,1,2],1,1].
[[2,3,1,1,2,2,2,2,2],2,0].
[[3,6,1,1,2,0,1,1,1],2,0].
[[3,7,1,1,1,0,2,2,1],0,1].
[[3,6,1,0,0,0,2,3,0],4,0].
[[1,7,2,1,2,2,2,3,1],1,0].
[[2,3,2,1,2,2,2,3,1],1,0].
[[1,8,1,1,1,2,2,1,0],4,0].
[[3,8,0,1,2,0,2,1,1],1,0].
[[3,5,0,1,1,0,1,2,0],0,1].
[[3,7,0,1,1,2,2,2,2],0,5].
[[2,7,2,1,2,2,2,3,0],2,0].
[[3,7,2,1,2,2,1,2,0],4,1].
[[2,9,2,0,0,0,1,1,1],1,0].
[[3,9,2,0,0,0,1,1,1],1,0].
[[3,2,1,1,2,2,2,3,2],1,0].
[[2,7,0,1,1,2,1,1,2],0,2].
[[3,3,2,0,0,0,2,1,2],2,0].
[[1,5,0,1,2,0,1,1,1],2,0].
[[2,5,0,1,2,0,1,2,0],5,0].
[[2,6,1,1,1,2,2,3,1],2,0].
[[2,8,1,1,1,0,2,2,1],0,2].
[[2,8,1,1,1,0,2,2,2],1,0].
[[3,6,0,1,2,0,0,0,0],0,1].
[[3,5,0,1,1,0,1,2,1],2,1].
[[2,5,0,1,2,0,1,1,0],4,0].
[[3,7,2,1,2,0,1,1,1],0,3].
[[1,5,0,0,0,0,1,1,0],2,0].
[[3,8,0,1,1,0,2,1,2],0,1].
[[1,7,2,1,2,2,1,1,2],0,1].
[[1,8,0,0,0,0,2,1,1],2,0].
[[3,7,1,1,1,0,2,2,0],0,1].
[[3,1,2,1,2,0,1,1,1],3,0].
[[3,6,0,0,0,0,2,1,2],0,2].
[[3,9,2,0,0,0,2,2,1],0,1].
[[1,5,0,1,1,2,2,3,0],3,0].
[[1,8,1,1,1,2,1,2,0],1,0].
[[3,6,0,1,1,2,2,3,2],2,3].
[[3,8,0,1,1,0,2,1,1],1,1].
[[2,6,1,1,1,2,0,0,0],2,0].
[[3,3,1,1,2,2,2,2,1],5,0].
[[3,3,1,1,2,0,1,2,1],1,0].
[[2,3,2,1,2,2,2,2,2],2,0].
[[3,6,0,0,0,0,0,0,0],0,1].
[[1,6,0,1,2,2,2,2,2],0,1].
[[2,6,0,1,1,2,2,2,2],0,2].
[[3,4,0,1,2,0,1,2,2],0,2].
[[1,8,0,1,2,2,1,2,1],1,0].
[[2,6,0,1,1,2,1,2,1],1,0].
[[3,3,1,1,2,0,1,2,2],1,0].
[[1,7,1,1,2,2,2,1,1],2,0].
[[3,7,0,0,0,0,1,2,0],2,0].
[[3,6,0,0,0,0,2,1,0],0,1].
[[2,9,2,1,1,0,1,2,2],0,3].
[[1,8,1,1,1,2,1,1,0],1,1].
[[3,6,1,1,1,2,1,1,0],1,1].
[[2,7,0,1,2,2,2,1,2],0,1].
[[3,3,1,1,2,2,1,2,1],6,0].
[[2,6,1,1,2,0,0,0,0],1,0].
[[2,7,2,0,0,0,1,2,0],2,0].
[[3,7,2,1,2,2,2,1,0],3,0].
[[3,8,0,0,0,0,0,0,0],0,3].
[[2,6,0,0,0,0,2,2,2],1,2].
[[1,8,1,1,2,0,1,1,2],3,0].
[[3,3,2,1,2,0,1,2,2],4,0].
[[1,6,1,1,2,2,2,3,2],3,0].
[[3,3,1,1,2,0,2,2,1],2,0].
[[3,3,1,1,2,2,2,2,0],1,0].
[[2,7,2,1,2,0,2,1,0],1,0].
[[2,7,0,0,0,0,2,3,2],0,2].
[[3,3,2,1,2,2,2,3,2],3,0].
[[3,8,0,1,1,0,0,0,0],0,1].
[[2,7,1,0,0,0,1,2,0],0,1].
[[3,6,0,1,2,2,2,3,2],0,6].
[[3,7,1,1,1,0,2,1,0],0,2].
[[2,3,1,1,2,2,2,2,1],2,0].
[[3,9,2,1,1,0,2,1,0],0,4].
[[2,7,2,1,1,0,2,3,2],0,1].
[[3,7,2,1,1,2,2,2,0],2,0].
[[2,6,0,1,1,2,0,0,0],1,2].
[[2,3,2,0,0,0,2,3,1],1,0].
[[3,3,1,1,1,2,2,3,2],1,0].
[[1,6,1,1,2,2,2,2,1],2,0].
[[3,3,1,1,2,2,1,1,1],1,0].
[[3,3,0,1,2,2,2,1,2],0,1].
[[2,7,2,1,2,0,1,2,0],0,1].
[[3,2,1,1,2,0,1,2,2],2,0].
[[2,7,0,1,2,2,2,2,1],1,0].
[[3,7,0,1,2,2,2,2,1],1,1].
[[2,7,0,0,0,0,1,2,2],1,0].
[[3,8,1,1,2,2,0,0,0],0,2].
[[2,3,1,0,0,0,2,3,2],1,0].
[[2,3,2,1,2,0,2,1,2],2,0].
[[2,6,1,1,2,2,2,1,1],1,0].
[[2,5,0,1,1,2,2,2,0],1,0].
[[2,7,2,1,2,0,2,3,1],2,0].
[[1,4,2,1,2,0,2,1,2],7,0].
[[2,3,2,0,0,0,1,2,2],1,0].
[[2,6,1,1,2,2,2,2,0],1,0].
[[3,6,1,1,2,2,1,1,0],2,0].
[[3,3,2,1,2,2,2,3,0],1,0].
[[1,5,0,1,1,2,2,1,0],2,0].
[[3,6,0,1,2,0,2,1,0],0,1].
[[1,6,0,0,0,0,2,2,2],0,1].
[[1,5,0,1,2,0,1,2,0],1,0].
[[3,6,1,1,2,0,2,1,0],1,0].
[[3,6,0,0,0,0,2,2,2],1,0].
[[2,9,2,1,1,0,1,1,0],0,2].
[[2,9,2,1,1,0,2,1,0],0,2].
[[3,6,1,1,1,0,2,3,1],1,1].
[[3,7,2,1,1,2,1,2,0],1,0].
[[3,3,1,1,2,2,2,3,0],1,0].
[[2,7,0,1,2,2,1,2,0],1,0].
[[1,5,0,1,2,0,1,2,1],2,0].
[[3,9,2,1,1,0,2,3,1],1,2].
[[1,5,0,1,2,2,1,2,1],2,0].
[[2,6,1,1,2,0,2,2,2],1,0].
[[3,3,1,1,2,0,2,2,2],2,0].
[[3,7,1,0,0,0,2,1,1],2,0].
[[2,7,2,1,1,2,2,3,1],2,0].
[[3,7,0,0,0,0,2,2,1],1,0].
[[2,7,0,0,0,0,2,3,1],0,3].
[[3,7,2,0,0,0,0,0,0],1,0].
[[3,1,2,1,2,0,2,3,0],1,0].
[[3,7,0,1,2,0,1,2,0],0,3].
[[2,6,0,1,1,2,2,1,0],0,1].
[[3,6,0,1,1,2,1,2,0],1,0].
[[2,6,1,1,1,2,2,2,1],1,0].
[[3,6,0,1,1,2,1,1,1],1,0].
[[1,8,0,1,1,2,1,1,0],1,0].
[[3,3,1,1,2,0,2,1,2],0,1].
[[2,6,0,1,2,2,1,2,0],1,0].
[[3,7,2,1,2,0,0,0,0],0,1].
[[3,7,2,1,1,2,2,3,0],1,0].
[[1,9,2,1,2,0,2,1,1],1,1].
[[2,9,2,1,1,0,2,1,1],1,0].
[[3,8,0,0,0,0,2,1,1],1,0].
[[2,7,2,1,1,2,1,2,2],2,1].
[[3,6,1,1,1,0,2,2,1],1,0].
[[3,7,1,0,0,0,1,1,1],1,0].
[[3,3,2,1,1,2,2,3,2],1,0].
[[3,3,1,0,0,0,2,3,1],1,0].
[[1,1,2,1,2,0,1,1,1],1,0].
[[2,1,2,1,2,0,1,1,1],1,0].
[[2,2,1,0,0,0,0,0,0],1,0].
[[3,4,0,1,2,0,2,1,0],0,1].
[[2,8,1,1,1,0,2,1,1],0,1].
[[3,8,1,0,0,0,2,1,0],0,1].
[[3,3,1,0,0,0,1,2,2],1,0].
[[3,5,0,1,1,0,2,3,0],2,0].
[[3,2,1,0,0,0,2,2,0],1,0].
[[2,6,1,1,1,2,2,1,1],1,0].
[[3,3,1,1,1,2,2,1,1],1,0].
[[2,3,1,1,2,2,2,3,1],3,0].
[[3,3,1,0,0,0,2,1,0],1,0].
[[3,7,0,0,0,0,1,2,1],0,1].
[[3,3,1,1,2,2,1,2,0],1,0].
[[3,8,0,1,1,2,2,1,1],0,3].
[[1,2,1,0,0,0,0,0,0],1,0].
[[2,2,1,1,2,2,0,0,0],1,0].
[[3,8,1,1,1,2,0,0,0],0,1].
[[3,3,0,1,2,2,0,0,0],0,1].
[[1,6,0,0,0,0,2,1,2],0,1].
[[3,3,1,1,2,2,1,1,2],1,0].
[[3,3,2,1,1,0,2,1,2],1,0].
[[1,3,2,0,0,0,2,1,2],1,0].
[[3,7,2,1,1,2,2,1,0],1,0].
[[3,7,1,1,1,2,2,1,1],1,0].
[[2,8,1,1,1,0,2,1,2],0,1].
[[3,8,1,1,1,0,2,1,2],0,2].
[[2,7,1,1,1,2,2,1,0],1,0].
[[3,1,2,1,2,0,1,2,2],1,0].
[[3,7,0,1,2,0,1,1,0],0,1].
[[3,8,1,1,1,0,0,0,0],0,1].
[[3,7,1,1,1,0,2,1,2],0,1].
[[3,6,1,0,0,0,2,1,2],1,0].
[[3,6,1,1,1,0,1,2,1],1,0].
[[1,6,1,0,0,0,1,2,2],1,0].
