total_WL(22199,14077).
[[1,9,2,0,0,0,2,3,0],1041,948].
[[2,9,2,0,0,0,2,3,0],237,383].
[[3,9,2,1,2,1,1,2,0],302,423].
[[1,8,1,1,2,1,2,2,1],232,72].
[[2,7,2,1,2,1,2,2,1],57,4].
[[3,7,2,1,2,1,2,2,1],140,7].
[[1,8,0,0,0,0,2,3,0],262,141].
[[2,8,0,1,2,1,2,3,0],284,216].
[[3,8,0,1,1,1,2,3,0],45,97].
[[1,8,1,0,0,0,2,1,0],177,38].
[[2,8,1,0,0,0,2,3,1],949,261].
[[3,8,1,0,0,0,1,2,1],314,113].
[[1,9,2,1,2,1,2,3,0],496,407].
[[2,9,2,1,1,1,2,3,0],92,91].
[[3,9,2,1,1,1,2,1,0],17,56].
[[1,8,0,0,0,0,2,2,1],137,99].
[[2,8,0,0,0,0,2,2,1],199,191].
[[3,8,0,1,2,0,1,2,1],57,70].
[[1,8,1,1,2,1,0,0,0],603,171].
[[2,8,1,1,1,1,2,2,1],97,32].
[[3,7,2,1,1,1,2,2,1],41,2].
[[1,7,2,1,2,1,2,1,0],1,0].
[[2,7,2,1,2,1,2,3,1],85,4].
[[3,7,2,1,2,1,1,1,0],15,1].
[[1,9,2,0,0,0,2,1,1],343,353].
[[2,8,0,1,2,1,2,1,1],100,75].
[[3,8,0,1,2,1,2,1,1],108,141].
[[1,9,2,1,2,1,2,3,1],535,455].
[[2,8,1,1,1,1,2,3,1],155,32].
[[3,7,1,1,1,1,2,3,1],129,39].
[[1,8,1,0,0,0,0,0,0],2001,614].
[[2,8,1,0,0,0,2,1,1],280,71].
[[3,7,1,0,0,0,2,1,1],69,11].
[[2,9,2,1,2,1,1,2,0],313,288].
[[3,9,2,1,1,1,1,2,0],107,170].
[[1,9,2,1,2,1,0,0,0],334,615].
[[2,9,2,1,2,1,2,3,0],244,373].
[[3,9,2,1,2,1,2,3,0],18,205].
[[1,9,2,1,2,1,1,1,0],59,50].
[[2,8,1,1,2,1,1,1,0],56,26].
[[3,7,1,1,2,1,1,1,0],43,8].
[[1,8,1,0,0,0,2,2,1],680,177].
[[2,8,1,0,0,0,2,2,1],581,152].
[[3,8,1,0,0,0,2,2,1],186,67].
[[1,9,2,1,1,1,2,1,0],23,15].
[[2,8,0,1,1,1,2,1,0],14,11].
[[3,8,0,1,1,1,2,1,0],31,46].
[[2,9,2,1,2,1,1,1,1],104,124].
[[3,9,2,1,2,1,1,1,1],105,147].
[[3,4,1,1,2,0,1,2,0],93,7].
[[2,9,2,1,2,1,2,2,1],254,322].
[[3,9,2,1,2,1,2,2,1],69,136].
[[2,8,0,0,0,0,2,1,1],100,94].
[[3,8,0,0,0,0,2,1,1],56,54].
[[3,8,0,1,2,1,1,2,0],311,189].
[[1,8,1,0,0,0,2,3,1],1149,309].
[[2,6,1,0,0,0,2,3,1],77,9].
[[3,2,1,1,2,1,2,3,1],5,0].
[[1,9,2,0,0,0,1,1,0],141,125].
[[2,9,2,1,2,1,1,1,0],135,134].
[[3,8,0,1,2,1,1,1,0],115,106].
[[1,8,0,1,2,1,0,0,0],354,283].
[[3,7,0,1,2,1,2,1,1],20,14].
[[1,8,1,0,0,0,2,2,0],354,53].
[[2,8,1,1,2,1,2,2,0],180,32].
[[3,8,1,1,2,1,2,2,1],435,128].
[[3,8,0,1,2,1,2,2,1],202,256].
[[2,9,2,0,0,0,1,1,0],106,152].
[[3,9,2,1,2,0,1,1,1],18,47].
[[3,8,1,1,1,1,2,2,1],152,53].
[[1,9,2,1,2,1,2,2,1],327,278].
[[2,9,2,1,2,1,1,2,1],338,372].
[[3,8,0,1,2,1,1,2,1],296,283].
[[1,9,2,0,0,0,2,1,0],526,413].
[[2,9,2,0,0,0,2,3,1],369,472].
[[3,8,1,1,2,0,2,3,1],235,92].
[[2,7,2,1,2,1,0,0,0],141,15].
[[1,8,0,0,0,0,2,1,1],72,55].
[[2,7,1,1,2,1,2,1,1],42,11].
[[3,7,1,1,2,1,2,1,1],156,39].
[[1,7,1,0,0,0,0,0,0],357,86].
[[2,3,1,0,0,0,0,0,0],52,3].
[[3,3,1,1,2,1,2,2,1],30,1].
[[3,7,1,1,2,1,2,2,1],310,72].
[[2,8,0,0,0,0,1,1,1],34,33].
[[3,7,1,0,0,0,1,1,1],43,17].
[[1,6,1,0,0,0,0,0,0],291,19].
[[2,3,2,0,0,0,0,0,0],51,0].
[[3,3,2,1,2,0,0,0,0],21,0].
[[1,7,1,0,0,0,2,3,1],39,18].
[[2,7,1,0,0,0,2,3,1],216,46].
[[3,7,1,0,0,0,2,3,1],255,57].
[[2,7,1,1,2,1,0,0,0],269,71].
[[1,8,0,0,0,0,2,3,1],252,144].
[[2,8,0,1,2,1,2,3,1],333,254].
[[3,6,1,0,0,0,2,3,1],66,6].
[[2,7,1,1,2,1,2,1,0],26,1].
[[3,7,1,1,2,1,2,3,1],482,110].
[[2,8,1,1,2,1,2,2,1],454,128].
[[3,8,1,1,1,1,1,2,1],225,91].
[[1,7,2,0,0,0,0,0,0],342,23].
[[2,8,0,1,2,0,2,3,0],41,46].
[[3,7,1,1,2,1,1,2,1],242,63].
[[1,8,1,0,0,0,2,3,0],452,72].
[[2,8,1,0,0,0,1,2,0],166,31].
[[3,8,1,0,0,0,1,2,0],170,21].
[[1,9,2,0,0,0,1,2,0],320,255].
[[2,9,2,0,0,0,1,2,0],316,281].
[[3,9,2,0,0,0,1,2,1],99,227].
[[1,8,1,1,2,1,2,3,0],130,20].
[[2,7,2,1,2,1,2,3,0],12,3].
[[2,8,0,1,2,1,2,2,0],234,147].
[[3,8,0,1,2,1,2,2,0],161,244].
[[2,8,1,1,2,0,2,2,0],58,12].
[[3,8,1,1,2,1,2,1,1],228,74].
[[3,9,2,0,0,0,2,3,1],28,69].
[[3,7,1,1,2,1,2,3,0],154,36].
[[1,8,0,0,0,0,0,0,0],1043,870].
[[2,8,0,1,2,1,2,2,1],172,132].
[[1,9,2,1,2,1,2,2,0],404,300].
[[3,8,1,1,2,1,2,2,0],49,24].
[[1,8,0,0,0,0,2,2,0],209,98].
[[2,8,0,1,2,0,2,2,0],29,31].
[[1,9,2,0,0,0,1,2,1],361,280].
[[2,8,1,0,0,0,1,2,1],434,162].
[[2,8,0,0,0,0,2,3,0],304,211].
[[3,8,0,0,0,0,2,3,1],139,142].
[[2,8,0,1,2,1,0,0,0],148,333].
[[1,9,2,1,2,0,0,0,0],33,63].
[[2,9,2,1,1,0,2,2,1],3,10].
[[3,9,2,1,1,0,1,2,1],9,42].
[[2,8,0,0,0,0,2,1,0],140,101].
[[3,8,0,1,2,1,2,1,0],125,151].
[[2,8,1,1,2,1,2,3,1],744,197].
[[3,8,1,1,2,1,1,2,1],735,237].
[[1,9,2,1,1,1,2,2,1],41,27].
[[2,9,2,1,1,1,2,2,1],72,76].
[[1,9,2,0,0,0,2,2,0],891,751].
[[2,8,0,0,0,0,2,2,0],262,158].
[[1,9,2,0,0,0,2,3,1],1087,1094].
[[3,8,1,1,2,1,2,3,1],607,191].
[[3,8,0,1,2,1,2,3,0],177,307].
[[2,8,1,1,2,1,1,2,1],374,120].
[[3,7,1,1,2,0,2,3,1],153,44].
[[2,8,0,0,0,0,2,3,1],307,241].
[[1,8,0,1,2,1,2,3,1],65,45].
[[2,8,0,1,2,1,1,2,1],85,68].
[[3,8,0,1,1,1,1,2,1],73,93].
[[1,8,1,0,0,0,1,2,1],232,115].
[[1,7,2,0,0,0,2,2,1],46,3].
[[3,7,2,1,1,1,1,2,1],34,10].
[[2,8,1,1,1,1,2,3,0],49,7].
[[3,4,1,1,2,0,2,2,1],57,7].
[[2,9,2,1,2,0,2,2,1],57,99].
[[1,9,2,0,0,0,2,2,1],705,688].
[[2,9,2,0,0,0,2,2,1],256,321].
[[3,9,2,0,0,0,2,2,1],33,54].
[[1,9,2,0,0,0,0,0,0],796,1393].
[[3,9,2,1,2,1,1,2,1],304,522].
[[3,8,0,0,0,0,2,2,1],93,112].
[[2,9,2,1,2,0,2,2,0],48,87].
[[3,9,2,1,2,0,2,2,0],16,66].
[[1,9,2,1,2,1,2,1,1],154,156].
[[2,8,1,0,0,0,2,1,0],111,31].
[[3,8,1,0,0,0,2,1,0],13,2].
[[3,8,0,1,2,1,2,3,1],304,361].
[[2,9,2,0,0,0,2,1,1],134,172].
[[3,9,2,1,2,0,1,2,0],85,123].
[[3,9,2,0,0,0,1,1,0],33,80].
[[2,7,1,0,0,0,1,1,1],19,9].
[[1,9,2,1,1,1,1,2,1],23,4].
[[2,4,1,1,2,0,1,2,1],32,3].
[[3,4,1,1,2,0,1,2,1],155,15].
[[2,8,0,1,2,0,1,2,0],15,17].
[[3,7,1,1,1,0,1,1,1],4,4].
[[2,9,2,1,2,1,2,2,0],225,349].
[[3,7,0,1,2,1,0,0,0],36,59].
[[3,7,1,1,2,1,0,0,0],162,51].
[[3,9,2,1,1,1,2,3,0],7,92].
[[3,5,0,1,2,1,1,2,0],100,8].
[[1,9,2,1,2,1,2,1,0],222,174].
[[2,9,2,1,2,1,2,1,0],150,178].
[[3,8,1,1,2,1,1,1,1],217,146].
[[1,7,1,1,2,1,0,0,0],66,15].
[[2,7,1,1,2,1,2,2,1],96,29].
[[3,9,2,1,1,1,2,2,0],13,102].
[[2,6,0,0,0,0,0,0,0],42,33].
[[3,6,0,1,2,0,2,2,0],2,3].
[[3,8,1,1,2,1,1,2,0],339,54].
[[1,8,0,0,0,0,2,1,0],91,62].
[[2,7,1,1,2,0,2,1,0],3,2].
[[3,7,1,1,1,0,2,1,0],2,3].
[[3,8,0,1,2,0,1,1,0],33,28].
[[3,7,1,1,1,1,2,3,0],42,8].
[[2,8,1,1,2,1,2,3,0],236,47].
[[3,8,1,1,1,1,2,3,1],206,71].
[[3,7,0,1,2,0,2,3,0],8,4].
[[2,8,0,0,0,0,0,0,0],213,348].
[[3,8,0,0,0,0,0,0,0],0,36].
[[2,8,1,0,0,0,0,0,0],242,106].
[[2,6,1,1,2,0,0,0,0],19,2].
[[3,3,1,1,2,1,0,0,0],88,6].
[[1,8,1,0,0,0,2,1,1],313,74].
[[2,7,2,0,0,0,0,0,0],196,11].
[[3,7,2,1,2,1,2,1,1],60,2].
[[1,7,1,0,0,0,2,2,1],32,6].
[[2,7,1,0,0,0,2,2,1],134,20].
[[1,6,1,1,2,1,0,0,0],57,1].
[[2,6,1,1,2,1,0,0,0],94,9].
[[3,6,1,1,2,1,2,3,1],122,3].
[[2,8,0,1,2,0,0,0,0],18,50].
[[3,6,0,1,2,0,0,0,0],2,6].
[[2,9,2,1,2,1,2,3,1],378,499].
[[3,8,0,1,1,1,2,3,1],91,110].
[[1,9,2,1,1,1,0,0,0],53,43].
[[2,4,1,1,2,0,2,2,1],14,1].
[[3,4,1,1,2,0,1,1,1],56,6].
[[1,8,1,1,2,1,2,3,1],343,63].
[[3,6,1,1,1,1,1,2,1],14,2].
[[2,5,0,0,0,0,1,2,0],19,1].
[[3,9,2,0,0,0,2,3,0],3,72].
[[3,8,0,1,2,1,0,0,0],0,126].
[[3,6,1,1,2,1,2,2,1],65,6].
[[2,6,1,1,2,1,2,3,0],18,0].
[[3,6,1,1,2,1,2,1,1],46,2].
[[1,8,1,1,2,0,0,0,0],81,53].
[[3,7,1,1,1,0,2,2,0],1,4].
[[2,9,2,1,2,1,2,1,1],119,186].
[[3,9,2,1,1,1,2,1,1],13,33].
[[2,7,1,1,2,0,2,3,0],12,4].
[[2,8,1,1,1,1,1,2,1],87,15].
[[2,9,2,0,0,0,1,2,1],319,359].
[[2,6,1,0,0,0,2,2,1],60,7].
[[3,3,1,0,0,0,2,2,1],17,0].
[[1,8,1,0,0,0,1,1,1],83,54].
[[2,8,1,1,2,1,1,1,1],115,78].
[[2,8,1,0,0,0,2,3,0],287,72].
[[3,8,1,1,2,0,1,2,0],108,24].
[[2,8,1,1,1,1,2,2,0],28,5].
[[3,7,1,1,1,1,2,2,0],20,7].
[[3,8,1,0,0,0,2,1,1],118,29].
[[1,8,0,1,2,1,2,3,0],90,46].
[[2,7,1,1,2,1,2,3,0],61,12].
[[3,7,2,1,2,1,0,0,0],74,6].
[[3,7,0,0,0,0,2,3,0],44,11].
[[2,9,2,1,2,0,0,0,0],3,39].
[[3,8,1,1,1,0,2,3,1],24,40].
[[2,8,0,1,1,1,2,2,1],41,14].
[[3,7,0,0,0,0,2,2,0],26,10].
[[2,7,1,1,2,1,2,3,1],141,28].
[[3,9,2,1,2,0,1,1,0],30,48].
[[3,8,1,1,2,0,1,2,1],240,113].
[[1,9,2,0,0,0,1,1,1],111,93].
[[2,9,2,0,0,0,1,1,1],106,142].
[[3,8,1,0,0,0,1,1,1],91,64].
[[3,5,0,1,2,1,1,1,0],86,14].
[[2,8,1,1,2,1,0,0,0],177,66].
[[3,8,1,1,1,1,2,1,1],62,22].
[[1,8,1,1,2,0,2,3,0],20,7].
[[2,8,1,1,2,0,2,3,1],210,88].
[[3,7,1,1,2,1,1,1,1],82,48].
[[2,8,1,1,2,0,2,2,1],127,62].
[[3,8,1,1,2,0,2,2,1],163,55].
[[2,4,1,1,2,0,0,0,0],4,2].
[[3,4,1,1,2,0,2,3,0],50,4].
[[2,7,1,0,0,0,2,3,0],73,12].
[[3,7,1,1,2,0,2,2,1],101,31].
[[1,8,1,1,1,1,2,3,1],35,8].
[[2,7,1,1,1,1,2,3,1],15,4].
[[3,7,1,1,1,1,2,1,1],41,9].
[[3,9,2,1,1,1,1,2,1],116,217].
[[3,8,1,1,2,0,1,1,1],75,59].
[[3,7,0,1,2,0,2,3,1],16,5].
[[3,3,2,1,2,1,2,2,1],22,0].
[[1,6,1,1,2,1,2,3,1],13,0].
[[2,2,1,1,2,1,2,3,1],2,0].
[[3,7,0,1,2,1,2,3,1],79,35].
[[3,5,0,1,1,1,1,2,1],19,4].
[[2,8,0,1,2,1,2,1,0],133,96].
[[3,9,2,1,2,1,2,1,0],43,148].
[[3,9,2,0,0,0,1,2,0],127,161].
[[1,8,1,1,2,0,2,1,1],16,6].
[[2,8,1,1,2,0,2,1,1],70,21].
[[2,8,0,1,1,1,2,2,0],39,28].
[[3,8,0,1,1,1,1,1,0],45,38].
[[3,9,2,1,1,1,1,1,0],41,81].
[[1,7,2,1,2,0,0,0,0],15,3].
[[2,7,2,1,2,0,2,3,1],27,7].
[[3,7,2,1,2,1,1,2,1],135,9].
[[2,8,1,1,2,1,1,2,0],139,27].
[[3,7,1,1,2,1,1,2,0],107,13].
[[3,6,1,1,1,1,2,3,1],34,2].
[[3,7,2,1,2,1,2,3,1],181,13].
[[2,9,2,1,2,0,2,3,1],75,118].
[[3,8,0,1,2,0,2,3,1],69,85].
[[1,8,0,1,2,1,2,2,0],53,34].
[[3,4,1,1,2,0,1,1,0],39,7].
[[3,5,0,1,2,1,1,1,1],102,10].
[[3,7,1,1,2,0,2,3,0],47,13].
[[3,8,0,1,2,0,1,2,0],72,60].
[[3,9,2,0,0,0,1,1,1],35,66].
[[1,9,2,1,1,1,2,2,0],63,28].
[[2,4,1,1,2,0,1,1,0],7,3].
[[3,9,2,1,1,1,1,1,1],29,60].
[[3,9,2,1,2,0,2,1,1],10,33].
[[3,9,2,1,2,1,2,3,1],81,157].
[[3,7,1,0,0,0,1,2,1],122,41].
[[3,9,2,1,2,0,1,2,1],88,170].
[[1,9,2,1,2,1,1,2,0],143,110].
[[2,9,2,1,1,1,1,2,0],87,52].
[[2,8,1,1,2,0,0,0,0],61,27].
[[3,7,1,1,2,0,0,0,0],52,21].
[[2,7,1,1,2,0,2,2,0],9,2].
[[1,9,2,1,2,0,2,3,0],44,53].
[[3,9,2,1,2,1,1,1,0],127,172].
[[2,7,2,1,2,0,0,0,0],46,6].
[[3,7,2,1,1,0,2,2,1],9,3].
[[2,7,1,1,2,0,2,3,1],39,14].
[[1,8,1,1,2,1,2,1,1],124,30].
[[3,6,0,1,2,1,0,0,0],18,24].
[[2,9,2,1,2,0,2,3,0],37,93].
[[2,9,2,1,1,1,1,1,0],32,31].
[[3,7,0,0,0,0,2,3,1],29,14].
[[2,8,1,1,2,0,1,2,0],42,20].
[[3,8,1,1,1,0,2,2,1],20,22].
[[3,8,1,1,2,1,1,1,0],123,61].
[[2,6,0,0,0,0,2,2,1],8,2].
[[3,6,0,0,0,0,2,2,1],11,8].
[[2,8,1,0,0,0,1,1,0],66,30].
[[3,6,1,1,2,0,1,1,0],6,1].
[[2,8,0,1,1,1,2,3,1],52,32].
[[2,7,1,0,0,0,0,0,0],347,97].
[[3,3,1,0,0,0,0,0,0],34,6].
[[1,3,2,0,0,0,0,0,0],26,0].
[[3,3,2,0,0,0,2,1,1],9,0].
[[1,9,2,1,1,1,2,3,1],82,44].
[[2,9,2,1,2,0,1,2,0],60,93].
[[3,9,2,1,2,0,2,3,1],22,49].
[[2,9,2,1,1,1,2,2,0],61,58].
[[2,8,0,1,2,0,2,1,1],17,19].
[[3,7,1,1,1,0,2,1,1],8,6].
[[1,7,2,0,0,0,2,3,1],65,9].
[[2,7,2,0,0,0,2,3,1],121,7].
[[3,7,2,1,2,0,2,3,1],77,5].
[[3,7,1,0,0,0,2,2,1],161,38].
[[3,9,2,1,2,1,2,2,0],47,232].
[[2,6,0,1,2,1,2,2,0],3,4].
[[3,6,0,1,2,1,2,2,0],24,14].
[[2,8,1,1,2,1,2,1,1],205,65].
[[3,8,0,1,2,1,1,1,1],94,101].
[[3,8,1,0,0,0,2,3,0],31,17].
[[2,7,2,1,1,0,0,0,0],1,1].
[[3,7,2,1,1,0,2,3,1],12,4].
[[2,9,2,0,0,0,2,2,0],235,334].
[[3,6,1,1,2,1,2,2,0],36,2].
[[3,8,0,0,0,0,2,2,0],69,114].
[[3,8,0,0,0,0,1,2,1],113,98].
[[1,8,1,1,2,1,1,2,1],78,27].
[[3,8,0,1,2,0,2,2,1],55,71].
[[1,9,2,1,2,0,2,3,1],47,61].
[[2,8,1,1,1,0,2,3,1],14,8].
[[2,8,0,0,0,0,1,2,1],95,69].
[[3,8,0,0,0,0,1,1,1],30,57].
[[2,8,0,1,2,0,2,3,1],40,27].
[[3,8,0,1,1,0,2,3,1],3,20].
[[1,8,1,1,1,1,0,0,0],54,13].
[[1,8,1,1,2,0,2,2,1],35,13].
[[2,8,1,1,2,0,1,2,1],93,46].
[[3,8,1,1,1,0,1,2,1],48,49].
[[1,9,2,1,1,1,2,1,1],23,15].
[[2,4,1,1,2,0,2,1,1],9,1].
[[2,7,2,1,1,1,0,0,0],19,0].
[[1,8,0,1,2,1,2,2,1],44,27].
[[3,7,0,1,1,1,2,3,1],21,9].
[[2,6,1,1,2,1,2,3,1],58,1].
[[3,6,1,1,2,1,1,2,1],63,4].
[[3,7,1,1,1,1,1,2,1],59,19].
[[2,6,1,1,2,1,2,2,1],39,2].
[[3,6,1,1,1,1,2,2,1],22,2].
[[1,9,2,1,2,0,2,2,1],36,54].
[[2,8,0,1,2,0,2,2,1],21,29].
[[3,3,2,0,0,0,2,3,1],16,0].
[[2,8,0,0,0,0,1,2,0],110,54].
[[3,9,2,0,0,0,2,1,0],15,56].
[[3,9,2,1,2,1,2,1,1],47,93].
[[3,6,1,0,0,0,2,3,0],26,1].
[[2,8,0,1,2,0,2,1,0],23,19].
[[3,8,0,1,1,0,1,1,0],2,9].
[[3,8,0,0,0,0,1,2,0],124,79].
[[3,3,2,1,2,0,2,3,0],1,0].
[[1,8,0,0,0,0,1,1,0],9,11].
[[2,8,0,1,2,1,1,1,0],30,29].
[[3,7,1,0,0,0,2,3,0],71,22].
[[3,8,0,0,0,0,2,3,0],80,120].
[[3,9,2,0,0,0,2,2,0],20,73].
[[2,9,2,1,2,0,2,1,0],32,34].
[[3,8,0,1,2,0,2,1,0],29,44].
[[1,8,1,1,2,0,2,3,1],49,23].
[[1,9,2,1,2,1,1,2,1],154,114].
[[3,8,1,0,0,0,2,3,1],290,84].
[[3,7,1,1,2,1,2,1,0],68,10].
[[2,8,1,1,2,0,2,3,0],64,24].
[[2,7,1,0,0,0,2,1,1],69,16].
[[3,7,1,1,2,0,2,1,1],42,16].
[[2,7,0,1,2,1,0,0,0],41,25].
[[1,7,2,1,2,1,0,0,0],83,2].
[[3,6,1,0,0,0,2,1,0],7,0].
[[2,8,0,1,1,1,1,2,0],22,13].
[[3,8,0,1,1,1,1,2,0],89,68].
[[2,9,2,1,1,1,1,2,1],99,76].
[[2,7,2,0,0,0,2,1,0],8,0].
[[3,7,2,1,2,1,2,1,0],14,2].
[[3,8,1,0,0,0,1,1,0],55,30].
[[3,7,2,0,0,0,2,3,1],85,2].
[[2,9,2,1,1,1,0,0,0],10,27].
[[3,9,2,1,1,1,2,2,1],28,68].
[[2,7,0,0,0,0,0,0,0],48,42].
[[2,9,2,1,2,0,2,1,1],21,44].
[[3,8,0,0,0,0,1,1,0],57,48].
[[3,8,1,1,2,0,2,1,1],77,22].
[[1,6,1,0,0,0,2,3,1],31,1].
[[3,6,1,1,2,0,2,3,1],31,5].
[[3,8,1,1,2,0,2,1,0],15,8].
[[3,8,1,1,1,1,1,2,0],114,23].
[[1,6,0,0,0,0,0,0,0],35,24].
[[2,6,0,1,2,1,2,1,1],5,2].
[[3,6,0,1,2,1,2,1,1],10,3].
[[2,4,1,1,2,0,2,2,0],13,2].
[[3,4,1,1,2,0,2,2,0],47,7].
[[1,8,1,1,1,1,2,2,0],10,1].
[[3,6,0,0,0,0,2,3,1],15,8].
[[2,7,1,0,0,0,2,1,0],41,3].
[[3,7,2,1,2,0,2,1,0],10,0].
[[3,8,0,1,1,1,2,2,0],52,94].
[[3,7,0,1,2,1,2,1,0],38,16].
[[1,8,0,1,2,1,2,1,0],45,20].
[[2,8,0,1,2,1,1,2,0],108,58].
[[1,9,2,1,2,0,2,2,0],39,46].
[[3,8,1,1,2,0,2,2,0],29,7].
[[2,7,1,1,1,1,2,2,1],12,0].
[[3,6,1,1,1,1,2,3,0],7,1].
[[1,9,2,1,2,0,1,2,0],16,20].
[[3,8,1,1,2,1,2,3,0],64,23].
[[1,6,1,0,0,0,2,1,0],4,0].
[[2,6,1,0,0,0,2,3,0],25,3].
[[2,9,2,1,1,1,2,1,0],41,38].
[[3,7,1,1,1,0,2,3,1],15,8].
[[3,3,2,0,0,0,0,0,0],37,0].
[[3,6,0,1,2,1,2,2,1],19,7].
[[3,7,1,0,0,0,0,0,0],81,25].
[[2,8,1,0,0,0,2,2,0],213,61].
[[3,8,1,0,0,0,2,2,0],24,18].
[[3,8,1,1,1,1,2,2,0],16,6].
[[2,6,0,1,2,1,2,3,1],2,4].
[[3,6,0,1,2,1,2,3,1],27,27].
[[3,7,0,0,0,0,1,2,1],5,2].
[[3,7,2,1,1,1,2,1,1],24,0].
[[2,7,0,0,0,0,2,3,0],22,1].
[[3,9,2,0,0,0,2,1,1],24,40].
[[2,9,2,1,2,0,1,1,0],23,31].
[[3,8,1,1,2,0,1,1,0],24,29].
[[2,9,2,0,0,0,2,1,0],166,202].
[[3,8,0,0,0,0,2,1,0],41,62].
[[1,8,1,1,2,1,1,1,0],5,3].
[[3,6,1,1,2,1,1,1,0],8,2].
[[2,8,1,1,2,0,2,1,0],28,12].
[[3,7,1,1,2,0,2,1,0],32,4].
[[3,7,1,1,2,1,2,2,0],110,28].
[[2,9,2,1,2,1,0,0,0],13,172].
[[3,6,1,1,2,1,2,1,0],18,1].
[[1,7,1,0,0,0,1,2,1],4,1].
[[2,7,1,0,0,0,1,2,1],42,20].
[[2,8,1,1,1,1,2,1,1],30,8].
[[1,8,1,1,2,1,1,1,1],22,17].
[[2,8,1,1,1,1,1,1,1],23,7].
[[3,6,1,1,1,1,1,1,1],10,2].
[[2,6,1,0,0,0,1,1,1],5,2].
[[3,6,1,0,0,0,1,1,1],17,3].
[[1,8,1,1,2,1,2,2,0],101,8].
[[3,9,2,1,1,1,2,3,1],33,56].
[[3,7,0,1,2,1,2,2,1],44,19].
[[1,8,0,0,0,0,1,2,0],24,19].
[[2,9,2,1,2,0,1,1,1],16,36].
[[3,5,0,1,2,0,1,1,1],37,11].
[[2,7,1,1,2,1,1,2,1],37,14].
[[3,7,2,0,0,0,2,1,0],9,0].
[[1,9,2,1,2,1,1,1,1],40,47].
[[2,5,0,1,1,1,1,1,1],7,0].
[[3,2,1,0,0,0,0,0,0],7,0].
[[2,5,0,1,2,1,1,1,0],17,3].
[[2,8,1,0,0,0,1,1,1],120,73].
[[3,8,1,1,2,1,2,1,0],26,10].
[[3,7,1,0,0,0,2,2,0],53,10].
[[2,6,1,0,0,0,0,0,0],154,8].
[[3,3,1,1,2,0,0,0,0],22,0].
[[3,7,0,1,2,1,2,3,0],78,28].
[[2,6,1,1,2,1,2,2,0],9,0].
[[3,6,1,1,2,1,1,2,0],23,0].
[[2,8,1,1,2,0,1,1,0],9,11].
[[3,7,2,1,2,0,1,1,1],8,5].
[[2,6,1,0,0,0,2,1,1],34,1].
[[3,8,0,1,1,1,2,2,1],77,79].
[[3,6,1,1,2,1,1,1,1],20,4].
[[3,6,1,0,0,0,1,2,0],19,2].
[[2,8,0,1,1,1,2,3,0],47,27].
[[3,8,0,1,2,0,2,2,0],38,65].
[[3,7,0,1,2,1,2,2,0],61,20].
[[2,7,2,0,0,0,1,2,1],43,7].
[[3,7,2,0,0,0,1,2,1],57,6].
[[3,8,0,1,1,1,2,1,1],32,39].
[[1,7,2,0,0,0,1,2,1],12,4].
[[2,9,2,1,1,1,2,3,1],112,93].
[[3,5,0,0,0,0,1,1,0],41,2].
[[3,7,1,1,2,0,1,2,1],74,22].
[[2,7,1,1,2,1,2,2,0],40,2].
[[3,7,2,0,0,0,2,2,0],15,1].
[[3,7,2,1,2,0,1,2,1],51,7].
[[2,7,2,0,0,0,2,3,0],41,2].
[[3,7,2,0,0,0,2,3,0],21,1].
[[2,8,0,0,0,0,1,1,0],62,29].
[[3,7,1,0,0,0,1,1,0],21,3].
[[1,8,1,0,0,0,1,2,0],82,26].
[[2,6,1,0,0,0,1,2,0],9,1].
[[1,7,2,0,0,0,2,2,0],17,0].
[[2,7,2,0,0,0,1,1,0],7,1].
[[3,7,2,0,0,0,1,1,0],6,2].
[[2,6,0,0,0,0,2,3,1],9,6].
[[3,6,0,0,0,0,1,2,1],1,4].
[[3,4,1,1,2,0,2,3,1],89,6].
[[3,7,0,0,0,0,1,2,0],10,2].
[[2,3,2,1,2,1,0,0,0],24,0].
[[3,2,1,1,2,1,0,0,0],16,0].
[[2,6,0,1,2,1,0,0,0],31,25].
[[3,7,0,1,2,0,1,2,1],5,1].
[[2,7,1,1,1,1,2,2,0],5,0].
[[3,7,1,1,1,1,1,2,0],22,4].
[[3,4,1,1,2,0,2,1,0],22,3].
[[3,7,2,1,1,1,0,0,0],20,1].
[[3,9,2,1,1,0,1,2,0],7,46].
[[3,8,0,1,1,0,2,2,1],1,13].
[[3,6,0,0,0,0,2,3,0],19,13].
[[3,6,1,1,1,1,2,2,0],5,1].
[[2,9,2,1,1,0,2,3,0],3,6].
[[2,8,1,1,2,0,1,1,1],36,26].
[[3,8,1,1,1,1,2,3,0],26,10].
[[3,7,1,1,1,0,0,0,0],7,5].
[[2,9,2,1,2,0,1,2,1],75,84].
[[3,9,2,1,1,0,2,2,0],2,19].
[[3,8,1,1,2,0,2,3,0],25,14].
[[1,8,1,0,0,0,1,1,0],36,25].
[[2,7,1,1,2,0,0,0,0],48,24].
[[2,7,1,0,0,0,2,2,0],84,6].
[[3,8,1,1,1,1,1,1,0],29,15].
[[2,9,2,0,0,0,0,0,0],7,157].
[[3,9,2,1,2,1,0,0,0],0,21].
[[3,7,1,1,2,0,1,1,1],17,14].
[[2,3,1,1,2,1,0,0,0],17,1].
[[3,6,0,1,1,1,2,3,1],2,5].
[[3,7,0,1,2,0,2,2,0],14,3].
[[3,1,1,1,2,0,1,2,1],1,0].
[[3,9,2,1,2,0,2,3,0],4,43].
[[1,8,1,1,1,1,2,2,1],23,6].
[[3,7,1,1,1,1,2,2,1],84,27].
[[3,7,0,0,0,0,0,0,0],22,34].
[[3,8,1,1,1,1,1,1,1],58,45].
[[3,6,1,1,2,1,0,0,0],37,3].
[[3,4,1,1,2,0,2,1,1],26,6].
[[2,9,2,1,1,1,1,1,1],27,29].
[[3,5,0,1,2,0,1,1,0],32,2].
[[2,6,1,1,1,1,2,3,1],13,1].
[[2,6,0,1,2,1,2,2,1],6,2].
[[2,2,1,0,0,0,0,0,0],14,0].
[[1,7,1,0,0,0,2,1,1],15,4].
[[1,7,1,1,2,1,1,2,1],0,1].
[[3,7,1,1,1,1,1,1,1],19,9].
[[3,6,1,1,2,0,1,1,1],7,3].
[[3,9,2,1,2,0,2,1,0],14,53].
[[1,7,2,0,0,0,2,1,1],21,6].
[[2,7,2,0,0,0,2,1,1],39,3].
[[3,7,2,1,2,1,2,3,0],53,3].
[[1,6,1,1,2,1,2,3,0],4,0].
[[3,6,1,1,2,1,2,3,0],41,1].
[[2,8,0,1,1,1,0,0,0],35,33].
[[3,8,1,1,2,1,0,0,0],0,4].
[[3,3,1,0,0,0,2,2,0],10,0].
[[1,6,1,0,0,0,2,2,0],15,0].
[[2,3,2,0,0,0,2,2,0],3,0].
[[3,3,2,1,2,1,2,2,0],4,0].
[[3,7,2,1,2,0,2,2,0],17,3].
[[2,9,2,1,1,1,2,1,1],40,34].
[[2,4,1,1,2,0,1,1,1],4,1].
[[3,7,2,1,2,1,2,2,0],37,2].
[[2,8,1,1,1,0,2,2,1],12,11].
[[3,7,1,1,1,0,2,2,1],10,10].
[[3,6,1,0,0,0,2,1,1],17,0].
[[2,6,1,0,0,0,1,1,0],0,4].
[[3,6,1,1,2,0,2,1,1],10,1].
[[3,7,1,1,1,1,1,1,0],14,9].
[[3,7,2,1,2,1,1,1,1],32,10].
[[3,8,0,1,2,0,2,3,0],45,81].
[[3,9,2,1,2,0,0,0,0],0,8].
[[1,9,2,1,1,1,2,3,0],81,34].
[[2,4,1,1,2,0,1,2,0],16,0].
[[3,5,0,1,2,1,1,2,1],47,4].
[[2,5,0,1,2,1,1,1,1],26,0].
[[3,6,0,1,2,0,2,3,0],7,2].
[[2,7,2,0,0,0,1,1,1],13,6].
[[3,7,2,0,0,0,1,1,1],21,6].
[[3,7,1,1,1,0,1,1,0],2,4].
[[3,6,1,1,2,0,1,2,1],12,4].
[[3,5,0,0,0,0,1,1,1],49,0].
[[1,9,2,1,1,1,1,1,0],12,8].
[[3,8,1,1,1,0,1,2,0],17,20].
[[3,6,0,0,0,0,2,2,0],23,7].
[[1,7,2,0,0,0,1,1,1],9,0].
[[2,3,2,0,0,0,1,1,1],2,0].
[[3,3,2,1,2,1,1,1,1],2,0].
[[2,7,1,1,2,1,1,1,1],19,11].
[[3,3,2,1,2,1,0,0,0],38,0].
[[1,7,2,1,2,1,2,2,1],6,2].
[[2,7,2,1,2,1,1,1,1],6,1].
[[3,7,2,1,1,1,1,1,1],8,2].
[[2,4,1,1,2,0,2,3,1],22,4].
[[3,8,1,1,1,0,1,1,1],17,15].
[[3,7,1,1,2,0,1,2,0],33,3].
[[3,8,0,1,1,1,0,0,0],0,36].
[[3,3,2,1,2,0,2,3,1],18,0].
[[2,7,2,0,0,0,1,2,0],12,3].
[[3,8,0,1,2,0,0,0,0],1,28].
[[1,8,1,1,2,0,2,2,0],16,5].
[[2,7,1,1,1,1,0,0,0],23,14].
[[3,6,1,1,1,0,2,3,1],4,1].
[[3,7,1,0,0,0,1,2,0],45,4].
[[2,5,0,1,1,1,1,2,0],4,1].
[[3,5,0,1,1,1,1,2,0],30,4].
[[3,7,1,1,1,0,2,3,0],7,2].
[[2,5,0,0,0,0,1,1,1],38,2].
[[3,3,2,1,2,1,2,3,0],4,0].
[[3,9,2,1,2,0,2,2,1],18,38].
[[3,7,0,0,0,0,2,2,1],15,11].
[[2,6,0,0,0,0,1,2,0],1,2].
[[3,6,0,1,2,1,1,2,0],13,3].
[[3,7,2,0,0,0,2,2,1],68,0].
[[2,4,1,1,2,0,2,3,0],22,2].
[[3,7,0,1,2,0,2,2,1],5,2].
[[1,7,1,1,2,1,2,3,0],5,0].
[[2,7,1,1,2,0,1,2,1],6,3].
[[3,5,0,0,0,0,1,2,0],28,0].
[[3,7,0,1,2,1,1,1,0],12,5].
[[1,7,2,0,0,0,2,3,0],26,1].
[[2,7,2,1,2,1,1,2,0],7,3].
[[3,7,2,1,2,0,2,3,0],16,0].
[[3,9,2,1,1,0,2,2,1],2,14].
[[3,5,0,1,1,1,1,1,1],42,5].
[[2,7,1,1,2,0,2,2,1],17,4].
[[2,8,0,1,2,0,1,2,1],12,7].
[[3,6,0,1,2,0,1,2,1],3,0].
[[2,6,1,1,2,1,1,1,0],2,0].
[[3,6,1,1,1,1,1,1,0],1,1].
[[3,8,0,1,1,0,2,2,0],2,12].
[[3,6,0,0,0,0,0,0,0],7,18].
[[1,8,1,1,2,1,1,2,0],20,6].
[[3,7,1,1,1,1,0,0,0],34,12].
[[2,7,2,0,0,0,2,2,1],87,4].
[[3,5,0,1,1,0,1,1,0],5,4].
[[2,5,0,1,2,1,1,2,1],8,0].
[[1,9,2,1,2,0,1,2,1],10,11].
[[2,9,2,1,1,0,1,2,1],2,6].
[[3,7,0,1,1,1,2,3,0],14,11].
[[3,3,1,0,0,0,2,3,1],40,3].
[[1,8,1,1,1,1,1,2,1],13,1].
[[3,7,0,1,2,0,2,1,1],7,2].
[[2,8,1,1,2,1,2,1,0],79,20].
[[3,7,2,0,0,0,0,0,0],49,3].
[[3,6,1,1,1,0,2,2,1],3,3].
[[3,7,1,1,1,1,2,1,0],16,3].
[[3,8,0,1,2,0,1,1,1],15,25].
[[2,7,0,1,2,1,2,2,0],6,1].
[[2,6,1,1,2,0,2,3,1],14,2].
[[3,3,1,1,2,0,2,3,1],16,0].
[[3,7,0,1,2,0,0,0,0],7,11].
[[2,7,2,1,2,1,2,1,1],33,1].
[[2,7,0,0,0,0,2,2,1],8,0].
[[3,7,2,1,1,0,2,1,0],0,2].
[[3,6,1,1,2,0,2,2,1],24,5].
[[3,3,2,1,1,1,2,3,1],8,0].
[[3,7,0,1,2,1,1,2,1],18,9].
[[3,3,2,0,0,0,2,2,0],5,0].
[[3,7,2,1,2,0,2,1,1],42,2].
[[3,6,1,1,1,0,2,1,1],4,0].
[[2,6,1,0,0,0,2,2,0],31,2].
[[3,6,1,0,0,0,2,2,1],32,1].
[[1,8,1,1,2,1,2,1,0],42,6].
[[3,7,0,0,0,0,2,1,0],15,3].
[[2,3,2,1,2,1,2,3,0],3,0].
[[1,7,1,0,0,0,2,3,0],21,0].
[[3,7,0,1,1,1,2,2,0],8,6].
[[3,3,1,1,2,1,2,1,1],16,0].
[[2,5,0,0,0,0,1,1,0],23,2].
[[2,8,1,1,1,1,2,1,0],19,3].
[[3,2,0,0,0,0,2,3,1],1,0].
[[3,9,2,1,1,0,1,1,1],3,15].
[[3,1,1,1,2,0,1,1,0],1,0].
[[2,7,0,1,2,1,2,2,1],10,2].
[[3,7,0,1,2,1,1,1,1],6,5].
[[3,7,2,1,2,0,2,2,1],51,3].
[[3,6,1,1,1,1,0,0,0],3,1].
[[2,8,0,1,2,1,1,1,1],19,22].
[[3,7,0,1,1,1,1,1,1],1,1].
[[2,7,2,1,2,0,2,2,1],25,5].
[[2,3,1,0,0,0,2,3,1],10,0].
[[3,3,1,1,2,1,2,3,1],40,1].
[[3,5,0,1,2,0,1,2,0],16,2].
[[3,6,1,1,1,1,2,1,0],4,0].
[[3,7,1,0,0,0,2,1,0],31,7].
[[2,7,0,0,0,0,2,2,0],10,2].
[[3,5,0,1,1,1,1,1,0],34,6].
[[1,8,1,1,2,0,1,2,0],3,4].
[[3,7,2,1,2,0,1,1,0],6,4].
[[2,4,1,1,2,0,2,1,0],5,0].
[[3,6,0,1,2,1,2,1,0],20,11].
[[1,3,2,0,0,0,2,2,1],1,0].
[[2,3,2,1,2,1,2,3,1],3,0].
[[2,9,2,1,1,0,2,1,1],2,3].
[[2,8,1,1,1,0,2,1,0],3,1].
[[3,6,1,0,0,0,1,2,1],39,5].
[[2,9,2,1,1,0,1,2,0],4,10].
[[3,8,0,1,1,0,1,2,0],7,12].
[[1,6,1,0,0,0,2,1,1],14,0].
[[3,8,0,1,1,1,1,1,1],24,39].
[[2,8,0,1,2,0,1,1,1],5,4].
[[1,7,1,0,0,0,1,2,0],3,1].
[[2,7,1,1,2,1,1,2,0],11,2].
[[3,7,0,1,2,1,1,2,0],38,3].
[[3,7,2,1,1,0,1,1,1],2,2].
[[3,3,2,0,0,0,2,3,0],4,0].
[[3,7,2,0,0,0,1,2,0],20,2].
[[2,6,1,1,2,1,2,1,1],18,0].
[[3,3,1,1,2,1,1,1,1],7,0].
[[3,5,0,1,1,0,1,1,1],3,2].
[[3,7,2,0,0,0,2,1,1],30,2].
[[3,7,0,1,2,0,1,2,0],9,1].
[[3,9,2,1,1,0,2,3,1],1,16].
[[3,8,0,1,1,0,1,2,1],7,7].
[[1,8,0,0,0,0,1,2,1],7,4].
[[3,6,1,1,1,0,2,3,0],1,2].
[[3,7,2,1,1,1,2,1,0],6,0].
[[3,3,1,1,2,1,2,3,0],16,0].
[[3,7,0,1,1,1,2,2,1],11,3].
[[2,7,2,1,2,1,1,2,1],19,13].
[[2,3,2,1,2,0,0,0,0],6,0].
[[1,6,1,0,0,0,1,2,1],7,1].
[[2,6,1,0,0,0,1,2,1],27,1].
[[1,9,2,1,2,0,2,1,0],31,21].
[[2,7,1,1,1,1,2,1,0],4,0].
[[2,5,0,1,2,0,1,2,0],3,0].
[[3,5,0,1,1,0,1,2,0],5,1].
[[3,6,1,1,2,0,1,2,0],8,1].
[[1,8,0,1,2,1,1,2,1],6,1].
[[2,7,1,1,1,1,1,2,1],1,1].
[[1,6,1,0,0,0,2,2,1],20,1].
[[3,6,0,1,2,1,2,3,0],31,10].
[[3,7,1,1,1,0,1,2,1],5,6].
[[3,7,2,1,2,1,1,2,0],34,2].
[[1,9,2,1,1,1,1,2,0],24,7].
[[1,8,1,1,2,0,1,2,1],9,12].
[[2,8,0,1,1,1,1,2,1],11,8].
[[3,7,0,0,0,0,2,1,1],6,4].
[[2,6,1,1,2,1,1,2,1],10,4].
[[3,3,2,1,2,1,1,2,1],11,0].
[[3,7,1,1,2,0,1,1,0],14,2].
[[2,8,0,1,2,0,1,1,0],5,6].
[[1,7,2,1,2,1,2,2,0],5,0].
[[2,7,2,1,2,1,2,2,0],22,0].
[[3,7,2,1,1,1,1,2,0],9,1].
[[3,7,2,1,1,1,2,3,0],10,4].
[[3,6,1,0,0,0,2,2,0],19,0].
[[1,9,2,1,1,1,1,1,1],10,5].
[[2,5,0,1,1,1,1,1,0],6,3].
[[3,7,0,1,1,1,1,2,1],6,2].
[[3,5,0,1,2,0,1,2,1],18,0].
[[1,8,0,1,2,1,1,2,0],5,6].
[[1,7,1,1,2,1,2,1,1],2,0].
[[1,6,1,0,0,0,1,1,1],3,0].
[[2,3,2,0,0,0,1,2,1],4,0].
[[3,8,0,1,1,0,2,1,1],0,10].
[[1,7,1,0,0,0,2,2,0],15,0].
[[3,7,2,1,1,1,2,3,1],43,2].
[[2,5,0,0,0,0,1,2,1],9,0].
[[3,3,1,1,1,1,0,0,0],11,0].
[[2,6,1,1,1,1,2,1,1],6,0].
[[1,9,2,1,2,0,2,1,1],15,17].
[[3,7,0,1,1,1,1,2,0],6,1].
[[2,6,1,1,2,1,1,1,1],4,1].
[[3,7,0,1,1,1,0,0,0],7,10].
[[1,8,1,1,1,1,2,3,0],11,2].
[[3,8,0,1,2,0,2,1,1],28,30].
[[3,6,0,0,0,0,2,1,1],4,5].
[[2,3,1,1,2,1,2,2,1],2,0].
[[3,3,1,1,2,1,1,2,1],12,1].
[[3,9,2,1,1,0,2,1,1],1,12].
[[2,7,0,0,0,0,2,1,1],2,3].
[[3,7,1,1,2,0,2,2,0],33,8].
[[2,7,2,1,1,0,2,3,0],2,1].
[[3,4,0,1,2,0,2,3,1],0,1].
[[3,3,2,1,2,1,2,3,1],20,0].
[[3,7,0,1,2,0,1,1,0],2,0].
[[3,6,0,1,2,1,1,2,1],12,8].
[[3,3,1,0,0,0,1,2,1],5,1].
[[2,7,1,0,0,0,1,2,0],16,0].
[[3,7,0,1,1,1,2,1,0],7,2].
[[2,8,0,1,1,1,2,1,1],10,13].
[[3,6,0,0,0,0,1,1,1],1,2].
[[3,6,1,1,1,1,2,1,1],10,1].
[[1,6,1,0,0,0,2,3,0],11,0].
[[3,6,1,1,2,0,2,3,0],16,0].
[[3,8,1,1,1,0,2,1,1],9,11].
[[2,6,1,1,2,1,1,2,0],6,0].
[[3,6,1,1,2,0,0,0,0],7,0].
[[3,6,1,1,2,0,2,2,0],4,1].
[[3,9,2,1,1,0,1,1,0],5,16].
[[3,6,0,0,0,0,2,1,0],5,5].
[[2,7,2,1,1,1,2,2,1],8,0].
[[3,3,2,1,1,1,2,2,1],3,0].
[[2,7,2,0,0,0,2,2,0],25,1].
[[1,9,2,1,2,0,1,1,1],2,11].
[[3,7,0,0,0,0,1,1,1],4,1].
[[3,7,2,1,2,0,0,0,0],33,3].
[[2,3,2,0,0,0,2,3,1],8,0].
[[3,3,2,1,2,0,1,2,1],6,0].
[[2,5,0,1,2,1,1,2,0],23,3].
[[3,4,0,1,2,0,2,2,1],0,3].
[[2,6,1,1,2,0,1,2,1],1,2].
[[3,6,0,1,2,1,1,1,0],4,0].
[[3,3,1,1,2,0,2,2,0],2,0].
[[2,7,0,1,2,1,2,3,0],11,3].
[[1,7,1,0,0,0,1,1,1],2,2].
[[2,7,2,1,2,0,1,2,0],4,0].
[[3,7,2,1,1,0,1,2,0],3,3].
[[3,6,0,0,0,0,1,1,0],6,2].
[[2,5,0,1,1,0,1,2,0],1,0].
[[2,6,0,1,2,1,2,3,0],10,2].
[[2,6,0,0,0,0,2,3,0],13,6].
[[2,8,1,1,1,1,0,0,0],30,6].
[[3,8,1,1,1,0,1,1,0],7,9].
[[3,6,1,0,0,0,1,1,0],2,4].
[[2,7,0,1,2,1,2,3,1],6,1].
[[3,8,0,1,1,0,1,1,1],2,3].
[[2,7,1,1,2,0,2,1,1],7,3].
[[3,3,1,1,2,0,2,1,1],5,0].
[[3,5,0,0,0,0,1,2,1],25,3].
[[2,6,1,0,0,0,2,1,0],13,0].
[[1,8,1,1,2,0,1,1,1],4,3].
[[2,8,1,1,1,0,1,1,1],5,4].
[[3,3,2,1,1,1,2,1,1],2,0].
[[2,7,2,1,2,0,2,1,1],10,1].
[[3,3,2,1,2,0,2,1,1],4,0].
[[2,5,0,1,2,0,1,1,0],6,0].
[[1,8,1,1,2,0,2,1,0],7,0].
[[3,2,1,1,2,1,2,2,0],2,0].
[[2,7,0,0,0,0,1,2,0],2,0].
[[2,8,1,1,1,1,1,1,0],7,3].
[[2,7,1,1,1,1,1,1,1],1,0].
[[2,7,1,0,0,0,1,1,0],3,0].
[[2,8,1,1,1,0,2,1,1],5,5].
[[2,7,2,1,2,1,2,1,0],8,0].
[[1,8,0,1,2,1,2,1,1],19,15].
[[3,7,0,1,1,1,2,1,1],3,2].
[[3,6,0,1,2,0,2,3,1],7,2].
[[1,7,2,1,2,0,2,2,1],5,0].
[[2,2,1,1,2,1,0,0,0],5,0].
[[3,3,1,0,0,0,2,1,1],7,0].
[[2,2,1,0,0,0,2,1,1],1,0].
[[3,2,1,1,2,0,1,1,1],1,0].
[[1,3,2,0,0,0,2,3,1],3,0].
[[2,3,1,0,0,0,2,3,0],4,0].
[[3,3,2,1,1,0,0,0,0],1,0].
[[2,5,0,1,2,0,1,1,1],9,2].
[[2,6,0,0,0,0,2,2,0],11,3].
[[1,6,0,0,0,0,2,2,0],3,2].
[[2,6,1,1,2,1,2,1,0],11,0].
[[3,3,1,1,1,1,2,1,0],3,0].
[[2,8,1,1,1,1,1,2,0],24,5].
[[2,7,0,1,2,1,2,1,0],4,3].
[[3,3,2,0,0,0,1,2,1],8,0].
[[1,7,2,1,2,1,2,3,0],4,2].
[[2,7,2,1,1,1,2,3,0],1,1].
[[3,6,0,0,0,0,1,2,0],6,0].
[[1,7,2,1,2,1,2,3,1],11,2].
[[2,7,1,1,2,0,1,2,0],4,0].
[[2,7,2,1,1,1,2,3,1],12,1].
[[3,6,0,1,1,1,2,2,0],2,5].
[[1,8,1,1,1,1,2,1,1],7,3].
[[2,3,2,0,0,0,2,1,1],5,0].
[[3,5,0,1,1,0,1,2,1],1,2].
[[3,9,2,1,1,0,2,3,0],0,8].
[[2,8,1,1,1,0,2,3,0],2,2].
[[3,6,0,1,1,1,2,3,0],10,5].
[[2,7,2,1,2,0,2,2,0],12,1].
[[2,8,1,1,1,0,1,2,1],4,3].
[[2,9,2,1,1,0,2,3,1],2,15].
[[2,7,0,0,0,0,2,3,1],10,1].
[[2,3,2,1,2,0,2,3,1],3,0].
[[3,3,2,1,1,0,2,3,1],1,0].
[[2,3,1,1,2,1,2,3,1],3,0].
[[3,3,1,1,1,1,1,2,1],3,0].
[[2,3,1,0,0,0,2,1,1],3,0].
[[3,6,0,1,1,1,2,1,0],1,1].
[[1,8,1,1,1,1,2,1,0],6,0].
[[1,7,1,0,0,0,2,1,0],8,0].
[[3,3,1,1,2,1,2,1,0],6,0].
[[3,6,0,1,1,1,1,2,0],2,0].
[[2,7,2,1,2,1,1,1,0],2,0].
[[3,8,1,1,1,1,2,1,0],12,4].
[[3,7,2,1,1,1,2,2,0],6,1].
[[3,7,2,1,1,0,1,2,1],6,7].
[[1,7,2,1,2,0,2,2,0],0,1].
[[3,7,2,1,1,0,2,2,0],1,2].
[[3,4,0,1,2,0,2,1,0],0,1].
[[2,6,1,1,2,0,2,2,1],7,2].
[[1,7,2,0,0,0,2,1,0],10,1].
[[2,3,2,1,2,1,2,1,0],2,0].
[[3,3,2,1,2,1,2,1,0],4,0].
[[3,6,1,0,0,0,0,0,0],20,1].
[[3,3,1,1,1,1,2,3,1],3,1].
[[3,3,1,1,1,1,2,1,1],1,2].
[[3,3,2,0,0,0,2,2,1],16,0].
[[3,3,1,1,2,0,2,2,1],10,0].
[[3,8,1,1,1,0,2,1,0],2,1].
[[2,7,2,1,2,0,2,3,0],5,1].
[[3,7,2,1,1,0,2,3,0],8,0].
[[2,9,2,1,1,0,2,2,0],3,5].
[[2,8,1,1,1,0,1,1,0],0,1].
[[3,7,0,0,0,0,1,1,0],5,1].
[[2,7,1,1,1,1,2,1,1],4,2].
[[1,9,2,1,2,0,1,1,0],2,6].
[[3,6,0,1,1,1,2,2,1],4,1].
[[3,8,1,1,1,0,2,3,0],1,4].
[[1,6,1,1,2,1,2,1,0],2,0].
[[3,7,1,1,1,0,1,2,0],7,4].
[[2,8,0,1,1,1,1,1,1],8,1].
[[2,7,2,1,2,0,1,1,1],2,0].
[[1,8,1,1,1,1,1,2,0],4,1].
[[2,7,2,1,1,1,1,2,1],2,1].
[[3,7,0,1,1,1,1,1,0],3,1].
[[1,7,2,1,2,0,2,1,0],1,0].
[[2,7,2,1,1,0,1,2,0],1,1].
[[3,3,2,1,1,0,1,2,0],1,0].
[[3,3,1,1,2,1,2,2,0],6,0].
[[3,6,0,1,1,1,0,0,0],3,8].
[[3,8,1,1,1,0,2,2,0],6,2].
[[2,8,0,1,1,1,1,1,0],8,4].
[[3,6,0,1,2,0,2,1,0],4,0].
[[1,7,1,1,2,1,2,1,0],1,0].
[[1,7,2,1,2,1,1,1,1],0,1].
[[2,3,2,1,2,1,1,1,1],0,1].
[[3,3,2,1,1,1,1,1,1],0,1].
[[2,6,1,1,1,1,0,0,0],13,0].
[[3,6,0,1,1,1,1,1,0],3,0].
[[3,3,2,1,1,1,0,0,0],5,0].
[[2,3,2,1,2,0,2,2,1],2,0].
[[3,3,2,1,2,0,1,1,1],2,0].
[[3,7,2,1,2,0,1,2,0],9,2].
[[2,6,1,1,1,1,2,3,0],4,0].
[[2,6,1,1,1,1,2,1,0],1,0].
[[3,8,1,0,0,0,0,0,0],0,2].
[[3,6,0,1,1,1,2,1,1],2,1].
[[3,3,1,0,0,0,2,1,0],4,0].
[[3,4,0,1,2,0,1,1,1],0,1].
[[3,6,1,1,2,0,2,1,0],1,0].
[[2,8,1,1,1,0,2,2,0],3,4].
[[1,2,1,0,0,0,0,0,0],7,0].
[[3,2,1,1,1,1,0,0,0],1,0].
[[1,7,2,1,2,0,2,3,1],1,2].
[[1,6,0,0,0,0,2,3,0],2,1].
[[1,7,1,1,2,1,2,3,1],8,2].
[[2,7,2,1,2,0,2,1,0],3,1].
[[3,9,2,1,1,1,0,0,0],0,4].
[[2,7,0,1,2,1,2,1,1],1,2].
[[2,6,0,1,2,1,2,1,0],3,1].
[[3,3,0,1,2,1,2,1,0],0,1].
[[2,6,1,1,1,1,2,2,0],1,0].
[[2,3,1,0,0,0,2,2,1],4,0].
[[2,3,2,0,0,0,2,2,1],5,0].
[[2,6,0,0,0,0,2,1,1],6,0].
[[1,8,0,0,0,0,1,1,1],1,4].
[[3,3,2,1,2,0,2,2,0],2,0].
[[3,4,1,1,2,0,0,0,0],6,0].
[[3,3,1,1,1,1,2,2,0],2,0].
[[3,6,1,1,1,0,1,2,1],3,0].
[[2,6,1,1,2,0,1,1,1],1,0].
[[2,8,1,1,1,0,0,0,0],3,5].
[[3,9,2,0,0,0,0,0,0],0,6].
[[1,7,2,1,2,1,2,1,1],7,0].
[[1,6,1,1,2,1,1,2,1],2,1].
[[2,3,2,1,2,1,1,2,1],1,0].
[[3,3,2,1,1,1,1,2,1],2,0].
[[2,6,0,0,0,0,2,1,0],4,4].
[[3,8,1,1,1,1,0,0,0],0,1].
[[3,8,0,1,1,0,2,1,0],2,2].
[[2,7,1,1,1,1,2,3,0],6,0].
[[3,3,1,1,2,0,1,2,0],1,0].
[[3,2,1,1,2,1,2,3,0],1,0].
[[2,3,2,1,2,1,2,1,1],3,0].
[[2,8,1,1,1,0,1,2,0],2,2].
[[1,8,1,1,1,1,1,1,1],1,1].
[[3,3,1,0,0,0,2,3,0],8,0].
[[3,3,2,1,2,1,2,1,1],12,0].
[[2,3,1,0,0,0,2,2,0],3,0].
[[1,7,2,0,0,0,1,1,0],1,0].
[[3,3,2,1,2,1,1,1,0],1,0].
[[3,6,1,1,1,0,0,0,0],2,1].
[[2,9,2,1,1,0,2,1,0],0,4].
[[3,9,2,1,1,0,2,1,0],1,5].
[[1,6,1,1,2,1,2,2,1],3,1].
[[2,7,1,1,2,1,1,1,0],4,2].
[[3,2,1,0,0,0,1,2,1],2,0].
[[3,7,0,1,2,0,2,1,0],3,2].
[[1,7,2,0,0,0,1,2,0],3,1].
[[2,3,2,1,2,0,1,2,0],1,0].
[[3,3,2,1,2,0,1,2,0],2,0].
[[3,2,0,0,0,0,2,2,1],1,0].
[[3,3,2,1,2,1,1,2,0],2,0].
[[2,7,2,1,1,1,2,2,0],2,0].
[[2,7,1,1,1,1,1,2,0],2,0].
[[2,7,2,1,2,0,1,2,1],2,1].
[[2,7,2,1,1,0,2,2,1],1,0].
[[1,7,1,1,2,1,2,2,1],7,1].
[[3,3,1,1,1,1,2,2,1],2,0].
[[3,2,0,0,0,0,0,0,0],1,0].
[[3,8,0,1,1,0,2,3,0],1,10].
[[2,7,1,1,2,0,1,1,1],2,3].
[[3,3,1,1,2,0,1,2,1],5,0].
[[2,7,1,1,2,0,1,1,0],0,2].
[[3,2,1,1,2,0,0,0,0],3,0].
[[3,6,0,1,1,1,1,2,1],0,2].
[[1,8,0,1,2,1,1,1,0],2,4].
[[3,2,0,1,2,1,0,0,0],2,0].
[[1,7,2,1,2,0,2,3,0],2,0].
[[2,7,2,1,1,0,2,3,1],1,1].
[[3,6,1,1,1,0,2,2,0],2,0].
[[3,3,1,1,2,1,1,2,0],2,0].
[[2,9,2,1,1,0,1,1,1],3,3].
[[2,3,2,1,2,1,2,2,1],4,0].
[[3,3,0,0,0,0,0,0,0],0,2].
[[2,9,2,1,1,0,0,0,0],0,1].
[[3,8,0,1,1,0,0,0,0],0,2].
[[3,3,0,1,2,1,2,3,1],0,2].
[[3,2,1,0,0,0,2,3,1],1,0].
[[2,7,2,1,1,0,2,1,1],2,0].
[[3,7,2,1,1,0,2,1,1],3,1].
[[3,6,1,1,1,1,1,2,0],1,0].
[[2,7,0,0,0,0,2,1,0],2,3].
[[3,3,1,1,2,0,2,3,0],4,0].
[[3,3,2,1,2,0,2,2,1],5,0].
[[3,4,0,1,2,0,1,2,0],0,3].
[[2,3,2,0,0,0,2,1,0],1,0].
[[2,3,2,1,2,1,2,2,0],1,0].
[[2,6,1,1,2,0,2,1,1],2,0].
[[1,6,0,0,0,0,2,1,0],2,0].
[[3,3,2,1,1,1,2,2,0],2,0].
[[1,3,2,0,0,0,2,3,0],2,0].
[[2,3,2,0,0,0,2,3,0],4,0].
[[1,7,1,1,2,1,2,2,0],2,0].
[[3,2,1,0,0,0,2,3,0],1,0].
[[1,7,2,1,2,1,1,2,1],1,1].
[[3,3,2,0,0,0,1,2,0],2,0].
[[2,6,1,1,2,0,2,3,0],1,0].
[[2,6,0,1,2,1,1,2,1],0,1].
[[2,6,1,1,2,0,2,2,0],2,0].
[[3,3,1,1,1,1,2,3,0],2,0].
[[1,8,1,1,1,1,1,1,0],0,1].
[[3,6,0,1,2,0,1,1,0],1,2].
[[1,7,2,1,2,0,1,2,1],2,0].
[[3,7,2,1,1,1,1,1,0],1,2].
[[3,2,1,1,2,1,2,2,1],4,0].
[[2,7,2,1,1,1,2,1,1],3,0].
[[3,6,1,1,1,0,1,1,1],0,1].
[[3,3,2,1,2,0,1,1,0],1,0].
[[3,7,0,1,2,0,1,1,1],0,1].
[[2,6,1,1,1,1,1,2,1],2,0].
[[2,3,1,1,2,1,2,3,0],1,0].
[[2,6,0,1,2,1,1,2,0],1,0].
[[3,6,0,1,2,0,2,1,1],2,1].
[[2,7,0,1,2,1,1,1,0],0,1].
[[2,3,1,0,0,0,2,1,0],1,0].
[[3,4,0,1,2,0,2,2,0],0,1].
[[1,6,1,0,0,0,1,1,0],1,0].
[[2,6,1,1,2,0,1,1,0],1,0].
[[3,3,1,1,2,1,1,1,0],4,0].
[[2,7,0,0,0,0,1,1,1],1,0].
[[2,7,2,1,1,0,1,2,1],0,1].
[[3,3,2,1,1,0,1,2,1],1,0].
[[1,6,1,0,0,0,1,2,0],1,0].
[[1,7,1,1,2,1,1,2,0],1,0].
[[2,3,1,1,2,1,1,2,0],1,0].
[[3,3,2,0,0,0,1,1,1],1,0].
[[2,7,0,1,2,1,1,2,0],1,0].
[[3,6,0,1,2,0,2,2,1],1,2].
[[3,4,0,1,2,0,1,2,1],0,1].
[[2,7,2,1,1,1,1,1,1],1,0].
[[2,7,2,1,1,1,2,1,0],1,0].
[[2,3,2,1,2,0,1,2,1],1,0].
[[3,6,0,1,2,0,1,2,0],1,0].
[[3,2,1,1,2,1,1,2,1],2,0].
[[2,6,1,1,1,1,1,1,1],2,0].
[[3,3,2,1,1,1,1,2,0],1,0].
[[3,6,1,1,1,0,1,1,0],0,1].
[[3,1,1,1,2,0,1,1,1],2,0].
[[3,3,2,1,1,0,2,2,1],1,0].
[[1,6,1,1,2,1,2,1,1],1,0].
[[1,8,0,1,2,1,1,1,1],0,1].
[[2,7,1,1,1,1,1,1,0],1,0].
[[3,7,2,1,1,0,0,0,0],1,0].
[[3,3,1,0,0,0,1,1,1],2,0].
[[2,6,1,1,1,1,2,2,1],3,0].
[[2,7,2,1,1,0,2,2,0],0,1].
[[2,7,2,1,1,1,1,2,0],2,0].
[[1,7,2,1,2,1,1,2,0],1,0].
[[3,2,1,1,2,0,2,3,1],2,0].
[[2,6,0,0,0,0,1,1,0],1,0].
[[2,3,1,0,0,0,1,1,1],1,0].
[[2,2,1,1,2,1,2,2,1],1,0].
[[3,2,1,1,2,0,2,2,1],1,0].
[[3,2,1,1,1,1,1,2,1],1,0].
[[2,6,1,1,2,0,2,1,0],1,0].
[[3,6,0,1,2,1,1,1,1],0,2].
[[2,7,2,1,1,0,1,1,1],1,0].
[[3,4,0,1,2,0,1,1,0],0,1].
[[3,7,2,1,1,0,1,1,0],0,1].
[[2,5,0,1,2,0,1,2,1],1,0].
[[3,3,1,0,0,0,1,2,0],1,0].
