total_WL(14957,20384).
[[1,9,2,0,0,0,2,3,0],592,1145].
[[2,9,1,0,0,0,2,3,0],45,104].
[[3,9,1,0,0,0,2,3,0],9,78].
[[1,7,2,1,2,1,2,3,2],33,7].
[[2,7,2,1,2,1,2,2,1],41,9].
[[3,7,1,1,2,1,2,2,1],245,111].
[[2,9,2,1,2,1,2,2,0],80,338].
[[3,9,1,1,2,1,2,3,0],24,210].
[[1,8,1,0,0,0,2,2,0],126,61].
[[2,7,1,0,0,0,2,2,0],21,11].
[[3,3,1,0,0,0,2,2,0],3,2].
[[2,8,1,1,2,1,2,2,0],109,52].
[[3,7,2,1,2,1,1,2,1],120,12].
[[1,8,1,0,0,0,2,3,2],822,470].
[[2,7,2,0,0,0,2,3,2],141,26].
[[3,7,2,1,2,0,2,3,1],55,13].
[[1,8,1,1,2,1,2,2,1],242,85].
[[2,7,1,1,2,1,2,2,1],103,37].
[[3,7,1,1,1,1,2,2,1],64,30].
[[1,9,2,0,0,0,2,3,1],489,1352].
[[2,9,2,0,0,0,1,2,2],81,224].
[[3,9,1,1,2,0,1,2,1],12,91].
[[1,8,1,0,0,0,2,2,1],658,333].
[[2,8,1,0,0,0,1,1,1],153,124].
[[3,7,1,0,0,0,1,1,1],45,22].
[[1,9,2,0,0,0,1,2,2],263,492].
[[2,9,2,1,2,0,1,2,2],13,69].
[[2,8,1,0,0,0,2,3,0],133,85].
[[3,8,1,0,0,0,1,2,0],48,25].
[[2,8,1,1,2,1,2,2,1],351,201].
[[3,8,1,1,1,1,2,2,1],59,52].
[[1,8,0,0,0,0,2,3,0],105,172].
[[2,8,0,1,2,1,1,2,0],34,72].
[[3,7,1,1,2,1,1,2,0],40,9].
[[2,7,2,1,2,1,2,3,2],82,11].
[[3,7,2,1,2,1,2,3,1],122,9].
[[2,8,1,1,2,1,1,1,1],107,104].
[[3,8,1,1,2,1,1,1,1],191,182].
[[1,8,1,0,0,0,2,3,0],156,86].
[[2,6,1,0,0,0,2,3,0],21,0].
[[3,6,1,1,2,1,1,2,0],6,1].
[[2,9,2,0,0,0,2,3,0],184,550].
[[3,8,0,1,2,1,2,3,0],102,547].
[[2,8,1,0,0,0,2,2,1],407,235].
[[3,8,1,0,0,0,1,2,1],299,180].
[[1,9,2,0,0,0,2,2,1],313,841].
[[2,9,2,0,0,0,2,2,1],44,239].
[[3,9,2,0,0,0,1,2,1],23,176].
[[1,8,1,1,2,1,2,1,0],23,8].
[[2,7,1,1,2,1,2,1,0],6,4].
[[3,7,1,1,2,1,2,1,0],27,18].
[[1,8,1,0,0,0,1,2,1],250,165].
[[2,6,1,0,0,0,1,2,1],24,3].
[[3,6,1,0,0,0,1,1,1],17,3].
[[2,8,0,0,0,0,2,3,0],120,339].
[[3,8,0,0,0,0,2,3,0],44,228].
[[1,9,2,0,0,0,0,0,0],274,1250].
[[3,9,2,0,0,0,2,3,0],2,62].
[[1,8,1,1,2,1,0,0,0],307,194].
[[2,8,1,1,2,1,0,0,0],20,45].
[[3,8,1,1,1,1,2,2,0],33,43].
[[2,9,2,0,0,0,1,2,1],135,441].
[[1,9,2,1,2,1,2,3,2],185,486].
[[2,8,1,1,2,1,2,3,2],279,149].
[[3,8,1,1,2,1,2,3,2],90,70].
[[1,8,0,1,2,1,0,0,0],136,327].
[[3,7,1,1,1,1,1,1,1],31,15].
[[1,9,2,0,0,0,1,2,1],250,470].
[[3,9,2,1,2,0,1,2,2],3,43].
[[2,8,1,0,0,0,1,2,2],194,126].
[[3,8,1,1,2,1,1,2,2],201,152].
[[1,9,2,1,1,1,2,3,0],35,46].
[[2,8,0,1,1,1,2,3,0],19,42].
[[3,7,0,1,1,1,2,3,0],2,16].
[[1,8,0,0,0,0,0,0,0],404,1053].
[[2,8,0,1,2,1,2,3,0],117,301].
[[2,7,1,0,0,0,2,2,1],146,59].
[[3,7,1,0,0,0,2,2,1],124,52].
[[1,9,2,1,2,1,0,0,0],149,501].
[[2,9,2,1,1,1,2,3,0],69,88].
[[3,9,1,1,1,1,2,3,0],6,79].
[[1,9,2,0,0,0,1,1,0],32,116].
[[2,8,0,0,0,0,1,1,0],9,34].
[[3,8,0,0,0,0,1,1,0],7,54].
[[3,8,1,1,2,0,2,3,0],34,58].
[[2,9,1,1,2,1,2,3,0],40,119].
[[2,8,1,1,2,1,1,2,1],329,198].
[[3,5,0,1,2,1,1,1,1],345,17].
[[2,8,1,0,0,0,1,1,0],15,17].
[[3,8,1,0,0,0,1,1,0],13,16].
[[2,9,2,1,2,1,1,2,2],82,253].
[[3,8,0,1,2,1,1,2,2],25,292].
[[1,9,2,1,2,1,1,2,2],125,204].
[[2,8,1,1,2,1,1,2,2],137,101].
[[1,9,2,1,2,1,2,2,0],146,313].
[[2,9,2,1,1,1,1,2,0],23,44].
[[3,8,0,1,1,1,1,2,0],16,71].
[[2,8,0,0,0,0,2,3,1],104,352].
[[3,6,0,1,2,0,2,3,1],1,4].
[[1,8,1,0,0,0,2,3,1],844,469].
[[2,8,1,1,2,0,1,2,1],97,83].
[[3,8,1,1,2,0,1,2,1],222,181].
[[1,8,1,1,2,1,2,3,2],282,142].
[[2,9,2,1,1,1,2,2,0],38,53].
[[3,9,2,1,1,1,1,2,0],11,50].
[[1,9,2,0,0,0,2,2,0],327,806].
[[3,9,2,1,2,1,2,2,0],5,125].
[[3,8,1,1,1,0,1,2,1],35,54].
[[2,8,1,1,2,0,2,2,1],90,70].
[[3,8,1,1,2,0,2,2,1],58,60].
[[2,9,2,1,2,1,2,3,0],158,496].
[[2,9,2,1,2,0,0,0,0],2,41].
[[3,9,2,1,2,0,0,0,0],0,3].
[[1,9,2,1,2,1,2,3,0],283,512].
[[3,7,1,1,2,1,2,3,0],94,60].
[[1,9,2,0,0,0,2,3,2],348,1024].
[[3,8,1,1,2,1,2,3,0],105,136].
[[1,8,1,1,2,1,2,1,1],93,43].
[[2,8,1,1,2,1,2,1,1],131,108].
[[3,8,1,1,2,1,1,2,1],607,466].
[[2,8,0,1,2,1,1,2,1],47,126].
[[3,7,1,1,2,1,1,2,1],325,84].
[[3,5,0,0,0,0,1,1,1],153,10].
[[1,8,1,1,2,1,2,3,1],287,125].
[[2,7,1,1,2,1,2,3,1],117,52].
[[3,7,1,1,1,1,2,3,1],86,47].
[[3,8,0,1,2,0,2,3,2],4,42].
[[1,8,1,0,0,0,0,0,0],944,632].
[[2,8,1,0,0,0,2,3,1],559,352].
[[1,9,2,0,0,0,2,1,1],163,420].
[[2,8,0,0,0,0,2,1,1],28,117].
[[3,8,0,1,2,1,2,3,1],44,304].
[[1,9,2,0,0,0,1,2,0],137,279].
[[2,9,2,0,0,0,1,2,0],79,155].
[[3,8,1,1,2,0,1,1,1],54,80].
[[2,9,2,1,2,1,1,1,1],63,153].
[[3,8,0,1,2,1,1,1,1],16,158].
[[1,7,1,0,0,0,0,0,0],229,117].
[[2,7,1,0,0,0,2,3,2],160,72].
[[3,7,1,1,2,0,1,2,2],39,13].
[[1,8,1,1,2,1,1,2,1],82,46].
[[1,9,2,1,2,1,1,2,1],122,174].
[[2,5,0,1,1,1,1,2,1],3,0].
[[3,5,0,1,1,1,1,2,1],26,3].
[[2,8,0,1,2,1,0,0,0],42,288].
[[3,8,0,1,2,1,2,2,0],50,396].
[[3,8,1,1,2,1,2,3,1],254,199].
[[2,9,2,0,0,0,2,3,1],77,373].
[[3,9,1,0,0,0,1,2,1],18,141].
[[1,9,2,1,2,0,1,1,1],4,12].
[[2,5,0,1,2,0,1,1,1],28,6].
[[3,5,0,1,1,0,1,1,1],9,9].
[[2,9,2,0,0,0,2,3,2],28,154].
[[3,8,0,0,0,0,2,3,2],9,50].
[[1,8,1,0,0,0,1,1,1],86,97].
[[2,7,2,0,0,0,2,3,1],100,8].
[[3,7,2,0,0,0,2,3,1],71,4].
[[2,8,0,0,0,0,0,0,0],34,338].
[[2,9,1,0,0,0,1,2,1],56,159].
[[2,8,0,1,2,1,2,2,0],63,194].
[[2,8,1,0,0,0,2,2,0],108,75].
[[3,8,1,0,0,0,2,3,0],39,60].
[[1,9,2,1,2,1,2,2,1],182,360].
[[2,8,0,1,1,1,2,2,1],15,20].
[[3,4,1,1,2,0,1,1,1],56,19].
[[2,9,2,1,2,0,2,3,0],29,140].
[[3,9,2,1,1,1,1,2,2],3,44].
[[1,8,1,0,0,0,2,1,1],297,145].
[[2,6,1,0,0,0,2,1,1],21,1].
[[3,3,1,1,2,1,2,1,1],12,3].
[[1,8,0,1,2,1,2,3,2],52,110].
[[2,8,0,1,2,1,1,2,2],57,124].
[[2,8,0,0,0,0,2,3,2],82,277].
[[3,7,1,0,0,0,2,3,2],126,43].
[[2,8,0,0,0,0,1,2,0],22,74].
[[3,6,0,0,0,0,1,2,0],0,4].
[[3,8,1,1,1,1,1,2,2],66,55].
[[2,8,1,0,0,0,2,1,1],171,97].
[[3,7,1,0,0,0,2,1,1],48,16].
[[1,6,0,0,0,0,0,0,0],21,31].
[[2,3,1,0,0,0,0,0,0],32,3].
[[3,3,1,0,0,0,0,0,0],33,5].
[[3,8,0,0,0,0,2,1,0],13,96].
[[1,7,2,1,2,0,0,0,0],21,7].
[[2,7,2,1,2,0,2,2,1],16,7].
[[3,7,2,1,1,0,1,2,1],12,11].
[[2,9,1,0,0,0,1,2,2],21,83].
[[3,8,0,1,1,1,2,3,0],17,191].
[[2,8,1,0,0,0,1,2,0],61,30].
[[1,9,2,1,2,1,2,3,1],232,528].
[[2,8,1,1,1,1,2,3,1],96,62].
[[3,8,1,1,1,1,1,2,1],210,153].
[[1,8,0,0,0,0,2,1,0],38,85].
[[2,7,1,1,2,0,2,1,0],3,3].
[[3,7,1,1,2,0,1,2,1],93,37].
[[3,8,0,1,2,1,1,2,1],81,481].
[[2,8,1,1,2,1,2,3,1],453,296].
[[1,9,2,1,2,0,2,1,0],9,16].
[[2,8,0,1,2,0,2,1,0],5,16].
[[3,8,0,1,1,0,2,1,0],2,6].
[[1,8,0,0,0,0,2,2,1],92,174].
[[2,8,0,1,2,1,1,1,1],13,39].
[[2,8,1,0,0,0,2,3,2],352,199].
[[3,8,1,1,2,0,2,3,2],32,20].
[[2,8,0,1,2,1,2,3,1],90,318].
[[1,9,2,0,0,0,2,1,0],165,504].
[[2,8,1,0,0,0,1,2,1],405,234].
[[3,8,0,1,2,1,0,0,0],0,140].
[[2,8,1,0,0,0,2,1,0],80,49].
[[3,8,1,0,0,0,2,1,1],19,32].
[[2,7,1,1,2,0,0,0,0],24,22].
[[3,7,1,1,2,0,0,0,0],12,14].
[[1,9,2,1,2,0,1,2,2],10,17].
[[2,9,2,1,1,0,1,2,2],1,4].
[[3,9,1,1,1,0,1,2,2],0,12].
[[1,8,1,0,0,0,2,1,0],98,35].
[[3,6,1,0,0,0,2,1,0],5,0].
[[1,7,1,1,2,1,0,0,0],37,34].
[[2,7,1,1,1,1,0,0,0],8,8].
[[3,4,1,1,2,0,2,3,1],44,8].
[[2,7,1,0,0,0,0,0,0],179,107].
[[3,7,1,0,0,0,0,0,0],12,21].
[[3,9,1,1,2,1,1,2,0],74,203].
[[3,8,1,0,0,0,1,1,1],94,103].
[[1,8,0,0,0,0,2,3,2],156,398].
[[2,7,0,0,0,0,2,3,2],2,17].
[[3,7,0,0,0,0,2,3,2],7,22].
[[1,8,1,1,2,1,1,1,1],31,22].
[[2,7,1,1,2,1,1,1,1],8,10].
[[3,7,1,1,2,1,1,1,1],88,71].
[[1,8,1,1,2,1,1,2,2],37,24].
[[2,8,1,1,1,1,1,2,2],31,11].
[[2,9,2,1,2,1,1,1,0],21,64].
[[3,9,2,1,1,1,1,1,0],4,15].
[[3,8,1,1,1,1,2,3,1],94,71].
[[2,8,0,1,2,1,2,1,0],41,128].
[[2,9,1,0,0,0,2,1,0],19,74].
[[3,9,1,0,0,0,1,1,1],4,34].
[[3,8,0,0,0,0,1,2,0],15,97].
[[2,9,1,1,2,1,2,2,0],29,92].
[[3,9,1,1,2,1,1,2,2],12,188].
[[1,7,2,1,2,1,2,2,1],10,0].
[[2,7,2,1,2,1,1,2,1],35,5].
[[3,7,2,1,1,1,1,2,1],33,4].
[[2,9,2,1,2,0,2,1,0],4,50].
[[3,5,0,1,1,0,1,1,0],2,4].
[[2,9,1,0,0,0,1,1,0],9,49].
[[3,9,1,0,0,0,1,1,0],3,46].
[[3,6,1,1,2,1,2,2,1],73,5].
[[1,8,1,0,0,0,1,2,2],127,86].
[[3,8,1,1,2,0,1,2,2],73,54].
[[2,9,2,0,0,0,2,1,0],54,223].
[[3,7,1,1,2,1,1,1,0],9,7].
[[2,7,1,0,0,0,2,3,1],153,72].
[[3,7,1,1,2,0,2,3,1],77,54].
[[1,9,2,1,2,1,2,1,0],95,183].
[[2,9,2,1,2,1,2,1,0],48,229].
[[2,7,2,1,2,0,1,1,1],5,2].
[[3,7,2,1,2,0,1,1,1],18,13].
[[2,9,2,0,0,0,2,1,1],18,114].
[[3,9,2,1,2,1,1,1,1],16,127].
[[2,8,1,1,2,0,0,0,0],4,16].
[[3,7,2,1,1,0,2,3,2],6,4].
[[1,7,1,0,0,0,2,2,1],47,11].
[[2,7,1,0,0,0,1,2,1],64,23].
[[3,7,1,0,0,0,1,2,1],132,50].
[[2,8,0,0,0,0,2,1,0],33,145].
[[3,8,0,1,2,0,2,1,0],5,60].
[[2,8,0,1,2,1,2,2,1],59,211].
[[3,6,0,1,1,1,2,2,1],2,2].
[[3,7,1,0,0,0,2,2,0],34,23].
[[3,8,1,0,0,0,2,3,1],114,88].
[[1,8,0,0,0,0,2,3,1],99,226].
[[2,7,0,0,0,0,2,3,1],4,13].
[[3,7,0,1,2,0,2,3,1],2,15].
[[3,7,0,0,0,0,0,0,0],2,30].
[[2,8,0,1,2,0,2,2,0],4,36].
[[3,8,0,1,1,0,1,1,0],0,6].
[[2,7,2,1,2,1,2,3,1],62,9].
[[3,7,2,1,1,1,2,1,1],10,2].
[[3,9,2,1,1,1,1,2,1],21,164].
[[1,7,2,0,0,0,2,3,1],60,3].
[[2,7,2,0,0,0,2,2,1],64,9].
[[3,7,2,0,0,0,1,2,1],75,7].
[[2,8,1,1,1,1,2,3,2],57,39].
[[3,4,1,1,2,0,1,2,1],117,30].
[[2,9,1,1,2,1,2,1,0],26,62].
[[3,9,1,1,2,1,2,1,0],14,119].
[[2,7,1,1,2,1,1,2,1],47,12].
[[3,9,2,0,0,0,2,1,0],2,35].
[[1,7,1,0,0,0,2,3,2],63,24].
[[2,5,0,0,0,0,1,1,1],127,7].
[[1,8,0,1,2,1,2,3,1],30,82].
[[3,8,0,1,1,1,2,2,1],13,69].
[[2,8,1,1,1,1,1,1,1],27,19].
[[3,8,1,1,1,1,1,1,1],60,76].
[[3,9,1,1,2,1,1,1,1],11,88].
[[3,7,1,1,2,1,2,3,1],272,165].
[[3,8,0,1,2,1,1,1,0],9,105].
[[3,8,0,1,2,0,0,0,0],0,29].
[[3,9,2,1,2,0,1,1,1],4,47].
[[3,3,1,0,0,0,2,3,0],8,0].
[[1,8,1,1,2,0,2,2,1],29,31].
[[3,7,2,1,1,0,2,2,1],7,2].
[[2,9,2,1,2,1,1,2,0],66,162].
[[2,8,1,1,2,1,1,1,0],11,13].
[[3,8,1,1,2,1,1,1,0],46,40].
[[2,9,2,0,0,0,2,2,0],93,332].
[[2,5,0,0,0,0,1,2,0],52,4].
[[3,5,0,1,2,1,1,2,0],219,0].
[[2,8,0,1,2,0,2,3,1],13,65].
[[2,5,0,1,1,1,1,1,1],32,2].
[[2,7,1,0,0,0,1,1,1],22,11].
[[3,7,1,1,2,0,1,1,1],26,27].
[[3,7,1,0,0,0,2,3,1],129,75].
[[2,8,0,0,0,0,2,2,0],64,236].
[[1,8,0,1,2,1,2,2,1],21,39].
[[3,3,1,1,2,1,2,2,1],33,4].
[[2,9,2,1,2,1,1,2,1],175,399].
[[3,5,0,1,2,1,1,1,0],77,13].
[[3,6,0,1,2,1,1,2,2],2,15].
[[3,9,2,1,2,0,1,2,1],10,124].
[[2,7,2,1,1,1,2,3,2],9,4].
[[3,7,2,1,1,1,1,2,2],23,9].
[[3,8,0,0,0,0,1,2,2],10,122].
[[3,5,0,1,2,0,1,1,0],24,4].
[[2,9,2,1,2,0,2,2,0],17,98].
[[3,9,1,1,2,0,2,2,0],7,64].
[[2,8,1,0,0,0,0,0,0],18,67].
[[2,7,2,1,2,0,1,2,1],12,4].
[[3,3,2,1,2,0,1,2,1],5,0].
[[1,8,1,1,2,0,0,0,0],55,44].
[[2,8,1,1,1,0,2,3,1],6,10].
[[3,8,1,1,1,0,2,3,2],9,9].
[[1,9,2,1,1,1,2,3,2],25,35].
[[2,9,2,1,1,1,1,2,2],32,49].
[[3,8,0,1,1,1,1,2,2],8,100].
[[1,6,1,0,0,0,0,0,0],235,12].
[[2,6,1,1,2,0,2,2,1],11,1].
[[3,6,1,1,2,0,2,2,1],32,4].
[[1,9,2,1,2,0,1,1,0],2,6].
[[2,9,2,1,2,0,1,1,0],3,22].
[[3,8,0,1,2,0,1,1,0],2,33].
[[2,9,2,1,2,1,2,2,1],43,253].
[[3,9,1,1,2,1,1,2,1],64,339].
[[3,9,2,1,1,0,2,3,0],1,16].
[[3,8,1,1,2,1,2,1,0],48,67].
[[2,7,1,1,2,1,2,3,2],117,53].
[[3,3,1,1,2,1,2,3,2],23,8].
[[1,9,2,0,0,0,1,1,1],98,148].
[[2,9,2,1,2,0,1,1,1],13,25].
[[3,8,0,1,2,0,1,1,1],6,58].
[[2,6,1,0,0,0,2,3,1],91,4].
[[3,6,1,0,0,0,2,3,1],60,2].
[[3,9,1,1,2,0,1,2,0],20,79].
[[1,7,1,0,0,0,2,1,1],18,4].
[[2,7,1,1,2,1,2,1,1],42,15].
[[1,9,2,1,1,1,2,1,0],9,23].
[[2,8,0,1,1,1,2,1,0],5,12].
[[3,9,2,0,0,0,1,1,1],6,40].
[[3,9,2,1,1,1,2,2,0],1,51].
[[3,8,0,1,2,1,1,2,0],53,227].
[[3,3,1,1,2,0,0,0,0],11,1].
[[3,8,1,0,0,0,2,2,1],64,60].
[[1,8,0,1,2,1,2,3,0],31,57].
[[3,8,0,1,1,1,2,3,1],8,93].
[[2,9,2,1,2,1,2,3,1],72,358].
[[3,9,2,1,2,1,2,3,1],5,74].
[[3,6,0,1,2,1,2,3,2],6,28].
[[3,8,0,1,1,1,2,1,0],6,85].
[[3,8,0,0,0,0,2,2,0],28,181].
[[3,6,1,1,2,0,2,3,1],30,4].
[[2,9,1,1,1,1,1,2,1],14,27].
[[2,9,1,1,2,1,0,0,0],2,21].
[[3,8,1,0,0,0,2,2,0],43,41].
[[2,9,1,1,2,0,1,1,1],1,10].
[[2,9,1,1,2,1,1,2,0],28,85].
[[3,8,1,1,1,1,1,2,0],41,16].
[[2,9,1,1,2,1,1,1,0],7,46].
[[3,8,0,1,1,1,1,1,0],2,38].
[[1,9,2,1,1,1,2,2,0],22,27].
[[2,6,1,1,2,1,2,2,0],7,0].
[[3,6,1,1,2,1,1,1,0],4,0].
[[2,8,1,1,2,0,2,3,1],122,93].
[[3,8,1,1,2,0,2,1,1],19,14].
[[3,5,0,0,0,0,1,2,0],64,1].
[[3,7,0,1,2,0,2,3,0],2,9].
[[1,8,1,1,2,0,2,3,0],11,5].
[[2,7,1,1,2,0,2,3,0],5,6].
[[3,7,1,1,1,0,2,2,0],1,5].
[[3,8,1,1,2,1,2,2,1],153,135].
[[1,9,2,1,2,1,1,1,0],13,36].
[[2,9,2,1,1,1,1,1,0],9,12].
[[1,7,1,0,0,0,1,2,1],7,2].
[[1,7,2,1,2,1,0,0,0],45,3].
[[2,7,2,1,1,1,0,0,0],8,0].
[[3,7,2,1,1,1,2,3,0],5,0].
[[3,8,0,1,2,1,2,2,1],29,176].
[[2,6,1,0,0,0,0,0,0],71,7].
[[3,3,1,1,2,1,0,0,0],46,7].
[[2,7,1,1,2,0,2,1,1],7,4].
[[3,7,1,1,1,0,1,1,1],1,9].
[[2,7,1,0,0,0,2,3,0],32,13].
[[3,8,0,1,2,0,2,3,1],14,90].
[[2,8,0,1,2,0,2,3,0],11,44].
[[3,8,0,1,2,0,2,2,0],11,88].
[[3,6,1,0,0,0,2,1,1],18,1].
[[3,8,0,0,0,0,2,2,1],9,108].
[[3,8,1,1,2,0,2,3,1],93,75].
[[2,7,0,1,2,1,2,3,1],5,5].
[[3,7,0,1,1,1,2,3,1],2,10].
[[2,9,2,1,1,1,2,3,2],14,31].
[[3,8,0,1,1,1,2,3,2],8,43].
[[2,9,2,1,2,0,2,3,1],9,104].
[[3,9,2,1,1,0,1,2,1],1,21].
[[3,8,1,0,0,0,1,2,2],92,76].
[[3,9,1,1,1,1,1,2,0],14,94].
[[2,9,2,0,0,0,1,1,1],61,122].
[[3,9,2,1,2,1,2,3,0],3,183].
[[2,9,2,1,1,1,1,2,1],55,82].
[[3,8,0,1,1,1,1,2,1],28,146].
[[3,9,1,1,2,0,2,1,0],4,34].
[[2,8,0,0,0,0,1,2,1],60,127].
[[3,6,1,0,0,0,2,2,1],28,4].
[[3,7,0,1,2,1,1,2,1],7,22].
[[3,9,1,0,0,0,2,2,0],9,71].
[[2,8,0,0,0,0,1,2,2],44,137].
[[3,7,0,1,2,1,0,0,0],5,73].
[[2,9,2,0,0,0,0,0,0],9,154].
[[3,9,1,0,0,0,0,0,0],0,2].
[[2,5,0,1,2,1,1,2,0],58,1].
[[3,6,1,1,2,1,1,2,2],32,2].
[[3,8,0,0,0,0,1,2,1],36,222].
[[2,7,1,1,2,1,0,0,0],126,99].
[[3,7,1,1,2,0,2,2,1],64,44].
[[1,9,2,1,2,0,0,0,0],13,57].
[[3,6,0,1,2,1,2,3,1],5,27].
[[3,8,1,1,2,0,1,2,0],44,30].
[[1,7,1,0,0,0,1,1,1],2,5].
[[1,6,1,0,0,0,2,3,2],64,6].
[[2,6,1,0,0,0,1,2,2],14,2].
[[3,3,1,0,0,0,1,2,2],2,0].
[[1,8,1,1,2,1,2,3,0],56,22].
[[1,8,1,1,2,0,2,3,2],27,37].
[[2,8,1,1,2,0,2,3,2],61,61].
[[3,3,1,1,2,1,2,3,1],34,6].
[[1,8,1,1,1,1,0,0,0],25,20].
[[2,4,1,1,2,0,2,2,1],11,1].
[[3,4,1,1,2,0,2,2,0],46,10].
[[3,6,1,1,2,1,2,1,1],28,1].
[[3,7,1,0,0,0,2,1,0],25,14].
[[2,8,0,1,2,1,2,3,2],65,298].
[[3,8,0,1,2,1,2,3,2],26,128].
[[3,7,1,1,2,1,2,3,2],237,105].
[[3,7,2,1,2,1,1,2,2],89,14].
[[2,8,0,0,0,0,2,2,1],79,245].
[[3,6,0,0,0,0,2,2,1],3,14].
[[2,9,2,1,1,1,2,1,0],21,54].
[[3,7,2,1,2,0,2,2,1],33,10].
[[3,9,2,1,2,1,1,2,1],38,388].
[[1,9,2,1,2,1,1,1,1],45,65].
[[2,9,1,1,2,1,1,1,1],15,45].
[[1,8,0,0,0,0,2,2,0],53,141].
[[2,8,0,1,2,1,1,1,0],5,23].
[[2,9,1,0,0,0,2,3,1],1,2].
[[3,5,0,1,2,0,1,1,1],101,10].
[[1,6,1,1,2,1,2,3,2],9,1].
[[2,6,1,1,1,1,2,3,2],3,3].
[[3,6,1,1,1,1,2,1,1],7,0].
[[2,7,2,0,0,0,0,0,0],78,14].
[[1,8,0,1,2,1,2,2,0],28,41].
[[2,7,1,1,2,1,2,2,0],22,2].
[[3,7,1,1,2,1,2,2,0],75,31].
[[2,9,1,1,2,1,1,2,1],53,138].
[[2,8,1,1,2,1,1,2,0],47,16].
[[3,7,2,1,1,1,1,1,1],10,5].
[[3,9,2,1,2,1,1,2,2],5,120].
[[2,9,1,0,0,0,1,1,1],15,39].
[[3,8,0,0,0,0,1,1,1],9,65].
[[2,8,1,1,1,1,2,2,1],80,36].
[[3,6,1,1,1,1,2,2,1],22,1].
[[3,9,1,1,2,1,1,1,0],17,108].
[[3,7,1,1,2,0,2,3,0],32,13].
[[2,6,1,0,0,0,2,3,2],70,7].
[[3,6,1,1,2,1,2,3,2],48,3].
[[1,9,2,1,2,0,2,3,1],21,74].
[[2,9,2,1,1,0,2,3,0],1,6].
[[3,8,0,1,1,0,2,3,0],1,24].
[[3,6,1,1,2,1,1,1,1],27,7].
[[3,7,2,1,2,1,2,3,2],101,4].
[[2,8,1,1,1,1,1,2,1],69,38].
[[2,9,1,1,2,0,1,2,0],8,18].
[[3,9,2,1,2,1,1,1,0],5,46].
[[1,9,2,1,1,1,2,3,1],49,56].
[[2,4,1,1,2,0,2,3,1],23,1].
[[3,4,1,1,2,0,1,2,2],50,19].
[[3,7,1,1,2,0,2,3,2],59,39].
[[3,6,1,1,2,1,1,2,1],76,1].
[[3,3,2,1,2,1,2,3,2],26,0].
[[3,8,1,1,1,1,1,1,0],19,26].
[[2,9,2,1,2,1,2,3,2],37,174].
[[3,8,1,1,2,1,2,2,0],102,95].
[[3,9,1,1,2,1,2,2,0],23,203].
[[3,8,0,1,2,1,2,1,0],23,234].
[[3,7,0,0,0,0,1,2,2],3,13].
[[2,8,0,0,0,0,1,1,1],25,40].
[[1,9,2,1,2,0,2,3,2],14,51].
[[2,8,0,1,2,0,2,3,2],10,47].
[[3,8,0,1,1,0,1,2,2],1,13].
[[1,9,2,1,2,0,2,2,1],8,37].
[[2,9,2,1,2,0,2,2,1],11,50].
[[1,9,2,1,2,1,2,1,1],70,184].
[[2,9,1,0,0,0,2,2,0],29,109].
[[3,7,0,1,2,1,2,3,2],11,54].
[[3,9,2,0,0,0,2,2,0],0,49].
[[1,8,0,0,0,0,2,1,1],46,82].
[[3,7,0,1,2,0,2,1,1],2,5].
[[2,7,2,1,2,0,2,3,2],34,9].
[[3,7,2,1,2,0,1,2,2],44,11].
[[2,9,1,1,1,1,2,2,0],16,14].
[[3,8,0,0,0,0,2,3,1],29,130].
[[2,9,2,0,0,0,1,1,0],21,79].
[[3,9,2,0,0,0,1,1,0],2,29].
[[3,7,2,1,1,1,2,3,1],34,4].
[[3,8,1,1,2,1,2,1,1],65,48].
[[2,8,0,1,1,1,2,2,0],13,31].
[[3,8,0,1,1,1,2,2,0],19,104].
[[3,3,1,0,0,0,2,2,1],16,2].
[[3,7,1,1,1,0,1,2,1],6,11].
[[1,6,1,0,0,0,2,3,1],26,3].
[[2,6,1,0,0,0,2,1,0],7,1].
[[3,6,1,1,2,1,2,1,0],17,0].
[[3,7,2,1,2,1,2,2,1],67,16].
[[2,8,0,1,2,1,2,1,1],30,100].
[[3,7,1,1,1,1,1,2,2],27,16].
[[3,7,2,1,2,0,1,2,1],77,12].
[[3,7,1,1,1,1,2,3,2],44,30].
[[3,8,1,1,2,1,1,2,0],120,51].
[[2,8,1,1,2,0,2,2,0],35,23].
[[1,9,2,1,2,1,1,2,0],54,102].
[[2,7,0,0,0,0,0,0,0],8,46].
[[1,9,2,1,2,0,2,2,0],17,31].
[[3,6,0,1,2,1,2,2,1],5,17].
[[2,8,1,1,2,0,1,2,2],37,41].
[[3,6,1,1,2,0,1,2,2],10,3].
[[3,6,0,1,2,0,2,3,0],1,8].
[[3,9,1,1,2,0,1,2,2],3,46].
[[1,7,2,0,0,0,1,2,2],18,4].
[[2,7,2,0,0,0,1,2,1],48,7].
[[3,9,2,1,1,1,2,3,0],4,58].
[[3,7,1,1,2,1,1,2,2],116,48].
[[3,3,1,0,0,0,2,3,2],26,0].
[[1,8,0,1,2,1,2,1,1],11,26].
[[3,8,0,1,2,0,1,2,1],26,136].
[[3,8,1,1,2,0,1,1,0],12,27].
[[2,9,1,1,1,1,1,1,0],4,9].
[[3,4,1,1,2,0,1,1,0],27,8].
[[3,8,1,1,2,0,2,1,0],21,23].
[[3,8,1,0,0,0,2,1,0],24,33].
[[2,9,1,0,0,0,1,2,0],29,99].
[[1,7,2,0,0,0,2,3,2],133,19].
[[2,9,1,1,2,0,2,2,0],11,24].
[[3,8,1,1,1,1,2,3,2],36,18].
[[3,9,1,1,1,1,1,2,2],4,59].
[[2,7,1,1,2,1,2,3,0],26,6].
[[3,6,0,0,0,0,2,3,0],0,10].
[[3,8,1,1,1,0,2,3,0],6,12].
[[2,7,2,0,0,0,1,1,1],13,11].
[[3,7,2,0,0,0,1,1,1],22,9].
[[2,9,2,1,1,1,2,2,1],27,53].
[[3,9,2,1,1,1,1,1,1],4,43].
[[1,5,0,1,2,1,1,1,1],14,1].
[[3,5,0,1,1,1,1,1,1],113,10].
[[3,8,0,1,1,1,0,0,0],0,56].
[[2,8,1,1,2,0,1,1,1],28,50].
[[3,9,1,1,1,1,2,1,0],3,43].
[[2,9,2,1,2,0,1,2,0],12,40].
[[3,8,0,1,2,0,2,3,0],28,141].
[[2,7,2,1,2,0,2,1,1],12,4].
[[3,7,0,1,2,1,2,2,1],8,50].
[[1,5,0,0,0,0,1,1,1],40,2].
[[2,5,0,1,2,1,1,1,1],109,8].
[[2,7,1,0,0,0,2,1,0],10,6].
[[3,7,1,1,2,0,2,1,0],20,12].
[[3,6,1,0,0,0,2,2,0],10,1].
[[3,7,0,1,2,1,2,1,1],4,27].
[[1,7,2,0,0,0,1,2,1],12,3].
[[3,5,0,1,2,1,1,2,2],31,0].
[[3,9,2,1,2,1,2,1,0],2,76].
[[2,9,2,1,1,1,1,1,1],19,37].
[[2,9,2,1,1,1,2,3,1],41,80].
[[3,5,0,1,1,1,1,2,0],76,6].
[[2,5,0,0,0,0,2,1,0],19,0].
[[3,5,0,0,0,0,2,1,0],16,0].
[[1,9,2,1,1,1,1,2,1],23,18].
[[3,9,1,1,1,1,1,2,1],24,129].
[[3,9,2,1,2,1,1,2,0],29,112].
[[2,8,1,1,1,1,2,3,0],27,13].
[[3,8,1,1,1,1,2,3,0],32,48].
[[1,8,1,1,1,1,1,2,1],5,2].
[[2,4,1,1,2,0,1,2,1],19,5].
[[3,6,0,0,0,0,1,2,1],3,12].
[[3,6,0,0,0,0,2,1,1],2,5].
[[2,7,1,1,1,1,2,3,1],16,6].
[[3,9,1,1,1,1,1,1,0],6,45].
[[2,7,0,1,2,1,2,3,0],2,3].
[[3,7,0,1,2,1,2,3,0],7,63].
[[3,9,2,0,0,0,1,2,0],8,36].
[[1,8,1,0,0,0,1,1,0],6,7].
[[2,6,1,0,0,0,1,1,0],1,0].
[[3,6,1,0,0,0,1,1,0],2,0].
[[3,9,2,0,0,0,2,3,1],2,35].
[[3,8,0,1,1,0,0,0,0],0,3].
[[3,7,1,0,0,0,1,1,0],7,4].
[[2,2,1,0,0,0,0,0,0],7,0].
[[3,2,1,0,0,0,2,3,1],2,0].
[[3,9,2,1,2,0,1,1,0],4,22].
[[2,8,1,1,2,1,2,1,0],68,39].
[[3,8,0,0,0,0,0,0,0],0,50].
[[3,7,2,1,2,0,2,2,0],8,1].
[[1,7,1,1,2,1,2,3,2],13,3].
[[2,7,1,1,2,1,1,2,2],27,6].
[[2,6,0,0,0,0,2,3,1],3,13].
[[1,9,2,1,1,1,2,1,1],15,14].
[[2,8,1,1,1,1,2,1,1],30,10].
[[3,7,1,1,1,1,2,1,1],18,8].
[[3,7,0,1,1,1,2,2,1],2,12].
[[2,9,2,1,1,1,0,0,0],5,40].
[[3,9,2,1,1,1,0,0,0],0,3].
[[2,8,1,1,2,0,2,1,0],15,9].
[[3,6,1,1,1,0,2,1,0],2,0].
[[3,7,1,1,2,1,2,1,1],88,59].
[[2,7,2,0,0,0,2,1,1],32,4].
[[3,7,2,1,2,1,2,1,1],36,5].
[[2,6,1,1,2,1,2,1,0],4,1].
[[3,7,1,1,1,1,2,2,0],19,10].
[[3,7,1,0,0,0,1,2,0],15,4].
[[3,8,0,1,2,0,2,2,1],9,47].
[[3,5,0,0,0,0,1,1,0],32,9].
[[3,9,1,1,2,0,2,3,0],8,55].
[[3,7,1,1,2,0,2,2,0],26,14].
[[1,8,1,1,2,0,2,3,1],29,27].
[[3,4,1,1,2,0,2,3,0],54,12].
[[3,8,1,1,1,0,2,2,0],6,18].
[[2,6,0,0,0,0,2,3,2],7,17].
[[3,6,0,1,2,0,2,3,2],2,3].
[[2,6,1,0,0,0,2,2,0],16,0].
[[3,6,1,1,2,1,2,2,0],19,0].
[[3,4,1,1,2,0,2,2,1],32,5].
[[3,9,2,0,0,0,1,2,2],0,41].
[[1,7,2,0,0,0,2,2,1],41,3].
[[2,8,1,1,2,1,2,3,0],132,103].
[[1,9,2,1,2,0,1,2,1],9,21].
[[2,9,2,1,2,1,0,0,0],9,142].
[[3,9,1,1,1,1,2,2,0],10,64].
[[2,8,0,1,1,1,2,3,2],16,32].
[[3,7,0,1,1,1,2,3,2],2,11].
[[3,9,1,0,0,0,1,2,0],22,106].
[[3,3,1,1,1,1,0,0,0],5,2].
[[2,4,1,1,2,0,1,2,2],8,7].
[[1,8,0,0,0,0,1,2,2],35,57].
[[3,8,0,1,2,0,1,2,0],14,60].
[[1,6,1,0,0,0,2,1,1],11,2].
[[2,6,1,1,2,1,2,1,1],17,0].
[[3,3,1,1,1,1,2,1,1],3,0].
[[2,7,0,1,2,1,0,0,0],4,39].
[[1,7,2,0,0,0,0,0,0],203,33].
[[3,7,2,1,2,0,2,3,2],38,4].
[[1,9,2,1,2,0,2,3,0],19,61].
[[2,9,1,1,1,0,2,3,0],0,1].
[[3,9,2,1,2,0,1,2,0],4,34].
[[3,9,1,0,0,0,2,1,0],11,44].
[[1,9,2,1,1,1,0,0,0],36,40].
[[2,4,1,1,2,0,2,1,0],6,1].
[[3,4,1,1,2,0,2,1,0],27,6].
[[2,6,1,1,2,1,2,3,2],43,2].
[[3,6,1,1,1,1,2,3,1],19,1].
[[3,9,2,1,1,1,2,2,1],0,8].
[[2,7,2,1,2,1,0,0,0],49,4].
[[3,7,1,1,1,1,2,3,0],15,11].
[[2,7,2,1,2,0,1,2,2],10,7].
[[3,7,2,0,0,0,1,2,2],56,13].
[[1,5,0,0,0,0,2,1,0],13,0].
[[2,5,0,1,2,0,2,1,0],4,0].
[[3,5,0,1,2,0,2,3,0],4,0].
[[2,6,0,1,2,1,2,3,2],2,10].
[[3,7,1,1,2,1,0,0,0],23,46].
[[2,7,1,1,1,1,2,3,2],15,10].
[[3,7,2,1,2,1,2,2,0],7,0].
[[3,8,1,0,0,0,2,3,2],43,23].
[[3,9,1,1,1,0,1,1,0],0,12].
[[3,5,0,1,2,1,2,1,0],31,1].
[[3,2,1,1,2,1,2,3,2],3,0].
[[3,9,1,1,2,0,2,1,1],0,1].
[[2,8,0,1,1,1,2,3,1],20,41].
[[1,8,0,0,0,0,1,1,0],2,6].
[[2,7,1,1,2,0,2,3,2],22,17].
[[3,7,1,1,1,0,2,1,1],2,2].
[[1,6,1,1,2,1,0,0,0],35,4].
[[2,6,1,1,2,1,0,0,0],76,4].
[[3,6,1,1,1,1,2,2,0],5,0].
[[1,9,2,1,2,0,2,1,1],7,25].
[[2,9,2,1,2,0,1,2,1],23,105].
[[3,6,1,0,0,0,2,3,0],11,0].
[[3,6,0,0,0,0,2,2,0],0,14].
[[2,9,1,1,1,1,2,1,0],4,10].
[[3,8,0,1,1,0,2,2,0],0,12].
[[2,8,1,1,2,0,2,1,1],44,38].
[[3,9,1,1,2,0,1,1,1],7,23].
[[1,8,0,1,2,1,1,2,0],2,6].
[[3,7,2,1,2,1,1,1,1],28,24].
[[2,9,1,1,2,1,1,2,2],30,86].
[[2,9,2,1,2,1,2,1,1],24,108].
[[1,3,2,0,0,0,0,0,0],18,0].
[[2,3,2,0,0,0,2,3,2],21,0].
[[2,7,1,0,0,0,1,2,2],31,15].
[[3,7,2,0,0,0,2,3,2],56,7].
[[3,7,1,1,2,0,2,1,1],26,23].
[[1,8,0,0,0,0,1,2,0],12,12].
[[2,6,0,0,0,0,1,2,0],1,2].
[[3,6,0,1,2,1,1,2,0],5,3].
[[2,7,1,1,2,0,2,3,1],22,12].
[[2,2,0,0,0,0,0,0,0],0,1].
[[3,2,0,0,0,0,2,3,2],1,2].
[[3,7,0,1,2,1,2,3,1],13,67].
[[2,8,0,1,1,1,1,2,1],11,21].
[[1,6,1,0,0,0,2,2,0],2,0].
[[2,3,2,1,2,1,1,1,1],1,0].
[[3,3,1,1,2,1,1,1,1],4,0].
[[2,9,2,1,1,0,2,3,1],0,7].
[[3,8,1,1,1,0,2,3,1],14,27].
[[1,7,1,0,0,0,2,3,1],35,15].
[[2,7,1,1,2,0,1,2,1],8,3].
[[3,7,2,0,0,0,2,2,1],35,5].
[[1,9,2,1,1,1,1,2,2],26,20].
[[2,1,1,1,2,0,1,1,1],2,0].
[[3,1,1,1,2,0,1,1,1],2,0].
[[1,8,0,0,0,0,1,2,1],7,13].
[[3,7,1,0,0,0,2,3,0],38,18].
[[1,8,0,1,2,1,1,2,2],18,19].
[[2,8,0,1,1,1,1,2,2],13,16].
[[2,8,1,1,2,0,2,3,0],38,33].
[[3,7,1,1,1,1,1,2,1],73,27].
[[3,2,1,1,2,0,0,0,0],5,0].
[[3,6,1,1,2,0,2,3,2],10,1].
[[1,7,1,1,2,1,2,1,1],5,2].
[[2,7,1,1,1,1,1,2,1],9,3].
[[3,7,0,1,2,1,2,1,0],3,24].
[[3,8,1,1,2,0,2,2,0],38,44].
[[3,7,0,0,0,0,1,2,1],4,8].
[[3,8,0,1,2,0,2,1,1],7,28].
[[1,7,1,0,0,0,2,2,0],5,1].
[[3,5,0,1,2,0,1,2,0],51,1].
[[2,3,2,1,2,1,2,3,2],11,0].
[[3,7,1,0,0,0,1,2,2],59,28].
[[3,7,1,1,2,0,1,2,0],17,3].
[[2,7,2,0,0,0,1,2,2],50,11].
[[3,7,0,0,0,0,2,3,1],5,29].
[[2,7,2,1,2,1,2,1,1],17,1].
[[3,3,1,0,0,0,1,1,1],2,0].
[[1,9,2,1,1,1,2,2,1],25,31].
[[2,9,1,1,2,0,2,3,1],0,3].
[[3,9,2,0,0,0,0,0,0],0,4].
[[1,7,2,1,2,1,1,2,1],4,0].
[[2,7,2,1,2,1,1,2,2],27,9].
[[3,9,1,1,2,0,1,1,0],4,38].
[[3,9,2,1,2,0,2,3,0],2,56].
[[3,5,0,0,0,0,1,2,2],17,1].
[[3,8,0,1,2,0,1,2,2],8,88].
[[3,5,0,1,1,1,1,1,0],21,10].
[[2,5,0,0,0,0,1,2,1],6,0].
[[2,9,2,1,1,0,2,1,1],2,3].
[[3,8,0,1,1,0,2,1,1],1,2].
[[3,6,0,1,2,1,2,2,0],4,21].
[[3,8,0,1,2,1,2,1,1],18,90].
[[2,9,2,1,2,0,2,3,2],4,42].
[[3,8,0,1,1,0,2,3,2],0,5].
[[2,8,1,1,2,0,1,2,0],15,6].
[[3,5,0,0,0,0,1,2,1],22,1].
[[2,5,0,1,2,0,1,2,0],12,0].
[[3,6,0,1,2,1,0,0,0],3,31].
[[2,9,1,1,2,0,1,1,0],3,10].
[[2,8,0,1,2,0,0,0,0],5,41].
[[3,9,2,1,2,1,2,2,1],0,33].
[[3,9,2,0,0,0,2,2,1],0,9].
[[1,8,1,1,2,0,1,2,1],13,12].
[[2,6,0,1,2,1,0,0,0],10,26].
[[3,6,0,1,1,1,2,3,1],2,7].
[[2,9,2,1,1,0,2,2,0],2,6].
[[1,3,2,0,0,0,2,3,2],3,0].
[[2,3,2,0,0,0,1,2,1],4,0].
[[3,3,2,0,0,0,1,2,1],16,0].
[[1,8,1,1,2,1,2,2,0],46,16].
[[3,6,1,0,0,0,1,2,1],35,0].
[[2,8,0,1,2,0,1,2,0],6,14].
[[2,6,1,0,0,0,1,1,1],6,3].
[[3,5,0,1,2,1,2,2,0],6,0].
[[3,9,2,1,2,1,0,0,0],0,11].
[[2,8,0,1,2,0,2,2,1],6,55].
[[3,7,0,1,2,0,2,2,1],1,14].
[[3,3,2,1,2,0,1,2,2],9,0].
[[1,6,1,0,0,0,2,2,1],37,1].
[[3,3,1,1,2,1,2,2,0],6,1].
[[3,8,0,1,1,0,2,2,1],0,10].
[[1,7,1,1,2,1,2,2,1],8,1].
[[2,7,2,1,2,1,2,1,0],4,0].
[[3,3,2,1,2,1,2,1,0],1,0].
[[3,6,0,1,1,1,2,3,0],3,6].
[[2,9,1,1,2,0,1,2,1],7,33].
[[3,8,1,1,1,0,2,1,0],2,9].
[[3,8,0,1,1,0,2,3,1],0,16].
[[3,7,2,0,0,0,0,0,0],4,0].
[[3,7,2,1,2,1,0,0,0],9,3].
[[3,7,2,1,1,1,2,3,2],24,4].
[[2,7,1,1,2,0,1,1,1],1,8].
[[3,6,1,0,0,0,1,2,2],17,4].
[[2,7,1,1,1,1,2,2,1],14,1].
[[3,4,1,1,2,0,2,3,2],16,5].
[[3,3,2,0,0,0,2,2,1],15,0].
[[2,7,0,1,2,1,2,2,1],3,6].
[[3,7,0,1,1,1,1,2,1],1,10].
[[3,6,1,1,2,1,2,3,1],91,4].
[[3,9,2,1,2,0,2,2,0],2,24].
[[2,5,0,1,2,1,2,3,0],9,0].
[[3,5,0,1,2,1,2,3,0],10,0].
[[2,8,1,1,1,0,1,1,1],1,5].
[[2,9,1,1,1,1,2,3,0],14,22].
[[3,6,0,1,2,1,2,3,0],9,33].
[[3,7,0,1,2,0,0,0,0],0,11].
[[3,8,0,1,1,0,1,1,1],2,11].
[[2,7,2,1,1,1,2,3,1],9,2].
[[2,6,1,1,2,1,1,2,2],11,2].
[[2,3,2,0,0,0,0,0,0],38,0].
[[3,3,2,1,2,0,2,2,1],5,0].
[[1,6,1,0,0,0,1,2,1],11,3].
[[2,6,1,1,2,0,1,2,1],5,2].
[[3,6,1,1,2,0,1,1,0],3,0].
[[2,3,2,1,2,1,0,0,0],13,0].
[[3,3,2,1,1,1,2,3,1],4,0].
[[1,8,1,1,1,1,2,3,0],3,0].
[[2,4,1,1,2,0,2,3,0],12,5].
[[3,4,1,1,2,0,1,2,0],56,7].
[[2,7,2,1,2,0,0,0,0],31,6].
[[3,9,2,1,2,0,2,1,0],0,20].
[[2,7,1,0,0,0,2,1,1],59,23].
[[2,7,0,0,0,0,2,3,0],4,4].
[[3,7,0,0,0,0,2,3,0],3,27].
[[2,8,0,1,1,1,1,1,0],3,5].
[[3,6,1,0,0,0,2,3,2],37,2].
[[3,5,0,1,2,1,1,2,1],55,6].
[[3,3,1,0,0,0,2,3,1],26,4].
[[3,8,1,1,1,0,1,1,1],14,23].
[[3,9,1,1,1,0,2,3,0],0,11].
[[2,7,2,1,1,0,2,3,2],5,1].
[[3,9,1,1,1,1,1,1,1],10,44].
[[3,6,0,1,2,1,1,2,1],2,12].
[[2,4,1,1,2,0,1,1,1],3,2].
[[3,9,1,1,1,0,1,2,1],2,27].
[[2,3,1,0,0,0,2,3,1],7,1].
[[3,8,0,0,0,0,2,1,1],5,29].
[[2,9,1,1,2,0,1,2,2],2,20].
[[1,8,1,1,1,1,1,2,2],2,2].
[[2,7,2,1,1,1,1,2,2],5,0].
[[3,8,1,1,1,1,2,1,0],15,21].
[[3,8,1,1,1,0,1,2,0],3,7].
[[2,6,1,0,0,0,2,2,1],54,3].
[[2,5,0,1,2,1,1,1,0],15,5].
[[3,7,1,1,1,0,2,2,1],6,12].
[[2,6,0,0,0,0,0,0,0],11,41].
[[2,7,2,1,1,1,1,2,1],2,1].
[[2,7,2,1,1,1,2,2,1],5,0].
[[2,7,0,0,0,0,2,2,1],3,2].
[[3,7,0,0,0,0,2,2,1],4,21].
[[2,6,0,0,0,0,2,2,1],2,8].
[[3,9,1,1,1,0,1,2,0],1,22].
[[3,7,0,0,0,0,2,1,0],1,11].
[[3,7,0,1,1,1,1,2,2],2,6].
[[3,7,0,0,0,0,1,2,0],1,5].
[[3,3,1,1,2,0,2,3,2],16,2].
[[1,8,1,1,2,0,1,1,1],1,9].
[[3,6,1,1,2,0,1,1,1],9,5].
[[2,9,1,1,1,1,1,1,1],2,8].
[[1,8,1,1,1,1,2,2,1],25,4].
[[2,4,1,1,2,0,1,2,0],10,0].
[[2,6,1,1,2,1,1,2,1],16,3].
[[2,6,1,1,1,1,2,2,0],2,0].
[[3,6,1,1,1,1,1,2,0],2,0].
[[3,7,1,1,1,1,2,1,0],13,5].
[[3,7,0,1,2,1,2,2,0],3,32].
[[2,9,1,1,2,0,2,3,0],5,30].
[[2,8,1,1,2,0,1,1,0],7,8].
[[2,9,2,1,1,1,2,1,1],7,24].
[[2,5,0,1,1,1,2,1,0],2,1].
[[3,5,0,1,1,1,2,1,0],9,1].
[[1,8,1,1,1,1,2,3,2],19,7].
[[2,8,0,1,2,0,1,2,2],9,31].
[[3,7,0,1,2,1,1,2,2],6,25].
[[2,5,0,1,2,1,2,1,0],21,2].
[[3,9,2,1,2,0,2,2,1],0,7].
[[3,1,1,1,2,0,1,2,1],2,0].
[[2,6,0,0,0,0,2,1,1],3,2].
[[3,6,0,1,2,1,2,1,1],5,6].
[[1,6,1,1,2,1,2,1,1],5,0].
[[1,8,1,1,2,0,1,2,2],10,4].
[[2,8,1,1,1,0,1,2,2],2,6].
[[2,7,1,1,2,0,2,2,1],23,15].
[[2,9,2,1,1,0,1,2,1],2,11].
[[3,8,0,1,1,0,1,2,1],1,17].
[[2,7,1,1,1,1,2,2,0],3,2].
[[3,3,1,1,2,1,1,2,2],8,2].
[[3,3,2,1,2,1,1,2,1],15,0].
[[3,6,0,1,1,1,0,0,0],0,5].
[[3,3,1,0,0,0,2,1,1],6,1].
[[1,7,2,1,2,0,2,2,1],3,1].
[[1,8,1,1,1,1,2,1,0],4,1].
[[2,8,1,1,1,1,1,1,0],6,3].
[[3,7,2,1,1,1,1,1,0],2,1].
[[2,9,1,1,1,1,1,2,0],14,17].
[[3,8,0,1,1,0,1,2,0],2,5].
[[1,7,1,1,2,1,2,2,0],2,0].
[[3,7,2,1,1,0,1,2,2],7,4].
[[2,9,1,1,1,0,2,1,0],1,2].
[[2,3,1,1,2,1,0,0,0],13,1].
[[3,7,0,1,2,1,1,1,1],5,12].
[[1,8,1,1,2,0,2,1,1],7,19].
[[3,8,0,1,1,1,1,1,1],6,40].
[[1,8,1,1,2,1,1,1,0],4,0].
[[2,7,1,1,2,1,1,1,0],2,1].
[[3,7,1,1,1,1,1,1,0],7,3].
[[3,7,1,1,1,0,1,2,2],2,6].
[[1,5,0,0,0,0,1,2,0],7,3].
[[2,3,1,0,0,0,2,3,2],8,0].
[[2,6,1,1,2,1,2,3,1],44,3].
[[3,7,2,1,2,0,2,1,1],24,1].
[[3,7,0,1,1,1,2,1,0],0,11].
[[3,6,1,1,2,1,2,3,0],20,0].
[[3,7,2,1,1,0,2,3,1],7,4].
[[2,6,1,1,2,1,2,2,1],45,0].
[[3,8,1,1,1,1,0,0,0],0,3].
[[3,8,1,1,2,1,0,0,0],0,7].
[[3,9,2,1,1,1,2,3,1],2,32].
[[2,9,1,0,0,0,0,0,0],2,13].
[[3,6,0,0,0,0,2,3,2],1,16].
[[2,8,0,1,1,1,2,1,1],8,10].
[[2,7,1,1,2,0,1,2,2],6,1].
[[2,3,1,0,0,0,2,2,1],7,1].
[[2,9,1,1,1,1,0,0,0],2,2].
[[3,7,0,1,2,0,1,2,2],1,9].
[[3,6,1,1,1,0,2,2,1],5,0].
[[1,7,2,1,2,0,2,3,2],6,4].
[[3,7,1,1,1,0,2,3,2],3,5].
[[3,7,2,1,1,1,1,2,0],2,0].
[[2,7,2,0,0,0,2,3,0],10,0].
[[3,7,2,1,2,0,2,3,0],4,0].
[[2,6,0,1,2,1,2,1,0],0,4].
[[3,6,0,1,2,1,2,1,0],3,14].
[[2,3,1,1,2,1,2,2,1],4,0].
[[3,6,1,1,1,1,0,0,0],2,1].
[[1,6,1,1,2,1,2,3,1],3,1].
[[3,3,2,1,2,1,2,3,1],16,0].
[[1,8,0,1,2,1,1,2,1],3,3].
[[3,3,1,1,1,1,2,3,2],5,0].
[[2,7,0,1,2,1,2,1,0],0,4].
[[3,7,2,1,2,0,0,0,0],4,0].
[[3,6,1,1,1,1,1,2,2],6,2].
[[2,5,0,1,1,1,1,2,0],17,1].
[[2,8,0,1,2,0,1,2,1],7,14].
[[3,6,0,1,2,0,1,2,1],2,0].
[[3,6,1,1,1,1,1,1,1],2,1].
[[3,6,1,1,2,0,1,2,1],23,4].
[[1,8,1,0,0,0,1,2,0],24,9].
[[1,8,1,1,1,1,2,1,1],9,4].
[[2,9,1,1,2,0,2,1,0],5,12].
[[3,6,1,1,2,0,2,1,1],8,0].
[[3,4,1,1,2,0,2,1,1],12,2].
[[2,6,1,1,2,0,2,2,0],4,0].
[[3,6,1,1,2,0,2,2,0],7,1].
[[2,8,1,1,1,0,2,2,1],9,10].
[[3,7,0,1,2,1,1,2,0],4,15].
[[3,8,1,1,1,0,1,2,2],11,19].
[[3,3,2,1,2,1,0,0,0],18,0].
[[1,6,0,0,0,0,2,3,1],0,1].
[[1,6,1,1,2,1,2,2,1],6,0].
[[3,9,1,0,0,0,1,2,2],3,54].
[[3,9,2,1,1,1,2,1,1],0,1].
[[3,6,1,1,1,1,2,3,2],17,1].
[[3,3,1,1,2,0,2,2,1],8,0].
[[1,8,0,1,2,1,2,1,0],13,29].
[[2,6,1,1,2,0,1,2,2],3,1].
[[3,5,0,1,1,0,1,2,0],11,3].
[[2,7,2,1,1,0,2,2,1],0,1].
[[2,7,0,1,2,1,2,2,0],1,7].
[[3,7,0,1,1,1,2,2,0],1,12].
[[3,7,2,1,1,1,2,1,0],3,0].
[[3,9,1,1,1,0,1,1,1],0,8].
[[3,3,2,0,0,0,2,3,2],21,0].
[[2,8,1,1,1,1,1,2,0],8,5].
[[3,3,2,0,0,0,2,3,1],10,0].
[[1,8,1,1,1,1,2,3,1],14,13].
[[2,7,0,0,0,0,2,1,0],0,6].
[[3,9,2,1,1,0,2,1,0],0,7].
[[3,3,2,1,1,0,0,0,0],2,0].
[[3,3,2,1,2,0,2,3,1],9,0].
[[3,7,1,1,1,0,2,3,1],8,17].
[[2,8,1,1,1,1,2,2,0],17,9].
[[2,4,1,1,2,0,2,1,1],5,2].
[[1,5,0,1,1,1,1,1,1],2,0].
[[3,7,2,1,2,1,1,1,0],3,3].
[[2,6,1,1,1,1,0,0,0],6,3].
[[3,7,1,1,1,1,0,0,0],6,12].
[[3,3,2,1,2,1,2,2,1],11,0].
[[2,8,1,1,1,1,0,0,0],3,5].
[[3,4,1,1,2,0,0,0,0],7,0].
[[2,8,0,1,1,1,0,0,0],10,32].
[[3,8,1,1,1,1,2,1,1],12,23].
[[1,8,1,1,2,1,1,2,0],6,2].
[[3,3,2,1,1,1,2,1,1],1,0].
[[1,7,1,0,0,0,1,2,2],2,0].
[[3,7,2,0,0,0,1,2,0],6,0].
[[3,6,1,1,2,0,2,1,0],5,0].
[[3,5,0,1,2,0,1,2,1],15,4].
[[2,9,1,1,1,1,1,2,2],5,16].
[[2,3,1,1,2,1,2,1,1],1,0].
[[3,3,1,1,1,1,1,1,1],1,0].
[[3,6,0,0,0,0,2,3,1],2,12].
[[3,3,1,1,2,1,1,2,1],10,0].
[[3,9,1,1,2,1,2,2,1],0,5].
[[2,4,1,1,2,0,0,0,0],4,0].
[[3,7,2,1,1,0,2,1,1],4,1].
[[1,7,1,1,2,1,2,3,1],10,3].
[[3,9,1,1,2,1,0,0,0],0,12].
[[2,8,1,1,1,0,2,2,0],3,6].
[[2,8,1,1,1,1,2,1,0],11,9].
[[2,7,2,1,2,0,2,3,1],24,6].
[[2,9,2,1,1,0,1,1,1],0,6].
[[3,9,2,1,1,0,1,1,1],0,7].
[[3,3,2,1,2,0,0,0,0],11,0].
[[3,3,1,1,2,0,2,1,0],1,0].
[[3,6,0,1,1,1,2,2,0],0,5].
[[2,7,2,1,1,0,1,1,1],0,1].
[[3,7,2,1,1,0,1,1,1],1,3].
[[3,6,1,0,0,0,0,0,0],4,2].
[[2,8,0,1,2,0,2,1,1],1,16].
[[2,2,1,0,0,0,2,3,2],3,0].
[[3,2,1,1,2,0,1,2,2],1,0].
[[2,5,0,0,0,0,1,1,0],10,1].
[[3,7,0,0,0,0,2,2,0],0,20].
[[3,6,0,1,2,0,1,2,2],0,5].
[[3,5,0,1,2,0,2,1,0],7,1].
[[3,3,2,1,2,1,1,2,2],11,0].
[[2,7,1,0,0,0,1,2,0],4,2].
[[3,8,0,1,1,1,2,1,1],3,28].
[[3,9,1,1,1,0,2,2,0],1,14].
[[3,8,1,1,1,0,2,2,1],8,11].
[[3,6,1,1,1,1,1,2,1],17,1].
[[3,5,0,1,2,0,1,2,2],8,2].
[[2,7,0,0,0,0,2,1,1],1,3].
[[3,3,0,0,0,0,2,1,1],0,1].
[[3,9,1,0,0,0,2,3,1],0,4].
[[3,6,0,0,0,0,1,1,1],1,1].
[[2,7,0,1,2,1,1,2,2],0,2].
[[2,7,2,1,2,0,2,3,0],2,1].
[[2,5,0,0,0,0,1,2,2],4,0].
[[3,9,2,1,1,0,1,2,2],0,6].
[[1,7,2,1,2,1,2,1,1],3,1].
[[3,3,2,1,2,1,2,1,1],11,0].
[[1,6,0,0,0,0,2,2,0],2,2].
[[2,6,0,0,0,0,2,2,0],2,6].
[[3,6,0,0,0,0,1,1,0],0,2].
[[2,6,0,0,0,0,1,2,2],0,6].
[[1,6,1,0,0,0,2,3,0],11,0].
[[3,9,2,1,2,1,2,1,1],0,4].
[[1,5,0,1,2,1,1,2,0],5,0].
[[3,6,1,1,1,1,2,3,0],4,0].
[[3,7,2,1,1,1,0,0,0],1,0].
[[2,6,1,1,2,1,2,3,0],6,0].
[[3,9,1,1,1,0,2,1,0],1,10].
[[3,9,2,1,1,1,2,1,0],1,22].
[[2,7,0,1,2,1,2,3,2],3,12].
[[2,9,2,1,2,0,2,1,1],5,23].
[[1,7,2,0,0,0,2,1,1],17,5].
[[3,3,2,0,0,0,0,0,0],18,1].
[[2,8,1,1,1,0,1,2,1],6,9].
[[1,9,2,1,1,1,1,2,0],11,6].
[[3,7,2,1,1,1,2,2,0],5,0].
[[2,3,2,1,2,0,2,3,2],5,0].
[[3,3,2,1,1,0,1,2,2],2,0].
[[2,6,0,1,2,1,2,3,1],2,7].
[[2,8,0,1,2,0,1,1,1],1,8].
[[1,8,1,1,2,0,2,2,0],9,5].
[[3,2,1,0,0,0,2,2,1],3,0].
[[3,7,2,1,1,1,2,2,1],15,1].
[[1,8,0,0,0,0,1,1,1],3,3].
[[2,6,0,0,0,0,2,3,0],7,5].
[[2,6,1,1,2,0,0,0,0],13,2].
[[3,3,1,1,2,0,2,3,1],8,1].
[[3,6,1,1,1,0,2,1,1],2,0].
[[1,6,1,0,0,0,1,1,1],2,0].
[[2,6,1,0,0,0,1,2,0],2,0].
[[3,3,1,1,2,1,1,2,0],4,0].
[[2,5,0,1,2,1,1,2,1],11,1].
[[2,3,1,1,2,1,2,3,2],3,0].
[[3,3,1,1,1,1,2,3,1],6,1].
[[2,7,2,0,0,0,2,1,0],8,0].
[[3,7,2,0,0,0,2,1,0],4,0].
[[3,3,1,1,1,1,2,2,1],2,0].
[[2,6,1,1,1,1,1,2,1],2,0].
[[3,3,2,1,1,1,1,2,2],3,0].
[[3,7,2,0,0,0,2,1,1],13,2].
[[1,9,2,1,1,1,1,1,1],8,6].
[[1,3,2,0,0,0,2,1,1],2,0].
[[2,3,2,0,0,0,2,1,1],5,0].
[[3,7,0,1,1,1,0,0,0],1,8].
[[2,3,2,0,0,0,2,3,1],6,0].
[[3,3,2,1,2,0,2,3,2],17,0].
[[1,5,0,1,2,0,1,1,1],4,0].
[[2,5,0,1,1,0,1,1,1],2,0].
[[2,6,1,1,2,0,2,3,1],10,1].
[[3,2,1,1,2,0,2,3,1],2,0].
[[3,7,1,1,2,0,1,1,0],5,4].
[[3,7,2,1,2,0,1,1,0],4,0].
[[3,9,2,1,1,0,2,2,0],0,8].
[[3,7,0,1,2,0,2,3,2],2,10].
[[1,7,1,0,0,0,2,3,0],7,1].
[[3,7,2,1,2,1,2,3,0],15,1].
[[3,9,1,1,1,1,2,3,1],0,2].
[[2,6,1,1,2,0,2,3,2],13,2].
[[3,2,1,1,2,0,2,3,2],1,0].
[[3,3,2,1,1,1,2,3,0],1,0].
[[3,6,1,1,2,1,0,0,0],6,3].
[[2,7,2,0,0,0,2,2,0],8,0].
[[3,2,1,1,2,1,0,0,0],2,0].
[[3,6,1,1,2,0,2,3,0],4,0].
[[2,6,0,0,0,0,2,1,0],1,3].
[[3,9,2,1,2,0,2,3,1],1,27].
[[2,7,2,1,2,1,1,2,0],2,0].
[[3,7,1,1,1,1,1,2,0],7,1].
[[1,8,1,1,1,1,2,2,0],4,2].
[[3,6,0,1,2,0,2,2,0],1,2].
[[3,9,1,1,1,1,0,0,0],0,4].
[[3,6,0,0,0,0,0,0,0],0,14].
[[3,9,1,1,2,1,2,3,1],0,7].
[[2,3,1,1,2,1,2,3,1],2,0].
[[2,8,0,1,1,1,1,2,0],2,6].
[[3,9,2,1,1,0,2,3,1],0,2].
[[2,9,2,1,1,0,2,2,1],1,2].
[[3,4,0,1,2,0,2,2,1],0,1].
[[3,6,1,1,1,0,2,3,1],2,1].
[[3,7,1,1,1,0,2,3,0],4,5].
[[2,8,1,1,1,0,2,3,2],3,7].
[[2,1,1,1,2,0,1,2,0],1,0].
[[3,1,1,1,2,0,1,2,0],1,0].
[[2,3,1,1,2,1,1,2,1],2,0].
[[1,9,2,1,2,0,1,2,0],8,10].
[[2,3,1,0,0,0,2,1,1],2,0].
[[3,7,0,0,0,0,2,1,1],0,11].
[[3,5,0,1,1,1,1,2,2],12,2].
[[2,7,0,1,2,1,2,1,1],2,1].
[[2,6,1,1,2,0,2,3,0],2,1].
[[3,6,0,1,2,0,0,0,0],0,6].
[[3,2,1,0,0,0,1,2,1],2,0].
[[2,7,2,1,2,1,2,2,0],3,0].
[[3,3,0,0,0,0,0,0,0],0,2].
[[3,4,0,1,2,0,1,2,1],0,7].
[[3,9,1,1,2,0,0,0,0],0,4].
[[3,9,1,1,2,0,2,3,1],0,2].
[[1,2,1,0,0,0,2,2,1],1,0].
[[2,2,1,0,0,0,2,2,1],2,0].
[[3,2,1,0,0,0,1,1,1],1,0].
[[2,3,2,0,0,0,2,2,1],7,0].
[[3,3,2,0,0,0,1,1,1],5,0].
[[1,7,1,1,2,1,1,2,1],1,2].
[[2,8,1,1,1,0,1,2,0],1,0].
[[2,3,1,1,2,1,2,2,0],1,0].
[[3,3,1,1,2,1,2,3,0],4,1].
[[2,7,2,1,1,1,2,1,1],2,0].
[[3,6,0,1,1,1,2,1,0],0,3].
[[3,6,0,1,2,0,2,2,1],1,5].
[[2,7,1,1,2,1,1,2,0],2,2].
[[2,7,0,1,2,1,1,2,1],0,2].
[[3,8,1,1,1,0,2,1,1],2,7].
[[1,7,2,0,0,0,1,1,1],3,3].
[[2,9,1,1,1,0,1,1,1],0,1].
[[1,8,1,1,2,0,2,1,0],4,3].
[[1,8,1,1,1,1,1,1,0],0,1].
[[3,7,2,1,2,1,1,2,0],10,0].
[[1,6,1,0,0,0,2,1,0],4,0].
[[3,7,0,1,1,1,2,1,1],0,4].
[[2,6,0,1,2,1,2,3,0],2,7].
[[3,6,0,0,0,0,1,2,2],0,9].
[[2,8,1,1,1,0,2,3,0],0,2].
[[3,2,1,1,2,1,2,2,1],4,0].
[[2,9,1,1,2,0,0,0,0],0,4].
[[1,8,1,1,2,0,1,2,0],2,2].
[[2,6,1,1,2,1,1,1,1],2,0].
[[3,6,1,1,1,0,2,3,2],2,3].
[[2,9,2,1,1,0,2,1,0],1,3].
[[3,6,0,1,1,1,2,1,1],0,2].
[[2,8,1,1,1,0,2,1,1],3,3].
[[2,4,1,1,2,0,2,2,0],8,4].
[[1,7,2,1,2,1,2,3,1],7,2].
[[3,3,1,0,0,0,1,2,1],4,0].
[[1,5,0,1,2,1,2,1,0],7,0].
[[3,3,2,0,0,0,1,2,2],1,0].
[[2,7,1,1,1,1,2,1,1],2,3].
[[2,7,0,0,0,0,2,2,0],2,4].
[[2,5,0,1,2,1,1,2,2],4,0].
[[3,2,1,1,2,1,1,2,1],3,0].
[[2,3,2,1,2,0,0,0,0],4,0].
[[3,7,2,1,2,0,1,2,0],5,0].
[[3,7,0,1,2,0,1,2,0],1,4].
[[3,1,1,1,2,0,1,1,0],1,0].
[[2,9,1,1,2,1,2,2,1],3,3].
[[2,7,2,1,2,1,1,1,1],9,4].
[[3,2,1,1,2,0,2,2,1],2,0].
[[2,6,0,1,2,1,2,2,0],0,4].
[[3,6,0,1,2,1,1,1,0],0,6].
[[1,6,0,0,0,0,2,3,2],0,6].
[[3,3,1,1,2,0,2,2,0],2,0].
[[3,3,2,1,2,0,2,3,0],1,0].
[[3,9,1,1,1,1,2,2,1],0,2].
[[3,6,0,1,2,0,1,1,1],0,2].
[[3,3,2,1,2,0,2,1,1],3,0].
[[3,3,2,1,1,1,0,0,0],2,0].
[[3,3,1,1,2,0,1,2,1],4,0].
[[1,3,2,0,0,0,2,2,1],2,0].
[[2,6,1,1,1,1,2,2,1],3,0].
[[3,6,0,1,2,1,1,1,1],0,7].
[[3,3,1,1,2,0,2,3,0],1,0].
[[3,7,2,1,1,0,1,2,0],2,0].
[[2,4,1,1,2,0,2,3,2],5,0].
[[3,9,1,1,1,0,2,3,1],0,1].
[[3,2,0,0,0,0,2,3,0],1,0].
[[3,3,1,1,1,1,2,3,0],1,0].
[[3,7,2,0,0,0,1,1,0],3,0].
[[3,3,1,1,2,0,2,1,1],2,1].
[[1,7,1,0,0,0,2,1,0],1,1].
[[2,7,2,1,2,1,2,3,0],4,0].
[[3,3,2,1,2,1,2,3,0],2,0].
[[2,3,2,1,2,0,1,2,2],1,0].
[[3,7,2,1,1,0,2,3,0],5,0].
[[3,2,1,0,0,0,0,0,0],4,0].
[[2,6,1,1,2,0,2,1,1],3,0].
[[2,3,1,0,0,0,1,2,2],1,0].
[[2,5,0,1,2,0,1,2,2],1,1].
[[3,5,0,1,1,0,1,2,2],1,1].
[[1,8,1,1,1,1,1,2,0],1,1].
[[3,2,0,0,0,0,0,0,0],0,1].
[[2,7,2,1,2,0,1,2,0],1,0].
[[3,6,1,0,0,0,1,2,0],4,1].
[[2,3,2,1,2,0,2,2,1],1,0].
[[3,3,2,1,2,0,1,1,1],4,0].
[[2,5,0,0,0,0,2,3,0],6,0].
[[1,7,2,0,0,0,2,2,0],2,0].
[[2,7,2,0,0,0,1,2,0],3,0].
[[3,6,1,1,2,0,1,2,0],4,1].
[[2,7,1,1,1,1,1,2,2],2,1].
[[2,9,1,1,2,1,2,3,1],0,4].
[[2,5,0,1,1,0,1,2,0],1,0].
[[2,8,1,1,1,0,2,1,0],1,2].
[[3,7,1,1,1,0,2,1,0],2,1].
[[2,9,1,1,1,0,1,2,0],1,3].
[[3,5,0,0,0,0,2,3,0],7,0].
[[3,8,1,1,1,0,1,1,0],2,5].
[[2,7,0,0,0,0,1,2,2],0,2].
[[2,9,1,1,2,0,2,2,1],1,2].
[[3,6,1,1,1,1,2,1,0],2,0].
[[3,5,0,1,1,0,1,2,1],1,2].
[[3,6,0,1,1,1,1,2,1],0,2].
[[2,2,1,1,2,1,2,3,2],1,0].
[[3,2,1,1,2,1,2,3,1],1,0].
[[3,3,1,1,2,1,2,1,0],1,0].
[[3,6,1,1,1,0,1,2,2],2,1].
[[2,9,2,1,1,0,1,1,0],0,1].
[[3,4,0,1,2,0,1,1,0],0,1].
[[3,4,0,1,2,0,1,1,1],0,4].
[[3,6,1,1,1,0,1,2,1],2,0].
[[2,3,1,0,0,0,1,2,1],1,0].
[[3,2,0,0,0,0,1,2,1],1,0].
[[3,7,0,1,2,0,1,1,1],0,1].
[[3,6,0,1,1,1,1,2,0],0,1].
[[1,7,2,1,2,0,1,1,1],1,0].
[[2,3,2,1,2,0,1,1,1],1,0].
[[3,3,2,1,1,0,1,1,1],1,0].
[[3,7,2,1,2,1,2,1,0],10,0].
[[3,7,0,1,2,0,1,2,1],1,1].
[[2,5,0,0,0,0,2,2,0],1,0].
[[2,9,1,1,1,0,2,2,0],0,2].
[[2,9,2,1,1,0,2,3,2],0,4].
[[2,7,1,1,1,1,1,1,0],1,0].
[[3,6,1,1,2,0,0,0,0],2,1].
[[2,6,0,1,2,1,2,1,1],1,3].
[[2,9,1,1,2,1,2,1,1],0,2].
[[1,6,1,1,2,1,2,2,0],1,0].
[[2,3,2,1,2,1,2,2,0],1,0].
[[3,3,2,1,1,1,2,2,0],1,0].
[[3,4,0,1,2,0,2,3,2],0,2].
[[2,7,2,1,2,0,2,1,0],2,0].
[[3,7,2,1,2,0,2,1,0],5,0].
[[3,3,1,1,2,0,1,2,2],1,1].
[[1,7,2,1,2,1,1,2,2],4,0].
[[3,9,2,1,1,0,1,2,0],0,3].
[[2,8,0,1,2,0,1,1,0],2,3].
[[2,3,2,1,2,1,2,2,1],4,0].
[[3,7,0,1,1,1,1,2,0],0,2].
[[3,7,1,1,1,0,1,1,0],1,1].
[[3,6,0,0,0,0,2,1,0],1,5].
[[3,7,0,1,2,0,2,2,0],0,7].
[[3,5,0,1,1,0,2,1,0],0,1].
[[2,9,1,0,0,0,2,1,1],0,4].
[[2,3,2,1,2,0,2,1,1],2,0].
[[3,7,1,1,1,0,0,0,0],0,3].
[[2,7,1,0,0,0,1,1,0],2,0].
[[2,5,0,1,1,1,1,1,0],5,1].
[[3,9,1,0,0,0,2,2,1],0,3].
[[2,9,1,0,0,0,2,2,1],0,3].
[[2,7,2,1,2,0,1,1,0],1,0].
[[2,9,1,1,1,0,1,1,0],0,2].
[[2,6,0,1,2,1,1,2,0],1,0].
[[3,7,2,0,0,0,2,3,0],7,0].
[[2,8,1,1,1,0,1,1,0],0,3].
[[2,7,1,1,2,0,2,2,0],2,2].
[[2,7,2,1,1,0,0,0,0],1,1].
[[2,8,0,1,1,1,1,1,1],2,1].
[[2,6,1,1,2,0,1,1,1],2,0].
[[2,7,1,1,1,1,2,3,0],2,1].
[[3,9,2,1,1,0,1,1,0],0,2].
[[2,7,1,1,2,0,1,2,0],1,1].
[[1,9,2,1,1,1,1,1,0],1,3].
[[2,4,1,1,2,0,1,1,0],1,0].
[[1,7,2,1,2,0,2,1,1],3,0].
[[1,8,0,1,2,1,1,1,0],1,0].
[[3,7,0,1,2,1,1,1,0],0,5].
[[2,7,2,1,1,0,2,1,1],1,0].
[[2,7,2,1,1,0,2,3,1],1,0].
[[3,2,1,0,0,0,2,1,1],2,0].
[[2,6,1,1,1,1,2,3,1],4,0].
[[3,5,0,1,1,1,2,3,0],2,0].
[[2,7,2,1,1,0,1,2,2],2,0].
[[3,7,2,0,0,0,2,2,0],6,0].
[[1,8,1,1,2,0,1,1,0],1,0].
[[3,3,2,0,0,0,2,3,0],2,0].
[[3,6,0,1,1,1,1,1,1],0,2].
[[2,7,2,1,2,0,2,2,0],2,0].
[[2,7,2,1,1,1,2,3,0],1,0].
[[3,6,1,1,1,1,1,1,0],0,2].
[[2,5,0,1,1,1,1,2,2],1,0].
[[1,3,2,0,0,0,2,3,1],2,0].
[[2,7,2,1,1,0,1,2,0],1,0].
[[3,3,2,1,1,0,1,2,0],1,0].
[[2,5,0,1,1,1,2,3,0],1,0].
[[3,5,0,1,1,1,2,2,0],1,0].
[[3,6,0,1,1,1,2,3,2],0,2].
[[3,8,1,1,2,0,0,0,0],0,2].
[[2,5,0,1,2,0,2,3,0],1,0].
[[1,8,1,1,1,1,1,1,1],0,2].
[[2,7,2,1,1,1,2,2,0],1,0].
[[2,6,1,1,2,1,1,2,0],2,0].
[[3,3,1,1,1,1,1,2,1],2,0].
[[2,3,2,0,0,0,1,2,2],1,0].
[[2,7,2,1,1,0,2,3,0],1,0].
[[3,3,2,1,1,0,2,3,2],1,0].
[[3,6,1,1,1,0,2,3,0],0,2].
[[3,7,1,1,1,0,1,2,0],0,1].
[[1,7,2,1,2,0,1,2,2],3,0].
[[3,6,0,1,2,0,2,1,0],0,1].
[[2,6,1,1,2,0,2,1,0],2,0].
[[2,6,0,1,2,1,1,2,2],1,1].
[[2,3,2,1,2,0,1,2,1],1,0].
[[3,2,1,1,1,1,2,2,1],1,0].
[[1,7,1,1,2,1,1,1,1],0,1].
[[3,3,1,0,0,0,2,1,0],0,1].
[[3,3,0,0,0,0,2,3,1],0,1].
[[3,6,0,1,1,1,1,2,2],0,1].
[[2,7,1,1,1,1,2,1,0],1,0].
[[1,6,1,1,2,1,1,2,1],2,0].
[[2,3,2,1,2,1,1,2,2],3,0].
[[3,3,2,1,2,1,1,1,1],5,0].
[[3,9,1,1,2,1,2,1,1],0,1].
[[3,3,2,1,1,1,2,1,0],1,0].
[[3,5,0,1,1,0,2,3,0],1,0].
[[1,6,1,0,0,0,1,2,2],1,0].
[[3,3,2,1,1,1,2,3,2],2,0].
[[3,3,2,1,1,1,2,2,1],2,0].
[[2,5,0,1,2,1,2,2,0],2,0].
[[2,5,0,1,2,0,1,2,1],2,0].
[[3,7,2,1,1,0,2,1,0],1,0].
[[1,7,2,1,2,0,1,2,1],1,0].
[[2,9,1,1,1,0,1,2,2],1,3].
[[3,2,0,1,2,1,0,0,0],0,2].
[[1,5,0,1,2,1,2,3,0],1,0].
[[3,7,0,1,2,0,1,1,0],0,1].
[[2,9,1,1,1,0,1,2,1],0,1].
[[1,7,2,1,2,0,2,3,1],2,0].
[[3,3,2,1,1,1,1,2,1],2,0].
[[3,7,0,1,1,1,1,1,1],0,1].
[[2,9,2,1,1,0,1,2,0],2,1].
[[3,7,2,1,1,0,0,0,0],0,1].
[[3,3,0,1,2,1,0,0,0],0,1].
[[3,7,0,0,0,0,1,1,1],1,2].
[[2,3,1,0,0,0,2,2,0],1,0].
[[3,9,1,1,2,0,2,2,1],0,1].
[[3,3,2,0,0,0,2,1,1],4,0].
[[2,6,0,1,2,1,2,2,1],0,1].
[[1,7,2,0,0,0,2,1,0],1,0].
[[3,9,2,1,1,0,0,0,0],0,1].
[[2,7,0,1,2,1,1,2,0],0,1].
[[2,6,1,1,1,1,2,1,0],0,1].
[[2,9,1,1,1,1,2,2,1],1,0].
[[3,4,0,1,2,0,2,2,0],0,1].
[[2,7,0,0,0,0,1,2,0],0,1].
[[3,2,1,0,0,0,2,3,2],1,0].
[[3,7,0,1,2,0,2,1,0],1,2].
[[3,3,1,1,1,1,2,1,0],1,0].
[[3,2,1,1,1,1,1,2,1],1,0].
[[3,4,0,1,2,0,2,1,0],0,1].
[[2,9,2,1,1,0,0,0,0],0,1].
[[3,4,0,1,2,0,1,2,2],0,1].
[[3,2,0,1,2,1,2,2,0],0,1].
[[2,2,1,1,2,1,2,2,1],1,0].
[[1,7,2,0,0,0,2,3,0],1,0].
[[3,6,1,1,1,0,1,1,0],0,1].
[[3,8,1,0,0,0,0,0,0],0,1].
[[2,5,0,1,2,0,1,1,0],0,1].
