total_WL(7432,4767).
[[1,9,2,0,0,0,2,2,0],96,136].
[[2,8,1,0,0,0,2,2,0],33,9].
[[3,6,1,0,0,0,2,2,0],5,0].
[[1,8,1,1,2,2,0,0,0],238,81].
[[2,8,1,1,2,2,2,1,0],22,9].
[[3,7,1,1,1,2,2,1,0],6,2].
[[1,9,2,0,0,0,2,2,2],137,177].
[[2,9,2,0,0,0,2,2,2],27,42].
[[3,9,2,1,2,2,1,1,0],13,76].
[[1,8,0,1,1,2,1,1,2],6,3].
[[2,7,1,1,1,2,1,1,2],5,1].
[[3,5,0,1,1,2,1,1,2],100,3].
[[1,9,2,0,0,0,1,2,0],66,50].
[[2,9,2,0,0,0,1,2,0],58,80].
[[1,8,1,0,0,0,2,1,2],172,40].
[[2,7,1,1,2,2,2,1,2],40,12].
[[3,7,1,1,2,2,2,1,2],73,17].
[[1,9,2,1,1,2,2,2,0],60,39].
[[2,9,2,1,1,2,2,3,0],51,61].
[[3,4,2,1,2,0,2,3,0],65,3].
[[1,8,1,0,0,0,2,2,2],205,55].
[[2,8,1,0,0,0,1,2,2],65,24].
[[3,8,1,0,0,0,1,2,2],42,19].
[[1,9,2,1,2,2,2,3,0],213,215].
[[2,9,2,1,1,2,1,1,0],17,32].
[[3,9,2,1,1,2,1,1,0],11,66].
[[1,9,2,1,1,2,2,3,2],25,19].
[[2,9,2,1,1,2,2,3,2],14,6].
[[3,4,2,1,2,0,2,2,2],70,4].
[[1,9,2,1,2,0,2,1,0],3,10].
[[2,8,1,1,2,0,2,3,1],38,17].
[[3,8,1,1,2,2,1,2,1],91,19].
[[1,9,2,1,2,0,2,1,2],10,21].
[[2,9,2,1,2,0,1,2,2],17,27].
[[3,9,2,1,2,0,1,2,2],6,28].
[[3,8,0,1,2,2,1,2,2],52,99].
[[1,8,0,1,1,2,0,0,0],36,27].
[[2,8,0,1,1,2,2,3,0],51,39].
[[3,8,0,1,1,2,2,3,0],19,72].
[[1,9,2,1,2,0,1,1,2],10,9].
[[2,9,2,1,2,0,1,1,2],15,27].
[[3,9,2,1,2,0,1,1,2],13,30].
[[1,8,0,1,2,2,2,2,0],25,17].
[[2,8,0,1,2,2,2,2,0],38,61].
[[1,8,1,1,2,2,1,2,2],52,8].
[[2,8,1,1,2,2,1,2,2],114,24].
[[3,8,1,1,2,2,1,2,2],155,44].
[[1,8,1,0,0,0,0,0,0],308,112].
[[2,8,1,0,0,0,2,2,2],110,29].
[[1,9,2,1,2,2,2,1,2],158,158].
[[2,8,0,1,2,2,2,1,2],50,89].
[[3,8,0,1,2,2,2,1,2],34,75].
[[1,8,1,0,0,0,2,2,1],81,18].
[[2,8,1,0,0,0,2,2,1],52,14].
[[3,8,1,1,2,2,1,1,0],51,14].
[[2,8,1,1,2,0,0,0,0],9,11].
[[3,8,1,1,2,0,2,3,0],5,6].
[[1,9,2,1,2,2,0,0,0],105,218].
[[2,9,2,1,2,2,2,3,0],76,157].
[[3,8,0,1,2,2,2,3,0],42,98].
[[1,8,1,0,0,0,1,2,1],40,16].
[[2,8,1,1,2,0,1,2,1],19,11].
[[3,8,1,1,2,0,1,2,1],31,6].
[[1,4,2,1,2,0,2,2,0],5,0].
[[2,4,2,1,2,0,1,2,0],48,1].
[[3,4,2,1,2,0,1,2,0],151,7].
[[3,9,2,0,0,0,1,2,2],9,27].
[[1,9,2,1,2,2,1,2,0],67,74].
[[2,9,2,1,2,2,1,2,0],98,129].
[[3,8,1,1,2,2,1,2,0],129,22].
[[1,7,1,0,0,0,0,0,0],51,20].
[[2,7,1,0,0,0,0,0,0],43,21].
[[3,7,2,1,2,0,0,0,0],3,0].
[[1,9,2,1,1,2,0,0,0],57,46].
[[2,5,0,1,1,2,2,3,0],19,1].
[[3,5,0,1,1,2,2,3,0],34,1].
[[1,8,0,1,2,2,0,0,0],123,160].
[[2,8,0,1,2,2,2,3,0],68,94].
[[3,7,1,1,2,2,2,1,1],14,3].
[[1,9,2,0,0,0,2,1,2],121,147].
[[2,9,2,1,2,2,1,1,2],94,89].
[[3,9,2,1,1,2,1,1,2],38,58].
[[1,9,2,1,2,2,2,3,2],54,55].
[[2,8,0,1,2,2,2,3,2],14,30].
[[1,9,2,0,0,0,2,3,1],36,27].
[[2,9,2,0,0,0,2,3,1],11,14].
[[3,8,0,0,0,0,2,3,1],6,4].
[[1,8,1,1,2,0,0,0,0],43,22].
[[2,8,1,1,2,0,2,1,0],12,4].
[[3,8,1,1,2,0,2,1,2],39,13].
[[2,7,1,1,2,2,0,0,0],83,31].
[[3,7,1,1,1,2,0,0,0],11,8].
[[1,9,2,1,1,2,2,3,0],101,47].
[[1,9,2,1,2,2,2,2,2],172,211].
[[3,9,2,1,2,2,1,1,2],51,92].
[[1,8,0,1,2,2,2,1,0],16,14].
[[3,7,1,1,1,2,2,2,1],33,6].
[[2,6,1,1,2,2,0,0,0],29,1].
[[3,3,1,1,1,2,0,0,0],5,0].
[[2,8,0,1,1,2,2,3,2],10,14].
[[3,7,1,1,1,2,2,3,2],22,2].
[[2,4,2,1,2,0,2,2,0],21,1].
[[3,4,2,1,2,0,2,2,0],36,0].
[[1,9,2,1,2,2,2,2,1],36,20].
[[2,8,0,1,1,2,2,2,1],3,3].
[[3,8,0,1,1,2,2,2,1],10,10].
[[2,8,1,1,2,2,2,2,1],86,16].
[[3,8,1,1,2,2,2,2,1],64,17].
[[1,9,2,0,0,0,1,2,2],104,99].
[[2,8,0,0,0,0,1,2,2],19,14].
[[3,7,0,1,2,0,1,2,2],1,2].
[[1,7,2,0,0,0,2,3,2],8,2].
[[2,7,2,0,0,0,2,1,2],26,7].
[[3,7,2,1,2,0,1,1,2],15,10].
[[1,9,2,1,2,2,2,1,0],70,67].
[[3,7,0,1,2,2,2,3,0],8,20].
[[3,7,1,1,1,2,1,2,2],38,11].
[[1,9,2,1,2,0,2,2,2],10,16].
[[2,9,2,1,2,0,2,2,2],13,33].
[[3,9,2,1,2,2,2,2,2],11,28].
[[2,8,1,1,2,2,0,0,0],27,35].
[[3,7,1,0,0,0,2,3,1],19,4].
[[2,9,2,0,0,0,2,1,2],29,41].
[[3,9,2,1,2,2,2,1,2],6,29].
[[1,9,2,1,2,2,1,1,2],108,61].
[[3,8,1,1,2,0,1,1,0],10,3].
[[1,9,2,0,0,0,1,1,0],23,35].
[[2,9,2,1,2,0,1,1,0],6,24].
[[3,9,2,1,1,0,1,1,0],1,8].
[[1,6,0,1,2,2,0,0,0],6,10].
[[2,6,0,1,2,2,0,0,0],8,14].
[[3,6,0,1,2,2,2,3,1],2,0].
[[2,5,0,0,0,0,1,1,2],33,2].
[[3,5,0,0,0,0,1,1,2],29,1].
[[2,9,2,1,2,2,2,2,1],26,22].
[[3,5,0,1,2,2,1,2,1],61,0].
[[3,8,1,1,2,2,2,3,1],68,25].
[[2,8,1,1,2,0,1,1,2],16,6].
[[3,6,1,1,2,0,1,1,2],8,0].
[[2,8,0,1,2,2,0,0,0],20,91].
[[1,9,2,1,1,2,1,2,2],60,28].
[[2,8,1,1,1,2,1,2,2],54,8].
[[3,8,1,1,1,2,1,2,2],75,14].
[[1,9,2,1,2,2,2,2,0],146,125].
[[2,8,0,1,1,2,2,2,0],30,15].
[[1,9,2,1,2,2,1,1,0],28,31].
[[2,8,0,1,2,2,1,1,0],13,10].
[[3,5,0,1,1,0,1,1,0],2,0].
[[1,9,2,0,0,0,0,0,0],73,208].
[[2,9,2,1,2,2,2,1,0],21,48].
[[3,9,2,1,2,2,2,2,1],4,5].
[[3,8,1,1,2,0,1,2,2],48,17].
[[1,8,0,1,2,2,2,3,2],15,19].
[[2,8,0,1,1,2,2,2,2],41,28].
[[3,7,0,1,1,2,2,2,2],4,14].
[[1,8,1,1,2,2,2,3,0],56,10].
[[2,7,1,1,2,2,2,3,0],21,2].
[[3,7,1,1,2,2,2,2,1],43,16].
[[2,8,1,1,2,2,2,2,2],169,38].
[[3,8,1,1,2,2,2,2,2],111,31].
[[1,8,0,1,2,2,2,3,0],49,39].
[[2,7,0,1,2,2,2,3,0],4,2].
[[2,5,0,1,2,0,1,1,2],17,1].
[[3,5,0,1,2,2,1,1,2],148,6].
[[3,7,1,1,2,2,1,2,2],58,14].
[[1,9,2,0,0,0,1,1,2],86,55].
[[2,9,2,0,0,0,1,1,2],41,58].
[[3,8,1,1,2,0,1,1,2],31,19].
[[2,9,2,1,1,2,1,2,0],75,60].
[[1,8,1,1,2,2,2,2,2],141,28].
[[2,8,1,1,1,2,1,1,2],30,3].
[[3,8,1,1,1,2,1,1,2],52,13].
[[3,9,2,1,1,0,1,2,2],1,17].
[[1,8,1,1,2,2,2,3,1],129,18].
[[2,8,1,1,2,2,2,3,1],138,24].
[[2,8,0,1,1,2,1,2,0],26,11].
[[1,4,2,1,2,0,2,3,2],3,1].
[[2,4,2,1,2,0,2,2,2],41,2].
[[2,8,0,0,0,0,2,2,2],23,47].
[[3,8,0,1,2,0,1,1,2],22,17].
[[2,8,1,1,2,0,2,2,2],43,20].
[[3,8,1,1,2,0,2,2,2],43,15].
[[2,9,2,1,2,2,1,2,2],114,137].
[[1,8,1,0,0,0,2,3,2],89,21].
[[2,8,1,0,0,0,2,3,2],47,7].
[[3,8,0,1,1,2,2,1,2],28,36].
[[2,9,2,1,2,2,2,2,0],45,80].
[[3,8,0,1,2,2,2,2,0],26,68].
[[3,8,0,1,1,2,2,2,2],24,53].
[[1,7,1,0,0,0,2,2,2],12,0].
[[2,7,1,0,0,0,2,2,2],33,4].
[[3,7,1,0,0,0,2,2,2],26,7].
[[1,9,2,1,2,2,1,2,2],160,136].
[[3,7,2,1,2,2,1,2,2],50,8].
[[3,8,1,1,1,2,2,3,2],13,0].
[[1,8,1,1,1,2,2,1,0],6,0].
[[2,4,2,1,2,0,1,1,0],19,0].
[[3,4,2,1,2,0,1,1,0],56,0].
[[2,9,2,1,2,0,1,2,0],23,26].
[[3,8,1,1,1,0,1,2,0],12,13].
[[2,9,2,1,2,2,2,1,2],53,92].
[[3,9,2,1,1,2,2,1,2],2,15].
[[3,9,2,1,2,2,1,2,0],53,170].
[[2,5,0,1,1,2,1,1,2],45,1].
[[1,8,1,0,0,0,2,2,0],59,9].
[[2,8,1,1,2,2,2,2,0],58,18].
[[3,7,1,1,2,2,2,2,0],22,8].
[[2,8,1,1,2,2,1,1,2],79,31].
[[2,9,2,1,1,0,1,1,2],1,1].
[[3,8,0,1,1,0,1,1,2],3,2].
[[2,8,0,1,2,2,2,1,0],26,38].
[[3,8,0,1,1,2,1,1,0],11,31].
[[3,8,0,1,1,2,1,2,0],51,55].
[[2,8,0,1,2,2,2,2,1],14,9].
[[2,9,2,1,1,2,2,2,1],11,5].
[[2,8,1,1,2,2,2,1,2],145,30].
[[3,8,1,1,2,2,1,1,2],104,30].
[[2,9,2,1,2,2,2,2,2],78,150].
[[2,8,1,0,0,0,1,2,1],37,8].
[[3,7,1,1,2,0,1,2,1],15,1].
[[2,8,1,0,0,0,2,3,0],45,17].
[[3,7,1,1,2,0,2,3,0],10,5].
[[1,8,1,1,1,2,2,2,1],18,1].
[[2,6,1,1,1,2,2,2,1],2,0].
[[3,6,1,1,1,2,1,2,1],5,0].
[[2,4,2,1,2,0,1,2,2],38,4].
[[3,4,2,1,2,0,1,2,2],111,5].
[[2,9,2,1,1,2,1,2,2],71,64].
[[1,7,2,0,0,0,2,1,2],20,8].
[[2,3,2,0,0,0,2,1,2],7,0].
[[3,3,2,1,2,0,2,1,2],8,0].
[[1,8,0,0,0,0,0,0,0],92,141].
[[3,8,0,1,2,2,1,1,2],40,80].
[[2,8,0,0,0,0,2,3,1],9,4].
[[3,8,0,1,2,2,2,3,1],17,16].
[[3,6,0,1,1,2,2,3,0],3,10].
[[1,8,1,1,2,0,2,1,2],18,8].
[[2,8,1,1,2,0,2,1,2],40,10].
[[3,6,1,1,2,0,2,1,2],13,0].
[[3,8,0,1,2,2,2,2,2],46,104].
[[1,4,2,1,2,0,2,3,0],14,1].
[[1,8,1,1,2,2,1,1,2],32,11].
[[2,7,2,1,2,2,1,1,2],13,7].
[[3,7,2,1,2,2,1,1,2],35,21].
[[1,8,1,1,1,2,2,1,2],25,2].
[[2,4,2,1,2,0,2,1,2],36,0].
[[3,4,2,1,2,0,1,1,2],106,4].
[[1,7,1,0,0,0,2,3,0],3,0].
[[2,7,1,0,0,0,2,3,0],14,0].
[[3,7,1,0,0,0,2,3,0],16,5].
[[1,9,2,0,0,0,2,1,0],57,68].
[[3,8,0,1,1,2,2,1,0],7,30].
[[1,9,2,1,1,2,2,1,2],61,31].
[[3,4,2,1,2,0,2,1,2],62,2].
[[1,5,0,0,0,0,1,1,2],18,3].
[[3,5,0,1,2,0,1,1,2],43,1].
[[2,8,0,1,1,2,1,2,2],27,26].
[[3,8,0,1,1,2,1,2,2],39,68].
[[1,8,0,1,2,2,2,1,2],38,52].
[[3,7,1,1,1,2,2,1,2],37,9].
[[1,8,1,1,2,2,2,1,0],25,2].
[[1,8,0,1,2,2,1,2,2],14,12].
[[2,8,0,1,2,2,1,2,2],39,62].
[[1,2,1,0,0,0,2,3,1],1,0].
[[2,2,1,0,0,0,2,3,1],2,0].
[[3,2,1,1,2,2,2,3,1],2,0].
[[1,9,2,1,1,2,2,1,0],35,22].
[[1,8,1,1,2,2,2,2,1],78,15].
[[2,7,1,1,2,2,2,2,1],27,7].
[[2,9,2,1,2,0,2,3,1],7,7].
[[2,4,2,1,2,0,2,3,0],41,2].
[[1,7,2,0,0,0,1,2,2],9,5].
[[2,7,2,1,2,2,1,2,2],18,4].
[[3,9,2,0,0,0,1,2,0],15,38].
[[1,8,1,0,0,0,2,3,1],149,24].
[[2,8,0,1,2,2,2,2,2],59,93].
[[3,8,0,1,2,2,1,2,0],70,77].
[[1,8,0,1,1,2,2,3,0],16,0].
[[2,7,1,1,1,2,2,3,0],10,1].
[[3,7,1,1,1,2,1,2,0],19,2].
[[2,8,1,1,2,2,1,2,1],69,19].
[[3,7,2,1,2,2,2,1,2],48,6].
[[1,5,0,1,2,2,1,2,1],5,0].
[[2,5,0,1,1,2,1,2,1],15,0].
[[3,4,2,1,2,0,1,2,1],28,0].
[[2,7,2,1,2,0,2,1,2],13,2].
[[1,5,0,1,2,2,1,1,2],22,0].
[[2,5,0,1,2,2,1,1,2],79,2].
[[1,9,2,0,0,0,2,3,2],33,58].
[[3,7,1,0,0,0,2,3,2],11,1].
[[3,7,1,1,2,2,2,1,0],17,2].
[[3,8,1,0,0,0,1,2,0],37,6].
[[2,7,2,0,0,0,1,1,2],11,7].
[[3,7,2,0,0,0,1,1,2],13,6].
[[2,8,1,1,2,0,2,2,1],22,7].
[[3,8,1,1,1,0,2,2,1],4,4].
[[2,9,2,1,1,2,2,3,1],19,10].
[[3,9,2,1,1,2,2,3,1],2,13].
[[1,5,0,0,0,0,2,3,0],10,1].
[[2,5,0,1,2,0,2,3,0],3,2].
[[3,5,0,1,2,0,1,2,1],18,2].
[[2,7,2,1,2,0,1,2,2],5,3].
[[1,9,2,0,0,0,2,3,0],176,222].
[[1,8,1,1,2,2,2,1,2],137,29].
[[1,8,0,1,2,2,2,2,2],49,51].
[[3,8,0,1,1,2,1,1,2],30,53].
[[1,9,2,1,2,0,0,0,0],13,30].
[[1,8,0,0,0,0,2,2,2],30,45].
[[1,7,2,1,2,2,1,2,2],5,0].
[[3,7,2,1,1,2,1,2,2],14,1].
[[3,8,1,1,2,2,2,1,2],95,22].
[[2,8,1,1,2,0,1,2,2],30,14].
[[3,8,1,1,1,0,1,2,2],10,12].
[[1,7,1,0,0,0,2,3,1],7,2].
[[2,7,1,0,0,0,2,3,1],22,2].
[[3,3,1,0,0,0,2,3,1],2,0].
[[2,8,1,1,2,2,2,3,2],51,7].
[[3,8,1,1,2,2,2,3,2],27,2].
[[2,8,1,1,2,2,1,2,0],59,16].
[[1,9,2,0,0,0,2,2,1],27,15].
[[2,9,2,0,0,0,2,2,1],14,8].
[[2,8,1,0,0,0,2,3,1],85,9].
[[3,8,1,0,0,0,2,3,1],18,5].
[[1,8,1,0,0,0,1,2,2],41,18].
[[2,9,2,0,0,0,2,3,0],30,72].
[[2,8,1,0,0,0,2,1,2],106,27].
[[3,7,1,0,0,0,2,1,2],13,5].
[[3,8,0,0,0,0,1,1,2],14,13].
[[2,5,0,1,2,0,1,2,1],3,2].
[[1,8,0,1,2,2,1,1,2],6,3].
[[2,8,0,1,2,2,1,1,2],27,32].
[[3,8,1,1,1,2,1,2,1],43,10].
[[1,8,1,0,0,0,2,3,0],73,8].
[[2,7,1,1,2,0,2,3,0],5,2].
[[3,7,2,1,2,0,2,2,2],28,5].
[[2,9,2,1,2,0,2,2,0],8,15].
[[3,8,0,1,2,0,2,2,0],4,16].
[[2,9,2,1,1,2,1,1,2],59,37].
[[1,8,1,1,2,2,2,2,0],42,6].
[[3,7,1,1,2,2,2,3,1],79,16].
[[2,8,1,1,1,2,2,3,1],49,3].
[[3,8,1,1,1,2,2,3,1],35,10].
[[2,7,2,0,0,0,2,2,2],40,3].
[[3,7,2,0,0,0,2,2,2],21,2].
[[2,9,2,1,1,2,2,2,0],33,42].
[[3,8,0,1,1,2,2,2,0],18,35].
[[1,9,2,1,1,2,1,1,2],38,14].
[[2,9,2,0,0,0,2,2,0],13,51].
[[1,8,1,0,0,0,2,1,1],29,3].
[[2,8,1,1,2,2,2,1,1],28,4].
[[2,7,2,1,2,2,2,2,0],3,0].
[[3,7,2,1,1,2,2,2,0],3,2].
[[1,9,2,1,1,2,1,2,0],52,14].
[[2,8,1,1,1,2,1,2,0],15,5].
[[1,4,2,1,2,0,2,2,1],3,0].
[[2,4,2,1,2,0,2,2,1],14,0].
[[3,4,2,1,2,0,2,2,1],20,0].
[[2,9,2,1,2,2,0,0,0],10,50].
[[3,8,1,1,1,0,2,1,1],0,3].
[[3,8,1,0,0,0,2,2,2],30,8].
[[2,8,1,0,0,0,1,2,0],31,8].
[[2,9,2,0,0,0,1,2,1],12,2].
[[3,8,0,1,2,2,1,2,1],9,5].
[[2,7,1,1,2,0,2,2,2],6,3].
[[3,7,1,1,1,0,2,2,2],3,5].
[[2,8,1,1,1,2,2,1,2],40,4].
[[1,8,1,1,1,2,0,0,0],51,10].
[[2,4,2,1,2,0,0,0,0],8,1].
[[3,4,2,1,2,0,2,1,0],19,0].
[[2,8,1,1,1,0,2,2,1],2,0].
[[2,8,1,1,2,0,2,3,0],23,9].
[[2,8,1,1,2,2,2,3,0],82,14].
[[3,7,1,1,2,2,2,3,0],48,9].
[[3,9,2,0,0,0,1,1,2],8,23].
[[2,8,0,1,2,0,0,0,0],2,16].
[[3,7,0,1,2,2,0,0,0],0,17].
[[3,7,0,1,1,2,2,1,0],2,3].
[[1,6,0,1,2,2,2,3,0],1,1].
[[2,6,0,1,2,2,2,3,0],4,3].
[[3,6,0,1,1,2,2,2,0],1,2].
[[1,7,2,0,0,0,0,0,0],54,3].
[[3,7,2,1,2,0,2,1,2],16,2].
[[2,8,0,1,1,2,2,3,1],9,6].
[[3,8,0,1,1,2,2,3,1],13,5].
[[2,8,1,0,0,0,1,1,2],46,21].
[[3,8,1,0,0,0,1,1,2],30,11].
[[3,8,1,0,0,0,2,1,2],27,7].
[[2,7,1,1,2,2,2,2,2],48,20].
[[3,7,1,1,2,2,2,2,2],70,22].
[[2,9,2,1,1,2,2,1,0],10,28].
[[3,9,2,1,1,2,2,1,0],0,12].
[[1,7,1,1,2,2,2,2,1],5,1].
[[3,3,1,1,2,2,2,2,1],9,1].
[[1,8,0,0,0,0,2,3,0],36,33].
[[2,7,1,0,0,0,1,2,1],11,1].
[[2,8,1,0,0,0,2,1,0],28,9].
[[2,8,1,1,1,2,2,2,1],40,5].
[[3,8,1,1,1,2,1,1,0],17,9].
[[3,5,0,1,2,2,2,3,0],37,0].
[[3,8,0,0,0,0,2,1,2],4,10].
[[1,8,0,1,1,2,1,2,2],10,2].
[[2,7,1,1,1,2,1,2,2],6,0].
[[1,8,1,1,1,2,1,1,2],5,0].
[[2,7,2,1,1,2,1,1,2],5,0].
[[3,3,2,1,1,2,1,1,2],3,0].
[[2,8,0,1,1,2,0,0,0],20,27].
[[3,7,0,1,1,2,0,0,0],5,8].
[[1,9,2,1,2,0,2,2,0],7,6].
[[3,9,2,1,2,2,2,1,0],1,17].
[[2,5,0,1,2,2,1,2,1],27,0].
[[3,5,0,1,1,2,1,2,1],37,0].
[[3,9,2,1,2,2,1,2,2],38,112].
[[1,8,1,0,0,0,1,1,2],30,14].
[[1,9,2,1,1,2,2,2,2],75,39].
[[3,8,0,1,2,0,2,1,2],7,16].
[[3,7,1,1,1,2,2,2,2],54,11].
[[2,9,2,1,2,0,2,3,0],13,41].
[[3,9,2,1,2,0,1,2,0],15,52].
[[3,9,2,1,2,0,2,1,2],2,6].
[[1,6,1,1,2,2,0,0,0],23,0].
[[3,6,1,1,2,2,2,2,2],25,0].
[[1,9,2,1,2,0,2,3,0],16,29].
[[3,9,2,1,2,2,1,2,1],10,9].
[[2,9,2,1,2,2,2,3,1],29,26].
[[3,9,2,1,1,2,1,2,0],55,131].
[[3,8,1,1,2,0,2,3,2],15,3].
[[2,7,0,1,2,2,0,0,0],7,14].
[[3,5,0,1,2,2,2,1,0],7,3].
[[2,7,1,1,2,2,2,3,1],45,5].
[[3,7,1,1,1,2,2,3,1],38,6].
[[3,6,1,1,2,2,2,3,1],11,2].
[[2,8,0,0,0,0,0,0,0],9,46].
[[3,8,0,0,0,0,2,1,0],3,9].
[[3,8,0,0,0,0,1,2,2],10,28].
[[2,9,2,1,1,2,0,0,0],7,21].
[[1,4,2,1,2,0,1,1,2],6,2].
[[2,4,2,1,2,0,1,1,2],37,4].
[[3,1,2,1,2,0,1,1,2],10,0].
[[1,8,1,1,2,2,2,3,2],67,9].
[[2,8,0,1,2,2,1,2,0],36,29].
[[1,6,1,0,0,0,0,0,0],63,4].
[[2,6,1,0,0,0,0,0,0],30,1].
[[3,6,1,0,0,0,2,1,0],2,0].
[[3,7,2,0,0,0,1,2,2],21,2].
[[2,7,2,0,0,0,0,0,0],32,1].
[[3,7,2,0,0,0,2,2,0],2,0].
[[1,9,2,1,1,2,2,3,1],18,8].
[[3,9,2,1,1,2,1,2,1],7,6].
[[1,6,0,1,2,2,2,1,2],1,0].
[[2,3,1,1,2,2,2,1,2],4,0].
[[3,3,1,1,2,2,2,1,2],8,1].
[[1,9,2,1,2,2,2,3,1],39,24].
[[3,7,0,1,1,2,2,1,2],5,9].
[[3,9,2,1,1,2,1,2,2],20,82].
[[2,8,0,1,1,2,1,1,2],11,12].
[[3,8,0,1,2,2,1,1,0],16,39].
[[3,8,1,1,1,0,1,2,1],11,5].
[[1,8,1,0,0,0,2,1,0],36,7].
[[2,8,1,0,0,0,1,1,0],8,8].
[[3,8,1,1,1,2,2,1,1],8,4].
[[2,8,0,1,1,2,2,1,0],16,18].
[[2,8,1,1,1,2,2,2,2],53,11].
[[2,3,1,0,0,0,0,0,0],10,1].
[[3,3,1,1,2,0,2,2,1],3,0].
[[2,9,2,1,2,0,2,3,2],3,9].
[[3,8,0,1,2,0,2,3,2],2,5].
[[2,9,2,1,2,2,2,3,2],14,28].
[[3,7,1,0,0,0,1,2,2],17,3].
[[2,7,2,0,0,0,2,3,2],15,0].
[[2,9,2,0,0,0,1,2,2],45,84].
[[3,8,0,1,2,2,2,1,0],10,37].
[[3,6,0,1,2,2,2,1,0],1,3].
[[2,8,0,0,0,0,2,1,0],11,16].
[[2,9,2,1,1,0,2,3,0],3,2].
[[3,9,2,1,1,0,1,2,0],4,15].
[[2,8,1,0,0,0,1,1,1],6,2].
[[3,8,1,1,2,0,1,1,1],3,4].
[[2,8,1,1,2,2,1,1,0],12,6].
[[3,7,1,1,2,2,1,1,0],15,1].
[[2,6,0,1,1,2,1,1,2],1,1].
[[3,6,0,1,1,2,1,1,2],0,1].
[[3,5,0,1,1,2,1,2,2],4,0].
[[2,9,2,0,0,0,1,1,0],14,25].
[[3,8,0,1,2,0,1,1,0],4,10].
[[1,8,0,0,0,0,2,1,2],35,32].
[[3,7,1,1,2,0,2,1,1],4,1].
[[3,8,1,1,2,0,1,2,0],61,7].
[[3,8,0,1,1,0,2,2,2],1,11].
[[3,6,1,1,2,0,2,3,1],12,2].
[[1,5,0,1,2,2,1,2,0],2,0].
[[2,5,0,1,2,2,1,2,0],6,0].
[[3,5,0,1,2,2,1,2,0],14,0].
[[1,7,2,0,0,0,2,2,2],28,3].
[[2,8,1,1,2,0,1,2,0],27,8].
[[3,7,2,1,2,0,1,2,2],21,4].
[[3,7,1,1,1,2,1,2,1],17,4].
[[1,9,2,1,2,0,1,2,0],4,15].
[[2,8,1,1,1,0,1,2,0],1,0].
[[3,7,1,1,2,2,0,0,0],25,24].
[[3,6,1,1,2,2,2,2,1],12,0].
[[3,7,1,1,2,2,1,1,2],37,19].
[[1,9,2,1,2,0,2,3,2],7,10].
[[2,9,2,1,1,0,2,1,2],0,4].
[[3,9,2,1,1,0,1,1,2],2,14].
[[2,8,0,0,0,0,2,2,0],13,37].
[[3,7,1,1,2,0,2,3,1],18,4].
[[3,6,0,1,2,2,0,0,0],0,10].
[[3,8,1,1,1,2,2,2,2],39,11].
[[2,7,1,1,1,2,2,2,2],13,1].
[[3,3,1,1,1,2,2,2,2],2,0].
[[2,7,1,1,2,0,0,0,0],5,10].
[[1,8,1,1,1,2,2,2,0],5,1].
[[2,8,1,1,1,2,2,2,0],26,5].
[[3,8,1,1,1,2,2,2,1],27,7].
[[1,8,1,1,2,0,1,1,1],0,3].
[[2,6,1,1,2,0,1,1,1],0,1].
[[3,6,1,1,2,0,1,1,1],1,1].
[[2,8,1,1,1,2,2,3,0],25,7].
[[3,6,1,1,1,2,2,3,0],3,0].
[[3,7,0,0,0,0,2,2,2],1,7].
[[2,7,1,1,1,2,0,0,0],20,4].
[[3,9,2,1,2,2,2,3,0],1,63].
[[2,8,0,1,2,2,2,1,1],1,7].
[[3,8,0,1,2,2,2,1,1],2,10].
[[2,7,1,1,2,0,2,3,1],5,0].
[[3,8,1,1,2,2,2,2,0],10,8].
[[3,6,0,1,2,2,2,3,0],4,11].
[[3,7,1,1,2,0,2,2,1],11,2].
[[3,6,1,1,2,2,0,0,0],8,1].
[[3,8,1,1,1,2,1,2,0],48,9].
[[3,8,1,1,1,0,2,1,2],6,5].
[[1,8,0,1,1,2,2,2,0],11,3].
[[2,7,1,1,1,2,2,3,1],9,1].
[[2,8,0,0,0,0,1,1,2],25,8].
[[3,7,0,0,0,0,1,1,2],1,0].
[[1,8,1,1,2,0,2,3,0],5,3].
[[2,7,1,1,2,2,1,2,2],14,3].
[[3,6,1,1,2,2,2,2,0],6,0].
[[3,7,1,1,2,0,1,2,2],23,7].
[[1,9,2,1,2,0,1,2,2],12,15].
[[2,7,1,0,0,0,2,2,1],11,3].
[[1,8,0,1,1,2,2,2,2],19,9].
[[3,7,2,1,2,2,2,2,2],53,5].
[[1,6,1,0,0,0,2,3,2],5,0].
[[2,3,2,0,0,0,2,3,2],2,0].
[[3,3,2,1,2,0,1,2,2],2,0].
[[2,9,2,1,2,2,1,1,0],31,50].
[[1,4,2,1,2,0,1,1,0],3,0].
[[3,8,0,0,0,0,2,2,0],3,20].
[[2,4,2,1,2,0,2,1,0],12,0].
[[2,7,2,1,2,2,2,2,2],32,3].
[[3,7,1,1,2,2,2,3,2],20,6].
[[1,7,1,1,2,2,2,2,0],2,0].
[[3,7,1,1,2,2,1,2,0],36,2].
[[2,9,2,0,0,0,2,1,0],11,25].
[[1,8,1,1,1,2,2,2,2],26,5].
[[3,9,2,1,1,2,2,2,1],4,8].
[[2,8,0,1,1,2,2,1,2],33,21].
[[1,9,2,0,0,0,2,1,1],10,8].
[[2,5,0,1,2,0,1,1,1],1,0].
[[3,5,0,1,2,0,1,1,1],2,0].
[[2,8,0,0,0,0,2,3,0],36,57].
[[3,8,0,1,2,0,1,2,0],8,25].
[[3,7,2,1,2,2,2,3,2],17,0].
[[1,7,2,1,2,2,2,1,2],14,3].
[[2,8,1,1,1,2,1,2,1],21,4].
[[2,3,2,1,2,2,2,2,2],3,0].
[[3,3,2,1,2,2,2,2,2],10,0].
[[3,3,2,1,2,2,1,2,2],4,0].
[[3,7,2,0,0,0,2,3,2],8,0].
[[3,8,0,0,0,0,1,2,0],19,27].
[[2,8,0,1,2,0,2,3,0],11,15].
[[3,5,0,1,1,2,1,2,0],11,0].
[[1,8,0,0,0,0,1,2,2],8,12].
[[3,7,0,0,0,0,1,2,2],1,0].
[[3,8,0,1,2,2,0,0,0],0,27].
[[3,4,2,1,2,0,2,3,2],14,1].
[[2,8,1,1,2,0,2,3,2],10,14].
[[3,8,1,1,1,0,2,3,2],2,1].
[[2,9,2,1,1,0,1,2,0],2,9].
[[2,8,0,1,2,0,2,2,2],11,17].
[[2,9,2,1,1,2,2,1,1],4,0].
[[2,9,2,0,0,0,0,0,0],0,24].
[[3,9,2,1,2,0,2,2,0],1,14].
[[3,9,2,1,1,2,2,3,0],4,41].
[[2,3,2,0,0,0,0,0,0],12,0].
[[3,3,2,1,2,2,2,3,2],6,0].
[[1,7,1,1,2,2,0,0,0],66,14].
[[3,6,1,1,1,2,1,1,2],2,0].
[[2,7,1,1,1,2,2,1,2],9,2].
[[3,7,1,1,1,2,1,1,2],27,6].
[[1,7,2,0,0,0,2,2,0],1,1].
[[2,7,2,1,2,0,2,2,2],10,3].
[[3,7,2,1,1,0,1,1,2],7,3].
[[3,7,1,1,2,0,2,2,2],19,9].
[[3,7,2,1,1,2,2,3,0],5,0].
[[3,8,0,1,1,2,1,2,1],4,0].
[[2,8,1,1,1,2,2,1,0],8,1].
[[3,8,0,1,2,0,2,3,0],5,33].
[[1,7,1,1,2,2,2,3,2],7,1].
[[2,7,1,1,1,2,2,3,2],4,2].
[[3,8,1,1,1,0,2,2,2],6,12].
[[3,8,0,0,0,0,2,3,0],9,19].
[[2,7,2,1,2,0,0,0,0],12,1].
[[2,8,1,1,2,2,1,1,1],6,3].
[[3,8,1,1,2,2,1,1,1],9,7].
[[1,8,0,1,2,2,2,3,1],11,4].
[[3,8,1,1,2,0,2,3,1],25,13].
[[3,6,1,0,0,0,2,2,2],8,0].
[[3,7,0,1,1,2,2,3,0],3,16].
[[2,8,0,0,0,0,2,1,2],25,31].
[[3,6,1,0,0,0,2,2,1],7,0].
[[3,7,1,1,2,2,1,1,1],5,1].
[[3,7,1,1,1,2,2,3,0],20,8].
[[2,9,2,1,1,2,2,2,2],40,56].
[[3,9,2,1,1,2,2,2,2],8,26].
[[3,8,1,1,2,2,2,1,1],21,4].
[[3,9,2,1,2,0,2,3,1],1,10].
[[3,4,2,1,2,0,2,3,1],34,0].
[[1,7,2,1,2,2,0,0,0],24,1].
[[2,7,2,1,2,2,2,1,2],33,8].
[[1,8,0,1,1,2,2,1,2],12,6].
[[2,7,0,1,1,2,2,1,2],0,1].
[[3,7,0,1,1,2,1,1,2],4,2].
[[1,4,2,1,2,0,2,1,2],11,1].
[[1,5,0,0,0,0,1,2,1],4,0].
[[1,7,2,0,0,0,2,1,0],2,0].
[[2,7,2,1,2,0,1,1,0],1,0].
[[3,7,2,1,2,0,1,1,0],5,0].
[[1,8,0,1,1,2,2,3,2],1,3].
[[2,6,1,1,2,0,2,2,2],3,1].
[[3,3,1,1,2,2,2,2,2],17,0].
[[1,8,1,1,2,2,1,1,0],5,3].
[[2,6,1,1,2,2,1,1,0],4,0].
[[3,6,1,1,2,2,1,1,0],4,0].
[[1,8,0,1,2,2,2,1,1],0,4].
[[1,8,1,0,0,0,1,2,0],21,7].
[[1,8,1,1,1,2,2,3,0],12,3].
[[3,1,2,1,2,0,1,2,1],3,0].
[[3,7,2,1,1,2,2,2,2],18,2].
[[3,7,1,1,2,2,1,2,1],31,5].
[[2,7,0,1,2,2,2,1,2],4,2].
[[3,8,0,1,2,0,2,2,2],10,19].
[[1,8,1,1,2,0,2,2,0],4,0].
[[2,8,1,1,2,0,1,1,0],9,2].
[[1,7,2,1,2,0,2,1,2],5,1].
[[2,6,1,1,2,2,2,1,2],15,0].
[[3,6,1,1,2,2,2,1,2],18,0].
[[3,8,0,1,2,0,1,2,2],4,24].
[[3,5,0,1,1,0,1,2,0],1,1].
[[1,8,0,0,0,0,2,3,2],13,14].
[[1,7,2,1,2,0,0,0,0],3,0].
[[2,7,2,1,1,0,0,0,0],1,0].
[[3,7,2,1,1,0,2,3,0],2,0].
[[3,8,1,0,0,0,2,2,1],15,7].
[[3,9,2,1,2,0,1,1,0],4,30].
[[2,8,1,1,2,0,2,1,1],7,3].
[[2,9,2,0,0,0,2,3,2],5,14].
[[1,8,0,0,0,0,2,2,1],5,4].
[[3,5,0,1,2,2,1,1,1],9,0].
[[3,9,2,0,0,0,2,2,0],0,13].
[[3,6,1,1,2,2,2,1,1],4,0].
[[2,7,1,0,0,0,2,1,2],19,5].
[[3,3,1,0,0,0,2,1,2],2,1].
[[3,8,0,1,2,0,2,3,1],5,4].
[[3,5,0,1,1,0,1,2,1],4,3].
[[2,7,1,1,2,0,2,1,0],1,1].
[[3,8,1,1,1,2,2,1,2],38,6].
[[3,8,0,1,2,2,2,3,2],8,18].
[[2,8,1,1,1,2,2,3,2],22,1].
[[1,6,1,0,0,0,2,3,1],11,0].
[[2,6,1,0,0,0,2,2,1],8,0].
[[3,6,1,1,2,0,2,2,1],1,0].
[[2,6,1,0,0,0,2,3,0],5,0].
[[3,6,1,1,2,0,1,2,0],2,0].
[[1,7,1,0,0,0,2,2,1],5,1].
[[2,3,1,1,2,2,2,2,1],2,0].
[[3,3,1,1,1,2,2,2,1],2,0].
[[3,8,0,1,2,0,2,1,0],0,10].
[[2,9,2,1,1,0,2,2,2],1,5].
[[3,7,1,1,2,0,2,1,2],26,4].
[[2,7,2,1,1,2,2,1,2],6,1].
[[3,7,2,1,1,2,2,1,2],12,2].
[[1,7,2,0,0,0,1,1,2],6,2].
[[3,3,2,1,2,0,1,1,2],5,0].
[[3,8,1,1,2,0,2,1,1],7,1].
[[2,7,1,1,1,2,2,2,1],4,1].
[[2,5,0,0,0,0,2,3,0],17,1].
[[2,6,1,0,0,0,2,1,2],14,0].
[[3,6,1,0,0,0,1,1,2],4,0].
[[3,7,0,1,2,0,2,2,2],3,3].
[[1,8,1,1,2,0,2,3,1],15,4].
[[3,7,1,0,0,0,1,1,2],11,4].
[[3,3,1,1,2,2,0,0,0],27,6].
[[2,9,2,1,1,2,2,1,2],26,44].
[[1,9,2,0,0,0,1,2,1],11,6].
[[1,8,0,1,2,2,2,2,1],7,4].
[[1,4,2,1,2,0,1,2,0],7,0].
[[2,5,0,1,2,2,1,1,0],8,0].
[[3,5,0,1,2,2,1,1,0],17,1].
[[3,9,2,0,0,0,2,2,2],1,7].
[[2,9,2,1,2,2,1,2,1],10,7].
[[1,8,1,1,2,2,1,2,1],14,5].
[[1,9,2,1,1,2,1,1,0],16,8].
[[2,8,0,0,0,0,1,2,0],14,14].
[[3,7,0,1,2,0,2,1,2],1,5].
[[3,8,0,1,1,2,0,0,0],0,21].
[[3,3,1,1,2,0,2,3,1],1,0].
[[2,9,2,1,2,2,2,1,1],8,8].
[[3,9,2,1,2,2,2,1,1],3,5].
[[2,9,2,1,2,0,2,1,0],0,12].
[[3,9,2,1,1,2,2,2,0],1,25].
[[3,6,1,0,0,0,2,1,2],5,0].
[[2,8,1,1,2,0,1,1,1],2,5].
[[3,8,1,1,1,0,1,1,1],0,2].
[[3,3,1,1,2,2,2,3,0],3,0].
[[1,7,1,1,2,2,2,2,2],9,4].
[[2,9,2,0,0,0,2,1,1],3,5].
[[3,9,2,0,0,0,2,1,1],0,3].
[[1,8,0,0,0,0,2,2,0],17,24].
[[2,8,0,1,2,0,2,2,0],3,7].
[[3,8,0,1,1,0,2,2,0],0,2].
[[1,9,2,1,2,0,2,2,1],3,2].
[[2,6,0,1,2,2,2,1,0],2,2].
[[3,3,1,1,2,2,2,3,1],5,2].
[[2,8,1,0,0,0,0,0,0],16,23].
[[3,7,1,1,2,0,0,0,0],2,2].
[[3,8,1,1,2,2,2,3,0],16,9].
[[3,7,0,1,1,2,1,2,2],4,6].
[[2,6,1,0,0,0,1,2,1],3,0].
[[3,6,1,1,2,2,1,2,1],8,0].
[[2,7,2,1,1,0,2,3,2],3,0].
[[3,3,2,1,1,0,2,3,2],1,0].
[[1,9,2,1,2,2,1,2,1],13,5].
[[2,8,0,1,2,0,1,2,0],3,7].
[[3,8,0,1,1,0,1,2,0],0,8].
[[1,8,1,1,2,0,1,2,1],3,2].
[[2,8,0,1,2,2,2,3,1],17,8].
[[3,8,0,1,1,2,2,1,1],2,2].
[[3,5,0,0,0,0,2,3,0],11,1].
[[1,6,1,1,2,2,2,3,1],4,0].
[[2,6,1,1,2,2,2,3,1],11,0].
[[3,7,0,1,2,2,1,2,0],4,3].
[[3,7,0,1,2,2,2,3,2],3,3].
[[2,7,0,1,1,2,0,0,0],1,5].
[[2,7,1,1,2,0,2,3,2],3,1].
[[2,7,2,1,2,2,2,3,2],15,1].
[[3,9,2,1,2,2,2,2,0],0,28].
[[3,8,1,1,1,2,2,3,0],7,7].
[[2,7,1,1,2,2,1,1,2],8,2].
[[3,9,2,1,2,2,0,0,0],0,4].
[[2,9,2,1,2,0,2,1,2],12,23].
[[2,9,2,1,2,2,1,1,1],2,1].
[[3,8,0,1,1,2,1,1,1],1,0].
[[1,8,1,1,2,2,2,1,1],13,5].
[[2,9,2,1,1,0,1,2,2],0,5].
[[3,4,0,1,2,0,1,2,2],0,4].
[[2,8,1,1,1,2,0,0,0],15,6].
[[1,7,1,1,2,2,2,1,2],6,2].
[[1,8,0,0,0,0,2,1,0],10,11].
[[2,7,1,0,0,0,1,1,1],2,0].
[[3,7,1,0,0,0,1,1,1],1,0].
[[2,6,1,1,1,2,2,1,2],1,0].
[[3,2,1,1,1,2,2,1,2],1,0].
[[3,8,1,1,1,0,2,3,0],1,3].
[[3,7,2,1,2,2,2,2,0],8,1].
[[2,4,2,1,2,0,2,3,2],7,1].
[[2,8,0,1,2,0,2,1,2],4,11].
[[2,8,0,1,2,0,2,1,0],4,2].
[[3,7,0,1,2,0,2,1,0],2,0].
[[3,6,0,1,2,2,2,1,2],3,10].
[[3,6,0,1,1,2,2,1,2],2,1].
[[2,9,2,1,2,0,2,1,1],2,3].
[[3,9,2,1,1,0,2,1,1],1,2].
[[3,6,0,1,1,2,2,1,0],1,3].
[[3,5,0,1,1,0,1,1,2],10,5].
[[3,3,2,0,0,0,2,2,2],8,0].
[[1,5,0,0,0,0,1,2,0],1,0].
[[2,5,0,0,0,0,1,2,0],3,0].
[[3,7,0,0,0,0,2,3,0],6,2].
[[2,4,2,1,2,0,2,3,1],15,0].
[[1,5,0,0,0,0,1,1,0],1,0].
[[2,5,0,0,0,0,1,1,0],4,0].
[[3,5,0,0,0,0,1,1,0],4,0].
[[2,7,2,0,0,0,1,2,2],17,3].
[[1,8,0,1,2,2,1,2,0],9,4].
[[3,9,2,1,2,0,2,2,2],1,10].
[[3,9,2,1,2,0,2,3,0],0,19].
[[3,7,0,1,2,2,2,2,0],8,10].
[[1,6,0,0,0,0,0,0,0],6,2].
[[2,3,1,0,0,0,2,2,1],1,0].
[[1,9,2,1,2,0,1,1,0],2,3].
[[2,8,0,1,2,0,1,1,0],3,0].
[[2,5,0,1,2,2,2,3,0],27,0].
[[2,7,1,1,2,2,2,3,2],22,6].
[[3,3,1,0,0,0,0,0,0],8,0].
[[3,7,2,0,0,0,2,1,2],8,1].
[[2,8,0,1,2,0,1,2,2],4,5].
[[3,6,0,1,2,2,1,2,2],2,2].
[[2,6,1,0,0,0,1,2,2],9,0].
[[3,6,1,1,2,2,1,2,2],18,0].
[[2,6,1,1,2,2,2,2,1],5,0].
[[3,6,1,1,2,2,1,2,0],7,0].
[[3,7,0,1,2,2,2,2,2],4,4].
[[2,6,0,1,2,2,2,3,2],0,1].
[[3,6,0,1,2,2,2,2,2],5,4].
[[2,6,1,1,2,2,2,3,2],8,0].
[[3,6,1,1,1,2,2,3,2],4,0].
[[1,8,0,1,1,2,2,1,0],6,1].
[[1,4,2,1,2,0,2,2,2],13,0].
[[3,8,1,0,0,0,1,2,1],18,3].
[[1,8,1,1,2,2,1,2,0],16,6].
[[3,7,1,0,0,0,2,1,0],1,2].
[[3,8,1,1,2,0,2,2,1],15,10].
[[2,7,2,1,2,2,0,0,0],16,3].
[[3,7,1,0,0,0,2,2,0],6,4].
[[2,7,1,0,0,0,2,1,1],4,0].
[[3,4,0,1,2,0,2,1,2],0,1].
[[1,8,1,1,1,2,2,3,1],16,1].
[[2,7,2,1,1,2,1,2,2],2,1].
[[3,7,2,1,1,2,1,1,2],12,9].
[[1,5,0,1,2,0,2,3,0],1,0].
[[3,9,2,1,2,0,1,2,1],6,1].
[[1,9,2,1,2,0,1,2,1],2,2].
[[2,8,1,1,1,2,1,1,1],1,1].
[[3,8,1,1,1,2,1,1,1],3,3].
[[3,6,0,1,1,2,1,2,2],1,3].
[[1,8,1,1,2,0,2,2,2],15,8].
[[3,8,1,1,1,0,1,1,2],10,8].
[[2,8,1,0,0,0,2,1,1],19,3].
[[3,6,1,1,2,0,2,1,1],3,0].
[[2,8,0,1,2,0,1,1,2],8,7].
[[3,7,0,1,2,2,2,1,2],11,5].
[[2,7,1,1,2,2,1,1,0],3,1].
[[1,8,1,1,2,0,2,1,0],6,0].
[[3,5,0,1,2,0,2,1,0],4,0].
[[2,5,0,1,1,2,1,2,0],4,0].
[[3,7,0,1,1,2,1,2,0],7,3].
[[3,8,0,1,2,2,2,2,1],10,15].
[[3,8,1,1,2,2,2,1,0],4,5].
[[3,8,0,0,0,0,2,2,2],12,11].
[[3,8,1,0,0,0,2,3,2],5,0].
[[1,8,1,1,1,2,2,1,1],4,0].
[[2,7,1,1,1,2,2,1,1],7,1].
[[2,9,2,1,2,0,0,0,0],2,9].
[[1,8,1,0,0,0,1,1,0],3,3].
[[3,7,2,0,0,0,1,1,0],0,1].
[[3,8,0,0,0,0,0,0,0],0,5].
[[3,9,2,0,0,0,2,2,1],4,3].
[[3,6,1,1,2,0,2,1,0],2,0].
[[1,8,1,1,1,2,2,3,2],9,2].
[[3,5,0,1,1,0,1,2,2],1,0].
[[3,7,2,1,2,2,0,0,0],6,0].
[[3,6,0,0,0,0,1,1,2],1,1].
[[2,6,1,0,0,0,2,2,2],27,0].
[[1,4,2,1,2,0,2,1,0],3,0].
[[3,4,2,1,2,0,2,1,1],12,0].
[[2,7,2,1,2,0,1,1,2],5,4].
[[3,6,1,1,2,2,1,1,2],12,2].
[[2,6,1,1,2,0,2,1,2],5,0].
[[3,8,0,1,1,0,1,2,2],0,6].
[[3,7,1,1,2,0,1,1,1],3,1].
[[3,8,0,1,1,2,2,3,2],6,13].
[[2,7,2,1,2,0,2,3,2],6,0].
[[2,3,2,1,2,2,0,0,0],7,0].
[[3,3,2,1,2,2,0,0,0],7,0].
[[3,7,1,0,0,0,1,2,1],14,1].
[[1,8,0,0,0,0,1,1,2],11,2].
[[3,3,1,1,1,2,2,1,2],3,0].
[[2,7,1,1,2,2,1,2,1],10,4].
[[3,5,0,0,0,0,1,2,2],6,0].
[[2,7,0,0,0,0,2,2,2],2,2].
[[3,9,2,1,2,2,2,3,1],6,16].
[[3,3,1,1,2,0,2,2,2],4,1].
[[3,6,1,1,1,2,2,2,2],7,0].
[[3,8,1,1,1,0,1,1,0],6,5].
[[3,5,0,1,1,2,1,1,0],7,2].
[[3,7,1,0,0,0,2,1,1],3,1].
[[3,9,2,1,1,0,2,3,1],1,3].
[[1,8,1,1,2,0,2,1,1],2,4].
[[2,7,1,1,2,2,2,1,1],7,0].
[[3,7,1,1,1,2,2,1,1],13,2].
[[1,1,2,1,2,0,2,3,0],3,0].
[[2,1,2,1,2,0,2,3,0],4,0].
[[3,1,2,1,2,0,2,3,0],6,0].
[[1,5,0,1,2,2,2,3,0],9,0].
[[3,6,1,0,0,0,1,2,1],5,0].
[[3,7,2,1,1,0,2,3,2],6,2].
[[3,7,1,1,2,0,2,3,2],5,5].
[[3,7,0,1,2,2,1,2,2],3,5].
[[3,5,0,0,0,0,1,2,1],16,0].
[[3,8,0,1,2,0,0,0,0],0,8].
[[3,8,0,0,0,0,1,1,0],7,14].
[[2,6,1,1,2,2,2,1,0],2,0].
[[3,3,1,1,2,2,2,1,0],4,0].
[[3,7,2,0,0,0,1,2,0],3,0].
[[3,8,0,1,2,0,2,2,1],2,2].
[[3,9,2,1,1,0,2,2,0],0,4].
[[3,7,1,1,2,0,2,2,0],6,5].
[[3,8,1,1,1,0,0,0,0],0,1].
[[1,7,1,1,2,2,2,1,1],3,1].
[[2,6,0,1,1,2,0,0,0],3,5].
[[1,8,0,1,2,2,1,1,0],4,1].
[[3,7,1,0,0,0,0,0,0],5,7].
[[3,9,2,0,0,0,1,1,0],7,12].
[[2,1,2,1,2,0,1,1,0],2,0].
[[3,1,2,1,2,0,1,1,0],3,0].
[[3,8,0,0,0,0,2,3,2],3,4].
[[3,3,2,0,0,0,1,1,2],3,0].
[[3,9,2,0,0,0,2,3,2],0,2].
[[2,5,0,1,1,2,1,2,2],2,0].
[[2,7,1,1,1,2,2,1,0],2,0].
[[1,8,1,1,2,0,1,2,2],5,3].
[[2,6,1,1,2,0,1,2,2],3,0].
[[3,7,1,1,1,0,1,1,2],3,2].
[[2,8,1,1,1,0,2,3,1],2,3].
[[3,7,1,1,1,0,2,3,1],3,4].
[[1,8,0,1,1,2,2,2,1],3,0].
[[2,7,2,1,1,2,0,0,0],8,0].
[[1,5,0,1,1,2,1,1,2],9,0].
[[2,7,1,0,0,0,2,1,0],7,1].
[[3,8,1,1,1,2,2,2,0],8,2].
[[3,7,1,1,1,0,2,3,0],4,3].
[[3,7,1,1,2,0,1,2,0],8,2].
[[1,9,2,1,2,2,2,1,1],13,2].
[[1,8,1,1,2,0,2,2,1],5,1].
[[2,8,1,1,1,0,1,1,2],1,5].
[[1,6,1,0,0,0,2,2,2],13,0].
[[2,3,1,0,0,0,2,2,2],4,0].
[[1,4,2,1,2,0,2,3,1],6,0].
[[3,8,1,0,0,0,2,3,0],4,6].
[[2,7,0,1,1,2,2,2,2],1,1].
[[3,8,1,1,1,0,2,2,0],1,3].
[[3,5,0,1,2,0,1,2,2],2,0].
[[1,8,1,1,1,2,1,2,0],1,0].
[[2,7,1,1,1,2,1,2,0],2,0].
[[2,7,1,1,2,2,1,2,0],8,0].
[[2,6,0,1,2,2,2,1,2],1,2].
[[3,6,0,1,2,2,1,1,2],2,0].
[[2,8,0,1,1,2,1,1,0],8,5].
[[2,7,0,1,1,2,2,3,0],1,0].
[[1,8,1,1,2,0,1,1,2],3,1].
[[1,8,1,1,2,0,2,3,2],7,2].
[[3,3,1,1,2,0,2,3,2],2,0].
[[2,8,1,1,2,0,2,2,0],15,6].
[[3,9,2,1,1,2,2,1,1],2,0].
[[3,8,1,0,0,0,2,2,0],3,0].
[[2,8,0,0,0,0,1,1,0],3,9].
[[3,3,2,0,0,0,2,3,2],2,0].
[[3,7,1,0,0,0,1,2,0],9,1].
[[3,3,2,1,2,0,0,0,0],4,0].
[[3,7,1,1,1,2,1,1,0],2,2].
[[2,6,0,1,2,2,1,2,2],1,0].
[[3,7,1,1,2,0,1,1,2],13,7].
[[3,9,2,0,0,0,1,2,1],3,1].
[[3,9,2,0,0,0,2,1,2],0,6].
[[3,7,0,1,1,2,2,3,2],0,4].
[[3,6,1,1,1,2,1,2,2],1,0].
[[3,5,0,1,1,2,2,1,0],3,0].
[[3,9,2,0,0,0,2,3,1],0,3].
[[3,7,0,0,0,0,2,2,0],0,4].
[[2,6,1,0,0,0,2,3,1],8,2].
[[1,8,1,1,1,2,1,2,2],9,0].
[[2,9,2,1,1,0,2,2,1],1,2].
[[3,9,2,1,1,0,2,2,1],1,1].
[[3,6,0,1,1,2,2,3,1],2,0].
[[3,8,0,0,0,0,1,2,1],0,2].
[[1,7,2,1,2,2,2,3,2],5,0].
[[2,3,2,1,2,2,2,3,2],1,0].
[[1,8,0,0,0,0,2,3,1],10,2].
[[2,8,0,1,2,2,1,2,1],6,2].
[[3,9,2,0,0,0,2,3,0],2,16].
[[2,6,0,0,0,0,0,0,0],4,5].
[[2,5,0,1,1,2,1,1,0],4,0].
[[2,7,1,1,2,2,2,2,0],10,1].
[[3,7,1,1,1,0,2,2,0],1,1].
[[3,8,0,1,1,0,2,3,0],1,11].
[[3,6,1,1,2,0,2,2,2],10,0].
[[3,7,2,0,0,0,2,3,0],3,0].
[[3,3,1,1,2,2,1,2,2],2,1].
[[2,8,1,1,1,2,1,1,0],8,1].
[[3,6,1,1,1,2,1,1,0],3,0].
[[2,3,2,0,0,0,2,2,2],5,0].
[[3,8,1,1,1,2,2,1,0],1,3].
[[3,7,2,1,1,0,2,1,2],9,2].
[[3,7,2,1,1,2,1,1,0],5,0].
[[1,6,1,0,0,0,2,2,0],3,0].
[[2,6,1,0,0,0,1,2,0],1,0].
[[3,6,1,1,2,2,1,1,1],1,0].
[[1,3,2,0,0,0,1,1,2],1,0].
[[2,3,2,1,2,2,1,1,2],1,0].
[[3,3,2,1,2,2,1,1,2],6,0].
[[1,8,0,1,1,2,2,3,1],2,0].
[[2,8,0,1,1,2,1,2,1],3,1].
[[1,4,2,1,2,0,1,2,2],9,1].
[[2,5,0,1,2,2,1,2,2],4,0].
[[3,5,0,1,2,2,1,2,2],13,0].
[[3,3,2,1,2,0,2,2,2],6,0].
[[3,8,1,0,0,0,2,1,1],4,3].
[[3,7,2,1,1,0,1,2,2],6,2].
[[3,8,1,1,2,0,2,1,0],2,3].
[[3,7,1,1,1,2,2,2,0],11,4].
[[2,6,1,1,2,0,2,3,1],5,1].
[[3,7,1,0,0,0,1,1,0],2,2].
[[2,9,2,1,1,0,2,1,0],0,2].
[[3,8,0,1,1,0,2,1,0],0,4].
[[3,6,0,1,1,2,2,2,2],5,3].
[[3,7,2,0,0,0,0,0,0],5,0].
[[1,7,1,1,2,2,1,1,2],1,0].
[[2,8,1,1,1,0,2,3,2],2,0].
[[3,9,2,1,1,0,2,2,2],0,4].
[[3,8,0,0,0,0,2,2,1],3,2].
[[2,6,0,1,2,2,2,2,0],1,1].
[[3,6,0,1,2,2,1,1,0],1,0].
[[3,7,2,1,1,2,2,3,2],7,1].
[[2,7,0,0,0,0,2,3,0],2,1].
[[2,8,0,1,2,0,2,3,1],2,2].
[[3,7,2,1,2,2,2,1,0],2,0].
[[1,6,1,0,0,0,2,1,2],15,0].
[[3,8,1,1,1,0,2,3,1],7,4].
[[3,5,0,1,2,0,2,3,0],11,0].
[[3,5,0,1,1,2,1,1,1],4,0].
[[2,6,1,1,2,2,1,2,2],4,0].
[[2,9,2,1,1,0,2,2,0],0,1].
[[1,3,2,0,0,0,0,0,0],10,0].
[[3,3,2,0,0,0,2,1,2],6,0].
[[3,5,0,0,0,0,1,1,1],3,0].
[[2,6,1,0,0,0,2,1,0],3,0].
[[3,6,1,0,0,0,2,1,1],1,0].
[[2,6,1,0,0,0,2,3,2],4,0].
[[2,6,0,1,2,2,2,2,2],2,3].
[[3,2,0,1,2,2,2,2,2],0,1].
[[3,6,1,1,2,0,0,0,0],2,1].
[[1,7,2,1,2,0,2,2,2],3,0].
[[2,7,2,1,1,0,1,2,2],2,1].
[[2,9,2,1,1,2,1,2,1],6,1].
[[2,8,0,0,0,0,2,2,1],5,5].
[[3,6,1,1,2,0,1,2,2],4,1].
[[1,7,2,1,2,0,1,1,2],1,2].
[[2,3,2,0,0,0,1,1,2],3,0].
[[2,8,1,1,1,2,2,1,1],10,1].
[[3,8,1,1,1,2,0,0,0],0,3].
[[3,7,0,1,1,2,2,3,1],1,1].
[[3,6,1,0,0,0,0,0,0],2,0].
[[3,8,1,0,0,0,1,1,1],2,0].
[[2,5,0,0,0,0,1,2,1],15,0].
[[3,6,0,1,1,2,0,0,0],0,4].
[[3,8,0,0,0,0,2,1,1],1,1].
[[1,5,0,1,1,2,2,3,0],3,0].
[[3,7,2,1,2,0,2,1,0],2,0].
[[2,3,1,1,2,2,0,0,0],19,1].
[[3,3,1,1,2,2,2,3,2],5,0].
[[1,7,1,0,0,0,1,2,1],1,3].
[[2,7,1,1,2,0,1,2,1],3,1].
[[3,7,1,1,1,0,1,2,1],4,1].
[[3,9,2,1,1,2,0,0,0],0,6].
[[3,7,0,0,0,0,2,1,0],1,1].
[[3,7,2,1,2,2,1,1,0],2,1].
[[2,5,0,1,2,0,1,2,0],2,0].
[[3,5,0,1,2,0,1,2,0],3,0].
[[2,8,0,0,0,0,2,3,2],9,11].
[[2,7,0,0,0,0,0,0,0],2,8].
[[3,3,2,1,2,2,2,1,2],6,0].
[[3,6,0,1,2,2,2,3,2],1,4].
[[3,6,0,0,0,0,2,1,0],1,0].
[[2,7,2,0,0,0,2,3,0],1,0].
[[3,7,2,1,2,0,2,3,2],12,1].
[[1,7,2,1,2,2,2,2,2],13,0].
[[2,7,2,1,1,0,2,2,2],1,0].
[[3,7,2,1,1,0,2,2,2],1,0].
[[3,6,1,0,0,0,1,2,2],4,0].
[[3,7,0,0,0,0,1,2,0],1,1].
[[1,8,0,1,2,2,1,2,1],1,1].
[[2,8,0,1,2,2,1,1,1],0,1].
[[3,8,0,1,2,2,1,1,1],2,1].
[[3,6,1,1,2,2,2,3,2],7,0].
[[2,5,0,1,2,2,1,1,1],2,0].
[[2,6,1,1,2,2,2,1,1],3,0].
[[2,6,0,0,0,0,2,1,2],1,1].
[[3,3,1,1,2,0,2,1,2],4,0].
[[3,7,0,0,0,0,2,3,2],2,2].
[[1,5,0,1,1,2,1,2,1],4,0].
[[2,6,1,1,2,0,2,3,2],2,1].
[[3,6,1,1,2,0,2,3,2],2,1].
[[1,6,1,0,0,0,2,2,1],4,0].
[[1,8,0,0,0,0,1,1,0],3,3].
[[2,7,1,0,0,0,1,1,0],1,0].
[[2,9,2,1,2,0,2,2,1],2,2].
[[1,7,1,0,0,0,1,2,2],1,0].
[[2,7,1,1,2,0,1,2,2],5,0].
[[3,3,1,1,2,0,1,2,2],2,0].
[[3,7,0,1,2,0,1,1,2],1,1].
[[3,6,1,1,1,2,2,3,1],11,0].
[[1,8,0,0,0,0,1,2,0],2,3].
[[2,6,0,1,1,2,2,2,2],3,1].
[[3,3,2,1,1,0,2,1,2],1,0].
[[2,6,1,1,1,2,2,3,2],2,0].
[[3,3,2,0,0,0,1,2,2],2,0].
[[2,7,0,1,2,2,2,3,2],0,2].
[[3,3,1,1,1,2,2,3,0],4,0].
[[1,7,1,0,0,0,2,1,2],9,1].
[[3,6,1,0,0,0,1,2,0],1,0].
[[3,7,0,1,1,2,1,2,1],0,1].
[[3,9,2,1,2,0,2,1,0],0,6].
[[3,2,0,1,1,2,0,0,0],1,0].
[[2,6,1,1,2,0,2,2,1],2,0].
[[2,7,1,1,2,0,2,1,2],6,2].
[[3,7,1,1,1,0,1,2,0],2,1].
[[3,4,2,1,2,0,0,0,0],2,2].
[[3,3,1,0,0,0,2,2,2],6,0].
[[2,8,1,1,1,0,2,1,2],3,2].
[[3,3,1,1,2,2,2,2,0],2,0].
[[3,7,0,1,2,2,1,1,2],5,1].
[[2,6,0,1,1,2,2,3,0],0,1].
[[3,8,1,0,0,0,1,1,0],8,6].
[[1,8,1,1,1,2,1,2,1],9,1].
[[2,6,1,1,1,2,1,2,1],1,0].
[[2,4,2,1,2,0,1,1,1],1,0].
[[3,4,2,1,2,0,1,1,1],3,0].
[[2,6,1,1,1,2,2,2,0],2,0].
[[2,8,0,1,2,0,2,3,2],3,4].
[[3,7,0,1,2,2,1,1,0],2,2].
[[3,7,1,0,0,0,2,2,1],11,3].
[[1,1,2,1,2,0,1,1,2],2,0].
[[2,1,2,1,2,0,1,1,2],4,0].
[[2,3,2,1,2,0,2,1,2],3,0].
[[3,6,0,1,1,2,1,2,1],1,0].
[[2,7,1,0,0,0,2,2,0],5,0].
[[2,7,1,0,0,0,1,1,2],6,0].
[[1,5,0,1,2,2,2,1,0],1,0].
[[2,5,0,1,1,2,2,1,0],1,0].
[[3,7,0,1,2,0,1,2,0],1,1].
[[3,6,1,1,1,2,1,2,0],2,0].
[[3,7,0,0,0,0,2,1,2],4,1].
[[3,6,1,0,0,0,2,3,1],10,0].
[[1,9,2,1,1,2,2,2,1],9,3].
[[1,3,2,0,0,0,2,2,2],1,0].
[[3,6,0,1,2,2,1,2,0],4,1].
[[3,6,1,1,2,0,1,2,1],2,0].
[[3,6,1,1,2,2,2,3,0],8,0].
[[1,7,2,1,2,2,1,1,2],1,1].
[[2,6,1,1,1,2,2,3,0],5,0].
[[3,3,2,1,1,2,2,1,0],1,0].
[[2,6,0,1,2,2,1,1,2],1,0].
[[3,6,1,0,0,0,2,3,2],2,0].
[[3,7,2,1,2,2,2,3,0],3,0].
[[3,5,0,0,0,0,1,2,0],5,0].
[[3,7,2,0,0,0,2,1,0],2,0].
[[3,5,0,1,1,0,1,1,1],3,1].
[[3,7,1,1,2,0,1,1,0],2,0].
[[3,6,0,0,0,0,2,2,2],1,1].
[[3,7,1,1,1,0,0,0,0],0,1].
[[2,7,2,1,1,2,2,2,2],5,1].
[[1,8,1,1,2,0,1,1,0],1,2].
[[2,8,1,1,1,0,1,1,0],1,1].
[[3,7,1,1,1,0,1,1,0],0,2].
[[3,7,2,1,2,0,1,2,0],3,1].
[[1,6,0,0,0,0,2,3,1],1,0].
[[2,6,0,0,0,0,2,3,1],1,0].
[[3,6,0,0,0,0,2,3,1],1,0].
[[1,9,2,1,1,2,2,1,1],1,1].
[[2,4,2,1,2,0,2,1,1],4,0].
[[2,7,1,1,1,2,1,2,1],3,0].
[[2,6,1,1,2,2,1,1,2],2,0].
[[1,5,0,1,2,0,1,1,2],3,2].
[[2,3,1,1,2,2,2,3,2],3,0].
[[3,3,2,1,1,0,2,2,2],1,0].
[[2,6,1,1,2,0,2,1,0],1,0].
[[3,3,2,1,1,2,2,1,2],2,0].
[[2,6,1,1,2,2,2,2,0],3,0].
[[2,7,2,0,0,0,1,2,0],2,1].
[[1,6,1,1,2,2,2,2,2],3,0].
[[2,6,1,1,2,2,2,2,2],9,0].
[[3,8,0,1,1,0,2,1,2],1,4].
[[3,7,1,1,2,0,2,1,0],7,2].
[[1,5,0,1,1,2,1,1,0],1,0].
[[3,9,2,1,2,0,2,1,1],0,2].
[[1,8,1,0,0,0,1,1,1],4,1].
[[3,3,1,0,0,0,2,3,0],1,0].
[[2,5,0,1,2,0,2,1,0],1,0].
[[3,7,2,1,2,2,1,2,0],7,0].
[[1,7,1,1,2,2,2,3,1],8,1].
[[2,3,1,1,2,2,2,3,1],1,0].
[[2,7,1,0,0,0,1,2,2],2,2].
[[3,8,0,1,1,0,2,2,1],3,1].
[[3,7,1,1,1,0,2,1,2],0,2].
[[2,5,0,1,2,2,2,1,0],2,1].
[[2,6,1,0,0,0,1,1,2],1,1].
[[2,7,1,1,2,2,2,1,0],3,2].
[[2,9,2,0,0,0,1,1,1],1,0].
[[3,9,2,0,0,0,1,1,1],1,0].
[[2,6,0,1,1,2,1,2,2],0,1].
[[3,6,1,0,0,0,2,3,0],2,0].
[[3,5,0,1,1,0,2,3,0],1,1].
[[3,3,2,1,1,2,0,0,0],2,0].
[[2,6,1,1,2,0,0,0,0],4,1].
[[3,3,1,1,2,0,0,0,0],2,1].
[[1,5,0,1,1,2,1,2,0],1,0].
[[3,6,0,1,2,2,2,1,1],1,1].
[[3,3,1,1,1,2,1,2,2],1,0].
[[3,7,0,1,1,2,2,2,0],3,2].
[[3,3,2,0,0,0,0,0,0],4,0].
[[2,3,1,1,2,2,2,2,0],1,0].
[[2,8,1,1,1,0,2,3,0],1,0].
[[3,7,0,1,1,2,1,1,0],1,2].
[[3,6,0,1,2,2,1,2,1],1,0].
[[3,7,0,1,2,2,2,3,1],1,1].
[[1,9,2,1,1,2,1,2,1],4,0].
[[1,4,2,1,2,0,0,0,0],8,0].
[[3,7,1,1,1,0,1,2,2],0,2].
[[1,6,1,1,2,2,2,1,2],2,0].
[[3,3,1,1,1,2,1,1,2],1,0].
[[2,7,1,1,2,0,2,2,1],3,0].
[[1,7,1,1,2,2,2,3,0],2,0].
[[3,9,2,1,1,0,2,3,0],0,4].
[[1,7,2,0,0,0,2,3,0],2,1].
[[3,8,1,0,0,0,0,0,0],0,1].
[[2,7,1,1,1,2,2,2,0],2,0].
[[3,7,0,1,2,2,2,1,0],3,1].
[[2,6,0,0,0,0,2,3,0],0,2].
[[3,6,0,1,2,0,2,3,0],1,3].
[[3,8,0,1,2,0,1,2,1],2,1].
[[2,3,1,0,0,0,2,3,1],1,0].
[[3,3,1,0,0,0,1,2,2],1,0].
[[2,7,0,1,2,2,2,2,0],1,3].
[[1,5,0,1,2,2,1,1,0],3,0].
[[3,8,1,1,2,0,2,2,0],2,5].
[[3,3,2,1,1,2,2,2,2],4,0].
[[2,7,1,0,0,0,2,3,2],12,1].
[[2,6,1,1,2,0,1,1,0],1,0].
[[3,6,1,1,2,0,1,1,0],2,0].
[[3,6,1,1,1,2,2,1,1],1,0].
[[2,8,0,0,0,0,1,2,1],0,1].
[[2,7,2,1,2,2,1,2,0],1,1].
[[2,6,1,1,2,0,2,1,1],1,0].
[[1,7,1,0,0,0,2,3,2],5,1].
[[2,6,0,1,2,2,1,2,0],0,1].
[[2,7,0,1,2,2,2,2,2],1,0].
[[2,7,1,1,2,2,1,1,1],1,0].
[[3,7,2,1,1,2,1,2,0],1,0].
[[3,3,0,1,2,2,0,0,0],0,2].
[[3,3,2,1,1,0,1,2,2],3,0].
[[2,5,0,1,1,0,1,1,2],2,2].
[[2,7,0,0,0,0,1,2,2],2,0].
[[3,6,0,1,2,0,2,1,2],0,1].
[[3,7,0,1,2,0,2,3,0],2,2].
[[1,7,1,0,0,0,2,1,1],2,0].
[[2,7,1,0,0,0,1,2,0],3,0].
[[3,7,2,1,2,0,2,2,0],1,0].
[[2,7,0,0,0,0,2,2,0],1,1].
[[3,6,1,1,1,2,2,2,1],3,0].
[[2,6,1,0,0,0,2,1,1],2,0].
[[2,3,2,1,2,0,1,1,2],1,0].
[[2,9,2,1,2,0,1,2,1],2,2].
[[3,8,1,1,2,2,0,0,0],0,2].
[[2,6,1,1,2,2,2,3,0],2,0].
[[1,8,1,1,2,0,1,2,0],3,2].
[[3,7,2,1,2,0,2,3,0],3,0].
[[3,8,0,1,1,0,1,1,0],1,2].
[[3,9,2,1,1,0,1,2,1],1,0].
[[2,7,2,1,2,0,2,3,0],1,0].
[[1,5,0,1,2,0,1,2,1],1,0].
[[1,2,1,0,0,0,0,0,0],1,0].
[[2,2,1,0,0,0,0,0,0],1,0].
[[3,2,1,0,0,0,2,3,2],1,0].
[[3,4,0,1,2,0,1,1,0],0,1].
[[1,6,1,0,0,0,2,3,0],2,0].
[[3,7,2,1,1,2,0,0,0],1,0].
[[2,8,1,1,1,0,2,2,0],0,1].
[[3,6,1,1,1,0,2,2,0],0,1].
[[2,7,1,1,2,0,2,2,0],1,0].
[[2,3,2,1,2,0,2,2,2],3,0].
[[1,6,1,1,2,2,2,1,0],1,0].
[[2,6,1,1,1,2,2,1,1],2,0].
[[3,3,1,1,2,2,1,1,0],1,0].
[[2,6,1,1,1,2,0,0,0],3,0].
[[2,8,0,0,0,0,2,1,1],0,3].
[[3,8,0,1,2,0,2,1,1],0,1].
[[2,2,1,1,2,2,0,0,0],1,0].
[[3,2,1,1,1,2,0,0,0],1,0].
[[2,3,2,1,2,2,1,2,2],1,0].
[[2,8,0,1,2,0,2,2,1],2,3].
[[2,7,2,1,2,2,2,1,0],2,1].
[[2,6,0,1,2,2,2,2,1],1,1].
[[1,4,2,1,2,0,1,2,1],1,0].
[[2,4,2,1,2,0,1,2,1],6,0].
[[3,7,0,1,2,0,1,1,0],1,0].
[[3,8,0,1,1,0,2,3,1],0,1].
[[2,6,1,1,2,2,1,2,1],2,0].
[[2,8,0,1,2,0,1,2,1],1,0].
[[3,7,1,1,1,0,2,3,2],1,2].
[[3,9,2,1,2,2,1,1,1],0,1].
[[2,2,1,1,2,2,2,3,1],1,0].
[[3,3,0,1,1,2,0,0,0],0,1].
[[2,7,2,1,2,2,2,3,0],1,0].
[[3,7,1,1,1,2,1,1,1],1,0].
[[2,7,0,0,0,0,2,3,2],1,0].
[[3,3,1,0,0,0,2,2,1],1,0].
[[1,7,2,1,2,0,2,3,2],3,0].
[[3,9,2,1,2,0,2,2,1],0,1].
[[2,7,2,1,1,2,2,3,2],2,0].
[[3,2,1,1,2,2,2,3,2],1,0].
[[2,5,0,0,0,0,2,1,0],8,0].
[[2,8,1,1,1,0,1,2,2],1,2].
[[3,3,1,1,2,2,2,1,1],1,0].
[[1,9,2,1,2,0,2,3,1],2,1].
[[1,8,0,1,1,2,2,1,1],2,0].
[[2,8,0,1,1,2,2,1,1],3,1].
[[3,9,2,1,1,0,1,1,1],1,0].
[[3,5,0,0,0,0,2,1,0],2,0].
[[3,7,2,1,1,0,0,0,0],2,0].
[[2,6,0,1,1,2,2,1,2],1,0].
[[2,7,0,0,0,0,2,1,2],3,0].
[[3,7,2,1,1,2,2,1,0],3,0].
[[2,6,0,0,0,0,2,2,2],1,0].
[[3,7,0,1,2,0,2,2,0],2,0].
[[3,6,0,1,2,2,2,2,0],3,2].
[[1,7,2,1,2,2,2,2,0],1,0].
[[2,7,2,1,2,2,1,1,0],1,0].
[[2,7,2,1,2,0,1,2,0],1,0].
[[2,5,0,1,2,0,1,1,0],2,0].
[[3,5,0,1,2,0,1,1,0],4,0].
[[1,8,0,0,0,0,2,1,1],0,2].
[[3,2,1,1,2,0,2,3,1],1,0].
[[3,4,0,1,2,0,1,1,2],0,2].
[[1,7,2,1,2,0,1,2,2],0,1].
[[3,6,0,1,1,2,1,2,0],0,1].
[[2,7,1,1,2,0,1,1,0],1,0].
[[3,3,2,1,2,0,2,3,2],1,0].
[[3,6,0,0,0,0,2,1,2],1,0].
[[2,5,0,0,0,0,1,1,1],1,0].
[[2,7,1,1,2,0,2,1,1],1,1].
[[3,7,1,1,1,0,2,1,1],1,2].
[[3,7,0,0,0,0,0,0,0],0,3].
[[3,8,1,1,1,0,2,1,0],1,1].
[[2,3,2,1,2,2,2,1,2],1,0].
[[3,6,1,1,2,2,2,1,0],2,0].
[[3,7,0,1,2,2,1,2,1],2,0].
[[1,6,1,1,2,2,2,3,0],1,0].
[[2,7,0,1,1,2,2,2,0],1,0].
[[3,9,2,0,0,0,2,1,0],1,3].
[[3,8,0,1,1,0,0,0,0],0,1].
[[3,6,1,1,1,0,2,3,1],0,1].
[[3,2,0,1,2,2,2,3,2],1,0].
[[2,7,0,1,2,2,1,2,2],1,0].
[[3,7,0,1,2,2,2,2,1],1,1].
[[2,7,1,1,2,0,1,2,0],1,0].
[[3,6,0,1,1,2,2,2,1],0,1].
[[3,6,0,0,0,0,2,2,0],1,1].
[[3,3,1,0,0,0,1,2,1],1,0].
[[1,8,0,1,1,2,1,2,0],1,0].
[[3,3,1,0,0,0,2,3,2],1,0].
[[1,3,2,0,0,0,2,3,2],1,0].
[[2,3,2,0,0,0,1,2,2],2,0].
[[2,7,0,1,1,2,1,2,2],1,0].
[[3,2,1,1,2,0,2,2,2],1,0].
[[3,3,2,1,2,0,2,3,0],1,0].
[[2,6,1,1,2,0,1,2,0],1,0].
[[3,3,2,1,2,0,1,2,0],1,0].
[[3,6,1,1,1,2,2,1,2],2,0].
[[3,7,0,1,2,0,2,3,2],0,1].
[[2,7,2,0,0,0,2,1,0],2,0].
[[2,8,1,1,1,0,1,1,1],1,0].
[[1,5,0,0,0,0,2,1,0],2,0].
[[3,3,1,1,1,2,2,3,1],1,0].
[[1,7,2,1,2,2,2,1,0],1,0].
[[2,7,2,1,1,2,2,1,0],1,0].
[[3,9,2,1,1,2,2,3,2],0,1].
[[3,6,0,1,2,0,2,2,1],0,1].
[[1,9,2,1,2,2,1,1,1],0,1].
[[3,6,1,1,2,0,2,2,0],2,0].
[[3,2,1,1,2,2,0,0,0],1,0].
[[3,8,1,1,2,0,0,0,0],0,1].
[[2,7,1,1,2,0,1,1,2],2,1].
[[3,3,1,1,2,0,1,1,2],1,0].
[[3,9,2,1,1,0,2,1,2],0,1].
[[3,6,0,1,2,0,2,3,2],0,1].
[[2,3,2,1,2,0,2,3,2],1,0].
[[1,3,2,0,0,0,2,1,2],2,0].
[[2,8,1,1,1,0,2,2,2],1,0].
[[1,6,1,1,2,2,2,2,0],1,0].
[[3,6,0,0,0,0,0,0,0],0,1].
[[3,6,0,1,1,2,2,1,1],1,0].
[[2,6,1,1,2,2,1,2,0],1,0].
[[1,9,2,0,0,0,1,1,1],1,0].
[[2,1,2,1,2,0,1,2,1],1,0].
[[3,7,1,1,1,0,2,1,0],1,1].
[[2,3,2,1,2,0,0,0,0],1,0].
[[3,2,1,0,0,0,2,1,2],1,0].
[[3,6,0,1,2,2,2,2,1],1,0].
[[3,7,2,1,1,0,1,1,0],1,0].
[[2,5,0,1,1,0,2,1,0],1,0].
[[3,6,1,1,1,0,2,3,0],1,0].
[[1,6,1,1,2,2,2,1,1],1,0].
[[3,3,1,0,0,0,1,1,2],0,1].
[[3,6,1,1,1,2,2,2,0],1,0].
[[3,9,2,1,1,0,2,1,0],0,1].
[[3,3,1,1,2,2,1,1,2],1,0].
[[2,8,1,1,1,0,1,2,1],1,0].
[[3,6,1,1,1,2,2,1,0],1,0].
[[1,9,2,1,2,0,2,1,1],1,0].
[[1,7,1,0,0,0,2,2,0],1,0].
[[2,7,2,0,0,0,2,2,0],1,0].
[[2,8,1,1,1,0,2,1,0],1,0].
[[3,3,1,1,2,2,1,2,0],1,0].
[[1,8,1,1,2,2,1,1,1],1,0].
[[1,7,1,1,2,2,2,1,0],1,0].
