total_WL(7593,4501).
[[1,9,2,0,0,0,2,2,0],143,141].
[[2,9,2,0,0,0,2,2,0],32,55].
[[3,8,0,1,2,2,2,2,0],43,71].
[[1,8,0,0,0,0,2,3,2],33,43].
[[2,8,0,0,0,0,2,3,2],35,48].
[[3,8,0,0,0,0,2,3,2],11,22].
[[1,9,2,0,0,0,2,1,0],58,65].
[[2,9,2,1,2,0,2,2,0],14,25].
[[1,8,1,0,0,0,0,0,0],330,101].
[[2,7,2,0,0,0,0,0,0],25,2].
[[3,7,2,0,0,0,0,0,0],4,1].
[[1,9,2,1,2,2,2,2,0],186,149].
[[2,5,0,1,2,2,2,2,0],32,0].
[[3,5,0,1,2,2,1,2,1],22,1].
[[1,7,2,0,0,0,2,2,2],25,6].
[[2,7,2,0,0,0,2,2,2],38,5].
[[3,7,2,0,0,0,2,2,2],19,1].
[[1,4,2,1,2,0,0,0,0],9,0].
[[2,4,2,1,2,0,2,3,0],38,1].
[[3,4,2,1,2,0,2,3,0],46,2].
[[1,8,1,0,0,0,2,3,1],139,33].
[[2,8,1,0,0,0,1,2,1],60,11].
[[3,8,1,1,2,0,1,1,1],18,17].
[[2,8,1,0,0,0,2,2,2],103,18].
[[3,8,1,1,2,0,2,2,2],46,9].
[[1,9,2,1,2,2,2,3,2],196,182].
[[2,9,2,1,1,2,1,2,2],81,49].
[[3,8,1,1,1,2,1,2,2],80,33].
[[1,9,2,1,1,2,2,3,2],94,31].
[[2,8,1,1,1,2,2,3,2],71,11].
[[3,8,1,1,1,2,2,3,2],70,19].
[[1,8,0,0,0,0,2,2,0],26,18].
[[2,8,0,0,0,0,1,2,0],16,10].
[[3,5,0,1,2,0,1,2,0],8,1].
[[1,8,0,1,2,2,2,3,2],59,47].
[[2,7,1,1,2,2,2,3,2],45,14].
[[3,7,1,1,2,2,2,3,2],91,21].
[[1,9,2,0,0,0,1,2,2],116,92].
[[2,9,2,0,0,0,1,2,2],66,90].
[[3,8,0,1,2,2,1,2,2],74,105].
[[1,7,2,0,0,0,2,3,2],41,5].
[[2,7,2,1,2,0,2,3,2],27,3].
[[3,7,2,1,1,0,1,2,2],11,2].
[[1,5,0,1,2,2,2,2,0],9,0].
[[3,5,0,1,1,2,1,2,0],16,0].
[[1,9,2,1,1,2,1,2,2],63,23].
[[3,9,2,1,1,2,1,2,2],44,82].
[[1,8,1,1,2,2,0,0,0],263,75].
[[2,8,1,1,2,2,2,3,0],72,16].
[[3,8,1,1,2,2,2,3,0],17,9].
[[1,8,1,1,2,2,2,3,1],119,23].
[[2,8,1,1,2,2,2,3,1],146,25].
[[3,7,1,1,2,2,2,3,1],60,25].
[[2,5,0,1,2,2,1,2,1],8,0].
[[1,8,0,0,0,0,2,2,2],45,43].
[[2,7,0,0,0,0,2,2,2],2,4].
[[3,7,1,1,2,0,2,2,2],25,8].
[[1,8,0,1,2,2,0,0,0],165,160].
[[2,8,0,1,2,2,0,0,0],30,97].
[[3,8,0,1,2,2,2,3,1],25,14].
[[1,8,1,1,1,2,0,0,0],40,7].
[[2,8,1,1,1,2,2,2,0],19,4].
[[3,8,1,1,1,2,2,2,0],7,4].
[[1,8,1,1,2,2,1,2,1],31,8].
[[2,7,1,1,1,2,1,2,1],4,0].
[[3,4,2,1,2,0,1,2,1],59,1].
[[1,8,1,1,2,2,2,2,2],181,24].
[[2,8,1,1,1,2,1,2,2],35,11].
[[3,7,1,1,1,2,1,2,2],25,12].
[[1,7,1,1,2,2,2,3,2],11,1].
[[1,9,2,0,0,0,2,3,2],156,181].
[[2,9,2,1,2,2,2,3,2],79,118].
[[3,8,1,1,2,2,2,3,2],125,21].
[[2,7,2,1,2,2,2,2,2],29,3].
[[3,7,2,1,2,2,2,2,2],47,3].
[[1,9,2,0,0,0,2,2,2],140,167].
[[2,9,2,0,0,0,1,1,2],15,18].
[[3,9,2,1,2,0,1,1,2],0,8].
[[1,9,2,1,2,2,0,0,0],113,217].
[[3,8,1,1,2,2,2,2,1],38,9].
[[1,8,1,1,2,0,2,3,1],17,7].
[[2,8,1,1,2,0,2,3,1],25,11].
[[3,7,2,1,2,0,1,2,2],32,0].
[[1,9,2,1,2,0,0,0,0],11,21].
[[2,9,2,1,2,0,2,3,2],13,31].
[[3,8,0,1,2,0,2,3,2],14,19].
[[1,7,1,0,0,0,2,3,2],7,6].
[[2,7,1,0,0,0,2,3,2],26,8].
[[3,3,1,1,2,2,2,3,2],12,3].
[[1,8,1,1,2,2,1,2,2],49,8].
[[2,8,1,1,2,2,1,2,2],136,23].
[[3,8,1,1,2,2,1,2,2],171,37].
[[1,8,0,1,2,2,2,2,2],65,51].
[[2,8,0,1,2,2,2,2,2],78,88].
[[3,8,0,1,2,2,2,2,2],33,84].
[[2,7,0,1,2,2,2,2,2],5,3].
[[3,7,0,1,1,2,2,2,2],6,7].
[[1,9,2,1,2,0,2,3,0],14,31].
[[2,9,2,1,2,2,2,3,0],75,146].
[[3,9,2,1,1,2,1,2,0],50,109].
[[1,8,0,1,1,2,2,3,2],27,5].
[[2,8,0,1,1,2,2,3,2],46,30].
[[3,6,0,1,1,2,2,3,2],6,5].
[[2,5,0,0,0,0,1,1,1],22,1].
[[3,5,0,1,2,2,1,1,1],101,3].
[[3,9,2,1,2,2,2,3,0],3,62].
[[1,9,2,1,2,2,2,3,0],219,236].
[[1,9,2,1,1,2,0,0,0],58,54].
[[2,8,0,1,1,2,0,0,0],25,44].
[[3,4,2,1,2,0,0,0,0],12,3].
[[2,9,2,1,2,2,2,1,1],12,19].
[[3,8,0,1,2,2,2,1,1],7,14].
[[2,8,0,0,0,0,1,2,2],23,13].
[[3,8,0,1,2,0,1,2,2],16,22].
[[1,9,2,1,2,0,2,2,2],16,25].
[[2,9,2,1,2,2,1,1,2],33,29].
[[3,8,1,1,2,2,1,1,2],31,8].
[[2,8,0,1,2,0,2,2,0],8,17].
[[3,8,0,1,2,0,1,2,0],16,20].
[[1,9,2,0,0,0,2,3,0],143,176].
[[2,9,2,0,0,0,2,3,0],24,72].
[[3,8,0,0,0,0,2,3,0],3,23].
[[1,6,0,0,0,0,2,2,2],1,3].
[[2,6,0,0,0,0,2,2,2],4,3].
[[3,6,0,1,2,0,1,2,2],0,1].
[[2,8,1,1,2,0,2,2,0],12,6].
[[3,7,1,1,2,2,2,2,0],25,7].
[[2,8,1,1,2,2,2,2,1],63,13].
[[3,8,1,1,1,2,2,2,1],18,5].
[[1,9,2,1,1,2,2,3,0],92,43].
[[2,9,2,1,1,2,2,3,0],61,58].
[[3,9,2,1,1,2,2,3,0],5,46].
[[1,8,1,0,0,0,2,3,2],208,46].
[[2,8,1,0,0,0,1,2,2],82,17].
[[3,7,1,1,2,2,1,2,2],75,14].
[[1,8,0,1,2,2,2,3,0],50,26].
[[2,8,0,1,2,2,2,1,0],21,21].
[[3,7,0,1,2,2,2,1,0],4,4].
[[2,9,2,1,1,2,2,2,1],10,11].
[[3,4,2,1,2,0,2,2,1],26,0].
[[2,9,2,1,2,2,2,2,2],56,119].
[[3,9,2,1,2,2,2,2,2],9,28].
[[1,4,2,1,2,0,2,2,2],11,1].
[[2,4,2,1,2,0,1,2,2],43,2].
[[3,4,2,1,2,0,1,2,2],126,4].
[[1,9,2,1,2,2,1,2,2],163,102].
[[3,5,0,1,1,2,1,1,1],66,2].
[[2,6,1,1,1,2,0,0,0],1,1].
[[3,6,1,1,1,2,2,3,1],2,1].
[[2,8,0,0,0,0,2,2,2],32,32].
[[1,7,1,0,0,0,0,0,0],56,12].
[[2,9,2,1,2,2,1,2,0],121,126].
[[1,8,0,0,0,0,0,0,0],113,139].
[[2,8,0,0,0,0,2,3,0],42,38].
[[3,8,0,1,2,2,2,1,0],3,37].
[[2,8,1,0,0,0,1,1,1],27,16].
[[3,8,1,1,2,2,1,1,1],30,25].
[[2,7,1,1,2,0,2,2,2],8,1].
[[3,7,1,1,2,2,1,1,2],20,3].
[[2,8,1,1,2,0,2,3,2],57,18].
[[3,9,2,1,2,2,1,2,2],50,124].
[[2,7,1,1,2,2,2,3,0],22,1].
[[3,7,1,1,1,2,2,3,0],18,10].
[[1,7,1,1,2,2,0,0,0],68,21].
[[2,7,1,1,1,2,2,3,2],15,1].
[[3,4,2,1,2,0,2,3,2],80,3].
[[2,9,2,1,1,2,2,2,0],56,50].
[[3,9,2,1,1,2,2,2,0],6,31].
[[1,8,1,0,0,0,2,2,2],181,39].
[[2,7,1,1,2,2,2,2,2],68,6].
[[3,7,1,1,2,2,2,2,2],117,12].
[[2,8,0,1,2,2,1,2,2],62,43].
[[2,8,1,1,1,2,0,0,0],13,9].
[[3,8,1,1,1,2,2,1,1],29,9].
[[1,9,2,1,2,2,2,2,2],174,181].
[[3,8,1,1,2,2,2,2,2],110,27].
[[3,7,1,1,1,2,2,3,2],45,6].
[[1,9,2,0,0,0,0,0,0],67,205].
[[2,9,2,0,0,0,2,2,2],26,59].
[[3,9,2,1,2,0,2,2,2],1,12].
[[1,9,2,1,2,0,2,1,0],4,15].
[[2,9,2,1,2,2,2,1,0],18,48].
[[3,9,2,1,1,2,2,1,0],1,8].
[[2,9,2,1,2,0,2,3,0],18,29].
[[3,8,0,1,2,2,2,3,0],41,83].
[[2,8,0,0,0,0,2,2,0],37,34].
[[3,8,0,0,0,0,1,2,0],14,19].
[[1,7,1,0,0,0,2,2,2],21,2].
[[2,7,1,0,0,0,2,2,2],29,11].
[[3,3,1,0,0,0,2,2,2],4,0].
[[3,7,0,0,0,0,2,3,0],2,4].
[[1,8,1,1,2,2,2,3,2],166,30].
[[2,8,1,1,2,2,2,3,2],183,36].
[[1,8,1,1,2,2,2,2,1],49,10].
[[3,7,1,1,2,2,2,2,1],41,9].
[[2,9,2,1,2,2,1,2,2],133,142].
[[1,9,2,1,2,0,2,2,0],14,10].
[[3,9,2,1,1,0,1,2,0],4,22].
[[1,6,1,0,0,0,2,3,1],6,0].
[[2,6,1,0,0,0,2,3,1],11,0].
[[3,6,1,1,2,0,2,3,1],9,1].
[[3,4,2,1,2,0,2,2,0],40,3].
[[2,8,1,1,2,2,1,2,1],73,24].
[[3,8,1,1,2,2,1,2,1],114,27].
[[2,9,2,1,1,2,2,1,0],17,8].
[[2,8,0,1,2,2,2,2,0],61,51].
[[3,8,0,1,1,2,2,2,2],24,43].
[[2,9,2,0,0,0,2,1,0],4,20].
[[3,9,2,1,2,2,1,1,0],19,69].
[[2,9,2,1,1,2,2,3,2],54,53].
[[1,9,2,1,2,2,2,1,0],73,70].
[[2,9,2,1,2,2,2,2,1],15,16].
[[3,9,2,1,2,2,1,2,0],75,125].
[[2,8,1,1,2,2,0,0,0],36,25].
[[1,7,1,0,0,0,2,1,1],4,0].
[[2,7,1,0,0,0,2,1,1],8,0].
[[3,7,1,0,0,0,1,2,1],12,4].
[[1,9,2,1,1,2,1,1,0],9,6].
[[2,9,2,1,1,2,1,1,0],22,21].
[[3,8,0,1,1,2,1,1,0],17,28].
[[2,8,1,1,2,2,2,1,1],60,19].
[[3,8,1,1,2,2,2,1,1],34,17].
[[3,4,2,1,2,0,1,1,2],37,0].
[[2,9,2,0,0,0,1,2,0],46,64].
[[3,9,2,0,0,0,1,2,0],9,35].
[[1,9,2,1,2,2,1,2,1],21,24].
[[3,5,0,1,2,2,1,2,2],10,0].
[[1,8,1,1,2,0,2,2,2],21,9].
[[2,8,1,1,2,0,2,2,2],52,15].
[[3,8,1,1,2,0,1,1,2],10,4].
[[3,7,1,1,2,2,1,1,1],18,8].
[[1,8,0,1,1,2,0,0,0],62,27].
[[2,7,1,1,1,2,2,1,1],10,0].
[[3,7,1,1,1,2,2,1,1],19,2].
[[2,8,1,1,2,2,2,2,0],47,13].
[[1,7,2,1,2,0,2,3,2],4,0].
[[3,7,2,1,2,2,1,1,0],3,1].
[[2,8,1,1,2,2,2,2,2],175,35].
[[1,7,2,0,0,0,2,3,1],8,0].
[[2,7,2,1,2,2,2,3,1],6,3].
[[3,7,2,1,2,2,2,3,1],11,1].
[[1,9,2,1,2,0,2,3,2],23,16].
[[3,9,2,1,2,0,1,1,1],1,5].
[[2,9,2,1,2,2,2,2,0],56,97].
[[1,8,0,0,0,0,1,2,2],17,3].
[[2,5,0,1,2,2,1,1,2],23,1].
[[3,5,0,1,2,2,1,1,2],51,2].
[[3,4,2,1,2,0,1,2,0],141,0].
[[1,8,1,0,0,0,2,1,1],64,15].
[[2,6,1,0,0,0,2,1,1],3,0].
[[3,6,1,0,0,0,1,2,1],8,0].
[[2,8,0,1,1,2,2,2,0],39,23].
[[3,4,2,1,2,0,1,1,0],38,0].
[[2,5,0,1,2,2,1,1,1],45,1].
[[3,8,1,0,0,0,2,2,2],27,4].
[[2,9,2,1,2,2,1,1,0],36,72].
[[2,3,2,0,0,0,2,3,1],1,0].
[[3,3,2,1,2,2,2,3,1],3,0].
[[2,8,0,1,2,0,0,0,0],1,16].
[[3,8,0,1,2,0,2,1,0],1,7].
[[2,8,0,1,1,2,2,3,0],61,27].
[[3,7,1,1,1,2,2,2,1],23,4].
[[2,8,0,1,2,2,2,3,0],81,89].
[[3,7,1,1,2,2,2,3,0],31,8].
[[2,8,0,1,2,2,2,3,2],86,81].
[[2,9,2,0,0,0,2,3,2],36,61].
[[3,9,2,0,0,0,2,3,2],1,4].
[[1,8,0,1,1,2,1,2,2],6,0].
[[2,8,0,1,1,2,1,2,2],36,16].
[[3,9,2,1,2,0,2,3,0],2,20].
[[2,7,1,1,1,2,2,2,2],14,1].
[[3,7,1,1,1,2,2,2,2],46,8].
[[3,7,1,0,0,0,2,2,2],24,6].
[[1,9,2,1,2,2,2,3,1],68,45].
[[2,9,2,1,2,2,2,3,1],29,34].
[[3,9,2,1,1,2,2,3,2],9,22].
[[2,8,1,1,1,0,0,0,0],2,0].
[[3,8,1,1,1,0,2,3,0],1,2].
[[2,8,1,1,2,2,2,1,0],32,8].
[[3,8,1,1,2,2,2,1,0],8,4].
[[2,8,1,0,0,0,0,0,0],39,12].
[[3,8,1,0,0,0,2,3,1],22,8].
[[3,7,0,1,2,2,1,2,2],7,5].
[[1,9,2,1,2,2,1,2,0],81,55].
[[2,8,1,1,1,2,2,1,1],24,4].
[[1,9,2,1,1,2,1,1,2],15,6].
[[2,8,1,1,1,2,1,1,2],17,3].
[[3,8,1,1,1,2,1,1,2],24,12].
[[1,8,0,0,0,0,2,3,0],35,19].
[[3,8,0,1,2,0,2,2,0],8,21].
[[2,6,0,1,2,2,0,0,0],11,9].
[[3,3,1,1,2,2,2,3,1],8,0].
[[2,9,2,0,0,0,1,2,1],15,23].
[[3,9,2,1,2,0,1,2,1],7,19].
[[3,8,1,1,2,2,2,3,1],72,28].
[[1,8,1,1,2,2,2,3,0],49,4].
[[3,8,1,1,2,2,1,2,0],100,16].
[[2,7,1,1,2,2,0,0,0],79,31].
[[1,9,2,1,2,0,1,2,0],2,10].
[[2,9,2,1,2,0,1,2,0],16,30].
[[3,9,2,1,2,0,1,2,0],13,41].
[[2,7,1,1,2,0,2,3,1],9,0].
[[1,8,1,1,2,2,2,1,0],32,3].
[[2,7,1,1,2,2,2,1,0],9,1].
[[3,7,1,1,2,2,1,2,0],33,1].
[[3,8,0,1,1,2,2,3,2],48,52].
[[2,7,2,1,2,2,2,3,0],1,0].
[[3,7,2,1,2,2,2,3,0],7,0].
[[3,9,2,0,0,0,1,1,2],2,9].
[[3,8,0,1,1,2,2,2,0],27,48].
[[2,8,0,1,2,2,2,3,1],32,29].
[[3,8,0,1,2,2,1,1,0],17,39].
[[3,8,1,1,1,2,1,2,1],59,14].
[[3,9,2,1,2,2,2,3,2],15,37].
[[3,8,1,1,2,0,1,2,2],58,19].
[[3,6,1,1,2,2,2,3,1],13,1].
[[3,7,1,1,2,2,0,0,0],33,17].
[[2,9,2,1,1,2,1,1,2],13,23].
[[3,9,2,1,1,2,1,1,2],8,25].
[[2,9,2,1,1,2,0,0,0],4,20].
[[3,8,0,1,1,2,0,0,0],0,25].
[[2,5,0,1,1,2,1,1,2],15,0].
[[3,5,0,1,1,2,1,1,2],39,0].
[[3,8,0,1,2,2,1,2,0],74,74].
[[2,9,2,1,1,2,2,2,2],49,40].
[[3,8,1,1,1,2,2,2,2],50,12].
[[1,9,2,1,1,2,2,1,0],36,11].
[[2,9,2,1,1,2,1,2,0],56,58].
[[1,9,2,0,0,0,2,3,1],54,58].
[[2,9,2,1,2,2,1,2,1],34,34].
[[3,9,2,1,2,2,1,2,1],23,53].
[[1,8,0,0,0,0,1,1,0],2,1].
[[2,7,1,0,0,0,1,1,0],2,0].
[[3,3,1,0,0,0,1,1,0],1,0].
[[3,5,0,1,1,2,1,1,0],6,3].
[[3,8,0,0,0,0,2,2,2],8,18].
[[3,7,2,1,2,2,2,1,0],3,2].
[[2,9,2,1,2,2,0,0,0],7,42].
[[3,8,0,0,0,0,2,2,0],9,14].
[[3,8,0,1,1,2,1,2,2],53,65].
[[1,8,1,1,2,0,0,0,0],44,12].
[[3,8,0,1,2,2,1,1,2],13,28].
[[1,6,1,0,0,0,0,0,0],74,0].
[[2,6,1,0,0,0,2,3,2],21,1].
[[3,6,1,1,2,0,2,3,2],5,1].
[[3,9,2,1,2,2,1,1,1],6,19].
[[2,8,1,0,0,0,2,3,1],76,23].
[[3,9,2,1,1,2,1,1,0],15,51].
[[2,9,2,1,1,2,1,2,1],23,15].
[[3,9,2,1,1,2,1,2,1],14,21].
[[3,9,2,0,0,0,1,2,2],13,39].
[[2,7,2,1,2,2,1,2,2],21,2].
[[3,7,2,1,2,2,1,2,2],63,6].
[[2,8,1,1,2,2,1,2,0],45,8].
[[3,6,1,1,2,2,1,2,0],12,0].
[[2,8,1,0,0,0,2,2,0],42,7].
[[3,8,1,1,2,2,2,2,0],10,3].
[[1,8,1,1,2,0,2,2,1],3,2].
[[2,7,1,1,2,2,2,2,1],16,5].
[[3,7,1,1,1,0,2,2,1],1,1].
[[1,8,1,1,2,0,2,3,0],8,6].
[[2,8,1,1,2,0,1,2,0],14,2].
[[3,8,1,1,2,0,1,2,0],30,5].
[[1,8,1,1,2,0,2,3,2],19,10].
[[3,8,1,1,2,0,2,3,2],40,12].
[[2,7,1,1,2,2,2,1,1],22,3].
[[3,5,0,1,1,2,2,2,0],27,0].
[[1,9,2,1,2,2,1,1,2],31,29].
[[2,8,0,1,2,2,1,1,2],16,9].
[[2,9,2,0,0,0,1,1,0],12,27].
[[3,9,2,0,0,0,1,1,0],8,17].
[[2,8,1,1,2,0,2,3,0],16,7].
[[2,7,0,1,1,2,0,0,0],5,11].
[[3,7,0,1,1,2,2,2,0],4,7].
[[2,9,2,0,0,0,1,1,1],4,12].
[[3,8,0,1,2,2,1,1,1],7,19].
[[3,8,1,1,1,2,1,1,0],13,12].
[[1,8,1,0,0,0,2,3,0],57,6].
[[3,8,1,1,1,2,1,2,0],51,5].
[[2,8,1,1,1,2,2,3,0],23,4].
[[1,9,2,1,2,2,2,2,1],34,24].
[[3,8,0,1,2,2,2,2,1],4,16].
[[2,7,1,0,0,0,2,3,1],17,6].
[[1,8,1,1,1,2,1,2,1],7,2].
[[2,8,1,1,1,2,1,2,1],28,10].
[[2,9,2,1,2,0,2,2,2],11,25].
[[2,8,1,0,0,0,2,3,2],99,30].
[[1,9,2,0,0,0,1,2,0],59,60].
[[2,8,1,0,0,0,2,1,1],37,7].
[[3,7,2,0,0,0,2,3,2],25,1].
[[3,8,0,1,1,2,1,1,2],13,19].
[[1,9,2,1,2,2,1,1,0],17,38].
[[3,8,0,1,2,2,1,2,1],23,37].
[[1,9,2,1,1,2,2,2,2],67,38].
[[1,9,2,1,1,2,2,2,0],80,32].
[[1,8,0,1,2,2,2,3,1],16,15].
[[3,7,0,1,2,2,2,2,2],12,12].
[[2,8,0,0,0,0,2,1,0],13,19].
[[3,8,0,0,0,0,2,3,1],4,2].
[[3,7,1,1,1,0,0,0,0],0,1].
[[1,8,1,0,0,0,1,2,2],70,12].
[[2,6,1,0,0,0,1,2,2],8,0].
[[3,6,1,0,0,0,1,2,2],9,0].
[[2,7,1,0,0,0,0,0,0],38,11].
[[3,7,1,1,2,0,2,3,2],31,10].
[[2,8,1,1,2,2,1,1,0],14,13].
[[3,8,1,1,2,2,1,1,0],38,21].
[[1,8,1,0,0,0,2,2,0],60,10].
[[2,8,1,0,0,0,1,1,0],9,6].
[[3,8,1,0,0,0,1,1,0],6,5].
[[2,6,1,1,2,2,0,0,0],24,0].
[[3,6,1,1,1,2,2,3,2],14,0].
[[1,8,1,0,0,0,1,2,1],43,15].
[[2,7,2,0,0,0,1,2,1],9,0].
[[3,7,2,1,2,0,1,2,1],13,0].
[[2,8,1,1,2,0,1,2,1],20,7].
[[3,8,1,1,2,0,1,2,1],35,7].
[[2,1,2,1,2,0,1,2,1],1,0].
[[3,1,2,1,2,0,1,1,1],3,0].
[[2,9,2,1,2,0,1,1,2],6,8].
[[1,9,2,0,0,0,1,1,0],18,23].
[[2,8,1,1,2,0,1,1,0],5,7].
[[3,8,1,1,1,0,1,1,0],6,2].
[[3,7,1,0,0,0,2,3,1],15,5].
[[2,7,1,1,2,0,0,0,0],14,3].
[[1,5,0,1,1,2,2,2,0],7,0].
[[2,5,0,1,1,2,2,2,0],16,0].
[[1,9,2,1,2,0,1,2,2],14,16].
[[2,9,2,1,1,0,1,2,2],2,6].
[[3,9,2,1,1,0,1,2,2],5,19].
[[2,8,0,1,2,0,2,2,2],10,13].
[[2,5,0,1,1,2,1,1,1],22,0].
[[1,9,2,0,0,0,1,1,2],32,21].
[[2,8,1,0,0,0,1,1,2],17,6].
[[2,8,0,1,2,2,1,1,0],8,14].
[[1,7,1,1,2,2,2,1,1],2,1].
[[2,7,2,1,2,2,2,3,2],44,4].
[[3,9,2,1,2,2,2,2,1],3,4].
[[2,8,0,1,1,2,2,3,1],18,11].
[[3,8,0,1,1,2,1,2,1],15,20].
[[3,8,1,1,2,0,1,1,0],15,5].
[[3,9,2,1,1,0,2,2,0],0,11].
[[2,8,1,0,0,0,2,1,0],21,4].
[[3,7,2,0,0,0,1,2,1],10,0].
[[3,4,2,1,2,0,1,1,1],27,0].
[[2,7,2,0,0,0,2,3,2],44,2].
[[3,7,2,1,2,2,2,3,2],66,4].
[[1,9,2,1,2,0,1,2,1],4,4].
[[2,8,0,1,2,2,1,2,1],7,11].
[[3,7,0,1,2,2,1,2,1],2,1].
[[1,8,1,1,2,2,1,1,2],8,2].
[[2,6,1,1,2,2,1,1,2],1,0].
[[3,3,1,1,2,2,1,1,2],1,0].
[[3,7,0,1,1,2,0,0,0],4,10].
[[2,8,0,1,1,2,2,1,0],20,12].
[[2,5,0,1,2,2,1,1,0],3,0].
[[3,5,0,1,2,2,1,1,0],9,0].
[[1,8,1,1,1,2,2,2,0],10,2].
[[2,4,2,1,2,0,1,2,0],39,0].
[[3,7,2,1,2,0,2,2,2],26,7].
[[3,8,0,1,1,2,1,2,0],55,37].
[[2,8,0,1,2,2,1,2,0],44,17].
[[3,8,0,1,1,2,2,3,0],38,72].
[[3,5,0,1,2,0,1,1,1],42,4].
[[2,8,1,1,2,0,2,2,1],20,3].
[[3,7,1,1,1,2,0,0,0],14,4].
[[3,7,0,1,2,2,2,3,0],10,8].
[[1,7,2,0,0,0,0,0,0],68,6].
[[2,3,2,0,0,0,0,0,0],12,0].
[[3,3,2,1,2,0,0,0,0],9,0].
[[3,8,1,1,2,0,2,3,1],22,8].
[[1,7,2,1,2,2,1,2,2],2,0].
[[3,4,2,1,2,0,2,3,1],33,2].
[[1,7,2,1,2,2,2,3,2],12,2].
[[3,3,2,1,2,2,2,3,2],5,0].
[[2,8,0,1,1,2,1,1,2],10,3].
[[3,8,0,1,2,2,0,0,0],0,23].
[[3,9,2,1,2,2,2,2,0],5,46].
[[3,7,0,1,2,2,2,2,0],10,6].
[[1,8,1,1,2,2,1,1,1],9,4].
[[2,8,1,1,2,2,1,1,1],25,16].
[[1,6,1,1,2,2,0,0,0],19,0].
[[2,3,1,1,2,2,0,0,0],15,0].
[[3,3,1,1,2,2,2,2,1],5,0].
[[1,9,2,0,0,0,2,2,1],22,25].
[[2,8,1,0,0,0,2,2,1],39,9].
[[3,8,1,0,0,0,1,2,1],30,5].
[[3,8,0,1,2,0,2,3,0],8,17].
[[2,8,0,1,1,2,2,2,2],33,28].
[[3,7,1,1,2,0,1,1,1],10,1].
[[1,8,1,1,2,2,2,1,1],56,14].
[[2,8,0,1,2,0,2,1,0],5,3].
[[3,8,0,1,2,0,1,1,0],2,9].
[[3,8,0,1,2,2,2,3,2],46,78].
[[2,8,1,1,1,2,2,3,1],59,9].
[[3,7,2,0,0,0,1,2,2],25,4].
[[1,7,2,1,2,2,0,0,0],22,3].
[[2,7,2,1,2,2,0,0,0],30,1].
[[2,7,1,0,0,0,2,2,0],7,2].
[[3,7,1,0,0,0,1,2,0],7,1].
[[1,9,2,1,1,2,1,2,0],31,12].
[[1,7,2,0,0,0,1,2,2],6,1].
[[2,7,2,1,2,0,1,2,2],10,3].
[[3,7,2,1,1,0,1,1,1],0,2].
[[1,9,2,1,1,2,2,2,1],21,8].
[[2,4,2,1,2,0,2,2,1],8,0].
[[3,7,0,0,0,0,2,2,2],3,4].
[[1,8,0,1,2,2,1,2,2],17,10].
[[2,7,0,1,1,2,2,2,2],5,2].
[[3,6,1,1,2,2,0,0,0],7,0].
[[3,7,0,1,1,2,2,3,0],10,9].
[[1,8,0,1,1,2,2,2,2],21,4].
[[3,6,0,1,1,2,2,2,2],2,3].
[[2,6,1,0,0,0,0,0,0],42,1].
[[3,6,1,1,2,2,2,3,2],35,1].
[[2,8,1,1,1,2,2,1,0],12,3].
[[3,5,0,1,2,2,2,2,0],38,2].
[[2,7,2,1,2,2,1,1,1],1,1].
[[3,7,2,1,2,2,1,1,1],4,3].
[[2,7,1,0,0,0,2,2,1],18,0].
[[3,7,1,1,2,0,2,2,1],13,1].
[[1,9,2,1,2,0,1,1,2],5,4].
[[2,9,2,1,1,0,1,1,2],0,2].
[[3,4,0,1,2,0,1,1,2],0,1].
[[3,7,2,1,2,2,2,2,0],3,0].
[[3,8,1,1,1,2,2,3,1],42,11].
[[3,7,1,1,1,0,2,3,2],4,3].
[[3,7,1,1,1,2,2,3,1],38,11].
[[1,8,1,0,0,0,2,2,1],77,15].
[[2,7,1,1,1,2,0,0,0],19,7].
[[3,7,1,1,1,2,2,2,0],15,7].
[[2,9,2,0,0,0,0,0,0],1,14].
[[3,9,2,0,0,0,2,3,0],1,13].
[[3,7,0,1,2,2,2,3,1],5,4].
[[3,8,0,1,2,0,0,0,0],0,3].
[[2,6,0,1,2,2,2,3,0],2,2].
[[3,6,0,1,2,2,1,2,0],4,1].
[[1,9,2,0,0,0,2,1,1],21,14].
[[2,8,0,1,2,2,2,1,1],7,5].
[[2,7,2,1,2,0,2,2,2],15,3].
[[3,3,2,1,2,0,2,2,2],6,0].
[[2,8,1,0,0,0,1,2,0],32,4].
[[3,8,1,0,0,0,1,2,0],33,6].
[[3,8,0,1,1,2,2,1,0],5,22].
[[3,6,1,1,2,2,1,2,2],23,1].
[[1,3,2,0,0,0,2,2,2],2,0].
[[2,3,2,0,0,0,2,2,2],5,0].
[[3,6,0,1,2,2,2,3,0],7,4].
[[3,9,2,1,2,0,2,2,0],2,9].
[[3,5,0,1,1,2,1,2,1],19,0].
[[3,4,2,1,2,0,2,1,1],22,0].
[[2,8,0,0,0,0,2,3,1],18,7].
[[3,7,0,0,0,0,2,3,1],1,1].
[[3,9,2,1,2,0,1,2,2],17,30].
[[3,7,1,1,2,0,2,3,1],18,3].
[[3,9,2,1,1,2,2,2,1],1,7].
[[2,6,1,0,0,0,2,2,0],3,0].
[[3,6,1,1,2,2,2,3,0],13,1].
[[3,8,1,1,2,0,2,2,0],4,3].
[[3,6,1,1,2,0,2,2,2],6,1].
[[1,8,1,1,1,2,2,3,0],12,1].
[[2,7,1,1,1,2,2,3,0],7,1].
[[3,7,1,1,1,2,1,2,0],15,0].
[[2,8,1,1,2,0,0,0,0],19,15].
[[3,8,1,1,2,0,0,0,0],0,3].
[[2,9,2,0,0,0,2,3,1],12,19].
[[2,8,0,0,0,0,2,2,1],5,5].
[[3,3,1,1,2,2,0,0,0],23,1].
[[2,7,1,0,0,0,1,2,2],12,0].
[[3,7,1,0,0,0,1,2,2],9,6].
[[2,8,0,0,0,0,1,1,0],3,4].
[[1,8,0,1,2,2,2,2,0],36,16].
[[2,4,2,1,2,0,1,2,1],21,1].
[[3,4,2,1,2,0,2,1,0],20,2].
[[1,8,1,1,2,2,2,2,0],37,6].
[[2,7,2,1,2,2,1,2,1],2,0].
[[3,7,2,1,2,2,1,2,1],14,2].
[[1,6,1,0,0,0,2,2,2],13,0].
[[2,6,1,1,2,0,1,2,2],1,0].
[[3,6,1,1,2,0,1,2,2],10,0].
[[3,6,1,0,0,0,2,3,0],4,1].
[[3,8,0,0,0,0,1,2,2],28,17].
[[1,5,0,0,0,0,1,1,1],8,1].
[[3,5,0,0,0,0,1,1,1],20,1].
[[2,8,1,1,1,2,2,2,2],61,11].
[[1,8,0,0,0,0,2,3,1],11,11].
[[2,8,0,1,2,0,1,2,1],2,1].
[[3,8,0,1,2,0,1,2,1],7,14].
[[3,7,1,0,0,0,1,1,1],6,3].
[[2,9,2,0,0,0,2,2,1],5,12].
[[3,9,2,0,0,0,1,1,1],1,6].
[[2,4,2,1,2,0,2,2,2],32,0].
[[3,4,2,1,2,0,2,2,2],53,3].
[[3,9,2,0,0,0,1,2,1],2,13].
[[2,8,0,1,2,0,2,3,0],2,9].
[[2,8,0,1,2,0,1,2,2],6,4].
[[3,8,0,1,1,0,1,2,2],1,9].
[[2,5,0,0,0,0,2,2,0],13,1].
[[3,5,0,1,2,0,2,2,0],13,1].
[[2,7,1,1,2,2,2,3,1],43,7].
[[3,8,1,0,0,0,2,3,2],29,9].
[[3,7,0,1,1,2,2,3,2],6,8].
[[2,4,2,1,2,0,0,0,0],16,2].
[[3,9,2,1,2,2,0,0,0],0,7].
[[2,6,0,0,0,0,2,3,2],1,1].
[[3,6,0,1,2,2,2,3,2],6,7].
[[3,8,1,1,1,2,2,3,0],8,6].
[[3,6,0,1,1,2,1,1,2],3,1].
[[2,8,1,1,2,0,2,1,1],19,6].
[[1,5,0,0,0,0,1,1,2],7,1].
[[2,5,0,0,0,0,1,1,2],14,3].
[[3,5,0,0,0,0,1,1,2],12,0].
[[3,8,1,0,0,0,2,3,0],5,3].
[[3,7,0,1,2,2,1,1,2],6,1].
[[3,7,1,1,2,2,1,1,0],8,6].
[[1,8,0,1,2,2,2,1,0],13,8].
[[2,8,0,1,2,0,1,1,2],3,4].
[[3,8,0,1,2,0,1,1,2],5,5].
[[3,7,1,1,2,0,2,1,0],5,3].
[[1,8,0,1,2,2,2,2,1],7,7].
[[2,8,0,1,2,2,2,2,1],10,15].
[[3,7,1,1,2,2,1,2,1],42,3].
[[3,9,2,1,2,2,1,1,2],7,22].
[[3,8,1,1,1,0,2,3,2],15,9].
[[3,8,1,0,0,0,1,1,2],9,3].
[[3,8,0,1,2,0,1,1,1],1,4].
[[3,8,1,0,0,0,1,2,2],45,12].
[[3,8,0,1,1,2,2,2,1],9,7].
[[1,8,0,0,0,0,1,2,1],2,0].
[[2,8,0,0,0,0,1,2,1],6,7].
[[3,9,2,1,1,2,2,2,2],8,20].
[[3,8,1,1,1,0,1,2,1],9,10].
[[3,6,0,1,2,2,2,1,0],4,1].
[[2,8,1,1,2,0,1,2,2],26,9].
[[3,7,2,1,2,0,2,3,2],23,4].
[[3,6,0,1,2,2,2,2,1],3,1].
[[3,7,1,1,2,0,1,2,1],15,2].
[[2,6,1,1,2,2,2,3,1],12,0].
[[3,8,1,1,2,0,2,1,1],25,2].
[[3,7,0,1,2,0,2,3,0],3,3].
[[3,7,1,1,1,2,1,1,1],10,3].
[[1,9,2,1,2,2,2,1,1],22,20].
[[3,8,0,1,1,2,2,1,1],6,7].
[[3,3,2,0,0,0,2,3,2],7,0].
[[3,7,0,1,2,0,2,2,0],2,2].
[[2,6,0,1,2,2,2,2,2],4,3].
[[3,6,0,1,2,2,1,2,2],11,4].
[[2,9,2,1,1,0,2,1,0],0,3].
[[3,9,2,1,1,0,1,1,0],1,10].
[[3,5,0,1,2,2,1,2,0],20,0].
[[3,8,0,1,1,2,2,3,1],15,16].
[[1,5,0,0,0,0,2,2,0],8,0].
[[2,5,0,1,2,0,2,2,0],4,1].
[[1,9,2,1,1,2,2,3,1],33,13].
[[3,7,1,0,0,0,2,1,1],7,3].
[[3,5,0,1,1,0,1,1,2],5,0].
[[2,9,2,1,1,2,2,3,1],20,15].
[[1,9,2,0,0,0,1,2,1],23,22].
[[3,9,2,1,1,2,1,1,1],2,12].
[[2,6,1,1,2,2,2,2,2],17,0].
[[3,6,1,1,2,2,2,2,2],27,0].
[[1,8,1,0,0,0,1,1,1],8,8].
[[2,8,1,1,2,0,1,1,1],10,4].
[[1,8,1,0,0,0,2,1,0],31,4].
[[3,8,1,1,1,2,1,1,1],16,12].
[[1,5,0,1,2,2,1,1,1],10,1].
[[3,5,0,1,1,0,1,1,1],8,4].
[[3,3,2,0,0,0,0,0,0],6,0].
[[3,3,1,1,2,2,2,2,2],10,0].
[[1,8,0,0,0,0,2,2,1],4,4].
[[2,8,0,1,2,0,2,2,1],2,6].
[[3,8,0,1,2,0,2,2,1],4,2].
[[1,8,0,1,2,2,1,1,2],7,1].
[[2,6,0,1,2,2,1,1,2],1,0].
[[2,9,2,1,2,0,2,1,0],2,9].
[[3,7,0,1,1,2,1,2,2],7,4].
[[1,8,1,0,0,0,1,1,2],9,4].
[[2,7,1,1,2,2,1,1,2],4,1].
[[3,7,1,1,1,2,1,1,2],16,0].
[[2,9,2,1,2,0,1,2,1],11,15].
[[3,8,1,1,1,0,1,1,2],3,3].
[[2,4,2,1,2,0,2,2,0],28,1].
[[2,8,0,1,2,2,1,1,1],7,2].
[[2,8,0,1,1,2,2,2,1],8,3].
[[2,7,1,1,1,2,2,3,1],12,4].
[[3,7,1,1,1,2,1,2,1],15,3].
[[3,3,2,1,2,0,2,3,2],8,0].
[[2,5,0,1,2,2,1,2,0],6,0].
[[3,7,2,0,0,0,2,2,0],1,0].
[[2,8,0,1,1,2,1,2,1],5,6].
[[3,7,0,1,1,2,1,2,1],1,0].
[[2,6,1,1,2,2,1,2,2],6,0].
[[3,6,1,1,1,2,1,2,2],7,0].
[[2,8,1,1,1,0,1,2,2],1,3].
[[3,8,1,1,1,0,1,2,2],10,9].
[[2,5,0,1,2,2,1,2,2],2,0].
[[1,8,1,1,1,2,2,1,1],12,1].
[[2,8,1,1,1,2,1,1,1],13,7].
[[2,7,1,1,2,0,1,1,2],2,1].
[[2,3,2,0,0,0,2,3,2],3,0].
[[3,7,2,1,1,2,2,3,2],17,1].
[[1,8,1,1,2,0,2,1,0],2,2].
[[2,3,1,1,2,2,2,3,2],2,0].
[[3,3,1,1,1,2,1,2,2],1,0].
[[2,9,2,1,2,0,1,2,2],22,36].
[[1,8,1,0,0,0,1,2,0],16,5].
[[1,8,1,1,1,2,1,2,2],6,1].
[[2,7,1,1,1,2,1,2,2],2,1].
[[3,7,2,1,2,2,0,0,0],13,1].
[[2,7,2,1,2,0,0,0,0],12,5].
[[2,6,1,1,2,2,2,3,2],13,0].
[[1,8,1,1,2,0,2,1,1],8,4].
[[2,6,1,1,2,0,2,1,1],1,0].
[[3,6,1,1,2,0,2,1,1],5,0].
[[2,9,2,1,1,2,1,1,1],6,6].
[[2,8,1,1,1,0,2,3,2],5,2].
[[3,8,1,1,2,0,2,2,1],15,3].
[[1,4,2,1,2,0,2,2,0],9,0].
[[2,8,1,1,1,2,2,2,1],34,4].
[[2,8,1,1,1,0,2,1,0],0,1].
[[3,7,2,1,1,0,2,3,2],5,4].
[[1,7,2,1,2,0,0,0,0],10,3].
[[2,7,2,1,1,0,0,0,0],4,1].
[[3,7,2,1,1,0,0,0,0],2,1].
[[1,8,1,1,1,2,2,1,0],4,1].
[[2,8,1,1,1,2,1,2,0],14,2].
[[1,8,1,1,1,2,2,3,2],26,4].
[[3,6,1,1,2,2,1,2,1],13,0].
[[2,7,0,0,0,0,1,2,2],2,0].
[[3,7,0,1,2,0,1,2,2],1,0].
[[1,8,1,1,1,2,2,2,2],29,3].
[[2,7,0,1,2,2,0,0,0],13,10].
[[3,3,1,1,2,2,2,3,0],8,0].
[[3,7,1,0,0,0,2,2,1],9,3].
[[3,9,2,1,2,2,2,1,0],1,17].
[[2,4,2,1,2,0,2,1,0],11,1].
[[1,8,1,1,2,2,1,1,0],3,2].
[[3,6,0,1,2,2,1,1,2],2,0].
[[3,8,1,0,0,0,1,1,1],14,4].
[[3,7,2,1,1,0,2,2,2],8,3].
[[3,5,0,1,2,0,1,1,2],14,6].
[[1,7,1,0,0,0,2,3,1],6,2].
[[2,7,1,0,0,0,1,2,1],4,2].
[[2,8,1,1,1,0,2,3,1],1,6].
[[3,8,0,0,0,0,1,2,1],1,6].
[[3,9,2,1,2,2,2,3,1],7,10].
[[2,9,2,1,2,0,1,1,0],6,9].
[[2,8,1,1,1,2,1,1,0],3,3].
[[1,9,2,1,2,0,2,2,1],2,3].
[[3,8,0,1,1,0,2,2,2],4,9].
[[1,9,2,1,2,2,1,1,1],9,4].
[[2,9,2,1,2,2,1,1,1],8,15].
[[3,8,0,1,1,2,1,1,1],6,6].
[[3,8,0,1,1,0,0,0,0],0,5].
[[2,7,2,0,0,0,2,3,1],6,1].
[[1,6,1,0,0,0,2,1,1],6,0].
[[2,3,1,0,0,0,2,1,1],1,0].
[[3,3,1,1,2,0,2,1,1],3,0].
[[1,8,1,1,2,0,2,2,0],7,2].
[[2,7,0,1,2,2,2,3,0],1,2].
[[3,8,1,1,1,0,2,1,0],1,2].
[[3,7,1,1,2,0,2,2,0],5,4].
[[3,7,0,1,2,0,0,0,0],2,3].
[[1,6,1,0,0,0,1,2,2],1,0].
[[3,6,0,1,2,2,0,0,0],1,9].
[[3,8,1,0,0,0,2,2,1],9,3].
[[3,3,2,0,0,0,2,2,2],9,0].
[[2,8,0,1,2,0,2,3,2],9,16].
[[2,8,0,0,0,0,0,0,0],16,42].
[[3,8,0,1,2,0,2,2,2],12,17].
[[2,8,1,1,1,0,2,2,2],0,4].
[[3,7,2,1,2,2,1,2,0],7,0].
[[1,8,0,1,1,2,2,2,1],3,0].
[[2,7,1,1,1,2,2,2,1],6,0].
[[3,6,1,1,2,0,1,2,0],3,1].
[[3,8,0,0,0,0,2,2,1],2,2].
[[1,8,1,1,1,2,2,3,1],25,1].
[[3,7,0,1,2,2,0,0,0],1,13].
[[3,7,1,0,0,0,2,3,2],32,8].
[[1,7,1,1,2,2,2,2,2],14,1].
[[3,7,1,1,2,0,1,2,2],20,7].
[[3,7,2,1,1,2,1,2,2],22,1].
[[2,6,0,1,1,2,2,3,1],0,1].
[[3,6,0,1,1,2,2,3,1],0,2].
[[3,7,1,1,2,0,2,1,1],8,1].
[[3,8,0,0,0,0,1,1,2],1,4].
[[3,8,1,1,1,0,2,1,1],2,4].
[[1,8,0,1,1,2,1,1,2],0,1].
[[1,7,2,1,2,2,1,1,1],1,0].
[[3,8,0,1,1,0,2,2,0],0,7].
[[2,7,1,1,2,0,2,2,1],3,0].
[[1,6,0,1,2,2,0,0,0],10,5].
[[2,6,0,1,1,2,2,3,2],2,0].
[[2,6,0,1,1,2,2,2,2],2,0].
[[3,6,1,1,2,0,0,0,0],3,0].
[[3,6,0,1,2,2,2,2,2],6,5].
[[1,7,2,0,0,0,1,2,1],2,0].
[[2,7,2,0,0,0,1,2,2],23,4].
[[2,6,0,1,2,2,1,2,2],1,1].
[[2,7,2,1,1,0,2,2,2],1,2].
[[2,9,2,0,0,0,2,1,1],10,6].
[[3,6,1,1,1,2,2,3,0],2,0].
[[2,8,0,0,0,0,1,1,2],5,5].
[[3,7,1,1,2,2,2,1,1],39,8].
[[3,8,1,1,1,0,2,2,2],6,13].
[[3,3,2,1,1,0,0,0,0],1,0].
[[1,7,1,1,2,2,2,2,0],1,0].
[[2,7,1,1,2,2,2,2,0],12,2].
[[3,6,1,1,1,2,1,1,1],1,0].
[[3,9,2,1,2,0,2,3,2],3,5].
[[2,7,2,0,0,0,1,1,1],1,1].
[[1,6,0,0,0,0,0,0,0],4,2].
[[2,2,0,1,2,2,0,0,0],2,0].
[[3,2,0,1,2,2,0,0,0],2,0].
[[1,7,2,1,2,2,2,2,2],10,0].
[[2,7,2,1,1,2,2,2,2],9,0].
[[3,7,2,1,1,2,2,2,2],22,1].
[[1,7,1,1,2,2,2,3,0],3,0].
[[2,7,1,1,1,2,2,2,0],4,1].
[[3,7,2,1,2,0,2,3,1],3,1].
[[2,8,0,1,1,2,1,2,0],21,5].
[[2,7,1,1,2,2,1,2,0],3,0].
[[2,7,0,0,0,0,0,0,0],5,5].
[[3,7,0,1,2,0,2,1,0],1,0].
[[3,7,0,1,2,0,2,3,2],3,2].
[[3,7,1,1,1,0,1,2,1],2,2].
[[3,5,0,1,2,0,1,1,0],1,2].
[[2,8,0,0,0,0,2,1,1],7,4].
[[2,6,0,0,0,0,1,2,2],2,0].
[[3,6,0,0,0,0,1,2,2],1,1].
[[3,7,1,0,0,0,1,1,0],4,0].
[[1,7,1,0,0,0,2,3,0],5,0].
[[2,7,1,0,0,0,1,2,0],2,0].
[[1,4,2,1,2,0,1,2,2],12,0].
[[3,6,1,0,0,0,2,3,2],11,0].
[[3,5,0,1,2,0,1,2,2],4,0].
[[2,7,0,1,2,2,2,2,0],4,0].
[[3,7,1,1,1,0,2,3,0],2,0].
[[3,3,2,1,2,2,0,0,0],7,0].
[[1,5,0,1,2,2,1,2,1],3,0].
[[3,8,0,0,0,0,2,1,1],6,2].
[[3,7,0,0,0,0,1,1,2],0,1].
[[2,8,0,1,1,2,2,1,1],7,3].
[[2,5,0,0,0,0,1,2,1],5,0].
[[3,5,0,0,0,0,1,2,1],5,0].
[[3,6,0,1,2,2,2,3,1],3,4].
[[2,7,2,1,1,2,2,3,2],10,1].
[[3,7,0,1,2,2,2,3,2],12,3].
[[1,9,2,1,2,0,2,3,1],3,9].
[[2,9,2,1,1,0,2,3,1],1,0].
[[3,8,0,1,1,0,2,3,1],1,6].
[[2,7,2,1,2,0,2,1,0],1,0].
[[2,8,0,1,1,2,1,1,0],2,4].
[[3,6,1,1,1,2,2,2,2],12,0].
[[2,9,2,1,1,2,2,1,1],7,12].
[[3,8,0,0,0,0,2,1,0],1,9].
[[1,9,2,0,0,0,1,1,1],3,6].
[[3,7,0,1,2,2,1,1,1],2,0].
[[3,9,2,0,0,0,2,2,0],1,14].
[[3,8,0,1,1,0,1,2,1],2,2].
[[1,8,1,0,0,0,1,1,0],7,4].
[[2,8,0,1,2,0,1,2,0],4,6].
[[3,3,2,1,2,2,1,2,2],6,0].
[[1,4,2,1,2,0,2,3,2],16,0].
[[2,4,2,1,2,0,2,3,2],40,0].
[[2,7,2,1,2,0,1,1,2],3,0].
[[3,7,2,1,2,0,1,1,2],9,2].
[[2,6,0,1,2,2,2,2,0],0,3].
[[3,6,0,1,2,2,2,2,0],1,3].
[[3,7,1,1,2,2,2,1,0],9,1].
[[2,8,1,1,1,0,1,1,2],0,1].
[[3,7,1,1,1,2,1,1,0],5,0].
[[3,8,1,1,1,2,2,1,0],6,2].
[[2,7,2,1,1,0,1,1,2],2,0].
[[3,3,2,1,1,0,1,1,2],3,0].
[[3,7,2,1,2,2,2,2,1],3,1].
[[2,7,0,1,2,2,1,2,2],1,2].
[[3,6,1,1,2,2,1,1,0],1,0].
[[1,8,0,0,0,0,2,1,1],4,1].
[[2,8,1,1,2,0,2,1,0],8,2].
[[1,6,1,1,2,2,2,1,1],5,0].
[[2,6,1,1,2,2,2,1,1],5,0].
[[3,6,1,1,2,2,2,1,1],6,0].
[[3,8,1,1,2,0,2,1,0],5,4].
[[2,9,2,1,2,0,2,2,1],3,2].
[[3,9,2,1,2,0,2,2,1],1,2].
[[3,8,1,0,0,0,2,1,1],7,4].
[[2,9,2,1,2,0,0,0,0],0,8].
[[3,7,1,1,1,0,1,2,2],1,4].
[[3,6,0,1,2,2,1,1,1],1,0].
[[3,6,1,0,0,0,2,3,1],6,0].
[[3,9,2,1,1,2,2,1,1],1,11].
[[2,8,1,1,1,0,2,1,1],3,0].
[[3,7,2,1,1,2,2,3,1],3,1].
[[3,7,0,1,1,2,2,3,1],5,1].
[[3,7,2,1,2,0,2,2,0],5,0].
[[2,7,1,1,2,0,2,3,2],8,2].
[[1,8,1,1,1,2,2,2,1],13,5].
[[3,6,1,1,1,2,2,2,1],2,0].
[[2,8,1,1,2,2,1,1,2],27,7].
[[3,7,2,1,2,2,1,1,2],8,5].
[[2,5,0,1,2,0,1,1,1],10,1].
[[2,7,1,0,0,0,2,3,0],8,1].
[[3,7,1,0,0,0,2,3,0],6,0].
[[1,5,0,1,1,2,1,2,1],2,0].
[[2,5,0,1,1,2,1,2,1],3,0].
[[3,9,2,1,2,0,1,1,0],8,16].
[[1,9,2,1,2,0,2,1,1],0,4].
[[2,5,0,1,1,0,1,1,1],0,1].
[[2,9,2,1,2,0,2,3,1],4,5].
[[3,7,0,0,0,0,2,1,1],0,1].
[[3,8,1,1,1,0,1,1,1],5,7].
[[3,8,0,0,0,0,1,1,0],4,6].
[[3,2,1,1,2,0,0,0,0],3,0].
[[2,8,1,1,1,0,1,1,1],0,1].
[[2,4,2,1,2,0,2,3,1],21,1].
[[1,3,2,0,0,0,0,0,0],10,0].
[[2,3,2,1,2,0,0,0,0],6,0].
[[3,3,2,1,1,0,2,3,2],1,0].
[[3,8,1,1,1,0,2,3,1],2,7].
[[3,9,2,1,1,0,1,1,2],1,3].
[[2,8,0,1,2,0,2,3,1],4,9].
[[3,8,0,1,2,0,2,3,1],7,6].
[[3,6,1,1,1,2,2,1,1],6,0].
[[2,7,1,0,0,0,1,1,1],2,0].
[[2,8,1,1,1,0,1,2,1],1,1].
[[3,7,2,1,1,0,1,2,1],2,0].
[[3,6,1,0,0,0,1,1,2],1,0].
[[1,2,1,0,0,0,0,0,0],2,0].
[[2,2,1,0,0,0,0,0,0],4,0].
[[3,2,1,1,2,2,0,0,0],1,0].
[[3,7,2,0,0,0,2,3,1],4,0].
[[2,4,2,1,2,0,1,1,0],16,0].
[[3,9,2,1,1,0,1,2,1],2,3].
[[3,7,0,0,0,0,2,2,0],2,3].
[[2,6,1,0,0,0,2,2,2],14,1].
[[1,8,0,1,2,2,1,1,1],1,0].
[[1,8,0,0,0,0,2,1,0],7,10].
[[3,3,2,1,2,0,1,2,1],2,0].
[[3,7,2,1,1,0,2,1,0],1,0].
[[1,8,1,1,2,2,1,2,0],13,2].
[[2,3,1,0,0,0,0,0,0],9,0].
[[1,9,2,1,1,2,2,1,1],9,4].
[[2,7,1,1,2,0,2,2,0],2,0].
[[1,9,2,1,1,2,1,1,1],4,4].
[[3,2,0,1,2,2,2,2,0],0,1].
[[3,9,2,1,2,2,2,1,1],5,9].
[[3,6,0,1,1,2,0,0,0],2,8].
[[3,8,0,1,1,0,2,3,0],0,10].
[[1,8,0,1,1,2,2,2,0],8,3].
[[3,9,2,0,0,0,2,1,0],0,3].
[[3,6,1,1,1,2,1,2,1],4,0].
[[3,3,1,1,2,2,2,1,1],4,0].
[[2,1,1,1,2,0,1,2,2],1,0].
[[3,1,1,1,2,0,1,2,2],1,0].
[[1,6,1,0,0,0,2,3,2],9,0].
[[3,6,0,0,0,0,0,0,0],0,2].
[[3,7,1,1,2,0,1,1,2],5,3].
[[2,8,1,0,0,0,2,3,0],40,14].
[[1,8,0,1,1,2,2,3,0],12,5].
[[1,8,1,1,2,0,1,1,1],4,1].
[[1,8,0,1,2,2,2,1,1],6,3].
[[2,7,1,1,2,2,1,2,2],15,4].
[[3,8,1,0,0,0,2,1,0],3,0].
[[3,3,2,1,2,2,2,2,2],4,0].
[[2,6,1,1,1,2,2,1,1],4,0].
[[1,7,1,1,2,2,2,3,1],4,3].
[[1,4,2,1,2,0,2,3,0],8,1].
[[2,6,1,1,2,0,2,2,0],1,0].
[[3,3,1,1,2,2,2,2,0],3,0].
[[3,8,0,1,1,0,1,2,0],3,4].
[[2,5,0,0,0,0,1,2,0],2,0].
[[2,7,1,1,2,0,2,1,1],3,0].
[[3,7,2,1,1,2,1,1,1],2,3].
[[2,9,2,1,1,0,2,3,0],2,5].
[[2,7,2,0,0,0,2,3,0],1,0].
[[3,7,2,0,0,0,1,2,0],3,0].
[[3,8,1,1,1,0,1,2,0],13,6].
[[3,7,1,1,1,2,2,1,0],8,4].
[[2,5,0,1,2,0,1,2,1],1,1].
[[3,5,0,1,1,0,1,2,1],2,2].
[[2,6,1,1,2,0,0,0,0],4,0].
[[3,7,0,0,0,0,0,0,0],0,3].
[[2,7,0,0,0,0,2,3,2],0,1].
[[3,7,0,0,0,0,2,3,2],0,4].
[[2,9,2,1,1,0,0,0,0],0,1].
[[3,9,2,1,1,0,2,3,0],0,8].
[[1,9,2,1,1,2,1,2,1],11,4].
[[2,4,2,1,2,0,1,1,1],4,0].
[[1,8,0,1,2,2,1,2,0],7,1].
[[3,7,0,1,1,2,1,2,0],3,1].
[[2,7,1,0,0,0,2,1,0],3,0].
[[3,7,1,0,0,0,2,1,0],2,1].
[[3,5,0,0,0,0,2,2,0],10,0].
[[1,6,1,0,0,0,2,2,1],7,0].
[[2,3,1,1,2,2,2,2,1],1,0].
[[3,3,1,1,2,2,1,2,1],3,0].
[[3,7,1,1,2,0,2,3,0],9,1].
[[3,7,1,1,1,0,2,1,0],1,1].
[[1,8,0,1,1,2,2,3,1],2,1].
[[3,6,1,0,0,0,2,2,2],7,0].
[[1,8,0,0,0,0,1,1,1],1,2].
[[2,8,0,0,0,0,1,1,1],1,1].
[[2,5,0,1,1,2,1,2,0],4,0].
[[3,9,2,1,1,2,2,3,1],5,7].
[[3,6,0,0,0,0,2,2,0],2,2].
[[2,4,2,1,2,0,2,1,1],6,0].
[[1,8,0,0,0,0,1,1,2],3,2].
[[3,8,0,1,1,0,2,3,2],3,9].
[[3,7,1,1,2,0,0,0,0],7,4].
[[3,7,1,0,0,0,0,0,0],7,1].
[[3,7,2,1,1,2,2,3,0],4,0].
[[3,3,1,1,1,2,2,3,1],3,0].
[[1,4,2,1,2,0,1,1,2],6,0].
[[2,4,2,1,2,0,1,1,2],13,0].
[[3,3,1,1,2,2,1,2,2],2,1].
[[2,6,0,0,0,0,2,2,0],0,2].
[[2,6,1,0,0,0,1,2,1],3,0].
[[3,8,0,1,2,0,2,1,1],2,4].
[[2,6,1,1,2,2,2,3,0],9,0].
[[3,8,0,1,1,0,1,1,2],0,1].
[[3,6,1,1,2,0,1,2,1],1,0].
[[3,6,1,1,2,0,2,2,0],3,0].
[[3,7,2,0,0,0,1,1,2],2,0].
[[2,7,1,1,2,2,1,1,1],2,3].
[[2,3,2,0,0,0,1,1,2],1,0].
[[3,3,2,0,0,0,1,1,2],1,0].
[[3,3,1,0,0,0,0,0,0],7,0].
[[3,7,1,1,2,0,1,2,0],10,1].
[[3,7,0,1,2,2,1,1,0],2,1].
[[1,6,0,0,0,0,2,3,2],2,0].
[[2,6,0,1,2,2,2,3,2],7,4].
[[3,9,2,1,2,0,2,1,0],1,7].
[[3,7,2,1,1,2,1,1,0],2,0].
[[2,7,0,1,2,2,2,3,2],7,2].
[[3,7,0,1,1,2,2,1,0],3,1].
[[2,9,2,1,2,0,1,1,1],2,3].
[[3,8,1,0,0,0,2,2,0],6,1].
[[1,6,1,1,2,2,2,3,1],3,0].
[[2,6,0,0,0,0,2,3,1],0,1].
[[3,6,0,1,2,0,2,3,1],0,1].
[[3,6,1,1,2,2,1,1,1],5,1].
[[1,7,2,1,2,0,2,2,0],1,0].
[[3,7,0,1,2,2,1,2,0],6,0].
[[2,6,1,0,0,0,1,2,0],3,0].
[[3,3,2,0,0,0,1,2,0],1,0].
[[2,6,0,1,1,2,0,0,0],2,5].
[[1,4,2,1,2,0,1,2,0],5,0].
[[1,8,0,1,2,2,1,2,1],2,2].
[[3,7,2,1,1,0,2,3,1],0,2].
[[2,7,0,1,1,2,2,2,0],1,0].
[[3,5,0,1,2,0,1,2,1],6,0].
[[3,3,1,1,1,2,0,0,0],1,1].
[[2,6,1,0,0,0,2,2,1],5,2].
[[3,6,1,0,0,0,2,2,1],4,0].
[[1,8,1,1,2,0,1,2,2],4,2].
[[3,7,0,1,2,0,2,2,1],0,2].
[[2,8,1,1,1,0,2,2,1],4,0].
[[3,6,1,1,1,0,1,2,2],2,1].
[[3,3,2,0,0,0,1,2,2],2,0].
[[3,7,2,1,2,0,2,1,0],1,0].
[[2,6,1,1,2,2,2,2,0],2,0].
[[3,9,2,0,0,0,2,2,2],1,11].
[[3,3,2,1,2,2,1,2,1],1,0].
[[1,5,0,0,0,0,1,2,1],2,0].
[[3,6,1,1,2,2,2,2,1],10,0].
[[3,8,1,1,1,0,0,0,0],1,1].
[[3,5,0,0,0,0,1,2,0],5,0].
[[1,9,2,1,2,0,1,1,0],1,3].
[[2,3,1,0,0,0,2,2,2],2,0].
[[3,3,1,0,0,0,1,2,2],2,0].
[[3,6,0,1,1,2,2,3,0],8,3].
[[2,9,2,1,1,0,1,2,0],1,4].
[[3,6,1,1,1,0,2,3,2],2,0].
[[3,6,0,1,1,2,1,2,0],4,0].
[[1,7,1,1,2,2,2,1,0],1,1].
[[2,7,2,1,2,2,2,1,0],0,1].
[[3,7,0,0,0,0,1,2,1],1,0].
[[1,7,1,1,2,2,2,2,1],2,2].
[[1,3,2,0,0,0,2,3,2],2,0].
[[2,3,2,1,2,2,2,3,2],2,0].
[[3,3,2,1,1,2,2,3,2],1,0].
[[3,7,1,1,1,0,2,2,2],5,4].
[[1,8,1,1,1,2,1,1,1],4,1].
[[2,6,1,1,1,2,2,2,2],2,0].
[[2,8,0,1,2,0,2,1,1],0,4].
[[2,5,0,1,1,0,2,2,0],1,0].
[[2,9,2,1,2,0,2,1,1],2,1].
[[1,4,2,1,2,0,2,3,1],6,1].
[[2,6,1,1,2,2,2,2,1],6,0].
[[3,7,1,1,1,0,2,1,1],0,1].
[[1,4,2,1,2,0,1,1,0],4,0].
[[2,9,2,1,1,0,2,2,2],2,3].
[[2,6,1,1,2,0,2,2,2],5,0].
[[3,6,1,1,1,0,2,2,2],1,0].
[[3,7,2,1,1,2,1,2,0],5,0].
[[2,5,0,1,1,2,1,2,2],2,0].
[[3,5,0,1,1,2,1,2,2],4,0].
[[3,7,0,0,0,0,1,2,0],1,1].
[[2,6,0,1,2,2,2,2,1],0,1].
[[3,2,1,0,0,0,0,0,0],3,0].
[[3,6,1,1,2,2,2,1,0],3,0].
[[3,3,1,1,2,0,2,3,0],1,0].
[[3,8,0,0,0,0,0,0,0],0,5].
[[3,6,0,1,2,0,2,2,2],0,3].
[[3,8,1,1,2,0,2,3,0],3,4].
[[2,6,1,1,2,2,1,2,1],7,0].
[[2,7,2,1,2,0,2,2,1],2,0].
[[2,8,1,1,2,0,1,1,2],6,5].
[[3,7,1,0,0,0,2,2,0],5,2].
[[3,9,2,0,0,0,2,3,1],2,2].
[[3,3,2,1,2,2,1,1,2],1,0].
[[1,8,0,1,1,2,2,1,1],2,1].
[[3,7,0,1,1,2,2,1,1],2,0].
[[3,7,0,1,2,0,1,1,2],0,1].
[[3,3,1,1,1,2,2,2,2],4,0].
[[3,3,1,0,0,0,1,2,1],2,0].
[[3,3,2,1,2,0,1,2,2],3,0].
[[2,9,2,1,1,0,2,2,1],0,4].
[[3,9,2,1,1,0,2,2,1],0,4].
[[2,7,1,1,1,2,2,1,0],2,0].
[[3,7,2,1,1,2,2,2,1],2,0].
[[3,9,2,1,1,0,2,3,2],1,7].
[[3,7,2,0,0,0,1,1,1],0,1].
[[3,7,1,0,0,0,1,1,2],3,1].
[[3,7,2,0,0,0,1,1,0],1,0].
[[2,5,0,1,2,0,1,1,2],6,1].
[[3,3,1,0,0,0,2,3,1],2,0].
[[2,9,2,1,1,0,2,2,0],0,3].
[[3,3,1,0,0,0,2,3,0],3,0].
[[1,7,1,0,0,0,1,2,1],1,0].
[[2,7,1,1,2,2,1,2,1],10,0].
[[1,5,0,1,2,2,1,1,2],5,0].
[[3,9,2,1,2,0,2,1,1],1,3].
[[2,2,1,1,2,2,2,3,1],1,0].
[[3,2,1,1,2,2,2,3,1],1,0].
[[3,3,2,1,2,0,2,3,1],1,0].
[[3,6,1,1,1,0,1,1,2],0,1].
[[1,6,1,1,2,2,2,2,1],1,0].
[[3,7,2,1,1,0,2,2,1],0,1].
[[3,3,1,0,0,0,1,2,0],1,0].
[[2,7,0,1,1,2,2,3,0],2,2].
[[2,7,2,1,1,2,1,1,2],1,0].
[[3,7,2,1,1,2,1,1,2],3,0].
[[1,7,1,0,0,0,2,2,0],2,0].
[[3,7,0,1,2,0,2,3,1],0,1].
[[2,9,2,1,1,0,2,3,2],3,4].
[[2,7,2,1,1,2,0,0,0],5,0].
[[2,7,0,1,2,2,2,1,0],1,1].
[[3,6,0,0,0,0,2,3,1],0,1].
[[2,6,1,1,2,2,1,2,0],2,0].
[[3,3,1,1,1,2,2,3,2],3,0].
[[1,8,0,1,1,2,2,1,0],4,0].
[[1,8,0,1,1,2,1,2,0],2,2].
[[2,7,2,1,2,2,2,2,1],3,1].
[[3,3,1,1,2,2,1,2,0],2,0].
[[2,5,0,1,2,0,1,2,0],2,0].
[[3,5,0,1,1,0,1,2,0],3,0].
[[3,6,1,1,2,0,1,1,2],2,1].
[[3,7,0,1,1,2,1,1,0],1,0].
[[3,7,0,1,2,0,2,2,2],2,0].
[[2,7,2,1,2,2,2,2,0],4,0].
[[1,8,0,0,0,0,1,2,0],3,0].
[[2,6,1,1,1,2,2,3,1],2,0].
[[3,9,2,1,1,2,0,0,0],0,2].
[[3,6,1,0,0,0,1,2,0],4,0].
[[3,6,1,1,2,0,2,2,1],2,2].
[[1,6,1,1,2,2,2,2,2],2,0].
[[3,8,1,1,2,2,0,0,0],0,3].
[[3,6,0,0,0,0,2,2,2],2,1].
[[2,7,2,1,1,2,1,2,2],2,1].
[[3,3,2,1,2,0,2,2,1],2,0].
[[1,6,1,0,0,0,2,3,0],3,0].
[[2,8,1,1,1,0,1,2,0],1,3].
[[2,3,2,1,2,0,2,2,2],1,0].
[[1,6,1,1,2,2,2,3,2],4,0].
[[2,1,2,1,2,0,1,1,2],1,0].
[[3,1,2,1,2,0,1,1,2],1,0].
[[1,5,0,0,0,0,1,2,0],2,0].
[[1,6,1,1,2,2,2,2,0],1,0].
[[3,3,1,1,2,0,2,2,2],2,0].
[[3,5,0,1,1,0,2,2,0],0,1].
[[3,9,2,1,2,0,2,3,1],1,2].
[[3,9,2,0,0,0,2,2,1],1,3].
[[2,6,1,1,2,0,2,3,1],1,0].
[[3,3,1,1,2,0,2,3,1],1,0].
[[3,7,1,1,1,0,1,1,1],0,1].
[[3,8,1,1,1,0,2,2,1],3,2].
[[3,7,2,1,1,2,0,0,0],4,0].
[[3,6,1,1,2,2,2,2,0],6,0].
[[2,7,1,1,1,2,1,1,1],3,1].
[[3,3,1,1,1,2,1,1,1],2,0].
[[3,7,0,1,1,2,1,1,2],0,1].
[[1,5,0,1,2,0,1,1,1],3,0].
[[2,7,0,1,1,2,1,2,1],1,0].
[[3,8,0,1,1,0,2,1,0],0,2].
[[3,6,1,1,2,0,2,3,0],3,1].
[[3,8,0,1,1,0,1,1,0],2,0].
[[3,8,0,1,1,0,2,2,1],0,1].
[[3,6,1,0,0,0,2,2,0],5,0].
[[2,7,0,0,0,0,2,3,0],1,1].
[[1,7,2,1,2,2,2,2,0],2,0].
[[2,3,2,1,2,2,2,2,0],1,0].
[[3,3,2,1,1,2,2,2,2],1,0].
[[2,7,2,1,1,2,2,3,0],1,0].
[[3,7,1,1,1,0,2,3,1],0,2].
[[2,5,0,1,1,0,1,1,2],1,0].
[[3,7,0,0,0,0,2,1,0],0,2].
[[3,7,2,1,2,0,0,0,0],4,0].
[[1,7,1,0,0,0,2,2,1],3,0].
[[3,8,1,1,1,2,0,0,0],1,1].
[[3,7,2,1,2,0,2,2,1],2,0].
[[2,8,1,1,1,0,2,2,0],1,1].
[[3,7,1,1,1,0,2,2,0],1,1].
[[3,6,0,1,1,2,1,2,2],3,1].
[[1,6,1,0,0,0,2,1,0],3,0].
[[2,6,1,0,0,0,2,3,0],8,0].
[[2,6,0,0,0,0,0,0,0],0,4].
[[3,6,0,1,2,0,0,0,0],0,1].
[[3,6,1,0,0,0,1,1,1],4,0].
[[3,6,1,0,0,0,2,1,0],1,0].
[[2,7,2,0,0,0,1,1,2],1,0].
[[3,7,1,1,1,0,1,2,0],2,1].
[[3,6,1,1,2,0,1,1,1],1,0].
[[3,6,1,1,2,2,1,1,2],2,1].
[[3,6,1,1,1,2,2,1,0],0,1].
[[2,6,1,0,0,0,2,1,0],1,0].
[[1,7,2,0,0,0,2,2,1],1,0].
[[2,7,2,1,2,0,1,1,0],1,0].
[[3,7,2,1,2,0,1,1,0],1,1].
[[2,1,2,1,2,0,1,1,1],1,0].
[[2,6,0,0,0,0,2,3,0],2,0].
[[1,6,1,1,2,2,2,1,0],2,0].
[[2,3,1,1,2,2,2,1,0],1,0].
[[3,3,1,1,2,2,2,1,0],2,0].
[[3,6,0,1,2,0,2,1,0],0,1].
[[1,4,2,1,2,0,2,1,0],4,0].
[[1,7,2,1,2,0,1,2,2],1,0].
[[3,7,2,1,2,0,1,2,0],3,0].
[[2,7,0,0,0,0,2,1,0],0,2].
[[3,7,0,1,2,0,1,2,0],1,1].
[[1,8,1,1,1,2,1,1,2],3,0].
[[2,7,1,1,1,2,1,1,2],2,0].
[[3,9,2,1,1,0,2,2,2],0,2].
[[1,8,1,1,1,2,1,2,0],3,0].
[[2,7,1,1,1,2,1,2,0],3,0].
[[3,9,2,1,1,0,1,1,1],0,1].
[[3,6,0,1,2,0,1,2,1],0,1].
[[3,9,2,1,1,0,2,1,0],0,1].
[[2,6,1,1,1,2,2,3,2],5,0].
[[1,8,0,1,2,2,1,1,0],0,2].
[[3,6,0,0,0,0,2,3,0],1,1].
[[2,6,1,1,2,2,1,1,1],2,0].
[[3,7,2,1,2,0,1,1,1],2,2].
[[1,8,1,1,2,0,1,2,0],0,1].
[[3,6,1,1,1,0,1,2,0],0,1].
[[2,8,1,1,1,0,2,3,0],1,1].
[[2,7,2,0,0,0,1,2,0],0,1].
[[3,3,1,0,0,0,2,2,1],3,0].
[[3,7,2,1,2,0,2,3,0],1,0].
[[2,7,0,1,2,2,2,1,1],1,0].
[[2,8,0,1,2,0,1,1,0],0,1].
[[3,7,1,1,2,0,1,1,0],1,0].
[[3,3,1,1,2,0,2,3,2],2,0].
[[3,6,0,1,2,0,2,2,0],0,1].
[[3,6,1,1,1,2,0,0,0],3,1].
[[2,6,0,1,2,2,2,1,1],1,0].
[[3,6,0,1,2,2,2,1,1],1,0].
[[2,7,2,0,0,0,1,1,0],1,0].
[[2,6,0,1,1,2,2,3,0],3,0].
[[3,3,1,1,1,2,2,3,0],2,0].
[[3,8,1,1,1,0,2,2,0],2,0].
[[3,7,2,1,1,0,1,1,2],0,1].
[[2,6,0,1,1,2,2,2,1],1,0].
[[2,7,2,1,1,0,1,1,1],0,1].
[[2,7,0,1,1,2,2,1,1],1,0].
[[2,9,2,1,1,0,1,1,0],0,2].
[[1,8,1,1,2,0,1,1,0],1,0].
[[2,7,1,1,2,0,1,1,0],1,0].
[[3,7,0,1,2,0,2,1,1],0,1].
[[1,6,0,1,2,2,2,3,2],0,1].
[[2,7,1,1,2,2,1,1,0],1,1].
[[2,3,1,0,0,0,2,2,1],1,0].
[[2,9,2,1,1,0,1,2,1],1,2].
[[3,6,0,1,2,2,1,2,1],0,1].
[[3,9,2,0,0,0,2,1,1],1,1].
[[2,3,1,1,2,2,2,1,1],3,0].
[[1,5,0,1,1,2,1,1,1],2,0].
[[1,5,0,1,1,2,1,1,2],2,0].
[[3,1,2,1,2,0,2,2,0],3,0].
[[3,3,1,1,2,0,2,2,1],2,0].
[[3,6,1,1,2,0,1,1,0],1,1].
[[1,8,1,1,2,0,1,1,2],1,0].
[[1,8,1,1,2,0,1,2,1],2,1].
[[3,5,0,1,1,0,1,2,2],0,1].
[[3,6,1,0,0,0,2,1,1],2,0].
[[2,6,1,1,2,2,2,1,0],3,0].
[[3,3,1,1,1,2,2,1,0],3,0].
[[3,3,0,1,2,2,0,0,0],0,2].
[[2,6,1,1,2,0,2,3,2],4,0].
[[3,7,0,1,2,2,2,2,1],1,2].
[[2,6,1,1,2,0,2,1,0],1,0].
[[3,7,0,0,0,0,1,1,0],0,1].
[[3,6,1,0,0,0,0,0,0],2,1].
[[3,6,0,0,0,0,1,2,0],2,0].
[[2,7,1,1,2,0,1,2,1],1,0].
[[2,6,0,1,1,2,2,2,0],1,0].
[[3,6,0,1,1,2,2,2,0],1,1].
[[3,6,1,1,1,0,2,3,0],1,0].
[[2,6,1,0,0,0,1,1,1],1,0].
[[2,3,1,1,2,2,2,3,1],1,0].
[[3,2,0,1,2,2,2,1,1],1,0].
[[1,7,2,1,2,0,2,2,2],2,0].
[[2,7,2,1,2,2,1,2,0],1,0].
[[2,5,0,1,1,2,1,1,0],1,0].
[[3,7,2,1,1,0,2,2,0],2,0].
[[3,5,0,0,0,0,1,2,2],1,0].
[[1,7,1,1,2,2,1,2,1],1,0].
[[1,6,1,0,0,0,2,2,0],1,0].
[[3,3,1,1,1,2,2,2,1],1,0].
[[2,6,1,1,2,0,2,2,1],1,0].
[[1,7,1,0,0,0,1,1,1],1,0].
[[1,7,2,1,2,0,1,1,2],1,0].
[[2,7,1,0,0,0,1,1,2],1,0].
[[2,3,2,1,2,2,0,0,0],2,0].
[[3,6,0,1,1,2,2,2,1],0,1].
[[3,7,2,0,0,0,2,3,0],1,0].
[[2,6,1,1,2,0,1,2,1],1,1].
[[3,6,1,1,1,0,1,2,1],0,1].
[[3,8,1,0,0,0,0,0,0],0,2].
[[1,4,2,1,2,0,2,1,1],1,0].
[[1,7,2,1,2,2,2,3,0],1,0].
[[2,7,0,0,0,0,2,2,0],1,0].
[[2,3,2,1,2,0,1,2,1],1,0].
[[2,7,2,0,0,0,2,2,1],1,0].
[[3,3,1,0,0,0,2,3,2],4,0].
[[2,7,2,1,2,0,1,2,1],2,0].
[[2,7,0,1,1,2,2,3,2],1,0].
[[3,4,0,1,2,0,1,2,2],0,1].
[[3,3,1,0,0,0,2,2,0],1,0].
[[3,7,2,1,1,2,1,2,1],0,1].
[[3,3,1,1,2,0,0,0,0],2,0].
[[2,3,2,1,2,2,2,2,1],1,0].
[[3,3,2,1,2,2,2,2,1],1,0].
[[3,7,1,1,1,0,1,1,2],0,1].
[[3,2,1,1,2,2,2,3,2],1,0].
[[2,6,1,1,1,2,2,3,0],1,0].
[[1,5,0,1,2,0,1,1,2],1,0].
[[3,3,2,1,2,2,2,3,0],1,0].
[[2,1,2,1,2,0,2,2,0],1,0].
[[2,3,1,1,2,2,2,2,2],1,0].
[[3,6,0,1,1,2,2,1,0],1,0].
[[3,7,2,1,1,2,2,2,0],0,1].
[[3,6,1,1,1,0,2,3,1],1,0].
[[2,7,1,1,2,0,1,2,2],1,0].
[[3,7,0,1,1,2,2,2,1],1,0].
[[3,8,0,0,0,0,1,1,1],2,0].
[[2,7,2,1,2,2,1,1,2],1,0].
[[3,3,0,1,1,2,2,3,0],0,1].
[[3,7,0,0,0,0,1,2,2],1,0].
[[2,7,2,1,1,2,1,2,0],1,0].
[[3,3,1,1,1,2,2,1,1],2,0].
[[2,3,1,0,0,0,2,3,2],1,0].
[[1,7,2,1,2,2,2,3,1],1,0].
