total_WL(21033,15260).
[[1,9,2,0,0,0,2,1,0],365,311].
[[2,9,2,1,2,1,1,1,0],69,64].
[[3,8,0,1,2,1,1,1,0],93,86].
[[1,7,1,1,2,1,2,3,1],32,10].
[[2,7,1,1,1,1,2,3,1],29,16].
[[3,7,1,1,1,1,2,3,1],152,56].
[[1,8,1,1,1,1,2,3,1],55,17].
[[2,8,1,1,1,1,2,2,1],91,29].
[[3,8,1,1,1,1,2,2,1],87,42].
[[1,9,2,0,0,0,0,0,0],411,1026].
[[2,8,1,0,0,0,2,2,1],515,206].
[[3,8,1,0,0,0,1,2,1],376,131].
[[1,9,2,0,0,0,2,3,1],1394,1655].
[[2,5,0,0,0,0,1,1,1],98,8].
[[3,5,0,0,0,0,1,1,1],109,5].
[[1,9,2,0,0,0,1,2,1],709,618].
[[2,9,2,0,0,0,1,2,1],394,469].
[[3,8,0,1,2,1,1,2,1],383,481].
[[1,9,2,0,0,0,2,1,1],311,332].
[[2,8,0,1,2,1,2,1,1],94,89].
[[3,6,0,1,2,1,2,1,1],6,14].
[[1,8,1,0,0,0,0,0,0],1148,542].
[[2,7,2,0,0,0,0,0,0],88,5].
[[3,7,2,0,0,0,2,1,1],23,1].
[[2,9,2,1,2,1,2,1,0],89,174].
[[3,9,2,1,2,1,2,1,0],9,57].
[[1,8,0,0,0,0,2,2,1],111,110].
[[2,6,0,1,2,1,2,2,1],9,0].
[[3,6,0,1,2,1,1,2,1],25,10].
[[1,9,2,0,0,0,2,3,0],981,931].
[[2,8,0,1,2,1,2,3,0],270,200].
[[3,8,0,1,1,1,1,2,0],84,63].
[[1,8,0,0,0,0,0,0,0],708,683].
[[2,7,0,0,0,0,0,0,0],38,27].
[[3,7,0,0,0,0,2,3,0],32,9].
[[1,9,2,0,0,0,1,2,0],343,238].
[[2,9,2,1,2,0,1,2,0],49,26].
[[3,9,2,1,2,0,1,2,0],22,18].
[[1,8,0,0,0,0,2,2,0],136,75].
[[2,8,0,1,2,1,2,2,0],163,120].
[[1,9,2,1,2,1,2,3,1],566,750].
[[2,8,0,1,2,1,2,3,1],349,366].
[[3,7,1,1,2,1,2,3,1],515,159].
[[3,9,1,0,0,0,1,2,1],46,122].
[[2,9,2,1,2,1,1,2,0],186,125].
[[3,9,2,1,2,1,1,2,0],88,80].
[[3,9,2,1,2,1,1,2,1],215,401].
[[1,8,1,0,0,0,2,3,1],1783,614].
[[2,8,1,0,0,0,2,3,1],933,336].
[[3,8,1,0,0,0,2,3,0],58,49].
[[1,8,1,1,2,1,2,1,1],95,45].
[[2,7,1,1,2,1,2,1,1],45,11].
[[3,7,1,1,1,1,1,2,1],89,32].
[[2,9,2,1,2,1,2,3,1],177,324].
[[3,9,1,1,2,1,2,2,0],22,91].
[[1,8,0,1,2,1,0,0,0],258,232].
[[2,7,0,1,2,1,0,0,0],25,15].
[[3,7,0,1,1,1,2,3,1],23,10].
[[1,8,1,0,0,0,2,2,1],689,225].
[[3,7,2,1,2,1,2,2,1],94,2].
[[1,9,2,0,0,0,2,2,0],635,593].
[[2,9,2,1,2,1,2,2,0],192,256].
[[3,5,0,1,1,1,2,2,0],8,0].
[[2,7,1,0,0,0,2,3,1],338,83].
[[3,7,1,0,0,0,2,3,1],288,85].
[[2,8,1,1,2,1,2,3,1],804,286].
[[3,7,2,1,2,1,2,3,1],199,14].
[[1,9,2,1,2,1,2,3,0],439,377].
[[2,9,1,1,2,1,1,2,0],100,148].
[[3,9,1,1,2,1,1,2,0],168,310].
[[2,8,1,0,0,0,1,2,1],581,206].
[[1,6,1,0,0,0,2,3,1],84,3].
[[2,6,1,0,0,0,2,2,1],57,2].
[[3,3,1,1,2,1,2,2,1],27,3].
[[3,7,1,1,2,1,2,3,0],131,41].
[[2,9,2,1,2,1,2,3,0],271,405].
[[3,9,2,1,2,1,2,3,0],27,128].
[[2,9,2,1,2,1,1,2,1],404,512].
[[3,8,1,1,2,1,1,2,1],875,351].
[[1,9,2,1,2,1,1,2,0],133,111].
[[2,8,0,1,2,1,1,2,0],87,51].
[[2,7,1,0,0,0,2,1,1],74,17].
[[3,7,1,0,0,0,2,1,0],36,10].
[[2,9,1,1,2,1,1,2,1],71,120].
[[1,9,2,1,2,1,1,2,1],351,259].
[[3,8,1,1,1,1,1,2,1],246,134].
[[1,9,2,1,2,1,0,0,0],181,422].
[[2,8,0,1,2,1,0,0,0],81,255].
[[3,8,0,1,1,1,2,3,0],68,120].
[[3,9,1,1,1,1,1,2,0],79,163].
[[3,8,0,1,1,1,2,3,1],62,106].
[[1,9,2,1,2,1,2,2,1],296,284].
[[2,8,1,1,2,1,2,2,1],340,171].
[[3,8,1,1,2,1,2,2,1],276,120].
[[2,8,1,0,0,0,2,2,0],182,74].
[[3,8,1,0,0,0,2,2,0],50,35].
[[2,8,0,1,2,1,1,2,1],200,158].
[[3,7,0,1,2,1,1,2,1],48,25].
[[1,8,1,0,0,0,2,2,0],267,73].
[[2,8,1,1,2,1,1,1,0],48,26].
[[3,8,1,1,2,1,1,1,0],104,59].
[[2,8,1,1,2,1,2,1,1],198,69].
[[3,8,1,1,1,1,2,3,1],145,82].
[[2,9,2,0,0,0,2,2,0],178,261].
[[3,8,0,0,0,0,2,2,0],78,95].
[[2,8,1,1,2,0,2,3,1],206,126].
[[3,7,1,1,2,0,2,3,1],163,70].
[[1,8,0,0,0,0,1,2,1],64,45].
[[2,6,0,0,0,0,1,2,1],8,2].
[[3,3,1,1,2,0,1,2,1],4,0].
[[2,9,2,0,0,0,2,3,1],188,291].
[[3,9,2,0,0,0,1,2,1],66,143].
[[2,9,2,1,2,0,0,0,0],2,46].
[[3,9,2,1,1,0,2,3,0],0,10].
[[2,9,2,0,0,0,2,3,0],256,440].
[[3,9,1,1,2,1,1,2,1],113,308].
[[1,8,0,0,0,0,2,1,1],62,56].
[[2,8,0,0,0,0,2,1,1],79,91].
[[1,9,2,1,2,1,2,1,1],166,174].
[[2,9,1,1,2,1,2,2,1],35,78].
[[1,8,1,1,2,1,2,2,1],194,71].
[[2,8,1,1,2,1,1,1,1],91,75].
[[3,8,1,1,2,1,1,1,1],173,137].
[[3,8,0,1,2,0,2,3,1],60,72].
[[3,9,1,1,2,1,2,3,0],19,118].
[[1,8,1,1,2,1,2,2,0],99,21].
[[2,8,1,1,2,1,2,2,0],172,68].
[[1,9,2,0,0,0,1,1,1],111,74].
[[3,5,0,1,2,0,1,1,1],90,14].
[[2,8,1,1,2,1,2,3,0],221,106].
[[2,8,1,0,0,0,2,1,1],238,80].
[[3,8,1,1,2,0,1,1,1],72,67].
[[2,8,0,0,0,0,2,3,0],320,216].
[[3,8,0,0,0,0,2,3,0],92,160].
[[2,7,2,1,2,1,2,3,1],182,16].
[[2,9,1,0,0,0,2,3,1],55,69].
[[3,8,1,0,0,0,2,3,1],181,72].
[[1,9,2,0,0,0,1,1,0],93,146].
[[3,9,1,1,1,1,1,1,0],10,53].
[[2,9,1,1,2,0,2,2,0],3,9].
[[3,9,1,1,1,0,1,2,0],8,38].
[[1,7,2,1,2,1,2,3,1],42,3].
[[2,7,2,1,2,1,2,2,1],59,3].
[[3,7,2,1,1,1,2,2,1],32,2].
[[2,8,0,0,0,0,2,3,1],391,396].
[[3,8,0,0,0,0,2,3,1],78,102].
[[2,8,1,0,0,0,2,1,0],100,41].
[[3,8,1,1,2,0,2,3,1],125,70].
[[1,8,1,0,0,0,2,1,0],149,46].
[[3,8,1,1,2,1,2,1,0],51,38].
[[2,9,2,0,0,0,1,2,0],196,135].
[[3,7,2,0,0,0,1,2,1],115,6].
[[1,9,2,1,1,1,2,3,0],61,35].
[[2,8,0,1,1,1,2,3,0],47,21].
[[1,9,2,0,0,0,2,2,1],631,728].
[[2,9,2,0,0,0,2,2,1],125,196].
[[3,9,1,1,2,1,2,3,1],36,90].
[[3,8,1,0,0,0,2,2,1],152,55].
[[1,8,1,1,2,1,1,1,1],19,19].
[[3,7,1,1,2,1,1,1,1],71,32].
[[2,5,0,0,0,0,1,1,0],34,2].
[[3,5,0,1,2,0,1,1,0],38,6].
[[1,8,0,1,2,1,2,3,0],69,40].
[[3,8,0,1,2,1,1,2,0],274,175].
[[2,4,1,1,2,0,2,3,1],25,10].
[[3,4,1,1,2,0,2,3,1],81,13].
[[1,3,2,0,0,0,0,0,0],32,0].
[[2,3,2,0,0,0,0,0,0],34,0].
[[3,3,2,0,0,0,2,3,1],39,0].
[[3,8,0,1,2,1,2,1,1],65,99].
[[1,8,1,1,2,0,0,0,0],57,39].
[[2,8,1,1,2,0,2,2,0],47,29].
[[3,8,1,1,2,0,2,1,0],22,17].
[[3,7,0,1,2,0,2,2,0],4,7].
[[3,8,0,1,2,1,2,3,0],217,412].
[[1,8,1,0,0,0,1,1,0],28,16].
[[2,8,1,1,2,0,1,1,0],10,17].
[[3,8,1,1,1,0,1,1,0],4,13].
[[1,8,0,0,0,0,2,3,0],232,117].
[[3,7,1,1,1,1,1,2,0],26,4].
[[2,9,1,1,2,1,1,1,0],29,64].
[[3,7,0,1,2,0,2,3,1],14,12].
[[1,8,0,1,2,1,2,3,1],185,125].
[[2,7,1,0,0,0,0,0,0],216,94].
[[1,7,2,0,0,0,2,3,1],189,13].
[[2,7,2,0,0,0,2,3,1],196,15].
[[3,7,2,1,2,1,1,2,1],226,28].
[[2,8,0,0,0,0,2,2,1],179,163].
[[3,8,0,1,2,1,0,0,0],1,104].
[[3,8,1,1,2,0,1,2,1],292,139].
[[1,9,2,1,2,1,2,2,0],293,235].
[[2,9,2,0,0,0,1,1,1],61,72].
[[3,8,0,1,2,0,1,1,1],24,22].
[[3,5,0,1,2,1,1,2,0],137,7].
[[3,9,1,1,1,1,1,1,1],21,36].
[[3,8,1,1,2,1,1,2,0],259,79].
[[2,9,1,0,0,0,1,2,0],93,155].
[[3,9,1,0,0,0,1,2,0],79,142].
[[3,7,1,0,0,0,2,2,1],173,53].
[[1,9,2,1,2,0,2,3,1],56,101].
[[2,9,2,1,2,0,2,2,1],24,62].
[[3,9,1,1,2,1,2,2,1],30,90].
[[3,8,0,1,2,0,2,2,0],39,60].
[[1,8,0,1,2,1,2,2,0],50,28].
[[2,8,0,1,1,1,0,0,0],28,36].
[[3,4,1,1,2,0,0,0,0],6,1].
[[1,8,1,0,0,0,1,1,1],65,60].
[[2,8,1,0,0,0,1,1,1],116,83].
[[3,7,2,0,0,0,1,1,1],21,9].
[[1,8,0,1,2,1,2,2,1],51,35].
[[2,8,0,1,2,1,2,2,1],171,155].
[[2,8,0,1,2,0,2,1,0],12,10].
[[3,8,0,1,2,0,1,2,0],71,55].
[[3,8,1,1,2,1,2,2,0],104,87].
[[2,8,1,1,1,1,0,0,0],5,7].
[[3,7,1,1,1,1,0,0,0],6,14].
[[3,7,0,0,0,0,2,1,1],10,6].
[[2,9,2,1,1,1,1,1,1],25,20].
[[3,8,1,1,1,1,1,1,1],70,63].
[[1,8,0,0,0,0,2,3,1],507,411].
[[3,8,0,1,2,1,2,2,0],142,239].
[[3,9,2,1,2,1,2,2,0],23,89].
[[2,6,0,1,2,1,2,3,1],20,8].
[[3,3,1,1,1,1,2,3,1],12,2].
[[2,8,0,1,2,1,1,1,1],33,30].
[[3,9,1,1,2,0,1,2,0],56,110].
[[2,9,2,1,2,1,1,1,1],83,88].
[[3,9,1,1,1,1,1,2,1],39,157].
[[2,8,0,0,0,0,1,2,1],199,160].
[[3,8,0,0,0,0,1,2,1],154,198].
[[1,8,1,0,0,0,2,1,1],318,91].
[[2,7,2,0,0,0,2,1,1],41,3].
[[2,9,1,1,2,1,2,3,1],32,60].
[[2,9,2,1,2,0,2,3,1],36,77].
[[3,9,2,1,1,0,1,2,1],6,38].
[[2,8,0,1,1,1,2,1,1],9,12].
[[3,7,0,1,1,1,2,1,1],6,2].
[[3,9,1,0,0,0,2,3,0],4,48].
[[1,8,0,1,2,1,1,2,1],23,14].
[[2,8,0,1,1,1,1,2,1],27,23].
[[1,8,1,1,2,1,0,0,0],343,157].
[[3,7,1,1,2,1,2,1,1],156,42].
[[2,9,2,1,1,1,1,2,1],101,127].
[[2,8,0,1,2,0,2,1,1],7,12].
[[3,8,0,1,2,0,2,1,1],16,23].
[[2,9,1,0,0,0,1,1,0],29,70].
[[3,9,1,0,0,0,1,1,0],23,72].
[[2,8,0,0,0,0,0,0,0],84,263].
[[2,5,0,1,2,1,1,1,0],24,6].
[[3,5,0,1,1,1,1,1,0],44,10].
[[2,8,1,1,2,1,1,2,1],481,169].
[[3,8,0,0,0,0,0,0,0],1,53].
[[1,9,2,1,1,1,0,0,0],40,34].
[[2,9,1,1,1,1,2,1,0],9,6].
[[2,9,2,1,2,1,0,0,0],16,127].
[[3,8,0,1,2,1,2,3,1],182,291].
[[1,8,1,1,2,1,2,3,1],583,186].
[[2,6,1,0,0,0,2,3,1],158,4].
[[3,6,1,1,2,1,1,2,1],96,1].
[[1,9,2,1,2,1,1,1,1],43,40].
[[3,7,1,1,1,1,1,1,1],15,14].
[[2,9,2,1,2,1,2,1,1],44,101].
[[2,7,0,0,0,0,2,3,1],27,16].
[[3,7,0,1,2,0,1,2,1],8,5].
[[3,8,1,1,2,1,2,3,1],382,186].
[[2,9,2,1,2,1,2,2,1],121,224].
[[2,9,2,0,0,0,2,1,0],96,137].
[[2,9,1,1,1,1,1,2,0],34,30].
[[3,8,0,0,0,0,2,1,1],25,39].
[[2,8,1,1,1,1,2,3,1],153,61].
[[2,6,1,0,0,0,0,0,0],93,6].
[[3,6,1,1,2,1,2,3,1],148,3].
[[3,8,1,0,0,0,2,1,1],61,27].
[[1,8,1,1,2,1,2,3,0],93,36].
[[2,8,1,1,2,1,1,2,0],106,37].
[[2,8,0,0,0,0,1,2,0],106,53].
[[3,8,0,0,0,0,1,2,0],130,63].
[[2,7,1,1,2,1,2,3,1],239,68].
[[3,7,1,1,2,1,1,2,0],77,4].
[[1,9,2,1,2,0,2,3,0],37,52].
[[2,9,2,1,2,0,2,3,0],55,112].
[[3,8,1,1,2,0,2,3,0],62,42].
[[2,8,0,1,2,0,2,2,0],25,16].
[[3,8,0,1,1,0,1,2,0],11,17].
[[1,8,1,1,2,1,1,2,1],118,43].
[[2,8,1,1,1,1,1,2,1],95,32].
[[3,5,0,1,1,1,1,1,1],98,11].
[[2,8,1,1,2,0,2,2,1],122,77].
[[3,7,1,1,2,0,2,2,1],78,33].
[[1,8,1,1,1,1,2,2,0],10,1].
[[2,8,1,1,1,1,2,2,0],31,5].
[[3,7,1,1,1,1,2,2,0],20,10].
[[2,9,1,1,2,1,2,2,0],15,39].
[[3,7,0,1,2,1,2,3,1],121,39].
[[3,8,0,1,1,1,2,2,1],40,66].
[[3,8,1,1,2,1,2,3,0],146,122].
[[1,8,1,0,0,0,2,3,0],297,107].
[[2,8,1,1,2,0,2,3,0],50,36].
[[1,8,1,0,0,0,1,2,1],373,148].
[[2,7,1,0,0,0,1,2,1],76,15].
[[3,7,1,1,2,1,1,2,1],354,94].
[[2,8,1,0,0,0,0,0,0],55,62].
[[3,8,1,1,2,0,2,2,0],44,28].
[[1,7,1,0,0,0,0,0,0],286,75].
[[1,8,0,1,2,1,2,1,0],21,15].
[[2,8,0,1,2,1,1,1,0],27,25].
[[3,8,0,1,1,1,1,1,0],21,28].
[[3,6,1,1,2,1,2,2,1],70,2].
[[3,7,2,1,2,0,2,3,0],8,2].
[[2,9,1,1,1,1,1,1,0],6,11].
[[3,8,1,1,1,1,1,1,0],34,23].
[[1,8,1,1,2,0,2,3,1],100,50].
[[2,8,1,1,1,0,1,2,1],12,7].
[[3,8,1,1,1,0,1,2,1],46,52].
[[1,8,1,0,0,0,1,2,0],47,19].
[[3,8,0,0,0,0,2,2,1],55,77].
[[3,9,2,1,1,1,2,2,0],13,28].
[[3,9,2,0,0,0,2,2,0],10,42].
[[3,8,1,1,2,1,2,1,1],130,61].
[[1,6,1,0,0,0,0,0,0],229,11].
[[2,6,1,0,0,0,2,1,1],27,1].
[[3,4,1,1,2,0,1,2,1],169,38].
[[3,8,0,1,1,1,1,1,1],21,33].
[[2,9,1,0,0,0,1,1,1],33,32].
[[2,8,1,1,1,1,2,1,1],49,7].
[[3,8,1,1,1,1,2,1,0],18,14].
[[3,8,1,1,2,0,2,2,1],98,65].
[[3,7,0,0,0,0,2,2,1],14,10].
[[3,8,0,1,2,1,2,1,0],92,134].
[[1,9,2,1,1,1,1,2,1],45,32].
[[2,4,1,1,2,0,1,1,1],8,3].
[[3,9,1,1,2,0,1,2,1],42,123].
[[3,8,0,1,1,0,2,3,0],4,16].
[[1,9,2,1,1,1,2,3,1],87,75].
[[2,8,1,0,0,0,2,3,0],251,96].
[[3,8,1,0,0,0,2,1,0],12,20].
[[2,9,1,1,2,1,1,1,1],26,33].
[[3,9,1,1,2,1,1,1,1],44,90].
[[2,7,2,0,0,0,1,2,1],102,18].
[[3,9,1,0,0,0,1,1,1],22,56].
[[2,8,1,1,2,1,2,1,0],75,24].
[[3,8,1,1,1,1,2,3,0],43,43].
[[1,7,2,0,0,0,0,0,0],212,19].
[[2,7,2,0,0,0,2,2,0],6,0].
[[3,7,2,1,2,0,1,2,0],10,0].
[[2,8,0,1,1,1,2,2,1],30,25].
[[3,8,0,1,1,1,1,2,1],102,169].
[[3,7,1,1,2,1,2,2,1],269,86].
[[2,6,1,1,2,1,2,2,1],31,1].
[[3,3,2,1,1,1,2,2,1],5,0].
[[1,8,1,1,2,1,2,1,0],48,10].
[[3,9,2,1,1,1,1,2,1],74,167].
[[3,9,2,0,0,0,1,2,0],53,26].
[[3,8,0,1,2,0,2,1,0],24,39].
[[2,8,0,1,1,1,2,3,1],64,46].
[[2,9,1,0,0,0,2,2,0],28,35].
[[1,8,0,1,2,1,2,1,1],25,11].
[[2,6,0,1,2,1,2,1,1],1,4].
[[3,6,0,1,1,1,2,1,1],2,3].
[[3,8,0,1,2,1,2,2,1],144,217].
[[3,7,1,0,0,0,1,2,1],177,40].
[[3,7,0,1,2,1,2,3,0],70,27].
[[2,8,1,0,0,0,1,2,0],125,32].
[[3,7,2,1,2,0,2,3,1],94,6].
[[1,9,2,1,2,1,2,1,0],158,137].
[[3,1,1,1,2,0,1,1,0],2,0].
[[3,5,0,0,0,0,1,1,0],40,3].
[[2,5,0,1,2,1,1,1,1],97,13].
[[3,5,0,1,2,1,1,2,1],54,4].
[[3,9,1,0,0,0,2,1,0],5,25].
[[3,9,2,1,1,1,2,1,0],3,26].
[[3,8,1,0,0,0,1,2,0],111,35].
[[1,8,0,0,0,0,2,1,0],95,57].
[[2,7,1,0,0,0,2,1,0],27,3].
[[3,7,1,1,2,1,1,1,0],30,8].
[[2,9,1,0,0,0,2,1,1],17,29].
[[2,9,2,1,1,1,2,3,0],76,84].
[[3,4,1,1,2,0,2,3,0],61,4].
[[3,7,2,1,1,0,1,2,1],16,14].
[[2,9,2,0,0,0,0,0,0],17,152].
[[1,9,2,1,2,0,2,1,0],15,20].
[[2,9,2,1,1,0,2,1,0],2,4].
[[3,5,0,1,1,0,1,2,0],8,2].
[[2,7,1,1,2,1,1,2,1],62,12].
[[1,9,2,1,2,1,1,1,0],39,66].
[[3,9,2,1,2,0,2,3,0],7,42].
[[3,9,1,1,2,1,1,1,0],42,152].
[[2,8,0,0,0,0,2,2,0],172,129].
[[3,9,1,1,1,1,2,3,0],4,45].
[[2,7,1,1,1,1,1,2,1],9,1].
[[3,3,1,1,1,1,1,2,1],3,0].
[[2,8,1,1,2,0,1,2,1],150,80].
[[2,7,1,1,2,0,2,3,1],48,21].
[[2,8,0,1,2,0,1,2,0],12,9].
[[3,7,1,1,1,1,2,1,0],17,4].
[[3,8,0,1,2,0,1,2,1],86,130].
[[2,7,1,1,2,1,0,0,0],161,63].
[[3,9,2,0,0,0,2,3,0],8,66].
[[3,7,1,0,0,0,2,1,1],66,26].
[[1,7,1,0,0,0,2,3,1],100,24].
[[1,8,1,1,2,1,1,2,0],20,4].
[[2,7,1,0,0,0,2,2,1],133,33].
[[2,9,2,1,2,0,1,2,1],85,145].
[[3,9,2,1,2,0,1,2,1],50,118].
[[3,8,0,0,0,0,2,1,0],41,70].
[[3,7,1,1,2,0,1,1,1],23,18].
[[1,6,1,1,2,1,0,0,0],42,1].
[[2,6,1,1,1,1,2,3,1],19,1].
[[3,6,1,1,1,1,2,3,1],22,1].
[[1,8,1,1,1,1,1,2,1],11,6].
[[2,7,2,1,1,1,1,2,1],11,5].
[[3,7,2,1,1,1,1,2,1],52,6].
[[2,9,2,0,0,0,2,1,1],55,90].
[[2,9,1,1,2,0,1,2,0],17,34].
[[2,8,1,1,1,1,1,2,0],23,5].
[[3,4,1,1,2,0,1,2,0],86,15].
[[3,5,0,1,2,1,1,1,1],277,19].
[[3,9,1,1,2,1,0,0,0],0,5].
[[3,9,1,1,2,1,2,1,0],13,54].
[[3,6,1,0,0,0,1,2,1],48,3].
[[2,5,0,1,1,1,1,1,1],28,2].
[[3,5,0,1,1,1,1,2,1],16,1].
[[2,6,1,0,0,0,2,3,0],35,1].
[[3,6,1,1,2,1,2,3,0],41,3].
[[3,6,0,1,2,1,2,3,1],34,29].
[[3,4,1,1,2,0,2,2,0],30,7].
[[1,9,2,1,1,1,2,2,1],43,27].
[[2,9,2,1,1,1,1,1,0],11,12].
[[3,6,0,1,2,1,1,1,0],4,1].
[[2,8,1,1,1,1,1,1,0],15,3].
[[3,7,1,1,1,1,1,1,0],14,3].
[[3,7,1,1,2,0,1,2,1],124,30].
[[1,8,0,1,2,1,1,2,0],11,8].
[[2,8,1,1,2,0,2,1,0],28,20].
[[3,8,1,1,1,0,1,2,0],10,19].
[[2,9,1,0,0,0,1,2,1],54,133].
[[1,8,1,1,2,0,2,1,1],7,13].
[[2,7,1,1,2,0,2,1,1],11,5].
[[3,7,1,1,2,0,2,1,1],46,14].
[[3,6,1,0,0,0,2,2,1],34,1].
[[2,8,0,0,0,0,2,1,0],108,74].
[[3,8,0,0,0,0,1,1,0],41,43].
[[2,8,0,1,2,1,2,1,0],120,66].
[[2,7,2,1,2,0,1,2,1],23,8].
[[3,7,2,1,2,0,1,2,1],108,12].
[[3,8,0,1,2,0,2,3,0],47,109].
[[3,9,2,1,1,1,1,2,0],35,26].
[[3,8,0,0,0,0,1,1,1],27,34].
[[2,9,1,1,1,1,2,3,0],12,13].
[[3,7,1,1,2,0,2,2,0],31,11].
[[2,9,1,1,2,1,2,3,0],30,54].
[[1,7,2,0,0,0,1,2,1],36,3].
[[2,7,2,0,0,0,2,2,1],85,5].
[[3,6,0,1,2,0,1,2,0],3,0].
[[1,9,2,1,2,0,2,2,0],29,43].
[[2,9,2,1,2,0,2,2,0],41,77].
[[2,4,1,1,2,0,2,1,1],7,1].
[[2,9,2,1,2,0,1,1,1],19,15].
[[1,6,1,0,0,0,2,2,1],24,1].
[[2,6,1,1,2,1,1,1,1],7,2].
[[3,6,1,1,2,1,1,2,0],14,0].
[[3,8,1,1,2,0,1,2,0],79,40].
[[2,6,1,1,2,0,2,1,1],0,1].
[[3,6,1,1,1,0,2,1,1],0,1].
[[3,8,0,1,1,1,0,0,0],1,39].
[[1,5,0,0,0,0,1,1,1],35,2].
[[2,9,1,1,2,1,2,1,0],15,28].
[[3,9,2,0,0,0,1,1,1],12,17].
[[2,9,2,1,1,1,2,3,1],57,68].
[[3,9,1,1,1,1,2,1,1],5,14].
[[2,8,1,1,2,0,2,1,1],68,28].
[[3,5,0,1,1,0,2,3,0],1,1].
[[3,8,1,0,0,0,1,1,1],85,73].
[[3,6,0,0,0,0,2,2,0],7,4].
[[3,9,1,0,0,0,2,2,1],16,22].
[[2,7,2,1,2,0,2,3,1],62,10].
[[2,6,0,1,2,1,0,0,0],22,16].
[[3,6,0,1,2,1,2,3,0],23,21].
[[1,9,2,1,2,0,1,2,1],22,48].
[[3,7,0,0,0,0,1,2,1],23,13].
[[3,7,1,0,0,0,1,1,1],34,13].
[[2,9,2,1,2,0,2,1,0],22,41].
[[3,9,2,1,2,0,2,1,0],6,8].
[[2,7,1,1,2,1,2,2,1],87,27].
[[2,8,1,1,2,1,0,0,0],28,48].
[[3,8,1,1,1,1,1,2,0],71,39].
[[3,5,0,0,0,0,1,2,0],53,1].
[[2,6,0,1,2,1,2,2,0],5,1].
[[3,6,0,1,2,1,2,2,0],17,7].
[[3,7,2,1,2,0,1,1,1],15,7].
[[3,6,0,1,2,1,1,1,1],5,0].
[[2,4,1,1,2,0,2,3,0],19,2].
[[1,8,0,0,0,0,1,2,0],34,16].
[[3,4,1,1,2,0,1,1,1],66,8].
[[2,4,1,1,2,0,1,2,1],36,7].
[[1,9,2,1,2,0,1,1,0],6,6].
[[2,8,0,1,2,0,1,1,0],7,5].
[[2,9,1,1,2,0,2,1,1],3,7].
[[3,9,2,0,0,0,2,1,0],6,13].
[[2,5,0,1,2,1,1,2,0],33,0].
[[1,9,2,1,2,0,2,2,1],28,54].
[[2,8,1,1,1,0,2,2,1],5,6].
[[3,8,1,1,1,0,2,2,1],16,27].
[[3,7,2,0,0,0,2,3,1],107,7].
[[2,9,2,1,1,1,2,2,0],52,66].
[[3,8,0,1,1,1,2,2,0],50,76].
[[2,7,2,1,1,1,1,2,0],1,0].
[[2,7,0,1,2,1,2,3,1],21,17].
[[3,7,0,1,2,1,2,2,1],46,21].
[[3,7,2,1,2,1,2,1,1],44,2].
[[2,6,1,1,2,1,0,0,0],53,5].
[[3,9,1,1,2,1,2,1,1],19,53].
[[2,3,2,0,0,0,2,3,1],30,0].
[[2,9,2,1,1,1,2,1,0],29,37].
[[3,4,1,1,2,0,2,2,1],48,7].
[[2,9,1,1,2,0,1,2,1],21,31].
[[1,7,1,0,0,0,2,3,0],13,1].
[[3,9,2,1,2,0,0,0,0],0,2].
[[3,8,0,1,2,0,1,1,0],18,26].
[[2,6,0,0,0,0,0,0,0],26,30].
[[3,3,1,0,0,0,2,3,1],48,3].
[[1,5,0,1,2,1,2,1,0],10,0].
[[2,5,0,1,2,1,2,3,0],13,0].
[[3,5,0,1,2,1,2,3,0],41,1].
[[3,7,2,1,1,1,1,1,1],10,11].
[[2,8,0,1,2,0,1,2,1],30,29].
[[2,7,1,1,2,1,2,1,0],22,5].
[[2,9,2,1,1,0,2,2,1],3,8].
[[3,5,0,1,1,0,1,1,0],3,4].
[[3,9,1,0,0,0,2,1,1],9,9].
[[3,8,1,1,1,1,2,1,1],44,23].
[[2,7,1,0,0,0,2,2,0],42,11].
[[2,9,1,0,0,0,2,1,0],24,28].
[[2,8,0,1,1,1,2,1,0],10,8].
[[2,5,0,1,1,0,1,2,1],0,1].
[[3,5,0,1,1,0,1,2,1],2,2].
[[2,9,1,1,1,1,1,2,1],16,26].
[[1,9,2,1,1,1,1,1,0],7,2].
[[2,4,1,1,2,0,1,1,0],5,0].
[[3,4,1,1,2,0,1,1,0],39,5].
[[3,6,0,0,0,0,0,0,0],5,7].
[[3,3,2,0,0,0,1,2,1],11,0].
[[2,7,1,1,2,1,1,2,0],6,1].
[[3,7,2,1,1,1,2,3,1],50,8].
[[2,8,0,1,2,0,2,3,1],47,66].
[[3,8,0,1,1,1,2,1,1],19,22].
[[3,7,0,1,1,1,1,2,1],11,10].
[[2,4,1,1,2,0,2,2,1],20,1].
[[1,7,1,0,0,0,1,2,1],4,1].
[[3,6,1,1,2,0,1,2,1],31,3].
[[3,3,1,1,2,1,1,2,1],20,0].
[[3,9,2,1,2,1,1,1,0],19,25].
[[1,8,1,1,2,1,1,1,0],15,6].
[[3,7,1,0,0,0,2,3,0],73,21].
[[2,9,1,0,0,0,2,3,0],27,62].
[[1,7,2,1,2,1,2,2,1],7,1].
[[3,7,2,1,2,1,2,3,0],19,2].
[[2,8,0,1,1,1,2,2,0],24,19].
[[3,5,0,1,2,1,1,1,0],116,21].
[[3,7,1,1,2,0,0,0,0],19,14].
[[3,8,0,1,2,1,1,1,1],67,101].
[[3,7,2,1,2,1,1,1,1],42,25].
[[1,7,2,1,2,1,0,0,0],64,7].
[[2,7,2,1,2,1,0,0,0],65,6].
[[1,9,2,1,2,0,0,0,0],18,58].
[[3,6,0,1,2,1,0,0,0],7,30].
[[3,7,1,1,2,0,2,3,0],35,18].
[[2,7,2,1,2,0,0,0,0],23,3].
[[2,7,1,1,2,0,0,0,0],24,11].
[[3,3,1,1,2,0,0,0,0],18,0].
[[3,6,1,1,2,1,2,2,0],33,2].
[[1,6,1,1,2,1,2,1,1],2,1].
[[2,6,1,1,2,1,2,3,1],83,4].
[[1,9,2,1,2,0,1,2,0],7,17].
[[2,7,0,1,2,1,1,2,1],2,2].
[[3,7,1,1,1,1,2,2,1],79,29].
[[3,9,2,1,2,1,1,1,1],37,63].
[[3,7,2,0,0,0,2,2,1],42,3].
[[2,8,0,0,0,0,1,1,1],31,21].
[[2,8,1,1,1,1,2,1,0],11,4].
[[3,9,2,0,0,0,1,1,0],14,7].
[[2,7,2,1,2,1,1,1,1],12,6].
[[3,7,1,1,2,1,2,2,0],85,30].
[[3,6,0,1,2,1,2,2,1],18,10].
[[3,8,0,1,2,0,2,2,1],35,45].
[[1,9,2,1,1,1,1,2,0],17,6].
[[2,8,0,1,1,1,1,2,0],19,4].
[[3,7,0,1,1,1,1,2,0],8,1].
[[3,7,0,1,2,1,2,1,1],26,9].
[[3,6,1,1,2,0,2,2,0],6,2].
[[2,9,2,1,1,1,0,0,0],10,37].
[[3,9,2,1,1,1,0,0,0],0,7].
[[2,9,2,1,2,0,1,1,0],9,25].
[[3,9,2,1,2,0,1,1,0],3,11].
[[3,7,0,1,2,1,0,0,0],29,40].
[[3,9,1,0,0,0,2,2,0],6,27].
[[3,9,1,1,2,0,2,3,0],1,36].
[[3,9,2,0,0,0,2,2,1],0,6].
[[2,8,1,0,0,0,1,1,0],45,32].
[[3,8,1,1,2,0,1,1,0],31,24].
[[3,3,1,1,2,0,2,3,1],22,1].
[[3,7,1,1,2,1,2,1,0],58,20].
[[1,5,0,1,1,1,1,1,1],1,1].
[[1,8,1,1,2,0,2,2,1],39,13].
[[2,8,0,1,2,0,2,2,1],26,33].
[[3,4,1,1,2,0,2,1,1],25,6].
[[3,9,1,1,1,0,1,2,1],7,27].
[[2,8,0,1,2,0,2,3,0],35,42].
[[2,6,0,0,0,0,2,3,1],27,17].
[[3,6,0,0,0,0,2,3,1],20,11].
[[3,2,1,0,0,0,2,3,1],8,0].
[[2,8,1,1,1,1,2,3,0],35,20].
[[3,6,1,1,1,1,2,3,0],18,0].
[[3,6,1,1,2,0,2,2,1],31,3].
[[2,9,1,0,0,0,2,2,1],40,59].
[[2,6,1,0,0,0,1,2,1],29,1].
[[3,8,1,1,2,0,2,1,1],62,17].
[[2,7,1,0,0,0,2,3,0],55,3].
[[2,8,1,1,2,0,1,1,1],25,23].
[[3,6,1,1,2,1,2,1,1],42,0].
[[3,9,2,1,1,0,1,2,0],3,10].
[[3,7,1,1,1,0,1,2,1],6,9].
[[3,9,2,1,2,0,1,1,1],6,27].
[[3,7,0,0,0,0,2,3,1],46,36].
[[3,3,1,1,2,1,2,3,1],81,4].
[[3,7,1,1,1,1,2,3,0],25,15].
[[2,7,2,1,2,1,1,2,1],63,11].
[[3,3,2,1,2,1,2,3,1],39,1].
[[2,5,0,0,0,0,1,2,1],9,0].
[[3,7,1,0,0,0,0,0,0],28,19].
[[3,8,0,1,2,0,0,0,0],0,31].
[[3,6,0,1,2,1,2,1,0],10,3].
[[3,7,2,1,1,1,2,1,1],16,1].
[[3,6,1,0,0,0,2,3,1],83,2].
[[2,9,1,1,2,0,2,3,0],5,14].
[[3,8,0,1,1,1,2,1,0],39,45].
[[2,9,1,1,1,1,1,1,1],11,3].
[[3,3,1,1,1,1,0,0,0],7,0].
[[3,9,2,1,1,1,2,3,0],6,48].
[[3,5,0,0,0,0,2,1,0],14,0].
[[1,5,0,1,2,0,1,1,1],3,0].
[[2,5,0,1,2,0,1,1,1],27,3].
[[2,9,2,1,1,1,2,2,1],37,38].
[[2,4,1,1,2,0,2,1,0],11,1].
[[3,7,1,1,2,0,1,1,0],5,2].
[[3,8,1,0,0,0,1,1,0],52,24].
[[3,7,1,0,0,0,2,2,0],40,18].
[[2,9,1,1,2,1,0,0,0],3,4].
[[1,6,1,0,0,0,1,2,1],3,1].
[[3,6,1,1,2,0,2,3,1],55,4].
[[3,6,1,1,2,1,1,1,1],21,6].
[[3,8,0,1,1,0,1,2,1],7,25].
[[2,9,2,1,2,0,2,1,1],7,31].
[[3,7,1,1,2,1,0,0,0],47,36].
[[3,5,0,0,0,0,1,2,1],21,3].
[[3,7,1,1,2,0,1,2,0],23,1].
[[2,8,1,1,2,0,1,2,0],30,14].
[[1,5,0,0,0,0,2,1,0],25,1].
[[2,5,0,0,0,0,2,1,0],36,0].
[[3,3,1,1,2,1,0,0,0],49,1].
[[3,7,1,1,1,0,2,3,1],15,17].
[[3,8,1,1,1,0,2,3,0],6,10].
[[3,6,1,1,1,1,1,2,1],15,1].
[[1,9,2,1,1,1,2,2,0],37,22].
[[2,4,1,1,2,0,1,2,0],8,3].
[[2,4,1,1,2,0,2,2,0],8,0].
[[3,3,2,1,2,0,0,0,0],10,0].
[[2,3,1,0,0,0,0,0,0],41,2].
[[2,5,0,1,2,1,2,1,0],21,0].
[[3,5,0,1,2,1,2,1,0],33,1].
[[3,6,0,1,2,0,1,1,0],1,1].
[[1,6,0,0,0,0,0,0,0],33,15].
[[1,7,2,1,2,0,0,0,0],20,4].
[[3,7,2,1,1,0,2,3,1],16,10].
[[3,3,0,0,0,0,0,0,0],0,2].
[[2,9,1,1,2,0,2,2,1],11,12].
[[3,9,1,1,1,0,2,2,1],0,5].
[[2,8,0,0,0,0,1,1,0],40,30].
[[3,7,0,1,2,1,1,1,0],12,3].
[[3,9,1,1,2,0,2,2,1],7,29].
[[3,7,0,1,1,1,2,2,0],13,4].
[[1,7,1,0,0,0,2,2,0],13,2].
[[2,7,1,1,2,0,1,1,0],0,1].
[[3,7,2,1,1,0,1,1,1],3,4].
[[2,5,0,1,2,1,1,2,1],9,1].
[[3,6,0,0,0,0,1,2,1],15,5].
[[2,9,2,0,0,0,1,1,0],49,67].
[[1,8,1,1,1,1,2,1,0],3,0].
[[2,7,1,0,0,0,1,1,1],16,6].
[[3,9,2,1,2,1,2,3,1],0,20].
[[3,5,0,1,2,0,2,1,0],10,0].
[[3,8,1,1,1,1,0,0,0],0,5].
[[3,8,1,1,1,1,2,2,0],27,28].
[[2,7,2,1,1,1,2,2,1],7,0].
[[3,6,0,0,0,0,2,3,0],17,7].
[[1,8,1,1,1,1,2,2,1],18,7].
[[2,8,1,1,1,1,1,1,1],23,18].
[[1,7,1,0,0,0,2,2,1],28,4].
[[2,3,1,0,0,0,2,2,1],2,0].
[[3,3,1,0,0,0,2,2,1],23,0].
[[3,3,1,0,0,0,1,2,1],10,0].
[[2,9,1,1,2,0,2,3,1],11,19].
[[3,8,0,1,1,0,2,3,1],3,12].
[[3,7,0,1,2,1,1,2,0],24,4].
[[1,9,2,1,1,1,2,1,0],20,10].
[[3,3,2,0,0,0,2,2,1],16,0].
[[2,6,1,0,0,0,1,2,0],3,0].
[[3,6,1,0,0,0,1,2,0],9,0].
[[3,3,2,1,2,1,0,0,0],26,0].
[[2,8,1,1,1,0,2,2,0],3,3].
[[2,9,2,1,1,0,2,3,1],1,6].
[[2,8,1,1,2,0,0,0,0],11,15].
[[3,7,0,1,1,1,0,0,0],7,16].
[[2,6,1,1,2,1,2,1,1],14,0].
[[3,3,2,1,2,1,2,1,1],11,0].
[[3,6,1,1,2,0,1,2,0],6,0].
[[2,9,2,1,1,1,2,1,1],18,15].
[[3,9,1,1,1,1,2,2,1],12,30].
[[2,7,1,1,2,1,2,3,0],37,8].
[[3,8,0,1,1,0,1,1,1],0,3].
[[3,6,1,0,0,0,2,1,1],17,0].
[[2,6,0,1,2,1,2,3,0],4,4].
[[1,8,1,1,1,1,2,3,0],12,1].
[[3,6,1,0,0,0,1,1,1],8,3].
[[2,7,0,1,2,1,2,2,1],5,3].
[[1,3,2,0,0,0,2,3,1],7,0].
[[3,3,2,1,2,0,1,2,1],14,0].
[[3,8,0,1,1,0,2,2,1],4,12].
[[2,9,1,1,2,1,2,1,1],22,31].
[[3,5,0,1,1,1,2,1,0],9,0].
[[1,5,0,0,0,0,2,3,0],4,0].
[[2,5,0,0,0,0,2,2,0],2,0].
[[3,7,0,0,0,0,2,2,0],18,9].
[[1,7,2,0,0,0,2,2,1],58,2].
[[3,7,1,0,0,0,1,2,0],33,3].
[[3,6,0,1,1,1,0,0,0],0,7].
[[3,7,0,1,2,1,2,2,0],42,13].
[[1,8,0,0,0,0,1,1,0],5,9].
[[2,7,1,1,1,1,2,2,1],11,7].
[[2,6,0,1,2,1,2,1,0],1,2].
[[3,5,0,1,2,0,2,3,0],9,0].
[[3,9,1,0,0,0,2,3,1],17,31].
[[3,7,0,1,1,1,2,3,0],17,5].
[[1,9,2,1,2,0,2,1,1],7,16].
[[2,9,1,1,1,0,1,1,1],1,1].
[[3,9,1,1,1,0,1,1,1],1,7].
[[2,9,2,1,1,0,1,2,1],2,9].
[[2,7,0,0,0,0,2,3,0],14,1].
[[3,7,0,1,1,1,2,2,1],3,2].
[[2,3,1,1,2,1,0,0,0],22,1].
[[3,9,2,1,1,1,1,1,1],10,25].
[[2,7,1,1,2,0,2,2,1],16,7].
[[2,7,1,1,2,1,2,2,0],34,4].
[[2,6,1,1,2,1,2,2,0],15,0].
[[2,9,2,1,1,1,1,2,0],53,33].
[[2,9,1,1,1,1,2,2,0],7,11].
[[3,2,1,1,2,1,2,1,1],1,0].
[[2,8,1,1,1,0,2,1,1],4,2].
[[3,8,1,1,1,0,2,1,1],10,8].
[[2,5,0,0,0,0,1,2,0],32,3].
[[2,7,1,1,1,1,0,0,0],17,9].
[[3,6,0,1,1,1,2,2,0],3,0].
[[1,7,2,1,2,0,2,3,1],11,5].
[[2,7,2,1,1,0,1,2,1],3,1].
[[3,4,0,1,2,0,1,2,1],0,4].
[[2,7,2,1,2,0,2,2,1],19,4].
[[3,7,2,1,2,0,2,2,1],55,4].
[[3,9,1,1,2,0,2,1,1],3,14].
[[1,7,1,1,2,1,0,0,0],53,17].
[[2,3,2,0,0,0,2,2,1],11,0].
[[1,8,1,1,1,1,0,0,0],37,12].
[[2,6,0,0,0,0,2,2,1],5,5].
[[3,6,0,1,2,0,1,2,1],2,6].
[[2,6,1,1,2,1,1,2,1],23,1].
[[3,5,0,1,1,1,2,3,0],9,0].
[[3,7,2,1,2,0,2,2,0],7,0].
[[3,7,1,1,1,1,2,1,1],37,10].
[[1,7,2,0,0,0,2,2,0],4,0].
[[2,7,2,0,0,0,1,2,0],6,0].
[[3,7,2,1,2,1,1,2,0],13,0].
[[1,8,1,1,2,0,1,2,1],21,10].
[[3,7,0,1,2,1,2,1,0],38,6].
[[1,7,2,1,2,1,1,2,1],12,3].
[[3,9,2,1,2,1,2,2,1],0,12].
[[2,6,1,1,2,1,2,3,0],13,0].
[[3,6,1,0,0,0,2,3,0],21,1].
[[1,6,1,0,0,0,2,3,0],14,0].
[[3,6,1,1,1,1,1,2,0],6,0].
[[2,7,0,1,2,1,1,1,0],1,1].
[[1,8,0,1,2,1,1,1,0],1,1].
[[3,9,1,1,1,1,2,3,1],12,48].
[[3,8,0,1,1,0,1,1,0],4,3].
[[2,7,2,1,2,1,2,3,0],8,0].
[[3,7,1,1,1,0,2,3,0],7,6].
[[3,3,1,0,0,0,0,0,0],24,6].
[[2,8,0,1,2,0,1,1,1],1,4].
[[3,7,1,1,1,0,1,1,1],2,1].
[[3,9,2,1,1,0,2,3,1],0,2].
[[2,7,2,0,0,0,1,1,1],9,9].
[[3,7,2,1,2,1,1,1,0],5,7].
[[2,7,2,1,2,0,2,2,0],2,1].
[[2,9,1,1,2,0,1,1,0],7,12].
[[3,9,1,1,1,0,1,1,0],1,10].
[[2,5,0,0,0,0,2,3,0],17,0].
[[3,5,0,0,0,0,2,3,0],16,0].
[[3,6,1,1,2,1,1,1,0],3,2].
[[3,7,2,1,1,1,2,1,0],2,0].
[[3,9,1,1,1,1,2,2,0],5,44].
[[3,7,1,0,0,0,1,1,0],14,3].
[[2,6,1,0,0,0,2,2,0],24,0].
[[3,6,1,0,0,0,2,2,0],8,0].
[[3,6,1,1,1,1,2,2,0],4,0].
[[3,7,0,0,0,0,2,1,0],12,1].
[[2,7,0,1,2,1,2,3,0],13,0].
[[2,5,0,1,2,0,1,2,0],8,1].
[[3,5,0,1,2,0,1,2,0],34,2].
[[3,5,0,1,1,0,1,1,1],10,13].
[[2,3,1,0,0,0,2,2,0],2,0].
[[3,3,1,1,2,1,2,2,0],9,0].
[[2,3,2,1,2,1,0,0,0],22,0].
[[3,9,2,1,2,0,2,2,0],6,16].
[[3,9,1,1,1,1,2,1,0],7,26].
[[1,7,1,1,2,1,2,2,1],5,3].
[[3,3,1,1,2,1,2,1,1],12,3].
[[2,6,1,1,2,0,0,0,0],11,2].
[[3,7,1,1,1,0,2,2,1],4,7].
[[2,7,2,0,0,0,2,3,0],16,1].
[[3,6,1,1,2,1,2,1,0],11,1].
[[3,6,1,0,0,0,0,0,0],7,0].
[[2,7,1,1,1,1,2,1,0],1,0].
[[3,4,1,1,2,0,2,1,0],19,1].
[[3,8,1,1,1,0,2,3,1],22,26].
[[2,7,2,1,1,1,2,3,1],16,2].
[[2,7,1,1,1,1,2,1,1],5,1].
[[3,3,1,1,1,1,2,2,1],5,0].
[[1,8,1,1,2,0,2,1,0],11,2].
[[2,8,1,1,1,0,2,3,0],5,3].
[[3,9,1,1,2,0,1,1,0],15,45].
[[1,9,2,1,1,1,2,1,1],14,13].
[[2,5,0,1,2,0,2,1,0],3,1].
[[3,7,1,1,2,0,2,1,0],14,5].
[[2,9,2,1,1,0,2,3,0],3,13].
[[3,7,1,1,1,0,0,0,0],5,2].
[[2,9,1,1,1,1,2,2,1],8,11].
[[2,8,0,1,1,1,1,1,1],4,4].
[[3,7,0,1,1,1,1,1,1],2,2].
[[3,8,1,1,1,0,1,1,1],6,14].
[[3,9,1,1,2,0,1,1,1],9,25].
[[2,6,1,1,2,1,1,1,0],1,1].
[[2,9,2,1,1,0,2,2,0],4,7].
[[1,7,2,0,0,0,2,1,1],21,4].
[[2,7,2,1,2,1,2,1,1],26,4].
[[3,3,1,1,2,1,2,3,0],11,1].
[[3,6,0,1,2,0,2,3,0],3,2].
[[3,2,1,1,2,1,0,0,0],3,0].
[[2,7,1,1,2,0,2,2,0],7,2].
[[1,7,1,1,2,1,1,1,1],2,0].
[[2,3,1,1,2,1,1,1,1],1,0].
[[3,3,1,1,2,1,1,1,1],4,0].
[[3,9,1,1,2,0,2,2,0],2,30].
[[1,6,1,1,2,1,2,3,1],19,1].
[[3,3,2,1,2,1,2,2,1],21,0].
[[2,7,2,1,1,1,0,0,0],8,2].
[[3,7,0,1,2,0,2,2,1],4,0].
[[3,7,0,0,0,0,0,0,0],12,19].
[[3,3,1,1,2,0,2,3,0],2,0].
[[2,6,1,1,2,0,2,3,1],27,2].
[[1,8,0,1,2,1,1,1,1],2,2].
[[3,7,1,1,1,0,2,2,0],2,0].
[[2,9,1,1,2,0,2,1,0],1,13].
[[3,7,0,1,2,0,2,3,0],7,8].
[[3,5,0,1,1,1,1,2,0],33,2].
[[2,9,2,1,1,0,1,1,1],1,3].
[[3,4,0,1,2,0,1,1,1],0,3].
[[1,9,2,1,2,0,1,1,1],4,6].
[[3,7,0,0,0,0,1,1,1],6,0].
[[3,3,1,1,2,0,2,2,0],6,0].
[[1,8,1,1,1,1,1,2,0],3,0].
[[3,3,1,1,2,0,2,2,1],5,1].
[[3,3,2,1,2,1,1,2,1],18,0].
[[3,8,1,1,2,0,0,0,0],0,8].
[[3,8,0,1,1,0,2,2,0],5,14].
[[2,7,2,1,2,0,2,1,1],6,1].
[[3,7,2,1,2,0,2,1,1],26,3].
[[3,9,1,1,1,0,2,1,0],1,5].
[[3,6,0,1,1,1,2,3,1],6,5].
[[1,6,0,0,0,0,2,1,0],2,0].
[[2,6,0,0,0,0,2,1,0],5,0].
[[1,6,1,0,0,0,2,2,0],13,0].
[[2,6,1,0,0,0,1,1,0],6,0].
[[3,2,1,0,0,0,1,1,0],1,0].
[[2,7,1,0,0,0,1,2,0],8,0].
[[3,3,1,0,0,0,1,2,0],3,0].
[[3,6,0,1,2,0,2,3,1],7,5].
[[3,6,0,0,0,0,2,2,1],6,6].
[[3,2,0,0,0,0,2,3,1],1,0].
[[1,8,1,1,2,0,1,1,0],0,2].
[[3,3,1,0,0,0,2,3,0],7,0].
[[3,9,1,1,2,0,2,3,1],11,27].
[[1,6,1,1,2,1,2,2,1],4,0].
[[3,2,1,0,0,0,2,2,0],2,0].
[[3,4,0,1,2,0,2,3,1],0,4].
[[2,9,1,1,1,1,2,3,1],14,22].
[[3,6,0,1,2,1,1,2,0],10,2].
[[2,7,0,0,0,0,2,2,0],11,3].
[[3,9,1,0,0,0,0,0,0],0,2].
[[1,6,1,0,0,0,2,1,1],9,1].
[[1,7,1,0,0,0,2,1,1],9,2].
[[2,3,1,0,0,0,2,1,1],2,0].
[[3,3,1,0,0,0,2,1,1],7,1].
[[3,7,0,1,2,0,0,0,0],4,11].
[[3,8,1,1,2,1,0,0,0],0,10].
[[1,9,2,1,1,1,1,1,1],6,0].
[[3,9,2,1,1,1,1,1,0],10,9].
[[1,8,1,1,1,1,2,1,1],12,0].
[[1,7,1,0,0,0,1,1,1],1,0].
[[3,9,2,1,2,1,0,0,0],0,12].
[[3,3,2,1,1,0,2,3,1],5,0].
[[3,7,2,1,2,1,2,2,0],9,0].
[[1,7,2,0,0,0,2,3,0],2,0].
[[1,8,1,1,2,0,1,1,1],3,3].
[[2,7,2,1,2,0,1,1,1],4,5].
[[3,7,2,1,1,1,1,2,0],5,0].
[[3,9,2,1,1,0,1,1,0],1,3].
[[2,7,2,1,2,1,2,1,0],2,0].
[[3,7,2,0,0,0,1,2,0],10,2].
[[3,6,1,1,1,0,1,2,1],4,2].
[[2,9,1,1,1,0,1,2,0],1,7].
[[3,6,1,1,2,0,2,1,0],4,0].
[[2,2,1,0,0,0,2,1,1],1,0].
[[3,2,1,0,0,0,2,1,1],1,0].
[[3,9,2,0,0,0,2,3,1],0,6].
[[2,7,1,1,2,0,2,1,0],6,0].
[[3,6,1,0,0,0,2,1,0],9,0].
[[3,3,2,1,2,1,1,1,1],6,0].
[[3,6,1,1,1,1,2,2,1],13,1].
[[1,6,0,0,0,0,2,3,1],5,1].
[[3,3,2,1,1,1,1,2,1],7,0].
[[3,9,2,1,1,0,2,2,0],0,8].
[[3,3,2,1,2,0,2,3,1],31,0].
[[3,7,0,1,2,1,1,1,1],7,2].
[[2,6,1,1,1,1,2,3,0],4,0].
[[3,3,1,1,1,1,2,3,0],4,0].
[[1,7,1,0,0,0,2,1,0],5,0].
[[3,7,0,0,0,0,1,2,0],12,2].
[[3,7,2,0,0,0,2,3,0],13,1].
[[2,9,1,1,2,0,1,1,1],1,11].
[[2,5,0,1,1,1,1,1,0],5,0].
[[2,7,0,0,0,0,2,1,1],1,1].
[[3,7,0,0,0,0,1,1,0],6,0].
[[2,8,1,1,1,0,2,3,1],5,13].
[[2,6,1,1,2,0,2,2,0],5,0].
[[2,7,0,0,0,0,2,2,1],5,3].
[[2,8,0,1,2,0,0,0,0],8,39].
[[3,6,0,1,2,0,0,0,0],0,4].
[[3,5,0,1,1,0,2,1,0],1,0].
[[3,9,2,1,1,1,2,3,1],0,9].
[[3,7,0,1,2,0,1,1,1],1,1].
[[2,3,1,0,0,0,2,3,0],2,0].
[[2,7,1,1,2,1,1,1,1],5,6].
[[3,7,1,1,1,0,2,1,1],3,3].
[[1,7,2,0,0,0,1,1,1],2,4].
[[2,9,1,1,1,0,1,1,0],0,1].
[[2,6,1,1,2,0,2,3,0],7,0].
[[3,6,1,1,1,0,2,3,0],4,0].
[[2,9,2,1,1,0,1,2,0],5,9].
[[1,3,2,0,0,0,2,1,1],1,0].
[[2,3,2,0,0,0,2,1,1],2,0].
[[3,3,2,0,0,0,2,1,1],6,0].
[[3,8,0,1,1,0,0,0,0],0,5].
[[2,3,2,1,2,1,2,1,1],2,0].
[[3,6,1,1,2,0,2,1,1],13,1].
[[3,6,0,1,1,1,2,2,1],5,2].
[[2,6,1,1,2,0,2,2,1],14,0].
[[3,7,0,1,1,1,2,1,0],5,1].
[[2,8,1,1,1,0,2,1,0],2,4].
[[3,4,0,1,2,0,1,1,0],0,1].
[[3,9,1,1,2,0,2,1,0],3,18].
[[2,5,0,1,2,0,1,1,0],11,1].
[[2,7,0,1,2,1,2,2,0],10,3].
[[1,8,1,1,1,1,1,1,1],1,5].
[[2,6,1,1,1,1,1,1,1],1,0].
[[3,3,1,1,1,1,1,1,1],1,0].
[[3,6,0,0,0,0,1,1,0],3,3].
[[1,8,1,1,2,0,2,2,0],13,2].
[[2,8,1,1,1,0,1,2,0],2,0].
[[3,6,0,0,0,0,2,1,1],5,4].
[[3,7,0,1,2,0,2,1,1],7,5].
[[1,5,0,0,0,0,1,2,0],7,0].
[[2,7,0,0,0,0,1,2,0],1,0].
[[3,6,1,1,1,1,1,1,0],2,1].
[[3,2,1,0,0,0,2,2,1],2,0].
[[2,7,1,0,0,0,1,1,0],6,0].
[[1,7,2,1,2,0,2,1,1],1,2].
[[2,7,0,0,0,0,1,2,1],0,1].
[[2,6,1,0,0,0,2,1,0],10,0].
[[3,6,1,1,1,0,1,1,0],1,0].
[[2,9,1,1,1,1,2,1,1],3,7].
[[3,3,1,1,1,1,2,2,0],1,0].
[[3,2,1,1,2,1,2,3,1],7,0].
[[2,3,2,1,2,0,2,3,1],6,0].
[[3,9,2,1,2,1,2,1,1],0,9].
[[2,6,1,0,0,0,1,1,1],9,1].
[[3,6,1,1,2,0,1,1,1],2,2].
[[3,2,1,1,1,1,2,3,1],1,0].
[[3,7,0,1,2,0,2,1,0],7,0].
[[2,2,1,0,0,0,0,0,0],5,0].
[[3,6,1,1,1,0,2,2,0],2,1].
[[3,9,2,1,1,1,2,2,1],0,6].
[[2,7,1,1,2,0,2,3,0],6,5].
[[3,6,0,1,1,1,1,2,0],4,0].
[[3,8,1,1,1,0,2,1,0],1,7].
[[3,6,1,1,2,0,2,3,0],16,0].
[[3,7,2,0,0,0,2,1,0],2,0].
[[3,9,2,0,0,0,0,0,0],0,6].
[[3,6,1,1,1,0,2,3,1],2,1].
[[3,6,1,1,2,0,0,0,0],2,1].
[[1,5,0,1,2,1,1,1,1],13,3].
[[2,7,1,1,1,1,1,1,1],4,3].
[[3,7,2,1,1,0,2,2,1],4,3].
[[3,8,1,1,1,0,2,2,0],3,16].
[[1,6,1,1,2,1,2,2,0],2,0].
[[3,3,2,1,2,1,2,2,0],2,0].
[[3,9,2,0,0,0,2,1,1],0,1].
[[2,7,1,1,2,0,1,2,1],4,6].
[[1,7,2,1,2,1,1,1,1],0,1].
[[2,6,1,1,2,0,1,2,1],4,2].
[[3,5,0,1,2,0,1,2,1],12,2].
[[2,3,1,1,2,1,2,3,1],10,0].
[[3,7,2,0,0,0,1,1,0],2,1].
[[1,8,1,1,2,0,2,3,0],10,4].
[[1,8,1,1,1,1,1,1,0],1,0].
[[3,6,1,0,0,0,1,1,0],9,2].
[[1,7,1,0,0,0,1,1,0],1,0].
[[2,6,1,1,2,1,2,1,0],6,0].
[[3,3,1,1,2,1,2,1,0],2,0].
[[2,7,2,1,1,0,2,2,1],2,2].
[[3,8,1,1,1,0,0,0,0],0,2].
[[3,3,2,1,1,1,2,3,1],8,0].
[[1,6,1,0,0,0,1,1,1],5,0].
[[3,9,1,1,1,0,2,2,0],1,4].
[[2,6,0,1,2,1,1,1,0],1,0].
[[1,6,1,0,0,0,2,1,0],4,0].
[[3,6,1,1,2,0,1,1,0],2,0].
[[1,7,2,1,2,0,2,2,0],0,1].
[[3,7,2,1,1,0,2,2,0],2,2].
[[2,7,2,1,1,1,1,1,0],1,0].
[[2,9,1,0,0,0,0,0,0],0,6].
[[1,6,1,1,2,1,2,3,0],3,0].
[[2,3,1,1,2,1,2,3,0],2,0].
[[2,6,0,0,0,0,2,3,0],8,2].
[[3,3,2,1,1,1,0,0,0],3,0].
[[2,5,0,1,1,1,2,3,0],4,0].
[[3,5,0,1,2,1,2,2,0],6,0].
[[3,7,1,1,1,0,1,1,0],1,0].
[[3,6,0,0,0,0,1,2,0],3,1].
[[1,8,1,1,2,0,1,2,0],3,1].
[[3,7,1,1,1,0,1,2,0],3,3].
[[1,7,1,1,2,1,2,2,0],3,0].
[[2,7,1,1,1,1,2,2,0],2,0].
[[2,6,0,0,0,0,2,2,0],7,2].
[[2,7,1,1,2,0,1,1,1],3,1].
[[3,6,1,1,1,1,0,0,0],2,0].
[[1,7,2,1,2,1,2,2,0],1,0].
[[2,7,2,1,2,1,2,2,0],3,0].
[[1,8,0,0,0,0,1,1,1],3,1].
[[3,9,1,1,1,0,2,3,1],1,5].
[[2,6,0,1,2,1,1,2,1],2,1].
[[3,9,2,1,1,0,1,1,1],1,1].
[[1,6,1,1,2,1,1,2,1],2,0].
[[2,6,1,1,1,1,1,2,1],3,1].
[[3,9,2,1,2,0,2,2,1],0,6].
[[2,3,2,1,2,0,0,0,0],6,0].
[[3,6,0,1,1,1,2,1,0],0,1].
[[2,5,0,1,2,0,1,2,1],1,2].
[[3,6,1,1,2,1,0,0,0],3,3].
[[3,6,1,1,1,1,1,1,1],4,2].
[[3,6,0,0,0,0,1,1,1],0,2].
[[2,3,2,0,0,0,1,2,1],3,0].
[[3,3,2,0,0,0,1,1,1],4,0].
[[1,7,2,1,2,0,1,2,1],2,1].
[[3,3,2,0,0,0,0,0,0],15,0].
[[2,6,1,1,2,0,1,1,1],1,0].
[[2,7,2,1,1,1,2,2,0],1,0].
[[3,7,2,1,1,1,2,2,0],4,1].
[[2,9,1,1,1,0,2,3,1],1,2].
[[3,2,1,1,2,1,2,2,0],1,0].
[[2,6,1,1,1,1,0,0,0],4,0].
[[3,2,1,0,0,0,1,2,1],1,0].
[[2,7,1,1,1,1,2,3,0],4,1].
[[3,3,2,1,2,0,2,2,1],7,0].
[[2,7,1,1,2,1,1,1,0],2,1].
[[3,3,1,1,2,0,2,1,0],3,0].
[[3,4,0,1,2,0,1,2,0],0,3].
[[2,6,1,1,1,1,2,2,0],2,0].
[[2,5,0,1,1,1,1,2,1],3,0].
[[1,5,0,1,2,0,2,3,0],1,0].
[[2,5,0,1,2,0,2,3,0],1,0].
[[3,8,0,1,1,0,2,1,0],0,7].
[[2,7,0,1,2,1,1,2,0],3,0].
[[2,7,2,1,1,0,2,3,1],7,3].
[[1,5,0,1,2,0,2,1,0],2,0].
[[3,5,0,1,1,0,2,2,0],1,0].
[[3,9,1,1,1,0,2,3,0],1,8].
[[3,1,1,1,2,0,1,2,0],1,0].
[[3,5,0,0,0,0,2,2,0],5,0].
[[2,7,1,1,2,0,1,2,0],2,1].
[[3,7,0,1,2,0,1,1,0],1,0].
[[2,9,1,1,1,0,2,2,1],0,3].
[[2,4,1,1,2,0,0,0,0],2,0].
[[2,6,1,1,2,0,2,1,0],2,0].
[[3,3,2,1,1,0,1,2,1],3,0].
[[2,7,0,0,0,0,2,1,0],6,0].
[[2,7,0,1,2,1,2,1,0],2,1].
[[3,9,2,1,2,0,2,1,1],0,1].
[[2,3,2,1,2,1,2,3,1],9,0].
[[2,3,1,0,0,0,2,3,1],8,2].
[[1,7,1,1,2,1,2,3,0],2,1].
[[3,6,0,0,0,0,2,1,0],2,4].
[[3,6,0,1,2,0,2,2,1],5,1].
[[2,5,0,1,1,0,1,1,1],2,1].
[[3,7,0,1,2,0,1,2,0],5,1].
[[1,7,2,1,2,1,2,1,1],5,0].
[[3,3,2,1,2,0,2,1,1],2,0].
[[1,7,1,1,2,1,2,1,1],2,0].
[[2,9,2,1,1,0,0,0,0],0,5].
[[3,3,2,1,1,1,2,1,1],3,0].
[[2,6,0,1,2,1,1,2,0],1,0].
[[3,9,2,1,2,0,2,3,1],0,4].
[[3,7,2,1,1,1,2,3,0],6,0].
[[3,2,1,1,2,1,1,2,1],2,0].
[[2,5,0,1,1,1,2,1,0],2,0].
[[3,3,2,1,2,0,1,1,1],1,0].
[[3,9,1,1,1,0,2,1,1],0,3].
[[3,7,1,1,1,0,2,1,0],1,3].
[[3,2,0,0,0,0,2,3,0],1,0].
[[3,8,1,0,0,0,0,0,0],0,3].
[[2,3,2,1,2,0,1,2,1],1,0].
[[2,6,1,1,1,1,2,1,1],2,0].
[[2,8,0,1,1,1,1,1,0],3,3].
[[3,7,0,1,1,1,1,1,0],3,1].
[[3,7,2,0,0,0,2,2,0],5,0].
[[2,7,2,1,1,0,0,0,0],3,4].
[[3,3,1,1,2,0,1,1,1],2,0].
[[3,6,0,1,1,1,1,1,0],2,0].
[[2,2,1,0,0,0,2,3,1],1,0].
[[3,2,0,1,2,1,2,3,1],4,0].
[[3,2,0,1,2,1,2,2,1],1,0].
[[2,9,1,1,1,0,2,1,0],0,1].
[[1,6,0,0,0,0,2,2,0],1,1].
[[2,2,0,0,0,0,2,3,1],1,0].
[[3,9,2,1,1,0,0,0,0],0,4].
[[2,5,0,1,2,1,2,2,0],1,0].
[[2,3,2,1,2,1,2,2,1],2,0].
[[3,3,1,1,2,1,1,2,0],1,0].
[[3,3,0,1,2,1,2,3,0],0,1].
[[2,7,2,1,1,1,1,1,1],1,1].
[[2,3,2,1,2,1,1,2,1],4,0].
[[3,6,1,1,1,0,2,2,1],2,0].
[[2,6,1,1,1,1,2,1,0],1,0].
[[2,9,1,1,2,0,0,0,0],0,2].
[[2,6,1,1,2,1,1,2,0],2,0].
[[2,2,0,0,0,0,0,0,0],3,0].
[[3,2,0,0,0,0,2,2,0],1,0].
[[2,5,0,1,1,0,2,3,0],1,0].
[[3,7,2,1,1,0,2,3,0],1,1].
[[1,5,0,1,2,1,2,3,0],3,0].
[[3,6,0,1,1,1,2,3,0],4,3].
[[3,2,1,1,2,1,2,2,1],1,0].
[[2,7,2,0,0,0,2,1,0],1,0].
[[3,3,2,1,2,1,2,1,0],1,0].
[[3,3,2,0,0,0,1,2,0],1,0].
[[2,7,2,1,1,1,2,1,1],1,0].
[[2,7,0,1,2,1,2,1,1],2,1].
[[3,6,0,1,1,1,1,2,1],0,4].
[[2,6,1,1,2,0,1,2,0],1,0].
[[3,6,1,1,1,1,2,1,0],2,0].
[[2,8,1,1,1,0,0,0,0],0,2].
[[1,7,2,1,2,0,2,2,1],2,1].
[[3,9,2,1,1,0,2,1,1],0,3].
[[3,5,0,1,2,0,2,2,0],1,0].
[[3,2,0,1,2,1,0,0,0],3,0].
[[3,2,1,1,2,1,2,1,0],1,0].
[[3,6,0,1,2,0,2,2,0],2,3].
[[1,7,2,1,2,1,2,3,0],3,0].
[[3,9,2,1,1,0,2,1,0],0,4].
[[3,9,2,1,1,1,2,1,1],0,1].
[[3,3,1,1,1,1,2,1,1],2,0].
[[3,2,1,1,1,1,1,2,0],1,0].
[[2,5,0,1,1,1,1,2,0],4,0].
[[2,5,0,1,2,0,2,2,0],1,0].
[[2,2,1,0,0,0,2,2,0],1,0].
[[3,2,1,1,2,0,1,2,0],1,0].
[[2,8,1,1,1,0,1,1,0],0,1].
[[2,3,1,1,2,1,2,2,1],2,0].
[[2,3,2,1,2,0,2,2,1],1,0].
[[3,3,2,1,1,0,2,2,1],2,0].
[[3,4,0,1,2,0,2,2,0],0,1].
[[3,9,2,1,1,0,2,2,1],0,1].
[[3,2,1,0,0,0,0,0,0],1,0].
[[3,6,0,1,2,0,2,1,1],1,0].
[[3,7,2,1,1,0,2,1,0],1,0].
[[1,6,1,1,2,1,2,1,0],3,0].
[[3,3,1,1,2,1,1,1,0],1,0].
[[1,5,0,1,2,1,1,2,0],3,0].
[[3,8,0,1,1,0,2,1,1],0,2].
[[3,3,1,1,2,0,1,1,0],1,0].
[[1,3,2,0,0,0,2,2,1],1,0].
[[1,2,1,0,0,0,0,0,0],1,0].
[[2,2,1,1,2,1,0,0,0],1,0].
[[2,9,1,1,1,1,0,0,0],1,0].
[[3,3,1,0,0,0,2,2,0],2,0].
[[3,3,1,0,0,0,1,1,1],2,0].
[[2,2,1,1,2,1,1,2,1],1,0].
[[3,6,1,1,1,1,2,1,1],4,0].
[[2,9,1,1,1,0,2,3,0],0,2].
[[2,7,2,0,0,0,1,1,0],1,1].
[[3,7,2,1,2,0,1,1,0],2,1].
[[2,7,2,1,1,0,2,1,1],1,0].
[[2,6,0,0,0,0,2,1,1],2,0].
[[2,3,1,1,2,1,2,1,0],1,0].
[[3,7,2,1,1,0,2,1,1],3,1].
[[2,7,2,1,2,1,1,1,0],2,0].
[[3,6,0,1,2,0,2,1,0],0,1].
[[3,3,1,0,0,0,2,1,0],1,0].
[[2,7,2,1,2,0,1,2,0],1,0].
[[3,3,1,1,2,0,2,1,1],2,0].
[[2,9,1,1,1,0,1,2,1],0,2].
[[3,7,2,1,1,0,1,2,0],1,0].
[[3,3,2,1,1,0,2,1,1],1,0].
[[3,6,1,1,1,0,2,1,0],1,0].
[[3,2,1,1,2,0,2,3,1],1,0].
[[2,8,1,1,1,0,1,1,1],0,1].
[[1,5,0,1,2,0,1,2,0],1,0].
[[3,7,2,1,2,1,2,1,0],1,0].
[[2,3,1,0,0,0,1,2,1],1,0].
[[2,6,1,1,1,1,2,2,1],1,0].
[[3,9,1,1,2,0,0,0,0],0,1].
[[3,3,0,1,2,1,2,1,1],0,1].
[[3,3,0,1,2,1,2,3,1],0,1].
[[1,5,0,0,0,0,1,1,0],1,0].
[[3,3,2,1,1,1,2,2,0],1,0].
[[3,6,0,1,2,0,1,1,1],0,1].
[[3,3,0,1,2,1,0,0,0],0,1].
[[3,9,1,1,1,1,0,0,0],0,1].
[[2,6,0,0,0,0,1,2,0],1,0].
[[3,3,2,1,2,1,2,3,0],1,0].
